node, assignment, time2inf_trt
0,ne_ni,88.03015092366756
1,ne_ni,119.72487230835338
2,ne_ni,79.41183714263383
3,ne_ni,86.85272312265684
4,ne_ni,109.39186172500007
5,ne_ni,107.06976553147895
6,ne_ni,61.432956288892385
7,ne_ni,1000
8,e,1000
9,ne_ni,112.7196299577255
10,ne_ni,120.69923732939488
11,ne_ni,71.30404562841392
12,ne_ni,75.61933017503328
13,ne_ni,1000
14,ne_ni,1000
15,ne_ni,1000
16,ne_ni,132.7288747605094
17,ne_ni,96.25465145250122
18,ne_ni,97.12517517676731
19,ne_ni,79.51868766490374
20,ne_ni,89.39125366958385
21,ne_ni,83.46040046925366
22,ne_ni,112.09430192464437
23,ne_ni,113.65367661191812
24,ne_ni,65.32420052666599
25,ne_ni,1000
26,ne_ni,124.78598594408756
27,ne_ni,139.77455550401197
28,ne_ni,99.759228850713
29,ne_ni,72.14910893439121
30,ne_ni,93.90231125152062
31,ne_ni,60.05925850673728
32,ne_ni,93.19459873498167
33,ne_ni,84.62039000141053
34,e,1000
35,ne_ni,144.7984048814347
36,ne_ni,83.27478666676814
37,ne_ni,65.61390327083637
38,ne_ni,87.86037099746078
39,ne_ni,91.44426502706011
40,ne_ni,1000
41,ne_ni,48.77498708209184
42,ne_ni,81.45646083752763
43,ne_ni,87.71157179671559
44,ne_ni,72.87463966458672
45,ne_ni,1000
46,ne_ni,97.82103650941103
47,ne_ni,96.92169548960354
48,ne_ni,1000
49,ne_ni,94.62335874743272
50,ne_ni,57.78981787440812
51,ne_ni,101.67653810195854
52,ne_ni,124.47088258420527
53,ne_ni,97.48502590948813
54,ne_ni,90.30909729585511
55,ne_ni,90.82878765207668
56,e,1000
57,ne_ni,134.61121941807139
58,ne_ni,112.46809410990504
59,ne_ni,1000
60,ne_ni,76.49487829071396
61,ne_ni,114.22789272277367
62,ne_ni,87.76323272084606
63,ne_ni,55.8299623500654
64,ne_ni,1000
65,ne_ni,96.55239640208741
66,ne_ni,122.67968944634248
67,ne_ni,137.83125419787834
68,ne_ni,84.81605544755267
69,ne_ni,129.27866167909332
70,ne_ni,70.12957757374897
71,ne_ni,98.48365594866208
72,ne_ni,56.830337582894515
73,ne_ni,80.33676948038152
74,ne_ni,94.56401293738747
75,ne_ni,77.24791557037004
76,ne_ni,101.11362778893779
77,ne_ni,6.055960020197885
78,ne_ni,142.5347760543571
79,ne_ni,1000
80,ne_ni,1000
81,ne_ni,108.5373442400426
82,ne_ni,90.34393130265325
83,ne_ni,1000
84,ne_ni,110.7486868643914
85,ne_ni,50.71483808785991
86,ne_ni,104.20157062958349
87,ne_ni,25.612032947627913
88,ne_ni,97.76415572858737
89,ne_ni,1000
90,ne_ni,1000
91,e,1000
92,ne_ni,72.28446009196263
93,ne_ni,56.65582884450492
94,ne_ni,120.82219614579265
95,ne_ni,123.9061637618555
96,ne_ni,1000
97,ne_ni,115.35193850395339
98,ne_ni,67.24585196731545
99,ne_ni,90.6528410099138
100,ne_ni,1000
101,ne_ni,90.52701849303399
102,ne_ni,139.14274061815703
103,ne_ni,59.021502359453606
104,ne_ni,112.50707320564007
105,ne_ni,1000
106,ne_ni,64.94238418960525
107,ne_ni,1000
108,ne_ni,1000
109,ne_ni,83.94122843131996
110,ne_ni,98.43024107274772
111,ne_ni,118.37435570433765
112,ne_ni,96.72221498460256
113,ne_ni,93.65577361902307
114,ne_ni,89.44453152518582
115,ne_ni,1000
116,ne_ni,75.03511703137296
117,ne_ni,124.95748404611089
118,ne_ni,98.34346857722325
119,ne_ni,128.4086939853366
120,ne_ni,1000
121,ne_ni,67.88016208291457
122,ne_ni,1000
123,ne_ni,1000
124,e,1000
125,ne_ni,99.77073091162356
126,ne_ni,73.35918375181375
127,ne_ni,92.25001313890525
128,ne_ni,138.36129646704873
129,ne_ni,1000
130,ne_ni,83.05001925889867
131,ne_ni,78.18085718351041
132,ne_ni,114.93537991821594
133,ne_ni,148.45894404715958
134,ne_ni,89.66305329905623
135,ne_ni,1000
136,ne_ni,1000
137,ne_ni,98.30870296409373
138,ne_ni,115.79169877234564
139,ne_ni,91.40308722468738
140,ne_ni,131.4887754056326
141,ne_ni,100.93130210588946
142,ne_ni,49.59595303132902
143,ne_ni,70.46748944511997
144,ne_ni,56.680420032995116
145,ne_ni,88.62404425982665
146,ne_ni,1000
147,ne_ni,101.42300483943862
148,ne_ni,1000
149,ne_ni,84.05233423907136
150,ne_ni,1000
151,ne_ni,1000
152,ne_ni,59.504612239485226
153,ne_ni,61.39106210325696
154,ne_ni,1000
155,ne_ni,97.75084662143489
156,ne_ni,84.23213876311058
157,ne_ni,60.11302819962598
158,ne_ni,104.70082274939952
159,e,1000
160,ne_ni,70.27721171263973
161,ne_ni,126.5613280541448
162,ne_ni,34.39157545675616
163,ne_ni,1000
164,ne_ni,96.80660513175197
165,ne_ni,1000
166,ne_ni,104.14086888066501
167,e,1000
168,ne_ni,74.50535516778436
169,ne_ni,62.9590252778088
170,ne_ni,94.8346962913346
171,e,1000
172,ne_ni,1000
173,ne_ni,105.72814110340748
174,ne_ni,100.68951676483839
175,ne_ni,1000
176,ne_ni,1000
177,ne_ni,1000
178,ne_ni,81.05165112002749
179,ne_ni,1000
180,ne_ni,1000
181,ne_ni,58.384834866244844
182,ne_ni,110.03219969070946
183,ne_ni,85.2607149975643
184,ne_ni,109.65640530192178
185,ne_ni,1000
186,ne_ni,61.30362524133461
187,ne_ni,64.63711399636647
188,ne_ni,81.60402138097376
189,ne_ni,104.3855207656397
190,ne_ni,79.28522182408763
191,ne_ni,68.84483526941452
192,ne_ni,1000
193,ne_ni,60.603555247842834
194,ne_ni,1000
195,ne_ni,68.4053217035271
196,ne_ni,73.25732488165855
197,ne_ni,78.3154381206061
198,ne_ni,44.78600177540297
199,ne_ni,135.93326398285413
200,ne_ni,74.00746463764807
201,ne_ni,117.8794518115692
202,ne_ni,108.45576531849042
203,e,1000
204,ne_ni,109.16349525290948
205,ne_ni,66.79189472003729
206,ne_ni,105.24597739957662
207,ne_ni,86.11871655240178
208,ne_ni,64.10143685968889
209,ne_ni,96.15120633187082
210,ne_ni,37.461799333429205
211,ne_ni,104.93254342438
212,ne_ni,63.80626421990566
213,e,1000
214,ne_ni,1000
215,e,1000
216,ne_ni,73.16316612577307
217,ne_ni,63.35473848730718
218,ne_ni,102.66220686990835
219,ne_ni,83.65769150957387
220,e,1000
221,ne_ni,126.92533473301947
222,ne_ni,64.08270043531805
223,ne_ni,95.20003089635671
224,ne_ni,1000
225,ne_ni,117.37467689628727
226,ne_ni,41.812461274656826
227,ne_ni,91.7197528550187
228,ne_ni,116.16493640279988
229,ne_ni,1000
230,ne_ni,113.7393442506187
231,ne_ni,72.42781822174209
232,ne_ni,51.928146717103104
233,ne_ni,1000
234,ne_ni,110.83319313867014
235,ne_ni,122.04356986565824
236,ne_ni,68.12288501416148
237,ne_ni,113.86038938213441
238,ne_ni,96.3325042403322
239,ne_ni,95.5486195344986
240,ne_ni,1000
241,e,1000
242,ne_ni,64.72444683067258
243,ne_ni,111.59905928667521
244,ne_ni,97.30293864173315
245,ne_ni,64.04594275797757
246,ne_ni,91.17654778534433
247,ne_ni,91.10589253771802
248,ne_ni,1000
249,ne_ni,1000
250,ne_ni,44.86015965319677
251,e,1000
252,ne_ni,89.77682309236978
253,ne_ni,1000
254,e,1000
255,ne_ni,1000
256,ne_ni,112.49219079889552
257,ne_ni,95.2255788597519
258,ne_ni,63.66532874536892
259,ne_ni,67.18025989273008
260,ne_ni,1000
261,ne_ni,60.789918133259356
262,ne_ni,1000
263,ne_ni,63.48934836062597
264,ne_ni,108.11112601116685
265,ne_ni,92.3003714552926
266,ne_ni,87.28051881049062
267,e,1000
268,ne_ni,77.56219034230756
269,ne_ni,85.88649888702531
270,ne_ni,121.70708673221607
271,ne_ni,112.47800836776901
272,ne_ni,1000
273,ne_ni,102.83893681431874
274,ne_ni,99.24507391383804
275,ne_ni,137.6760038127734
276,ne_ni,56.65665719578013
277,ne_ni,137.39107158596906
278,ne_ni,118.39414648981176
279,ne_ni,85.30275582989466
280,ne_ni,68.431686893371
281,ne_ni,1000
282,e,1000
283,ne_ni,111.5601621444785
284,ne_ni,65.31234754466487
285,ne_ni,1000
286,ne_ni,75.44703919138433
287,ne_ni,80.24062629098198
288,ne_ni,76.56720758347389
289,ne_ni,66.95646974588828
290,ne_ni,61.427743226039595
291,e,1000
292,ne_ni,1000
293,ne_ni,25.534483618535898
294,ne_ni,136.07858312119535
295,ne_ni,1000
296,ne_ni,130.71415528889514
297,ne_ni,62.6988960803288
298,ne_ni,103.74601403063583
299,ne_ni,104.99517633400184
300,ne_ni,1000
301,ne_ni,71.9802425110598
302,ne_ni,112.95575702745437
303,ne_ni,105.08359253537493
304,ne_ni,86.49839131082659
305,ne_ni,97.67199431742213
306,ne_ni,37.44405361688113
307,ne_ni,66.01780444511041
308,ne_ni,1000
309,ne_ni,76.59370035358695
310,ne_ni,1000
311,ne_ni,120.3784878779378
312,ne_ni,84.9097517473902
313,ne_ni,60.97798835550588
314,ne_ni,93.30543344347265
315,ne_ni,78.95832598802632
316,ne_ni,1000
317,ne_ni,81.1625611206763
318,ne_ni,1000
319,ne_ni,1000
320,ne_ni,1000
321,ne_ni,1000
322,ne_ni,76.51600096508096
323,ne_ni,104.93968198976778
324,ne_ni,49.218138221014975
325,ne_ni,73.66495537569281
326,ne_ni,1000
327,ne_ni,80.56135009317724
328,ne_ni,1000
329,ne_ni,79.11242230040214
330,ne_ni,1000
331,ne_ni,89.50927456095654
332,ne_ni,112.99375631525939
333,ne_ni,1000
334,e,1000
335,ne_ni,93.27121339018689
336,ne_ni,37.406269825745945
337,ne_ni,56.87918775188861
338,ne_ni,68.9613415570939
339,ne_ni,76.14460120419199
340,ne_ni,122.44663648990948
341,ne_ni,82.72841277465614
342,ne_ni,1000
343,ne_ni,79.80700748791776
344,ne_ni,62.162451196289574
345,ne_ni,67.93069814122477
346,ne_ni,69.23257957052894
347,ne_ni,126.56687246123595
348,ne_ni,74.12489341678436
349,ne_ni,1000
350,ne_ni,1000
351,ne_ni,110.71680042556518
352,ne_ni,1000
353,ne_ni,89.30439206444505
354,e,1000
355,ne_ni,69.50134723546024
356,ne_ni,131.60688025488304
357,ne_ni,68.68276220387433
358,ne_ni,100.34088193265934
359,ne_ni,1000
360,ne_ni,111.46042324730497
361,ne_ni,96.60138999020853
362,ne_ni,1000
363,ne_ni,136.08958040284008
364,ne_ni,104.07200744326018
365,ne_ni,87.29116451209637
366,ne_ni,1000
367,ne_ni,73.65450921311567
368,ne_ni,46.187616173673824
369,ne_ni,1000
370,ne_ni,1000
371,ne_ni,1000
372,ne_ni,1000
373,ne_ni,1000
374,ne_ni,113.71048419752555
375,ne_ni,1000
376,ne_ni,110.64597424039637
377,ne_ni,1000
378,e,1000
379,ne_ni,112.15730742127819
380,ne_ni,94.25656570218267
381,e,1000
382,ne_ni,63.191298603775216
383,ne_ni,1000
384,ne_ni,1000
385,ne_ni,86.59309269226307
386,ne_ni,103.65753321787973
387,ne_ni,1000
388,e,1000
389,ne_ni,1000
390,ne_ni,91.5752861925215
391,ne_ni,105.70983079696214
392,ne_ni,87.21568663645377
393,ne_ni,109.80474596385262
394,ne_ni,121.6602488908213
395,ne_ni,14.085899182951438
396,e,1000
397,ne_ni,79.26132373682093
398,ne_ni,61.20127242877471
399,ne_ni,49.50227948848652
400,ne_ni,80.12484614321691
401,ne_ni,101.30087447625333
402,ne_ni,130.05093965076466
403,ne_ni,108.40931917962592
404,ne_ni,1000
405,ne_ni,139.07135852129034
406,ne_ni,130.2014251340772
407,ne_ni,106.20095154998701
408,ne_ni,62.95101630932709
409,ne_ni,106.71638412060776
410,ne_ni,91.05101170400306
411,ne_ni,50.70428009813681
412,ne_ni,59.37054656814473
413,ne_ni,115.64783829754556
414,ne_ni,82.66547462211858
415,ne_ni,60.26634292418501
416,ne_ni,1000
417,ne_ni,103.48585532783696
418,ne_ni,81.76987191334419
419,ne_ni,82.00962544786432
420,ne_ni,0
421,ne_ni,87.78370348615061
422,ne_ni,117.04984263318713
423,ne_ni,1000
424,ne_ni,105.89932558539587
425,ne_ni,67.61982962986038
426,ne_ni,85.12042492938295
427,ne_ni,104.3709668433129
428,ne_ni,1000
429,ne_ni,83.27691305812785
430,ne_ni,74.9127673109026
431,ne_ni,1000
432,ne_ni,101.70642224520039
433,ne_ni,82.7439163789621
434,ne_ni,89.93883997141225
435,ne_ni,53.989599481720994
436,ne_ni,1000
437,ne_ni,1000
438,ne_ni,81.85940499016863
439,ne_ni,1000
440,ne_ni,123.56224426593765
441,ne_ni,1000
442,ne_ni,70.67942912297538
443,ne_ni,102.86143815075249
444,ne_ni,1000
445,ne_ni,70.13918049164832
446,ne_ni,30.58580223050266
447,ne_ni,83.2072321665761
448,ne_ni,104.84462799460945
449,ne_ni,101.02097103663854
450,ne_ni,1000
451,ne_ni,124.0540829075667
452,e,1000
453,ne_ni,85.1695788438224
454,ne_ni,1000
455,ne_ni,109.28355142677816
456,ne_ni,99.13553379459228
457,ne_ni,41.14234747761323
458,ne_ni,108.50898247627477
459,ne_ni,80.96198657632083
460,ne_ni,1000
461,ne_ni,1000
462,ne_ni,123.31733995255803
463,ne_ni,100.68407851471724
464,ne_ni,1000
465,ne_ni,59.08734896440205
466,ne_ni,111.87134003850976
467,ne_ni,57.787157315926024
468,ne_ni,66.3143999675933
469,ne_ni,62.751264986261816
470,ne_ni,1000
471,ne_ni,69.80832803518341
472,e,1000
473,ne_ni,92.60383177971504
474,ne_ni,1000
475,ne_ni,87.37785106784366
476,ne_ni,93.32619666605069
477,ne_ni,59.84604415939619
478,ne_ni,76.63564743465628
479,ne_ni,1000
480,ne_ni,111.94481669040765
481,ne_ni,74.58941724521405
482,ne_ni,99.39514362170137
483,ne_ni,95.0121068698478
484,ne_ni,6.026945998416239
485,ne_ni,1000
486,ne_ni,66.73885979636607
487,ne_ni,91.68989420272585
488,ne_ni,115.33732969504727
489,ne_ni,81.91332525973394
490,ne_ni,73.18843937182186
491,ne_ni,76.118109322255
492,ne_ni,1000
493,ne_ni,108.84944876906022
494,ne_ni,98.5904295127797
495,e,1000
496,e,1000
497,e,1000
498,ne_ni,1000
499,ne_ni,87.79729158585306
500,ne_ni,1000
501,ne_ni,74.69394370792136
502,ne_ni,86.48255098976009
503,ne_ni,80.50506962323381
504,ne_ni,104.88508191204215
505,ne_ni,89.73317544211893
506,ne_ni,65.39934501582418
507,ne_ni,91.13112271658893
508,ne_ni,88.50449210512205
509,ne_ni,131.31448906552
510,ne_ni,1000
511,ne_ni,97.49336245723427
512,ne_ni,81.98640678459103
513,ne_ni,47.5047708472862
514,ne_ni,111.37586878417697
515,ne_ni,116.72245195208819
516,ne_ni,58.17747229479918
517,ne_ni,1000
518,ne_ni,80.8462969008461
519,ne_ni,1000
520,ne_ni,1000
521,ne_ni,1000
522,ne_ni,1000
523,ne_ni,131.7407961590169
524,ne_ni,68.12295531746283
525,ne_ni,55.8365325343549
526,ne_ni,131.57233730115306
527,ne_ni,71.2761317975778
528,ne_ni,70.44091704524874
529,ne_ni,100.96552519888243
530,ne_ni,82.70902446771066
531,ne_ni,127.83011421363724
532,ne_ni,86.30953612359768
533,ne_ni,69.58807721823067
534,ne_ni,70.32688166969574
535,ne_ni,60.37274811616357
536,e,1000
537,ne_ni,91.1374043447909
538,ne_ni,40.44867033154183
539,ne_ni,1000
540,ne_ni,87.23013420134461
541,ne_ni,149.78661589245365
542,ne_ni,114.58874200113054
543,ne_ni,110.99044481802997
544,ne_ni,1000
545,ne_ni,88.92758971615069
546,ne_ni,81.6324679934436
547,ne_ni,41.81133434001021
548,ne_ni,86.19888843094225
549,ne_ni,87.66089953439662
550,ne_ni,1000
551,ne_ni,1000
552,ne_ni,101.79095661054828
553,ne_ni,35.241256795197344
554,ne_ni,1000
555,ne_ni,1000
556,ne_ni,81.89192729358571
557,ne_ni,86.92880699931482
558,ne_ni,87.7820221870432
559,ne_ni,132.09031895363512
560,ne_ni,94.73651945501102
561,ne_ni,83.37323903824947
562,e,1000
563,ne_ni,71.68085888140972
564,ne_ni,1000
565,ne_ni,41.88816013497638
566,ne_ni,1000
567,ne_ni,58.47732908055972
568,ne_ni,1000
569,ne_ni,83.76094317674215
570,ne_ni,93.19804990267589
571,ne_ni,83.5797787005083
572,ne_ni,1000
573,ne_ni,136.44305172072345
574,ne_ni,63.87219991959453
575,ne_ni,91.36341160538886
576,ne_ni,97.31278235999615
577,ne_ni,46.71958383713631
578,ne_ni,1000
579,ne_ni,1000
580,ne_ni,1000
581,ne_ni,108.96508331749091
582,ne_ni,91.77656005883942
583,ne_ni,51.906335815578316
584,e,1000
585,ne_ni,110.72122676407572
586,ne_ni,75.99260837419065
587,ne_ni,50.479033472210574
588,ne_ni,69.98200286521563
589,ne_ni,82.98630793091898
590,ne_ni,1000
591,ne_ni,92.07646124614844
592,ne_ni,126.82420788216918
593,ne_ni,103.71889678985032
594,ne_ni,1000
595,ne_ni,146.25433213170297
596,e,1000
597,ne_ni,125.03178846099738
598,ne_ni,1000
599,ne_ni,47.646819675501355
600,ne_ni,144.55583081071828
601,ne_ni,33.45570513937118
602,ne_ni,56.023650557651614
603,ne_ni,106.52975527432102
604,ne_ni,1000
605,ne_ni,93.77981398935385
606,ne_ni,95.50473514177135
607,ne_ni,71.92146956882026
608,ne_ni,1000
609,ne_ni,61.73238555000309
610,ne_ni,64.98150366264792
611,ne_ni,73.54387721976428
612,ne_ni,107.69309476256356
613,ne_ni,98.35940319163596
614,ne_ni,1000
615,ne_ni,109.71296397779935
616,ne_ni,51.69289044256197
617,ne_ni,54.08402012456994
618,ne_ni,106.22960736631693
619,ne_ni,62.978625298372755
620,ne_ni,69.12543614705619
621,ne_ni,1000
622,ne_ni,81.27234934697958
623,ne_ni,1000
624,ne_ni,75.06577028266521
625,ne_ni,70.09348701686444
626,ne_ni,83.04148144404726
627,ne_ni,1000
628,ne_ni,85.58647725269543
629,ne_ni,30.744389905127782
630,ne_ni,41.44078440857182
631,ne_ni,0
632,ne_ni,67.54440998231351
633,ne_ni,64.40825999264969
634,ne_ni,83.75160458362431
635,ne_ni,106.5176404689596
636,ne_ni,62.598492512500144
637,ne_ni,1000
638,ne_ni,136.98801700841219
639,ne_ni,1000
640,ne_ni,81.93536584187525
641,ne_ni,40.38831273459476
642,ne_ni,43.12887048451806
643,ne_ni,68.11313500065911
644,ne_ni,1000
645,ne_ni,41.11159928898681
646,ne_ni,75.26461794602913
647,ne_ni,67.9839402743703
648,ne_ni,103.46321525347363
649,ne_ni,137.4310515860536
650,ne_ni,68.76432042909046
651,ne_ni,1000
652,ne_ni,1000
653,ne_ni,1000
654,ne_ni,99.00136829582004
655,ne_ni,75.0945684888134
656,ne_ni,122.20668346452115
657,e,1000
658,e,1000
659,ne_ni,92.72572848248042
660,ne_ni,27.50070224598928
661,ne_ni,1000
662,ne_ni,91.46963758047143
663,ne_ni,92.84398904283438
664,ne_ni,65.91122736071503
665,e,1000
666,e,1000
667,ne_ni,76.54963793439529
668,ne_ni,1000
669,ne_ni,1000
670,ne_ni,1000
671,ne_ni,94.306115564701
672,ne_ni,77.5438382784726
673,ne_ni,69.58303075017218
674,ne_ni,62.8210606674802
675,ne_ni,1000
676,ne_ni,1000
677,ne_ni,52.61715203039026
678,ne_ni,1000
679,ne_ni,133.2662402172284
680,ne_ni,1000
681,e,1000
682,ne_ni,1000
683,ne_ni,87.17109130113309
684,ne_ni,1000
685,ne_ni,96.77551061176028
686,ne_ni,85.81171016941563
687,ne_ni,56.22089917493099
688,ne_ni,111.95510326970198
689,ne_ni,1000
690,ne_ni,97.56868713348608
691,ne_ni,1000
692,ne_ni,112.52029732410828
693,ne_ni,142.28477758146204
694,ne_ni,76.62589979542095
695,ne_ni,1000
696,ne_ni,1000
697,ne_ni,114.53578395569245
698,ne_ni,92.57592955877585
699,ne_ni,82.77346021255285
700,ne_ni,64.70605306608428
701,ne_ni,119.3676912127834
702,ne_ni,1000
703,ne_ni,118.67137438547373
704,ne_ni,63.62383075252076
705,ne_ni,66.59107027252765
706,ne_ni,1000
707,ne_ni,72.77513363395478
708,ne_ni,1000
709,ne_ni,51.00292118827557
710,ne_ni,132.12419617002064
711,ne_ni,90.42882148187522
712,e,1000
713,ne_ni,132.45914667094038
714,ne_ni,128.61681997454502
715,ne_ni,84.17975816880966
716,ne_ni,31.768393448175207
717,ne_ni,83.51926979902345
718,ne_ni,54.13662479580681
719,ne_ni,1000
720,e,1000
721,ne_ni,92.54988406861919
722,ne_ni,123.03792790393463
723,ne_ni,1000
724,ne_ni,1000
725,ne_ni,105.11454967085994
726,ne_ni,57.036377234740044
727,ne_ni,86.09316468091139
728,ne_ni,42.10965239616405
729,ne_ni,79.28308284220141
730,ne_ni,64.3131896792028
731,ne_ni,1000
732,ne_ni,85.54977332286768
733,ne_ni,1000
734,ne_ni,111.90457104175375
735,ne_ni,74.33532104801293
736,ne_ni,69.45492749312739
737,ne_ni,126.85996771734071
738,ne_ni,146.29600708794143
739,ne_ni,102.23858155085713
740,ne_ni,87.2744929527362
741,ne_ni,94.3403985776753
742,ne_ni,94.92592140514489
743,ne_ni,35.19616947198631
744,ne_ni,1000
745,ne_ni,1000
746,e,1000
747,ne_ni,1000
748,ne_ni,76.86702247427273
749,e,1000
750,ne_ni,92.84159499117406
751,ne_ni,55.947101061894365
752,ne_ni,66.37335695951244
753,ne_ni,1000
754,ne_ni,1000
755,ne_ni,88.68155287876596
756,ne_ni,108.84932119225918
757,ne_ni,1000
758,ne_ni,38.66628907699774
759,ne_ni,85.50589797592986
760,ne_ni,101.33441330868756
761,ne_ni,96.63286116693253
762,ne_ni,56.24916691605529
763,ne_ni,1000
764,ne_ni,90.61437325018271
765,e,1000
766,ne_ni,96.91536613518049
767,ne_ni,88.04723093467236
768,ne_ni,99.02852058962165
769,ne_ni,100.64675135468065
770,ne_ni,1000
771,ne_ni,70.81448708709365
772,ne_ni,76.01937625247596
773,ne_ni,100.73072019480101
774,ne_ni,81.31458914956428
775,ne_ni,111.59687725640613
776,ne_ni,1000
777,ne_ni,90.32800207617649
778,ne_ni,36.455225563256015
779,ne_ni,113.98025508575132
780,ne_ni,127.6806602470821
781,ne_ni,135.18740850055113
782,ne_ni,1000
783,ne_ni,107.71883306711423
784,ne_ni,1000
785,ne_ni,1000
786,ne_ni,141.68030631275224
787,e,1000
788,ne_ni,76.2870734847302
789,ne_ni,109.15516581730485
790,ne_ni,66.08029331902439
791,ne_ni,120.45865017261242
792,ne_ni,87.40519943355874
793,ne_ni,88.16084442343359
794,ne_ni,1000
795,ne_ni,116.65028707116144
796,ne_ni,58.68538457520089
797,ne_ni,1000
798,ne_ni,1000
799,e,1000
800,ne_ni,1000
801,ne_ni,98.13049294711786
802,ne_ni,8.588388019051642
803,ne_ni,94.98726552300433
804,ne_ni,58.358684702133885
805,ne_ni,128.06081001523756
806,ne_ni,80.75728804299033
807,ne_ni,99.86076687238817
808,ne_ni,62.56463652148263
809,ne_ni,143.06269782468956
810,ne_ni,101.34351442611133
811,ne_ni,96.69984343923393
812,ne_ni,46.898384078772345
813,ne_ni,80.85739076905566
814,ne_ni,114.94532609966065
815,ne_ni,1000
816,ne_ni,0
817,ne_ni,74.14383443432423
818,ne_ni,82.58221537515998
819,ne_ni,70.23602039623213
820,ne_ni,82.4050090384505
821,ne_ni,1000
822,ne_ni,97.87136233298479
823,ne_ni,119.69355378327106
824,ne_ni,83.3827479431024
825,ne_ni,80.03547259041231
826,ne_ni,1000
827,ne_ni,69.17373571634954
828,ne_ni,38.008796959582
829,ne_ni,35.44317181395684
830,ne_ni,110.81485809442799
831,ne_ni,120.6820287315828
832,ne_ni,46.8359213243068
833,ne_ni,25.080971233682998
834,ne_ni,1000
835,ne_ni,1000
836,ne_ni,113.71793586630798
837,ne_ni,1000
838,ne_ni,111.39787510032188
839,ne_ni,70.8370816274267
840,ne_ni,1000
841,ne_ni,49.610068661272834
842,ne_ni,36.1152929675509
843,ne_ni,60.03817514594929
844,ne_ni,132.73080722988158
845,ne_ni,71.66068040120255
846,ne_ni,102.95511329034315
847,ne_ni,1000
848,ne_ni,106.53221692276493
849,ne_ni,100.06202894078173
850,ne_ni,107.81750947628753
851,ne_ni,68.97169056442334
852,ne_ni,138.1062471175904
853,ne_ni,86.5972024219636
854,ne_ni,1000
855,ne_ni,85.17544247178296
856,ne_ni,91.78044056932858
857,ne_ni,1000
858,ne_ni,1000
859,ne_ni,112.72183064510784
860,ne_ni,83.13327965324585
861,ne_ni,97.48252192543247
862,ne_ni,64.67279242852263
863,ne_ni,8.867739519514393
864,ne_ni,1000
865,ne_ni,84.60128908654565
866,ne_ni,109.62472314304966
867,ne_ni,99.88586350372412
868,ne_ni,77.4249799689845
869,ne_ni,129.26899960025062
870,ne_ni,1000
871,ne_ni,105.25074015557252
872,ne_ni,72.30602556691552
873,ne_ni,116.21389477692942
874,ne_ni,57.61128244124999
875,ne_ni,90.65100334986347
876,ne_ni,1000
877,ne_ni,80.65512736793765
878,ne_ni,68.41962235334972
879,ne_ni,94.18138293186624
880,ne_ni,36.9787935382259
881,ne_ni,133.71680308757996
882,ne_ni,97.47139599453054
883,ne_ni,100.45432214233492
884,e,1000
885,ne_ni,53.147230234866136
886,ne_ni,100.7564665249334
887,ne_ni,1000
888,ne_ni,66.96399052156136
889,ne_ni,89.27575122021226
890,ne_ni,1000
891,ne_ni,60.34890431394336
892,ne_ni,119.01194790395496
893,ne_ni,136.89563840556858
894,ne_ni,1000
895,ne_ni,60.58218442021848
896,ne_ni,85.23146388594856
897,ne_ni,84.82376955673519
898,ne_ni,114.77238580146769
899,ne_ni,1000
900,ne_ni,81.87095229632365
901,ne_ni,94.6869933188058
902,ne_ni,101.12789847879546
903,ne_ni,124.03538210038585
904,ne_ni,73.27211017930767
905,ne_ni,54.922990964269076
906,ne_ni,90.61538334077576
907,ne_ni,79.15518042547306
908,ne_ni,103.9843668507393
909,ne_ni,81.24098800507394
910,ne_ni,126.37892979891414
911,ne_ni,85.03860758815323
912,ne_ni,1000
913,ne_ni,1000
914,ne_ni,95.34699913201764
915,ne_ni,99.71860402618731
916,ne_ni,83.18479685901656
917,ne_ni,78.53423799267476
918,ne_ni,53.4936301127878
919,ne_ni,96.7488772904336
920,ne_ni,91.86644470655905
921,e,1000
922,ne_ni,0
923,ne_ni,42.027799742879175
924,ne_ni,69.11799718849333
925,ne_ni,17.566383642134817
926,ne_ni,1000
927,ne_ni,63.85658751921809
928,ne_ni,23.027468906496814
929,ne_ni,99.72795014780058
930,ne_ni,1000
931,ne_ni,91.08459194618682
932,ne_ni,103.65811926115094
933,ne_ni,57.76938584295263
934,ne_ni,74.88638956394033
935,ne_ni,121.23384413138747
936,ne_ni,1000
937,ne_ni,51.26059716782153
938,ne_ni,127.68642201100681
939,ne_ni,77.35269519893549
940,ne_ni,1000
941,ne_ni,1000
942,ne_ni,109.8677805359611
943,ne_ni,92.52438775948747
944,ne_ni,120.91090416248042
945,ne_ni,67.49103642348689
946,ne_ni,92.04396306035588
947,ne_ni,89.58190324267206
948,ne_ni,71.28209876977765
949,ne_ni,58.317319482388946
950,ne_ni,105.65144849015947
951,ne_ni,72.86319821806882
952,ne_ni,87.72786185210722
953,ne_ni,103.3933782090501
954,ne_ni,1000
955,ne_ni,101.9380343579113
956,ne_ni,1000
957,ne_ni,1000
958,ne_ni,67.57296163099069
959,ne_ni,1000
960,ne_ni,67.66746996737183
961,ne_ni,1000
962,ne_ni,101.12420483969251
963,ne_ni,52.27976347648981
964,ne_ni,79.17586884163285
965,ne_ni,91.87454600525459
966,ne_ni,97.35661270813873
967,e,1000
968,ne_ni,74.3380251710365
969,ne_ni,91.87449482365913
970,ne_ni,46.11080382231725
971,e,1000
972,ne_ni,85.95947442322304
973,ne_ni,78.44339305341825
974,ne_ni,77.60827535085221
975,ne_ni,99.87325035064438
976,ne_ni,1000
977,ne_ni,73.05396599217659
978,e,1000
979,ne_ni,92.52755179152732
980,ne_ni,1000
981,ne_ni,61.54160865032155
982,ne_ni,102.38239125524258
983,ne_ni,77.52291696306202
984,ne_ni,1000
985,ne_ni,100.80075730421065
986,ne_ni,1000
987,ne_ni,52.781056974520475
988,ne_ni,1000
989,ne_ni,72.50440487223813
990,ne_ni,1000
991,ne_ni,134.3993091737917
992,ne_ni,76.78500664208502
993,ne_ni,116.7553343892206
994,ne_ni,1000
995,ne_ni,14.254218970193369
996,ne_ni,114.7625565597907
997,ne_ni,84.71654913699646
998,ne_ni,1000
999,ne_ni,65.92742866207236
