node, assignment, time2inf_trt, time2death_trt, time2inf_con, time2death_con
0,na,-1,0,-1,0
1,na,-1,0,-1,0
2,na,-1,0,-1,0
3,na,-1,0,-1,0
4,na,94.5624999474562,96.25623721355505,14.647475208639678,20.8253694817039
5,e,132.93352004488835,132.93352004488835,43.95315927464803,59.443401971941235
6,e,132.93352004488835,132.93352004488835,33.8020069341637,35.09226589232251
7,e,132.93352004488835,132.93352004488835,81.05041932407731,81.05041932407731
8,e,132.93352004488835,132.93352004488835,81.05041932407731,81.05041932407731
9,e,132.93352004488835,132.93352004488835,81.05041932407731,81.05041932407731
10,na,132.93352004488835,132.93352004488835,28.13808317427275,38.774302720248244
11,e,132.93352004488835,132.93352004488835,81.05041932407731,81.05041932407731
12,e,20.469515219421336,21.86711402042123,12.105460044515437,16.20502393883902
13,e,132.93352004488835,132.93352004488835,25.816860059413177,34.56641476570725
14,e,132.93352004488835,132.93352004488835,81.05041932407731,81.05041932407731
15,na,132.93352004488835,132.93352004488835,81.05041932407731,81.05041932407731
16,e,132.93352004488835,132.93352004488835,46.40265160998446,47.73233063546617
17,e,132.93352004488835,132.93352004488835,28.202935586844216,32.59571862251807
18,e,132.93352004488835,132.93352004488835,25.398635918941967,31.781097465905386
19,e,132.93352004488835,132.93352004488835,81.05041932407731,81.05041932407731
20,e,132.93352004488835,132.93352004488835,22.362930825582165,24.35138839933281
21,na,132.93352004488835,132.93352004488835,81.05041932407731,81.05041932407731
22,e,20.1308197703855,27.979752392685995,11.31731547333916,11.342304170426235
23,na,132.93352004488835,132.93352004488835,81.05041932407731,81.05041932407731
24,na,132.93352004488835,132.93352004488835,13.786690292337655,16.56160021651498
25,e,56.59623312898859,71.81886804981323,11.342583840557731,12.713094102459825
26,e,28.590651644737374,35.16538513464318,21.231999936113194,26.61459824286806
27,e,30.724697059955915,35.31390809127027,26.236508076081517,27.100354218160792
28,e,132.93352004488835,132.93352004488835,81.05041932407731,81.05041932407731
29,na,52.18770392123491,62.50014343651797,44.42898071475223,81.05041932407731
30,e,132.93352004488835,132.93352004488835,32.04867000247585,39.455992437198525
31,na,132.93352004488835,132.93352004488835,81.05041932407731,81.05041932407731
32,e,132.93352004488835,132.93352004488835,25.027552435470454,29.541963703129106
33,e,56.740763833300804,59.33806099270368,81.05041932407731,81.05041932407731
34,e,132.93352004488835,132.93352004488835,6.9439784140304965,16.32216781796269
35,e,132.93352004488835,132.93352004488835,25.617427244174426,37.4460675864979
36,e,132.93352004488835,132.93352004488835,26.81133217883842,35.71549756605802
37,na,21.19141760854367,23.512141096720004,32.22166756309484,36.76094519937799
38,e,18.323603729126592,18.46243645482701,29.698443667188407,32.49928887535825
39,e,43.194817384495906,43.28151889530906,81.05041932407731,81.05041932407731
40,e,132.93352004488835,132.93352004488835,9.347221383584207,81.05041932407731
41,e,132.93352004488835,132.93352004488835,33.593223231738406,37.14347343708286
42,e,132.93352004488835,132.93352004488835,34.687642492186775,58.4394102579621
43,na,132.93352004488835,132.93352004488835,81.05041932407731,81.05041932407731
44,e,132.93352004488835,132.93352004488835,81.05041932407731,81.05041932407731
45,e,132.93352004488835,132.93352004488835,17.594199485904504,19.42341671005519
46,e,132.93352004488835,132.93352004488835,29.675228265552082,40.101375079811596
47,e,132.93352004488835,132.93352004488835,81.05041932407731,81.05041932407731
48,na,132.93352004488835,132.93352004488835,81.05041932407731,81.05041932407731
49,e,69.36822990365246,71.06075963956334,81.05041932407731,81.05041932407731
50,e,132.93352004488835,132.93352004488835,26.776550019860952,30.74588853019247
51,e,17.14512740268324,18.5140698040223,81.05041932407731,81.05041932407731
52,na,0,2.481571448028115,0,3.6823967963863313
53,e,71.7694436692405,79.34570520500999,81.05041932407731,81.05041932407731
54,na,132.93352004488835,132.93352004488835,81.05041932407731,81.05041932407731
55,e,132.93352004488835,132.93352004488835,27.738827697961337,30.71452216835009
56,na,132.93352004488835,132.93352004488835,81.05041932407731,81.05041932407731
57,na,60.72879582298509,61.40953954547362,81.05041932407731,81.05041932407731
58,na,69.08365014477383,69.66407011031082,29.709918249347496,29.891240111770635
59,e,69.18203970044593,72.83103150618687,42.999692905042195,56.84833996152629
60,e,132.93352004488835,132.93352004488835,81.05041932407731,81.05041932407731
61,e,35.661876656837826,35.96530904709173,30.78682205868544,39.401935968943775
62,na,4.595630533475937,14.968911905919574,29.977534992380402,30.6112275604915
63,e,132.93352004488835,132.93352004488835,16.252071297689636,17.36697722432094
64,e,132.93352004488835,132.93352004488835,81.05041932407731,81.05041932407731
65,e,45.27940488011243,51.33756106829547,81.05041932407731,81.05041932407731
66,e,132.93352004488835,132.93352004488835,81.05041932407731,81.05041932407731
67,e,97.38259381411798,101.53242495964527,26.568478391639346,33.3258393771275
68,e,132.93352004488835,132.93352004488835,20.95229287619435,22.60898133225899
69,na,15.0114631375911,19.022683714212235,81.05041932407731,81.05041932407731
70,e,132.93352004488835,132.93352004488835,45.830360843204296,47.36483011816347
71,e,132.93352004488835,132.93352004488835,81.05041932407731,81.05041932407731
72,e,132.93352004488835,132.93352004488835,27.085788265822245,27.678739337534545
73,na,132.93352004488835,132.93352004488835,15.593677138394128,81.05041932407731
74,e,132.93352004488835,132.93352004488835,81.05041932407731,81.05041932407731
75,e,132.93352004488835,132.93352004488835,6.783407640713147,81.05041932407731
76,e,42.1357766713932,44.07405265559897,25.00258549705562,30.05886250326235
77,e,132.93352004488835,132.93352004488835,81.05041932407731,81.05041932407731
78,na,33.48340223302463,37.56934152326762,81.05041932407731,81.05041932407731
79,e,71.25995121034798,75.27661237230156,81.05041932407731,81.05041932407731
80,na,132.93352004488835,132.93352004488835,81.05041932407731,81.05041932407731
81,e,72.2265972886821,73.36535697767931,81.05041932407731,81.05041932407731
82,na,23.062856546679253,26.57054108000029,16.31279908431004,20.712163107524546
83,na,132.93352004488835,132.93352004488835,81.05041932407731,81.05041932407731
84,na,0.0875825397189439,5.267727723973647,12.28710467005208,13.493913693437328
85,e,132.93352004488835,132.93352004488835,81.05041932407731,81.05041932407731
86,e,132.93352004488835,132.93352004488835,81.05041932407731,81.05041932407731
87,e,69.87666812146072,70.59525873740829,81.05041932407731,81.05041932407731
88,na,49.976490298922975,50.73630792097094,18.61979203552684,20.91154345868828
89,e,132.93352004488835,132.93352004488835,32.34021458024138,34.828945143684166
90,na,7.503210910042142,8.781783537520042,12.58360059601636,17.004453455814016
91,e,66.58252671610366,70.16776978612883,81.05041932407731,81.05041932407731
92,e,132.93352004488835,132.93352004488835,28.302513859162445,35.83524900987311
93,e,50.6088741873298,52.95616563676561,21.435698840462802,26.033829017359917
94,na,0.5123485819147183,1.32683619101736,0.9815922477113972,4.7427371469979045
95,e,49.31955847111336,51.104447645485955,23.88669330866416,24.19976535329231
96,e,1.5035134946140236,5.8870488765664994,15.008206531068067,15.524603026715441
97,e,132.93352004488835,132.93352004488835,81.05041932407731,81.05041932407731
98,e,132.93352004488835,132.93352004488835,38.936846892056586,40.32581401388682
99,na,8.599840811352621,9.317114979068927,27.07344141429424,34.34772482426477
100,e,132.93352004488835,132.93352004488835,81.05041932407731,81.05041932407731
101,na,132.93352004488835,132.93352004488835,36.81098461036887,36.97865917704591
102,e,132.93352004488835,132.93352004488835,25.915817159805698,26.0295142708451
103,e,37.28596958221838,41.267798671899676,49.196577897270735,50.16147366329994
104,na,-1,0,-1,0
105,e,50.710172922185684,132.93352004488835,60.16384370750599,61.46662761992751
106,e,32.31802666456148,33.068011859626736,40.82838445581121,40.99205868366939
107,e,108.18662075108212,119.16321003351574,27.659331965048462,31.041534078404077
108,na,15.704365390522561,15.90909450075149,81.05041932407731,81.05041932407731
109,e,31.737658949989854,132.93352004488835,27.11612894566713,31.21739868300735
110,e,132.93352004488835,132.93352004488835,81.05041932407731,81.05041932407731
111,na,132.93352004488835,132.93352004488835,29.243722443259816,31.07219239671128
112,e,132.93352004488835,132.93352004488835,16.371479339975814,32.549585230432925
113,e,132.93352004488835,132.93352004488835,27.829915306658943,31.749308811413623
114,na,132.93352004488835,132.93352004488835,27.63528741781158,31.563991375461452
115,e,132.93352004488835,132.93352004488835,81.05041932407731,81.05041932407731
116,e,47.063717336891926,132.93352004488835,31.781176194878668,37.333334799095304
117,na,132.93352004488835,132.93352004488835,81.05041932407731,81.05041932407731
118,e,132.93352004488835,132.93352004488835,81.05041932407731,81.05041932407731
119,na,13.689843890163052,16.705964253098028,17.532495116562306,19.45084341621744
120,e,132.93352004488835,132.93352004488835,81.05041932407731,81.05041932407731
121,e,132.93352004488835,132.93352004488835,81.05041932407731,81.05041932407731
122,na,39.87910870873525,132.93352004488835,38.876697182585715,46.35806323745684
123,e,132.93352004488835,132.93352004488835,81.05041932407731,81.05041932407731
124,na,132.93352004488835,132.93352004488835,81.05041932407731,81.05041932407731
125,na,132.93352004488835,132.93352004488835,81.05041932407731,81.05041932407731
126,na,132.93352004488835,132.93352004488835,81.05041932407731,81.05041932407731
127,na,12.206905797215361,15.875308752944951,2.737532403978327,8.3847762890658
128,e,132.93352004488835,132.93352004488835,31.749533462424147,32.78655698576101
129,e,132.93352004488835,132.93352004488835,81.05041932407731,81.05041932407731
130,e,31.855921313206352,32.82015408289553,48.314346340976336,50.26808810812732
131,e,132.93352004488835,132.93352004488835,81.05041932407731,81.05041932407731
132,e,132.93352004488835,132.93352004488835,81.05041932407731,81.05041932407731
133,e,132.93352004488835,132.93352004488835,40.98828239684171,43.936217974542494
134,e,132.93352004488835,132.93352004488835,81.05041932407731,81.05041932407731
135,e,132.93352004488835,132.93352004488835,18.67829156910303,20.358332170961624
136,e,132.93352004488835,132.93352004488835,29.4571128939105,30.346342008544198
137,na,35.55497766455846,35.9024077004817,47.06491937278405,50.57998311156236
138,na,2.518232333759055,6.628644717210368,12.640881174974245,13.088727533847932
139,e,132.93352004488835,132.93352004488835,81.05041932407731,81.05041932407731
140,e,132.93352004488835,132.93352004488835,35.06826852165096,42.358588075938705
141,e,62.234680024907085,67.25571340368997,15.65221127192018,16.9026172323621
142,na,132.93352004488835,132.93352004488835,48.217092768614656,48.2577757661903
143,e,132.93352004488835,132.93352004488835,17.84526481881255,28.032793633178276
144,e,132.93352004488835,132.93352004488835,81.05041932407731,81.05041932407731
145,na,132.93352004488835,132.93352004488835,18.509326634505108,22.537664769496757
146,e,132.93352004488835,132.93352004488835,81.05041932407731,81.05041932407731
147,e,14.634231590218656,18.258379582262965,81.05041932407731,81.05041932407731
148,e,132.93352004488835,132.93352004488835,81.05041932407731,81.05041932407731
149,e,132.93352004488835,132.93352004488835,15.581475465728307,81.05041932407731
150,e,132.93352004488835,132.93352004488835,81.05041932407731,81.05041932407731
151,na,30.361236685985,30.894894131946103,40.12220829734429,81.05041932407731
152,e,132.93352004488835,132.93352004488835,38.16081475909844,48.24863780224244
153,e,132.93352004488835,132.93352004488835,81.05041932407731,81.05041932407731
154,e,132.93352004488835,132.93352004488835,81.05041932407731,81.05041932407731
155,na,132.93352004488835,132.93352004488835,81.05041932407731,81.05041932407731
156,na,132.93352004488835,132.93352004488835,29.084640490315337,40.32232650376068
157,e,132.93352004488835,132.93352004488835,29.19952440729165,30.127366888918555
158,e,132.93352004488835,132.93352004488835,35.331810660809644,44.62293485499474
159,e,132.93352004488835,132.93352004488835,18.76858929369289,32.541040276418336
160,na,132.93352004488835,132.93352004488835,81.05041932407731,81.05041932407731
161,e,132.93352004488835,132.93352004488835,13.034698142611271,24.422217131446477
162,na,132.93352004488835,132.93352004488835,81.05041932407731,81.05041932407731
163,e,132.93352004488835,132.93352004488835,81.05041932407731,81.05041932407731
164,e,132.93352004488835,132.93352004488835,81.05041932407731,81.05041932407731
165,e,56.19777221883284,63.390601059362865,25.5902198848614,27.289321018379773
166,e,132.93352004488835,132.93352004488835,26.852820019649908,43.343243086543545
167,e,132.93352004488835,132.93352004488835,81.05041932407731,81.05041932407731
168,e,33.60760746907705,34.401942505058955,34.98347138247928,36.31456237762083
169,e,132.93352004488835,132.93352004488835,43.27326466726904,46.110153926219006
170,e,132.93352004488835,132.93352004488835,44.78043346812756,47.63492622170161
171,e,132.93352004488835,132.93352004488835,11.799250247001437,14.62527630553358
172,e,132.93352004488835,132.93352004488835,26.56513516113083,27.233588404005857
173,e,132.93352004488835,132.93352004488835,81.05041932407731,81.05041932407731
174,e,132.93352004488835,132.93352004488835,32.61460752918466,45.23087207965558
175,e,37.244518504877306,38.966890744634924,47.131118278110065,48.88202007255435
176,e,132.93352004488835,132.93352004488835,81.05041932407731,81.05041932407731
177,e,97.46888541047049,102.95096630850563,36.28064050142235,40.47705525087071
178,e,132.93352004488835,132.93352004488835,25.309056809974088,25.7114009786528
179,e,132.93352004488835,132.93352004488835,34.473824448500864,36.66845917354418
180,e,132.93352004488835,132.93352004488835,13.707495765713482,23.891239495826728
181,e,132.93352004488835,132.93352004488835,18.995644266211904,22.272391639041533
182,e,132.93352004488835,132.93352004488835,81.05041932407731,81.05041932407731
183,na,73.51968864011563,74.38167746015336,26.190724352251298,28.39981164544469
184,na,24.99742724134195,25.24576492604558,17.893894474606153,27.87826545273718
185,e,132.93352004488835,132.93352004488835,21.685153296418495,26.94672480188458
186,e,132.93352004488835,132.93352004488835,18.390565910089506,81.05041932407731
187,na,21.862468458734973,27.33214104808504,26.07270184709044,29.07086750507687
188,e,132.93352004488835,132.93352004488835,17.390269123685698,18.921598089140385
189,e,132.93352004488835,132.93352004488835,19.902563869167437,32.665539116964936
190,e,132.93352004488835,132.93352004488835,81.05041932407731,81.05041932407731
191,e,132.93352004488835,132.93352004488835,81.05041932407731,81.05041932407731
192,e,132.93352004488835,132.93352004488835,47.4783349538441,47.48076277025593
193,na,132.93352004488835,132.93352004488835,11.124501302378038,12.092035228857622
194,e,132.93352004488835,132.93352004488835,17.35057476428159,21.38819078299752
195,e,132.93352004488835,132.93352004488835,81.05041932407731,81.05041932407731
196,na,44.644944275434725,44.70624947794193,81.05041932407731,81.05041932407731
197,e,132.93352004488835,132.93352004488835,81.05041932407731,81.05041932407731
198,na,60.340023193692794,66.57498164374272,24.24709798582799,27.087656421513728
199,e,36.04476202977122,40.13290042936549,81.05041932407731,81.05041932407731
200,e,32.581044476633046,36.16752308792304,38.62628958046721,45.02367277658059
201,na,132.93352004488835,132.93352004488835,17.758591875593922,21.304342576790127
202,e,132.93352004488835,132.93352004488835,81.05041932407731,81.05041932407731
203,na,132.93352004488835,132.93352004488835,33.6803759669418,42.67433160019559
204,e,132.93352004488835,132.93352004488835,81.05041932407731,81.05041932407731
205,e,132.93352004488835,132.93352004488835,34.39499995037459,34.716200058201025
206,e,46.144926287640686,53.28381424709081,23.93265842169013,25.783302627946767
207,na,132.93352004488835,132.93352004488835,73.98623715897725,74.3822988611659
208,e,132.93352004488835,132.93352004488835,31.5879296059305,42.75543617703038
209,e,132.93352004488835,132.93352004488835,31.972886082976718,34.511898197332094
210,e,16.669293427904993,17.150501990464726,18.40421520710976,20.291358382368482
211,na,132.93352004488835,132.93352004488835,81.05041932407731,81.05041932407731
212,e,88.40629220479218,101.17088379354384,81.05041932407731,81.05041932407731
213,e,132.93352004488835,132.93352004488835,14.516228268381223,16.107131725611495
214,na,132.93352004488835,132.93352004488835,81.05041932407731,81.05041932407731
215,na,29.245576577187187,33.70662649292108,26.808195631025093,33.60000425214268
216,e,34.134443573982786,42.46072830147478,23.894237005369035,34.313462735666256
217,na,28.452846157038756,38.811780079145336,19.710595710514923,24.472394300384
218,e,132.93352004488835,132.93352004488835,81.05041932407731,81.05041932407731
219,e,132.93352004488835,132.93352004488835,81.05041932407731,81.05041932407731
220,e,132.93352004488835,132.93352004488835,35.06673163923719,35.6145423102774
221,na,14.110476225280207,24.535604044214544,17.23069322442138,24.478409390651507
222,na,13.441563575020718,13.806398273488053,7.878800471356826,12.52504391438154
223,e,132.93352004488835,132.93352004488835,81.05041932407731,81.05041932407731
224,e,132.93352004488835,132.93352004488835,20.720723669707585,24.89128688462695
225,na,2.5241660233519325,5.697278677874869,81.05041932407731,81.05041932407731
226,e,15.22021430946603,19.318065064691385,26.926882400348536,28.31995597412846
227,e,132.93352004488835,132.93352004488835,29.17577971556967,35.8073668089838
228,e,132.93352004488835,132.93352004488835,81.05041932407731,81.05041932407731
229,e,132.93352004488835,132.93352004488835,81.05041932407731,81.05041932407731
230,e,132.93352004488835,132.93352004488835,8.343376137513442,13.726241592750972
231,na,132.93352004488835,132.93352004488835,81.05041932407731,81.05041932407731
232,e,132.93352004488835,132.93352004488835,20.42890937717823,26.013720188142024
233,e,132.93352004488835,132.93352004488835,24.3480786047337,24.6325536245417
234,e,47.877026994043575,50.18657540901697,14.160810150472866,14.31243387364689
235,na,14.094343620421155,14.46057668133725,48.5162332815433,81.05041932407731
236,e,132.93352004488835,132.93352004488835,22.760234245063955,23.265997270216847
237,e,132.93352004488835,132.93352004488835,81.05041932407731,81.05041932407731
238,e,132.93352004488835,132.93352004488835,81.05041932407731,81.05041932407731
239,na,46.77102944531478,49.46230565833526,34.27382553891013,40.30616934151958
240,na,132.93352004488835,132.93352004488835,81.05041932407731,81.05041932407731
241,e,132.93352004488835,132.93352004488835,36.32692173480456,44.70888042783861
242,na,34.726709314207376,38.475734047510485,50.06860170053804,56.06415027707594
243,e,132.93352004488835,132.93352004488835,81.05041932407731,81.05041932407731
244,e,132.93352004488835,132.93352004488835,24.30984529278246,25.398601381429085
245,e,132.93352004488835,132.93352004488835,81.05041932407731,81.05041932407731
246,e,132.93352004488835,132.93352004488835,81.05041932407731,81.05041932407731
247,e,132.93352004488835,132.93352004488835,81.05041932407731,81.05041932407731
248,e,132.93352004488835,132.93352004488835,81.05041932407731,81.05041932407731
249,e,132.93352004488835,132.93352004488835,15.427193329886556,19.34537023601844
250,e,132.93352004488835,132.93352004488835,35.070063238876024,81.05041932407731
251,e,132.93352004488835,132.93352004488835,28.380556507524542,29.11921434871219
252,e,10.994040201788962,19.445240089569634,24.485730445004474,31.383062664515304
253,e,132.93352004488835,132.93352004488835,34.38167453939902,34.40646353488623
254,e,77.29891529841426,78.91008389488405,81.05041932407731,81.05041932407731
255,e,104.41237301642052,108.1755372731703,15.475934634564922,81.05041932407731
256,e,132.93352004488835,132.93352004488835,81.05041932407731,81.05041932407731
257,e,19.16511816317819,21.282090533031955,22.680701713647327,26.77922659109965
258,na,132.93352004488835,132.93352004488835,81.05041932407731,81.05041932407731
259,e,132.93352004488835,132.93352004488835,40.70173438186945,48.406617307111645
260,e,132.93352004488835,132.93352004488835,81.05041932407731,81.05041932407731
261,na,132.93352004488835,132.93352004488835,81.05041932407731,81.05041932407731
262,e,132.93352004488835,132.93352004488835,45.89209095806792,50.65506973971502
263,e,132.93352004488835,132.93352004488835,81.05041932407731,81.05041932407731
264,e,4.532838393220994,5.36427583413996,42.346742127935315,56.72454009015017
265,e,132.93352004488835,132.93352004488835,81.05041932407731,81.05041932407731
266,na,132.93352004488835,132.93352004488835,25.280313820568896,26.72014040344713
267,e,132.93352004488835,132.93352004488835,32.06702545154776,32.40345680889942
268,na,42.62019268403304,47.205171211479566,25.404888253776793,28.388475663249988
269,e,32.39208403750951,36.347507257893454,21.344591420285195,31.739994740640704
270,e,23.09258806502655,28.104228239727064,15.409325091324453,24.746997346192167
271,e,132.93352004488835,132.93352004488835,81.05041932407731,81.05041932407731
272,e,132.93352004488835,132.93352004488835,4.728490986475651,8.382829900710226
273,e,132.93352004488835,132.93352004488835,12.88510226481696,14.457980022143932
274,e,132.93352004488835,132.93352004488835,16.422537946043413,81.05041932407731
275,e,132.93352004488835,132.93352004488835,81.05041932407731,81.05041932407731
276,na,23.83606509140314,24.61309716143196,81.05041932407731,81.05041932407731
277,e,132.93352004488835,132.93352004488835,81.05041932407731,81.05041932407731
278,e,132.93352004488835,132.93352004488835,73.39311380250606,81.05041932407731
279,na,27.799294803027955,33.02597302334206,18.49632934989332,81.05041932407731
280,e,132.93352004488835,132.93352004488835,26.756333434467656,26.807546567143106
281,e,132.93352004488835,132.93352004488835,47.980487897674436,48.43034943203232
282,e,132.93352004488835,132.93352004488835,81.05041932407731,81.05041932407731
283,na,132.93352004488835,132.93352004488835,81.05041932407731,81.05041932407731
284,na,132.93352004488835,132.93352004488835,81.05041932407731,81.05041932407731
285,e,30.926017396363996,132.93352004488835,24.998690965732987,25.902072654004016
286,e,132.93352004488835,132.93352004488835,32.276286343683864,38.39865548441251
287,na,11.791585732418007,16.840057582092374,40.536198311390635,43.40991103387412
288,e,30.079518754061287,38.657124855982225,81.05041932407731,81.05041932407731
289,e,132.93352004488835,132.93352004488835,23.965441627654677,27.793857645302385
290,na,132.93352004488835,132.93352004488835,81.05041932407731,81.05041932407731
291,e,132.93352004488835,132.93352004488835,12.031872504615736,14.242866985478328
292,e,132.93352004488835,132.93352004488835,81.05041932407731,81.05041932407731
293,e,68.60912459668133,70.70068647286341,18.865918775464312,18.910281041723103
294,e,86.47114220417467,95.48212550036281,28.655532231033312,33.36440511570056
295,e,48.076434954401044,53.704049305270715,81.05041932407731,81.05041932407731
296,e,73.26733495002503,74.39971116600111,15.49514776187593,19.301633892691864
297,e,132.93352004488835,132.93352004488835,23.336675890816718,25.765296672058934
298,e,132.93352004488835,132.93352004488835,81.05041932407731,81.05041932407731
299,e,4.654828519188253,17.95827305408533,44.98877058862747,50.55214467307285
300,na,132.93352004488835,132.93352004488835,81.05041932407731,81.05041932407731
301,e,78.93094933556091,87.14755755481598,81.05041932407731,81.05041932407731
302,na,6.23628744342163,7.045786473800215,45.99702578907495,49.983145291157484
303,na,-1,0,-1,0
304,na,132.93352004488835,132.93352004488835,81.05041932407731,81.05041932407731
305,e,132.93352004488835,132.93352004488835,25.368437856323666,36.617092447169824
306,e,132.93352004488835,132.93352004488835,35.24525528623528,38.57237797829982
307,e,132.93352004488835,132.93352004488835,81.05041932407731,81.05041932407731
308,e,132.93352004488835,132.93352004488835,36.59605106821826,36.81057685123034
309,e,37.12371470470771,40.08223882564399,31.53298209393076,42.32926077840964
310,e,132.93352004488835,132.93352004488835,28.793047702116155,39.58202627748298
311,na,132.93352004488835,132.93352004488835,81.05041932407731,81.05041932407731
312,e,34.34023623148463,132.93352004488835,18.312758714947943,32.71815333933089
313,e,132.93352004488835,132.93352004488835,81.05041932407731,81.05041932407731
314,e,132.93352004488835,132.93352004488835,81.05041932407731,81.05041932407731
315,e,69.42620266396739,74.16568479283471,18.310646491168413,21.579397193954257
316,e,46.235728506430995,49.21780264313352,33.51792670363432,35.12673389377076
317,e,44.34472289363673,132.93352004488835,18.04372599034127,81.05041932407731
318,e,98.62028797426431,100.72059715627205,81.05041932407731,81.05041932407731
319,e,125.55218225266601,128.09540010565178,22.547572626836164,25.52334706577922
320,e,132.93352004488835,132.93352004488835,81.05041932407731,81.05041932407731
321,e,31.592425852110015,35.047290843576896,81.05041932407731,81.05041932407731
322,na,39.67194483691743,46.63725904670374,28.50161678547293,29.277571898249217
323,e,22.50071313812628,28.71007218446494,63.777873085898015,64.30713580238374
324,e,132.93352004488835,132.93352004488835,81.05041932407731,81.05041932407731
325,na,132.93352004488835,132.93352004488835,54.91517074948367,55.49089780188255
326,e,132.93352004488835,132.93352004488835,8.147875738638284,27.168894670712678
327,e,104.14923681411203,106.98673891869399,38.761382675100286,41.377938882957686
328,e,132.93352004488835,132.93352004488835,81.05041932407731,81.05041932407731
329,na,11.744841409779244,16.38074613460068,6.300849498572174,11.050547529085868
330,e,132.93352004488835,132.93352004488835,81.05041932407731,81.05041932407731
331,e,132.93352004488835,132.93352004488835,36.80283811516647,38.33331434307347
332,e,132.93352004488835,132.93352004488835,81.05041932407731,81.05041932407731
333,e,132.93352004488835,132.93352004488835,16.77720064307236,25.862904985920075
334,e,132.93352004488835,132.93352004488835,16.264889077813347,17.348577982072854
335,na,132.93352004488835,132.93352004488835,81.05041932407731,81.05041932407731
336,na,22.90784933419055,34.022587424379424,21.391535412704005,81.05041932407731
337,e,132.93352004488835,132.93352004488835,81.05041932407731,81.05041932407731
338,e,45.51288929511054,65.67997361761367,24.056238863178177,27.063702397138453
339,e,132.93352004488835,132.93352004488835,48.39057336185887,66.83818752814355
340,e,132.93352004488835,132.93352004488835,81.05041932407731,81.05041932407731
341,na,44.33205046140948,132.93352004488835,50.74232851617667,58.77688823098825
342,e,132.93352004488835,132.93352004488835,41.14576701767134,41.94726995026518
343,na,132.93352004488835,132.93352004488835,81.05041932407731,81.05041932407731
344,e,132.93352004488835,132.93352004488835,8.147179321967533,12.435802857300981
345,e,46.579926322852295,50.70822149253878,33.26852216027508,35.03670993899111
346,e,132.93352004488835,132.93352004488835,15.252998461100713,18.96874316771216
347,e,132.93352004488835,132.93352004488835,81.05041932407731,81.05041932407731
348,na,132.93352004488835,132.93352004488835,81.05041932407731,81.05041932407731
349,e,132.93352004488835,132.93352004488835,41.535331554061514,81.05041932407731
350,e,132.93352004488835,132.93352004488835,14.482322396489982,14.551819042282165
351,e,132.93352004488835,132.93352004488835,81.05041932407731,81.05041932407731
352,na,2.662773030636206,3.8623679232399386,29.85629616332844,38.994753279236285
353,e,70.69716709954274,72.30557114106297,44.870238267501314,50.562730106464585
354,na,61.828655031005766,68.815892483811,81.05041932407731,81.05041932407731
355,e,132.93352004488835,132.93352004488835,19.082711579723615,32.58257419055685
356,e,40.7145529316744,43.74078817319402,31.6498890516874,36.988830815190546
357,e,132.93352004488835,132.93352004488835,81.05041932407731,81.05041932407731
358,e,132.93352004488835,132.93352004488835,81.05041932407731,81.05041932407731
359,e,74.9389675199376,80.88506773878909,81.05041932407731,81.05041932407731
360,e,132.93352004488835,132.93352004488835,40.25721407449992,41.42616643882489
361,na,83.28271277827209,89.04142489107169,29.82844019433011,31.092735483936437
362,na,41.82669905226408,44.39862955799296,31.122710486717555,31.19894084207415
363,e,132.93352004488835,132.93352004488835,81.05041932407731,81.05041932407731
364,na,29.36924175244711,31.878359966823318,17.246442371511154,20.63266536070594
365,e,132.93352004488835,132.93352004488835,15.919974435071595,18.501006623544935
366,e,132.93352004488835,132.93352004488835,32.62367074386115,37.406075523461006
367,na,132.93352004488835,132.93352004488835,81.05041932407731,81.05041932407731
368,e,132.93352004488835,132.93352004488835,21.288809464382336,25.57932621620043
369,na,132.93352004488835,132.93352004488835,81.05041932407731,81.05041932407731
370,e,132.93352004488835,132.93352004488835,31.783216310837094,34.27344215538981
371,e,132.93352004488835,132.93352004488835,26.878135254953346,28.402931369647117
372,e,132.93352004488835,132.93352004488835,81.05041932407731,81.05041932407731
373,e,20.92934731080373,37.41206723393018,26.213790424077708,27.64779343686285
374,e,132.93352004488835,132.93352004488835,27.99183313905924,35.07138522070911
375,na,51.33689120763481,132.93352004488835,24.3923420491032,25.649525732551485
376,na,65.7714610867449,75.98793211308761,18.07640033664377,21.837993754335926
377,e,132.93352004488835,132.93352004488835,81.05041932407731,81.05041932407731
378,e,132.93352004488835,132.93352004488835,81.05041932407731,81.05041932407731
379,na,132.93352004488835,132.93352004488835,37.682034415012616,38.317464163125365
380,e,60.811708091428294,67.83458209267641,14.177925665214413,20.002269035165753
381,e,38.61882379217236,45.11530938863754,14.906338962506833,17.600914849146648
382,e,132.93352004488835,132.93352004488835,26.582229910807964,30.23319665460837
383,e,132.93352004488835,132.93352004488835,81.05041932407731,81.05041932407731
384,e,39.90740611615798,41.15210096878434,32.44156473060078,40.05557846215465
385,na,132.93352004488835,132.93352004488835,81.05041932407731,81.05041932407731
386,e,68.29191332613223,73.86740391313288,81.05041932407731,81.05041932407731
387,e,21.291853538921337,41.200655307665,37.10599532764442,40.1260994669252
388,e,40.522479327165236,48.5219638166185,13.12439590746394,25.766829936869357
389,e,132.93352004488835,132.93352004488835,81.05041932407731,81.05041932407731
390,na,132.93352004488835,132.93352004488835,23.992931099320675,28.230035928330906
391,e,132.93352004488835,132.93352004488835,30.622780780144897,31.051552768782205
392,e,132.93352004488835,132.93352004488835,81.05041932407731,81.05041932407731
393,e,101.97576988192873,105.01345510596876,56.81041425012389,59.509874876239245
394,e,43.47123430638305,43.72889855109936,20.70307110499107,21.268091728787905
395,e,132.93352004488835,132.93352004488835,81.05041932407731,81.05041932407731
396,na,132.93352004488835,132.93352004488835,81.05041932407731,81.05041932407731
397,na,2.4785859886204493,4.254890045912121,21.82495447488884,31.858982159921567
398,e,51.16765610441096,56.948069145676556,81.05041932407731,81.05041932407731
399,e,132.93352004488835,132.93352004488835,16.315400183556235,21.775659176743847
400,e,132.93352004488835,132.93352004488835,45.19852229873965,57.083165618389984
401,e,132.93352004488835,132.93352004488835,81.05041932407731,81.05041932407731
402,na,-1,0,-1,0
403,e,132.93352004488835,132.93352004488835,81.05041932407731,81.05041932407731
404,na,27.142635004344854,36.82661915013168,18.132985625027267,18.760410936836934
405,na,132.93352004488835,132.93352004488835,81.05041932407731,81.05041932407731
406,na,26.30264300991218,27.16404531220338,81.05041932407731,81.05041932407731
407,e,132.93352004488835,132.93352004488835,81.05041932407731,81.05041932407731
408,na,8.309382143220148,8.324995564033722,20.948631940658704,33.59652803423303
409,na,132.93352004488835,132.93352004488835,29.17181556666621,36.95805944409662
410,e,132.93352004488835,132.93352004488835,15.00253725615858,18.60508827234509
411,e,53.28215589538449,55.680777669253686,22.03878383180239,26.148507990651584
412,e,62.47759630573276,63.877320643105506,19.25193567062204,27.614419829700545
413,na,132.93352004488835,132.93352004488835,40.81102360867742,43.75700847694236
414,e,27.50118506307534,51.10623097417893,21.749429480294417,22.542484973069488
415,e,132.93352004488835,132.93352004488835,81.05041932407731,81.05041932407731
416,e,41.43288116202502,44.37758497354427,29.375826692308774,33.053386552473405
417,e,132.93352004488835,132.93352004488835,28.098612788537626,35.8396552081813
418,na,132.93352004488835,132.93352004488835,28.04166127673319,29.921206157417128
419,e,39.184667143453524,39.22453331772693,32.2725479254651,33.60541762036823
420,e,28.114208079450965,132.93352004488835,28.817131273491864,31.277557571861916
421,e,132.93352004488835,132.93352004488835,81.05041932407731,81.05041932407731
422,na,13.832002207702535,15.450819691773619,81.05041932407731,81.05041932407731
423,e,132.93352004488835,132.93352004488835,81.05041932407731,81.05041932407731
424,e,14.894700216549971,15.501901212240869,30.45128651550617,30.790445936260387
425,e,132.93352004488835,132.93352004488835,30.40029849015865,33.88256910904144
426,na,132.93352004488835,132.93352004488835,81.05041932407731,81.05041932407731
427,e,132.93352004488835,132.93352004488835,43.024773806891744,43.67689012637496
428,e,132.93352004488835,132.93352004488835,15.473185744657654,23.337313128777527
429,e,132.93352004488835,132.93352004488835,36.30795966576641,38.10365344046851
430,e,132.93352004488835,132.93352004488835,81.05041932407731,81.05041932407731
431,e,34.80621973911152,37.02849569099834,81.05041932407731,81.05041932407731
432,na,17.91831721851227,19.599208548625796,23.08197846899147,28.12272680554896
433,e,132.93352004488835,132.93352004488835,81.05041932407731,81.05041932407731
434,e,132.93352004488835,132.93352004488835,81.05041932407731,81.05041932407731
435,na,132.93352004488835,132.93352004488835,81.05041932407731,81.05041932407731
436,e,132.93352004488835,132.93352004488835,81.05041932407731,81.05041932407731
437,e,58.978467865743106,61.065994172598955,81.05041932407731,81.05041932407731
438,na,51.656317424879546,55.26353833214804,18.94592396926508,19.589498986981283
439,e,132.93352004488835,132.93352004488835,81.05041932407731,81.05041932407731
440,e,132.93352004488835,132.93352004488835,6.028258127347159,7.5835749797087955
441,e,132.93352004488835,132.93352004488835,81.05041932407731,81.05041932407731
442,e,132.93352004488835,132.93352004488835,47.73804313123748,48.10529301609583
443,e,132.93352004488835,132.93352004488835,81.05041932407731,81.05041932407731
444,e,132.93352004488835,132.93352004488835,64.63677665405622,68.59887443791686
445,na,132.93352004488835,132.93352004488835,81.05041932407731,81.05041932407731
446,e,9.112686188393923,22.66032929752865,27.92840923924464,30.198301437943986
447,e,28.130960528840664,30.50620865425218,23.955602041429483,25.89940275399719
448,na,132.93352004488835,132.93352004488835,81.05041932407731,81.05041932407731
449,e,132.93352004488835,132.93352004488835,16.718869543054605,20.0110215537181
450,e,59.38596815987955,73.92145247239797,81.05041932407731,81.05041932407731
451,e,132.93352004488835,132.93352004488835,81.05041932407731,81.05041932407731
452,e,132.93352004488835,132.93352004488835,81.05041932407731,81.05041932407731
453,na,5.119635438804048,5.7653882836573915,2.294602185687906,5.427732045389264
454,e,132.93352004488835,132.93352004488835,39.017505489087235,50.56410074169847
455,e,132.93352004488835,132.93352004488835,81.05041932407731,81.05041932407731
456,na,29.01391390703241,32.5273351262787,30.27828309495049,30.418168260038087
457,e,132.93352004488835,132.93352004488835,81.05041932407731,81.05041932407731
458,e,17.92324633979477,18.894950263532095,43.254748042784065,54.78545886877265
459,e,132.93352004488835,132.93352004488835,81.05041932407731,81.05041932407731
460,e,27.552752373598814,27.751059892230224,81.05041932407731,81.05041932407731
461,na,33.053845688858715,58.10046624188977,14.578146577872488,15.913627635791325
462,na,132.93352004488835,132.93352004488835,81.05041932407731,81.05041932407731
463,e,5.259519915126195,6.261410920918088,20.168736134451656,29.59331926013092
464,e,132.93352004488835,132.93352004488835,24.57116731277007,24.880436956165703
465,na,132.93352004488835,132.93352004488835,81.05041932407731,81.05041932407731
466,na,96.27651975987777,101.88076537177832,41.29708272858352,42.28588494412086
467,na,132.93352004488835,132.93352004488835,81.05041932407731,81.05041932407731
468,e,132.93352004488835,132.93352004488835,35.817164564195124,38.85188286136366
469,na,132.93352004488835,132.93352004488835,81.05041932407731,81.05041932407731
470,e,132.93352004488835,132.93352004488835,81.05041932407731,81.05041932407731
471,e,132.93352004488835,132.93352004488835,14.687130856462053,15.448421420850108
472,na,65.84635507032203,67.58404030590476,7.718832437357648,8.786437895312059
473,na,5.173906220740224,11.648425953791099,19.647388323313265,20.886198535522055
474,na,132.93352004488835,132.93352004488835,81.05041932407731,81.05041932407731
475,e,132.93352004488835,132.93352004488835,81.05041932407731,81.05041932407731
476,na,0.6624208487050918,10.22055454344495,0.7494875703047744,7.506912309282808
477,na,61.68297939551188,62.64857999012545,39.99672670299908,40.43409642257963
478,e,132.93352004488835,132.93352004488835,26.940214329672788,33.834177628713256
479,e,132.93352004488835,132.93352004488835,81.05041932407731,81.05041932407731
480,e,132.93352004488835,132.93352004488835,23.163792530294216,24.023637358892216
481,e,132.93352004488835,132.93352004488835,27.498741575801624,31.968994800682403
482,e,13.23412928701723,13.89685920224837,81.05041932407731,81.05041932407731
483,e,132.93352004488835,132.93352004488835,27.139885650345562,37.08004200112339
484,e,132.93352004488835,132.93352004488835,81.05041932407731,81.05041932407731
485,e,132.93352004488835,132.93352004488835,81.05041932407731,81.05041932407731
486,na,39.592734897993616,41.86879916335563,81.05041932407731,81.05041932407731
487,e,57.615635291220975,63.54044149432108,81.05041932407731,81.05041932407731
488,e,132.93352004488835,132.93352004488835,42.68371896134936,45.57105554427451
489,e,132.93352004488835,132.93352004488835,36.01123768527152,38.29806220951263
490,na,132.93352004488835,132.93352004488835,30.144014722135505,37.26067429756408
491,na,132.93352004488835,132.93352004488835,81.05041932407731,81.05041932407731
492,e,132.93352004488835,132.93352004488835,81.05041932407731,81.05041932407731
493,e,132.93352004488835,132.93352004488835,81.05041932407731,81.05041932407731
494,e,132.93352004488835,132.93352004488835,41.67335913384693,41.795245298669606
495,na,50.5889282571092,54.75540278049517,33.626848683035014,38.353584258199014
496,e,132.93352004488835,132.93352004488835,81.05041932407731,81.05041932407731
497,na,76.58545717660697,76.77931715714956,81.05041932407731,81.05041932407731
498,na,-1,0,-1,0
499,na,132.93352004488835,132.93352004488835,81.05041932407731,81.05041932407731
500,e,132.93352004488835,132.93352004488835,21.52581137459669,27.566781246687874
501,e,40.021281014288625,52.067572313193374,18.955999227611972,81.05041932407731
502,e,132.93352004488835,132.93352004488835,81.05041932407731,81.05041932407731
503,na,132.93352004488835,132.93352004488835,81.05041932407731,81.05041932407731
504,e,34.3704559423312,40.329932743322516,49.053331334862015,57.49954678541002
505,e,132.93352004488835,132.93352004488835,81.05041932407731,81.05041932407731
506,e,36.503379476392325,132.93352004488835,81.05041932407731,81.05041932407731
507,na,13.099762387414664,13.15808842672399,0.6285548902097292,0.659325083220757
508,na,132.93352004488835,132.93352004488835,81.05041932407731,81.05041932407731
509,e,72.50076784384667,72.59929757866763,16.512241547723185,18.003380229856862
510,e,132.93352004488835,132.93352004488835,41.23602709682958,44.83160531596019
511,e,132.93352004488835,132.93352004488835,81.05041932407731,81.05041932407731
512,e,44.81511237331275,46.701127290147575,23.438777598478442,24.199852125919886
513,e,132.93352004488835,132.93352004488835,32.322641446722876,32.38247474841234
514,e,132.93352004488835,132.93352004488835,30.437993052293432,33.22100342438948
515,na,52.78286526974524,54.17970711009039,81.05041932407731,81.05041932407731
516,e,22.570182050777586,24.4003986748687,33.344182117933286,42.48221562538484
517,e,132.93352004488835,132.93352004488835,28.386349879743467,30.103866888300896
518,na,132.93352004488835,132.93352004488835,81.05041932407731,81.05041932407731
519,na,132.93352004488835,132.93352004488835,81.05041932407731,81.05041932407731
520,e,132.93352004488835,132.93352004488835,28.929676621069934,31.170098934394346
521,na,3.652194260809882,10.825712625089352,34.890234036714425,36.14594476209346
522,na,132.93352004488835,132.93352004488835,81.05041932407731,81.05041932407731
523,na,61.16342912025205,61.596799381925635,32.58504528004473,35.8278186791159
524,e,132.93352004488835,132.93352004488835,34.433593045173744,38.64777430577072
525,e,132.93352004488835,132.93352004488835,81.05041932407731,81.05041932407731
526,e,132.93352004488835,132.93352004488835,81.05041932407731,81.05041932407731
527,na,132.93352004488835,132.93352004488835,81.05041932407731,81.05041932407731
528,na,115.81265585920868,121.7182575613357,36.08287425260453,43.349959202119855
529,e,38.68407437178651,41.12051698511876,35.54004044586194,38.205495070397106
530,e,132.93352004488835,132.93352004488835,81.05041932407731,81.05041932407731
531,e,132.93352004488835,132.93352004488835,81.05041932407731,81.05041932407731
532,e,132.93352004488835,132.93352004488835,27.02204450969373,32.440006830883206
533,e,132.93352004488835,132.93352004488835,81.05041932407731,81.05041932407731
534,e,29.620285943434535,46.153491620449586,48.889069961174016,81.05041932407731
535,e,132.93352004488835,132.93352004488835,25.789507896199275,26.168938460841055
536,e,132.93352004488835,132.93352004488835,27.712603740718507,29.553811998798466
537,na,71.46359915225085,83.00074926760652,57.471988340755715,58.867276849705924
538,na,132.93352004488835,132.93352004488835,81.05041932407731,81.05041932407731
539,e,132.93352004488835,132.93352004488835,81.05041932407731,81.05041932407731
540,e,132.93352004488835,132.93352004488835,81.05041932407731,81.05041932407731
541,e,132.93352004488835,132.93352004488835,15.38504555616295,18.53366483821593
542,e,57.88760371787676,58.46478713297164,81.05041932407731,81.05041932407731
543,e,43.78269733830088,53.483517968331554,34.303421253542204,41.0985210430554
544,e,56.11656912604991,56.559073857711454,34.25268906571591,36.367315385191915
545,e,31.41661529652917,39.587413137950755,81.05041932407731,81.05041932407731
546,e,132.93352004488835,132.93352004488835,81.05041932407731,81.05041932407731
547,e,132.93352004488835,132.93352004488835,81.05041932407731,81.05041932407731
548,e,132.93352004488835,132.93352004488835,81.05041932407731,81.05041932407731
549,e,73.43044124119055,84.89780087619249,35.43419556132075,41.63573240873414
550,e,52.847411808935945,55.54305734724648,8.042511601873922,13.884962511962648
551,na,132.93352004488835,132.93352004488835,41.792527426257145,46.73000613340549
552,na,0.1202595622217862,2.309995087717501,4.740641330523284,7.961554176829586
553,e,132.93352004488835,132.93352004488835,48.82051799415642,50.03032455168498
554,na,12.964679875824256,13.22912954553897,29.46237648092442,30.576798066543695
555,e,132.93352004488835,132.93352004488835,81.05041932407731,81.05041932407731
556,na,132.93352004488835,132.93352004488835,28.97362016441437,30.07475284004065
557,e,132.93352004488835,132.93352004488835,81.05041932407731,81.05041932407731
558,e,132.93352004488835,132.93352004488835,81.05041932407731,81.05041932407731
559,na,132.93352004488835,132.93352004488835,81.05041932407731,81.05041932407731
560,e,87.28006721570057,92.24021292527573,81.05041932407731,81.05041932407731
561,e,132.93352004488835,132.93352004488835,51.28442315500709,52.063345092010145
562,e,132.93352004488835,132.93352004488835,47.242236461883316,53.89428363148746
563,na,28.170431260419186,29.96173917945091,81.05041932407731,81.05041932407731
564,na,-1,0,-1,0
565,e,132.93352004488835,132.93352004488835,21.14488670570508,27.050108593247945
566,e,132.93352004488835,132.93352004488835,81.05041932407731,81.05041932407731
567,e,132.93352004488835,132.93352004488835,81.05041932407731,81.05041932407731
568,e,132.93352004488835,132.93352004488835,81.05041932407731,81.05041932407731
569,na,132.93352004488835,132.93352004488835,47.37349498371951,47.44638397664687
570,e,52.45868866330714,52.97488564299223,18.80524826592733,28.000984523357154
571,na,116.71066654440057,118.24271153309198,31.98304622248351,33.13534557920705
572,e,132.93352004488835,132.93352004488835,11.826118434449919,17.085503349938467
573,na,132.93352004488835,132.93352004488835,81.05041932407731,81.05041932407731
574,na,132.93352004488835,132.93352004488835,6.911980365204616,7.307205534503951
575,e,132.93352004488835,132.93352004488835,81.05041932407731,81.05041932407731
576,e,53.48494900950023,54.296829266281456,20.98567941877343,22.296086594889875
577,e,25.84016921119239,32.01975738299088,19.242657025120256,32.84973334915959
578,e,132.93352004488835,132.93352004488835,81.05041932407731,81.05041932407731
579,e,132.93352004488835,132.93352004488835,81.05041932407731,81.05041932407731
580,na,132.93352004488835,132.93352004488835,18.75978330914261,18.89775708574768
581,e,132.93352004488835,132.93352004488835,81.05041932407731,81.05041932407731
582,na,4.871876294877208,5.170189145647564,18.772791089004617,21.381736648577874
583,e,132.93352004488835,132.93352004488835,31.668267255605535,33.932872576240406
584,na,132.93352004488835,132.93352004488835,81.05041932407731,81.05041932407731
585,na,42.87657129360641,44.87167457749906,4.426493999417076,7.898434940613439
586,e,132.93352004488835,132.93352004488835,53.28701192239926,61.86866259644397
587,e,132.93352004488835,132.93352004488835,81.05041932407731,81.05041932407731
588,e,132.93352004488835,132.93352004488835,81.05041932407731,81.05041932407731
589,e,132.93352004488835,132.93352004488835,81.05041932407731,81.05041932407731
590,e,132.93352004488835,132.93352004488835,81.05041932407731,81.05041932407731
591,na,132.93352004488835,132.93352004488835,33.53181456981919,34.262408456746044
592,na,0,7.289298370402148,0,0.9915216071432381
593,e,132.93352004488835,132.93352004488835,81.05041932407731,81.05041932407731
594,e,132.93352004488835,132.93352004488835,81.05041932407731,81.05041932407731
595,na,19.321081654457252,25.0713301447699,31.579778776824014,31.71655413826766
596,e,132.93352004488835,132.93352004488835,81.05041932407731,81.05041932407731
597,e,67.17904066611622,73.50836212488677,26.167853244682462,28.987333874652144
598,e,132.93352004488835,132.93352004488835,18.594473314037632,21.22219565803815
599,e,5.36651777573224,12.735879098016877,6.036097834008018,22.885764833199893
600,e,132.93352004488835,132.93352004488835,43.36092382399182,46.0485930663175
601,e,132.93352004488835,132.93352004488835,34.56693392673313,36.13932500816117
602,e,37.67808232132128,41.02035541465505,28.800695100513497,43.11002392953057
603,na,132.93352004488835,132.93352004488835,81.05041932407731,81.05041932407731
604,e,132.93352004488835,132.93352004488835,14.604655427003644,15.46733581835602
605,e,27.984946689317532,30.83746490172896,24.919290969016444,26.752411548173566
606,e,132.93352004488835,132.93352004488835,81.05041932407731,81.05041932407731
607,e,132.93352004488835,132.93352004488835,81.05041932407731,81.05041932407731
608,na,132.93352004488835,132.93352004488835,81.05041932407731,81.05041932407731
609,e,78.52542135410842,81.29688063814872,23.036762721048422,27.671286549612844
610,e,132.93352004488835,132.93352004488835,81.05041932407731,81.05041932407731
611,na,132.93352004488835,132.93352004488835,36.77905086825219,41.29867910016888
612,e,40.60819303501595,47.62347279890767,28.71722104759595,30.654487269199056
613,e,132.93352004488835,132.93352004488835,37.4672699416408,43.65051566905327
614,e,111.57607370938298,114.07874041832505,27.84541722214662,28.381234220257465
615,e,132.93352004488835,132.93352004488835,81.05041932407731,81.05041932407731
616,na,28.00446872474965,28.464135324361674,34.66402889277246,39.03031214051389
617,e,61.39863534575351,62.022476271341276,17.44655519890772,18.615740662494083
618,e,132.93352004488835,132.93352004488835,19.64756937261707,28.6794451437089
619,na,132.93352004488835,132.93352004488835,81.05041932407731,81.05041932407731
620,e,23.211990913750164,24.23438871098348,17.060373136027295,19.724574341605084
621,e,132.93352004488835,132.93352004488835,24.128017343234063,28.112109798112897
622,e,132.93352004488835,132.93352004488835,81.05041932407731,81.05041932407731
623,e,132.93352004488835,132.93352004488835,26.284777770508455,27.044787158337254
624,na,132.93352004488835,132.93352004488835,81.05041932407731,81.05041932407731
625,e,132.93352004488835,132.93352004488835,81.05041932407731,81.05041932407731
626,e,132.93352004488835,132.93352004488835,32.641855654862255,36.00440489030771
627,e,132.93352004488835,132.93352004488835,81.05041932407731,81.05041932407731
628,na,132.93352004488835,132.93352004488835,81.05041932407731,81.05041932407731
629,na,25.808544961814267,26.671043158930328,7.755788646174986,16.690715746633018
630,e,18.07952913619343,132.93352004488835,20.47055751503736,27.35469914054079
631,e,132.93352004488835,132.93352004488835,33.20751139123083,39.525310731975175
632,e,132.93352004488835,132.93352004488835,20.860619182891266,27.737610652496514
633,e,132.93352004488835,132.93352004488835,81.05041932407731,81.05041932407731
634,e,132.93352004488835,132.93352004488835,19.291788171712977,27.25318539597889
635,e,132.93352004488835,132.93352004488835,81.05041932407731,81.05041932407731
636,na,8.442921254272866,9.420848244767441,31.22711344996155,37.76859600491073
637,na,132.93352004488835,132.93352004488835,81.05041932407731,81.05041932407731
638,e,132.93352004488835,132.93352004488835,23.79913820953735,28.23230436510698
639,e,132.93352004488835,132.93352004488835,39.67368538069862,44.32927796451732
640,e,132.93352004488835,132.93352004488835,81.05041932407731,81.05041932407731
641,e,66.47859359379262,88.13669616348905,26.7115304615685,29.96179163767368
642,na,48.457544550028224,48.95347487709994,8.394984345626838,8.75466566977456
643,e,39.92920362121408,46.78039108597032,25.26252187952402,25.37731071265889
644,e,132.93352004488835,132.93352004488835,32.79997918059353,33.50192798843363
645,e,27.793753633608755,29.121375659955294,26.54415977894325,36.11318816593873
646,e,132.93352004488835,132.93352004488835,26.748177891894453,27.55607862430843
647,e,132.93352004488835,132.93352004488835,11.005143112084607,14.76078668774332
648,e,55.55441785092496,56.68976339572981,17.780026424650455,20.811014612935036
649,e,132.93352004488835,132.93352004488835,30.0903137005829,31.751633999669984
650,e,132.93352004488835,132.93352004488835,32.85844695159342,50.95843711577907
651,e,60.057873223197376,62.12363083781515,7.047601692942164,10.798024248922303
652,na,53.230259527032246,60.180753018126225,57.01904858357778,81.05041932407731
653,e,132.93352004488835,132.93352004488835,24.321612516458337,26.136393682330848
654,e,132.93352004488835,132.93352004488835,40.52535869927231,43.26793862888239
655,e,132.93352004488835,132.93352004488835,81.05041932407731,81.05041932407731
656,e,11.489968919467245,16.345410074230188,44.75220859891323,45.34285069558211
657,e,24.276453796145184,26.890328401509972,18.736667726984802,23.2287990324719
658,e,132.93352004488835,132.93352004488835,81.05041932407731,81.05041932407731
659,e,132.93352004488835,132.93352004488835,81.05041932407731,81.05041932407731
660,e,132.93352004488835,132.93352004488835,38.164553667904414,40.360289202925046
661,e,132.93352004488835,132.93352004488835,81.05041932407731,81.05041932407731
662,e,132.93352004488835,132.93352004488835,33.02046793426572,35.1910691796696
663,e,132.93352004488835,132.93352004488835,81.05041932407731,81.05041932407731
664,e,132.93352004488835,132.93352004488835,30.136774091272272,33.752134370263924
665,e,132.93352004488835,132.93352004488835,81.05041932407731,81.05041932407731
666,e,132.93352004488835,132.93352004488835,48.76970385436715,57.52149395053789
667,e,132.93352004488835,132.93352004488835,81.05041932407731,81.05041932407731
668,na,45.72234106222097,46.657685740901336,81.05041932407731,81.05041932407731
669,e,132.93352004488835,132.93352004488835,30.364823066881417,34.503175591806915
670,na,1.2758631240206757,3.0208603580600824,1.2914895463321343,9.722843461874946
671,e,132.93352004488835,132.93352004488835,81.05041932407731,81.05041932407731
672,e,132.93352004488835,132.93352004488835,81.05041932407731,81.05041932407731
673,e,37.33319302397103,38.673179416679154,81.05041932407731,81.05041932407731
674,na,132.93352004488835,132.93352004488835,23.95107809420661,31.586345798526544
675,na,132.93352004488835,132.93352004488835,23.198709510238963,26.238699781122634
676,e,77.34590514183883,78.4096577931209,34.53955915316645,52.386288851794426
677,e,132.93352004488835,132.93352004488835,33.85002051573037,34.53453312562602
678,e,132.93352004488835,132.93352004488835,46.24456002183316,54.73053111149907
679,e,85.99911851747623,96.36016435885657,25.59915883900139,27.744098043589005
680,e,132.93352004488835,132.93352004488835,81.05041932407731,81.05041932407731
681,e,11.2375639595592,132.93352004488835,28.13515889814201,31.059305635790963
682,e,91.17712981656099,92.7212970501547,81.05041932407731,81.05041932407731
683,e,88.93408902647727,95.1831622062951,12.69206641352531,17.251220349639997
684,na,25.99361761360737,33.342268596202594,81.05041932407731,81.05041932407731
685,e,132.93352004488835,132.93352004488835,37.65196347125268,44.81430663998664
686,e,132.93352004488835,132.93352004488835,24.38705569640125,24.901669707498094
687,na,47.530499558210934,48.3898895320266,13.271685908955174,16.01343787478894
688,e,132.93352004488835,132.93352004488835,81.05041932407731,81.05041932407731
689,e,132.93352004488835,132.93352004488835,37.345251956804304,40.22332297555991
690,e,132.93352004488835,132.93352004488835,7.904949494610588,15.772409774405874
691,e,132.93352004488835,132.93352004488835,81.05041932407731,81.05041932407731
692,e,132.93352004488835,132.93352004488835,81.05041932407731,81.05041932407731
693,e,132.93352004488835,132.93352004488835,27.72424228674521,34.410271299618664
694,e,132.93352004488835,132.93352004488835,29.73356851901985,37.848860995515516
695,e,60.127134270480354,61.821388733158244,81.05041932407731,81.05041932407731
696,e,30.95219695482261,39.114881219725326,20.51531371228302,33.61184414527829
697,e,132.93352004488835,132.93352004488835,81.05041932407731,81.05041932407731
698,e,14.379213545940377,17.512425053781836,22.60541349470968,22.740482573908203
699,e,132.93352004488835,132.93352004488835,81.05041932407731,81.05041932407731
700,na,132.93352004488835,132.93352004488835,21.923717464023905,24.644616437538165
701,e,132.93352004488835,132.93352004488835,81.05041932407731,81.05041932407731
702,e,132.93352004488835,132.93352004488835,81.05041932407731,81.05041932407731
703,na,76.15715791097999,78.8938361745282,81.05041932407731,81.05041932407731
704,na,132.93352004488835,132.93352004488835,81.05041932407731,81.05041932407731
705,e,85.11077184117562,91.66772161571993,81.05041932407731,81.05041932407731
706,e,132.93352004488835,132.93352004488835,81.05041932407731,81.05041932407731
707,e,132.93352004488835,132.93352004488835,81.05041932407731,81.05041932407731
708,e,29.995299804548623,30.65152159508681,28.417438743119448,81.05041932407731
709,e,132.93352004488835,132.93352004488835,35.94052234817149,40.9654041005245
710,e,132.93352004488835,132.93352004488835,10.356706198629869,16.12859991096413
711,e,132.93352004488835,132.93352004488835,81.05041932407731,81.05041932407731
712,na,102.68505106380621,104.95922522125805,81.05041932407731,81.05041932407731
713,e,18.864099763835455,27.696884977448082,32.475997240552026,32.77473369658524
714,e,132.93352004488835,132.93352004488835,37.813066770930355,81.05041932407731
715,na,132.93352004488835,132.93352004488835,81.05041932407731,81.05041932407731
716,e,22.070530072813543,22.49456963291958,33.10074574591902,34.92572837471778
717,e,132.93352004488835,132.93352004488835,20.505730322030765,25.77826449950844
718,na,-1,0,-1,0
719,e,132.93352004488835,132.93352004488835,5.680169852256336,8.145992986355534
720,na,1.130470924428267,6.864237157341786,9.579779638024496,14.964822950397386
721,e,132.93352004488835,132.93352004488835,81.05041932407731,81.05041932407731
722,e,132.93352004488835,132.93352004488835,20.19665865460964,29.571716778288785
723,e,12.276460804487854,15.865165926355154,5.1981522304932675,8.169042755593175
724,e,132.93352004488835,132.93352004488835,37.059721549433974,41.039207309882244
725,e,132.93352004488835,132.93352004488835,81.05041932407731,81.05041932407731
726,na,67.7998350441269,72.5804989736947,26.27114560765097,31.24127415826593
727,e,132.93352004488835,132.93352004488835,49.36240220178474,49.56478610964167
728,na,132.93352004488835,132.93352004488835,81.05041932407731,81.05041932407731
729,na,132.93352004488835,132.93352004488835,81.05041932407731,81.05041932407731
730,na,132.93352004488835,132.93352004488835,81.05041932407731,81.05041932407731
731,e,132.93352004488835,132.93352004488835,81.05041932407731,81.05041932407731
732,e,132.93352004488835,132.93352004488835,81.05041932407731,81.05041932407731
733,e,132.93352004488835,132.93352004488835,81.05041932407731,81.05041932407731
734,e,132.93352004488835,132.93352004488835,81.05041932407731,81.05041932407731
735,na,132.93352004488835,132.93352004488835,81.05041932407731,81.05041932407731
736,e,132.93352004488835,132.93352004488835,81.05041932407731,81.05041932407731
737,e,132.93352004488835,132.93352004488835,81.05041932407731,81.05041932407731
738,e,20.86261217666605,25.615660708033833,8.423875546236742,8.96079132966084
739,e,132.93352004488835,132.93352004488835,81.05041932407731,81.05041932407731
740,e,132.93352004488835,132.93352004488835,81.05041932407731,81.05041932407731
741,e,132.93352004488835,132.93352004488835,81.05041932407731,81.05041932407731
742,e,132.93352004488835,132.93352004488835,42.561466769583575,50.72600619283779
743,e,132.93352004488835,132.93352004488835,30.131588422236494,30.26245944981361
744,e,132.93352004488835,132.93352004488835,81.05041932407731,81.05041932407731
745,e,132.93352004488835,132.93352004488835,81.05041932407731,81.05041932407731
746,na,132.93352004488835,132.93352004488835,81.05041932407731,81.05041932407731
747,e,132.93352004488835,132.93352004488835,81.05041932407731,81.05041932407731
748,e,132.93352004488835,132.93352004488835,44.09742206364571,81.05041932407731
749,e,132.93352004488835,132.93352004488835,81.05041932407731,81.05041932407731
750,na,132.93352004488835,132.93352004488835,81.05041932407731,81.05041932407731
751,e,132.93352004488835,132.93352004488835,26.470914781484638,29.838057545938494
752,e,45.279026902512534,48.18358984335093,81.05041932407731,81.05041932407731
753,e,49.26537921658825,50.79477459270197,22.43529720675907,29.540170607241397
754,e,132.93352004488835,132.93352004488835,81.05041932407731,81.05041932407731
755,na,132.93352004488835,132.93352004488835,81.05041932407731,81.05041932407731
756,e,132.93352004488835,132.93352004488835,20.17104814714713,26.113986327247723
757,e,132.93352004488835,132.93352004488835,81.05041932407731,81.05041932407731
758,e,132.93352004488835,132.93352004488835,28.960695767852823,29.398677530588927
759,na,0,1.2191481415818888,0,2.6113952903914877
760,e,132.93352004488835,132.93352004488835,81.05041932407731,81.05041932407731
761,na,132.93352004488835,132.93352004488835,81.05041932407731,81.05041932407731
762,na,132.93352004488835,132.93352004488835,81.05041932407731,81.05041932407731
763,e,132.93352004488835,132.93352004488835,81.05041932407731,81.05041932407731
764,e,132.93352004488835,132.93352004488835,24.15241197274198,31.94779257247267
765,e,32.76783286391855,32.843787771798304,81.05041932407731,81.05041932407731
766,e,132.93352004488835,132.93352004488835,81.05041932407731,81.05041932407731
767,na,47.44761429324163,53.77213765342034,26.450696753107202,30.845056262825892
768,e,132.93352004488835,132.93352004488835,81.05041932407731,81.05041932407731
769,e,132.93352004488835,132.93352004488835,31.734620723979894,31.750147089721015
770,e,132.93352004488835,132.93352004488835,81.05041932407731,81.05041932407731
771,e,132.93352004488835,132.93352004488835,29.21773930966485,31.303705513242083
772,e,132.93352004488835,132.93352004488835,33.468034806596236,35.839031529333965
773,e,132.93352004488835,132.93352004488835,56.06833554181888,60.983079380917175
774,na,132.93352004488835,132.93352004488835,19.0765800607435,20.470303309805995
775,e,132.93352004488835,132.93352004488835,33.165328039923615,33.87248964458852
776,na,1.9579593672132092,7.822327587321283,2.9684777624886602,10.633097503202304
777,e,132.93352004488835,132.93352004488835,81.05041932407731,81.05041932407731
778,e,132.93352004488835,132.93352004488835,29.280796502906774,34.42392633082253
779,e,52.22351928328251,52.8474162158365,36.0135939585005,81.05041932407731
780,e,132.93352004488835,132.93352004488835,81.05041932407731,81.05041932407731
781,e,132.93352004488835,132.93352004488835,33.18242952447621,34.524868063029864
782,e,132.93352004488835,132.93352004488835,28.977853957803855,30.381424404912835
783,na,132.93352004488835,132.93352004488835,71.60855697758524,72.3044024015723
784,na,36.302833357064806,39.187214345561294,81.05041932407731,81.05041932407731
785,e,132.93352004488835,132.93352004488835,30.85950973097136,32.097887365436016
786,e,50.40722495491734,53.10091456107417,19.26473912477566,22.481048233671906
787,e,18.59284513757705,20.585193619433504,19.549651817598193,29.15358730902196
788,e,30.29122752048557,36.32459745181795,81.05041932407731,81.05041932407731
789,e,132.93352004488835,132.93352004488835,32.048179579974494,37.064459880532276
790,na,132.93352004488835,132.93352004488835,81.05041932407731,81.05041932407731
791,e,132.93352004488835,132.93352004488835,48.45557870520987,51.853086825973165
792,e,120.29379788137032,132.93352004488835,25.698442879228995,26.714318648554062
793,e,92.76536427971541,109.92013839077637,23.998365447262337,37.48545966290999
794,na,2.077855936240324,6.395908492391084,1.3038413947837857,81.05041932407731
795,e,62.42614615388789,63.94430274416224,8.614246059445083,11.287588249320471
796,na,132.93352004488835,132.93352004488835,81.05041932407731,81.05041932407731
797,e,132.93352004488835,132.93352004488835,35.81805083588144,37.394430348134996
798,e,58.0409318313399,61.58648014165481,23.97344423283619,24.11492033450805
799,e,132.93352004488835,132.93352004488835,9.453929676358438,12.920788692859489
800,e,132.93352004488835,132.93352004488835,81.05041932407731,81.05041932407731
801,na,132.93352004488835,132.93352004488835,81.05041932407731,81.05041932407731
802,e,58.7918177867969,60.77752953916349,34.042737102797346,81.05041932407731
803,na,48.020958259882526,52.51797743083597,9.65192283074845,14.25524405952792
804,na,45.89935765569084,49.31687011566035,29.37749901587321,30.879206951924516
805,e,132.93352004488835,132.93352004488835,31.392867612762014,81.05041932407731
806,e,132.93352004488835,132.93352004488835,21.607037117878466,24.98010717152523
807,na,9.221728541047183,18.781044382396633,3.125236523228434,3.3639855140945527
808,e,29.31592993721985,43.42017102423916,16.004273575883712,81.05041932407731
809,e,132.93352004488835,132.93352004488835,81.05041932407731,81.05041932407731
810,na,35.9035594264196,39.56673659597367,38.80706051624783,39.61440290831974
811,e,9.548831888721663,14.32683757623891,13.760665109141938,35.67351713141964
812,e,132.93352004488835,132.93352004488835,26.86258871151469,30.10985865324847
813,e,132.93352004488835,132.93352004488835,81.05041932407731,81.05041932407731
814,e,132.93352004488835,132.93352004488835,81.05041932407731,81.05041932407731
815,e,132.93352004488835,132.93352004488835,81.05041932407731,81.05041932407731
816,e,132.93352004488835,132.93352004488835,22.728809340036246,22.921587894634904
817,na,132.93352004488835,132.93352004488835,81.05041932407731,81.05041932407731
818,na,132.93352004488835,132.93352004488835,81.05041932407731,81.05041932407731
819,e,132.93352004488835,132.93352004488835,23.12932330223839,30.473704214389855
820,na,15.750023648751206,15.87732868430973,75.80113850810935,77.31533699301191
821,e,132.93352004488835,132.93352004488835,36.71363951015067,38.19298852034498
822,e,51.02118048883759,54.08368166078128,58.109317249154216,59.193507491601274
823,e,48.45034234999137,51.94058671663163,25.104364801024133,28.98825248953746
824,e,132.93352004488835,132.93352004488835,3.0606125457766518,10.602949055443876
825,e,132.93352004488835,132.93352004488835,81.05041932407731,81.05041932407731
826,na,16.29099882694244,17.36052367435452,14.540959726170916,17.868374742554227
827,e,132.93352004488835,132.93352004488835,81.05041932407731,81.05041932407731
828,e,132.93352004488835,132.93352004488835,33.96833657177691,39.960825411447274
829,e,18.91823320242541,30.84236961308289,81.05041932407731,81.05041932407731
830,e,61.87357959223649,132.93352004488835,37.635024384012496,41.495810328296606
831,e,132.93352004488835,132.93352004488835,35.898708625476345,42.897232112757585
832,e,132.93352004488835,132.93352004488835,81.05041932407731,81.05041932407731
833,e,132.93352004488835,132.93352004488835,81.05041932407731,81.05041932407731
834,e,132.93352004488835,132.93352004488835,22.287197131316624,29.358657912712463
835,e,132.93352004488835,132.93352004488835,39.60737417069296,41.505894890954146
836,e,132.93352004488835,132.93352004488835,81.05041932407731,81.05041932407731
837,e,132.93352004488835,132.93352004488835,14.5992362536605,24.457615469094513
838,e,132.93352004488835,132.93352004488835,34.75088604597059,38.036415724228114
839,e,31.885443565021728,39.37715271388725,81.05041932407731,81.05041932407731
840,e,132.93352004488835,132.93352004488835,36.065362613868786,39.69200591628188
841,e,23.074393314335406,23.088093555834277,30.713374289269144,60.78085000463056
842,e,108.32057990866699,113.99261167980723,24.920660912894142,29.122742613207308
843,e,52.846638444354994,52.997407854206024,30.117329082265112,31.55656355561136
844,e,73.88905946448295,75.25406702424638,81.05041932407731,81.05041932407731
845,e,60.41719428004649,64.27556614856604,29.829864223884396,31.517268033504436
846,e,132.93352004488835,132.93352004488835,30.62382135769226,32.453384359660866
847,na,0.08744981476635541,1.2709786758986867,10.44221066634376,81.05041932407731
848,e,132.93352004488835,132.93352004488835,34.1078214807706,34.12430276656299
849,e,132.93352004488835,132.93352004488835,81.05041932407731,81.05041932407731
850,na,40.487312065787485,45.21680982684797,32.436160163752746,34.430659897371555
851,e,132.93352004488835,132.93352004488835,81.05041932407731,81.05041932407731
852,e,132.93352004488835,132.93352004488835,16.82967313072981,18.594981854124583
853,e,132.93352004488835,132.93352004488835,32.39730091521193,32.74010092224513
854,na,32.17944588284961,34.79349695415049,81.05041932407731,81.05041932407731
855,e,11.883088429317377,21.93386056502792,24.186783726169985,29.168203454563244
856,e,132.93352004488835,132.93352004488835,81.05041932407731,81.05041932407731
857,e,132.93352004488835,132.93352004488835,81.05041932407731,81.05041932407731
858,na,51.49829654529914,51.98148396303862,21.5300605890603,25.298519161766098
859,e,132.93352004488835,132.93352004488835,25.89863493820006,27.96924001473803
860,na,132.93352004488835,132.93352004488835,81.05041932407731,81.05041932407731
861,e,132.93352004488835,132.93352004488835,81.05041932407731,81.05041932407731
862,e,132.93352004488835,132.93352004488835,36.582853102757376,40.12924233679557
863,e,132.93352004488835,132.93352004488835,81.05041932407731,81.05041932407731
864,na,103.37153870559604,104.22713679400813,81.05041932407731,81.05041932407731
865,na,25.830334045857217,30.167749955938014,27.661054787050038,81.05041932407731
866,e,132.93352004488835,132.93352004488835,16.87884311227192,19.004940176276545
867,e,132.93352004488835,132.93352004488835,81.05041932407731,81.05041932407731
868,e,84.67027308637518,97.88841631164162,14.836702233916686,15.64799401595581
869,e,132.93352004488835,132.93352004488835,27.489058229632725,27.98586857825085
870,na,22.253604433201605,29.064058322118473,44.43513683371058,50.21637883902654
871,e,132.93352004488835,132.93352004488835,24.380310547668362,45.62415715056727
872,e,132.93352004488835,132.93352004488835,81.05041932407731,81.05041932407731
873,e,12.508669254354045,13.270844934401108,23.550840708309252,41.17304902185713
874,e,132.93352004488835,132.93352004488835,81.05041932407731,81.05041932407731
875,na,0,1.6192283397967147,0,3.9846043080065474
876,na,36.23273247221597,132.93352004488835,31.5256479469718,31.891907115778697
877,e,32.397212147995276,42.56245559614651,31.63311670040728,33.10124480162408
878,e,132.93352004488835,132.93352004488835,81.05041932407731,81.05041932407731
879,e,132.93352004488835,132.93352004488835,81.05041932407731,81.05041932407731
880,e,132.93352004488835,132.93352004488835,21.854431251478335,23.768663320298984
881,e,132.93352004488835,132.93352004488835,81.05041932407731,81.05041932407731
882,e,132.93352004488835,132.93352004488835,28.517693351410408,28.51814690117057
883,e,18.145406249430113,30.95603703574771,22.453465282551978,24.415305532096696
884,e,132.93352004488835,132.93352004488835,81.05041932407731,81.05041932407731
885,e,132.93352004488835,132.93352004488835,39.85489181788431,42.373443010235476
886,na,132.93352004488835,132.93352004488835,81.05041932407731,81.05041932407731
887,na,46.84069041924542,51.64562175744328,20.273032498746666,22.972049083217033
888,na,132.93352004488835,132.93352004488835,81.05041932407731,81.05041932407731
889,na,132.93352004488835,132.93352004488835,81.05041932407731,81.05041932407731
890,e,132.93352004488835,132.93352004488835,81.05041932407731,81.05041932407731
891,na,36.62068079823284,39.81156815336074,43.90013122882669,45.76596735130732
892,e,63.248734535719386,66.8246534056862,29.73605982736675,33.917347493460255
893,e,60.55766983025635,67.63655870381702,17.784058374376507,22.322403086373527
894,na,22.136100319370712,29.677935940564836,24.865437411652398,25.841590742732787
895,e,132.93352004488835,132.93352004488835,81.05041932407731,81.05041932407731
896,e,132.93352004488835,132.93352004488835,81.05041932407731,81.05041932407731
897,na,39.69848087366649,47.8326441183026,30.8768465035395,51.481100296218465
898,e,35.356115476056225,37.56846932657174,24.746150672381816,28.96090239767268
899,e,20.542499866553666,24.02049394250876,81.05041932407731,81.05041932407731
900,e,132.93352004488835,132.93352004488835,81.05041932407731,81.05041932407731
901,e,67.21682191857428,67.73857483868952,21.031854539308693,21.5344344049782
902,e,132.93352004488835,132.93352004488835,81.05041932407731,81.05041932407731
903,e,41.637972614568234,45.221450911679796,81.05041932407731,81.05041932407731
904,e,55.63191467072865,60.44620658431434,43.7018783004065,47.901740786726336
905,e,132.93352004488835,132.93352004488835,81.05041932407731,81.05041932407731
906,e,132.93352004488835,132.93352004488835,5.286109400836668,5.699249805079588
907,e,132.93352004488835,132.93352004488835,19.23605302531494,35.260160429061
908,e,132.93352004488835,132.93352004488835,81.05041932407731,81.05041932407731
909,na,132.93352004488835,132.93352004488835,34.439450188649005,40.79146428823949
910,e,132.93352004488835,132.93352004488835,15.8106043167307,81.05041932407731
911,e,132.93352004488835,132.93352004488835,81.05041932407731,81.05041932407731
912,e,132.93352004488835,132.93352004488835,81.05041932407731,81.05041932407731
913,na,132.93352004488835,132.93352004488835,36.27715004014782,36.40546960562742
914,e,132.93352004488835,132.93352004488835,81.05041932407731,81.05041932407731
915,e,40.80127836860087,46.278360377499,47.06118805097087,49.53354775282678
916,na,14.054925527505853,21.845418102187455,58.34075587285715,81.05041932407731
917,na,132.93352004488835,132.93352004488835,81.05041932407731,81.05041932407731
918,e,132.93352004488835,132.93352004488835,25.3269843036017,27.090128646288075
919,na,53.28426506462565,62.59684646116801,30.75842872520714,81.05041932407731
920,e,132.93352004488835,132.93352004488835,81.05041932407731,81.05041932407731
921,e,132.93352004488835,132.93352004488835,81.05041932407731,81.05041932407731
922,e,132.93352004488835,132.93352004488835,81.05041932407731,81.05041932407731
923,e,132.93352004488835,132.93352004488835,81.05041932407731,81.05041932407731
924,na,132.93352004488835,132.93352004488835,25.065135695889914,26.626897491348572
925,na,39.19179228451541,39.817942582052716,40.141291711894574,42.10486040427979
926,e,132.93352004488835,132.93352004488835,81.05041932407731,81.05041932407731
927,e,132.93352004488835,132.93352004488835,4.922904165700071,8.167786448238353
928,e,132.93352004488835,132.93352004488835,81.05041932407731,81.05041932407731
929,na,49.73260947102797,52.039473393993184,28.91585344878078,38.98487613833062
930,e,132.93352004488835,132.93352004488835,81.05041932407731,81.05041932407731
931,e,132.93352004488835,132.93352004488835,81.05041932407731,81.05041932407731
932,e,132.93352004488835,132.93352004488835,22.939080709923093,23.11227591850767
933,e,72.08497564215091,132.93352004488835,32.08356848688545,33.93731990512554
934,e,132.93352004488835,132.93352004488835,15.541089912939784,21.24579789804061
935,na,132.93352004488835,132.93352004488835,39.63470080856501,41.438412219542585
936,e,36.85733401981809,37.46337096763636,29.791824842434504,33.08166476880932
937,e,132.93352004488835,132.93352004488835,81.05041932407731,81.05041932407731
938,e,132.93352004488835,132.93352004488835,27.171370641913615,27.302492918456668
939,e,132.93352004488835,132.93352004488835,81.05041932407731,81.05041932407731
940,e,37.36683032804623,44.994261890693615,17.392308110570305,18.729119424306298
941,e,132.93352004488835,132.93352004488835,81.05041932407731,81.05041932407731
942,na,10.137083520525339,23.116035726443847,2.3772918303551593,6.295788177250439
943,e,132.93352004488835,132.93352004488835,23.662163701683824,26.14528933737719
944,e,132.93352004488835,132.93352004488835,81.05041932407731,81.05041932407731
945,e,132.93352004488835,132.93352004488835,26.97979038236235,33.91767659498073
946,e,132.93352004488835,132.93352004488835,81.05041932407731,81.05041932407731
947,e,132.93352004488835,132.93352004488835,26.466835213929027,81.05041932407731
948,e,12.99722162237736,17.358508227203792,48.707117045273925,61.56204272544319
949,e,40.70770251084604,41.505353696235034,33.55953907686337,43.61755599991027
950,e,132.93352004488835,132.93352004488835,81.05041932407731,81.05041932407731
951,e,14.855186850041292,17.254071106490183,81.05041932407731,81.05041932407731
952,na,121.78418886468688,121.97301642686665,81.05041932407731,81.05041932407731
953,e,36.66752741571614,38.280068053214556,20.189640229730983,23.596345896568415
954,e,95.2400098270635,98.15760388861406,11.632688527473482,16.01081385999559
955,e,132.93352004488835,132.93352004488835,81.05041932407731,81.05041932407731
956,e,132.93352004488835,132.93352004488835,81.05041932407731,81.05041932407731
957,e,132.93352004488835,132.93352004488835,81.05041932407731,81.05041932407731
958,e,132.93352004488835,132.93352004488835,47.73003116195291,81.05041932407731
959,e,132.93352004488835,132.93352004488835,81.05041932407731,81.05041932407731
960,na,132.93352004488835,132.93352004488835,27.184141971691076,81.05041932407731
961,na,132.93352004488835,132.93352004488835,81.05041932407731,81.05041932407731
962,e,132.93352004488835,132.93352004488835,81.05041932407731,81.05041932407731
963,e,132.93352004488835,132.93352004488835,81.05041932407731,81.05041932407731
964,na,132.93352004488835,132.93352004488835,81.05041932407731,81.05041932407731
965,e,23.322619192445696,132.93352004488835,10.453299415744281,11.199136299661399
966,e,132.93352004488835,132.93352004488835,21.208521661793377,22.187759611663026
967,e,132.93352004488835,132.93352004488835,81.05041932407731,81.05041932407731
968,e,132.93352004488835,132.93352004488835,81.05041932407731,81.05041932407731
969,na,18.87769071970693,20.507420756156318,23.44301505518218,27.597910307225604
970,e,7.060517348009714,12.730562221769777,34.632883457514815,36.85398062518264
971,na,132.93352004488835,132.93352004488835,46.106728605614094,46.541824562448
972,e,132.93352004488835,132.93352004488835,10.038243880194317,11.422471136392907
973,na,132.93352004488835,132.93352004488835,18.096130441243773,28.21214156145538
974,e,132.93352004488835,132.93352004488835,21.481278587752563,25.243986129130224
975,na,5.459000839402669,6.289307195356451,5.6387775457720775,8.418515301145497
976,e,132.93352004488835,132.93352004488835,81.05041932407731,81.05041932407731
977,e,132.93352004488835,132.93352004488835,81.05041932407731,81.05041932407731
978,e,132.93352004488835,132.93352004488835,23.841960918482208,31.53350293949894
979,na,132.93352004488835,132.93352004488835,81.05041932407731,81.05041932407731
980,na,132.93352004488835,132.93352004488835,12.58414745917304,20.919773694725556
981,e,15.507147765249469,18.634645150723472,19.043318955028056,27.139253670136775
982,e,132.93352004488835,132.93352004488835,12.590142503449416,14.313071442283473
983,e,132.93352004488835,132.93352004488835,81.05041932407731,81.05041932407731
984,na,132.93352004488835,132.93352004488835,81.05041932407731,81.05041932407731
985,e,132.93352004488835,132.93352004488835,81.05041932407731,81.05041932407731
986,e,132.93352004488835,132.93352004488835,81.05041932407731,81.05041932407731
987,na,132.93352004488835,132.93352004488835,81.05041932407731,81.05041932407731
988,e,132.93352004488835,132.93352004488835,81.05041932407731,81.05041932407731
989,e,132.93352004488835,132.93352004488835,35.67170216513174,35.73905993404221
990,na,132.93352004488835,132.93352004488835,25.928098804321152,37.87413527776485
991,e,132.93352004488835,132.93352004488835,81.05041932407731,81.05041932407731
992,e,132.93352004488835,132.93352004488835,81.05041932407731,81.05041932407731
993,na,132.93352004488835,132.93352004488835,81.05041932407731,81.05041932407731
994,na,132.93352004488835,132.93352004488835,81.05041932407731,81.05041932407731
995,e,132.93352004488835,132.93352004488835,81.05041932407731,81.05041932407731
996,e,51.864088864787036,56.04113654175597,81.05041932407731,81.05041932407731
997,e,14.975384746655712,17.059951813120772,19.386407908405438,24.59241201854035
998,e,132.93352004488835,132.93352004488835,23.097365866201034,26.473399319694927
999,e,132.93352004488835,132.93352004488835,81.05041932407731,81.05041932407731
