node, assignment, time2inf_trt, time2death_trt, time2inf_con, time2death_con
0,na,-1,0,-1,0
1,na,-1,0,-1,0
2,na,102.88395397875632,102.88395397875632,73.45662605870108,73.45662605870108
3,na,-1,0,-1,0
4,e,102.88395397875632,102.88395397875632,73.45662605870108,73.45662605870108
5,na,47.4144393363132,50.34143259338679,73.45662605870108,73.45662605870108
6,e,102.88395397875632,102.88395397875632,73.45662605870108,73.45662605870108
7,e,102.88395397875632,102.88395397875632,73.45662605870108,73.45662605870108
8,na,102.88395397875632,102.88395397875632,73.45662605870108,73.45662605870108
9,e,30.84315994916049,35.2124888190288,27.145358776842162,30.367533775882816
10,e,102.88395397875632,102.88395397875632,16.034010265581077,17.996339516599893
11,e,97.29382974510511,98.98120129669695,21.014737200266648,21.509329633305324
12,e,102.88395397875632,102.88395397875632,73.45662605870108,73.45662605870108
13,na,102.88395397875632,102.88395397875632,73.45662605870108,73.45662605870108
14,e,102.88395397875632,102.88395397875632,24.732517673901814,26.499123177395948
15,na,42.18814656825827,44.31794516207137,73.45662605870108,73.45662605870108
16,na,102.88395397875632,102.88395397875632,73.45662605870108,73.45662605870108
17,e,102.88395397875632,102.88395397875632,73.45662605870108,73.45662605870108
18,na,102.88395397875632,102.88395397875632,24.913775082047394,32.02398218198451
19,e,102.88395397875632,102.88395397875632,73.45662605870108,73.45662605870108
20,na,102.88395397875632,102.88395397875632,37.675172594285804,38.93832213173752
21,e,102.88395397875632,102.88395397875632,38.8988576045296,50.17498043746556
22,na,1.3185409729581696,3.8683801190797356,4.3309970445119506,11.015692081479024
23,na,102.88395397875632,102.88395397875632,17.796853039117018,24.608308424842257
24,e,102.88395397875632,102.88395397875632,29.785895904234486,30.337173319707986
25,e,102.88395397875632,102.88395397875632,73.45662605870108,73.45662605870108
26,e,102.88395397875632,102.88395397875632,73.45662605870108,73.45662605870108
27,e,102.88395397875632,102.88395397875632,73.45662605870108,73.45662605870108
28,na,102.88395397875632,102.88395397875632,21.92925126492341,22.19942595194619
29,e,68.61252901503647,70.95311768252746,18.227776768695783,26.06876957165564
30,e,102.88395397875632,102.88395397875632,31.13538447996682,73.45662605870108
31,e,20.556473688689103,22.710263592493543,73.45662605870108,73.45662605870108
32,na,102.88395397875632,102.88395397875632,40.73610041672828,46.1679975372694
33,na,102.88395397875632,102.88395397875632,73.45662605870108,73.45662605870108
34,e,102.88395397875632,102.88395397875632,34.22676589952103,45.041225917065574
35,e,102.88395397875632,102.88395397875632,73.45662605870108,73.45662605870108
36,e,37.565117904612634,41.1198949923913,55.10750789217375,58.098425345118116
37,na,43.20433012403364,45.66856890272599,73.45662605870108,73.45662605870108
38,e,102.88395397875632,102.88395397875632,29.12822350493331,40.1495331871594
39,e,102.88395397875632,102.88395397875632,73.45662605870108,73.45662605870108
40,e,102.88395397875632,102.88395397875632,36.17181582169489,38.757660790250846
41,na,53.9218616746623,55.68245068400351,14.746967880312459,20.7666914323524
42,na,102.88395397875632,102.88395397875632,73.45662605870108,73.45662605870108
43,na,102.88395397875632,102.88395397875632,73.45662605870108,73.45662605870108
44,na,102.88395397875632,102.88395397875632,15.183567215485803,42.382852050310284
45,e,102.88395397875632,102.88395397875632,73.45662605870108,73.45662605870108
46,e,102.88395397875632,102.88395397875632,35.796820284723935,36.82243337907662
47,e,102.88395397875632,102.88395397875632,73.45662605870108,73.45662605870108
48,na,102.88395397875632,102.88395397875632,73.45662605870108,73.45662605870108
49,e,3.771557993436742,24.120343232114354,20.044646657591375,29.18298029490802
50,e,102.88395397875632,102.88395397875632,27.901299592068234,30.673626237117038
51,e,55.35666152999173,57.219625871963096,73.45662605870108,73.45662605870108
52,e,102.88395397875632,102.88395397875632,73.45662605870108,73.45662605870108
53,e,102.88395397875632,102.88395397875632,73.45662605870108,73.45662605870108
54,na,102.88395397875632,102.88395397875632,73.45662605870108,73.45662605870108
55,e,102.88395397875632,102.88395397875632,19.509083354268633,34.04752704330205
56,e,14.705814815305303,15.440089296108585,27.375915051173205,30.09439713683776
57,e,102.88395397875632,102.88395397875632,73.45662605870108,73.45662605870108
58,na,102.88395397875632,102.88395397875632,19.3037487623276,20.067360468388898
59,e,102.88395397875632,102.88395397875632,73.45662605870108,73.45662605870108
60,e,102.88395397875632,102.88395397875632,73.45662605870108,73.45662605870108
61,e,102.88395397875632,102.88395397875632,73.45662605870108,73.45662605870108
62,e,102.88395397875632,102.88395397875632,45.08529827437202,49.82043799592378
63,e,102.88395397875632,102.88395397875632,73.45662605870108,73.45662605870108
64,e,102.88395397875632,102.88395397875632,73.45662605870108,73.45662605870108
65,e,102.88395397875632,102.88395397875632,73.45662605870108,73.45662605870108
66,e,102.88395397875632,102.88395397875632,73.45662605870108,73.45662605870108
67,e,102.88395397875632,102.88395397875632,23.186897297548533,24.336421030554543
68,na,23.75317612201757,29.92931382146446,5.187398164146015,8.450483701955664
69,na,102.88395397875632,102.88395397875632,73.45662605870108,73.45662605870108
70,e,102.88395397875632,102.88395397875632,10.486062232683798,15.142383528930626
71,na,39.48891314878391,42.33482058653598,14.332825662016194,23.257752993364043
72,e,102.88395397875632,102.88395397875632,73.45662605870108,73.45662605870108
73,e,102.88395397875632,102.88395397875632,73.45662605870108,73.45662605870108
74,e,102.88395397875632,102.88395397875632,13.693287154197337,23.546445896129562
75,na,102.88395397875632,102.88395397875632,73.45662605870108,73.45662605870108
76,na,102.88395397875632,102.88395397875632,73.45662605870108,73.45662605870108
77,e,102.88395397875632,102.88395397875632,73.45662605870108,73.45662605870108
78,e,102.88395397875632,102.88395397875632,73.45662605870108,73.45662605870108
79,e,102.88395397875632,102.88395397875632,15.18976854173754,17.61793012423808
80,na,49.53238230444623,64.29606109528879,15.873709211185272,18.230126301584903
81,na,102.88395397875632,102.88395397875632,73.45662605870108,73.45662605870108
82,na,4.150833796102767,8.251924305632363,6.949439382689062,9.245350555442347
83,e,102.88395397875632,102.88395397875632,73.45662605870108,73.45662605870108
84,e,102.88395397875632,102.88395397875632,18.47424789616892,23.235166416951003
85,na,102.88395397875632,102.88395397875632,73.45662605870108,73.45662605870108
86,e,102.88395397875632,102.88395397875632,73.45662605870108,73.45662605870108
87,e,102.88395397875632,102.88395397875632,73.45662605870108,73.45662605870108
88,e,8.901089839054405,10.061258395681838,73.45662605870108,73.45662605870108
89,na,29.811563991503185,37.14125322570933,26.70246194900128,27.994691035172025
90,e,102.88395397875632,102.88395397875632,73.45662605870108,73.45662605870108
91,e,102.88395397875632,102.88395397875632,73.45662605870108,73.45662605870108
92,na,102.88395397875632,102.88395397875632,73.45662605870108,73.45662605870108
93,na,102.88395397875632,102.88395397875632,73.45662605870108,73.45662605870108
94,na,102.88395397875632,102.88395397875632,73.45662605870108,73.45662605870108
95,e,102.88395397875632,102.88395397875632,73.45662605870108,73.45662605870108
96,e,102.88395397875632,102.88395397875632,23.331616353672157,73.45662605870108
97,e,65.5593895494474,68.76298187833811,73.45662605870108,73.45662605870108
98,e,102.88395397875632,102.88395397875632,73.45662605870108,73.45662605870108
99,e,31.61326195289808,36.707472546996,25.205051893042892,29.698027086903444
100,e,67.30047397118321,68.37224479495083,73.45662605870108,73.45662605870108
101,e,102.88395397875632,102.88395397875632,73.45662605870108,73.45662605870108
102,e,102.88395397875632,102.88395397875632,73.45662605870108,73.45662605870108
103,na,102.88395397875632,102.88395397875632,73.45662605870108,73.45662605870108
104,e,102.88395397875632,102.88395397875632,73.45662605870108,73.45662605870108
105,e,102.88395397875632,102.88395397875632,17.787510016819464,27.994463515587398
106,e,102.88395397875632,102.88395397875632,73.45662605870108,73.45662605870108
107,e,102.88395397875632,102.88395397875632,73.45662605870108,73.45662605870108
108,na,0,0.7169900748111302,0,2.718381344494932
109,e,102.88395397875632,102.88395397875632,17.32379264239557,73.45662605870108
110,na,102.88395397875632,102.88395397875632,33.17051988529364,34.28292904389554
111,e,102.88395397875632,102.88395397875632,38.00783962960978,38.93675238673186
112,e,102.88395397875632,102.88395397875632,73.45662605870108,73.45662605870108
113,na,102.88395397875632,102.88395397875632,73.45662605870108,73.45662605870108
114,e,102.88395397875632,102.88395397875632,73.45662605870108,73.45662605870108
115,e,102.88395397875632,102.88395397875632,24.693270239857732,24.773960469268932
116,e,102.88395397875632,102.88395397875632,33.21574224418848,43.38324331896295
117,e,28.485519476590234,41.86476682752904,17.37700959552426,17.456004198776082
118,e,29.012452771361595,29.239057141246786,44.59042126726658,45.18485349814717
119,e,102.88395397875632,102.88395397875632,36.43630183442161,39.411591435469944
120,na,13.145143240640401,16.705858107142696,73.45662605870108,73.45662605870108
121,e,61.55987941133978,102.88395397875632,15.118098014119944,17.088452971710073
122,e,102.88395397875632,102.88395397875632,73.45662605870108,73.45662605870108
123,e,102.88395397875632,102.88395397875632,45.05469862582956,45.49875302762913
124,na,102.88395397875632,102.88395397875632,73.45662605870108,73.45662605870108
125,e,102.88395397875632,102.88395397875632,73.45662605870108,73.45662605870108
126,e,102.88395397875632,102.88395397875632,27.579037860961517,28.149290200587917
127,e,102.88395397875632,102.88395397875632,7.627767737056595,14.735088818708022
128,e,46.83940475290802,72.2490163701725,29.12118993377315,32.18452168835725
129,e,102.88395397875632,102.88395397875632,38.62649082425766,54.26467651504079
130,e,102.88395397875632,102.88395397875632,32.112339112106,40.277090055406134
131,e,102.88395397875632,102.88395397875632,23.25034072496965,25.049248171507383
132,e,102.88395397875632,102.88395397875632,18.28642000139916,23.022339264139706
133,e,57.63669673945496,60.206628335924584,16.95135574039738,18.718330546857374
134,na,102.88395397875632,102.88395397875632,73.45662605870108,73.45662605870108
135,e,37.91841111452931,38.90361063173292,17.60659201154727,19.81999674666395
136,e,102.88395397875632,102.88395397875632,73.45662605870108,73.45662605870108
137,na,61.61603205126593,68.94802249298617,11.7197029,13.913139981663944
138,e,102.88395397875632,102.88395397875632,73.45662605870108,73.45662605870108
139,na,102.88395397875632,102.88395397875632,23.31152402687339,28.735194613593904
140,e,58.64433697317071,61.25842479146846,18.32573453794766,18.667396392346216
141,na,60.01060985862304,61.19926651468982,73.45662605870108,73.45662605870108
142,na,102.88395397875632,102.88395397875632,38.316014472381454,39.00673086902207
143,e,102.88395397875632,102.88395397875632,73.45662605870108,73.45662605870108
144,na,102.88395397875632,102.88395397875632,73.45662605870108,73.45662605870108
145,e,102.88395397875632,102.88395397875632,12.152999955392938,13.72128522569951
146,na,102.88395397875632,102.88395397875632,73.45662605870108,73.45662605870108
147,na,56.92480545818163,63.014503564339314,42.14459434265899,45.74370410505341
148,na,102.88395397875632,102.88395397875632,32.972879710383566,45.1554681933905
149,e,102.88395397875632,102.88395397875632,26.227302988966933,28.444653715122634
150,na,102.88395397875632,102.88395397875632,36.68704872950057,40.887633684532254
151,na,102.88395397875632,102.88395397875632,21.66463130326117,22.61993315072413
152,na,43.49954247492538,47.87034158020934,13.682025092124434,17.421046009709166
153,e,102.88395397875632,102.88395397875632,73.45662605870108,73.45662605870108
154,e,50.01319376561364,102.88395397875632,15.963042102010547,18.748637194148685
155,e,102.88395397875632,102.88395397875632,50.76044576005461,57.44228434015157
156,e,102.88395397875632,102.88395397875632,73.45662605870108,73.45662605870108
157,e,13.188485265379981,14.603656310875992,73.45662605870108,73.45662605870108
158,e,21.847451629107265,22.44174177613926,34.26442502306029,35.04333731189527
159,e,102.88395397875632,102.88395397875632,73.45662605870108,73.45662605870108
160,e,102.88395397875632,102.88395397875632,48.90929728320682,62.87888893319455
161,e,102.88395397875632,102.88395397875632,73.45662605870108,73.45662605870108
162,e,102.88395397875632,102.88395397875632,73.45662605870108,73.45662605870108
163,e,102.88395397875632,102.88395397875632,73.45662605870108,73.45662605870108
164,e,27.02345184016567,27.949635319662164,22.29260153419481,27.70189907896823
165,e,102.88395397875632,102.88395397875632,25.621422357037797,33.004373286308756
166,e,102.88395397875632,102.88395397875632,73.45662605870108,73.45662605870108
167,e,38.96364990054226,39.840492168183836,14.362149174047914,25.400215651592866
168,e,102.88395397875632,102.88395397875632,30.816773236233306,34.714645535937194
169,e,102.88395397875632,102.88395397875632,39.37264645537664,48.68902637531014
170,na,36.58728465195821,102.88395397875632,26.308584683738363,27.157350378405567
171,e,102.88395397875632,102.88395397875632,73.45662605870108,73.45662605870108
172,e,102.88395397875632,102.88395397875632,73.45662605870108,73.45662605870108
173,e,102.88395397875632,102.88395397875632,73.45662605870108,73.45662605870108
174,na,102.88395397875632,102.88395397875632,17.90785938180663,18.508219347685493
175,e,70.78098130811976,76.69609776841992,30.452688232774417,35.205675297789796
176,e,102.88395397875632,102.88395397875632,44.70399438806577,45.92830663089727
177,e,102.88395397875632,102.88395397875632,73.45662605870108,73.45662605870108
178,e,38.884465599476,39.03239611923573,43.97019285561307,44.44462359464558
179,e,102.88395397875632,102.88395397875632,73.45662605870108,73.45662605870108
180,e,102.88395397875632,102.88395397875632,32.3952971389948,32.776624974229804
181,na,19.567941739831767,29.985249217960895,17.499202382926008,17.641375067119604
182,e,58.50094575436259,66.81764671150466,73.45662605870108,73.45662605870108
183,na,0,0.8786098869179145,0,3.0870925267129348
184,e,102.88395397875632,102.88395397875632,73.45662605870108,73.45662605870108
185,e,102.88395397875632,102.88395397875632,20.46061065272041,23.673564258276045
186,na,12.11080437421562,21.396181863054164,1.6516467412129532,5.810805030507853
187,na,102.88395397875632,102.88395397875632,16.243087744306894,18.053969192640576
188,e,102.88395397875632,102.88395397875632,7.538474546399799,16.140532177647167
189,e,102.88395397875632,102.88395397875632,73.45662605870108,73.45662605870108
190,e,102.88395397875632,102.88395397875632,73.45662605870108,73.45662605870108
191,e,102.88395397875632,102.88395397875632,14.286396534090654,14.799136707992675
192,na,102.88395397875632,102.88395397875632,44.8219869602368,52.43622632127161
193,e,102.88395397875632,102.88395397875632,73.45662605870108,73.45662605870108
194,e,102.88395397875632,102.88395397875632,33.37893752794411,33.877297565670695
195,e,83.0500734956831,83.09056709764867,30.12750005382795,38.960440581526406
196,na,41.51150369716027,56.791573214237545,73.45662605870108,73.45662605870108
197,e,72.49385802328543,77.75457033349674,12.821472117375055,15.868890637217802
198,e,102.88395397875632,102.88395397875632,73.45662605870108,73.45662605870108
199,e,6.277167622417737,7.4849049047999605,73.45662605870108,73.45662605870108
200,e,102.88395397875632,102.88395397875632,73.45662605870108,73.45662605870108
201,e,102.88395397875632,102.88395397875632,8.528085531311207,11.71379523122311
202,e,102.88395397875632,102.88395397875632,26.44148607448353,43.849254207585396
203,na,102.88395397875632,102.88395397875632,73.45662605870108,73.45662605870108
204,e,38.76943185714905,40.04833241111082,23.87056065430254,26.187655679974014
205,na,102.88395397875632,102.88395397875632,73.45662605870108,73.45662605870108
206,e,102.88395397875632,102.88395397875632,73.45662605870108,73.45662605870108
207,e,102.88395397875632,102.88395397875632,21.369101680532257,22.22813646759243
208,na,10.12380558332876,15.490649459997574,73.45662605870108,73.45662605870108
209,e,102.88395397875632,102.88395397875632,39.91102410003089,47.84262879247892
210,na,102.88395397875632,102.88395397875632,73.45662605870108,73.45662605870108
211,e,102.88395397875632,102.88395397875632,73.45662605870108,73.45662605870108
212,na,102.88395397875632,102.88395397875632,73.45662605870108,73.45662605870108
213,e,102.88395397875632,102.88395397875632,73.45662605870108,73.45662605870108
214,e,102.88395397875632,102.88395397875632,36.3767269290663,41.22956198023715
215,e,102.88395397875632,102.88395397875632,19.914872146974826,22.88838471083804
216,e,102.88395397875632,102.88395397875632,29.76727016329559,35.09351837289021
217,e,102.88395397875632,102.88395397875632,73.45662605870108,73.45662605870108
218,e,95.82909541461791,96.92113720939994,36.46972874392091,36.90013895964637
219,e,84.01961227793745,91.14386853303301,10.06038846178221,12.464746315873697
220,na,102.88395397875632,102.88395397875632,73.45662605870108,73.45662605870108
221,e,102.88395397875632,102.88395397875632,29.038412899290847,31.222983233700567
222,e,102.88395397875632,102.88395397875632,73.45662605870108,73.45662605870108
223,e,64.26367212111575,80.08664853624727,42.462118136395105,44.98192349452161
224,e,102.88395397875632,102.88395397875632,43.12679449057522,44.78045901171417
225,e,102.88395397875632,102.88395397875632,27.46251461974836,30.178373176469698
226,na,102.88395397875632,102.88395397875632,36.13566842401329,44.576935867850885
227,na,102.88395397875632,102.88395397875632,5.349571084460426,9.406483900758566
228,e,102.88395397875632,102.88395397875632,73.45662605870108,73.45662605870108
229,na,102.88395397875632,102.88395397875632,73.45662605870108,73.45662605870108
230,e,102.88395397875632,102.88395397875632,73.45662605870108,73.45662605870108
231,e,102.88395397875632,102.88395397875632,73.45662605870108,73.45662605870108
232,na,36.805414487828145,48.83577220334644,73.45662605870108,73.45662605870108
233,e,43.02377866916008,44.42274061901845,3.263580063522068,13.339800290216274
234,e,102.88395397875632,102.88395397875632,73.45662605870108,73.45662605870108
235,e,102.88395397875632,102.88395397875632,73.45662605870108,73.45662605870108
236,e,102.88395397875632,102.88395397875632,8.903924986881677,16.81861353818341
237,e,102.88395397875632,102.88395397875632,22.036652992715197,26.33223415131018
238,e,102.88395397875632,102.88395397875632,39.697898985280254,40.728633751873026
239,na,14.186939745330722,102.88395397875632,9.779796821656102,10.389687810253742
240,na,102.88395397875632,102.88395397875632,73.45662605870108,73.45662605870108
241,na,52.421120781010245,54.534101924452095,73.45662605870108,73.45662605870108
242,e,29.487926160385445,42.66235123488969,24.65599593870848,26.15008883888689
243,e,102.88395397875632,102.88395397875632,29.288832108419953,31.96696949599142
244,e,102.88395397875632,102.88395397875632,73.45662605870108,73.45662605870108
245,e,102.88395397875632,102.88395397875632,28.383191719797743,73.45662605870108
246,e,49.30788927066111,60.27401906235973,24.17808450883565,32.308659982268814
247,na,102.88395397875632,102.88395397875632,73.45662605870108,73.45662605870108
248,e,102.88395397875632,102.88395397875632,73.45662605870108,73.45662605870108
249,e,102.88395397875632,102.88395397875632,73.45662605870108,73.45662605870108
250,e,102.88395397875632,102.88395397875632,73.45662605870108,73.45662605870108
251,na,2.288492583134654,6.978055522050367,14.84362360678797,33.40077089481649
252,e,50.355836173364295,58.905946571164726,15.803267744310972,17.377804873680493
253,na,-1,0,-1,0
254,e,102.88395397875632,102.88395397875632,73.45662605870108,73.45662605870108
255,na,102.88395397875632,102.88395397875632,73.45662605870108,73.45662605870108
256,e,102.88395397875632,102.88395397875632,73.45662605870108,73.45662605870108
257,na,0,1.1995038603287589,0,0.9068052929865774
258,e,102.88395397875632,102.88395397875632,16.584529320563007,22.82172542652173
259,e,102.88395397875632,102.88395397875632,73.45662605870108,73.45662605870108
260,e,49.75900739563806,50.08777332515556,14.122785354611322,19.603175579097197
261,e,102.88395397875632,102.88395397875632,23.267838668475914,27.235318644487982
262,e,102.88395397875632,102.88395397875632,73.45662605870108,73.45662605870108
263,e,27.448439174673926,41.25778362602843,23.189219931433367,26.855713770282993
264,e,40.77953513446017,45.21781095766279,22.883249818235438,27.48550191437398
265,na,102.88395397875632,102.88395397875632,73.45662605870108,73.45662605870108
266,e,102.88395397875632,102.88395397875632,73.45662605870108,73.45662605870108
267,e,102.88395397875632,102.88395397875632,73.45662605870108,73.45662605870108
268,e,102.88395397875632,102.88395397875632,21.31493744444926,24.02947722484938
269,e,54.86252470149863,59.80726431209717,20.4897118867772,22.40722062355519
270,e,51.44572874883072,56.44481204338509,34.59058741073323,34.873158247226144
271,na,102.88395397875632,102.88395397875632,9.824991956796502,73.45662605870108
272,na,102.88395397875632,102.88395397875632,30.626727028673034,38.2502372220149
273,na,0,5.997637705858838,0,1.9532255029541457
274,e,102.88395397875632,102.88395397875632,25.883850661876547,28.04955323516991
275,e,102.88395397875632,102.88395397875632,34.09617438100418,40.68583157267863
276,na,102.88395397875632,102.88395397875632,33.20695211766312,33.91300759352474
277,e,102.88395397875632,102.88395397875632,73.45662605870108,73.45662605870108
278,na,102.88395397875632,102.88395397875632,73.45662605870108,73.45662605870108
279,e,44.1871756614284,46.79431823907303,73.45662605870108,73.45662605870108
280,e,102.88395397875632,102.88395397875632,73.45662605870108,73.45662605870108
281,na,53.71192582180282,61.181976635706526,20.17046674943368,21.21230144095475
282,e,102.88395397875632,102.88395397875632,26.635137554319126,34.428543447021326
283,e,102.88395397875632,102.88395397875632,73.45662605870108,73.45662605870108
284,e,102.88395397875632,102.88395397875632,73.45662605870108,73.45662605870108
285,na,102.88395397875632,102.88395397875632,73.45662605870108,73.45662605870108
286,e,102.88395397875632,102.88395397875632,32.105298555580525,37.009872563305464
287,e,102.88395397875632,102.88395397875632,73.45662605870108,73.45662605870108
288,e,102.88395397875632,102.88395397875632,72.38088800201265,73.45662605870108
289,e,102.88395397875632,102.88395397875632,22.796430195807545,26.62154362506549
290,e,52.76502464987182,58.51689422366761,73.45662605870108,73.45662605870108
291,e,102.88395397875632,102.88395397875632,36.05744816639372,40.91008546659277
292,e,102.88395397875632,102.88395397875632,23.438180449318896,24.02906879963325
293,na,102.88395397875632,102.88395397875632,73.45662605870108,73.45662605870108
294,e,41.61729366803776,42.2812297613038,41.60733491848403,42.16363406269377
295,e,102.88395397875632,102.88395397875632,45.30082397365257,49.04086936632755
296,na,102.88395397875632,102.88395397875632,73.45662605870108,73.45662605870108
297,e,102.88395397875632,102.88395397875632,24.566779441384664,25.142534029565162
298,e,16.34308812320756,17.155448935307184,16.88755818114213,73.45662605870108
299,e,102.88395397875632,102.88395397875632,32.86119896522717,35.11332485035554
300,e,102.88395397875632,102.88395397875632,12.836866235333435,17.00267548852795
301,e,46.49368990347378,102.88395397875632,12.765423986010665,13.299096600336151
302,e,60.49595096435283,63.564024319257015,73.45662605870108,73.45662605870108
303,e,102.88395397875632,102.88395397875632,73.45662605870108,73.45662605870108
304,na,47.42233422769978,50.495431283873415,73.45662605870108,73.45662605870108
305,e,102.88395397875632,102.88395397875632,73.45662605870108,73.45662605870108
306,e,102.88395397875632,102.88395397875632,39.88425373286529,56.86843546869337
307,e,91.37108418594657,93.97018059430134,22.098880164479365,34.453448549045305
308,e,102.88395397875632,102.88395397875632,73.45662605870108,73.45662605870108
309,e,65.1219909124408,72.86482869089869,73.45662605870108,73.45662605870108
310,e,44.386539147753226,44.91436793753152,19.842018386773123,25.20307981702281
311,na,21.813731806882316,27.91925265268264,14.019780420918742,14.030668747976225
312,na,102.88395397875632,102.88395397875632,60.77805001578488,61.3964149443369
313,e,102.88395397875632,102.88395397875632,73.45662605870108,73.45662605870108
314,na,102.88395397875632,102.88395397875632,73.45662605870108,73.45662605870108
315,e,102.88395397875632,102.88395397875632,73.45662605870108,73.45662605870108
316,e,1.8504666645914332,2.649694004083585,29.84415127352269,31.928783876433414
317,e,102.88395397875632,102.88395397875632,64.16546714193255,64.34345004882864
318,na,1.0683551806386635,1.2251352437614327,6.667988711965333,18.99422249428696
319,e,102.88395397875632,102.88395397875632,32.06555832356013,34.4429443677047
320,e,102.88395397875632,102.88395397875632,73.45662605870108,73.45662605870108
321,e,102.88395397875632,102.88395397875632,7.1352335671972105,7.569409898807968
322,na,102.88395397875632,102.88395397875632,28.44807637800502,32.31056550931375
323,na,102.88395397875632,102.88395397875632,8.83172624567872,14.489466249344758
324,e,102.88395397875632,102.88395397875632,73.45662605870108,73.45662605870108
325,na,75.9190068495224,89.13620977730187,12.893203324471004,24.01669797426046
326,e,102.88395397875632,102.88395397875632,24.367199494609682,34.744996867549204
327,e,102.88395397875632,102.88395397875632,26.22555750341862,28.17068102971649
328,e,102.88395397875632,102.88395397875632,73.45662605870108,73.45662605870108
329,e,102.88395397875632,102.88395397875632,7.379143103280517,18.755753496093817
330,e,20.73356701772152,22.001631121472933,19.29562976515096,20.716692929756995
331,e,7.020084571706296,7.157182603589937,11.649572962597166,13.380378261035846
332,e,102.88395397875632,102.88395397875632,10.35096871066166,10.620258413792497
333,e,102.88395397875632,102.88395397875632,73.45662605870108,73.45662605870108
334,e,102.88395397875632,102.88395397875632,7.371030358704568,20.609263549640886
335,e,102.88395397875632,102.88395397875632,11.968087030844778,13.947566147750193
336,e,102.88395397875632,102.88395397875632,8.65521081348377,10.447817230956208
337,e,33.45626405519927,36.672379901542165,30.838966495987655,31.443594949882744
338,e,102.88395397875632,102.88395397875632,73.45662605870108,73.45662605870108
339,e,102.88395397875632,102.88395397875632,73.45662605870108,73.45662605870108
340,e,28.333492949617906,35.48360568264325,73.45662605870108,73.45662605870108
341,e,102.88395397875632,102.88395397875632,73.45662605870108,73.45662605870108
342,e,102.88395397875632,102.88395397875632,33.4502650411389,34.35511650618005
343,e,35.61769605993935,37.78408555270931,15.638586662347011,23.995133150141225
344,e,102.88395397875632,102.88395397875632,30.554262557049174,31.13581581179226
345,e,102.88395397875632,102.88395397875632,73.45662605870108,73.45662605870108
346,na,102.88395397875632,102.88395397875632,19.950717898524477,23.25223891028685
347,e,40.080224787550875,41.5386700997548,24.453131905570537,33.443038932333366
348,na,102.88395397875632,102.88395397875632,73.45662605870108,73.45662605870108
349,e,24.80964025789135,36.4719315513032,34.597914616252034,36.29630766514218
350,e,14.859744717583942,24.32221488597208,18.819485759317008,28.92379914204271
351,na,102.88395397875632,102.88395397875632,13.523170030155907,22.59028363711875
352,e,59.11627333580193,61.00089591740728,42.505508354983576,47.18920996660537
353,e,102.88395397875632,102.88395397875632,29.124168656664068,34.76161445481536
354,na,102.88395397875632,102.88395397875632,11.469329067561558,20.730138447779566
355,na,3.5881554711109485,23.47252392300733,8.057955495661098,9.997245522056847
356,e,102.88395397875632,102.88395397875632,28.80926104247734,28.92480696018631
357,e,22.23508486572732,28.279383426068,10.970614189171991,19.766097116571967
358,na,102.88395397875632,102.88395397875632,13.26405774437398,13.731197100337493
359,e,28.17257001703034,28.20957747865421,18.61815964785272,26.74505766040623
360,e,102.88395397875632,102.88395397875632,13.092328967686003,15.113008671072656
361,e,102.88395397875632,102.88395397875632,73.45662605870108,73.45662605870108
362,e,102.88395397875632,102.88395397875632,73.45662605870108,73.45662605870108
363,na,102.88395397875632,102.88395397875632,49.441950645155174,50.653911021663056
364,na,102.88395397875632,102.88395397875632,36.08900205609609,40.60904383166142
365,e,102.88395397875632,102.88395397875632,73.45662605870108,73.45662605870108
366,na,102.88395397875632,102.88395397875632,73.45662605870108,73.45662605870108
367,e,102.88395397875632,102.88395397875632,73.45662605870108,73.45662605870108
368,e,102.88395397875632,102.88395397875632,73.45662605870108,73.45662605870108
369,e,102.88395397875632,102.88395397875632,73.45662605870108,73.45662605870108
370,e,47.841845951507175,51.21822460455556,73.45662605870108,73.45662605870108
371,e,69.92132338223269,70.23574863779616,28.166654108125172,30.301458023495666
372,e,50.00481088423358,102.88395397875632,15.43375873718521,73.45662605870108
373,e,102.88395397875632,102.88395397875632,73.45662605870108,73.45662605870108
374,na,63.231119937053,63.591486285204134,12.354604878194657,13.608741869234384
375,na,26.394752042271467,27.39490649532485,29.32529167019253,33.379415117813366
376,e,102.88395397875632,102.88395397875632,73.45662605870108,73.45662605870108
377,na,102.88395397875632,102.88395397875632,73.45662605870108,73.45662605870108
378,e,45.07854322462046,47.576590492378585,21.991262048248355,25.45177833426804
379,e,12.663010919182492,15.253284227878039,73.45662605870108,73.45662605870108
380,e,102.88395397875632,102.88395397875632,27.22017679458459,34.48841105449104
381,na,102.88395397875632,102.88395397875632,26.01082694556305,31.03201930557979
382,e,102.88395397875632,102.88395397875632,15.59973758948716,20.674359715964407
383,e,102.88395397875632,102.88395397875632,73.45662605870108,73.45662605870108
384,e,102.88395397875632,102.88395397875632,73.45662605870108,73.45662605870108
385,e,102.88395397875632,102.88395397875632,36.45215516108925,36.8015047859827
386,e,102.88395397875632,102.88395397875632,73.45662605870108,73.45662605870108
387,e,27.022918831224782,36.8333069293918,15.273066808830869,26.92047554943296
388,e,102.88395397875632,102.88395397875632,73.45662605870108,73.45662605870108
389,e,102.88395397875632,102.88395397875632,32.66132786295654,36.0581667216916
390,e,102.88395397875632,102.88395397875632,29.696006612297836,42.67432380720451
391,e,102.88395397875632,102.88395397875632,35.17866345874255,35.51231584272021
392,e,78.39572451436644,78.54566613577505,73.45662605870108,73.45662605870108
393,e,102.88395397875632,102.88395397875632,73.45662605870108,73.45662605870108
394,e,102.88395397875632,102.88395397875632,73.45662605870108,73.45662605870108
395,e,20.121784331041315,20.376103296639883,7.771838632703228,11.393338002374724
396,e,102.88395397875632,102.88395397875632,73.45662605870108,73.45662605870108
397,e,102.88395397875632,102.88395397875632,73.45662605870108,73.45662605870108
398,e,102.88395397875632,102.88395397875632,26.880950755315933,31.85002563879115
399,na,40.324477786879676,44.20750782339678,16.190839376451315,24.762793125361686
400,na,102.88395397875632,102.88395397875632,73.45662605870108,73.45662605870108
401,e,102.88395397875632,102.88395397875632,73.45662605870108,73.45662605870108
402,na,102.88395397875632,102.88395397875632,73.45662605870108,73.45662605870108
403,na,102.88395397875632,102.88395397875632,73.45662605870108,73.45662605870108
404,e,102.88395397875632,102.88395397875632,73.45662605870108,73.45662605870108
405,e,102.88395397875632,102.88395397875632,27.33652186951959,27.653835163892456
406,na,102.88395397875632,102.88395397875632,73.45662605870108,73.45662605870108
407,e,102.88395397875632,102.88395397875632,73.45662605870108,73.45662605870108
408,e,28.79291667718461,31.81582352485711,73.45662605870108,73.45662605870108
409,e,102.88395397875632,102.88395397875632,23.459502838548,25.69180398579599
410,na,102.88395397875632,102.88395397875632,73.45662605870108,73.45662605870108
411,e,102.88395397875632,102.88395397875632,32.229163212457806,41.78154383566107
412,e,102.88395397875632,102.88395397875632,73.45662605870108,73.45662605870108
413,e,102.88395397875632,102.88395397875632,13.466421554504715,17.579783792290254
414,e,102.88395397875632,102.88395397875632,21.63323778969352,23.423747767624857
415,e,102.88395397875632,102.88395397875632,73.45662605870108,73.45662605870108
416,na,102.88395397875632,102.88395397875632,45.65009737055329,47.015461754210754
417,na,102.88395397875632,102.88395397875632,16.466248744113976,17.92702045565561
418,e,102.88395397875632,102.88395397875632,36.75518156602481,48.616860285733566
419,na,0,11.887843048111879,0,1.248940926728433
420,e,102.88395397875632,102.88395397875632,21.735783853112405,22.08407985145315
421,e,102.88395397875632,102.88395397875632,73.45662605870108,73.45662605870108
422,e,25.468085742400678,35.648965685821246,28.579124128597236,32.34291316784692
423,e,38.25435721783216,41.22795092045287,13.134809130809304,14.448503926172505
424,e,102.88395397875632,102.88395397875632,73.45662605870108,73.45662605870108
425,e,66.62840318657045,102.88395397875632,3.249399902017522,4.245557738732977
426,e,46.696469073983685,67.75624494592127,39.95823884036566,44.7932114916049
427,e,89.49241245366801,102.88395397875632,73.45662605870108,73.45662605870108
428,e,102.88395397875632,102.88395397875632,73.45662605870108,73.45662605870108
429,e,102.88395397875632,102.88395397875632,16.863353779717194,73.45662605870108
430,e,38.98104349986574,42.64163507093966,15.649592750350383,20.494362200676125
431,e,102.88395397875632,102.88395397875632,73.45662605870108,73.45662605870108
432,e,102.88395397875632,102.88395397875632,31.09933413169317,34.43341992872021
433,e,102.88395397875632,102.88395397875632,27.418092881116404,33.84962821336841
434,na,0,0.6613439269726671,0,2.6183415756781336
435,e,102.88395397875632,102.88395397875632,26.12267363255645,29.909926475668282
436,na,21.53423520897313,23.28684109884971,73.45662605870108,73.45662605870108
437,e,102.88395397875632,102.88395397875632,15.77378825985143,17.809438870599195
438,e,24.80102803439519,42.31842935195412,19.66667365282431,26.8120803659273
439,e,102.88395397875632,102.88395397875632,73.45662605870108,73.45662605870108
440,e,102.88395397875632,102.88395397875632,73.45662605870108,73.45662605870108
441,na,102.88395397875632,102.88395397875632,73.45662605870108,73.45662605870108
442,e,102.88395397875632,102.88395397875632,29.406314309871764,30.72437693312975
443,na,102.88395397875632,102.88395397875632,73.45662605870108,73.45662605870108
444,e,102.88395397875632,102.88395397875632,8.51051449530222,73.45662605870108
445,e,102.88395397875632,102.88395397875632,73.45662605870108,73.45662605870108
446,e,102.88395397875632,102.88395397875632,34.0768840822102,41.12640815336305
447,e,102.88395397875632,102.88395397875632,73.45662605870108,73.45662605870108
448,e,102.88395397875632,102.88395397875632,73.45662605870108,73.45662605870108
449,e,102.88395397875632,102.88395397875632,29.72890498996453,35.28420345879746
450,e,102.88395397875632,102.88395397875632,12.258805458934447,18.026565987004766
451,e,102.88395397875632,102.88395397875632,24.138057374802354,29.334873247194665
452,na,80.1866420891866,80.79305402597826,73.45662605870108,73.45662605870108
453,e,33.439433786309856,34.25513721684928,25.002737497714193,25.323511031157313
454,e,102.88395397875632,102.88395397875632,73.45662605870108,73.45662605870108
455,e,35.74096846570246,40.988508348264865,29.72955631935008,31.53116708236539
456,e,102.88395397875632,102.88395397875632,73.45662605870108,73.45662605870108
457,e,32.71683824381599,36.75840106754489,16.348045162077753,19.710965223490575
458,na,102.88395397875632,102.88395397875632,18.08002205067747,20.56808130818785
459,e,102.88395397875632,102.88395397875632,18.63186801707074,20.13978028893516
460,na,39.28258558483002,41.44805133065649,15.751984684163688,20.754187321017586
461,e,102.88395397875632,102.88395397875632,73.45662605870108,73.45662605870108
462,e,102.88395397875632,102.88395397875632,73.45662605870108,73.45662605870108
463,e,102.88395397875632,102.88395397875632,18.47078219672952,19.907530974885045
464,na,102.88395397875632,102.88395397875632,73.45662605870108,73.45662605870108
465,e,102.88395397875632,102.88395397875632,73.45662605870108,73.45662605870108
466,e,102.88395397875632,102.88395397875632,73.45662605870108,73.45662605870108
467,na,102.88395397875632,102.88395397875632,73.45662605870108,73.45662605870108
468,e,102.88395397875632,102.88395397875632,73.45662605870108,73.45662605870108
469,e,102.88395397875632,102.88395397875632,24.50462285251031,25.52087912861607
470,e,102.88395397875632,102.88395397875632,73.45662605870108,73.45662605870108
471,e,102.88395397875632,102.88395397875632,73.45662605870108,73.45662605870108
472,e,45.689111290349715,46.04681745748841,28.354924453900974,33.04002534971001
473,e,11.4594252200131,11.515093567790029,16.18672130974118,17.910572528957033
474,e,102.88395397875632,102.88395397875632,73.45662605870108,73.45662605870108
475,e,102.88395397875632,102.88395397875632,31.213622049212713,34.63357206698531
476,e,102.88395397875632,102.88395397875632,73.45662605870108,73.45662605870108
477,e,24.229353434510944,26.259389355379056,27.925493572570513,29.554901504165677
478,na,33.29715297518533,33.68275298619883,13.122016286000186,13.511073946319325
479,e,102.88395397875632,102.88395397875632,73.45662605870108,73.45662605870108
480,e,102.88395397875632,102.88395397875632,73.45662605870108,73.45662605870108
481,e,102.88395397875632,102.88395397875632,73.45662605870108,73.45662605870108
482,e,102.88395397875632,102.88395397875632,73.45662605870108,73.45662605870108
483,e,102.88395397875632,102.88395397875632,36.26756600370108,40.923795614819724
484,e,64.52455236511793,66.28809728584788,29.754377500770207,73.45662605870108
485,na,33.4045029377929,46.29806135131922,73.45662605870108,73.45662605870108
486,e,56.71255812735206,59.26034828839998,12.419385023163304,15.328126009099908
487,e,102.88395397875632,102.88395397875632,28.568716382000474,30.19050790182603
488,e,102.88395397875632,102.88395397875632,73.45662605870108,73.45662605870108
489,na,102.88395397875632,102.88395397875632,73.45662605870108,73.45662605870108
490,na,102.88395397875632,102.88395397875632,15.598916970102723,17.632844050720987
491,na,102.88395397875632,102.88395397875632,73.45662605870108,73.45662605870108
492,na,102.88395397875632,102.88395397875632,73.45662605870108,73.45662605870108
493,na,102.88395397875632,102.88395397875632,17.792546740504196,35.37222394875705
494,na,2.2667465948638443,3.3468015737870798,2.754188057860446,73.45662605870108
495,e,3.058607073880412,102.88395397875632,55.62912487705632,57.014708688662466
496,na,25.175671006764418,31.02275709084251,9.588483649504196,73.45662605870108
497,e,102.88395397875632,102.88395397875632,73.45662605870108,73.45662605870108
498,na,102.88395397875632,102.88395397875632,73.45662605870108,73.45662605870108
499,e,102.88395397875632,102.88395397875632,29.692504906056243,36.66888570411181
500,e,43.0807511172944,50.66869135552446,23.694799318331647,25.251087940931342
501,e,42.33845064955268,43.830006285886036,35.29248628700425,73.45662605870108
502,e,34.023157789887705,40.33743788983697,42.548773978301234,42.93319998306267
503,na,102.88395397875632,102.88395397875632,73.45662605870108,73.45662605870108
504,e,102.88395397875632,102.88395397875632,73.45662605870108,73.45662605870108
505,e,102.88395397875632,102.88395397875632,36.71375602180023,36.83116375824892
506,e,102.88395397875632,102.88395397875632,28.385800838764602,29.835032938392654
507,e,102.88395397875632,102.88395397875632,73.45662605870108,73.45662605870108
508,e,102.88395397875632,102.88395397875632,73.45662605870108,73.45662605870108
509,e,102.88395397875632,102.88395397875632,73.45662605870108,73.45662605870108
510,e,102.88395397875632,102.88395397875632,73.45662605870108,73.45662605870108
511,na,102.88395397875632,102.88395397875632,33.225150765994194,42.35777676863552
512,e,102.88395397875632,102.88395397875632,73.45662605870108,73.45662605870108
513,e,102.88395397875632,102.88395397875632,53.61949890037178,63.30947370593785
514,e,102.88395397875632,102.88395397875632,58.8822797089207,59.298955562801
515,na,52.3061626993652,55.21198012319126,33.65189026962799,34.580472406504654
516,na,22.39400865766102,32.09337627086077,21.053474516601312,31.377185841820737
517,e,24.744190449774667,27.79970119142238,17.039710210971393,24.33211405663669
518,e,50.44902561432435,51.268978969862324,27.286969912606036,28.301685737143863
519,na,67.22160781667085,67.99961325338275,22.709263520200082,35.30531310202072
520,e,102.88395397875632,102.88395397875632,32.393281740105266,33.47622376411813
521,na,102.88395397875632,102.88395397875632,73.45662605870108,73.45662605870108
522,e,102.88395397875632,102.88395397875632,26.349432565178596,29.88722789390927
523,e,58.469033570336826,102.88395397875632,73.45662605870108,73.45662605870108
524,e,102.88395397875632,102.88395397875632,73.45662605870108,73.45662605870108
525,e,32.745638838251914,33.71908974709912,73.45662605870108,73.45662605870108
526,e,102.88395397875632,102.88395397875632,73.45662605870108,73.45662605870108
527,e,102.88395397875632,102.88395397875632,73.45662605870108,73.45662605870108
528,na,-1,0,-1,0
529,na,8.644305766234973,12.940387290326543,73.45662605870108,73.45662605870108
530,e,102.88395397875632,102.88395397875632,73.45662605870108,73.45662605870108
531,e,102.88395397875632,102.88395397875632,73.45662605870108,73.45662605870108
532,na,102.88395397875632,102.88395397875632,73.45662605870108,73.45662605870108
533,na,102.88395397875632,102.88395397875632,73.45662605870108,73.45662605870108
534,e,85.47336431340631,91.168019893634,20.68830981521482,23.200451424201578
535,na,102.88395397875632,102.88395397875632,73.45662605870108,73.45662605870108
536,e,102.88395397875632,102.88395397875632,73.45662605870108,73.45662605870108
537,na,14.882751633827318,22.840082210371897,23.299112516073617,25.281226418542868
538,e,102.88395397875632,102.88395397875632,73.45662605870108,73.45662605870108
539,e,102.88395397875632,102.88395397875632,38.72464199978778,40.42680870492489
540,e,102.88395397875632,102.88395397875632,73.45662605870108,73.45662605870108
541,e,102.88395397875632,102.88395397875632,73.45662605870108,73.45662605870108
542,e,18.107581435485226,102.88395397875632,13.343904847867519,20.6978022023143
543,na,102.88395397875632,102.88395397875632,9.81210830020042,73.45662605870108
544,e,102.88395397875632,102.88395397875632,73.45662605870108,73.45662605870108
545,e,102.88395397875632,102.88395397875632,73.45662605870108,73.45662605870108
546,na,102.88395397875632,102.88395397875632,73.45662605870108,73.45662605870108
547,na,102.88395397875632,102.88395397875632,73.45662605870108,73.45662605870108
548,na,102.88395397875632,102.88395397875632,73.45662605870108,73.45662605870108
549,e,102.88395397875632,102.88395397875632,73.45662605870108,73.45662605870108
550,e,102.88395397875632,102.88395397875632,22.105235551254932,22.29538406297735
551,e,102.88395397875632,102.88395397875632,32.20324055141839,73.45662605870108
552,e,102.88395397875632,102.88395397875632,58.857507419416734,59.266511707912805
553,na,102.88395397875632,102.88395397875632,26.169188683959636,28.448986306176632
554,na,18.583838527381893,19.01498989394441,73.45662605870108,73.45662605870108
555,e,102.88395397875632,102.88395397875632,73.45662605870108,73.45662605870108
556,e,102.88395397875632,102.88395397875632,73.45662605870108,73.45662605870108
557,na,102.88395397875632,102.88395397875632,73.45662605870108,73.45662605870108
558,e,102.88395397875632,102.88395397875632,73.45662605870108,73.45662605870108
559,e,47.17934988921466,102.88395397875632,72.85227510604514,73.33835275034866
560,e,31.657049195716006,33.82414027772028,18.165108169996664,28.356670678917848
561,e,102.88395397875632,102.88395397875632,30.651101135788696,33.76923624122935
562,na,102.88395397875632,102.88395397875632,73.45662605870108,73.45662605870108
563,na,0.350296961060036,4.508048999342779,14.775734802133195,17.170394491226723
564,na,102.88395397875632,102.88395397875632,47.338642716951114,49.75871184109092
565,e,102.88395397875632,102.88395397875632,73.45662605870108,73.45662605870108
566,e,32.09067265169297,37.58920338278547,41.61787516405671,41.994738684979396
567,na,102.88395397875632,102.88395397875632,73.45662605870108,73.45662605870108
568,na,102.88395397875632,102.88395397875632,73.45662605870108,73.45662605870108
569,e,102.88395397875632,102.88395397875632,27.944045467370074,32.010481049131265
570,e,102.88395397875632,102.88395397875632,43.591686365258276,45.38027956333792
571,e,102.88395397875632,102.88395397875632,73.45662605870108,73.45662605870108
572,e,102.88395397875632,102.88395397875632,73.45662605870108,73.45662605870108
573,e,102.88395397875632,102.88395397875632,20.23204202772698,73.45662605870108
574,na,27.44371552987991,51.790287303770064,24.433441886244143,25.521531434061792
575,e,31.093148640428797,102.88395397875632,73.45662605870108,73.45662605870108
576,e,102.88395397875632,102.88395397875632,73.45662605870108,73.45662605870108
577,e,102.88395397875632,102.88395397875632,31.891470838528505,32.14633615243854
578,e,102.88395397875632,102.88395397875632,73.45662605870108,73.45662605870108
579,na,102.88395397875632,102.88395397875632,73.45662605870108,73.45662605870108
580,e,102.88395397875632,102.88395397875632,73.45662605870108,73.45662605870108
581,e,19.089686568063872,20.211571742205344,47.52697943044814,53.03653196173136
582,na,73.45150278473584,75.17815440191987,73.45662605870108,73.45662605870108
583,na,15.14692293628411,18.30921565464395,13.24605776219502,15.475012039051675
584,e,102.88395397875632,102.88395397875632,73.45662605870108,73.45662605870108
585,e,65.59484975953438,67.48173581193565,7.743726776635818,8.960224268987217
586,na,10.458791640751288,19.96359753132557,19.663879739490778,73.45662605870108
587,na,44.28305544650772,50.02242065618559,21.325981683736806,23.85151136534042
588,na,102.88395397875632,102.88395397875632,15.480454874058054,16.695262696553467
589,e,102.88395397875632,102.88395397875632,73.45662605870108,73.45662605870108
590,e,102.88395397875632,102.88395397875632,73.45662605870108,73.45662605870108
591,na,8.162863169459667,102.88395397875632,17.827230618809196,73.45662605870108
592,na,102.88395397875632,102.88395397875632,73.45662605870108,73.45662605870108
593,na,24.670104019717613,29.89077775512827,73.45662605870108,73.45662605870108
594,e,9.310844894668953,16.373171082350495,25.11108256924447,25.399918833824255
595,na,20.548305584746725,24.132325352630286,73.45662605870108,73.45662605870108
596,e,102.88395397875632,102.88395397875632,73.45662605870108,73.45662605870108
597,e,102.88395397875632,102.88395397875632,43.09652609717461,51.698579189674966
598,na,0,3.0610692382695284,0,12.473651699612901
599,e,102.88395397875632,102.88395397875632,73.45662605870108,73.45662605870108
600,e,102.88395397875632,102.88395397875632,73.45662605870108,73.45662605870108
601,e,102.88395397875632,102.88395397875632,73.45662605870108,73.45662605870108
602,e,102.88395397875632,102.88395397875632,27.04122657616939,46.02151695964
603,e,102.88395397875632,102.88395397875632,73.45662605870108,73.45662605870108
604,e,102.88395397875632,102.88395397875632,14.389705231047511,23.824462314734703
605,e,102.88395397875632,102.88395397875632,26.641465205660623,29.67081312103095
606,e,102.88395397875632,102.88395397875632,16.324143840746284,18.923110793856118
607,e,102.88395397875632,102.88395397875632,73.45662605870108,73.45662605870108
608,e,102.88395397875632,102.88395397875632,62.289184616339895,62.57195734904013
609,e,102.88395397875632,102.88395397875632,20.849103579658614,34.23575683065566
610,e,102.88395397875632,102.88395397875632,22.683315022461898,30.682615720438406
611,e,102.88395397875632,102.88395397875632,48.97037964845236,49.11656395914389
612,na,102.88395397875632,102.88395397875632,11.359329760101213,23.949615868546314
613,e,44.26125361045969,44.39573838562984,11.748078468117843,13.300619217265014
614,na,0,1.6185008158523395,0,3.8234963491723044
615,e,102.88395397875632,102.88395397875632,38.88606397478068,50.41824709813279
616,e,27.24578294937004,28.93675003749168,16.658855600634574,31.37649113827027
617,e,102.88395397875632,102.88395397875632,73.45662605870108,73.45662605870108
618,e,102.88395397875632,102.88395397875632,73.45662605870108,73.45662605870108
619,e,102.88395397875632,102.88395397875632,37.649172943810925,43.39204334322375
620,e,102.88395397875632,102.88395397875632,73.45662605870108,73.45662605870108
621,e,102.88395397875632,102.88395397875632,73.45662605870108,73.45662605870108
622,na,102.88395397875632,102.88395397875632,29.613591373487115,35.42086201826325
623,e,102.88395397875632,102.88395397875632,73.45662605870108,73.45662605870108
624,e,36.26862833270174,42.855294410728625,5.636471337033479,11.365167912369955
625,e,39.920404209805774,42.367589149801134,37.82068354982555,40.614199676801036
626,e,102.88395397875632,102.88395397875632,42.38967923057718,52.314986070090335
627,na,42.55558541377875,43.98515832703219,20.530859817084963,20.958716325663037
628,e,102.88395397875632,102.88395397875632,26.4482632812779,31.394431243851358
629,e,102.88395397875632,102.88395397875632,73.45662605870108,73.45662605870108
630,e,102.88395397875632,102.88395397875632,73.45662605870108,73.45662605870108
631,e,102.88395397875632,102.88395397875632,9.376644545268446,11.816726501175987
632,e,102.88395397875632,102.88395397875632,73.45662605870108,73.45662605870108
633,e,102.88395397875632,102.88395397875632,73.45662605870108,73.45662605870108
634,e,102.88395397875632,102.88395397875632,32.326632281112914,44.29795272411188
635,na,10.713123530118422,16.41329746872095,15.329970569771568,23.15293345011916
636,na,46.86088506402487,48.90333234862778,73.45662605870108,73.45662605870108
637,na,102.88395397875632,102.88395397875632,5.573896862583905,8.502471318962227
638,e,102.88395397875632,102.88395397875632,73.45662605870108,73.45662605870108
639,e,102.88395397875632,102.88395397875632,19.082733470821356,25.557814351475564
640,e,32.06492120282483,33.7786860986957,43.60754136901086,47.59114433902611
641,e,102.88395397875632,102.88395397875632,28.32048504915161,34.907453684877524
642,e,102.88395397875632,102.88395397875632,73.45662605870108,73.45662605870108
643,e,102.88395397875632,102.88395397875632,73.45662605870108,73.45662605870108
644,e,40.292842208158525,50.43814261897528,14.73925716785832,15.402037349994789
645,e,102.88395397875632,102.88395397875632,24.914413603668326,27.060835622290988
646,e,102.88395397875632,102.88395397875632,73.45662605870108,73.45662605870108
647,e,102.88395397875632,102.88395397875632,73.45662605870108,73.45662605870108
648,e,56.29543062042381,102.88395397875632,73.45662605870108,73.45662605870108
649,e,102.88395397875632,102.88395397875632,73.45662605870108,73.45662605870108
650,e,21.269180481347078,22.86196915063125,23.76222801208172,29.60035793645526
651,na,102.88395397875632,102.88395397875632,73.45662605870108,73.45662605870108
652,e,102.88395397875632,102.88395397875632,7.137939575801457,12.496858924621659
653,e,102.88395397875632,102.88395397875632,73.45662605870108,73.45662605870108
654,e,102.88395397875632,102.88395397875632,73.45662605870108,73.45662605870108
655,e,102.88395397875632,102.88395397875632,29.01068636609459,37.27010313666225
656,e,102.88395397875632,102.88395397875632,73.45662605870108,73.45662605870108
657,e,102.88395397875632,102.88395397875632,73.45662605870108,73.45662605870108
658,e,102.88395397875632,102.88395397875632,73.45662605870108,73.45662605870108
659,e,102.88395397875632,102.88395397875632,73.45662605870108,73.45662605870108
660,e,102.88395397875632,102.88395397875632,38.634882645095274,46.34052652306384
661,e,102.88395397875632,102.88395397875632,40.121305484366005,54.705392647118835
662,na,102.88395397875632,102.88395397875632,73.45662605870108,73.45662605870108
663,na,102.88395397875632,102.88395397875632,73.45662605870108,73.45662605870108
664,e,102.88395397875632,102.88395397875632,73.45662605870108,73.45662605870108
665,e,102.88395397875632,102.88395397875632,43.616033275418836,48.219301893499285
666,e,102.88395397875632,102.88395397875632,14.84180206981287,16.007521120526697
667,na,102.88395397875632,102.88395397875632,73.45662605870108,73.45662605870108
668,e,4.049192030831136,5.720370479694201,73.45662605870108,73.45662605870108
669,e,102.88395397875632,102.88395397875632,30.61879212219184,30.83766817074703
670,na,32.38803759651922,37.18807400460436,30.77661631409337,40.20751294599878
671,e,102.88395397875632,102.88395397875632,27.420096855090396,32.35066390494664
672,e,102.88395397875632,102.88395397875632,73.45662605870108,73.45662605870108
673,e,102.88395397875632,102.88395397875632,26.438133583917956,32.09482548016459
674,e,102.88395397875632,102.88395397875632,73.45662605870108,73.45662605870108
675,e,102.88395397875632,102.88395397875632,2.7958552536384844,14.694469792153924
676,e,102.88395397875632,102.88395397875632,73.45662605870108,73.45662605870108
677,e,102.88395397875632,102.88395397875632,73.45662605870108,73.45662605870108
678,na,102.88395397875632,102.88395397875632,37.7461294581945,48.02741655393729
679,e,15.422265638917164,16.976698639335126,5.517476209303697,73.45662605870108
680,e,102.88395397875632,102.88395397875632,73.45662605870108,73.45662605870108
681,e,102.88395397875632,102.88395397875632,73.45662605870108,73.45662605870108
682,e,102.88395397875632,102.88395397875632,73.45662605870108,73.45662605870108
683,e,1.640454819577804,102.88395397875632,9.142062329783577,9.666466472426537
684,e,41.72080518507781,68.36176826964501,73.45662605870108,73.45662605870108
685,na,20.36113978468478,31.23533935344313,73.45662605870108,73.45662605870108
686,e,102.88395397875632,102.88395397875632,49.86462982420039,50.111083641033055
687,e,102.88395397875632,102.88395397875632,73.45662605870108,73.45662605870108
688,e,102.88395397875632,102.88395397875632,10.120230429485087,12.150767531005
689,na,2.1806996275554416,3.6642455131834506,3.1468522987624516,6.0612966974064015
690,e,32.50343787375901,39.14276459046515,6.783195304396374,8.29249925954466
691,e,57.980388835143735,59.94811013790858,73.45662605870108,73.45662605870108
692,e,102.88395397875632,102.88395397875632,39.49901465288324,40.5238576886378
693,e,31.630193958215607,48.722132482782555,73.45662605870108,73.45662605870108
694,e,102.88395397875632,102.88395397875632,73.45662605870108,73.45662605870108
695,e,102.88395397875632,102.88395397875632,73.45662605870108,73.45662605870108
696,na,102.88395397875632,102.88395397875632,73.45662605870108,73.45662605870108
697,na,102.88395397875632,102.88395397875632,73.45662605870108,73.45662605870108
698,e,102.88395397875632,102.88395397875632,73.45662605870108,73.45662605870108
699,e,102.88395397875632,102.88395397875632,73.45662605870108,73.45662605870108
700,e,102.88395397875632,102.88395397875632,73.45662605870108,73.45662605870108
701,na,102.88395397875632,102.88395397875632,38.98080517090738,42.4984266791593
702,na,15.692121981506988,15.791309117441633,15.067324645702378,17.17291172654621
703,na,102.88395397875632,102.88395397875632,32.5248432142099,43.75548811037651
704,e,102.88395397875632,102.88395397875632,73.45662605870108,73.45662605870108
705,na,102.88395397875632,102.88395397875632,12.872843428795026,13.57789154428867
706,e,102.88395397875632,102.88395397875632,24.40016117487892,33.8073145361611
707,e,102.88395397875632,102.88395397875632,73.45662605870108,73.45662605870108
708,e,102.88395397875632,102.88395397875632,73.45662605870108,73.45662605870108
709,na,0.7229130187603139,1.428516094880881,2.999012255558151,4.5446922654518165
710,na,13.03397797049058,17.055517888320686,19.34496655929266,20.241680923265232
711,na,0.2824999171472244,2.9332843200549354,5.149177678345966,8.122026160731238
712,e,102.88395397875632,102.88395397875632,73.45662605870108,73.45662605870108
713,na,102.88395397875632,102.88395397875632,73.45662605870108,73.45662605870108
714,e,102.88395397875632,102.88395397875632,1.9605554743767848,2.7380805661076777
715,e,102.88395397875632,102.88395397875632,17.78225793753085,18.93791179334688
716,na,102.88395397875632,102.88395397875632,73.45662605870108,73.45662605870108
717,e,102.88395397875632,102.88395397875632,17.241244300450404,19.41254392889739
718,e,61.225805964581554,65.25490296844328,73.45662605870108,73.45662605870108
719,na,102.88395397875632,102.88395397875632,40.0899566305296,43.27497968243544
720,e,36.59386559763636,38.95326696110133,14.861714474929926,15.83452459175634
721,na,102.88395397875632,102.88395397875632,25.910788728639695,27.39959375355781
722,na,102.88395397875632,102.88395397875632,73.45662605870108,73.45662605870108
723,na,33.52553322919643,34.658604174222326,46.47811761712012,73.45662605870108
724,e,102.88395397875632,102.88395397875632,73.45662605870108,73.45662605870108
725,e,102.88395397875632,102.88395397875632,73.45662605870108,73.45662605870108
726,e,102.88395397875632,102.88395397875632,73.45662605870108,73.45662605870108
727,e,102.88395397875632,102.88395397875632,73.45662605870108,73.45662605870108
728,e,102.88395397875632,102.88395397875632,12.998359469021858,13.591678557114044
729,e,102.88395397875632,102.88395397875632,73.45662605870108,73.45662605870108
730,e,102.88395397875632,102.88395397875632,73.45662605870108,73.45662605870108
731,e,102.88395397875632,102.88395397875632,73.45662605870108,73.45662605870108
732,e,102.88395397875632,102.88395397875632,73.45662605870108,73.45662605870108
733,e,102.88395397875632,102.88395397875632,73.45662605870108,73.45662605870108
734,e,102.88395397875632,102.88395397875632,73.45662605870108,73.45662605870108
735,e,102.88395397875632,102.88395397875632,73.45662605870108,73.45662605870108
736,na,44.45435988836479,44.5287118496259,13.004300930312596,13.710863443846272
737,e,102.88395397875632,102.88395397875632,26.50582912823506,42.483425192274076
738,e,102.88395397875632,102.88395397875632,73.45662605870108,73.45662605870108
739,e,102.88395397875632,102.88395397875632,73.45662605870108,73.45662605870108
740,e,17.099044128748265,19.85368521198567,73.45662605870108,73.45662605870108
741,e,102.88395397875632,102.88395397875632,73.45662605870108,73.45662605870108
742,e,102.88395397875632,102.88395397875632,9.946577288112092,11.623479900109796
743,e,102.88395397875632,102.88395397875632,73.45662605870108,73.45662605870108
744,e,102.88395397875632,102.88395397875632,40.45713594586919,42.56423064672147
745,e,12.259162893850114,17.455079555051924,73.45662605870108,73.45662605870108
746,e,102.88395397875632,102.88395397875632,73.45662605870108,73.45662605870108
747,e,102.88395397875632,102.88395397875632,28.356725447904587,28.471077400464857
748,e,32.76050956134216,33.47901446669443,36.82730714809506,44.41407963659522
749,e,102.88395397875632,102.88395397875632,73.45662605870108,73.45662605870108
750,na,5.559616770015902,6.067974833902726,9.983131216230905,13.964193809394665
751,e,38.201030475757136,38.495590711867806,73.45662605870108,73.45662605870108
752,na,28.727692294399436,31.57954083021366,34.85019584096117,41.60226997608236
753,e,102.88395397875632,102.88395397875632,73.45662605870108,73.45662605870108
754,na,13.984582990826038,32.677689119158124,20.71345494808403,26.484345668086753
755,e,102.88395397875632,102.88395397875632,73.45662605870108,73.45662605870108
756,e,3.5294224012122695,4.445917529950828,15.363287303920522,35.53485634224234
757,e,102.88395397875632,102.88395397875632,9.789626374085554,10.697310295685318
758,na,34.86526758147426,36.3620187857193,20.911179899386603,27.64600530129939
759,na,102.88395397875632,102.88395397875632,73.45662605870108,73.45662605870108
760,na,102.88395397875632,102.88395397875632,73.45662605870108,73.45662605870108
761,na,2.342531348216748,13.161545266517486,12.003234252390184,16.375447937265847
762,e,102.88395397875632,102.88395397875632,73.45662605870108,73.45662605870108
763,e,102.88395397875632,102.88395397875632,73.45662605870108,73.45662605870108
764,e,102.88395397875632,102.88395397875632,73.45662605870108,73.45662605870108
765,e,102.88395397875632,102.88395397875632,73.45662605870108,73.45662605870108
766,na,16.407193153361643,23.20442345178795,73.45662605870108,73.45662605870108
767,e,102.88395397875632,102.88395397875632,73.45662605870108,73.45662605870108
768,e,102.88395397875632,102.88395397875632,73.45662605870108,73.45662605870108
769,e,102.88395397875632,102.88395397875632,73.45662605870108,73.45662605870108
770,e,102.88395397875632,102.88395397875632,12.446541096151332,15.416561215346235
771,e,46.49012359479152,67.85588339842313,73.45662605870108,73.45662605870108
772,na,102.88395397875632,102.88395397875632,22.14293430959435,22.926737132970636
773,na,102.88395397875632,102.88395397875632,73.45662605870108,73.45662605870108
774,na,102.88395397875632,102.88395397875632,73.45662605870108,73.45662605870108
775,e,102.88395397875632,102.88395397875632,31.13589380045409,34.869774081356574
776,e,102.88395397875632,102.88395397875632,34.31707419354892,34.681670517285816
777,na,36.80492522485055,44.31618535611783,1.742270550859206,73.45662605870108
778,e,102.88395397875632,102.88395397875632,31.10199696170475,73.45662605870108
779,e,102.88395397875632,102.88395397875632,73.45662605870108,73.45662605870108
780,e,58.14541425804183,102.88395397875632,25.268633497530494,35.06610549326024
781,e,11.76177774772986,12.438647185224637,21.621016154708254,22.642880294234764
782,e,102.88395397875632,102.88395397875632,8.976235752278178,73.45662605870108
783,e,18.358808343404274,27.097734581054826,18.528263624745367,19.552802830713688
784,na,102.88395397875632,102.88395397875632,73.45662605870108,73.45662605870108
785,e,102.88395397875632,102.88395397875632,49.896976409260105,55.84154054140033
786,e,102.88395397875632,102.88395397875632,73.45662605870108,73.45662605870108
787,e,102.88395397875632,102.88395397875632,29.916511915219186,32.266912335926435
788,e,102.88395397875632,102.88395397875632,73.45662605870108,73.45662605870108
789,e,102.88395397875632,102.88395397875632,18.72330659518313,19.91281249946842
790,na,5.362716319541021,5.42557998102006,0.13484051959557594,0.8693489613789975
791,e,102.88395397875632,102.88395397875632,21.022981675142443,22.290964645545095
792,na,102.88395397875632,102.88395397875632,73.45662605870108,73.45662605870108
793,na,102.88395397875632,102.88395397875632,29.86140875195995,29.90609114086058
794,e,102.88395397875632,102.88395397875632,30.14345242814967,36.7158406267032
795,e,50.262168573243656,57.97728597958949,39.51526313532334,39.63615431402937
796,e,102.88395397875632,102.88395397875632,17.57778908394809,21.221162568493007
797,e,102.88395397875632,102.88395397875632,73.45662605870108,73.45662605870108
798,na,102.88395397875632,102.88395397875632,73.45662605870108,73.45662605870108
799,na,-1,0,-1,0
800,e,102.88395397875632,102.88395397875632,73.45662605870108,73.45662605870108
801,e,102.88395397875632,102.88395397875632,73.45662605870108,73.45662605870108
802,e,102.88395397875632,102.88395397875632,19.445388599658443,27.091514555027555
803,e,102.88395397875632,102.88395397875632,73.45662605870108,73.45662605870108
804,e,102.88395397875632,102.88395397875632,32.21513010798098,36.1729331193094
805,e,102.88395397875632,102.88395397875632,23.5832583805514,24.15875882670199
806,na,50.18736006311142,50.35307253745653,23.182732363982925,23.40817258907374
807,e,102.88395397875632,102.88395397875632,21.742692285796732,23.864446913513795
808,e,102.88395397875632,102.88395397875632,73.45662605870108,73.45662605870108
809,e,102.88395397875632,102.88395397875632,32.446732513703495,39.98193239266661
810,e,35.23163018772736,35.29217919771521,73.45662605870108,73.45662605870108
811,na,102.88395397875632,102.88395397875632,28.10856513245094,32.963067559917285
812,e,102.88395397875632,102.88395397875632,73.45662605870108,73.45662605870108
813,e,102.88395397875632,102.88395397875632,21.44815635929032,23.39873738932509
814,e,102.88395397875632,102.88395397875632,73.45662605870108,73.45662605870108
815,na,102.88395397875632,102.88395397875632,73.45662605870108,73.45662605870108
816,e,102.88395397875632,102.88395397875632,73.45662605870108,73.45662605870108
817,e,18.63869244441582,18.78121872737008,19.32894357537175,22.146658640813353
818,e,102.88395397875632,102.88395397875632,73.45662605870108,73.45662605870108
819,e,102.88395397875632,102.88395397875632,73.45662605870108,73.45662605870108
820,na,102.88395397875632,102.88395397875632,4.471692354354723,11.732073452544435
821,na,53.220121055942826,53.35857123578528,73.45662605870108,73.45662605870108
822,e,102.88395397875632,102.88395397875632,73.45662605870108,73.45662605870108
823,e,102.88395397875632,102.88395397875632,10.281946924916664,12.801713842432928
824,na,28.88191032130638,31.562761146133433,73.45662605870108,73.45662605870108
825,e,102.88395397875632,102.88395397875632,10.970349825875099,11.761318199077188
826,e,102.88395397875632,102.88395397875632,38.52234298662936,41.06037237036974
827,na,102.88395397875632,102.88395397875632,33.988403516676435,35.02321519235812
828,na,59.22924317452524,60.86249148524483,34.43106949647746,38.651925388242134
829,e,102.88395397875632,102.88395397875632,5.023717957468289,7.2051328387342926
830,e,102.88395397875632,102.88395397875632,28.762026097250427,42.53119663231342
831,e,102.88395397875632,102.88395397875632,21.197874271592834,23.851142069524663
832,e,102.88395397875632,102.88395397875632,73.45662605870108,73.45662605870108
833,na,52.39388778230794,58.17508490233038,25.960390657412162,27.40633205344109
834,e,102.88395397875632,102.88395397875632,73.45662605870108,73.45662605870108
835,e,102.88395397875632,102.88395397875632,73.45662605870108,73.45662605870108
836,na,9.924925419422197,11.651379057935857,37.447898208656575,49.24577032089257
837,na,28.172305228216253,31.243882596534807,73.45662605870108,73.45662605870108
838,e,102.88395397875632,102.88395397875632,73.45662605870108,73.45662605870108
839,e,102.88395397875632,102.88395397875632,36.076164649006856,51.21225729861912
840,na,102.88395397875632,102.88395397875632,42.33207141719638,44.797830672855575
841,e,102.88395397875632,102.88395397875632,73.45662605870108,73.45662605870108
842,e,102.88395397875632,102.88395397875632,73.45662605870108,73.45662605870108
843,e,102.88395397875632,102.88395397875632,73.45662605870108,73.45662605870108
844,e,102.88395397875632,102.88395397875632,29.159296872195743,32.184281969537096
845,e,102.88395397875632,102.88395397875632,43.12324645551761,46.4011409118182
846,e,102.88395397875632,102.88395397875632,73.45662605870108,73.45662605870108
847,e,102.88395397875632,102.88395397875632,45.30162763419165,50.4861748327925
848,na,102.88395397875632,102.88395397875632,73.45662605870108,73.45662605870108
849,e,102.88395397875632,102.88395397875632,73.45662605870108,73.45662605870108
850,e,40.41383471405087,43.91624814803342,73.45662605870108,73.45662605870108
851,e,102.88395397875632,102.88395397875632,42.71471166362977,52.32169987881198
852,e,102.88395397875632,102.88395397875632,73.45662605870108,73.45662605870108
853,na,102.88395397875632,102.88395397875632,73.45662605870108,73.45662605870108
854,e,102.88395397875632,102.88395397875632,73.45662605870108,73.45662605870108
855,na,8.840644929657437,13.485778649234259,45.23762383674084,52.96787662627067
856,e,102.88395397875632,102.88395397875632,73.45662605870108,73.45662605870108
857,e,102.88395397875632,102.88395397875632,15.79890128503581,26.32317117033107
858,e,31.90741902274062,32.30854440930553,28.886289231983568,37.083160338490934
859,na,45.69817249490952,53.592198116041,73.45662605870108,73.45662605870108
860,e,102.88395397875632,102.88395397875632,43.11965598891845,52.079513203833
861,e,102.88395397875632,102.88395397875632,32.934538387212065,36.37480670796357
862,e,102.88395397875632,102.88395397875632,73.45662605870108,73.45662605870108
863,na,25.866078383907027,33.065309514961555,13.918013591219765,18.275751747356107
864,e,102.88395397875632,102.88395397875632,73.45662605870108,73.45662605870108
865,na,102.88395397875632,102.88395397875632,30.518892034717783,35.48232062682176
866,na,102.88395397875632,102.88395397875632,40.42776654748707,44.90728236493598
867,e,102.88395397875632,102.88395397875632,73.45662605870108,73.45662605870108
868,na,102.88395397875632,102.88395397875632,73.45662605870108,73.45662605870108
869,e,102.88395397875632,102.88395397875632,43.80636758484922,43.951244476147615
870,e,102.88395397875632,102.88395397875632,73.45662605870108,73.45662605870108
871,na,102.88395397875632,102.88395397875632,73.45662605870108,73.45662605870108
872,e,102.88395397875632,102.88395397875632,37.620009443395666,39.373399169861614
873,na,70.99608370496009,71.6286282434933,73.45662605870108,73.45662605870108
874,e,102.88395397875632,102.88395397875632,12.032570890810447,12.827453382614209
875,e,102.88395397875632,102.88395397875632,73.45662605870108,73.45662605870108
876,e,102.88395397875632,102.88395397875632,73.45662605870108,73.45662605870108
877,na,102.88395397875632,102.88395397875632,73.45662605870108,73.45662605870108
878,e,102.88395397875632,102.88395397875632,34.490057985895014,34.64476806376126
879,e,102.88395397875632,102.88395397875632,73.45662605870108,73.45662605870108
880,e,102.88395397875632,102.88395397875632,45.90280812269048,50.31101740552735
881,e,102.88395397875632,102.88395397875632,40.96559524440509,44.2144183448497
882,na,32.079826662280304,33.109010119821455,25.986709471995148,73.45662605870108
883,e,102.88395397875632,102.88395397875632,73.45662605870108,73.45662605870108
884,e,102.88395397875632,102.88395397875632,73.45662605870108,73.45662605870108
885,e,68.02575192823124,72.16248319401743,73.45662605870108,73.45662605870108
886,e,102.88395397875632,102.88395397875632,32.358511709889456,32.5038039476317
887,e,102.88395397875632,102.88395397875632,73.45662605870108,73.45662605870108
888,e,102.88395397875632,102.88395397875632,73.45662605870108,73.45662605870108
889,e,102.88395397875632,102.88395397875632,73.45662605870108,73.45662605870108
890,e,102.88395397875632,102.88395397875632,36.33188621472325,41.142288466541174
891,e,102.88395397875632,102.88395397875632,25.314024177521393,25.94526738547297
892,e,102.88395397875632,102.88395397875632,73.45662605870108,73.45662605870108
893,e,102.88395397875632,102.88395397875632,34.56379174283193,73.45662605870108
894,na,102.88395397875632,102.88395397875632,73.45662605870108,73.45662605870108
895,e,102.88395397875632,102.88395397875632,73.45662605870108,73.45662605870108
896,e,102.88395397875632,102.88395397875632,35.75107047807474,40.10354287806351
897,na,102.88395397875632,102.88395397875632,73.45662605870108,73.45662605870108
898,e,102.88395397875632,102.88395397875632,30.274482865414065,32.531148595167224
899,e,102.88395397875632,102.88395397875632,28.921364641998267,37.01586763738871
900,e,102.88395397875632,102.88395397875632,73.45662605870108,73.45662605870108
901,na,102.88395397875632,102.88395397875632,73.45662605870108,73.45662605870108
902,na,0,102.88395397875632,0,1.4119686698742875
903,e,102.88395397875632,102.88395397875632,30.493215406685817,38.53593807125979
904,e,30.463665581123706,36.72234976203119,23.586704817488368,41.235179870889105
905,e,102.88395397875632,102.88395397875632,55.80746694323764,66.52060088213224
906,e,13.673263294916415,28.097462034819017,29.467022165483787,29.516186166880185
907,na,102.88395397875632,102.88395397875632,73.45662605870108,73.45662605870108
908,e,102.88395397875632,102.88395397875632,73.45662605870108,73.45662605870108
909,e,102.88395397875632,102.88395397875632,31.672492025507676,36.757792969138
910,na,102.88395397875632,102.88395397875632,51.866334338739556,56.05531142969114
911,e,102.88395397875632,102.88395397875632,73.45662605870108,73.45662605870108
912,na,102.88395397875632,102.88395397875632,73.45662605870108,73.45662605870108
913,e,102.88395397875632,102.88395397875632,25.635149312823607,32.4914067838785
914,na,35.549493557129416,37.21570717258582,19.779402362935866,73.45662605870108
915,e,102.88395397875632,102.88395397875632,9.508828131744485,12.45253475278007
916,na,102.88395397875632,102.88395397875632,73.45662605870108,73.45662605870108
917,e,102.88395397875632,102.88395397875632,13.290893113029618,13.662734745417456
918,e,24.751582579226934,31.11642736304478,24.94900019761328,32.14476938982728
919,e,35.47061450227676,43.965193151544156,34.053311126920676,49.80960998218098
920,e,70.594049902249,102.88395397875632,31.676393217016656,35.30429207118237
921,na,102.88395397875632,102.88395397875632,73.45662605870108,73.45662605870108
922,e,102.88395397875632,102.88395397875632,49.402011323045954,49.493305449540934
923,e,102.88395397875632,102.88395397875632,73.45662605870108,73.45662605870108
924,e,2.401754914324112,3.128225749003036,17.98182590540553,18.9666244600935
925,e,102.88395397875632,102.88395397875632,48.285336897423534,50.93086372586846
926,na,-1,0,-1,0
927,e,24.436610153885805,25.72970251835734,28.401730139180174,30.202724925273863
928,e,102.88395397875632,102.88395397875632,16.765091149280806,26.613478636911534
929,e,102.88395397875632,102.88395397875632,73.45662605870108,73.45662605870108
930,e,102.88395397875632,102.88395397875632,73.45662605870108,73.45662605870108
931,e,102.88395397875632,102.88395397875632,73.45662605870108,73.45662605870108
932,na,102.88395397875632,102.88395397875632,22.2440177189957,22.83062733803013
933,e,102.88395397875632,102.88395397875632,34.42141553609063,40.38755253340597
934,na,80.95890635346939,82.99731048459826,29.817824994332632,34.012366234668
935,e,102.88395397875632,102.88395397875632,20.144706600447208,20.161074618462056
936,e,102.88395397875632,102.88395397875632,73.45662605870108,73.45662605870108
937,e,57.76700574463878,57.98680284567659,73.45662605870108,73.45662605870108
938,e,102.88395397875632,102.88395397875632,73.45662605870108,73.45662605870108
939,e,85.3995437225432,102.88395397875632,73.45662605870108,73.45662605870108
940,na,102.88395397875632,102.88395397875632,73.45662605870108,73.45662605870108
941,e,62.715665989129874,62.99323482415679,41.99973987433415,73.45662605870108
942,e,102.88395397875632,102.88395397875632,73.45662605870108,73.45662605870108
943,e,102.88395397875632,102.88395397875632,32.10652810247105,73.45662605870108
944,na,9.444835061728448,13.154109081655095,27.065978788504925,30.075652121395144
945,e,102.88395397875632,102.88395397875632,19.257220052887728,39.01059320543738
946,e,102.88395397875632,102.88395397875632,22.343628572220073,28.23269736802105
947,e,102.88395397875632,102.88395397875632,21.31260199837676,25.58446237638124
948,na,30.0326524295511,30.97869931967068,73.45662605870108,73.45662605870108
949,e,102.88395397875632,102.88395397875632,73.45662605870108,73.45662605870108
950,e,102.88395397875632,102.88395397875632,37.703234555852546,43.820406723691235
951,e,102.88395397875632,102.88395397875632,34.17060867536476,39.613916089419085
952,e,102.88395397875632,102.88395397875632,14.844469804367977,18.584608305404963
953,e,102.88395397875632,102.88395397875632,14.309453746266634,18.029820333117136
954,e,102.88395397875632,102.88395397875632,6.912776960429862,7.614231862097923
955,e,102.88395397875632,102.88395397875632,73.45662605870108,73.45662605870108
956,e,102.88395397875632,102.88395397875632,73.45662605870108,73.45662605870108
957,e,102.88395397875632,102.88395397875632,20.39928229475013,73.45662605870108
958,e,102.88395397875632,102.88395397875632,73.45662605870108,73.45662605870108
959,na,89.10314603412971,89.98200096616723,11.253001658117496,12.416617971158537
960,na,102.88395397875632,102.88395397875632,73.45662605870108,73.45662605870108
961,e,15.169454047223686,15.534887031299455,73.45662605870108,73.45662605870108
962,na,43.068504961380306,46.82113405100933,6.38136489222019,7.471900616423666
963,na,8.600832767645192,17.913471803020883,10.286875092549797,11.769163001881207
964,e,102.88395397875632,102.88395397875632,39.59016064201036,39.80605216332551
965,e,39.65863637622149,42.2736668712192,30.97599082436795,32.54259912258519
966,e,102.88395397875632,102.88395397875632,73.45662605870108,73.45662605870108
967,e,102.88395397875632,102.88395397875632,73.45662605870108,73.45662605870108
968,e,102.88395397875632,102.88395397875632,13.774292347703144,14.056506965998024
969,e,102.88395397875632,102.88395397875632,73.45662605870108,73.45662605870108
970,e,102.88395397875632,102.88395397875632,73.45662605870108,73.45662605870108
971,e,37.51662567106102,39.64910594159556,21.46083496632582,25.645182675052492
972,na,102.88395397875632,102.88395397875632,73.45662605870108,73.45662605870108
973,e,102.88395397875632,102.88395397875632,73.45662605870108,73.45662605870108
974,e,102.88395397875632,102.88395397875632,73.45662605870108,73.45662605870108
975,e,102.88395397875632,102.88395397875632,30.717309718273203,31.522906769209527
976,e,102.88395397875632,102.88395397875632,73.45662605870108,73.45662605870108
977,na,-1,0,-1,0
978,e,102.88395397875632,102.88395397875632,73.45662605870108,73.45662605870108
979,na,102.88395397875632,102.88395397875632,73.45662605870108,73.45662605870108
980,e,102.88395397875632,102.88395397875632,73.45662605870108,73.45662605870108
981,e,102.88395397875632,102.88395397875632,73.45662605870108,73.45662605870108
982,e,102.88395397875632,102.88395397875632,12.817314286030804,16.640088456764893
983,e,102.88395397875632,102.88395397875632,35.11576165881608,40.73965761126866
984,e,102.88395397875632,102.88395397875632,73.45662605870108,73.45662605870108
985,na,102.88395397875632,102.88395397875632,73.45662605870108,73.45662605870108
986,e,102.88395397875632,102.88395397875632,34.61719626511057,73.45662605870108
987,e,102.88395397875632,102.88395397875632,26.04520155436338,30.881177127445696
988,e,102.88395397875632,102.88395397875632,73.45662605870108,73.45662605870108
989,na,102.88395397875632,102.88395397875632,73.45662605870108,73.45662605870108
990,na,38.91403855563863,39.60941576593346,73.45662605870108,73.45662605870108
991,e,102.88395397875632,102.88395397875632,35.8838545865348,36.247358960990994
992,e,62.57967345235727,67.05522282147656,73.45662605870108,73.45662605870108
993,e,102.88395397875632,102.88395397875632,25.128927861517045,29.29919393362205
994,na,102.88395397875632,102.88395397875632,1.1830295218495146,3.81906629579445
995,e,102.88395397875632,102.88395397875632,12.82132382285204,15.313703307226374
996,e,102.88395397875632,102.88395397875632,73.45662605870108,73.45662605870108
997,e,16.21455149024421,18.500745103075243,73.45662605870108,73.45662605870108
998,na,41.027484999367516,102.88395397875632,73.45662605870108,73.45662605870108
999,e,3.14432753693871,7.075307395766294,57.13517537130501,63.8185895174435
