node, assignment, time2inf_trt, time2death_trt, time2inf_con, time2death_con
0,na,-1,0,-1,0
1,na,-1,0,-1,0
2,na,-1,0,-1,0
3,na,-1,0,-1,0
4,na,304.6923021312762,304.6923021312762,172.52974596416536,172.52974596416536
5,na,304.6923021312762,304.6923021312762,172.52974596416536,172.52974596416536
6,na,304.6923021312762,304.6923021312762,172.52974596416536,172.52974596416536
7,na,304.6923021312762,304.6923021312762,172.52974596416536,172.52974596416536
8,na,304.6923021312762,304.6923021312762,172.52974596416536,172.52974596416536
9,e,304.6923021312762,304.6923021312762,172.52974596416536,172.52974596416536
10,na,304.6923021312762,3.803074271150943,172.52974596416536,8.334627884369755
11,na,304.6923021312762,304.6923021312762,172.52974596416536,172.52974596416536
12,na,304.6923021312762,304.6923021312762,172.52974596416536,172.52974596416536
13,na,144.79308387534257,172.97275719217646,172.52974596416536,172.52974596416536
14,e,304.6923021312762,304.6923021312762,172.52974596416536,172.52974596416536
15,e,304.6923021312762,304.6923021312762,172.52974596416536,172.52974596416536
16,na,134.24997542454022,137.08516268973938,172.52974596416536,172.52974596416536
17,na,304.6923021312762,304.6923021312762,172.52974596416536,172.52974596416536
18,na,304.6923021312762,304.6923021312762,172.52974596416536,172.52974596416536
19,na,304.6923021312762,304.6923021312762,172.52974596416536,172.52974596416536
20,e,304.6923021312762,304.6923021312762,172.52974596416536,172.52974596416536
21,na,304.6923021312762,304.6923021312762,172.52974596416536,172.52974596416536
22,na,241.24848807833595,249.27548835998735,172.52974596416536,172.52974596416536
23,na,304.6923021312762,304.6923021312762,172.52974596416536,172.52974596416536
24,e,304.6923021312762,304.6923021312762,172.52974596416536,172.52974596416536
25,na,304.6923021312762,304.6923021312762,14.058886171588105,39.18259401904708
26,na,304.6923021312762,304.6923021312762,172.52974596416536,172.52974596416536
27,na,304.6923021312762,304.6923021312762,172.52974596416536,172.52974596416536
28,na,304.6923021312762,304.6923021312762,22.921684690250597,28.761117141236554
29,na,304.6923021312762,304.6923021312762,172.52974596416536,172.52974596416536
30,na,304.6923021312762,304.6923021312762,172.52974596416536,172.52974596416536
31,na,304.6923021312762,304.6923021312762,172.52974596416536,172.52974596416536
32,na,304.6923021312762,304.6923021312762,172.52974596416536,172.52974596416536
33,e,304.6923021312762,304.6923021312762,172.52974596416536,172.52974596416536
34,na,304.6923021312762,304.6923021312762,172.52974596416536,172.52974596416536
35,na,304.6923021312762,304.6923021312762,172.52974596416536,172.52974596416536
36,na,304.6923021312762,304.6923021312762,172.52974596416536,172.52974596416536
37,e,304.6923021312762,304.6923021312762,172.52974596416536,172.52974596416536
38,na,50.38860918932008,50.788450826447125,172.52974596416536,172.52974596416536
39,na,304.6923021312762,304.6923021312762,172.52974596416536,172.52974596416536
40,na,304.6923021312762,304.6923021312762,172.52974596416536,172.52974596416536
41,na,147.49697363797495,169.60861548257512,172.52974596416536,172.52974596416536
42,na,304.6923021312762,304.6923021312762,66.14652235464487,82.2080093298538
43,na,304.6923021312762,304.6923021312762,172.52974596416536,172.52974596416536
44,na,46.8452750615112,54.37097683457781,172.52974596416536,172.52974596416536
45,na,304.6923021312762,304.6923021312762,172.52974596416536,172.52974596416536
46,na,304.6923021312762,304.6923021312762,172.52974596416536,172.52974596416536
47,na,304.6923021312762,304.6923021312762,35.13551287687202,42.64689465198683
48,na,304.6923021312762,304.6923021312762,172.52974596416536,172.52974596416536
49,na,304.6923021312762,304.6923021312762,172.52974596416536,172.52974596416536
50,na,304.6923021312762,304.6923021312762,172.52974596416536,172.52974596416536
51,na,304.6923021312762,304.6923021312762,172.52974596416536,172.52974596416536
52,na,304.6923021312762,304.6923021312762,172.52974596416536,172.52974596416536
53,na,304.6923021312762,304.6923021312762,172.52974596416536,172.52974596416536
54,na,304.6923021312762,304.6923021312762,172.52974596416536,172.52974596416536
55,na,304.6923021312762,304.6923021312762,172.52974596416536,172.52974596416536
56,na,304.6923021312762,304.6923021312762,172.52974596416536,172.52974596416536
57,na,304.6923021312762,304.6923021312762,172.52974596416536,172.52974596416536
58,e,304.6923021312762,304.6923021312762,172.52974596416536,172.52974596416536
59,na,304.6923021312762,304.6923021312762,172.52974596416536,172.52974596416536
60,na,304.6923021312762,304.6923021312762,172.52974596416536,172.52974596416536
61,na,304.6923021312762,304.6923021312762,18.28001266656085,28.940837682763608
62,e,304.6923021312762,304.6923021312762,172.52974596416536,172.52974596416536
63,na,304.6923021312762,304.6923021312762,172.52974596416536,172.52974596416536
64,na,304.6923021312762,304.6923021312762,172.52974596416536,172.52974596416536
65,na,304.6923021312762,304.6923021312762,172.52974596416536,172.52974596416536
66,na,304.6923021312762,304.6923021312762,5.491632323004993,9.08868295788808
67,na,44.589992124762574,57.96106696175082,172.52974596416536,172.52974596416536
68,na,304.6923021312762,304.6923021312762,172.52974596416536,172.52974596416536
69,e,304.6923021312762,304.6923021312762,172.52974596416536,172.52974596416536
70,na,304.6923021312762,304.6923021312762,172.52974596416536,172.52974596416536
71,na,304.6923021312762,304.6923021312762,172.52974596416536,172.52974596416536
72,na,304.6923021312762,304.6923021312762,172.52974596416536,172.52974596416536
73,na,304.6923021312762,304.6923021312762,172.52974596416536,172.52974596416536
74,na,304.6923021312762,304.6923021312762,172.52974596416536,172.52974596416536
75,na,304.6923021312762,304.6923021312762,172.52974596416536,172.52974596416536
76,na,304.6923021312762,304.6923021312762,172.52974596416536,172.52974596416536
77,na,304.6923021312762,304.6923021312762,172.52974596416536,172.52974596416536
78,na,304.6923021312762,304.6923021312762,172.52974596416536,172.52974596416536
79,na,304.6923021312762,304.6923021312762,172.52974596416536,172.52974596416536
80,e,304.6923021312762,304.6923021312762,172.52974596416536,172.52974596416536
81,na,304.6923021312762,304.6923021312762,172.52974596416536,172.52974596416536
82,na,-1,0,-1,0
83,na,304.6923021312762,304.6923021312762,172.52974596416536,172.52974596416536
84,na,304.6923021312762,304.6923021312762,172.52974596416536,172.52974596416536
85,na,304.6923021312762,304.6923021312762,46.428645014003365,51.66093571929524
86,na,304.6923021312762,304.6923021312762,172.52974596416536,172.52974596416536
87,na,304.6923021312762,304.6923021312762,172.52974596416536,172.52974596416536
88,e,304.6923021312762,304.6923021312762,172.52974596416536,172.52974596416536
89,na,304.6923021312762,304.6923021312762,172.52974596416536,172.52974596416536
90,na,304.6923021312762,304.6923021312762,172.52974596416536,172.52974596416536
91,na,304.6923021312762,304.6923021312762,172.52974596416536,172.52974596416536
92,na,304.6923021312762,304.6923021312762,172.52974596416536,172.52974596416536
93,na,36.4150250016626,40.34314244422952,172.52974596416536,172.52974596416536
94,na,304.6923021312762,304.6923021312762,172.52974596416536,172.52974596416536
95,e,304.6923021312762,304.6923021312762,172.52974596416536,172.52974596416536
96,na,304.6923021312762,304.6923021312762,172.52974596416536,172.52974596416536
97,na,304.6923021312762,304.6923021312762,172.52974596416536,172.52974596416536
98,e,304.6923021312762,304.6923021312762,172.52974596416536,172.52974596416536
99,na,304.6923021312762,304.6923021312762,172.52974596416536,172.52974596416536
100,e,304.6923021312762,304.6923021312762,172.52974596416536,172.52974596416536
101,na,304.6923021312762,304.6923021312762,172.52974596416536,172.52974596416536
102,e,304.6923021312762,304.6923021312762,172.52974596416536,172.52974596416536
103,na,304.6923021312762,304.6923021312762,172.52974596416536,172.52974596416536
104,e,304.6923021312762,304.6923021312762,172.52974596416536,172.52974596416536
105,e,304.6923021312762,304.6923021312762,172.52974596416536,172.52974596416536
106,na,304.6923021312762,304.6923021312762,172.52974596416536,172.52974596416536
107,na,304.6923021312762,304.6923021312762,172.52974596416536,172.52974596416536
108,na,304.6923021312762,304.6923021312762,172.52974596416536,172.52974596416536
109,na,304.6923021312762,304.6923021312762,172.52974596416536,172.52974596416536
110,na,304.6923021312762,304.6923021312762,172.52974596416536,172.52974596416536
111,na,45.77821898755251,48.71637035246239,172.52974596416536,172.52974596416536
112,na,304.6923021312762,304.6923021312762,172.52974596416536,172.52974596416536
113,e,304.6923021312762,304.6923021312762,172.52974596416536,172.52974596416536
114,na,304.6923021312762,304.6923021312762,172.52974596416536,172.52974596416536
115,na,304.6923021312762,304.6923021312762,172.52974596416536,172.52974596416536
116,na,304.6923021312762,304.6923021312762,172.52974596416536,172.52974596416536
117,e,304.6923021312762,304.6923021312762,172.52974596416536,172.52974596416536
118,na,10.067449379871933,16.431426670200544,172.52974596416536,172.52974596416536
119,e,304.6923021312762,304.6923021312762,172.52974596416536,172.52974596416536
120,na,304.6923021312762,304.6923021312762,172.52974596416536,172.52974596416536
121,na,65.11894059773935,80.16226667622138,172.52974596416536,172.52974596416536
122,na,37.78137676827478,43.05719836467902,172.52974596416536,172.52974596416536
123,na,304.6923021312762,304.6923021312762,172.52974596416536,172.52974596416536
124,na,304.6923021312762,304.6923021312762,77.9365186157145,80.58160154937002
125,na,304.6923021312762,304.6923021312762,172.52974596416536,172.52974596416536
126,na,304.6923021312762,304.6923021312762,172.52974596416536,172.52974596416536
127,na,304.6923021312762,304.6923021312762,172.52974596416536,172.52974596416536
128,na,304.6923021312762,304.6923021312762,172.52974596416536,172.52974596416536
129,e,304.6923021312762,304.6923021312762,172.52974596416536,172.52974596416536
130,e,304.6923021312762,304.6923021312762,172.52974596416536,172.52974596416536
131,na,304.6923021312762,304.6923021312762,172.52974596416536,172.52974596416536
132,na,304.6923021312762,304.6923021312762,172.52974596416536,172.52974596416536
133,na,304.6923021312762,304.6923021312762,4.926514774959285,22.783172878585056
134,na,304.6923021312762,304.6923021312762,172.52974596416536,172.52974596416536
135,na,304.6923021312762,304.6923021312762,172.52974596416536,172.52974596416536
136,e,304.6923021312762,304.6923021312762,33.02609898101617,38.24839897302947
137,e,304.6923021312762,304.6923021312762,172.52974596416536,172.52974596416536
138,e,304.6923021312762,304.6923021312762,172.52974596416536,172.52974596416536
139,na,304.6923021312762,304.6923021312762,172.52974596416536,172.52974596416536
140,na,304.6923021312762,304.6923021312762,172.52974596416536,172.52974596416536
141,na,304.6923021312762,304.6923021312762,172.52974596416536,172.52974596416536
142,na,304.6923021312762,304.6923021312762,172.52974596416536,172.52974596416536
143,na,304.6923021312762,304.6923021312762,172.52974596416536,172.52974596416536
144,na,304.6923021312762,304.6923021312762,172.52974596416536,172.52974596416536
145,na,304.6923021312762,304.6923021312762,172.52974596416536,172.52974596416536
146,e,53.75640577082096,61.92159155648582,48.49142582703008,70.70280107279453
147,na,304.6923021312762,304.6923021312762,172.52974596416536,172.52974596416536
148,na,304.6923021312762,304.6923021312762,172.52974596416536,172.52974596416536
149,na,304.6923021312762,304.6923021312762,172.52974596416536,172.52974596416536
150,na,304.6923021312762,304.6923021312762,172.52974596416536,172.52974596416536
151,na,304.6923021312762,304.6923021312762,172.52974596416536,172.52974596416536
152,na,304.6923021312762,304.6923021312762,172.52974596416536,172.52974596416536
153,na,304.6923021312762,304.6923021312762,172.52974596416536,172.52974596416536
154,na,304.6923021312762,304.6923021312762,172.52974596416536,172.52974596416536
155,na,-1,0,-1,0
156,na,304.6923021312762,304.6923021312762,172.52974596416536,172.52974596416536
157,na,304.6923021312762,304.6923021312762,172.52974596416536,172.52974596416536
158,na,304.6923021312762,304.6923021312762,172.52974596416536,172.52974596416536
159,na,304.6923021312762,304.6923021312762,172.52974596416536,172.52974596416536
160,na,304.6923021312762,304.6923021312762,172.52974596416536,172.52974596416536
161,na,304.6923021312762,304.6923021312762,172.52974596416536,172.52974596416536
162,na,304.6923021312762,304.6923021312762,172.52974596416536,172.52974596416536
163,na,304.6923021312762,304.6923021312762,172.52974596416536,172.52974596416536
164,e,304.6923021312762,304.6923021312762,172.52974596416536,172.52974596416536
165,na,304.6923021312762,304.6923021312762,172.52974596416536,172.52974596416536
166,na,304.6923021312762,304.6923021312762,172.52974596416536,172.52974596416536
167,na,304.6923021312762,304.6923021312762,172.52974596416536,172.52974596416536
168,na,304.6923021312762,304.6923021312762,172.52974596416536,172.52974596416536
169,na,25.66948569464087,33.29856855258821,14.535877126421566,24.798412874347115
170,na,304.6923021312762,304.6923021312762,172.52974596416536,172.52974596416536
171,e,304.6923021312762,304.6923021312762,172.52974596416536,172.52974596416536
172,na,304.6923021312762,304.6923021312762,172.52974596416536,172.52974596416536
173,na,304.6923021312762,304.6923021312762,172.52974596416536,172.52974596416536
174,na,304.6923021312762,304.6923021312762,172.52974596416536,172.52974596416536
175,na,304.6923021312762,304.6923021312762,172.52974596416536,172.52974596416536
176,na,304.6923021312762,304.6923021312762,172.52974596416536,172.52974596416536
177,na,304.6923021312762,304.6923021312762,172.52974596416536,172.52974596416536
178,na,304.6923021312762,304.6923021312762,172.52974596416536,172.52974596416536
179,na,304.6923021312762,304.6923021312762,172.52974596416536,172.52974596416536
180,na,304.6923021312762,304.6923021312762,172.52974596416536,172.52974596416536
181,na,304.6923021312762,304.6923021312762,172.52974596416536,172.52974596416536
182,na,304.6923021312762,304.6923021312762,172.52974596416536,172.52974596416536
183,na,304.6923021312762,304.6923021312762,172.52974596416536,172.52974596416536
184,na,29.67100398141063,35.8873784134792,172.52974596416536,172.52974596416536
185,na,304.6923021312762,304.6923021312762,172.52974596416536,172.52974596416536
186,na,304.6923021312762,304.6923021312762,172.52974596416536,172.52974596416536
187,na,98.0284282954247,104.84893736789702,20.96212075628303,31.568507040867704
188,na,304.6923021312762,304.6923021312762,172.52974596416536,172.52974596416536
189,na,304.6923021312762,304.6923021312762,172.52974596416536,172.52974596416536
190,na,304.6923021312762,304.6923021312762,172.52974596416536,172.52974596416536
191,na,304.6923021312762,304.6923021312762,172.52974596416536,172.52974596416536
192,na,304.6923021312762,304.6923021312762,172.52974596416536,172.52974596416536
193,na,304.6923021312762,304.6923021312762,172.52974596416536,172.52974596416536
194,na,304.6923021312762,304.6923021312762,172.52974596416536,172.52974596416536
195,e,304.6923021312762,304.6923021312762,172.52974596416536,172.52974596416536
196,na,304.6923021312762,304.6923021312762,172.52974596416536,172.52974596416536
197,e,304.6923021312762,304.6923021312762,172.52974596416536,172.52974596416536
198,na,304.6923021312762,304.6923021312762,2.156425990048468,6.870636574053132
199,na,304.6923021312762,304.6923021312762,172.52974596416536,172.52974596416536
200,na,304.6923021312762,304.6923021312762,172.52974596416536,172.52974596416536
201,na,304.6923021312762,304.6923021312762,172.52974596416536,172.52974596416536
202,na,304.6923021312762,304.6923021312762,172.52974596416536,172.52974596416536
203,e,304.6923021312762,304.6923021312762,172.52974596416536,172.52974596416536
204,na,304.6923021312762,304.6923021312762,172.52974596416536,172.52974596416536
205,na,304.6923021312762,0.35457782629542656,172.52974596416536,3.1619416776686258
206,na,304.6923021312762,304.6923021312762,172.52974596416536,172.52974596416536
207,na,304.6923021312762,304.6923021312762,172.52974596416536,172.52974596416536
208,na,304.6923021312762,304.6923021312762,172.52974596416536,172.52974596416536
209,e,304.6923021312762,304.6923021312762,172.52974596416536,172.52974596416536
210,na,304.6923021312762,304.6923021312762,172.52974596416536,172.52974596416536
211,na,304.6923021312762,304.6923021312762,172.52974596416536,172.52974596416536
212,na,304.6923021312762,304.6923021312762,172.52974596416536,172.52974596416536
213,na,304.6923021312762,304.6923021312762,172.52974596416536,172.52974596416536
214,na,304.6923021312762,304.6923021312762,172.52974596416536,172.52974596416536
215,na,304.6923021312762,304.6923021312762,172.52974596416536,172.52974596416536
216,na,304.6923021312762,304.6923021312762,172.52974596416536,172.52974596416536
217,e,304.6923021312762,304.6923021312762,172.52974596416536,172.52974596416536
218,e,304.6923021312762,304.6923021312762,172.52974596416536,172.52974596416536
219,e,60.31347459995184,78.27650017761334,172.52974596416536,172.52974596416536
220,na,304.6923021312762,304.6923021312762,172.52974596416536,172.52974596416536
221,na,304.6923021312762,304.6923021312762,172.52974596416536,172.52974596416536
222,e,304.6923021312762,304.6923021312762,172.52974596416536,172.52974596416536
223,na,304.6923021312762,304.6923021312762,172.52974596416536,172.52974596416536
224,na,-1,0,-1,0
225,na,304.6923021312762,304.6923021312762,172.52974596416536,172.52974596416536
226,e,304.6923021312762,304.6923021312762,172.52974596416536,172.52974596416536
227,e,304.6923021312762,304.6923021312762,172.52974596416536,172.52974596416536
228,e,304.6923021312762,304.6923021312762,172.52974596416536,172.52974596416536
229,na,304.6923021312762,304.6923021312762,172.52974596416536,172.52974596416536
230,na,304.6923021312762,304.6923021312762,172.52974596416536,172.52974596416536
231,na,304.6923021312762,304.6923021312762,172.52974596416536,172.52974596416536
232,e,304.6923021312762,304.6923021312762,172.52974596416536,172.52974596416536
233,na,304.6923021312762,304.6923021312762,172.52974596416536,172.52974596416536
234,na,304.6923021312762,304.6923021312762,172.52974596416536,172.52974596416536
235,na,304.6923021312762,304.6923021312762,172.52974596416536,172.52974596416536
236,na,0,12.31550738806636,0,14.758847044052208
237,na,304.6923021312762,304.6923021312762,172.52974596416536,172.52974596416536
238,na,304.6923021312762,304.6923021312762,172.52974596416536,172.52974596416536
239,na,304.6923021312762,304.6923021312762,172.52974596416536,172.52974596416536
240,na,304.6923021312762,304.6923021312762,172.52974596416536,172.52974596416536
241,e,304.6923021312762,304.6923021312762,172.52974596416536,172.52974596416536
242,na,304.6923021312762,304.6923021312762,172.52974596416536,172.52974596416536
243,na,304.6923021312762,304.6923021312762,172.52974596416536,172.52974596416536
244,na,304.6923021312762,304.6923021312762,172.52974596416536,172.52974596416536
245,e,304.6923021312762,304.6923021312762,172.52974596416536,172.52974596416536
246,na,304.6923021312762,304.6923021312762,172.52974596416536,172.52974596416536
247,na,304.6923021312762,304.6923021312762,172.52974596416536,172.52974596416536
248,na,304.6923021312762,304.6923021312762,172.52974596416536,172.52974596416536
249,e,304.6923021312762,304.6923021312762,172.52974596416536,172.52974596416536
250,na,18.220194198435415,20.16932118462546,172.52974596416536,172.52974596416536
251,e,304.6923021312762,304.6923021312762,172.52974596416536,172.52974596416536
252,e,304.6923021312762,304.6923021312762,172.52974596416536,172.52974596416536
253,na,304.6923021312762,304.6923021312762,172.52974596416536,172.52974596416536
254,na,304.6923021312762,304.6923021312762,172.52974596416536,172.52974596416536
255,na,42.18664699189351,46.51760289038837,172.52974596416536,172.52974596416536
256,na,304.6923021312762,304.6923021312762,172.52974596416536,172.52974596416536
257,na,304.6923021312762,304.6923021312762,172.52974596416536,172.52974596416536
258,na,304.6923021312762,304.6923021312762,172.52974596416536,172.52974596416536
259,na,304.6923021312762,304.6923021312762,172.52974596416536,172.52974596416536
260,na,304.6923021312762,304.6923021312762,172.52974596416536,172.52974596416536
261,na,304.6923021312762,304.6923021312762,172.52974596416536,172.52974596416536
262,na,62.60884552940443,66.63040930558974,172.52974596416536,172.52974596416536
263,na,304.6923021312762,304.6923021312762,172.52974596416536,172.52974596416536
264,na,131.9614813284032,140.05646049073465,172.52974596416536,172.52974596416536
265,e,304.6923021312762,304.6923021312762,27.713774314068527,52.75269351651639
266,na,304.6923021312762,304.6923021312762,172.52974596416536,172.52974596416536
267,na,304.6923021312762,304.6923021312762,172.52974596416536,172.52974596416536
268,e,304.6923021312762,304.6923021312762,172.52974596416536,172.52974596416536
269,na,304.6923021312762,304.6923021312762,172.52974596416536,172.52974596416536
270,e,304.6923021312762,304.6923021312762,172.52974596416536,172.52974596416536
271,na,304.6923021312762,304.6923021312762,172.52974596416536,172.52974596416536
272,na,304.6923021312762,304.6923021312762,172.52974596416536,172.52974596416536
273,na,304.6923021312762,304.6923021312762,172.52974596416536,172.52974596416536
274,na,304.6923021312762,304.6923021312762,172.52974596416536,172.52974596416536
275,na,304.6923021312762,304.6923021312762,172.52974596416536,172.52974596416536
276,na,304.6923021312762,304.6923021312762,172.52974596416536,172.52974596416536
277,na,304.6923021312762,304.6923021312762,172.52974596416536,172.52974596416536
278,na,304.6923021312762,304.6923021312762,33.395477646123524,37.14325307397435
279,na,304.6923021312762,304.6923021312762,172.52974596416536,172.52974596416536
280,na,304.6923021312762,304.6923021312762,172.52974596416536,172.52974596416536
281,na,304.6923021312762,304.6923021312762,172.52974596416536,172.52974596416536
282,e,304.6923021312762,304.6923021312762,172.52974596416536,172.52974596416536
283,na,304.6923021312762,304.6923021312762,172.52974596416536,172.52974596416536
284,na,304.6923021312762,304.6923021312762,172.52974596416536,172.52974596416536
285,na,304.6923021312762,304.6923021312762,4.356847014806786,14.432306198724367
286,na,304.6923021312762,304.6923021312762,172.52974596416536,172.52974596416536
287,na,304.6923021312762,304.6923021312762,172.52974596416536,172.52974596416536
288,na,304.6923021312762,304.6923021312762,172.52974596416536,172.52974596416536
289,na,304.6923021312762,304.6923021312762,172.52974596416536,172.52974596416536
290,na,304.6923021312762,304.6923021312762,172.52974596416536,172.52974596416536
291,na,8.289936130997736,21.86375097254102,172.52974596416536,172.52974596416536
292,na,304.6923021312762,304.6923021312762,172.52974596416536,172.52974596416536
293,e,157.12721205451115,162.23453277183634,172.52974596416536,172.52974596416536
294,na,304.6923021312762,304.6923021312762,172.52974596416536,172.52974596416536
295,na,304.6923021312762,304.6923021312762,172.52974596416536,172.52974596416536
296,na,304.6923021312762,304.6923021312762,172.52974596416536,172.52974596416536
297,e,304.6923021312762,304.6923021312762,172.52974596416536,172.52974596416536
298,na,304.6923021312762,304.6923021312762,172.52974596416536,172.52974596416536
299,na,304.6923021312762,304.6923021312762,172.52974596416536,172.52974596416536
300,na,304.6923021312762,304.6923021312762,172.52974596416536,172.52974596416536
301,na,304.6923021312762,304.6923021312762,172.52974596416536,172.52974596416536
302,na,304.6923021312762,304.6923021312762,172.52974596416536,172.52974596416536
303,na,304.6923021312762,304.6923021312762,172.52974596416536,172.52974596416536
304,e,304.6923021312762,304.6923021312762,172.52974596416536,172.52974596416536
305,na,304.6923021312762,304.6923021312762,172.52974596416536,172.52974596416536
306,na,304.6923021312762,304.6923021312762,172.52974596416536,172.52974596416536
307,na,304.6923021312762,304.6923021312762,172.52974596416536,172.52974596416536
308,na,304.6923021312762,304.6923021312762,172.52974596416536,172.52974596416536
309,na,304.6923021312762,304.6923021312762,172.52974596416536,172.52974596416536
310,na,304.6923021312762,304.6923021312762,172.52974596416536,172.52974596416536
311,na,304.6923021312762,304.6923021312762,172.52974596416536,172.52974596416536
312,na,304.6923021312762,304.6923021312762,172.52974596416536,172.52974596416536
313,na,304.6923021312762,304.6923021312762,172.52974596416536,172.52974596416536
314,na,304.6923021312762,304.6923021312762,172.52974596416536,172.52974596416536
315,e,304.6923021312762,304.6923021312762,172.52974596416536,172.52974596416536
316,na,134.16818110936117,161.1999566346448,172.52974596416536,172.52974596416536
317,na,304.6923021312762,304.6923021312762,172.52974596416536,172.52974596416536
318,na,304.6923021312762,304.6923021312762,172.52974596416536,172.52974596416536
319,na,304.6923021312762,304.6923021312762,45.04425912280838,61.27683196883134
320,e,304.6923021312762,304.6923021312762,172.52974596416536,172.52974596416536
321,na,304.6923021312762,304.6923021312762,172.52974596416536,172.52974596416536
322,e,304.6923021312762,304.6923021312762,172.52974596416536,172.52974596416536
323,na,304.6923021312762,304.6923021312762,172.52974596416536,172.52974596416536
324,na,304.6923021312762,304.6923021312762,172.52974596416536,172.52974596416536
325,na,304.6923021312762,304.6923021312762,172.52974596416536,172.52974596416536
326,na,304.6923021312762,304.6923021312762,172.52974596416536,172.52974596416536
327,na,304.6923021312762,304.6923021312762,172.52974596416536,172.52974596416536
328,na,304.6923021312762,304.6923021312762,172.52974596416536,172.52974596416536
329,e,17.540301346952194,30.648937230711546,172.52974596416536,172.52974596416536
330,na,304.6923021312762,304.6923021312762,172.52974596416536,172.52974596416536
331,na,304.6923021312762,304.6923021312762,172.52974596416536,172.52974596416536
332,na,304.6923021312762,304.6923021312762,172.52974596416536,172.52974596416536
333,na,304.6923021312762,304.6923021312762,172.52974596416536,172.52974596416536
334,na,304.6923021312762,304.6923021312762,172.52974596416536,172.52974596416536
335,na,304.6923021312762,304.6923021312762,172.52974596416536,172.52974596416536
336,e,304.6923021312762,304.6923021312762,172.52974596416536,172.52974596416536
337,na,304.6923021312762,304.6923021312762,172.52974596416536,172.52974596416536
338,na,304.6923021312762,304.6923021312762,172.52974596416536,172.52974596416536
339,na,304.6923021312762,304.6923021312762,172.52974596416536,172.52974596416536
340,e,85.25081936645846,96.77951126515515,172.52974596416536,172.52974596416536
341,na,304.6923021312762,304.6923021312762,172.52974596416536,172.52974596416536
342,na,45.56063911047387,49.62887903865071,172.52974596416536,172.52974596416536
343,e,304.6923021312762,304.6923021312762,172.52974596416536,172.52974596416536
344,na,304.6923021312762,304.6923021312762,172.52974596416536,172.52974596416536
345,na,75.91323171025051,102.75939515202587,172.52974596416536,172.52974596416536
346,e,304.6923021312762,304.6923021312762,172.52974596416536,172.52974596416536
347,na,304.6923021312762,304.6923021312762,172.52974596416536,172.52974596416536
348,na,304.6923021312762,304.6923021312762,172.52974596416536,172.52974596416536
349,na,304.6923021312762,304.6923021312762,172.52974596416536,172.52974596416536
350,na,304.6923021312762,304.6923021312762,172.52974596416536,172.52974596416536
351,na,304.6923021312762,304.6923021312762,172.52974596416536,172.52974596416536
352,e,304.6923021312762,304.6923021312762,172.52974596416536,172.52974596416536
353,na,304.6923021312762,304.6923021312762,172.52974596416536,172.52974596416536
354,e,23.883788117601984,54.318368797616706,172.52974596416536,172.52974596416536
355,na,173.39215908254536,178.19203081157104,172.52974596416536,172.52974596416536
356,na,304.6923021312762,304.6923021312762,172.52974596416536,172.52974596416536
357,na,304.6923021312762,304.6923021312762,172.52974596416536,172.52974596416536
358,na,304.6923021312762,304.6923021312762,172.52974596416536,172.52974596416536
359,na,304.6923021312762,304.6923021312762,172.52974596416536,172.52974596416536
360,na,304.6923021312762,304.6923021312762,172.52974596416536,172.52974596416536
361,na,304.6923021312762,304.6923021312762,172.52974596416536,172.52974596416536
362,na,304.6923021312762,304.6923021312762,172.52974596416536,172.52974596416536
363,na,304.6923021312762,304.6923021312762,172.52974596416536,172.52974596416536
364,na,15.208340424179706,31.954771490722276,172.52974596416536,172.52974596416536
365,na,304.6923021312762,304.6923021312762,172.52974596416536,172.52974596416536
366,e,304.6923021312762,304.6923021312762,172.52974596416536,172.52974596416536
367,na,304.6923021312762,304.6923021312762,172.52974596416536,172.52974596416536
368,na,304.6923021312762,304.6923021312762,172.52974596416536,172.52974596416536
369,na,304.6923021312762,304.6923021312762,172.52974596416536,172.52974596416536
370,e,304.6923021312762,304.6923021312762,172.52974596416536,172.52974596416536
371,na,304.6923021312762,304.6923021312762,172.52974596416536,172.52974596416536
372,na,304.6923021312762,304.6923021312762,172.52974596416536,172.52974596416536
373,na,304.6923021312762,304.6923021312762,172.52974596416536,172.52974596416536
374,na,304.6923021312762,304.6923021312762,172.52974596416536,172.52974596416536
375,na,304.6923021312762,304.6923021312762,172.52974596416536,172.52974596416536
376,na,304.6923021312762,304.6923021312762,172.52974596416536,172.52974596416536
377,e,304.6923021312762,304.6923021312762,172.52974596416536,172.52974596416536
378,na,304.6923021312762,304.6923021312762,172.52974596416536,172.52974596416536
379,na,304.6923021312762,304.6923021312762,13.370171530486374,28.55564299625873
380,na,304.6923021312762,304.6923021312762,172.52974596416536,172.52974596416536
381,na,304.6923021312762,304.6923021312762,172.52974596416536,172.52974596416536
382,na,304.6923021312762,304.6923021312762,31.146760980381277,52.416885380831275
383,na,304.6923021312762,304.6923021312762,172.52974596416536,172.52974596416536
384,na,304.6923021312762,304.6923021312762,172.52974596416536,172.52974596416536
385,na,304.6923021312762,304.6923021312762,172.52974596416536,172.52974596416536
386,na,304.6923021312762,304.6923021312762,172.52974596416536,172.52974596416536
387,na,304.6923021312762,304.6923021312762,172.52974596416536,172.52974596416536
388,e,304.6923021312762,304.6923021312762,172.52974596416536,172.52974596416536
389,na,304.6923021312762,304.6923021312762,172.52974596416536,172.52974596416536
390,na,304.6923021312762,304.6923021312762,172.52974596416536,172.52974596416536
391,na,304.6923021312762,304.6923021312762,172.52974596416536,172.52974596416536
392,na,304.6923021312762,304.6923021312762,172.52974596416536,172.52974596416536
393,na,304.6923021312762,304.6923021312762,172.52974596416536,172.52974596416536
394,na,304.6923021312762,304.6923021312762,172.52974596416536,172.52974596416536
395,na,207.263328533146,209.46304885163798,172.52974596416536,172.52974596416536
396,na,304.6923021312762,304.6923021312762,172.52974596416536,172.52974596416536
397,na,304.6923021312762,304.6923021312762,172.52974596416536,172.52974596416536
398,na,304.6923021312762,304.6923021312762,172.52974596416536,172.52974596416536
399,na,304.6923021312762,304.6923021312762,172.52974596416536,172.52974596416536
400,na,304.6923021312762,304.6923021312762,51.240888670840846,61.99579677527163
401,na,304.6923021312762,304.6923021312762,172.52974596416536,172.52974596416536
402,na,304.6923021312762,304.6923021312762,172.52974596416536,172.52974596416536
403,e,304.6923021312762,304.6923021312762,172.52974596416536,172.52974596416536
404,na,304.6923021312762,304.6923021312762,172.52974596416536,172.52974596416536
405,na,304.6923021312762,304.6923021312762,172.52974596416536,172.52974596416536
406,na,304.6923021312762,304.6923021312762,172.52974596416536,172.52974596416536
407,na,304.6923021312762,304.6923021312762,172.52974596416536,172.52974596416536
408,na,304.6923021312762,304.6923021312762,172.52974596416536,172.52974596416536
409,na,304.6923021312762,304.6923021312762,50.877799284851356,68.00377680077003
410,na,304.6923021312762,304.6923021312762,172.52974596416536,172.52974596416536
411,na,304.6923021312762,304.6923021312762,172.52974596416536,172.52974596416536
412,na,304.6923021312762,304.6923021312762,172.52974596416536,172.52974596416536
413,e,304.6923021312762,304.6923021312762,172.52974596416536,172.52974596416536
414,na,304.6923021312762,304.6923021312762,172.52974596416536,172.52974596416536
415,na,304.6923021312762,304.6923021312762,172.52974596416536,172.52974596416536
416,na,304.6923021312762,304.6923021312762,172.52974596416536,172.52974596416536
417,na,304.6923021312762,304.6923021312762,172.52974596416536,172.52974596416536
418,na,304.6923021312762,304.6923021312762,86.29366129547735,103.16101320027296
419,na,304.6923021312762,304.6923021312762,172.52974596416536,172.52974596416536
420,na,304.6923021312762,304.6923021312762,172.52974596416536,172.52974596416536
421,na,304.6923021312762,304.6923021312762,172.52974596416536,172.52974596416536
422,na,304.6923021312762,304.6923021312762,172.52974596416536,172.52974596416536
423,na,304.6923021312762,304.6923021312762,172.52974596416536,172.52974596416536
424,na,304.6923021312762,304.6923021312762,172.52974596416536,172.52974596416536
425,na,304.6923021312762,304.6923021312762,172.52974596416536,172.52974596416536
426,na,304.6923021312762,304.6923021312762,172.52974596416536,172.52974596416536
427,na,304.6923021312762,304.6923021312762,172.52974596416536,172.52974596416536
428,na,304.6923021312762,304.6923021312762,172.52974596416536,172.52974596416536
429,na,304.6923021312762,304.6923021312762,172.52974596416536,172.52974596416536
430,na,304.6923021312762,304.6923021312762,172.52974596416536,172.52974596416536
431,e,304.6923021312762,304.6923021312762,172.52974596416536,172.52974596416536
432,na,304.6923021312762,304.6923021312762,172.52974596416536,172.52974596416536
433,e,304.6923021312762,304.6923021312762,172.52974596416536,172.52974596416536
434,na,304.6923021312762,304.6923021312762,172.52974596416536,172.52974596416536
435,na,304.6923021312762,304.6923021312762,172.52974596416536,172.52974596416536
436,na,126.86635803605067,135.99772656019573,172.52974596416536,172.52974596416536
437,na,304.6923021312762,304.6923021312762,172.52974596416536,172.52974596416536
438,na,304.6923021312762,304.6923021312762,172.52974596416536,172.52974596416536
439,na,304.6923021312762,304.6923021312762,172.52974596416536,172.52974596416536
440,na,2.1751130431343673,2.4791004602415954,172.52974596416536,172.52974596416536
441,na,304.6923021312762,304.6923021312762,172.52974596416536,172.52974596416536
442,na,304.6923021312762,304.6923021312762,172.52974596416536,172.52974596416536
443,e,304.6923021312762,304.6923021312762,172.52974596416536,172.52974596416536
444,na,304.6923021312762,304.6923021312762,172.52974596416536,172.52974596416536
445,na,48.33462058351958,63.694693453894224,172.52974596416536,172.52974596416536
446,e,304.6923021312762,304.6923021312762,172.52974596416536,172.52974596416536
447,na,304.6923021312762,304.6923021312762,172.52974596416536,172.52974596416536
448,na,304.6923021312762,304.6923021312762,172.52974596416536,172.52974596416536
449,na,304.6923021312762,304.6923021312762,172.52974596416536,172.52974596416536
450,na,304.6923021312762,304.6923021312762,172.52974596416536,172.52974596416536
451,na,304.6923021312762,304.6923021312762,172.52974596416536,172.52974596416536
452,na,304.6923021312762,304.6923021312762,172.52974596416536,172.52974596416536
453,na,304.6923021312762,304.6923021312762,172.52974596416536,172.52974596416536
454,na,304.6923021312762,304.6923021312762,58.34630734020696,65.96475160549429
455,na,304.6923021312762,304.6923021312762,172.52974596416536,172.52974596416536
456,na,304.6923021312762,304.6923021312762,172.52974596416536,172.52974596416536
457,na,304.6923021312762,304.6923021312762,172.52974596416536,172.52974596416536
458,na,304.6923021312762,304.6923021312762,172.52974596416536,172.52974596416536
459,na,304.6923021312762,304.6923021312762,172.52974596416536,172.52974596416536
460,e,304.6923021312762,304.6923021312762,172.52974596416536,172.52974596416536
461,na,304.6923021312762,304.6923021312762,11.16600622276818,19.960391639907836
462,na,304.6923021312762,304.6923021312762,172.52974596416536,172.52974596416536
463,na,304.6923021312762,304.6923021312762,172.52974596416536,172.52974596416536
464,na,304.6923021312762,304.6923021312762,172.52974596416536,172.52974596416536
465,na,304.6923021312762,304.6923021312762,172.52974596416536,172.52974596416536
466,na,304.6923021312762,304.6923021312762,73.0695812325659,83.22292708766349
467,na,304.6923021312762,304.6923021312762,172.52974596416536,172.52974596416536
468,na,304.6923021312762,304.6923021312762,172.52974596416536,172.52974596416536
469,na,304.6923021312762,304.6923021312762,172.52974596416536,172.52974596416536
470,na,304.6923021312762,304.6923021312762,172.52974596416536,172.52974596416536
471,e,304.6923021312762,304.6923021312762,172.52974596416536,172.52974596416536
472,na,304.6923021312762,304.6923021312762,64.89149931924398,67.84478518399717
473,na,304.6923021312762,304.6923021312762,172.52974596416536,172.52974596416536
474,na,304.6923021312762,304.6923021312762,172.52974596416536,172.52974596416536
475,e,304.6923021312762,304.6923021312762,172.52974596416536,172.52974596416536
476,na,304.6923021312762,304.6923021312762,172.52974596416536,172.52974596416536
477,na,304.6923021312762,304.6923021312762,172.52974596416536,172.52974596416536
478,na,304.6923021312762,304.6923021312762,172.52974596416536,172.52974596416536
479,na,304.6923021312762,304.6923021312762,172.52974596416536,172.52974596416536
480,na,304.6923021312762,304.6923021312762,172.52974596416536,172.52974596416536
481,na,304.6923021312762,304.6923021312762,172.52974596416536,172.52974596416536
482,na,304.6923021312762,304.6923021312762,172.52974596416536,172.52974596416536
483,na,12.538754782611555,25.630534702549625,172.52974596416536,172.52974596416536
484,na,304.6923021312762,304.6923021312762,8.82065735996491,11.636106756955414
485,e,304.6923021312762,304.6923021312762,172.52974596416536,172.52974596416536
486,na,304.6923021312762,304.6923021312762,172.52974596416536,172.52974596416536
487,na,304.6923021312762,304.6923021312762,172.52974596416536,172.52974596416536
488,na,304.6923021312762,304.6923021312762,172.52974596416536,172.52974596416536
489,na,128.6658516248703,132.04003243633844,172.52974596416536,172.52974596416536
490,na,304.6923021312762,304.6923021312762,172.52974596416536,172.52974596416536
491,na,304.6923021312762,304.6923021312762,172.52974596416536,172.52974596416536
492,na,304.6923021312762,304.6923021312762,172.52974596416536,172.52974596416536
493,na,304.6923021312762,304.6923021312762,172.52974596416536,172.52974596416536
494,na,304.6923021312762,304.6923021312762,172.52974596416536,172.52974596416536
495,na,111.19682364061929,122.14292151995454,68.56871915391453,84.94184103640978
496,na,304.6923021312762,304.6923021312762,172.52974596416536,172.52974596416536
497,na,304.6923021312762,304.6923021312762,172.52974596416536,172.52974596416536
498,e,304.6923021312762,304.6923021312762,172.52974596416536,172.52974596416536
499,na,304.6923021312762,304.6923021312762,172.52974596416536,172.52974596416536
500,na,304.6923021312762,304.6923021312762,172.52974596416536,172.52974596416536
501,na,304.6923021312762,304.6923021312762,172.52974596416536,172.52974596416536
502,na,304.6923021312762,304.6923021312762,172.52974596416536,172.52974596416536
503,na,304.6923021312762,304.6923021312762,172.52974596416536,172.52974596416536
504,na,304.6923021312762,304.6923021312762,172.52974596416536,172.52974596416536
505,na,304.6923021312762,304.6923021312762,172.52974596416536,172.52974596416536
506,na,304.6923021312762,304.6923021312762,172.52974596416536,172.52974596416536
507,na,304.6923021312762,304.6923021312762,172.52974596416536,172.52974596416536
508,na,304.6923021312762,304.6923021312762,172.52974596416536,172.52974596416536
509,na,304.6923021312762,304.6923021312762,172.52974596416536,172.52974596416536
510,na,304.6923021312762,304.6923021312762,172.52974596416536,172.52974596416536
511,e,304.6923021312762,304.6923021312762,172.52974596416536,172.52974596416536
512,na,304.6923021312762,304.6923021312762,172.52974596416536,172.52974596416536
513,na,304.6923021312762,304.6923021312762,172.52974596416536,172.52974596416536
514,e,304.6923021312762,304.6923021312762,172.52974596416536,172.52974596416536
515,na,304.6923021312762,304.6923021312762,172.52974596416536,172.52974596416536
516,na,304.6923021312762,304.6923021312762,172.52974596416536,172.52974596416536
517,na,304.6923021312762,304.6923021312762,172.52974596416536,172.52974596416536
518,na,304.6923021312762,304.6923021312762,172.52974596416536,172.52974596416536
519,na,52.450518368126,70.12839356918776,172.52974596416536,172.52974596416536
520,e,304.6923021312762,304.6923021312762,172.52974596416536,172.52974596416536
521,na,304.6923021312762,304.6923021312762,172.52974596416536,172.52974596416536
522,na,304.6923021312762,304.6923021312762,172.52974596416536,172.52974596416536
523,na,304.6923021312762,304.6923021312762,172.52974596416536,172.52974596416536
524,na,304.6923021312762,304.6923021312762,172.52974596416536,172.52974596416536
525,na,304.6923021312762,304.6923021312762,172.52974596416536,172.52974596416536
526,na,304.6923021312762,304.6923021312762,172.52974596416536,172.52974596416536
527,na,304.6923021312762,304.6923021312762,172.52974596416536,172.52974596416536
528,na,304.6923021312762,304.6923021312762,172.52974596416536,172.52974596416536
529,na,304.6923021312762,304.6923021312762,172.52974596416536,172.52974596416536
530,na,304.6923021312762,304.6923021312762,172.52974596416536,172.52974596416536
531,na,304.6923021312762,304.6923021312762,172.52974596416536,172.52974596416536
532,e,304.6923021312762,304.6923021312762,172.52974596416536,172.52974596416536
533,na,304.6923021312762,304.6923021312762,172.52974596416536,172.52974596416536
534,na,304.6923021312762,304.6923021312762,172.52974596416536,172.52974596416536
535,na,304.6923021312762,304.6923021312762,172.52974596416536,172.52974596416536
536,na,304.6923021312762,304.6923021312762,172.52974596416536,172.52974596416536
537,na,304.6923021312762,304.6923021312762,172.52974596416536,172.52974596416536
538,na,304.6923021312762,304.6923021312762,172.52974596416536,172.52974596416536
539,na,41.648218251256885,49.144639193196376,172.52974596416536,172.52974596416536
540,e,304.6923021312762,304.6923021312762,172.52974596416536,172.52974596416536
541,na,304.6923021312762,304.6923021312762,172.52974596416536,172.52974596416536
542,na,304.6923021312762,304.6923021312762,172.52974596416536,172.52974596416536
543,na,304.6923021312762,304.6923021312762,172.52974596416536,172.52974596416536
544,na,107.15271967826776,108.87346241747183,172.52974596416536,172.52974596416536
545,e,304.6923021312762,304.6923021312762,172.52974596416536,172.52974596416536
546,na,304.6923021312762,304.6923021312762,172.52974596416536,172.52974596416536
547,na,185.7183298594783,196.00008036630865,172.52974596416536,172.52974596416536
548,na,304.6923021312762,304.6923021312762,172.52974596416536,172.52974596416536
549,na,304.6923021312762,304.6923021312762,172.52974596416536,172.52974596416536
550,na,304.6923021312762,304.6923021312762,172.52974596416536,172.52974596416536
551,na,304.6923021312762,304.6923021312762,172.52974596416536,172.52974596416536
552,na,304.6923021312762,304.6923021312762,172.52974596416536,172.52974596416536
553,na,304.6923021312762,304.6923021312762,172.52974596416536,172.52974596416536
554,na,304.6923021312762,304.6923021312762,172.52974596416536,172.52974596416536
555,na,304.6923021312762,304.6923021312762,172.52974596416536,172.52974596416536
556,na,304.6923021312762,304.6923021312762,172.52974596416536,172.52974596416536
557,na,304.6923021312762,304.6923021312762,172.52974596416536,172.52974596416536
558,na,304.6923021312762,304.6923021312762,172.52974596416536,172.52974596416536
559,na,304.6923021312762,304.6923021312762,172.52974596416536,172.52974596416536
560,na,304.6923021312762,304.6923021312762,172.52974596416536,172.52974596416536
561,na,304.6923021312762,304.6923021312762,172.52974596416536,172.52974596416536
562,na,304.6923021312762,304.6923021312762,172.52974596416536,172.52974596416536
563,na,304.6923021312762,304.6923021312762,172.52974596416536,172.52974596416536
564,na,304.6923021312762,304.6923021312762,172.52974596416536,172.52974596416536
565,na,304.6923021312762,304.6923021312762,172.52974596416536,172.52974596416536
566,na,304.6923021312762,304.6923021312762,172.52974596416536,172.52974596416536
567,na,304.6923021312762,304.6923021312762,172.52974596416536,172.52974596416536
568,na,304.6923021312762,304.6923021312762,172.52974596416536,172.52974596416536
569,na,304.6923021312762,304.6923021312762,172.52974596416536,172.52974596416536
570,na,304.6923021312762,304.6923021312762,172.52974596416536,172.52974596416536
571,na,304.6923021312762,304.6923021312762,172.52974596416536,172.52974596416536
572,na,304.6923021312762,304.6923021312762,172.52974596416536,172.52974596416536
573,na,304.6923021312762,304.6923021312762,172.52974596416536,172.52974596416536
574,na,304.6923021312762,304.6923021312762,172.52974596416536,172.52974596416536
575,na,304.6923021312762,304.6923021312762,172.52974596416536,172.52974596416536
576,na,304.6923021312762,304.6923021312762,172.52974596416536,172.52974596416536
577,na,81.6775231347532,83.03604962895918,172.52974596416536,172.52974596416536
578,e,304.6923021312762,304.6923021312762,172.52974596416536,172.52974596416536
579,na,304.6923021312762,304.6923021312762,172.52974596416536,172.52974596416536
580,na,304.6923021312762,304.6923021312762,172.52974596416536,172.52974596416536
581,na,304.6923021312762,304.6923021312762,172.52974596416536,172.52974596416536
582,e,304.6923021312762,304.6923021312762,172.52974596416536,172.52974596416536
583,na,304.6923021312762,304.6923021312762,172.52974596416536,172.52974596416536
584,na,304.6923021312762,304.6923021312762,172.52974596416536,172.52974596416536
585,na,304.6923021312762,304.6923021312762,172.52974596416536,172.52974596416536
586,e,304.6923021312762,304.6923021312762,172.52974596416536,172.52974596416536
587,e,304.6923021312762,304.6923021312762,172.52974596416536,172.52974596416536
588,na,304.6923021312762,304.6923021312762,172.52974596416536,172.52974596416536
589,na,304.6923021312762,304.6923021312762,172.52974596416536,172.52974596416536
590,na,304.6923021312762,304.6923021312762,172.52974596416536,172.52974596416536
591,na,93.43032161173792,102.4472406894885,172.52974596416536,172.52974596416536
592,e,304.6923021312762,304.6923021312762,172.52974596416536,172.52974596416536
593,e,304.6923021312762,304.6923021312762,172.52974596416536,172.52974596416536
594,e,137.13262812436022,154.5592315681758,172.52974596416536,172.52974596416536
595,na,304.6923021312762,304.6923021312762,172.52974596416536,172.52974596416536
596,na,304.6923021312762,304.6923021312762,172.52974596416536,172.52974596416536
597,na,304.6923021312762,304.6923021312762,172.52974596416536,172.52974596416536
598,na,304.6923021312762,304.6923021312762,172.52974596416536,172.52974596416536
599,na,304.6923021312762,304.6923021312762,172.52974596416536,172.52974596416536
600,e,304.6923021312762,304.6923021312762,172.52974596416536,172.52974596416536
601,na,304.6923021312762,304.6923021312762,172.52974596416536,172.52974596416536
602,na,304.6923021312762,304.6923021312762,172.52974596416536,172.52974596416536
603,na,304.6923021312762,304.6923021312762,172.52974596416536,172.52974596416536
604,na,304.6923021312762,304.6923021312762,172.52974596416536,172.52974596416536
605,na,304.6923021312762,1.1736214386488333,172.52974596416536,2.458733537471236
606,na,304.6923021312762,304.6923021312762,172.52974596416536,172.52974596416536
607,na,304.6923021312762,304.6923021312762,172.52974596416536,172.52974596416536
608,na,304.6923021312762,304.6923021312762,172.52974596416536,172.52974596416536
609,e,304.6923021312762,304.6923021312762,172.52974596416536,172.52974596416536
610,na,304.6923021312762,304.6923021312762,172.52974596416536,172.52974596416536
611,na,304.6923021312762,304.6923021312762,172.52974596416536,172.52974596416536
612,na,304.6923021312762,304.6923021312762,172.52974596416536,172.52974596416536
613,na,304.6923021312762,304.6923021312762,172.52974596416536,172.52974596416536
614,na,304.6923021312762,304.6923021312762,172.52974596416536,172.52974596416536
615,na,304.6923021312762,304.6923021312762,124.42235461177168,125.70690038059506
616,e,304.6923021312762,304.6923021312762,172.52974596416536,172.52974596416536
617,na,304.6923021312762,304.6923021312762,172.52974596416536,172.52974596416536
618,e,304.6923021312762,304.6923021312762,62.700335749078796,69.04582817029261
619,na,97.76927600702227,110.71202288154554,172.52974596416536,172.52974596416536
620,na,304.6923021312762,304.6923021312762,172.52974596416536,172.52974596416536
621,na,304.6923021312762,304.6923021312762,172.52974596416536,172.52974596416536
622,e,304.6923021312762,304.6923021312762,172.52974596416536,172.52974596416536
623,na,304.6923021312762,304.6923021312762,172.52974596416536,172.52974596416536
624,na,26.64812797926824,36.17882092297498,172.52974596416536,172.52974596416536
625,na,304.6923021312762,304.6923021312762,172.52974596416536,172.52974596416536
626,na,304.6923021312762,304.6923021312762,29.819590027658524,31.36763123957452
627,na,304.6923021312762,304.6923021312762,172.52974596416536,172.52974596416536
628,na,304.6923021312762,304.6923021312762,172.52974596416536,172.52974596416536
629,na,304.6923021312762,304.6923021312762,172.52974596416536,172.52974596416536
630,na,95.32351163761808,108.84108290970075,172.52974596416536,172.52974596416536
631,na,304.6923021312762,304.6923021312762,172.52974596416536,172.52974596416536
632,na,304.6923021312762,304.6923021312762,172.52974596416536,172.52974596416536
633,na,304.6923021312762,304.6923021312762,172.52974596416536,172.52974596416536
634,na,304.6923021312762,304.6923021312762,172.52974596416536,172.52974596416536
635,na,304.6923021312762,304.6923021312762,172.52974596416536,172.52974596416536
636,na,304.6923021312762,304.6923021312762,172.52974596416536,172.52974596416536
637,na,304.6923021312762,304.6923021312762,172.52974596416536,172.52974596416536
638,na,304.6923021312762,304.6923021312762,172.52974596416536,172.52974596416536
639,na,304.6923021312762,304.6923021312762,59.6251880194209,71.35297307050081
640,na,304.6923021312762,304.6923021312762,172.52974596416536,172.52974596416536
641,na,304.6923021312762,304.6923021312762,172.52974596416536,172.52974596416536
642,na,304.6923021312762,304.6923021312762,172.52974596416536,172.52974596416536
643,na,304.6923021312762,304.6923021312762,172.52974596416536,172.52974596416536
644,e,304.6923021312762,304.6923021312762,172.52974596416536,172.52974596416536
645,na,304.6923021312762,304.6923021312762,172.52974596416536,172.52974596416536
646,na,304.6923021312762,304.6923021312762,172.52974596416536,172.52974596416536
647,na,304.6923021312762,304.6923021312762,172.52974596416536,172.52974596416536
648,e,115.40572254385447,132.69066227697854,172.52974596416536,172.52974596416536
649,na,304.6923021312762,304.6923021312762,172.52974596416536,172.52974596416536
650,na,304.6923021312762,304.6923021312762,172.52974596416536,172.52974596416536
651,na,110.48504629485352,117.53860681957104,172.52974596416536,172.52974596416536
652,e,304.6923021312762,304.6923021312762,172.52974596416536,172.52974596416536
653,na,304.6923021312762,304.6923021312762,172.52974596416536,172.52974596416536
654,e,304.6923021312762,304.6923021312762,172.52974596416536,172.52974596416536
655,e,304.6923021312762,304.6923021312762,172.52974596416536,172.52974596416536
656,na,304.6923021312762,304.6923021312762,172.52974596416536,172.52974596416536
657,na,304.6923021312762,304.6923021312762,172.52974596416536,172.52974596416536
658,e,304.6923021312762,304.6923021312762,172.52974596416536,172.52974596416536
659,na,304.6923021312762,304.6923021312762,172.52974596416536,172.52974596416536
660,na,24.522454785665303,36.493449899198076,172.52974596416536,172.52974596416536
661,e,304.6923021312762,304.6923021312762,172.52974596416536,172.52974596416536
662,na,304.6923021312762,304.6923021312762,11.256061458189455,15.300631316221262
663,na,304.6923021312762,304.6923021312762,172.52974596416536,172.52974596416536
664,na,304.6923021312762,304.6923021312762,172.52974596416536,172.52974596416536
665,na,304.6923021312762,304.6923021312762,172.52974596416536,172.52974596416536
666,na,304.6923021312762,304.6923021312762,172.52974596416536,172.52974596416536
667,na,304.6923021312762,304.6923021312762,172.52974596416536,172.52974596416536
668,na,57.7474745339879,75.47724481251029,172.52974596416536,172.52974596416536
669,na,304.6923021312762,304.6923021312762,172.52974596416536,172.52974596416536
670,na,304.6923021312762,304.6923021312762,172.52974596416536,172.52974596416536
671,na,304.6923021312762,304.6923021312762,172.52974596416536,172.52974596416536
672,na,304.6923021312762,304.6923021312762,172.52974596416536,172.52974596416536
673,na,152.11550046544585,182.98089854470663,172.52974596416536,172.52974596416536
674,na,304.6923021312762,304.6923021312762,65.68466729014054,74.55709217710171
675,na,304.6923021312762,304.6923021312762,172.52974596416536,172.52974596416536
676,na,304.6923021312762,304.6923021312762,172.52974596416536,172.52974596416536
677,na,304.6923021312762,304.6923021312762,172.52974596416536,172.52974596416536
678,na,304.6923021312762,304.6923021312762,172.52974596416536,172.52974596416536
679,na,304.6923021312762,304.6923021312762,172.52974596416536,172.52974596416536
680,na,304.6923021312762,304.6923021312762,172.52974596416536,172.52974596416536
681,na,304.6923021312762,304.6923021312762,172.52974596416536,172.52974596416536
682,na,304.6923021312762,304.6923021312762,172.52974596416536,172.52974596416536
683,na,304.6923021312762,304.6923021312762,172.52974596416536,172.52974596416536
684,na,304.6923021312762,304.6923021312762,172.52974596416536,172.52974596416536
685,na,304.6923021312762,304.6923021312762,40.64467608444878,55.32404017520617
686,na,304.6923021312762,304.6923021312762,172.52974596416536,172.52974596416536
687,na,304.6923021312762,304.6923021312762,172.52974596416536,172.52974596416536
688,na,304.6923021312762,304.6923021312762,172.52974596416536,172.52974596416536
689,na,304.6923021312762,304.6923021312762,172.52974596416536,172.52974596416536
690,na,2.223337163998611,9.891644966230519,172.52974596416536,172.52974596416536
691,na,304.6923021312762,304.6923021312762,172.52974596416536,172.52974596416536
692,na,304.6923021312762,304.6923021312762,172.52974596416536,172.52974596416536
693,e,304.6923021312762,304.6923021312762,172.52974596416536,172.52974596416536
694,na,114.55810175753983,121.50833903477316,172.52974596416536,172.52974596416536
695,na,304.6923021312762,304.6923021312762,172.52974596416536,172.52974596416536
696,na,102.76307917075228,110.92532437284403,172.52974596416536,172.52974596416536
697,na,304.6923021312762,304.6923021312762,91.52048655209099,96.79178970520128
698,na,304.6923021312762,304.6923021312762,172.52974596416536,172.52974596416536
699,na,6.932157690956859,12.14489776838802,172.52974596416536,172.52974596416536
700,na,304.6923021312762,304.6923021312762,172.52974596416536,172.52974596416536
701,na,304.6923021312762,304.6923021312762,172.52974596416536,172.52974596416536
702,na,304.6923021312762,304.6923021312762,172.52974596416536,172.52974596416536
703,na,304.6923021312762,304.6923021312762,172.52974596416536,172.52974596416536
704,na,304.6923021312762,304.6923021312762,172.52974596416536,172.52974596416536
705,na,99.68718253699264,113.3349931991184,172.52974596416536,172.52974596416536
706,na,143.10403322169574,163.5285196628402,172.52974596416536,172.52974596416536
707,na,304.6923021312762,304.6923021312762,172.52974596416536,172.52974596416536
708,na,304.6923021312762,304.6923021312762,172.52974596416536,172.52974596416536
709,na,304.6923021312762,304.6923021312762,172.52974596416536,172.52974596416536
710,na,304.6923021312762,304.6923021312762,172.52974596416536,172.52974596416536
711,e,122.43656937526825,136.98479906146372,172.52974596416536,172.52974596416536
712,na,304.6923021312762,304.6923021312762,172.52974596416536,172.52974596416536
713,na,304.6923021312762,304.6923021312762,172.52974596416536,172.52974596416536
714,na,304.6923021312762,304.6923021312762,172.52974596416536,172.52974596416536
715,na,304.6923021312762,304.6923021312762,172.52974596416536,172.52974596416536
716,na,304.6923021312762,304.6923021312762,172.52974596416536,172.52974596416536
717,na,304.6923021312762,304.6923021312762,172.52974596416536,172.52974596416536
718,e,304.6923021312762,304.6923021312762,172.52974596416536,172.52974596416536
719,na,304.6923021312762,304.6923021312762,172.52974596416536,172.52974596416536
720,na,304.6923021312762,304.6923021312762,172.52974596416536,172.52974596416536
721,na,304.6923021312762,304.6923021312762,172.52974596416536,172.52974596416536
722,na,304.6923021312762,304.6923021312762,15.88989070011364,35.62465335060981
723,na,304.6923021312762,304.6923021312762,172.52974596416536,172.52974596416536
724,na,304.6923021312762,304.6923021312762,172.52974596416536,172.52974596416536
725,e,304.6923021312762,304.6923021312762,172.52974596416536,172.52974596416536
726,e,304.6923021312762,304.6923021312762,172.52974596416536,172.52974596416536
727,na,304.6923021312762,304.6923021312762,172.52974596416536,172.52974596416536
728,na,304.6923021312762,304.6923021312762,172.52974596416536,172.52974596416536
729,e,304.6923021312762,304.6923021312762,172.52974596416536,172.52974596416536
730,na,304.6923021312762,304.6923021312762,172.52974596416536,172.52974596416536
731,na,304.6923021312762,304.6923021312762,172.52974596416536,172.52974596416536
732,na,304.6923021312762,304.6923021312762,172.52974596416536,172.52974596416536
733,na,21.116312731057207,22.445186494138195,172.52974596416536,172.52974596416536
734,na,304.6923021312762,304.6923021312762,172.52974596416536,172.52974596416536
735,na,304.6923021312762,304.6923021312762,172.52974596416536,172.52974596416536
736,na,304.6923021312762,304.6923021312762,172.52974596416536,172.52974596416536
737,na,304.6923021312762,304.6923021312762,172.52974596416536,172.52974596416536
738,na,304.6923021312762,304.6923021312762,172.52974596416536,172.52974596416536
739,e,304.6923021312762,304.6923021312762,172.52974596416536,172.52974596416536
740,na,304.6923021312762,304.6923021312762,172.52974596416536,172.52974596416536
741,e,304.6923021312762,304.6923021312762,172.52974596416536,172.52974596416536
742,na,304.6923021312762,304.6923021312762,172.52974596416536,172.52974596416536
743,na,304.6923021312762,304.6923021312762,172.52974596416536,172.52974596416536
744,na,304.6923021312762,304.6923021312762,172.52974596416536,172.52974596416536
745,e,304.6923021312762,304.6923021312762,172.52974596416536,172.52974596416536
746,na,304.6923021312762,304.6923021312762,172.52974596416536,172.52974596416536
747,na,304.6923021312762,304.6923021312762,172.52974596416536,172.52974596416536
748,na,304.6923021312762,304.6923021312762,172.52974596416536,172.52974596416536
749,na,304.6923021312762,304.6923021312762,2.2020679690950797,7.695317344409258
750,na,304.6923021312762,304.6923021312762,172.52974596416536,172.52974596416536
751,na,187.7822311838746,212.71085551564371,172.52974596416536,172.52974596416536
752,na,304.6923021312762,304.6923021312762,172.52974596416536,172.52974596416536
753,e,304.6923021312762,304.6923021312762,172.52974596416536,172.52974596416536
754,na,304.6923021312762,304.6923021312762,172.52974596416536,172.52974596416536
755,e,304.6923021312762,304.6923021312762,172.52974596416536,172.52974596416536
756,na,304.6923021312762,304.6923021312762,172.52974596416536,172.52974596416536
757,na,210.22836779523843,248.64915429751682,172.52974596416536,172.52974596416536
758,na,304.6923021312762,304.6923021312762,172.52974596416536,172.52974596416536
759,na,304.6923021312762,304.6923021312762,0.025588676033544287,9.621387857692515
760,na,304.6923021312762,304.6923021312762,172.52974596416536,172.52974596416536
761,na,304.6923021312762,304.6923021312762,172.52974596416536,172.52974596416536
762,na,304.6923021312762,304.6923021312762,172.52974596416536,172.52974596416536
763,na,165.87791823783544,173.6048202960591,172.52974596416536,172.52974596416536
764,na,304.6923021312762,304.6923021312762,172.52974596416536,172.52974596416536
765,na,304.6923021312762,304.6923021312762,172.52974596416536,172.52974596416536
766,na,304.6923021312762,304.6923021312762,26.24023407195107,35.078243513257746
767,na,304.6923021312762,304.6923021312762,172.52974596416536,172.52974596416536
768,na,304.6923021312762,304.6923021312762,172.52974596416536,172.52974596416536
769,na,304.6923021312762,304.6923021312762,172.52974596416536,172.52974596416536
770,e,42.86595803746075,49.931395829291944,172.52974596416536,172.52974596416536
771,na,304.6923021312762,304.6923021312762,172.52974596416536,172.52974596416536
772,na,304.6923021312762,304.6923021312762,172.52974596416536,172.52974596416536
773,na,304.6923021312762,304.6923021312762,172.52974596416536,172.52974596416536
774,e,304.6923021312762,304.6923021312762,172.52974596416536,172.52974596416536
775,na,304.6923021312762,304.6923021312762,172.52974596416536,172.52974596416536
776,na,304.6923021312762,304.6923021312762,172.52974596416536,172.52974596416536
777,na,304.6923021312762,304.6923021312762,6.565841297391993,40.879110478345375
778,na,304.6923021312762,304.6923021312762,172.52974596416536,172.52974596416536
779,na,304.6923021312762,304.6923021312762,172.52974596416536,172.52974596416536
780,na,304.6923021312762,304.6923021312762,172.52974596416536,172.52974596416536
781,na,304.6923021312762,304.6923021312762,172.52974596416536,172.52974596416536
782,na,304.6923021312762,304.6923021312762,172.52974596416536,172.52974596416536
783,na,304.6923021312762,304.6923021312762,172.52974596416536,172.52974596416536
784,na,304.6923021312762,304.6923021312762,172.52974596416536,172.52974596416536
785,na,304.6923021312762,304.6923021312762,172.52974596416536,172.52974596416536
786,e,304.6923021312762,304.6923021312762,172.52974596416536,172.52974596416536
787,na,304.6923021312762,304.6923021312762,172.52974596416536,172.52974596416536
788,na,304.6923021312762,304.6923021312762,172.52974596416536,172.52974596416536
789,na,304.6923021312762,304.6923021312762,172.52974596416536,172.52974596416536
790,na,304.6923021312762,304.6923021312762,172.52974596416536,172.52974596416536
791,na,304.6923021312762,304.6923021312762,172.52974596416536,172.52974596416536
792,na,304.6923021312762,304.6923021312762,172.52974596416536,172.52974596416536
793,na,304.6923021312762,304.6923021312762,172.52974596416536,172.52974596416536
794,e,304.6923021312762,304.6923021312762,172.52974596416536,172.52974596416536
795,e,76.35192121991321,87.49914867229913,172.52974596416536,172.52974596416536
796,e,304.6923021312762,304.6923021312762,172.52974596416536,172.52974596416536
797,na,304.6923021312762,304.6923021312762,172.52974596416536,172.52974596416536
798,na,304.6923021312762,304.6923021312762,172.52974596416536,172.52974596416536
799,na,304.6923021312762,304.6923021312762,172.52974596416536,172.52974596416536
800,na,304.6923021312762,304.6923021312762,172.52974596416536,172.52974596416536
801,na,304.6923021312762,304.6923021312762,172.52974596416536,172.52974596416536
802,na,304.6923021312762,304.6923021312762,172.52974596416536,172.52974596416536
803,na,304.6923021312762,304.6923021312762,172.52974596416536,172.52974596416536
804,e,304.6923021312762,304.6923021312762,23.796222824780596,43.16532808243688
805,na,304.6923021312762,304.6923021312762,172.52974596416536,172.52974596416536
806,na,304.6923021312762,304.6923021312762,6.974310213099377,13.925626345563677
807,na,304.6923021312762,304.6923021312762,172.52974596416536,172.52974596416536
808,na,304.6923021312762,304.6923021312762,172.52974596416536,172.52974596416536
809,na,181.28925500476606,184.32414372623592,172.52974596416536,172.52974596416536
810,e,304.6923021312762,304.6923021312762,172.52974596416536,172.52974596416536
811,na,304.6923021312762,304.6923021312762,1.2931658467650473,16.21087914657127
812,na,304.6923021312762,304.6923021312762,172.52974596416536,172.52974596416536
813,na,304.6923021312762,304.6923021312762,172.52974596416536,172.52974596416536
814,na,304.6923021312762,304.6923021312762,172.52974596416536,172.52974596416536
815,na,304.6923021312762,304.6923021312762,172.52974596416536,172.52974596416536
816,na,304.6923021312762,304.6923021312762,172.52974596416536,172.52974596416536
817,na,304.6923021312762,304.6923021312762,172.52974596416536,172.52974596416536
818,e,304.6923021312762,304.6923021312762,172.52974596416536,172.52974596416536
819,na,304.6923021312762,304.6923021312762,172.52974596416536,172.52974596416536
820,na,304.6923021312762,304.6923021312762,172.52974596416536,172.52974596416536
821,na,304.6923021312762,304.6923021312762,172.52974596416536,172.52974596416536
822,na,304.6923021312762,304.6923021312762,172.52974596416536,172.52974596416536
823,na,304.6923021312762,304.6923021312762,172.52974596416536,172.52974596416536
824,na,304.6923021312762,304.6923021312762,1.6257609819434218,18.976056504404692
825,e,304.6923021312762,304.6923021312762,172.52974596416536,172.52974596416536
826,e,304.6923021312762,304.6923021312762,21.10530747343829,45.365884899760765
827,e,304.6923021312762,304.6923021312762,172.52974596416536,172.52974596416536
828,na,304.6923021312762,304.6923021312762,172.52974596416536,172.52974596416536
829,na,304.6923021312762,304.6923021312762,172.52974596416536,172.52974596416536
830,na,304.6923021312762,304.6923021312762,172.52974596416536,172.52974596416536
831,e,304.6923021312762,304.6923021312762,172.52974596416536,172.52974596416536
832,na,304.6923021312762,304.6923021312762,172.52974596416536,172.52974596416536
833,na,304.6923021312762,304.6923021312762,172.52974596416536,172.52974596416536
834,na,304.6923021312762,304.6923021312762,172.52974596416536,172.52974596416536
835,na,304.6923021312762,304.6923021312762,172.52974596416536,172.52974596416536
836,na,304.6923021312762,304.6923021312762,172.52974596416536,172.52974596416536
837,na,304.6923021312762,304.6923021312762,172.52974596416536,172.52974596416536
838,na,304.6923021312762,304.6923021312762,96.40640932513075,101.65025763972254
839,na,304.6923021312762,304.6923021312762,172.52974596416536,172.52974596416536
840,na,164.76342426687347,170.979929436304,172.52974596416536,172.52974596416536
841,na,304.6923021312762,304.6923021312762,172.52974596416536,172.52974596416536
842,na,304.6923021312762,304.6923021312762,172.52974596416536,172.52974596416536
843,na,304.6923021312762,304.6923021312762,172.52974596416536,172.52974596416536
844,na,304.6923021312762,304.6923021312762,172.52974596416536,172.52974596416536
845,na,304.6923021312762,304.6923021312762,172.52974596416536,172.52974596416536
846,na,304.6923021312762,304.6923021312762,172.52974596416536,172.52974596416536
847,na,304.6923021312762,304.6923021312762,172.52974596416536,172.52974596416536
848,na,304.6923021312762,304.6923021312762,172.52974596416536,172.52974596416536
849,na,304.6923021312762,304.6923021312762,172.52974596416536,172.52974596416536
850,na,304.6923021312762,304.6923021312762,172.52974596416536,172.52974596416536
851,na,0,5.511906400776953,0,8.364344363409908
852,na,304.6923021312762,304.6923021312762,172.52974596416536,172.52974596416536
853,na,304.6923021312762,304.6923021312762,172.52974596416536,172.52974596416536
854,na,304.6923021312762,304.6923021312762,172.52974596416536,172.52974596416536
855,na,304.6923021312762,304.6923021312762,172.52974596416536,172.52974596416536
856,na,304.6923021312762,304.6923021312762,172.52974596416536,172.52974596416536
857,na,304.6923021312762,304.6923021312762,172.52974596416536,172.52974596416536
858,na,304.6923021312762,304.6923021312762,172.52974596416536,172.52974596416536
859,na,304.6923021312762,304.6923021312762,172.52974596416536,172.52974596416536
860,e,304.6923021312762,304.6923021312762,172.52974596416536,172.52974596416536
861,na,304.6923021312762,304.6923021312762,172.52974596416536,172.52974596416536
862,na,304.6923021312762,304.6923021312762,172.52974596416536,172.52974596416536
863,na,29.657780041422384,31.410862197135383,172.52974596416536,172.52974596416536
864,na,304.6923021312762,304.6923021312762,172.52974596416536,172.52974596416536
865,na,304.6923021312762,304.6923021312762,172.52974596416536,172.52974596416536
866,na,304.6923021312762,304.6923021312762,172.52974596416536,172.52974596416536
867,na,304.6923021312762,304.6923021312762,172.52974596416536,172.52974596416536
868,na,304.6923021312762,304.6923021312762,172.52974596416536,172.52974596416536
869,na,304.6923021312762,304.6923021312762,172.52974596416536,172.52974596416536
870,na,304.6923021312762,304.6923021312762,172.52974596416536,172.52974596416536
871,na,304.6923021312762,304.6923021312762,172.52974596416536,172.52974596416536
872,na,304.6923021312762,304.6923021312762,172.52974596416536,172.52974596416536
873,na,304.6923021312762,304.6923021312762,172.52974596416536,172.52974596416536
874,na,304.6923021312762,304.6923021312762,172.52974596416536,172.52974596416536
875,na,304.6923021312762,304.6923021312762,172.52974596416536,172.52974596416536
876,na,304.6923021312762,304.6923021312762,172.52974596416536,172.52974596416536
877,na,304.6923021312762,304.6923021312762,172.52974596416536,172.52974596416536
878,e,304.6923021312762,304.6923021312762,172.52974596416536,172.52974596416536
879,na,304.6923021312762,304.6923021312762,172.52974596416536,172.52974596416536
880,na,304.6923021312762,304.6923021312762,172.52974596416536,172.52974596416536
881,na,304.6923021312762,304.6923021312762,172.52974596416536,172.52974596416536
882,na,304.6923021312762,304.6923021312762,172.52974596416536,172.52974596416536
883,na,304.6923021312762,304.6923021312762,172.52974596416536,172.52974596416536
884,na,2.6167411081529695,26.23559230727547,172.52974596416536,172.52974596416536
885,na,304.6923021312762,304.6923021312762,172.52974596416536,172.52974596416536
886,na,0,6.055052287733174,0,10.560885456676866
887,na,304.6923021312762,304.6923021312762,172.52974596416536,172.52974596416536
888,e,304.6923021312762,304.6923021312762,172.52974596416536,172.52974596416536
889,na,304.6923021312762,304.6923021312762,172.52974596416536,172.52974596416536
890,na,304.6923021312762,304.6923021312762,172.52974596416536,172.52974596416536
891,na,304.6923021312762,304.6923021312762,172.52974596416536,172.52974596416536
892,na,304.6923021312762,304.6923021312762,172.52974596416536,172.52974596416536
893,na,198.84461184200356,213.08264879750075,172.52974596416536,172.52974596416536
894,na,304.6923021312762,304.6923021312762,172.52974596416536,172.52974596416536
895,na,304.6923021312762,304.6923021312762,172.52974596416536,172.52974596416536
896,na,304.6923021312762,304.6923021312762,172.52974596416536,172.52974596416536
897,na,304.6923021312762,304.6923021312762,172.52974596416536,172.52974596416536
898,na,304.6923021312762,304.6923021312762,172.52974596416536,172.52974596416536
899,na,304.6923021312762,304.6923021312762,172.52974596416536,172.52974596416536
900,na,304.6923021312762,304.6923021312762,172.52974596416536,172.52974596416536
901,na,304.6923021312762,304.6923021312762,172.52974596416536,172.52974596416536
902,na,304.6923021312762,304.6923021312762,172.52974596416536,172.52974596416536
903,na,304.6923021312762,304.6923021312762,172.52974596416536,172.52974596416536
904,na,304.6923021312762,304.6923021312762,20.543902084333926,46.364972131540654
905,na,304.6923021312762,304.6923021312762,172.52974596416536,172.52974596416536
906,na,304.6923021312762,304.6923021312762,172.52974596416536,172.52974596416536
907,na,43.53260384804201,54.20803660321567,172.52974596416536,172.52974596416536
908,na,304.6923021312762,304.6923021312762,172.52974596416536,172.52974596416536
909,e,304.6923021312762,304.6923021312762,172.52974596416536,172.52974596416536
910,e,304.6923021312762,304.6923021312762,172.52974596416536,172.52974596416536
911,na,304.6923021312762,304.6923021312762,172.52974596416536,172.52974596416536
912,na,304.6923021312762,304.6923021312762,172.52974596416536,172.52974596416536
913,na,304.6923021312762,304.6923021312762,172.52974596416536,172.52974596416536
914,na,304.6923021312762,304.6923021312762,75.0138231714764,83.6460928161188
915,na,304.6923021312762,304.6923021312762,172.52974596416536,172.52974596416536
916,na,304.6923021312762,304.6923021312762,172.52974596416536,172.52974596416536
917,na,304.6923021312762,304.6923021312762,172.52974596416536,172.52974596416536
918,na,304.6923021312762,304.6923021312762,172.52974596416536,172.52974596416536
919,na,7.315108181993525,20.54804706002067,20.706678121980772,42.40612750647495
920,na,304.6923021312762,304.6923021312762,172.52974596416536,172.52974596416536
921,e,304.6923021312762,304.6923021312762,172.52974596416536,172.52974596416536
922,e,304.6923021312762,304.6923021312762,172.52974596416536,172.52974596416536
923,na,304.6923021312762,304.6923021312762,172.52974596416536,172.52974596416536
924,na,304.6923021312762,304.6923021312762,172.52974596416536,172.52974596416536
925,na,42.137961798291364,51.368010677889224,2.849114014829578,21.333105247771506
926,na,37.043066100852535,41.35332950601546,172.52974596416536,172.52974596416536
927,na,304.6923021312762,304.6923021312762,172.52974596416536,172.52974596416536
928,na,304.6923021312762,304.6923021312762,172.52974596416536,172.52974596416536
929,na,165.1653926913153,179.03552982064696,172.52974596416536,172.52974596416536
930,na,304.6923021312762,304.6923021312762,88.82207639915423,131.44060038589234
931,e,304.6923021312762,304.6923021312762,172.52974596416536,172.52974596416536
932,na,9.904187297943203,25.78392324641382,172.52974596416536,172.52974596416536
933,na,304.6923021312762,304.6923021312762,172.52974596416536,172.52974596416536
934,na,304.6923021312762,304.6923021312762,172.52974596416536,172.52974596416536
935,na,304.6923021312762,304.6923021312762,172.52974596416536,172.52974596416536
936,na,15.168191258683308,27.92522310784422,172.52974596416536,172.52974596416536
937,na,304.6923021312762,304.6923021312762,172.52974596416536,172.52974596416536
938,na,63.95685827857185,72.05113925477822,172.52974596416536,172.52974596416536
939,na,304.6923021312762,304.6923021312762,172.52974596416536,172.52974596416536
940,na,94.85084235393414,108.02216068613907,172.52974596416536,172.52974596416536
941,e,304.6923021312762,304.6923021312762,172.52974596416536,172.52974596416536
942,e,304.6923021312762,304.6923021312762,172.52974596416536,172.52974596416536
943,na,304.6923021312762,304.6923021312762,172.52974596416536,172.52974596416536
944,na,304.6923021312762,304.6923021312762,172.52974596416536,172.52974596416536
945,na,304.6923021312762,304.6923021312762,172.52974596416536,172.52974596416536
946,na,304.6923021312762,304.6923021312762,172.52974596416536,172.52974596416536
947,na,304.6923021312762,304.6923021312762,172.52974596416536,172.52974596416536
948,e,304.6923021312762,304.6923021312762,172.52974596416536,172.52974596416536
949,na,304.6923021312762,304.6923021312762,172.52974596416536,172.52974596416536
950,na,304.6923021312762,304.6923021312762,172.52974596416536,172.52974596416536
951,na,304.6923021312762,304.6923021312762,172.52974596416536,172.52974596416536
952,na,304.6923021312762,304.6923021312762,172.52974596416536,172.52974596416536
953,na,304.6923021312762,304.6923021312762,172.52974596416536,172.52974596416536
954,na,304.6923021312762,304.6923021312762,172.52974596416536,172.52974596416536
955,na,304.6923021312762,304.6923021312762,172.52974596416536,172.52974596416536
956,e,304.6923021312762,304.6923021312762,172.52974596416536,172.52974596416536
957,na,304.6923021312762,304.6923021312762,172.52974596416536,172.52974596416536
958,na,304.6923021312762,304.6923021312762,172.52974596416536,172.52974596416536
959,na,304.6923021312762,304.6923021312762,172.52974596416536,172.52974596416536
960,na,304.6923021312762,304.6923021312762,172.52974596416536,172.52974596416536
961,na,304.6923021312762,304.6923021312762,172.52974596416536,172.52974596416536
962,na,304.6923021312762,304.6923021312762,172.52974596416536,172.52974596416536
963,na,141.80765980312822,149.91483780526033,172.52974596416536,172.52974596416536
964,na,304.6923021312762,304.6923021312762,172.52974596416536,172.52974596416536
965,e,304.6923021312762,304.6923021312762,172.52974596416536,172.52974596416536
966,na,304.6923021312762,304.6923021312762,172.52974596416536,172.52974596416536
967,na,102.28327897469252,106.00993414670924,17.569816710566187,28.436087594303668
968,na,34.355382307062015,67.15853682270851,46.747884101454645,46.90372345182732
969,na,304.6923021312762,304.6923021312762,172.52974596416536,172.52974596416536
970,na,304.6923021312762,304.6923021312762,172.52974596416536,172.52974596416536
971,na,304.6923021312762,304.6923021312762,53.473671424653894,56.70529966400854
972,na,304.6923021312762,304.6923021312762,172.52974596416536,172.52974596416536
973,na,6.1677892506990295,6.443907209267698,172.52974596416536,172.52974596416536
974,na,304.6923021312762,304.6923021312762,172.52974596416536,172.52974596416536
975,e,304.6923021312762,304.6923021312762,172.52974596416536,172.52974596416536
976,na,304.6923021312762,304.6923021312762,172.52974596416536,172.52974596416536
977,na,304.6923021312762,304.6923021312762,172.52974596416536,172.52974596416536
978,na,304.6923021312762,304.6923021312762,172.52974596416536,172.52974596416536
979,na,141.56818352934886,146.34566224557622,172.52974596416536,172.52974596416536
980,na,304.6923021312762,304.6923021312762,172.52974596416536,172.52974596416536
981,e,304.6923021312762,304.6923021312762,172.52974596416536,172.52974596416536
982,e,304.6923021312762,304.6923021312762,172.52974596416536,172.52974596416536
983,e,304.6923021312762,304.6923021312762,42.76082687983119,49.52435280925418
984,na,304.6923021312762,304.6923021312762,172.52974596416536,172.52974596416536
985,na,304.6923021312762,304.6923021312762,172.52974596416536,172.52974596416536
986,na,304.6923021312762,304.6923021312762,172.52974596416536,172.52974596416536
987,na,124.63138607017282,135.8096196219511,172.52974596416536,172.52974596416536
988,na,304.6923021312762,304.6923021312762,172.52974596416536,172.52974596416536
989,na,304.6923021312762,304.6923021312762,172.52974596416536,172.52974596416536
990,na,304.6923021312762,304.6923021312762,172.52974596416536,172.52974596416536
991,na,304.6923021312762,304.6923021312762,172.52974596416536,172.52974596416536
992,na,304.6923021312762,304.6923021312762,172.52974596416536,172.52974596416536
993,na,304.6923021312762,304.6923021312762,10.814176255330553,40.98219350719101
994,na,304.6923021312762,304.6923021312762,172.52974596416536,172.52974596416536
995,na,304.6923021312762,304.6923021312762,172.52974596416536,172.52974596416536
996,na,304.6923021312762,304.6923021312762,172.52974596416536,172.52974596416536
997,na,304.6923021312762,304.6923021312762,172.52974596416536,172.52974596416536
998,na,304.6923021312762,304.6923021312762,172.52974596416536,172.52974596416536
999,na,304.6923021312762,304.6923021312762,172.52974596416536,172.52974596416536
