node, assignment, time2inf_trt, time2death_trt, time2inf_con, time2death_con
0,na,134.57011320784386,134.57011320784386,97.27967226978642,97.27967226978642
1,na,0,1.9976951263474303,0,3.0222879986467466
2,na,0,134.57011320784386,0,97.27967226978642
3,na,-1,0,-1,0
4,na,134.57011320784386,134.57011320784386,13.59087666910592,15.12586013517853
5,na,34.195990262261276,134.57011320784386,38.167309360202985,58.31361700250346
6,na,27.589090303801967,42.86119723183895,14.376616733254329,28.307266530319943
7,e,134.57011320784386,134.57011320784386,43.472717133609564,97.27967226978642
8,na,39.100857191587,53.70604912699274,97.27967226978642,97.27967226978642
9,na,43.319655754355956,74.67295926992492,32.74424075788879,37.09735151958363
10,na,33.833659003694216,34.750574771580816,28.55722512472549,31.57284506765968
11,na,57.6482649387771,75.81602446737142,37.027219071347076,49.628043286770456
12,na,22.602405850238718,25.5804868389434,28.09985290156945,35.63259931092215
13,na,29.495368750297615,32.244183802663464,32.52345603317513,36.2717272483882
14,e,134.57011320784386,134.57011320784386,41.77054124432107,45.127967109556536
15,na,37.1461951721607,40.40732330594096,26.816810468561076,32.33286374296064
16,na,11.57786829530224,16.442315752090206,97.27967226978642,97.27967226978642
17,na,32.88166768048344,34.38246411682691,11.222716885647655,33.77046871370244
18,na,48.41291248983509,55.105581964940455,45.2368843972733,61.07060794814301
19,na,45.80080853519997,47.60199931270721,32.417576579958244,40.63144266602357
20,na,134.57011320784386,134.57011320784386,97.27967226978642,97.27967226978642
21,na,30.24476067119574,44.4725140038503,27.687127580785443,41.557051931262464
22,e,134.57011320784386,134.57011320784386,13.331187624420522,15.847088458516359
23,e,134.57011320784386,134.57011320784386,34.354495551043804,35.24821509722195
24,na,39.94513463137789,43.03648271117037,18.20500611797111,23.791069512191633
25,na,28.78600968209452,134.57011320784386,97.27967226978642,97.27967226978642
26,na,15.870567427437498,38.208938312694094,17.26022908395847,25.81655630479165
27,na,37.068211672700286,46.191750253117384,30.99455733979545,37.025220942822
28,na,134.57011320784386,134.57011320784386,97.27967226978642,97.27967226978642
29,na,26.15979621817901,30.746631621101606,23.544863547037785,35.749660710289184
30,na,67.13733448128397,74.2110289576346,97.27967226978642,97.27967226978642
31,na,61.02407027066053,134.57011320784386,33.783939912439415,41.25186697086076
32,na,134.57011320784386,134.57011320784386,18.7876696570916,97.27967226978642
33,na,31.150988503696215,48.000905724863465,31.63008821101065,47.87041886394163
34,na,32.98727919000379,40.02953551856185,25.036577751476923,37.40540667694868
35,na,134.57011320784386,134.57011320784386,29.895225237235373,50.76717617521801
36,na,20.30945809626161,27.19751002852888,39.80458751188771,54.272518284823896
37,na,134.57011320784386,134.57011320784386,97.27967226978642,97.27967226978642
38,na,134.57011320784386,134.57011320784386,19.826642623361714,24.196373068427263
39,na,134.57011320784386,134.57011320784386,97.27967226978642,97.27967226978642
40,na,35.48408496023496,55.71367116207081,25.292393582867287,30.546708467429873
41,na,134.57011320784386,134.57011320784386,33.56643832984647,39.774932662014805
42,na,28.700263587085427,44.58630463438871,37.182626035189195,41.54244292863012
43,na,55.274059619955466,69.83976196002152,39.00915636602335,55.906292139202286
44,na,31.489357518777762,37.62482777501488,12.926717283557807,97.27967226978642
45,na,23.729877507274043,134.57011320784386,15.986890848127226,32.317448414736795
46,na,40.96837717218345,45.6163550152916,23.925703929969284,40.50512337935115
47,na,134.57011320784386,134.57011320784386,97.27967226978642,97.27967226978642
48,na,34.0706963466704,36.34813703135297,30.148433166839897,32.998071318800164
49,na,34.06902471604186,35.70413735661071,11.268127760917764,14.02365054803108
50,na,43.2680558685112,50.46709471990583,32.477854877969094,32.83151619180693
51,na,32.35978471759674,42.642151328768584,26.99604140773547,38.63645553489002
52,na,46.473532649122994,64.37326797285152,38.7318892427273,41.250590371543375
53,na,51.27886186870544,74.37441582951978,36.98309196998663,41.599809737599706
54,na,134.57011320784386,134.57011320784386,97.27967226978642,97.27967226978642
55,na,134.57011320784386,134.57011320784386,97.27967226978642,97.27967226978642
56,na,24.156114584287447,27.613190892858924,20.8149428610875,36.449649314335645
57,na,31.431594772541526,46.74254386273164,20.198664834623138,22.060970836009858
58,e,134.57011320784386,134.57011320784386,97.27967226978642,97.27967226978642
59,na,7.6343338218195,12.915063030492034,20.296521214917707,29.717933621940947
60,na,16.876188541614344,37.99797554027054,8.236385940241693,8.468056527701538
61,na,60.991844516365816,134.57011320784386,20.298014849652027,48.16564298128467
62,e,134.57011320784386,134.57011320784386,13.098854344885227,46.977765531994024
63,na,33.35508137010667,33.64217918652115,30.504945178273886,36.05662400245092
64,na,134.57011320784386,134.57011320784386,64.8658107225571,69.3386823572371
65,na,29.301853601328105,134.57011320784386,48.71211760341087,60.47859988451024
66,na,30.45679597127978,51.08591045420868,28.216458455240378,38.03469717835092
67,na,134.57011320784386,134.57011320784386,27.424780294792377,32.71835859365339
68,na,134.57011320784386,134.57011320784386,97.27967226978642,97.27967226978642
69,na,39.96914748101177,134.57011320784386,23.69702453756231,30.08546017113532
70,na,33.122340421168346,33.828643130158106,18.92677777516181,21.955468321076786
71,e,134.57011320784386,134.57011320784386,26.342940715722346,51.79418914801457
72,na,22.353529353955107,44.536543926661366,40.68278747853547,42.41081647902559
73,na,134.57011320784386,134.57011320784386,53.95410476321554,56.93036041652106
74,na,134.57011320784386,134.57011320784386,97.27967226978642,97.27967226978642
75,na,34.580321833758596,43.401566526361876,29.737439575709246,34.56597953698393
76,na,38.26329026680243,45.03554260776172,18.600745338542207,19.966327698670913
77,na,34.24587421245783,134.57011320784386,29.851718005668822,41.1147870738198
78,na,36.93111124291347,40.24960501593864,18.312974275817893,97.27967226978642
79,e,134.57011320784386,134.57011320784386,32.334993311266224,34.2004322548072
80,na,47.19128477692305,49.63259859315472,30.04760253006259,46.513785332091956
81,na,30.78477180669172,34.000931479497716,33.22639158692098,41.89112766680052
82,na,25.578620064425877,54.557965048315964,29.72532592547483,32.308013871289226
83,na,51.80654674408906,56.76349041493018,38.6779409282276,43.38785503904638
84,na,23.73234380614747,24.37943353290833,35.94438777638922,49.26490778345373
85,na,28.431825361425048,42.61041039990917,23.6261158011076,97.27967226978642
86,e,134.57011320784386,134.57011320784386,11.440260287889217,34.89813174601528
87,na,22.235250148483154,22.312483428944443,16.689637027196362,43.85211459649903
88,na,134.57011320784386,134.57011320784386,97.27967226978642,97.27967226978642
89,na,33.61523496704698,37.71635804144331,43.403190038518986,97.27967226978642
90,na,19.825898491697988,21.09140070410833,20.90056496857838,26.002913751301865
91,na,134.57011320784386,134.57011320784386,97.27967226978642,97.27967226978642
92,na,51.74184665575744,61.494428283500426,23.648557102763213,26.258192397562606
93,na,20.405214726653504,53.31584682894268,34.54265868735261,40.90529317158007
94,na,20.291387448397057,40.435451826136216,16.05307660546476,33.04836379292269
95,na,52.53421123291696,61.78931476987081,16.910733952170823,19.72972941492799
96,na,53.005277889240915,91.47567790800517,29.685026515708447,57.554659139969424
97,na,22.908238868607587,25.30565459199499,32.1911264102635,53.18326611415573
98,na,24.569659434067965,27.550534183766988,29.534525472105393,97.27967226978642
99,na,56.75202696812972,58.52549547008066,33.23763731878701,53.636143376814054
100,na,33.562844836951655,37.793036798487144,34.438409002396625,36.59329638430756
101,na,40.55570933666669,43.07671623186717,27.250470859778673,97.27967226978642
102,na,22.502675167653475,26.403096238644757,25.24661290827066,65.51045614866307
103,na,18.709581146246034,29.125029958351938,39.41853918055244,97.27967226978642
104,na,134.57011320784386,134.57011320784386,97.27967226978642,97.27967226978642
105,e,134.57011320784386,134.57011320784386,14.747775086643259,16.24010239141826
106,na,36.775056725238905,64.32219879338203,21.157402139928482,37.1288985380997
107,na,22.54583967342317,28.3063835640181,24.322963439812995,41.705805281596675
108,na,15.434466631761973,25.192791932185035,11.439861276279439,14.10164185658255
109,na,40.1724335134219,41.6160519021085,24.26285126956367,46.02322096694607
110,na,39.29946951729993,75.13220655575621,55.49152936667451,55.98276991734083
111,na,39.23628001124155,40.34946693300102,19.577756116483183,34.92260911630795
112,na,26.46690212207349,134.57011320784386,19.196399279010837,36.39223224683101
113,e,134.57011320784386,134.57011320784386,22.40897236325979,45.31005905069689
114,e,134.57011320784386,134.57011320784386,16.551597078661104,48.902990047509924
115,na,32.62817326768023,41.67932576098453,37.74682389220647,51.70041654015445
116,na,134.57011320784386,134.57011320784386,36.11158834195552,38.49190911671592
117,na,42.71707471930653,134.57011320784386,33.07885545573813,52.898896443162606
118,na,76.19899393812133,76.65971290240161,33.809271903633366,97.27967226978642
119,e,134.57011320784386,134.57011320784386,16.694516416432997,26.813449437176406
120,na,23.635882921855636,134.57011320784386,12.657829704114949,17.78766571582669
121,e,134.57011320784386,134.57011320784386,97.27967226978642,97.27967226978642
122,na,134.57011320784386,134.57011320784386,97.27967226978642,97.27967226978642
123,na,29.98814427582444,30.476494439198813,21.06706788897206,30.949908100460156
124,na,57.64413708827493,65.07165942444284,24.66457829872897,25.35050214805018
125,na,36.57100568016953,50.46019781036348,42.789483698019,55.745288305448035
126,na,34.65903140441058,48.361561900416,23.979330555422994,57.63393858331455
127,na,35.131740153025405,41.118898496840444,23.254704463120607,28.016706952646995
128,na,46.24672786777565,63.2743724784041,25.510713958853277,44.51773808546202
129,na,72.62975409215998,80.93274595637425,37.014565598116235,40.10389611317393
130,na,134.57011320784386,134.57011320784386,46.18945634168657,48.07028155748668
131,na,44.27314896540734,49.33029180801339,30.41273051532825,41.002881291300454
132,na,17.16374741875727,23.219284186934857,23.83342855536156,97.27967226978642
133,na,134.57011320784386,134.57011320784386,97.27967226978642,97.27967226978642
134,e,134.57011320784386,134.57011320784386,19.632187414800445,97.27967226978642
135,na,47.99555198405325,78.40481074156283,42.12757187290219,43.82282699178389
136,na,30.188231860125846,37.03207974515249,97.27967226978642,97.27967226978642
137,na,134.57011320784386,134.57011320784386,97.27967226978642,97.27967226978642
138,na,25.406801509938244,27.493199396716125,18.958333700968495,26.340710424361777
139,na,38.182155052458086,51.520199403845524,57.16645258518216,72.25541958875625
140,na,47.90012173817229,49.255168297067634,35.57853893124274,35.740926618218424
141,na,38.213447607248824,49.046396741048696,13.879680104118039,16.905273368407933
142,na,134.57011320784386,134.57011320784386,97.27967226978642,97.27967226978642
143,na,134.57011320784386,134.57011320784386,97.27967226978642,97.27967226978642
144,na,31.392827408918173,134.57011320784386,97.27967226978642,97.27967226978642
145,na,26.773314475371144,27.896699925433932,35.30704829712775,46.19624304991517
146,e,134.57011320784386,134.57011320784386,41.42398482158999,44.24049563734006
147,na,134.57011320784386,134.57011320784386,30.147142724778483,34.64602017185196
148,na,20.585150619051806,134.57011320784386,25.725337512938225,29.730905747666014
149,na,48.360810349749094,50.766333197689754,15.508205367962871,22.392915432500423
150,na,28.97571931204073,30.727388296377633,14.191565485117822,51.55705045443184
151,na,134.57011320784386,134.57011320784386,38.743833420503485,97.27967226978642
152,e,134.57011320784386,134.57011320784386,27.536076177129964,97.27967226978642
153,na,29.804495227051447,33.60079010182414,21.688966998174624,22.017793071180627
154,na,27.637686857709888,28.377335772678865,19.171109380096723,19.75943109918363
155,na,24.284489028765073,27.207859114543744,21.17819024337172,97.27967226978642
156,na,16.657892401368684,16.69211924857203,24.116230878448494,33.303806765359035
157,na,21.862887104000833,30.922211446177492,9.97268614518872,19.02288716191221
158,na,134.57011320784386,134.57011320784386,26.858489773186072,27.820200952224262
159,na,40.846936200135865,63.59628110230632,28.833787916560365,45.302211247370934
160,na,32.12570538934157,39.34457345897123,40.537121890908175,97.27967226978642
161,na,23.150004494286485,49.24494949049497,21.01054251874555,28.556821154812905
162,na,134.57011320784386,134.57011320784386,25.80863574410276,33.79715073448494
163,na,42.29966540575784,49.94885217385814,17.34269949122707,26.825083640260516
164,na,134.57011320784386,134.57011320784386,97.27967226978642,97.27967226978642
165,na,27.85344106647556,30.047691241027856,28.084702979851915,31.605259375857784
166,na,41.94411013601044,50.79920475702283,13.995476641832289,97.27967226978642
167,na,41.14703264970239,52.863488819329355,34.680424404428166,43.58870163958775
168,na,35.794940093609206,42.38910027833652,26.56861437170919,51.90904757729516
169,na,16.689860488614524,19.83717736629319,13.778627913551032,39.87616191354207
170,na,26.859580324459255,28.395435188067164,23.18344332323969,23.5854355450313
171,na,134.57011320784386,134.57011320784386,46.35922042330874,52.308637662904566
172,na,33.249139574412794,44.27573096854645,25.360674803902132,29.69953796655528
173,na,45.28884916361003,58.02193505810689,97.27967226978642,97.27967226978642
174,e,134.57011320784386,134.57011320784386,28.648664414294316,31.65621907259172
175,na,134.57011320784386,134.57011320784386,97.27967226978642,97.27967226978642
176,na,75.739537632926,134.57011320784386,97.27967226978642,97.27967226978642
177,na,76.39615928346187,84.44113944649848,97.27967226978642,97.27967226978642
178,na,134.57011320784386,134.57011320784386,58.161110482692365,70.96298678131052
179,na,20.40088274641526,24.849525969882734,23.380444890817202,30.912518142755516
180,na,134.57011320784386,134.57011320784386,57.62995682006024,60.97599896312297
181,na,78.48724065697698,82.05556890656327,97.27967226978642,97.27967226978642
182,na,23.389567666920104,134.57011320784386,97.27967226978642,97.27967226978642
183,na,134.57011320784386,134.57011320784386,19.92044762856529,39.79102977615543
184,na,16.225443380282883,24.006190297308702,15.998849227442227,21.845905379153304
185,na,21.223061681389947,22.825694029095487,25.333860878839175,32.103809569307316
186,na,29.959921040329714,38.79065872043234,34.061596792223256,36.382497013011154
187,na,134.57011320784386,134.57011320784386,97.27967226978642,97.27967226978642
188,na,44.84894901897927,44.93761566434901,35.56975736503962,97.27967226978642
189,na,42.95575278441498,54.938076999450594,97.27967226978642,97.27967226978642
190,na,24.07256454942719,134.57011320784386,36.43485013943093,40.32171722493219
191,na,46.4456308698783,62.21644589965072,29.46667173635933,36.70300990896763
192,na,134.57011320784386,134.57011320784386,20.341592153732627,97.27967226978642
193,na,33.41317216398864,48.60932328792437,16.546996401922716,20.352609557156562
194,na,34.15992874438549,40.17118907972888,22.771913663339642,38.10508807586544
195,na,134.57011320784386,134.57011320784386,36.336157352355826,41.51797009791907
196,na,36.048677713978414,52.25692404724662,25.101904796413468,26.788845672268298
197,na,134.57011320784386,134.57011320784386,29.715470232566606,37.89423266679519
198,na,51.63010211059513,134.57011320784386,97.27967226978642,97.27967226978642
199,na,35.25817144403824,35.3764130613617,29.90174348453608,37.94901222918879
200,na,46.820683909235015,68.76814743662605,16.357054345418856,16.39536550461406
201,e,134.57011320784386,134.57011320784386,22.056449841035096,35.703406036688726
202,e,134.57011320784386,134.57011320784386,34.306312394915075,53.078423611986125
203,na,36.295770813238754,37.10399750751005,23.027497557052392,34.16413131528579
204,na,37.37749617145106,37.926706219520355,17.72029754347084,97.27967226978642
205,na,24.481163758952533,134.57011320784386,31.22311743221502,54.56258748499297
206,na,37.09443628396956,44.23187962781399,15.081749779214553,18.703953866646824
207,e,134.57011320784386,134.57011320784386,25.91737876391599,32.76138114891332
208,na,36.53371275107071,37.81722129719306,27.18220580964884,27.801370420954775
209,na,134.57011320784386,134.57011320784386,22.770812003806167,32.98792767497292
210,na,26.459592382932986,49.28787483501419,15.125610769033894,25.030033837288777
211,na,134.57011320784386,134.57011320784386,33.64145528338796,46.02847461010244
212,na,39.94228077269758,60.01100782868687,52.000019150149,74.83433347299402
213,na,43.3395425996709,43.3570750784003,51.49001752449893,56.71711125427206
214,na,28.097866782368644,28.61307904359847,42.207625032256566,54.587590721838666
215,na,134.57011320784386,134.57011320784386,97.27967226978642,97.27967226978642
216,na,74.0432383793605,76.21430945605881,42.73932083644879,43.78954309919694
217,na,28.68608063406837,134.57011320784386,24.96023978120463,45.1776593365754
218,na,38.27995506188804,52.46457632118832,34.16777073204362,48.765264398890785
219,na,52.13406903980199,52.379353899007,97.27967226978642,97.27967226978642
220,na,29.411642099353834,37.37287327322482,22.860364829322325,48.4415449342479
221,na,28.48187569956929,134.57011320784386,10.947375353614296,26.837954833418546
222,na,32.93330305850572,42.24268823384305,19.893765443511473,44.492988585171
223,na,32.610107874418766,34.44851537197128,24.50732806305815,30.192480056022564
224,na,34.79245001431616,37.868786965832854,31.289318310234176,39.798318352366685
225,na,27.819864133373436,47.20023322059944,20.79515721070782,44.14711449386922
226,e,134.57011320784386,134.57011320784386,14.384156370646519,56.73496929142562
227,e,134.57011320784386,134.57011320784386,97.27967226978642,97.27967226978642
228,e,134.57011320784386,134.57011320784386,97.27967226978642,97.27967226978642
229,na,39.41940620293649,41.61981488846717,22.00761589675304,23.486263837100026
230,na,134.57011320784386,134.57011320784386,97.27967226978642,97.27967226978642
231,na,42.61258997814678,47.5833323353741,21.048538267546014,26.625207786790483
232,na,31.403134350555778,40.810323401452024,34.86009257664684,49.831896161502705
233,na,38.382444082904705,46.31176823516474,27.355160111735003,27.806090025724448
234,e,134.57011320784386,134.57011320784386,17.09395766579371,44.77262920468667
235,na,21.775865476684924,37.24376767947114,97.27967226978642,97.27967226978642
236,e,134.57011320784386,134.57011320784386,13.506401001688557,15.209941897755943
237,na,21.562550915989853,134.57011320784386,18.12776483642103,20.902286125559243
238,e,134.57011320784386,134.57011320784386,97.27967226978642,97.27967226978642
239,na,36.33601618345985,36.72919469168276,33.59695829513265,39.03655447745892
240,e,134.57011320784386,134.57011320784386,28.64157775757975,43.460895053025546
241,na,26.387109045898857,54.733354304232215,27.728240103634572,33.93513088683205
242,na,1.4667832557053853,3.0418475692473543,8.67471801554956,9.132376110872451
243,na,48.15164205815554,88.02610106606092,32.08265228056349,50.17657856970338
244,na,49.80284282446168,134.57011320784386,97.27967226978642,97.27967226978642
245,na,28.548719345732927,47.63573145510808,15.324844150154801,15.384070071418991
246,na,134.57011320784386,134.57011320784386,25.198080612685093,28.03280264330565
247,na,25.60771745141377,29.519987824616578,27.93784978405334,38.87857227563364
248,na,55.57865842763098,83.91316285392895,97.27967226978642,97.27967226978642
249,na,21.386641089285327,22.5299237103602,12.007180429931326,23.889991770676545
250,na,33.09306390834542,52.5101642429717,14.076571091616039,31.074775224483307
251,na,134.57011320784386,134.57011320784386,97.27967226978642,97.27967226978642
252,na,40.70212221893191,51.369898352361425,17.86590513773047,21.281742371462624
253,na,39.97167362624787,134.57011320784386,30.196884728236707,31.14115930332765
254,na,134.57011320784386,134.57011320784386,28.67573924850432,37.26372641673613
255,na,32.200622926945805,47.71261586991514,24.013698045689953,45.293021122299685
256,na,134.57011320784386,134.57011320784386,97.27967226978642,97.27967226978642
257,na,34.034012281582314,40.10333325992649,21.332522904592405,31.831310608361886
258,na,26.965579847508327,30.383736602012515,20.602421865350678,20.66767495394441
259,na,40.51296557109608,45.471628285570304,34.69520532271568,42.23281623995117
260,na,134.57011320784386,134.57011320784386,56.63599692551247,59.63760870547237
261,na,134.57011320784386,134.57011320784386,35.14852159996244,45.39720263568066
262,na,134.57011320784386,134.57011320784386,39.860727888536545,47.04436608464589
263,na,52.772419439512014,58.76964447524832,44.67035616414361,48.480816428069645
264,na,31.3370075086919,33.581407561004184,35.52327001377135,97.27967226978642
265,na,25.530162576126816,134.57011320784386,28.544147756698038,31.56566895174686
266,na,29.487875429517523,134.57011320784386,30.98879558366449,31.091533658093297
267,na,14.755822269224053,31.263841432471096,23.931290394428203,54.22649215295915
268,na,40.929222801755316,42.693044042150596,19.190949998172066,29.7004747454356
269,na,16.81670107538673,16.986141433570445,33.190824407474025,41.3144538617453
270,na,22.401440693801945,134.57011320784386,34.24067004715426,50.24821144373768
271,na,19.94469828670579,22.27328898441269,19.275504114223885,25.68774370034622
272,na,26.41832455355249,30.799542163794886,16.73081589512471,23.351478604238583
273,na,18.6552925333024,134.57011320784386,27.856547618758984,30.02113198535035
274,na,61.67544935071702,68.69700782502595,56.49620049166685,59.85009471218369
275,na,55.749511272739454,70.91561149610878,34.39115933381967,39.5887910383098
276,na,49.79205870235644,57.73925676971951,30.419415564644307,46.2423364929741
277,na,45.86244894621899,67.44410030716037,97.27967226978642,97.27967226978642
278,na,37.23209724409453,134.57011320784386,17.409777146753264,19.721827132058063
279,na,134.57011320784386,134.57011320784386,43.0709302978999,53.54601030647998
280,na,37.23782421094152,38.65288475062326,38.13253882216725,57.30252291011404
281,na,40.63089706926488,53.95489972396318,25.15942438435195,42.85893527820683
282,e,134.57011320784386,134.57011320784386,5.702100265167699,17.0308943549481
283,na,17.07721341957434,17.283398586817448,23.716728030443132,60.848630086936886
284,na,53.60047057891009,62.80218193203348,27.9316342886317,46.65793085093673
285,e,134.57011320784386,134.57011320784386,34.19101188731742,57.370170921228166
286,e,134.57011320784386,134.57011320784386,48.7836963429152,53.828608945085
287,na,22.921949730493267,26.05006064034659,11.478293183097653,19.36212531639578
288,na,71.52814516943899,74.89915575134305,17.735737329686458,28.045420533921096
289,na,43.825213376481116,52.67339885670021,34.30044024414306,44.22297218365031
290,na,134.57011320784386,134.57011320784386,97.27967226978642,97.27967226978642
291,na,13.606919928220066,15.296643640817031,12.839589698660092,97.27967226978642
292,na,45.90416378798004,72.33749583713859,35.95030323514484,42.51448644819951
293,na,134.57011320784386,134.57011320784386,97.27967226978642,97.27967226978642
294,na,20.58135658961281,22.808723480392263,29.408825135159844,38.68153311820278
295,na,134.57011320784386,134.57011320784386,97.27967226978642,97.27967226978642
296,na,57.995419842394725,59.784961005266545,58.38353864284441,97.27967226978642
297,na,19.437427276769192,44.342030725440736,19.996460133105508,20.3259013594555
298,e,134.57011320784386,134.57011320784386,39.58793036295305,42.026380913568325
299,na,36.54034534888221,44.587660474054644,16.397953705898093,23.8135414460689
300,na,57.342170678718574,134.57011320784386,34.64434119578418,35.603242776364375
301,na,134.57011320784386,134.57011320784386,51.79931148259573,78.55613507754224
302,na,134.57011320784386,134.57011320784386,97.27967226978642,97.27967226978642
303,na,34.069913761412955,38.16012033180908,22.124127870059407,42.056268889939744
304,na,134.57011320784386,134.57011320784386,97.27967226978642,97.27967226978642
305,na,36.18940017804261,79.73003094366801,25.601733594871796,37.174872945741356
306,na,41.5543106514482,76.3464650484097,23.180784663604154,28.58990026995392
307,e,134.57011320784386,134.57011320784386,15.512215369270088,30.91967950835009
308,na,134.57011320784386,134.57011320784386,30.249125526171852,44.94038659280063
309,na,134.57011320784386,134.57011320784386,97.27967226978642,97.27967226978642
310,na,40.69207329432377,48.459398061000634,19.26636820561662,21.36533371723369
311,na,34.73908870174965,34.96453687410058,25.885235953838656,31.522959316240804
312,na,42.7559205398847,61.50035809415337,24.957854484983194,41.158216956829456
313,na,61.81042371286331,76.8446076429094,15.45218234420758,20.18385022496723
314,na,34.44002027862248,81.83782211927885,9.840943352499592,24.068434008513773
315,na,60.347563753528505,94.82927502732318,29.199999509188036,32.4780935722149
316,e,134.57011320784386,134.57011320784386,17.562647632064085,29.110326505293497
317,na,33.370318448262935,134.57011320784386,19.819270219459938,33.918369392589796
318,na,134.57011320784386,134.57011320784386,43.27874855034322,97.27967226978642
319,na,48.35009994034496,49.78133058789552,16.91395825649994,20.504382631414845
320,na,24.048718357357455,134.57011320784386,97.27967226978642,97.27967226978642
321,e,134.57011320784386,134.57011320784386,27.605962756593826,32.98671229956906
322,na,43.21256905677898,44.743502304315655,17.071826392866125,28.981533085616906
323,na,18.571543797620826,22.490661936690476,27.114450429329285,97.27967226978642
324,e,134.57011320784386,134.57011320784386,20.66499813776678,36.639873513132095
325,na,24.365577317318337,134.57011320784386,31.139146684069793,62.13891658134902
326,na,35.169777663653335,39.12570059047128,23.393946120213997,39.798233005770314
327,na,134.57011320784386,134.57011320784386,12.28961373751458,12.682417741251653
328,na,134.57011320784386,134.57011320784386,97.27967226978642,97.27967226978642
329,na,134.57011320784386,134.57011320784386,27.324609955992546,97.27967226978642
330,na,50.04552360165572,74.79283248793342,52.95395863192696,53.90074858135876
331,na,25.125770399825612,36.70083401889383,29.853439580655852,42.785772962244145
332,na,43.80448598748416,43.85501653309291,25.272603331824776,28.696904908871435
333,na,134.57011320784386,134.57011320784386,97.27967226978642,97.27967226978642
334,na,59.317115112116724,90.8571353589085,97.27967226978642,97.27967226978642
335,na,25.308221475582116,32.41252556823253,16.428291948272797,28.344605142440464
336,na,34.99755166922065,42.573502349744835,28.325211176802828,46.945791881234065
337,na,134.57011320784386,134.57011320784386,97.27967226978642,97.27967226978642
338,na,38.81686976045489,41.35682427211072,34.96830169850613,42.463446187135546
339,na,43.57984210218191,49.067473364993575,97.27967226978642,97.27967226978642
340,na,41.934599658753655,134.57011320784386,24.57424326986745,25.695387374511686
341,na,134.57011320784386,134.57011320784386,30.332517682077636,43.088661580172875
342,na,134.57011320784386,134.57011320784386,48.124327447075075,51.44699097513052
343,na,30.110148945075732,30.506792400940537,18.346970376335168,56.48880822581102
344,na,134.57011320784386,134.57011320784386,97.27967226978642,97.27967226978642
345,na,37.57358542623843,76.83143399394179,31.68125651533973,37.5079862256085
346,na,53.99794633507596,89.19548251327596,9.896603916458329,14.26785927006785
347,na,26.461658898601453,43.259722898907356,22.800800997007304,23.065356829511593
348,na,24.246840418105958,28.949465397361585,21.401486478850916,22.800107187677916
349,na,47.84461616295814,58.12616068774888,48.677250204303405,97.27967226978642
350,na,31.02397527824271,58.49184939704334,97.27967226978642,97.27967226978642
351,na,37.07272394245638,72.91206365352632,43.30087826214096,45.40555479766389
352,na,35.93850522699422,38.05034456327081,22.348872791769573,24.07528253238346
353,e,134.57011320784386,134.57011320784386,43.87633308292323,46.67300397542107
354,na,134.57011320784386,134.57011320784386,97.27967226978642,97.27967226978642
355,na,27.204467575613474,49.65578743402822,30.653027973994217,97.27967226978642
356,na,134.57011320784386,134.57011320784386,33.77232870195059,35.31145517985293
357,na,29.32468574178978,134.57011320784386,1.1319699877742335,23.42312326587627
358,na,36.527783964536184,41.61551500409889,28.649452352970766,97.27967226978642
359,na,134.57011320784386,134.57011320784386,28.963823611388232,30.732014306605404
360,na,42.76457288171316,134.57011320784386,15.441248388412564,97.27967226978642
361,na,134.57011320784386,134.57011320784386,97.27967226978642,97.27967226978642
362,na,33.26425893697028,39.8587305437059,28.082733655209015,42.59291228239756
363,na,27.640139993273884,27.919613753916884,23.46496094715333,28.85244580919717
364,e,134.57011320784386,134.57011320784386,13.963477431189547,25.554847977330503
365,na,134.57011320784386,134.57011320784386,34.74814951827892,54.16805696235156
366,na,134.57011320784386,134.57011320784386,97.27967226978642,97.27967226978642
367,na,134.57011320784386,134.57011320784386,97.27967226978642,97.27967226978642
368,na,35.87495933406759,46.53147766895159,97.27967226978642,97.27967226978642
369,na,41.92693428274011,53.77394334903741,54.73989573844294,57.383864434162476
370,na,31.545180484450555,38.42154194072739,37.26428578990281,60.1881367335772
371,na,32.49369244683434,32.88228105556938,37.46745972672985,38.44239655667003
372,na,134.57011320784386,134.57011320784386,97.27967226978642,97.27967226978642
373,na,28.31546372132903,84.53463054438144,29.60394116317572,56.44350141518865
374,na,35.41235514667218,134.57011320784386,21.569712431126327,97.27967226978642
375,na,32.31868262017957,39.50273211084822,40.1409874303947,48.845729656546744
376,na,35.01344445113854,37.40794848587949,16.6398847737467,19.568731678135475
377,na,24.148501601943384,26.899124445052486,21.97481334143448,97.27967226978642
378,na,38.43862874732844,47.49880561751406,20.12729871472218,32.58498825974221
379,e,134.57011320784386,134.57011320784386,33.1093215743639,34.25377333349526
380,na,17.00739247741959,23.553504004549012,18.371080284886588,20.966317944764494
381,na,48.21252733355169,58.984248890123226,48.904915024235756,67.50681898279086
382,na,134.57011320784386,134.57011320784386,27.235779311026892,29.333367002129272
383,e,27.20456957719497,104.69021806564032,18.556613521732437,51.37975637381723
384,na,54.078720961955014,56.15976882574344,17.788776352638717,34.813095534177734
385,e,134.57011320784386,134.57011320784386,97.27967226978642,97.27967226978642
386,na,21.278280058009955,31.247665522522603,21.705565954648836,36.424108464459565
387,na,23.703906136870035,25.58732048894765,39.40173136499436,40.84335344672354
388,na,13.513892053836651,134.57011320784386,97.27967226978642,97.27967226978642
389,na,25.245735664476037,25.75644999889984,22.404871331304356,32.94368372046706
390,na,26.03787931275166,36.666434594481764,25.82122575674871,43.88325566503038
391,e,134.57011320784386,134.57011320784386,17.262944690910082,25.97561078489716
392,na,18.624267474967624,23.22156164604594,50.41558215751044,97.27967226978642
393,na,31.215029901960758,35.42619202024302,12.437911294359047,29.003919120612498
394,na,29.23274424177277,37.91412107511999,42.636722035789866,76.86766030124902
395,na,134.57011320784386,134.57011320784386,97.27967226978642,97.27967226978642
396,na,134.57011320784386,134.57011320784386,97.27967226978642,97.27967226978642
397,na,29.642896782353862,36.927836826441286,15.116349491830759,34.01688896339162
398,e,134.57011320784386,134.57011320784386,12.687189697733823,13.176300791958967
399,na,36.096234911264396,38.18046732661684,17.317053133684333,29.68675887780926
400,e,134.57011320784386,134.57011320784386,25.243024468864213,32.949762836899076
401,na,39.60199791874406,66.36218351924614,27.402577295128943,28.984546086588395
402,na,31.41863904107806,35.11615580665133,17.996437356171754,97.27967226978642
403,na,39.19152966316789,62.111812859614496,23.484062701221468,41.99789595094879
404,na,26.09537942987451,134.57011320784386,29.73244892321382,33.12550183571967
405,na,134.57011320784386,134.57011320784386,21.070925381186427,28.91973848096192
406,na,48.37508443141561,53.52826603015608,23.213357345866434,26.006276321378255
407,na,134.57011320784386,134.57011320784386,43.44799024153312,50.48561259974304
408,na,52.41082659784464,56.701092865373745,34.82318894190152,40.543076777587956
409,na,33.1154907448756,38.70737295188616,25.291411124798977,53.96019290786754
410,na,26.65079656011189,27.789732490048568,25.884540871421773,41.141280578949704
411,na,37.60251266858221,40.46985260440308,7.149873904259617,9.824704695851672
412,na,8.016033772136486,19.13507951396068,37.110548871585785,59.89014436074368
413,na,38.268900181310954,43.491209247553115,22.848333245968632,97.27967226978642
414,na,22.506860765922998,24.88215795617262,21.874613735008527,36.407291614270534
415,na,40.9303661776627,40.9518838736088,20.44909192616433,24.835115984932376
416,na,31.44223351656649,51.45864910232148,22.02833187173133,39.32457301747123
417,na,39.453879412862314,41.602655840621715,33.54516413270233,60.07409183513122
418,na,44.754731086694775,78.20784309302059,39.451705068969176,44.10254404943819
419,na,28.83016112823494,134.57011320784386,26.597953799568767,97.27967226978642
420,na,33.67565896804184,38.701475164641096,97.27967226978642,97.27967226978642
421,na,134.57011320784386,134.57011320784386,48.47126471725991,97.27967226978642
422,na,35.4969525915701,134.57011320784386,26.050438172815326,26.399936718476372
423,na,27.37650902254445,30.918682756457972,26.370379317979623,41.06334605635448
424,na,30.083590159844395,35.946785165359955,19.142939883576673,39.55393410686871
425,na,28.694780902217882,43.624502316106934,19.25314735824648,36.503094872854156
426,na,134.57011320784386,134.57011320784386,25.350235099734906,97.27967226978642
427,e,134.57011320784386,134.57011320784386,25.631923888369666,97.27967226978642
428,na,49.15283036756559,49.27029781198498,17.711633873942755,34.788849856168596
429,na,134.57011320784386,134.57011320784386,97.27967226978642,97.27967226978642
430,na,73.87910735526431,92.24984840323049,44.9206105674263,46.361325218686595
431,e,134.57011320784386,134.57011320784386,49.106529852145066,57.83082299085734
432,e,134.57011320784386,134.57011320784386,18.43309489007002,19.398751600182486
433,e,134.57011320784386,134.57011320784386,38.462572784438365,41.502518625141306
434,na,27.678898233801085,134.57011320784386,42.82581919777002,55.35465964231113
435,na,37.14111285778532,44.20006139788736,36.82600444017729,97.27967226978642
436,na,134.57011320784386,134.57011320784386,20.71430233415083,97.27967226978642
437,na,134.57011320784386,134.57011320784386,49.65785007228699,76.77623405209158
438,e,134.57011320784386,134.57011320784386,34.09719101200341,39.22675826477233
439,na,134.57011320784386,134.57011320784386,65.61199110625647,66.80909677835017
440,na,134.57011320784386,134.57011320784386,37.28320015347448,56.79852445987872
441,na,14.813310022403234,14.918175421661926,33.221965773473656,40.49670633564138
442,na,25.078916202037817,28.09284022391549,20.154401081212516,97.27967226978642
443,na,34.67773581886909,39.53586792040048,17.613289737292753,18.163527010299603
444,na,28.82081541661577,134.57011320784386,36.60952672290221,97.27967226978642
445,na,29.413893921452633,38.164809094675284,30.99981573119889,45.08223595915917
446,na,40.42425362320795,43.463446833146,24.90327423034786,28.92313343355711
447,na,39.937620182301266,49.7014386218504,15.203420563225496,65.08241857502207
448,na,56.00941059922954,69.52506362512273,39.54099859584127,41.29025168473135
449,na,134.57011320784386,134.57011320784386,20.930670371621584,28.069782631959182
450,na,37.81246064141003,57.40256056844861,25.891798540259682,35.61659365605478
451,e,134.57011320784386,134.57011320784386,33.192048683144264,97.27967226978642
452,na,73.08334129654861,134.57011320784386,38.47523495755078,58.8807726060128
453,na,44.43543602882836,45.72629303522384,29.053750221477742,34.67836120982323
454,na,34.55096021386454,35.05631724745982,24.546598829138595,37.55006149149537
455,na,134.57011320784386,134.57011320784386,44.02769746876971,53.00325632305815
456,na,134.57011320784386,134.57011320784386,37.11365612224734,49.691149846391276
457,na,32.52617327287134,45.61989109343943,25.635687429443987,97.27967226978642
458,na,37.23577059943416,39.413196923334745,26.958123339141782,53.159110948621496
459,na,19.11681348626143,38.89120904554794,24.851218696513705,41.02518183188014
460,na,71.99614382754947,134.57011320784386,28.824137277369246,34.658456101458796
461,na,60.8895356135221,67.44069915336065,20.029013744414527,20.642697834167514
462,na,33.4101951587653,134.57011320784386,37.83189914729646,84.9229394780828
463,na,11.188598865190047,26.132370595551272,34.000710600850375,47.540362917374914
464,na,32.615113892191346,60.67585272816831,18.874231285771796,97.27967226978642
465,na,50.492001007508684,74.49210889967065,41.026598001758025,45.24163991529649
466,na,35.178338151681295,134.57011320784386,42.48521253258175,97.27967226978642
467,na,40.74552134498445,72.7784465529667,97.27967226978642,97.27967226978642
468,e,134.57011320784386,134.57011320784386,45.51003442778254,48.51398401194495
469,na,134.57011320784386,134.57011320784386,38.01799998354182,97.27967226978642
470,na,22.8192380336568,23.89461720397703,21.95690648140916,32.6480810814181
471,na,48.21426058317814,134.57011320784386,25.782615672024495,30.667772039174288
472,na,39.8929837462592,42.69878419271527,19.596714632324463,32.730052431230504
473,na,31.26859299200504,33.28898455794445,33.21148129378736,36.89932073779142
474,na,28.691998692879714,45.269436362821054,23.151384233819236,31.19086072727032
475,na,31.008408381399043,38.37458546084644,22.47389256098602,24.374165600829247
476,na,49.085938439972836,63.96438751219525,97.27967226978642,97.27967226978642
477,na,37.10435364976142,48.12387084490301,23.892908742930732,49.17568304761617
478,na,134.57011320784386,134.57011320784386,97.27967226978642,97.27967226978642
479,e,134.57011320784386,134.57011320784386,30.290638486690277,97.27967226978642
480,na,11.425199974895646,14.029495351740794,28.526182900729516,97.27967226978642
481,na,54.6910740649664,64.29604809914146,97.27967226978642,97.27967226978642
482,na,44.861393299099404,48.81334508189818,28.764006137103497,37.06798330992033
483,na,29.353377744143618,33.87009954538741,29.974178340999075,97.27967226978642
484,na,30.39713833583813,92.18953655977472,31.46608169323462,45.851303183074556
485,na,27.530118976132297,28.42567204879611,29.994124365120932,31.365053578284478
486,na,134.57011320784386,134.57011320784386,40.0111615837995,61.433592549237396
487,na,47.30338791762965,134.57011320784386,19.29687792256115,44.021483029132064
488,na,30.322611181379372,40.99939951023901,22.349497008194923,43.597183886995616
489,e,134.57011320784386,134.57011320784386,16.90360732314882,27.397016379694143
490,e,134.57011320784386,134.57011320784386,20.271046938615576,27.536170987512268
491,na,35.11504511493917,35.40706587766639,35.83135770230763,47.43736546899161
492,na,134.57011320784386,134.57011320784386,63.977544372444775,97.27967226978642
493,e,134.57011320784386,134.57011320784386,20.499252065713296,97.27967226978642
494,na,45.59844764858629,45.861161226224446,22.34248190071106,48.19341830078451
495,na,42.11097769895578,52.6664006645305,17.807703846604813,27.51610410041345
496,na,44.91785503352585,134.57011320784386,28.299550240540437,65.58771560093143
497,e,134.57011320784386,134.57011320784386,97.27967226978642,97.27967226978642
498,na,34.1452158748674,35.77799844822939,19.6896038588932,97.27967226978642
499,na,42.772926175424466,52.5591171244373,22.87527982156067,24.478113085475076
500,na,32.561029877418555,42.045435833736974,32.56971998247881,33.97442473399529
501,na,134.57011320784386,134.57011320784386,97.27967226978642,97.27967226978642
502,na,30.14194119185853,35.58510424483728,36.51523243159423,42.32467126524636
503,na,134.57011320784386,134.57011320784386,37.73446700007836,47.260502799113546
504,na,134.57011320784386,134.57011320784386,28.899454987620835,97.27967226978642
505,na,33.389617377345324,41.205043529513134,16.863277476039116,20.41432875928938
506,na,33.18461975992816,54.53334519829506,25.184941453659917,44.919394393632516
507,na,24.63774786999609,41.70277145920648,23.298677034451945,36.31710800702501
508,na,38.521013442678615,63.44023069807474,26.162755543514045,32.11321118475135
509,na,134.57011320784386,134.57011320784386,97.27967226978642,97.27967226978642
510,na,26.454726015232055,33.00888900443969,29.114760549215283,97.27967226978642
511,na,28.47610616339248,30.806368701806353,8.723877453470791,14.15554346034526
512,na,73.67235232388964,81.63090701058591,26.76714484235379,30.853483857644196
513,na,39.721792104390886,41.361229221995785,97.27967226978642,97.27967226978642
514,na,46.024441839383144,73.23117773801201,34.858299077043014,97.27967226978642
515,na,43.29732573318054,53.563304095210825,10.298536957093837,14.296781316709279
516,na,134.57011320784386,134.57011320784386,29.46154248254707,38.83824322588256
517,e,134.57011320784386,134.57011320784386,47.77485931438798,49.97371884041344
518,na,56.29822625628801,62.65498295597749,24.68476151137236,78.14751798930519
519,na,134.57011320784386,134.57011320784386,30.527652433032475,40.02066467843673
520,na,33.2063201409105,41.914673681998444,11.298432954017969,16.077894515949794
521,na,20.44312728617445,28.37020889815094,20.586025753067638,27.46521936811676
522,na,44.20641274948091,50.30237038164969,97.27967226978642,97.27967226978642
523,na,89.90455703750462,134.57011320784386,55.16026906309835,76.4679631490947
524,na,134.57011320784386,134.57011320784386,97.27967226978642,97.27967226978642
525,na,32.75197354541664,36.26509138476955,27.136661797438016,46.32272534219261
526,na,67.28383009214471,70.04760550827007,6.331087176603227,24.253465205346966
527,na,22.777327380216782,134.57011320784386,16.872675803021156,47.08859613387804
528,na,21.505692949042807,24.26892246884351,31.81311329898037,37.616399489754755
529,na,29.95172293245206,41.560838405893456,19.605562181802192,97.27967226978642
530,na,19.784955759602454,20.840041455654806,14.721368186392944,23.276485154798443
531,e,37.831384706797515,61.05193377072026,39.54190096465008,63.27227645374876
532,na,30.591919002459104,33.23642697485218,97.27967226978642,97.27967226978642
533,na,19.831831027559595,24.76232846357678,26.586123231400492,69.70300574227262
534,na,134.57011320784386,134.57011320784386,20.70823633995786,26.036537280354352
535,e,134.57011320784386,134.57011320784386,25.22532017719581,34.421554616739776
536,na,34.66353952537117,37.31240152613771,15.376337824458242,97.27967226978642
537,na,134.57011320784386,134.57011320784386,29.358771715868127,38.099020907211504
538,na,35.27484358156489,39.525150870236956,23.6392313807062,27.292829567451548
539,na,134.57011320784386,134.57011320784386,97.27967226978642,97.27967226978642
540,e,134.57011320784386,134.57011320784386,53.31187074938759,97.27967226978642
541,na,31.013619519483125,49.6848370767047,5.53345445454818,15.51697211279856
542,na,28.628378994292046,42.6925270663852,18.685988038700433,69.3761734848326
543,na,134.57011320784386,134.57011320784386,97.27967226978642,97.27967226978642
544,na,41.84442259835452,134.57011320784386,24.504719805304667,27.686173638280465
545,na,44.642297245401366,134.57011320784386,13.29798094421332,18.502262994157316
546,na,32.9580056326385,134.57011320784386,24.86999003246937,45.58117713961102
547,na,27.611706334962214,31.018150460705893,15.361568985623748,34.14640209065802
548,na,48.96733228446618,57.11355871334372,20.60017709001079,35.25621560721587
549,na,39.7646760986966,43.40287436908152,31.269075665394936,32.97367120014135
550,na,46.59257301774558,72.51250212561901,47.16511056770752,54.39188619517452
551,na,58.83493723791859,69.83385860208912,6.097875360912688,12.164519797600889
552,na,43.067393760513724,66.91134772452905,22.152479394724107,69.58979605389635
553,e,134.57011320784386,134.57011320784386,97.27967226978642,97.27967226978642
554,na,22.135095179234213,43.597914061843625,21.036281972587094,36.891412247365245
555,na,51.08694894216929,134.57011320784386,97.27967226978642,97.27967226978642
556,na,134.57011320784386,134.57011320784386,10.07039482777413,16.354895479383064
557,na,27.15649491260233,29.83764025113561,26.131508035274198,28.080994508626414
558,na,28.85231868776038,134.57011320784386,24.473205397658365,32.753276981365644
559,na,27.662716411764674,38.77726294646133,27.8461012714982,33.91269214212715
560,na,134.57011320784386,134.57011320784386,28.952005712046763,50.04238136147249
561,na,22.540193878708358,23.262041701353862,27.39210839116191,97.27967226978642
562,na,134.57011320784386,134.57011320784386,24.06571111628891,34.27958564731666
563,na,8.261461708963624,15.116335478439785,23.603037755494416,97.27967226978642
564,na,134.57011320784386,134.57011320784386,57.18100256779883,68.2477341288923
565,na,29.065125088526433,45.58744647995303,16.36812784660634,20.5166730966485
566,e,134.57011320784386,134.57011320784386,34.66294185405763,37.60297392958927
567,na,12.004863614183927,19.194157003151393,22.22226880688071,23.677385668551054
568,na,19.630556228376996,35.95161553762096,32.49369243135723,97.27967226978642
569,na,56.61804612947476,81.28472838532333,30.6836912930356,40.1449323940611
570,na,45.63131695816907,49.116857904472845,38.064255427683136,46.16235480169997
571,na,40.96666338315452,46.48185722169251,17.216635551454893,25.299232181531572
572,na,29.421854837403583,47.29667112489557,11.61824191666057,15.118938219260578
573,na,15.640428812471306,18.39201828176074,22.039043854566614,27.808961702102962
574,na,40.03220271976207,53.299524068210914,47.40372949101327,49.686977199227776
575,na,41.22952561924527,50.20170199975715,24.044936984462986,26.910619671613688
576,na,37.65883114762631,134.57011320784386,31.74025279981164,55.214646350517306
577,na,19.517003826949566,30.41917412536876,32.56297875370027,37.78714181816464
578,na,31.814546280298366,33.049050180771495,40.33377026157429,40.58187122015833
579,na,13.530127411661079,34.13245545075315,42.948644880728814,97.27967226978642
580,na,37.524716287668866,40.22754643863983,18.35959147554565,19.76044286208257
581,na,134.57011320784386,134.57011320784386,22.47698310502122,97.27967226978642
582,na,25.996908836293986,31.671114591963544,40.41889548170719,97.27967226978642
583,na,28.14877006279675,134.57011320784386,32.06628412873014,33.60543651660147
584,e,134.57011320784386,134.57011320784386,97.27967226978642,97.27967226978642
585,na,30.065704634606835,40.15164220319306,12.943380974267154,17.598704747644405
586,na,38.11505737036392,45.88942354890828,97.27967226978642,97.27967226978642
587,na,48.44949656361084,56.017679045223495,24.779370762313757,25.13840967381544
588,na,134.57011320784386,134.57011320784386,97.27967226978642,97.27967226978642
589,na,35.75402318574509,59.89372969201353,53.90110689546906,60.198232356128024
590,na,44.09126426585813,61.89021087984951,60.32029286105723,72.73814866675949
591,na,134.57011320784386,134.57011320784386,97.27967226978642,97.27967226978642
592,na,134.57011320784386,134.57011320784386,97.27967226978642,97.27967226978642
593,na,27.12925884113572,37.52506100460759,51.223634520675496,51.27592433203744
594,na,49.072035235984856,56.48605561253583,40.57532940340598,40.79563308337056
595,na,134.57011320784386,134.57011320784386,18.784519580227048,21.411395388636326
596,na,34.8778276182878,51.31859089165313,32.56786929209712,41.18565735583437
597,na,134.57011320784386,134.57011320784386,97.27967226978642,97.27967226978642
598,na,37.56960471346168,57.4845108033908,97.27967226978642,97.27967226978642
599,na,44.557648578554755,49.99991461525604,12.213903505886824,28.550891928378384
600,na,23.47599671110768,134.57011320784386,14.200942781141206,23.792592821216015
601,na,38.466571690612845,48.2672084666152,33.84955584684893,43.16623636257881
602,na,58.63023978041081,85.44618309870364,31.589191321226473,45.38046716193872
603,na,26.202514822312924,134.57011320784386,25.460896390758442,33.97503594708055
604,na,34.10623874627672,48.95451331220766,25.298150097362395,97.27967226978642
605,na,39.13256934362871,61.954742880338415,41.684817478652874,48.86722441988054
606,na,26.37985189368582,35.79586677488294,37.65206005283424,38.41762239159768
607,na,134.57011320784386,134.57011320784386,97.27967226978642,97.27967226978642
608,na,39.74088665482393,56.30275977683278,27.518030528590728,97.27967226978642
609,na,27.89706051155093,134.57011320784386,22.878722684456495,30.128812849770444
610,na,134.57011320784386,134.57011320784386,36.36231259924161,64.36606421978865
611,na,33.69511728263156,49.03414793451806,34.27367519166316,38.8819557993493
612,na,61.31984046177244,134.57011320784386,33.10224493600431,40.00387342650865
613,na,24.59946388117796,38.6715055730699,18.744011028789053,28.03202010669879
614,na,134.57011320784386,134.57011320784386,35.566920037548996,51.4273335146709
615,na,134.57011320784386,134.57011320784386,17.263361969205953,20.759849999999958
616,na,27.456481851857635,134.57011320784386,25.79665924351375,27.361966010486018
617,na,48.52734909319308,69.88171919323356,31.121213163718895,40.889579942802996
618,na,34.468229738977364,36.885197932042644,21.43956610184124,43.52197207496669
619,na,32.92314820602193,64.51801056598522,26.306338612079408,54.90018950585646
620,na,134.57011320784386,134.57011320784386,30.260287727177264,41.371011179453966
621,e,134.57011320784386,134.57011320784386,28.821717338522927,36.42922843908995
622,na,50.446885193854,58.75562317870112,28.030079290621234,45.17700588773667
623,na,134.57011320784386,134.57011320784386,97.27967226978642,97.27967226978642
624,na,45.922460066521495,49.33308019084966,28.025566772432146,46.755042129420104
625,na,19.45300240085828,27.25298916396479,21.57867203300102,46.43224639833932
626,na,34.58802880264468,44.92583306248004,17.101048776280415,19.87560343124808
627,na,58.12294832151824,134.57011320784386,19.93499110765132,40.55242342643828
628,na,43.76967838494463,45.951457458906205,40.03771638336875,46.79917907311275
629,na,19.21071347128077,22.4280045208402,26.842888629797113,36.807845871081604
630,na,23.02899009511626,23.531000201175665,30.27091119261527,31.982404188525578
631,na,38.712977031974035,134.57011320784386,12.228477633090215,13.456585673173985
632,na,36.526786427580156,38.144536843424795,23.032170259321298,29.316852177063684
633,na,45.28216566330426,52.899281609945135,46.76246372768111,65.41334497345677
634,na,66.33601634475704,83.17649389612652,97.27967226978642,97.27967226978642
635,na,24.46020153513559,33.85280472666703,28.056510915335867,48.842861526927905
636,na,134.57011320784386,134.57011320784386,54.44632449764695,66.10477644865402
637,na,43.88207864981548,62.103505524591675,9.880301196495342,17.997793342137566
638,e,134.57011320784386,134.57011320784386,24.888602691738498,26.004210833787536
639,na,38.48930149547294,47.58006033759657,22.04104870560436,22.255781199526602
640,na,134.57011320784386,134.57011320784386,21.6106177178736,52.97708021712892
641,na,27.301848849173872,32.25591480276382,33.23761687231656,42.327858623320274
642,na,50.07803601276912,69.09514485905471,97.27967226978642,97.27967226978642
643,na,53.01057357394255,61.79451056872036,33.007744137718475,34.62884361828293
644,na,37.28812039695407,38.72419600851462,30.19809866375367,38.86029601742382
645,na,134.57011320784386,134.57011320784386,97.27967226978642,97.27967226978642
646,na,34.878535379616764,37.50402986155647,32.253150421826916,32.62103929977523
647,na,36.893466953098404,46.42768228391266,97.27967226978642,97.27967226978642
648,na,32.58195426504029,41.81724714141955,22.434346998581614,97.27967226978642
649,na,29.01378500489199,48.2203167887045,11.640820898499976,97.27967226978642
650,na,46.066137119608165,52.891651650663505,29.378181842280153,50.244370481359134
651,na,134.57011320784386,134.57011320784386,31.30531810337448,44.969931416119266
652,na,19.61297188349957,25.63101921605554,51.823127906929344,80.31034860130008
653,na,8.028074026355581,8.437751307657607,53.14194764134215,54.88954500432696
654,na,134.57011320784386,134.57011320784386,50.50000426326019,54.66552555732428
655,e,134.57011320784386,134.57011320784386,52.86323915957406,64.74179574218059
656,na,16.095695079351223,17.501534075030378,22.664430377199547,24.708967652227514
657,na,22.70441480173146,32.3551634091706,27.32695946034956,61.04218590380335
658,na,28.354151688234477,134.57011320784386,33.52099881401896,37.40790544980926
659,na,7.692528257341866,31.80589617101109,24.052808914611905,97.27967226978642
660,na,134.57011320784386,134.57011320784386,22.956364913144174,25.637729221818446
661,na,35.21881346086125,47.2251668489312,20.581776604631163,26.210464955155516
662,na,52.33614693079704,60.305098726898095,38.42061094006815,38.54582169741828
663,na,27.062299634421926,29.63155872911149,15.292802474311287,30.022383976411277
664,na,41.86814321547438,55.88073120049702,97.27967226978642,97.27967226978642
665,na,134.57011320784386,134.57011320784386,25.651467151821652,32.14717555144122
666,na,30.191728025356216,36.41600725098327,13.87380225595476,23.122168430939123
667,na,40.82756522270504,46.6767240881295,37.541722235791255,62.589709421510264
668,na,42.45121558605205,71.16603444278483,97.27967226978642,97.27967226978642
669,na,29.53602115363086,134.57011320784386,34.451888327873256,97.27967226978642
670,na,26.324370673755798,26.740857359126487,24.293428912544375,34.947174193161125
671,na,29.215466171345298,32.24961620915676,11.566846945491843,97.27967226978642
672,na,134.57011320784386,134.57011320784386,97.27967226978642,97.27967226978642
673,na,23.973074836284706,25.79334923325581,20.482859789300985,31.924579420093394
674,na,28.378875548019717,48.55401751666654,27.423390906359668,35.90305587413812
675,na,42.92772879260624,57.17288766444812,19.099977275573043,19.304501193705168
676,na,134.57011320784386,134.57011320784386,45.38635047094054,47.36458644405096
677,na,134.57011320784386,134.57011320784386,97.27967226978642,97.27967226978642
678,na,37.96430621022528,134.57011320784386,97.27967226978642,97.27967226978642
679,na,60.037212123776726,73.5173520793385,97.27967226978642,97.27967226978642
680,na,134.57011320784386,134.57011320784386,34.27444562071336,39.001990849356524
681,na,30.774738642134547,51.750268663560455,40.0766148366164,50.870478329610236
682,na,36.527718400864224,134.57011320784386,20.302320918458037,97.27967226978642
683,na,23.593777064378816,31.635797557507956,18.046805240884147,97.27967226978642
684,na,52.6859736495262,55.53512203276257,37.007416129821834,56.06505918901535
685,na,23.346840510461952,30.50265119588078,20.905025291827613,23.999234204978187
686,na,33.30530729909198,50.28610000809625,23.09902038669335,97.27967226978642
687,na,31.874504484512922,49.92461580066907,97.27967226978642,97.27967226978642
688,na,33.2612413881002,36.89990517200608,21.38755834287155,22.330571195954857
689,na,134.57011320784386,134.57011320784386,45.189280792022004,51.881032107008345
690,na,64.03387186103053,78.24077459534388,20.173239672803515,23.611667674280625
691,na,42.97964703929709,56.08107635282547,26.024767118131887,97.27967226978642
692,na,42.824668768257794,70.53678921729409,24.89362633148868,36.67830841226746
693,e,134.57011320784386,134.57011320784386,35.130962970857574,97.27967226978642
694,na,41.094517998018816,46.11445889383933,20.699722919326668,97.27967226978642
695,e,134.57011320784386,134.57011320784386,97.27967226978642,97.27967226978642
696,na,134.57011320784386,134.57011320784386,52.67848767511387,58.26088230543666
697,na,134.57011320784386,134.57011320784386,37.97584653324193,57.078992073847
698,na,26.764733784809817,58.59516005603213,48.521271471982004,97.27967226978642
699,na,42.472640933176805,56.82075775276981,35.915224210557,41.15437084699863
700,na,30.37570506526525,32.450908874583696,21.92722952564315,29.191656414448605
701,na,134.57011320784386,134.57011320784386,97.27967226978642,97.27967226978642
702,na,25.41481293782329,30.990625055783575,22.380686524360268,97.27967226978642
703,na,40.35325787893988,48.77854172556337,17.745642145260195,45.821944702893454
704,na,43.47745498767008,65.0953094052886,21.981145987298028,32.50277949775713
705,e,134.57011320784386,134.57011320784386,45.87736086062601,68.00820594774397
706,na,134.57011320784386,134.57011320784386,41.82007583183809,47.91707532846661
707,na,51.86861596930775,63.07747333898661,26.72041805394216,31.72868881875798
708,na,33.34188185850753,59.70518657527654,8.53239806829651,97.27967226978642
709,na,134.57011320784386,134.57011320784386,28.937950490970227,30.334334112404008
710,na,46.25942727366004,52.49369839419927,16.633498111655694,97.27967226978642
711,na,36.24267726276754,44.08749922406114,17.137755798359958,22.167078112615073
712,na,134.57011320784386,134.57011320784386,97.27967226978642,97.27967226978642
713,na,36.21232579401882,38.04369565830153,29.664573221841994,50.16175783300471
714,na,134.57011320784386,134.57011320784386,97.27967226978642,97.27967226978642
715,na,21.347451285881128,21.824434611328556,2.469852036150704,6.3723211662292325
716,e,134.57011320784386,134.57011320784386,35.541497472507686,97.27967226978642
717,na,29.83574207357382,44.030162685249074,33.110713072477104,42.51953220353108
718,na,134.57011320784386,134.57011320784386,31.257236058481112,31.450068474880418
719,na,134.57011320784386,134.57011320784386,28.86779733263242,97.27967226978642
720,na,134.57011320784386,134.57011320784386,97.27967226978642,97.27967226978642
721,na,134.57011320784386,134.57011320784386,20.20405251886766,97.27967226978642
722,na,35.27309025776936,42.86711514959547,9.779280026675279,97.27967226978642
723,na,134.57011320784386,134.57011320784386,97.27967226978642,97.27967226978642
724,na,27.503001831318393,33.9201611764452,32.771867685649354,44.423907422806394
725,na,35.94917908125728,41.34480347172341,31.80199763522108,57.229690433870374
726,na,56.85046274990803,90.34388764836042,97.27967226978642,97.27967226978642
727,na,38.44829606206045,52.19017546747671,32.46119727976913,35.444259313951406
728,na,28.840009210476452,40.83171175292301,23.665362613393178,24.273378709697347
729,na,38.94175400129843,45.47116940923202,17.40615816534169,23.71029283607733
730,na,134.57011320784386,134.57011320784386,29.053396124607122,37.30996065770706
731,na,38.68101639538695,52.24879392922996,22.046418606555612,27.06361024397133
732,na,32.126265555082206,49.71743151697188,29.29977266320445,29.447012059685985
733,na,43.26767988343503,50.90641168660063,30.09197731919554,42.687195767927314
734,na,55.909020196733806,57.33174006023309,41.30257505194456,72.29061879250334
735,na,38.59987389544665,39.1626160947755,24.719652834115955,44.43809432923976
736,na,37.13810419538854,37.75193721544067,21.55736538849464,24.630867318660915
737,na,37.13092738711226,46.843477796729054,21.76617457028159,28.35940956447477
738,na,30.548331132726744,46.357093570002384,25.182647824327873,27.02574312219759
739,na,134.57011320784386,134.57011320784386,97.27967226978642,97.27967226978642
740,na,3.488362702142987,8.075118234689459,21.9106465589377,24.949761730540235
741,na,24.929879497320023,27.08670030471084,25.619869771317237,27.831707876821003
742,na,34.78965214735836,39.084974749679674,17.890372805540007,23.779802381835562
743,e,134.57011320784386,134.57011320784386,50.57184236547719,96.74919885163803
744,na,134.57011320784386,134.57011320784386,18.310354874787464,44.50771288986436
745,na,24.462216005025805,34.3087376875843,26.509791197683324,30.15569045514054
746,na,92.10696355073198,119.04438160961145,12.510150417546745,14.9610041562626
747,na,43.82129901441603,46.78625472621639,41.06819970252282,97.27967226978642
748,na,134.57011320784386,134.57011320784386,97.27967226978642,97.27967226978642
749,e,134.57011320784386,134.57011320784386,47.08198751884139,68.53199316972851
750,e,134.57011320784386,134.57011320784386,13.076156109212851,16.628151745937064
751,na,39.25714339846594,50.123044209074024,26.09266542230827,27.06794626723421
752,na,11.649412888099103,15.337618386564488,16.70382924339057,20.93472393591136
753,na,29.512955249812478,134.57011320784386,20.87836968207994,21.623821093931124
754,na,23.46553895296737,134.57011320784386,21.80319829752653,22.70939402430766
755,e,134.57011320784386,134.57011320784386,22.51671966485994,22.769687967849347
756,na,50.18085648842,50.784345871172334,32.32470640922703,50.96526963050299
757,na,24.467907321612714,26.341493963476896,25.663656981014434,40.917317254869964
758,na,134.57011320784386,134.57011320784386,21.516415088583813,35.793269096666755
759,na,134.57011320784386,134.57011320784386,97.27967226978642,97.27967226978642
760,na,35.949570130950626,41.73212601419194,29.317800216091666,29.47201861654982
761,na,30.150602027153447,47.16028322722786,32.490629866305625,43.02727366347176
762,na,28.653068811738397,33.47329171975109,24.82848433562483,31.20436935812815
763,na,40.29739522563818,59.91989226065323,25.599338501936646,29.528793766189334
764,na,36.092383014956255,39.380872397221594,26.820826786922932,32.071185802107074
765,na,64.04505232633012,72.82495037960815,21.297630643751635,30.827087750808065
766,na,134.57011320784386,134.57011320784386,46.09787976318057,57.752107868444725
767,na,134.57011320784386,134.57011320784386,32.91082783506983,34.98124590175009
768,na,47.368024290438946,56.59134705473071,36.00396067956272,65.2959322689919
769,na,27.60779480674081,30.998263146905963,16.25468391694869,44.89197698565535
770,na,22.178602608114602,25.26150434064177,21.643085064543982,24.316032036981344
771,na,134.57011320784386,134.57011320784386,41.55369947364228,56.642903152803854
772,na,54.423347436628674,76.20512123159514,41.28487013629988,41.68068429404818
773,na,41.04917263306952,45.58964761311888,39.43211216911509,56.796988182785526
774,e,134.57011320784386,134.57011320784386,57.21246188302692,85.15821738126509
775,na,19.71689664820771,22.865653921170022,21.176844467589714,22.44283959865196
776,na,134.57011320784386,134.57011320784386,27.711077130544957,39.397448700657755
777,na,134.57011320784386,134.57011320784386,34.159426109117284,34.30706108995904
778,na,20.80048018446787,134.57011320784386,21.605385205516594,97.27967226978642
779,na,22.56662723296225,134.57011320784386,24.69388436789431,67.83569528888722
780,na,72.84560815396777,85.85605794286256,36.03299598307325,42.55186588536672
781,na,17.178056990949244,17.35047857417539,21.431317975668968,24.670028955895695
782,na,24.3404738969122,29.892488344696336,17.571656203233022,20.617547164035376
783,na,34.54141452437483,47.13702296267239,25.856205875625285,32.18864759276076
784,na,38.31629893639605,134.57011320784386,37.56738631938487,49.114375392140715
785,e,134.57011320784386,134.57011320784386,97.27967226978642,97.27967226978642
786,na,27.754487337097075,32.818180029804786,25.563203403513565,28.62267773498985
787,na,134.57011320784386,134.57011320784386,41.521843373135646,97.27967226978642
788,na,26.761161858196573,39.791653431408434,15.858331327056169,20.13290243469329
789,na,28.120938188231595,31.985887333892606,33.22836689391955,38.413264630701185
790,e,134.57011320784386,134.57011320784386,35.28291280888379,35.890519500006704
791,na,26.018869860123175,38.03997587649326,19.249198403285984,22.379203665333844
792,e,134.57011320784386,134.57011320784386,97.27967226978642,97.27967226978642
793,na,134.57011320784386,134.57011320784386,31.049550344837392,63.79622345364802
794,e,134.57011320784386,134.57011320784386,50.924212778400324,97.27967226978642
795,na,14.686223713053785,30.691416959449942,29.307031980913713,40.76465318991346
796,na,37.60093884707483,134.57011320784386,14.023782173259729,18.856328755819515
797,na,34.49944215462688,134.57011320784386,97.27967226978642,97.27967226978642
798,na,60.79648497200105,78.80205482202723,23.14974212143936,23.45560806820322
799,na,134.57011320784386,134.57011320784386,64.7933961338214,73.01972781856888
800,na,24.871950430526162,40.86885980634082,33.70794028604583,35.11046097310349
801,na,97.04516346556393,116.08752573374176,24.850588450927923,28.16282193126353
802,na,134.57011320784386,134.57011320784386,37.074050146197116,43.494911736585976
803,na,45.80078852781741,134.57011320784386,29.95853102082885,40.200568462589985
804,na,37.4170957709678,134.57011320784386,33.179473151232436,33.36284909078924
805,na,56.204812995088666,73.84572562570962,8.846479141213328,11.443279657508182
806,na,45.412589041753314,50.22776177859477,53.26683347122286,55.810981780104726
807,na,33.01156857933407,34.05447780638352,20.106670541248327,23.14382076648798
808,na,10.436372015206713,17.8546419180928,14.466171434549512,97.27967226978642
809,na,43.95149560512201,61.13485174418879,30.933117852040343,33.59601431735673
810,na,38.02998409924084,39.48661429340586,57.205179049045974,64.64457451743087
811,na,34.794947356172955,54.60682968662479,29.18960800724596,33.74364564745719
812,na,134.57011320784386,134.57011320784386,36.807852247673274,42.315156630065026
813,na,14.659548771297443,25.361717246256866,97.27967226978642,97.27967226978642
814,na,18.686681011052546,134.57011320784386,26.063940768044652,26.102285255326287
815,na,134.57011320784386,134.57011320784386,25.38929922967144,97.27967226978642
816,na,134.57011320784386,134.57011320784386,97.27967226978642,97.27967226978642
817,na,35.40280964081018,44.968654768335405,47.9330105117857,54.036930832381096
818,na,28.593151829263824,134.57011320784386,24.927600946202205,97.27967226978642
819,na,31.229176284037287,38.898682383471936,22.96561422475812,30.498314616704974
820,na,45.112291651642515,67.442400119051,37.381370195155164,38.259858031604914
821,na,134.57011320784386,134.57011320784386,34.04324729133093,40.74493582372807
822,na,32.89768523415208,134.57011320784386,28.216960081523972,97.27967226978642
823,na,22.46991893870324,25.711234968097834,33.72089707169958,52.061703038591084
824,na,27.60290994978722,30.736976315824684,5.747412748379553,7.671036197660756
825,e,134.57011320784386,134.57011320784386,27.604176577858777,97.27967226978642
826,na,56.434776087338335,134.57011320784386,22.575802718656238,24.019002288342804
827,e,134.57011320784386,134.57011320784386,22.6131307660833,23.864137902454868
828,na,34.58245360580418,36.73176457498482,19.117838490771078,23.666927058745117
829,na,33.31697189969373,34.28267511460339,20.813412722363697,23.713987768232577
830,na,46.40586515593568,47.38967262725611,41.52574605101641,48.4192415115486
831,e,134.57011320784386,134.57011320784386,97.27967226978642,97.27967226978642
832,na,29.36518121805026,40.3808029826874,25.50842000037776,34.66583090541157
833,na,134.57011320784386,134.57011320784386,24.139090470935287,32.68099952420653
834,na,134.57011320784386,134.57011320784386,97.27967226978642,97.27967226978642
835,na,52.09445136355863,52.97416272100199,29.986042981814332,34.969444040385575
836,na,26.600407215632803,134.57011320784386,7.737503078541835,9.219400982825851
837,na,134.57011320784386,134.57011320784386,35.64907651765029,46.97493128562511
838,na,22.990447589631273,26.05311346291768,24.325286636588388,24.681448768967588
839,na,134.57011320784386,134.57011320784386,97.27967226978642,97.27967226978642
840,na,24.72610777686101,35.16064264199925,16.82310989341523,28.334487773504033
841,na,25.963995029839612,32.90935206174736,18.906767941140206,97.27967226978642
842,na,32.3005943045776,33.28140835220857,15.261251593748026,97.27967226978642
843,na,134.57011320784386,134.57011320784386,25.418979183696983,38.86031852837664
844,na,24.039088319848865,43.726451044938244,30.26619035274289,42.46503392987905
845,na,30.77184232940652,31.11429863127712,21.500035040226653,24.066138746557836
846,na,28.631404043574648,134.57011320784386,22.162410586618204,40.554082121173366
847,na,46.22389877243015,54.14610926285715,41.627700600320104,41.79644077570532
848,na,134.57011320784386,134.57011320784386,35.422621795066775,40.05446849961364
849,na,42.31530103691576,47.13396517129803,97.27967226978642,97.27967226978642
850,na,48.06104700085709,55.26924857761645,40.189360623552375,48.21153648246375
851,na,35.50178629583796,46.73277831365876,24.17981732956098,97.27967226978642
852,na,27.562691749188467,31.43281409867399,19.189101388826064,24.15116948024279
853,na,134.57011320784386,134.57011320784386,46.89138643446874,57.009379540950924
854,na,40.78314613991489,134.57011320784386,97.27967226978642,97.27967226978642
855,na,134.57011320784386,134.57011320784386,30.116809451510505,40.568051131992
856,na,17.99314048131439,25.17060402252642,26.57392237289215,46.98355426205514
857,na,60.34246177698625,86.48781972841242,31.59826402736924,33.38340951739553
858,na,62.254488987817844,134.57011320784386,97.27967226978642,97.27967226978642
859,na,28.65111066644006,31.74514348356469,15.921638909380787,17.708087077981318
860,na,31.615577283085184,40.8871638379312,25.82115201847334,27.660665555173583
861,na,39.19982855275021,134.57011320784386,17.51277919737388,20.567243562827745
862,na,37.20964395092608,37.79922816415556,26.973910252740485,32.98616937449437
863,na,53.88541598249774,60.80873007627935,51.27342193958312,97.27967226978642
864,e,29.445045723743153,39.49938570461286,17.454555586749848,44.347246021763
865,na,134.57011320784386,134.57011320784386,8.397526907593535,22.635151283136526
866,na,37.199799489717044,39.08920353750132,97.27967226978642,97.27967226978642
867,e,134.57011320784386,134.57011320784386,97.27967226978642,97.27967226978642
868,na,38.299209793686344,38.575332142276515,30.218500446114994,35.53836128789092
869,na,38.475081455968514,38.754247185833826,49.384424598162575,51.59142502594906
870,na,27.34890234949681,63.237306610895004,97.27967226978642,97.27967226978642
871,na,134.57011320784386,134.57011320784386,97.27967226978642,97.27967226978642
872,na,15.222831930042373,58.3531020803385,19.550714164808067,19.798286719806164
873,na,20.9379537205113,22.64863362623673,97.27967226978642,97.27967226978642
874,na,41.97463248811364,61.504709110075794,26.64995658682175,43.303275050699995
875,na,41.66411106089376,43.579509878864414,28.293536714337524,45.32487940628347
876,na,134.57011320784386,134.57011320784386,40.03223056713779,97.27967226978642
877,na,39.90631947164463,49.31165520836986,34.9917696214493,52.65009291278961
878,na,27.827477627611824,28.881978917524965,17.559340071181808,37.74231935017118
879,na,75.73282189338038,89.4393540114549,97.27967226978642,97.27967226978642
880,na,4.015120760149754,26.248152355781826,19.789506815201445,97.27967226978642
881,na,37.07537619278111,134.57011320784386,22.32303359089728,28.7518974830643
882,na,42.12107940153472,66.25663050108312,46.02052010738488,46.89258511143548
883,e,134.57011320784386,134.57011320784386,23.640213555781433,41.91102340254306
884,na,30.744377480360598,33.88910207057886,17.65858010511014,41.61978883240097
885,na,27.127940947534253,28.823725954375167,24.558762290073503,97.27967226978642
886,e,134.57011320784386,134.57011320784386,44.61205177922084,62.3663329616295
887,na,37.632296925520976,44.29363699598008,24.64400645524198,27.834663569924
888,e,134.57011320784386,134.57011320784386,24.990638179877067,97.27967226978642
889,na,21.322654122306602,38.20413122038264,22.986595455202185,34.45977523738879
890,na,25.603424424914067,42.71083901473257,23.957797901867057,35.710231116205584
891,na,29.311419264192764,34.69342213263136,97.27967226978642,97.27967226978642
892,na,34.73721909905933,37.99462593553211,29.700789519000107,40.80864384527653
893,e,134.57011320784386,134.57011320784386,18.65754256165196,24.960209723131744
894,na,134.57011320784386,134.57011320784386,41.58550641362824,97.27967226978642
895,na,32.55307366565891,32.783092546894025,26.934561822863305,36.20581368813185
896,na,25.037730502960773,30.092303111400096,30.44750463521389,44.32552133532093
897,na,24.286517665236723,28.638862105849846,21.301716021070725,26.085904061429027
898,na,36.398820897515336,47.81861789144193,18.79699830833393,18.975784748441956
899,na,42.80724841675404,48.89174828292106,19.53270332286044,22.366525203569193
900,na,3.418860365753499,6.298396849947287,37.15314401236375,49.11399792867477
901,na,23.592958781498094,43.91475905945266,31.834311750875695,97.27967226978642
902,e,134.57011320784386,134.57011320784386,32.91825995486087,43.21704083317254
903,na,0,9.151144603815018,0,7.206678919442341
904,na,22.75058923643333,33.36378296626696,13.732619446157443,18.64192772186243
905,na,19.30402744968942,31.317913279014363,9.802529366888582,11.04183791175794
906,na,30.47535535984899,47.95368240616245,16.837838862316737,33.96964326110683
907,na,134.57011320784386,134.57011320784386,5.501866006144039,97.27967226978642
908,e,134.57011320784386,134.57011320784386,97.27967226978642,97.27967226978642
909,na,41.98075484753249,50.43981452225372,24.712701493805245,47.69766734003477
910,na,25.656994589892264,29.24555132300587,13.500055231511698,19.355481605022508
911,na,27.13456815367204,37.271946276881,27.80515424656948,31.359107905943205
912,na,134.57011320784386,134.57011320784386,39.22367370529489,51.48630719544204
913,na,21.49274764798128,29.857742331126744,28.178696105129816,41.35573885061849
914,na,0.5476346858313158,7.617430097444931,0.7839127789641955,8.12016247817507
915,na,32.40493037983528,56.30910548259817,35.89654118491875,39.921329715417215
916,na,31.46961863089017,34.915324579944894,37.10983422692824,40.679425709838505
917,na,60.987084798736966,69.53378754997587,36.531719460373644,42.2147249180858
918,na,31.322199680237993,48.64778858916103,10.292893692222258,34.130329165559296
919,na,47.34295811142489,56.99886953093279,78.9255604283189,85.76070842894103
920,na,22.276744032137984,26.500413172834495,35.55379221407338,42.45453621037901
921,na,134.57011320784386,134.57011320784386,30.020671898930555,33.14124956692526
922,na,24.377459607088383,25.715588084722857,16.134869248428547,18.016667601500263
923,na,26.053504159665543,35.49649796707154,23.100994659151503,25.503252225669463
924,na,24.42614168158512,45.78562834968883,8.32859541072337,21.868325277338727
925,na,134.57011320784386,134.57011320784386,97.27967226978642,97.27967226978642
926,na,29.00738756194198,134.57011320784386,3.653130510725959,7.549110030368484
927,na,134.57011320784386,134.57011320784386,97.27967226978642,97.27967226978642
928,na,48.83246316275577,73.6289015850976,60.090439803011904,80.75251225188669
929,na,51.71609668636757,52.29408341242348,27.051307319854175,36.25198858152674
930,na,42.667079830457865,50.73591130908188,30.53250970908526,31.681709140603473
931,e,134.57011320784386,134.57011320784386,6.813038474060164,8.216793102017482
932,na,49.85463791357722,67.17986418288187,37.218992147499485,93.93231976759238
933,na,37.728171965997426,38.75716159505999,21.835872942888226,97.27967226978642
934,na,28.541544756944777,34.18194220491603,17.67627886569557,24.195396801519188
935,na,24.090613607451218,55.64574804361773,25.10112006858471,34.557246062254656
936,na,53.29060868545003,55.24509351236475,40.889256382026716,45.72674996912145
937,e,134.57011320784386,134.57011320784386,97.27967226978642,97.27967226978642
938,na,59.663194383431936,66.97559939071346,48.156038655030216,59.89202150546272
939,na,48.109013935378286,134.57011320784386,97.27967226978642,97.27967226978642
940,na,134.57011320784386,134.57011320784386,97.27967226978642,97.27967226978642
941,na,35.88640919951046,49.43563330624953,33.881610944935865,38.182200893380084
942,na,40.20602760832965,44.74864819160163,29.782565705306,29.802053638582546
943,na,134.57011320784386,134.57011320784386,34.63032647308253,97.27967226978642
944,na,27.90669730151624,30.433548869084145,30.42944414464964,32.693397133827595
945,na,8.754480487418402,15.013986242301895,23.415116355503773,23.803797513662808
946,na,134.57011320784386,134.57011320784386,45.65768383980603,52.22419773789565
947,e,134.57011320784386,134.57011320784386,34.885997217338094,46.58880369934301
948,na,36.16406287267033,38.60117017337749,13.291220171251197,97.27967226978642
949,e,25.583724283993654,134.57011320784386,24.8313540991541,28.691634560287678
950,na,134.57011320784386,134.57011320784386,21.00980011887835,27.475610122694434
951,e,134.57011320784386,134.57011320784386,40.24520250424264,97.27967226978642
952,na,134.57011320784386,134.57011320784386,24.4666202470628,97.27967226978642
953,na,24.343489805927348,44.43787180477856,17.981463750645847,97.27967226978642
954,na,44.06814384546137,73.4147085932022,26.898041113686137,52.70184573387155
955,na,39.419668446569474,40.86553620217898,25.939423135997888,36.08745135945901
956,na,32.68496539747427,36.50202923600748,97.27967226978642,97.27967226978642
957,na,56.54236154367469,63.683363605902514,26.3835000471317,30.292271516802916
958,na,134.57011320784386,134.57011320784386,97.27967226978642,97.27967226978642
959,na,134.57011320784386,134.57011320784386,14.347050738815517,97.27967226978642
960,na,47.81227329061617,50.46341095943206,21.483976733840258,97.27967226978642
961,na,27.608770117361477,44.58361098704115,24.882503790355894,31.68466637232272
962,e,134.57011320784386,134.57011320784386,28.949965899780047,97.27967226978642
963,na,36.26843000814841,62.467063878467464,26.422575478097624,97.27967226978642
964,na,57.109431985067324,57.71009071047987,51.07388866096663,67.1392022020199
965,na,36.10345157096081,74.07494213271441,18.992424186703428,97.27967226978642
966,na,12.680409192218931,13.06593522368363,20.29184610211259,24.717753844329884
967,na,26.424404554589458,30.90276976366488,24.83246352140875,35.28818351484604
968,na,50.1261317878293,54.035477752822466,50.092203207505804,53.26952933454162
969,na,38.034037158536485,39.065725660869305,33.80050597728503,39.99697937978161
970,e,134.57011320784386,134.57011320784386,38.728970199674286,54.57585214565548
971,na,134.57011320784386,134.57011320784386,67.94317087529014,84.63014314283494
972,na,20.76764943474344,29.619401153682944,19.26769308502262,97.27967226978642
973,na,134.57011320784386,134.57011320784386,43.76396980419306,97.27967226978642
974,e,55.37874767635945,55.82249527130493,97.27967226978642,97.27967226978642
975,na,86.32148353167749,94.45316707652678,35.04602853906607,50.53680016010536
976,na,134.57011320784386,134.57011320784386,97.27967226978642,97.27967226978642
977,na,63.809665180239904,100.5499843127362,97.27967226978642,97.27967226978642
978,na,134.57011320784386,134.57011320784386,30.658206588564646,40.89151367332213
979,e,134.57011320784386,134.57011320784386,15.052819255055306,16.82819079630302
980,na,37.46253551796678,48.97539476099405,27.17097915187185,39.94105024847558
981,na,25.076337224539806,37.32549507706263,36.8684002868199,48.6807772643879
982,na,69.11133024217794,77.29177594690589,97.27967226978642,97.27967226978642
983,na,33.65574026674286,36.252216939447116,46.53183200041277,64.73357773621997
984,na,51.87053573426283,63.295412800549435,42.0573590253971,58.883780289833666
985,na,32.0469955829932,53.1621299673321,61.869887584494265,97.27967226978642
986,na,134.57011320784386,134.57011320784386,97.27967226978642,97.27967226978642
987,na,36.15485697700398,46.372857927111085,31.746884600264835,35.62482112700087
988,na,46.49650243549578,48.12105135836138,97.27967226978642,97.27967226978642
989,na,27.969011010077995,40.35865649802684,14.724361530194411,65.72359534366755
990,na,35.4365001675237,44.32106874516024,35.825017120926525,42.10412936863077
991,na,32.382240459538565,51.361498614537275,23.47952280834652,45.868394002235796
992,e,134.57011320784386,134.57011320784386,23.063932453845663,36.62128333625086
993,na,134.57011320784386,134.57011320784386,97.27967226978642,97.27967226978642
994,na,35.82217177883391,45.9077285334172,15.00909032057526,17.54453997435467
995,na,30.295587830792446,60.67809270837403,12.170708226193291,17.651584159269376
996,na,16.33161590461574,16.619043516016458,97.27967226978642,97.27967226978642
997,na,31.528984716217597,33.84897770195065,22.91245524596804,26.740495791361944
998,na,42.110499284641406,62.499954406129085,20.528511240510632,97.27967226978642
999,na,22.2489501605972,37.50358835884154,30.911096458578236,32.70693916056633
