node, assignment, time2inf_trt, time2death_trt, time2inf_con, time2death_con
0,na,107.89798694807101,107.89798694807101,101.49121911975942,101.49121911975942
1,na,0,107.89798694807101,0,7.0489598598119985
2,na,0,24.632650795621373,0,101.49121911975942
3,na,0,1.807480347804957,0,10.57514583738329
4,na,24.677240149981365,26.379704454539905,39.88312745492414,51.92656604522831
5,na,12.357306495191025,16.653123296335146,27.754241247262275,42.88545660591315
6,na,16.042268716700665,19.802832973412315,15.583037917110591,19.051621252671247
7,na,43.51173571305799,56.99194386241626,24.527679448888847,46.9472204557571
8,na,10.279112548329438,107.89798694807101,3.260134241053349,8.005966708934565
9,na,22.15115577109898,30.330859117395498,26.336057182453082,101.49121911975942
10,na,18.277956977229532,107.89798694807101,42.3036043115396,42.75225913491563
11,na,27.934684597559063,31.26655696492087,43.46726018082566,101.49121911975942
12,na,29.11988455579849,41.08612555627858,32.33790518175909,40.25995120337638
13,na,30.33827592759865,44.897942958202464,101.49121911975942,101.49121911975942
14,na,6.732351406023105,16.28704906607702,20.484029408597973,34.87613694709867
15,na,12.472401681003952,30.171711124052266,17.726353617178265,19.052594241672807
16,na,107.89798694807101,107.89798694807101,101.49121911975942,101.49121911975942
17,na,30.934231600073744,32.48681264520464,30.657975536296142,33.54414126688543
18,na,24.394467996425103,44.17545393911051,101.49121911975942,101.49121911975942
19,na,19.826732004291006,30.042799385707497,40.32931112931004,60.950029003411046
20,na,12.889945238462996,19.400643297822764,20.420056764712058,33.19436173944479
21,na,19.699911147934138,107.89798694807101,27.02417923892299,31.810342572798604
22,na,41.41735502028809,107.89798694807101,101.49121911975942,101.49121911975942
23,na,27.699173648740867,28.865663214217538,24.273512297712386,33.50930827355798
24,na,20.319267067520517,25.28600664849302,49.61705364492435,53.24812388480462
25,na,20.639441713610093,21.898414423982537,20.967480289250847,101.49121911975942
26,na,35.92481103621993,40.45713941350169,101.49121911975942,101.49121911975942
27,na,107.89798694807101,107.89798694807101,20.096502847222805,36.04360349839563
28,na,19.284958232814123,20.07072549820754,9.13826120496344,17.609569126170225
29,na,24.474983144628784,27.809946709431607,22.860881192818937,101.49121911975942
30,na,23.612826403094964,25.19693288688718,38.99781053773977,46.59692053810259
31,na,13.916636794837142,15.05134706311821,31.937903105119975,38.93438881152548
32,na,107.89798694807101,107.89798694807101,101.49121911975942,101.49121911975942
33,na,18.979356489545648,40.11627672274854,30.207731755683703,101.49121911975942
34,na,38.81522931252753,38.92816728035648,19.731856999364716,35.86002641023663
35,na,4.830311422991684,8.967704987323128,13.464071700422343,38.2224931984442
36,na,28.278381396917283,31.018740702642603,50.337173356206634,57.72604154462447
37,na,9.635264039465854,19.033248839301258,28.80472258621582,43.87752356073918
38,na,12.838713654455878,13.352994345182829,39.81072036996442,44.268672725600226
39,na,22.422899267895406,50.617406320126314,19.663678786532184,21.835262033957687
40,na,23.80091949145141,107.89798694807101,25.573719065105465,27.0380083086393
41,na,9.59424905087336,107.89798694807101,31.06812196752,101.49121911975942
42,na,22.04076056484238,33.46270946595828,21.79772492764694,101.49121911975942
43,na,6.778091892219003,15.091284343734028,67.71112173443109,72.76847968241263
44,na,11.700066969458572,12.638885374998384,30.794407057971934,33.59747385658189
45,na,26.690937324225157,43.87061488558459,35.47942533978708,45.04699730483292
46,na,107.89798694807101,107.89798694807101,101.49121911975942,101.49121911975942
47,na,107.89798694807101,107.89798694807101,35.65885772571754,43.30459163828081
48,na,15.368358050491658,20.673021486712262,26.559496823781988,42.51800618465717
49,na,32.841199335704665,35.12536915446498,27.303179200569275,101.49121911975942
50,na,13.746454084769223,15.0065407276806,19.317559415684496,19.67859204142564
51,na,12.373589045484852,107.89798694807101,18.607786251140347,62.35288458280705
52,na,16.34122008470423,49.72300462602536,34.87980844953629,101.49121911975942
53,na,36.34525966997558,40.7703044880464,35.800628654530335,36.135673396271535
54,na,20.011958049831616,29.88481479527071,24.462751555782425,25.422879978621353
55,na,17.6657912237879,29.517075949297013,27.689324143619725,29.935565809165396
56,na,34.12813456147167,81.91002616341066,28.02349123134214,39.80569570923513
57,na,22.489402584017615,24.38762922478311,22.861606202457764,28.937592674554647
58,na,34.06226466583214,38.05723205456845,42.218020186844996,101.49121911975942
59,na,23.43613862729535,26.802405483102493,23.220565584574537,24.639857863664997
60,na,107.89798694807101,107.89798694807101,39.03274348940334,47.90532171947718
61,na,24.237070874952416,41.5025267843119,28.056717441027182,42.04239956237743
62,na,58.1345185665877,70.42533143550267,26.85543790866243,27.879817456828366
63,na,24.799161786405673,107.89798694807101,101.49121911975942,101.49121911975942
64,na,15.988913808393132,23.012857887861063,22.93021379261629,32.270692949020535
65,na,107.89798694807101,107.89798694807101,101.49121911975942,101.49121911975942
66,na,34.4751446466989,57.4795190279763,21.915224562577116,28.105033435688686
67,na,10.854626347987114,13.898417266604207,18.92972251902136,36.06758391076631
68,na,107.89798694807101,107.89798694807101,35.4564788904549,39.00601518441646
69,na,54.11867847735772,67.04755453677923,101.49121911975942,101.49121911975942
70,na,107.89798694807101,107.89798694807101,27.6859169833491,28.548887905710828
71,na,28.545439767639454,42.45417259440306,22.91341444331369,33.97712093831176
72,na,29.743238419382468,33.6462792193892,30.910171959542936,32.93801388856086
73,na,12.704626862281797,16.454824170771804,28.862960170848094,32.7789539416938
74,na,15.151953845708462,107.89798694807101,23.523926312357386,25.54913865002914
75,na,15.496453576277116,19.623220777481038,17.724683535360075,21.532534331978848
76,na,27.745329692318922,40.956475820837326,16.228684318083225,101.49121911975942
77,na,20.63272265536641,107.89798694807101,20.078419465940375,20.50175413512293
78,na,29.070990727123167,41.53721277569189,101.49121911975942,101.49121911975942
79,na,107.89798694807101,107.89798694807101,101.49121911975942,101.49121911975942
80,na,47.999461152711504,69.58657115347955,37.28726307408022,44.8805959008308
81,na,8.002054853125223,17.47489554788234,51.265242214947335,58.309484230923644
82,na,48.9401726043634,107.89798694807101,25.562759384378676,38.600841555482276
83,na,107.89798694807101,107.89798694807101,31.51214216106357,32.385909018967695
84,na,17.56903762162764,26.512240972037304,19.15928451017491,41.133712385422406
85,na,107.89798694807101,107.89798694807101,44.18418863497787,47.021232191172494
86,na,3.2068703483512144,13.323114177494944,7.122971614776464,8.792068069101969
87,na,12.365834781471374,15.30859130051962,19.46459074510386,63.61377533663896
88,na,5.680440057748645,23.552849334563145,22.99718391257693,45.922061121228005
89,na,12.014564782272732,107.89798694807101,16.183788597643726,25.338343932055004
90,na,33.960095055109015,35.42640780905455,23.349190944292125,32.19680266669775
91,na,20.708944829338822,107.89798694807101,31.47071510451312,33.42458807894562
92,na,107.89798694807101,107.89798694807101,101.49121911975942,101.49121911975942
93,na,107.89798694807101,107.89798694807101,101.49121911975942,101.49121911975942
94,na,36.37601290673097,107.89798694807101,19.959603114808402,20.097180840747267
95,na,19.377216587487958,32.768592302516055,101.49121911975942,101.49121911975942
96,na,22.94652974427606,31.441324348605043,32.40689645060603,40.41406519584047
97,na,28.25058585211458,28.784023437651843,39.27074493023023,101.49121911975942
98,na,15.312027792981663,107.89798694807101,26.502858924588907,101.49121911975942
99,na,11.641203552709063,12.811307258029657,16.85450997432236,101.49121911975942
100,na,107.89798694807101,107.89798694807101,101.49121911975942,101.49121911975942
101,na,44.731647370861396,107.89798694807101,26.150571127378814,101.49121911975942
102,na,16.37413648246784,22.28901870528691,20.924344722915688,23.64059552703764
103,na,107.89798694807101,107.89798694807101,101.49121911975942,101.49121911975942
104,na,107.89798694807101,107.89798694807101,101.49121911975942,101.49121911975942
105,na,20.774824229389026,21.23617228084715,10.182583391708897,11.229552147343389
106,na,19.014576365769873,107.89798694807101,20.21412172154278,25.427669699787106
107,na,7.20391942922682,7.604431911498171,18.00153563081482,18.26830536237223
108,na,14.732375800176392,19.04560558637179,14.609660479358041,19.9035566701996
109,na,50.95712718155273,60.341874304287664,101.49121911975942,101.49121911975942
110,na,30.442872530404657,35.33857182746037,24.00361870079189,34.29179660802235
111,na,22.654609191162955,32.71081266316814,24.992492918816296,27.72809105102256
112,na,15.698594598535072,22.36261894657939,20.714540241806183,33.895999311876565
113,na,37.69037649311405,57.14566400519078,31.831473969496454,45.72467736174306
114,na,21.294638519123247,107.89798694807101,32.4424563499355,101.49121911975942
115,na,18.451682129417378,107.89798694807101,46.62983507441957,74.61417422151831
116,na,39.682040858948156,59.05891726852136,5.962857894422054,13.903140193108491
117,na,13.187160323423155,26.017135403318687,15.2345240215108,33.940419122988615
118,na,51.37914701222559,52.85847131831943,17.51322599642531,32.65993009905841
119,na,107.89798694807101,107.89798694807101,28.921333183056362,101.49121911975942
120,na,13.264987775359272,13.867746130849682,29.42025007061188,41.522070837282236
121,na,29.97788788532915,33.20387287982017,28.78847742843502,46.81903373654715
122,na,19.53219382743857,25.071448677613752,15.68541180583304,23.623189107031287
123,na,24.202546106620872,107.89798694807101,44.83174520178118,55.89010988791795
124,na,40.38121245572744,107.89798694807101,16.56033241533941,101.49121911975942
125,na,25.51715730264568,38.31267644528099,48.603288113364734,50.66415276304355
126,na,9.266647993000747,23.511804749136143,18.381037434053294,26.49406469819836
127,na,21.22748681507098,42.71876762657525,101.49121911975942,101.49121911975942
128,na,31.696335807172737,38.85972167745945,101.49121911975942,101.49121911975942
129,na,31.51550773179977,37.89796450934812,101.49121911975942,101.49121911975942
130,na,41.28164742090965,60.02427289386022,101.49121911975942,101.49121911975942
131,na,27.44230410516058,35.56377977168479,101.49121911975942,101.49121911975942
132,na,36.215253216197844,107.89798694807101,45.278864236399826,49.20183477214987
133,na,13.975246669321809,26.318147344254385,26.823986650613772,26.88671813694031
134,na,23.73320837115468,26.335842206066232,20.062846428973998,35.279916763208135
135,na,23.99085293020833,107.89798694807101,30.884440111927322,101.49121911975942
136,na,11.629152311984386,29.38301128627844,42.747839009886995,46.78384524437283
137,na,20.58430826113429,42.385047407461926,15.155813188681263,32.38875463669713
138,na,28.12905400636671,28.990956643554647,17.690770832769605,33.33590140497089
139,na,107.89798694807101,107.89798694807101,101.49121911975942,101.49121911975942
140,na,20.129851452304184,31.081109239212427,28.01751778068902,37.209831671156024
141,na,27.558598349878704,33.174207270961894,30.936426934433335,37.86695783770777
142,na,23.84017906558856,28.794367748853084,25.640387055055953,33.08208600819791
143,na,21.565265929562795,107.89798694807101,43.40700581796921,47.32391908402713
144,na,14.950841901879988,107.89798694807101,41.12800326848736,54.70469993080667
145,na,43.96478193887525,63.192073419715726,36.11619154358866,40.50377037942958
146,na,27.360020301245203,36.39213191546515,30.26279555421664,44.420776433912444
147,na,15.294082431576753,36.79200730194173,23.878251747531703,44.06970477158797
148,na,19.783090834431718,20.226496681835332,29.416510510277334,30.267749295161796
149,na,107.89798694807101,107.89798694807101,101.49121911975942,101.49121911975942
150,na,25.24912468271274,49.406784553239795,26.918081884339013,45.02930885908374
151,na,15.943224214493688,32.54503693486836,31.988657168909686,46.10490879795084
152,na,107.89798694807101,107.89798694807101,101.49121911975942,101.49121911975942
153,na,25.30266862725569,27.408918373924173,26.96293778063385,39.94603769562981
154,na,15.871108361759987,19.97059295084184,34.08059053435202,37.856894920130344
155,na,14.699314252903362,20.255109949827816,24.140973810692113,45.85400699871153
156,na,35.527563559228476,36.665684183595104,32.67482600213259,101.49121911975942
157,na,12.610193674619822,14.23301286529752,34.861023570866884,39.80150862633595
158,na,30.451346602236704,46.43299106004414,15.440731261588617,101.49121911975942
159,na,18.85558305777225,107.89798694807101,22.64526291333324,29.81362739081719
160,na,28.322889675238514,28.9905874347656,38.311911121443366,56.927471199929606
161,na,34.38555440458286,69.54447882378173,17.828756292592157,31.92555348959559
162,na,107.89798694807101,107.89798694807101,101.49121911975942,101.49121911975942
163,na,24.360040668565265,107.89798694807101,10.718022070206988,20.571212360849696
164,na,107.89798694807101,107.89798694807101,28.77317265576741,32.20416853449975
165,na,13.259731434994373,16.171016100207233,26.763497724314067,27.26519657586641
166,na,19.85377381064788,26.274987883623194,20.869131346728665,32.41559355552172
167,na,28.50911657783926,39.91822236772182,33.51740093091729,36.77814491834974
168,na,16.20119157412894,17.134755791213845,22.31108295899074,23.393406629354647
169,na,41.712935005664995,47.15186197342088,30.487599020734887,41.108762505830136
170,na,32.299417332428504,41.27760977422799,40.099768782814074,40.89102528834076
171,na,14.519231969203254,39.62757394871636,27.958458723768327,31.971268520166806
172,na,29.481744887752857,32.054118834008186,35.64639410854552,43.74704025630355
173,na,31.478029683812586,69.24624025114828,101.49121911975942,101.49121911975942
174,na,107.89798694807101,107.89798694807101,39.53005834247233,101.49121911975942
175,na,30.345696475393293,32.35821162357503,13.210500124650128,20.058274382641027
176,na,16.992704141864806,32.52242213859378,46.76419007062238,68.01172028998485
177,na,28.20451222006279,41.899478121090716,39.148458491382705,48.58817335869706
178,na,23.90356466221425,34.01719080954969,31.889271503469033,101.49121911975942
179,na,28.406314614990524,30.725729631570157,101.49121911975942,101.49121911975942
180,na,9.060973135824701,10.192642862372775,46.74938122400075,48.55015421726484
181,na,107.89798694807101,107.89798694807101,26.175535722314432,101.49121911975942
182,na,29.107253496394797,34.08625188833273,27.17488891288317,29.7373449777499
183,na,37.20603801838923,41.601809372706555,101.49121911975942,101.49121911975942
184,na,107.89798694807101,107.89798694807101,45.40293836995767,53.346951070071086
185,na,24.148461003926496,30.184055725148593,22.498829629682394,27.739156779036097
186,na,32.10104105144309,37.74281086026076,101.49121911975942,101.49121911975942
187,na,64.6095420961185,67.7962887269513,101.49121911975942,101.49121911975942
188,na,23.748581787279903,25.984936090285455,17.736745932497378,18.96718506268055
189,na,21.130051870387376,26.159107918297313,28.0733145643778,36.90028915297609
190,na,8.304491350382692,25.77538447777543,15.534461867736063,24.595373535859828
191,na,23.894159415094908,25.790702546795167,101.49121911975942,101.49121911975942
192,na,41.67665149950022,48.26801004762479,46.10046147278491,54.51604884727069
193,na,23.026037778892213,32.43847426977102,55.0868497926364,59.273454890227704
194,na,7.726710801153944,12.519208814933473,21.477147614030788,22.29963706733378
195,na,21.440268267159926,24.911663768249337,21.373937030583633,47.98083743557535
196,na,107.89798694807101,107.89798694807101,34.06031128955153,45.37144436867479
197,na,28.93719252613169,30.400246113758115,29.6712998557595,101.49121911975942
198,na,107.89798694807101,107.89798694807101,33.45384398344303,43.58990824403573
199,na,25.977085159003064,28.714278434819423,33.728507922076545,43.370346050604084
200,na,29.034694128243917,107.89798694807101,101.49121911975942,101.49121911975942
201,na,22.66353748832635,32.564110319845156,34.14244118808769,101.49121911975942
202,na,31.019066790072692,37.30147384862815,101.49121911975942,101.49121911975942
203,na,25.270384572898266,34.82889116916796,40.76499769028118,45.689229433249686
204,na,107.89798694807101,107.89798694807101,20.024243302052664,23.356962211222175
205,na,15.280636290627614,107.89798694807101,28.809176713279747,101.49121911975942
206,na,27.966876953415046,36.43962047580029,22.194487303798848,27.53335009696989
207,na,32.488895196201206,37.37095253622372,28.429327276585603,33.18030671460386
208,na,27.195998725311167,46.24133672299736,19.158269426545548,30.39676399300724
209,na,13.920804934456264,19.52482155961064,32.65527736120169,101.49121911975942
210,na,107.89798694807101,107.89798694807101,19.96055210419693,24.844550239825036
211,na,16.188683527930333,107.89798694807101,48.00711733787363,51.91758761072482
212,na,52.27279400144799,61.202077269939444,101.49121911975942,101.49121911975942
213,na,18.475068839968564,107.89798694807101,11.130436636055856,32.18209134212741
214,na,18.365356522991803,28.20621736310312,35.45334074293577,38.06023861866141
215,na,22.509860753167207,24.46160208070601,27.214248949130976,28.772844460281174
216,na,47.37731138208856,59.467208784133376,21.305449566320036,28.82240331350001
217,na,107.89798694807101,107.89798694807101,101.49121911975942,101.49121911975942
218,na,23.71422239001086,23.949904360747745,25.775261346895906,26.038002759422508
219,na,17.333712380034633,107.89798694807101,101.49121911975942,101.49121911975942
220,na,26.4891218524671,33.01255129119888,36.51618109800651,49.141264256395
221,na,107.89798694807101,107.89798694807101,31.09547911285465,37.21253636344055
222,na,12.201678646194486,30.2044715920834,12.91086436701985,28.948045857246004
223,na,107.89798694807101,107.89798694807101,101.49121911975942,101.49121911975942
224,na,107.89798694807101,107.89798694807101,101.49121911975942,101.49121911975942
225,na,15.456249429885366,22.80734558635783,33.42686566148499,47.42083103100197
226,na,14.523091202546393,16.61550389165156,27.58349154564942,41.673081762510236
227,na,24.142043529295744,30.25291760955696,27.040500445442998,38.945179788533835
228,na,9.71623745671362,16.056412018114713,16.020093148111954,29.20297525761415
229,na,20.33630275617884,43.028171852567546,28.252283900041785,33.156643314614364
230,na,26.075839420532237,26.703701410211295,33.51732438073614,53.572783142266786
231,na,26.75003420168479,107.89798694807101,41.16209640350493,43.676994607890386
232,na,22.639384438570918,107.89798694807101,20.883404377642066,101.49121911975942
233,na,107.89798694807101,107.89798694807101,101.49121911975942,101.49121911975942
234,na,28.582028672388223,30.04060480912707,20.476599077576864,25.575837316932915
235,na,15.031298230839246,15.786846292182425,21.44623400736591,24.46619418913265
236,na,17.42199818698132,25.520444039039354,25.488576939697143,40.016956834307265
237,na,107.89798694807101,107.89798694807101,101.49121911975942,101.49121911975942
238,na,107.89798694807101,107.89798694807101,32.176585677752676,66.01591182896703
239,na,40.96279291700057,60.17250703982265,32.797484920258356,36.5030675353564
240,na,35.68268877073046,47.79050419621509,48.305027909285634,59.211991716045816
241,na,35.445676655679065,36.832534610790276,59.69222651530591,63.14890596299505
242,na,107.89798694807101,107.89798694807101,66.34465251672852,74.16681434183188
243,na,26.356344625951753,41.162239532533306,30.74645786735988,101.49121911975942
244,na,22.078565509811128,30.907179572122427,37.40509773506743,101.49121911975942
245,na,44.32107599074777,44.77864624108529,31.125158683065955,34.843178571444234
246,na,25.5568931266082,26.472819312398585,23.49223428613799,43.63355077358472
247,na,13.162800509450372,16.33403825531393,13.913529919188752,25.945463862795304
248,na,25.155299118101613,26.22215953349283,37.29158340807123,61.121673577518685
249,na,107.89798694807101,107.89798694807101,101.49121911975942,101.49121911975942
250,na,107.89798694807101,107.89798694807101,101.49121911975942,101.49121911975942
251,na,7.901064909471704,7.98109768305344,29.38492605879153,31.30260384515255
252,na,14.008378969841031,25.29465724566385,25.098165650057346,28.183116109116714
253,na,107.89798694807101,107.89798694807101,101.49121911975942,101.49121911975942
254,na,107.89798694807101,107.89798694807101,101.49121911975942,101.49121911975942
255,na,19.458287607161402,36.72471312377664,30.548470424239657,101.49121911975942
256,na,38.8219765804758,40.72896472520911,24.69605596738337,37.24906522742428
257,na,17.077868949806742,29.59166370973361,20.862237468547196,101.49121911975942
258,na,40.769089373699714,49.117961653968585,33.95852920630803,48.445373516241325
259,na,107.89798694807101,107.89798694807101,101.49121911975942,101.49121911975942
260,na,23.672110248960568,107.89798694807101,101.49121911975942,101.49121911975942
261,na,18.773146503917996,49.849889145668214,20.584902594675643,27.73320552236731
262,na,38.092720446836125,107.89798694807101,22.353511308853324,65.55069081064757
263,na,33.54236974499821,107.89798694807101,101.49121911975942,101.49121911975942
264,na,11.223858668094614,32.230318343754966,29.83226027970037,101.49121911975942
265,na,21.931803958070425,28.261840969857275,101.49121911975942,101.49121911975942
266,na,21.163454157866013,36.084928835353104,23.73527171611012,27.217620308090126
267,na,20.143208249026543,21.070298728413285,24.758759977937558,46.59697395286031
268,na,29.46035928902948,34.2902471587122,59.87360235938785,67.2295331734817
269,na,20.643765966454602,23.67246879947123,26.58842135199887,101.49121911975942
270,na,32.86333696863114,66.18511261908671,31.623572760991213,41.85619036501599
271,na,21.50972152581833,23.37012457499568,16.91633392424198,18.149752386119204
272,na,107.89798694807101,107.89798694807101,29.95004155398957,101.49121911975942
273,na,29.592585826769085,44.60872755135775,50.34194175565002,78.82748617660843
274,na,16.55131243053935,107.89798694807101,28.00104113262041,61.413067416198245
275,na,19.194283150061448,39.252577646779905,17.410119700108023,34.55733830877729
276,na,8.443157955902404,28.086705157406982,18.696381761650215,22.18219613901891
277,na,82.76728916484161,92.22424641997024,18.150166768292483,24.09787728067606
278,na,38.10717498323535,44.82274465776107,29.672312369168722,101.49121911975942
279,na,29.70216753260682,36.38336027188999,17.288366395121198,19.17265688454873
280,na,10.435622279751241,107.89798694807101,25.527232430154484,101.49121911975942
281,na,21.592115929236968,107.89798694807101,30.74073564043768,31.48250215863611
282,na,22.21214283542852,107.89798694807101,49.68953413484516,58.45564818433528
283,na,25.682159293885572,52.37586321521176,31.86838876594359,101.49121911975942
284,na,107.89798694807101,107.89798694807101,45.03481814403976,101.49121911975942
285,na,22.75984279432437,107.89798694807101,17.029768973711242,18.56415728519441
286,na,21.628683192291604,47.44697430106751,21.211441386997603,23.19284912267754
287,na,32.66909527154174,107.89798694807101,31.460987383459724,64.84049314868199
288,na,107.89798694807101,107.89798694807101,101.49121911975942,101.49121911975942
289,na,13.567454651169687,107.89798694807101,24.083792955231026,26.31780236496252
290,na,25.844931090941675,54.18347457157575,13.094010716122797,16.5645648006607
291,na,24.382885472326546,41.9799020744484,29.968547191655833,34.3742771392614
292,na,24.86338052911403,32.19581705379933,24.047443907577577,46.452913918711886
293,na,34.33608312034701,48.507742275095204,24.022019237973467,38.65817821787205
294,na,27.552319945385943,49.7114652720245,30.247748345376177,31.166930055907454
295,na,18.79112889315309,22.384357619541344,45.01558080770648,49.064655552888404
296,na,33.18669507923424,35.59211862385638,23.204580713839484,23.889014486142383
297,na,15.93814138731066,24.78880739271212,24.650428291337814,29.853240399682583
298,na,20.74784445604518,107.89798694807101,26.429619660529198,31.22077231562271
299,na,28.472597361015076,46.680457555758004,22.30764118390274,30.090358036959525
300,na,41.72560429634973,45.97789512022932,40.61637020450605,50.09874682585004
301,na,20.07531437393384,24.29502600259758,23.263682573427953,26.028205945335493
302,na,107.89798694807101,107.89798694807101,101.49121911975942,101.49121911975942
303,na,15.678056862652337,17.740035634941016,33.28364954041792,44.885463543073655
304,na,14.999680996780775,20.47511076956744,34.63892586321383,49.34281464524183
305,na,17.794349484081774,107.89798694807101,23.13025351810913,48.32754442070783
306,na,35.63481626250654,107.89798694807101,41.43341884615448,42.772266507389844
307,na,30.93519681303901,40.52918454799726,36.153940310484394,39.647819073319255
308,na,17.99907039296883,29.48176120359289,24.771578732237337,101.49121911975942
309,na,21.844730835775632,58.26903243800238,101.49121911975942,101.49121911975942
310,na,39.12597165817584,44.947937174545125,101.49121911975942,101.49121911975942
311,na,14.323792199307897,107.89798694807101,25.059599486043872,39.999410810192515
312,na,107.89798694807101,107.89798694807101,21.876750765885074,101.49121911975942
313,na,28.969467241906163,107.89798694807101,24.37165992821727,34.18039184651774
314,na,19.073854276505493,27.934661274318074,24.136200420428665,40.662149325699566
315,na,107.89798694807101,107.89798694807101,30.62566606234601,32.70503914835718
316,na,20.414735098631724,107.89798694807101,25.971219802358743,101.49121911975942
317,na,29.54301833473851,30.305333394420703,21.24575096969165,23.77012891552878
318,na,33.804922485982964,36.35974703494287,37.43782715112773,46.9838023660401
319,na,8.123838452876715,8.346408612498124,18.659938864332606,23.8254946337599
320,na,45.631062633240695,69.85206323963146,101.49121911975942,101.49121911975942
321,na,41.539295746172606,63.27912295204903,25.171033987260454,30.058989346704582
322,na,33.61351250241261,44.712249081808125,101.49121911975942,101.49121911975942
323,na,30.659232938049943,48.626604175508284,37.992022728255456,46.1249104159369
324,na,9.842235025996967,107.89798694807101,21.931961739447768,52.51909035337243
325,na,26.28884002826341,58.17040898450329,101.49121911975942,101.49121911975942
326,na,107.89798694807101,107.89798694807101,101.49121911975942,101.49121911975942
327,na,24.457816062375336,107.89798694807101,23.59265349788989,35.731453191626734
328,na,16.662189788219933,22.62296104646264,30.967332475726455,37.039055563895005
329,na,5.79375072006807,11.614732970557103,101.49121911975942,101.49121911975942
330,na,27.199878248254976,30.362465779595315,19.716396257868077,28.98878126114292
331,na,24.01669664901617,30.780620230126036,29.689797378770834,67.09503793263902
332,na,14.480670321812852,107.89798694807101,40.50175444789369,101.49121911975942
333,na,51.12966432198883,69.47014464259846,30.68068566476757,46.83443499507165
334,na,107.89798694807101,107.89798694807101,48.128227938285534,101.49121911975942
335,na,19.62547077349116,23.413095478465628,21.22429187589222,29.10484386643096
336,na,23.268599137393203,25.703894003719835,21.14945748403714,35.72300029570177
337,na,25.796962160506453,25.910941126586465,24.805831302473152,101.49121911975942
338,na,107.89798694807101,107.89798694807101,101.49121911975942,101.49121911975942
339,na,44.526169961419996,52.51760989185407,101.49121911975942,101.49121911975942
340,na,22.1762841047642,47.51030630462639,18.10023195545998,26.489493040885126
341,na,19.06643464535798,19.080866492149003,18.946443920289514,35.68273673272578
342,na,27.147075504263743,46.123234170987566,34.87875173876406,48.28200951282785
343,na,19.788413397131656,19.96890209679593,18.554837083064996,19.125821525981394
344,na,17.082269076593075,20.012818097048886,22.79224038756519,25.4151202825544
345,na,71.70641755707028,106.97220227843219,101.49121911975942,101.49121911975942
346,na,20.975848393561247,107.89798694807101,33.490256060511825,40.91293862619977
347,na,28.32310077655418,107.89798694807101,44.28038505776303,60.10939802571666
348,na,19.652510413601224,60.807504968410576,32.64618226697519,101.49121911975942
349,na,14.650515131185353,107.89798694807101,17.303919139383726,17.785247994491293
350,na,107.89798694807101,107.89798694807101,21.354425128873405,24.4031301201263
351,na,23.318808121238256,25.32538790107031,42.56403357425748,43.54196076852405
352,na,20.6569951608307,107.89798694807101,31.391609276411256,45.52909893292347
353,na,33.13986203386848,42.62481072814668,30.08369900442362,30.867379205020235
354,na,24.496004837081955,25.905618047376723,19.523335291868687,20.16292348178886
355,na,10.871238042295271,107.89798694807101,18.742225482271166,22.39661970640956
356,na,107.89798694807101,107.89798694807101,39.80170085938329,101.49121911975942
357,na,60.81853469386725,107.89798694807101,101.49121911975942,101.49121911975942
358,na,21.10552775163532,27.93811759617219,16.601956718547466,21.666308476727355
359,na,23.750466873442065,28.103610128301582,29.929070941189426,30.840148786843564
360,na,25.008017374399728,107.89798694807101,21.1570026861656,32.449122760318545
361,na,25.05239924380193,107.89798694807101,16.95183348385712,20.104076820918163
362,na,107.89798694807101,107.89798694807101,30.287896457161846,44.964036374196596
363,na,36.15061158212564,54.51182416177028,17.465423448666808,23.00206998341363
364,na,44.38995694318978,45.19234477714756,101.49121911975942,101.49121911975942
365,na,107.89798694807101,107.89798694807101,18.80124246156032,19.29241044109201
366,na,24.465326510675435,34.00232571052546,23.820960540558225,35.946876873836246
367,na,107.89798694807101,107.89798694807101,101.49121911975942,101.49121911975942
368,na,17.367287183341865,56.172922887371,19.59249520440477,21.80206050700537
369,na,27.042281842707936,30.871022293878077,33.470420194677025,73.48559468984061
370,na,48.76370777137549,60.871123247445986,101.49121911975942,101.49121911975942
371,na,15.09826712143381,15.830376156536497,19.616685080719108,20.334236657117174
372,na,21.99007110210916,60.550581350918144,101.49121911975942,101.49121911975942
373,na,10.396915034026145,54.59268463310771,19.95809361454458,43.41562143584557
374,na,107.89798694807101,107.89798694807101,15.073967970916808,29.826398645135193
375,na,27.875201940885336,35.92269677301789,21.713999795605346,29.380800725373653
376,na,21.166306405176982,64.78161347035221,44.68600184514703,101.49121911975942
377,na,37.86058970945565,47.68544060363002,35.67036959416831,53.53541409617933
378,na,38.33903226849742,47.57709568842315,17.573060841353804,22.72530224417948
379,na,8.36415007337384,37.99909919697021,11.840339880369386,23.55683304003896
380,na,33.701083307789126,38.03286465964976,34.80346944280337,36.65887335357283
381,na,27.766461859992983,33.39640531621777,27.93636404792049,35.48709841036951
382,na,39.90877282540664,58.12831645340296,34.105515336185455,63.91463007083142
383,na,35.525446822229156,36.952362147768646,36.58903619783263,41.23981733974283
384,na,107.89798694807101,107.89798694807101,23.079713745623973,33.632849716700676
385,na,23.009110841944523,44.18766807359089,27.9666978878847,40.44003518945424
386,na,107.89798694807101,107.89798694807101,101.49121911975942,101.49121911975942
387,na,28.39635653929574,34.72406787401905,38.376732287003925,46.11899858938706
388,na,19.85066981818921,28.892160827923515,58.17405289515888,69.16133655694051
389,na,18.30136232715286,24.982866146245126,21.103395780443197,22.311241400801965
390,na,47.073441350479065,50.98396806323744,51.063176186174,53.913043714524605
391,na,17.963985896526005,20.297763885223755,25.977589133569715,29.910154945103915
392,na,5.3315424996240175,13.976295237289333,20.95656667654405,30.454145018321093
393,na,9.849934749631009,23.980824685141304,23.262010141265396,101.49121911975942
394,na,38.1707318908352,76.70163930258241,22.140458153039265,25.574612891961557
395,na,12.72373152474557,13.084408149441268,29.939612690441095,47.349509948052656
396,na,46.2338283491172,107.89798694807101,27.712935395181038,32.203319065992666
397,na,20.397043444502376,107.89798694807101,29.14197340583315,40.78864571770865
398,na,20.45154458878838,37.21705772131852,17.90418842248911,25.87597214608712
399,na,107.89798694807101,107.89798694807101,101.49121911975942,101.49121911975942
400,na,12.675303896202093,107.89798694807101,24.545364798340714,30.421663072471716
401,na,23.42759264148489,25.005614038834512,22.8271729013027,101.49121911975942
402,na,11.275817753580853,12.931424705658522,25.041801068282226,35.9858378396312
403,na,31.2605533996136,56.228934660273396,40.10388011198657,40.911604497793064
404,na,44.01821961673154,44.37859684950558,43.91445411163062,45.63203980194284
405,na,19.549658907752185,107.89798694807101,30.911325360342566,39.8717550964294
406,na,43.22864621050569,107.89798694807101,39.159121916503956,101.49121911975942
407,na,18.894300211283,24.806091752049838,39.29809319293622,41.140966327317955
408,na,29.571107875905096,34.408519634843366,22.157078874984244,60.81725383852253
409,na,13.300628367646878,52.2609273622962,21.917109376815645,28.002120121024806
410,na,23.133090829169408,39.2286948912655,26.305656134445282,26.981308127580157
411,na,43.59956989168571,49.379634919947655,34.8411819439841,41.282492633202054
412,na,5.123867590133945,13.269967223298222,17.30595990613836,36.53108437971541
413,na,23.865369157630425,24.826297843600514,40.180739686592,60.22805302038992
414,na,28.664905185787394,42.89080408855398,18.81593995458685,19.579037098907676
415,na,29.371126531076058,42.24180121009015,15.209593807297118,30.23873591482132
416,na,28.552098074249624,36.32098514408486,31.28823463214382,39.88202631169847
417,na,30.514772898842534,37.39957617068412,41.36206739428173,45.783513148166044
418,na,27.3878564524752,31.092852612254767,27.583322384582868,43.95779393522485
419,na,107.89798694807101,107.89798694807101,20.34730433205916,27.3419205194905
420,na,31.795750631299533,34.97701654903003,16.287448981381488,16.649956842214362
421,na,6.876029381031698,9.835219840708598,32.51959535930592,34.056097791148865
422,na,19.57855949135093,39.638326653031065,29.636015557457345,48.68786363096769
423,na,107.89798694807101,107.89798694807101,24.37186438844578,25.773845965238124
424,na,107.89798694807101,107.89798694807101,30.014262300020693,32.58602607260417
425,na,20.3589185411209,24.431004862865926,39.030533759434356,43.673168367906584
426,na,23.84896138382078,26.109393693852137,18.206935280175117,29.95842921446811
427,na,15.357400455284797,107.89798694807101,19.387013884253562,101.49121911975942
428,na,14.686908828990592,107.89798694807101,41.09738799988163,46.57021407162094
429,na,18.993233952986966,107.89798694807101,24.098524482002954,36.94250177525991
430,na,26.327178390170815,37.38931111181887,101.49121911975942,101.49121911975942
431,na,37.8840944820042,107.89798694807101,16.15597863911767,16.54722443599652
432,na,32.07014232834217,107.89798694807101,21.287557447550608,29.506772934639294
433,na,16.779634871180445,29.06408857356013,20.402259714858292,53.34707094950544
434,na,107.89798694807101,107.89798694807101,31.509991978950083,46.26574713083342
435,na,38.961894293681304,52.99819131838967,31.807833043340114,41.661224067607456
436,na,107.89798694807101,107.89798694807101,33.00515013262011,37.9958696979863
437,na,42.289921731479744,63.154028811500545,35.21495808027849,50.351198626844486
438,na,45.85290337182157,48.111314006632256,51.11044529880649,101.49121911975942
439,na,107.89798694807101,107.89798694807101,101.49121911975942,101.49121911975942
440,na,21.345295429180826,32.51162728958075,22.91343656429797,25.24519304057178
441,na,44.89092757861354,48.36631488620072,19.75056748879937,34.3885459967449
442,na,16.3701163275781,19.159461354363437,7.94736162806911,101.49121911975942
443,na,56.988399938603635,61.40873569459561,101.49121911975942,101.49121911975942
444,na,26.89584852487551,29.02510937458639,41.4991959247631,63.97819008656167
445,na,18.24948440902017,20.791118466323933,14.87790548032119,49.7052609202211
446,na,22.066778582434644,28.19591830083352,35.39401113032315,52.213753945232796
447,na,23.671373264428404,26.629039977319817,25.536808221594608,40.162670876727084
448,na,22.536596667414713,23.70062594113707,33.2226195352671,52.454466749883856
449,na,12.08987724224059,29.98110377657537,32.686369167336686,50.41004606710146
450,na,10.63893243232452,107.89798694807101,22.98989937991418,27.83094471993449
451,na,23.477482557742245,44.32853639066006,52.041102116381126,101.49121911975942
452,na,107.89798694807101,107.89798694807101,101.49121911975942,101.49121911975942
453,na,107.89798694807101,107.89798694807101,101.49121911975942,101.49121911975942
454,na,39.628885859188856,43.18456435261923,41.247061931691455,77.30534249648281
455,na,7.51565583360264,13.03555495960681,52.409691960022656,57.70959225867669
456,na,21.89149665740387,38.88035432610659,35.02760962416427,37.02111124679306
457,na,45.14803533536319,48.03072382776048,74.54166370897059,80.19181363826145
458,na,6.42607805307116,19.830216013719188,30.91890896403033,31.589025562776843
459,na,34.81756401715083,44.077969124909984,12.486590407383492,101.49121911975942
460,na,21.423349695313572,49.20901268289058,27.59400873677228,101.49121911975942
461,na,107.89798694807101,107.89798694807101,42.01402679649061,42.39107488408869
462,na,11.309905108383042,19.491404021656418,21.74319415521066,23.383847826219494
463,na,19.968306801484804,26.08840118364697,22.27062899779836,28.85544873162079
464,na,29.08908197601271,107.89798694807101,13.50172241777104,41.32581897096483
465,na,23.15101669092117,28.538865112930207,23.586206935246334,36.994667605468905
466,na,48.74152620320546,54.734209087253035,44.77312695041354,45.14662752827137
467,na,23.237361602903185,53.77755976149804,40.732662322283794,43.356272947717486
468,na,107.89798694807101,107.89798694807101,101.49121911975942,101.49121911975942
469,na,34.377527909636534,38.63131900764981,101.49121911975942,101.49121911975942
470,na,13.03527302875368,107.89798694807101,20.429543814921253,101.49121911975942
471,na,107.89798694807101,107.89798694807101,101.49121911975942,101.49121911975942
472,na,38.793344281620804,41.06580229788417,101.49121911975942,101.49121911975942
473,na,29.97605695939405,31.593599913446383,17.96925620962054,48.67273895371034
474,na,45.92302831891468,46.719053429959786,15.95740440986329,27.655175366806493
475,na,17.561477675247485,28.408325428343392,21.596202412247113,101.49121911975942
476,na,33.0748972605625,43.459160703399654,36.667246583292,40.388653063280955
477,na,18.688391640763545,19.28537187227279,29.07338135806728,52.71024714783515
478,na,56.88454385092231,58.08612439339259,101.49121911975942,101.49121911975942
479,na,27.914812988937648,34.48521874388226,49.632518466638764,49.781481238190324
480,na,57.670935262878174,61.00627794377071,101.49121911975942,101.49121911975942
481,na,107.89798694807101,107.89798694807101,37.01378686075644,45.899290847937664
482,na,20.690795195179085,107.89798694807101,28.066951710415054,28.92402306633569
483,na,7.706275263256986,17.482566679670573,20.567789678592987,21.399857120552603
484,na,40.51953760295771,54.98610598876375,30.00970813522667,39.708488671098756
485,na,40.86545127107158,41.376995179841835,25.11291949090231,25.67287468597381
486,na,26.985467191956857,35.424648425321124,36.2922743323764,101.49121911975942
487,na,15.188226973159612,107.89798694807101,24.534753588860823,47.822431549510455
488,na,20.47216570897363,107.89798694807101,17.78448615216674,18.41200619362985
489,na,14.140904514731824,36.871980707693425,26.684266991782863,31.365925662750378
490,na,24.948255694324747,31.900748907282473,11.167863379635063,27.47679710974305
491,na,18.48490064179026,18.513364942848444,101.49121911975942,101.49121911975942
492,na,107.89798694807101,107.89798694807101,20.13628317168235,27.341729651638094
493,na,29.414413971035415,52.51274152506708,31.349593097682607,35.700152676182135
494,na,107.89798694807101,107.89798694807101,23.43324560114663,101.49121911975942
495,na,10.496357782649072,24.893760144426558,14.52541221446113,23.776880057460886
496,na,19.22719400468551,38.74192629401021,101.49121911975942,101.49121911975942
497,na,107.89798694807101,107.89798694807101,48.62883924048075,51.777250502542174
498,na,13.291246884092503,68.52356241157453,29.302455465911276,35.21591735470067
499,na,20.931195624130698,21.37388615357867,44.99230095698885,46.625319165683216
500,na,20.95333803319447,68.67427179585056,22.584538795222755,29.145751151330366
501,na,107.89798694807101,107.89798694807101,26.77072143619404,31.372295612623514
502,na,45.52395292316207,54.3227728220186,29.400286511898432,30.004617641113924
503,na,20.446396470200483,21.211729238299526,21.542954591486026,101.49121911975942
504,na,107.89798694807101,107.89798694807101,29.889645517788576,63.55151477855133
505,na,25.714321868944875,28.49771253048137,27.154715953814367,101.49121911975942
506,na,107.89798694807101,107.89798694807101,101.49121911975942,101.49121911975942
507,na,26.194037406511224,29.83205373764457,59.566806870538066,62.00906669671621
508,na,4.1342275268285515,9.358831807634651,30.324241315675103,45.39903451862236
509,na,24.240438623625025,107.89798694807101,20.11486928674854,21.561191099501603
510,na,39.00911882472371,53.82820588139931,101.49121911975942,101.49121911975942
511,na,23.482241156900805,107.89798694807101,17.036677763003834,33.19391055963786
512,na,29.31621146183539,47.58481350290615,27.29469871691209,35.96020381718084
513,na,28.697866476111777,36.31059860153212,38.88738420688949,44.25878080221481
514,na,16.04414712872787,16.229050837960482,26.07898218290963,36.207878317078496
515,na,20.260960714242948,25.216244877348274,20.23415605798864,20.299468256316175
516,na,15.39893035978702,29.65852265483021,14.252196291419096,17.135220893949416
517,na,54.895402462621675,71.00704294892866,37.28500013188593,51.59623935578247
518,na,17.936199193495895,21.684612295828398,35.537924833500256,43.56359273421866
519,na,31.176043321450337,32.78737613741293,38.57439580759725,42.16680362282257
520,na,33.378571864618436,34.21673488642648,101.49121911975942,101.49121911975942
521,na,15.699589531132249,31.052464758750695,58.503254872787345,84.63351809559784
522,na,10.87252849935238,29.429760099573034,35.47194413943938,40.0092692369563
523,na,36.961199589469345,54.25272739802099,63.855094616858764,68.08540087459862
524,na,26.34282230091355,30.357578089411405,60.50200908760465,69.5913130384397
525,na,29.89492498205999,56.35444038040257,15.363671275343798,20.852644659100847
526,na,42.63781695209688,60.608770244644184,101.49121911975942,101.49121911975942
527,na,28.785758481756407,36.51563742708588,36.52699161768358,50.06824966188614
528,na,38.287428913292146,51.887966001795846,56.086534801466996,101.49121911975942
529,na,36.07087316256721,47.905128687618394,24.14658944981104,29.248632726618744
530,na,5.836004750845929,26.68140736527428,14.640186061701817,15.939779062098316
531,na,31.67410515153583,107.89798694807101,25.295475352141356,26.399303563330683
532,na,38.297986932674746,51.392839394031085,101.49121911975942,101.49121911975942
533,na,13.721705949150575,23.884214030376427,36.652448833415235,51.604275137888806
534,na,26.942535702839525,107.89798694807101,18.321878511875404,101.49121911975942
535,na,8.16315671658981,20.580488947077377,101.49121911975942,101.49121911975942
536,na,35.14041944040178,41.301807118095894,42.30550132519286,57.38963409530018
537,na,107.89798694807101,107.89798694807101,20.87606098613284,32.79619212408153
538,na,17.680648735799426,43.15309436540846,26.34429573435527,27.89841961345686
539,na,107.89798694807101,107.89798694807101,47.007959046400686,47.12160973193813
540,na,107.89798694807101,107.89798694807101,101.49121911975942,101.49121911975942
541,na,107.89798694807101,107.89798694807101,101.49121911975942,101.49121911975942
542,na,29.392899936351906,35.95705803448327,44.07938600348618,48.65192583137689
543,na,16.69156573420128,32.667288486750984,23.50844434129732,31.328086696147423
544,na,1.8509353604271381,8.507777626268522,58.076399408825495,61.638721757084475
545,na,107.89798694807101,107.89798694807101,101.49121911975942,101.49121911975942
546,na,21.488079376572163,27.077841464407598,31.0883032537311,43.75276149811259
547,na,10.050227767502122,12.241598815032942,31.31429414924869,101.49121911975942
548,na,4.223935254532427,16.997333341934365,32.6727971943693,101.49121911975942
549,na,18.138882972890748,107.89798694807101,18.52389467892965,48.496203886678565
550,na,31.714037748494174,33.11539447110677,32.66840547522295,33.257509753379196
551,na,18.01677952404134,32.32809256125247,27.40944597283211,28.23972653822496
552,na,3.6226064121681723,3.952400008793722,27.59771228016103,49.81815765018335
553,na,107.89798694807101,107.89798694807101,25.29391324197519,101.49121911975942
554,na,22.285147493227143,37.80740794619912,25.625768023228932,57.29215333223676
555,na,29.38304832081495,32.76894943915266,22.54309062886304,32.83617293891008
556,na,14.731900187600278,48.12506317647338,22.493590493581557,25.989974181462212
557,na,47.19086425948334,60.484548790360904,101.49121911975942,101.49121911975942
558,na,19.596093617599127,26.02689735004732,27.058377830448197,33.86236925345276
559,na,26.046626877819147,26.32066847212687,14.17981272347828,18.66019932671047
560,na,10.45126005131594,107.89798694807101,18.678056305478894,25.30268772182755
561,na,20.363188602635528,25.806365857507778,15.117330275894432,25.763628073941142
562,na,107.89798694807101,107.89798694807101,26.219544022169497,28.597350798128577
563,na,14.242388768683924,61.596835666565795,42.122529908860606,44.225190817867244
564,na,12.611758102925743,22.467399302688055,41.09643778402506,41.91447800807945
565,na,28.93202669557558,107.89798694807101,25.86939701315804,37.288623059328486
566,na,6.265372835529212,7.998364283258956,18.75073783502658,20.32672394618785
567,na,22.84096638244033,37.51676450139964,7.711702677659288,15.432341430121205
568,na,107.89798694807101,107.89798694807101,18.6548007610835,101.49121911975942
569,na,24.716944884828273,25.382314338815398,18.94045255319756,22.441978657776193
570,na,24.346203345905856,41.160645532278224,19.122495329771798,24.670677067665217
571,na,22.85095494091124,40.07756994867511,20.188627300781395,101.49121911975942
572,na,21.35372997594132,31.838409075983414,25.981295049568935,43.155835165271434
573,na,28.612960376439847,48.707389220103124,33.11118711015905,43.924355832084245
574,na,14.91517359714018,18.98552196433123,26.234444449218348,36.02074690267923
575,na,14.95241752736524,107.89798694807101,28.413925496463296,52.56239288941711
576,na,107.89798694807101,107.89798694807101,33.1491727317551,33.18802901401103
577,na,22.971918469970603,33.07955924469481,5.007536463865515,6.94707741905305
578,na,36.905962307949785,107.89798694807101,25.416587840929086,34.40411292764943
579,na,17.445248704771252,21.247688214815433,26.50570266252302,45.42320099924584
580,na,58.20770742794507,66.56678225305471,20.18698519611739,29.518154066158395
581,na,23.688928893595502,31.369478347829013,22.610147801771816,36.020830892813784
582,na,23.788970620451714,29.34039952045804,41.433223478945926,46.7391958677104
583,na,30.216906113259288,45.58280663759613,101.49121911975942,101.49121911975942
584,na,10.277958667285901,16.873265804211414,5.878828304388771,6.832141165216091
585,na,21.956153805630674,24.61407048291517,19.028049710772876,24.55532394566335
586,na,49.522422897020064,62.26442132400487,24.159370139076223,28.237869782976535
587,na,29.05562796337221,34.167467637040716,33.94812564427809,43.01106677943183
588,na,24.879417109447537,35.6760621971924,23.300493875002182,46.429342689553955
589,na,14.086565018685858,17.73051443102923,14.96911372229193,101.49121911975942
590,na,18.4683519993457,27.193084827176623,36.009752902589625,41.05610673472395
591,na,19.86394305088567,49.777236601693836,13.159217901856438,16.045133879405764
592,na,44.907518918645565,92.72962200319574,22.63708091338175,24.750388535853794
593,na,107.89798694807101,107.89798694807101,101.49121911975942,101.49121911975942
594,na,107.89798694807101,107.89798694807101,18.2301435069698,18.414799130837288
595,na,19.151058907782854,45.42926541877007,22.155568081120595,25.77161137346318
596,na,52.591095453301214,61.40057572820937,49.16422803927908,75.57511800132103
597,na,31.5382397315641,34.01390340023119,32.52600768456243,38.92882605652194
598,na,28.655423276519176,64.04455571285142,19.270342675962812,22.527463298941964
599,na,19.5878802719167,19.698821002666126,13.58340091571386,20.678562466533037
600,na,107.89798694807101,107.89798694807101,30.204554596025247,30.91951507193502
601,na,9.806241623108368,26.646869660324704,25.469590662395312,31.058800739562844
602,na,16.214463607435782,25.855972379999148,44.83318364640993,50.20240255026608
603,na,26.71331813561463,29.053616194855362,26.12552665626919,39.674649918514326
604,na,25.48063227606231,29.0849838698157,44.238011832262664,67.99207020563912
605,na,27.06282832271564,42.26929696159948,26.13067757390601,101.49121911975942
606,na,55.69969239536942,107.89798694807101,11.64459199445111,13.828616489025167
607,na,49.7957459714635,54.99268962069029,35.15099720252554,39.19573378553795
608,na,14.42101184325152,32.90794737434006,34.84736398871065,59.75891395676484
609,na,107.89798694807101,107.89798694807101,17.937604437137445,20.43806991137355
610,na,21.73463408743621,107.89798694807101,23.90669397774467,25.83675905868335
611,na,33.65661260577597,56.13695923522588,28.404464990906312,35.22837256739717
612,na,36.33364042050835,38.184414945701675,28.845057808741853,32.56566550556199
613,na,27.110243450229405,33.930417973054034,101.49121911975942,101.49121911975942
614,na,107.89798694807101,107.89798694807101,101.49121911975942,101.49121911975942
615,na,107.89798694807101,107.89798694807101,27.64931257081956,101.49121911975942
616,na,18.500348450459676,25.682991403203403,32.209768964323786,35.84371724300749
617,na,29.232900127702894,107.89798694807101,11.786646219301668,101.49121911975942
618,na,17.90868871401334,107.89798694807101,26.312180061533326,29.47715268476465
619,na,107.89798694807101,107.89798694807101,56.344489262961076,57.30804212426696
620,na,107.89798694807101,107.89798694807101,44.74040691097686,47.333677285257025
621,na,107.89798694807101,107.89798694807101,12.559137353949563,24.21238029838249
622,na,31.550223164821084,39.839854560177564,101.49121911975942,101.49121911975942
623,na,14.41080533009741,24.12270864072261,30.482299974152028,35.38202648715855
624,na,33.16692849926453,38.37215401001554,27.20030025376515,101.49121911975942
625,na,18.18981386200744,22.793818186289993,26.00428898933716,31.803079737145573
626,na,16.17217029082762,19.95720040384394,14.852784703065934,101.49121911975942
627,na,107.89798694807101,107.89798694807101,29.125512912114367,40.05586587560128
628,na,12.204608150610278,23.72438687431945,23.166916687765127,29.023173406978696
629,na,14.723465015160338,107.89798694807101,16.171335143606456,33.066013204901004
630,na,11.257719174657263,15.73636102486324,21.37891980632352,28.239103799644894
631,na,23.226030786633146,27.82326163284705,31.811500513319565,101.49121911975942
632,na,2.2288909455679136,7.112805898912839,0.05006468525576693,101.49121911975942
633,na,16.217330705202144,22.412614353434186,18.333343450140802,30.446193324584893
634,na,107.89798694807101,107.89798694807101,53.5835930938937,55.87571066793856
635,na,17.075761158254632,20.23419896080345,33.33474359907267,36.612943536608505
636,na,20.264924315800023,32.945533864532294,32.345945317758805,32.940312003798525
637,na,55.611444607404295,56.16856562852471,50.023302249580084,59.03717991663847
638,na,107.89798694807101,107.89798694807101,50.44407296745766,52.15272079616073
639,na,0.347451266955526,107.89798694807101,7.4950522420455075,8.832349499869206
640,na,20.12584107147085,28.011509704625723,36.34583056491395,42.89265775076346
641,na,19.073037613581754,20.16783480408924,23.09381934663055,101.49121911975942
642,na,17.400296353994175,18.613497837761255,26.39681615371313,42.423400433409576
643,na,23.535310431941905,65.62577298451342,101.49121911975942,101.49121911975942
644,na,10.595382100964382,44.75620701722094,34.76128095476317,101.49121911975942
645,na,15.88636074780494,26.38203316332308,46.330030843420374,101.49121911975942
646,na,23.337273933222516,27.07975195348406,27.609742944611167,30.312945381480574
647,na,107.89798694807101,107.89798694807101,101.49121911975942,101.49121911975942
648,na,12.75668179215109,21.57980468745706,31.607947542719376,34.994907986296425
649,na,22.083533134845197,26.405052797075335,13.30408801784666,16.786806717119067
650,na,31.939315858690623,45.82813822378818,41.464164995306874,41.61892568099786
651,na,14.6718013787759,32.237578789987076,18.938736516899727,31.51600392197965
652,na,20.929451291891287,33.3871755649252,25.34160290769444,29.689065139830156
653,na,-1,0,-1,0
654,na,23.329879923472987,32.051534503736065,17.78022965688878,46.78447455179719
655,na,67.85842377759839,81.50821391679699,14.434493169924371,26.958396989948945
656,na,18.371502854387693,107.89798694807101,16.172736880552872,16.968309281040547
657,na,28.13147605074139,32.346991510466026,19.196186659332426,19.345280145399236
658,na,19.350351371917718,26.336710928095588,30.558346498594613,30.760558233815924
659,na,47.854057812008584,56.24772830566909,34.54458900265756,101.49121911975942
660,na,54.42830288298246,64.3439297076153,101.49121911975942,101.49121911975942
661,na,107.89798694807101,107.89798694807101,28.155911852780672,29.80496072595804
662,na,107.89798694807101,107.89798694807101,101.49121911975942,101.49121911975942
663,na,7.893359233719859,12.705368934189588,25.02224077450006,101.49121911975942
664,na,9.288240100298806,25.68540828771184,17.541994566430954,20.288558652055634
665,na,30.090078081277493,35.24425859246208,25.616118888545714,27.65736779153422
666,na,45.17153634443882,107.89798694807101,101.49121911975942,101.49121911975942
667,na,20.72399587902679,107.89798694807101,101.49121911975942,101.49121911975942
668,na,3.262066898173614,16.829319925888743,18.93159779205175,22.4772380044137
669,na,42.26301834457934,51.284518848962946,26.742782096578807,28.084218717689165
670,na,27.496670173032488,45.342627674743376,30.110320247453032,32.75693403417458
671,na,29.494247961486423,29.530943526852514,42.842027693350985,101.49121911975942
672,na,29.142102861233422,31.099714675474623,13.05171830931908,27.364144487425833
673,na,6.931012017809034,13.718043467626043,22.950275543179664,33.88161111185062
674,na,107.89798694807101,107.89798694807101,101.49121911975942,101.49121911975942
675,na,107.89798694807101,107.89798694807101,42.753127771557864,45.59359433690317
676,na,55.69203069816175,55.772183486099145,33.21989415088345,35.6871437378336
677,na,20.66217342823899,23.093870623172982,25.61716733774341,50.81130669951663
678,na,107.89798694807101,107.89798694807101,101.49121911975942,101.49121911975942
679,na,15.816718535276568,20.232629181027228,25.259549248360255,25.27119150983192
680,na,107.89798694807101,107.89798694807101,101.49121911975942,101.49121911975942
681,na,107.89798694807101,107.89798694807101,44.72258516219459,51.264696494098864
682,na,107.89798694807101,107.89798694807101,101.49121911975942,101.49121911975942
683,na,23.484478206146942,31.596230183696214,21.331050001228707,101.49121911975942
684,na,25.20322547911887,46.82700073531206,9.568768140014544,18.828827924023877
685,na,26.7455225208634,48.325902584369324,28.60892746022843,37.97207214718615
686,na,107.89798694807101,107.89798694807101,45.39626204683958,56.49498030225761
687,na,21.72455052431156,24.51000863420998,24.167115363175554,101.49121911975942
688,na,20.490298361147893,27.40863763894835,29.581723004277773,39.34124595120587
689,na,27.457171472896206,29.86171685406089,34.282484188346956,38.59389328978263
690,na,24.516332386359345,28.719299895880273,27.527432967155622,101.49121911975942
691,na,19.11757092559988,34.12059591470493,101.49121911975942,101.49121911975942
692,na,31.613429756177723,43.0416744124922,34.47020532968162,37.539159969467214
693,na,17.217704494524618,36.67249582449558,11.522419341091291,41.853330898869366
694,na,50.08136868158181,54.693511584377376,17.981953915901315,23.674290036313643
695,na,18.238104664544256,21.739408593381697,19.307560597557053,30.246433090864567
696,na,26.919866410790508,30.169822356272928,19.97223346800845,21.906642677121212
697,na,19.324347796198232,21.467017137241488,34.794736444522194,38.371153965652255
698,na,107.89798694807101,107.89798694807101,34.39420555795724,37.945709300060635
699,na,21.57314583633558,22.119750205812007,43.857079419056184,44.02696434964145
700,na,25.924878989864975,39.121138192198394,30.732219779615104,33.865525154043006
701,na,107.89798694807101,107.89798694807101,101.49121911975942,101.49121911975942
702,na,20.189485725254038,32.01117226601578,101.49121911975942,101.49121911975942
703,na,16.302928310335243,22.14096596021421,16.665837726087794,29.784565884009844
704,na,14.30945057758729,16.03667224568746,33.203026416037105,83.74096636779849
705,na,15.029493156089229,19.144545080932065,15.689445495921714,101.49121911975942
706,na,14.125296460306261,18.915494810788218,15.509400442245745,18.212442561121097
707,na,107.89798694807101,107.89798694807101,101.49121911975942,101.49121911975942
708,na,9.43156413408682,9.920434849702495,25.555466605549565,34.45565033607893
709,na,19.597957451649314,24.935801817019964,18.708346926869826,21.26491920647998
710,na,7.033591850335314,14.528033598190884,13.08046437179401,22.65318380492591
711,na,23.879647184742836,38.279768281162774,34.11072627286497,39.420193982251014
712,na,33.3815758047673,34.980440873721584,32.06393355569775,44.65468396094852
713,na,24.30636237107554,33.553252552418044,15.828089851687764,45.987083740828474
714,na,24.035522127001475,37.53977390616211,29.6256359618561,44.471065845106715
715,na,28.434466716463614,33.72590978550052,18.94429063167685,29.01273399567586
716,na,29.391007690102533,107.89798694807101,32.0793376557281,101.49121911975942
717,na,16.989579410991023,19.70562437453235,37.860608789268916,39.92214279174519
718,na,25.988234129986147,27.436442918243216,24.972558429674685,26.633042936520553
719,na,14.4467324305543,24.23746671310757,20.70713037381793,26.49495149850278
720,na,23.120480403948054,23.424197776171063,101.49121911975942,101.49121911975942
721,na,37.902992833189515,41.730852711160566,27.38053058554324,33.19270892678282
722,na,8.892492795211524,24.385092240706474,25.240798020476873,32.92442018914691
723,na,12.623778102874466,107.89798694807101,21.201423135269902,24.90141403371131
724,na,107.89798694807101,107.89798694807101,27.98970582433345,29.468984073797003
725,na,5.116413196510576,13.707258043096855,13.256970542983735,39.73385836075486
726,na,45.15702633207656,47.16201227634294,31.349307462625408,49.19036926687217
727,na,17.544403450661843,19.2055583661026,101.49121911975942,101.49121911975942
728,na,25.315890230185822,28.065523468076247,20.991995551503848,52.268596220882635
729,na,107.89798694807101,107.89798694807101,101.49121911975942,101.49121911975942
730,na,18.56243357453364,23.675046339181776,22.10287322276977,50.661310613971814
731,na,23.21343311946287,41.072157137844016,31.510977904367362,48.5609756196097
732,na,107.89798694807101,107.89798694807101,101.49121911975942,101.49121911975942
733,na,35.992479920544376,107.89798694807101,27.720314559283505,28.80579665712652
734,na,14.786566217631503,26.712624255079774,23.54730643666702,31.557226029418306
735,na,31.029014023744377,43.76064399452341,29.330955771777514,42.216528826230935
736,na,24.501519365050196,42.10641223445185,34.249253898455194,34.350072561549645
737,na,15.847094174290673,28.444487143072397,26.896203174887788,101.49121911975942
738,na,22.975415412845837,29.181145541448963,10.954037519179856,16.174625164253474
739,na,25.588671419586138,26.7837633516626,35.919045824568634,52.81780700993885
740,na,18.34822854145705,23.56117969753219,22.054735999510687,25.13341739196409
741,na,26.047709372019707,26.568091071197784,10.61344215108157,25.859784867377382
742,na,36.5649234664956,96.67835100908906,32.81351804040398,33.27936282089305
743,na,107.89798694807101,107.89798694807101,101.49121911975942,101.49121911975942
744,na,25.92929353196644,41.67026639467569,22.84825151482387,26.752152876125063
745,na,16.49749073667482,26.296042943506865,42.69706625161195,45.37670988545181
746,na,21.93119888816816,22.849772362193633,22.322983683756743,52.708928506016136
747,na,37.88269503396935,107.89798694807101,29.650277520415923,32.759191122556345
748,na,33.249387001979244,44.964969082330725,34.64653251193137,47.62424134240378
749,na,10.720362409186977,24.274511802226026,38.373964239267536,38.70095314632577
750,na,26.862369544062553,28.980432142572987,18.36684454654364,101.49121911975942
751,na,107.89798694807101,107.89798694807101,42.08597771576377,54.61395377655462
752,na,28.709524302466264,40.01282239387751,36.06114769988959,40.89731871236223
753,na,12.284082195249825,31.978828943234337,20.97384508058722,21.85469879329547
754,na,17.29456974068796,19.004708555247188,23.691244358591543,33.44579045433258
755,na,11.523763830979227,12.890466905271115,24.81509806123875,26.770983859755365
756,na,21.403253912733074,34.02919235100247,23.17936877969332,28.20757037150124
757,na,30.694822304686863,43.199901210180464,18.9793531287876,20.083726956050263
758,na,13.66448674266395,26.330398973694468,19.894027678664646,101.49121911975942
759,na,20.23323524347079,37.27867433711934,41.041706934674544,50.773912609049766
760,na,53.51704726235136,56.05673965405194,101.49121911975942,101.49121911975942
761,na,32.34738951264156,32.38911140362003,34.20129497826242,38.496222768724884
762,na,34.9620342309727,46.16705524577725,18.3963374990714,101.49121911975942
763,na,17.566963173230878,19.69640248948104,31.833761505007093,31.856318071941253
764,na,41.833889389724916,49.28769362968995,25.699810028594907,101.49121911975942
765,na,20.83040645382791,54.47934235369708,28.52405393077248,34.815610579431755
766,na,34.16537152849571,35.427057091776895,33.066772419845165,38.33080859676117
767,na,30.785625965371292,36.67874168289349,33.26209471029458,33.43502345735952
768,na,22.31962428465109,26.4630005270147,25.83767502555089,101.49121911975942
769,na,29.468870996700648,40.850748752656855,101.49121911975942,101.49121911975942
770,na,24.560044936083376,107.89798694807101,17.292565406098,22.73721662931702
771,na,13.768690917589897,27.476383770043714,29.771563492050934,35.140119265894796
772,na,25.118459965894154,80.89281796724399,34.42624537836308,40.140243354480965
773,na,107.89798694807101,107.89798694807101,101.49121911975942,101.49121911975942
774,na,65.58225406378034,107.89798694807101,28.34361418838011,30.886452692845324
775,na,30.253844027741838,46.23619576230476,27.246164233797924,36.27964288832471
776,na,107.89798694807101,107.89798694807101,24.23300713952409,24.329735232730698
777,na,22.083084323589652,26.73590106981264,19.474864301450904,44.121096020184694
778,na,30.697172465282677,33.90901070861251,18.87793842993807,27.96041897750552
779,na,21.78830699951322,22.563149657667058,29.3181240328673,31.22035517529437
780,na,45.18603798109503,61.09158054164006,31.29993520722377,45.574900033203114
781,na,6.391419036911264,107.89798694807101,19.4979189548151,101.49121911975942
782,na,34.015321355044115,107.89798694807101,22.590455780270002,27.643481532465103
783,na,30.930755287004864,38.746165594937956,39.01256767443688,50.636136616344984
784,na,1.3845465477746537,11.040044259723059,22.02856320827765,101.49121911975942
785,na,22.8365923251901,107.89798694807101,12.196226780857508,18.728582247139993
786,na,21.713017781866164,47.898291016652436,36.181114864007505,101.49121911975942
787,na,107.89798694807101,107.89798694807101,101.49121911975942,101.49121911975942
788,na,39.59941245431682,57.333508206774134,101.49121911975942,101.49121911975942
789,na,9.927491327433499,23.14638783027768,24.273088938955077,34.21424556344025
790,na,38.88917795369227,48.56143844663165,101.49121911975942,101.49121911975942
791,na,21.796625096666062,30.60465162546567,25.717959444250084,50.530017415851454
792,na,10.751597804103566,23.814294051650133,23.515356138402115,26.189769916791725
793,na,38.69403692565612,107.89798694807101,22.550812861010677,32.79066483888597
794,na,29.35140524311423,37.19232129084497,47.157567369528806,52.62558538689785
795,na,21.21161662747416,107.89798694807101,44.49685492189997,45.77292209146586
796,na,13.552152584044896,18.78444624531943,20.9082079854408,25.577685779331816
797,na,36.47632963231205,107.89798694807101,40.90507282993258,47.012391104728984
798,na,16.567604837774432,21.81224822206183,6.702554853783793,101.49121911975942
799,na,59.579178420742615,64.25485132900498,101.49121911975942,101.49121911975942
800,na,21.723887775772752,24.459107721822825,28.89633127506378,57.4493652022125
801,na,30.344348697550362,43.43639341159608,25.036030602175998,28.540708676841632
802,na,37.984347743952924,48.705002676566444,28.087539571093895,38.638049173788154
803,na,11.560128787416744,29.840250698533065,32.183694149305786,48.07798538704075
804,na,16.326022854138618,23.947141770831777,35.66941931838897,41.4608071038112
805,na,31.553403190812013,36.11216849238872,40.50486732625325,54.48521264832693
806,na,26.661107516999046,37.30573910444409,11.726649229133631,13.402717997112306
807,na,16.276329251969607,28.173666876699343,22.280429133065432,28.92621282534033
808,na,22.8217669903768,24.074022055441056,28.095080976696487,32.102250699877594
809,na,26.04748476941153,27.08319257429348,27.331439484673172,32.33876826273981
810,na,29.007797097744287,33.043248882123315,101.49121911975942,101.49121911975942
811,na,7.437780036407931,11.708892800431494,44.29451844869044,45.66478910654101
812,na,19.02377856471325,24.81304084514299,22.078747291778175,23.77140657197634
813,na,20.675836468760245,107.89798694807101,44.32448970452186,45.52053326667372
814,na,6.893141553052707,30.435322971418234,23.19144026330078,26.584401891239565
815,na,30.602582892959774,32.861952732489755,18.59776660914717,19.004802736144956
816,na,0.43442241726923253,7.504759117716923,1.7650074447291177,52.25282955930081
817,na,32.24896446059061,39.27665706023575,33.78088102801274,101.49121911975942
818,na,24.701762246773086,107.89798694807101,29.25898202602279,35.029478736406496
819,na,20.39629544165359,107.89798694807101,23.190198410087145,25.109181390569137
820,na,30.191404523493393,44.88364084344339,27.946320572723728,44.67738300529951
821,na,7.908622123255923,11.521778755694687,15.136958986584478,20.269324054257122
822,na,26.74182163132031,107.89798694807101,32.04798741407762,56.63892851680615
823,na,21.592309279288276,26.45622827371011,51.72275904654332,61.26612976920205
824,na,14.122375338941984,26.489771313972856,19.753225341084047,20.9145000604425
825,na,19.866215765084664,25.857411230926648,45.54934550559072,58.99751149151851
826,na,12.33425657379148,23.38044536611102,26.488297798047466,29.469206346069154
827,na,18.301965573556554,27.15893498500374,58.1772905565652,71.46497012573361
828,na,27.057815787931233,58.75410624851445,33.24944532912834,48.78543955870663
829,na,107.89798694807101,107.89798694807101,40.40944217864011,41.4030502688148
830,na,59.93596996090367,107.89798694807101,22.6556569977983,54.72589880042909
831,na,43.6684926305679,47.85307488681544,25.829483706218785,59.927486220190666
832,na,107.89798694807101,107.89798694807101,28.441254578667117,47.41369059167152
833,na,107.89798694807101,107.89798694807101,33.94492291517643,36.645779184715714
834,na,14.659713277070127,24.701498184828555,30.900563575206967,35.285101452193196
835,na,23.364944480133026,107.89798694807101,27.538439443119454,31.012301290474017
836,na,14.990992625260505,29.234590863316274,27.131751125319234,40.48000232155867
837,na,20.614394426353616,32.83667919158531,26.713868535049727,36.026906978902545
838,na,22.018280472159205,107.89798694807101,30.718064407339725,66.34327796734085
839,na,23.689510441284796,36.45895351444617,37.72577189129452,41.613147305650735
840,na,4.740699002451838,19.11134415750249,33.26987737344078,101.49121911975942
841,na,28.159032235841693,52.534128653352106,21.536911891037526,28.917039963906316
842,na,25.991922655961048,49.262401931895084,53.71994141147591,64.9972882947934
843,na,22.162168524433454,24.811424393238244,33.955484581215856,35.65428692833204
844,na,31.50103076200112,34.68060939250285,13.258877571900264,101.49121911975942
845,na,17.18714661271767,25.676828461387124,23.91732423798783,30.531190987741788
846,na,18.24091099818231,26.326582861568586,22.402615645978937,101.49121911975942
847,na,12.087904552594019,17.513243447128946,22.653039253441804,28.502224113143185
848,na,12.631848107538623,107.89798694807101,21.80610530143981,47.36591117609606
849,na,18.672345589426804,48.33957302611138,26.16263522022575,34.621997671538054
850,na,28.664006500660328,37.09950640465447,20.82900016378818,22.05978110159441
851,na,10.797639644643658,35.57750470404268,22.808371261092304,44.21030427795108
852,na,24.344188488673186,28.226424079734006,22.152467132457893,23.0967667551377
853,na,12.151788117534055,31.09162219546366,19.75783946013177,42.12910120705495
854,na,16.896016459424803,17.23731289659701,21.07571659215392,24.46582406869716
855,na,44.839102342848584,61.6101106172373,101.49121911975942,101.49121911975942
856,na,22.76747744822668,43.811716042884605,101.49121911975942,101.49121911975942
857,na,17.02275943665809,51.48254444932925,48.72175627128125,101.49121911975942
858,na,21.941056495091427,107.89798694807101,29.86500960510752,101.49121911975942
859,na,32.684316452526275,56.908706746426404,20.49093339380108,33.168193010827544
860,na,35.33886493848261,107.89798694807101,33.99857549288814,43.79920541478984
861,na,12.493454581303903,14.982522478155158,26.693998626309842,29.122012174224555
862,na,9.875915548463942,10.477010644619263,43.7394269713465,63.18145497215072
863,na,18.090602764342133,107.89798694807101,41.01827088597672,48.00376420481445
864,na,107.89798694807101,107.89798694807101,101.49121911975942,101.49121911975942
865,na,27.209054360396294,107.89798694807101,23.162870504846182,29.208110028424326
866,na,29.84928399245186,107.89798694807101,101.49121911975942,101.49121911975942
867,na,18.551282669800575,31.789283128778735,40.247409133812596,42.33379018842999
868,na,20.9975103808779,23.809706699310098,20.862154466596248,20.905208235106144
869,na,11.372834346196505,14.08204487092404,24.990697868261584,38.95580558354525
870,na,25.8189070421082,30.266190155591083,18.37422668389197,101.49121911975942
871,na,18.068578022802267,26.12439219468132,13.325898059867642,29.90824027547771
872,na,39.215528748604115,46.078101163084256,29.793751162106805,42.73175345841281
873,na,17.477168753768186,107.89798694807101,53.15084347573009,57.95342045672474
874,na,18.236489876999826,107.89798694807101,36.66941001301172,101.49121911975942
875,na,27.152270785004696,30.17520084546131,25.955771127730785,101.49121911975942
876,na,20.937891134990323,107.89798694807101,28.735215242361498,29.02349422220118
877,na,19.970672553625334,21.69457671354771,21.030023376358642,46.43363861902835
878,na,7.839291043289117,15.15906658401178,22.068195793808993,31.478222310459657
879,na,26.719405457874405,29.561820504546873,30.609369604950125,34.1988132963296
880,na,25.445936279529906,30.307801768864934,15.492300757119645,19.131867268652105
881,na,32.330798585342805,40.32184503303858,24.541664615713785,24.564374936424414
882,na,107.89798694807101,107.89798694807101,101.49121911975942,101.49121911975942
883,na,12.557634738260303,21.62025412129849,37.606078968153035,46.35641937636199
884,na,22.94954540816399,26.804383791883712,24.01498963490493,25.73878723750001
885,na,9.869349342399094,18.39181880518605,11.317462406280566,44.240660175117085
886,na,24.74374758461199,39.948320200040946,22.679312278464582,27.665608097040135
887,na,36.38618511242463,107.89798694807101,35.56860705375305,36.30139810959539
888,na,16.489375108921916,33.6855425112339,39.29837746630997,41.398138526206324
889,na,2.744990470761426,6.428064281943422,12.803868131026595,31.688029980902098
890,na,24.212360221950693,31.732842113412644,101.49121911975942,101.49121911975942
891,na,54.10000951012666,92.01219400861785,50.5706551716514,52.78040865799847
892,na,107.89798694807101,107.89798694807101,101.49121911975942,101.49121911975942
893,na,32.337435560283616,44.936382274208164,28.194798020914153,29.09411067949202
894,na,20.05991500397531,25.313539621548465,60.88195876490255,101.49121911975942
895,na,29.979911697798983,107.89798694807101,14.853109265956087,16.475846526942274
896,na,19.053329199599222,21.577622361303106,26.483188984101403,46.75822998956284
897,na,107.89798694807101,107.89798694807101,14.0375802432194,16.224048132576815
898,na,27.629365103050695,107.89798694807101,29.872488315328322,34.9672025553675
899,na,28.918827877515813,107.89798694807101,21.04672626173197,101.49121911975942
900,na,26.184680827205597,31.657863968913887,44.18765689386676,50.09179605775475
901,na,20.585438833622696,35.00472035039885,26.944630162672446,29.57733438539761
902,na,25.974565283913527,107.89798694807101,30.080994230247008,33.36048674114768
903,na,21.818459960266186,22.661913372701466,45.4365154127202,61.310346053001645
904,na,107.89798694807101,107.89798694807101,19.028113214086176,22.32517485055982
905,na,107.89798694807101,107.89798694807101,101.49121911975942,101.49121911975942
906,na,17.866414099308624,47.800879067003116,17.359108488786955,18.23479320828097
907,na,31.8161837144367,32.35763321170402,101.49121911975942,101.49121911975942
908,na,107.89798694807101,107.89798694807101,22.58449353254966,101.49121911975942
909,na,107.89798694807101,107.89798694807101,101.49121911975942,101.49121911975942
910,na,107.89798694807101,107.89798694807101,29.96104927496657,38.846994485947675
911,na,31.458870663101838,40.5537919570163,22.00169514924677,25.24862780244603
912,na,107.89798694807101,107.89798694807101,22.356281879839198,39.0296651302458
913,na,107.89798694807101,107.89798694807101,28.74090122658713,35.73070543088358
914,na,20.313376211536447,26.229764207891733,6.771079108730522,53.636943259740704
915,na,36.376824945437605,39.87941028039753,38.58363879210076,48.42782939451711
916,na,24.758665401896558,26.867568019318597,101.49121911975942,101.49121911975942
917,na,30.760303160823668,77.89178475467712,24.260624060396417,25.064625840506846
918,na,24.701734542799894,27.5581807773026,45.43516743686846,56.784414965262016
919,na,39.615877234070034,49.02839631308242,26.42413566794351,26.815387324103263
920,na,19.964123699089985,22.014356216964075,28.870189566740773,46.07129571728379
921,na,17.49351436592303,30.625669575780925,26.079917605093982,30.854010456999557
922,na,21.360834560969028,107.89798694807101,50.18949412614575,101.49121911975942
923,na,13.114138908618347,21.877340497734075,17.733917846306642,101.49121911975942
924,na,17.645455296565622,18.375428909986198,13.764063895890041,16.938229300781924
925,na,18.9852651812131,21.660197385049976,34.06388514740955,101.49121911975942
926,na,16.014392452979706,36.132747337476694,17.818159631888225,101.49121911975942
927,na,26.633834353615658,28.166149596763244,26.409758954892766,101.49121911975942
928,na,12.121403153832985,24.959567064839913,32.597573833184875,101.49121911975942
929,na,24.126787370422726,107.89798694807101,27.934347523244437,39.24869958137422
930,na,107.89798694807101,107.89798694807101,101.49121911975942,101.49121911975942
931,na,30.177912116702256,40.70782077319108,37.98661725972512,50.68802695262355
932,na,23.00127880852939,52.136590848155244,35.07611151008406,51.1194448543637
933,na,25.99188342750827,37.11478716803911,39.523175142659184,45.93766058824993
934,na,107.89798694807101,107.89798694807101,21.044132874396777,39.2216384928343
935,na,107.89798694807101,107.89798694807101,101.49121911975942,101.49121911975942
936,na,46.54307793726367,107.89798694807101,23.531060742594804,33.05932479855216
937,na,17.88569653848928,26.291949561424634,9.949178823248321,101.49121911975942
938,na,107.89798694807101,107.89798694807101,24.595192022095574,31.120970581277245
939,na,12.378970162649853,18.157050693159018,17.898030811963906,29.383460677799558
940,na,27.984561036199054,37.08691356545393,101.49121911975942,101.49121911975942
941,na,107.89798694807101,107.89798694807101,101.49121911975942,101.49121911975942
942,na,15.280651432901019,19.046236069885115,14.124412894825177,17.542327314373107
943,na,22.382665486223438,27.52724269661179,42.7363593291506,56.76598161904888
944,na,12.383824543459694,12.384650240847883,22.66855599489159,24.96816457577681
945,na,19.392087122400156,22.818999020412658,28.82403418394054,101.49121911975942
946,na,24.79941122398055,30.632165827501865,63.88763420397353,75.49584911648043
947,na,18.825845009858423,43.79201424715182,23.464645207893962,101.49121911975942
948,na,24.599217089636323,25.540899387080945,25.114005746610335,30.915174001015284
949,na,13.515846772023366,15.920233018522882,17.71329431896413,42.781235703262915
950,na,25.10655881809172,29.976490089566457,16.741916955098088,16.98138700111533
951,na,23.57974001209322,34.14881928086472,25.319198423673683,35.19689836842961
952,na,27.676982124364294,35.75768084493237,19.688313137575,30.948777069142785
953,na,19.658969952967013,20.07103155956556,25.18000807485685,101.49121911975942
954,na,17.840831289037204,30.577481450923198,31.32432646981777,39.382088422868044
955,na,19.227418072913597,107.89798694807101,19.52186190055258,25.086521916701408
956,na,33.18605994023215,52.1092134321825,9.489556900014245,34.847281549597085
957,na,25.50336584007382,44.60319746533141,21.54661546499266,30.340319987453544
958,na,42.00776063321998,44.00904098907139,26.3714615129165,28.68999923091397
959,na,16.585884410606614,31.570346519726698,55.44036662679983,56.01880055517689
960,na,27.94445934394286,107.89798694807101,101.49121911975942,101.49121911975942
961,na,26.43426858065919,27.241699583909178,39.2117460345646,42.46391499617142
962,na,25.329712164366537,58.28568201361104,101.49121911975942,101.49121911975942
963,na,3.7036801632437273,4.796362030321962,14.258620802974306,62.18035392615775
964,na,41.99593592369026,62.86039704829856,18.320928859086514,101.49121911975942
965,na,59.979012235912066,64.79021684887519,35.31212067128659,35.37631749567382
966,na,107.89798694807101,107.89798694807101,39.985766762645966,46.5423475443478
967,na,31.59644505159509,45.86524185635405,35.21023054669108,50.21979033893752
968,na,25.546602979959097,26.34338509197243,101.49121911975942,101.49121911975942
969,na,15.28045083889692,33.406694940328926,39.50183843757344,101.49121911975942
970,na,19.817004313654017,58.50674799416432,19.084606663362834,22.783929691144177
971,na,25.79436976682419,26.680357057796595,101.49121911975942,101.49121911975942
972,na,21.618073625650545,39.10320496592188,36.664400575684944,46.87603118982212
973,na,32.64528336891062,107.89798694807101,43.77064367737732,66.0930511193575
974,na,29.09789656991396,107.89798694807101,34.60432435597372,42.32298639532576
975,na,13.664863877777744,17.08456679651518,26.016593189061975,35.92501199779149
976,na,32.342014386745745,107.89798694807101,68.50384310408342,80.84072709825533
977,na,14.87593297660872,49.11771716337126,28.83046197260208,40.508908861461094
978,na,21.206978790195997,22.56470653418569,53.4535452754695,56.877095627916134
979,na,6.8890256553137075,17.930224353053784,6.332969273996863,13.135511399979249
980,na,37.61668088004802,42.89515661225514,101.49121911975942,101.49121911975942
981,na,21.650644156624367,22.732526881168162,17.910648078402446,27.569068545256965
982,na,39.949229890538064,49.812275586955614,101.49121911975942,101.49121911975942
983,na,16.809514832334877,17.602771618163505,9.597370999475316,29.950778383121502
984,na,18.985961287853332,20.347612722933917,20.584324148353865,32.45869003851618
985,na,51.60234213513561,51.73538783903939,34.2311016044504,38.84644164113741
986,na,29.928776171135993,41.363285609665034,31.67258159422357,43.11465196599262
987,na,26.762418452774973,28.1917001000592,27.56061991468626,57.35132052309855
988,na,107.89798694807101,107.89798694807101,101.49121911975942,101.49121911975942
989,na,45.35201656961248,50.72601024982285,36.62445867098651,46.84064336630988
990,na,29.358612762207194,107.89798694807101,101.49121911975942,101.49121911975942
991,na,24.270263566476068,64.95621515018284,42.4583748281874,101.49121911975942
992,na,17.250893659593203,39.722226217050704,25.955638499459535,36.03571292452579
993,na,107.89798694807101,107.89798694807101,101.49121911975942,101.49121911975942
994,na,13.070455727970959,30.899427945951093,19.89723708684463,27.208837154675425
995,na,28.228324724478362,107.89798694807101,26.238910970308172,101.49121911975942
996,na,29.099022780756535,39.21989050372925,27.67619924433248,32.329836024580494
997,na,13.212734065103646,27.44756526472933,29.730857641779558,33.909415819400905
998,na,25.334828185170483,28.773232517843308,35.87873371230966,101.49121911975942
999,na,107.89798694807101,107.89798694807101,23.714626159894415,33.246934440887244
