node, assignment, time2inf_trt, time2death_trt, time2inf_con, time2death_con
0,na,-1,0,-1,0
1,na,-1,0,-1,0
2,na,-1,0,-1,0
3,na,-1,0,-1,0
4,na,299.47751191878183,299.47751191878183,305.5999348911892,305.5999348911892
5,na,49.61010036468273,60.62136329161299,305.5999348911892,305.5999348911892
6,e,299.47751191878183,299.47751191878183,305.5999348911892,305.5999348911892
7,na,299.47751191878183,299.47751191878183,305.5999348911892,305.5999348911892
8,na,299.47751191878183,299.47751191878183,305.5999348911892,305.5999348911892
9,na,299.47751191878183,299.47751191878183,305.5999348911892,305.5999348911892
10,na,299.47751191878183,299.47751191878183,305.5999348911892,305.5999348911892
11,na,299.47751191878183,299.47751191878183,305.5999348911892,305.5999348911892
12,na,299.47751191878183,299.47751191878183,305.5999348911892,305.5999348911892
13,na,299.47751191878183,299.47751191878183,305.5999348911892,305.5999348911892
14,na,299.47751191878183,299.47751191878183,305.5999348911892,305.5999348911892
15,na,299.47751191878183,299.47751191878183,305.5999348911892,305.5999348911892
16,na,299.47751191878183,299.47751191878183,305.5999348911892,305.5999348911892
17,na,299.47751191878183,299.47751191878183,305.5999348911892,305.5999348911892
18,na,38.75644289451856,45.50238960009101,305.5999348911892,305.5999348911892
19,na,299.47751191878183,299.47751191878183,32.77144944888567,35.71140761449855
20,na,299.47751191878183,299.47751191878183,305.5999348911892,305.5999348911892
21,na,299.47751191878183,299.47751191878183,305.5999348911892,305.5999348911892
22,na,299.47751191878183,299.47751191878183,305.5999348911892,305.5999348911892
23,e,299.47751191878183,299.47751191878183,305.5999348911892,305.5999348911892
24,na,8.522001522822933,18.47482480832968,305.5999348911892,305.5999348911892
25,na,181.20526880169356,193.6137403132914,305.5999348911892,305.5999348911892
26,na,299.47751191878183,299.47751191878183,305.5999348911892,305.5999348911892
27,na,299.47751191878183,299.47751191878183,305.5999348911892,305.5999348911892
28,na,53.371341501713836,59.538041144391116,305.5999348911892,305.5999348911892
29,na,299.47751191878183,299.47751191878183,305.5999348911892,305.5999348911892
30,na,299.47751191878183,299.47751191878183,305.5999348911892,305.5999348911892
31,e,299.47751191878183,299.47751191878183,305.5999348911892,305.5999348911892
32,na,299.47751191878183,299.47751191878183,305.5999348911892,305.5999348911892
33,na,299.47751191878183,299.47751191878183,305.5999348911892,305.5999348911892
34,na,299.47751191878183,299.47751191878183,305.5999348911892,305.5999348911892
35,e,299.47751191878183,299.47751191878183,305.5999348911892,305.5999348911892
36,na,299.47751191878183,299.47751191878183,305.5999348911892,305.5999348911892
37,na,299.47751191878183,299.47751191878183,305.5999348911892,305.5999348911892
38,na,299.47751191878183,299.47751191878183,305.5999348911892,305.5999348911892
39,na,299.47751191878183,299.47751191878183,305.5999348911892,305.5999348911892
40,e,299.47751191878183,299.47751191878183,104.57712198362671,109.14945748040986
41,na,299.47751191878183,299.47751191878183,305.5999348911892,305.5999348911892
42,na,299.47751191878183,299.47751191878183,305.5999348911892,305.5999348911892
43,na,299.47751191878183,299.47751191878183,305.5999348911892,305.5999348911892
44,na,299.47751191878183,299.47751191878183,305.5999348911892,305.5999348911892
45,na,299.47751191878183,299.47751191878183,305.5999348911892,305.5999348911892
46,na,299.47751191878183,299.47751191878183,305.5999348911892,305.5999348911892
47,na,299.47751191878183,299.47751191878183,305.5999348911892,305.5999348911892
48,e,299.47751191878183,299.47751191878183,305.5999348911892,305.5999348911892
49,na,299.47751191878183,299.47751191878183,305.5999348911892,305.5999348911892
50,na,299.47751191878183,299.47751191878183,305.5999348911892,305.5999348911892
51,na,299.47751191878183,299.47751191878183,305.5999348911892,305.5999348911892
52,na,299.47751191878183,299.47751191878183,12.141950984367242,42.90162014435056
53,na,299.47751191878183,299.47751191878183,305.5999348911892,305.5999348911892
54,na,118.05509509051487,123.62058579572218,305.5999348911892,305.5999348911892
55,na,299.47751191878183,299.47751191878183,305.5999348911892,305.5999348911892
56,na,299.47751191878183,299.47751191878183,305.5999348911892,305.5999348911892
57,na,299.47751191878183,299.47751191878183,305.5999348911892,305.5999348911892
58,na,299.47751191878183,299.47751191878183,47.50634052245987,52.31398320478255
59,na,299.47751191878183,299.47751191878183,305.5999348911892,305.5999348911892
60,na,299.47751191878183,299.47751191878183,305.5999348911892,305.5999348911892
61,na,299.47751191878183,299.47751191878183,305.5999348911892,305.5999348911892
62,na,54.64787287982217,72.44685043151168,305.5999348911892,305.5999348911892
63,na,57.267691356852445,77.92506524146324,305.5999348911892,305.5999348911892
64,na,299.47751191878183,299.47751191878183,305.5999348911892,305.5999348911892
65,na,299.47751191878183,299.47751191878183,305.5999348911892,305.5999348911892
66,na,299.47751191878183,299.47751191878183,50.17157671834244,58.817229900281674
67,na,299.47751191878183,299.47751191878183,305.5999348911892,305.5999348911892
68,na,299.47751191878183,299.47751191878183,305.5999348911892,305.5999348911892
69,na,299.47751191878183,299.47751191878183,305.5999348911892,305.5999348911892
70,na,299.47751191878183,299.47751191878183,305.5999348911892,305.5999348911892
71,na,299.47751191878183,299.47751191878183,305.5999348911892,305.5999348911892
72,na,299.47751191878183,299.47751191878183,305.5999348911892,305.5999348911892
73,na,299.47751191878183,299.47751191878183,305.5999348911892,305.5999348911892
74,na,299.47751191878183,299.47751191878183,305.5999348911892,305.5999348911892
75,e,299.47751191878183,299.47751191878183,305.5999348911892,305.5999348911892
76,na,299.47751191878183,299.47751191878183,305.5999348911892,305.5999348911892
77,na,299.47751191878183,299.47751191878183,305.5999348911892,305.5999348911892
78,na,299.47751191878183,299.47751191878183,305.5999348911892,305.5999348911892
79,na,299.47751191878183,299.47751191878183,305.5999348911892,305.5999348911892
80,e,299.47751191878183,299.47751191878183,305.5999348911892,305.5999348911892
81,na,299.47751191878183,299.47751191878183,305.5999348911892,305.5999348911892
82,na,299.47751191878183,299.47751191878183,305.5999348911892,305.5999348911892
83,na,299.47751191878183,299.47751191878183,305.5999348911892,305.5999348911892
84,e,299.47751191878183,299.47751191878183,305.5999348911892,305.5999348911892
85,na,60.093171533073246,63.543070160536026,305.5999348911892,305.5999348911892
86,na,299.47751191878183,299.47751191878183,305.5999348911892,305.5999348911892
87,na,299.47751191878183,299.47751191878183,305.5999348911892,305.5999348911892
88,na,299.47751191878183,299.47751191878183,305.5999348911892,305.5999348911892
89,na,299.47751191878183,299.47751191878183,305.5999348911892,305.5999348911892
90,na,299.47751191878183,299.47751191878183,305.5999348911892,305.5999348911892
91,na,299.47751191878183,299.47751191878183,305.5999348911892,305.5999348911892
92,na,299.47751191878183,299.47751191878183,305.5999348911892,305.5999348911892
93,na,299.47751191878183,299.47751191878183,305.5999348911892,305.5999348911892
94,na,299.47751191878183,299.47751191878183,305.5999348911892,305.5999348911892
95,na,299.47751191878183,299.47751191878183,305.5999348911892,305.5999348911892
96,na,62.79300165374221,66.74760052610935,305.5999348911892,305.5999348911892
97,na,299.47751191878183,299.47751191878183,305.5999348911892,305.5999348911892
98,na,299.47751191878183,299.47751191878183,305.5999348911892,305.5999348911892
99,na,299.47751191878183,299.47751191878183,305.5999348911892,305.5999348911892
100,na,299.47751191878183,299.47751191878183,305.5999348911892,305.5999348911892
101,na,299.47751191878183,299.47751191878183,305.5999348911892,305.5999348911892
102,e,299.47751191878183,299.47751191878183,305.5999348911892,305.5999348911892
103,na,299.47751191878183,299.47751191878183,305.5999348911892,305.5999348911892
104,na,299.47751191878183,299.47751191878183,305.5999348911892,305.5999348911892
105,na,299.47751191878183,299.47751191878183,305.5999348911892,305.5999348911892
106,na,299.47751191878183,299.47751191878183,305.5999348911892,305.5999348911892
107,na,299.47751191878183,299.47751191878183,305.5999348911892,305.5999348911892
108,na,299.47751191878183,299.47751191878183,305.5999348911892,305.5999348911892
109,na,299.47751191878183,299.47751191878183,305.5999348911892,305.5999348911892
110,na,299.47751191878183,299.47751191878183,305.5999348911892,305.5999348911892
111,na,299.47751191878183,299.47751191878183,305.5999348911892,305.5999348911892
112,e,299.47751191878183,299.47751191878183,305.5999348911892,305.5999348911892
113,na,299.47751191878183,299.47751191878183,305.5999348911892,305.5999348911892
114,na,299.47751191878183,299.47751191878183,305.5999348911892,305.5999348911892
115,e,299.47751191878183,299.47751191878183,305.5999348911892,305.5999348911892
116,na,299.47751191878183,299.47751191878183,305.5999348911892,305.5999348911892
117,na,299.47751191878183,299.47751191878183,305.5999348911892,305.5999348911892
118,na,299.47751191878183,299.47751191878183,305.5999348911892,305.5999348911892
119,na,102.71863075103639,113.6918255336384,305.5999348911892,305.5999348911892
120,na,299.47751191878183,299.47751191878183,305.5999348911892,305.5999348911892
121,na,299.47751191878183,299.47751191878183,305.5999348911892,305.5999348911892
122,na,299.47751191878183,299.47751191878183,305.5999348911892,305.5999348911892
123,na,299.47751191878183,299.47751191878183,305.5999348911892,305.5999348911892
124,na,299.47751191878183,299.47751191878183,305.5999348911892,305.5999348911892
125,na,299.47751191878183,299.47751191878183,305.5999348911892,305.5999348911892
126,e,299.47751191878183,299.47751191878183,305.5999348911892,305.5999348911892
127,na,299.47751191878183,299.47751191878183,305.5999348911892,305.5999348911892
128,na,158.70782919915078,162.76417511301452,124.8247127088518,135.90664167497687
129,na,299.47751191878183,299.47751191878183,305.5999348911892,305.5999348911892
130,na,299.47751191878183,299.47751191878183,305.5999348911892,305.5999348911892
131,na,76.23916916836001,80.68956327657772,162.83281240804038,177.46152675083567
132,na,299.47751191878183,299.47751191878183,305.5999348911892,305.5999348911892
133,na,299.47751191878183,299.47751191878183,305.5999348911892,305.5999348911892
134,na,299.47751191878183,299.47751191878183,305.5999348911892,305.5999348911892
135,na,299.47751191878183,299.47751191878183,305.5999348911892,305.5999348911892
136,e,299.47751191878183,299.47751191878183,305.5999348911892,305.5999348911892
137,na,174.69467298156383,180.65660857784565,305.5999348911892,305.5999348911892
138,na,299.47751191878183,299.47751191878183,305.5999348911892,305.5999348911892
139,na,299.47751191878183,299.47751191878183,305.5999348911892,305.5999348911892
140,na,299.47751191878183,299.47751191878183,305.5999348911892,305.5999348911892
141,na,299.47751191878183,299.47751191878183,305.5999348911892,305.5999348911892
142,na,299.47751191878183,299.47751191878183,305.5999348911892,305.5999348911892
143,na,299.47751191878183,299.47751191878183,305.5999348911892,305.5999348911892
144,na,299.47751191878183,299.47751191878183,305.5999348911892,305.5999348911892
145,na,299.47751191878183,299.47751191878183,305.5999348911892,305.5999348911892
146,na,299.47751191878183,299.47751191878183,305.5999348911892,305.5999348911892
147,na,299.47751191878183,299.47751191878183,305.5999348911892,305.5999348911892
148,na,299.47751191878183,299.47751191878183,305.5999348911892,305.5999348911892
149,na,299.47751191878183,299.47751191878183,305.5999348911892,305.5999348911892
150,na,299.47751191878183,299.47751191878183,305.5999348911892,305.5999348911892
151,na,299.47751191878183,299.47751191878183,305.5999348911892,305.5999348911892
152,na,299.47751191878183,299.47751191878183,305.5999348911892,305.5999348911892
153,na,299.47751191878183,299.47751191878183,305.5999348911892,305.5999348911892
154,na,299.47751191878183,299.47751191878183,66.00374492902172,104.97525359108195
155,e,80.6416749804122,90.00957403552576,305.5999348911892,305.5999348911892
156,na,299.47751191878183,299.47751191878183,305.5999348911892,305.5999348911892
157,na,299.47751191878183,299.47751191878183,305.5999348911892,305.5999348911892
158,na,299.47751191878183,299.47751191878183,305.5999348911892,305.5999348911892
159,na,299.47751191878183,299.47751191878183,305.5999348911892,305.5999348911892
160,na,299.47751191878183,299.47751191878183,305.5999348911892,305.5999348911892
161,na,299.47751191878183,299.47751191878183,305.5999348911892,305.5999348911892
162,na,299.47751191878183,299.47751191878183,305.5999348911892,305.5999348911892
163,na,299.47751191878183,299.47751191878183,305.5999348911892,305.5999348911892
164,na,299.47751191878183,299.47751191878183,305.5999348911892,305.5999348911892
165,na,299.47751191878183,299.47751191878183,305.5999348911892,305.5999348911892
166,na,299.47751191878183,299.47751191878183,305.5999348911892,305.5999348911892
167,na,299.47751191878183,299.47751191878183,305.5999348911892,305.5999348911892
168,na,299.47751191878183,299.47751191878183,305.5999348911892,305.5999348911892
169,e,299.47751191878183,299.47751191878183,305.5999348911892,305.5999348911892
170,na,299.47751191878183,299.47751191878183,305.5999348911892,305.5999348911892
171,na,299.47751191878183,299.47751191878183,26.167585008639016,34.850544674755376
172,na,299.47751191878183,299.47751191878183,305.5999348911892,305.5999348911892
173,na,299.47751191878183,299.47751191878183,305.5999348911892,305.5999348911892
174,na,299.47751191878183,299.47751191878183,305.5999348911892,305.5999348911892
175,na,299.47751191878183,299.47751191878183,98.66878100233468,115.5573665148044
176,na,299.47751191878183,299.47751191878183,305.5999348911892,305.5999348911892
177,na,299.47751191878183,299.47751191878183,305.5999348911892,305.5999348911892
178,e,299.47751191878183,299.47751191878183,305.5999348911892,305.5999348911892
179,na,57.75181816361946,61.26090551151749,305.5999348911892,305.5999348911892
180,e,299.47751191878183,299.47751191878183,305.5999348911892,305.5999348911892
181,na,299.47751191878183,299.47751191878183,305.5999348911892,305.5999348911892
182,na,299.47751191878183,299.47751191878183,305.5999348911892,305.5999348911892
183,na,299.47751191878183,299.47751191878183,305.5999348911892,305.5999348911892
184,e,299.47751191878183,299.47751191878183,305.5999348911892,305.5999348911892
185,na,299.47751191878183,299.47751191878183,305.5999348911892,305.5999348911892
186,na,299.47751191878183,299.47751191878183,305.5999348911892,305.5999348911892
187,na,299.47751191878183,299.47751191878183,305.5999348911892,305.5999348911892
188,na,299.47751191878183,299.47751191878183,305.5999348911892,305.5999348911892
189,na,299.47751191878183,299.47751191878183,305.5999348911892,305.5999348911892
190,na,299.47751191878183,299.47751191878183,305.5999348911892,305.5999348911892
191,na,299.47751191878183,299.47751191878183,70.59740733492838,82.92495011646704
192,na,299.47751191878183,299.47751191878183,305.5999348911892,305.5999348911892
193,na,108.93082017018219,127.49347153587202,305.5999348911892,305.5999348911892
194,na,299.47751191878183,299.47751191878183,305.5999348911892,305.5999348911892
195,na,299.47751191878183,299.47751191878183,305.5999348911892,305.5999348911892
196,na,299.47751191878183,299.47751191878183,305.5999348911892,305.5999348911892
197,na,299.47751191878183,299.47751191878183,39.644064935535326,52.0421388464731
198,na,299.47751191878183,299.47751191878183,12.626758334335054,33.89751040048553
199,na,299.47751191878183,299.47751191878183,305.5999348911892,305.5999348911892
200,na,0,24.533455270829098,0,10.127101829514556
201,na,299.47751191878183,299.47751191878183,305.5999348911892,305.5999348911892
202,na,299.47751191878183,299.47751191878183,195.92351248628697,206.5334853527378
203,na,299.47751191878183,299.47751191878183,305.5999348911892,305.5999348911892
204,na,299.47751191878183,299.47751191878183,36.33050102441428,50.383215950549584
205,na,82.64320724026409,87.16229695475113,305.5999348911892,305.5999348911892
206,na,299.47751191878183,299.47751191878183,305.5999348911892,305.5999348911892
207,na,299.47751191878183,299.47751191878183,305.5999348911892,305.5999348911892
208,na,299.47751191878183,299.47751191878183,305.5999348911892,305.5999348911892
209,na,299.47751191878183,299.47751191878183,305.5999348911892,305.5999348911892
210,na,299.47751191878183,299.47751191878183,305.5999348911892,305.5999348911892
211,na,299.47751191878183,299.47751191878183,305.5999348911892,305.5999348911892
212,na,299.47751191878183,299.47751191878183,57.31359506651503,62.14210835465303
213,na,299.47751191878183,299.47751191878183,305.5999348911892,305.5999348911892
214,na,62.87691501932654,84.1122011195438,305.5999348911892,305.5999348911892
215,na,299.47751191878183,299.47751191878183,305.5999348911892,305.5999348911892
216,na,299.47751191878183,299.47751191878183,305.5999348911892,305.5999348911892
217,na,299.47751191878183,299.47751191878183,305.5999348911892,305.5999348911892
218,na,299.47751191878183,299.47751191878183,305.5999348911892,305.5999348911892
219,na,299.47751191878183,299.47751191878183,305.5999348911892,305.5999348911892
220,na,299.47751191878183,299.47751191878183,305.5999348911892,305.5999348911892
221,na,299.47751191878183,299.47751191878183,305.5999348911892,305.5999348911892
222,na,299.47751191878183,299.47751191878183,65.03790604352774,70.87544297332258
223,na,299.47751191878183,299.47751191878183,305.5999348911892,305.5999348911892
224,na,299.47751191878183,299.47751191878183,305.5999348911892,305.5999348911892
225,na,299.47751191878183,299.47751191878183,305.5999348911892,305.5999348911892
226,e,299.47751191878183,299.47751191878183,305.5999348911892,305.5999348911892
227,na,299.47751191878183,299.47751191878183,305.5999348911892,305.5999348911892
228,na,299.47751191878183,299.47751191878183,305.5999348911892,305.5999348911892
229,e,299.47751191878183,299.47751191878183,305.5999348911892,305.5999348911892
230,na,299.47751191878183,299.47751191878183,305.5999348911892,305.5999348911892
231,na,5.959605937391958,18.919651171122045,305.5999348911892,305.5999348911892
232,na,299.47751191878183,299.47751191878183,305.5999348911892,305.5999348911892
233,na,24.408358961656294,30.64085141839154,305.5999348911892,305.5999348911892
234,na,299.47751191878183,299.47751191878183,305.5999348911892,305.5999348911892
235,na,299.47751191878183,299.47751191878183,305.5999348911892,305.5999348911892
236,na,126.88400468945551,154.23438302641156,305.5999348911892,305.5999348911892
237,na,299.47751191878183,299.47751191878183,305.5999348911892,305.5999348911892
238,e,299.47751191878183,299.47751191878183,305.5999348911892,305.5999348911892
239,na,299.47751191878183,299.47751191878183,305.5999348911892,305.5999348911892
240,na,299.47751191878183,299.47751191878183,305.5999348911892,305.5999348911892
241,na,299.47751191878183,299.47751191878183,305.5999348911892,305.5999348911892
242,na,299.47751191878183,299.47751191878183,305.5999348911892,305.5999348911892
243,na,299.47751191878183,299.47751191878183,305.5999348911892,305.5999348911892
244,na,299.47751191878183,299.47751191878183,305.5999348911892,305.5999348911892
245,na,299.47751191878183,299.47751191878183,305.5999348911892,305.5999348911892
246,na,299.47751191878183,299.47751191878183,305.5999348911892,305.5999348911892
247,na,299.47751191878183,299.47751191878183,305.5999348911892,305.5999348911892
248,na,299.47751191878183,299.47751191878183,305.5999348911892,305.5999348911892
249,na,299.47751191878183,299.47751191878183,305.5999348911892,305.5999348911892
250,na,299.47751191878183,299.47751191878183,305.5999348911892,305.5999348911892
251,na,299.47751191878183,299.47751191878183,305.5999348911892,305.5999348911892
252,e,119.28332280052521,153.9127399287008,13.212322493487733,16.039263699972203
253,na,299.47751191878183,299.47751191878183,305.5999348911892,305.5999348911892
254,na,299.47751191878183,299.47751191878183,305.5999348911892,305.5999348911892
255,na,299.47751191878183,299.47751191878183,305.5999348911892,305.5999348911892
256,na,299.47751191878183,299.47751191878183,305.5999348911892,305.5999348911892
257,e,299.47751191878183,299.47751191878183,305.5999348911892,305.5999348911892
258,e,299.47751191878183,299.47751191878183,305.5999348911892,305.5999348911892
259,na,299.47751191878183,299.47751191878183,305.5999348911892,305.5999348911892
260,na,299.47751191878183,299.47751191878183,305.5999348911892,305.5999348911892
261,na,299.47751191878183,299.47751191878183,305.5999348911892,305.5999348911892
262,na,299.47751191878183,299.47751191878183,305.5999348911892,305.5999348911892
263,e,299.47751191878183,299.47751191878183,305.5999348911892,305.5999348911892
264,na,299.47751191878183,299.47751191878183,305.5999348911892,305.5999348911892
265,na,299.47751191878183,299.47751191878183,305.5999348911892,305.5999348911892
266,na,299.47751191878183,299.47751191878183,305.5999348911892,305.5999348911892
267,na,299.47751191878183,299.47751191878183,305.5999348911892,305.5999348911892
268,na,299.47751191878183,299.47751191878183,305.5999348911892,305.5999348911892
269,na,299.47751191878183,299.47751191878183,305.5999348911892,305.5999348911892
270,e,299.47751191878183,299.47751191878183,305.5999348911892,305.5999348911892
271,na,299.47751191878183,299.47751191878183,305.5999348911892,305.5999348911892
272,na,299.47751191878183,299.47751191878183,305.5999348911892,305.5999348911892
273,na,299.47751191878183,299.47751191878183,305.5999348911892,305.5999348911892
274,na,299.47751191878183,299.47751191878183,305.5999348911892,305.5999348911892
275,na,299.47751191878183,299.47751191878183,21.331773996208305,39.31547097250425
276,na,299.47751191878183,299.47751191878183,305.5999348911892,305.5999348911892
277,na,299.47751191878183,299.47751191878183,305.5999348911892,305.5999348911892
278,na,299.47751191878183,299.47751191878183,305.5999348911892,305.5999348911892
279,na,299.47751191878183,299.47751191878183,305.5999348911892,305.5999348911892
280,na,299.47751191878183,299.47751191878183,305.5999348911892,305.5999348911892
281,na,299.47751191878183,299.47751191878183,16.477202610834148,28.682245916695756
282,na,299.47751191878183,299.47751191878183,305.5999348911892,305.5999348911892
283,na,299.47751191878183,299.47751191878183,305.5999348911892,305.5999348911892
284,na,299.47751191878183,299.47751191878183,305.5999348911892,305.5999348911892
285,e,299.47751191878183,299.47751191878183,305.5999348911892,305.5999348911892
286,na,299.47751191878183,299.47751191878183,305.5999348911892,305.5999348911892
287,e,299.47751191878183,299.47751191878183,305.5999348911892,305.5999348911892
288,na,299.47751191878183,299.47751191878183,305.5999348911892,305.5999348911892
289,na,299.47751191878183,299.47751191878183,305.5999348911892,305.5999348911892
290,na,299.47751191878183,299.47751191878183,305.5999348911892,305.5999348911892
291,na,299.47751191878183,299.47751191878183,305.5999348911892,305.5999348911892
292,na,299.47751191878183,299.47751191878183,305.5999348911892,305.5999348911892
293,na,299.47751191878183,299.47751191878183,305.5999348911892,305.5999348911892
294,na,299.47751191878183,299.47751191878183,305.5999348911892,305.5999348911892
295,na,299.47751191878183,299.47751191878183,305.5999348911892,305.5999348911892
296,na,299.47751191878183,299.47751191878183,305.5999348911892,305.5999348911892
297,na,299.47751191878183,299.47751191878183,305.5999348911892,305.5999348911892
298,na,299.47751191878183,299.47751191878183,305.5999348911892,305.5999348911892
299,na,299.47751191878183,299.47751191878183,305.5999348911892,305.5999348911892
300,na,112.10969306197629,121.86824399457268,305.5999348911892,305.5999348911892
301,na,299.47751191878183,299.47751191878183,305.5999348911892,305.5999348911892
302,e,299.47751191878183,299.47751191878183,305.5999348911892,305.5999348911892
303,na,299.47751191878183,299.47751191878183,305.5999348911892,305.5999348911892
304,e,299.47751191878183,299.47751191878183,305.5999348911892,305.5999348911892
305,e,299.47751191878183,299.47751191878183,305.5999348911892,305.5999348911892
306,na,299.47751191878183,299.47751191878183,305.5999348911892,305.5999348911892
307,e,299.47751191878183,299.47751191878183,305.5999348911892,305.5999348911892
308,e,299.47751191878183,299.47751191878183,305.5999348911892,305.5999348911892
309,na,299.47751191878183,299.47751191878183,305.5999348911892,305.5999348911892
310,e,299.47751191878183,299.47751191878183,305.5999348911892,305.5999348911892
311,na,299.47751191878183,299.47751191878183,25.303899650322414,28.688232564226954
312,na,299.47751191878183,299.47751191878183,113.35859804244407,120.11649953063792
313,na,299.47751191878183,299.47751191878183,305.5999348911892,305.5999348911892
314,na,299.47751191878183,299.47751191878183,305.5999348911892,305.5999348911892
315,na,299.47751191878183,299.47751191878183,305.5999348911892,305.5999348911892
316,na,299.47751191878183,299.47751191878183,305.5999348911892,305.5999348911892
317,na,299.47751191878183,299.47751191878183,46.898268077549496,55.26083728086113
318,na,299.47751191878183,299.47751191878183,305.5999348911892,305.5999348911892
319,na,299.47751191878183,299.47751191878183,305.5999348911892,305.5999348911892
320,na,299.47751191878183,299.47751191878183,305.5999348911892,305.5999348911892
321,na,299.47751191878183,299.47751191878183,305.5999348911892,305.5999348911892
322,na,80.8185161764758,83.0984850990693,305.5999348911892,305.5999348911892
323,e,299.47751191878183,299.47751191878183,305.5999348911892,305.5999348911892
324,na,299.47751191878183,299.47751191878183,18.937707881997245,44.514724049824466
325,na,299.47751191878183,299.47751191878183,305.5999348911892,305.5999348911892
326,na,299.47751191878183,299.47751191878183,305.5999348911892,305.5999348911892
327,na,299.47751191878183,299.47751191878183,305.5999348911892,305.5999348911892
328,na,299.47751191878183,299.47751191878183,305.5999348911892,305.5999348911892
329,na,299.47751191878183,299.47751191878183,305.5999348911892,305.5999348911892
330,e,299.47751191878183,299.47751191878183,65.720584077616,72.41299754786779
331,na,299.47751191878183,299.47751191878183,305.5999348911892,305.5999348911892
332,na,299.47751191878183,299.47751191878183,305.5999348911892,305.5999348911892
333,na,24.471467513050456,35.236005192005635,305.5999348911892,305.5999348911892
334,na,299.47751191878183,299.47751191878183,305.5999348911892,305.5999348911892
335,na,299.47751191878183,299.47751191878183,305.5999348911892,305.5999348911892
336,na,299.47751191878183,299.47751191878183,305.5999348911892,305.5999348911892
337,na,299.47751191878183,299.47751191878183,305.5999348911892,305.5999348911892
338,na,299.47751191878183,299.47751191878183,305.5999348911892,305.5999348911892
339,na,299.47751191878183,299.47751191878183,305.5999348911892,305.5999348911892
340,na,299.47751191878183,299.47751191878183,305.5999348911892,305.5999348911892
341,na,299.47751191878183,299.47751191878183,57.69810294557168,58.53380443388837
342,na,299.47751191878183,299.47751191878183,305.5999348911892,305.5999348911892
343,na,299.47751191878183,299.47751191878183,305.5999348911892,305.5999348911892
344,na,299.47751191878183,299.47751191878183,305.5999348911892,305.5999348911892
345,na,299.47751191878183,299.47751191878183,305.5999348911892,305.5999348911892
346,na,299.47751191878183,299.47751191878183,305.5999348911892,305.5999348911892
347,na,299.47751191878183,299.47751191878183,205.00653795486275,213.14950060640638
348,na,299.47751191878183,299.47751191878183,305.5999348911892,305.5999348911892
349,na,299.47751191878183,299.47751191878183,305.5999348911892,305.5999348911892
350,na,299.47751191878183,299.47751191878183,305.5999348911892,305.5999348911892
351,na,299.47751191878183,299.47751191878183,305.5999348911892,305.5999348911892
352,na,299.47751191878183,299.47751191878183,305.5999348911892,305.5999348911892
353,na,299.47751191878183,299.47751191878183,305.5999348911892,305.5999348911892
354,na,155.03200064736944,190.26234494294513,305.5999348911892,305.5999348911892
355,na,299.47751191878183,299.47751191878183,305.5999348911892,305.5999348911892
356,na,299.47751191878183,299.47751191878183,305.5999348911892,305.5999348911892
357,na,299.47751191878183,299.47751191878183,305.5999348911892,305.5999348911892
358,na,299.47751191878183,299.47751191878183,305.5999348911892,305.5999348911892
359,na,299.47751191878183,299.47751191878183,305.5999348911892,305.5999348911892
360,e,299.47751191878183,299.47751191878183,305.5999348911892,305.5999348911892
361,na,299.47751191878183,299.47751191878183,305.5999348911892,305.5999348911892
362,na,43.89692540717088,52.69416535384919,305.5999348911892,305.5999348911892
363,na,299.47751191878183,299.47751191878183,305.5999348911892,305.5999348911892
364,e,299.47751191878183,299.47751191878183,305.5999348911892,305.5999348911892
365,na,299.47751191878183,299.47751191878183,305.5999348911892,305.5999348911892
366,na,299.47751191878183,299.47751191878183,305.5999348911892,305.5999348911892
367,na,299.47751191878183,299.47751191878183,305.5999348911892,305.5999348911892
368,na,299.47751191878183,299.47751191878183,305.5999348911892,305.5999348911892
369,na,299.47751191878183,299.47751191878183,305.5999348911892,305.5999348911892
370,na,299.47751191878183,299.47751191878183,305.5999348911892,305.5999348911892
371,na,299.47751191878183,299.47751191878183,24.51978994803127,29.74758113317731
372,na,299.47751191878183,299.47751191878183,305.5999348911892,305.5999348911892
373,na,299.47751191878183,299.47751191878183,305.5999348911892,305.5999348911892
374,na,299.47751191878183,299.47751191878183,305.5999348911892,305.5999348911892
375,na,299.47751191878183,299.47751191878183,134.04677344863728,137.3608038783041
376,na,299.47751191878183,299.47751191878183,305.5999348911892,305.5999348911892
377,na,299.47751191878183,299.47751191878183,305.5999348911892,305.5999348911892
378,na,299.47751191878183,299.47751191878183,305.5999348911892,305.5999348911892
379,na,299.47751191878183,299.47751191878183,305.5999348911892,305.5999348911892
380,na,299.47751191878183,299.47751191878183,305.5999348911892,305.5999348911892
381,e,299.47751191878183,299.47751191878183,305.5999348911892,305.5999348911892
382,na,299.47751191878183,299.47751191878183,305.5999348911892,305.5999348911892
383,na,65.80335491458395,81.15624741411055,305.5999348911892,305.5999348911892
384,na,299.47751191878183,299.47751191878183,15.270296650431805,30.434449049107442
385,na,299.47751191878183,299.47751191878183,305.5999348911892,305.5999348911892
386,na,299.47751191878183,299.47751191878183,305.5999348911892,305.5999348911892
387,na,299.47751191878183,299.47751191878183,305.5999348911892,305.5999348911892
388,na,299.47751191878183,299.47751191878183,305.5999348911892,305.5999348911892
389,na,299.47751191878183,299.47751191878183,305.5999348911892,305.5999348911892
390,na,299.47751191878183,299.47751191878183,305.5999348911892,305.5999348911892
391,na,299.47751191878183,299.47751191878183,305.5999348911892,305.5999348911892
392,na,299.47751191878183,299.47751191878183,46.98690335226778,58.745603733015955
393,na,299.47751191878183,299.47751191878183,305.5999348911892,305.5999348911892
394,na,299.47751191878183,299.47751191878183,305.5999348911892,305.5999348911892
395,na,299.47751191878183,299.47751191878183,305.5999348911892,305.5999348911892
396,na,299.47751191878183,299.47751191878183,305.5999348911892,305.5999348911892
397,na,299.47751191878183,299.47751191878183,305.5999348911892,305.5999348911892
398,na,299.47751191878183,299.47751191878183,305.5999348911892,305.5999348911892
399,na,299.47751191878183,299.47751191878183,305.5999348911892,305.5999348911892
400,na,299.47751191878183,299.47751191878183,305.5999348911892,305.5999348911892
401,na,299.47751191878183,299.47751191878183,305.5999348911892,305.5999348911892
402,na,299.47751191878183,299.47751191878183,305.5999348911892,305.5999348911892
403,na,299.47751191878183,299.47751191878183,305.5999348911892,305.5999348911892
404,na,299.47751191878183,299.47751191878183,305.5999348911892,305.5999348911892
405,na,106.9169269218464,135.78383043249275,305.5999348911892,305.5999348911892
406,na,299.47751191878183,299.47751191878183,305.5999348911892,305.5999348911892
407,na,299.47751191878183,299.47751191878183,305.5999348911892,305.5999348911892
408,na,299.47751191878183,299.47751191878183,305.5999348911892,305.5999348911892
409,na,299.47751191878183,3.9526796375547204,305.5999348911892,25.87440550022912
410,na,299.47751191878183,299.47751191878183,305.5999348911892,305.5999348911892
411,na,299.47751191878183,299.47751191878183,305.5999348911892,305.5999348911892
412,na,299.47751191878183,299.47751191878183,305.5999348911892,305.5999348911892
413,na,17.134554772712782,22.97686216639314,13.082227004205187,25.775263148314906
414,na,299.47751191878183,299.47751191878183,305.5999348911892,305.5999348911892
415,na,47.94838675070964,63.96641845054758,305.5999348911892,305.5999348911892
416,na,299.47751191878183,299.47751191878183,305.5999348911892,305.5999348911892
417,na,299.47751191878183,299.47751191878183,305.5999348911892,305.5999348911892
418,na,299.47751191878183,299.47751191878183,305.5999348911892,305.5999348911892
419,na,299.47751191878183,299.47751191878183,305.5999348911892,305.5999348911892
420,na,299.47751191878183,299.47751191878183,305.5999348911892,305.5999348911892
421,na,299.47751191878183,299.47751191878183,305.5999348911892,305.5999348911892
422,na,299.47751191878183,299.47751191878183,305.5999348911892,305.5999348911892
423,na,299.47751191878183,299.47751191878183,305.5999348911892,305.5999348911892
424,na,299.47751191878183,299.47751191878183,305.5999348911892,305.5999348911892
425,na,299.47751191878183,299.47751191878183,305.5999348911892,305.5999348911892
426,na,39.543142643738754,58.19729235053792,305.5999348911892,305.5999348911892
427,na,299.47751191878183,299.47751191878183,305.5999348911892,305.5999348911892
428,na,299.47751191878183,299.47751191878183,305.5999348911892,305.5999348911892
429,e,299.47751191878183,299.47751191878183,305.5999348911892,305.5999348911892
430,na,299.47751191878183,299.47751191878183,305.5999348911892,305.5999348911892
431,e,299.47751191878183,299.47751191878183,305.5999348911892,305.5999348911892
432,na,299.47751191878183,299.47751191878183,305.5999348911892,305.5999348911892
433,na,36.38008049392505,38.294775026310774,305.5999348911892,305.5999348911892
434,e,299.47751191878183,299.47751191878183,305.5999348911892,305.5999348911892
435,na,299.47751191878183,299.47751191878183,305.5999348911892,305.5999348911892
436,na,299.47751191878183,299.47751191878183,305.5999348911892,305.5999348911892
437,e,299.47751191878183,299.47751191878183,305.5999348911892,305.5999348911892
438,na,299.47751191878183,299.47751191878183,305.5999348911892,305.5999348911892
439,na,299.47751191878183,299.47751191878183,305.5999348911892,305.5999348911892
440,na,299.47751191878183,299.47751191878183,305.5999348911892,305.5999348911892
441,na,299.47751191878183,299.47751191878183,305.5999348911892,305.5999348911892
442,na,299.47751191878183,299.47751191878183,305.5999348911892,305.5999348911892
443,na,299.47751191878183,299.47751191878183,305.5999348911892,305.5999348911892
444,na,299.47751191878183,299.47751191878183,305.5999348911892,305.5999348911892
445,na,299.47751191878183,299.47751191878183,305.5999348911892,305.5999348911892
446,na,299.47751191878183,299.47751191878183,305.5999348911892,305.5999348911892
447,na,299.47751191878183,299.47751191878183,305.5999348911892,305.5999348911892
448,na,299.47751191878183,299.47751191878183,305.5999348911892,305.5999348911892
449,na,299.47751191878183,299.47751191878183,305.5999348911892,305.5999348911892
450,e,299.47751191878183,299.47751191878183,305.5999348911892,305.5999348911892
451,na,299.47751191878183,299.47751191878183,305.5999348911892,305.5999348911892
452,na,299.47751191878183,299.47751191878183,305.5999348911892,305.5999348911892
453,na,299.47751191878183,299.47751191878183,305.5999348911892,305.5999348911892
454,na,299.47751191878183,299.47751191878183,305.5999348911892,305.5999348911892
455,na,299.47751191878183,299.47751191878183,305.5999348911892,305.5999348911892
456,na,299.47751191878183,299.47751191878183,305.5999348911892,305.5999348911892
457,na,299.47751191878183,299.47751191878183,305.5999348911892,305.5999348911892
458,na,299.47751191878183,299.47751191878183,305.5999348911892,305.5999348911892
459,na,299.47751191878183,299.47751191878183,305.5999348911892,305.5999348911892
460,na,299.47751191878183,299.47751191878183,305.5999348911892,305.5999348911892
461,na,299.47751191878183,299.47751191878183,305.5999348911892,305.5999348911892
462,na,299.47751191878183,299.47751191878183,305.5999348911892,305.5999348911892
463,e,299.47751191878183,299.47751191878183,305.5999348911892,305.5999348911892
464,na,299.47751191878183,299.47751191878183,305.5999348911892,305.5999348911892
465,e,299.47751191878183,299.47751191878183,305.5999348911892,305.5999348911892
466,na,299.47751191878183,299.47751191878183,305.5999348911892,305.5999348911892
467,na,299.47751191878183,299.47751191878183,305.5999348911892,305.5999348911892
468,na,299.47751191878183,299.47751191878183,305.5999348911892,305.5999348911892
469,na,299.47751191878183,299.47751191878183,305.5999348911892,305.5999348911892
470,na,299.47751191878183,299.47751191878183,305.5999348911892,305.5999348911892
471,na,299.47751191878183,299.47751191878183,305.5999348911892,305.5999348911892
472,na,299.47751191878183,299.47751191878183,305.5999348911892,305.5999348911892
473,na,299.47751191878183,299.47751191878183,305.5999348911892,305.5999348911892
474,e,299.47751191878183,299.47751191878183,305.5999348911892,305.5999348911892
475,na,299.47751191878183,299.47751191878183,305.5999348911892,305.5999348911892
476,na,299.47751191878183,299.47751191878183,305.5999348911892,305.5999348911892
477,na,299.47751191878183,299.47751191878183,305.5999348911892,305.5999348911892
478,na,299.47751191878183,299.47751191878183,305.5999348911892,305.5999348911892
479,na,299.47751191878183,299.47751191878183,305.5999348911892,305.5999348911892
480,na,299.47751191878183,299.47751191878183,305.5999348911892,305.5999348911892
481,na,299.47751191878183,299.47751191878183,305.5999348911892,305.5999348911892
482,na,299.47751191878183,299.47751191878183,305.5999348911892,305.5999348911892
483,na,299.47751191878183,299.47751191878183,305.5999348911892,305.5999348911892
484,na,299.47751191878183,299.47751191878183,305.5999348911892,305.5999348911892
485,na,299.47751191878183,299.47751191878183,305.5999348911892,305.5999348911892
486,na,299.47751191878183,299.47751191878183,305.5999348911892,305.5999348911892
487,na,299.47751191878183,299.47751191878183,305.5999348911892,305.5999348911892
488,na,299.47751191878183,299.47751191878183,305.5999348911892,305.5999348911892
489,na,299.47751191878183,299.47751191878183,305.5999348911892,305.5999348911892
490,na,299.47751191878183,299.47751191878183,305.5999348911892,305.5999348911892
491,na,15.223219753078995,29.475369676131262,305.5999348911892,305.5999348911892
492,na,299.47751191878183,299.47751191878183,305.5999348911892,305.5999348911892
493,na,299.47751191878183,299.47751191878183,305.5999348911892,305.5999348911892
494,na,299.47751191878183,299.47751191878183,305.5999348911892,305.5999348911892
495,na,38.5665708046573,49.359266001114925,135.2111883064821,157.66368235319572
496,na,299.47751191878183,299.47751191878183,305.5999348911892,305.5999348911892
497,na,299.47751191878183,299.47751191878183,305.5999348911892,305.5999348911892
498,na,299.47751191878183,299.47751191878183,305.5999348911892,305.5999348911892
499,na,299.47751191878183,299.47751191878183,305.5999348911892,305.5999348911892
500,na,299.47751191878183,299.47751191878183,305.5999348911892,305.5999348911892
501,na,299.47751191878183,299.47751191878183,305.5999348911892,305.5999348911892
502,na,33.47062657054352,45.19940204129111,305.5999348911892,305.5999348911892
503,na,299.47751191878183,299.47751191878183,305.5999348911892,305.5999348911892
504,na,299.47751191878183,299.47751191878183,305.5999348911892,305.5999348911892
505,na,299.47751191878183,299.47751191878183,305.5999348911892,305.5999348911892
506,na,299.47751191878183,299.47751191878183,305.5999348911892,305.5999348911892
507,na,299.47751191878183,299.47751191878183,305.5999348911892,305.5999348911892
508,na,299.47751191878183,299.47751191878183,305.5999348911892,305.5999348911892
509,na,299.47751191878183,299.47751191878183,305.5999348911892,305.5999348911892
510,na,299.47751191878183,299.47751191878183,305.5999348911892,305.5999348911892
511,e,299.47751191878183,299.47751191878183,305.5999348911892,305.5999348911892
512,na,299.47751191878183,299.47751191878183,305.5999348911892,305.5999348911892
513,na,299.47751191878183,299.47751191878183,305.5999348911892,305.5999348911892
514,na,299.47751191878183,299.47751191878183,305.5999348911892,305.5999348911892
515,na,299.47751191878183,299.47751191878183,305.5999348911892,305.5999348911892
516,na,299.47751191878183,299.47751191878183,305.5999348911892,305.5999348911892
517,na,299.47751191878183,5.4469247471208435,305.5999348911892,3.860759822611137
518,na,299.47751191878183,299.47751191878183,305.5999348911892,305.5999348911892
519,na,113.73391124773332,117.47856005940886,305.5999348911892,305.5999348911892
520,na,299.47751191878183,299.47751191878183,48.09917438569655,60.29320257870741
521,na,299.47751191878183,299.47751191878183,305.5999348911892,305.5999348911892
522,na,66.13982695005778,103.1956086772695,305.5999348911892,305.5999348911892
523,na,299.47751191878183,299.47751191878183,305.5999348911892,305.5999348911892
524,na,299.47751191878183,299.47751191878183,305.5999348911892,305.5999348911892
525,na,42.11651056866002,52.57254472169687,305.5999348911892,305.5999348911892
526,na,299.47751191878183,299.47751191878183,305.5999348911892,305.5999348911892
527,na,299.47751191878183,299.47751191878183,305.5999348911892,305.5999348911892
528,na,299.47751191878183,299.47751191878183,305.5999348911892,305.5999348911892
529,na,299.47751191878183,299.47751191878183,305.5999348911892,305.5999348911892
530,na,299.47751191878183,299.47751191878183,305.5999348911892,305.5999348911892
531,na,299.47751191878183,10.833481825573394,305.5999348911892,0.16286844055148172
532,na,299.47751191878183,299.47751191878183,305.5999348911892,305.5999348911892
533,na,299.47751191878183,299.47751191878183,305.5999348911892,305.5999348911892
534,na,299.47751191878183,299.47751191878183,305.5999348911892,305.5999348911892
535,na,299.47751191878183,299.47751191878183,305.5999348911892,305.5999348911892
536,na,299.47751191878183,299.47751191878183,305.5999348911892,305.5999348911892
537,na,225.26820754494966,231.96307133682893,305.5999348911892,305.5999348911892
538,na,299.47751191878183,299.47751191878183,305.5999348911892,305.5999348911892
539,e,299.47751191878183,299.47751191878183,305.5999348911892,305.5999348911892
540,na,299.47751191878183,299.47751191878183,305.5999348911892,305.5999348911892
541,e,299.47751191878183,299.47751191878183,305.5999348911892,305.5999348911892
542,na,299.47751191878183,299.47751191878183,305.5999348911892,305.5999348911892
543,na,299.47751191878183,299.47751191878183,305.5999348911892,305.5999348911892
544,na,299.47751191878183,299.47751191878183,135.77571422580792,141.19221375631886
545,na,299.47751191878183,299.47751191878183,305.5999348911892,305.5999348911892
546,na,34.133749863318606,47.686878722987274,305.5999348911892,305.5999348911892
547,na,299.47751191878183,299.47751191878183,305.5999348911892,305.5999348911892
548,e,299.47751191878183,299.47751191878183,305.5999348911892,305.5999348911892
549,na,299.47751191878183,299.47751191878183,305.5999348911892,305.5999348911892
550,na,299.47751191878183,299.47751191878183,305.5999348911892,305.5999348911892
551,na,299.47751191878183,299.47751191878183,305.5999348911892,305.5999348911892
552,na,299.47751191878183,299.47751191878183,38.658096133566865,62.54489068525453
553,na,299.47751191878183,299.47751191878183,305.5999348911892,305.5999348911892
554,na,299.47751191878183,299.47751191878183,305.5999348911892,305.5999348911892
555,na,299.47751191878183,299.47751191878183,108.82592417348707,113.35781368928374
556,na,299.47751191878183,299.47751191878183,305.5999348911892,305.5999348911892
557,na,299.47751191878183,299.47751191878183,305.5999348911892,305.5999348911892
558,na,131.58142997761647,138.43935789046714,305.5999348911892,305.5999348911892
559,na,77.89171591906484,92.57841738627268,305.5999348911892,305.5999348911892
560,na,299.47751191878183,299.47751191878183,305.5999348911892,305.5999348911892
561,na,299.47751191878183,299.47751191878183,305.5999348911892,305.5999348911892
562,na,299.47751191878183,299.47751191878183,305.5999348911892,305.5999348911892
563,na,62.154763109668714,97.97499783128646,305.5999348911892,305.5999348911892
564,na,299.47751191878183,299.47751191878183,305.5999348911892,305.5999348911892
565,na,299.47751191878183,299.47751191878183,305.5999348911892,305.5999348911892
566,na,299.47751191878183,299.47751191878183,203.20642766146435,209.4704889060947
567,na,299.47751191878183,299.47751191878183,305.5999348911892,305.5999348911892
568,na,299.47751191878183,299.47751191878183,305.5999348911892,305.5999348911892
569,na,299.47751191878183,299.47751191878183,305.5999348911892,305.5999348911892
570,na,299.47751191878183,299.47751191878183,305.5999348911892,305.5999348911892
571,na,299.47751191878183,299.47751191878183,305.5999348911892,305.5999348911892
572,na,299.47751191878183,299.47751191878183,37.213870823803546,41.19229192071177
573,na,299.47751191878183,299.47751191878183,305.5999348911892,305.5999348911892
574,na,299.47751191878183,299.47751191878183,305.5999348911892,305.5999348911892
575,na,299.47751191878183,299.47751191878183,305.5999348911892,305.5999348911892
576,na,299.47751191878183,299.47751191878183,305.5999348911892,305.5999348911892
577,na,299.47751191878183,299.47751191878183,305.5999348911892,305.5999348911892
578,na,299.47751191878183,299.47751191878183,305.5999348911892,305.5999348911892
579,na,299.47751191878183,299.47751191878183,305.5999348911892,305.5999348911892
580,na,299.47751191878183,299.47751191878183,305.5999348911892,305.5999348911892
581,na,299.47751191878183,299.47751191878183,305.5999348911892,305.5999348911892
582,na,299.47751191878183,299.47751191878183,305.5999348911892,305.5999348911892
583,na,299.47751191878183,299.47751191878183,305.5999348911892,305.5999348911892
584,na,299.47751191878183,299.47751191878183,305.5999348911892,305.5999348911892
585,e,42.09503830411637,44.259872082211544,305.5999348911892,305.5999348911892
586,e,299.47751191878183,299.47751191878183,305.5999348911892,305.5999348911892
587,na,299.47751191878183,299.47751191878183,305.5999348911892,305.5999348911892
588,na,299.47751191878183,299.47751191878183,305.5999348911892,305.5999348911892
589,e,299.47751191878183,299.47751191878183,305.5999348911892,305.5999348911892
590,na,299.47751191878183,299.47751191878183,305.5999348911892,305.5999348911892
591,na,299.47751191878183,299.47751191878183,305.5999348911892,305.5999348911892
592,na,299.47751191878183,299.47751191878183,305.5999348911892,305.5999348911892
593,na,299.47751191878183,299.47751191878183,305.5999348911892,305.5999348911892
594,na,299.47751191878183,299.47751191878183,305.5999348911892,305.5999348911892
595,na,299.47751191878183,299.47751191878183,305.5999348911892,305.5999348911892
596,na,299.47751191878183,299.47751191878183,305.5999348911892,305.5999348911892
597,na,299.47751191878183,299.47751191878183,305.5999348911892,305.5999348911892
598,na,299.47751191878183,299.47751191878183,305.5999348911892,305.5999348911892
599,na,299.47751191878183,299.47751191878183,305.5999348911892,305.5999348911892
600,na,299.47751191878183,299.47751191878183,305.5999348911892,305.5999348911892
601,na,299.47751191878183,299.47751191878183,305.5999348911892,305.5999348911892
602,na,299.47751191878183,299.47751191878183,305.5999348911892,305.5999348911892
603,na,299.47751191878183,299.47751191878183,305.5999348911892,305.5999348911892
604,na,299.47751191878183,299.47751191878183,305.5999348911892,305.5999348911892
605,na,299.47751191878183,299.47751191878183,305.5999348911892,305.5999348911892
606,na,299.47751191878183,299.47751191878183,305.5999348911892,305.5999348911892
607,na,299.47751191878183,299.47751191878183,58.92239126560105,68.92515384218379
608,na,299.47751191878183,299.47751191878183,305.5999348911892,305.5999348911892
609,na,299.47751191878183,299.47751191878183,305.5999348911892,305.5999348911892
610,e,299.47751191878183,299.47751191878183,305.5999348911892,305.5999348911892
611,e,299.47751191878183,299.47751191878183,305.5999348911892,305.5999348911892
612,na,299.47751191878183,299.47751191878183,305.5999348911892,305.5999348911892
613,na,61.944394298980235,94.4084409836233,305.5999348911892,305.5999348911892
614,na,32.08051903921586,43.098211442644775,305.5999348911892,305.5999348911892
615,na,299.47751191878183,299.47751191878183,305.5999348911892,305.5999348911892
616,na,299.47751191878183,299.47751191878183,305.5999348911892,305.5999348911892
617,na,299.47751191878183,299.47751191878183,1.30257243986222,8.151493458501387
618,na,299.47751191878183,299.47751191878183,305.5999348911892,305.5999348911892
619,e,115.96859817564533,119.3551177699994,305.5999348911892,305.5999348911892
620,na,299.47751191878183,299.47751191878183,305.5999348911892,305.5999348911892
621,na,299.47751191878183,299.47751191878183,305.5999348911892,305.5999348911892
622,na,299.47751191878183,299.47751191878183,305.5999348911892,305.5999348911892
623,na,299.47751191878183,299.47751191878183,305.5999348911892,305.5999348911892
624,na,299.47751191878183,299.47751191878183,305.5999348911892,305.5999348911892
625,e,299.47751191878183,299.47751191878183,305.5999348911892,305.5999348911892
626,na,299.47751191878183,299.47751191878183,305.5999348911892,305.5999348911892
627,na,299.47751191878183,299.47751191878183,305.5999348911892,305.5999348911892
628,na,299.47751191878183,299.47751191878183,305.5999348911892,305.5999348911892
629,na,299.47751191878183,299.47751191878183,305.5999348911892,305.5999348911892
630,na,299.47751191878183,299.47751191878183,305.5999348911892,305.5999348911892
631,na,299.47751191878183,299.47751191878183,305.5999348911892,305.5999348911892
632,na,299.47751191878183,299.47751191878183,305.5999348911892,305.5999348911892
633,na,299.47751191878183,299.47751191878183,305.5999348911892,305.5999348911892
634,na,299.47751191878183,299.47751191878183,305.5999348911892,305.5999348911892
635,na,299.47751191878183,299.47751191878183,6.836314609318773,22.91163766983284
636,na,299.47751191878183,299.47751191878183,305.5999348911892,305.5999348911892
637,na,299.47751191878183,299.47751191878183,305.5999348911892,305.5999348911892
638,na,299.47751191878183,299.47751191878183,305.5999348911892,305.5999348911892
639,na,299.47751191878183,299.47751191878183,305.5999348911892,305.5999348911892
640,na,299.47751191878183,299.47751191878183,305.5999348911892,305.5999348911892
641,na,299.47751191878183,299.47751191878183,305.5999348911892,305.5999348911892
642,na,299.47751191878183,299.47751191878183,305.5999348911892,305.5999348911892
643,na,299.47751191878183,299.47751191878183,305.5999348911892,305.5999348911892
644,na,299.47751191878183,299.47751191878183,305.5999348911892,305.5999348911892
645,na,299.47751191878183,299.47751191878183,305.5999348911892,305.5999348911892
646,na,299.47751191878183,299.47751191878183,305.5999348911892,305.5999348911892
647,na,299.47751191878183,299.47751191878183,305.5999348911892,305.5999348911892
648,na,299.47751191878183,299.47751191878183,305.5999348911892,305.5999348911892
649,na,299.47751191878183,299.47751191878183,305.5999348911892,305.5999348911892
650,na,299.47751191878183,299.47751191878183,305.5999348911892,305.5999348911892
651,na,299.47751191878183,299.47751191878183,126.43215843333677,131.54345269577416
652,na,299.47751191878183,299.47751191878183,305.5999348911892,305.5999348911892
653,na,299.47751191878183,299.47751191878183,305.5999348911892,305.5999348911892
654,na,299.47751191878183,299.47751191878183,305.5999348911892,305.5999348911892
655,na,299.47751191878183,299.47751191878183,305.5999348911892,305.5999348911892
656,na,299.47751191878183,299.47751191878183,305.5999348911892,305.5999348911892
657,na,299.47751191878183,299.47751191878183,305.5999348911892,305.5999348911892
658,na,299.47751191878183,299.47751191878183,37.334486010816605,47.23708090076459
659,na,299.47751191878183,299.47751191878183,305.5999348911892,305.5999348911892
660,e,299.47751191878183,299.47751191878183,305.5999348911892,305.5999348911892
661,na,299.47751191878183,299.47751191878183,305.5999348911892,305.5999348911892
662,na,299.47751191878183,299.47751191878183,305.5999348911892,305.5999348911892
663,na,299.47751191878183,299.47751191878183,305.5999348911892,305.5999348911892
664,na,-1,0,-1,0
665,na,299.47751191878183,299.47751191878183,305.5999348911892,305.5999348911892
666,na,299.47751191878183,299.47751191878183,305.5999348911892,305.5999348911892
667,na,299.47751191878183,299.47751191878183,305.5999348911892,305.5999348911892
668,na,299.47751191878183,299.47751191878183,305.5999348911892,305.5999348911892
669,na,299.47751191878183,299.47751191878183,305.5999348911892,305.5999348911892
670,na,299.47751191878183,299.47751191878183,305.5999348911892,305.5999348911892
671,na,299.47751191878183,299.47751191878183,305.5999348911892,305.5999348911892
672,na,299.47751191878183,299.47751191878183,305.5999348911892,305.5999348911892
673,na,299.47751191878183,299.47751191878183,305.5999348911892,305.5999348911892
674,na,299.47751191878183,299.47751191878183,305.5999348911892,305.5999348911892
675,na,299.47751191878183,299.47751191878183,305.5999348911892,305.5999348911892
676,na,299.47751191878183,299.47751191878183,63.99313128639275,85.56766072931494
677,na,299.47751191878183,299.47751191878183,305.5999348911892,305.5999348911892
678,na,299.47751191878183,299.47751191878183,305.5999348911892,305.5999348911892
679,na,299.47751191878183,299.47751191878183,305.5999348911892,305.5999348911892
680,na,299.47751191878183,299.47751191878183,305.5999348911892,305.5999348911892
681,na,299.47751191878183,299.47751191878183,305.5999348911892,305.5999348911892
682,na,299.47751191878183,299.47751191878183,305.5999348911892,305.5999348911892
683,na,299.47751191878183,299.47751191878183,305.5999348911892,305.5999348911892
684,na,299.47751191878183,299.47751191878183,305.5999348911892,305.5999348911892
685,na,299.47751191878183,299.47751191878183,305.5999348911892,305.5999348911892
686,na,299.47751191878183,299.47751191878183,305.5999348911892,305.5999348911892
687,na,299.47751191878183,299.47751191878183,305.5999348911892,305.5999348911892
688,na,299.47751191878183,299.47751191878183,305.5999348911892,305.5999348911892
689,na,299.47751191878183,299.47751191878183,305.5999348911892,305.5999348911892
690,na,299.47751191878183,299.47751191878183,305.5999348911892,305.5999348911892
691,na,299.47751191878183,299.47751191878183,305.5999348911892,305.5999348911892
692,na,299.47751191878183,299.47751191878183,46.86985770306687,58.34610703636258
693,na,299.47751191878183,299.47751191878183,305.5999348911892,305.5999348911892
694,na,299.47751191878183,299.47751191878183,23.261848194620374,43.989176180963526
695,na,18.72541754787546,23.725733011387884,305.5999348911892,305.5999348911892
696,na,299.47751191878183,299.47751191878183,305.5999348911892,305.5999348911892
697,na,299.47751191878183,299.47751191878183,305.5999348911892,305.5999348911892
698,na,299.47751191878183,299.47751191878183,305.5999348911892,305.5999348911892
699,e,299.47751191878183,299.47751191878183,305.5999348911892,305.5999348911892
700,na,299.47751191878183,299.47751191878183,305.5999348911892,305.5999348911892
701,na,299.47751191878183,299.47751191878183,305.5999348911892,305.5999348911892
702,na,299.47751191878183,299.47751191878183,305.5999348911892,305.5999348911892
703,na,299.47751191878183,299.47751191878183,305.5999348911892,305.5999348911892
704,na,299.47751191878183,299.47751191878183,305.5999348911892,305.5999348911892
705,na,299.47751191878183,299.47751191878183,305.5999348911892,305.5999348911892
706,na,-1,0,-1,0
707,na,299.47751191878183,299.47751191878183,305.5999348911892,305.5999348911892
708,na,299.47751191878183,299.47751191878183,22.85234099383498,43.62081179108491
709,na,299.47751191878183,299.47751191878183,305.5999348911892,305.5999348911892
710,na,299.47751191878183,299.47751191878183,305.5999348911892,305.5999348911892
711,e,299.47751191878183,299.47751191878183,305.5999348911892,305.5999348911892
712,na,299.47751191878183,299.47751191878183,305.5999348911892,305.5999348911892
713,na,299.47751191878183,299.47751191878183,305.5999348911892,305.5999348911892
714,na,299.47751191878183,299.47751191878183,305.5999348911892,305.5999348911892
715,na,299.47751191878183,299.47751191878183,305.5999348911892,305.5999348911892
716,na,299.47751191878183,299.47751191878183,305.5999348911892,305.5999348911892
717,na,64.24456517887482,65.3636156086236,305.5999348911892,305.5999348911892
718,na,299.47751191878183,299.47751191878183,305.5999348911892,305.5999348911892
719,na,299.47751191878183,299.47751191878183,305.5999348911892,305.5999348911892
720,na,299.47751191878183,299.47751191878183,305.5999348911892,305.5999348911892
721,e,299.47751191878183,299.47751191878183,305.5999348911892,305.5999348911892
722,na,299.47751191878183,299.47751191878183,305.5999348911892,305.5999348911892
723,na,299.47751191878183,299.47751191878183,305.5999348911892,305.5999348911892
724,na,299.47751191878183,299.47751191878183,305.5999348911892,305.5999348911892
725,na,299.47751191878183,299.47751191878183,305.5999348911892,305.5999348911892
726,na,299.47751191878183,299.47751191878183,305.5999348911892,305.5999348911892
727,na,299.47751191878183,299.47751191878183,70.55512601975401,82.00574930429474
728,na,299.47751191878183,299.47751191878183,305.5999348911892,305.5999348911892
729,na,299.47751191878183,299.47751191878183,305.5999348911892,305.5999348911892
730,na,299.47751191878183,299.47751191878183,305.5999348911892,305.5999348911892
731,na,299.47751191878183,299.47751191878183,53.18266888999826,71.52367209889434
732,na,299.47751191878183,299.47751191878183,305.5999348911892,305.5999348911892
733,na,299.47751191878183,299.47751191878183,305.5999348911892,305.5999348911892
734,e,299.47751191878183,299.47751191878183,52.50783762107272,55.23831257460232
735,na,78.85172651410156,85.10455952681264,81.89516465588052,85.90448893251565
736,na,299.47751191878183,299.47751191878183,305.5999348911892,305.5999348911892
737,na,299.47751191878183,299.47751191878183,27.732063227411047,43.940378715563774
738,na,299.47751191878183,299.47751191878183,305.5999348911892,305.5999348911892
739,na,299.47751191878183,299.47751191878183,305.5999348911892,305.5999348911892
740,na,299.47751191878183,299.47751191878183,305.5999348911892,305.5999348911892
741,na,299.47751191878183,299.47751191878183,305.5999348911892,305.5999348911892
742,na,299.47751191878183,299.47751191878183,305.5999348911892,305.5999348911892
743,na,299.47751191878183,299.47751191878183,305.5999348911892,305.5999348911892
744,na,299.47751191878183,299.47751191878183,305.5999348911892,305.5999348911892
745,na,299.47751191878183,299.47751191878183,305.5999348911892,305.5999348911892
746,na,299.47751191878183,299.47751191878183,305.5999348911892,305.5999348911892
747,na,299.47751191878183,299.47751191878183,305.5999348911892,305.5999348911892
748,na,299.47751191878183,299.47751191878183,305.5999348911892,305.5999348911892
749,na,299.47751191878183,299.47751191878183,305.5999348911892,305.5999348911892
750,na,299.47751191878183,299.47751191878183,48.64386656021401,86.62531839241467
751,na,299.47751191878183,299.47751191878183,305.5999348911892,305.5999348911892
752,na,12.244784383123928,16.713357376851423,5.9261270132613655,16.76871042350238
753,na,299.47751191878183,299.47751191878183,305.5999348911892,305.5999348911892
754,na,299.47751191878183,299.47751191878183,305.5999348911892,305.5999348911892
755,na,299.47751191878183,299.47751191878183,305.5999348911892,305.5999348911892
756,na,299.47751191878183,299.47751191878183,305.5999348911892,305.5999348911892
757,na,299.47751191878183,299.47751191878183,305.5999348911892,305.5999348911892
758,na,299.47751191878183,299.47751191878183,305.5999348911892,305.5999348911892
759,na,144.0336952024161,162.54900691972017,2.019138685707957,9.027081969482904
760,na,299.47751191878183,299.47751191878183,305.5999348911892,305.5999348911892
761,na,299.47751191878183,299.47751191878183,305.5999348911892,305.5999348911892
762,na,299.47751191878183,299.47751191878183,305.5999348911892,305.5999348911892
763,na,299.47751191878183,299.47751191878183,305.5999348911892,305.5999348911892
764,na,299.47751191878183,299.47751191878183,305.5999348911892,305.5999348911892
765,na,299.47751191878183,299.47751191878183,305.5999348911892,305.5999348911892
766,na,91.39903549636277,119.3602095577031,305.5999348911892,305.5999348911892
767,e,299.47751191878183,299.47751191878183,305.5999348911892,305.5999348911892
768,na,299.47751191878183,299.47751191878183,305.5999348911892,305.5999348911892
769,na,299.47751191878183,299.47751191878183,89.69247290596564,95.94708853004238
770,na,299.47751191878183,299.47751191878183,305.5999348911892,305.5999348911892
771,na,299.47751191878183,299.47751191878183,305.5999348911892,305.5999348911892
772,na,299.47751191878183,299.47751191878183,305.5999348911892,305.5999348911892
773,na,299.47751191878183,299.47751191878183,305.5999348911892,305.5999348911892
774,na,299.47751191878183,299.47751191878183,305.5999348911892,305.5999348911892
775,na,299.47751191878183,299.47751191878183,305.5999348911892,305.5999348911892
776,na,299.47751191878183,299.47751191878183,305.5999348911892,305.5999348911892
777,na,299.47751191878183,299.47751191878183,305.5999348911892,305.5999348911892
778,na,299.47751191878183,299.47751191878183,305.5999348911892,305.5999348911892
779,na,299.47751191878183,299.47751191878183,305.5999348911892,305.5999348911892
780,na,299.47751191878183,299.47751191878183,305.5999348911892,305.5999348911892
781,e,299.47751191878183,299.47751191878183,305.5999348911892,305.5999348911892
782,na,299.47751191878183,299.47751191878183,305.5999348911892,305.5999348911892
783,na,299.47751191878183,299.47751191878183,305.5999348911892,305.5999348911892
784,na,299.47751191878183,299.47751191878183,305.5999348911892,305.5999348911892
785,na,39.95016134288597,43.29971094940738,305.5999348911892,305.5999348911892
786,na,299.47751191878183,299.47751191878183,20.45715029335239,25.300212357784584
787,na,299.47751191878183,299.47751191878183,305.5999348911892,305.5999348911892
788,na,299.47751191878183,299.47751191878183,305.5999348911892,305.5999348911892
789,na,299.47751191878183,299.47751191878183,305.5999348911892,305.5999348911892
790,na,299.47751191878183,299.47751191878183,305.5999348911892,305.5999348911892
791,na,299.47751191878183,299.47751191878183,305.5999348911892,305.5999348911892
792,na,299.47751191878183,299.47751191878183,305.5999348911892,305.5999348911892
793,na,299.47751191878183,299.47751191878183,305.5999348911892,305.5999348911892
794,na,299.47751191878183,299.47751191878183,305.5999348911892,305.5999348911892
795,e,299.47751191878183,299.47751191878183,305.5999348911892,305.5999348911892
796,na,299.47751191878183,299.47751191878183,305.5999348911892,305.5999348911892
797,na,299.47751191878183,299.47751191878183,305.5999348911892,305.5999348911892
798,na,299.47751191878183,299.47751191878183,305.5999348911892,305.5999348911892
799,na,299.47751191878183,299.47751191878183,305.5999348911892,305.5999348911892
800,na,299.47751191878183,299.47751191878183,305.5999348911892,305.5999348911892
801,na,299.47751191878183,299.47751191878183,305.5999348911892,305.5999348911892
802,na,299.47751191878183,299.47751191878183,305.5999348911892,305.5999348911892
803,na,299.47751191878183,299.47751191878183,305.5999348911892,305.5999348911892
804,na,299.47751191878183,299.47751191878183,305.5999348911892,305.5999348911892
805,na,299.47751191878183,299.47751191878183,305.5999348911892,305.5999348911892
806,na,299.47751191878183,299.47751191878183,305.5999348911892,305.5999348911892
807,na,71.95149797025418,89.63567679152668,305.5999348911892,305.5999348911892
808,na,299.47751191878183,299.47751191878183,305.5999348911892,305.5999348911892
809,na,299.47751191878183,299.47751191878183,305.5999348911892,305.5999348911892
810,e,299.47751191878183,299.47751191878183,305.5999348911892,305.5999348911892
811,na,299.47751191878183,299.47751191878183,52.99821294011942,63.677313978445504
812,na,299.47751191878183,299.47751191878183,305.5999348911892,305.5999348911892
813,na,299.47751191878183,299.47751191878183,305.5999348911892,305.5999348911892
814,na,299.47751191878183,299.47751191878183,305.5999348911892,305.5999348911892
815,na,299.47751191878183,299.47751191878183,305.5999348911892,305.5999348911892
816,na,299.47751191878183,299.47751191878183,305.5999348911892,305.5999348911892
817,na,299.47751191878183,299.47751191878183,20.946838150828647,34.36386635900023
818,na,299.47751191878183,299.47751191878183,305.5999348911892,305.5999348911892
819,na,299.47751191878183,299.47751191878183,305.5999348911892,305.5999348911892
820,na,299.47751191878183,299.47751191878183,305.5999348911892,305.5999348911892
821,na,299.47751191878183,299.47751191878183,305.5999348911892,305.5999348911892
822,na,299.47751191878183,299.47751191878183,305.5999348911892,305.5999348911892
823,na,299.47751191878183,299.47751191878183,305.5999348911892,305.5999348911892
824,na,299.47751191878183,299.47751191878183,305.5999348911892,305.5999348911892
825,na,299.47751191878183,299.47751191878183,305.5999348911892,305.5999348911892
826,na,49.960513212121555,77.14198376678542,305.5999348911892,305.5999348911892
827,na,299.47751191878183,299.47751191878183,305.5999348911892,305.5999348911892
828,na,299.47751191878183,299.47751191878183,305.5999348911892,305.5999348911892
829,na,299.47751191878183,299.47751191878183,305.5999348911892,305.5999348911892
830,na,299.47751191878183,299.47751191878183,305.5999348911892,305.5999348911892
831,na,69.98014088388071,78.44905941913687,305.5999348911892,305.5999348911892
832,na,299.47751191878183,299.47751191878183,305.5999348911892,305.5999348911892
833,na,299.47751191878183,299.47751191878183,305.5999348911892,305.5999348911892
834,na,299.47751191878183,299.47751191878183,305.5999348911892,305.5999348911892
835,na,299.47751191878183,299.47751191878183,305.5999348911892,305.5999348911892
836,na,299.47751191878183,299.47751191878183,21.473669408688593,33.48452564204325
837,na,299.47751191878183,299.47751191878183,305.5999348911892,305.5999348911892
838,na,299.47751191878183,299.47751191878183,305.5999348911892,305.5999348911892
839,na,299.47751191878183,299.47751191878183,305.5999348911892,305.5999348911892
840,na,299.47751191878183,299.47751191878183,305.5999348911892,305.5999348911892
841,na,299.47751191878183,299.47751191878183,305.5999348911892,305.5999348911892
842,na,299.47751191878183,299.47751191878183,305.5999348911892,305.5999348911892
843,na,299.47751191878183,299.47751191878183,305.5999348911892,305.5999348911892
844,e,20.46668206073785,27.40680446861807,305.5999348911892,305.5999348911892
845,na,299.47751191878183,299.47751191878183,305.5999348911892,305.5999348911892
846,na,299.47751191878183,299.47751191878183,305.5999348911892,305.5999348911892
847,na,299.47751191878183,299.47751191878183,305.5999348911892,305.5999348911892
848,na,299.47751191878183,299.47751191878183,305.5999348911892,305.5999348911892
849,na,299.47751191878183,299.47751191878183,305.5999348911892,305.5999348911892
850,na,299.47751191878183,299.47751191878183,305.5999348911892,305.5999348911892
851,na,299.47751191878183,299.47751191878183,305.5999348911892,305.5999348911892
852,na,299.47751191878183,299.47751191878183,305.5999348911892,305.5999348911892
853,e,299.47751191878183,299.47751191878183,305.5999348911892,305.5999348911892
854,na,299.47751191878183,299.47751191878183,305.5999348911892,305.5999348911892
855,na,299.47751191878183,299.47751191878183,305.5999348911892,305.5999348911892
856,na,299.47751191878183,299.47751191878183,305.5999348911892,305.5999348911892
857,na,299.47751191878183,299.47751191878183,305.5999348911892,305.5999348911892
858,e,299.47751191878183,299.47751191878183,305.5999348911892,305.5999348911892
859,e,299.47751191878183,299.47751191878183,305.5999348911892,305.5999348911892
860,na,299.47751191878183,299.47751191878183,305.5999348911892,305.5999348911892
861,na,299.47751191878183,299.47751191878183,305.5999348911892,305.5999348911892
862,na,299.47751191878183,299.47751191878183,305.5999348911892,305.5999348911892
863,na,299.47751191878183,299.47751191878183,48.82865661960437,57.442135796037476
864,na,36.48095634118705,40.73201009226101,305.5999348911892,305.5999348911892
865,na,299.47751191878183,299.47751191878183,30.391646549432508,59.47734462742966
866,na,299.47751191878183,299.47751191878183,305.5999348911892,305.5999348911892
867,na,299.47751191878183,299.47751191878183,305.5999348911892,305.5999348911892
868,na,299.47751191878183,299.47751191878183,305.5999348911892,305.5999348911892
869,na,299.47751191878183,299.47751191878183,305.5999348911892,305.5999348911892
870,na,299.47751191878183,299.47751191878183,305.5999348911892,305.5999348911892
871,na,299.47751191878183,299.47751191878183,305.5999348911892,305.5999348911892
872,na,148.4433218807722,159.16285949195262,305.5999348911892,305.5999348911892
873,na,299.47751191878183,299.47751191878183,45.1747178677963,52.68446998361268
874,na,299.47751191878183,299.47751191878183,7.960978374793115,15.875307876920331
875,na,82.13966597571611,86.35218156830308,192.9751847375925,197.41930918296148
876,na,299.47751191878183,299.47751191878183,305.5999348911892,305.5999348911892
877,na,299.47751191878183,299.47751191878183,105.78297764592757,133.62403619663223
878,na,299.47751191878183,299.47751191878183,305.5999348911892,305.5999348911892
879,na,299.47751191878183,299.47751191878183,19.20105285801343,52.72239274877033
880,na,299.47751191878183,299.47751191878183,305.5999348911892,305.5999348911892
881,na,299.47751191878183,299.47751191878183,305.5999348911892,305.5999348911892
882,na,299.47751191878183,299.47751191878183,305.5999348911892,305.5999348911892
883,na,299.47751191878183,299.47751191878183,305.5999348911892,305.5999348911892
884,na,299.47751191878183,299.47751191878183,305.5999348911892,305.5999348911892
885,na,299.47751191878183,299.47751191878183,305.5999348911892,305.5999348911892
886,na,299.47751191878183,299.47751191878183,305.5999348911892,305.5999348911892
887,e,299.47751191878183,299.47751191878183,305.5999348911892,305.5999348911892
888,na,299.47751191878183,299.47751191878183,305.5999348911892,305.5999348911892
889,na,299.47751191878183,299.47751191878183,305.5999348911892,305.5999348911892
890,na,299.47751191878183,299.47751191878183,305.5999348911892,305.5999348911892
891,na,56.37146189564132,84.02378349836889,305.5999348911892,305.5999348911892
892,na,299.47751191878183,299.47751191878183,305.5999348911892,305.5999348911892
893,na,299.47751191878183,299.47751191878183,185.26271405656166,187.61274287192109
894,na,78.42625386492007,90.94134112713719,305.5999348911892,305.5999348911892
895,na,299.47751191878183,299.47751191878183,305.5999348911892,305.5999348911892
896,na,299.47751191878183,299.47751191878183,305.5999348911892,305.5999348911892
897,e,299.47751191878183,299.47751191878183,305.5999348911892,305.5999348911892
898,na,299.47751191878183,299.47751191878183,305.5999348911892,305.5999348911892
899,na,299.47751191878183,299.47751191878183,305.5999348911892,305.5999348911892
900,na,77.92682229550218,86.63748659676222,305.5999348911892,305.5999348911892
901,na,299.47751191878183,299.47751191878183,305.5999348911892,305.5999348911892
902,na,299.47751191878183,299.47751191878183,305.5999348911892,305.5999348911892
903,na,299.47751191878183,299.47751191878183,305.5999348911892,305.5999348911892
904,na,299.47751191878183,299.47751191878183,305.5999348911892,305.5999348911892
905,na,299.47751191878183,299.47751191878183,305.5999348911892,305.5999348911892
906,na,299.47751191878183,299.47751191878183,305.5999348911892,305.5999348911892
907,na,299.47751191878183,299.47751191878183,305.5999348911892,305.5999348911892
908,na,299.47751191878183,299.47751191878183,305.5999348911892,305.5999348911892
909,e,299.47751191878183,299.47751191878183,305.5999348911892,305.5999348911892
910,na,165.26670021441652,172.45981910159108,305.5999348911892,305.5999348911892
911,na,299.47751191878183,299.47751191878183,305.5999348911892,305.5999348911892
912,na,227.85365076772868,241.24960640981314,305.5999348911892,305.5999348911892
913,na,299.47751191878183,299.47751191878183,305.5999348911892,305.5999348911892
914,na,299.47751191878183,299.47751191878183,305.5999348911892,305.5999348911892
915,na,299.47751191878183,299.47751191878183,305.5999348911892,305.5999348911892
916,na,299.47751191878183,299.47751191878183,305.5999348911892,305.5999348911892
917,e,299.47751191878183,299.47751191878183,305.5999348911892,305.5999348911892
918,na,299.47751191878183,299.47751191878183,305.5999348911892,305.5999348911892
919,na,299.47751191878183,299.47751191878183,305.5999348911892,305.5999348911892
920,na,299.47751191878183,299.47751191878183,305.5999348911892,305.5999348911892
921,na,299.47751191878183,299.47751191878183,305.5999348911892,305.5999348911892
922,na,299.47751191878183,299.47751191878183,305.5999348911892,305.5999348911892
923,na,299.47751191878183,299.47751191878183,305.5999348911892,305.5999348911892
924,na,299.47751191878183,299.47751191878183,305.5999348911892,305.5999348911892
925,na,299.47751191878183,299.47751191878183,305.5999348911892,305.5999348911892
926,na,299.47751191878183,299.47751191878183,305.5999348911892,305.5999348911892
927,na,299.47751191878183,299.47751191878183,305.5999348911892,305.5999348911892
928,na,164.07163176555895,180.346432703996,305.5999348911892,305.5999348911892
929,na,299.47751191878183,299.47751191878183,305.5999348911892,305.5999348911892
930,na,299.47751191878183,299.47751191878183,305.5999348911892,305.5999348911892
931,na,299.47751191878183,299.47751191878183,305.5999348911892,305.5999348911892
932,na,299.47751191878183,299.47751191878183,43.125613538594074,46.72590045144593
933,na,299.47751191878183,299.47751191878183,305.5999348911892,305.5999348911892
934,na,299.47751191878183,299.47751191878183,305.5999348911892,305.5999348911892
935,na,117.10756450528041,138.50448786834062,305.5999348911892,305.5999348911892
936,na,299.47751191878183,299.47751191878183,305.5999348911892,305.5999348911892
937,na,299.47751191878183,299.47751191878183,305.5999348911892,305.5999348911892
938,na,299.47751191878183,299.47751191878183,305.5999348911892,305.5999348911892
939,na,299.47751191878183,299.47751191878183,305.5999348911892,305.5999348911892
940,na,299.47751191878183,299.47751191878183,305.5999348911892,305.5999348911892
941,na,299.47751191878183,299.47751191878183,305.5999348911892,305.5999348911892
942,na,299.47751191878183,299.47751191878183,305.5999348911892,305.5999348911892
943,na,299.47751191878183,299.47751191878183,305.5999348911892,305.5999348911892
944,na,299.47751191878183,299.47751191878183,305.5999348911892,305.5999348911892
945,e,299.47751191878183,299.47751191878183,305.5999348911892,305.5999348911892
946,na,299.47751191878183,299.47751191878183,305.5999348911892,305.5999348911892
947,na,299.47751191878183,299.47751191878183,305.5999348911892,305.5999348911892
948,e,299.47751191878183,299.47751191878183,305.5999348911892,305.5999348911892
949,na,299.47751191878183,299.47751191878183,305.5999348911892,305.5999348911892
950,na,299.47751191878183,299.47751191878183,305.5999348911892,305.5999348911892
951,na,241.3700197322056,262.5651161911104,305.5999348911892,305.5999348911892
952,na,299.47751191878183,299.47751191878183,305.5999348911892,305.5999348911892
953,na,299.47751191878183,299.47751191878183,305.5999348911892,305.5999348911892
954,na,299.47751191878183,299.47751191878183,305.5999348911892,305.5999348911892
955,na,299.47751191878183,299.47751191878183,305.5999348911892,305.5999348911892
956,na,299.47751191878183,299.47751191878183,305.5999348911892,305.5999348911892
957,na,299.47751191878183,299.47751191878183,305.5999348911892,305.5999348911892
958,na,299.47751191878183,299.47751191878183,305.5999348911892,305.5999348911892
959,na,299.47751191878183,299.47751191878183,15.216390976534836,28.08304525933423
960,na,299.47751191878183,299.47751191878183,305.5999348911892,305.5999348911892
961,na,299.47751191878183,299.47751191878183,305.5999348911892,305.5999348911892
962,e,299.47751191878183,299.47751191878183,305.5999348911892,305.5999348911892
963,na,299.47751191878183,299.47751191878183,305.5999348911892,305.5999348911892
964,na,299.47751191878183,299.47751191878183,305.5999348911892,305.5999348911892
965,na,299.47751191878183,299.47751191878183,305.5999348911892,305.5999348911892
966,na,299.47751191878183,299.47751191878183,305.5999348911892,305.5999348911892
967,na,299.47751191878183,299.47751191878183,305.5999348911892,305.5999348911892
968,e,299.47751191878183,299.47751191878183,305.5999348911892,305.5999348911892
969,na,299.47751191878183,299.47751191878183,305.5999348911892,305.5999348911892
970,na,299.47751191878183,299.47751191878183,305.5999348911892,305.5999348911892
971,na,299.47751191878183,299.47751191878183,305.5999348911892,305.5999348911892
972,na,299.47751191878183,299.47751191878183,305.5999348911892,305.5999348911892
973,na,299.47751191878183,299.47751191878183,305.5999348911892,305.5999348911892
974,na,299.47751191878183,299.47751191878183,305.5999348911892,305.5999348911892
975,na,299.47751191878183,299.47751191878183,305.5999348911892,305.5999348911892
976,na,299.47751191878183,299.47751191878183,305.5999348911892,305.5999348911892
977,na,299.47751191878183,299.47751191878183,305.5999348911892,305.5999348911892
978,na,299.47751191878183,299.47751191878183,305.5999348911892,305.5999348911892
979,e,299.47751191878183,299.47751191878183,305.5999348911892,305.5999348911892
980,na,96.28986915889317,106.61502252005313,305.5999348911892,305.5999348911892
981,na,299.47751191878183,299.47751191878183,305.5999348911892,305.5999348911892
982,na,299.47751191878183,299.47751191878183,305.5999348911892,305.5999348911892
983,na,299.47751191878183,299.47751191878183,305.5999348911892,305.5999348911892
984,na,299.47751191878183,299.47751191878183,305.5999348911892,305.5999348911892
985,na,299.47751191878183,299.47751191878183,305.5999348911892,305.5999348911892
986,na,299.47751191878183,299.47751191878183,305.5999348911892,305.5999348911892
987,na,299.47751191878183,299.47751191878183,305.5999348911892,305.5999348911892
988,e,299.47751191878183,299.47751191878183,305.5999348911892,305.5999348911892
989,na,299.47751191878183,299.47751191878183,305.5999348911892,305.5999348911892
990,na,299.47751191878183,299.47751191878183,305.5999348911892,305.5999348911892
991,na,299.47751191878183,299.47751191878183,305.5999348911892,305.5999348911892
992,na,299.47751191878183,299.47751191878183,305.5999348911892,305.5999348911892
993,na,299.47751191878183,299.47751191878183,305.5999348911892,305.5999348911892
994,na,299.47751191878183,299.47751191878183,165.56658076613235,170.53071942541538
995,na,299.47751191878183,299.47751191878183,305.5999348911892,305.5999348911892
996,na,299.47751191878183,299.47751191878183,305.5999348911892,305.5999348911892
997,na,299.47751191878183,299.47751191878183,305.5999348911892,305.5999348911892
998,na,299.47751191878183,299.47751191878183,305.5999348911892,305.5999348911892
999,na,299.47751191878183,299.47751191878183,305.5999348911892,305.5999348911892
