node, assignment, time2inf_trt, time2death_trt, time2inf_con, time2death_con
0,na,-1,0,-1,0
1,na,-1,0,-1,0
2,na,-1,0,-1,0
3,na,-1,0,-1,0
4,na,61.93250005943277,61.93250005943277,107.30609154139545,107.30609154139545
5,na,61.93250005943277,61.93250005943277,42.102561244030326,42.592209876420284
6,na,61.93250005943277,61.93250005943277,107.30609154139545,107.30609154139545
7,na,61.93250005943277,61.93250005943277,107.30609154139545,107.30609154139545
8,na,61.93250005943277,61.93250005943277,107.30609154139545,107.30609154139545
9,na,23.74024501139003,25.091935335902917,41.411539365718056,53.30364965839978
10,na,61.93250005943277,61.93250005943277,36.87526393435121,37.41101402956608
11,na,61.93250005943277,61.93250005943277,107.30609154139545,107.30609154139545
12,na,12.139389439714282,12.281712348797393,42.00128261580446,42.105160666588304
13,na,61.93250005943277,61.93250005943277,107.30609154139545,107.30609154139545
14,na,61.93250005943277,61.93250005943277,31.22613052611127,37.71993184848952
15,na,61.93250005943277,61.93250005943277,107.30609154139545,107.30609154139545
16,na,19.978338117140645,21.02608781162626,25.477457960491403,107.30609154139545
17,na,61.93250005943277,61.93250005943277,107.30609154139545,107.30609154139545
18,na,61.93250005943277,61.93250005943277,107.30609154139545,107.30609154139545
19,na,26.04759439963701,28.162203213436147,37.28040527915655,39.64034490466673
20,e,61.93250005943277,61.93250005943277,35.322381999053306,44.09246454161954
21,na,61.93250005943277,61.93250005943277,26.570342890924092,29.359479579475327
22,na,61.93250005943277,61.93250005943277,23.58578443228375,107.30609154139545
23,na,9.61187603165607,10.717160042519028,30.22618979021283,30.354513012662082
24,na,61.93250005943277,61.93250005943277,107.30609154139545,107.30609154139545
25,e,61.93250005943277,61.93250005943277,107.30609154139545,107.30609154139545
26,na,42.41198227182837,43.00973014904938,42.30220517269383,44.95901881499355
27,na,61.93250005943277,61.93250005943277,47.851645215136045,50.19401946474926
28,na,61.93250005943277,61.93250005943277,52.197112628355036,61.398956642481295
29,na,61.93250005943277,61.93250005943277,34.694430197104836,38.70482867714305
30,na,20.022025993580346,21.067147175335574,46.605611517021025,47.203183690000465
31,na,61.93250005943277,61.93250005943277,107.30609154139545,107.30609154139545
32,na,61.93250005943277,61.93250005943277,35.42582525359408,42.7337580592896
33,na,8.284172562667475,10.263434982502528,17.639603581441506,18.030929665521086
34,na,61.93250005943277,61.93250005943277,22.89466136275307,107.30609154139545
35,e,61.93250005943277,61.93250005943277,51.356880804844174,52.54017517350553
36,na,61.93250005943277,61.93250005943277,107.30609154139545,107.30609154139545
37,na,61.93250005943277,61.93250005943277,107.30609154139545,107.30609154139545
38,na,61.93250005943277,61.93250005943277,107.30609154139545,107.30609154139545
39,na,24.38465733249623,27.014908428798176,27.220915413693135,31.212655444022005
40,e,61.93250005943277,61.93250005943277,107.30609154139545,107.30609154139545
41,na,61.93250005943277,61.93250005943277,24.960227019584618,34.552561863319006
42,e,61.93250005943277,61.93250005943277,107.30609154139545,107.30609154139545
43,na,61.93250005943277,61.93250005943277,48.136227799986116,50.52218998374037
44,na,61.93250005943277,61.93250005943277,20.81794795941337,21.326965011035202
45,na,61.93250005943277,61.93250005943277,107.30609154139545,107.30609154139545
46,na,21.350318175883835,22.323992714374903,50.75612611824255,62.306673224397045
47,na,61.93250005943277,61.93250005943277,43.97180069294356,49.84091087070025
48,na,47.786408124023154,57.27757123574884,36.53969610419755,38.63308676289195
49,e,20.075616049284772,61.93250005943277,54.54170554607967,63.4866090017322
50,na,10.37107373522082,14.54853716464012,31.49364140750165,39.94962168510739
51,na,61.93250005943277,61.93250005943277,81.5366079984843,92.76176790193573
52,na,61.93250005943277,61.93250005943277,82.73059972778265,85.77323983584719
53,na,61.93250005943277,61.93250005943277,107.30609154139545,107.30609154139545
54,na,61.93250005943277,61.93250005943277,10.530340554470571,12.913913549080018
55,e,61.93250005943277,61.93250005943277,29.688539309344016,33.753169320877156
56,na,20.69717843528011,61.93250005943277,75.42617199525284,89.38776423267957
57,na,61.93250005943277,61.93250005943277,107.30609154139545,107.30609154139545
58,na,61.93250005943277,61.93250005943277,56.69932685334551,58.6390012407554
59,na,30.995935766864786,31.439355315659366,33.028991323134996,38.7004439970327
60,na,61.93250005943277,61.93250005943277,107.30609154139545,107.30609154139545
61,na,20.927031189293785,26.264650640016498,107.30609154139545,107.30609154139545
62,na,33.53942206742679,35.83305430424734,32.385827885315024,36.054766006318154
63,na,61.93250005943277,61.93250005943277,107.30609154139545,107.30609154139545
64,na,61.93250005943277,61.93250005943277,26.567773550989607,32.833008595260395
65,na,2.3468817053243964,61.93250005943277,31.244664552650026,31.9513477964199
66,na,18.933418621731978,32.14712251757343,107.30609154139545,107.30609154139545
67,na,61.93250005943277,61.93250005943277,107.30609154139545,107.30609154139545
68,na,61.93250005943277,61.93250005943277,19.59140802004674,20.849944994570556
69,na,35.79281948727288,40.48329127448983,40.932041565662274,48.65813306926029
70,na,61.93250005943277,61.93250005943277,107.30609154139545,107.30609154139545
71,na,61.93250005943277,61.93250005943277,107.30609154139545,107.30609154139545
72,na,61.93250005943277,61.93250005943277,107.30609154139545,107.30609154139545
73,na,36.12802792254367,43.792812297012226,41.19271027237377,43.002411979651846
74,na,61.93250005943277,61.93250005943277,49.704307005341484,53.37761390507158
75,na,61.93250005943277,61.93250005943277,57.488667472780016,58.73877031003914
76,na,61.93250005943277,61.93250005943277,107.30609154139545,107.30609154139545
77,na,61.93250005943277,61.93250005943277,36.88958495471875,50.7285921286876
78,na,61.93250005943277,61.93250005943277,107.30609154139545,107.30609154139545
79,e,61.93250005943277,61.93250005943277,24.72136430964082,25.391413963528947
80,na,22.31596060399358,24.138054018145116,107.30609154139545,107.30609154139545
81,na,16.45360375778327,17.045744859677562,25.295293784843423,28.106386030583256
82,na,61.93250005943277,61.93250005943277,41.49348693476691,42.670785454541644
83,na,19.166270770942415,19.654867958207262,29.17690790943928,33.33695994036302
84,na,61.93250005943277,61.93250005943277,33.22321574945969,42.6340678588172
85,na,61.93250005943277,61.93250005943277,107.30609154139545,107.30609154139545
86,na,11.905869261995399,15.790474474729704,107.30609154139545,107.30609154139545
87,na,61.93250005943277,61.93250005943277,107.30609154139545,107.30609154139545
88,na,61.93250005943277,61.93250005943277,107.30609154139545,107.30609154139545
89,na,61.93250005943277,61.93250005943277,107.30609154139545,107.30609154139545
90,na,-1,0,-1,0
91,na,61.93250005943277,61.93250005943277,44.60756984877575,44.647846697689914
92,e,61.93250005943277,61.93250005943277,107.30609154139545,107.30609154139545
93,na,61.93250005943277,61.93250005943277,107.30609154139545,107.30609154139545
94,na,61.93250005943277,61.93250005943277,46.90524069261065,48.333541272664434
95,na,61.93250005943277,61.93250005943277,107.30609154139545,107.30609154139545
96,na,18.935859705910644,19.30838935053157,20.50246708844326,20.75138048351137
97,na,20.589051667319325,21.97884677238473,47.791886886977146,107.30609154139545
98,na,19.97742556428869,31.319597066236792,26.81182566355123,107.30609154139545
99,na,-1,0,-1,0
100,e,20.950947698136332,21.44443680444703,16.814208876797792,25.574533341197608
101,na,33.24395962156561,33.47951366887098,107.30609154139545,107.30609154139545
102,na,11.714378767979232,16.57720770949595,107.30609154139545,107.30609154139545
103,na,61.93250005943277,61.93250005943277,107.30609154139545,107.30609154139545
104,na,61.93250005943277,61.93250005943277,107.30609154139545,107.30609154139545
105,na,19.153263955742435,21.600739394512885,18.74111859282421,28.44338964528462
106,na,61.93250005943277,61.93250005943277,107.30609154139545,107.30609154139545
107,na,61.93250005943277,61.93250005943277,107.30609154139545,107.30609154139545
108,na,16.779291393948665,18.414031837605584,41.804938723288956,42.889769447214135
109,na,61.93250005943277,61.93250005943277,107.30609154139545,107.30609154139545
110,na,21.281799484931845,22.826570915848308,58.61404882536339,71.61933361853785
111,na,61.93250005943277,61.93250005943277,107.30609154139545,107.30609154139545
112,na,61.93250005943277,61.93250005943277,107.30609154139545,107.30609154139545
113,na,16.588487253945303,19.098921115561318,107.30609154139545,107.30609154139545
114,na,50.041796744633366,50.15376528228447,63.727023567366025,72.11336065837844
115,na,61.93250005943277,61.93250005943277,21.660949707624983,21.831981150373103
116,na,10.496780592915439,11.648470906831486,21.87392627146582,22.327299871148497
117,na,61.93250005943277,61.93250005943277,107.30609154139545,107.30609154139545
118,e,61.93250005943277,61.93250005943277,44.56806028971013,63.981297012262445
119,na,61.93250005943277,61.93250005943277,43.6615691671209,44.838877864662656
120,na,61.93250005943277,61.93250005943277,107.30609154139545,107.30609154139545
121,e,24.07018446228084,26.35034684012997,41.43335015762328,44.55406214119059
122,na,61.93250005943277,61.93250005943277,107.30609154139545,107.30609154139545
123,na,32.88194757518609,33.60501058998427,43.334455390746186,52.85664051845313
124,na,4.544321946895368,17.75889899908882,36.115795513566155,38.83570940277207
125,e,61.93250005943277,61.93250005943277,21.24128174405017,31.293198242636464
126,na,61.93250005943277,61.93250005943277,107.30609154139545,107.30609154139545
127,na,15.999430527855798,29.545549975340688,12.16849403763828,12.558844677308983
128,e,31.414006623402155,37.21658683776493,38.985452331072715,40.66237433685708
129,na,15.615563087580762,23.95947778635273,24.16425393807346,25.0970142762023
130,na,24.95249963156095,26.745115343453786,26.669063304612365,33.63469852696522
131,na,18.6963672922455,61.93250005943277,6.3691307708414335,10.553266996288334
132,na,61.93250005943277,61.93250005943277,107.30609154139545,107.30609154139545
133,na,61.93250005943277,61.93250005943277,107.30609154139545,107.30609154139545
134,na,61.93250005943277,61.93250005943277,107.30609154139545,107.30609154139545
135,na,61.93250005943277,61.93250005943277,107.30609154139545,107.30609154139545
136,na,61.93250005943277,61.93250005943277,24.46750905248238,24.62953410785118
137,na,6.595532984429209,10.642773402437818,8.88314442559242,107.30609154139545
138,na,61.93250005943277,61.93250005943277,28.074889171575172,32.11420025948272
139,e,61.93250005943277,61.93250005943277,107.30609154139545,107.30609154139545
140,na,61.93250005943277,61.93250005943277,107.30609154139545,107.30609154139545
141,na,61.93250005943277,61.93250005943277,43.56084531959538,45.629340932364165
142,na,13.520508080261438,20.229040679919343,15.26835712260885,18.277431631241562
143,na,29.204269986621387,31.38071425026159,21.066345726762968,29.38522189935286
144,na,31.52107457270525,32.80250713457666,32.91035331926425,33.50981868963216
145,na,61.93250005943277,61.93250005943277,107.30609154139545,107.30609154139545
146,na,61.93250005943277,61.93250005943277,107.30609154139545,107.30609154139545
147,na,33.18360047545795,35.58383537271883,107.30609154139545,107.30609154139545
148,na,61.93250005943277,61.93250005943277,107.30609154139545,107.30609154139545
149,na,18.294400139411454,25.01521835479976,107.30609154139545,107.30609154139545
150,e,61.93250005943277,61.93250005943277,35.41759480167105,41.780852610412936
151,na,61.93250005943277,61.93250005943277,33.59188893225638,35.42910032906731
152,e,25.09353455665558,27.871086919202476,23.042524438553652,24.747616300607515
153,e,61.93250005943277,61.93250005943277,107.30609154139545,107.30609154139545
154,na,61.93250005943277,61.93250005943277,107.30609154139545,107.30609154139545
155,na,8.613764629998053,13.268786920198753,107.30609154139545,107.30609154139545
156,na,61.93250005943277,61.93250005943277,21.65500361467612,21.790521568754993
157,e,61.93250005943277,61.93250005943277,107.30609154139545,107.30609154139545
158,na,24.042891728816222,25.973770724273738,107.30609154139545,107.30609154139545
159,na,38.39291318663978,40.89571034687563,107.30609154139545,107.30609154139545
160,na,0,2.386607455391061,0,107.30609154139545
161,e,61.93250005943277,61.93250005943277,40.36970217611431,40.789217733753176
162,na,61.93250005943277,61.93250005943277,107.30609154139545,107.30609154139545
163,na,15.313519061200674,15.891931677598805,107.30609154139545,107.30609154139545
164,na,61.93250005943277,61.93250005943277,107.30609154139545,107.30609154139545
165,na,24.269171575786253,27.711993381493688,31.897948645397186,31.914573907655505
166,e,61.93250005943277,61.93250005943277,107.30609154139545,107.30609154139545
167,na,15.541089707126236,18.395011163564877,107.30609154139545,107.30609154139545
168,na,61.93250005943277,61.93250005943277,107.30609154139545,107.30609154139545
169,na,61.93250005943277,61.93250005943277,107.30609154139545,107.30609154139545
170,na,61.93250005943277,61.93250005943277,39.68746718434246,39.870656581767925
171,na,61.93250005943277,61.93250005943277,25.793866559685988,27.898966989835625
172,na,61.93250005943277,61.93250005943277,12.98392864789148,16.2845940531089
173,na,61.93250005943277,61.93250005943277,50.125100167955964,53.85211208693196
174,na,61.93250005943277,61.93250005943277,107.30609154139545,107.30609154139545
175,na,8.38930412673018,8.885144371078567,23.09539468262744,30.55401754308996
176,na,36.50387185151693,39.93643564073816,107.30609154139545,107.30609154139545
177,na,61.93250005943277,61.93250005943277,49.595843700315086,107.30609154139545
178,na,34.131830228616586,36.98725328013643,34.90422876790196,107.30609154139545
179,na,15.539748662226804,20.716239040005757,33.536358140104134,34.09656923289496
180,na,61.93250005943277,61.93250005943277,107.30609154139545,107.30609154139545
181,na,14.7663290498206,15.634139665451796,22.21157572649965,38.71292792477663
182,na,8.685207253346654,10.240385058526806,6.554935502521475,23.88132419293085
183,na,61.93250005943277,61.93250005943277,107.30609154139545,107.30609154139545
184,na,61.93250005943277,61.93250005943277,107.30609154139545,107.30609154139545
185,na,61.93250005943277,61.93250005943277,43.944809774242245,47.95058279297105
186,na,30.44699429400025,31.778751747651995,107.30609154139545,107.30609154139545
187,na,18.23160511061937,23.382266814211388,33.15092954944551,33.18559688848387
188,na,28.489616092190126,61.93250005943277,35.649304758624695,42.44914791093406
189,na,61.93250005943277,61.93250005943277,37.69921121275324,40.786427689695564
190,na,61.93250005943277,61.93250005943277,43.70362520150087,107.30609154139545
191,na,61.93250005943277,61.93250005943277,107.30609154139545,107.30609154139545
192,na,61.93250005943277,61.93250005943277,52.839690305462014,59.26615666162938
193,na,61.93250005943277,61.93250005943277,13.251677525756739,17.661982140023127
194,na,61.93250005943277,61.93250005943277,32.598624738910466,40.192125455586385
195,na,12.912844013621275,21.83812005392301,107.30609154139545,107.30609154139545
196,na,24.971538966653327,26.6001785318674,52.697107892368926,53.53195515561317
197,na,38.947887018817006,44.44220123527114,107.30609154139545,107.30609154139545
198,na,61.93250005943277,61.93250005943277,107.30609154139545,107.30609154139545
199,na,16.388240656924932,19.86017658644994,107.30609154139545,107.30609154139545
200,na,61.93250005943277,61.93250005943277,39.364990930608535,42.12549377108769
201,e,32.33228666144883,45.71823348973308,36.08935034672738,47.29057295569356
202,na,61.93250005943277,61.93250005943277,107.30609154139545,107.30609154139545
203,e,6.277978672671079,6.43187124800469,14.828683481674982,16.69627199369594
204,na,61.93250005943277,61.93250005943277,48.60855305479043,107.30609154139545
205,na,61.93250005943277,61.93250005943277,107.30609154139545,107.30609154139545
206,na,61.93250005943277,61.93250005943277,107.30609154139545,107.30609154139545
207,na,61.93250005943277,61.93250005943277,35.48479046115252,51.98411243812459
208,na,61.93250005943277,61.93250005943277,107.30609154139545,107.30609154139545
209,na,61.93250005943277,61.93250005943277,107.30609154139545,107.30609154139545
210,na,8.990208346094787,12.909896490179829,29.22897829561639,29.411687168174563
211,na,61.93250005943277,61.93250005943277,34.42792962358122,35.600246589180166
212,na,61.93250005943277,61.93250005943277,107.30609154139545,107.30609154139545
213,na,61.93250005943277,61.93250005943277,107.30609154139545,107.30609154139545
214,na,61.93250005943277,61.93250005943277,107.30609154139545,107.30609154139545
215,na,61.93250005943277,61.93250005943277,107.30609154139545,107.30609154139545
216,na,43.88350752237083,61.93250005943277,28.843932450661818,35.14187695849655
217,na,61.93250005943277,61.93250005943277,12.962072373666825,14.917992448008809
218,na,4.149952931886528,5.607712710129685,4.960090479886039,5.0850326382426525
219,na,13.86949742529849,15.844980499343132,33.33491245045737,35.65731152403158
220,na,42.506239148853275,45.675653743173655,37.385876952681784,56.98122831616036
221,e,22.49600170543468,28.320554907379652,29.145358496715186,38.74410051936915
222,na,14.350097542765718,34.46461608355182,16.305459073613637,16.390994216823135
223,na,25.979921807464915,29.831274942290854,107.30609154139545,107.30609154139545
224,na,25.59103230421483,34.76991155052923,22.67527084693773,24.139668390976098
225,na,6.355913967404571,14.852951045205751,39.39072502933506,41.01463657057672
226,na,61.93250005943277,61.93250005943277,107.30609154139545,107.30609154139545
227,na,61.93250005943277,61.93250005943277,107.30609154139545,107.30609154139545
228,na,1.0603515702194066,7.584548988406526,33.614121488973446,37.57191625718502
229,na,29.158101823165307,61.93250005943277,37.33339940107728,107.30609154139545
230,na,61.93250005943277,61.93250005943277,35.56272486900058,40.798467459122804
231,na,14.943109017932267,19.713203379637775,45.29220058460981,45.591940512417814
232,na,12.15923542704401,14.434162666104477,40.438834778239666,45.932829970629825
233,na,61.93250005943277,61.93250005943277,107.30609154139545,107.30609154139545
234,na,33.13216678676378,35.16095573967275,107.30609154139545,107.30609154139545
235,na,7.455142701083411,12.70307019727156,33.12996719064927,35.94267671727777
236,na,61.93250005943277,61.93250005943277,39.72151687597548,44.13939734739716
237,na,23.400781079346803,30.131660172563457,107.30609154139545,107.30609154139545
238,na,0,6.252647577516975,0,9.349790903745284
239,na,40.50694358116256,41.3968217946198,49.81645352293288,53.54680003374534
240,na,8.987619007531068,11.88399850415529,107.30609154139545,107.30609154139545
241,na,40.99261451256834,42.67455802726167,107.30609154139545,107.30609154139545
242,na,6.724750825537572,9.895073577997136,25.701362130393104,28.499085710945607
243,na,61.93250005943277,61.93250005943277,32.76570157565483,47.6693845780216
244,na,61.93250005943277,61.93250005943277,25.656555211993222,32.22749986973214
245,e,61.93250005943277,61.93250005943277,29.771140712793592,32.49094167424577
246,na,8.709171653480722,9.486047553763292,23.117820536081698,27.939568278209588
247,na,61.93250005943277,61.93250005943277,36.721404970926386,37.61842478185144
248,na,10.62598260661995,12.093200880785206,35.80715240722489,39.83654852386293
249,na,61.93250005943277,61.93250005943277,107.30609154139545,107.30609154139545
250,na,61.93250005943277,61.93250005943277,107.30609154139545,107.30609154139545
251,na,22.12545272342451,23.70041099360326,55.534230612769235,57.808229044192665
252,e,61.93250005943277,61.93250005943277,40.473240116196294,42.73981403606396
253,na,61.93250005943277,61.93250005943277,107.30609154139545,107.30609154139545
254,na,61.93250005943277,61.93250005943277,39.47175817610301,41.40049687590422
255,na,61.93250005943277,61.93250005943277,107.30609154139545,107.30609154139545
256,e,61.93250005943277,61.93250005943277,107.30609154139545,107.30609154139545
257,na,61.93250005943277,61.93250005943277,107.30609154139545,107.30609154139545
258,na,61.93250005943277,61.93250005943277,107.30609154139545,107.30609154139545
259,na,61.93250005943277,61.93250005943277,25.39265445522599,38.019501830215376
260,na,17.514070222740624,26.449557315009788,107.30609154139545,107.30609154139545
261,na,61.93250005943277,61.93250005943277,107.30609154139545,107.30609154139545
262,na,27.829112988675945,35.10557385297182,37.606220484786725,54.93496593168891
263,na,61.93250005943277,61.93250005943277,107.30609154139545,107.30609154139545
264,na,61.93250005943277,61.93250005943277,57.30188027566118,61.522210392616635
265,na,42.245246536129486,43.588287949401554,107.30609154139545,107.30609154139545
266,na,28.831205545586087,31.152261693571216,23.974072547987248,24.395964939797057
267,na,61.93250005943277,61.93250005943277,45.54483787868749,48.958482996971256
268,na,61.93250005943277,61.93250005943277,41.20535851358755,44.14911669224082
269,na,20.372365572023956,25.30752718456187,107.30609154139545,107.30609154139545
270,na,5.610844251378248,15.522114020572454,7.23131588041487,10.925441317920331
271,na,61.93250005943277,61.93250005943277,21.62630161254184,21.964554885023166
272,na,30.83197646969564,40.33620526301509,19.57537884526564,22.292665593710225
273,na,19.705062831240372,19.705660746033672,43.131011494794876,43.42655340932127
274,na,61.93250005943277,61.93250005943277,107.30609154139545,107.30609154139545
275,na,20.305849273141853,21.88729193688959,11.545895998955688,14.140782521184246
276,na,61.93250005943277,61.93250005943277,61.53196458783636,64.19679018366004
277,na,15.764176387096848,29.35151293557498,38.73872507106998,39.537399214625744
278,na,61.93250005943277,61.93250005943277,107.30609154139545,107.30609154139545
279,na,61.93250005943277,61.93250005943277,107.30609154139545,107.30609154139545
280,na,28.551635730736262,35.60293928450231,50.55993647815103,56.395198614363736
281,na,61.93250005943277,61.93250005943277,49.394781069701544,56.999134042566894
282,na,19.649371553196165,27.624658305680104,27.06642136526515,27.106133467175827
283,e,61.93250005943277,61.93250005943277,107.30609154139545,107.30609154139545
284,na,40.524978197528874,51.81953803334239,34.69011102689307,42.02146294377502
285,na,61.93250005943277,61.93250005943277,107.30609154139545,107.30609154139545
286,na,31.01784455181558,33.61074532319179,20.463924710523735,24.003851016136565
287,na,25.816343596096566,30.045277054455486,43.93438611183723,107.30609154139545
288,na,61.93250005943277,61.93250005943277,107.30609154139545,107.30609154139545
289,na,40.73854533144338,45.62402323873672,43.594754262419954,50.87187124915028
290,na,61.93250005943277,61.93250005943277,31.257344937751423,36.99751251077964
291,e,40.79438256871445,48.053879616842806,107.30609154139545,107.30609154139545
292,na,61.93250005943277,61.93250005943277,37.2528767669541,38.33772129591499
293,na,61.93250005943277,61.93250005943277,43.40004192410147,49.71032113222308
294,na,61.93250005943277,61.93250005943277,107.30609154139545,107.30609154139545
295,e,17.353356704198166,19.223844046013763,107.30609154139545,107.30609154139545
296,na,61.93250005943277,61.93250005943277,44.00819724346779,50.53709081550656
297,na,61.93250005943277,61.93250005943277,27.943397008546672,107.30609154139545
298,na,61.93250005943277,61.93250005943277,107.30609154139545,107.30609154139545
299,na,25.91759643528046,28.54715338118225,107.30609154139545,107.30609154139545
300,na,5.189571775667031,14.315846655153353,37.49334118182613,39.092431702295215
301,na,14.124561114768984,15.117238929540374,39.31167229776521,40.65184513282098
302,na,61.93250005943277,61.93250005943277,22.478822744522244,23.909251347676204
303,na,45.67321312981037,45.73708657321294,46.733317643105785,107.30609154139545
304,na,19.852823064297052,19.970208551171215,33.83457875864623,37.650140561668444
305,na,9.84090244530654,18.201442160626996,19.089508942919107,20.28668878720592
306,na,15.18967060853068,15.761511466806585,107.30609154139545,107.30609154139545
307,na,3.448025222935323,7.712782927264679,14.34401344710521,14.550873356846525
308,na,61.93250005943277,61.93250005943277,26.53636950044108,107.30609154139545
309,na,29.93346476125596,30.65463115716747,32.516269898793915,35.37837198412622
310,na,2.061116465082646,2.944612896476865,2.05661553202961,2.3479208574338135
311,na,61.93250005943277,61.93250005943277,37.16405838488479,37.8754663184416
312,na,61.93250005943277,61.93250005943277,26.038869639120442,32.4726429185934
313,na,19.08513727711069,23.476658560507683,45.33994448652039,61.175874282788065
314,na,61.93250005943277,61.93250005943277,41.27196931282662,42.01960381803215
315,na,61.93250005943277,61.93250005943277,107.30609154139545,107.30609154139545
316,e,61.93250005943277,61.93250005943277,107.30609154139545,107.30609154139545
317,na,61.93250005943277,61.93250005943277,24.375744437931367,32.81844692858641
318,na,61.93250005943277,61.93250005943277,107.30609154139545,107.30609154139545
319,na,11.182878393064218,12.920158277120201,107.30609154139545,107.30609154139545
320,na,61.93250005943277,61.93250005943277,107.30609154139545,107.30609154139545
321,na,34.570455857287165,37.44538791444365,107.30609154139545,107.30609154139545
322,na,61.93250005943277,61.93250005943277,107.30609154139545,107.30609154139545
323,na,18.544705907815707,20.55939466160144,30.992853878630886,32.110835742131535
324,na,36.66096011984119,41.917323160119636,22.215464263339967,25.63176102322572
325,na,9.958555740665155,10.70270179497443,33.59371979196769,34.282715446285444
326,na,61.93250005943277,61.93250005943277,88.57655311993237,91.84898242716797
327,e,61.93250005943277,61.93250005943277,107.30609154139545,107.30609154139545
328,na,61.93250005943277,61.93250005943277,107.30609154139545,107.30609154139545
329,na,61.93250005943277,61.93250005943277,38.989694317786274,56.56873382162363
330,na,61.93250005943277,61.93250005943277,107.30609154139545,107.30609154139545
331,na,61.93250005943277,61.93250005943277,35.44616834549762,35.73732148703271
332,na,13.935861157066787,18.848372080997862,56.19970141575608,58.99893283253257
333,na,61.93250005943277,61.93250005943277,107.30609154139545,107.30609154139545
334,na,61.93250005943277,61.93250005943277,22.92572598304906,30.696093293311012
335,na,24.483039189005734,26.026076474211116,24.205265120344134,24.304224703304985
336,na,61.93250005943277,61.93250005943277,34.4308158014426,35.96790426632172
337,na,61.93250005943277,61.93250005943277,107.30609154139545,107.30609154139545
338,na,35.02854664011964,37.354270257683545,107.30609154139545,107.30609154139545
339,na,61.93250005943277,61.93250005943277,107.30609154139545,107.30609154139545
340,na,0.8733317023631288,1.3477814778604789,1.1160653990710905,13.106044787853035
341,e,61.93250005943277,61.93250005943277,107.30609154139545,107.30609154139545
342,na,61.93250005943277,61.93250005943277,107.30609154139545,107.30609154139545
343,na,9.387257462747591,16.91645597571001,13.157077869340764,107.30609154139545
344,na,13.507358732481817,16.420804792255538,39.92165274808875,41.18065950621759
345,na,61.93250005943277,61.93250005943277,107.30609154139545,107.30609154139545
346,na,61.93250005943277,61.93250005943277,35.71337899780001,40.976971053981494
347,na,61.93250005943277,61.93250005943277,107.30609154139545,107.30609154139545
348,na,61.93250005943277,61.93250005943277,107.30609154139545,107.30609154139545
349,na,18.495541219838728,22.40598118172976,38.129264753744316,40.32777149106512
350,na,8.49978672262068,19.23196568191188,15.467475531726596,16.92809359064307
351,na,23.746138150341082,28.43970298368526,38.17219348720452,52.98349067120358
352,na,61.93250005943277,61.93250005943277,21.784803990403,24.86231382072992
353,na,28.122920158390517,36.31375163348067,37.50632807304183,37.61859779515044
354,na,61.93250005943277,61.93250005943277,26.033089508928708,26.14200312778608
355,na,7.079496089224496,7.129966525018644,37.79750989256275,38.20354393016168
356,na,61.93250005943277,61.93250005943277,107.30609154139545,107.30609154139545
357,na,61.93250005943277,61.93250005943277,107.30609154139545,107.30609154139545
358,na,61.93250005943277,61.93250005943277,28.393701829041184,36.53349584717496
359,na,61.93250005943277,61.93250005943277,107.30609154139545,107.30609154139545
360,e,26.293877449977234,61.93250005943277,26.183263082591612,30.57355564623771
361,na,61.93250005943277,61.93250005943277,45.138100994745514,48.84608361773118
362,na,61.93250005943277,61.93250005943277,71.32791108519119,74.85755270837053
363,na,25.62768120099683,33.17266309680298,21.569226581885317,34.83805027464301
364,na,61.93250005943277,61.93250005943277,32.32419565552219,39.59548015956982
365,na,61.93250005943277,61.93250005943277,107.30609154139545,107.30609154139545
366,na,61.93250005943277,61.93250005943277,26.596069987380815,46.60178622718456
367,na,61.93250005943277,61.93250005943277,31.342318169061663,36.56137368675653
368,na,61.93250005943277,61.93250005943277,56.129113893589334,57.145769158971866
369,na,30.91633455554491,34.69523895000419,107.30609154139545,107.30609154139545
370,na,61.93250005943277,61.93250005943277,107.30609154139545,107.30609154139545
371,na,61.93250005943277,61.93250005943277,35.67871897575007,36.76705023856136
372,na,61.93250005943277,61.93250005943277,22.521136100164334,24.184360402866783
373,na,61.93250005943277,61.93250005943277,36.670934136270255,41.51855699277913
374,na,61.93250005943277,61.93250005943277,107.30609154139545,107.30609154139545
375,na,56.076776837189314,57.15678899712223,19.668179901543223,24.283403445905236
376,na,61.93250005943277,61.93250005943277,28.468151261535926,28.803976056932942
377,na,61.93250005943277,61.93250005943277,40.49814453549395,43.915926578371995
378,na,8.112790352923067,17.66214484664743,107.30609154139545,107.30609154139545
379,na,61.93250005943277,61.93250005943277,23.768250126563096,107.30609154139545
380,na,61.93250005943277,61.93250005943277,107.30609154139545,107.30609154139545
381,na,61.93250005943277,61.93250005943277,26.46851033248428,26.613702735764694
382,na,28.019617949219352,35.34867688431502,107.30609154139545,107.30609154139545
383,na,61.93250005943277,61.93250005943277,107.30609154139545,107.30609154139545
384,na,61.93250005943277,61.93250005943277,36.06247548636249,38.54994128242583
385,na,61.93250005943277,61.93250005943277,28.718508279969846,28.934640464303595
386,na,61.93250005943277,61.93250005943277,36.92093585667483,39.74026651166051
387,na,61.93250005943277,61.93250005943277,25.11327291619291,25.177686787204788
388,na,26.363453820376265,31.993999442243116,107.30609154139545,107.30609154139545
389,na,6.966995601315264,10.560154686553066,53.328528452575746,54.96273639168456
390,na,49.14959100444149,53.456682916641405,14.147908743958936,14.757367708391284
391,e,42.40151189089348,44.8171359168458,39.01322183158309,44.85543324518207
392,na,25.71837352775301,29.661307376913744,9.37091820043962,10.215152830431812
393,na,61.93250005943277,61.93250005943277,107.30609154139545,107.30609154139545
394,na,10.545697282518201,21.419327920575725,20.154806896123933,21.491796371270734
395,na,29.547928601277665,29.57172085596568,34.769082732787766,35.513807530289064
396,na,16.810640713252756,17.52952434283287,29.354441210395976,31.017146999387734
397,na,61.93250005943277,61.93250005943277,107.30609154139545,107.30609154139545
398,na,11.869358908422727,12.765641624671392,26.156328300730582,56.28785835156442
399,na,2.489874250740712,61.93250005943277,27.84742124975906,28.031594740748478
400,na,61.93250005943277,61.93250005943277,35.80069465475013,38.54128865172033
401,na,61.93250005943277,61.93250005943277,107.30609154139545,107.30609154139545
402,na,27.16265029572957,61.93250005943277,17.682265932090022,19.823608249946563
403,na,61.93250005943277,61.93250005943277,22.028492369117846,28.20232985686791
404,e,61.93250005943277,61.93250005943277,47.09099585474069,47.288718495457246
405,na,61.93250005943277,61.93250005943277,26.974705694092396,34.04643234349215
406,e,13.582651442818012,22.150353223980158,34.428897010767834,42.622213473618714
407,e,61.93250005943277,61.93250005943277,107.30609154139545,107.30609154139545
408,e,61.93250005943277,61.93250005943277,107.30609154139545,107.30609154139545
409,na,10.347430782214062,16.58355895252926,35.467753873507135,37.56332482542668
410,na,36.73845939991411,36.78479875830364,30.826321905641514,32.04702474916122
411,na,9.556755636947376,10.748907944968227,107.30609154139545,107.30609154139545
412,na,61.93250005943277,61.93250005943277,19.24041822092819,23.04132370739965
413,na,61.93250005943277,61.93250005943277,107.30609154139545,107.30609154139545
414,e,61.93250005943277,61.93250005943277,107.30609154139545,107.30609154139545
415,na,61.93250005943277,61.93250005943277,13.568563538457028,26.548483468719475
416,na,30.4883305861238,36.21423756458707,11.533514839109715,107.30609154139545
417,e,24.058555540433346,26.29609754915289,38.23349884916736,48.130176016939174
418,na,14.540189714335995,14.953133606613992,107.30609154139545,107.30609154139545
419,na,7.0965615430094955,23.928963651157193,82.00028408153769,82.55506893311635
420,na,61.93250005943277,61.93250005943277,107.30609154139545,107.30609154139545
421,na,39.59081626886588,41.942033927756896,54.41814744095144,58.69182342631185
422,na,61.93250005943277,61.93250005943277,31.099322440186235,31.719003217426803
423,na,22.16579125082158,26.890306392921257,34.561954924862036,36.094667619880035
424,na,61.93250005943277,61.93250005943277,42.54247813060789,42.94638051157596
425,na,61.93250005943277,61.93250005943277,107.30609154139545,107.30609154139545
426,na,20.783794007289824,24.112411332323607,17.041972526146136,17.933764451986942
427,e,37.22512304199224,42.33566269599049,19.993742014985624,25.403520951340948
428,e,61.93250005943277,61.93250005943277,107.30609154139545,107.30609154139545
429,na,33.7851389727368,36.30702262984397,39.21412888189154,41.86002191083914
430,na,16.44957104907686,22.100884428771028,27.467275580235036,35.47913470568306
431,na,61.93250005943277,61.93250005943277,31.660523548867733,35.06431462004114
432,na,2.1258705163049245,16.536833103154013,107.30609154139545,107.30609154139545
433,na,61.93250005943277,61.93250005943277,37.52774169067623,41.69107830061123
434,na,61.93250005943277,61.93250005943277,107.30609154139545,107.30609154139545
435,na,15.372331123007182,20.88509221955157,26.396999305196662,30.6474109237471
436,na,34.94087462955291,37.117115325451294,107.30609154139545,107.30609154139545
437,na,61.93250005943277,61.93250005943277,25.884371284724654,27.15647695968117
438,na,61.93250005943277,61.93250005943277,107.30609154139545,107.30609154139545
439,na,11.848726608132031,20.164794193280805,29.63763702432852,31.37822479373427
440,na,9.507331072086462,9.973137491407373,39.84469329092187,45.91531549390752
441,na,61.93250005943277,61.93250005943277,107.30609154139545,107.30609154139545
442,na,61.93250005943277,61.93250005943277,48.60648313384589,48.75891900763302
443,na,3.6103181108809967,3.7368614052263482,16.80759739251038,23.455932071280976
444,na,19.401633874379208,24.519645330031175,40.785913829875895,41.71034853395911
445,e,34.97344886398909,61.93250005943277,9.324433559862893,15.827114963149958
446,e,61.93250005943277,61.93250005943277,33.68768305409938,61.39532097909868
447,na,61.93250005943277,61.93250005943277,34.20674975071986,42.1834430101961
448,na,61.93250005943277,61.93250005943277,36.504465521703025,36.85293354351199
449,e,61.93250005943277,61.93250005943277,49.07791332892888,52.07807963039766
450,na,61.93250005943277,61.93250005943277,44.839419749313116,54.59172764078364
451,na,61.93250005943277,61.93250005943277,53.93971008558303,57.767893067148215
452,na,19.617119500967966,20.688810145678914,107.30609154139545,107.30609154139545
453,na,61.93250005943277,61.93250005943277,25.731609733255667,28.74467695258572
454,na,14.665937853271418,17.570602006290198,4.852008335872363,5.569218360905207
455,na,10.811329142630012,17.647227207448083,41.79942553619373,47.560557614913776
456,na,61.93250005943277,61.93250005943277,20.63579591173226,20.757259695235597
457,na,26.781557301452747,61.93250005943277,17.187037136085937,20.192856309889454
458,na,40.44602014111515,42.5478281791922,2.433503807362409,4.081942066936005
459,na,39.96518643687161,40.158775108726424,107.30609154139545,107.30609154139545
460,na,61.93250005943277,61.93250005943277,107.30609154139545,107.30609154139545
461,na,49.66601181917294,52.13811308742011,18.562395922626838,20.17480359523573
462,na,61.93250005943277,61.93250005943277,63.2426488755614,63.38299115737129
463,na,61.93250005943277,61.93250005943277,107.30609154139545,107.30609154139545
464,na,23.65419398971871,31.53005040100416,27.783714048682192,27.893600280177534
465,na,24.916431868997627,25.829391688262444,13.345365919101216,18.049308445624536
466,na,61.93250005943277,61.93250005943277,107.30609154139545,107.30609154139545
467,na,23.1974284611014,28.66575943512577,53.06719162493279,53.75604776313221
468,na,32.65590059790784,46.31881805891349,35.6847374307917,42.34558802785221
469,na,61.93250005943277,61.93250005943277,107.30609154139545,107.30609154139545
470,na,61.93250005943277,61.93250005943277,107.30609154139545,107.30609154139545
471,na,61.93250005943277,61.93250005943277,107.30609154139545,107.30609154139545
472,na,61.93250005943277,61.93250005943277,52.408681259454,55.45543004518411
473,na,14.308787450014172,16.786218029791247,27.935549259935488,28.658964269887218
474,na,61.93250005943277,61.93250005943277,107.30609154139545,107.30609154139545
475,na,26.90219724488883,31.127555669279506,26.81613131050901,37.027190943971064
476,na,61.93250005943277,61.93250005943277,107.30609154139545,107.30609154139545
477,na,61.93250005943277,61.93250005943277,28.97413961062445,48.45390580092496
478,na,61.93250005943277,61.93250005943277,38.916700497321294,54.88090127895682
479,na,61.93250005943277,61.93250005943277,15.428144749147522,17.62248882051008
480,na,61.93250005943277,61.93250005943277,65.68895735588218,68.5951389256863
481,na,61.93250005943277,61.93250005943277,31.503221183965138,35.331379507360545
482,na,61.93250005943277,61.93250005943277,10.879700320290876,10.99239997011484
483,na,61.93250005943277,61.93250005943277,31.3024045136679,31.69135085203524
484,na,61.93250005943277,61.93250005943277,107.30609154139545,107.30609154139545
485,na,61.93250005943277,61.93250005943277,27.948656345924373,37.382959788560534
486,na,36.46639247568266,37.45853111706457,30.778932356152538,39.899197438215396
487,na,29.457906020676614,30.03959902749941,24.063558434014773,30.429056899233444
488,na,61.93250005943277,61.93250005943277,27.02811684903113,107.30609154139545
489,na,61.93250005943277,61.93250005943277,107.30609154139545,107.30609154139545
490,na,61.93250005943277,61.93250005943277,47.3038084749255,52.47991985197941
491,na,61.93250005943277,61.93250005943277,13.597090315581898,30.215430987833265
492,na,61.93250005943277,61.93250005943277,31.762291796773834,35.81190561968278
493,na,61.93250005943277,61.93250005943277,28.80001063373733,30.54728376763622
494,na,8.291889816325385,12.486289103475565,48.9761027645273,53.42753733978738
495,na,61.93250005943277,61.93250005943277,8.93052985615816,107.30609154139545
496,na,32.948856759523686,41.16395646992926,107.30609154139545,107.30609154139545
497,e,61.93250005943277,61.93250005943277,107.30609154139545,107.30609154139545
498,na,61.93250005943277,61.93250005943277,24.776066003386088,28.732344306969473
499,na,61.93250005943277,61.93250005943277,107.30609154139545,107.30609154139545
500,na,61.93250005943277,61.93250005943277,30.946510707394182,31.14526360727761
501,e,61.93250005943277,61.93250005943277,65.61720949591911,68.28191611572484
502,na,61.93250005943277,61.93250005943277,107.30609154139545,107.30609154139545
503,na,61.93250005943277,61.93250005943277,32.434268338263664,35.9248388195966
504,na,61.93250005943277,61.93250005943277,107.30609154139545,107.30609154139545
505,na,61.93250005943277,61.93250005943277,38.331955198657965,44.296435303375105
506,na,61.93250005943277,61.93250005943277,107.30609154139545,107.30609154139545
507,na,61.93250005943277,61.93250005943277,44.357098354832345,44.93359419538911
508,e,61.93250005943277,61.93250005943277,34.79886425295049,42.807277402025235
509,na,10.451323340642476,16.287509097695107,107.30609154139545,107.30609154139545
510,na,61.93250005943277,61.93250005943277,107.30609154139545,107.30609154139545
511,na,4.8000462682639675,9.739659820333927,71.48856228001928,107.30609154139545
512,na,21.614635611404207,23.785927734206457,107.30609154139545,107.30609154139545
513,na,61.93250005943277,61.93250005943277,107.30609154139545,107.30609154139545
514,na,32.60924983245488,61.93250005943277,29.714518336748846,31.958046012513865
515,na,61.93250005943277,61.93250005943277,107.30609154139545,107.30609154139545
516,na,61.93250005943277,61.93250005943277,16.61156081617515,33.755463255933314
517,na,61.93250005943277,61.93250005943277,107.30609154139545,107.30609154139545
518,na,61.93250005943277,61.93250005943277,107.30609154139545,107.30609154139545
519,na,61.93250005943277,61.93250005943277,32.511399475851974,33.8105942264656
520,na,31.772779165628002,39.908922475898436,107.30609154139545,107.30609154139545
521,na,22.378101008694095,24.340569132198315,22.52200701124585,24.403798278744397
522,na,61.93250005943277,61.93250005943277,107.30609154139545,107.30609154139545
523,na,13.68723321132648,14.686753734254683,37.946033277578636,46.9708054068898
524,e,61.93250005943277,61.93250005943277,107.30609154139545,107.30609154139545
525,na,61.93250005943277,61.93250005943277,18.405980941375017,18.447508965588696
526,na,61.93250005943277,61.93250005943277,107.30609154139545,107.30609154139545
527,na,39.10821033803255,39.57698229466799,45.56670982173027,46.449961129966574
528,na,13.624596256573987,16.58915425753393,107.30609154139545,107.30609154139545
529,na,4.459649253456221,14.05387074491544,31.765034448517312,33.764553473408604
530,na,61.93250005943277,61.93250005943277,107.30609154139545,107.30609154139545
531,na,4.6301711340352805,6.790765764551647,52.968722802322276,54.48241754640973
532,na,61.93250005943277,61.93250005943277,58.43429174406624,74.18834021261685
533,na,61.93250005943277,61.93250005943277,29.722132041183603,107.30609154139545
534,na,32.26069533703754,38.47354916723809,48.23686792873368,49.38684681472314
535,e,61.93250005943277,61.93250005943277,107.30609154139545,107.30609154139545
536,e,61.93250005943277,61.93250005943277,18.528993203839494,22.486299574701015
537,na,19.833808739753174,24.25641253161469,24.285297031395878,27.134864188297243
538,na,24.270692825732556,31.920369839464676,107.30609154139545,107.30609154139545
539,na,32.89757505892869,35.0332358841575,36.56267380054524,45.20047050650965
540,na,31.154464203932612,61.93250005943277,37.776124522404636,38.53307361191786
541,e,57.327628633145984,61.93250005943277,33.11917943667733,36.237939311419716
542,na,61.93250005943277,61.93250005943277,107.30609154139545,107.30609154139545
543,na,61.93250005943277,61.93250005943277,107.30609154139545,107.30609154139545
544,na,61.93250005943277,61.93250005943277,71.6350742335682,81.26296707786317
545,na,61.93250005943277,61.93250005943277,107.30609154139545,107.30609154139545
546,e,61.93250005943277,61.93250005943277,107.30609154139545,107.30609154139545
547,e,61.93250005943277,61.93250005943277,12.140235684150776,14.09911548813853
548,na,61.93250005943277,61.93250005943277,107.30609154139545,107.30609154139545
549,na,61.93250005943277,61.93250005943277,36.33549543368246,36.36044802089906
550,e,61.93250005943277,61.93250005943277,34.2286586342697,35.32254050805094
551,na,61.93250005943277,61.93250005943277,107.30609154139545,107.30609154139545
552,na,6.692737629522951,13.32777557104784,36.60096872212369,38.89557915954375
553,na,61.93250005943277,61.93250005943277,107.30609154139545,107.30609154139545
554,na,61.93250005943277,61.93250005943277,39.08220360590915,107.30609154139545
555,e,61.93250005943277,61.93250005943277,107.30609154139545,107.30609154139545
556,na,61.93250005943277,61.93250005943277,107.30609154139545,107.30609154139545
557,na,19.76438260470056,25.235187288363505,32.18614040248543,32.95422547323637
558,na,24.19503195983129,26.173855081338353,30.499805273336897,30.556146017719758
559,e,61.93250005943277,61.93250005943277,35.364201134047896,38.13390634902153
560,na,20.66457882209942,21.464968824770416,23.817731569292103,24.242131437373185
561,na,9.484179881832988,61.93250005943277,3.156782943695441,3.246988984555147
562,na,17.918162205946665,21.815097872606735,22.28325398552024,26.612350945032567
563,na,61.93250005943277,61.93250005943277,107.30609154139545,107.30609154139545
564,na,7.417223230218542,24.3412839101544,0.7862635938627818,0.9209172723625141
565,na,61.93250005943277,61.93250005943277,107.30609154139545,107.30609154139545
566,na,-1,0,-1,0
567,na,24.389509541811314,28.1080729541008,34.10670160605479,34.334665078120736
568,na,11.127393474497898,12.696497997553248,29.94384240266679,39.08380526182194
569,e,35.9334264804597,36.87269282524605,24.975383900361376,25.54027252376593
570,na,61.93250005943277,61.93250005943277,107.30609154139545,107.30609154139545
571,na,17.546759979902326,33.73519546465035,107.30609154139545,107.30609154139545
572,na,5.494671647626238,9.362138591186293,31.12484206460359,34.97647717182848
573,e,61.93250005943277,61.93250005943277,107.30609154139545,107.30609154139545
574,na,56.192187209759965,61.08490182291257,107.30609154139545,107.30609154139545
575,na,61.93250005943277,61.93250005943277,107.30609154139545,107.30609154139545
576,na,19.335692745907494,32.06855793403423,13.5672490370298,14.43918539568584
577,na,61.93250005943277,61.93250005943277,45.09327584738487,47.80306841724332
578,na,61.93250005943277,61.93250005943277,107.30609154139545,107.30609154139545
579,na,61.93250005943277,61.93250005943277,107.30609154139545,107.30609154139545
580,na,61.93250005943277,61.93250005943277,107.30609154139545,107.30609154139545
581,na,61.93250005943277,61.93250005943277,48.47906004448173,51.318376737873024
582,na,34.442691782256304,34.789123693693526,49.12562271765426,52.55599976310581
583,na,61.93250005943277,61.93250005943277,107.30609154139545,107.30609154139545
584,na,19.978952849042678,20.059983524163304,107.30609154139545,107.30609154139545
585,na,29.697435737291872,34.28656203757474,107.30609154139545,107.30609154139545
586,na,33.105478786841346,41.50262763075371,107.30609154139545,107.30609154139545
587,na,61.93250005943277,61.93250005943277,107.30609154139545,107.30609154139545
588,e,59.580167357797414,61.93250005943277,107.30609154139545,107.30609154139545
589,na,14.424465850442616,19.97580854518216,38.3869519129539,39.27829188087952
590,na,61.93250005943277,61.93250005943277,107.30609154139545,107.30609154139545
591,na,4.048266342264994,7.4828838161476625,43.64984945916823,46.42577258555689
592,na,61.93250005943277,61.93250005943277,49.825114491034874,107.30609154139545
593,na,6.844204818163379,8.149846593680824,33.11067546529597,33.32943351489401
594,na,61.93250005943277,61.93250005943277,41.75724328444577,42.48956699773144
595,na,18.935295951471556,20.348280271585654,16.447505225275076,107.30609154139545
596,na,3.4943765124881194,3.754565492285987,10.121197283488813,13.724262147219278
597,na,26.13261609857749,35.5300554358338,17.164996538088005,18.19945490325421
598,na,28.787912565773986,31.836985398924696,21.07009440489027,21.29690701664313
599,na,61.93250005943277,61.93250005943277,34.005500910987884,35.08575317976257
600,na,61.93250005943277,61.93250005943277,31.46439054272792,33.34140764832197
601,na,10.97093844966882,12.809450650525745,36.2889920042891,37.46480448151081
602,na,29.795463844673478,36.13868751952596,107.30609154139545,107.30609154139545
603,na,18.30022216207234,25.30757091380945,16.88739812950014,16.911780937954713
604,na,49.07248797593508,55.43353062976848,56.122126154730715,60.08501170101014
605,na,61.93250005943277,61.93250005943277,46.44795376587301,47.10256932417584
606,na,42.870268687666915,61.93250005943277,107.30609154139545,107.30609154139545
607,na,61.93250005943277,61.93250005943277,107.30609154139545,107.30609154139545
608,na,8.806364591959653,10.729561179353936,48.62178582665441,107.30609154139545
609,e,61.93250005943277,61.93250005943277,34.67890450357535,36.17508612082291
610,na,61.93250005943277,61.93250005943277,27.74460349842115,32.53518327725514
611,na,11.648340706568643,19.387873992116823,32.4351542538929,37.432930812715036
612,na,61.93250005943277,61.93250005943277,107.30609154139545,107.30609154139545
613,na,61.93250005943277,61.93250005943277,12.896821080975462,13.95082350008224
614,na,61.93250005943277,61.93250005943277,42.02415008393772,43.128351514007555
615,na,18.79878848818758,20.494476744125073,40.09524934760854,40.545292343346524
616,na,61.93250005943277,61.93250005943277,27.9875471120253,29.705966957870025
617,na,61.93250005943277,61.93250005943277,107.30609154139545,107.30609154139545
618,na,61.93250005943277,61.93250005943277,42.88693295695017,48.30317611367702
619,na,61.93250005943277,61.93250005943277,107.30609154139545,107.30609154139545
620,na,61.93250005943277,61.93250005943277,107.30609154139545,107.30609154139545
621,na,24.27001962651367,37.493389397937285,51.586517666081846,57.222474286383715
622,na,19.62957726375503,22.594136827958053,26.00140613722922,26.454227149466
623,na,61.93250005943277,61.93250005943277,107.30609154139545,107.30609154139545
624,na,61.93250005943277,61.93250005943277,107.30609154139545,107.30609154139545
625,na,61.93250005943277,61.93250005943277,107.30609154139545,107.30609154139545
626,na,9.61649098478066,16.389521366168676,107.30609154139545,107.30609154139545
627,na,61.93250005943277,61.93250005943277,107.30609154139545,107.30609154139545
628,e,61.93250005943277,61.93250005943277,107.30609154139545,107.30609154139545
629,na,61.93250005943277,61.93250005943277,107.30609154139545,107.30609154139545
630,na,61.93250005943277,61.93250005943277,107.30609154139545,107.30609154139545
631,na,20.417411489348897,22.46848481154353,107.30609154139545,107.30609154139545
632,na,24.095262793130033,26.31986317616192,107.30609154139545,107.30609154139545
633,na,61.93250005943277,61.93250005943277,107.30609154139545,107.30609154139545
634,na,61.93250005943277,61.93250005943277,107.30609154139545,107.30609154139545
635,na,61.93250005943277,61.93250005943277,107.30609154139545,107.30609154139545
636,na,35.61543089026009,35.83703087351595,38.67625066073071,41.146920914119136
637,na,61.93250005943277,61.93250005943277,26.483853455461816,29.329539299788305
638,na,11.502262216291836,18.120033108487366,36.938356159285966,41.20414895337777
639,na,40.72581510097514,42.34941161813283,36.83919451064022,46.745141215820674
640,na,61.93250005943277,61.93250005943277,107.30609154139545,107.30609154139545
641,na,8.957074337161384,61.93250005943277,107.30609154139545,107.30609154139545
642,na,61.93250005943277,61.93250005943277,107.30609154139545,107.30609154139545
643,na,19.708065141213154,20.953877903088568,27.90871642048746,37.599760407417385
644,na,61.93250005943277,61.93250005943277,107.30609154139545,107.30609154139545
645,na,21.32183883548618,21.560750470127196,29.14287193042077,40.28551586834117
646,na,2.8328617900436264,8.838034106400766,1.5879312029193684,2.9162372620016583
647,na,61.93250005943277,61.93250005943277,107.30609154139545,107.30609154139545
648,na,61.93250005943277,61.93250005943277,107.30609154139545,107.30609154139545
649,na,61.93250005943277,61.93250005943277,107.30609154139545,107.30609154139545
650,na,61.93250005943277,61.93250005943277,107.30609154139545,107.30609154139545
651,na,61.93250005943277,61.93250005943277,29.410012083821076,34.69400226969064
652,na,61.93250005943277,61.93250005943277,107.30609154139545,107.30609154139545
653,na,61.93250005943277,61.93250005943277,26.529792161763872,28.70624167256852
654,na,61.93250005943277,61.93250005943277,107.30609154139545,107.30609154139545
655,na,61.93250005943277,61.93250005943277,50.42528817253751,52.58435727636499
656,na,8.901931976965908,12.345456890886362,107.30609154139545,107.30609154139545
657,na,27.6129919639767,28.106827591669862,51.06515708877463,57.42168320346225
658,e,61.93250005943277,61.93250005943277,107.30609154139545,107.30609154139545
659,na,61.93250005943277,61.93250005943277,37.449125178511125,39.72558699589509
660,na,61.93250005943277,61.93250005943277,22.059506196848098,23.23327396393769
661,e,61.93250005943277,61.93250005943277,107.30609154139545,107.30609154139545
662,na,61.93250005943277,61.93250005943277,37.778378335846355,52.754823675961795
663,na,38.65291940327328,41.339704724868014,107.30609154139545,107.30609154139545
664,e,61.93250005943277,61.93250005943277,107.30609154139545,107.30609154139545
665,e,22.376236225928693,24.863543458962145,107.30609154139545,107.30609154139545
666,na,14.632678906642377,15.467686980319952,43.05209703433522,43.315072982706624
667,na,61.93250005943277,61.93250005943277,107.30609154139545,107.30609154139545
668,na,26.01944643831504,61.93250005943277,59.165745931194344,61.969729990419786
669,na,36.8450369125362,37.2883409451716,107.30609154139545,107.30609154139545
670,e,61.93250005943277,61.93250005943277,107.30609154139545,107.30609154139545
671,na,61.93250005943277,61.93250005943277,107.30609154139545,107.30609154139545
672,e,43.603919841731056,45.51821544165243,26.81425522611351,39.15672088305421
673,e,61.93250005943277,61.93250005943277,107.30609154139545,107.30609154139545
674,na,14.402014596595967,17.354405786708618,21.027196402455232,25.896969532267846
675,na,14.52556634224271,16.56858637094946,41.268958581734445,41.5599902332765
676,na,44.948528237311244,47.07013964847004,31.896852230359315,36.85311590622122
677,na,61.93250005943277,61.93250005943277,107.30609154139545,107.30609154139545
678,na,61.93250005943277,61.93250005943277,43.78171359827229,44.31759940229054
679,na,39.35762661939152,61.93250005943277,37.528221516176565,38.67587648677689
680,na,16.200113236466592,23.28875407216922,44.55804590227962,50.04949073276485
681,na,61.93250005943277,61.93250005943277,44.646299123887076,45.119398429660826
682,na,61.93250005943277,61.93250005943277,41.21152230315687,49.6275806150658
683,na,18.13751297455465,38.06705064059693,41.96172619847474,42.21551840741443
684,na,20.077879878071133,23.602713651898604,31.542111863053034,33.094708837009044
685,na,34.339377705280405,61.93250005943277,54.52967244019622,56.557389088181196
686,na,3.8855601873577936,3.9319850341410474,21.32327951613148,30.393427718162147
687,na,61.93250005943277,61.93250005943277,107.30609154139545,107.30609154139545
688,na,28.345050618495822,30.054382648016706,27.33232779438992,40.09586654502298
689,e,22.248913257531576,25.358001007246457,42.08871430222578,42.43285041594921
690,na,61.93250005943277,61.93250005943277,107.30609154139545,107.30609154139545
691,na,8.412412573955779,8.900921824294064,13.120064632130688,15.772937856942137
692,na,8.837048560211253,10.303652223451826,39.6206885547664,107.30609154139545
693,na,61.93250005943277,61.93250005943277,107.30609154139545,107.30609154139545
694,na,33.95145061212772,37.50111916077689,107.30609154139545,107.30609154139545
695,na,61.93250005943277,61.93250005943277,29.678117788765984,30.1010228794156
696,na,61.93250005943277,61.93250005943277,42.403298649463146,48.5897285209457
697,na,13.16637163418937,18.810715519377798,27.01628496241719,107.30609154139545
698,na,10.992015163844593,61.93250005943277,66.91259878468058,74.66851779977263
699,na,61.93250005943277,61.93250005943277,31.196242484808785,31.471500842193564
700,na,61.93250005943277,61.93250005943277,107.30609154139545,107.30609154139545
701,na,33.973262654383944,34.16583804211506,107.30609154139545,107.30609154139545
702,na,39.29142592207858,43.72814636943437,49.980591501463806,50.42608963627245
703,na,16.313293878653703,21.597952882527405,107.30609154139545,107.30609154139545
704,na,61.93250005943277,61.93250005943277,107.30609154139545,107.30609154139545
705,na,21.610048293749934,37.231609184277694,16.252603632701543,19.395593924863682
706,na,61.93250005943277,61.93250005943277,27.09093121263097,28.858915664806318
707,na,27.57244223014486,33.83214975560291,36.58421031854697,40.65681098106042
708,na,61.93250005943277,61.93250005943277,51.87944094943864,53.933631127087814
709,na,28.74136939159495,32.98581143044833,24.712522470271544,25.14859077929642
710,na,2.243830769258675,3.0239025272386653,1.184906359677216,2.1645722130743956
711,na,61.93250005943277,61.93250005943277,62.58208150337906,63.95120629032579
712,na,61.93250005943277,61.93250005943277,107.30609154139545,107.30609154139545
713,na,61.93250005943277,61.93250005943277,107.30609154139545,107.30609154139545
714,na,61.93250005943277,61.93250005943277,107.30609154139545,107.30609154139545
715,na,61.93250005943277,61.93250005943277,107.30609154139545,107.30609154139545
716,na,61.93250005943277,61.93250005943277,27.037416496041466,32.900934987014885
717,na,61.93250005943277,61.93250005943277,107.30609154139545,107.30609154139545
718,na,61.93250005943277,61.93250005943277,107.30609154139545,107.30609154139545
719,na,61.93250005943277,61.93250005943277,27.823505646241312,27.92084393256197
720,na,61.93250005943277,61.93250005943277,107.30609154139545,107.30609154139545
721,na,61.93250005943277,61.93250005943277,39.53165914255752,40.46042517834745
722,e,61.93250005943277,61.93250005943277,53.92188985393506,56.95127805242803
723,na,17.160330590762428,23.629070878404907,40.06573458451112,41.24576818706207
724,na,61.93250005943277,61.93250005943277,107.30609154139545,107.30609154139545
725,na,61.93250005943277,61.93250005943277,38.18224520349947,46.51467240043448
726,na,61.93250005943277,61.93250005943277,107.30609154139545,107.30609154139545
727,na,61.93250005943277,61.93250005943277,107.30609154139545,107.30609154139545
728,na,61.93250005943277,61.93250005943277,107.30609154139545,107.30609154139545
729,na,61.93250005943277,61.93250005943277,107.30609154139545,107.30609154139545
730,na,61.93250005943277,61.93250005943277,107.30609154139545,107.30609154139545
731,na,61.93250005943277,61.93250005943277,107.30609154139545,107.30609154139545
732,na,61.93250005943277,61.93250005943277,56.98426298463908,57.33621870268325
733,na,61.93250005943277,61.93250005943277,27.00202313084042,27.574278064538355
734,na,29.825220644201067,32.975989326682125,20.730702201638476,26.69849664679285
735,na,61.93250005943277,61.93250005943277,107.30609154139545,107.30609154139545
736,na,15.638151607137967,19.01113011110075,96.58137775343708,107.30609154139545
737,na,61.93250005943277,61.93250005943277,27.890733414224947,30.378537000402968
738,na,21.181823430046606,22.33108568849817,27.279295378750483,29.395666014689798
739,na,20.904949469028892,21.736995797790584,54.70199721772639,107.30609154139545
740,na,61.93250005943277,61.93250005943277,107.30609154139545,107.30609154139545
741,na,14.01745881798396,17.506119866937595,107.30609154139545,107.30609154139545
742,na,61.93250005943277,61.93250005943277,20.73608673888956,20.740473748133404
743,na,27.66110642460192,29.18324097991786,38.618915139815805,55.44144112966161
744,na,61.93250005943277,61.93250005943277,28.19959897115061,29.497185717622916
745,na,27.392748085720562,61.93250005943277,27.451446581648067,28.682530916573544
746,na,61.93250005943277,61.93250005943277,39.5867217318917,42.4508501608657
747,na,24.28406269805238,24.47262366635626,33.86547506179677,37.7830212747804
748,na,61.93250005943277,61.93250005943277,107.30609154139545,107.30609154139545
749,na,1.8804008679198883,13.867889359899461,9.011657244695645,21.67411299506135
750,na,61.93250005943277,61.93250005943277,107.30609154139545,107.30609154139545
751,na,32.14282304208879,36.62953524364996,8.539583265399187,16.024950832524368
752,na,37.60815520545315,41.1227871359634,107.30609154139545,107.30609154139545
753,na,61.93250005943277,61.93250005943277,38.00377739612216,44.8470388002983
754,na,61.93250005943277,61.93250005943277,107.30609154139545,107.30609154139545
755,na,61.93250005943277,61.93250005943277,107.30609154139545,107.30609154139545
756,na,61.93250005943277,61.93250005943277,107.30609154139545,107.30609154139545
757,na,4.3390746763464945,9.85898324337732,21.867378771863397,32.33551177483131
758,na,61.93250005943277,61.93250005943277,65.30378889936765,75.37083255279518
759,e,32.61177119274504,43.1801116940242,33.47867809069541,36.355937609643966
760,na,61.93250005943277,61.93250005943277,39.49717416608389,43.49496784055811
761,na,0,3.6087468942462837,0,1.6217176197312908
762,na,61.93250005943277,61.93250005943277,107.30609154139545,107.30609154139545
763,na,61.93250005943277,61.93250005943277,55.502086967425114,107.30609154139545
764,e,61.93250005943277,61.93250005943277,107.30609154139545,107.30609154139545
765,na,61.93250005943277,61.93250005943277,36.89934197977016,38.40619982964523
766,na,61.93250005943277,61.93250005943277,107.30609154139545,107.30609154139545
767,na,61.93250005943277,61.93250005943277,107.30609154139545,107.30609154139545
768,na,10.226245713848403,12.66883292131858,107.30609154139545,107.30609154139545
769,na,20.484206567325344,26.827688750386926,30.508990758724092,32.627071431480225
770,na,61.93250005943277,61.93250005943277,107.30609154139545,107.30609154139545
771,na,61.93250005943277,61.93250005943277,107.30609154139545,107.30609154139545
772,na,61.93250005943277,61.93250005943277,107.30609154139545,107.30609154139545
773,e,61.93250005943277,61.93250005943277,36.64309375797933,43.95480852276426
774,na,8.66830390028934,61.93250005943277,36.67626542019418,37.76492937685461
775,na,61.93250005943277,61.93250005943277,24.338764813621612,25.904389434696117
776,na,61.93250005943277,61.93250005943277,107.30609154139545,107.30609154139545
777,na,12.633381662043048,24.1253368572341,24.645077541856534,25.801997375035068
778,na,61.93250005943277,61.93250005943277,107.30609154139545,107.30609154139545
779,na,61.93250005943277,61.93250005943277,40.00631681256408,47.22006567403025
780,na,61.93250005943277,61.93250005943277,107.30609154139545,107.30609154139545
781,na,15.717536873324333,28.09634930409468,28.064996240368718,107.30609154139545
782,na,28.943238571978373,29.504004361754554,107.30609154139545,107.30609154139545
783,na,18.109493696836623,18.196081916632746,15.455405008254301,18.051670852122292
784,na,7.295135056773753,8.855143492314355,41.8169968829679,43.35929351748593
785,na,18.49508429898515,23.993488619024063,31.12994708673304,33.58862265800951
786,na,61.93250005943277,61.93250005943277,107.30609154139545,107.30609154139545
787,na,61.93250005943277,61.93250005943277,32.38159355743765,35.42902581143134
788,na,61.93250005943277,61.93250005943277,107.30609154139545,107.30609154139545
789,na,61.93250005943277,61.93250005943277,107.30609154139545,107.30609154139545
790,na,61.93250005943277,61.93250005943277,15.649441313592039,19.13275874245793
791,na,61.93250005943277,61.93250005943277,31.901953036296835,33.79485490110934
792,na,61.93250005943277,61.93250005943277,107.30609154139545,107.30609154139545
793,na,14.18646430168389,15.977657116137223,107.30609154139545,107.30609154139545
794,na,24.351928873267713,29.927604121452337,12.993701361308169,16.802057804231605
795,e,26.711625873102747,34.155547467377055,19.6477374858187,20.207553330429437
796,na,61.93250005943277,61.93250005943277,45.465837168726466,107.30609154139545
797,na,61.93250005943277,61.93250005943277,107.30609154139545,107.30609154139545
798,na,31.64199413792767,35.0573784617838,58.96916534900524,65.2886704709349
799,na,61.93250005943277,61.93250005943277,21.82266852862721,23.327415554489416
800,na,61.93250005943277,61.93250005943277,107.30609154139545,107.30609154139545
801,na,61.93250005943277,61.93250005943277,37.321243211908055,38.22674876239595
802,na,61.93250005943277,61.93250005943277,107.30609154139545,107.30609154139545
803,na,61.93250005943277,61.93250005943277,32.9831405916987,38.438933218096906
804,na,61.93250005943277,61.93250005943277,107.30609154139545,107.30609154139545
805,na,61.93250005943277,61.93250005943277,39.81568479872935,51.6686349704215
806,na,61.93250005943277,61.93250005943277,107.30609154139545,107.30609154139545
807,na,61.93250005943277,61.93250005943277,13.743770422466906,32.26093206203549
808,e,61.93250005943277,61.93250005943277,107.30609154139545,107.30609154139545
809,na,61.93250005943277,61.93250005943277,13.166389215509815,13.892989002892518
810,e,61.93250005943277,61.93250005943277,36.10673220290351,36.23009201312424
811,na,61.93250005943277,61.93250005943277,28.357704097168366,32.25755937617282
812,na,15.12430220255259,15.21221899498119,107.30609154139545,107.30609154139545
813,na,24.6840516557264,38.28754464400066,11.11929886310114,16.660950074657276
814,e,61.93250005943277,61.93250005943277,66.98510990428385,107.30609154139545
815,na,8.148584634579416,8.888235761346904,34.65509543604211,40.850509001610966
816,na,48.00905338386451,51.319824885977965,32.98101781062801,42.05053376445402
817,e,61.93250005943277,61.93250005943277,107.30609154139545,107.30609154139545
818,na,61.93250005943277,61.93250005943277,107.30609154139545,107.30609154139545
819,na,61.93250005943277,61.93250005943277,107.30609154139545,107.30609154139545
820,na,61.93250005943277,61.93250005943277,107.30609154139545,107.30609154139545
821,na,32.547265794425726,52.372463971273554,28.527276770020592,38.37646953930017
822,na,61.93250005943277,61.93250005943277,107.30609154139545,107.30609154139545
823,na,19.093148712308405,19.34227951087814,107.30609154139545,107.30609154139545
824,na,61.93250005943277,61.93250005943277,107.30609154139545,107.30609154139545
825,na,61.93250005943277,61.93250005943277,107.30609154139545,107.30609154139545
826,na,61.93250005943277,61.93250005943277,107.30609154139545,107.30609154139545
827,na,14.185191007399032,36.92227770716483,107.30609154139545,107.30609154139545
828,na,61.93250005943277,61.93250005943277,46.63341190726981,55.127604741509565
829,na,61.93250005943277,61.93250005943277,33.268031859248055,35.76379287853966
830,na,61.93250005943277,61.93250005943277,29.008828406968348,34.08062229712935
831,na,7.729059739876967,10.265886461740807,107.30609154139545,107.30609154139545
832,na,30.88305509461245,32.8866393695576,26.175788593468386,37.89365057192905
833,na,5.479053278109403,16.58820536028729,107.30609154139545,107.30609154139545
834,na,61.93250005943277,61.93250005943277,107.30609154139545,107.30609154139545
835,e,30.47850678795822,34.403901618923676,32.83741041968052,43.01243646427673
836,na,61.93250005943277,61.93250005943277,43.61723168730297,47.53189014114358
837,na,61.93250005943277,61.93250005943277,7.356220277547704,9.07067576127911
838,na,23.66769476660154,25.685889635675835,107.30609154139545,107.30609154139545
839,na,61.93250005943277,61.93250005943277,56.755767401609816,60.27257439037394
840,na,61.93250005943277,61.93250005943277,107.30609154139545,107.30609154139545
841,na,61.93250005943277,61.93250005943277,107.30609154139545,107.30609154139545
842,na,10.882106826874013,11.792954025867887,107.30609154139545,107.30609154139545
843,na,21.434207315673895,23.035417088323168,50.94221424270579,107.30609154139545
844,na,61.93250005943277,61.93250005943277,38.58046152792728,47.149103964939854
845,na,61.93250005943277,61.93250005943277,17.782888340140303,34.23232309738749
846,na,18.450726828505207,20.427031853453432,32.12526696017639,41.18796152906083
847,na,12.607367975820548,18.94761013415932,19.544412783239355,107.30609154139545
848,na,6.984106775641847,61.93250005943277,17.58624995043028,19.91862504452075
849,na,36.917612117827424,41.226654868558846,107.30609154139545,107.30609154139545
850,na,61.93250005943277,61.93250005943277,107.30609154139545,107.30609154139545
851,na,61.93250005943277,61.93250005943277,107.30609154139545,107.30609154139545
852,na,61.93250005943277,61.93250005943277,22.348205635863867,24.50526224643211
853,e,24.03372286854879,28.44444353750027,107.30609154139545,107.30609154139545
854,na,61.93250005943277,61.93250005943277,107.30609154139545,107.30609154139545
855,na,61.93250005943277,61.93250005943277,107.30609154139545,107.30609154139545
856,na,15.848516565644989,19.08642469391578,107.30609154139545,107.30609154139545
857,e,61.93250005943277,61.93250005943277,107.30609154139545,107.30609154139545
858,e,61.93250005943277,61.93250005943277,107.30609154139545,107.30609154139545
859,na,29.6846281096067,39.05152178757438,32.81132471277266,36.27401853413463
860,na,61.93250005943277,61.93250005943277,29.87399131856341,31.26941303483219
861,na,19.406958954792533,19.50962190790326,35.183291862575345,107.30609154139545
862,na,61.93250005943277,61.93250005943277,107.30609154139545,107.30609154139545
863,na,24.475203062765008,28.597683798957696,13.199796937156648,13.400185896764627
864,na,8.883632539037663,9.617269160693596,48.91560136647213,107.30609154139545
865,na,22.33023615911451,22.334608150813253,19.74813354933652,22.45522375096212
866,na,61.93250005943277,61.93250005943277,107.30609154139545,107.30609154139545
867,na,61.93250005943277,61.93250005943277,107.30609154139545,107.30609154139545
868,e,61.93250005943277,61.93250005943277,44.30306671079833,53.85415401694711
869,na,61.93250005943277,61.93250005943277,107.30609154139545,107.30609154139545
870,na,12.00252276056687,14.74275972078377,27.2509110736244,31.945560246567112
871,na,61.93250005943277,61.93250005943277,35.32619769612175,39.845923124672055
872,na,61.93250005943277,61.93250005943277,107.30609154139545,107.30609154139545
873,na,47.28047023842832,61.533371606438834,27.811749875153,30.681620382969097
874,na,61.93250005943277,61.93250005943277,107.30609154139545,107.30609154139545
875,na,61.93250005943277,61.93250005943277,46.918821281551686,48.85080440303606
876,na,8.786344290977201,9.385725272543858,33.87645889838103,39.24696396492599
877,na,11.665782433304333,15.011572585874841,22.52532015014411,26.234413191650855
878,na,61.93250005943277,61.93250005943277,107.30609154139545,107.30609154139545
879,na,21.821055726120424,22.102192414792473,29.62484436303831,31.703900715975365
880,na,27.191514099534935,28.452640318371376,43.00072328693522,48.12757201735206
881,e,61.93250005943277,61.93250005943277,46.51490770872807,49.72606814878546
882,na,33.8548325293874,35.770272337149216,25.467553107092005,107.30609154139545
883,na,61.93250005943277,61.93250005943277,107.30609154139545,107.30609154139545
884,na,61.93250005943277,61.93250005943277,33.363454894038306,36.91515484385393
885,na,61.93250005943277,61.93250005943277,37.713640056876805,50.44070665025767
886,na,61.93250005943277,61.93250005943277,31.13693659483977,41.75640457325163
887,na,61.93250005943277,61.93250005943277,107.30609154139545,107.30609154139545
888,na,61.93250005943277,61.93250005943277,107.30609154139545,107.30609154139545
889,na,61.93250005943277,61.93250005943277,107.30609154139545,107.30609154139545
890,e,61.93250005943277,61.93250005943277,52.10020706883858,55.02306726867807
891,na,30.428797181735415,32.694908547736794,52.71189535046498,61.45718309451185
892,na,49.948783200579946,50.875956686759785,20.87484447954303,107.30609154139545
893,na,61.93250005943277,61.93250005943277,107.30609154139545,107.30609154139545
894,na,61.93250005943277,61.93250005943277,40.98836052626159,45.10112559897876
895,na,23.62639127733163,23.68016076304732,39.76457247104321,54.9827917631828
896,e,39.117117470013625,39.64249040568845,24.78384877400384,35.16099478588405
897,na,61.93250005943277,61.93250005943277,20.52623954309388,29.289761428190975
898,na,61.93250005943277,61.93250005943277,27.38316720174015,28.382510731456602
899,na,61.93250005943277,61.93250005943277,26.768836646061594,30.593275519794645
900,na,61.93250005943277,61.93250005943277,107.30609154139545,107.30609154139545
901,na,61.93250005943277,61.93250005943277,58.623301426791315,63.82909772349688
902,na,61.93250005943277,61.93250005943277,107.30609154139545,107.30609154139545
903,na,5.533800667214682,61.93250005943277,48.851931982448654,50.30021755743337
904,na,61.93250005943277,61.93250005943277,107.30609154139545,107.30609154139545
905,na,61.93250005943277,61.93250005943277,107.30609154139545,107.30609154139545
906,na,61.93250005943277,61.93250005943277,26.399964948226902,27.754617920589435
907,e,37.41686619318672,39.638840447546876,18.383587145410257,28.62526442852005
908,na,61.93250005943277,61.93250005943277,107.30609154139545,107.30609154139545
909,na,12.165855963377407,16.027275994195307,26.682482649165774,107.30609154139545
910,na,61.93250005943277,61.93250005943277,107.30609154139545,107.30609154139545
911,na,61.93250005943277,61.93250005943277,22.590292762853213,24.36948039144788
912,e,61.93250005943277,61.93250005943277,36.43921256433896,39.20185737104549
913,na,22.712067647842385,25.055124589506214,22.816979969324823,26.268479385921605
914,na,61.93250005943277,61.93250005943277,107.30609154139545,107.30609154139545
915,na,3.821818144063432,7.342705266664661,28.51857376737114,31.096213555033245
916,na,61.93250005943277,61.93250005943277,37.44120820773311,65.86153727826675
917,na,61.93250005943277,61.93250005943277,107.30609154139545,107.30609154139545
918,na,26.304558421733436,34.98830914401326,107.30609154139545,107.30609154139545
919,na,61.93250005943277,61.93250005943277,34.65467196030249,39.351638635949485
920,na,61.93250005943277,61.93250005943277,21.935884407745988,22.891594335841308
921,na,-1,0,-1,0
922,na,61.93250005943277,61.93250005943277,107.30609154139545,107.30609154139545
923,na,61.93250005943277,61.93250005943277,107.30609154139545,107.30609154139545
924,na,61.93250005943277,61.93250005943277,107.30609154139545,107.30609154139545
925,na,7.223551686025576,9.22448019339361,38.91216643376021,42.682216042021594
926,na,29.160568700797906,30.424576731144874,107.30609154139545,107.30609154139545
927,na,61.93250005943277,61.93250005943277,38.27547921726778,41.87700348577497
928,na,3.9380532368830226,9.469815291708189,5.406353890248207,6.203366942934154
929,na,25.687155582950588,28.579761419865168,18.839650639255886,24.384024471872884
930,na,23.154571555234288,23.55795005647828,42.90489685232329,43.11183041252226
931,na,61.93250005943277,61.93250005943277,107.30609154139545,107.30609154139545
932,na,61.93250005943277,61.93250005943277,107.30609154139545,107.30609154139545
933,e,61.93250005943277,61.93250005943277,46.68135741045853,47.873816758917506
934,na,61.93250005943277,61.93250005943277,45.83538512147243,50.2944591418356
935,na,61.93250005943277,61.93250005943277,36.43095679360367,41.45160619537381
936,na,61.93250005943277,61.93250005943277,107.30609154139545,107.30609154139545
937,na,61.93250005943277,61.93250005943277,107.30609154139545,107.30609154139545
938,na,61.93250005943277,61.93250005943277,16.465327641774145,21.73277365081416
939,na,61.93250005943277,61.93250005943277,12.362149358621298,15.479974283717208
940,na,61.93250005943277,61.93250005943277,107.30609154139545,107.30609154139545
941,e,14.712731048982645,16.361665857024192,48.55718920062851,51.17439556706742
942,na,61.93250005943277,61.93250005943277,107.30609154139545,107.30609154139545
943,e,38.672974286421386,41.082195832506265,30.262021256314018,42.784258378893114
944,na,24.264334014344154,27.708484202563664,107.30609154139545,107.30609154139545
945,na,15.014085927606756,17.242913715017043,107.30609154139545,107.30609154139545
946,na,28.84778916847643,36.17743812030989,107.30609154139545,107.30609154139545
947,na,61.93250005943277,61.93250005943277,45.772974783852774,46.17187426056329
948,na,18.54477875329709,61.93250005943277,107.30609154139545,107.30609154139545
949,na,61.93250005943277,61.93250005943277,107.30609154139545,107.30609154139545
950,na,61.93250005943277,61.93250005943277,26.296054259294923,27.784150756813773
951,na,61.93250005943277,61.93250005943277,52.57820736207101,107.30609154139545
952,na,61.93250005943277,61.93250005943277,33.859480694951095,36.38682815162033
953,na,61.93250005943277,61.93250005943277,107.30609154139545,107.30609154139545
954,na,61.93250005943277,61.93250005943277,107.30609154139545,107.30609154139545
955,na,61.93250005943277,61.93250005943277,45.29148159482951,45.35550962647086
956,na,24.29473934928337,26.05300325108547,31.061903886008967,32.34816986140547
957,na,61.93250005943277,61.93250005943277,41.48558489509492,54.848773375627005
958,na,21.887799383203753,24.63403426290899,107.30609154139545,107.30609154139545
959,e,61.93250005943277,61.93250005943277,39.811219121754995,42.834215161537315
960,na,61.93250005943277,61.93250005943277,34.99559636139733,40.13774069102602
961,na,61.93250005943277,61.93250005943277,56.13637039272712,58.72465044857346
962,na,25.57683462024369,27.65070122991717,49.60137009252432,51.232264598182084
963,na,19.83228908718028,27.80796731992048,27.515124611924737,28.120173540441108
964,na,28.03180989590775,30.35764835138196,49.09183042401183,50.72745407357506
965,e,61.93250005943277,61.93250005943277,107.30609154139545,107.30609154139545
966,na,20.61349003037989,25.26478695477664,69.2942806973244,74.5626174361316
967,na,9.589563540294504,13.406877969940892,14.59375561014379,17.619030230995087
968,na,27.7519005602221,39.19635754711442,43.90563907441179,45.578625944910904
969,na,22.90497962322804,27.516966058863467,33.0654327935304,41.946530114080666
970,na,61.93250005943277,61.93250005943277,107.30609154139545,107.30609154139545
971,na,15.718186917356041,19.910515480823992,50.36543299926257,53.40271727706121
972,na,9.658735925758428,9.893437719927576,33.70377177151594,37.37140903812821
973,na,61.93250005943277,61.93250005943277,10.990636080198305,14.421306082969796
974,na,61.93250005943277,61.93250005943277,107.30609154139545,107.30609154139545
975,na,61.93250005943277,61.93250005943277,42.884844507844754,48.3828691136669
976,na,61.93250005943277,61.93250005943277,107.30609154139545,107.30609154139545
977,na,3.2706533618381917,4.300711382456623,8.607145052904876,14.258401436120144
978,e,61.93250005943277,61.93250005943277,44.48437034389502,45.18631976869236
979,na,61.93250005943277,61.93250005943277,107.30609154139545,107.30609154139545
980,na,61.93250005943277,61.93250005943277,107.30609154139545,107.30609154139545
981,na,61.93250005943277,61.93250005943277,107.30609154139545,107.30609154139545
982,na,44.77381686950311,45.19213136969116,35.26733515262874,39.91557868315275
983,na,36.22438980726697,45.14669719521871,12.76136562227741,23.647137997085792
984,na,61.93250005943277,61.93250005943277,45.01138397724084,60.59725457121607
985,na,61.93250005943277,61.93250005943277,107.30609154139545,107.30609154139545
986,na,61.93250005943277,61.93250005943277,31.82515301316075,107.30609154139545
987,na,61.93250005943277,61.93250005943277,107.30609154139545,107.30609154139545
988,na,61.93250005943277,61.93250005943277,32.509987650551686,33.215413500646875
989,na,20.731019986473896,25.566275224402002,4.904143494039242,5.928095080525916
990,na,4.063577108043986,6.927509705106814,5.489950405209804,6.745599650702765
991,e,61.93250005943277,61.93250005943277,12.702258435107172,13.673203293461421
992,e,61.93250005943277,61.93250005943277,107.30609154139545,107.30609154139545
993,na,61.93250005943277,61.93250005943277,107.30609154139545,107.30609154139545
994,na,61.93250005943277,61.93250005943277,107.30609154139545,107.30609154139545
995,na,61.93250005943277,61.93250005943277,107.30609154139545,107.30609154139545
996,na,16.070312013119544,18.11583518978724,46.848875614177736,47.770844095267805
997,na,20.82574467555001,50.72269826851874,34.83923722382282,41.13380445324887
998,na,61.93250005943277,61.93250005943277,107.30609154139545,107.30609154139545
999,na,61.93250005943277,61.93250005943277,37.99417526657476,52.05917129722033
