node, assignment, time2inf_trt, time2inf_con
0,na,0,0
1,na,146.65535107155907,149.40840911470292
2,na,0,0
3,na,0,0
4,na,35.31760840389765,85.3688152870483
5,na,52.9396738563744,44.878692455997594
6,na,35.352210306779305,33.125716931046334
7,na,0,0
8,na,29.62068286472148,54.68627525727709
9,na,36.79481151884891,88.8553922381081
10,na,20.911072209482025,56.34378977205556
11,na,54.63523083238113,149.40840911470292
12,na,51.242250342647104,34.92970324749128
13,na,45.900692863439005,55.7023827117338
14,na,33.008551280419944,37.79898340878989
15,na,51.63214705997106,15.381402175165304
16,na,47.027696546280396,52.19345634987344
17,na,44.37923392510599,39.43143276590872
18,na,56.8688333014924,149.40840911470292
19,na,16.69895062638885,64.84318802607797
20,na,56.68941298826064,28.477326558191507
21,na,67.24870029449714,53.03010810329199
22,na,47.37433455352157,55.97417222231356
23,na,61.28621863801651,44.36099347398959
24,na,42.001116061961206,57.19755187860389
25,na,57.398352203004265,45.31055425468727
26,na,43.46970946343715,57.21277541145819
27,na,146.65535107155907,68.57825996863365
28,na,43.005135724574934,86.13627478854309
29,na,73.37553220628519,54.33811466721977
30,na,41.46120522727833,24.100860014880105
31,na,52.434728628594925,52.36444166385867
32,na,45.06005510852792,68.74422075851709
33,na,146.65535107155907,149.40840911470292
34,na,31.97865824039987,57.19726728043692
35,na,35.351921635954156,40.30718879505121
36,na,74.24492890826272,38.78393689896127
37,na,146.65535107155907,70.67052782606018
38,na,26.637937020672926,36.841241323463045
39,na,53.51269995615794,49.19674425700617
40,na,41.40449731630908,31.19302701557941
41,na,34.499574242914406,39.03162699711013
42,na,33.92044443314375,63.16921255537974
43,na,57.28329905426188,59.12647260693423
44,na,32.16967699886919,41.508964717661115
45,na,54.47302726323459,59.1776566117086
46,na,51.984128217238194,49.734394405715676
47,na,35.394005868635816,34.42799784867104
48,na,71.70727878097628,74.17976863555279
49,na,43.994222877243686,51.29830552835796
50,na,67.16711587101382,15.52785204782121
51,na,38.70523881598908,52.82070877784682
52,na,25.417714338669107,53.07294600872324
53,na,32.83826004810619,59.8077422965208
54,na,76.61846189198704,30.447155841621324
55,na,30.67609961841559,65.99679781819147
56,na,40.584024572810506,69.06614899321266
57,na,38.179832080256304,54.69206066189942
58,na,62.81511510016681,53.518313770506964
59,na,44.70742995486705,81.50368760545159
60,na,38.31078110153211,55.892477238049274
61,na,15.162644711192353,60.498316762415946
62,na,42.758404449413014,60.60742341826339
63,na,47.446645125658186,60.897523530550195
64,na,62.46706791198933,52.663281048662554
65,na,49.59152115386976,80.14548115752257
66,na,44.577762041540346,50.04889799643019
67,na,80.90839799881691,59.295598571206355
68,na,52.36399508568492,29.411949817594444
69,na,38.407649716515635,37.257747215518506
70,na,48.917343709641045,63.87989678994213
71,na,49.5689434941502,15.681686294144638
72,na,29.203533935070727,44.31306283870272
73,na,46.2034043786657,61.36144269552925
74,na,22.239802708947813,48.185638773519905
75,na,14.37646616855653,32.527062066795686
76,na,65.59483621408869,49.062968976964235
77,na,47.4037247179844,55.5689623175568
78,na,46.152807212148694,51.475666323537595
79,na,35.494157427427915,57.51152729142269
80,na,52.508540607382656,49.859792203865936
81,na,59.61897344790267,54.87355013455766
82,na,35.11914129183877,43.52587649014936
83,na,48.527795108919825,47.06614343717395
84,na,70.3391730011928,36.001015220587846
85,na,66.33696213387196,73.51991529943547
86,na,146.65535107155907,46.83073163854625
87,na,64.81998485787092,59.69539239295114
88,na,43.004791171503165,59.32604197493272
89,na,47.33282199555777,52.281670496327756
90,na,146.65535107155907,74.43265878700248
91,na,58.45175047393142,112.26502337272748
92,na,66.25978492579853,62.30323838511768
93,na,64.1582494028621,41.60184386680806
94,na,39.52125579592835,42.97789593613975
95,na,146.65535107155907,53.5261560789986
96,na,30.271604200649186,74.62173549000778
97,na,69.36374076157041,69.75653376651256
98,na,146.65535107155907,78.25209017015902
99,na,54.48383696251126,34.35863815605366
100,na,36.32768327599501,45.42313956171677
101,na,5.057551705393998,4.1429248740113245
102,na,49.0941147345697,53.856718416346936
103,na,48.3959823227348,44.480526150585774
104,na,48.89456079121108,39.86280309094495
105,na,49.66215497177368,149.40840911470292
106,na,30.759553544860072,46.24386492505519
107,na,45.21739009580657,51.64838389687057
108,na,28.533882441333702,95.66034029967099
109,na,27.099415266281888,44.468077021550265
110,na,35.407168785818094,38.476840875343775
111,na,48.79634300332349,73.82144761890876
112,na,31.2016574200432,28.25365437898984
113,na,42.59528508293114,70.01080965201592
114,na,29.00390150074475,79.83487468874443
115,na,47.4735966359057,40.973953053161715
116,na,53.352033542375864,55.14650277433023
117,na,27.25098408026627,56.075986996427574
118,na,51.391957044646134,53.182758790152384
119,na,48.509117110820775,51.17941598318801
120,na,14.729802022278363,64.56192550361692
121,na,9.130853246655198,48.47609737426863
122,na,42.60672734425426,59.815207699411395
123,na,76.00968642839278,44.36856231042165
124,na,62.58490734272279,46.792107374869204
125,na,26.724000900331816,43.79555311609996
126,na,96.77689818937246,57.16200883656161
127,na,42.911944060688334,28.598342991503507
128,na,70.72255959007468,50.24979972513935
129,na,75.82441489343388,66.84390190962259
130,na,26.58829530624792,50.30018220476637
131,na,44.77490078191548,50.7467242742101
132,na,23.07530095499277,28.254681548536333
133,na,36.22414563824228,48.82796971808345
134,na,59.59954611590645,71.51017802760931
135,na,146.65535107155907,65.86860977884274
136,na,53.98613151714119,76.94580829454407
137,na,46.242638293073405,38.67342173402433
138,na,65.17267629974974,59.148702215056566
139,na,55.07279741639786,62.77876868978051
140,na,44.30386253742783,35.88688181647531
141,na,63.260455811623814,53.4523012217073
142,na,38.52358266397136,44.46142357532177
143,na,35.9198743975013,57.754981460583075
144,na,59.684510744404825,63.55888235104548
145,na,33.009374142016895,42.135954753668315
146,na,39.00492399604561,39.93885236742414
147,na,40.246147682470884,36.41266729883355
148,na,37.23347712234897,91.32893695757649
149,na,48.107930841188114,45.67340938586259
150,na,45.737544778512856,39.88792533846444
151,na,41.58682191130906,53.73226352628837
152,na,29.056565763169296,66.29356122819895
153,na,35.28930919800335,35.953070047453814
154,na,69.93523705285882,35.995398408862386
155,na,37.137655516469856,70.42056841553416
156,na,41.16613775482628,29.7905446177327
157,na,38.379469067841974,48.08044356908455
158,na,51.81676794341727,149.40840911470292
159,na,52.43693626041588,72.45310314793997
160,na,51.87583210643718,59.84214612792678
161,na,57.54425552838858,51.2484896789225
162,na,40.71309698998368,63.52359614769678
163,na,54.02289094575241,57.430609125721304
164,na,42.67396728642005,53.296371958596275
165,na,60.52903027555769,52.759242197619486
166,na,66.3028935481716,47.55160732108497
167,na,49.361413673143765,52.35081515212969
168,na,70.62588278035335,79.55139472182766
169,na,72.02313547798714,0.8821475563636434
170,na,38.49007912676376,36.11438854023162
171,na,58.51882512182374,61.54859701027133
172,na,83.70465868456498,53.52374984729665
173,na,57.60769398038557,58.980471906983304
174,na,27.695667363880347,54.81317289226218
175,na,36.893428952246325,41.82102347858261
176,na,32.62162091584044,17.798400467242136
177,na,50.45140425135328,55.23812821832357
178,na,64.40719639945532,47.07435918547068
179,na,45.3315764518399,40.48986908695974
180,na,42.04252963106307,62.681966667712096
181,na,65.49246297458558,45.245420574658866
182,na,51.01638544708477,28.9421177012011
183,na,146.65535107155907,47.517730447034054
184,na,31.62200206511717,50.16656550720185
185,na,40.28762798705621,70.41920709402164
186,na,52.89030389706507,47.68431325444558
187,na,64.95234622012495,63.05443887802891
188,na,36.9144013408102,68.25820562942789
189,na,31.754149066375547,82.69670025199707
190,na,67.18641800144917,66.97657024589952
191,na,39.9290027910409,63.500111024629334
192,na,81.47445356976193,53.68783629175606
193,na,47.81850363861583,35.02490470255006
194,na,39.377192754461895,72.53025310602688
195,na,70.97101095283202,75.0073219137607
196,na,59.021167124846755,36.50180039340937
197,na,55.294524271939714,35.214466938569515
198,na,67.51571811860919,31.077853278088607
199,na,58.31823693175978,46.393448475527066
200,na,65.1323361204208,65.67604260154417
201,na,65.44444838948198,27.554716891289775
202,na,52.65022991674749,37.683261974125095
203,na,18.326113799798332,46.05818399922922
204,na,36.82744156738254,21.706238526809862
205,na,53.5438202757517,55.33847446292885
206,na,37.642399069233534,72.47908879265184
207,na,48.07717633341288,61.98176277530628
208,na,61.36136852715352,50.76067840040677
209,na,28.601676539508443,53.603474987671675
210,na,42.801465934479175,149.40840911470292
211,na,26.837198612822377,59.167528688109826
212,na,52.5466543619121,28.045932142163473
213,na,32.73316288818686,64.2073752775956
214,na,38.98591295755102,45.66385349587292
215,na,146.65535107155907,50.556470318944385
216,na,60.651125488980156,60.64818603901113
217,na,42.045044432548686,64.19873500878816
218,na,54.23447728545088,18.03324866593749
219,na,44.28557782199783,75.81848612384383
220,na,36.08498287021798,47.98980264794345
221,na,33.63883545983573,55.82949160064309
222,na,49.925801086183505,59.132990619906224
223,na,48.39049466000028,66.28542911847596
224,na,29.398910674348215,24.022128122968876
225,na,62.024940155504105,70.40511000212746
226,na,146.65535107155907,56.60754967499489
227,na,30.425223885922914,55.2215997896436
228,na,40.56249354435246,52.55180276723173
229,na,47.67098723484757,149.40840911470292
230,na,67.66854066911105,72.4223831156588
231,na,48.29602025882972,54.18858816921348
232,na,27.394334569396502,44.200996911061765
233,na,68.83660625177978,61.50501361468077
234,na,70.1267572411494,56.000190201281974
235,na,36.34970205836648,31.096775285985043
236,na,25.90768040212691,61.59985350324284
237,na,66.42958632414636,52.564119264664434
238,na,8.726816205833519,49.536828361643366
239,na,64.28785219553926,47.303541244592765
240,na,22.309213321094536,60.70279951132053
241,na,51.03197656409534,61.51903955258223
242,na,50.11411024312563,49.50412191037618
243,na,34.64477777838383,38.20670533712077
244,na,30.235765484953983,53.21961234854621
245,na,146.65535107155907,81.07324969642619
246,na,16.737088146905585,50.91788016984922
247,na,66.45827656319526,19.5494523782822
248,na,49.9327639386876,44.52771817354356
249,na,45.494015307541424,31.330565449627574
250,na,61.02798406993475,45.80749128949034
251,na,146.65535107155907,73.99169177915401
252,na,53.05835694336264,49.35458218537014
253,na,40.96016116222517,78.85133186179065
254,na,34.74325205997124,149.40840911470292
255,na,52.783338577164315,26.127996499032886
256,na,34.19003884101191,73.17982341675656
257,na,146.65535107155907,43.38459235289228
258,na,43.50314799249165,60.98194396885242
259,na,25.024791219182337,149.40840911470292
260,na,55.65456826145351,50.56725193411733
261,na,32.11811043737256,41.91484496839353
262,na,38.41572219905405,68.90875726952521
263,na,39.367859027519536,149.40840911470292
264,na,33.87276490638243,85.5669099373218
265,na,51.56385013372771,51.096469923900905
266,na,38.29647917794734,63.001886105874114
267,na,88.85767139939428,50.054073592705336
268,na,35.100017966448846,41.380262144852715
269,na,32.28854642629185,41.96234991257556
270,na,53.01413008180805,56.62953246562138
271,na,146.65535107155907,59.419919786119756
272,na,60.99122286117079,74.87060173244602
273,na,56.000833705076694,46.65532502058829
274,na,37.072606284291666,62.08576459396075
275,na,49.544500460630886,60.20001352725981
276,na,41.85015529807062,17.811424414907147
277,na,64.46455410102065,51.02604470319968
278,na,59.06775928352582,57.75042534860136
279,na,51.93340542535905,60.57070381215821
280,na,52.78740076765011,54.468867097049674
281,na,37.25311828190899,12.51604686509272
282,na,146.65535107155907,113.64571603009509
283,na,65.29662551498875,25.49985279022783
284,na,85.58005490627622,62.05738996110964
285,na,40.49814805507902,46.06523474513139
286,na,41.404371051489754,19.295930044438176
287,na,66.94886223498406,58.47098190926425
288,na,25.419506296734543,41.10796455580583
289,na,58.296122722919925,65.47866267635895
290,na,51.366014730641716,42.329775093306914
291,na,47.915883003111446,36.77309183603074
292,na,63.12607359534868,43.66099930493867
293,na,46.78243898028958,91.51209759241478
294,na,65.99262763368638,50.88451847968094
295,na,53.33103427592923,37.70579365841604
296,na,23.554182031029182,56.51736097077389
297,na,61.686422551490985,36.985856750297415
298,na,43.82135909573773,72.77374943454329
299,na,17.533201503785236,29.901378187735023
300,na,23.961334724432543,24.182066437268077
301,na,36.910827924983614,83.55922216507356
302,na,50.72623715007968,50.608030961620685
303,na,74.67903366153027,60.430939001718436
304,na,52.158029922234725,38.583167051423
305,na,40.45654352643388,50.51656745518868
306,na,48.81345815076559,50.229462147910176
307,na,146.65535107155907,149.40840911470292
308,na,97.97096675676775,66.74918348282931
309,na,146.65535107155907,149.40840911470292
310,na,17.292097324784134,58.882810290528255
311,na,29.492766560224123,22.190236768624573
312,na,38.47907937362267,46.84914547512151
313,na,28.307540475546105,42.54799702839223
314,na,30.010612530826098,71.63732167805973
315,na,40.81550394559362,69.85951842643529
316,na,78.61660485883085,57.48350226725938
317,na,39.90885137702113,45.83410859527542
318,na,72.74511634908,44.57307647856957
319,na,71.54411347104812,22.673614236521324
320,na,146.65535107155907,149.40840911470292
321,na,55.70423535156544,3.1833868377815993
322,na,41.01024369383134,31.13210027722008
323,na,31.792671862312517,55.79122372772689
324,na,37.74450548951744,49.320255273573906
325,na,44.084789516470764,43.524104304402414
326,na,77.248554710235,72.5742416510473
327,na,50.72497597512859,44.66837810744735
328,na,57.515844753123424,45.16460888269431
329,na,41.04130653077994,68.29366937551181
330,na,49.59447059462658,149.40840911470292
331,na,33.232418700902336,19.887101010039363
332,na,42.88952142139387,53.22196731570366
333,na,43.07366465674551,33.101036193828385
334,na,52.15608810209227,30.17327343033834
335,na,34.41162241850275,45.825142592747945
336,na,47.69376633986277,57.19948779961459
337,na,36.14140576420717,68.21220435050313
338,na,46.158205012112056,20.833001335297688
339,na,48.60527578701843,37.86819073893984
340,na,48.93888674008815,40.66323715254816
341,na,53.79317472913027,69.05758919656938
342,na,63.06462182093796,40.55998731343359
343,na,46.27886099883592,57.07509518120385
344,na,41.00209135475734,51.907407590686624
345,na,22.404126810744014,66.63750676350467
346,na,42.13522871213764,38.41298572655574
347,na,48.653115524507356,52.90889429304903
348,na,51.72562042363056,41.283562200555394
349,na,57.617872207600385,56.79526715527879
350,na,37.56198664828436,50.47350810443384
351,na,73.6529474654322,149.40840911470292
352,na,68.86295806639185,94.35722664709137
353,na,71.77851902547563,77.6540482593521
354,na,43.132084458616895,38.812109964197354
355,na,44.30166277900589,54.12579011911815
356,na,46.360553846634176,45.699925803379145
357,na,67.24480685485831,43.529810734200474
358,na,48.468741515687086,61.979237685701726
359,na,24.7281107261434,59.15801719278765
360,na,67.1469202733745,46.92511809911978
361,na,34.439269607585814,51.25824819040843
362,na,55.06475957628677,39.81612511838436
363,na,29.321991807957883,49.72031439461428
364,na,29.9123897792505,44.10980639129913
365,na,49.23907232248208,48.82738055412444
366,na,56.72163334643827,53.541344359026674
367,na,60.22252587383095,61.34336859194541
368,na,26.541653160036198,56.078740808946606
369,na,55.649247957469825,71.55422489159184
370,na,22.3076396624752,53.99082256476214
371,na,42.10004054980672,39.428159206642846
372,na,4.342301520095444,149.40840911470292
373,na,37.74362719929687,42.402694213454275
374,na,83.1506172375934,39.82091438869014
375,na,76.38258387058562,40.36309091712261
376,na,40.98759483034957,47.01117122610904
377,na,74.6117782034741,77.71374924432128
378,na,27.532420166534106,87.80179711850663
379,na,31.290410017816654,33.55163917691843
380,na,62.426877515547424,56.74482654368991
381,na,62.07712213363131,44.931091526300364
382,na,53.30992048987367,52.020048240234516
383,na,43.66182548335053,53.375535396894755
384,na,51.51490450041081,27.035055685683304
385,na,43.95664129747675,38.87042124556875
386,na,36.095448152323144,46.95196951665152
387,na,64.10985519974454,48.67195930705457
388,na,37.36086867913384,54.38633990437453
389,na,146.65535107155907,47.43981886323767
390,na,58.62280368941171,66.32639884390623
391,na,146.65535107155907,52.575380164302864
392,na,35.69657974060981,64.7324752957727
393,na,65.26998456796824,63.00597448456485
394,na,30.6405731598693,55.84893506187948
395,na,43.287113835943416,43.13275498095819
396,na,43.79060986671095,48.03893292018404
397,na,30.719003477883465,49.99157964966072
398,na,54.98290838356342,50.343726051170535
399,na,146.65535107155907,149.40840911470292
400,na,60.838161892690366,40.63135710338683
401,na,41.25289691356068,37.5117528425837
402,na,47.88181564426813,70.05064705464005
403,na,17.853255291413166,23.900557994914433
404,na,63.0917410256713,32.857363188822504
405,na,49.31099777986347,48.07338141184546
406,na,31.064123664046345,53.96612209574657
407,na,57.63515592026117,57.41517508691668
408,na,61.53049362844109,57.0043596400994
409,na,43.021588135379055,56.48443290784729
410,na,32.06934796319179,36.09659974238893
411,na,70.40384040217792,39.03804837522874
412,na,38.80624202682014,30.079251013985353
413,na,58.99606211713611,64.7187568333346
414,na,61.904090691914206,11.098455875625795
415,na,28.626660518567697,44.00352875914464
416,na,51.2092909261292,40.753074751488114
417,na,146.65535107155907,61.0622842569566
418,na,49.165631333545036,60.84054690779367
419,na,79.43419134287508,69.17486325234208
420,na,17.029561103111746,19.18934255591479
421,na,70.68867991719144,56.22613357634625
422,na,146.65535107155907,52.32306839353014
423,na,57.97271782779592,33.88687601277662
424,na,39.071173022300314,44.45677181975779
425,na,91.92158789964093,70.85106416021388
426,na,43.92259490203398,60.3895289861301
427,na,87.02746258724001,50.03925787923839
428,na,65.3607428351406,41.95869337217572
429,na,55.14106481492173,58.5800574195551
430,na,56.12283474368293,38.473930585689196
431,na,79.9877054956638,15.546124555171632
432,na,51.11364284286769,62.00953638033628
433,na,146.65535107155907,149.40840911470292
434,na,54.56355668200887,30.162208285285324
435,na,75.44699361027448,93.64213520523413
436,na,37.81209781104845,27.18918957338257
437,na,27.243734966556005,31.54791958643937
438,na,71.14763006298476,31.495756138140248
439,na,33.41374202997358,49.80060146701127
440,na,58.32353738331995,56.95203118464312
441,na,24.747787593244126,60.57300532206912
442,na,55.99808835868234,43.62557389689045
443,na,50.5486191741502,44.25122684754318
444,na,11.569232753011445,40.958012914485835
445,na,46.77845639138769,61.827474079522396
446,na,37.1961714459266,54.49681987546522
447,na,146.65535107155907,43.755092273481395
448,na,49.90115051446367,68.11057783851848
449,na,39.609678767529424,50.30497192322953
450,na,146.65535107155907,24.83397263040355
451,na,62.544045377224926,40.18436813098484
452,na,66.20859372346985,38.69476307993286
453,na,32.66331602317107,37.803253231005385
454,na,66.00634427036155,60.444295995565795
455,na,146.65535107155907,61.83850780488595
456,na,30.749538767241013,54.10756930159185
457,na,50.64462021667035,26.743812686990026
458,na,33.17261865414179,62.65298772976387
459,na,59.690628519032806,149.40840911470292
460,na,146.65535107155907,86.95983110641836
461,na,35.82775615067354,26.70865339655931
462,na,78.22913208672708,63.63394145383413
463,na,61.08737985798244,72.41631100692071
464,na,42.64677538183635,32.611823434126165
465,na,45.720986480570296,48.67150688690758
466,na,23.656108204430616,46.6417229218987
467,na,58.38743047493277,66.76923467275908
468,na,53.45174550005684,23.554841537478318
469,na,55.585301816816475,42.16229488854313
470,na,48.61855777866651,76.69784322150007
471,na,46.83725124888304,52.83183744789492
472,na,65.78572092630586,49.866746562136626
473,na,30.789276201737035,31.045267609785597
474,na,71.6387617260719,80.83320303319711
475,na,29.46577454820038,56.88574552809004
476,na,17.842759410229384,68.71920416385241
477,na,31.00280553607376,57.619444030266784
478,na,58.65465264805539,47.634708082389665
479,na,51.32342203608437,74.16713807083583
480,na,41.148740747838445,34.8044613850903
481,na,49.71350096010699,29.214614361321885
482,na,146.65535107155907,55.103895076357325
483,na,22.83786083783572,59.913528138038956
484,na,39.816551115953274,33.55520593815487
485,na,57.47310699257548,41.68991430422427
486,na,34.46319432301333,46.586384057766814
487,na,146.65535107155907,51.36492065742805
488,na,55.01484384371285,41.80428516961535
489,na,146.65535107155907,149.40840911470292
490,na,52.22347718188027,28.810723456022558
491,na,53.359656686033304,84.93914694488085
492,na,43.07476077189756,53.647772911962896
493,na,59.56221539159151,68.68031781302332
494,na,50.49431066142058,22.20343368078156
495,na,55.30901168617321,62.12789688614119
496,na,35.033349147541124,62.071986065990245
497,na,60.08389366634881,55.87971984043084
498,na,79.48600718678034,67.6592389187946
499,na,46.68071633913868,42.75275656807949
500,na,46.437337194449945,49.935302470425825
501,na,13.44975154882492,62.52097919874197
502,na,41.17578960449379,19.3576138774117
503,na,22.70286227632152,80.38920144578123
504,na,41.328350478827694,47.92001263028947
505,na,85.01346256790835,35.936849522116155
506,na,46.32051337116306,44.06268185391061
507,na,72.17229531444713,39.77273892442554
508,na,55.18077055715187,149.40840911470292
509,na,74.75468513688487,149.40840911470292
510,na,37.65140930509498,41.54901377788499
511,na,51.657044326148934,46.82301899267295
512,na,51.55856348414726,64.06778083480367
513,na,22.89460152495023,32.646974689829875
514,na,48.91999533177976,57.121001653084605
515,na,26.932485384035438,59.82967296166843
516,na,45.61457676091557,78.69241944982645
517,na,37.5386578960396,54.7925117645003
518,na,11.851711010719095,83.29312560702594
519,na,52.226149024523906,30.685178853015877
520,na,45.26523628659565,73.7371667480964
521,na,47.613124327123984,37.98980108378856
522,na,75.73737240219032,31.953792775637258
523,na,47.91015104353184,55.80958700920511
524,na,41.41518133989376,46.60640868557542
525,na,45.925354576685784,42.66475967193125
526,na,100.15929934619399,49.49482689917242
527,na,44.027320701939125,53.34893955339608
528,na,50.38041719330921,47.506021112848934
529,na,51.51470206951512,35.03450434273723
530,na,0.07121045546385407,4.3502978582270675
531,na,57.145355578358455,74.30546710505674
532,na,60.31164342942333,57.76556825120301
533,na,47.42985185889107,37.974736733029246
534,na,48.18672988844696,79.09325316291725
535,na,26.09420917701544,53.13291878796489
536,na,42.10680366362969,36.33173853312191
537,na,55.91966193983247,34.95290340328655
538,na,52.94258220427049,61.88905622840409
539,na,74.31188331528489,62.48457713239394
540,na,43.215931830640315,149.40840911470292
541,na,51.83334924609209,41.315123333439985
542,na,146.65535107155907,64.39913414282998
543,na,40.21681690100343,149.40840911470292
544,na,46.9647163637382,48.05917585103773
545,na,21.110958507799616,18.85378278942726
546,na,65.49421772127326,47.21291977534396
547,na,28.77423751302424,44.256082009181576
548,na,36.840769327421405,29.589614982923315
549,na,42.940823374881134,46.67997450281946
550,na,39.316952746774504,58.625480347436515
551,na,57.822112794688564,45.03179843347304
552,na,69.71796681217161,45.346760285250376
553,na,20.447704037479035,29.756291428833368
554,na,29.917435959856547,38.184622358269344
555,na,47.72004195946635,149.40840911470292
556,na,86.65834825994739,53.539909314598574
557,na,18.768414483821125,66.78829181772387
558,na,22.04334247810411,34.34828521556375
559,na,44.70798970401155,51.74296941902661
560,na,29.181602594674118,49.80120286670073
561,na,53.65119768017082,41.51775299714069
562,na,50.820491176770524,149.40840911470292
563,na,55.38854872398876,69.0630584081973
564,na,35.388845862756106,52.17504582909968
565,na,36.75544204919469,60.27023683115348
566,na,40.22711408977914,22.691533202955238
567,na,53.055906037321044,18.756932742123535
568,na,28.347584207950565,68.54417444062811
569,na,49.48148458183845,44.05318937830323
570,na,43.64089730210418,60.06847766004012
571,na,146.65535107155907,45.62388356071323
572,na,58.71922666907225,53.83496352256532
573,na,37.49974613147169,57.978912508417885
574,na,29.433262743708713,30.186402885581046
575,na,29.645799000025956,108.40938121269393
576,na,50.144143600655724,57.216099981021415
577,na,33.201356974474656,26.48581345356576
578,na,146.65535107155907,37.74020813143365
579,na,22.985713979110656,31.483990281550554
580,na,37.80347453019934,53.55754774674099
581,na,44.08721496811724,66.52306803439976
582,na,55.22087032863371,77.24496860097611
583,na,38.58202596698851,54.92140845829822
584,na,46.059542643406445,70.58937686885923
585,na,24.271044912841177,38.95339044412005
586,na,35.64199929168351,50.989203924803945
587,na,97.32338507356405,43.51413009483081
588,na,22.173145100031142,43.995133112425926
589,na,146.65535107155907,58.115992279010946
590,na,56.4493812486918,36.890885827083274
591,na,83.13075992813637,14.431220155908454
592,na,16.299260439383783,24.494124539129736
593,na,50.375110366111294,50.07942142500536
594,na,36.014012036240494,79.95656540248872
595,na,57.77866623490563,149.40840911470292
596,na,39.886402768274074,61.65043238894691
597,na,73.09172418545933,36.94125548492143
598,na,38.31443006253089,44.84254422879419
599,na,146.65535107155907,56.86055709280189
600,na,55.00632918565825,70.59993477924297
601,na,35.90745764345172,70.45014413518064
602,na,110.87444446622334,55.644127215652645
603,na,35.11835997898546,60.054317000369615
604,na,41.504447598923726,149.40840911470292
605,na,58.053713009609226,35.467468121668794
606,na,46.283232409530335,58.938432915989736
607,na,42.57398899712575,48.37301339814849
608,na,42.16692856426142,76.28245084988106
609,na,47.8126679510692,43.94197574024853
610,na,48.993622754205965,55.45778854614437
611,na,32.64922278567223,67.5269543518864
612,na,63.840208412781166,55.66373124908109
613,na,50.75104189396964,46.18779434241606
614,na,48.34084062101001,67.72244643425122
615,na,81.94236762811474,47.4340654194743
616,na,76.3453937605319,110.83700821205248
617,na,58.55177464134648,35.967992350595715
618,na,57.936778841141596,52.67023791926344
619,na,56.19089927021873,25.430745951984033
620,na,53.82044366938909,40.89602621818229
621,na,58.981165091914036,62.75943304085665
622,na,8.15829774608496,52.7519866031361
623,na,35.043518816307994,54.98228643154909
624,na,29.190478019180834,46.39353246213643
625,na,42.60876837781341,31.443734688617674
626,na,59.2591400424059,57.88559080331521
627,na,47.773930908474306,47.91922136862217
628,na,44.82670777428762,33.671831437460376
629,na,146.65535107155907,35.24717609826691
630,na,16.72055403246418,48.40713852439544
631,na,71.16691812585493,49.35467279006935
632,na,54.79381623091921,47.81946355290077
633,na,38.57395062117572,67.7025749835624
634,na,26.939426956452667,50.281932068754976
635,na,43.769192327120685,46.8105554680536
636,na,51.03272545092968,72.31463886876311
637,na,48.211763096817585,46.88081690281327
638,na,49.27332041219804,53.77968183517934
639,na,48.666271651647875,42.73618811795933
640,na,26.739024003264102,43.63696230902402
641,na,146.65535107155907,51.60626744744177
642,na,70.69350707929004,39.822296074106845
643,na,84.55757727749902,56.6863387650628
644,na,69.99351226565818,55.2031037582564
645,na,51.317712578298014,26.84085749284276
646,na,62.81323001992665,54.08793312714278
647,na,49.418075191817024,58.19285578867829
648,na,39.00750616735749,42.74065034911461
649,na,36.913464603394225,45.99479803696609
650,na,32.51909879995567,55.20441944858652
651,na,22.91660306613507,36.22670762259675
652,na,39.76391326928385,64.7634538305937
653,na,25.868621090762954,37.999672202593715
654,na,72.66309353714128,64.00052523412698
655,na,46.326831490472216,32.6328686797565
656,na,49.83076536297951,41.983498185094675
657,na,60.610505139193904,149.40840911470292
658,na,53.0275987708983,55.77385805341119
659,na,38.01498029970524,63.18322436842847
660,na,52.789837923684956,47.5365494278181
661,na,20.474967654127052,44.52101937781921
662,na,69.46555862836546,58.97965798396297
663,na,55.755667926873,57.15814977988358
664,na,43.91664200993219,68.98125343106369
665,na,27.960462738046964,52.59082096443802
666,na,59.54449138418492,72.12033245342984
667,na,6.505634670298086,80.45793540493216
668,na,65.18169112461949,96.83883855537155
669,na,53.03058945773343,63.790986388888584
670,na,28.466382677420974,31.969564825261816
671,na,146.65535107155907,50.76934232051246
672,na,43.20823072997686,49.0925249279529
673,na,59.67790934108726,68.09696664499535
674,na,51.42986901178334,55.71138047764257
675,na,146.65535107155907,79.66437973195457
676,na,44.99457650352326,41.9196721428008
677,na,41.0118004985184,48.733227821244874
678,na,46.49850258888827,75.2806736600751
679,na,1.922337343728261,74.97744492730659
680,na,39.659080146607664,43.7290096523294
681,na,17.12667514577962,52.73784080934643
682,na,41.45308286452665,42.175066088610606
683,na,20.95494409257397,54.40407380635256
684,na,30.41744758209022,46.875559174373045
685,na,39.57590924457425,51.66136248997743
686,na,55.08079980478549,149.40840911470292
687,na,29.555073677210135,54.868904595969234
688,na,39.26985328516821,90.57776240115888
689,na,50.8100363699318,16.814874865407464
690,na,37.79596894871873,149.40840911470292
691,na,35.18987197863679,49.3197530202074
692,na,10.763109787826487,14.357661326979803
693,na,58.51067542033566,67.28170372882006
694,na,146.65535107155907,60.20662292788042
695,na,56.94988455015746,51.32057091892349
696,na,28.75444015752518,81.03137538110991
697,na,41.40925411602683,41.20342273539445
698,na,55.54428323961783,47.85403796838754
699,na,42.20254324024806,149.40840911470292
700,na,75.9748049645803,65.36999953741513
701,na,56.27235206243408,59.44574973419172
702,na,57.25175234975785,67.61981764680874
703,na,51.44444886726279,48.95689390685437
704,na,63.83591580301676,49.99586083365169
705,na,30.505533204406586,103.97600234826947
706,na,55.601851015275095,79.70000345188953
707,na,66.64643391492496,60.70394861293229
708,na,20.639342238197624,30.90634703509993
709,na,39.66579123324705,31.841782618175348
710,na,40.586970363094004,61.60237301550132
711,na,53.40856302781644,43.90833214297131
712,na,44.91379073655403,33.249571474487816
713,na,34.19988479731336,15.100609360412815
714,na,45.21773252157957,91.84505726892017
715,na,31.24354305214284,52.668199944368325
716,na,42.83893083400926,60.937114768577274
717,na,46.76426022602783,8.165615085470503
718,na,146.65535107155907,101.75801969860608
719,na,45.50841922085134,34.658894522953716
720,na,62.5785942954709,70.58345776143582
721,na,52.318434295546254,72.65241106057721
722,na,48.626046343504406,56.941184641316795
723,na,28.54825115646151,46.766511256752295
724,na,43.46624290917158,68.76542283315082
725,na,33.109751164203544,56.98750744413659
726,na,60.61985630901874,41.71757550463175
727,na,71.40637037703897,20.05592276104337
728,na,56.20652759415401,62.81899836739697
729,na,146.65535107155907,73.52421319640004
730,na,78.6842247140819,57.72281969987196
731,na,23.037577402707253,40.834014807079754
732,na,51.70595310124374,73.10149543245065
733,na,20.562255831728965,54.68212048065657
734,na,26.31475215115588,57.28286961039848
735,na,31.09646548867827,41.47137178575929
736,na,77.63346720891833,85.45623061285492
737,na,45.944399160932974,29.64370695340709
738,na,146.65535107155907,52.54936890992018
739,na,65.33463722780559,39.44353387965748
740,na,78.70195978174033,84.10145628044673
741,na,54.438318019966964,39.9099027223345
742,na,63.89319571429748,97.26725273804647
743,na,41.50364977314794,40.79418962499672
744,na,11.048496947622608,36.685605199416464
745,na,45.611856626131825,46.96767315082476
746,na,46.85244789032122,49.67508568590718
747,na,44.279472755346376,52.78949595751776
748,na,43.77273688318024,47.62500088511925
749,na,88.0782149599928,46.58822915349265
750,na,22.036910789982283,50.80169191591901
751,na,30.05819477037574,55.156334756422794
752,na,50.29671192019734,64.92716969544658
753,na,39.182428731578526,50.81448289773932
754,na,61.80104172242255,40.478380167347865
755,na,48.95811495676666,94.2742612598757
756,na,56.78634700091814,96.38141740012296
757,na,75.93671770920609,22.27172175088629
758,na,39.56072550677806,149.40840911470292
759,na,146.65535107155907,149.40840911470292
760,na,34.24703952347408,98.8250481063565
761,na,53.978359634575746,44.350000599749386
762,na,56.60319173994547,54.83383625119524
763,na,53.9337129974697,41.76924959889291
764,na,32.670669413945554,53.20361840061787
765,na,6.313153237372799,15.489352525510064
766,na,33.96681725188135,44.53668456408031
767,na,28.722802331475812,62.215186738319865
768,na,54.90553183928821,88.02172697259424
769,na,67.13834908413736,53.92293636158011
770,na,42.07030189212728,58.275212904782386
771,na,34.65528167383227,24.490666589707356
772,na,31.979319354484122,69.33711521597806
773,na,146.65535107155907,55.87656042557928
774,na,86.45796522882824,64.01890219207766
775,na,21.067283614087906,54.792683778080495
776,na,36.43097294429188,40.833994260039816
777,na,30.83354553773683,41.465390508547046
778,na,22.263280456176307,54.1406199163745
779,na,53.97567815966689,149.40840911470292
780,na,43.32508140896175,149.40840911470292
781,na,38.49034633617375,9.602618481877348
782,na,37.30962740363992,47.992557444507035
783,na,146.65535107155907,103.80938645955318
784,na,146.65535107155907,39.99274932657083
785,na,40.09240178146701,70.1823484392851
786,na,47.77052584310778,63.254080532168445
787,na,26.28932485487233,63.04153642061769
788,na,38.440211686653186,47.72387836894292
789,na,51.078414956390745,41.45731981778123
790,na,40.88139043288735,149.40840911470292
791,na,38.553354540931046,67.81494665321553
792,na,37.68277219245263,35.99557962966977
793,na,52.2506697543669,67.91195178379287
794,na,37.30262958096401,20.62221560543141
795,na,51.731377272736964,50.11337975447225
796,na,58.32540617928784,40.13761375627641
797,na,33.87792065104316,30.02370885312241
798,na,32.80897583783237,51.91108650735508
799,na,48.39354153921397,66.05543570411518
800,na,16.54886196269811,40.12067162665295
801,na,28.660158569598924,47.08112062218804
802,na,53.87328113741063,89.6771640990105
803,na,3.4474566674138574,5.966165316562023
804,na,58.30996660191451,58.79772603094622
805,na,25.732078674320448,52.96028811257812
806,na,12.309155187901455,47.94065672235855
807,na,58.96963658518486,50.55865687362383
808,na,94.33584617628881,42.496321811024146
809,na,21.44946030679612,47.9106405833159
810,na,76.69183357506347,77.50571066991304
811,na,53.52861933825916,53.24072879027863
812,na,78.12561413720228,71.19101926232499
813,na,32.59191039309182,51.041495386385535
814,na,31.627638831226484,60.52699891582481
815,na,56.74162798541747,59.6359283186025
816,na,52.7633581207636,42.18618202183894
817,na,46.56434238440216,36.618259378377935
818,na,57.303582266265735,68.7251089492914
819,na,59.990242081872275,40.171529263420254
820,na,26.354494518164095,49.85607502911981
821,na,56.19638906787979,82.4655140206106
822,na,49.48937198014218,38.43619262786307
823,na,35.15869529213929,43.163773857574725
824,na,51.11543089203039,38.226439417034605
825,na,38.85378384988597,37.7382159371897
826,na,94.26211246794456,58.57002559175089
827,na,67.8735773755137,149.40840911470292
828,na,44.61369614385949,82.83532096162891
829,na,37.73302770257563,40.47977210913614
830,na,86.85901879160768,68.86076657041525
831,na,75.642164760395,54.403572927957974
832,na,38.08130215943515,59.6687899164819
833,na,25.059761434129555,44.74235369801004
834,na,23.4133237473225,31.605775413975447
835,na,63.287342870011386,50.48288311710999
836,na,46.11840326795054,50.87383147315328
837,na,31.74404555971067,34.824789204766645
838,na,37.403999266742005,149.40840911470292
839,na,16.501062047525973,76.789755749187
840,na,40.955926764461786,68.36354879216381
841,na,41.53576500435108,49.29128159899782
842,na,65.17298905902665,40.20990140168305
843,na,44.62440053053883,71.46215565891485
844,na,28.87355081812134,58.06642687460111
845,na,57.57416990785691,43.24828081930868
846,na,16.39971090729773,42.93176538984302
847,na,45.42177380717659,35.710438813076905
848,na,41.17184662448224,64.8502083487569
849,na,27.190779741850342,52.07548106470534
850,na,46.672058758021706,50.61556853167424
851,na,146.65535107155907,40.00922427011321
852,na,23.314036201863075,54.917620678881626
853,na,33.2597931988259,54.85474713595674
854,na,39.70944968174795,23.092655659399245
855,na,55.01202639313209,74.47547798432431
856,na,22.466528467132374,55.15799174951537
857,na,35.757854338252216,49.52150323991988
858,na,146.65535107155907,50.451944019120404
859,na,44.34450610775728,42.35828438839562
860,na,53.8510243863866,54.700229499001175
861,na,26.408755659602164,37.3241672037566
862,na,35.929406939781664,49.7808291199807
863,na,40.62105060663114,59.431915493837444
864,na,60.538604989775415,63.86336677541432
865,na,59.712669311813514,64.93169657407029
866,na,51.626658569832955,22.081435261809354
867,na,33.700949711479396,51.769449225906435
868,na,66.13296225668219,61.57362637258148
869,na,44.03570266732669,28.260834702949744
870,na,146.65535107155907,54.45367147460013
871,na,70.69007957047869,11.4103293253579
872,na,63.50479797364251,58.68939269374401
873,na,48.80054902411139,37.26883983549764
874,na,41.63236435876156,56.32915572749019
875,na,39.00238474968033,149.40840911470292
876,na,26.199763242882234,59.03305394498863
877,na,54.35470056844303,62.73138111833981
878,na,146.65535107155907,149.40840911470292
879,na,61.144416971222746,67.05128951422965
880,na,50.950198746493285,63.047080928484704
881,na,44.85087495922487,50.178300670728554
882,na,37.24934718137661,57.12612672040483
883,na,53.333725447230115,48.40751779241037
884,na,146.65535107155907,34.74366002369487
885,na,50.31307670932474,73.52983149004315
886,na,23.59354614419964,48.021975015065486
887,na,31.73988123804618,36.51523799745856
888,na,55.118646109827715,37.45826341864886
889,na,33.34823879753528,103.75923557008896
890,na,146.65535107155907,149.40840911470292
891,na,58.68428199096595,40.12064628143349
892,na,10.884736094454563,70.5797686035029
893,na,44.458560620179085,70.74340807184765
894,na,48.763254532522716,36.49489156787178
895,na,41.78840027204477,51.891114178773606
896,na,58.347459399900046,54.00856541997006
897,na,49.415508952689144,50.26739709140447
898,na,50.70455563211443,55.769216630268254
899,na,76.3308374183133,45.250828261955526
900,na,58.93534377657179,63.237075788351106
901,na,36.38810253753659,31.360506189132447
902,na,29.119655957980086,60.99425591362586
903,na,31.576051027639217,57.651071074335384
904,na,43.00906645920671,50.539194428214564
905,na,34.073762217411,52.82304626612547
906,na,40.398816723901575,93.09969223677794
907,na,38.91936497799281,55.43477528220818
908,na,44.52462947055891,13.031592353560633
909,na,40.12439624641414,51.56851234000023
910,na,38.49533132113909,58.668982978643285
911,na,54.13922327100956,47.4166062763529
912,na,27.51645379170438,56.92389644659967
913,na,35.90626352398147,41.437028327229825
914,na,45.82889173065456,67.09223019450592
915,na,71.9929759541849,56.60238144947781
916,na,45.73017774874168,31.396041612251892
917,na,48.50234973914508,41.14597720586094
918,na,26.384656111496202,43.75882517794579
919,na,39.946694483467475,60.49733031884408
920,na,106.10729578054269,37.135268648155254
921,na,58.06695546824252,32.127553451697814
922,na,54.31098075615161,69.7392540287685
923,na,36.88816670168909,65.85757237456014
924,na,61.37096703973915,53.50448194413668
925,na,51.953864256701046,66.66011839343966
926,na,72.2328375490043,149.40840911470292
927,na,41.75543771038296,39.73313421537634
928,na,64.67512172137369,3.5027384278749
929,na,24.94229026229253,149.40840911470292
930,na,57.545873779504234,36.74737921887382
931,na,35.181457903253055,55.83861606616115
932,na,42.90779096120022,50.3012704135981
933,na,51.61036409921446,68.30083338897988
934,na,0,0
935,na,84.43431516703248,50.2817375947733
936,na,63.14512257303152,46.88453779338418
937,na,43.068540332216585,26.656896166550727
938,na,58.61728207133468,77.3095714017494
939,na,53.31364970243547,68.87131994691217
940,na,25.21110412665726,51.41484979039512
941,na,35.41167153912189,65.90598573657812
942,na,36.86651182625433,86.79020778329152
943,na,90.51512005139307,53.81279955202241
944,na,45.28476820371809,47.580261902301
945,na,42.06893576543847,68.1628691229174
946,na,47.68849569622556,89.32603425127613
947,na,56.93868983187445,149.40840911470292
948,na,21.65917788406338,79.95775176944163
949,na,146.65535107155907,38.432452609672445
950,na,102.53446404144081,79.69855787964747
951,na,89.6810936938102,83.55767881286259
952,na,49.92896520352627,66.90777682123817
953,na,58.71320547108882,47.03947092067135
954,na,100.90742560538877,45.17441283082938
955,na,146.65535107155907,63.586833814115074
956,na,44.918289158903804,52.93754515491341
957,na,61.09376149341432,25.828448934113034
958,na,52.6576389546637,57.378908024960985
959,na,64.3339842273271,59.97511051372223
960,na,46.42267353178489,68.47337840932335
961,na,32.51416348947961,65.39758235027243
962,na,43.873897135799915,53.87315372830461
963,na,146.65535107155907,149.40840911470292
964,na,22.922950673961306,23.293669833296708
965,na,44.969900084093446,37.81391676608501
966,na,146.65535107155907,61.971656288834446
967,na,58.181626669243364,66.04659012805342
968,na,39.91849392908216,67.16818586101218
969,na,41.546073721673814,64.10203816260959
970,na,15.45348439306109,149.40840911470292
971,na,53.48528935889159,57.33018211303199
972,na,35.7709714118355,149.40840911470292
973,na,47.27890440544366,78.50026622415443
974,na,34.30749326925037,62.772026662280666
975,na,146.65535107155907,67.71509406777925
976,na,38.831074591776826,50.179277457619484
977,na,33.79116134538679,40.443583301418194
978,na,41.53470303047521,22.390182748653654
979,na,75.91310936633711,41.539231249097114
980,na,54.65580802332186,56.490896124868456
981,na,62.35757824843631,40.85232206374683
982,na,99.28671395086748,53.591715704131644
983,na,93.81576620922853,54.14726945158717
984,na,51.18136875729305,68.50139163211206
985,na,50.442382650629554,48.87786069858534
986,na,74.40312832440992,56.42854284715992
987,na,61.26415942172681,50.50741526379217
988,na,49.5227129394762,52.78604722983322
989,na,55.95404003308672,96.5305437666953
990,na,74.82088885877855,24.65181575643272
991,na,59.68472152534414,57.58811424939534
992,na,37.448395897329526,51.02263481641236
993,na,37.13730971914718,81.31116924504823
994,na,63.33719784578865,74.81534983341142
995,na,146.65535107155907,62.1302078499129
996,na,35.90866207362533,58.61161140311589
997,na,36.41865743084703,40.19401492112268
998,na,44.913338772868705,65.95636930349683
999,na,45.45691096146186,45.33894689542196
