node, assignment, time2inf_trt, time2death_trt, time2inf_con, time2death_con
0,na,-1,0,-1,0
1,na,0,0.026316846403687102,0,2.217386363926221
2,na,-1,0,-1,0
3,na,-1,0,-1,0
4,e,87.48817164032234,87.48817164032234,14.07684301761551,15.903664071009212
5,na,0,0.8218935571342068,0,0.8949825819403207
6,e,61.05780736366582,64.97029386064371,16.7479091477179,17.05387099055234
7,e,87.48817164032234,87.48817164032234,56.65495377827326,56.7709988158686
8,e,8.802881779444643,12.8577442478654,18.584228163921622,27.65806006998565
9,na,30.427799688654453,38.711221646812376,6.304098612097412,8.258554854222833
10,e,87.48817164032234,87.48817164032234,42.583371115159814,43.76853122239457
11,e,87.48817164032234,87.48817164032234,70.57834221946698,70.57834221946698
12,e,87.48817164032234,87.48817164032234,70.57834221946698,70.57834221946698
13,e,87.48817164032234,87.48817164032234,22.752260289198247,27.494755257911958
14,e,87.48817164032234,87.48817164032234,70.57834221946698,70.57834221946698
15,e,87.48817164032234,87.48817164032234,70.57834221946698,70.57834221946698
16,e,87.48817164032234,87.48817164032234,26.651577451895736,26.80092535787593
17,e,87.48817164032234,87.48817164032234,70.57834221946698,70.57834221946698
18,e,39.57952813425746,42.07156442223801,70.57834221946698,70.57834221946698
19,e,87.48817164032234,87.48817164032234,8.317892653760804,18.905066158548003
20,na,87.48817164032234,87.48817164032234,70.57834221946698,70.57834221946698
21,e,87.48817164032234,87.48817164032234,24.302810043541477,29.9826670089657
22,e,87.48817164032234,87.48817164032234,32.53870213633677,33.36157061670515
23,e,87.48817164032234,87.48817164032234,5.0909373344681,9.64433147525314
24,na,87.48817164032234,87.48817164032234,10.018151095762574,16.795701774521557
25,e,87.48817164032234,87.48817164032234,15.823606216742652,15.955134743348381
26,na,1.4575452550795762,87.48817164032234,51.46525947809108,53.00972616306855
27,e,87.48817164032234,87.48817164032234,70.57834221946698,70.57834221946698
28,e,87.48817164032234,87.48817164032234,70.57834221946698,70.57834221946698
29,na,87.48817164032234,87.48817164032234,70.57834221946698,70.57834221946698
30,na,87.48817164032234,87.48817164032234,70.57834221946698,70.57834221946698
31,e,57.24730248867195,59.940591233630435,4.669244777409619,5.945559774736102
32,e,87.48817164032234,87.48817164032234,16.84507393213161,16.98893628155562
33,na,0.7947494183360303,3.962782669098936,10.072567831064525,16.231750705964156
34,e,87.48817164032234,87.48817164032234,6.261325299194497,10.182969886710918
35,na,2.4029350558342846,3.5184068275914853,8.415943737590139,16.738153674264773
36,e,87.48817164032234,87.48817164032234,70.57834221946698,70.57834221946698
37,e,87.48817164032234,87.48817164032234,22.458937521727012,70.57834221946698
38,na,87.48817164032234,87.48817164032234,8.052080712705216,14.490774467650253
39,na,87.48817164032234,87.48817164032234,70.57834221946698,70.57834221946698
40,e,87.48817164032234,87.48817164032234,70.57834221946698,70.57834221946698
41,na,0,0.3731204774095034,0,3.7652815062548894
42,e,36.748804349506095,38.43338463076569,23.07917975319629,31.097283130373278
43,e,87.48817164032234,87.48817164032234,70.57834221946698,70.57834221946698
44,e,87.48817164032234,87.48817164032234,70.57834221946698,70.57834221946698
45,e,0.9311518926148892,1.8648160052224425,70.57834221946698,70.57834221946698
46,e,87.48817164032234,87.48817164032234,70.57834221946698,70.57834221946698
47,e,87.48817164032234,87.48817164032234,70.57834221946698,70.57834221946698
48,e,87.48817164032234,87.48817164032234,70.57834221946698,70.57834221946698
49,e,87.48817164032234,87.48817164032234,70.57834221946698,70.57834221946698
50,e,14.786203218425596,20.860009340164943,70.57834221946698,70.57834221946698
51,na,87.48817164032234,87.48817164032234,31.067085039908218,35.78039289201902
52,e,87.48817164032234,87.48817164032234,12.105483398134155,24.435168963776515
53,e,18.75738501346525,19.262191343759334,27.49504612663753,29.397454102059026
54,na,41.488685064612014,51.46198702630046,24.95185776790502,27.420461173731997
55,na,87.48817164032234,87.48817164032234,9.65482961855739,10.495274324072499
56,e,87.48817164032234,87.48817164032234,31.908473975407876,38.315206088201904
57,e,87.48817164032234,87.48817164032234,70.57834221946698,70.57834221946698
58,e,87.48817164032234,87.48817164032234,29.163374915530152,36.69694877564871
59,e,87.48817164032234,87.48817164032234,70.57834221946698,70.57834221946698
60,e,87.48817164032234,87.48817164032234,70.57834221946698,70.57834221946698
61,na,87.48817164032234,87.48817164032234,33.993606096839365,40.25221322096543
62,e,87.48817164032234,87.48817164032234,70.57834221946698,70.57834221946698
63,e,27.794452799891634,29.614548614734876,4.622269819988803,8.94011445206635
64,e,87.48817164032234,87.48817164032234,70.57834221946698,70.57834221946698
65,e,87.48817164032234,87.48817164032234,70.57834221946698,70.57834221946698
66,e,87.48817164032234,87.48817164032234,70.57834221946698,70.57834221946698
67,e,26.462660180300848,32.3064093903629,22.385125397415067,27.373957573790953
68,na,87.48817164032234,87.48817164032234,70.57834221946698,70.57834221946698
69,e,27.38573992862114,29.355496619421825,25.664429283785044,29.334036908582952
70,na,87.48817164032234,87.48817164032234,32.48168458529566,35.038946495344796
71,e,87.48817164032234,87.48817164032234,27.43061598542745,28.699712135941514
72,e,87.48817164032234,87.48817164032234,14.165996445051539,15.531031614222583
73,e,87.48817164032234,87.48817164032234,28.555663287243437,35.14737513395287
74,e,87.48817164032234,87.48817164032234,32.34778837705113,38.694114158645675
75,e,87.48817164032234,87.48817164032234,70.57834221946698,70.57834221946698
76,e,87.48817164032234,87.48817164032234,14.23932407892831,14.405044057336687
77,e,87.48817164032234,87.48817164032234,24.971884294365182,26.359047689646676
78,na,87.48817164032234,87.48817164032234,28.534753852597394,30.244972830441764
79,e,87.48817164032234,87.48817164032234,33.681182443962804,35.315415443219955
80,e,87.48817164032234,87.48817164032234,70.57834221946698,70.57834221946698
81,e,87.48817164032234,87.48817164032234,70.57834221946698,70.57834221946698
82,e,87.48817164032234,87.48817164032234,70.57834221946698,70.57834221946698
83,na,87.48817164032234,87.48817164032234,70.57834221946698,70.57834221946698
84,na,31.114419049826566,42.963954187940026,13.234720362481248,13.98400342949159
85,e,87.48817164032234,87.48817164032234,70.57834221946698,70.57834221946698
86,na,87.48817164032234,87.48817164032234,70.57834221946698,70.57834221946698
87,e,87.48817164032234,87.48817164032234,70.57834221946698,70.57834221946698
88,na,87.48817164032234,87.48817164032234,70.57834221946698,70.57834221946698
89,e,27.376560723091096,28.340551910313714,18.678216498402463,32.30643154212557
90,e,87.48817164032234,87.48817164032234,70.57834221946698,70.57834221946698
91,e,87.48817164032234,87.48817164032234,17.617306854500768,20.297848487881115
92,e,87.48817164032234,87.48817164032234,70.57834221946698,70.57834221946698
93,na,87.48817164032234,87.48817164032234,45.80039201252577,45.80752545054364
94,na,6.74753338837959,18.475510037500708,70.57834221946698,70.57834221946698
95,e,87.48817164032234,87.48817164032234,70.57834221946698,70.57834221946698
96,e,87.48817164032234,87.48817164032234,70.57834221946698,70.57834221946698
97,e,87.48817164032234,87.48817164032234,25.812991760950265,29.069602637810142
98,e,87.48817164032234,87.48817164032234,70.57834221946698,70.57834221946698
99,e,87.48817164032234,87.48817164032234,25.222447835275837,29.005131771346765
100,na,87.48817164032234,87.48817164032234,12.480795719491597,15.429505939882057
101,e,87.48817164032234,87.48817164032234,31.641758684525065,31.826632481916803
102,na,22.05762321691923,26.458039450638676,23.407683381768678,70.57834221946698
103,e,87.48817164032234,87.48817164032234,70.57834221946698,70.57834221946698
104,na,87.48817164032234,87.48817164032234,26.615220902814674,27.921130481150257
105,e,87.48817164032234,87.48817164032234,33.36384300426408,42.95389496654791
106,e,87.48817164032234,87.48817164032234,14.251392318811977,15.693357195488618
107,e,87.48817164032234,87.48817164032234,32.930388303290435,39.40100042941578
108,e,87.48817164032234,87.48817164032234,34.17247805146326,38.00779327455243
109,e,87.48817164032234,87.48817164032234,17.959466887391898,22.37121659027651
110,na,30.019911565779893,34.981409567805656,31.04727009593536,35.62882796228825
111,e,87.48817164032234,87.48817164032234,15.519097942142198,20.243773642871254
112,e,25.300659844099307,26.318770448100608,6.934062772823502,11.625484556394285
113,na,87.48817164032234,87.48817164032234,26.236854935946972,28.270116434878435
114,na,0,1.4340556605260935,0,70.57834221946698
115,e,87.48817164032234,87.48817164032234,29.612849233001782,30.983971093517468
116,na,1.4061633846222241,1.8945889517024317,0.06521333219489386,2.6719471171105966
117,e,87.48817164032234,87.48817164032234,70.57834221946698,70.57834221946698
118,e,87.48817164032234,87.48817164032234,28.534310454337827,38.856139101142745
119,e,87.48817164032234,87.48817164032234,14.998055010799472,18.25087571850563
120,na,2.03870394115254,3.1021582204220577,3.205987723449244,10.447202457575493
121,e,87.48817164032234,87.48817164032234,70.57834221946698,70.57834221946698
122,e,26.620244467468304,28.734817759270417,7.811798306672944,26.62979587766435
123,e,87.48817164032234,87.48817164032234,70.57834221946698,70.57834221946698
124,na,87.48817164032234,87.48817164032234,19.813272676219537,21.618111617090076
125,e,87.48817164032234,87.48817164032234,70.57834221946698,70.57834221946698
126,e,87.48817164032234,87.48817164032234,28.422489676622554,28.544532989251973
127,e,87.48817164032234,87.48817164032234,24.947359588560822,38.06364528267525
128,e,87.48817164032234,87.48817164032234,22.799261752290594,39.561895809814374
129,e,80.25302951070968,83.22523643579177,21.837376536324804,24.375247666607468
130,e,87.48817164032234,87.48817164032234,70.57834221946698,70.57834221946698
131,e,87.48817164032234,87.48817164032234,32.40553232037043,33.213479301585295
132,e,87.48817164032234,87.48817164032234,12.457165702670563,13.108681447727653
133,e,27.03872943279361,30.05591841115096,12.807203984150693,15.024526636136503
134,e,87.48817164032234,87.48817164032234,70.57834221946698,70.57834221946698
135,e,87.48817164032234,87.48817164032234,70.57834221946698,70.57834221946698
136,e,41.80131654110587,42.28924473145159,21.895283797103716,23.33381764558194
137,e,18.26392452702538,19.6471666167105,70.57834221946698,70.57834221946698
138,e,87.48817164032234,87.48817164032234,20.79718641502333,27.771048751203942
139,e,87.48817164032234,87.48817164032234,70.57834221946698,70.57834221946698
140,e,87.48817164032234,87.48817164032234,14.267299478495504,16.59762326421504
141,e,87.48817164032234,87.48817164032234,47.790670560806745,48.078031717923736
142,na,87.48817164032234,87.48817164032234,70.57834221946698,70.57834221946698
143,e,7.443312735889555,17.932787996825486,36.19083346769109,39.42891805428695
144,na,87.48817164032234,87.48817164032234,70.57834221946698,70.57834221946698
145,e,87.48817164032234,87.48817164032234,70.57834221946698,70.57834221946698
146,na,0,3.644753736148514,0,0.4869426407269782
147,e,87.48817164032234,87.48817164032234,70.57834221946698,70.57834221946698
148,na,87.48817164032234,87.48817164032234,16.488314259477878,18.294054104616514
149,na,87.48817164032234,87.48817164032234,23.859787188092255,24.0316580854363
150,e,87.48817164032234,87.48817164032234,22.347186314384157,22.61744414037989
151,e,87.48817164032234,87.48817164032234,6.0441290677548585,14.435586899653872
152,e,87.48817164032234,87.48817164032234,10.48616126764229,15.96546786706988
153,e,87.48817164032234,87.48817164032234,10.544443592448824,17.31366385022292
154,e,87.48817164032234,87.48817164032234,70.57834221946698,70.57834221946698
155,e,87.48817164032234,87.48817164032234,16.195409385582483,20.40779918332878
156,e,87.48817164032234,87.48817164032234,70.57834221946698,70.57834221946698
157,e,87.48817164032234,87.48817164032234,70.57834221946698,70.57834221946698
158,e,87.48817164032234,87.48817164032234,70.57834221946698,70.57834221946698
159,e,87.48817164032234,87.48817164032234,36.10981578865629,37.5455417170144
160,e,87.48817164032234,87.48817164032234,11.544298579268192,15.915827445534923
161,e,87.48817164032234,87.48817164032234,24.702894502082614,31.464363336333943
162,na,87.48817164032234,87.48817164032234,70.57834221946698,70.57834221946698
163,na,87.48817164032234,87.48817164032234,70.57834221946698,70.57834221946698
164,e,87.48817164032234,87.48817164032234,70.57834221946698,70.57834221946698
165,e,87.48817164032234,87.48817164032234,19.165810359165295,30.835367547689508
166,na,-1,0,-1,0
167,e,15.435808793001858,19.790329922195962,70.57834221946698,70.57834221946698
168,e,87.48817164032234,87.48817164032234,12.709042366758622,17.425223847357046
169,e,87.48817164032234,87.48817164032234,36.197233489613865,70.57834221946698
170,e,17.55637982900576,18.5682527468954,70.57834221946698,70.57834221946698
171,e,87.48817164032234,87.48817164032234,22.04859338220903,27.059081420845313
172,e,87.48817164032234,87.48817164032234,17.653531015411136,20.34054387439336
173,na,87.48817164032234,87.48817164032234,70.57834221946698,70.57834221946698
174,e,87.48817164032234,87.48817164032234,70.57834221946698,70.57834221946698
175,e,5.289588475202263,8.712037124774486,16.016896593459837,16.705591428158073
176,e,87.48817164032234,87.48817164032234,17.326317081517434,19.834691859659063
177,na,87.48817164032234,87.48817164032234,3.5420346057530065,6.041377563322233
178,e,87.48817164032234,87.48817164032234,10.965024251407266,12.906969932426668
179,na,87.48817164032234,87.48817164032234,70.57834221946698,70.57834221946698
180,e,29.121587253144295,35.53667470936129,2.9669030599033532,5.5389541520902
181,e,87.48817164032234,87.48817164032234,70.57834221946698,70.57834221946698
182,na,24.58093651457708,24.958370104557545,11.41647327161085,12.371667582805152
183,e,87.48817164032234,87.48817164032234,70.57834221946698,70.57834221946698
184,e,32.102223425346196,87.48817164032234,23.082209450815768,23.343773661314987
185,e,87.48817164032234,87.48817164032234,10.466635767787233,12.178934297486476
186,e,87.48817164032234,87.48817164032234,70.57834221946698,70.57834221946698
187,na,87.48817164032234,87.48817164032234,24.532362510989323,25.068008947002983
188,na,23.17095186048992,26.00769825541079,21.317762627566907,70.57834221946698
189,e,87.48817164032234,87.48817164032234,16.509188673056286,19.07187383473671
190,e,87.48817164032234,87.48817164032234,18.678044074242194,30.110191950958967
191,na,26.588660935742666,30.003691520388475,13.194918496066139,21.31096817559941
192,e,87.48817164032234,87.48817164032234,70.57834221946698,70.57834221946698
193,e,87.48817164032234,87.48817164032234,70.57834221946698,70.57834221946698
194,na,1.3480383782092864,1.7391650150578444,12.162765014002526,13.74872641832093
195,e,87.48817164032234,87.48817164032234,70.57834221946698,70.57834221946698
196,e,87.48817164032234,87.48817164032234,70.57834221946698,70.57834221946698
197,e,87.48817164032234,87.48817164032234,15.02025608388774,21.215236626083975
198,e,87.48817164032234,87.48817164032234,70.57834221946698,70.57834221946698
199,e,87.48817164032234,87.48817164032234,70.57834221946698,70.57834221946698
200,e,87.48817164032234,87.48817164032234,70.57834221946698,70.57834221946698
201,e,87.48817164032234,87.48817164032234,30.523443155761868,33.75577425222199
202,e,87.48817164032234,87.48817164032234,18.13229136799954,18.393485560716066
203,na,87.48817164032234,87.48817164032234,70.57834221946698,70.57834221946698
204,e,87.48817164032234,87.48817164032234,24.025176824103134,70.57834221946698
205,na,65.48968175240161,67.16894662840264,34.44248034648443,47.21590416190162
206,na,87.48817164032234,87.48817164032234,70.57834221946698,70.57834221946698
207,na,87.48817164032234,87.48817164032234,10.966610928127617,25.596021401115266
208,e,87.48817164032234,87.48817164032234,70.57834221946698,70.57834221946698
209,na,0,7.7600999123898955,0,7.205284569459392
210,e,16.513548293292978,20.40755429106836,70.57834221946698,70.57834221946698
211,na,87.48817164032234,87.48817164032234,21.037430503993832,21.289612530755374
212,e,87.48817164032234,87.48817164032234,23.667415316205613,31.27168909086973
213,na,87.48817164032234,87.48817164032234,18.45811264702926,18.902320554008618
214,e,87.48817164032234,87.48817164032234,70.57834221946698,70.57834221946698
215,e,87.48817164032234,87.48817164032234,24.997331346945007,30.56466270714226
216,e,87.48817164032234,87.48817164032234,26.19979842931568,27.202205007329194
217,na,87.48817164032234,87.48817164032234,70.57834221946698,70.57834221946698
218,e,87.48817164032234,87.48817164032234,16.002497616655344,25.766489365241295
219,na,87.48817164032234,87.48817164032234,70.57834221946698,70.57834221946698
220,e,87.48817164032234,87.48817164032234,13.53550436468635,29.850829861157514
221,na,87.48817164032234,87.48817164032234,70.57834221946698,70.57834221946698
222,na,87.48817164032234,87.48817164032234,70.57834221946698,70.57834221946698
223,na,48.04607430774733,49.114476649974726,18.101465567929917,21.736104332481784
224,e,87.48817164032234,87.48817164032234,3.930946075484297,4.91692906540627
225,e,87.48817164032234,87.48817164032234,70.57834221946698,70.57834221946698
226,e,87.48817164032234,87.48817164032234,22.772303868130198,22.789016989197513
227,na,0.37010573325769325,0.920924109579892,10.049709620921076,19.142855792220967
228,na,87.48817164032234,87.48817164032234,25.205303457556674,33.71697984822062
229,e,87.48817164032234,87.48817164032234,70.57834221946698,70.57834221946698
230,e,87.48817164032234,87.48817164032234,17.939116802433183,19.615161594500215
231,e,87.48817164032234,87.48817164032234,70.57834221946698,70.57834221946698
232,e,87.48817164032234,87.48817164032234,40.801917169349814,47.70765965146581
233,e,10.937123916703603,30.682401236772357,11.954393413512632,29.916366655164175
234,e,87.48817164032234,87.48817164032234,5.658429275799922,6.581429071462716
235,e,87.48817164032234,87.48817164032234,70.57834221946698,70.57834221946698
236,e,41.95657737448809,44.58741283061811,27.27095653206599,36.03942496773762
237,na,1.8319371105059585,87.48817164032234,13.470650269471463,21.59751286104212
238,e,87.48817164032234,87.48817164032234,7.706066362190046,70.57834221946698
239,na,87.48817164032234,87.48817164032234,70.57834221946698,70.57834221946698
240,na,0,0.7824406810073926,0,9.900150303064747
241,e,87.48817164032234,87.48817164032234,29.364829930699155,30.075416010699392
242,na,87.48817164032234,87.48817164032234,11.902278859669622,23.36572073343013
243,e,87.48817164032234,87.48817164032234,70.57834221946698,70.57834221946698
244,e,87.48817164032234,87.48817164032234,70.57834221946698,70.57834221946698
245,na,87.48817164032234,87.48817164032234,70.57834221946698,70.57834221946698
246,e,11.604073232306561,12.544376615788082,14.825854865875572,44.817149453293624
247,e,87.48817164032234,87.48817164032234,8.267227004882685,13.438925141329547
248,na,87.48817164032234,87.48817164032234,70.57834221946698,70.57834221946698
249,e,87.48817164032234,87.48817164032234,70.57834221946698,70.57834221946698
250,na,87.48817164032234,87.48817164032234,70.57834221946698,70.57834221946698
251,na,87.48817164032234,87.48817164032234,28.783441513330903,30.78327228348416
252,e,39.39602510670591,43.583321657083786,70.57834221946698,70.57834221946698
253,na,87.48817164032234,87.48817164032234,37.14847470492119,39.49430184164169
254,e,87.48817164032234,87.48817164032234,70.57834221946698,70.57834221946698
255,na,87.48817164032234,87.48817164032234,70.57834221946698,70.57834221946698
256,e,87.48817164032234,87.48817164032234,11.803766193594022,70.57834221946698
257,e,87.48817164032234,87.48817164032234,7.743861587831394,9.006868422441833
258,e,87.48817164032234,87.48817164032234,13.925979356195898,15.229075942093642
259,e,87.48817164032234,87.48817164032234,14.086633084166113,20.58228908900452
260,e,87.48817164032234,87.48817164032234,70.57834221946698,70.57834221946698
261,e,50.23182526659221,50.907372829897085,70.57834221946698,70.57834221946698
262,e,87.48817164032234,87.48817164032234,70.57834221946698,70.57834221946698
263,na,87.48817164032234,87.48817164032234,29.582292218052228,34.552588988251145
264,na,87.48817164032234,87.48817164032234,4.525992734790404,27.15610078187979
265,e,87.48817164032234,87.48817164032234,70.57834221946698,70.57834221946698
266,na,36.16652422459374,37.94267505147534,11.198388734324219,15.655104169420694
267,e,87.48817164032234,87.48817164032234,70.57834221946698,70.57834221946698
268,e,87.48817164032234,87.48817164032234,70.57834221946698,70.57834221946698
269,e,87.48817164032234,87.48817164032234,18.567266767133624,24.33331628504162
270,na,0,9.777088172455217,0,1.9650375929973978
271,na,3.9628637106159017,4.827399101645148,24.432854091967876,45.30546491658302
272,e,87.48817164032234,87.48817164032234,28.083939641761564,28.428180433262007
273,e,87.48817164032234,87.48817164032234,14.851865275049054,14.979692376932237
274,e,87.48817164032234,87.48817164032234,70.57834221946698,70.57834221946698
275,na,-1,0,-1,0
276,e,87.48817164032234,87.48817164032234,7.92076046260572,27.120642577187375
277,e,87.48817164032234,87.48817164032234,70.57834221946698,70.57834221946698
278,e,87.48817164032234,87.48817164032234,70.57834221946698,70.57834221946698
279,na,16.322877261882233,32.99044761458807,2.5966437985558386,70.57834221946698
280,e,87.48817164032234,87.48817164032234,70.57834221946698,70.57834221946698
281,e,87.48817164032234,87.48817164032234,45.7565037138337,46.11170197411612
282,e,37.929477592525835,43.26107706550066,21.81024574867296,23.16716428022155
283,e,36.39281668751181,36.84811274646122,39.005043639738865,39.19040798607601
284,na,4.021373081722102,7.010981837737015,4.474052803943972,11.945583007214674
285,e,87.48817164032234,87.48817164032234,12.500556620743136,12.754274279364735
286,e,87.48817164032234,87.48817164032234,22.065689495855988,29.095024697527485
287,e,87.48817164032234,87.48817164032234,37.55893679994767,38.926167028537215
288,e,87.48817164032234,87.48817164032234,18.07272716771217,19.715749496281152
289,e,50.856226910047745,51.09756620521423,28.213055370091702,28.480326105851095
290,e,87.48817164032234,87.48817164032234,39.77561466966077,51.67688853490749
291,e,30.911039407567348,39.41254327655202,70.57834221946698,70.57834221946698
292,e,87.48817164032234,87.48817164032234,5.838600561857508,26.73104696027186
293,e,87.48817164032234,87.48817164032234,37.69146650374385,42.36970792591698
294,e,17.196428071798167,22.110954000322295,15.808995740300503,16.58816782689973
295,e,24.080936733844254,30.171243709856878,23.960748941052113,26.19984809508254
296,e,87.48817164032234,87.48817164032234,70.57834221946698,70.57834221946698
297,e,19.3556795029849,20.816150897275115,3.3687758823199574,14.226772008600951
298,e,87.48817164032234,87.48817164032234,70.57834221946698,70.57834221946698
299,e,87.48817164032234,87.48817164032234,16.461718690549628,23.3125285163844
300,e,87.48817164032234,87.48817164032234,0.3960131236378332,0.805069890240419
301,e,87.48817164032234,87.48817164032234,37.85352164171947,38.43014013010395
302,na,87.48817164032234,87.48817164032234,22.610233311944512,28.79372369032554
303,e,87.48817164032234,87.48817164032234,70.57834221946698,70.57834221946698
304,e,87.48817164032234,87.48817164032234,25.207011152844043,29.827698375873485
305,e,87.48817164032234,87.48817164032234,8.187851363430807,15.376180856178129
306,e,87.48817164032234,87.48817164032234,18.753930959581023,23.325257252844498
307,na,0.4470338039657811,1.4962543414459903,9.47686582583139,19.73728341389245
308,na,87.48817164032234,87.48817164032234,6.965174373596357,9.495295409868246
309,e,87.48817164032234,87.48817164032234,9.494491313975482,11.473460625961891
310,e,87.48817164032234,87.48817164032234,36.35730504484069,41.57965530765285
311,e,87.48817164032234,87.48817164032234,70.57834221946698,70.57834221946698
312,na,87.48817164032234,87.48817164032234,32.47086386969168,70.57834221946698
313,e,87.48817164032234,87.48817164032234,31.38936252908645,32.7220273998847
314,e,87.48817164032234,87.48817164032234,10.052907212368298,10.798272804521444
315,na,71.87669723453307,87.48817164032234,30.163238297906247,34.67733291836897
316,e,87.48817164032234,87.48817164032234,16.05247409429053,17.083161836926305
317,e,74.10867124051337,79.46134797222642,29.581691005821103,30.969538579821027
318,e,87.48817164032234,87.48817164032234,14.549194253870755,20.450400029427236
319,na,87.48817164032234,87.48817164032234,9.509038178186142,14.073841115901203
320,e,87.48817164032234,87.48817164032234,70.57834221946698,70.57834221946698
321,e,32.6666526171431,32.80750699846728,70.57834221946698,70.57834221946698
322,e,87.48817164032234,87.48817164032234,18.497268481886053,24.442839445857377
323,e,87.48817164032234,87.48817164032234,35.126174789688015,40.008182383853374
324,e,87.48817164032234,87.48817164032234,23.271588064369617,24.709614999058658
325,e,6.39129878886424,8.393556050172934,70.57834221946698,70.57834221946698
326,e,15.403840456121513,20.154746207951366,17.842422300729034,23.01585099490408
327,na,23.222298280325646,43.534608262888185,70.57834221946698,70.57834221946698
328,na,87.48817164032234,87.48817164032234,70.57834221946698,70.57834221946698
329,na,87.48817164032234,87.48817164032234,17.966319626814276,19.54772330030625
330,na,-1,0,-1,0
331,e,87.48817164032234,87.48817164032234,13.574039560587925,18.311263363676833
332,na,87.48817164032234,87.48817164032234,19.8213425325767,20.036373945640502
333,e,87.48817164032234,87.48817164032234,33.851342281354704,35.14461547009389
334,na,87.48817164032234,87.48817164032234,27.351876887297145,28.368884847058702
335,e,30.83301588830695,35.31347095503163,70.57834221946698,70.57834221946698
336,e,87.48817164032234,87.48817164032234,45.79642459919666,47.003796274878255
337,e,87.48817164032234,87.48817164032234,70.57834221946698,70.57834221946698
338,na,87.48817164032234,87.48817164032234,10.836017190764707,16.323029492677538
339,e,87.48817164032234,87.48817164032234,70.57834221946698,70.57834221946698
340,e,87.48817164032234,87.48817164032234,70.57834221946698,70.57834221946698
341,na,87.48817164032234,87.48817164032234,11.00445934136106,19.629646380721024
342,na,0,1.36736255182676,0,70.57834221946698
343,na,87.48817164032234,87.48817164032234,70.57834221946698,70.57834221946698
344,e,87.48817164032234,87.48817164032234,70.57834221946698,70.57834221946698
345,e,87.48817164032234,87.48817164032234,70.57834221946698,70.57834221946698
346,na,87.48817164032234,87.48817164032234,70.57834221946698,70.57834221946698
347,e,87.48817164032234,87.48817164032234,21.320031830749677,21.95856924928419
348,e,87.48817164032234,87.48817164032234,70.57834221946698,70.57834221946698
349,e,87.48817164032234,87.48817164032234,70.57834221946698,70.57834221946698
350,na,0,2.2363395923924068,0,0.4185902750282821
351,e,87.48817164032234,87.48817164032234,12.874622552772006,15.925333443325057
352,e,87.48817164032234,87.48817164032234,70.57834221946698,70.57834221946698
353,e,87.48817164032234,87.48817164032234,70.57834221946698,70.57834221946698
354,e,87.48817164032234,87.48817164032234,70.57834221946698,70.57834221946698
355,e,87.48817164032234,87.48817164032234,28.764287232047746,31.622905138825995
356,e,87.48817164032234,87.48817164032234,19.62546041016695,70.57834221946698
357,e,38.223643850978,38.38964615465649,70.57834221946698,70.57834221946698
358,e,87.48817164032234,87.48817164032234,30.40509794798384,37.27169794467514
359,e,87.48817164032234,87.48817164032234,70.57834221946698,70.57834221946698
360,e,87.48817164032234,87.48817164032234,35.32958332178221,36.7927103214471
361,e,87.48817164032234,87.48817164032234,17.233324528690627,20.108316786831722
362,e,87.48817164032234,87.48817164032234,30.456314185303892,70.57834221946698
363,e,87.48817164032234,87.48817164032234,70.57834221946698,70.57834221946698
364,e,87.48817164032234,87.48817164032234,20.62852920750836,70.57834221946698
365,e,87.48817164032234,87.48817164032234,70.57834221946698,70.57834221946698
366,e,87.48817164032234,87.48817164032234,21.253832110261328,29.02408052706299
367,na,87.48817164032234,87.48817164032234,38.68294338436716,38.804094956832806
368,e,87.48817164032234,87.48817164032234,18.098674275602097,18.351263300445343
369,e,87.48817164032234,87.48817164032234,1.162526736463381,70.57834221946698
370,e,87.48817164032234,87.48817164032234,10.109601815923511,10.494532200411447
371,e,3.816558741015685,10.327225231904347,22.46069363936398,70.57834221946698
372,e,87.48817164032234,87.48817164032234,34.93039959232615,35.8130652861876
373,na,87.48817164032234,87.48817164032234,70.57834221946698,70.57834221946698
374,e,87.48817164032234,87.48817164032234,8.517199959571597,70.57834221946698
375,na,87.48817164032234,87.48817164032234,14.866424996176002,22.462629770342335
376,na,87.48817164032234,87.48817164032234,70.57834221946698,70.57834221946698
377,e,87.48817164032234,87.48817164032234,13.616548983394992,16.356242634786675
378,e,87.48817164032234,87.48817164032234,22.94039850871405,27.731071557341828
379,na,87.48817164032234,87.48817164032234,13.337858810717801,15.105353151481886
380,na,87.48817164032234,87.48817164032234,70.57834221946698,70.57834221946698
381,e,87.48817164032234,87.48817164032234,12.982007754900968,26.53721530224841
382,e,87.48817164032234,87.48817164032234,70.57834221946698,70.57834221946698
383,e,87.48817164032234,87.48817164032234,70.57834221946698,70.57834221946698
384,e,87.48817164032234,87.48817164032234,22.340426435788014,23.639251493381284
385,na,87.48817164032234,87.48817164032234,15.971663907993554,16.057535077545445
386,e,40.041506488599495,40.853659829050855,20.560916567511118,23.245339303010798
387,e,87.48817164032234,87.48817164032234,28.945931389521547,37.1584506130016
388,e,87.48817164032234,87.48817164032234,70.57834221946698,70.57834221946698
389,e,87.48817164032234,87.48817164032234,13.701352446207093,18.14792257876346
390,e,87.48817164032234,87.48817164032234,70.57834221946698,70.57834221946698
391,e,87.48817164032234,87.48817164032234,70.57834221946698,70.57834221946698
392,e,87.48817164032234,87.48817164032234,15.563410439107562,19.243251949390284
393,e,87.48817164032234,87.48817164032234,70.57834221946698,70.57834221946698
394,na,87.48817164032234,87.48817164032234,70.57834221946698,70.57834221946698
395,na,87.48817164032234,87.48817164032234,70.57834221946698,70.57834221946698
396,e,20.7192760672589,21.028485240026964,11.170924224764452,15.20769318978606
397,na,87.48817164032234,87.48817164032234,45.845568200049684,55.455882437339234
398,e,87.48817164032234,87.48817164032234,70.57834221946698,70.57834221946698
399,na,87.48817164032234,87.48817164032234,70.57834221946698,70.57834221946698
400,na,48.60952492875742,73.42028625051601,70.57834221946698,70.57834221946698
401,e,87.48817164032234,87.48817164032234,70.57834221946698,70.57834221946698
402,e,87.48817164032234,87.48817164032234,70.57834221946698,70.57834221946698
403,e,87.48817164032234,87.48817164032234,25.069809728872904,26.350504647249036
404,e,87.48817164032234,87.48817164032234,70.57834221946698,70.57834221946698
405,e,87.48817164032234,87.48817164032234,70.57834221946698,70.57834221946698
406,e,87.48817164032234,87.48817164032234,21.41684125847799,27.36482462632452
407,e,87.48817164032234,87.48817164032234,70.57834221946698,70.57834221946698
408,e,1.9277344881517897,6.810081995349726,2.188518311856989,3.834109502385236
409,e,87.48817164032234,87.48817164032234,70.57834221946698,70.57834221946698
410,e,1.904382250140584,14.84093907442776,9.082160867945136,10.253045754121246
411,e,87.48817164032234,87.48817164032234,28.122132078442053,39.198101484056764
412,na,87.48817164032234,87.48817164032234,6.557660139386266,8.961458604965015
413,na,87.48817164032234,87.48817164032234,70.57834221946698,70.57834221946698
414,na,15.193885737123258,29.202004654222385,3.8885131288589183,70.57834221946698
415,e,87.48817164032234,87.48817164032234,70.57834221946698,70.57834221946698
416,e,87.48817164032234,87.48817164032234,70.57834221946698,70.57834221946698
417,e,87.48817164032234,87.48817164032234,31.920158446556826,34.937119797560946
418,na,87.48817164032234,87.48817164032234,70.57834221946698,70.57834221946698
419,e,87.48817164032234,87.48817164032234,30.40013889426645,36.71469268556041
420,e,87.48817164032234,87.48817164032234,26.845760951312133,70.57834221946698
421,e,87.48817164032234,87.48817164032234,36.854113241512486,39.48609417716303
422,na,87.48817164032234,87.48817164032234,5.479652341401968,19.24414444444023
423,e,87.48817164032234,87.48817164032234,70.57834221946698,70.57834221946698
424,e,87.48817164032234,87.48817164032234,18.742413953617245,20.87660355546353
425,e,87.48817164032234,87.48817164032234,20.68392192737836,35.747055893296476
426,na,87.48817164032234,87.48817164032234,11.498225717795036,12.428552873591025
427,e,87.48817164032234,87.48817164032234,11.015516225971783,11.409692243622432
428,na,87.48817164032234,87.48817164032234,70.57834221946698,70.57834221946698
429,na,87.48817164032234,87.48817164032234,70.57834221946698,70.57834221946698
430,na,87.48817164032234,87.48817164032234,10.693028779923587,13.790859585894871
431,e,87.48817164032234,87.48817164032234,70.57834221946698,70.57834221946698
432,e,87.48817164032234,87.48817164032234,26.458393727616127,43.820977455128904
433,e,87.48817164032234,87.48817164032234,25.584157902336077,25.619767333021194
434,na,87.48817164032234,87.48817164032234,70.57834221946698,70.57834221946698
435,e,87.48817164032234,87.48817164032234,15.560754509176164,16.863566318982457
436,e,87.48817164032234,87.48817164032234,11.635995018614587,13.313854659171069
437,e,87.48817164032234,87.48817164032234,5.606801546100733,8.34722024986971
438,na,87.48817164032234,87.48817164032234,12.389043771822164,12.491286656922036
439,na,0,3.3091407075725203,0,0.46712159542586973
440,e,87.48817164032234,87.48817164032234,36.0954423887526,36.59241609611239
441,e,87.48817164032234,87.48817164032234,8.893511797557993,12.799389558675465
442,e,87.48817164032234,87.48817164032234,29.787631552194544,31.95412592848686
443,e,87.48817164032234,87.48817164032234,70.57834221946698,70.57834221946698
444,e,10.203245807872097,13.66198780396488,8.767029940938148,11.61836664412559
445,na,87.48817164032234,87.48817164032234,70.57834221946698,70.57834221946698
446,na,87.48817164032234,87.48817164032234,70.57834221946698,70.57834221946698
447,e,87.48817164032234,87.48817164032234,70.57834221946698,70.57834221946698
448,e,87.48817164032234,87.48817164032234,17.98512639615431,18.323599443641495
449,e,87.48817164032234,87.48817164032234,3.8992323781646485,5.065875481097703
450,e,87.48817164032234,87.48817164032234,24.453031838075642,28.68885265374125
451,na,12.239597920235804,19.85253012730308,14.924450977081744,15.767102683392404
452,na,87.48817164032234,87.48817164032234,13.677028118447884,16.062017200428954
453,e,87.48817164032234,87.48817164032234,70.57834221946698,70.57834221946698
454,na,87.48817164032234,87.48817164032234,70.57834221946698,70.57834221946698
455,e,87.48817164032234,87.48817164032234,70.57834221946698,70.57834221946698
456,e,87.48817164032234,87.48817164032234,29.13646829056919,30.887142896830124
457,e,87.48817164032234,87.48817164032234,5.853587283923254,8.81612767182347
458,na,87.48817164032234,87.48817164032234,70.57834221946698,70.57834221946698
459,e,87.48817164032234,87.48817164032234,38.67580496554241,40.03640348449534
460,e,41.78190552503672,53.65455577342816,70.57834221946698,70.57834221946698
461,e,87.48817164032234,87.48817164032234,70.57834221946698,70.57834221946698
462,e,87.48817164032234,87.48817164032234,70.57834221946698,70.57834221946698
463,e,87.48817164032234,87.48817164032234,15.464979684703895,25.666597288038055
464,na,87.48817164032234,87.48817164032234,70.57834221946698,70.57834221946698
465,e,21.96346497410832,22.217584605477676,4.93648851403153,12.765901571061624
466,na,87.48817164032234,87.48817164032234,41.24464551324711,49.609733319259796
467,e,87.48817164032234,87.48817164032234,70.57834221946698,70.57834221946698
468,na,87.48817164032234,87.48817164032234,70.57834221946698,70.57834221946698
469,e,87.48817164032234,87.48817164032234,18.069561490146103,18.61831761546739
470,e,14.91690471760535,21.318853952240435,42.42674313633154,42.73410073934108
471,na,87.48817164032234,87.48817164032234,21.737904400522936,24.09095527315832
472,na,87.48817164032234,87.48817164032234,70.57834221946698,70.57834221946698
473,e,87.48817164032234,87.48817164032234,70.57834221946698,70.57834221946698
474,e,87.48817164032234,87.48817164032234,30.536853811460443,33.24234876836987
475,e,87.48817164032234,87.48817164032234,6.421561467663081,11.707709224030545
476,na,87.48817164032234,87.48817164032234,24.572515403269428,31.350779165068097
477,e,10.325565593653762,16.27036394633889,8.900398596523006,13.204012498725763
478,na,87.48817164032234,87.48817164032234,70.57834221946698,70.57834221946698
479,na,87.48817164032234,87.48817164032234,70.57834221946698,70.57834221946698
480,e,87.48817164032234,87.48817164032234,70.57834221946698,70.57834221946698
481,na,87.48817164032234,87.48817164032234,70.57834221946698,70.57834221946698
482,e,87.48817164032234,87.48817164032234,10.48438116908353,10.805032588333932
483,e,87.48817164032234,87.48817164032234,70.57834221946698,70.57834221946698
484,e,87.48817164032234,87.48817164032234,10.445553467898268,11.318573082766239
485,e,87.48817164032234,87.48817164032234,19.90303102317265,23.31879141150282
486,e,34.13484080061136,34.807806050119886,70.57834221946698,70.57834221946698
487,e,87.48817164032234,87.48817164032234,5.457565591682068,6.85203637885965
488,e,87.48817164032234,87.48817164032234,70.57834221946698,70.57834221946698
489,e,87.48817164032234,87.48817164032234,70.57834221946698,70.57834221946698
490,na,87.48817164032234,87.48817164032234,24.989120388586976,31.038594238192903
491,e,87.48817164032234,87.48817164032234,24.854254767113844,27.17088891442383
492,e,33.71334285070706,37.32627609201323,11.276636989646915,15.144281120693648
493,e,39.039470706553786,46.58823143693752,29.108606474815982,29.349121028533222
494,e,87.48817164032234,87.48817164032234,70.57834221946698,70.57834221946698
495,na,58.05874562924441,58.84687806398078,35.72521167462184,52.264120730022356
496,e,87.48817164032234,87.48817164032234,70.57834221946698,70.57834221946698
497,e,87.48817164032234,87.48817164032234,70.57834221946698,70.57834221946698
498,e,87.48817164032234,87.48817164032234,9.413107494768953,10.453186103631623
499,e,87.48817164032234,87.48817164032234,11.629696553358164,15.046460840335357
500,na,15.771067158112452,87.48817164032234,26.297888856282793,26.592634452100345
501,e,8.63013937438667,10.299223634154295,70.57834221946698,70.57834221946698
502,e,87.48817164032234,87.48817164032234,70.57834221946698,70.57834221946698
503,na,87.48817164032234,87.48817164032234,11.85585539163147,70.57834221946698
504,e,87.48817164032234,87.48817164032234,57.077262289197165,70.57834221946698
505,e,87.48817164032234,87.48817164032234,4.303966881028818,5.060341997159407
506,e,87.48817164032234,87.48817164032234,18.511438817777822,19.814911986218423
507,e,28.41648185216118,34.78638506844936,11.946732199460532,14.160283682465286
508,e,87.48817164032234,87.48817164032234,70.57834221946698,70.57834221946698
509,e,87.48817164032234,87.48817164032234,10.470647960401559,11.84879720736254
510,na,0.0038433960075886105,1.9958525161502285,1.6565062742956678,4.255926517437315
511,e,87.48817164032234,87.48817164032234,70.57834221946698,70.57834221946698
512,e,87.48817164032234,87.48817164032234,14.3634309715137,14.367731514250224
513,e,87.48817164032234,87.48817164032234,13.217301228621432,19.247795325957885
514,na,87.48817164032234,87.48817164032234,7.685707881861912,12.843380227779104
515,e,87.48817164032234,87.48817164032234,21.06305440231866,29.647073196875194
516,e,87.48817164032234,87.48817164032234,10.67056933738778,15.299668916591761
517,e,87.48817164032234,87.48817164032234,15.775499288378,21.723136925957373
518,e,87.48817164032234,87.48817164032234,12.632359484150527,16.531729821185642
519,e,87.48817164032234,87.48817164032234,70.57834221946698,70.57834221946698
520,na,87.48817164032234,87.48817164032234,70.57834221946698,70.57834221946698
521,e,87.48817164032234,87.48817164032234,4.248308088723316,12.748963826625037
522,e,87.48817164032234,87.48817164032234,15.837023762699669,20.031193668006097
523,e,87.48817164032234,87.48817164032234,70.57834221946698,70.57834221946698
524,e,87.48817164032234,87.48817164032234,25.336765572075347,36.61916120131978
525,na,87.48817164032234,87.48817164032234,70.57834221946698,70.57834221946698
526,na,87.48817164032234,87.48817164032234,70.57834221946698,70.57834221946698
527,e,87.48817164032234,87.48817164032234,39.63508664837127,47.017223978033286
528,e,87.48817164032234,87.48817164032234,70.57834221946698,70.57834221946698
529,e,87.48817164032234,87.48817164032234,11.293719494477001,20.7809646473827
530,e,87.48817164032234,87.48817164032234,31.68686524653103,36.892722808178284
531,e,87.48817164032234,87.48817164032234,9.44354960081125,14.932766705105442
532,e,87.48817164032234,87.48817164032234,70.57834221946698,70.57834221946698
533,e,87.48817164032234,87.48817164032234,15.48580169999737,17.14029580693626
534,e,87.48817164032234,87.48817164032234,25.552936583276434,26.045264347727706
535,na,87.48817164032234,87.48817164032234,70.57834221946698,70.57834221946698
536,e,87.48817164032234,87.48817164032234,70.57834221946698,70.57834221946698
537,e,87.48817164032234,87.48817164032234,70.57834221946698,70.57834221946698
538,e,11.083080433490156,16.74430213640881,27.275417180191052,30.024499962273385
539,e,87.48817164032234,87.48817164032234,70.57834221946698,70.57834221946698
540,na,3.593034498250238,87.48817164032234,8.180187451673309,11.128696439677348
541,e,87.48817164032234,87.48817164032234,22.86793388415673,22.92019194401834
542,e,87.48817164032234,87.48817164032234,70.57834221946698,70.57834221946698
543,na,87.48817164032234,87.48817164032234,70.57834221946698,70.57834221946698
544,na,0,4.765165597678188,0,0.44784469741434746
545,na,0.5797116954212073,12.125541331153093,7.246091605219234,8.826923647270696
546,e,87.48817164032234,87.48817164032234,22.977715605536766,25.146917793380833
547,e,87.48817164032234,87.48817164032234,18.790648523330354,70.57834221946698
548,e,87.48817164032234,87.48817164032234,70.57834221946698,70.57834221946698
549,e,87.48817164032234,87.48817164032234,15.783086698249658,15.802635838268921
550,na,87.48817164032234,87.48817164032234,18.483167777446294,19.367868186025987
551,e,87.48817164032234,87.48817164032234,20.88878653497323,23.664676734899572
552,e,87.48817164032234,87.48817164032234,24.838442144621798,29.669968360202464
553,na,87.48817164032234,87.48817164032234,11.905141476941525,12.040451842021314
554,e,87.48817164032234,87.48817164032234,70.57834221946698,70.57834221946698
555,e,87.48817164032234,87.48817164032234,70.57834221946698,70.57834221946698
556,e,12.611586207713891,87.48817164032234,32.707869558799295,37.62137987735868
557,e,87.48817164032234,87.48817164032234,23.41068559171162,27.36305319736363
558,na,87.48817164032234,87.48817164032234,70.57834221946698,70.57834221946698
559,na,87.48817164032234,87.48817164032234,70.57834221946698,70.57834221946698
560,e,87.48817164032234,87.48817164032234,70.57834221946698,70.57834221946698
561,e,87.48817164032234,87.48817164032234,40.46051558475348,44.123211688170834
562,e,87.48817164032234,87.48817164032234,70.57834221946698,70.57834221946698
563,e,87.48817164032234,87.48817164032234,18.4822686090193,22.876961403020523
564,e,8.760679471792502,9.902229219106678,6.366795180802204,8.048220757154546
565,e,87.48817164032234,87.48817164032234,70.57834221946698,70.57834221946698
566,e,87.48817164032234,87.48817164032234,20.06886788973245,20.891945726433796
567,e,87.48817164032234,87.48817164032234,38.08575496145565,43.960180358924404
568,e,6.32394439909944,6.771001956751433,30.159538569973833,32.5639151533401
569,e,87.48817164032234,87.48817164032234,70.57834221946698,70.57834221946698
570,na,87.48817164032234,87.48817164032234,38.6989301383878,70.57834221946698
571,na,87.48817164032234,87.48817164032234,70.57834221946698,70.57834221946698
572,e,87.48817164032234,87.48817164032234,14.623273983462914,25.392054004120933
573,na,87.48817164032234,87.48817164032234,22.507634194057154,37.561300147221374
574,e,16.420126858983572,16.59751235822617,19.93780347326944,21.205538063080876
575,e,87.48817164032234,87.48817164032234,70.57834221946698,70.57834221946698
576,e,87.48817164032234,87.48817164032234,70.57834221946698,70.57834221946698
577,e,87.48817164032234,87.48817164032234,70.57834221946698,70.57834221946698
578,e,87.48817164032234,87.48817164032234,11.128559480315696,14.267363081559811
579,e,87.48817164032234,87.48817164032234,70.57834221946698,70.57834221946698
580,e,87.48817164032234,87.48817164032234,70.57834221946698,70.57834221946698
581,na,87.48817164032234,87.48817164032234,70.57834221946698,70.57834221946698
582,e,5.000497185603029,16.29925245812855,15.845677010197424,37.644131934991435
583,e,5.588765424132929,5.932152352740142,6.885133372372861,9.415430838218267
584,na,87.48817164032234,87.48817164032234,70.57834221946698,70.57834221946698
585,na,87.48817164032234,87.48817164032234,30.119452294111476,70.57834221946698
586,na,2.4414529136014465,5.135582010611074,14.661703952565796,70.57834221946698
587,e,87.48817164032234,87.48817164032234,26.098545478539908,26.23169059599846
588,na,87.48817164032234,87.48817164032234,35.11212356038729,42.12352026662417
589,na,87.48817164032234,87.48817164032234,70.57834221946698,70.57834221946698
590,e,21.26727950852724,25.10509372788677,21.79685821288836,31.000910193241594
591,na,87.48817164032234,87.48817164032234,70.57834221946698,70.57834221946698
592,na,1.7901969813580054,87.48817164032234,0.10378706269930961,5.183058927944771
593,e,87.48817164032234,87.48817164032234,70.57834221946698,70.57834221946698
594,e,35.915032026884795,37.448722180730385,7.522538385543605,9.149060593604148
595,na,87.48817164032234,87.48817164032234,70.57834221946698,70.57834221946698
596,e,87.48817164032234,87.48817164032234,33.86205965535723,34.527279819074145
597,na,5.827787779430254,6.3179514826387395,4.067339157096192,6.251370996296925
598,e,87.48817164032234,87.48817164032234,20.061206311303366,24.361283570730347
599,e,87.48817164032234,87.48817164032234,70.57834221946698,70.57834221946698
600,e,87.48817164032234,87.48817164032234,21.622880055898968,22.39982238958007
601,e,87.48817164032234,87.48817164032234,70.57834221946698,70.57834221946698
602,e,13.343598348564127,20.41893553998827,30.013708454372104,32.70932086063198
603,e,87.48817164032234,87.48817164032234,28.406749369050818,28.767804320018318
604,na,87.48817164032234,87.48817164032234,23.393254411650727,30.16264973247988
605,e,87.48817164032234,87.48817164032234,25.81213598587663,31.60067746888642
606,na,10.521678470650166,11.906158264152479,70.57834221946698,70.57834221946698
607,na,3.132548744595189,3.7086312938656123,2.460131640643854,10.72718836913462
608,e,87.48817164032234,87.48817164032234,15.372158998801106,24.23268780252662
609,na,87.48817164032234,87.48817164032234,70.57834221946698,70.57834221946698
610,na,7.99782564030683,14.941012738579161,19.32726945830653,70.57834221946698
611,na,0,0.4096100072352712,0,3.3030944372309357
612,e,87.48817164032234,87.48817164032234,13.554108084336322,20.804254968131367
613,e,87.48817164032234,87.48817164032234,70.57834221946698,70.57834221946698
614,e,87.48817164032234,87.48817164032234,70.57834221946698,70.57834221946698
615,na,87.48817164032234,87.48817164032234,70.57834221946698,70.57834221946698
616,e,87.48817164032234,87.48817164032234,70.57834221946698,70.57834221946698
617,e,27.68052021618339,30.054814140210713,5.190443750651957,15.298379019117831
618,e,87.48817164032234,87.48817164032234,23.59283313246868,27.832699608409236
619,e,7.816833850992904,19.061248242100888,5.668007601002327,6.829196014005689
620,e,87.48817164032234,87.48817164032234,70.57834221946698,70.57834221946698
621,e,87.48817164032234,87.48817164032234,6.61673898076201,7.58767388359709
622,e,87.48817164032234,87.48817164032234,25.773274399672474,70.57834221946698
623,e,87.48817164032234,87.48817164032234,20.805537409386996,29.580167176870614
624,e,87.48817164032234,87.48817164032234,70.57834221946698,70.57834221946698
625,e,87.48817164032234,87.48817164032234,26.797849839750818,34.32109869781664
626,e,87.48817164032234,87.48817164032234,70.57834221946698,70.57834221946698
627,e,87.48817164032234,87.48817164032234,22.55008681416621,34.05955749079917
628,na,87.48817164032234,87.48817164032234,70.57834221946698,70.57834221946698
629,e,87.48817164032234,87.48817164032234,70.57834221946698,70.57834221946698
630,e,4.5400596568022396,5.3434549736943096,25.96428874149902,45.73701973605407
631,e,87.48817164032234,87.48817164032234,20.057907496084834,36.733358327914594
632,na,87.48817164032234,87.48817164032234,70.57834221946698,70.57834221946698
633,e,87.48817164032234,87.48817164032234,43.76678641845455,70.57834221946698
634,na,87.48817164032234,87.48817164032234,70.57834221946698,70.57834221946698
635,na,87.48817164032234,87.48817164032234,43.40002844029437,70.57834221946698
636,na,0,1.652569390639648,0,1.99091997226782
637,na,87.48817164032234,87.48817164032234,70.57834221946698,70.57834221946698
638,e,87.48817164032234,87.48817164032234,70.57834221946698,70.57834221946698
639,e,87.48817164032234,87.48817164032234,70.57834221946698,70.57834221946698
640,e,18.84586952251758,21.563396782297,29.193966099268103,33.786501175759234
641,e,87.48817164032234,87.48817164032234,22.73135828388331,27.932661991594294
642,e,87.48817164032234,87.48817164032234,23.195001440303155,29.198667308461523
643,e,87.48817164032234,87.48817164032234,70.57834221946698,70.57834221946698
644,na,87.48817164032234,87.48817164032234,70.57834221946698,70.57834221946698
645,e,87.48817164032234,87.48817164032234,22.859289023919445,29.25075326237329
646,e,87.48817164032234,87.48817164032234,12.022376961442337,15.334065591024169
647,e,87.48817164032234,87.48817164032234,70.57834221946698,70.57834221946698
648,na,87.48817164032234,87.48817164032234,15.339709275412835,70.57834221946698
649,e,87.48817164032234,87.48817164032234,70.57834221946698,70.57834221946698
650,na,0,3.513433491272097,0,6.473435014357063
651,e,87.48817164032234,87.48817164032234,70.57834221946698,70.57834221946698
652,e,87.48817164032234,87.48817164032234,70.57834221946698,70.57834221946698
653,na,87.48817164032234,87.48817164032234,18.772976158461645,27.889536009348287
654,na,87.48817164032234,87.48817164032234,70.57834221946698,70.57834221946698
655,na,87.48817164032234,87.48817164032234,24.922489207562375,70.57834221946698
656,na,0.568674768654606,11.976638168197473,0.8105793207533146,1.8135565121554604
657,e,87.48817164032234,87.48817164032234,26.85045787637809,27.252007004348386
658,na,87.48817164032234,87.48817164032234,70.57834221946698,70.57834221946698
659,e,87.48817164032234,87.48817164032234,14.786055178083352,15.178915608895702
660,e,41.604137930755414,87.48817164032234,27.909283084434257,42.892467368265265
661,e,87.48817164032234,87.48817164032234,8.673116593982938,9.824506987479122
662,e,87.48817164032234,87.48817164032234,6.239902487941765,7.71066821658214
663,e,15.09530322061631,16.676689930134362,14.81332390275113,18.432595601846074
664,e,87.48817164032234,87.48817164032234,70.57834221946698,70.57834221946698
665,e,87.48817164032234,87.48817164032234,11.407665242257677,22.730656965084837
666,na,0,2.379984244440598,0,1.793385291264902
667,na,87.48817164032234,87.48817164032234,70.57834221946698,70.57834221946698
668,na,87.48817164032234,87.48817164032234,18.660785894876867,36.222671135317775
669,e,18.55263970990762,20.937663911085735,13.472238028519257,19.244135346936506
670,e,87.48817164032234,87.48817164032234,30.84920968339249,36.956807093318254
671,na,87.48817164032234,87.48817164032234,39.09338883331621,40.929503895591
672,e,87.48817164032234,87.48817164032234,70.57834221946698,70.57834221946698
673,e,87.48817164032234,87.48817164032234,11.554118361985294,25.92975317598505
674,na,87.48817164032234,87.48817164032234,14.240270765417918,16.723333809314703
675,e,87.48817164032234,87.48817164032234,21.850988983545694,22.946128964239215
676,na,87.48817164032234,87.48817164032234,42.99207254049046,43.45358002626635
677,e,87.48817164032234,87.48817164032234,70.57834221946698,70.57834221946698
678,e,87.48817164032234,87.48817164032234,70.57834221946698,70.57834221946698
679,e,87.48817164032234,87.48817164032234,70.57834221946698,70.57834221946698
680,na,87.48817164032234,87.48817164032234,70.57834221946698,70.57834221946698
681,e,87.48817164032234,87.48817164032234,33.44481601104651,33.989259493887204
682,e,17.910051071259215,23.85428428545486,8.854187458335478,9.543672596630385
683,e,87.48817164032234,87.48817164032234,70.57834221946698,70.57834221946698
684,e,87.48817164032234,87.48817164032234,21.688444605819857,26.25428170189187
685,e,87.48817164032234,87.48817164032234,70.57834221946698,70.57834221946698
686,na,87.48817164032234,87.48817164032234,13.889032374541355,18.10840405091766
687,e,87.48817164032234,87.48817164032234,29.198029485283257,37.148610643907766
688,e,87.48817164032234,87.48817164032234,12.95699834110558,70.57834221946698
689,e,87.48817164032234,87.48817164032234,70.57834221946698,70.57834221946698
690,na,87.48817164032234,87.48817164032234,37.19833363706906,44.59800967822985
691,e,87.48817164032234,87.48817164032234,26.350844712151808,29.192977411648137
692,e,87.48817164032234,87.48817164032234,22.189455869162707,23.93133396638931
693,e,11.9283289730831,15.89106374660498,8.58866258503536,9.172691845316859
694,e,55.725099397222884,63.12971475016123,6.017387180674514,9.957426902298566
695,e,87.48817164032234,87.48817164032234,13.693366864680595,16.47412231068574
696,na,87.48817164032234,87.48817164032234,12.9398288049391,12.98461846995584
697,e,21.94103997372812,24.42328899576533,70.57834221946698,70.57834221946698
698,na,87.48817164032234,87.48817164032234,70.57834221946698,70.57834221946698
699,e,87.48817164032234,87.48817164032234,70.57834221946698,70.57834221946698
700,e,37.52659106335008,37.65000958704164,7.6813717779998845,8.45644257583797
701,na,87.48817164032234,87.48817164032234,10.776875825502968,14.201748141191171
702,e,11.89904820410197,13.581695116186019,9.446779884591395,10.609637169985128
703,e,87.48817164032234,87.48817164032234,10.754755768726918,11.697658732985484
704,e,87.48817164032234,87.48817164032234,70.57834221946698,70.57834221946698
705,e,87.48817164032234,87.48817164032234,27.435940980051708,31.101802608826617
706,e,87.48817164032234,87.48817164032234,70.57834221946698,70.57834221946698
707,e,87.48817164032234,87.48817164032234,24.281748583040223,27.991323477072285
708,na,1.3842382385914043,5.959297726235512,5.515205935337624,16.38317269745383
709,na,87.48817164032234,87.48817164032234,70.57834221946698,70.57834221946698
710,e,87.48817164032234,87.48817164032234,33.620844496475435,34.79373758328519
711,e,87.48817164032234,87.48817164032234,70.57834221946698,70.57834221946698
712,e,87.48817164032234,87.48817164032234,70.57834221946698,70.57834221946698
713,na,8.95074071230837,10.651193823276246,70.57834221946698,70.57834221946698
714,e,87.48817164032234,87.48817164032234,70.57834221946698,70.57834221946698
715,e,87.48817164032234,87.48817164032234,70.57834221946698,70.57834221946698
716,e,87.48817164032234,87.48817164032234,6.18617891809386,8.061043782662177
717,e,87.48817164032234,87.48817164032234,70.57834221946698,70.57834221946698
718,na,87.48817164032234,87.48817164032234,33.38021148761778,36.216203869777814
719,e,21.818835186674033,87.48817164032234,14.351073307609422,19.72958790366143
720,e,87.48817164032234,87.48817164032234,70.57834221946698,70.57834221946698
721,e,13.571976454576603,19.987548178222543,18.34506506484684,21.801618174262373
722,na,35.272189113377614,36.279334846253064,26.59951916185262,29.180335756668565
723,na,87.48817164032234,87.48817164032234,70.57834221946698,70.57834221946698
724,e,37.90482144869752,41.09019200566462,22.01455166423442,22.38122791981638
725,e,87.48817164032234,87.48817164032234,70.57834221946698,70.57834221946698
726,e,44.609888447055084,47.02409312637105,20.695732187773917,24.902590506130352
727,na,11.155483709321842,14.504732500887018,7.92367056036128,8.19336340198781
728,na,87.48817164032234,87.48817164032234,70.57834221946698,70.57834221946698
729,e,87.48817164032234,87.48817164032234,7.4637956813286515,70.57834221946698
730,na,87.48817164032234,87.48817164032234,70.57834221946698,70.57834221946698
731,e,29.23997899361495,30.691238490143682,23.479205743953155,25.218494346047056
732,e,87.48817164032234,87.48817164032234,7.912951965562608,8.771711996278436
733,e,87.48817164032234,87.48817164032234,70.57834221946698,70.57834221946698
734,e,87.48817164032234,87.48817164032234,70.57834221946698,70.57834221946698
735,e,87.48817164032234,87.48817164032234,70.57834221946698,70.57834221946698
736,e,87.48817164032234,87.48817164032234,70.57834221946698,70.57834221946698
737,na,87.48817164032234,87.48817164032234,70.57834221946698,70.57834221946698
738,na,87.48817164032234,87.48817164032234,70.57834221946698,70.57834221946698
739,na,87.48817164032234,87.48817164032234,17.773699480084996,19.91765828152644
740,e,87.48817164032234,87.48817164032234,70.57834221946698,70.57834221946698
741,na,87.48817164032234,87.48817164032234,70.57834221946698,70.57834221946698
742,e,87.48817164032234,87.48817164032234,70.57834221946698,70.57834221946698
743,na,87.48817164032234,87.48817164032234,27.833072244413295,42.808491392546294
744,e,87.48817164032234,87.48817164032234,18.39421227058845,20.875455326043824
745,e,87.48817164032234,87.48817164032234,5.603950036315645,9.138724231493118
746,e,87.48817164032234,87.48817164032234,30.00298909609712,36.422827757262034
747,e,87.48817164032234,87.48817164032234,47.6078799305031,70.57834221946698
748,e,2.2707071954348828,11.270134283652174,70.57834221946698,70.57834221946698
749,e,87.48817164032234,87.48817164032234,3.7277874290897044,6.6964888282862
750,na,7.930623877219314,87.48817164032234,19.0487680167995,29.94015353133471
751,e,87.48817164032234,87.48817164032234,6.188785868618567,70.57834221946698
752,e,87.48817164032234,87.48817164032234,10.883206108311018,17.674150012689424
753,e,87.48817164032234,87.48817164032234,33.07187990791042,33.10514368202578
754,e,87.48817164032234,87.48817164032234,70.57834221946698,70.57834221946698
755,e,27.17378157548428,28.691480056578126,8.639137362344387,70.57834221946698
756,e,87.48817164032234,87.48817164032234,14.015834101282033,15.519965676962526
757,e,87.48817164032234,87.48817164032234,23.937910064488847,26.679860978181814
758,e,87.48817164032234,87.48817164032234,30.69178042141152,32.54371809988882
759,na,87.48817164032234,87.48817164032234,70.57834221946698,70.57834221946698
760,e,87.48817164032234,87.48817164032234,70.57834221946698,70.57834221946698
761,na,87.48817164032234,87.48817164032234,10.960892951967338,19.88232499399288
762,e,87.48817164032234,87.48817164032234,10.697121716225507,15.484790971033714
763,e,87.48817164032234,87.48817164032234,7.9881774157295835,12.758748688485884
764,na,87.48817164032234,87.48817164032234,70.57834221946698,70.57834221946698
765,e,87.48817164032234,87.48817164032234,24.78353204546339,33.543697164603635
766,e,87.48817164032234,87.48817164032234,30.571116879893975,33.839852473737565
767,e,87.48817164032234,87.48817164032234,70.57834221946698,70.57834221946698
768,e,87.48817164032234,87.48817164032234,18.030751437165854,20.556901874848673
769,e,87.48817164032234,87.48817164032234,35.01046508472318,35.638192849852906
770,e,87.48817164032234,87.48817164032234,26.71452946527916,40.91504284809456
771,e,87.48817164032234,87.48817164032234,70.57834221946698,70.57834221946698
772,e,87.48817164032234,87.48817164032234,70.57834221946698,70.57834221946698
773,na,87.48817164032234,87.48817164032234,31.531230785989496,31.613479618565606
774,na,6.540315076948764,9.047328692768264,70.57834221946698,70.57834221946698
775,e,36.95061585657136,38.88772793460104,19.249872707417293,26.06786681410391
776,na,87.48817164032234,87.48817164032234,19.01635628113745,22.2542683254341
777,e,87.48817164032234,87.48817164032234,70.57834221946698,70.57834221946698
778,e,87.48817164032234,87.48817164032234,70.57834221946698,70.57834221946698
779,e,87.48817164032234,87.48817164032234,70.57834221946698,70.57834221946698
780,e,87.48817164032234,87.48817164032234,70.57834221946698,70.57834221946698
781,na,87.48817164032234,87.48817164032234,70.57834221946698,70.57834221946698
782,e,87.48817164032234,87.48817164032234,70.57834221946698,70.57834221946698
783,na,87.48817164032234,87.48817164032234,17.214529472561953,19.06655160281715
784,e,87.48817164032234,87.48817164032234,70.57834221946698,70.57834221946698
785,e,87.48817164032234,87.48817164032234,49.95407098514904,57.40666141610397
786,e,87.48817164032234,87.48817164032234,24.46363097320418,25.036888355665244
787,e,87.48817164032234,87.48817164032234,70.57834221946698,70.57834221946698
788,e,87.48817164032234,87.48817164032234,31.858797651449958,34.64448018935256
789,e,87.48817164032234,87.48817164032234,6.122104454317127,7.476410369479009
790,e,87.48817164032234,87.48817164032234,25.1115285871058,26.764715855850035
791,na,87.48817164032234,87.48817164032234,34.11753062672611,35.86301968453306
792,e,87.48817164032234,87.48817164032234,70.57834221946698,70.57834221946698
793,na,87.48817164032234,87.48817164032234,70.57834221946698,70.57834221946698
794,na,14.689919576304002,22.066667144119766,70.57834221946698,70.57834221946698
795,e,87.48817164032234,87.48817164032234,70.57834221946698,70.57834221946698
796,e,87.48817164032234,87.48817164032234,70.57834221946698,70.57834221946698
797,e,87.48817164032234,87.48817164032234,70.57834221946698,70.57834221946698
798,e,87.48817164032234,87.48817164032234,8.60896275835159,16.924546483148816
799,e,87.48817164032234,87.48817164032234,1.2857163834092113,10.752614092833552
800,e,87.48817164032234,87.48817164032234,33.747971951062134,34.69243775060351
801,na,21.89271522163271,30.709822389523456,13.501872712412771,13.661994184965927
802,e,87.48817164032234,87.48817164032234,30.4047774037206,32.04439240641054
803,na,87.48817164032234,87.48817164032234,27.116983299508966,32.39914034663926
804,e,87.48817164032234,87.48817164032234,70.57834221946698,70.57834221946698
805,na,87.48817164032234,87.48817164032234,70.57834221946698,70.57834221946698
806,e,87.48817164032234,87.48817164032234,15.36310305155253,17.447786244319033
807,e,87.48817164032234,87.48817164032234,70.57834221946698,70.57834221946698
808,e,87.48817164032234,87.48817164032234,70.57834221946698,70.57834221946698
809,e,87.48817164032234,87.48817164032234,70.57834221946698,70.57834221946698
810,e,87.48817164032234,87.48817164032234,10.975428063578788,11.049768467804043
811,e,87.48817164032234,87.48817164032234,70.57834221946698,70.57834221946698
812,e,20.833386545979426,27.643906770527735,4.824190137445782,11.427791559110892
813,e,87.48817164032234,87.48817164032234,12.038306004231668,12.912055672815105
814,e,87.48817164032234,87.48817164032234,70.57834221946698,70.57834221946698
815,e,87.48817164032234,87.48817164032234,17.178239419851423,23.69027490842509
816,e,87.48817164032234,87.48817164032234,70.57834221946698,70.57834221946698
817,e,87.48817164032234,87.48817164032234,17.825502173545207,70.57834221946698
818,e,87.48817164032234,87.48817164032234,32.867986446736694,33.533131538086465
819,e,87.48817164032234,87.48817164032234,12.416430276604933,13.516177508519414
820,na,87.48817164032234,87.48817164032234,21.3185893192504,24.846651919982595
821,e,87.48817164032234,87.48817164032234,15.229058977926165,18.568891120599975
822,e,87.48817164032234,87.48817164032234,70.57834221946698,70.57834221946698
823,e,87.48817164032234,87.48817164032234,70.57834221946698,70.57834221946698
824,e,18.554020863364258,32.129473663356585,10.713352294822197,16.80593836539086
825,e,87.48817164032234,87.48817164032234,70.57834221946698,70.57834221946698
826,e,87.48817164032234,87.48817164032234,8.273472089399572,8.789871854333738
827,e,87.48817164032234,87.48817164032234,34.22697253650654,34.91714170383514
828,e,87.48817164032234,87.48817164032234,70.57834221946698,70.57834221946698
829,e,87.48817164032234,87.48817164032234,70.57834221946698,70.57834221946698
830,e,87.48817164032234,87.48817164032234,8.357897766742466,11.118336086454311
831,na,87.48817164032234,87.48817164032234,41.3848669024659,45.01321871382809
832,e,87.48817164032234,87.48817164032234,16.24659300233433,17.832220943963524
833,na,87.48817164032234,87.48817164032234,26.572589134422913,70.57834221946698
834,e,87.48817164032234,87.48817164032234,20.104039583216018,20.11014074947701
835,e,87.48817164032234,87.48817164032234,23.205394563198418,36.61449855861788
836,na,87.48817164032234,87.48817164032234,14.171981899473188,22.091707657361546
837,e,34.746243937124405,38.44934782611883,16.7121611159414,25.099341162606734
838,e,87.48817164032234,87.48817164032234,12.838283087197325,22.8645455340342
839,e,37.772826406148816,39.55887799715424,14.946382593672237,16.30643696479323
840,na,21.56282256887312,24.554612949637523,70.57834221946698,70.57834221946698
841,e,23.482646961872277,24.309468229233552,8.819210476327527,9.818057935463655
842,e,87.48817164032234,87.48817164032234,70.57834221946698,70.57834221946698
843,e,87.48817164032234,87.48817164032234,21.29821018283704,23.207085589010603
844,e,87.48817164032234,87.48817164032234,31.13513231225813,34.01222111224489
845,e,87.48817164032234,87.48817164032234,70.57834221946698,70.57834221946698
846,e,87.48817164032234,87.48817164032234,70.57834221946698,70.57834221946698
847,e,87.48817164032234,87.48817164032234,41.79763033064566,44.014581409018746
848,e,87.48817164032234,87.48817164032234,26.50136955739732,30.102550498245257
849,e,31.676053019724332,31.828506109996386,70.57834221946698,70.57834221946698
850,e,87.48817164032234,87.48817164032234,70.57834221946698,70.57834221946698
851,e,87.48817164032234,87.48817164032234,29.364457301090326,32.77344292615854
852,e,87.48817164032234,87.48817164032234,70.57834221946698,70.57834221946698
853,na,2.5553762479942153,4.394248198687757,70.57834221946698,70.57834221946698
854,e,31.109931986469554,34.4895589851973,13.0479769109296,19.558081614449218
855,na,37.7460875882184,38.98002047283774,15.568469162705266,24.549740207972647
856,na,0,3.6924595970612635,0,7.324472858995912
857,e,87.48817164032234,87.48817164032234,70.57834221946698,70.57834221946698
858,e,87.48817164032234,87.48817164032234,9.597376944340933,15.721199684294174
859,na,0,10.900704437729187,0,4.865288385947172
860,e,87.48817164032234,87.48817164032234,16.34251007652644,20.293419268308334
861,e,87.48817164032234,87.48817164032234,13.251676609837101,19.179704280241015
862,na,87.48817164032234,87.48817164032234,6.455115066147171,70.57834221946698
863,e,87.48817164032234,87.48817164032234,70.57834221946698,70.57834221946698
864,e,87.48817164032234,87.48817164032234,11.781641833099897,17.354195761181675
865,na,87.48817164032234,87.48817164032234,70.57834221946698,70.57834221946698
866,na,87.48817164032234,87.48817164032234,18.93499512013349,20.080890018210336
867,e,87.48817164032234,87.48817164032234,70.57834221946698,70.57834221946698
868,e,87.48817164032234,87.48817164032234,22.411044186265112,27.929149524464236
869,na,87.48817164032234,87.48817164032234,70.57834221946698,70.57834221946698
870,na,87.48817164032234,87.48817164032234,70.57834221946698,70.57834221946698
871,e,87.48817164032234,87.48817164032234,26.120993654438998,27.245694487325874
872,e,87.48817164032234,87.48817164032234,23.90591490941303,26.023763374179406
873,e,87.48817164032234,87.48817164032234,33.08863696536214,33.73155864462769
874,na,7.866122622758166,14.352303604333306,2.039770058917915,4.83950493538858
875,na,9.391993424563726,9.587649655257502,24.953496380596196,70.57834221946698
876,e,87.48817164032234,87.48817164032234,2.9625360875077504,4.64325272847792
877,e,87.48817164032234,87.48817164032234,17.564929753797212,18.06981245874264
878,e,87.48817164032234,87.48817164032234,70.57834221946698,70.57834221946698
879,e,87.48817164032234,87.48817164032234,18.007434480837183,20.843945909907212
880,na,87.48817164032234,87.48817164032234,70.57834221946698,70.57834221946698
881,e,87.48817164032234,87.48817164032234,70.57834221946698,70.57834221946698
882,e,87.48817164032234,87.48817164032234,70.57834221946698,70.57834221946698
883,na,3.0015492280680647,7.605774819878537,18.964204807928812,19.894982031933704
884,e,13.005473613694411,13.143909179159218,2.878442575743007,4.210950837506695
885,e,87.48817164032234,87.48817164032234,24.607766108958586,29.23732338485887
886,e,87.48817164032234,87.48817164032234,70.57834221946698,70.57834221946698
887,e,87.48817164032234,87.48817164032234,70.57834221946698,70.57834221946698
888,na,87.48817164032234,87.48817164032234,70.57834221946698,70.57834221946698
889,e,29.88445340587098,87.48817164032234,35.18084211960182,37.182309709188765
890,e,87.48817164032234,87.48817164032234,57.613464880888195,62.9034619023208
891,e,87.48817164032234,87.48817164032234,35.15854523376173,35.7023264289689
892,e,87.48817164032234,87.48817164032234,70.57834221946698,70.57834221946698
893,e,16.55339747154971,16.796215877323956,29.160072591915153,38.663430433257545
894,na,87.48817164032234,87.48817164032234,24.868491095755104,25.33868668875221
895,na,87.48817164032234,87.48817164032234,67.8465606752532,68.3264672623586
896,e,87.48817164032234,87.48817164032234,70.57834221946698,70.57834221946698
897,na,87.48817164032234,87.48817164032234,16.216217836851758,18.209062005254633
898,na,87.48817164032234,87.48817164032234,28.25968248073405,30.715287815739483
899,e,87.48817164032234,87.48817164032234,3.0517558953062545,3.786924954686628
900,e,87.48817164032234,87.48817164032234,70.57834221946698,70.57834221946698
901,e,87.48817164032234,87.48817164032234,70.57834221946698,70.57834221946698
902,na,87.48817164032234,87.48817164032234,15.186786927000336,16.292718647201724
903,e,32.938858943883055,36.60897517867584,10.158519397544762,16.157682013118578
904,e,87.48817164032234,87.48817164032234,7.907948645917363,9.328782033314718
905,e,87.48817164032234,87.48817164032234,70.57834221946698,70.57834221946698
906,e,87.48817164032234,87.48817164032234,29.540834156445662,30.44432987090768
907,e,87.48817164032234,87.48817164032234,70.57834221946698,70.57834221946698
908,e,87.48817164032234,87.48817164032234,12.683812346161618,12.737326739950053
909,e,87.48817164032234,87.48817164032234,13.604699390350726,17.80083925500253
910,e,87.48817164032234,87.48817164032234,70.57834221946698,70.57834221946698
911,e,75.92799782338074,81.81677069664192,20.840066448580018,21.27378695732556
912,na,-1,0,-1,0
913,e,87.48817164032234,87.48817164032234,13.729813208247986,18.082805752754773
914,na,87.48817164032234,87.48817164032234,24.180598322701723,29.062381682471674
915,e,87.48817164032234,87.48817164032234,8.34318345468705,16.411625417548475
916,e,87.48817164032234,87.48817164032234,70.57834221946698,70.57834221946698
917,e,87.48817164032234,87.48817164032234,9.101212716084593,13.00481520011735
918,na,87.48817164032234,87.48817164032234,44.038224863022826,48.19877908729242
919,e,87.48817164032234,87.48817164032234,70.57834221946698,70.57834221946698
920,e,33.54122403709692,38.19165242103669,7.467072489701822,12.065667313023113
921,e,87.48817164032234,87.48817164032234,16.812443271660396,40.20381699588823
922,na,-1,0,-1,0
923,e,87.48817164032234,87.48817164032234,70.57834221946698,70.57834221946698
924,e,87.48817164032234,87.48817164032234,32.03899992676251,33.349222379378844
925,e,87.48817164032234,87.48817164032234,30.411976270692534,30.86238944205626
926,e,87.48817164032234,87.48817164032234,70.57834221946698,70.57834221946698
927,na,87.48817164032234,87.48817164032234,70.57834221946698,70.57834221946698
928,e,87.48817164032234,87.48817164032234,12.453344489128968,14.740004997927581
929,e,87.48817164032234,87.48817164032234,70.57834221946698,70.57834221946698
930,e,87.48817164032234,87.48817164032234,70.57834221946698,70.57834221946698
931,e,87.48817164032234,87.48817164032234,21.160475330668383,23.090967565961275
932,e,87.48817164032234,87.48817164032234,70.57834221946698,70.57834221946698
933,na,20.042651618406683,20.54184872102764,38.853645121336875,39.52700908164088
934,na,87.48817164032234,87.48817164032234,70.57834221946698,70.57834221946698
935,na,87.48817164032234,87.48817164032234,24.341502130278243,27.308041433845336
936,e,87.48817164032234,87.48817164032234,70.57834221946698,70.57834221946698
937,e,37.553447796257544,38.0674482513994,14.661940965895791,26.986563964601316
938,e,87.48817164032234,87.48817164032234,70.57834221946698,70.57834221946698
939,e,87.48817164032234,87.48817164032234,24.300988985603357,24.40921773537043
940,e,87.48817164032234,87.48817164032234,70.57834221946698,70.57834221946698
941,e,87.48817164032234,87.48817164032234,6.615611254683469,16.707380033259135
942,e,87.48817164032234,87.48817164032234,32.03401685443046,36.031150358128855
943,e,87.48817164032234,87.48817164032234,17.804186523494682,18.95312961073035
944,na,87.48817164032234,87.48817164032234,14.204594823122894,16.81236218941755
945,e,87.48817164032234,87.48817164032234,70.57834221946698,70.57834221946698
946,e,87.48817164032234,87.48817164032234,70.57834221946698,70.57834221946698
947,e,87.48817164032234,87.48817164032234,33.13469051487345,34.59743277761758
948,na,87.48817164032234,87.48817164032234,70.57834221946698,70.57834221946698
949,e,52.17792660652611,53.752298457018895,16.791079742867417,17.807293903875653
950,na,36.991394933859304,37.639833498444005,26.09320586040793,29.1324216061846
951,e,87.48817164032234,87.48817164032234,24.38477427396247,31.07559955519015
952,na,87.48817164032234,87.48817164032234,70.57834221946698,70.57834221946698
953,e,87.48817164032234,87.48817164032234,5.560004364583238,70.57834221946698
954,e,87.48817164032234,87.48817164032234,70.57834221946698,70.57834221946698
955,e,87.48817164032234,87.48817164032234,18.354092894980067,30.34634261214258
956,na,20.73181767300222,23.645873686482876,70.57834221946698,70.57834221946698
957,na,87.48817164032234,87.48817164032234,70.57834221946698,70.57834221946698
958,e,87.48817164032234,87.48817164032234,13.438389630547361,15.194338521035709
959,e,87.48817164032234,87.48817164032234,39.42392818119422,48.937737849054116
960,e,36.926653284705004,40.5761009300332,29.41758559641304,29.665248758481443
961,e,87.48817164032234,87.48817164032234,19.800063559526055,27.785336635742706
962,e,87.48817164032234,87.48817164032234,35.58404766422775,37.69603868975541
963,e,87.48817164032234,87.48817164032234,14.52159797964003,19.486835791489757
964,na,7.613346546925423,14.824258044045418,16.542430521366573,17.365989572509406
965,e,87.48817164032234,87.48817164032234,4.974363573202424,6.046196085282862
966,e,87.48817164032234,87.48817164032234,35.76840900135613,38.260829547235424
967,e,87.48817164032234,87.48817164032234,70.57834221946698,70.57834221946698
968,e,87.48817164032234,87.48817164032234,70.57834221946698,70.57834221946698
969,e,87.48817164032234,87.48817164032234,22.749896691896375,29.78100702911809
970,na,87.48817164032234,87.48817164032234,70.57834221946698,70.57834221946698
971,e,87.48817164032234,87.48817164032234,70.57834221946698,70.57834221946698
972,e,87.48817164032234,87.48817164032234,9.505882628016545,14.502655790889373
973,e,87.48817164032234,87.48817164032234,70.57834221946698,70.57834221946698
974,e,20.278840482997506,87.48817164032234,13.560346744607552,17.257637975766468
975,na,87.48817164032234,87.48817164032234,70.57834221946698,70.57834221946698
976,e,87.48817164032234,87.48817164032234,4.191390199167975,6.2912264643875755
977,na,87.48817164032234,87.48817164032234,70.57834221946698,70.57834221946698
978,e,87.48817164032234,87.48817164032234,70.57834221946698,70.57834221946698
979,na,0.20178328474281781,2.9196737253243983,3.227457866675817,3.612541300583299
980,e,87.48817164032234,87.48817164032234,5.4349381801982135,16.276158351215305
981,e,87.48817164032234,87.48817164032234,70.57834221946698,70.57834221946698
982,e,87.48817164032234,87.48817164032234,70.57834221946698,70.57834221946698
983,na,87.48817164032234,87.48817164032234,51.623836469411806,52.965106991517146
984,e,87.48817164032234,87.48817164032234,70.57834221946698,70.57834221946698
985,e,87.48817164032234,87.48817164032234,5.625556676655173,11.160209296718845
986,na,87.48817164032234,87.48817164032234,70.57834221946698,70.57834221946698
987,e,63.847138866438755,68.14752296454766,18.38622239466192,25.247461099133563
988,e,22.522209454306978,22.567188474653484,10.48014820992067,12.93954069098831
989,na,28.210130584704945,33.858240788120966,10.19436492337655,10.567253156244778
990,e,87.48817164032234,87.48817164032234,26.28517653840834,26.33567131737775
991,e,87.48817164032234,87.48817164032234,32.58875464422406,39.80422411161741
992,e,57.816570200468455,67.57514441540793,9.337000520877973,21.164345218425805
993,e,87.48817164032234,87.48817164032234,70.57834221946698,70.57834221946698
994,e,87.48817164032234,87.48817164032234,70.57834221946698,70.57834221946698
995,e,87.48817164032234,87.48817164032234,70.57834221946698,70.57834221946698
996,e,87.48817164032234,87.48817164032234,16.86336895315827,17.26637134222114
997,e,87.48817164032234,87.48817164032234,8.932332215260761,9.612348664246907
998,na,87.48817164032234,87.48817164032234,8.793847871750756,9.666968373439921
999,na,87.48817164032234,87.48817164032234,10.455750817131726,28.90205061673045
