node, assignment, time2inf_trt, time2death_trt, time2inf_con, time2death_con
0,na,0,1.399684080414412,0,9.048194108907804
1,na,0,8.035585987315725,0,117.59076374302073
2,na,-1,0,-1,0
3,na,0,6.523926494132007,0,8.77204500504366
4,na,109.72680975298492,109.72680975298492,29.790720745020263,49.405434753947056
5,na,22.67907509147113,22.797334778090036,36.69025737742457,63.05455348580064
6,na,19.320328101295495,19.796912474347746,35.973900598523294,36.40307299100805
7,na,34.70055412558793,64.65473783067365,20.131090529713994,31.904153211758462
8,na,23.106539059157054,30.505237459648615,9.155544682983958,15.26072344668505
9,na,109.72680975298492,109.72680975298492,117.59076374302073,117.59076374302073
10,na,36.12136548812186,41.22053420780215,14.974701960835187,18.735297391869295
11,na,27.898416312794026,31.330528456089624,11.936523027986244,16.12765547970819
12,na,16.2414039261797,16.789649865357447,24.552045624810653,117.59076374302073
13,na,109.72680975298492,109.72680975298492,31.938748110957494,36.686149315952335
14,na,26.99140488256794,38.94947679546853,20.954466601804466,21.923050234765444
15,na,23.35724436027435,109.72680975298492,117.59076374302073,117.59076374302073
16,na,35.61486615366853,35.997736939580356,117.59076374302073,117.59076374302073
17,na,4.782301992922976,4.828741271225387,16.48096894506184,25.753448694729478
18,na,109.72680975298492,109.72680975298492,31.40980091937771,117.59076374302073
19,na,50.65888678570027,51.39771035475079,39.6292026803796,51.358349658239725
20,na,109.72680975298492,109.72680975298492,117.59076374302073,117.59076374302073
21,na,34.81187102445481,35.49042103906048,40.11171056564026,56.14337319036676
22,na,4.396024474152287,30.82744867468834,24.646723913863646,25.37006453915617
23,na,109.72680975298492,109.72680975298492,35.7030776642299,117.59076374302073
24,na,16.9893894897118,21.385205337930305,20.06341179828797,26.803286175194568
25,na,23.13683800918761,109.72680975298492,18.8523333373185,25.41603839795914
26,na,109.72680975298492,109.72680975298492,117.59076374302073,117.59076374302073
27,na,33.956855819002925,44.70190461343273,117.59076374302073,117.59076374302073
28,na,48.82785177575918,109.72680975298492,33.01201663460777,38.2994649441511
29,na,20.690849147809136,27.349712313289974,9.441140942703063,17.326303131919094
30,na,109.72680975298492,109.72680975298492,43.604943899269465,117.59076374302073
31,na,37.85442059769851,39.32747996674735,117.59076374302073,117.59076374302073
32,na,109.72680975298492,109.72680975298492,117.59076374302073,117.59076374302073
33,na,109.72680975298492,109.72680975298492,35.24453530211861,43.144141755492335
34,na,73.62376833928522,77.29376929067266,24.50613399791731,33.45490993497144
35,na,22.891686421337482,29.50953585507237,26.70089063350067,60.35794968129244
36,na,38.10999629710975,49.0908332861085,32.396089901559606,117.59076374302073
37,na,109.72680975298492,109.72680975298492,22.064765133894465,28.194402345507296
38,na,20.57105187863463,22.94911450528106,22.402465430115242,34.619904329482
39,na,27.2944327491835,40.45280486136228,14.367653441667,35.826619484848514
40,na,109.72680975298492,109.72680975298492,117.59076374302073,117.59076374302073
41,na,109.72680975298492,109.72680975298492,3.894620470950006,117.59076374302073
42,na,16.99317283202268,109.72680975298492,21.216603742973636,22.682793537038343
43,na,27.123040231437816,72.14691234086415,20.252354335693514,25.07497785529107
44,na,32.85030984507348,58.240187852810514,24.40586767119466,33.965526234473764
45,na,52.93385698389082,68.00768197260278,42.788225342999134,117.59076374302073
46,na,17.881096872821097,24.82958210404298,22.33636074813056,23.716404710939553
47,na,109.72680975298492,109.72680975298492,35.70176883472229,45.66235193767624
48,na,12.362815665884716,24.28417891839326,36.30460680609244,42.51827671336908
49,na,13.743940273029414,16.300759188723998,11.33561716203765,19.470725656267792
50,na,29.89989984342135,36.36911389145938,48.336513504900246,117.59076374302073
51,na,109.72680975298492,109.72680975298492,117.59076374302073,117.59076374302073
52,na,109.72680975298492,109.72680975298492,31.429954799516683,67.43739283603938
53,na,109.72680975298492,109.72680975298492,25.200152755974635,43.472713319853156
54,na,12.610058018704908,45.21410722249563,22.66303448313025,26.842913928093918
55,na,109.72680975298492,109.72680975298492,25.318727692353693,34.77741036138119
56,na,6.742338335651467,14.432762446393168,21.560873286986606,37.891004792641276
57,na,109.72680975298492,109.72680975298492,49.97551164010228,50.166137037470236
58,na,30.809241500665628,109.72680975298492,23.227668177559757,32.47766924002644
59,na,38.171497650753054,38.2623498562875,30.62110071684786,36.582925905163236
60,na,37.57661507372277,109.72680975298492,11.05855698870707,28.873549425953176
61,na,13.136856879539492,30.914934303947277,14.864622453776068,16.357984731401014
62,na,109.72680975298492,109.72680975298492,25.846683422175733,47.59695135406808
63,na,24.131464329709015,71.08479167947847,24.450373982900775,117.59076374302073
64,na,109.72680975298492,109.72680975298492,26.01825580960755,117.59076374302073
65,na,13.016006057553225,38.36516008714428,15.336367809723527,22.667284495386454
66,na,109.72680975298492,109.72680975298492,25.516532326232696,36.80637262016733
67,na,24.584899789975797,26.930150930559083,19.940221770625776,33.85069225790357
68,na,109.72680975298492,109.72680975298492,117.59076374302073,117.59076374302073
69,na,49.91088209021024,54.31877508094309,21.846780856694743,117.59076374302073
70,na,37.27284852032471,50.17564155130187,41.76902206581449,47.3583058990721
71,na,17.8382793484018,35.65924318641258,16.687133754427503,30.86721188484944
72,na,109.72680975298492,109.72680975298492,117.59076374302073,117.59076374302073
73,na,109.72680975298492,109.72680975298492,33.80679924224191,43.68048313923368
74,na,109.72680975298492,109.72680975298492,117.59076374302073,117.59076374302073
75,e,109.72680975298492,109.72680975298492,23.034884232307668,45.4449090547281
76,na,109.72680975298492,109.72680975298492,117.59076374302073,117.59076374302073
77,na,6.984330835078524,49.109519240385026,36.59454203653199,117.59076374302073
78,na,38.90180269752176,39.482561413026275,29.298685872324356,39.1981985435017
79,na,20.805636079907373,109.72680975298492,17.63291790239449,26.702275130648804
80,na,21.007091680318258,30.53338704984782,43.42352453894683,94.87735869112947
81,na,16.748143119533342,17.240091711388736,15.52740411932795,117.59076374302073
82,na,13.426915802910717,32.58501899573986,15.803494535112529,43.48072526753236
83,na,18.762634894640733,109.72680975298492,9.728790381509269,16.403229060456013
84,na,22.795219991019078,109.72680975298492,29.301796335952165,117.59076374302073
85,na,14.155180132883249,18.204420903958198,21.937526989509895,117.59076374302073
86,na,12.07299899664994,17.164079628980986,117.59076374302073,117.59076374302073
87,na,20.850864449699177,109.72680975298492,18.311823393922126,26.008298243747234
88,e,109.72680975298492,109.72680975298492,45.68531423395157,53.77782389498544
89,na,32.72859103205208,34.273302414269175,15.022711022528663,45.076854416777756
90,na,32.712837859620464,34.51393371082618,117.59076374302073,117.59076374302073
91,na,46.8798385843571,51.57883607492192,21.63064063015293,23.49277828397563
92,na,39.15697456830527,44.516762505732544,9.895249167490572,117.59076374302073
93,na,35.79772798658859,36.66112960468646,21.799895830082807,23.67292330714249
94,na,32.98948894648479,34.653992992716766,27.84416690507989,83.73261600683696
95,na,109.72680975298492,109.72680975298492,117.59076374302073,117.59076374302073
96,na,109.72680975298492,109.72680975298492,24.119344489319168,36.15702685604791
97,na,34.726253861859526,109.72680975298492,33.415430599504674,46.505545675393655
98,na,3.5346521896453087,6.29716222903997,43.08261877941535,44.31355876063553
99,na,22.11431308760275,30.753534434154144,25.23531675218585,29.540825440204184
100,na,109.72680975298492,109.72680975298492,117.59076374302073,117.59076374302073
101,na,9.066491296835297,12.408097615211807,19.27589331423308,19.67752098364467
102,na,32.99233035218994,40.65181552480062,20.35844857171856,41.64858629164051
103,na,3.055720431323269,15.102689361542723,4.033795103564258,19.557973111561434
104,na,29.937280148791157,57.35038922538623,39.55420373456469,117.59076374302073
105,na,8.198648735592176,16.471868187930248,43.755225758023805,45.16538101510211
106,na,14.588456589944336,33.37036108032196,18.88554606119291,19.420533231347147
107,na,32.308961498322454,34.26752451019804,17.659622710129643,27.519462672908265
108,e,109.72680975298492,109.72680975298492,28.785622299038,36.68861330923942
109,na,30.984147040590624,44.812459239724376,28.17367135946822,30.099618729892597
110,e,21.79773322358292,33.24935913490999,49.66323516749062,62.137803305174835
111,e,109.72680975298492,109.72680975298492,20.846854125358412,29.3621554886364
112,na,25.759942225023902,33.22599509002864,13.024925803747092,27.33110472725364
113,na,109.72680975298492,109.72680975298492,117.59076374302073,117.59076374302073
114,na,30.379961653628396,68.06358546776886,26.302207104722513,28.650783207924757
115,na,41.30144619891306,43.59153689910062,18.24261532666775,21.95380518132522
116,na,42.4242483913714,46.420558104538685,27.181275894630982,117.59076374302073
117,na,16.13675117089642,22.159507587442814,25.386484185933906,34.491026239312134
118,na,109.72680975298492,109.72680975298492,25.191569539485187,28.117970977469884
119,na,52.46520523346491,109.72680975298492,22.918643198642506,24.356830207391052
120,na,109.72680975298492,109.72680975298492,22.79504366596828,26.13768169099926
121,e,109.72680975298492,109.72680975298492,18.429478322732216,26.887016499264007
122,na,109.72680975298492,109.72680975298492,117.59076374302073,117.59076374302073
123,na,32.58009379590416,33.75005058447404,22.511242266117115,25.911859866947168
124,na,109.72680975298492,109.72680975298492,117.59076374302073,117.59076374302073
125,na,5.2683388313462745,6.655394074794317,17.25298038498923,23.52480301897293
126,na,25.447266082167854,36.12094663329139,11.533193901805339,117.59076374302073
127,na,27.447837948304578,109.72680975298492,13.926863637689992,25.81797854817033
128,na,6.187368370680297,34.46255531415464,8.79411181158748,10.302363802757592
129,na,109.72680975298492,109.72680975298492,36.01279764097283,57.740362020059926
130,na,38.9692855568599,49.51862770671287,28.278544471613714,117.59076374302073
131,na,23.015821391716337,25.864963839570894,117.59076374302073,117.59076374302073
132,na,27.939471736269702,38.130628500467445,24.7250595086677,27.9190548599076
133,na,63.932453350946155,68.8612324434674,39.53882388492925,62.63156406323455
134,na,34.8917835875209,109.72680975298492,19.654201992173235,36.15894728864429
135,na,2.9160572818165513,24.142934562595634,6.118148185994375,6.744185531162134
136,na,109.72680975298492,109.72680975298492,5.7464966299127695,12.448013643148219
137,na,21.6281691990383,24.862777687368606,13.512310219301403,23.199120947707236
138,na,41.25646174734485,43.13490772901246,33.81418223200951,35.383909880358
139,na,35.75942248522819,39.83215600978262,34.26999336403301,74.57163528610461
140,na,109.72680975298492,109.72680975298492,25.40559964251534,31.06250287316623
141,na,17.938023534533915,21.87137692616769,36.99509661622346,58.53523225458672
142,na,38.38805247892283,44.481811673834216,39.76353651166957,42.319932982165035
143,na,109.72680975298492,109.72680975298492,28.10475168355832,29.80480974809348
144,na,2.5549121147331224,109.72680975298492,20.612155004821062,20.90898241757824
145,na,109.72680975298492,109.72680975298492,29.25586944334236,117.59076374302073
146,e,109.72680975298492,109.72680975298492,22.244860695282103,41.43891169966553
147,na,38.642531545874725,46.926128284551844,26.867757791772917,27.74399164968698
148,na,40.12401972519416,71.07634605557728,18.479505288507635,21.321554241912846
149,na,23.2266709579376,27.90244487228529,19.277232949788697,74.83733607135038
150,na,42.53175316805281,55.129117520082524,11.034929909021098,11.88414950435289
151,na,51.204544011450984,52.15662512673384,19.402135969650903,21.01378370709595
152,na,19.466237841449182,20.818907853650906,117.59076374302073,117.59076374302073
153,na,36.429746858292376,37.85931991294674,11.698056733098028,36.982553923262614
154,na,109.72680975298492,109.72680975298492,78.64150498141257,94.89171349594629
155,na,25.798137226655783,30.22047614252895,15.562638149738998,16.70709958113611
156,na,26.965877808959664,36.9800623245365,11.4777794519283,117.59076374302073
157,e,109.72680975298492,109.72680975298492,13.025792911228606,29.93069486478318
158,na,20.394157261166107,25.794009606176232,15.250188487016793,117.59076374302073
159,na,109.72680975298492,109.72680975298492,40.886254642847874,50.24709594182241
160,na,22.241257748839544,24.250148279221534,46.276233341456255,47.83073159199341
161,na,20.90208098394122,38.816981124039565,11.813315391413282,20.346365538564157
162,na,15.553767396727267,37.16900733565265,36.43915328855683,49.561628603892196
163,na,19.04012225083011,27.135694617820096,26.887908212479193,34.41729109792289
164,na,44.071134086093615,49.0586641204937,28.13161994353294,33.08065928632576
165,na,6.975191734868218,8.254185029342013,38.60629494727344,44.15440585901505
166,na,109.72680975298492,109.72680975298492,117.59076374302073,117.59076374302073
167,na,27.328421888483994,34.29559610349817,12.766339373739534,13.073786492105102
168,na,24.39752327359312,49.77579321824058,22.001411332411298,29.94511332060459
169,na,109.72680975298492,109.72680975298492,23.46882671005209,52.33503958754684
170,na,43.50436740966746,44.96917273511719,21.82349670107587,117.59076374302073
171,na,109.72680975298492,109.72680975298492,19.92271670800911,117.59076374302073
172,na,18.674723613981108,20.278207908791828,14.78432923418298,15.676908975181252
173,e,109.72680975298492,109.72680975298492,22.593818221376786,36.39037826319082
174,na,23.825127275940368,37.946807090616105,20.635138240549825,28.104893832679004
175,na,31.476481326208216,36.984409560785856,13.835307206133157,21.387101689272505
176,na,109.72680975298492,109.72680975298492,11.06291915462499,16.809840132823517
177,na,39.1748066796601,40.74479261829008,41.401852679460106,51.27808816130236
178,e,109.72680975298492,109.72680975298492,18.732438235545587,23.001200616568763
179,na,109.72680975298492,109.72680975298492,38.2085708830774,43.94549937506777
180,na,45.950590592144685,47.82897304216753,23.64362037353142,27.377468995896855
181,na,21.302203778170206,57.47258236597324,25.224929609856424,35.256581836258945
182,na,109.72680975298492,109.72680975298492,15.197394282422277,16.19037402455446
183,e,109.72680975298492,109.72680975298492,17.0127667207842,117.59076374302073
184,na,37.465595894189114,49.53572203852197,21.316761440520526,117.59076374302073
185,na,43.20600926120949,45.81447973617438,40.53569610508463,60.100616254958624
186,na,19.365418010774164,22.260296873883334,21.951087921640163,22.717222203684898
187,na,35.03890609742123,38.14178198394578,19.529102115115197,50.76486032223679
188,na,109.72680975298492,109.72680975298492,117.59076374302073,117.59076374302073
189,na,24.149014481101275,28.738772758958877,36.59103668428991,58.24657735542575
190,na,12.076359698033958,16.669517313147125,22.927308325536593,43.67763355811663
191,na,7.161292379563124,109.72680975298492,24.24390529036216,57.967203882648256
192,na,31.645174049610482,37.164167147128516,16.82682837372004,30.763669178992952
193,na,18.827803841246556,33.59805674610848,10.755730111811241,24.951895846165176
194,na,109.72680975298492,109.72680975298492,36.63932096384854,41.643006359181705
195,na,109.72680975298492,109.72680975298492,117.59076374302073,117.59076374302073
196,na,47.00631463410865,109.72680975298492,20.087191007309766,21.640299857239242
197,na,26.333996640522823,33.596380025641864,22.389385620745397,24.02372386384558
198,na,109.72680975298492,109.72680975298492,21.8409220086897,66.70668506917907
199,na,21.87879385994685,28.868856908280705,47.63584298557669,57.646067857360094
200,na,40.83114411142599,46.176421520002386,77.68774275619164,78.805272086517
201,na,109.72680975298492,109.72680975298492,24.7176554803949,117.59076374302073
202,e,109.72680975298492,109.72680975298492,38.796668741634214,39.26996245179891
203,na,55.632229522952805,57.84260423211212,20.54550971993304,24.622245941690437
204,na,48.467396757127446,56.115883291992915,13.850351835948668,117.59076374302073
205,na,109.72680975298492,109.72680975298492,31.812384836980918,48.2635674573529
206,na,109.72680975298492,109.72680975298492,11.990027718703413,117.59076374302073
207,na,29.417403736313315,45.3237365089071,117.59076374302073,117.59076374302073
208,na,53.61177043442941,82.55148891235206,27.528672971812625,27.972637513810103
209,na,27.76668102701177,43.150734576062,20.167992026173053,20.3231984757546
210,na,21.452134414524966,28.115846992243526,14.238590877351955,18.541565807829826
211,na,109.72680975298492,109.72680975298492,31.454986742267426,117.59076374302073
212,na,109.72680975298492,109.72680975298492,22.980509034534375,30.068596954832078
213,na,109.72680975298492,109.72680975298492,18.2945087725572,20.678889047749628
214,na,25.399851684390374,109.72680975298492,18.855992796276063,65.0684329476298
215,na,19.3391586371681,28.278333749191532,31.709312155503373,64.40991618599197
216,na,26.666324022132365,33.740835953508444,13.588511904460395,17.940737829771166
217,na,109.72680975298492,109.72680975298492,26.009270288769635,117.59076374302073
218,na,33.98618793714002,45.0196003196541,24.602299282885905,30.686483470435704
219,na,109.72680975298492,109.72680975298492,117.59076374302073,117.59076374302073
220,na,109.72680975298492,109.72680975298492,25.983364324225796,32.28791656415903
221,na,9.069940716155823,11.157227046161653,11.2387641800489,21.857921227007555
222,na,109.72680975298492,109.72680975298492,24.187371994442724,55.28658912066184
223,na,47.889219216913894,64.39073850412409,117.59076374302073,117.59076374302073
224,na,18.997758766720104,37.951290589426044,40.844938922332425,58.83071462765708
225,na,30.076570897306063,42.938975625770176,16.75626785752893,38.01680254716112
226,na,109.72680975298492,109.72680975298492,117.59076374302073,117.59076374302073
227,na,109.72680975298492,109.72680975298492,36.41019749119297,117.59076374302073
228,na,17.21490801234087,21.38902078634341,19.135614709037668,20.069394703492684
229,na,109.72680975298492,109.72680975298492,19.16602801366457,20.84569500654779
230,na,30.033298061093873,34.554586353789446,18.892760051599176,26.84305930207042
231,na,23.23622437171175,39.02716955593976,19.187817529872504,27.560264987001116
232,na,35.73977158353717,49.13028777331243,30.334045972668896,43.24550206845503
233,na,51.356209499599274,72.49856363352967,16.902928057314444,26.62299848927968
234,e,109.72680975298492,109.72680975298492,17.942127449496525,20.3686672608128
235,na,109.72680975298492,109.72680975298492,17.77891682847744,25.96100572237465
236,na,109.72680975298492,109.72680975298492,15.236959274975098,31.71526649345658
237,na,109.72680975298492,109.72680975298492,117.59076374302073,117.59076374302073
238,na,13.835755223576188,28.377493048347876,13.86263702266269,25.41327726011075
239,na,16.636987988387915,19.670333125872176,30.486043604350552,69.44261271788591
240,e,109.72680975298492,109.72680975298492,22.17198393720917,44.58289627588148
241,na,109.72680975298492,109.72680975298492,25.317652686233238,117.59076374302073
242,na,109.72680975298492,109.72680975298492,33.055434642184466,117.59076374302073
243,na,14.971278551603879,109.72680975298492,11.458990822375494,12.564149792070106
244,na,19.558623193784904,40.2793115078363,10.141922067854297,10.247998526027116
245,na,109.72680975298492,109.72680975298492,23.15811203416897,25.409478806137116
246,e,109.72680975298492,109.72680975298492,28.451820673456165,117.59076374302073
247,na,109.72680975298492,109.72680975298492,117.59076374302073,117.59076374302073
248,na,29.103268564321073,35.87934103259354,31.131481942907996,43.755527253266045
249,na,39.59698414731964,46.7951636144785,26.1759490370293,37.44122370822049
250,na,6.969939063266129,25.091922393737118,1.1706991283577934,7.185817278644473
251,na,109.72680975298492,109.72680975298492,28.809761024881244,36.60946772751761
252,na,109.72680975298492,109.72680975298492,117.59076374302073,117.59076374302073
253,na,109.72680975298492,109.72680975298492,117.59076374302073,117.59076374302073
254,na,26.897557635472488,44.35580656327806,19.91160163800869,19.925330923931426
255,na,109.72680975298492,109.72680975298492,36.059741694707874,58.684949538796694
256,na,53.270312671292125,92.31582710370753,44.756538448026866,47.093210079723356
257,na,109.72680975298492,109.72680975298492,6.422864154971187,17.581430448118333
258,na,109.72680975298492,109.72680975298492,38.45209114695748,40.47100553089172
259,na,23.256224663640676,39.32034293203465,32.09962672844903,117.59076374302073
260,na,13.75584838941306,37.40305463214193,20.10700311110326,29.505770482829334
261,na,109.72680975298492,109.72680975298492,14.599518636616299,23.685226294281865
262,na,31.544734142406547,31.617428323890582,20.04133431002426,21.543365562843054
263,na,4.4411442204091,10.588631066758078,2.6581055661720505,3.821020093276062
264,na,109.72680975298492,109.72680975298492,117.59076374302073,117.59076374302073
265,na,109.72680975298492,109.72680975298492,117.59076374302073,117.59076374302073
266,na,33.758198627129644,45.4620402758108,21.70369284110486,117.59076374302073
267,na,22.157809965781357,109.72680975298492,31.185915162197478,41.211917666118275
268,e,109.72680975298492,109.72680975298492,23.82613990735082,55.61505063518387
269,na,36.11293123058255,47.898164373777895,27.17971208485745,117.59076374302073
270,na,109.72680975298492,109.72680975298492,6.740378504398474,117.59076374302073
271,na,109.72680975298492,109.72680975298492,117.59076374302073,117.59076374302073
272,na,26.236315669557104,35.209708568798746,26.422241250827412,49.21357170793246
273,e,109.72680975298492,109.72680975298492,27.776219010845047,33.265671139419545
274,na,109.72680975298492,109.72680975298492,31.330369408855628,43.9304714212435
275,na,22.34160265758056,45.21924381797748,10.819792332755386,13.72437771637138
276,na,30.08177983404996,59.53521843746947,27.5673002375365,31.717993267532286
277,e,109.72680975298492,109.72680975298492,117.59076374302073,117.59076374302073
278,na,21.49882434940584,62.993674694509,19.38044205442392,19.412324316968157
279,na,39.77523470708595,55.82709347846966,24.450268587051387,33.47521542724436
280,na,41.30025503559251,49.251162852741686,33.739284633997435,117.59076374302073
281,na,109.72680975298492,109.72680975298492,117.59076374302073,117.59076374302073
282,na,23.966765356464876,39.0508341486103,26.624668137933984,34.58978907357736
283,na,109.72680975298492,109.72680975298492,29.326972134499638,31.560473762256642
284,na,28.072293544199557,38.34493476684454,14.078389060177539,30.013617261361897
285,na,109.72680975298492,109.72680975298492,33.9041060043083,36.75410688455692
286,na,109.72680975298492,109.72680975298492,19.339252631653856,117.59076374302073
287,na,10.049568074976156,10.751142437781565,28.36671481704174,29.56173533624706
288,na,35.10154207639257,47.10412354146653,39.746456009811816,41.49444799506386
289,na,13.64453846520749,15.406916739990386,12.512294962361874,21.57648361799828
290,na,109.72680975298492,109.72680975298492,37.14268561737004,41.79668890960354
291,na,22.74081602940074,109.72680975298492,7.465931816647637,17.260268121741372
292,na,28.87475891845763,44.59317906039236,12.547593705905056,117.59076374302073
293,na,57.362725569931925,78.27618782803013,28.594744450356448,31.612559767693792
294,na,3.566781789173942,19.824005736922643,2.035776816167666,10.532150570903628
295,na,18.14381852936388,24.417831027093687,19.305031971501617,45.828489385893725
296,na,109.72680975298492,109.72680975298492,27.695022860521355,37.261240646163
297,na,109.72680975298492,109.72680975298492,25.200777645541578,28.450393568180303
298,na,23.04237062669084,23.16821439193686,29.80652578456991,117.59076374302073
299,na,26.915913617398274,39.76566517413389,117.59076374302073,117.59076374302073
300,na,36.748091744774264,43.465466529402086,11.13615441027029,23.863053018050017
301,na,34.17989710917922,48.00972088635328,19.738046550614758,23.755211384959882
302,na,37.02370724034855,56.22512468662814,26.33841013698899,117.59076374302073
303,na,18.25427814858934,31.216506277785726,34.01710467486952,64.09321782396886
304,na,12.457825055454917,14.174226038350666,19.206636549646046,21.64512583948052
305,na,26.545431748152847,36.47994886714906,15.500485251816393,18.088004306498846
306,na,14.130908906991467,17.40751910739433,17.34686351046811,23.8058101138045
307,na,12.99599025239265,14.58627838627617,36.13822537700256,37.30292171483831
308,na,14.901923316869565,38.07492110364661,10.872330700212594,27.872579921076678
309,na,22.50581468225102,42.964832900507254,27.988008958902203,37.71092470264485
310,na,14.47554850381956,37.92521414977207,7.205362389538765,20.35929872585714
311,na,10.494381536084797,16.605658298140977,117.59076374302073,117.59076374302073
312,na,36.887786244783754,70.90500870003254,29.775919075737857,117.59076374302073
313,na,23.86688485535545,24.720716550659382,117.59076374302073,117.59076374302073
314,na,109.72680975298492,109.72680975298492,117.59076374302073,117.59076374302073
315,na,18.3919040583304,19.1743594190472,28.456517255696316,45.487832301932706
316,na,44.14974270540238,109.72680975298492,31.54289504813845,117.59076374302073
317,na,21.42434367272974,24.934018914533578,19.541755984090972,31.789598251301598
318,na,109.72680975298492,109.72680975298492,117.59076374302073,117.59076374302073
319,na,25.49968378949888,33.024385390374405,117.59076374302073,117.59076374302073
320,na,22.48365230603331,30.01379749290585,19.835268305923403,26.042204092531787
321,na,53.96547300403402,59.67019178333669,21.93301083570427,46.525860525485605
322,na,109.72680975298492,109.72680975298492,27.570243821809598,31.347231599418734
323,na,27.217345533016584,44.50923668921559,117.59076374302073,117.59076374302073
324,na,23.020564894225622,27.142972826656607,9.722973933645058,26.739514358526485
325,na,48.29495142452363,49.99137352216242,117.59076374302073,117.59076374302073
326,na,1.748600303048008,3.420020524758648,1.8860581484500534,25.209517795355456
327,na,24.97850955032702,109.72680975298492,13.187306587435392,22.115525248734667
328,na,109.72680975298492,109.72680975298492,117.59076374302073,117.59076374302073
329,na,23.59854349883988,109.72680975298492,27.949588765800264,117.59076374302073
330,e,109.72680975298492,109.72680975298492,30.780856467989555,31.380675099028572
331,na,40.91923993227254,56.739071357901345,19.142088179791802,23.0244353876123
332,na,39.35950003923174,48.20719631691462,15.236010284807325,20.241554085952547
333,na,-1,0,-1,0
334,na,109.72680975298492,109.72680975298492,15.606948980150385,16.094027106515192
335,na,30.251498346850944,31.558644446710925,12.985774302193613,27.668359698057095
336,na,27.29425676721838,30.667029576272466,35.30241696567935,117.59076374302073
337,e,109.72680975298492,109.72680975298492,41.25172347162772,53.18809639249815
338,na,25.72034659514431,31.301661320635645,18.36957053560914,117.59076374302073
339,na,26.860589667579518,109.72680975298492,18.44370791690383,19.554143373332245
340,na,23.933164618465916,28.348172595016536,29.44081349379339,117.59076374302073
341,na,41.93118565063771,58.08812908739363,26.990725907576355,28.901454188634997
342,na,34.30900255403122,39.32399562204974,20.66022214811839,27.229237041013217
343,na,8.709228873421257,32.51516994276771,16.229783362003385,43.17625046240864
344,na,109.72680975298492,109.72680975298492,117.59076374302073,117.59076374302073
345,na,34.86059713889687,38.85714346877998,25.270122797547863,29.1521154419094
346,na,109.72680975298492,109.72680975298492,45.6092179574817,53.85810500846245
347,na,22.068590598206317,29.560678899208792,13.233646696299962,24.055640415326483
348,na,109.72680975298492,109.72680975298492,117.59076374302073,117.59076374302073
349,na,24.011731959786612,25.661147347997115,30.97321045549112,33.440034657893385
350,na,33.302609670536796,33.48094116326398,24.92418885166528,35.052009910608454
351,na,18.956673315266386,109.72680975298492,91.15050671537631,117.59076374302073
352,e,19.859254310194753,109.72680975298492,29.22018661156448,34.09851893702737
353,na,23.786123430640963,39.92031154488464,24.650665836632406,117.59076374302073
354,na,28.43174944766664,32.08538724839122,6.952338505233825,117.59076374302073
355,e,109.72680975298492,109.72680975298492,49.89610843076861,51.06279634169041
356,na,109.72680975298492,109.72680975298492,15.278551128542006,22.99289116663374
357,na,109.72680975298492,109.72680975298492,41.55348270918902,46.73954086165342
358,na,109.72680975298492,109.72680975298492,33.364691748777226,40.0976942575109
359,na,31.12403320341839,39.93541951128414,21.70818241134902,36.30783990253382
360,na,58.040263946835076,64.01061429349815,42.091001474147305,44.08172518531827
361,na,109.72680975298492,109.72680975298492,15.517001536981331,117.59076374302073
362,na,16.756743831535164,109.72680975298492,26.713484226137076,31.262857837438617
363,na,36.97227052550627,45.52037522384277,36.80714198782501,117.59076374302073
364,na,109.72680975298492,109.72680975298492,117.59076374302073,117.59076374302073
365,na,19.168794282597798,20.313725738700832,12.731142860443898,117.59076374302073
366,na,23.55048963891611,36.779952509460486,23.617562250268307,117.59076374302073
367,na,15.478051492292016,22.326356935547743,21.004931515111434,22.95329871743388
368,na,42.05094457351974,73.76890074080895,24.949085186717046,31.44930215979791
369,na,109.72680975298492,109.72680975298492,21.278497431963565,38.17427407749027
370,na,30.7900386235385,40.24402233220702,117.59076374302073,117.59076374302073
371,na,109.72680975298492,109.72680975298492,6.125159257734435,9.137862385982048
372,na,46.26733739602374,52.97589820636528,26.163486306303614,26.437398258697524
373,na,38.63414063977207,44.79634231695818,13.045452024494585,117.59076374302073
374,na,109.72680975298492,109.72680975298492,38.43224027341534,46.94415045079521
375,na,109.72680975298492,109.72680975298492,22.334005373527795,33.64414942162167
376,e,109.72680975298492,109.72680975298492,25.226302502412757,35.2727607719222
377,na,15.17918784127581,41.34622707066156,52.196537817299266,89.80380808743472
378,na,0.3407216622021857,2.114630107181686,12.306337067177022,23.949581121737374
379,na,66.37113160639885,67.77161195235799,23.67635906232901,117.59076374302073
380,e,109.72680975298492,109.72680975298492,24.40427578858509,80.54384176903434
381,na,52.08003806552089,54.915233710678244,27.1490791931391,36.80057520901447
382,e,109.72680975298492,109.72680975298492,27.94887035270699,39.57235960042821
383,na,33.67203386729874,44.45249261429812,16.024501927333183,18.263450610136523
384,na,26.29850362674941,45.42100044891583,19.39425430387809,39.5853593141539
385,na,18.49598287438068,21.34100592076048,23.104115280757743,24.101711625758142
386,e,109.72680975298492,109.72680975298492,29.53742924366806,117.59076374302073
387,na,8.788645922595894,9.13166510959388,117.59076374302073,117.59076374302073
388,na,40.900702349645925,49.07841381466595,37.24446667859713,61.56330863290067
389,na,109.72680975298492,109.72680975298492,30.703516014784544,48.19955213480171
390,na,39.52309131575073,47.93673895246334,18.98745502879656,24.189248890976558
391,na,25.429352831154514,109.72680975298492,19.641555146323864,117.59076374302073
392,na,21.721393208441768,45.87543111131934,18.57736799044098,21.427994699821383
393,na,109.72680975298492,109.72680975298492,29.274025278628105,32.36994334997969
394,na,55.39839868924407,58.37119751675948,24.453303920090708,47.246553788631
395,na,36.67130125020038,37.1914336553892,24.26478875125815,117.59076374302073
396,e,109.72680975298492,109.72680975298492,12.147189257116286,33.450152320666206
397,na,27.6034769077611,34.02441496130008,14.263678058488354,16.041846980963054
398,e,109.72680975298492,109.72680975298492,15.325313042295559,35.815855394874475
399,na,109.72680975298492,109.72680975298492,117.59076374302073,117.59076374302073
400,na,14.344274736703863,15.17873208318528,12.254928545357384,13.991101210544924
401,na,50.43922678935382,109.72680975298492,27.680235860907167,32.48653568811145
402,na,20.232307816315604,33.545468896695745,27.3896291388207,28.697538305739922
403,na,38.233137943618196,43.18430031855269,12.221055310547618,14.258393965124318
404,na,19.30586867387577,32.56265646782929,16.42433309171088,17.066632844426525
405,na,25.42331590692084,44.84178280308683,22.1405018730906,27.272764999449038
406,na,46.75879802265955,62.13126308800048,117.59076374302073,117.59076374302073
407,na,34.47649529824642,44.520367258764914,21.523339416181265,26.57174061106382
408,na,48.40760507028575,109.72680975298492,117.59076374302073,117.59076374302073
409,na,16.969027865653327,88.00304099052174,22.98109289698592,42.328165772384295
410,na,22.083951267826386,23.337506901615598,18.067959212999476,20.28874183456881
411,e,109.72680975298492,109.72680975298492,21.09398335557233,117.59076374302073
412,na,39.43030252422715,62.37804137094041,24.4310793473493,28.195888225986252
413,na,39.48273973660304,44.18851185682851,117.59076374302073,117.59076374302073
414,na,16.87126892153312,32.80611285271802,12.603842294211358,17.916413728606084
415,na,15.602995958466302,22.784699109345695,19.158254196752583,22.29542761162588
416,na,18.115268197862935,19.52555561378856,8.368411765393704,16.71723850192307
417,e,109.72680975298492,109.72680975298492,22.168498512897735,117.59076374302073
418,na,25.736199535939047,109.72680975298492,22.644169618198053,40.335043785852406
419,na,31.91492264748805,39.022995935788835,10.538041562181645,32.42574046424769
420,na,9.281864979723709,21.250492778693577,23.096748699105056,24.34146548013024
421,na,109.72680975298492,109.72680975298492,15.950415079476159,28.42339038996723
422,na,15.012591863518903,15.871195305561617,14.073056537962048,17.576629565472683
423,na,10.203851334621215,17.03630298819934,26.322314819914304,43.658674117441805
424,na,109.72680975298492,109.72680975298492,117.59076374302073,117.59076374302073
425,na,109.72680975298492,109.72680975298492,35.89808579696989,39.061499076717446
426,na,12.21829885996541,12.635941278165161,19.697912127305305,27.12096215741223
427,na,20.687235139939062,20.846041223109342,20.389501004459355,117.59076374302073
428,na,18.12297936650318,20.895828244786482,9.090730098280053,9.665747348205555
429,na,109.72680975298492,109.72680975298492,117.59076374302073,117.59076374302073
430,na,20.222261454417342,27.93480333435487,16.20303244276377,37.816576005467304
431,na,36.671286178262,60.71387974945797,22.033961671805656,38.393657225809314
432,na,64.40799174536359,109.72680975298492,22.272114728350715,35.63549325540567
433,e,109.72680975298492,109.72680975298492,5.87836159381996,6.425814153946498
434,na,31.281747083851762,34.960229900081075,117.59076374302073,117.59076374302073
435,na,109.72680975298492,109.72680975298492,117.59076374302073,117.59076374302073
436,na,109.72680975298492,109.72680975298492,117.59076374302073,117.59076374302073
437,na,3.2785992614668675,17.23419654506505,2.8599726434850408,8.482064025944341
438,na,109.72680975298492,109.72680975298492,29.107398763584843,42.14542178012784
439,na,22.18301485801745,33.952033189923895,24.188228196885053,28.750516128560896
440,na,0,1.5287215221294541,0,4.413450336750799
441,na,29.742234116719107,48.47236832183212,20.31606467966643,36.15067312700928
442,na,30.744893305406066,34.59918619174374,17.019747657490786,117.59076374302073
443,na,53.68815180981176,54.20851940105956,45.74438604564406,52.688172599758396
444,e,109.72680975298492,109.72680975298492,12.695204334612528,21.051214023431555
445,na,109.72680975298492,109.72680975298492,117.59076374302073,117.59076374302073
446,na,27.178747098814082,40.182844229258556,22.439114604288037,59.10244637344016
447,na,21.490687994739673,109.72680975298492,19.333764996691666,29.163116045098185
448,na,109.72680975298492,109.72680975298492,24.359369727866476,53.02684033463549
449,e,109.72680975298492,109.72680975298492,20.260635330270137,32.66454098827298
450,na,49.29777680322704,67.42140171455904,117.59076374302073,117.59076374302073
451,na,109.72680975298492,109.72680975298492,31.901127269574634,117.59076374302073
452,na,24.37494185217902,26.29761583959832,7.792871001591939,117.59076374302073
453,e,109.72680975298492,109.72680975298492,117.59076374302073,117.59076374302073
454,na,48.362414875088085,51.32637686220478,21.360915699710898,25.13997344413202
455,na,13.242900150249419,29.192051575097093,17.452584260744036,59.08223279449928
456,na,72.67717474088234,109.72680975298492,11.634095663704084,15.124476723365866
457,na,109.72680975298492,109.72680975298492,47.22993357941465,65.37903994789778
458,na,25.070525905755275,36.18163937999743,12.886511060711141,22.233741959809375
459,e,109.72680975298492,109.72680975298492,28.01498309109166,94.95592801777725
460,na,109.72680975298492,109.72680975298492,31.349786218019712,34.75520461757638
461,na,109.72680975298492,109.72680975298492,117.59076374302073,117.59076374302073
462,na,21.519036362194047,23.02554822309304,14.565645730424897,117.59076374302073
463,na,31.402958595738518,33.759069835174124,15.875745814597163,38.22507949045372
464,na,27.080360163789095,33.616416612892465,29.026225271969963,43.543322324370344
465,na,109.72680975298492,109.72680975298492,35.93689686001281,43.94779151009437
466,na,27.09796010138746,51.60589526864956,24.37927114329547,29.348217678706202
467,na,44.18404176034601,58.9440922365395,20.814546445774937,117.59076374302073
468,e,109.72680975298492,109.72680975298492,29.639510457807056,36.06920335041544
469,na,40.019449420119635,40.14145898542475,35.76635624629943,49.86659673297057
470,na,41.988659445148116,82.93157514861421,23.351282151611386,25.234387710551086
471,na,109.72680975298492,109.72680975298492,29.197924707913376,57.83838134801434
472,na,27.72343424261567,37.245945547942384,48.48176640594144,55.754675121680364
473,na,28.576645901837384,28.937126887861766,24.041443027261987,117.59076374302073
474,na,32.22027611402003,33.57642569098386,18.494340531370767,26.792297180570195
475,na,19.293164051313205,23.50269596019714,27.713397562009096,35.43854406960082
476,na,95.74815043137234,99.40201589926285,117.59076374302073,117.59076374302073
477,na,33.51234539192724,61.49153186893144,23.737880790775943,26.315971337785356
478,na,48.64251002481491,54.10239405724954,10.072318333265219,26.399594736389638
479,na,109.72680975298492,109.72680975298492,22.29277235152975,26.251199295942296
480,na,109.72680975298492,109.72680975298492,20.851964202118946,117.59076374302073
481,na,9.943588736591908,18.160658232158152,117.59076374302073,117.59076374302073
482,na,109.72680975298492,109.72680975298492,30.238043045297555,117.59076374302073
483,na,109.72680975298492,109.72680975298492,117.59076374302073,117.59076374302073
484,na,35.13994495661565,35.72806238602703,24.574151598823555,31.23000722288795
485,na,21.6977064011495,27.116150532435235,19.89353154532471,27.724862146206842
486,na,109.72680975298492,109.72680975298492,33.52382768223786,117.59076374302073
487,na,25.395322185896262,35.22844995113467,9.39598443298118,117.59076374302073
488,e,109.72680975298492,109.72680975298492,12.729263322505153,41.76753461430071
489,na,40.17828710128536,58.352641484244224,24.407545186935756,46.70908059220344
490,na,109.72680975298492,109.72680975298492,10.813543551952726,18.136822569780403
491,na,15.644943374983454,20.800063373594693,24.70394343591673,25.084261713702496
492,na,109.72680975298492,109.72680975298492,117.59076374302073,117.59076374302073
493,e,109.72680975298492,109.72680975298492,13.732925387041883,25.98614054412294
494,na,109.72680975298492,109.72680975298492,117.59076374302073,117.59076374302073
495,e,109.72680975298492,109.72680975298492,15.432756045204323,27.160535021149762
496,na,35.542357623323035,36.262157373442975,117.59076374302073,117.59076374302073
497,na,8.868239013046587,109.72680975298492,30.685147856697373,38.221322956232925
498,na,25.59208178468656,42.443343777414945,17.626614712108076,18.59876051594606
499,na,7.643135301468503,13.124665307918931,18.203056596233054,23.355638939013712
500,na,34.74317941732037,51.63765445872379,34.19201307445482,56.57368905663591
501,na,30.692007821395393,31.131998828331962,19.43617906552122,22.287391780849415
502,na,25.594221960699205,109.72680975298492,117.59076374302073,117.59076374302073
503,e,109.72680975298492,109.72680975298492,117.59076374302073,117.59076374302073
504,na,34.786900811641054,36.68935445837715,22.64810255616552,26.657874747701207
505,na,109.72680975298492,109.72680975298492,117.59076374302073,117.59076374302073
506,na,25.400412689575386,26.76198797842582,40.63207374794671,55.95086789683256
507,na,43.469508717145146,50.57820481727292,32.65146332350546,34.680030540839354
508,na,37.46734935323255,39.68625672235276,20.486322800838757,117.59076374302073
509,na,16.808298017042624,109.72680975298492,18.551684415883816,18.617312220852206
510,e,109.72680975298492,109.72680975298492,61.4687252270281,117.59076374302073
511,na,41.84680799289424,49.87806282765571,39.65263196472108,48.31361592974766
512,na,25.662186784096615,29.02467820401732,50.80901997133394,51.871748308745836
513,na,109.72680975298492,109.72680975298492,56.17642229986749,61.25932700801826
514,e,109.72680975298492,109.72680975298492,10.31394984104547,15.52452808184381
515,na,12.27740145710191,12.717833195918706,20.973459088327676,50.28933308952193
516,na,109.72680975298492,109.72680975298492,117.59076374302073,117.59076374302073
517,na,109.72680975298492,109.72680975298492,39.196602788249635,61.60060356558182
518,na,17.29677454914735,18.797101078590273,34.473434434962606,35.00251998809507
519,na,109.72680975298492,109.72680975298492,31.02805005777546,31.092189261344707
520,na,109.72680975298492,109.72680975298492,117.59076374302073,117.59076374302073
521,na,31.120264076919362,51.45175349771304,19.342624101674982,34.401271860573424
522,na,109.72680975298492,109.72680975298492,25.86481793488617,75.6897785871928
523,na,109.72680975298492,109.72680975298492,117.59076374302073,117.59076374302073
524,na,32.06604106540778,44.02838826164416,16.83347258568407,22.654473128545305
525,na,109.72680975298492,109.72680975298492,117.59076374302073,117.59076374302073
526,na,109.72680975298492,109.72680975298492,19.959475854075237,36.46639726153773
527,na,15.953744305753446,16.305290308595822,33.407528705383235,117.59076374302073
528,e,109.72680975298492,109.72680975298492,37.63896966208716,49.45706966683386
529,na,8.565872290333067,13.169178923663344,117.59076374302073,117.59076374302073
530,na,109.72680975298492,109.72680975298492,117.59076374302073,117.59076374302073
531,na,17.10174904324613,27.578819268474994,24.513391078838914,38.20138473060079
532,na,109.72680975298492,109.72680975298492,117.59076374302073,117.59076374302073
533,na,27.126600102977154,42.05597114236592,22.85203696545596,40.523968236605505
534,na,32.805775791961025,48.6604121129222,22.086529859198084,23.806365148112388
535,na,21.97874177749582,46.37828922321874,55.47781987677887,58.53201913046679
536,e,109.72680975298492,109.72680975298492,117.59076374302073,117.59076374302073
537,na,109.72680975298492,109.72680975298492,33.11657501275392,40.6971381489435
538,na,38.86684637827019,109.72680975298492,19.07841419294161,39.441117932709425
539,na,33.696219443599,41.027962616311186,8.240150112435773,11.943374913272747
540,na,24.79041578763385,28.528140327213727,117.59076374302073,117.59076374302073
541,na,28.774794748154044,40.48120983412395,31.307092280730647,117.59076374302073
542,na,32.46911170330081,60.304353339264075,39.009870888027294,45.15734503882118
543,na,28.48988300479611,109.72680975298492,22.630457943479325,47.70047954981549
544,na,13.251064244314092,15.930053697841327,9.818640629304719,117.59076374302073
545,na,11.356058412097813,11.536744732381676,17.01383020780417,26.680582381579665
546,na,9.872497106685243,17.10684333628158,28.483047326414283,39.1984709868856
547,na,109.72680975298492,109.72680975298492,117.59076374302073,117.59076374302073
548,na,109.72680975298492,109.72680975298492,16.922194108191,28.49240323748521
549,na,109.72680975298492,109.72680975298492,117.59076374302073,117.59076374302073
550,e,21.07908378279733,109.72680975298492,7.834941588137782,15.498880940568727
551,na,11.134610878746033,13.728036772540527,10.17351475753837,24.04635833755584
552,e,109.72680975298492,109.72680975298492,10.796343455348767,117.59076374302073
553,na,109.72680975298492,109.72680975298492,22.15541214705592,37.6213825872015
554,e,109.72680975298492,109.72680975298492,33.72626434195126,42.72909033332282
555,na,35.08927064685716,40.80813651192196,7.078324632598562,7.603531987046781
556,na,36.5911870451292,55.72021233086585,117.59076374302073,117.59076374302073
557,na,12.203064023260556,15.01548371355388,55.742893118808794,67.25844121242159
558,na,30.250247967007205,31.13741797527597,15.801202291722497,52.73668871594596
559,na,35.236851420407135,43.33404813975753,26.56963936956627,117.59076374302073
560,na,60.4409030685594,62.346534955260246,20.587212400738863,26.20886937618345
561,na,20.14881529947058,28.345129332732125,18.066517917445037,117.59076374302073
562,na,10.097033283221268,35.54847001252548,4.075705089131527,6.543269987926444
563,e,109.72680975298492,109.72680975298492,117.59076374302073,117.59076374302073
564,na,109.72680975298492,109.72680975298492,11.053755624662946,14.009125387353945
565,na,41.60058254581035,109.72680975298492,27.768137070191976,117.59076374302073
566,na,28.87581089212483,109.72680975298492,117.59076374302073,117.59076374302073
567,na,17.96577153307215,18.886463986877825,21.251839293427334,22.296784673590512
568,na,27.712639825751264,76.37472896996842,12.52057621690916,19.68300796353768
569,na,25.750373688902844,50.622181747586595,19.23972085033655,34.72883336542656
570,na,30.439695079657483,30.71905905551565,37.73076606787131,117.59076374302073
571,e,109.72680975298492,109.72680975298492,117.59076374302073,117.59076374302073
572,na,17.628416193296236,26.6744017822791,20.785295551199475,40.98014467359031
573,na,109.72680975298492,109.72680975298492,36.377834717853176,44.87514657495745
574,na,25.011453158953437,28.300549283852487,10.461046261832498,30.004345666655368
575,na,22.967861457229777,109.72680975298492,18.359079286970427,21.249926003850796
576,na,6.5564103121247355,24.499776348986018,8.615177896747825,9.21378796151693
577,na,43.860093419224086,71.30458963044488,32.8810946285779,40.41704751357433
578,na,37.79921554233717,40.42454704272969,117.59076374302073,117.59076374302073
579,na,25.81485955032632,26.8611895461345,26.851936227706524,117.59076374302073
580,na,109.72680975298492,109.72680975298492,117.59076374302073,117.59076374302073
581,na,19.730445623453047,109.72680975298492,14.458563941629478,21.61432843138057
582,e,109.72680975298492,109.72680975298492,23.46970013944962,30.69185027322825
583,na,109.72680975298492,109.72680975298492,40.52158851674734,117.59076374302073
584,na,11.253123117527739,109.72680975298492,29.397797167044818,32.180850707043
585,na,21.569325352418918,25.705061016168266,19.562568463265027,25.830455279213474
586,na,50.98238790614421,53.20740342177256,35.31695345629207,36.97655525694461
587,na,29.116968646275225,29.334977028997585,14.49575457558102,21.60295310294244
588,na,30.50736151947608,109.72680975298492,22.81140987889182,26.231676356350206
589,na,21.222185757846795,72.21821018163112,12.66818145151198,22.901403747083517
590,na,37.099790864789384,43.46019168692028,16.86865962258501,27.82571397240767
591,na,18.177938999456103,50.91075613659785,19.983107447032843,34.45972169024356
592,na,109.72680975298492,109.72680975298492,117.59076374302073,117.59076374302073
593,na,42.64416258750438,48.22014844220943,117.59076374302073,117.59076374302073
594,e,109.72680975298492,109.72680975298492,32.25610125763123,32.91173906250389
595,na,23.309655596634258,25.94251757997313,16.86070085894265,35.75360971034255
596,na,109.72680975298492,109.72680975298492,37.15179333867359,117.59076374302073
597,na,109.72680975298492,109.72680975298492,25.46811275172326,27.89974974994128
598,na,50.800304833867585,56.96236558152197,32.53467348477653,117.59076374302073
599,na,41.868116031816776,109.72680975298492,117.59076374302073,117.59076374302073
600,e,109.72680975298492,109.72680975298492,30.164592499715333,38.37050463653021
601,na,23.57324363964627,23.769975263907774,28.480345614419235,47.65227962011237
602,na,109.72680975298492,109.72680975298492,117.59076374302073,117.59076374302073
603,na,35.74339377606444,37.43622024571139,26.052165147257085,36.787215330455396
604,na,109.72680975298492,109.72680975298492,30.64482889594879,48.96586343756222
605,na,17.036088137199272,22.978823287714775,38.75324072458166,117.59076374302073
606,na,30.945668100580995,39.026287995909385,117.59076374302073,117.59076374302073
607,na,36.552309930358234,109.72680975298492,34.30851004901091,43.348009735150924
608,e,109.72680975298492,109.72680975298492,117.59076374302073,117.59076374302073
609,na,31.11550503879321,109.72680975298492,22.555198808755875,27.71914747376473
610,na,26.082920077164733,31.353857803863153,46.52523991178458,117.59076374302073
611,e,109.72680975298492,109.72680975298492,29.835997705903427,41.675609312141226
612,na,20.28285818415876,21.995102403556597,17.59414425153029,117.59076374302073
613,na,18.109311834982794,20.40102298470179,23.3750508951022,43.73682067053698
614,na,109.72680975298492,109.72680975298492,30.513593876026103,48.17859078305807
615,na,109.72680975298492,109.72680975298492,23.306287983296677,29.21512409057475
616,na,17.702775229549992,23.52525275408766,6.514581242506909,18.83601340827778
617,na,23.247088693303255,31.080932738019975,14.064879846532284,117.59076374302073
618,na,109.72680975298492,109.72680975298492,117.59076374302073,117.59076374302073
619,na,38.416851210320246,46.078020925452016,12.706282471761721,117.59076374302073
620,na,109.72680975298492,109.72680975298492,117.59076374302073,117.59076374302073
621,na,23.81074382876522,109.72680975298492,117.59076374302073,117.59076374302073
622,na,23.618732209791137,24.561400501691665,10.669213720068914,32.3117187124381
623,na,41.58824823514864,46.48848363569365,11.67889572673335,14.02869957349815
624,na,17.17708342322333,109.72680975298492,32.40961687320753,117.59076374302073
625,na,34.43439749095742,37.29577860083978,117.59076374302073,117.59076374302073
626,na,22.13850769910148,31.46157376828632,117.59076374302073,117.59076374302073
627,na,27.455729343409796,109.72680975298492,13.03262185711011,17.42841658812041
628,e,109.72680975298492,109.72680975298492,38.66458789711316,39.252726664208694
629,e,109.72680975298492,109.72680975298492,22.115913424390488,31.114075184011597
630,na,109.72680975298492,109.72680975298492,33.222120187680005,117.59076374302073
631,na,39.57112088854716,44.28082430405249,39.5946607647098,46.501320093243585
632,na,109.72680975298492,109.72680975298492,38.92624299468664,44.42448478744297
633,na,55.0471000505543,56.82448422857503,117.59076374302073,117.59076374302073
634,na,46.67447850105873,49.93597435291102,19.275851372597298,117.59076374302073
635,e,109.72680975298492,109.72680975298492,16.26833541587165,27.886852941150966
636,na,109.72680975298492,109.72680975298492,18.89517624486298,18.988607107031807
637,na,33.380913074267376,33.4740123042055,19.876701648073546,20.353228786548023
638,na,36.25418919016038,39.48880724617184,20.170748646269704,21.885622519628832
639,na,8.685425553101052,19.511663518830236,8.691573218593602,13.875286862902541
640,na,21.818029501986295,62.96228569733015,32.94258815065491,48.15247522775554
641,na,109.72680975298492,109.72680975298492,117.59076374302073,117.59076374302073
642,na,54.904756395863636,109.72680975298492,117.59076374302073,117.59076374302073
643,na,34.206183070823634,109.72680975298492,117.59076374302073,117.59076374302073
644,na,16.11625561686137,29.631803281144954,23.961779167470326,43.70161083341703
645,na,17.711669428110838,109.72680975298492,14.109101332501355,26.302502321167662
646,na,32.91367734779521,33.891277865581884,33.89875872460016,51.872589417683166
647,na,29.732767412527444,37.48489813597349,24.700776676036785,31.937655462071206
648,na,31.18045595795303,32.26176305918823,22.99336808799489,23.236923161449642
649,na,31.509274120475744,52.70288380914934,15.536937716104958,17.576207963839774
650,na,14.782613127186954,109.72680975298492,29.706734898943438,44.607771730041826
651,na,35.22778889623019,41.856745311337406,6.335146679496997,117.59076374302073
652,na,18.89188751393364,32.76783630552349,43.921668157448636,49.44101666762727
653,na,32.462129210577245,45.86087565892714,12.514282835570896,26.7301310917843
654,na,109.72680975298492,109.72680975298492,10.772198447954601,24.49097191494064
655,na,109.72680975298492,109.72680975298492,20.470411130640837,23.9884304682545
656,na,26.16923584179129,26.36110473937673,20.16187704802711,23.121378448944398
657,na,14.827814096374626,16.44984054288945,23.429524560609256,31.40749780076721
658,na,14.16526702844942,15.365845656555544,31.509171854233866,117.59076374302073
659,na,109.72680975298492,109.72680975298492,117.59076374302073,117.59076374302073
660,na,2.299432809785599,109.72680975298492,7.324281624008553,14.242104626813012
661,na,109.72680975298492,109.72680975298492,117.59076374302073,117.59076374302073
662,e,109.72680975298492,109.72680975298492,31.975581089470662,117.59076374302073
663,e,109.72680975298492,109.72680975298492,14.460279439025141,34.570282041215016
664,na,109.72680975298492,109.72680975298492,40.56304193243558,65.81905341199185
665,na,109.72680975298492,109.72680975298492,32.35651866546499,43.10721481919698
666,na,31.33724457997502,37.177878016594036,117.59076374302073,117.59076374302073
667,na,25.76888981485999,36.61649866392715,22.36262807145401,24.597198969493732
668,na,29.895588981538808,33.66838372005639,25.025988668139973,35.282739568465274
669,na,22.603793590922507,41.415092774972024,30.582898633080926,31.4805339818237
670,na,14.72892336572835,17.32693178733814,9.758102288522041,117.59076374302073
671,na,27.9428145645462,28.875030734125158,16.92649133374569,22.646436760499007
672,na,25.34941048486317,28.630259419377335,36.22645495094732,117.59076374302073
673,na,109.72680975298492,109.72680975298492,29.0821592790291,31.239304392981513
674,e,109.72680975298492,109.72680975298492,15.35715444634514,15.817694907726828
675,na,21.761622442231943,81.67397382303294,20.522929693806265,21.447715885673023
676,na,27.311404650111434,35.77192247008467,30.813792706684115,32.15927869642065
677,na,30.80941209307989,67.71618350468168,31.143720190253635,56.13125807080322
678,na,27.245566737941164,43.344651992832134,14.793092058741319,117.59076374302073
679,na,33.08532072733521,35.165873708396695,22.570653548738765,48.10129809310437
680,na,8.678294205356943,11.87314822082591,43.775407177088425,47.86154048629406
681,na,24.06826742678643,29.313012419171994,14.560755763653065,20.470134547002154
682,na,28.8919225895102,109.72680975298492,33.76341539384972,40.0019789777233
683,na,22.816681144204356,25.63391504454346,44.332136060305835,62.88525077997607
684,na,19.10758135328115,35.59409949915079,26.64437373531087,28.2596810204405
685,na,17.78173381957701,23.860894562330756,17.10664483064537,34.88693004478094
686,na,109.72680975298492,109.72680975298492,117.59076374302073,117.59076374302073
687,na,29.242989446506247,37.620708722020694,18.52496674922654,18.97310351129009
688,na,109.72680975298492,109.72680975298492,117.59076374302073,117.59076374302073
689,na,31.220868494840243,35.1026998268503,19.179693130083447,34.50667736889041
690,na,8.003517415527831,17.128612718657436,117.59076374302073,117.59076374302073
691,na,69.21671225906786,109.72680975298492,117.59076374302073,117.59076374302073
692,na,19.47653307781428,21.611679786899824,23.076518162456868,25.01533207133076
693,na,25.646925729437402,55.02017699841837,117.59076374302073,117.59076374302073
694,na,13.013204800548307,25.048619945553938,21.45129600771734,28.901870281643504
695,na,19.003356400627272,24.971677602686214,117.59076374302073,117.59076374302073
696,na,22.066702146396466,26.303891292121047,37.89354588457053,49.07455808729541
697,na,31.444453970454273,48.9620347317953,13.157804708820482,15.722104588529547
698,na,36.741670952906944,38.05285806640356,44.22281416572391,45.994992149805576
699,na,109.72680975298492,109.72680975298492,14.563844006210559,17.772924913521575
700,na,55.24160927629152,56.79816700402504,28.762556273110413,117.59076374302073
701,na,37.52520074575174,50.598909571016975,23.462335272786174,23.6064520553602
702,na,18.210201354671153,39.424521763314765,18.894594456760714,20.391768135060193
703,e,109.72680975298492,109.72680975298492,117.59076374302073,117.59076374302073
704,na,29.892032467239147,35.54478082424361,19.248513647137408,19.826398947625474
705,na,22.412973838243744,67.53488965617149,12.353457608357354,117.59076374302073
706,na,27.207883216374803,109.72680975298492,30.975993967867822,43.23168917490722
707,na,31.83328477980616,42.9033131844815,24.99938071195628,26.032083467175035
708,na,29.65418188989123,34.749724913201156,15.587439229728197,31.96111765389624
709,e,109.72680975298492,109.72680975298492,36.62950209615975,38.45499079252764
710,na,73.45177271077691,109.72680975298492,29.863272768924965,43.84736515801226
711,na,109.72680975298492,109.72680975298492,25.507671047041473,117.59076374302073
712,na,109.72680975298492,109.72680975298492,27.248504582847932,32.83389287048097
713,na,109.72680975298492,109.72680975298492,37.3041305553115,50.516065957638524
714,na,31.85431613311326,50.269755583920706,19.29478290162764,117.59076374302073
715,na,109.72680975298492,109.72680975298492,21.95172580152591,45.845688059773316
716,na,26.827106544396376,38.82634269892726,50.59837433519626,55.52114888820097
717,na,12.937364831790884,42.307840095928746,18.467289660906008,33.09540655347087
718,na,109.72680975298492,109.72680975298492,29.688398627009338,48.90728116453208
719,na,109.72680975298492,109.72680975298492,17.71540580101249,31.835092428937923
720,na,13.990032420330156,21.1544582818302,17.913998123063273,29.974611410746768
721,e,109.72680975298492,109.72680975298492,47.26461406526327,53.062479064479355
722,na,39.55273075767256,43.04323380338646,38.627294755109894,71.80707454579957
723,na,37.38665546151285,83.63772414907932,117.59076374302073,117.59076374302073
724,na,13.13456873942569,26.491437789260708,21.920344019882574,117.59076374302073
725,na,45.81888898869288,51.84096510840317,24.672460831048724,34.18946504957929
726,na,19.917055198891433,109.72680975298492,24.129451366136497,46.12773417036446
727,na,7.983351053676284,109.72680975298492,16.856284310775244,19.241546763356183
728,na,109.72680975298492,109.72680975298492,117.59076374302073,117.59076374302073
729,na,109.72680975298492,109.72680975298492,117.59076374302073,117.59076374302073
730,na,19.83437862604612,21.270607593991315,21.65765108079982,41.69207389207406
731,na,39.767587004694676,109.72680975298492,16.057207591024575,117.59076374302073
732,e,109.72680975298492,109.72680975298492,17.33461399837401,19.160650229043444
733,na,16.45606731810946,20.37500053135189,17.695423720642836,117.59076374302073
734,na,29.19367969376278,34.09439681112027,28.277667951404812,53.34894999380497
735,na,109.72680975298492,109.72680975298492,15.365798783153565,22.36947791419968
736,na,41.533435594699675,109.72680975298492,16.092800070019187,17.48544548770137
737,e,109.72680975298492,109.72680975298492,32.358189865547445,46.49274645871186
738,na,35.65855996335497,43.25361220196043,20.166720780333726,20.97973179315118
739,na,29.84033207112133,39.0884827940072,10.593766451121727,10.600471315098714
740,na,31.11108881353316,40.152039075704785,39.94519825964783,40.36553000226997
741,na,26.525280432174622,109.72680975298492,46.60221688574771,117.59076374302073
742,na,14.312193569493605,16.39028330014518,20.95539681711901,25.996608547795617
743,na,45.90121923709649,64.41211267477598,45.367438028589525,54.39173386046449
744,na,0,2.1944759209206075,0,117.59076374302073
745,na,14.139991261993789,39.42101685821369,18.619919915747108,23.63811032747347
746,na,7.566183923381198,109.72680975298492,20.493405260768427,34.212883855770094
747,na,109.72680975298492,109.72680975298492,8.743505835081306,24.785099042871696
748,na,22.266535381881138,51.549913023165686,21.168035795509866,22.903337788925125
749,na,21.202601285212776,109.72680975298492,29.958187548091168,34.369724596231656
750,na,28.19705095659577,109.72680975298492,56.47267345327436,67.50120087551748
751,na,28.13150403914942,46.76325740505392,24.579620266941227,37.58788885164826
752,na,21.70029747076721,109.72680975298492,25.812714821434263,117.59076374302073
753,e,109.72680975298492,109.72680975298492,117.59076374302073,117.59076374302073
754,na,12.276219969873521,109.72680975298492,117.59076374302073,117.59076374302073
755,na,14.053987612564098,109.72680975298492,38.410437105408704,62.95505055508743
756,na,23.70138106641752,30.17201425907004,7.610097431387609,9.574343574583162
757,na,109.72680975298492,109.72680975298492,117.59076374302073,117.59076374302073
758,na,23.04150346169198,23.984864888940443,18.812058722799176,72.67454740890585
759,e,109.72680975298492,109.72680975298492,38.996324767973306,49.229511673491324
760,na,109.72680975298492,109.72680975298492,30.58985654228487,37.310009907835855
761,e,109.72680975298492,109.72680975298492,18.010368785840647,32.86952209192191
762,na,15.375454725106538,109.72680975298492,29.216486597891365,38.57814152419719
763,na,109.72680975298492,109.72680975298492,24.213778977151602,29.518779301121622
764,na,109.72680975298492,109.72680975298492,35.269444547961314,39.0520145624426
765,na,23.903260157178106,29.477438790378613,33.45606992275955,48.682695891060334
766,na,33.925634205118286,34.40883610693222,27.256761758912532,33.19975359004357
767,na,109.72680975298492,109.72680975298492,117.59076374302073,117.59076374302073
768,na,22.46883690841257,29.88227967022525,18.604638490003563,18.942250261901403
769,na,27.0830218868152,32.167171491464956,36.61506805040146,41.08535182684521
770,na,28.737690673663476,45.51727728045125,25.81978433266913,117.59076374302073
771,na,36.75609124702756,40.303077695991846,13.074618463788592,117.59076374302073
772,na,24.42087323604803,27.853984854307974,13.294116304465756,117.59076374302073
773,na,109.72680975298492,109.72680975298492,38.55390874301631,46.16432857852987
774,na,32.655808126970506,109.72680975298492,23.146616898684197,37.13241227376545
775,na,38.29591130610934,52.738337643501076,13.156070127036934,38.56014249118833
776,na,28.604078607101208,35.753455051165965,14.59619554736079,23.241171968722874
777,na,56.648266757656145,72.16194766730945,59.32409179568341,81.70211711061452
778,na,31.07873681077214,34.44807104509328,47.99498276347227,48.5909801668238
779,e,109.72680975298492,109.72680975298492,12.823678030920469,14.597205012467777
780,na,48.9614367209518,49.46235583043645,14.691319345553838,15.744499410104874
781,na,35.358213305634656,35.51992284538777,24.877703429201816,27.217155937472263
782,na,25.026715948500623,25.24450509221844,47.75859732304018,117.59076374302073
783,e,109.72680975298492,109.72680975298492,117.59076374302073,117.59076374302073
784,na,29.68485592884601,109.72680975298492,17.386771332622295,24.909507713680444
785,na,36.312763706698895,45.96000310713398,117.59076374302073,117.59076374302073
786,e,109.72680975298492,109.72680975298492,25.08561639489084,38.11110013425922
787,na,36.22510048268537,109.72680975298492,19.30972019889764,46.22001727134516
788,na,24.123873397324946,26.855974860913516,31.089818070976946,32.924575193642156
789,na,26.25654233437742,29.163136544854563,23.983473196977485,117.59076374302073
790,e,109.72680975298492,109.72680975298492,41.91162115350709,45.844721896794304
791,na,22.428593348057117,22.830980830710875,21.00972845458053,58.205424787530596
792,na,30.818417180066938,32.87118148705115,19.07992499158421,30.42903578111203
793,na,32.80941419661032,37.748312038584295,55.38132960991884,65.54851150011395
794,na,109.72680975298492,109.72680975298492,39.09310995026066,47.45236606423278
795,na,25.36690270214709,35.06394434838926,13.408742622134252,16.004777949433954
796,na,53.00071263925369,109.72680975298492,22.398162685302335,24.92709389297966
797,na,21.71182895488763,47.90336963517415,19.929013661428396,30.499317330898347
798,na,34.16354509413553,38.630505745894034,16.471712306591176,33.78376435199353
799,na,25.993933317370065,109.72680975298492,13.33137591892444,14.40303284835117
800,na,34.3610504054884,37.498899660549746,46.84080995465353,50.50579110893864
801,na,9.206965042194259,12.065053391792315,21.914482736484747,28.831096375028196
802,na,109.72680975298492,109.72680975298492,117.59076374302073,117.59076374302073
803,na,27.87082315533295,109.72680975298492,50.08903645971677,83.00388737971534
804,na,16.01676629827207,67.82641430839205,35.506741157181565,45.69136290367633
805,na,39.90412932036762,40.341447170579094,19.100334842403466,46.03649187211512
806,e,109.72680975298492,109.72680975298492,117.59076374302073,117.59076374302073
807,e,109.72680975298492,109.72680975298492,117.59076374302073,117.59076374302073
808,na,24.498138502980215,29.704406692121434,35.03478125077369,117.59076374302073
809,e,109.72680975298492,109.72680975298492,13.82439738705982,17.02263829279577
810,na,46.10832587314877,54.379989216147685,28.43335261211857,29.131514046436862
811,na,26.222508736010788,43.549840779029424,117.59076374302073,117.59076374302073
812,na,28.99581781959999,32.764685263178315,32.663803395455666,37.666017183371295
813,na,23.285051043873164,25.088116352717424,17.722681686609057,30.932024989233845
814,na,109.72680975298492,109.72680975298492,117.59076374302073,117.59076374302073
815,na,3.108697982872795,4.510389499735848,16.218895283319096,20.13502519469059
816,na,32.940519818346175,40.733723411331134,32.236042632020215,37.274665796982
817,na,19.966476364598485,109.72680975298492,16.723957816955487,19.966569734767248
818,na,109.72680975298492,109.72680975298492,14.231932952190764,14.788874735814668
819,na,20.84190119589304,41.97806769624978,9.992395573095504,34.16553544382322
820,na,21.290708154209675,32.897428442838276,19.180488869999312,117.59076374302073
821,na,109.72680975298492,109.72680975298492,30.41715702716569,32.54213867690952
822,na,22.934572584085863,109.72680975298492,23.638216600344844,25.643078770931353
823,e,109.72680975298492,109.72680975298492,24.574048138564013,32.69739666038792
824,na,6.803337093206646,7.674727143250239,14.527040390639588,18.91726772697263
825,na,9.503572263668902,9.989140877030755,12.88206025188841,47.263500785503396
826,na,16.05245088910842,21.312055081315073,15.377617230970516,22.812073176464093
827,e,109.72680975298492,109.72680975298492,32.83575383733839,50.72256018110448
828,na,18.79394997500831,22.272898713331408,24.104720699251036,38.438770367050516
829,na,42.92663676281546,49.580145139970774,26.4433992933186,33.33933907286858
830,na,27.06561104751706,31.01396958973607,17.988011716189682,26.86268398061785
831,e,109.72680975298492,109.72680975298492,26.976496529183198,28.22585180325483
832,na,15.98790585262995,41.43376814207022,16.083978082348604,22.415072412252123
833,na,19.863392581469398,37.046822567671846,14.6983315838452,17.080908347615576
834,e,109.72680975298492,109.72680975298492,47.86031142601443,117.59076374302073
835,na,10.110920819427836,13.068313454087633,11.38045027144076,39.2626157021858
836,na,39.99123659503288,109.72680975298492,15.806340465699334,34.13642226894696
837,na,30.332395230163915,32.371695412326886,27.717981725998957,38.81132944621113
838,na,109.72680975298492,109.72680975298492,30.065371794805177,117.59076374302073
839,na,29.52790990906643,44.60776208580294,25.815084571856072,35.73229523809882
840,e,109.72680975298492,109.72680975298492,28.018956994633246,34.5964763694776
841,na,57.13051657555929,109.72680975298492,19.39312268625631,19.944458678551523
842,na,36.529566582172734,39.86412238149178,24.197808151575263,28.49979906446524
843,na,31.442440715322974,60.91518991859804,17.16952295095616,29.86878324132296
844,na,27.470570644102065,34.31562126117158,34.56356730737531,39.89552310759129
845,e,109.72680975298492,109.72680975298492,63.152968275527066,64.7189647942304
846,na,23.098470378092333,30.114056118128197,16.809883691264222,26.983464006567985
847,na,24.038862737692675,33.42763467936374,16.195601416443747,17.46470510872612
848,na,109.72680975298492,109.72680975298492,13.35219710179843,43.888983475208875
849,na,109.72680975298492,109.72680975298492,17.147202366747887,55.99203952860288
850,e,109.72680975298492,109.72680975298492,25.304057201007854,25.354630289933773
851,na,28.063000693576654,31.474796257733107,18.359928941511935,20.724735016366118
852,na,12.49939178800743,40.53579844391453,117.59076374302073,117.59076374302073
853,na,31.159018507332664,109.72680975298492,11.313937219350773,117.59076374302073
854,na,0.8362591754341978,34.95556688466262,117.59076374302073,117.59076374302073
855,na,30.07426794796949,52.15231517517438,10.16761827193683,13.338505687283307
856,na,7.500090231403806,10.745854853355212,28.293689058369594,69.08127823986294
857,na,24.96130708528052,39.11495278272714,7.148250924453624,22.78892106347244
858,na,26.488926290535883,109.72680975298492,49.30536796342223,52.481547357867704
859,na,13.321367468248539,21.356050444293164,16.626970158207932,18.548112899816207
860,na,25.506930641948188,26.471296452863125,17.42556548362342,117.59076374302073
861,na,28.911484012281004,44.74937120386917,19.253242895414008,26.486170458141263
862,na,109.72680975298492,109.72680975298492,5.658845024891148,8.445034906145096
863,na,28.042275402451022,31.420337672889165,32.27498881276785,117.59076374302073
864,na,109.72680975298492,109.72680975298492,117.59076374302073,117.59076374302073
865,na,27.868576332206654,28.64413914271733,17.021092291243466,117.59076374302073
866,na,16.769868405959624,109.72680975298492,117.59076374302073,117.59076374302073
867,na,24.09032931574987,35.96389126935744,70.548532133641,72.0224566652142
868,na,109.72680975298492,109.72680975298492,117.59076374302073,117.59076374302073
869,na,23.03404981145276,42.19692598898593,22.644812136446934,26.632471291932134
870,e,109.72680975298492,109.72680975298492,117.59076374302073,117.59076374302073
871,na,31.621254736134656,109.72680975298492,19.842149999404665,29.927033769579428
872,na,33.00389663135747,59.20630665042551,45.8705552138553,55.5663644199326
873,e,109.72680975298492,109.72680975298492,18.257827953143664,117.59076374302073
874,na,109.72680975298492,109.72680975298492,117.59076374302073,117.59076374302073
875,na,29.733036197126363,36.794564707082685,117.59076374302073,117.59076374302073
876,na,44.83799841266803,74.2420990854204,25.02976012062589,48.298147135012655
877,na,25.158100132678456,26.36241032490485,117.59076374302073,117.59076374302073
878,na,25.08909821073073,109.72680975298492,33.91372325000478,37.636643604576975
879,na,109.72680975298492,109.72680975298492,9.955902321196168,17.466829182750963
880,na,9.994730069760795,38.27022919959036,17.55899285620391,29.628977819830574
881,na,42.70530050518426,44.02182177164615,23.397604774652088,54.709366380966095
882,na,40.873691524836715,82.23491737672134,26.545222947022456,34.81104937297507
883,na,109.72680975298492,109.72680975298492,117.59076374302073,117.59076374302073
884,na,26.581481711317682,26.808650044120117,117.59076374302073,117.59076374302073
885,na,26.63272510094607,68.38217097102478,29.530272607232867,31.574611583360312
886,na,13.571776541060942,109.72680975298492,26.23486977158105,39.06683158668293
887,na,38.2794492910317,40.577356360075655,117.59076374302073,117.59076374302073
888,na,109.72680975298492,109.72680975298492,24.930932783123552,34.35714650412523
889,na,109.72680975298492,109.72680975298492,22.260146151378528,24.8542945110622
890,na,109.72680975298492,109.72680975298492,117.59076374302073,117.59076374302073
891,na,28.09945943020588,37.37913485033214,24.799649728436155,42.474666593643015
892,na,42.25036358062393,50.63355243099614,26.609780658274623,30.869203662522818
893,na,37.4098662792769,41.29908501268914,117.59076374302073,117.59076374302073
894,na,27.372352843815882,29.257611594844747,32.286102692714174,117.59076374302073
895,na,22.799046264650535,42.724821439056555,39.23743290686451,41.954834119162896
896,na,0,12.867082718203777,0,117.59076374302073
897,na,45.25260327186973,52.63857273704195,12.56594930520602,14.734418169285725
898,na,36.881036861938654,41.3383378855482,17.970487574408534,42.084902161779944
899,na,28.25937877583034,30.221208250918043,117.59076374302073,117.59076374302073
900,na,109.72680975298492,109.72680975298492,37.002439133873885,62.44889711065138
901,na,42.72147160412933,109.72680975298492,16.485844529800456,21.18950863653207
902,na,44.28030660549874,53.73633699711071,30.410328720872837,35.27255966781384
903,na,109.72680975298492,109.72680975298492,24.603633547595408,29.386383475446447
904,na,27.127144658327,65.59831608540055,20.2058840606615,27.73919643247933
905,e,109.72680975298492,109.72680975298492,29.40311131315595,42.605401872525
906,e,109.72680975298492,109.72680975298492,8.868606539386542,10.333570260879226
907,na,26.67323796194459,43.553280850420414,11.739817265739278,16.28872517857205
908,na,34.800495087555426,109.72680975298492,15.309604108340428,35.22603712319686
909,e,109.72680975298492,109.72680975298492,22.306223481429978,42.79083457240651
910,na,31.059742174608008,41.104673647283626,23.829177393313845,25.372036023004853
911,na,19.41063060815679,109.72680975298492,32.70728207079337,39.4789075986791
912,na,109.72680975298492,109.72680975298492,117.59076374302073,117.59076374302073
913,na,28.534804637400253,32.62081921802696,117.59076374302073,117.59076374302073
914,na,109.72680975298492,109.72680975298492,20.53400688045343,31.087891190666955
915,na,17.261271260972528,29.997349684705192,11.30851539868942,117.59076374302073
916,na,41.33771732059577,60.28973140890965,117.59076374302073,117.59076374302073
917,na,26.043167062597398,32.5224055214648,40.232524011862196,49.26728761846691
918,na,30.901306552744956,51.58816877225329,38.02173453290529,42.32977050480736
919,na,63.46397311842942,76.80011855127219,22.41638674060392,22.637589938917383
920,na,18.147297559280425,18.548015846700384,17.03379818606352,39.444610080615675
921,na,24.804582943299014,25.58280999810428,117.59076374302073,117.59076374302073
922,na,27.084779391219882,30.58792760763328,35.51358576213774,36.27994324703527
923,na,35.971214140572634,37.25276806437053,25.052775768086555,28.388587535621184
924,na,44.538838191112426,45.66540384992223,22.489459005646697,33.590988573349044
925,na,109.72680975298492,109.72680975298492,117.59076374302073,117.59076374302073
926,na,26.520917976397122,109.72680975298492,11.818189896321556,14.58613445543312
927,na,57.32066999008606,109.72680975298492,21.902636150905014,24.1000458004499
928,na,109.72680975298492,109.72680975298492,18.753649621509695,19.197652532565698
929,na,109.72680975298492,109.72680975298492,40.356264251308694,117.59076374302073
930,na,24.784776564018994,46.652061766515956,117.59076374302073,117.59076374302073
931,na,16.430066272651896,24.9918302758845,33.18664865276076,117.59076374302073
932,na,109.72680975298492,109.72680975298492,32.551984606703485,117.59076374302073
933,e,109.72680975298492,109.72680975298492,9.77388384185043,16.18415013043452
934,na,109.72680975298492,109.72680975298492,117.59076374302073,117.59076374302073
935,na,109.72680975298492,109.72680975298492,117.59076374302073,117.59076374302073
936,na,109.72680975298492,109.72680975298492,117.59076374302073,117.59076374302073
937,na,9.347617178090614,109.72680975298492,16.450376837295476,37.847249612976015
938,na,23.025365656868892,24.5758640209974,117.59076374302073,117.59076374302073
939,na,109.72680975298492,109.72680975298492,117.59076374302073,117.59076374302073
940,na,109.72680975298492,109.72680975298492,117.59076374302073,117.59076374302073
941,e,109.72680975298492,109.72680975298492,117.59076374302073,117.59076374302073
942,na,30.50142367920751,39.659701036921035,46.766189994312754,47.11396328221581
943,na,109.72680975298492,109.72680975298492,30.691966693357298,33.86458043330588
944,na,109.72680975298492,109.72680975298492,42.93145607250818,48.2055472604172
945,na,18.16205572335424,29.483250478321107,24.649808519754938,48.315096706852216
946,na,109.72680975298492,109.72680975298492,36.16164876730052,39.06450612697267
947,e,109.72680975298492,109.72680975298492,17.949515686007604,33.813713479527024
948,na,45.454015439940626,47.52583401536204,16.29155486114852,117.59076374302073
949,na,28.480915909075033,109.72680975298492,12.02982289818119,22.20625242167773
950,e,109.72680975298492,109.72680975298492,117.59076374302073,117.59076374302073
951,na,10.357349221789674,22.637083855147015,30.633562150384723,37.39281924144343
952,na,109.72680975298492,109.72680975298492,117.59076374302073,117.59076374302073
953,na,40.11461467387493,46.87821791301748,117.59076374302073,117.59076374302073
954,na,109.72680975298492,109.72680975298492,27.998743822222483,29.062567669195833
955,na,7.929681913332554,10.894652851920629,17.436649527208555,21.52451688328306
956,na,44.1622643966437,68.1469927394696,117.59076374302073,117.59076374302073
957,na,109.72680975298492,109.72680975298492,117.59076374302073,117.59076374302073
958,na,11.211255625996236,17.42918904980236,14.416217288141352,24.745806357747664
959,na,109.72680975298492,109.72680975298492,28.350678615633434,117.59076374302073
960,na,109.72680975298492,109.72680975298492,32.99856754015461,53.68904602371602
961,na,14.865678348288203,14.907939177069297,16.09042997369559,25.531952040594202
962,na,21.40142905993054,49.45388281621681,117.59076374302073,117.59076374302073
963,e,109.72680975298492,109.72680975298492,24.406515301872684,28.419177172052496
964,e,109.72680975298492,109.72680975298492,8.623145200551921,25.825099488440923
965,e,109.72680975298492,109.72680975298492,35.919461956845424,48.26631211240046
966,na,22.47267537068351,28.715445176656143,10.254988674012615,16.936315183257314
967,na,24.940488463699136,39.82753269208418,19.92171301535903,35.21261923434215
968,na,38.908255840891655,43.42382095164623,117.59076374302073,117.59076374302073
969,e,109.72680975298492,109.72680975298492,11.683062451502817,15.33068905133516
970,na,109.72680975298492,109.72680975298492,117.59076374302073,117.59076374302073
971,na,13.391579822346086,109.72680975298492,23.071735565368563,24.196766844921928
972,na,29.565599273178346,46.008069126338114,20.619005523553017,117.59076374302073
973,e,109.72680975298492,109.72680975298492,117.59076374302073,117.59076374302073
974,na,109.72680975298492,109.72680975298492,31.16499658468254,32.68556431685653
975,e,109.72680975298492,109.72680975298492,117.59076374302073,117.59076374302073
976,na,109.72680975298492,109.72680975298492,49.12927322605965,69.59260381679144
977,na,19.62333914544121,21.62791571348226,12.218639053653465,26.725874629729553
978,na,48.9519008846104,61.48765187463089,46.695465838770595,48.63564056130284
979,na,49.07346388346482,66.32467177443635,9.292730404852806,117.59076374302073
980,na,109.72680975298492,109.72680975298492,117.59076374302073,117.59076374302073
981,na,109.72680975298492,109.72680975298492,117.59076374302073,117.59076374302073
982,na,34.00353030757443,34.92104411906626,8.057774143126004,9.918683060840792
983,na,44.88266059159129,52.18886738150753,21.790976803440756,41.062923869779354
984,na,16.4381512513343,34.13446501723532,26.793262260421898,28.157759417938045
985,na,19.50308862995652,56.90177105492395,4.870751117753053,14.053826126729398
986,na,109.72680975298492,109.72680975298492,16.56917253930898,25.67972902648323
987,na,109.72680975298492,109.72680975298492,32.54941868789093,61.75500136257794
988,na,35.721888308822756,44.84095591199887,117.59076374302073,117.59076374302073
989,na,31.29931559649919,109.72680975298492,30.69657965086219,33.197864029375744
990,na,35.81079310786425,39.65026227167282,19.949447853750666,117.59076374302073
991,na,26.87322584043356,27.230402448157953,5.1097892732239,18.95479889434407
992,na,24.390829328231202,27.592656169383996,117.59076374302073,117.59076374302073
993,na,24.221769845501974,27.321826844152607,20.657617281044743,39.57602210771226
994,na,109.72680975298492,109.72680975298492,21.05446352880769,36.22207437826206
995,na,23.533338740732784,109.72680975298492,25.623325324853692,42.02711912099273
996,e,109.72680975298492,109.72680975298492,117.59076374302073,117.59076374302073
997,na,18.239842008808353,21.949496101874757,31.710569278912082,38.178923262946135
998,na,28.980588266305674,59.23302202995725,20.408196243757764,47.50351742294802
999,na,49.35142037886138,56.229753879790145,20.150138166376795,33.37712793641729
