node, assignment, time2inf_trt, time2death_trt, time2inf_con, time2death_con
0,na,-1,0,-1,0
1,na,496.2534139667098,8.317075346336356,924.0253384121452,2.0073567752014014
2,na,-1,0,-1,0
3,na,-1,0,-1,0
4,na,496.2534139667098,496.2534139667098,924.0253384121452,924.0253384121452
5,na,496.2534139667098,496.2534139667098,924.0253384121452,924.0253384121452
6,na,316.3054779090468,335.0579119267193,924.0253384121452,924.0253384121452
7,na,496.2534139667098,496.2534139667098,924.0253384121452,924.0253384121452
8,na,496.2534139667098,496.2534139667098,924.0253384121452,924.0253384121452
9,e,496.2534139667098,496.2534139667098,924.0253384121452,924.0253384121452
10,na,496.2534139667098,496.2534139667098,924.0253384121452,924.0253384121452
11,na,496.2534139667098,496.2534139667098,924.0253384121452,924.0253384121452
12,na,496.2534139667098,496.2534139667098,924.0253384121452,924.0253384121452
13,na,496.2534139667098,496.2534139667098,924.0253384121452,924.0253384121452
14,na,496.2534139667098,496.2534139667098,924.0253384121452,924.0253384121452
15,na,496.2534139667098,496.2534139667098,924.0253384121452,924.0253384121452
16,na,496.2534139667098,496.2534139667098,924.0253384121452,924.0253384121452
17,na,496.2534139667098,496.2534139667098,924.0253384121452,924.0253384121452
18,na,496.2534139667098,496.2534139667098,924.0253384121452,924.0253384121452
19,na,496.2534139667098,496.2534139667098,924.0253384121452,924.0253384121452
20,na,273.8019407171718,284.8169436816328,924.0253384121452,924.0253384121452
21,na,496.2534139667098,496.2534139667098,924.0253384121452,924.0253384121452
22,na,496.2534139667098,496.2534139667098,924.0253384121452,924.0253384121452
23,e,496.2534139667098,496.2534139667098,924.0253384121452,924.0253384121452
24,na,496.2534139667098,496.2534139667098,81.06139171563404,101.8282606434537
25,na,496.2534139667098,496.2534139667098,924.0253384121452,924.0253384121452
26,na,496.2534139667098,496.2534139667098,924.0253384121452,924.0253384121452
27,na,496.2534139667098,496.2534139667098,104.77817020014096,116.28757352006603
28,na,496.2534139667098,496.2534139667098,924.0253384121452,924.0253384121452
29,na,85.35162608771422,92.87889559626072,924.0253384121452,924.0253384121452
30,na,496.2534139667098,496.2534139667098,212.67203774419622,217.15902682514275
31,na,496.2534139667098,496.2534139667098,924.0253384121452,924.0253384121452
32,na,354.8251899101641,364.8034210972579,171.3277010590726,177.6055845982349
33,na,496.2534139667098,496.2534139667098,137.70451394150007,156.6298774121351
34,na,133.6636297098404,141.620008943106,98.68733646144535,113.46142310908414
35,na,132.62114583748357,155.25161204078682,815.095699019274,818.5751729863991
36,na,333.94689843018875,341.2392720489317,773.8209717913305,806.2170301969531
37,na,496.2534139667098,496.2534139667098,924.0253384121452,924.0253384121452
38,na,496.2534139667098,496.2534139667098,702.225006733146,713.7049018121459
39,na,235.88030040080378,239.30260011829242,924.0253384121452,924.0253384121452
40,na,496.2534139667098,496.2534139667098,755.1459194074154,781.8557392040567
41,na,496.2534139667098,496.2534139667098,924.0253384121452,924.0253384121452
42,na,496.2534139667098,496.2534139667098,924.0253384121452,924.0253384121452
43,na,496.2534139667098,496.2534139667098,924.0253384121452,924.0253384121452
44,na,496.2534139667098,496.2534139667098,924.0253384121452,924.0253384121452
45,na,496.2534139667098,496.2534139667098,924.0253384121452,924.0253384121452
46,na,496.2534139667098,496.2534139667098,924.0253384121452,924.0253384121452
47,na,294.14756443743863,299.7085320347761,924.0253384121452,924.0253384121452
48,na,215.57443496558543,220.67165056458813,924.0253384121452,924.0253384121452
49,na,496.2534139667098,496.2534139667098,924.0253384121452,924.0253384121452
50,na,37.06850239563846,41.861113549655705,924.0253384121452,924.0253384121452
51,na,197.3710040966567,210.42298097398492,924.0253384121452,924.0253384121452
52,na,496.2534139667098,496.2534139667098,924.0253384121452,924.0253384121452
53,na,496.2534139667098,496.2534139667098,924.0253384121452,924.0253384121452
54,na,496.2534139667098,496.2534139667098,924.0253384121452,924.0253384121452
55,na,496.2534139667098,496.2534139667098,924.0253384121452,924.0253384121452
56,na,295.62859274270824,308.66136982304374,924.0253384121452,924.0253384121452
57,e,496.2534139667098,496.2534139667098,70.48741074685763,91.51721144109015
58,na,496.2534139667098,496.2534139667098,924.0253384121452,924.0253384121452
59,na,496.2534139667098,496.2534139667098,924.0253384121452,924.0253384121452
60,na,496.2534139667098,496.2534139667098,55.02901648573071,64.30622730595734
61,na,496.2534139667098,496.2534139667098,924.0253384121452,924.0253384121452
62,na,496.2534139667098,496.2534139667098,740.5099243309364,744.3331750508208
63,na,286.58531217176875,288.76620706602665,924.0253384121452,924.0253384121452
64,na,496.2534139667098,496.2534139667098,380.40511059531053,386.4148829666001
65,na,496.2534139667098,496.2534139667098,924.0253384121452,924.0253384121452
66,na,496.2534139667098,496.2534139667098,924.0253384121452,924.0253384121452
67,na,496.2534139667098,496.2534139667098,924.0253384121452,924.0253384121452
68,na,496.2534139667098,496.2534139667098,924.0253384121452,924.0253384121452
69,na,496.2534139667098,496.2534139667098,924.0253384121452,924.0253384121452
70,e,496.2534139667098,496.2534139667098,924.0253384121452,924.0253384121452
71,e,496.2534139667098,496.2534139667098,924.0253384121452,924.0253384121452
72,e,496.2534139667098,496.2534139667098,924.0253384121452,924.0253384121452
73,na,321.35191874852455,351.389737709887,924.0253384121452,924.0253384121452
74,na,496.2534139667098,496.2534139667098,924.0253384121452,924.0253384121452
75,na,496.2534139667098,496.2534139667098,924.0253384121452,924.0253384121452
76,na,496.2534139667098,496.2534139667098,924.0253384121452,924.0253384121452
77,na,496.2534139667098,496.2534139667098,924.0253384121452,924.0253384121452
78,na,223.16716144081502,234.83660706440108,269.2206590040578,275.22944957114294
79,na,496.2534139667098,496.2534139667098,924.0253384121452,924.0253384121452
80,e,496.2534139667098,496.2534139667098,924.0253384121452,924.0253384121452
81,na,33.56539848388752,50.662329635046454,924.0253384121452,924.0253384121452
82,na,496.2534139667098,496.2534139667098,924.0253384121452,924.0253384121452
83,na,496.2534139667098,496.2534139667098,924.0253384121452,924.0253384121452
84,na,496.2534139667098,496.2534139667098,230.49791027257479,234.68407830714725
85,na,496.2534139667098,496.2534139667098,4.731169869483776,20.001209894226765
86,na,496.2534139667098,496.2534139667098,924.0253384121452,924.0253384121452
87,na,496.2534139667098,496.2534139667098,924.0253384121452,924.0253384121452
88,na,289.89558175152615,301.0584617450182,924.0253384121452,924.0253384121452
89,na,496.2534139667098,496.2534139667098,924.0253384121452,924.0253384121452
90,na,496.2534139667098,496.2534139667098,924.0253384121452,924.0253384121452
91,na,496.2534139667098,496.2534139667098,924.0253384121452,924.0253384121452
92,na,319.11013513585146,341.9262221952518,924.0253384121452,924.0253384121452
93,na,110.268041672188,112.38119821313313,924.0253384121452,924.0253384121452
94,na,496.2534139667098,496.2534139667098,924.0253384121452,924.0253384121452
95,na,496.2534139667098,496.2534139667098,924.0253384121452,924.0253384121452
96,na,163.89051651681058,167.72830234111171,924.0253384121452,924.0253384121452
97,na,496.2534139667098,496.2534139667098,342.3351295389015,357.98026987408133
98,na,134.2278275716562,145.06093738261674,924.0253384121452,924.0253384121452
99,na,496.2534139667098,496.2534139667098,924.0253384121452,924.0253384121452
100,na,496.2534139667098,496.2534139667098,924.0253384121452,924.0253384121452
101,na,496.2534139667098,496.2534139667098,924.0253384121452,924.0253384121452
102,na,496.2534139667098,496.2534139667098,924.0253384121452,924.0253384121452
103,e,496.2534139667098,496.2534139667098,924.0253384121452,924.0253384121452
104,na,496.2534139667098,496.2534139667098,924.0253384121452,924.0253384121452
105,na,496.2534139667098,496.2534139667098,924.0253384121452,924.0253384121452
106,e,496.2534139667098,496.2534139667098,924.0253384121452,924.0253384121452
107,na,496.2534139667098,496.2534139667098,134.8000628851337,154.86865008114697
108,e,496.2534139667098,496.2534139667098,924.0253384121452,924.0253384121452
109,na,496.2534139667098,496.2534139667098,924.0253384121452,924.0253384121452
110,na,496.2534139667098,496.2534139667098,924.0253384121452,924.0253384121452
111,na,496.2534139667098,496.2534139667098,924.0253384121452,924.0253384121452
112,na,298.30036819415807,302.8873545658261,367.53135562847564,371.2989888283408
113,na,496.2534139667098,496.2534139667098,68.01241842347098,91.64318875419394
114,na,496.2534139667098,496.2534139667098,924.0253384121452,924.0253384121452
115,na,496.2534139667098,496.2534139667098,90.8653857455585,95.38290591079499
116,e,496.2534139667098,496.2534139667098,924.0253384121452,924.0253384121452
117,na,496.2534139667098,496.2534139667098,924.0253384121452,924.0253384121452
118,na,496.2534139667098,496.2534139667098,768.7928916314268,799.4402182677283
119,e,496.2534139667098,496.2534139667098,924.0253384121452,924.0253384121452
120,na,496.2534139667098,496.2534139667098,924.0253384121452,924.0253384121452
121,na,496.2534139667098,496.2534139667098,924.0253384121452,924.0253384121452
122,na,496.2534139667098,496.2534139667098,924.0253384121452,924.0253384121452
123,na,496.2534139667098,496.2534139667098,924.0253384121452,924.0253384121452
124,na,496.2534139667098,496.2534139667098,924.0253384121452,924.0253384121452
125,na,271.81058496128105,281.59666584792205,924.0253384121452,924.0253384121452
126,na,496.2534139667098,496.2534139667098,924.0253384121452,924.0253384121452
127,na,34.68780589600226,46.96945714658299,924.0253384121452,924.0253384121452
128,na,496.2534139667098,496.2534139667098,924.0253384121452,924.0253384121452
129,na,496.2534139667098,496.2534139667098,924.0253384121452,924.0253384121452
130,na,496.2534139667098,496.2534139667098,628.0823239435249,634.5210200420507
131,na,496.2534139667098,496.2534139667098,924.0253384121452,924.0253384121452
132,na,496.2534139667098,496.2534139667098,924.0253384121452,924.0253384121452
133,na,496.2534139667098,496.2534139667098,924.0253384121452,924.0253384121452
134,na,496.2534139667098,496.2534139667098,924.0253384121452,924.0253384121452
135,na,0,12.81047332967006,0,5.426687057097607
136,na,496.2534139667098,496.2534139667098,924.0253384121452,924.0253384121452
137,na,496.2534139667098,496.2534139667098,924.0253384121452,924.0253384121452
138,na,496.2534139667098,496.2534139667098,924.0253384121452,924.0253384121452
139,na,76.99043688029604,77.71405119165377,924.0253384121452,924.0253384121452
140,na,496.2534139667098,496.2534139667098,924.0253384121452,924.0253384121452
141,na,496.2534139667098,496.2534139667098,924.0253384121452,924.0253384121452
142,na,496.2534139667098,496.2534139667098,924.0253384121452,924.0253384121452
143,na,496.2534139667098,496.2534139667098,924.0253384121452,924.0253384121452
144,na,267.72252720469515,273.8204584701849,924.0253384121452,924.0253384121452
145,na,496.2534139667098,496.2534139667098,924.0253384121452,924.0253384121452
146,na,496.2534139667098,496.2534139667098,924.0253384121452,924.0253384121452
147,na,496.2534139667098,496.2534139667098,924.0253384121452,924.0253384121452
148,na,496.2534139667098,496.2534139667098,924.0253384121452,924.0253384121452
149,na,496.2534139667098,496.2534139667098,924.0253384121452,924.0253384121452
150,na,496.2534139667098,496.2534139667098,924.0253384121452,924.0253384121452
151,na,496.2534139667098,496.2534139667098,924.0253384121452,924.0253384121452
152,na,496.2534139667098,496.2534139667098,924.0253384121452,924.0253384121452
153,na,496.2534139667098,496.2534139667098,924.0253384121452,924.0253384121452
154,na,496.2534139667098,496.2534139667098,924.0253384121452,924.0253384121452
155,e,496.2534139667098,496.2534139667098,924.0253384121452,924.0253384121452
156,na,496.2534139667098,496.2534139667098,924.0253384121452,924.0253384121452
157,na,496.2534139667098,496.2534139667098,924.0253384121452,924.0253384121452
158,na,496.2534139667098,496.2534139667098,924.0253384121452,924.0253384121452
159,na,496.2534139667098,496.2534139667098,924.0253384121452,924.0253384121452
160,na,496.2534139667098,496.2534139667098,924.0253384121452,924.0253384121452
161,na,496.2534139667098,496.2534139667098,924.0253384121452,924.0253384121452
162,na,496.2534139667098,496.2534139667098,924.0253384121452,924.0253384121452
163,na,496.2534139667098,496.2534139667098,924.0253384121452,924.0253384121452
164,na,496.2534139667098,496.2534139667098,924.0253384121452,924.0253384121452
165,na,198.01902708032162,221.08179926458956,924.0253384121452,924.0253384121452
166,e,496.2534139667098,496.2534139667098,51.87879598189623,63.72702782377015
167,na,496.2534139667098,496.2534139667098,924.0253384121452,924.0253384121452
168,e,496.2534139667098,496.2534139667098,924.0253384121452,924.0253384121452
169,na,496.2534139667098,496.2534139667098,819.7480865166256,859.5386957436081
170,na,496.2534139667098,496.2534139667098,87.22262512158373,114.60370124032673
171,na,496.2534139667098,496.2534139667098,661.3173424221702,684.4720599490636
172,na,496.2534139667098,496.2534139667098,924.0253384121452,924.0253384121452
173,na,496.2534139667098,496.2534139667098,924.0253384121452,924.0253384121452
174,na,496.2534139667098,496.2534139667098,924.0253384121452,924.0253384121452
175,na,496.2534139667098,496.2534139667098,924.0253384121452,924.0253384121452
176,na,496.2534139667098,496.2534139667098,924.0253384121452,924.0253384121452
177,na,496.2534139667098,496.2534139667098,924.0253384121452,924.0253384121452
178,na,496.2534139667098,496.2534139667098,924.0253384121452,924.0253384121452
179,na,496.2534139667098,496.2534139667098,924.0253384121452,924.0253384121452
180,na,496.2534139667098,496.2534139667098,924.0253384121452,924.0253384121452
181,na,496.2534139667098,496.2534139667098,924.0253384121452,924.0253384121452
182,na,496.2534139667098,496.2534139667098,924.0253384121452,924.0253384121452
183,na,36.50012051298919,45.67924224378429,2.1316434202851076,24.096194493324916
184,na,496.2534139667098,496.2534139667098,924.0253384121452,924.0253384121452
185,e,496.2534139667098,496.2534139667098,924.0253384121452,924.0253384121452
186,na,135.13389943366545,150.84939372258296,924.0253384121452,924.0253384121452
187,na,496.2534139667098,496.2534139667098,924.0253384121452,924.0253384121452
188,na,496.2534139667098,496.2534139667098,924.0253384121452,924.0253384121452
189,na,245.3917731163288,248.01007490494973,924.0253384121452,924.0253384121452
190,na,52.62020067673391,58.83080474526288,87.74266825986399,94.96935591157983
191,na,496.2534139667098,496.2534139667098,924.0253384121452,924.0253384121452
192,na,496.2534139667098,496.2534139667098,924.0253384121452,924.0253384121452
193,na,496.2534139667098,496.2534139667098,924.0253384121452,924.0253384121452
194,na,496.2534139667098,496.2534139667098,924.0253384121452,924.0253384121452
195,na,496.2534139667098,496.2534139667098,924.0253384121452,924.0253384121452
196,na,496.2534139667098,496.2534139667098,924.0253384121452,924.0253384121452
197,na,260.9682286906001,270.17052978221767,924.0253384121452,924.0253384121452
198,na,496.2534139667098,496.2534139667098,924.0253384121452,924.0253384121452
199,na,496.2534139667098,496.2534139667098,924.0253384121452,924.0253384121452
200,na,496.2534139667098,496.2534139667098,924.0253384121452,924.0253384121452
201,na,496.2534139667098,496.2534139667098,924.0253384121452,924.0253384121452
202,na,496.2534139667098,496.2534139667098,924.0253384121452,924.0253384121452
203,na,496.2534139667098,496.2534139667098,924.0253384121452,924.0253384121452
204,na,212.68301540751355,214.61420956136524,924.0253384121452,924.0253384121452
205,na,496.2534139667098,496.2534139667098,924.0253384121452,924.0253384121452
206,na,496.2534139667098,496.2534139667098,924.0253384121452,924.0253384121452
207,na,496.2534139667098,496.2534139667098,924.0253384121452,924.0253384121452
208,na,496.2534139667098,496.2534139667098,924.0253384121452,924.0253384121452
209,na,496.2534139667098,496.2534139667098,338.82976390378315,357.8904733571799
210,na,496.2534139667098,496.2534139667098,924.0253384121452,924.0253384121452
211,na,496.2534139667098,496.2534139667098,924.0253384121452,924.0253384121452
212,na,496.2534139667098,496.2534139667098,924.0253384121452,924.0253384121452
213,na,496.2534139667098,496.2534139667098,924.0253384121452,924.0253384121452
214,na,496.2534139667098,496.2534139667098,924.0253384121452,924.0253384121452
215,na,496.2534139667098,496.2534139667098,924.0253384121452,924.0253384121452
216,na,496.2534139667098,496.2534139667098,924.0253384121452,924.0253384121452
217,na,289.9010091809011,300.4365487687197,924.0253384121452,924.0253384121452
218,na,241.87445413864276,265.98663704530304,924.0253384121452,924.0253384121452
219,na,496.2534139667098,496.2534139667098,924.0253384121452,924.0253384121452
220,na,496.2534139667098,496.2534139667098,924.0253384121452,924.0253384121452
221,na,362.79160492807364,378.6984175438595,924.0253384121452,924.0253384121452
222,na,496.2534139667098,496.2534139667098,302.55665659677294,307.6516910250925
223,na,496.2534139667098,496.2534139667098,713.6266628139775,741.2168277629593
224,na,496.2534139667098,496.2534139667098,924.0253384121452,924.0253384121452
225,na,496.2534139667098,496.2534139667098,924.0253384121452,924.0253384121452
226,na,496.2534139667098,496.2534139667098,924.0253384121452,924.0253384121452
227,na,496.2534139667098,496.2534139667098,75.22074229335537,80.15813041917323
228,na,496.2534139667098,496.2534139667098,924.0253384121452,924.0253384121452
229,na,496.2534139667098,496.2534139667098,924.0253384121452,924.0253384121452
230,na,496.2534139667098,496.2534139667098,924.0253384121452,924.0253384121452
231,na,496.2534139667098,496.2534139667098,924.0253384121452,924.0253384121452
232,na,496.2534139667098,496.2534139667098,924.0253384121452,924.0253384121452
233,na,496.2534139667098,496.2534139667098,924.0253384121452,924.0253384121452
234,na,496.2534139667098,496.2534139667098,745.9156169541012,752.6385615813917
235,na,48.45170419335475,51.31864557834795,924.0253384121452,924.0253384121452
236,na,496.2534139667098,496.2534139667098,924.0253384121452,924.0253384121452
237,na,496.2534139667098,496.2534139667098,924.0253384121452,924.0253384121452
238,na,496.2534139667098,496.2534139667098,924.0253384121452,924.0253384121452
239,na,496.2534139667098,496.2534139667098,283.7037814767517,293.09443846562135
240,na,496.2534139667098,496.2534139667098,3.1630298362619227,22.631374690319575
241,e,496.2534139667098,496.2534139667098,924.0253384121452,924.0253384121452
242,na,496.2534139667098,496.2534139667098,924.0253384121452,924.0253384121452
243,na,496.2534139667098,496.2534139667098,924.0253384121452,924.0253384121452
244,na,496.2534139667098,496.2534139667098,924.0253384121452,924.0253384121452
245,na,496.2534139667098,496.2534139667098,924.0253384121452,924.0253384121452
246,na,496.2534139667098,496.2534139667098,799.6352219296909,803.5852480703194
247,na,496.2534139667098,496.2534139667098,422.46558245655064,428.5704934697383
248,na,38.55804074583229,56.96746198852533,924.0253384121452,924.0253384121452
249,na,496.2534139667098,496.2534139667098,924.0253384121452,924.0253384121452
250,na,496.2534139667098,496.2534139667098,924.0253384121452,924.0253384121452
251,na,496.2534139667098,496.2534139667098,924.0253384121452,924.0253384121452
252,na,496.2534139667098,496.2534139667098,316.73723787399757,319.2466071325766
253,na,496.2534139667098,496.2534139667098,924.0253384121452,924.0253384121452
254,na,496.2534139667098,496.2534139667098,924.0253384121452,924.0253384121452
255,e,496.2534139667098,496.2534139667098,651.0286805759697,681.5764352065324
256,na,496.2534139667098,496.2534139667098,924.0253384121452,924.0253384121452
257,na,496.2534139667098,496.2534139667098,924.0253384121452,924.0253384121452
258,na,496.2534139667098,496.2534139667098,924.0253384121452,924.0253384121452
259,na,496.2534139667098,496.2534139667098,924.0253384121452,924.0253384121452
260,e,112.971682439118,120.29159963889492,924.0253384121452,924.0253384121452
261,na,496.2534139667098,496.2534139667098,924.0253384121452,924.0253384121452
262,na,496.2534139667098,496.2534139667098,924.0253384121452,924.0253384121452
263,na,496.2534139667098,496.2534139667098,924.0253384121452,924.0253384121452
264,na,496.2534139667098,496.2534139667098,924.0253384121452,924.0253384121452
265,na,496.2534139667098,496.2534139667098,66.47909867901903,80.1233835273509
266,na,496.2534139667098,496.2534139667098,924.0253384121452,924.0253384121452
267,na,496.2534139667098,496.2534139667098,924.0253384121452,924.0253384121452
268,na,496.2534139667098,496.2534139667098,924.0253384121452,924.0253384121452
269,na,327.3996231777829,332.54039738856557,924.0253384121452,924.0253384121452
270,na,496.2534139667098,496.2534139667098,924.0253384121452,924.0253384121452
271,na,496.2534139667098,496.2534139667098,924.0253384121452,924.0253384121452
272,na,496.2534139667098,496.2534139667098,924.0253384121452,924.0253384121452
273,na,496.2534139667098,496.2534139667098,924.0253384121452,924.0253384121452
274,na,496.2534139667098,496.2534139667098,651.8016373838988,654.6453555828829
275,na,496.2534139667098,496.2534139667098,924.0253384121452,924.0253384121452
276,na,496.2534139667098,496.2534139667098,924.0253384121452,924.0253384121452
277,na,496.2534139667098,496.2534139667098,924.0253384121452,924.0253384121452
278,na,496.2534139667098,496.2534139667098,924.0253384121452,924.0253384121452
279,na,496.2534139667098,496.2534139667098,757.6141440470708,765.3022116544497
280,na,496.2534139667098,496.2534139667098,924.0253384121452,924.0253384121452
281,na,3.698626934451917,11.293703605972269,647.1449809201504,655.6580862482678
282,na,286.9343988532491,299.67960422633763,924.0253384121452,924.0253384121452
283,na,496.2534139667098,496.2534139667098,924.0253384121452,924.0253384121452
284,na,496.2534139667098,496.2534139667098,924.0253384121452,924.0253384121452
285,e,171.95720513255733,185.3031871197192,924.0253384121452,924.0253384121452
286,na,496.2534139667098,496.2534139667098,924.0253384121452,924.0253384121452
287,na,496.2534139667098,496.2534139667098,924.0253384121452,924.0253384121452
288,na,496.2534139667098,496.2534139667098,924.0253384121452,924.0253384121452
289,na,496.2534139667098,496.2534139667098,924.0253384121452,924.0253384121452
290,e,496.2534139667098,496.2534139667098,226.29091022876386,295.4013227875652
291,na,496.2534139667098,496.2534139667098,924.0253384121452,924.0253384121452
292,na,496.2534139667098,496.2534139667098,924.0253384121452,924.0253384121452
293,na,496.2534139667098,496.2534139667098,924.0253384121452,924.0253384121452
294,na,496.2534139667098,496.2534139667098,924.0253384121452,924.0253384121452
295,na,496.2534139667098,496.2534139667098,924.0253384121452,924.0253384121452
296,e,496.2534139667098,496.2534139667098,924.0253384121452,924.0253384121452
297,na,82.30950961391733,91.59637426258783,924.0253384121452,924.0253384121452
298,na,496.2534139667098,496.2534139667098,924.0253384121452,924.0253384121452
299,e,496.2534139667098,496.2534139667098,924.0253384121452,924.0253384121452
300,na,496.2534139667098,496.2534139667098,924.0253384121452,924.0253384121452
301,na,496.2534139667098,496.2534139667098,924.0253384121452,924.0253384121452
302,na,259.57899270363805,268.8973682215608,924.0253384121452,924.0253384121452
303,na,496.2534139667098,496.2534139667098,924.0253384121452,924.0253384121452
304,na,496.2534139667098,496.2534139667098,924.0253384121452,924.0253384121452
305,na,496.2534139667098,496.2534139667098,924.0253384121452,924.0253384121452
306,na,496.2534139667098,496.2534139667098,924.0253384121452,924.0253384121452
307,na,496.2534139667098,496.2534139667098,924.0253384121452,924.0253384121452
308,na,496.2534139667098,496.2534139667098,924.0253384121452,924.0253384121452
309,na,496.2534139667098,496.2534139667098,924.0253384121452,924.0253384121452
310,na,496.2534139667098,496.2534139667098,163.97831809107583,172.8390872164503
311,na,110.15145628482261,120.43534765177046,924.0253384121452,924.0253384121452
312,na,139.55948682216433,144.68011248180431,924.0253384121452,924.0253384121452
313,na,496.2534139667098,496.2534139667098,924.0253384121452,924.0253384121452
314,na,496.2534139667098,496.2534139667098,924.0253384121452,924.0253384121452
315,na,496.2534139667098,496.2534139667098,924.0253384121452,924.0253384121452
316,na,496.2534139667098,496.2534139667098,924.0253384121452,924.0253384121452
317,na,496.2534139667098,496.2534139667098,727.4880334786264,735.642168348407
318,na,496.2534139667098,496.2534139667098,924.0253384121452,924.0253384121452
319,na,496.2534139667098,496.2534139667098,924.0253384121452,924.0253384121452
320,na,496.2534139667098,496.2534139667098,924.0253384121452,924.0253384121452
321,na,496.2534139667098,496.2534139667098,136.70505016706167,149.2740301324712
322,na,496.2534139667098,496.2534139667098,924.0253384121452,924.0253384121452
323,na,496.2534139667098,496.2534139667098,924.0253384121452,924.0253384121452
324,na,496.2534139667098,496.2534139667098,680.6110215241059,687.0240614097866
325,na,496.2534139667098,496.2534139667098,924.0253384121452,924.0253384121452
326,na,176.2750960852873,182.10202535185397,924.0253384121452,924.0253384121452
327,na,496.2534139667098,496.2534139667098,924.0253384121452,924.0253384121452
328,na,295.37598230404956,320.1135286619133,924.0253384121452,924.0253384121452
329,na,496.2534139667098,496.2534139667098,924.0253384121452,924.0253384121452
330,na,229.04037501853594,252.7039924169824,0.7505638686844595,13.136687987684091
331,na,496.2534139667098,496.2534139667098,924.0253384121452,924.0253384121452
332,na,496.2534139667098,496.2534139667098,924.0253384121452,924.0253384121452
333,na,496.2534139667098,496.2534139667098,924.0253384121452,924.0253384121452
334,na,496.2534139667098,496.2534139667098,924.0253384121452,924.0253384121452
335,e,496.2534139667098,496.2534139667098,924.0253384121452,924.0253384121452
336,e,496.2534139667098,496.2534139667098,924.0253384121452,924.0253384121452
337,na,496.2534139667098,496.2534139667098,924.0253384121452,924.0253384121452
338,na,496.2534139667098,496.2534139667098,924.0253384121452,924.0253384121452
339,na,496.2534139667098,496.2534139667098,743.9840100653842,763.2275674863789
340,na,496.2534139667098,496.2534139667098,924.0253384121452,924.0253384121452
341,na,496.2534139667098,496.2534139667098,924.0253384121452,924.0253384121452
342,na,496.2534139667098,496.2534139667098,924.0253384121452,924.0253384121452
343,na,496.2534139667098,496.2534139667098,342.714004232193,366.9772425384007
344,na,496.2534139667098,496.2534139667098,924.0253384121452,924.0253384121452
345,na,496.2534139667098,496.2534139667098,924.0253384121452,924.0253384121452
346,na,496.2534139667098,496.2534139667098,924.0253384121452,924.0253384121452
347,e,496.2534139667098,496.2534139667098,924.0253384121452,924.0253384121452
348,na,496.2534139667098,496.2534139667098,924.0253384121452,924.0253384121452
349,na,496.2534139667098,496.2534139667098,316.73046091871413,331.7139859726677
350,na,496.2534139667098,496.2534139667098,924.0253384121452,924.0253384121452
351,na,496.2534139667098,496.2534139667098,924.0253384121452,924.0253384121452
352,na,496.2534139667098,496.2534139667098,924.0253384121452,924.0253384121452
353,na,496.2534139667098,496.2534139667098,673.774873478045,689.7602845847952
354,na,496.2534139667098,496.2534139667098,924.0253384121452,924.0253384121452
355,na,496.2534139667098,496.2534139667098,924.0253384121452,924.0253384121452
356,na,496.2534139667098,496.2534139667098,53.46523757459972,63.9422859601068
357,na,496.2534139667098,496.2534139667098,924.0253384121452,924.0253384121452
358,na,496.2534139667098,496.2534139667098,924.0253384121452,924.0253384121452
359,na,496.2534139667098,496.2534139667098,924.0253384121452,924.0253384121452
360,na,496.2534139667098,496.2534139667098,760.5846188775183,762.239131773384
361,na,496.2534139667098,496.2534139667098,924.0253384121452,924.0253384121452
362,na,496.2534139667098,496.2534139667098,924.0253384121452,924.0253384121452
363,na,496.2534139667098,496.2534139667098,768.1179990834721,775.3691064824043
364,na,496.2534139667098,496.2534139667098,924.0253384121452,924.0253384121452
365,na,496.2534139667098,496.2534139667098,924.0253384121452,924.0253384121452
366,na,26.56749592350144,55.77189440218204,924.0253384121452,924.0253384121452
367,e,496.2534139667098,496.2534139667098,924.0253384121452,924.0253384121452
368,e,496.2534139667098,496.2534139667098,924.0253384121452,924.0253384121452
369,na,496.2534139667098,496.2534139667098,924.0253384121452,924.0253384121452
370,na,496.2534139667098,496.2534139667098,924.0253384121452,924.0253384121452
371,na,496.2534139667098,496.2534139667098,924.0253384121452,924.0253384121452
372,na,496.2534139667098,496.2534139667098,924.0253384121452,924.0253384121452
373,na,304.0659557227587,318.04097601924923,924.0253384121452,924.0253384121452
374,e,496.2534139667098,496.2534139667098,924.0253384121452,924.0253384121452
375,na,496.2534139667098,496.2534139667098,924.0253384121452,924.0253384121452
376,na,496.2534139667098,496.2534139667098,924.0253384121452,924.0253384121452
377,na,496.2534139667098,496.2534139667098,924.0253384121452,924.0253384121452
378,na,496.2534139667098,496.2534139667098,924.0253384121452,924.0253384121452
379,na,496.2534139667098,496.2534139667098,924.0253384121452,924.0253384121452
380,na,496.2534139667098,496.2534139667098,924.0253384121452,924.0253384121452
381,na,496.2534139667098,496.2534139667098,924.0253384121452,924.0253384121452
382,na,496.2534139667098,496.2534139667098,924.0253384121452,924.0253384121452
383,na,496.2534139667098,496.2534139667098,924.0253384121452,924.0253384121452
384,na,496.2534139667098,496.2534139667098,924.0253384121452,924.0253384121452
385,na,496.2534139667098,496.2534139667098,924.0253384121452,924.0253384121452
386,na,496.2534139667098,496.2534139667098,924.0253384121452,924.0253384121452
387,na,496.2534139667098,496.2534139667098,924.0253384121452,924.0253384121452
388,na,496.2534139667098,496.2534139667098,924.0253384121452,924.0253384121452
389,na,496.2534139667098,496.2534139667098,924.0253384121452,924.0253384121452
390,na,496.2534139667098,496.2534139667098,924.0253384121452,924.0253384121452
391,na,496.2534139667098,496.2534139667098,795.6423316365069,806.0929453639444
392,na,496.2534139667098,496.2534139667098,924.0253384121452,924.0253384121452
393,na,496.2534139667098,496.2534139667098,924.0253384121452,924.0253384121452
394,na,496.2534139667098,496.2534139667098,924.0253384121452,924.0253384121452
395,na,496.2534139667098,496.2534139667098,924.0253384121452,924.0253384121452
396,na,496.2534139667098,496.2534139667098,679.5949971215277,684.2888567829244
397,na,496.2534139667098,496.2534139667098,924.0253384121452,924.0253384121452
398,na,496.2534139667098,496.2534139667098,924.0253384121452,924.0253384121452
399,na,496.2534139667098,496.2534139667098,924.0253384121452,924.0253384121452
400,e,496.2534139667098,496.2534139667098,924.0253384121452,924.0253384121452
401,na,496.2534139667098,496.2534139667098,924.0253384121452,924.0253384121452
402,na,496.2534139667098,496.2534139667098,924.0253384121452,924.0253384121452
403,na,496.2534139667098,496.2534139667098,924.0253384121452,924.0253384121452
404,na,496.2534139667098,496.2534139667098,924.0253384121452,924.0253384121452
405,na,496.2534139667098,496.2534139667098,65.11938043406806,77.81812783970958
406,na,496.2534139667098,496.2534139667098,924.0253384121452,924.0253384121452
407,na,496.2534139667098,496.2534139667098,307.18938210561026,354.42933724536
408,na,352.5343273159093,360.0981766758569,924.0253384121452,924.0253384121452
409,e,496.2534139667098,496.2534139667098,924.0253384121452,924.0253384121452
410,na,496.2534139667098,496.2534139667098,924.0253384121452,924.0253384121452
411,na,496.2534139667098,496.2534139667098,924.0253384121452,924.0253384121452
412,na,496.2534139667098,496.2534139667098,699.0015150857121,705.7763327732303
413,na,496.2534139667098,496.2534139667098,924.0253384121452,924.0253384121452
414,na,496.2534139667098,496.2534139667098,45.479974433277654,68.76590050224608
415,na,496.2534139667098,496.2534139667098,924.0253384121452,924.0253384121452
416,na,496.2534139667098,496.2534139667098,924.0253384121452,924.0253384121452
417,na,496.2534139667098,496.2534139667098,924.0253384121452,924.0253384121452
418,na,496.2534139667098,496.2534139667098,924.0253384121452,924.0253384121452
419,na,496.2534139667098,496.2534139667098,924.0253384121452,924.0253384121452
420,na,496.2534139667098,496.2534139667098,924.0253384121452,924.0253384121452
421,na,496.2534139667098,496.2534139667098,924.0253384121452,924.0253384121452
422,na,496.2534139667098,496.2534139667098,386.4450192934415,427.0798367258682
423,na,496.2534139667098,496.2534139667098,924.0253384121452,924.0253384121452
424,na,496.2534139667098,496.2534139667098,641.951730836284,649.3003713820374
425,na,496.2534139667098,496.2534139667098,924.0253384121452,924.0253384121452
426,na,496.2534139667098,496.2534139667098,924.0253384121452,924.0253384121452
427,na,496.2534139667098,496.2534139667098,192.70365819412785,200.9921064683831
428,na,496.2534139667098,496.2534139667098,924.0253384121452,924.0253384121452
429,na,496.2534139667098,496.2534139667098,924.0253384121452,924.0253384121452
430,e,496.2534139667098,496.2534139667098,924.0253384121452,924.0253384121452
431,na,496.2534139667098,496.2534139667098,924.0253384121452,924.0253384121452
432,e,496.2534139667098,496.2534139667098,924.0253384121452,924.0253384121452
433,na,496.2534139667098,496.2534139667098,924.0253384121452,924.0253384121452
434,na,-1,0,-1,0
435,na,223.69930901022445,224.47642216090838,924.0253384121452,924.0253384121452
436,na,496.2534139667098,496.2534139667098,924.0253384121452,924.0253384121452
437,na,496.2534139667098,496.2534139667098,924.0253384121452,924.0253384121452
438,na,496.2534139667098,496.2534139667098,222.29476487607027,232.1092843389103
439,na,496.2534139667098,496.2534139667098,924.0253384121452,924.0253384121452
440,na,496.2534139667098,496.2534139667098,924.0253384121452,924.0253384121452
441,na,496.2534139667098,496.2534139667098,924.0253384121452,924.0253384121452
442,e,496.2534139667098,496.2534139667098,924.0253384121452,924.0253384121452
443,na,496.2534139667098,496.2534139667098,924.0253384121452,924.0253384121452
444,na,496.2534139667098,496.2534139667098,924.0253384121452,924.0253384121452
445,na,496.2534139667098,496.2534139667098,87.1108662061501,100.03952218975553
446,na,496.2534139667098,496.2534139667098,924.0253384121452,924.0253384121452
447,na,496.2534139667098,496.2534139667098,924.0253384121452,924.0253384121452
448,na,496.2534139667098,496.2534139667098,924.0253384121452,924.0253384121452
449,na,496.2534139667098,496.2534139667098,924.0253384121452,924.0253384121452
450,na,51.42020538554873,57.73639373385223,924.0253384121452,924.0253384121452
451,na,496.2534139667098,496.2534139667098,924.0253384121452,924.0253384121452
452,na,496.2534139667098,496.2534139667098,924.0253384121452,924.0253384121452
453,na,375.01874317342674,378.3926976897779,924.0253384121452,924.0253384121452
454,na,496.2534139667098,496.2534139667098,924.0253384121452,924.0253384121452
455,na,301.32701473483627,307.6350954472312,924.0253384121452,924.0253384121452
456,na,496.2534139667098,496.2534139667098,924.0253384121452,924.0253384121452
457,na,496.2534139667098,496.2534139667098,924.0253384121452,924.0253384121452
458,na,496.2534139667098,496.2534139667098,177.78974774855604,188.17846651995848
459,na,191.01318928741793,196.22458737538588,924.0253384121452,924.0253384121452
460,na,496.2534139667098,496.2534139667098,924.0253384121452,924.0253384121452
461,na,496.2534139667098,496.2534139667098,924.0253384121452,924.0253384121452
462,na,496.2534139667098,496.2534139667098,924.0253384121452,924.0253384121452
463,na,346.3902155736181,349.28438902976086,924.0253384121452,924.0253384121452
464,na,496.2534139667098,496.2534139667098,924.0253384121452,924.0253384121452
465,e,496.2534139667098,496.2534139667098,924.0253384121452,924.0253384121452
466,na,496.2534139667098,496.2534139667098,924.0253384121452,924.0253384121452
467,na,4.462112258752446,15.728783598043707,924.0253384121452,924.0253384121452
468,na,496.2534139667098,496.2534139667098,924.0253384121452,924.0253384121452
469,na,163.12444655085562,170.33658822790653,924.0253384121452,924.0253384121452
470,na,496.2534139667098,496.2534139667098,924.0253384121452,924.0253384121452
471,na,496.2534139667098,496.2534139667098,338.0960524713013,342.93264884180184
472,na,496.2534139667098,496.2534139667098,924.0253384121452,924.0253384121452
473,na,0,4.836274900638448,0,23.9805824708033
474,na,496.2534139667098,496.2534139667098,924.0253384121452,924.0253384121452
475,na,496.2534139667098,496.2534139667098,924.0253384121452,924.0253384121452
476,na,496.2534139667098,496.2534139667098,924.0253384121452,924.0253384121452
477,na,496.2534139667098,496.2534139667098,924.0253384121452,924.0253384121452
478,na,377.723673009917,383.65647991725496,924.0253384121452,924.0253384121452
479,na,496.2534139667098,496.2534139667098,924.0253384121452,924.0253384121452
480,na,496.2534139667098,496.2534139667098,924.0253384121452,924.0253384121452
481,na,301.31446374992595,320.72528534303564,924.0253384121452,924.0253384121452
482,na,496.2534139667098,496.2534139667098,924.0253384121452,924.0253384121452
483,na,496.2534139667098,496.2534139667098,924.0253384121452,924.0253384121452
484,e,317.98252788285157,324.096062265905,924.0253384121452,924.0253384121452
485,na,496.2534139667098,496.2534139667098,48.1026030708833,59.794444540036125
486,na,496.2534139667098,496.2534139667098,924.0253384121452,924.0253384121452
487,na,496.2534139667098,496.2534139667098,924.0253384121452,924.0253384121452
488,na,496.2534139667098,496.2534139667098,924.0253384121452,924.0253384121452
489,na,496.2534139667098,496.2534139667098,924.0253384121452,924.0253384121452
490,na,496.2534139667098,496.2534139667098,644.1837559485286,653.2721364434392
491,na,78.12332550494895,87.71315520101474,258.7525336493763,286.5498834723394
492,na,496.2534139667098,496.2534139667098,924.0253384121452,924.0253384121452
493,na,496.2534139667098,496.2534139667098,207.67868785976054,220.60643577647122
494,na,496.2534139667098,496.2534139667098,924.0253384121452,924.0253384121452
495,na,496.2534139667098,496.2534139667098,924.0253384121452,924.0253384121452
496,na,496.2534139667098,496.2534139667098,924.0253384121452,924.0253384121452
497,na,496.2534139667098,496.2534139667098,924.0253384121452,924.0253384121452
498,na,496.2534139667098,496.2534139667098,818.4090812099993,819.4950196128817
499,na,496.2534139667098,496.2534139667098,924.0253384121452,924.0253384121452
500,na,496.2534139667098,496.2534139667098,684.2391708813873,690.4088440724754
501,na,496.2534139667098,496.2534139667098,924.0253384121452,924.0253384121452
502,na,76.20212694355946,85.11319266810762,630.0966720998131,658.2153466245262
503,na,496.2534139667098,496.2534139667098,924.0253384121452,924.0253384121452
504,na,496.2534139667098,496.2534139667098,924.0253384121452,924.0253384121452
505,e,496.2534139667098,496.2534139667098,267.7536702102096,280.31348624342246
506,na,407.01096349848723,411.10073300748235,924.0253384121452,924.0253384121452
507,na,496.2534139667098,496.2534139667098,924.0253384121452,924.0253384121452
508,na,496.2534139667098,496.2534139667098,924.0253384121452,924.0253384121452
509,na,496.2534139667098,496.2534139667098,924.0253384121452,924.0253384121452
510,na,496.2534139667098,496.2534139667098,924.0253384121452,924.0253384121452
511,na,496.2534139667098,496.2534139667098,924.0253384121452,924.0253384121452
512,na,496.2534139667098,496.2534139667098,924.0253384121452,924.0253384121452
513,na,282.0289384917614,285.2607319019335,924.0253384121452,924.0253384121452
514,na,496.2534139667098,496.2534139667098,53.043549981224814,63.255868223316355
515,na,496.2534139667098,496.2534139667098,924.0253384121452,924.0253384121452
516,na,496.2534139667098,496.2534139667098,924.0253384121452,924.0253384121452
517,na,496.2534139667098,496.2534139667098,924.0253384121452,924.0253384121452
518,na,496.2534139667098,496.2534139667098,101.68507478638193,106.89153699385399
519,na,496.2534139667098,496.2534139667098,41.43588974737218,68.89099629810408
520,na,496.2534139667098,496.2534139667098,61.79823661677266,68.42230221505712
521,na,496.2534139667098,496.2534139667098,924.0253384121452,924.0253384121452
522,na,496.2534139667098,496.2534139667098,924.0253384121452,924.0253384121452
523,na,496.2534139667098,496.2534139667098,924.0253384121452,924.0253384121452
524,na,496.2534139667098,496.2534139667098,420.3162298253423,456.96318793750044
525,na,496.2534139667098,496.2534139667098,924.0253384121452,924.0253384121452
526,na,496.2534139667098,496.2534139667098,924.0253384121452,924.0253384121452
527,na,496.2534139667098,496.2534139667098,924.0253384121452,924.0253384121452
528,na,496.2534139667098,496.2534139667098,924.0253384121452,924.0253384121452
529,na,302.32514291984404,308.7687147811307,924.0253384121452,924.0253384121452
530,na,496.2534139667098,496.2534139667098,924.0253384121452,924.0253384121452
531,na,496.2534139667098,496.2534139667098,924.0253384121452,924.0253384121452
532,na,496.2534139667098,496.2534139667098,924.0253384121452,924.0253384121452
533,e,496.2534139667098,496.2534139667098,924.0253384121452,924.0253384121452
534,na,496.2534139667098,496.2534139667098,924.0253384121452,924.0253384121452
535,na,496.2534139667098,496.2534139667098,924.0253384121452,924.0253384121452
536,na,496.2534139667098,496.2534139667098,924.0253384121452,924.0253384121452
537,e,496.2534139667098,496.2534139667098,924.0253384121452,924.0253384121452
538,na,55.99707493314216,60.98856789971748,924.0253384121452,924.0253384121452
539,e,334.7759984238048,352.270380842047,924.0253384121452,924.0253384121452
540,e,496.2534139667098,496.2534139667098,924.0253384121452,924.0253384121452
541,e,496.2534139667098,496.2534139667098,924.0253384121452,924.0253384121452
542,na,126.7275365044576,133.52725676026944,924.0253384121452,924.0253384121452
543,na,496.2534139667098,496.2534139667098,924.0253384121452,924.0253384121452
544,na,496.2534139667098,496.2534139667098,924.0253384121452,924.0253384121452
545,na,496.2534139667098,496.2534139667098,924.0253384121452,924.0253384121452
546,na,496.2534139667098,496.2534139667098,924.0253384121452,924.0253384121452
547,na,496.2534139667098,496.2534139667098,924.0253384121452,924.0253384121452
548,na,496.2534139667098,496.2534139667098,924.0253384121452,924.0253384121452
549,na,496.2534139667098,496.2534139667098,924.0253384121452,924.0253384121452
550,na,496.2534139667098,496.2534139667098,924.0253384121452,924.0253384121452
551,na,496.2534139667098,496.2534139667098,924.0253384121452,924.0253384121452
552,na,496.2534139667098,496.2534139667098,924.0253384121452,924.0253384121452
553,na,496.2534139667098,496.2534139667098,924.0253384121452,924.0253384121452
554,na,496.2534139667098,496.2534139667098,924.0253384121452,924.0253384121452
555,na,496.2534139667098,496.2534139667098,924.0253384121452,924.0253384121452
556,na,496.2534139667098,496.2534139667098,924.0253384121452,924.0253384121452
557,na,35.12182417120094,37.62714174201885,924.0253384121452,924.0253384121452
558,na,496.2534139667098,496.2534139667098,924.0253384121452,924.0253384121452
559,na,496.2534139667098,496.2534139667098,657.2061305332844,684.9064724974785
560,na,496.2534139667098,496.2534139667098,924.0253384121452,924.0253384121452
561,na,496.2534139667098,496.2534139667098,924.0253384121452,924.0253384121452
562,na,496.2534139667098,496.2534139667098,924.0253384121452,924.0253384121452
563,na,496.2534139667098,496.2534139667098,924.0253384121452,924.0253384121452
564,na,496.2534139667098,496.2534139667098,924.0253384121452,924.0253384121452
565,na,496.2534139667098,496.2534139667098,924.0253384121452,924.0253384121452
566,na,496.2534139667098,496.2534139667098,924.0253384121452,924.0253384121452
567,e,496.2534139667098,496.2534139667098,924.0253384121452,924.0253384121452
568,na,496.2534139667098,496.2534139667098,924.0253384121452,924.0253384121452
569,na,496.2534139667098,496.2534139667098,924.0253384121452,924.0253384121452
570,na,496.2534139667098,496.2534139667098,755.1167833401236,775.4422226238722
571,e,496.2534139667098,496.2534139667098,924.0253384121452,924.0253384121452
572,na,496.2534139667098,496.2534139667098,924.0253384121452,924.0253384121452
573,na,496.2534139667098,496.2534139667098,924.0253384121452,924.0253384121452
574,na,496.2534139667098,496.2534139667098,924.0253384121452,924.0253384121452
575,na,496.2534139667098,496.2534139667098,924.0253384121452,924.0253384121452
576,na,496.2534139667098,496.2534139667098,924.0253384121452,924.0253384121452
577,na,496.2534139667098,496.2534139667098,924.0253384121452,924.0253384121452
578,na,496.2534139667098,496.2534139667098,924.0253384121452,924.0253384121452
579,na,496.2534139667098,496.2534139667098,924.0253384121452,924.0253384121452
580,na,496.2534139667098,496.2534139667098,924.0253384121452,924.0253384121452
581,na,496.2534139667098,496.2534139667098,924.0253384121452,924.0253384121452
582,na,496.2534139667098,496.2534139667098,924.0253384121452,924.0253384121452
583,e,496.2534139667098,496.2534139667098,924.0253384121452,924.0253384121452
584,na,496.2534139667098,496.2534139667098,924.0253384121452,924.0253384121452
585,na,96.43176846298782,101.32218987387064,924.0253384121452,924.0253384121452
586,na,496.2534139667098,496.2534139667098,924.0253384121452,924.0253384121452
587,na,106.71850281506046,120.1615336779425,924.0253384121452,924.0253384121452
588,na,496.2534139667098,496.2534139667098,924.0253384121452,924.0253384121452
589,na,496.2534139667098,496.2534139667098,924.0253384121452,924.0253384121452
590,na,496.2534139667098,496.2534139667098,924.0253384121452,924.0253384121452
591,na,496.2534139667098,496.2534139667098,924.0253384121452,924.0253384121452
592,na,496.2534139667098,496.2534139667098,797.6088519158925,815.4956532510246
593,na,496.2534139667098,496.2534139667098,924.0253384121452,924.0253384121452
594,na,244.91292309833523,249.36385131509712,924.0253384121452,924.0253384121452
595,na,496.2534139667098,496.2534139667098,924.0253384121452,924.0253384121452
596,na,496.2534139667098,496.2534139667098,924.0253384121452,924.0253384121452
597,na,43.21020382061481,44.96508081978589,924.0253384121452,924.0253384121452
598,na,127.03634228217925,149.87729336992777,710.5975197262642,746.457679368805
599,na,496.2534139667098,496.2534139667098,323.7400511318869,332.90833708045506
600,na,496.2534139667098,496.2534139667098,924.0253384121452,924.0253384121452
601,na,496.2534139667098,496.2534139667098,924.0253384121452,924.0253384121452
602,na,496.2534139667098,496.2534139667098,924.0253384121452,924.0253384121452
603,na,496.2534139667098,496.2534139667098,924.0253384121452,924.0253384121452
604,na,496.2534139667098,496.2534139667098,924.0253384121452,924.0253384121452
605,na,496.2534139667098,496.2534139667098,924.0253384121452,924.0253384121452
606,na,496.2534139667098,496.2534139667098,924.0253384121452,924.0253384121452
607,na,108.99960368735695,127.09218132909736,924.0253384121452,924.0253384121452
608,na,496.2534139667098,496.2534139667098,924.0253384121452,924.0253384121452
609,na,496.2534139667098,496.2534139667098,924.0253384121452,924.0253384121452
610,e,496.2534139667098,496.2534139667098,924.0253384121452,924.0253384121452
611,na,496.2534139667098,496.2534139667098,301.39784170936946,309.6612307851109
612,na,496.2534139667098,496.2534139667098,924.0253384121452,924.0253384121452
613,na,496.2534139667098,496.2534139667098,179.61506039139059,184.77626960622482
614,na,496.2534139667098,496.2534139667098,924.0253384121452,924.0253384121452
615,na,496.2534139667098,496.2534139667098,181.84296650641448,199.55588160240217
616,na,496.2534139667098,496.2534139667098,924.0253384121452,924.0253384121452
617,na,264.8136359853381,280.09847526294936,924.0253384121452,924.0253384121452
618,na,496.2534139667098,496.2534139667098,924.0253384121452,924.0253384121452
619,e,496.2534139667098,496.2534139667098,924.0253384121452,924.0253384121452
620,na,496.2534139667098,496.2534139667098,924.0253384121452,924.0253384121452
621,na,496.2534139667098,496.2534139667098,924.0253384121452,924.0253384121452
622,na,496.2534139667098,496.2534139667098,924.0253384121452,924.0253384121452
623,na,496.2534139667098,496.2534139667098,924.0253384121452,924.0253384121452
624,e,165.74426219126434,168.8805047097694,924.0253384121452,924.0253384121452
625,na,496.2534139667098,496.2534139667098,924.0253384121452,924.0253384121452
626,na,496.2534139667098,496.2534139667098,924.0253384121452,924.0253384121452
627,na,496.2534139667098,496.2534139667098,924.0253384121452,924.0253384121452
628,na,496.2534139667098,496.2534139667098,276.02411766263566,277.1308965497794
629,e,496.2534139667098,496.2534139667098,924.0253384121452,924.0253384121452
630,na,496.2534139667098,496.2534139667098,924.0253384121452,924.0253384121452
631,na,496.2534139667098,496.2534139667098,924.0253384121452,924.0253384121452
632,na,496.2534139667098,496.2534139667098,924.0253384121452,924.0253384121452
633,na,282.72116354824055,284.11524403097275,924.0253384121452,924.0253384121452
634,na,496.2534139667098,496.2534139667098,924.0253384121452,924.0253384121452
635,e,496.2534139667098,496.2534139667098,644.8542763777931,653.8863831963449
636,na,496.2534139667098,496.2534139667098,924.0253384121452,924.0253384121452
637,na,496.2534139667098,496.2534139667098,924.0253384121452,924.0253384121452
638,na,496.2534139667098,496.2534139667098,924.0253384121452,924.0253384121452
639,na,496.2534139667098,496.2534139667098,924.0253384121452,924.0253384121452
640,na,496.2534139667098,496.2534139667098,924.0253384121452,924.0253384121452
641,na,496.2534139667098,496.2534139667098,924.0253384121452,924.0253384121452
642,na,496.2534139667098,496.2534139667098,924.0253384121452,924.0253384121452
643,na,496.2534139667098,496.2534139667098,924.0253384121452,924.0253384121452
644,na,496.2534139667098,496.2534139667098,924.0253384121452,924.0253384121452
645,na,496.2534139667098,496.2534139667098,924.0253384121452,924.0253384121452
646,na,496.2534139667098,496.2534139667098,289.3156978373486,291.7358678402637
647,na,496.2534139667098,496.2534139667098,924.0253384121452,924.0253384121452
648,e,496.2534139667098,496.2534139667098,924.0253384121452,924.0253384121452
649,na,496.2534139667098,496.2534139667098,924.0253384121452,924.0253384121452
650,na,234.13126527018912,246.4120171710548,924.0253384121452,924.0253384121452
651,na,496.2534139667098,496.2534139667098,924.0253384121452,924.0253384121452
652,na,496.2534139667098,496.2534139667098,924.0253384121452,924.0253384121452
653,na,496.2534139667098,496.2534139667098,924.0253384121452,924.0253384121452
654,na,496.2534139667098,496.2534139667098,924.0253384121452,924.0253384121452
655,na,496.2534139667098,496.2534139667098,424.07158505142013,431.46088069055156
656,na,496.2534139667098,496.2534139667098,41.58382305518614,54.117661374277844
657,na,496.2534139667098,496.2534139667098,924.0253384121452,924.0253384121452
658,na,496.2534139667098,496.2534139667098,924.0253384121452,924.0253384121452
659,na,496.2534139667098,496.2534139667098,673.8974879380577,680.8793365995407
660,na,496.2534139667098,496.2534139667098,924.0253384121452,924.0253384121452
661,na,496.2534139667098,496.2534139667098,924.0253384121452,924.0253384121452
662,na,496.2534139667098,496.2534139667098,924.0253384121452,924.0253384121452
663,na,496.2534139667098,496.2534139667098,924.0253384121452,924.0253384121452
664,na,496.2534139667098,496.2534139667098,924.0253384121452,924.0253384121452
665,na,496.2534139667098,496.2534139667098,44.87074779454776,46.672604023553426
666,na,496.2534139667098,496.2534139667098,924.0253384121452,924.0253384121452
667,na,496.2534139667098,496.2534139667098,924.0253384121452,924.0253384121452
668,na,496.2534139667098,496.2534139667098,924.0253384121452,924.0253384121452
669,na,496.2534139667098,496.2534139667098,924.0253384121452,924.0253384121452
670,na,496.2534139667098,496.2534139667098,924.0253384121452,924.0253384121452
671,na,496.2534139667098,496.2534139667098,924.0253384121452,924.0253384121452
672,na,496.2534139667098,496.2534139667098,924.0253384121452,924.0253384121452
673,na,496.2534139667098,496.2534139667098,299.537746062174,316.0005222970465
674,na,496.2534139667098,496.2534139667098,924.0253384121452,924.0253384121452
675,na,496.2534139667098,496.2534139667098,177.57340260097715,182.1916333115976
676,na,496.2534139667098,496.2534139667098,924.0253384121452,924.0253384121452
677,e,496.2534139667098,496.2534139667098,284.83328109058715,303.3503238509424
678,na,496.2534139667098,496.2534139667098,924.0253384121452,924.0253384121452
679,na,496.2534139667098,496.2534139667098,924.0253384121452,924.0253384121452
680,na,496.2534139667098,496.2534139667098,655.64808547019,685.7671242206337
681,na,496.2534139667098,496.2534139667098,924.0253384121452,924.0253384121452
682,na,496.2534139667098,496.2534139667098,924.0253384121452,924.0253384121452
683,na,496.2534139667098,496.2534139667098,924.0253384121452,924.0253384121452
684,na,496.2534139667098,496.2534139667098,924.0253384121452,924.0253384121452
685,na,496.2534139667098,496.2534139667098,924.0253384121452,924.0253384121452
686,e,496.2534139667098,496.2534139667098,924.0253384121452,924.0253384121452
687,na,496.2534139667098,496.2534139667098,924.0253384121452,924.0253384121452
688,na,496.2534139667098,496.2534139667098,924.0253384121452,924.0253384121452
689,na,496.2534139667098,496.2534139667098,924.0253384121452,924.0253384121452
690,na,496.2534139667098,496.2534139667098,924.0253384121452,924.0253384121452
691,na,496.2534139667098,496.2534139667098,924.0253384121452,924.0253384121452
692,na,496.2534139667098,496.2534139667098,924.0253384121452,924.0253384121452
693,na,496.2534139667098,496.2534139667098,41.425098776217354,57.89730654924848
694,na,58.09671917037477,72.68246256797666,924.0253384121452,924.0253384121452
695,na,496.2534139667098,496.2534139667098,924.0253384121452,924.0253384121452
696,na,49.591254837680665,57.315770090897125,924.0253384121452,924.0253384121452
697,na,496.2534139667098,496.2534139667098,924.0253384121452,924.0253384121452
698,na,496.2534139667098,496.2534139667098,924.0253384121452,924.0253384121452
699,na,496.2534139667098,496.2534139667098,252.9698304183964,261.78327142452025
700,e,496.2534139667098,496.2534139667098,924.0253384121452,924.0253384121452
701,na,496.2534139667098,496.2534139667098,924.0253384121452,924.0253384121452
702,na,496.2534139667098,496.2534139667098,924.0253384121452,924.0253384121452
703,na,99.70788894604325,109.4712086640531,924.0253384121452,924.0253384121452
704,na,496.2534139667098,496.2534139667098,924.0253384121452,924.0253384121452
705,na,496.2534139667098,496.2534139667098,775.8162601297851,785.5163087613163
706,na,496.2534139667098,496.2534139667098,924.0253384121452,924.0253384121452
707,na,496.2534139667098,496.2534139667098,924.0253384121452,924.0253384121452
708,na,374.83479748597,383.7358264471323,924.0253384121452,924.0253384121452
709,na,496.2534139667098,496.2534139667098,924.0253384121452,924.0253384121452
710,na,496.2534139667098,496.2534139667098,54.385309053643354,61.00791331771213
711,na,496.2534139667098,496.2534139667098,924.0253384121452,924.0253384121452
712,na,496.2534139667098,496.2534139667098,924.0253384121452,924.0253384121452
713,na,496.2534139667098,496.2534139667098,924.0253384121452,924.0253384121452
714,na,496.2534139667098,496.2534139667098,924.0253384121452,924.0253384121452
715,na,496.2534139667098,496.2534139667098,924.0253384121452,924.0253384121452
716,na,496.2534139667098,496.2534139667098,924.0253384121452,924.0253384121452
717,na,496.2534139667098,496.2534139667098,924.0253384121452,924.0253384121452
718,e,496.2534139667098,496.2534139667098,924.0253384121452,924.0253384121452
719,na,326.87847799937026,328.6656920673627,924.0253384121452,924.0253384121452
720,na,496.2534139667098,496.2534139667098,924.0253384121452,924.0253384121452
721,na,496.2534139667098,496.2534139667098,924.0253384121452,924.0253384121452
722,na,496.2534139667098,496.2534139667098,924.0253384121452,924.0253384121452
723,na,496.2534139667098,496.2534139667098,924.0253384121452,924.0253384121452
724,na,496.2534139667098,496.2534139667098,924.0253384121452,924.0253384121452
725,na,496.2534139667098,496.2534139667098,753.759731979485,765.1125415984071
726,na,496.2534139667098,496.2534139667098,924.0253384121452,924.0253384121452
727,na,496.2534139667098,496.2534139667098,924.0253384121452,924.0253384121452
728,na,496.2534139667098,496.2534139667098,924.0253384121452,924.0253384121452
729,na,496.2534139667098,496.2534139667098,924.0253384121452,924.0253384121452
730,na,496.2534139667098,496.2534139667098,924.0253384121452,924.0253384121452
731,na,496.2534139667098,496.2534139667098,675.6853264736958,691.1854642921833
732,na,496.2534139667098,496.2534139667098,924.0253384121452,924.0253384121452
733,na,307.722650666842,324.0614039100435,924.0253384121452,924.0253384121452
734,na,99.25818260243103,111.44449339464357,924.0253384121452,924.0253384121452
735,na,496.2534139667098,496.2534139667098,924.0253384121452,924.0253384121452
736,na,293.3401803312385,318.8321570572593,924.0253384121452,924.0253384121452
737,na,496.2534139667098,496.2534139667098,924.0253384121452,924.0253384121452
738,na,496.2534139667098,496.2534139667098,924.0253384121452,924.0253384121452
739,na,496.2534139667098,496.2534139667098,924.0253384121452,924.0253384121452
740,e,496.2534139667098,496.2534139667098,924.0253384121452,924.0253384121452
741,na,496.2534139667098,496.2534139667098,924.0253384121452,924.0253384121452
742,na,496.2534139667098,496.2534139667098,924.0253384121452,924.0253384121452
743,na,496.2534139667098,496.2534139667098,924.0253384121452,924.0253384121452
744,na,496.2534139667098,496.2534139667098,924.0253384121452,924.0253384121452
745,na,496.2534139667098,496.2534139667098,924.0253384121452,924.0253384121452
746,na,496.2534139667098,496.2534139667098,924.0253384121452,924.0253384121452
747,na,496.2534139667098,496.2534139667098,54.81856572764315,74.3182471990307
748,na,496.2534139667098,496.2534139667098,924.0253384121452,924.0253384121452
749,na,496.2534139667098,496.2534139667098,130.2464022383724,142.17276737969087
750,na,496.2534139667098,496.2534139667098,924.0253384121452,924.0253384121452
751,na,496.2534139667098,496.2534139667098,924.0253384121452,924.0253384121452
752,na,496.2534139667098,496.2534139667098,924.0253384121452,924.0253384121452
753,na,221.5860773867586,260.74408055192237,924.0253384121452,924.0253384121452
754,na,496.2534139667098,496.2534139667098,924.0253384121452,924.0253384121452
755,na,47.56276896315499,54.0367106141821,924.0253384121452,924.0253384121452
756,na,496.2534139667098,496.2534139667098,924.0253384121452,924.0253384121452
757,na,496.2534139667098,496.2534139667098,90.93934815268345,106.58540143406051
758,e,496.2534139667098,496.2534139667098,924.0253384121452,924.0253384121452
759,na,496.2534139667098,496.2534139667098,924.0253384121452,924.0253384121452
760,na,496.2534139667098,496.2534139667098,924.0253384121452,924.0253384121452
761,na,496.2534139667098,496.2534139667098,924.0253384121452,924.0253384121452
762,na,0,2.487952025062218,0,8.543946851431645
763,na,496.2534139667098,496.2534139667098,924.0253384121452,924.0253384121452
764,na,496.2534139667098,496.2534139667098,924.0253384121452,924.0253384121452
765,na,366.09268932951716,374.1068873962741,924.0253384121452,924.0253384121452
766,na,496.2534139667098,496.2534139667098,924.0253384121452,924.0253384121452
767,na,496.2534139667098,496.2534139667098,924.0253384121452,924.0253384121452
768,na,198.099610040394,213.9492662894225,924.0253384121452,924.0253384121452
769,na,496.2534139667098,496.2534139667098,49.28948577790096,62.284370730384964
770,na,496.2534139667098,496.2534139667098,924.0253384121452,924.0253384121452
771,na,496.2534139667098,496.2534139667098,924.0253384121452,924.0253384121452
772,na,496.2534139667098,496.2534139667098,924.0253384121452,924.0253384121452
773,na,496.2534139667098,496.2534139667098,924.0253384121452,924.0253384121452
774,na,496.2534139667098,496.2534139667098,924.0253384121452,924.0253384121452
775,na,496.2534139667098,496.2534139667098,924.0253384121452,924.0253384121452
776,na,496.2534139667098,496.2534139667098,924.0253384121452,924.0253384121452
777,na,496.2534139667098,496.2534139667098,924.0253384121452,924.0253384121452
778,na,496.2534139667098,496.2534139667098,60.82553735765908,80.41340169012146
779,e,496.2534139667098,496.2534139667098,924.0253384121452,924.0253384121452
780,na,496.2534139667098,496.2534139667098,924.0253384121452,924.0253384121452
781,na,424.5175803297844,433.74748908344156,924.0253384121452,924.0253384121452
782,na,496.2534139667098,496.2534139667098,924.0253384121452,924.0253384121452
783,na,496.2534139667098,496.2534139667098,734.203601976276,737.5666183721851
784,na,349.291728079451,357.30143906464866,924.0253384121452,924.0253384121452
785,na,496.2534139667098,496.2534139667098,191.3338170131232,202.79190359026572
786,na,496.2534139667098,496.2534139667098,924.0253384121452,924.0253384121452
787,na,496.2534139667098,496.2534139667098,924.0253384121452,924.0253384121452
788,na,496.2534139667098,496.2534139667098,924.0253384121452,924.0253384121452
789,na,496.2534139667098,496.2534139667098,924.0253384121452,924.0253384121452
790,na,496.2534139667098,496.2534139667098,924.0253384121452,924.0253384121452
791,na,496.2534139667098,496.2534139667098,924.0253384121452,924.0253384121452
792,na,496.2534139667098,496.2534139667098,924.0253384121452,924.0253384121452
793,na,496.2534139667098,496.2534139667098,924.0253384121452,924.0253384121452
794,na,496.2534139667098,496.2534139667098,924.0253384121452,924.0253384121452
795,na,496.2534139667098,496.2534139667098,85.01316320831145,110.29214294736258
796,na,496.2534139667098,496.2534139667098,924.0253384121452,924.0253384121452
797,na,496.2534139667098,496.2534139667098,227.33179587325753,232.34006968377693
798,e,92.13564533561738,117.56269631172265,924.0253384121452,924.0253384121452
799,e,496.2534139667098,496.2534139667098,924.0253384121452,924.0253384121452
800,na,496.2534139667098,496.2534139667098,71.4960559514889,90.42800945374123
801,na,496.2534139667098,496.2534139667098,924.0253384121452,924.0253384121452
802,na,496.2534139667098,496.2534139667098,924.0253384121452,924.0253384121452
803,na,496.2534139667098,496.2534139667098,924.0253384121452,924.0253384121452
804,na,496.2534139667098,496.2534139667098,119.30737442797067,139.1863509843186
805,na,496.2534139667098,496.2534139667098,924.0253384121452,924.0253384121452
806,na,496.2534139667098,8.014376084781476,924.0253384121452,12.462186124106502
807,na,496.2534139667098,496.2534139667098,924.0253384121452,924.0253384121452
808,na,158.4164045589991,180.37479877923812,924.0253384121452,924.0253384121452
809,na,496.2534139667098,496.2534139667098,924.0253384121452,924.0253384121452
810,na,496.2534139667098,496.2534139667098,924.0253384121452,924.0253384121452
811,na,234.71933468208277,240.74878595876896,924.0253384121452,924.0253384121452
812,na,496.2534139667098,496.2534139667098,924.0253384121452,924.0253384121452
813,na,496.2534139667098,496.2534139667098,924.0253384121452,924.0253384121452
814,na,183.24364116390072,195.00814647207457,1.3360169801708652,6.102380692224864
815,na,496.2534139667098,496.2534139667098,924.0253384121452,924.0253384121452
816,na,496.2534139667098,496.2534139667098,924.0253384121452,924.0253384121452
817,na,496.2534139667098,496.2534139667098,924.0253384121452,924.0253384121452
818,na,496.2534139667098,496.2534139667098,924.0253384121452,924.0253384121452
819,na,254.03008503250518,258.38896186166386,924.0253384121452,924.0253384121452
820,na,496.2534139667098,496.2534139667098,924.0253384121452,924.0253384121452
821,na,496.2534139667098,496.2534139667098,924.0253384121452,924.0253384121452
822,na,496.2534139667098,496.2534139667098,924.0253384121452,924.0253384121452
823,na,496.2534139667098,496.2534139667098,924.0253384121452,924.0253384121452
824,na,-1,0,-1,0
825,na,496.2534139667098,496.2534139667098,924.0253384121452,924.0253384121452
826,e,496.2534139667098,496.2534139667098,924.0253384121452,924.0253384121452
827,na,496.2534139667098,496.2534139667098,924.0253384121452,924.0253384121452
828,na,496.2534139667098,496.2534139667098,924.0253384121452,924.0253384121452
829,na,496.2534139667098,496.2534139667098,924.0253384121452,924.0253384121452
830,e,496.2534139667098,496.2534139667098,924.0253384121452,924.0253384121452
831,na,27.319597428790942,34.847668963555506,285.0217019569452,301.93512036623287
832,na,496.2534139667098,496.2534139667098,924.0253384121452,924.0253384121452
833,na,496.2534139667098,496.2534139667098,924.0253384121452,924.0253384121452
834,na,496.2534139667098,496.2534139667098,924.0253384121452,924.0253384121452
835,na,274.7600084466014,323.17658930826474,702.387496104646,705.6466771361177
836,e,496.2534139667098,496.2534139667098,924.0253384121452,924.0253384121452
837,e,496.2534139667098,496.2534139667098,924.0253384121452,924.0253384121452
838,na,496.2534139667098,496.2534139667098,924.0253384121452,924.0253384121452
839,e,341.401124376819,353.729392413088,924.0253384121452,924.0253384121452
840,na,496.2534139667098,496.2534139667098,924.0253384121452,924.0253384121452
841,na,496.2534139667098,496.2534139667098,924.0253384121452,924.0253384121452
842,na,496.2534139667098,496.2534139667098,924.0253384121452,924.0253384121452
843,na,496.2534139667098,496.2534139667098,924.0253384121452,924.0253384121452
844,na,496.2534139667098,496.2534139667098,924.0253384121452,924.0253384121452
845,na,496.2534139667098,496.2534139667098,924.0253384121452,924.0253384121452
846,na,496.2534139667098,496.2534139667098,924.0253384121452,924.0253384121452
847,na,496.2534139667098,496.2534139667098,924.0253384121452,924.0253384121452
848,na,496.2534139667098,496.2534139667098,924.0253384121452,924.0253384121452
849,na,496.2534139667098,496.2534139667098,924.0253384121452,924.0253384121452
850,na,496.2534139667098,496.2534139667098,924.0253384121452,924.0253384121452
851,na,496.2534139667098,496.2534139667098,88.13384306499968,93.41491164383986
852,na,496.2534139667098,496.2534139667098,924.0253384121452,924.0253384121452
853,na,496.2534139667098,496.2534139667098,924.0253384121452,924.0253384121452
854,na,496.2534139667098,496.2534139667098,924.0253384121452,924.0253384121452
855,na,496.2534139667098,496.2534139667098,924.0253384121452,924.0253384121452
856,na,496.2534139667098,496.2534139667098,924.0253384121452,924.0253384121452
857,na,496.2534139667098,496.2534139667098,924.0253384121452,924.0253384121452
858,na,496.2534139667098,496.2534139667098,924.0253384121452,924.0253384121452
859,na,496.2534139667098,496.2534139667098,924.0253384121452,924.0253384121452
860,e,496.2534139667098,496.2534139667098,924.0253384121452,924.0253384121452
861,na,496.2534139667098,496.2534139667098,924.0253384121452,924.0253384121452
862,na,496.2534139667098,496.2534139667098,924.0253384121452,924.0253384121452
863,na,496.2534139667098,496.2534139667098,924.0253384121452,924.0253384121452
864,na,496.2534139667098,496.2534139667098,924.0253384121452,924.0253384121452
865,na,496.2534139667098,496.2534139667098,924.0253384121452,924.0253384121452
866,na,496.2534139667098,496.2534139667098,924.0253384121452,924.0253384121452
867,na,496.2534139667098,496.2534139667098,924.0253384121452,924.0253384121452
868,na,496.2534139667098,496.2534139667098,924.0253384121452,924.0253384121452
869,na,496.2534139667098,496.2534139667098,924.0253384121452,924.0253384121452
870,na,496.2534139667098,496.2534139667098,924.0253384121452,924.0253384121452
871,na,496.2534139667098,496.2534139667098,924.0253384121452,924.0253384121452
872,na,496.2534139667098,496.2534139667098,924.0253384121452,924.0253384121452
873,na,496.2534139667098,496.2534139667098,924.0253384121452,924.0253384121452
874,na,496.2534139667098,496.2534139667098,798.709617227158,810.2066529242417
875,na,496.2534139667098,496.2534139667098,712.043250084581,724.0170884000025
876,na,496.2534139667098,496.2534139667098,924.0253384121452,924.0253384121452
877,na,496.2534139667098,496.2534139667098,924.0253384121452,924.0253384121452
878,na,67.3297737670164,70.43007518730587,924.0253384121452,924.0253384121452
879,e,496.2534139667098,496.2534139667098,924.0253384121452,924.0253384121452
880,na,496.2534139667098,496.2534139667098,924.0253384121452,924.0253384121452
881,na,496.2534139667098,496.2534139667098,924.0253384121452,924.0253384121452
882,na,496.2534139667098,496.2534139667098,924.0253384121452,924.0253384121452
883,na,496.2534139667098,496.2534139667098,924.0253384121452,924.0253384121452
884,na,496.2534139667098,496.2534139667098,924.0253384121452,924.0253384121452
885,na,496.2534139667098,496.2534139667098,924.0253384121452,924.0253384121452
886,na,496.2534139667098,496.2534139667098,71.39590691449027,85.59636308743977
887,na,496.2534139667098,496.2534139667098,924.0253384121452,924.0253384121452
888,na,496.2534139667098,496.2534139667098,924.0253384121452,924.0253384121452
889,na,287.41623166155995,298.60325071613124,924.0253384121452,924.0253384121452
890,na,26.839113028997918,52.039748064604176,924.0253384121452,924.0253384121452
891,na,496.2534139667098,496.2534139667098,924.0253384121452,924.0253384121452
892,na,496.2534139667098,496.2534139667098,924.0253384121452,924.0253384121452
893,na,496.2534139667098,496.2534139667098,924.0253384121452,924.0253384121452
894,na,496.2534139667098,496.2534139667098,924.0253384121452,924.0253384121452
895,na,496.2534139667098,496.2534139667098,188.78936238356252,195.4177718862375
896,na,496.2534139667098,496.2534139667098,924.0253384121452,924.0253384121452
897,na,496.2534139667098,496.2534139667098,924.0253384121452,924.0253384121452
898,na,496.2534139667098,496.2534139667098,924.0253384121452,924.0253384121452
899,e,496.2534139667098,496.2534139667098,924.0253384121452,924.0253384121452
900,na,496.2534139667098,496.2534139667098,356.37132514414174,373.9134624080412
901,na,496.2534139667098,496.2534139667098,924.0253384121452,924.0253384121452
902,na,116.93479662682732,135.94973321847303,924.0253384121452,924.0253384121452
903,na,496.2534139667098,496.2534139667098,924.0253384121452,924.0253384121452
904,na,160.2208296073942,163.04632446171095,924.0253384121452,924.0253384121452
905,na,496.2534139667098,496.2534139667098,924.0253384121452,924.0253384121452
906,na,496.2534139667098,496.2534139667098,924.0253384121452,924.0253384121452
907,na,31.491237735911085,38.55430224109724,53.613072337802066,68.24409762140986
908,na,496.2534139667098,496.2534139667098,924.0253384121452,924.0253384121452
909,na,496.2534139667098,496.2534139667098,924.0253384121452,924.0253384121452
910,na,496.2534139667098,496.2534139667098,924.0253384121452,924.0253384121452
911,na,496.2534139667098,496.2534139667098,924.0253384121452,924.0253384121452
912,na,496.2534139667098,496.2534139667098,651.1961695392226,666.1744623059823
913,na,496.2534139667098,496.2534139667098,924.0253384121452,924.0253384121452
914,na,496.2534139667098,496.2534139667098,924.0253384121452,924.0253384121452
915,na,496.2534139667098,496.2534139667098,924.0253384121452,924.0253384121452
916,na,496.2534139667098,496.2534139667098,924.0253384121452,924.0253384121452
917,na,496.2534139667098,496.2534139667098,82.0503735536953,91.82409760480341
918,na,108.74424166010854,123.51944942693063,924.0253384121452,924.0253384121452
919,na,496.2534139667098,496.2534139667098,924.0253384121452,924.0253384121452
920,na,496.2534139667098,496.2534139667098,924.0253384121452,924.0253384121452
921,na,496.2534139667098,496.2534139667098,924.0253384121452,924.0253384121452
922,e,496.2534139667098,496.2534139667098,924.0253384121452,924.0253384121452
923,na,496.2534139667098,496.2534139667098,924.0253384121452,924.0253384121452
924,na,496.2534139667098,496.2534139667098,924.0253384121452,924.0253384121452
925,na,496.2534139667098,496.2534139667098,924.0253384121452,924.0253384121452
926,na,496.2534139667098,496.2534139667098,924.0253384121452,924.0253384121452
927,na,271.94812330839727,283.8938839332078,924.0253384121452,924.0253384121452
928,na,496.2534139667098,496.2534139667098,924.0253384121452,924.0253384121452
929,na,496.2534139667098,496.2534139667098,924.0253384121452,924.0253384121452
930,na,496.2534139667098,496.2534139667098,924.0253384121452,924.0253384121452
931,na,496.2534139667098,496.2534139667098,924.0253384121452,924.0253384121452
932,na,496.2534139667098,496.2534139667098,924.0253384121452,924.0253384121452
933,na,496.2534139667098,496.2534139667098,924.0253384121452,924.0253384121452
934,na,496.2534139667098,496.2534139667098,924.0253384121452,924.0253384121452
935,na,496.2534139667098,496.2534139667098,832.2873517583386,839.3135951686621
936,e,496.2534139667098,496.2534139667098,924.0253384121452,924.0253384121452
937,na,496.2534139667098,496.2534139667098,924.0253384121452,924.0253384121452
938,e,496.2534139667098,496.2534139667098,924.0253384121452,924.0253384121452
939,na,496.2534139667098,496.2534139667098,924.0253384121452,924.0253384121452
940,na,496.2534139667098,496.2534139667098,924.0253384121452,924.0253384121452
941,na,496.2534139667098,496.2534139667098,924.0253384121452,924.0253384121452
942,e,496.2534139667098,496.2534139667098,924.0253384121452,924.0253384121452
943,e,496.2534139667098,496.2534139667098,924.0253384121452,924.0253384121452
944,na,496.2534139667098,496.2534139667098,924.0253384121452,924.0253384121452
945,na,496.2534139667098,9.318016172392728,924.0253384121452,5.741072022714723
946,na,496.2534139667098,496.2534139667098,924.0253384121452,924.0253384121452
947,na,496.2534139667098,496.2534139667098,924.0253384121452,924.0253384121452
948,na,496.2534139667098,496.2534139667098,671.1564366346208,694.2152225092408
949,e,496.2534139667098,496.2534139667098,924.0253384121452,924.0253384121452
950,na,301.0422763818569,309.6320963061473,924.0253384121452,924.0253384121452
951,e,496.2534139667098,496.2534139667098,924.0253384121452,924.0253384121452
952,na,496.2534139667098,496.2534139667098,924.0253384121452,924.0253384121452
953,na,496.2534139667098,496.2534139667098,924.0253384121452,924.0253384121452
954,na,496.2534139667098,496.2534139667098,924.0253384121452,924.0253384121452
955,na,385.270529275375,396.5718985484325,924.0253384121452,924.0253384121452
956,na,496.2534139667098,496.2534139667098,924.0253384121452,924.0253384121452
957,e,496.2534139667098,496.2534139667098,924.0253384121452,924.0253384121452
958,na,496.2534139667098,496.2534139667098,924.0253384121452,924.0253384121452
959,na,496.2534139667098,496.2534139667098,48.122451601490866,59.04382114788119
960,na,496.2534139667098,496.2534139667098,924.0253384121452,924.0253384121452
961,na,38.50908824237807,73.72664682606732,924.0253384121452,924.0253384121452
962,na,496.2534139667098,496.2534139667098,924.0253384121452,924.0253384121452
963,na,496.2534139667098,496.2534139667098,43.31945248143609,47.78253008879253
964,na,496.2534139667098,496.2534139667098,278.9646909383809,288.19951231589334
965,na,496.2534139667098,496.2534139667098,924.0253384121452,924.0253384121452
966,na,496.2534139667098,496.2534139667098,924.0253384121452,924.0253384121452
967,na,496.2534139667098,496.2534139667098,924.0253384121452,924.0253384121452
968,e,496.2534139667098,496.2534139667098,924.0253384121452,924.0253384121452
969,na,496.2534139667098,496.2534139667098,924.0253384121452,924.0253384121452
970,na,496.2534139667098,496.2534139667098,924.0253384121452,924.0253384121452
971,na,282.42225364703927,296.4526553375586,924.0253384121452,924.0253384121452
972,na,496.2534139667098,496.2534139667098,924.0253384121452,924.0253384121452
973,na,496.2534139667098,496.2534139667098,293.17337628652484,310.75241432322764
974,na,496.2534139667098,496.2534139667098,282.3207196541693,292.7952822114522
975,na,496.2534139667098,496.2534139667098,237.12413988790385,263.62381775611664
976,e,496.2534139667098,496.2534139667098,924.0253384121452,924.0253384121452
977,na,496.2534139667098,496.2534139667098,924.0253384121452,924.0253384121452
978,na,496.2534139667098,496.2534139667098,726.8925303189316,742.6807563114312
979,na,496.2534139667098,496.2534139667098,924.0253384121452,924.0253384121452
980,e,496.2534139667098,496.2534139667098,924.0253384121452,924.0253384121452
981,na,496.2534139667098,496.2534139667098,924.0253384121452,924.0253384121452
982,na,496.2534139667098,496.2534139667098,924.0253384121452,924.0253384121452
983,na,496.2534139667098,496.2534139667098,924.0253384121452,924.0253384121452
984,na,57.11019494578484,68.75573316344281,924.0253384121452,924.0253384121452
985,na,195.48871882598095,203.54142644938415,924.0253384121452,924.0253384121452
986,na,496.2534139667098,496.2534139667098,924.0253384121452,924.0253384121452
987,na,261.4563326490506,275.0609247684407,924.0253384121452,924.0253384121452
988,na,496.2534139667098,496.2534139667098,924.0253384121452,924.0253384121452
989,na,496.2534139667098,496.2534139667098,924.0253384121452,924.0253384121452
990,e,496.2534139667098,496.2534139667098,924.0253384121452,924.0253384121452
991,na,129.34913327700082,153.8388234559879,708.9624502216743,739.53854889416
992,na,496.2534139667098,496.2534139667098,288.794481667722,294.3795397152446
993,na,496.2534139667098,496.2534139667098,924.0253384121452,924.0253384121452
994,na,496.2534139667098,496.2534139667098,305.6488226396053,309.786777659538
995,na,496.2534139667098,496.2534139667098,924.0253384121452,924.0253384121452
996,e,496.2534139667098,496.2534139667098,431.6920443064754,440.9894333790356
997,na,12.155052338358397,16.402380808148845,924.0253384121452,924.0253384121452
998,na,496.2534139667098,496.2534139667098,683.8937366451023,695.5243212511871
999,na,496.2534139667098,496.2534139667098,924.0253384121452,924.0253384121452
