node, assignment, time2inf_trt, time2inf_con
0,na,0,0
1,na,0,0
2,na,0,0
3,na,0,0
4,na,160.89629957187537,30.750645086596947
5,na,25.309864942871716,47.229954472976885
6,na,160.89629957187537,31.692565482202824
7,na,160.89629957187537,56.76685856753397
8,e,160.89629957187537,54.62362518700054
9,na,55.97434664448523,129.0105239973774
10,e,160.89629957187537,49.59474169850908
11,na,64.75692193483775,99.63075982435264
12,na,160.89629957187537,28.121410948363916
13,na,160.89629957187537,39.71403706262508
14,na,160.89629957187537,67.4513670238275
15,na,160.89629957187537,39.183911936156484
16,na,160.89629957187537,57.60277134345294
17,e,160.89629957187537,129.0105239973774
18,na,160.89629957187537,53.14857853171595
19,na,160.89629957187537,70.87116156097143
20,na,160.89629957187537,51.49152144560653
21,e,160.89629957187537,24.809322167551777
22,na,160.89629957187537,21.881311517401784
23,e,79.53645327419065,64.4216123763955
24,na,160.89629957187537,45.657809374854565
25,na,42.893381457411344,34.4338631308089
26,na,36.856296274100764,50.81098996870255
27,na,160.89629957187537,62.821463931194
28,na,160.89629957187537,54.55779167457895
29,na,160.89629957187537,37.341469417146854
30,na,20.720593485713977,22.96778999277895
31,na,14.926687521057584,18.283056130628687
32,na,59.25510459671139,42.28383126850544
33,na,160.89629957187537,47.695238856246306
34,na,160.89629957187537,129.0105239973774
35,na,160.89629957187537,50.550943611543794
36,na,20.36451148384661,25.202452413986528
37,na,160.89629957187537,129.0105239973774
38,e,67.12805567272584,80.15592306156269
39,na,160.89629957187537,24.60958198280543
40,na,17.997377301097103,29.22356952097886
41,na,160.89629957187537,129.0105239973774
42,na,44.00424784748164,50.731601055445736
43,na,160.89629957187537,44.163053866316254
44,na,160.89629957187537,40.72997998820822
45,na,160.89629957187537,129.0105239973774
46,na,160.89629957187537,57.477170428154956
47,na,55.580544216033935,36.055064859079444
48,na,55.370291511548004,39.90030316427215
49,na,41.15848789248315,80.63270858425885
50,na,160.89629957187537,52.53796824951518
51,na,160.89629957187537,60.08473718720677
52,na,160.89629957187537,34.98133085130993
53,na,160.89629957187537,61.859573849604566
54,na,160.89629957187537,52.70131403881434
55,na,160.89629957187537,57.4209510181306
56,na,160.89629957187537,22.82213540593184
57,na,160.89629957187537,36.645769252535956
58,na,160.89629957187537,40.03461989858254
59,na,160.89629957187537,38.85946476999992
60,na,160.89629957187537,36.71271393986888
61,na,160.89629957187537,64.60682572932623
62,na,160.89629957187537,52.602554734251896
63,na,0.4299939326878711,1.0488664133806203
64,na,25.833357901448917,63.22453163909405
65,na,160.89629957187537,36.425487574257346
66,na,129.19508796889988,32.74496838982049
67,na,160.89629957187537,31.944461918274598
68,na,4.994208813188769,3.692375331063448
69,na,160.89629957187537,58.62770492568845
70,na,160.89629957187537,60.62620702645864
71,na,26.80034010392439,44.383532116985414
72,e,160.89629957187537,31.681814359147076
73,e,160.89629957187537,66.72967308084182
74,na,51.08038410802322,43.740819183510524
75,na,160.89629957187537,65.55183669294144
76,na,56.84966730695049,35.879806196786554
77,na,160.89629957187537,29.874820077557022
78,na,81.05355121215574,47.48108827954896
79,e,160.89629957187537,55.07018333881651
80,na,160.89629957187537,46.054306710257045
81,na,41.897311361500776,49.03321706630436
82,na,160.89629957187537,40.01197654989042
83,na,160.89629957187537,62.58597978068505
84,na,80.08408646937828,35.33783230261981
85,na,160.89629957187537,36.55352907009755
86,e,88.31179249011515,34.37460663485767
87,na,94.25869459050601,41.36409205500013
88,na,59.938845759148016,129.0105239973774
89,na,9.599950933680008,54.1144405664926
90,na,75.07781105562432,36.32585355672297
91,na,160.89629957187537,55.61867475172615
92,e,160.89629957187537,25.69268238673606
93,na,160.89629957187537,35.96430588781912
94,na,160.89629957187537,22.360529469151164
95,na,160.89629957187537,49.47589091271214
96,na,160.89629957187537,34.573717959149405
97,na,160.89629957187537,35.12267798314791
98,e,59.01231578237629,21.93394165629348
99,na,160.89629957187537,129.0105239973774
100,na,56.29492886138498,45.5644432737351
101,na,160.89629957187537,76.41420955355738
102,na,160.89629957187537,53.76133225117774
103,na,160.89629957187537,129.0105239973774
104,e,160.89629957187537,51.05937712009677
105,na,160.89629957187537,40.59590809064454
106,na,160.89629957187537,57.29589106146006
107,e,160.89629957187537,41.71969720306746
108,e,38.66395760723116,36.88680273914196
109,na,68.09713156310012,6.097293062377795
110,na,32.75218540575931,53.16291042469863
111,na,89.75669134626756,38.734562064647356
112,na,160.89629957187537,24.664953601869087
113,na,79.41566995276402,39.42922256487008
114,na,160.89629957187537,73.0429582213311
115,na,17.502313080594618,8.002384321422609
116,na,65.52929543769513,26.283560816137896
117,e,160.89629957187537,31.340309848105814
118,na,160.89629957187537,46.46907875452334
119,na,160.89629957187537,47.86063094082153
120,na,160.89629957187537,39.993206808250015
121,na,160.89629957187537,33.52305459295522
122,e,160.89629957187537,58.3118113994951
123,na,51.540122734979754,51.65654173609678
124,e,160.89629957187537,48.48545164681743
125,na,43.49344722131038,45.285649572256155
126,na,160.89629957187537,65.94356833660426
127,na,53.07650466674503,53.56988681173778
128,na,32.441192377511,45.15146999493119
129,na,114.0195649499229,58.36716025713802
130,na,47.058682930318,34.11162307402815
131,na,160.89629957187537,44.456327170929
132,na,160.89629957187537,129.0105239973774
133,na,43.08434297980204,41.840802475524804
134,na,160.89629957187537,57.492755533908884
135,e,160.89629957187537,49.07887078160998
136,na,78.48108048866098,40.99531829790043
137,na,65.54251742136995,24.529393689236752
138,na,160.89629957187537,38.94016305329597
139,na,63.33777796401638,44.56680063728534
140,na,53.08559742680492,19.16811960414361
141,na,160.89629957187537,56.86638634623774
142,na,160.89629957187537,27.442221763615823
143,na,160.89629957187537,40.15394956388254
144,na,57.08247147844603,76.76700805864019
145,e,58.36586122971812,38.330823031638445
146,na,84.75056387203637,36.69840986962908
147,na,31.913201119983494,30.031781206802027
148,na,20.57002982527861,35.302597685043864
149,na,73.91855597658308,51.874534199348055
150,na,160.89629957187537,25.36364240344167
151,na,160.89629957187537,9.344949100995825
152,na,160.89629957187537,68.8424313587015
153,na,160.89629957187537,47.18962442401044
154,na,160.89629957187537,25.141796657409646
155,na,4.269093093408463,1.5628030070078478
156,na,12.338633095883548,60.75290615252403
157,e,160.89629957187537,38.182195894574804
158,na,31.404293134115377,44.21317156399494
159,na,160.89629957187537,25.66940082239916
160,na,160.89629957187537,65.90898977203176
161,na,63.39982360697685,65.44998354678629
162,na,160.89629957187537,38.823943680195995
163,na,160.89629957187537,52.03326014174604
164,na,160.89629957187537,48.876675894487185
165,na,4.824883736776348,52.78025085520774
166,na,160.89629957187537,20.955791956317633
167,na,160.89629957187537,53.871431616099635
168,e,160.89629957187537,35.207378760655196
169,e,78.49202915910338,20.90900755828489
170,na,28.380009294518267,30.846352630544374
171,na,160.89629957187537,129.0105239973774
172,na,160.89629957187537,129.0105239973774
173,na,35.93600189860347,47.28734500690133
174,na,69.13073980847935,129.0105239973774
175,na,160.89629957187537,29.34540633513369
176,na,32.71419534958197,48.565723094417464
177,na,160.89629957187537,59.22123344673217
178,na,160.89629957187537,28.767403572833366
179,na,51.366936653606864,33.087637088237464
180,na,160.89629957187537,40.98527258256659
181,na,160.89629957187537,129.0105239973774
182,na,160.89629957187537,43.296482675297824
183,na,45.38790509644559,51.49722075333721
184,na,15.9808743986143,35.64371547940716
185,na,160.89629957187537,30.334790226615016
186,na,15.077923147541833,55.585929596233676
187,na,12.923245126886755,33.663183503583895
188,na,41.853207883100815,44.1617528775621
189,na,160.89629957187537,27.264993316382007
190,na,160.89629957187537,31.104719068123924
191,na,33.42587675894313,15.084270461483769
192,na,160.89629957187537,55.88529615107132
193,na,160.89629957187537,50.62418821050051
194,na,160.89629957187537,36.24821077995086
195,na,160.89629957187537,52.46319612250457
196,na,160.89629957187537,70.54663167742135
197,na,55.43020445842253,54.53696921425378
198,na,160.89629957187537,56.684672686339404
199,na,160.89629957187537,33.92680504415508
200,na,160.89629957187537,129.0105239973774
201,na,78.81381662183225,46.2494442889605
202,na,85.38333526885079,52.650929781196176
203,na,43.90764308418352,34.21175829974151
204,na,160.89629957187537,34.741981653047816
205,na,160.89629957187537,24.188612747483504
206,na,160.89629957187537,30.189019933385598
207,na,160.89629957187537,40.46975870020234
208,na,160.89629957187537,46.05536208553432
209,na,160.89629957187537,45.392642464606425
210,na,160.89629957187537,8.480898755459629
211,na,101.81291476196164,89.38295868529143
212,na,160.89629957187537,15.384515315857067
213,na,160.89629957187537,88.38048612892206
214,na,160.89629957187537,47.27248105409796
215,na,160.89629957187537,30.601024733576068
216,na,160.89629957187537,43.14766517279097
217,na,160.89629957187537,24.47683342853791
218,na,160.89629957187537,41.18453581046189
219,e,160.89629957187537,39.36867479147367
220,na,160.89629957187537,29.843387999634505
221,na,160.89629957187537,22.738876858877823
222,na,94.9878984198663,29.73014544032064
223,na,61.29831776535699,42.08314550942962
224,na,160.89629957187537,13.845902989233783
225,na,160.89629957187537,31.865897008255708
226,na,77.63118950202414,49.94439773614463
227,na,160.89629957187537,38.26752725886621
228,na,21.550289365314534,37.710387402508864
229,na,160.89629957187537,33.57358550993552
230,na,160.89629957187537,36.037383565508236
231,na,8.116602321702056,46.591291288144745
232,na,160.89629957187537,46.0625452184654
233,e,160.89629957187537,39.7605905942228
234,na,160.89629957187537,41.23639807223257
235,na,160.89629957187537,47.87650586473739
236,na,48.91938042222758,31.669326095014522
237,na,73.10848762428866,25.195061771977933
238,na,160.89629957187537,20.835790564346013
239,na,52.754005179752276,39.744375460592735
240,na,34.97401193882255,12.73242938442468
241,na,160.89629957187537,39.20043766861176
242,na,30.65251147126423,40.85834193770494
243,na,32.59816769131148,45.128977485502986
244,na,105.93299755068836,55.140832129390695
245,na,160.89629957187537,58.94171288607739
246,na,37.32077000323364,43.994252842284006
247,na,155.64310879702128,67.24695460386324
248,na,160.89629957187537,49.287710769829005
249,na,32.49414957006505,24.566424340825574
250,na,88.63775033613318,53.97809561158841
251,na,160.89629957187537,68.08293975446664
252,na,160.89629957187537,57.16280499894305
253,na,160.89629957187537,44.96018611892518
254,na,160.89629957187537,50.47051062331332
255,na,160.89629957187537,49.99052150355738
256,na,35.015803470833745,30.601307466446613
257,na,8.342349053227675,13.822954614710866
258,e,160.89629957187537,57.98156899137693
259,na,76.40979663148512,38.67265423811127
260,na,17.140903886368935,8.851150933919216
261,na,160.89629957187537,129.0105239973774
262,na,160.89629957187537,66.83782988576417
263,na,11.041846066334516,45.190420215318255
264,na,51.41854272546683,41.26234025599521
265,na,160.89629957187537,59.6597909469582
266,na,32.785484089463075,46.67539908694238
267,na,160.89629957187537,17.8312041947617
268,e,51.6271350906495,16.064185875848153
269,na,160.89629957187537,58.551504978362296
270,na,160.89629957187537,31.205353558239402
271,e,160.89629957187537,70.02214079549219
272,na,73.16837928828672,52.79086515763336
273,na,32.598397733656746,48.68680282576628
274,na,160.89629957187537,41.06992989918092
275,na,35.16870405016516,61.40216336240692
276,na,32.80347908678528,41.2263341412398
277,na,160.89629957187537,63.75604538016861
278,na,160.89629957187537,51.56135129327712
279,na,160.89629957187537,50.10342367851423
280,na,160.89629957187537,44.12360893827259
281,na,160.89629957187537,17.44322332629818
282,e,93.44771485936651,59.48505890865963
283,na,45.19815834563959,62.994022669865316
284,na,160.89629957187537,36.45256449631538
285,na,90.60554524475072,36.12102939892756
286,na,160.89629957187537,15.565832307894324
287,na,5.857106336855143,17.567375063934048
288,na,160.89629957187537,50.79861111168253
289,na,160.89629957187537,3.832747013804796
290,e,160.89629957187537,47.77725012487562
291,na,160.89629957187537,32.471263514207706
292,na,160.89629957187537,44.24636369253623
293,na,160.89629957187537,22.78156453333159
294,na,160.89629957187537,55.52043536855461
295,na,160.89629957187537,43.888233968562794
296,na,80.841918076238,40.23652083822684
297,na,160.89629957187537,29.600866942195264
298,na,31.274449129455032,8.650968870818065
299,na,160.89629957187537,34.50552825238521
300,na,30.884744246981295,23.488103192973902
301,na,59.457399865755455,33.20923277930305
302,na,160.89629957187537,69.12338895834674
303,na,23.058316105548847,16.916823823900188
304,na,160.89629957187537,32.6853270248385
305,na,160.89629957187537,27.73820189499153
306,na,160.89629957187537,129.0105239973774
307,na,18.449748169320475,18.47656051582044
308,na,42.729096708629946,37.63732035308682
309,na,160.89629957187537,32.03141519032977
310,na,36.126232220586445,61.62749407243101
311,na,160.89629957187537,36.84682726360619
312,na,74.07769279804084,29.302008928607062
313,na,160.89629957187537,23.506347639588824
314,na,12.037349192917677,41.20942347751174
315,na,2.630351481932957,13.907738141280307
316,na,160.89629957187537,84.45881027329487
317,na,20.309472803225592,42.947056669237135
318,na,160.89629957187537,32.27059509653635
319,na,160.89629957187537,42.061309834231515
320,na,160.89629957187537,129.0105239973774
321,na,160.89629957187537,55.783703464327225
322,na,108.80539912342158,43.109112675008845
323,na,160.89629957187537,54.06959056669862
324,na,160.89629957187537,42.81134571352339
325,na,160.89629957187537,74.01273918141527
326,na,74.364342846295,48.49424879981145
327,e,160.89629957187537,42.879944502863864
328,na,160.89629957187537,47.44666765509426
329,na,160.89629957187537,129.0105239973774
330,na,160.89629957187537,20.412005587706776
331,na,160.89629957187537,59.990242727295865
332,na,44.44189186689263,51.9768994091668
333,na,160.89629957187537,39.12303820863891
334,na,160.89629957187537,55.845738212371494
335,e,160.89629957187537,28.542664428152776
336,na,160.89629957187537,25.58335929139358
337,na,160.89629957187537,48.42647785551999
338,na,49.56347536208224,16.80588755986131
339,na,160.89629957187537,18.169029807136216
340,na,94.72231906071474,41.50756768693401
341,na,160.89629957187537,56.315691345612954
342,na,35.30204332484029,26.741979059530184
343,na,45.42240374303406,14.525998581675061
344,na,160.89629957187537,56.44712249920938
345,na,71.00379836103943,37.29722546136293
346,na,37.33624498672434,38.035501618975665
347,na,160.89629957187537,86.90378135693864
348,na,160.89629957187537,26.068641605762444
349,na,35.04218772180081,64.47996721798302
350,na,160.89629957187537,50.28890031380939
351,na,77.1694386046086,34.47289823673598
352,na,160.89629957187537,33.444716548968515
353,na,160.89629957187537,25.963578824308943
354,na,67.29281471833042,16.966859813440188
355,na,9.635228034621278,3.9310742373416305
356,na,33.389884099106524,58.28599436121777
357,e,14.306375138268303,64.19608447932441
358,na,53.037817724006985,40.874353141107534
359,na,160.89629957187537,65.25433232477475
360,na,70.82588800749694,56.957623571363506
361,na,84.27339236469909,39.18526260257253
362,na,160.89629957187537,53.107668565925174
363,na,160.89629957187537,24.701979161612666
364,na,160.89629957187537,65.62603922256741
365,e,12.9231881254555,14.624825283415879
366,na,160.89629957187537,63.49559010895487
367,e,160.89629957187537,25.43357659986925
368,na,37.24570600556817,74.22029838056123
369,na,160.89629957187537,45.490517042106866
370,na,160.89629957187537,60.547596658090484
371,na,160.89629957187537,49.21848956509327
372,na,160.89629957187537,53.01354025783143
373,na,14.949270091632963,91.43739128765542
374,na,160.89629957187537,46.815122940379965
375,na,33.23909918488869,47.541697465280144
376,na,160.89629957187537,41.03075699866477
377,na,10.805439658349602,60.552283646791196
378,e,160.89629957187537,18.86390886312605
379,e,44.23188985369667,37.65886424600444
380,na,160.89629957187537,42.09167751246303
381,na,160.89629957187537,29.081597512989127
382,na,160.89629957187537,30.99329852543065
383,na,160.89629957187537,50.6103055616609
384,na,84.3417446605845,57.7596699706419
385,na,160.89629957187537,87.25828466862504
386,e,160.89629957187537,53.122322800518255
387,na,160.89629957187537,39.194948856054
388,na,72.79871645628893,56.840079709337815
389,na,0,0
390,na,160.89629957187537,46.065020609738966
391,na,59.67316876601685,24.16232555071197
392,na,160.89629957187537,33.77071205044587
393,na,48.724170795246124,39.63704476622829
394,na,36.71156211110118,24.890902832532152
395,na,160.89629957187537,97.91495773477912
396,na,160.89629957187537,54.179219719372114
397,na,160.89629957187537,48.57560961460791
398,e,160.89629957187537,32.33938865916182
399,na,160.89629957187537,9.69124865921541
400,na,160.89629957187537,60.75247657704549
401,na,31.658133900471874,25.82095097559536
402,na,33.30680236725818,28.86382021482548
403,na,114.77802438852397,44.3240557933805
404,na,160.89629957187537,40.11935047637241
405,na,160.89629957187537,70.11106144255456
406,na,102.45101312174812,66.16107401362459
407,e,15.057473302613335,73.01483830459351
408,na,69.5092625836955,42.2859906645176
409,na,58.09189217478144,34.808119107691894
410,na,160.89629957187537,129.0105239973774
411,na,160.89629957187537,129.0105239973774
412,na,160.89629957187537,44.53405840287961
413,na,35.82193963840641,59.362420514899235
414,na,57.33645937877771,47.35059779601813
415,na,160.89629957187537,46.42687040551897
416,na,160.89629957187537,10.662570762205315
417,na,46.62982297365763,57.53389125367367
418,na,65.978498193566,43.63763086288186
419,na,160.89629957187537,129.0105239973774
420,na,160.89629957187537,48.41126200287333
421,na,160.89629957187537,32.89148561189053
422,na,19.640560297654076,52.32300211335855
423,e,160.89629957187537,46.112937855400304
424,na,160.89629957187537,56.29252948446588
425,e,94.78337485527221,54.60590082181291
426,na,24.09856651789904,53.59343029168372
427,na,160.89629957187537,52.47505174515966
428,e,160.89629957187537,12.777563088195233
429,na,160.89629957187537,42.545790973665646
430,na,50.84922748428181,40.8433817960707
431,na,160.89629957187537,32.3942913925431
432,e,160.89629957187537,35.51421160525944
433,e,96.02650277026004,82.8307959988143
434,na,74.50602561302736,42.800856419497926
435,na,44.770567847957075,45.844445287217496
436,na,97.267419215203,49.88831703558116
437,na,160.89629957187537,51.297709175878104
438,na,78.86492059287441,36.096486717493384
439,na,56.31764595116716,50.94245819903914
440,na,160.89629957187537,61.128028314965434
441,na,31.26480839963632,67.03093067617168
442,na,130.57975726894526,44.25823184882994
443,na,160.89629957187537,45.33512011643506
444,na,160.89629957187537,62.15565570327871
445,e,75.17872350185638,32.88865323374557
446,na,160.89629957187537,57.18486929427713
447,na,160.89629957187537,45.22836229809565
448,na,160.89629957187537,47.42165877388295
449,e,160.89629957187537,40.86002244592163
450,na,160.89629957187537,35.176699424454235
451,na,160.89629957187537,45.113015272071614
452,na,43.002509769435605,64.81989651379321
453,na,160.89629957187537,54.040847152357664
454,na,160.89629957187537,44.77383808485593
455,e,160.89629957187537,24.799767943421294
456,na,21.842299596854716,64.38451953263976
457,na,26.310275890451987,32.53502669013648
458,na,25.112170193384685,129.0105239973774
459,na,160.89629957187537,72.14148403422521
460,na,160.89629957187537,51.04950110518232
461,na,30.360727728363937,51.19837821374864
462,na,160.89629957187537,37.06573991538437
463,na,160.89629957187537,129.0105239973774
464,na,160.89629957187537,51.916497884035834
465,na,160.89629957187537,129.0105239973774
466,na,160.89629957187537,32.82871130572541
467,na,160.89629957187537,43.83606816687234
468,na,15.135468755141696,60.166441219995946
469,na,160.89629957187537,26.646773482660247
470,na,20.51392582159745,33.43094618705893
471,na,160.89629957187537,43.37906564766288
472,na,62.37152807659582,41.321227530841426
473,na,39.02992097732086,49.533925327821116
474,e,39.25749401246242,129.0105239973774
475,na,34.04802254089635,42.73565669052651
476,na,160.89629957187537,30.21614491512376
477,na,160.89629957187537,49.83119009807762
478,na,46.58537436303739,23.23640817460604
479,na,160.89629957187537,19.194537719447432
480,na,49.85570004193691,43.059299572994234
481,na,26.11978289332971,36.227902041554415
482,na,16.334647067359427,28.79811433997615
483,na,28.60920419419969,50.758067234614245
484,na,160.89629957187537,41.8004098825458
485,na,160.89629957187537,31.154934057165566
486,na,160.89629957187537,64.27389937493156
487,na,29.31038399933011,56.46506793840757
488,na,19.651708950938126,25.926537218852
489,na,160.89629957187537,86.45860704073233
490,na,80.38624426516503,41.81096792554479
491,na,160.89629957187537,40.49499540177418
492,na,160.89629957187537,50.16609851457108
493,na,160.89629957187537,34.45770041036674
494,na,51.38212023975987,19.840194956034033
495,na,47.64101638730818,18.948003820164928
496,na,160.89629957187537,58.79997791747827
497,e,160.89629957187537,66.14783367142893
498,na,16.31650692322568,15.586769836620835
499,na,160.89629957187537,35.642111650672966
500,na,160.89629957187537,41.01143116220212
501,na,160.89629957187537,40.17209613585604
502,na,12.221787658156886,27.682680987829865
503,na,160.89629957187537,55.29483910858653
504,na,160.89629957187537,25.81375724391222
505,na,160.89629957187537,56.89423701248151
506,na,70.09149069459914,41.866052254122884
507,na,42.60355118378449,39.59909962337573
508,e,96.4397504087252,64.88202453338087
509,na,160.89629957187537,4.99721338884053
510,na,160.89629957187537,48.39756055974763
511,na,160.89629957187537,38.91054714734068
512,e,160.89629957187537,39.43216240257751
513,e,160.89629957187537,129.0105239973774
514,na,30.717146634717345,69.73810918970472
515,na,75.78677389902566,57.5920208667926
516,na,13.6954185116254,43.22213095449139
517,na,112.54833249669784,49.637356853942634
518,na,160.89629957187537,56.8992993619034
519,na,14.395133771046261,37.53631632738199
520,e,160.89629957187537,56.82875213204517
521,na,160.89629957187537,65.1449290489032
522,na,56.248228058090326,32.92841384094595
523,na,17.083479281039498,60.54263725028409
524,na,25.5806721158381,15.269149617265604
525,na,160.89629957187537,77.56996419420304
526,na,88.1969220011283,31.26076327739051
527,na,160.89629957187537,40.325271478545474
528,na,160.89629957187537,51.02726427243181
529,na,160.89629957187537,41.29141167779233
530,na,12.028950298799106,25.14014929808287
531,na,23.741854592242923,49.877188570710324
532,na,160.89629957187537,129.0105239973774
533,na,71.42412038095077,44.4523158962007
534,na,42.64233741368342,28.06314017126134
535,na,160.89629957187537,26.84413339931572
536,e,160.89629957187537,41.053176289028485
537,na,51.23255712028482,26.551633378896916
538,na,160.89629957187537,40.13342870709917
539,na,160.89629957187537,129.0105239973774
540,e,160.89629957187537,63.99658498030016
541,na,160.89629957187537,45.70376943568387
542,na,47.976625437465245,45.34431987958165
543,na,35.32032050612811,57.90493065799303
544,na,160.89629957187537,48.996341910670026
545,na,160.89629957187537,38.33791072991963
546,na,160.89629957187537,69.10828468270955
547,e,160.89629957187537,33.711039943083016
548,na,160.89629957187537,41.68177994845541
549,na,38.6106600965874,27.888901446253254
550,na,26.42637340337302,25.2214813900163
551,na,73.06763657754163,16.888245740415005
552,e,160.89629957187537,9.693663699103867
553,na,10.966343732847486,15.860331899472273
554,na,160.89629957187537,46.64164412303059
555,na,160.89629957187537,48.72403221319742
556,e,160.89629957187537,69.78954730580068
557,e,160.89629957187537,48.66983659646433
558,na,45.5384801055319,45.82732501827484
559,na,160.89629957187537,51.46480687684594
560,na,64.030541640767,62.2915667131458
561,na,17.78188524086566,27.423980134286282
562,e,27.441401786872625,65.83414165635126
563,na,160.89629957187537,39.45703294597836
564,na,48.60779852510696,63.36657282749408
565,na,160.89629957187537,76.99237086536915
566,na,22.632192931491463,47.08668989873297
567,na,95.96758165578754,52.92139547043304
568,na,160.89629957187537,129.0105239973774
569,na,160.89629957187537,24.840876750247688
570,na,160.89629957187537,38.27803729914416
571,na,108.64727679212662,51.35308781353776
572,na,26.50391468585703,63.38793098994139
573,na,160.89629957187537,50.535510538800544
574,na,160.89629957187537,35.50124620911877
575,e,54.97288394776106,51.12598373773244
576,na,32.96369110617813,62.29045344203455
577,na,71.81227396809686,129.0105239973774
578,na,160.89629957187537,41.827255313306864
579,na,160.89629957187537,18.9369242685496
580,na,160.89629957187537,47.98605021551517
581,na,160.89629957187537,38.26429597750363
582,na,72.51133671126996,19.075109806275247
583,na,160.89629957187537,48.394932424641425
584,na,46.56258613745519,17.130994188344623
585,e,160.89629957187537,40.32883083351791
586,na,160.89629957187537,37.80721254042342
587,na,160.89629957187537,75.00890272410187
588,na,48.317902205772974,21.83858593983922
589,na,94.21549919067617,46.1036510446451
590,na,160.89629957187537,58.837353213544915
591,na,60.08830953906816,59.97678755334134
592,e,21.018291672299117,20.570379327200534
593,na,160.89629957187537,34.22626804282408
594,na,160.89629957187537,53.25405731232631
595,na,100.02189591407299,56.74206515900884
596,e,160.89629957187537,38.98304491130995
597,na,22.548930577815845,30.19704834489796
598,na,47.184001551006574,43.90689397619179
599,na,68.48770657294938,42.42162061173463
600,na,160.89629957187537,38.10872147622154
601,na,160.89629957187537,52.03928668129317
602,na,31.280514624966255,27.48208395790343
603,na,160.89629957187537,45.08432863273808
604,na,160.89629957187537,54.47913712553193
605,na,76.20086402136364,40.29263176513892
606,na,77.40000654228518,33.74851615711327
607,na,160.89629957187537,60.61393888557242
608,na,26.481033957332908,31.65424648303999
609,na,14.964527647741363,47.00090048696998
610,na,160.89629957187537,36.030588914580164
611,na,34.510089517953645,24.783912168293956
612,na,160.89629957187537,25.416799741511795
613,na,160.89629957187537,129.0105239973774
614,na,160.89629957187537,31.097465495704327
615,e,30.837137063514444,64.12685574463366
616,na,13.318429732868521,129.0105239973774
617,na,160.89629957187537,129.0105239973774
618,na,134.80133494456757,46.25567456579974
619,e,160.89629957187537,68.91516484086964
620,na,160.89629957187537,32.07893330269783
621,na,50.78479195146436,50.87189468880501
622,na,30.318784424866305,54.79757520984612
623,na,160.89629957187537,31.92036975620982
624,e,116.6823810992342,18.426834511650036
625,na,160.89629957187537,41.48962891826417
626,na,160.89629957187537,53.6185357680969
627,na,160.89629957187537,40.64545766403348
628,e,61.80129768000375,28.765691784823005
629,na,23.503785726454513,52.70319095366451
630,na,160.89629957187537,47.741408848830794
631,na,53.610836659817615,27.52445501744955
632,na,44.243012599924704,82.25136024412234
633,na,160.89629957187537,129.0105239973774
634,e,160.89629957187537,40.883161580156006
635,na,39.502241738067454,30.562065152828616
636,na,45.7261970633325,50.18665621317503
637,na,160.89629957187537,35.77802452633425
638,na,160.89629957187537,129.0105239973774
639,na,160.89629957187537,50.79299252390311
640,na,67.34169818478503,35.85876815405422
641,e,160.89629957187537,43.20946831946561
642,na,48.71056797716884,55.528948171631754
643,na,63.69979419929098,23.548798980112394
644,e,160.89629957187537,30.340040307093254
645,na,160.89629957187537,31.405187557217126
646,na,160.89629957187537,54.59447032873146
647,na,42.05369566719649,53.02363350402949
648,na,160.89629957187537,129.0105239973774
649,na,160.89629957187537,34.73818252256649
650,na,75.84393008085695,56.6626982153926
651,na,57.51412205390128,42.60788806199154
652,na,160.89629957187537,32.069632908247556
653,na,160.89629957187537,61.42903178648239
654,na,160.89629957187537,31.955758824137614
655,na,160.89629957187537,20.417928904324363
656,na,160.89629957187537,70.89421571089476
657,na,65.8490188300437,40.804593631225316
658,na,160.89629957187537,59.52245614098736
659,e,160.89629957187537,52.90913710470795
660,na,36.2281396573973,46.88598324246346
661,na,27.330958860727257,56.59996389650089
662,na,18.03736429959647,59.6748442610136
663,na,100.49076673952644,129.0105239973774
664,e,160.89629957187537,30.910150768950395
665,na,160.89629957187537,46.48493913328642
666,na,63.55953330553297,52.42483766167326
667,na,33.31545717861114,42.7773318632883
668,na,160.89629957187537,16.444744849313587
669,na,53.89915580840691,41.318240929085356
670,e,160.89629957187537,36.98510848191799
671,na,89.8195907104712,16.50330184965538
672,na,32.79541593845198,52.06800413210261
673,na,78.80532075577722,56.781550494390345
674,na,47.8301434088749,15.137429298934796
675,na,31.021915898336736,48.51833031459673
676,na,160.89629957187537,60.947434648925956
677,na,3.369610936110694,13.889504797443466
678,na,160.89629957187537,53.70236777360768
679,na,160.89629957187537,74.13918387778712
680,e,22.042517010022973,42.77765929138055
681,na,104.33724953757192,33.782445390596685
682,na,23.36450817793748,43.667861615558664
683,na,29.3910795404358,129.0105239973774
684,na,160.89629957187537,129.0105239973774
685,na,160.89629957187537,47.84539487252258
686,na,19.394501993035686,35.13283254752002
687,na,160.89629957187537,58.909281663910534
688,na,160.89629957187537,18.049884724848727
689,e,160.89629957187537,84.66431071127018
690,na,63.08358679730612,38.66664863544205
691,na,100.08935004616586,38.863805386189085
692,na,160.89629957187537,47.93150020205907
693,na,160.89629957187537,22.269919137936004
694,na,160.89629957187537,65.63493518177458
695,na,59.020793034326864,39.65703692076968
696,na,160.89629957187537,32.436392146319854
697,na,160.89629957187537,57.62108472936475
698,na,160.89629957187537,38.14300624713983
699,e,46.35587152188432,35.45336866288368
700,na,74.30228128780682,10.307779240734606
701,na,160.89629957187537,52.48841327098388
702,na,160.89629957187537,70.84450593691193
703,na,31.201934028451074,35.44715483478784
704,e,34.03225593195027,31.624681801198737
705,na,44.07329634752831,22.75908979335557
706,na,160.89629957187537,23.74321705130284
707,na,104.3011889357261,74.84707348907524
708,na,47.45719104651017,48.97571816215044
709,na,160.89629957187537,58.5653556525871
710,na,72.66080000532963,34.039402397603865
711,na,56.94521729096919,51.66720154047765
712,na,35.446697430414446,42.94390579010457
713,e,160.89629957187537,50.46779139379877
714,na,160.89629957187537,52.24996885844803
715,na,160.89629957187537,38.604456267107345
716,na,25.350014350483868,35.80564436663547
717,na,34.36378979434368,43.038276775599925
718,na,160.89629957187537,44.96582272040721
719,na,160.89629957187537,23.46974218576706
720,na,28.719202561914795,59.24436483210006
721,na,160.89629957187537,45.717828482225464
722,na,160.89629957187537,43.577670976475105
723,na,66.79455913435923,47.959939057429175
724,na,160.89629957187537,28.736070617005918
725,na,15.155813248397195,34.50810309876974
726,na,160.89629957187537,27.37218786905907
727,e,160.89629957187537,70.07922250447186
728,na,160.89629957187537,38.89661859211723
729,na,160.89629957187537,36.7633165405503
730,na,4.449716232958139,6.196701997534367
731,na,0,0
732,na,160.89629957187537,25.970548192429515
733,na,160.89629957187537,49.19484111988435
734,na,160.89629957187537,129.0105239973774
735,na,160.89629957187537,75.52972890442635
736,na,160.89629957187537,47.72392544477201
737,na,160.89629957187537,48.88360560345977
738,na,50.53752440465644,51.66535875358314
739,na,26.409465617096306,70.04727759611634
740,e,160.89629957187537,25.93883525801857
741,na,38.433513305232516,54.22501332984432
742,na,160.89629957187537,39.34846236892726
743,na,160.89629957187537,62.036811412830374
744,na,160.89629957187537,48.92445965549697
745,na,160.89629957187537,33.04884952468694
746,na,160.89629957187537,60.9811723169252
747,e,160.89629957187537,28.823571602679323
748,na,160.89629957187537,29.63096835783555
749,na,160.89629957187537,50.75751251509758
750,na,160.89629957187537,32.72718969819353
751,na,55.65199621510522,34.10897853109197
752,na,31.54491612787354,58.19211921678089
753,na,27.856239150423736,40.42922085790653
754,na,160.89629957187537,50.88209388939845
755,na,36.01278050958856,41.92202028898513
756,na,86.15820178369081,129.0105239973774
757,na,47.38518562657133,129.0105239973774
758,na,85.88108601262205,56.667858970411686
759,na,160.89629957187537,51.26151927284237
760,na,160.89629957187537,35.65521938001188
761,na,160.89629957187537,44.30595973258072
762,na,53.122174827080045,50.68113126483922
763,na,53.173715795513104,29.064691346366352
764,na,67.88855595594116,57.13604999001193
765,na,12.342517772528764,29.471216261174625
766,na,160.89629957187537,58.4269584000405
767,na,160.89629957187537,31.962411933834634
768,na,160.89629957187537,34.144614531654234
769,na,160.89629957187537,43.34889878585974
770,e,35.2649190353933,40.165629478215656
771,na,160.89629957187537,41.20923230252545
772,na,160.89629957187537,52.00355456495763
773,na,160.89629957187537,65.29359416774957
774,na,160.89629957187537,35.52001296552541
775,na,160.89629957187537,53.63840324743096
776,na,160.89629957187537,29.896615410770906
777,na,160.89629957187537,46.793794449223924
778,na,160.89629957187537,44.22941724890627
779,na,160.89629957187537,56.49444384954856
780,e,100.48950090493089,39.88220305739436
781,na,105.44146668079847,28.963655425875498
782,e,54.8929442154617,17.667777917556364
783,e,160.89629957187537,28.896208668927486
784,na,160.89629957187537,54.41261992965437
785,na,79.32593838962767,39.02141357197736
786,na,16.36517486161151,34.54607638893308
787,na,23.480838221292373,65.65489661668968
788,na,47.012663801243214,22.808169766784413
789,na,52.121498636728155,29.20787540362485
790,e,23.17479877369306,36.79934037575523
791,na,160.89629957187537,43.27134108719103
792,na,160.89629957187537,51.06385163188861
793,na,160.89629957187537,49.212432118414526
794,na,27.91675460612863,54.374828828917664
795,na,46.41801673731905,28.600697281143916
796,na,160.89629957187537,50.23353673394425
797,na,13.613840718381677,129.0105239973774
798,na,160.89629957187537,100.14869705439882
799,na,45.83349987855606,129.0105239973774
800,na,160.89629957187537,50.04233498488741
801,na,160.89629957187537,41.79035800179347
802,na,21.912150015971648,129.0105239973774
803,na,160.89629957187537,36.255240350421516
804,na,160.89629957187537,29.127970651873024
805,na,160.89629957187537,37.958344827982394
806,na,89.12711396713269,32.60550097244414
807,na,4.428746846593948,4.157050045064295
808,na,108.85139703269674,23.378597256682678
809,na,160.89629957187537,45.25038526984032
810,na,160.89629957187537,46.27290436691282
811,na,160.89629957187537,129.0105239973774
812,na,42.441619423769055,21.11982655933418
813,na,78.00624819513239,129.0105239973774
814,na,69.37257420921563,68.21535878581905
815,na,160.89629957187537,33.16902706501359
816,na,160.89629957187537,30.692274560782156
817,na,58.132304492979586,30.508126727107303
818,e,160.89629957187537,58.28523345716652
819,na,160.89629957187537,55.360676599743044
820,e,160.89629957187537,48.24011480162607
821,na,44.77003789605749,14.809290983981581
822,na,18.50965977690266,48.150389306048474
823,na,160.89629957187537,48.66489539242092
824,na,160.89629957187537,76.17274899062382
825,na,160.89629957187537,38.96577742308501
826,na,25.14538766563915,32.11573444426082
827,na,39.756285866508236,58.372944986451586
828,na,160.89629957187537,64.35570166254296
829,na,22.384735937794012,28.59118939470237
830,na,160.89629957187537,75.7700861292185
831,na,160.89629957187537,34.911772354201965
832,na,160.89629957187537,46.205599875538894
833,e,160.89629957187537,47.857402923732764
834,na,63.45727707796635,51.085853337487535
835,na,160.89629957187537,25.058743526458365
836,na,160.89629957187537,72.74715743815734
837,na,160.89629957187537,53.14377589655651
838,na,23.823887919622358,50.73215923555876
839,na,142.98438922951925,58.89788688450007
840,na,160.89629957187537,40.243208638510396
841,na,160.89629957187537,46.84418500678004
842,na,23.2821385177102,52.45659990052089
843,na,12.958046947238403,59.26448554385672
844,na,160.89629957187537,35.04476905861825
845,na,87.34325328774825,129.0105239973774
846,na,160.89629957187537,129.0105239973774
847,na,160.89629957187537,30.239378884997826
848,na,13.9309078264485,28.379788252760868
849,na,160.89629957187537,129.0105239973774
850,na,160.89629957187537,45.81675200059877
851,na,42.911124858658766,63.322066098853206
852,na,160.89629957187537,51.27041225229193
853,na,49.409887155740556,63.36507399439121
854,na,160.89629957187537,48.88300991236237
855,na,160.89629957187537,50.28772232973598
856,na,160.89629957187537,59.351487152431474
857,e,61.29293221143174,47.78168517575431
858,na,160.89629957187537,28.439209858611367
859,na,160.89629957187537,35.733492141318266
860,na,160.89629957187537,71.94504823909382
861,na,31.220224442794304,79.39057860217657
862,na,160.89629957187537,11.40536783697692
863,na,160.89629957187537,38.435038983855414
864,na,160.89629957187537,57.21295806215661
865,na,160.89629957187537,43.06387318663533
866,na,160.89629957187537,81.47547597279217
867,na,160.89629957187537,47.5371250521435
868,na,19.198843780520384,41.93524950781724
869,na,160.89629957187537,40.47910382372433
870,na,57.10711063286786,24.88800497362131
871,na,30.793552145084725,67.10895037658182
872,na,160.89629957187537,35.26305450678159
873,na,160.89629957187537,129.0105239973774
874,na,160.89629957187537,23.375695544403015
875,na,56.25605295769185,20.441810253826766
876,na,59.2989129657142,44.11436937539291
877,na,25.220630027373332,26.47660824814082
878,na,15.739724252551678,49.557600819447195
879,na,63.693893920990945,34.548274170223316
880,na,160.89629957187537,34.57677474923788
881,na,160.89629957187537,28.86618463296479
882,na,1.3871493122244156,10.255502194530195
883,na,93.40393242488824,45.286937462904085
884,na,29.490914739572897,49.0697944846685
885,na,23.631203020938383,58.955257583168695
886,na,160.89629957187537,59.866947682424126
887,na,160.89629957187537,32.767422462467046
888,na,160.89629957187537,51.87861568604282
889,na,160.89629957187537,45.391468271654496
890,na,160.89629957187537,44.11377657310735
891,na,160.89629957187537,40.60894488686067
892,na,111.31113853654365,52.91018690721125
893,na,160.89629957187537,28.62466323810726
894,na,160.89629957187537,62.60325063996469
895,na,160.89629957187537,31.896225336728172
896,na,53.651362749530556,19.434508317799455
897,na,160.89629957187537,38.77947943829205
898,na,40.21353803092854,12.778597680067113
899,na,48.69284615457583,16.525095022081207
900,na,160.89629957187537,34.580686577945954
901,na,160.89629957187537,37.60414767165458
902,na,160.89629957187537,47.434672518056935
903,na,160.89629957187537,47.16203619202499
904,na,53.82281312167586,65.48401774781969
905,e,48.011368732503634,60.735076191043376
906,na,46.7784610798544,35.78033482782553
907,na,160.89629957187537,39.872767441555055
908,na,160.89629957187537,57.005222135143455
909,na,35.79004651366873,47.23385459051523
910,na,24.769954577684327,49.03410913147142
911,na,7.72658919777691,18.920697543042262
912,na,160.89629957187537,42.462129469392956
913,na,160.89629957187537,49.382960535430406
914,na,160.89629957187537,42.21575908761067
915,na,160.89629957187537,43.29489955716956
916,na,26.36090224400423,21.681055863315255
917,na,38.264454789201224,41.711548986156465
918,na,160.89629957187537,43.47073519697944
919,na,160.89629957187537,54.40037385737466
920,na,160.89629957187537,26.356692253199203
921,na,160.89629957187537,3.462526832276237
922,na,160.89629957187537,57.35447700563565
923,na,160.89629957187537,69.76333670487452
924,na,160.89629957187537,25.66658672480156
925,na,61.08852563202627,35.35220412623627
926,na,160.89629957187537,37.34304166322822
927,na,160.89629957187537,48.644142080148136
928,na,160.89629957187537,68.62687276257138
929,na,160.89629957187537,47.647337322616515
930,na,160.89629957187537,44.195150370161194
931,na,45.97879467469464,129.0105239973774
932,na,39.734589008335135,47.312077870181106
933,na,47.956646760634534,10.756209063969754
934,na,160.89629957187537,27.62019777998859
935,na,58.30269547972695,67.02538792335972
936,na,160.89629957187537,74.59157261560685
937,na,160.89629957187537,75.06141143863309
938,na,51.10655573832966,129.0105239973774
939,na,160.89629957187537,53.720511532999346
940,na,28.256931103883012,55.83419685593508
941,na,4.907901726320827,47.7644052941367
942,na,32.882654926657565,14.29182660320227
943,e,160.89629957187537,34.95522806473211
944,na,59.59873977825553,24.041674071002994
945,e,160.89629957187537,21.40486621031994
946,na,160.89629957187537,64.29906976081845
947,na,160.89629957187537,41.69812491166115
948,na,37.0228070698257,33.56308420883536
949,na,58.64146184469337,116.84386135078451
950,na,52.646217964870594,43.32274334023006
951,na,160.89629957187537,79.41669888143544
952,na,160.89629957187537,47.94079107333624
953,na,21.906696551831423,10.804598812197868
954,na,160.89629957187537,129.0105239973774
955,na,112.66119538628345,25.535728408935174
956,na,64.05490727159517,57.557664149703164
957,na,26.355698602670522,48.93211453227117
958,e,22.18563907697699,33.8191924528477
959,na,160.89629957187537,26.392753480912614
960,na,160.89629957187537,45.368920675983425
961,na,160.89629957187537,24.813644901211518
962,na,21.99158653705109,39.490401446217376
963,na,39.39284571172722,56.745770920455236
964,na,160.89629957187537,36.687534706315844
965,na,160.89629957187537,49.52246615112574
966,na,160.89629957187537,29.558116363232458
967,na,160.89629957187537,44.17065041739615
968,na,160.89629957187537,35.416524164934465
969,na,160.89629957187537,57.505631910137005
970,na,160.89629957187537,58.349868205449994
971,na,160.89629957187537,18.21335205292248
972,e,160.89629957187537,30.381027534978674
973,na,22.885190160982688,28.07734989126588
974,na,160.89629957187537,68.2777418793812
975,na,160.89629957187537,38.02491901618867
976,na,160.89629957187537,52.65430314514561
977,na,22.38030285716865,34.270861201729375
978,na,71.45258671957284,44.170655177091284
979,na,160.89629957187537,47.57301143246477
980,na,160.89629957187537,37.19742328255275
981,na,160.89629957187537,27.7857872239775
982,na,160.89629957187537,15.460484194837793
983,e,160.89629957187537,44.07006616780702
984,na,36.82588600109795,45.245392347957505
985,na,160.89629957187537,51.584953062427445
986,na,76.54977679732411,23.846078377687917
987,na,54.75829559634976,43.130197614621196
988,na,26.714508438658157,43.51488262257704
989,na,39.36665504240646,38.42887885434626
990,na,160.89629957187537,37.42525000165233
991,na,77.69985466480978,73.06770117382393
992,na,160.89629957187537,30.25882191368273
993,na,160.89629957187537,23.43398692370809
994,na,18.621259508158076,16.53850883883031
995,na,101.42498487446036,64.41709996446492
996,na,160.89629957187537,73.50814563921747
997,e,160.89629957187537,43.41115174970886
998,na,17.57085540057008,29.704627134722475
999,na,46.11084398843939,59.21118754553526
