node, assignment, time2inf_trt
0,ne_ni,93.64041503736135
1,ne_ni,25.985804306592318
2,ne_ni,21.546176176410594
3,ne_ni,1000
4,ne_ni,116.74855061305668
5,ne_ni,46.54775033433353
6,ne_ni,97.896168767108
7,ne_ni,83.58886155461227
8,ne_ni,70.61170256777046
9,ne_ni,93.00070195809236
10,ne_ni,1000
11,ne_ni,61.953561360838464
12,ne_ni,8.531241096208579
13,ne_ni,33.2028488714948
14,ne_ni,95.08185243702543
15,ne_ni,143.12807775311808
16,ne_ni,1000
17,ne_ni,111.73724955169658
18,ne_ni,92.02816043735265
19,ne_ni,80.08543605981868
20,ne_ni,97.11761429578617
21,ne_ni,92.1542633170453
22,ne_ni,1000
23,ne_ni,1000
24,ne_ni,81.17661458071488
25,ne_ni,42.09379347141723
26,ne_ni,1000
27,ne_ni,1000
28,ne_ni,45.13879969588009
29,ne_ni,43.272246121614494
30,ne_ni,1000
31,ne_ni,69.37074648255155
32,e,1000
33,ne_ni,1000
34,ne_ni,62.42590366094619
35,ne_ni,81.15354988096244
36,ne_ni,65.49068190029543
37,ne_ni,84.11403321357184
38,ne_ni,109.5584722368476
39,ne_ni,90.79523357175947
40,ne_ni,82.32468002155383
41,ne_ni,124.17949751198428
42,ne_ni,68.22851313601265
43,ne_ni,92.645836436822
44,ne_ni,74.89292414393766
45,ne_ni,43.0888872674842
46,ne_ni,89.97232721601476
47,ne_ni,91.65245465994131
48,ne_ni,48.269454313823616
49,ne_ni,44.916179783520434
50,ne_ni,1000
51,ne_ni,75.11417251040722
52,ne_ni,84.4564785265994
53,ne_ni,84.70844832655
54,ne_ni,61.36454236643007
55,ne_ni,51.38872646924591
56,ne_ni,67.79877649034624
57,ne_ni,43.939591455405356
58,ne_ni,41.07782643281787
59,ne_ni,38.75576733969045
60,ne_ni,31.34810956367251
61,ne_ni,1000
62,ne_ni,1000
63,ne_ni,101.00669749371804
64,ne_ni,1000
65,ne_ni,74.9068538629695
66,ne_ni,0
67,ne_ni,49.00247792242821
68,ne_ni,58.12586579697667
69,ne_ni,29.161028806632533
70,ne_ni,82.85939529942439
71,ne_ni,1000
72,ne_ni,84.18314273708083
73,ne_ni,77.80441286181821
74,ne_ni,1000
75,ne_ni,91.59405636466317
76,ne_ni,62.59825606399331
77,ne_ni,47.096982643378794
78,ne_ni,62.76106328517556
79,ne_ni,68.35575496443936
80,ne_ni,87.27219335390465
81,ne_ni,74.695458797095
82,ne_ni,72.9055027263232
83,ne_ni,1000
84,e,1000
85,ne_ni,37.050725915251235
86,ne_ni,1000
87,ne_ni,60.40227453922306
88,ne_ni,1000
89,ne_ni,1000
90,ne_ni,72.60167785727879
91,ne_ni,1000
92,ne_ni,1000
93,ne_ni,54.77023179181298
94,ne_ni,1000
95,ne_ni,117.58858642394284
96,ne_ni,66.26655925911483
97,ne_ni,1000
98,ne_ni,34.30168081839493
99,ne_ni,113.67824506701245
100,ne_ni,58.90258692121112
101,ne_ni,56.97359069145708
102,ne_ni,43.711408934788906
103,ne_ni,1000
104,ne_ni,1000
105,ne_ni,37.28708161405732
106,ne_ni,64.85103765682317
107,ne_ni,104.89171462212131
108,ne_ni,79.07385355488682
109,ne_ni,1000
110,ne_ni,1000
111,ne_ni,83.1411430544103
112,ne_ni,125.80091018727994
113,ne_ni,72.3336138260039
114,ne_ni,71.25482888377572
115,ne_ni,76.79737533623621
116,ne_ni,103.37112442500394
117,e,1000
118,ne_ni,1000
119,ne_ni,122.48614921776708
120,ne_ni,1000
121,ne_ni,50.59458241314464
122,ne_ni,89.11874793974134
123,e,1000
124,ne_ni,91.47533030261913
125,ne_ni,54.637630870272545
126,ne_ni,104.30010203607645
127,ne_ni,131.51708899715356
128,ne_ni,116.68695915429973
129,ne_ni,54.08869157974478
130,ne_ni,52.51637245006391
131,ne_ni,1000
132,ne_ni,1000
133,ne_ni,123.12872035804364
134,ne_ni,47.27148434856077
135,ne_ni,54.91720800169095
136,ne_ni,1000
137,ne_ni,29.993637641937294
138,ne_ni,73.30185781467034
139,ne_ni,58.82282315897501
140,ne_ni,93.36955834026892
141,ne_ni,59.863090644653376
142,ne_ni,1000
143,ne_ni,99.70509054265676
144,ne_ni,55.73868170718418
145,ne_ni,54.35851250772594
146,ne_ni,131.40215517863916
147,ne_ni,66.80264208254198
148,ne_ni,1000
149,ne_ni,1000
150,ne_ni,84.23901351347301
151,ne_ni,1000
152,ne_ni,70.7161864640353
153,ne_ni,103.97294485035614
154,ne_ni,93.05952883700957
155,ne_ni,108.47336902302531
156,ne_ni,57.37013536854345
157,ne_ni,71.4563684894982
158,ne_ni,79.90018296764953
159,ne_ni,1000
160,ne_ni,74.13739561381604
161,ne_ni,48.04947518286733
162,ne_ni,6.1290391054182045
163,ne_ni,1000
164,ne_ni,106.86677736945816
165,ne_ni,1000
166,ne_ni,1000
167,ne_ni,48.92433314488952
168,e,78.6733209832348
169,ne_ni,27.419252519659327
170,ne_ni,62.12451075490877
171,ne_ni,95.62903781499247
172,ne_ni,146.45283468863676
173,ne_ni,110.45171436746644
174,e,128.96491217316498
175,ne_ni,127.26054796923812
176,ne_ni,84.64172536390288
177,ne_ni,70.25334617879145
178,ne_ni,1000
179,ne_ni,17.594239405951704
180,ne_ni,98.05647996762308
181,ne_ni,1000
182,ne_ni,82.50516782836185
183,ne_ni,64.41612632537043
184,ne_ni,67.39926486282863
185,ne_ni,1000
186,ne_ni,6.0733352555592015
187,ne_ni,99.16570200372334
188,ne_ni,1000
189,ne_ni,92.88008949070512
190,e,103.88775212148032
191,ne_ni,1000
192,ne_ni,22.905261959514988
193,ne_ni,65.91560925175533
194,ne_ni,45.15374898552031
195,ne_ni,1000
196,ne_ni,1000
197,ne_ni,91.1868473852356
198,ne_ni,1000
199,ne_ni,1000
200,ne_ni,1000
201,ne_ni,87.94101908683427
202,ne_ni,99.26335874071432
203,ne_ni,82.34748066358492
204,ne_ni,1000
205,ne_ni,1000
206,ne_ni,81.30723554206223
207,ne_ni,26.48772911680323
208,ne_ni,65.32637695370452
209,ne_ni,53.78903246718974
210,e,1000
211,ne_ni,39.70526410225424
212,ne_ni,53.27640236335223
213,ne_ni,82.95458102200791
214,ne_ni,21.20657732748432
215,ne_ni,1000
216,ne_ni,67.09881522060446
217,ne_ni,100.1270464508587
218,ne_ni,1000
219,e,1000
220,ne_ni,93.37840673303029
221,ne_ni,137.31881976495373
222,ne_ni,21.669007597556195
223,ne_ni,1000
224,ne_ni,1000
225,e,1000
226,ne_ni,110.97739605508795
227,ne_ni,81.75287517790484
228,ne_ni,39.970534372029284
229,ne_ni,100.25449751894557
230,ne_ni,34.72992249301899
231,ne_ni,43.5823709472324
232,ne_ni,0
233,ne_ni,43.3895956368419
234,ne_ni,1000
235,ne_ni,1000
236,ne_ni,68.2276901361698
237,ne_ni,133.37116207828316
238,ne_ni,1000
239,e,1000
240,ne_ni,134.50246828690203
241,ne_ni,48.186210321081084
242,ne_ni,45.132906906637075
243,ne_ni,1000
244,ne_ni,22.716716588999834
245,ne_ni,76.94740054426636
246,ne_ni,70.35287731892916
247,ne_ni,71.76926607808545
248,ne_ni,58.401190597324856
249,ne_ni,64.81722002114708
250,ne_ni,1000
251,ne_ni,77.70399854990204
252,ne_ni,47.3013369629367
253,ne_ni,101.23910341020789
254,ne_ni,1000
255,ne_ni,14.813176804581401
256,ne_ni,102.4361031536861
257,ne_ni,37.18824092139744
258,ne_ni,126.38197949242652
259,ne_ni,1000
260,ne_ni,27.188201112412596
261,ne_ni,1000
262,ne_ni,1000
263,ne_ni,95.8354334537976
264,ne_ni,104.84597215225078
265,ne_ni,1000
266,ne_ni,1000
267,ne_ni,55.20940279671113
268,ne_ni,85.02038620448018
269,ne_ni,100.03619916655235
270,ne_ni,61.76975065986202
271,ne_ni,45.73860350942701
272,ne_ni,99.49481806511504
273,ne_ni,71.70154392817216
274,ne_ni,116.26713753769268
275,ne_ni,1000
276,ne_ni,138.61171374505142
277,ne_ni,67.7886053406301
278,e,76.35863937339118
279,ne_ni,82.2371239500744
280,ne_ni,73.70990855503172
281,ne_ni,39.788790409338674
282,ne_ni,91.67029814475971
283,ne_ni,1000
284,ne_ni,48.053019506932685
285,ne_ni,1000
286,ne_ni,1000
287,ne_ni,1000
288,ne_ni,1000
289,ne_ni,75.03297320453359
290,ne_ni,60.782466124050664
291,ne_ni,104.62817028132592
292,ne_ni,101.57097990821315
293,ne_ni,1000
294,ne_ni,1000
295,ne_ni,104.02395462532039
296,ne_ni,43.93887390707213
297,ne_ni,93.27370388403764
298,ne_ni,87.54328690574596
299,ne_ni,1000
300,ne_ni,1000
301,ne_ni,82.1094548279052
302,ne_ni,51.57397394972534
303,ne_ni,99.42652227741445
304,ne_ni,94.07412259064527
305,ne_ni,61.08790998676895
306,ne_ni,1000
307,ne_ni,56.54846762091164
308,ne_ni,1000
309,ne_ni,64.33914119611022
310,ne_ni,75.46313184598736
311,ne_ni,78.57113890954315
312,ne_ni,118.93306733578525
313,ne_ni,1000
314,ne_ni,76.15780584752488
315,ne_ni,68.77527458034756
316,ne_ni,70.01152342490009
317,ne_ni,38.94933051695027
318,ne_ni,105.49733117070052
319,ne_ni,1000
320,ne_ni,1000
321,ne_ni,62.85193758413454
322,ne_ni,77.73695397630055
323,ne_ni,1000
324,ne_ni,1000
325,ne_ni,1000
326,ne_ni,56.863513018395594
327,ne_ni,45.42221510199126
328,ne_ni,1000
329,ne_ni,71.81403059138228
330,ne_ni,62.68118851641333
331,ne_ni,91.18277892778487
332,ne_ni,69.8916227946666
333,ne_ni,1000
334,ne_ni,48.153879470344194
335,ne_ni,50.46000778509533
336,ne_ni,1000
337,ne_ni,63.134079848667575
338,ne_ni,1000
339,ne_ni,46.93370154556519
340,ne_ni,1000
341,ne_ni,1000
342,e,82.93841535822278
343,ne_ni,90.114723197505
344,ne_ni,81.70698381257965
345,ne_ni,42.798335196870184
346,ne_ni,78.98684713642656
347,ne_ni,68.16875324249669
348,ne_ni,55.280167637391514
349,e,1000
350,ne_ni,53.98083678706681
351,ne_ni,88.7043458011198
352,e,1000
353,ne_ni,1000
354,ne_ni,1000
355,ne_ni,81.88951724530617
356,ne_ni,106.67950086132747
357,ne_ni,91.88251817699489
358,ne_ni,88.08649178653347
359,ne_ni,100.42929485678408
360,ne_ni,1000
361,ne_ni,78.5894790322603
362,ne_ni,30.36867153283719
363,ne_ni,52.67069908864373
364,ne_ni,30.779865955658817
365,ne_ni,1000
366,ne_ni,97.28042281239756
367,ne_ni,94.16566618897446
368,ne_ni,75.21412593367702
369,ne_ni,70.52903101746482
370,ne_ni,89.85217982500907
371,ne_ni,55.336269990754985
372,ne_ni,26.887652527070664
373,ne_ni,1000
374,ne_ni,115.1393273032808
375,ne_ni,81.54174739815241
376,ne_ni,1000
377,ne_ni,83.14263702654912
378,e,1000
379,ne_ni,109.7413838239866
380,ne_ni,52.271118501110244
381,ne_ni,1000
382,ne_ni,38.78472407423309
383,ne_ni,1000
384,ne_ni,1000
385,ne_ni,1000
386,ne_ni,77.78346815167478
387,ne_ni,72.27002755524418
388,ne_ni,1000
389,ne_ni,1000
390,ne_ni,1000
391,ne_ni,63.72775864546223
392,ne_ni,124.76755440257028
393,ne_ni,1000
394,e,14.834311049485956
395,ne_ni,76.65933755131687
396,ne_ni,120.78239800170942
397,ne_ni,1000
398,ne_ni,76.38039539239763
399,ne_ni,97.38619857715304
400,ne_ni,90.76335125819824
401,ne_ni,71.2844720981511
402,ne_ni,55.95950486065171
403,ne_ni,58.378812961191045
404,ne_ni,114.06082879397562
405,ne_ni,87.06441084180945
406,ne_ni,71.78573400974366
407,ne_ni,87.8010875131214
408,ne_ni,1000
409,ne_ni,33.5246712221681
410,ne_ni,19.829704900985035
411,ne_ni,80.98258340752741
412,ne_ni,80.28319898920586
413,ne_ni,44.253606821490195
414,ne_ni,0
415,ne_ni,79.9641817462625
416,ne_ni,85.32386872611426
417,ne_ni,1000
418,ne_ni,81.98847418929483
419,ne_ni,59.42447361588982
420,e,111.16852067350548
421,ne_ni,1000
422,ne_ni,46.53353615249205
423,ne_ni,111.65918087604149
424,ne_ni,119.1122405992035
425,ne_ni,1000
426,ne_ni,1000
427,e,1000
428,ne_ni,1000
429,ne_ni,1000
430,ne_ni,111.04473611127278
431,e,1000
432,ne_ni,37.682173754043184
433,ne_ni,74.72187400371438
434,ne_ni,113.31983865782948
435,ne_ni,26.177412536187465
436,ne_ni,1000
437,ne_ni,69.14530357692934
438,ne_ni,55.94042183598661
439,ne_ni,45.70361146415549
440,ne_ni,148.87810060494547
441,ne_ni,89.58341785236877
442,ne_ni,82.66355545310587
443,ne_ni,1000
444,ne_ni,1000
445,ne_ni,92.6012573659933
446,ne_ni,50.820630847287205
447,ne_ni,95.70115199716248
448,ne_ni,1000
449,ne_ni,84.45300054914466
450,ne_ni,1000
451,ne_ni,110.53964761424689
452,ne_ni,14.99869589516602
453,ne_ni,1000
454,ne_ni,68.04740946433144
455,e,1000
456,ne_ni,1000
457,ne_ni,118.31852343823401
458,ne_ni,97.80455325750128
459,ne_ni,31.398498314187396
460,ne_ni,144.49591238142077
461,ne_ni,85.82531648351966
462,ne_ni,59.4521405762371
463,ne_ni,1000
464,ne_ni,21.515759056305267
465,ne_ni,108.03858583567721
466,ne_ni,98.4005189252147
467,ne_ni,96.69657094761688
468,ne_ni,1000
469,ne_ni,45.305646837448144
470,ne_ni,104.09023111936446
471,ne_ni,100.4641512421539
472,ne_ni,74.15271831405545
473,ne_ni,79.44609103919485
474,ne_ni,123.08146463428861
475,ne_ni,47.2652684813009
476,ne_ni,38.495242305647274
477,e,1000
478,ne_ni,120.70819920374176
479,ne_ni,1000
480,ne_ni,32.72745134043393
481,ne_ni,53.512253392857886
482,ne_ni,105.90552640571663
483,ne_ni,90.72821241297936
484,e,1000
485,ne_ni,1000
486,ne_ni,111.90289432740613
487,ne_ni,67.69143646455835
488,ne_ni,92.23388240996957
489,ne_ni,123.33535811112678
490,e,111.89620165503095
491,ne_ni,71.88671112483757
492,ne_ni,39.945350142913966
493,ne_ni,63.30139865838636
494,ne_ni,54.92190331929315
495,ne_ni,1000
496,e,1000
497,ne_ni,64.00454705499543
498,ne_ni,29.081645362162103
499,ne_ni,1000
500,ne_ni,73.66818770331008
501,ne_ni,84.19185961461294
502,ne_ni,83.02456565972821
503,ne_ni,64.70644929568493
504,ne_ni,73.92392255023157
505,ne_ni,131.45911467218409
506,ne_ni,48.39710766942333
507,ne_ni,1000
508,ne_ni,111.4259570447727
509,ne_ni,60.90126558660203
510,ne_ni,1000
511,ne_ni,110.84440488205512
512,ne_ni,1000
513,ne_ni,64.12622730342136
514,ne_ni,52.051351693456525
515,ne_ni,103.5166584718617
516,ne_ni,87.66360741809409
517,ne_ni,98.62258525313695
518,ne_ni,1000
519,ne_ni,1000
520,ne_ni,68.94290973199749
521,ne_ni,1000
522,ne_ni,100.3206022768668
523,ne_ni,71.74377977629042
524,ne_ni,1000
525,ne_ni,52.618002284696146
526,ne_ni,97.5568718294289
527,ne_ni,47.6483588905726
528,ne_ni,42.251824725945426
529,ne_ni,98.66285856122789
530,ne_ni,97.12525261086384
531,ne_ni,56.95114390912767
532,e,1000
533,e,83.54612750881367
534,ne_ni,80.30721404183335
535,ne_ni,137.43207811445572
536,ne_ni,106.43974546865952
537,ne_ni,129.0892776202499
538,ne_ni,55.075273697228404
539,ne_ni,104.21947995635124
540,ne_ni,115.27898783118017
541,ne_ni,70.43152988924055
542,ne_ni,111.00642125215889
543,ne_ni,56.86952397019782
544,ne_ni,1000
545,ne_ni,141.52510608088323
546,ne_ni,87.73816874645783
547,ne_ni,1000
548,ne_ni,1000
549,ne_ni,121.52315248406187
550,ne_ni,8.890817087675293
551,ne_ni,115.94149583085812
552,ne_ni,1000
553,ne_ni,1000
554,ne_ni,92.11474488297699
555,ne_ni,43.524385127298196
556,ne_ni,72.17088580657574
557,e,131.0583113597718
558,ne_ni,59.81768363655534
559,ne_ni,49.96573522120069
560,ne_ni,1000
561,ne_ni,1000
562,ne_ni,0
563,ne_ni,52.399843156653056
564,ne_ni,102.55570792148771
565,ne_ni,49.723015147345315
566,ne_ni,0.9282179438808675
567,ne_ni,22.095897627989675
568,ne_ni,36.80017712019991
569,ne_ni,60.655749599547626
570,ne_ni,1000
571,ne_ni,16.970046807792322
572,ne_ni,67.01828680070774
573,ne_ni,97.64014443961548
574,ne_ni,1000
575,ne_ni,91.9559037421681
576,ne_ni,1000
577,ne_ni,97.66262428301273
578,ne_ni,44.94354827403388
579,ne_ni,57.693815442810596
580,ne_ni,1000
581,e,1000
582,ne_ni,1000
583,ne_ni,113.92819645620014
584,ne_ni,69.55104238440465
585,ne_ni,60.17077693093304
586,ne_ni,134.38138616727667
587,ne_ni,81.17585599862524
588,ne_ni,35.69776698301188
589,ne_ni,1000
590,ne_ni,62.62541523382395
591,ne_ni,97.4119704210825
592,ne_ni,139.26265293610345
593,ne_ni,106.94422610689816
594,ne_ni,53.492940000729185
595,ne_ni,52.789717805887165
596,ne_ni,60.968832728549565
597,ne_ni,45.76982681871343
598,ne_ni,1000
599,ne_ni,60.62033062566765
600,ne_ni,1000
601,ne_ni,1000
602,ne_ni,106.27042351172055
603,ne_ni,1000
604,ne_ni,50.381812066161146
605,ne_ni,82.94014765148218
606,ne_ni,80.00449714912722
607,ne_ni,97.27196886693862
608,ne_ni,137.08183328177984
609,ne_ni,93.01047578553265
610,ne_ni,89.47513681294879
611,ne_ni,64.01440716949422
612,ne_ni,93.96158442144734
613,e,1000
614,e,1000
615,ne_ni,72.55217179524554
616,ne_ni,91.16979553061206
617,ne_ni,31.539338633868468
618,ne_ni,50.932329831751915
619,ne_ni,14.752519253269178
620,ne_ni,1000
621,e,1000
622,ne_ni,1000
623,ne_ni,37.30346248399097
624,ne_ni,1000
625,ne_ni,12.711058355304981
626,ne_ni,90.25744872634287
627,ne_ni,65.39367220670347
628,e,1000
629,ne_ni,1000
630,ne_ni,26.791612041319645
631,ne_ni,58.607602127434355
632,ne_ni,105.8296725093764
633,ne_ni,49.04404620903446
634,ne_ni,115.08588006518144
635,ne_ni,1000
636,ne_ni,110.71085051576301
637,ne_ni,116.69418180787271
638,ne_ni,78.89101004540467
639,ne_ni,1000
640,ne_ni,1000
641,ne_ni,106.70128197106789
642,ne_ni,1000
643,ne_ni,102.86782490991487
644,e,1000
645,ne_ni,1000
646,ne_ni,1000
647,ne_ni,105.50464583414802
648,ne_ni,125.09652021146877
649,ne_ni,1000
650,ne_ni,1000
651,ne_ni,42.717097473572366
652,ne_ni,19.543542633232057
653,ne_ni,107.67088216727302
654,e,1000
655,ne_ni,66.68755934816086
656,ne_ni,120.15637381594757
657,ne_ni,1000
658,ne_ni,90.6906226179042
659,ne_ni,1000
660,ne_ni,103.48213447464516
661,ne_ni,36.99176020884573
662,ne_ni,47.977963016588575
663,ne_ni,63.33139870032306
664,ne_ni,75.40407419655794
665,ne_ni,97.97765139277811
666,ne_ni,76.17988848797076
667,ne_ni,51.67046861711362
668,ne_ni,1000
669,ne_ni,1000
670,ne_ni,41.827742799464225
671,ne_ni,1000
672,ne_ni,96.10150584124953
673,ne_ni,9.759375884070424
674,ne_ni,54.19504035114979
675,ne_ni,108.40973010184786
676,ne_ni,1000
677,ne_ni,89.18294143542204
678,ne_ni,117.50916990065777
679,ne_ni,43.9655025161046
680,ne_ni,66.675151875263
681,ne_ni,87.68254919785912
682,ne_ni,120.07511997138342
683,ne_ni,1000
684,ne_ni,50.41287299005681
685,ne_ni,77.3559871541341
686,ne_ni,84.92237569575119
687,ne_ni,41.78938182911077
688,e,1000
689,ne_ni,87.10916263379579
690,ne_ni,86.13331735239535
691,e,1000
692,ne_ni,1000
693,ne_ni,69.5051426077518
694,ne_ni,118.25634481164899
695,ne_ni,80.77139066063474
696,ne_ni,61.09929374605561
697,ne_ni,1000
698,ne_ni,1000
699,ne_ni,1000
700,ne_ni,1000
701,ne_ni,1000
702,e,37.22397928873446
703,ne_ni,50.89666738315361
704,ne_ni,118.75613338788679
705,ne_ni,95.81818719825094
706,ne_ni,122.83738860184945
707,ne_ni,1000
708,ne_ni,1000
709,ne_ni,1000
710,ne_ni,21.881166801922983
711,ne_ni,35.717113582445464
712,ne_ni,79.74474316641917
713,ne_ni,112.39074863146288
714,ne_ni,69.85705423545873
715,ne_ni,80.23240591875995
716,ne_ni,80.52567852007267
717,ne_ni,75.3353209397813
718,ne_ni,74.86191269115942
719,ne_ni,91.11000624484493
720,ne_ni,30.294406611291762
721,ne_ni,49.23176128432803
722,ne_ni,127.36081680852475
723,ne_ni,1000
724,ne_ni,67.48934857182813
725,ne_ni,65.82896637397985
726,ne_ni,24.438561867265804
727,ne_ni,87.50103225644864
728,ne_ni,77.61692589947722
729,ne_ni,62.5171988434796
730,ne_ni,60.84050739722798
731,ne_ni,59.17658083001927
732,ne_ni,1000
733,ne_ni,1000
734,ne_ni,105.40052643827329
735,e,1000
736,ne_ni,113.50617123181465
737,ne_ni,105.4317269670478
738,ne_ni,43.96875246821515
739,ne_ni,83.49824855183867
740,ne_ni,1000
741,ne_ni,145.29426354759718
742,ne_ni,41.09659989714832
743,ne_ni,60.24339535800626
744,ne_ni,80.10279085783978
745,ne_ni,101.28922186428134
746,ne_ni,30.139116886291564
747,ne_ni,118.28395260956385
748,ne_ni,1000
749,ne_ni,110.49025313073071
750,ne_ni,83.05933915010262
751,ne_ni,65.530107734097
752,ne_ni,130.8861045914691
753,ne_ni,1000
754,ne_ni,48.16422570501569
755,ne_ni,1000
756,ne_ni,57.76731482997023
757,ne_ni,58.816734166743835
758,ne_ni,114.78667500138168
759,ne_ni,1000
760,ne_ni,135.23112881626895
761,ne_ni,130.17454994830834
762,ne_ni,45.69583955897003
763,ne_ni,70.46063771266849
764,ne_ni,1000
765,ne_ni,71.71678355815907
766,ne_ni,1000
767,ne_ni,80.5653957397121
768,ne_ni,128.6658848114665
769,ne_ni,131.49699417619752
770,ne_ni,1000
771,ne_ni,46.95064361072485
772,ne_ni,63.855796320836575
773,ne_ni,1000
774,ne_ni,1000
775,ne_ni,1000
776,ne_ni,28.422667209558814
777,ne_ni,24.61008879226976
778,ne_ni,111.85910575331468
779,ne_ni,1000
780,ne_ni,73.47350105229418
781,ne_ni,73.8952662313385
782,ne_ni,1000
783,ne_ni,118.90490104485922
784,ne_ni,77.40393756375717
785,ne_ni,50.54192529318818
786,ne_ni,70.24643401341994
787,ne_ni,1000
788,ne_ni,105.11435119428863
789,ne_ni,79.66897261135455
790,ne_ni,61.51701135033524
791,ne_ni,57.34886142466675
792,ne_ni,1000
793,ne_ni,76.93616948566327
794,ne_ni,104.76165924523693
795,ne_ni,138.45018655428547
796,ne_ni,91.57336904339984
797,ne_ni,1000
798,ne_ni,1000
799,ne_ni,89.43580666870818
800,ne_ni,1000
801,ne_ni,76.81194851998896
802,ne_ni,1000
803,ne_ni,1000
804,ne_ni,108.79456956625664
805,e,1000
806,ne_ni,63.34098718447975
807,ne_ni,85.5485236189299
808,ne_ni,61.3050809346144
809,ne_ni,66.03359628185771
810,ne_ni,1000
811,ne_ni,128.2238658998719
812,ne_ni,46.67552240050904
813,ne_ni,53.35155327517019
814,ne_ni,90.46264117603987
815,ne_ni,103.68776285285786
816,ne_ni,1000
817,ne_ni,59.982426109597014
818,ne_ni,72.68150158477228
819,ne_ni,1000
820,ne_ni,52.41009549367127
821,ne_ni,91.98691987455386
822,ne_ni,53.72158522791674
823,e,1000
824,ne_ni,1000
825,ne_ni,125.39943841863855
826,ne_ni,16.37294537493666
827,ne_ni,1000
828,ne_ni,83.95347375045444
829,ne_ni,46.615141361935066
830,ne_ni,1000
831,ne_ni,74.03289992445137
832,ne_ni,54.80691518578525
833,ne_ni,128.1358029186353
834,ne_ni,102.64396926644339
835,ne_ni,106.47569091568833
836,ne_ni,83.29047808111919
837,ne_ni,113.49984499749127
838,ne_ni,46.75278460313875
839,ne_ni,1000
840,ne_ni,1000
841,ne_ni,65.27278182638243
842,ne_ni,1000
843,ne_ni,1000
844,ne_ni,1000
845,ne_ni,116.58751724958408
846,e,60.514851551399644
847,ne_ni,1000
848,ne_ni,97.01016731777958
849,ne_ni,108.98950703412714
850,ne_ni,105.45923133743169
851,ne_ni,59.230851927644345
852,ne_ni,89.00595493176259
853,ne_ni,62.044384780765625
854,ne_ni,92.99367587322386
855,ne_ni,44.00313657228675
856,ne_ni,43.80794042181423
857,ne_ni,51.692246456310905
858,ne_ni,1000
859,ne_ni,56.11734917150063
860,ne_ni,105.89535160709063
861,ne_ni,1000
862,ne_ni,92.8494669804384
863,ne_ni,1000
864,ne_ni,105.03206951401093
865,ne_ni,1000
866,ne_ni,63.35506297442342
867,ne_ni,30.491276895139464
868,ne_ni,1000
869,ne_ni,39.84016051795824
870,ne_ni,79.97525658583328
871,ne_ni,68.47103550631587
872,ne_ni,106.99896367480876
873,ne_ni,80.29105805495078
874,ne_ni,36.701069620658174
875,ne_ni,1000
876,ne_ni,1000
877,ne_ni,1000
878,ne_ni,1000
879,ne_ni,75.8188086693582
880,ne_ni,1000
881,ne_ni,89.25359123207522
882,ne_ni,1000
883,ne_ni,64.54503043907098
884,e,1000
885,e,1000
886,ne_ni,68.07786565014554
887,ne_ni,1000
888,ne_ni,69.97466198783428
889,ne_ni,103.2518221942291
890,ne_ni,1000
891,ne_ni,57.04035298436727
892,ne_ni,54.47360887412693
893,ne_ni,76.57459964716338
894,ne_ni,65.96439667355708
895,ne_ni,95.13880592692155
896,ne_ni,114.8347095441211
897,ne_ni,1000
898,ne_ni,56.843121587889485
899,ne_ni,77.55716887107022
900,ne_ni,120.4906106009637
901,ne_ni,35.677992314225996
902,ne_ni,70.7982804508316
903,ne_ni,83.0993213155966
904,ne_ni,78.56302231403896
905,ne_ni,128.87440524799123
906,ne_ni,1000
907,ne_ni,80.5616103740629
908,ne_ni,22.41113975501809
909,ne_ni,120.79983422573797
910,ne_ni,63.29835269993951
911,ne_ni,80.47930790605258
912,ne_ni,99.6826037635766
913,ne_ni,53.614878977794696
914,ne_ni,66.66335640830413
915,ne_ni,20.019559908942178
916,ne_ni,1000
917,ne_ni,1000
918,ne_ni,122.77994758725893
919,ne_ni,87.75402893293769
920,ne_ni,33.972275243086976
921,ne_ni,1000
922,ne_ni,129.09210291396641
923,ne_ni,1000
924,ne_ni,68.20018599245343
925,ne_ni,99.90330164232141
926,ne_ni,26.025860740143322
927,ne_ni,1000
928,ne_ni,1000
929,ne_ni,1000
930,ne_ni,80.84545393325607
931,ne_ni,1000
932,ne_ni,1000
933,ne_ni,96.63017662456409
934,ne_ni,49.32750577883393
935,ne_ni,64.16341960298257
936,ne_ni,56.79904765800855
937,ne_ni,1000
938,ne_ni,72.65540976799372
939,ne_ni,85.75220014584336
940,ne_ni,98.06353871521836
941,ne_ni,68.54073547914265
942,ne_ni,74.74738580745485
943,ne_ni,87.32191694277229
944,ne_ni,1000
945,e,1000
946,ne_ni,62.00188838812959
947,ne_ni,1000
948,ne_ni,105.47715106678679
949,ne_ni,1000
950,ne_ni,76.4464483297989
951,ne_ni,106.27689756022109
952,ne_ni,88.8923212440444
953,ne_ni,1000
954,ne_ni,34.93353524636226
955,e,1000
956,ne_ni,75.34409130688516
957,ne_ni,1000
958,ne_ni,37.919181736537425
959,ne_ni,116.65679507748511
960,ne_ni,1000
961,ne_ni,97.16516869482176
962,ne_ni,81.78856929342331
963,ne_ni,88.46298022868388
964,ne_ni,110.02594313115361
965,ne_ni,41.97963544475041
966,ne_ni,1000
967,ne_ni,127.0998772942828
968,ne_ni,82.26610147052696
969,ne_ni,23.84064067861767
970,ne_ni,142.1577696444626
971,e,1000
972,ne_ni,106.76021279053717
973,ne_ni,87.78981169597876
974,ne_ni,1000
975,ne_ni,1000
976,ne_ni,1000
977,ne_ni,1000
978,ne_ni,35.156086178837135
979,ne_ni,80.33826008105385
980,ne_ni,107.31429390255688
981,ne_ni,107.12672985959169
982,ne_ni,46.308284678899646
983,ne_ni,63.61377999507853
984,ne_ni,1000
985,ne_ni,89.12078503693931
986,ne_ni,69.31910831407917
987,ne_ni,80.16542978470797
988,e,50.05259513625218
989,ne_ni,1000
990,e,48.68062466019706
991,ne_ni,1000
992,ne_ni,67.89769768215751
993,ne_ni,1000
994,ne_ni,88.17194625824258
995,ne_ni,70.43883956466456
996,ne_ni,102.7917319998095
997,ne_ni,68.14606041401407
998,e,1000
999,ne_ni,22.651212816526108
