node, assignment, time2inf_trt
0,ne_ni,126.02394957792374
1,ne_ni,1000
2,ne_ni,52.795542541910564
3,ne_ni,136.0391767363797
4,e,104.9251809016944
5,ne_ni,62.61351667212622
6,ne_ni,78.4905075192342
7,ne_ni,1000
8,ne_ni,97.3019479763556
9,ne_ni,1000
10,ne_ni,87.492366174611
11,ne_ni,93.17124307344153
12,ne_ni,85.83412332463293
13,ne_ni,36.92396598456288
14,ne_ni,85.09699141618302
15,ne_ni,65.70759278203802
16,ne_ni,94.13108557966986
17,ne_ni,72.13984293050528
18,ne_ni,64.83921438094988
19,ne_ni,97.2340260986634
20,ne_ni,29.299715062827886
21,ne_ni,58.25402787635233
22,ne_ni,75.44304173071083
23,ne_ni,1000
24,ne_ni,1000
25,ne_ni,66.94068982810944
26,ne_ni,50.539784426919546
27,ne_ni,104.21894133194985
28,e,1000
29,ne_ni,139.13885387504075
30,ne_ni,84.96328947537692
31,ne_ni,120.36984820692614
32,ne_ni,93.4080140923985
33,ne_ni,1000
34,ne_ni,84.13633949335089
35,ne_ni,54.511453729748204
36,ne_ni,1000
37,ne_ni,60.91456453901162
38,ne_ni,118.4356935786888
39,ne_ni,128.24923354439414
40,ne_ni,86.58184718640325
41,ne_ni,28.862173629872686
42,e,1000
43,ne_ni,87.54827143648345
44,ne_ni,81.13747706287394
45,ne_ni,38.48082594454103
46,ne_ni,78.90837279660609
47,ne_ni,1000
48,ne_ni,1000
49,ne_ni,102.60009859433507
50,ne_ni,104.42925123413963
51,ne_ni,63.67371786516878
52,ne_ni,89.85696339647613
53,ne_ni,71.7248828774367
54,ne_ni,66.19488173488344
55,ne_ni,1000
56,ne_ni,1000
57,ne_ni,1000
58,ne_ni,91.85264506647354
59,ne_ni,42.35603439178361
60,ne_ni,104.91002845168043
61,ne_ni,1000
62,ne_ni,105.28934898036317
63,ne_ni,77.06170479901421
64,ne_ni,46.09217888169336
65,ne_ni,25.292059611371712
66,ne_ni,142.63597604407775
67,ne_ni,81.6886367035771
68,ne_ni,9.84543237946105
69,ne_ni,1000
70,ne_ni,25.07046056736239
71,ne_ni,1000
72,ne_ni,85.70113959169119
73,ne_ni,62.290425430653514
74,ne_ni,67.68662450942368
75,ne_ni,77.52445788076128
76,ne_ni,69.60096947538834
77,ne_ni,1000
78,ne_ni,1000
79,ne_ni,1000
80,ne_ni,1000
81,ne_ni,98.43364612535728
82,ne_ni,73.91910005362308
83,ne_ni,71.55699651186575
84,ne_ni,102.53563113146055
85,ne_ni,85.05845786931614
86,ne_ni,112.51677983516473
87,ne_ni,91.14767288340245
88,ne_ni,67.9552026306737
89,ne_ni,36.008281182644005
90,ne_ni,1000
91,ne_ni,43.5813622366737
92,ne_ni,22.52776942744059
93,ne_ni,71.54703481708081
94,ne_ni,50.22698609012925
95,ne_ni,55.92124886982748
96,ne_ni,65.77788727560203
97,ne_ni,78.65944589487988
98,ne_ni,94.13112949160288
99,ne_ni,117.22604958522138
100,ne_ni,104.31221128842154
101,ne_ni,78.53873393938551
102,ne_ni,61.37848633305188
103,ne_ni,120.60075296105373
104,ne_ni,91.84196695359
105,ne_ni,47.670751741522004
106,ne_ni,1000
107,ne_ni,67.38944007125356
108,ne_ni,47.58525891059786
109,ne_ni,90.12532793643012
110,ne_ni,1000
111,ne_ni,28.06345193701941
112,ne_ni,79.76036200828277
113,ne_ni,112.4148029347789
114,ne_ni,67.93866541486183
115,ne_ni,1000
116,ne_ni,1000
117,ne_ni,37.35722349529457
118,ne_ni,119.79811965397671
119,ne_ni,92.62217998297821
120,ne_ni,78.05797405696443
121,ne_ni,67.33105792687452
122,ne_ni,116.44373934823425
123,e,1000
124,ne_ni,24.858196958263918
125,e,1000
126,ne_ni,1000
127,ne_ni,48.83996997483917
128,ne_ni,66.70366348407194
129,ne_ni,70.61624408751518
130,ne_ni,94.66073354213317
131,ne_ni,53.419031347272586
132,ne_ni,1000
133,ne_ni,82.16079180521339
134,ne_ni,69.9584020609978
135,ne_ni,34.75507411477427
136,ne_ni,83.13407946502721
137,ne_ni,20.86618323992979
138,ne_ni,1000
139,ne_ni,75.75045043085366
140,ne_ni,1000
141,e,1000
142,ne_ni,76.54507336546858
143,ne_ni,1000
144,ne_ni,86.62761238692838
145,ne_ni,80.34910923121025
146,ne_ni,51.556539855980866
147,ne_ni,42.40071686740769
148,ne_ni,1000
149,ne_ni,1000
150,ne_ni,97.21308674532233
151,ne_ni,32.95102124065056
152,ne_ni,50.54750728709645
153,e,120.52002820640152
154,ne_ni,81.27569416917841
155,ne_ni,1000
156,ne_ni,34.50495817482863
157,ne_ni,68.13462061979232
158,ne_ni,63.9831424478726
159,e,1000
160,ne_ni,65.20945633478549
161,ne_ni,1000
162,ne_ni,1000
163,e,1000
164,ne_ni,1000
165,ne_ni,119.22928111072602
166,ne_ni,96.04707537854723
167,ne_ni,70.64689829012254
168,ne_ni,33.792429603341375
169,ne_ni,1000
170,ne_ni,68.34892986240291
171,ne_ni,93.11096852199353
172,ne_ni,88.91014648477145
173,ne_ni,53.31140744240323
174,ne_ni,123.10446272804217
175,ne_ni,69.46461417999593
176,ne_ni,102.95161357107008
177,ne_ni,68.95354024386762
178,ne_ni,1000
179,ne_ni,33.70359134271065
180,ne_ni,79.77906977316682
181,ne_ni,80.02962175112393
182,ne_ni,50.096242106085086
183,ne_ni,45.366586449711235
184,ne_ni,115.57341489295864
185,ne_ni,98.77010908883175
186,ne_ni,1000
187,e,1000
188,ne_ni,85.17704876837081
189,ne_ni,1000
190,ne_ni,94.79192226941983
191,ne_ni,107.29748384827543
192,ne_ni,67.6734083596428
193,ne_ni,79.47537864578668
194,ne_ni,15.50444036488484
195,ne_ni,75.78483711628533
196,ne_ni,86.05871150944115
197,ne_ni,68.12004158869769
198,ne_ni,1000
199,ne_ni,1000
200,ne_ni,1000
201,ne_ni,85.13166173647053
202,ne_ni,1000
203,ne_ni,9.84543237946105
204,ne_ni,1000
205,ne_ni,1000
206,ne_ni,60.22882294302365
207,ne_ni,61.12281759682598
208,e,1000
209,ne_ni,1000
210,ne_ni,104.91462165304152
211,ne_ni,94.35675482940233
212,ne_ni,89.80838259029719
213,ne_ni,111.1698631685106
214,ne_ni,36.989271302900455
215,ne_ni,90.40628392266659
216,ne_ni,108.31375362668547
217,ne_ni,79.88520586640153
218,ne_ni,1000
219,ne_ni,61.876507488766364
220,ne_ni,85.47412800764161
221,ne_ni,69.62297477095058
222,ne_ni,68.86565738536726
223,ne_ni,106.22577463686329
224,ne_ni,94.2678504541697
225,ne_ni,84.99070665550047
226,ne_ni,62.63828386420472
227,ne_ni,70.18302893656491
228,ne_ni,74.59025786688136
229,ne_ni,83.65014044964443
230,ne_ni,86.53005546466107
231,ne_ni,44.54640024326059
232,ne_ni,63.90273462715572
233,ne_ni,69.66609579303096
234,ne_ni,1000
235,e,1000
236,ne_ni,43.71030786107034
237,e,1000
238,ne_ni,35.8416980489392
239,ne_ni,71.9517594096735
240,ne_ni,138.23955870527433
241,ne_ni,96.43710562581093
242,ne_ni,1000
243,ne_ni,91.33136979164239
244,ne_ni,101.31466115214988
245,ne_ni,29.336640847426146
246,ne_ni,65.33089429484012
247,ne_ni,113.69251029688533
248,ne_ni,75.41109208624783
249,ne_ni,60.439594574985996
250,ne_ni,58.41552491766155
251,ne_ni,35.98417880768509
252,ne_ni,1000
253,ne_ni,77.53176925638438
254,ne_ni,90.45085087261003
255,e,1000
256,ne_ni,70.41866616400078
257,ne_ni,84.89395176505697
258,ne_ni,50.32063201333592
259,ne_ni,64.41798821369305
260,ne_ni,67.68884876732541
261,ne_ni,37.05102815003351
262,ne_ni,28.10696837478025
263,ne_ni,92.33075054918596
264,ne_ni,1000
265,ne_ni,73.72344345602227
266,ne_ni,96.39354938640653
267,ne_ni,9.84543237946105
268,ne_ni,81.54727161159688
269,ne_ni,1000
270,ne_ni,117.72465022447776
271,ne_ni,68.73395812799782
272,ne_ni,116.67565217682976
273,ne_ni,45.833323432359016
274,ne_ni,70.7328041509102
275,ne_ni,93.8771211106513
276,ne_ni,111.67850686586749
277,ne_ni,34.28477677911247
278,e,1000
279,ne_ni,1000
280,e,1000
281,ne_ni,63.90384266690757
282,ne_ni,28.085659430729116
283,ne_ni,99.01907519495109
284,ne_ni,90.00007001651537
285,ne_ni,65.15330160847273
286,ne_ni,43.821270168614454
287,ne_ni,115.60343494461222
288,ne_ni,114.24247798205276
289,ne_ni,1000
290,ne_ni,44.846326728625314
291,ne_ni,81.24179113348366
292,e,1000
293,ne_ni,78.30844561306854
294,ne_ni,86.72476763770631
295,ne_ni,19.16305740495028
296,ne_ni,106.3358414063101
297,ne_ni,119.09620113299655
298,ne_ni,70.95710223137239
299,ne_ni,102.86024013261867
300,ne_ni,86.3298979233657
301,ne_ni,68.65851880111067
302,ne_ni,1000
303,ne_ni,49.25981635073642
304,ne_ni,1000
305,ne_ni,101.40344944681408
306,ne_ni,45.704429425837375
307,ne_ni,64.0134078553512
308,ne_ni,69.68182140953022
309,ne_ni,74.70092455834747
310,ne_ni,31.949666705166912
311,ne_ni,77.44406916974053
312,ne_ni,43.68264645971261
313,ne_ni,100.80630466034887
314,ne_ni,103.96712238294913
315,ne_ni,38.87504848339252
316,ne_ni,1000
317,ne_ni,1000
318,ne_ni,75.20455080312436
319,ne_ni,86.734639011505
320,ne_ni,82.2749653140414
321,ne_ni,51.210188907451354
322,ne_ni,35.613945646810095
323,ne_ni,1000
324,ne_ni,102.73293968013819
325,ne_ni,1000
326,ne_ni,91.90595314688308
327,ne_ni,82.75376151648473
328,ne_ni,43.75023100855266
329,ne_ni,94.27185902240083
330,ne_ni,1000
331,e,155.40726215468445
332,ne_ni,75.3121550759584
333,ne_ni,1000
334,e,1000
335,ne_ni,1000
336,ne_ni,63.956868777768044
337,ne_ni,49.38220677096023
338,ne_ni,59.8293521619296
339,ne_ni,71.08836285111784
340,ne_ni,69.12117851385528
341,ne_ni,69.11600547080967
342,ne_ni,1000
343,ne_ni,61.67309954959907
344,ne_ni,113.72949009207395
345,ne_ni,1000
346,ne_ni,62.032261988217655
347,ne_ni,93.02568379295288
348,ne_ni,95.19118815516568
349,ne_ni,1000
350,ne_ni,68.79198010703614
351,ne_ni,69.22567775704974
352,ne_ni,98.60921154674912
353,ne_ni,1000
354,ne_ni,101.13100785548363
355,ne_ni,43.336962165308755
356,ne_ni,96.22272816496718
357,ne_ni,25.14835257471052
358,ne_ni,82.17191948044861
359,ne_ni,44.52043143641649
360,ne_ni,88.24678137284101
361,ne_ni,71.43844417884371
362,ne_ni,86.82360676426696
363,ne_ni,1000
364,ne_ni,1000
365,ne_ni,87.19542513378693
366,ne_ni,1000
367,ne_ni,1000
368,ne_ni,55.172920085062344
369,ne_ni,67.52500552255655
370,e,1000
371,ne_ni,141.3650394348833
372,ne_ni,53.68328040482683
373,e,1000
374,ne_ni,82.37073945970971
375,ne_ni,78.54750867437126
376,ne_ni,1000
377,ne_ni,78.1043261421771
378,ne_ni,52.9979327204599
379,ne_ni,65.2502550409957
380,ne_ni,52.31251237172464
381,ne_ni,1000
382,ne_ni,102.47503091902088
383,ne_ni,85.69482008161378
384,ne_ni,49.94497987559775
385,e,73.12792853236425
386,ne_ni,40.595283867227806
387,ne_ni,1000
388,ne_ni,114.6916570289271
389,e,78.88065481939515
390,ne_ni,81.9352115931641
391,ne_ni,92.53000576002017
392,ne_ni,53.458470386081125
393,ne_ni,66.49779066135179
394,ne_ni,131.65919044770456
395,ne_ni,1000
396,ne_ni,65.15914965589074
397,ne_ni,72.30800869371177
398,ne_ni,1000
399,ne_ni,91.56702686744927
400,ne_ni,1000
401,ne_ni,57.04005425993185
402,ne_ni,27.390980012863714
403,ne_ni,1000
404,ne_ni,60.86727121405551
405,ne_ni,76.95116135643312
406,ne_ni,1000
407,ne_ni,58.708306058041664
408,ne_ni,105.17247262822595
409,ne_ni,120.29995897213779
410,ne_ni,14.399945311966192
411,ne_ni,1000
412,ne_ni,72.71759758712517
413,ne_ni,77.24459688188917
414,e,1000
415,ne_ni,54.1072519174337
416,ne_ni,85.2911618138972
417,ne_ni,1000
418,ne_ni,63.310843890700056
419,ne_ni,1000
420,ne_ni,125.26711554229959
421,ne_ni,1000
422,ne_ni,57.2969241239187
423,ne_ni,108.10740238104908
424,ne_ni,61.83409016906095
425,ne_ni,82.84256407216267
426,ne_ni,94.2593222460152
427,ne_ni,78.34666936025043
428,ne_ni,62.89279587262509
429,ne_ni,87.81846397775483
430,ne_ni,61.70916533101301
431,ne_ni,89.50375647687845
432,ne_ni,65.6925413775104
433,ne_ni,84.81686810826103
434,ne_ni,1000
435,ne_ni,104.71807222056351
436,ne_ni,1000
437,ne_ni,1000
438,ne_ni,64.11628063656143
439,ne_ni,24.835506723901254
440,ne_ni,25.258765062307383
441,ne_ni,42.42836301645221
442,e,73.3010534987792
443,ne_ni,76.75349172397428
444,ne_ni,64.67777848481161
445,ne_ni,50.421116952755455
446,ne_ni,9.84543237946105
447,ne_ni,1000
448,ne_ni,99.71818533489295
449,ne_ni,63.30833610769851
450,ne_ni,64.58654024975056
451,ne_ni,57.78009492047065
452,ne_ni,95.1923340856474
453,ne_ni,95.5820380929328
454,ne_ni,19.391015854227703
455,ne_ni,1000
456,ne_ni,1000
457,ne_ni,78.39603178057395
458,ne_ni,75.97216924501795
459,ne_ni,18.109996450108355
460,ne_ni,55.46985136226649
461,ne_ni,1000
462,ne_ni,1000
463,ne_ni,57.49642820213506
464,ne_ni,1000
465,ne_ni,103.34172279185697
466,ne_ni,89.05578734521325
467,ne_ni,1000
468,ne_ni,64.47023235387331
469,ne_ni,80.24972952690887
470,e,1000
471,ne_ni,92.56420901973813
472,ne_ni,41.301148084746295
473,ne_ni,1000
474,ne_ni,49.35534626255051
475,ne_ni,61.25069945309871
476,ne_ni,34.49499568527931
477,ne_ni,47.1695977935215
478,ne_ni,83.71940451397627
479,ne_ni,1000
480,e,1000
481,ne_ni,71.59195010475241
482,ne_ni,60.508830878216045
483,ne_ni,95.10214439899862
484,ne_ni,72.27219670447101
485,ne_ni,69.24505485214802
486,ne_ni,103.81013671841956
487,ne_ni,61.54712696155256
488,ne_ni,55.46508743615699
489,ne_ni,48.67394495731351
490,ne_ni,90.17492102384979
491,ne_ni,58.311467899158835
492,ne_ni,108.30344309843468
493,ne_ni,59.71161455769853
494,ne_ni,88.47609107347515
495,e,1000
496,ne_ni,69.63974023273025
497,ne_ni,46.56772487031218
498,ne_ni,1000
499,ne_ni,90.62420262595536
500,ne_ni,1000
501,ne_ni,61.23126822117972
502,ne_ni,71.03544321266645
503,ne_ni,65.74400723968121
504,ne_ni,111.67165169807531
505,ne_ni,56.975249559519035
506,ne_ni,85.73812486527373
507,ne_ni,116.0642808176986
508,ne_ni,1000
509,ne_ni,1000
510,ne_ni,88.31435747288863
511,ne_ni,59.45695824701038
512,ne_ni,83.10213103891014
513,ne_ni,1000
514,ne_ni,74.05563568027787
515,ne_ni,1000
516,ne_ni,1000
517,ne_ni,72.14744491385878
518,ne_ni,104.31482314452417
519,ne_ni,77.92011796467138
520,ne_ni,97.27102234834743
521,ne_ni,1000
522,ne_ni,1000
523,ne_ni,115.08969176533633
524,ne_ni,85.76397572664591
525,e,93.02962697157324
526,ne_ni,111.22345167086135
527,ne_ni,69.6083938003073
528,ne_ni,124.35980345593285
529,ne_ni,1000
530,ne_ni,37.53750019955047
531,ne_ni,124.12918328630171
532,ne_ni,105.6652190757608
533,ne_ni,1000
534,ne_ni,1000
535,ne_ni,1000
536,ne_ni,1000
537,ne_ni,44.046130736127395
538,ne_ni,1000
539,ne_ni,128.47625324154254
540,ne_ni,1000
541,ne_ni,54.94005281658712
542,ne_ni,1000
543,e,1000
544,ne_ni,72.78843248506422
545,ne_ni,25.763313741068295
546,ne_ni,132.4841089490273
547,ne_ni,19.783408207844882
548,ne_ni,55.751625704370284
549,ne_ni,94.77927077444444
550,ne_ni,107.80406430139925
551,ne_ni,91.36579365850453
552,ne_ni,99.73004838124683
553,ne_ni,69.20863389078397
554,ne_ni,112.8581145817392
555,ne_ni,104.80887841439774
556,ne_ni,81.6531314315079
557,ne_ni,69.0040309826308
558,ne_ni,1000
559,ne_ni,121.48458125706024
560,ne_ni,73.90115195797227
561,ne_ni,92.4015015766819
562,ne_ni,1000
563,ne_ni,72.78121670998802
564,ne_ni,103.10098906298651
565,ne_ni,72.57342278670211
566,ne_ni,95.10806057932164
567,ne_ni,73.17868550578223
568,ne_ni,75.2438072493942
569,ne_ni,1000
570,ne_ni,112.83808554298301
571,ne_ni,86.93264251502674
572,ne_ni,65.5419624609783
573,ne_ni,85.6730464264039
574,ne_ni,93.57050842244995
575,ne_ni,38.82403615096002
576,ne_ni,62.042588540660496
577,ne_ni,57.38737093946957
578,e,1000
579,ne_ni,1000
580,ne_ni,51.76456478183331
581,ne_ni,45.67735098910004
582,ne_ni,92.8654700455091
583,ne_ni,48.991343724973284
584,ne_ni,46.748470766451206
585,ne_ni,41.720549406515104
586,ne_ni,74.51120037733546
587,ne_ni,59.13203960334301
588,ne_ni,104.33927736671218
589,ne_ni,114.66781565721826
590,ne_ni,112.60803205826434
591,ne_ni,1000
592,ne_ni,1000
593,ne_ni,1000
594,ne_ni,59.109793715699716
595,ne_ni,81.0854549431278
596,ne_ni,1000
597,ne_ni,75.37078608661692
598,ne_ni,1000
599,ne_ni,34.062393487143495
600,ne_ni,30.066854177196873
601,ne_ni,63.85887099466948
602,ne_ni,54.02338736578365
603,ne_ni,116.745704018467
604,ne_ni,87.80598188896057
605,e,118.83355400786304
606,ne_ni,97.80333181124932
607,ne_ni,95.38377555395108
608,ne_ni,80.26204473892167
609,ne_ni,128.28704104479652
610,ne_ni,142.07729997105164
611,ne_ni,60.42939027802154
612,ne_ni,113.24892138660478
613,ne_ni,57.98342328999544
614,e,1000
615,ne_ni,111.11520556970157
616,ne_ni,69.50632181174909
617,ne_ni,100.19401593782122
618,ne_ni,128.2067421211142
619,ne_ni,118.24077931209435
620,ne_ni,1000
621,ne_ni,51.445307284341126
622,ne_ni,65.21063891869008
623,ne_ni,66.8334311608428
624,ne_ni,53.074210777860216
625,ne_ni,1000
626,ne_ni,60.25556977740963
627,ne_ni,113.40261705937672
628,ne_ni,84.8039928073806
629,ne_ni,9.84543237946105
630,ne_ni,75.5018022640151
631,ne_ni,1000
632,ne_ni,50.80086950484538
633,ne_ni,43.8946018094852
634,ne_ni,68.0082905842508
635,ne_ni,78.73971253118289
636,ne_ni,90.10189445940574
637,ne_ni,51.34362968639537
638,ne_ni,96.74092236753272
639,ne_ni,1000
640,ne_ni,50.03777172384455
641,ne_ni,74.79672807240007
642,ne_ni,113.22660356865875
643,ne_ni,66.60053419288991
644,ne_ni,28.278362921847418
645,ne_ni,84.15410425746659
646,ne_ni,21.725164940084014
647,ne_ni,9.84543237946105
648,ne_ni,83.27688040408661
649,ne_ni,66.94401559538721
650,ne_ni,56.82975769551169
651,ne_ni,57.73074137597113
652,ne_ni,1000
653,ne_ni,53.30650297739523
654,ne_ni,94.35461132094733
655,ne_ni,66.54536147377497
656,ne_ni,1000
657,ne_ni,96.83039226545132
658,ne_ni,108.52666412182758
659,ne_ni,75.0392351826775
660,ne_ni,44.55184034767431
661,ne_ni,1000
662,ne_ni,50.7604324434986
663,e,1000
664,ne_ni,77.39607523066634
665,ne_ni,75.25234758464529
666,ne_ni,28.871939593081883
667,ne_ni,1000
668,ne_ni,64.45742447481106
669,ne_ni,67.44925123755334
670,ne_ni,39.923986389899135
671,e,1000
672,ne_ni,1000
673,e,1000
674,ne_ni,42.33988666651438
675,ne_ni,1000
676,ne_ni,60.19774342368639
677,ne_ni,65.3266233344577
678,ne_ni,126.71182538569991
679,ne_ni,91.34803256109744
680,ne_ni,1000
681,ne_ni,72.61470230310391
682,ne_ni,63.34476161848739
683,ne_ni,57.2254532439018
684,ne_ni,131.35334734418902
685,ne_ni,1000
686,ne_ni,118.67144455264068
687,ne_ni,80.15713021774572
688,ne_ni,1000
689,ne_ni,60.86761163968551
690,ne_ni,1000
691,ne_ni,32.502446628454116
692,ne_ni,96.02226299676379
693,ne_ni,66.23248645652082
694,ne_ni,98.53012973428501
695,ne_ni,57.93940410423396
696,ne_ni,85.39999674646988
697,ne_ni,1000
698,ne_ni,86.07383423857219
699,ne_ni,78.0868795577356
700,ne_ni,81.37799769885827
701,ne_ni,73.8129918590421
702,ne_ni,92.78974373541358
703,ne_ni,127.4522249345658
704,ne_ni,69.52147368202651
705,ne_ni,102.34346611923493
706,ne_ni,39.05285335283315
707,ne_ni,54.09844146948989
708,ne_ni,93.12959780434171
709,ne_ni,57.42024764553376
710,ne_ni,1000
711,ne_ni,59.026676350551085
712,ne_ni,93.31741971404297
713,ne_ni,53.49030978656969
714,ne_ni,101.12576771463405
715,ne_ni,1000
716,ne_ni,53.82670562013934
717,ne_ni,79.13789758180904
718,ne_ni,1000
719,ne_ni,41.321329801151634
720,ne_ni,23.12636757132708
721,ne_ni,52.42749572887317
722,ne_ni,12.116314134424213
723,ne_ni,63.26160222107946
724,ne_ni,86.46605587668942
725,ne_ni,26.881641620294104
726,ne_ni,89.18673399876839
727,ne_ni,1000
728,ne_ni,71.46825826120248
729,ne_ni,72.36269647857326
730,ne_ni,109.4918980355055
731,ne_ni,80.53474377556199
732,ne_ni,74.26327717712152
733,ne_ni,1000
734,ne_ni,1000
735,ne_ni,43.620124838500224
736,ne_ni,52.60379122203019
737,ne_ni,100.02187228575407
738,ne_ni,66.55567478755796
739,ne_ni,1000
740,ne_ni,43.525917804635235
741,ne_ni,55.63223324288885
742,ne_ni,52.8487818827431
743,ne_ni,74.0713505550833
744,ne_ni,1000
745,ne_ni,1000
746,ne_ni,67.81637650077874
747,ne_ni,99.02630498442919
748,ne_ni,58.18953136243644
749,ne_ni,28.80665026542261
750,ne_ni,108.37687071227336
751,ne_ni,104.32143833967417
752,e,1000
753,ne_ni,105.62340246721828
754,ne_ni,96.34420406141368
755,ne_ni,64.9452335890729
756,ne_ni,92.62791559312224
757,ne_ni,54.759570939041254
758,ne_ni,52.90059516569421
759,ne_ni,36.77919407070996
760,ne_ni,1000
761,ne_ni,96.29568432595615
762,ne_ni,63.945741157791474
763,ne_ni,58.30671233288291
764,ne_ni,38.22958029541817
765,ne_ni,47.006412080364605
766,ne_ni,1000
767,ne_ni,72.39113603273846
768,ne_ni,1000
769,ne_ni,91.21575731385312
770,ne_ni,81.07818574730659
771,ne_ni,75.95964506362478
772,ne_ni,1000
773,ne_ni,1000
774,ne_ni,75.92010208121336
775,ne_ni,62.00455808822438
776,ne_ni,45.32631680771678
777,ne_ni,26.003555842378994
778,ne_ni,57.38717137818101
779,ne_ni,74.22982798668386
780,ne_ni,55.84927266406398
781,ne_ni,29.73641050516867
782,e,1000
783,ne_ni,91.16160908268611
784,ne_ni,69.18735625704119
785,ne_ni,69.31521718822304
786,ne_ni,1000
787,ne_ni,67.68884993230853
788,ne_ni,67.48418436806101
789,ne_ni,57.14286669099647
790,ne_ni,96.21329422251755
791,ne_ni,62.79181730570008
792,ne_ni,20.414912027636973
793,ne_ni,90.24272328386816
794,ne_ni,1000
795,ne_ni,88.0101329683531
796,ne_ni,1000
797,ne_ni,76.01710611092736
798,ne_ni,88.12528824133068
799,ne_ni,44.44659248559898
800,ne_ni,1000
801,ne_ni,103.68921416543688
802,ne_ni,1000
803,ne_ni,1000
804,ne_ni,84.88403961400387
805,ne_ni,86.53949066239358
806,ne_ni,89.76421214937274
807,ne_ni,88.0643658850314
808,ne_ni,70.0222712943795
809,ne_ni,1000
810,ne_ni,1000
811,ne_ni,1000
812,ne_ni,1000
813,e,1000
814,ne_ni,1000
815,ne_ni,44.798736746748084
816,ne_ni,51.85101273264913
817,ne_ni,98.1380530952137
818,ne_ni,91.3638021257557
819,ne_ni,83.24870303956365
820,ne_ni,1000
821,e,155.234962630993
822,ne_ni,103.83310689834292
823,ne_ni,98.98529563057778
824,ne_ni,1000
825,ne_ni,80.9822808399379
826,ne_ni,1000
827,ne_ni,96.62241977712151
828,ne_ni,76.95244305189227
829,ne_ni,70.32157592351992
830,ne_ni,49.841111245463445
831,e,93.01411207660206
832,ne_ni,1000
833,ne_ni,1000
834,ne_ni,1000
835,ne_ni,98.05682767957597
836,ne_ni,126.49020975122816
837,ne_ni,69.67735056163538
838,ne_ni,54.471911649477036
839,ne_ni,1000
840,ne_ni,69.70553362591181
841,ne_ni,1000
842,ne_ni,54.728860229642365
843,ne_ni,65.49468879203108
844,ne_ni,62.317327940477064
845,e,1000
846,ne_ni,82.59344531463033
847,ne_ni,118.82307307939355
848,ne_ni,1000
849,ne_ni,51.142330948003256
850,ne_ni,85.14243344650119
851,ne_ni,52.85644903589464
852,ne_ni,1000
853,ne_ni,85.4504376339464
854,ne_ni,52.76186809719109
855,ne_ni,87.12734522170852
856,ne_ni,72.91015922820131
857,ne_ni,75.39718933529531
858,ne_ni,48.85683566787781
859,ne_ni,83.94866362119801
860,ne_ni,46.66255391095966
861,ne_ni,91.04713080316975
862,ne_ni,98.36164500471672
863,ne_ni,41.67089415266223
864,ne_ni,109.24895865024399
865,ne_ni,98.85507782361962
866,ne_ni,62.64475001281745
867,ne_ni,129.33197973623288
868,ne_ni,21.468099774144605
869,ne_ni,61.498017417835584
870,ne_ni,1000
871,ne_ni,68.55658878759557
872,ne_ni,1000
873,ne_ni,50.637322459053095
874,ne_ni,66.9597054962834
875,ne_ni,98.57875640568149
876,ne_ni,81.84550752210549
877,ne_ni,1000
878,ne_ni,1000
879,ne_ni,59.7342310900127
880,ne_ni,87.6918113308519
881,ne_ni,126.6501962808555
882,ne_ni,1000
883,ne_ni,58.936571320609254
884,ne_ni,99.5711131344998
885,ne_ni,69.89752749354518
886,ne_ni,64.27952654230914
887,ne_ni,1000
888,ne_ni,72.10179516500742
889,ne_ni,1000
890,e,91.22459258784437
891,ne_ni,79.32437451623957
892,ne_ni,62.49251321354561
893,ne_ni,1000
894,ne_ni,1000
895,ne_ni,72.89687652128714
896,e,1000
897,ne_ni,1000
898,ne_ni,22.73057695772856
899,ne_ni,101.13185644947966
900,ne_ni,1000
901,ne_ni,20.251933653822405
902,ne_ni,49.865851524790855
903,ne_ni,65.69928820521592
904,ne_ni,1000
905,ne_ni,99.38940393198443
906,ne_ni,40.778442933891995
907,ne_ni,24.05038939721427
908,ne_ni,1000
909,ne_ni,78.06303502292262
910,ne_ni,51.99738885672829
911,ne_ni,58.93128939536091
912,ne_ni,93.38031913815459
913,ne_ni,77.22192774705051
914,ne_ni,49.29689205541919
915,ne_ni,108.55644783198974
916,ne_ni,62.2418781317266
917,ne_ni,77.67831646636846
918,ne_ni,40.34377639840887
919,ne_ni,76.70378343658417
920,ne_ni,99.09625370800708
921,ne_ni,75.57691950795349
922,ne_ni,12.617442532300066
923,ne_ni,43.24304597624684
924,ne_ni,110.44701578910247
925,ne_ni,74.70763821084196
926,ne_ni,77.03174148437238
927,ne_ni,97.17706992672991
928,ne_ni,79.32108902415838
929,ne_ni,80.41656518627651
930,ne_ni,1000
931,ne_ni,1000
932,ne_ni,51.229410039017374
933,ne_ni,88.42994091302921
934,ne_ni,137.02892239506124
935,ne_ni,1000
936,e,1000
937,ne_ni,107.64283893127816
938,ne_ni,16.955451666472193
939,ne_ni,44.75415112299655
940,ne_ni,69.55986837878287
941,ne_ni,96.61454656276851
942,ne_ni,121.95642086417993
943,ne_ni,82.99438153023652
944,ne_ni,68.80846339639436
945,ne_ni,113.30739305066932
946,ne_ni,94.82461268933187
947,e,1000
948,ne_ni,82.44343196934459
949,ne_ni,61.43439745450075
950,e,1000
951,ne_ni,109.46543869192026
952,ne_ni,38.38757755480646
953,ne_ni,40.921756299896025
954,ne_ni,24.840023799817516
955,ne_ni,85.01026705562121
956,ne_ni,122.34655473200517
957,ne_ni,1000
958,ne_ni,61.06099308829107
959,ne_ni,1000
960,ne_ni,78.3746176964333
961,ne_ni,73.4081113690658
962,ne_ni,65.2155416225703
963,ne_ni,55.24140459522867
964,ne_ni,50.86774576427037
965,ne_ni,48.30127101322216
966,ne_ni,48.59468201174294
967,e,1000
968,ne_ni,101.63605474102138
969,ne_ni,1000
970,ne_ni,1000
971,ne_ni,89.77019606967308
972,ne_ni,90.03089372408277
973,e,1000
974,ne_ni,82.37251860287321
975,ne_ni,1000
976,ne_ni,95.95603475660047
977,ne_ni,85.00309688367754
978,ne_ni,1000
979,e,1000
980,ne_ni,85.8933405321008
981,ne_ni,87.96875039989926
982,ne_ni,81.68496711621674
983,ne_ni,101.42605703909044
984,ne_ni,1000
985,ne_ni,1000
986,ne_ni,64.81353426729903
987,ne_ni,83.89534104249006
988,ne_ni,105.59598065420488
989,ne_ni,27.032736042578186
990,ne_ni,62.297241675165324
991,ne_ni,39.36280883542495
992,ne_ni,1000
993,ne_ni,84.85746534031323
994,ne_ni,35.47465840965386
995,ne_ni,69.53530900421542
996,ne_ni,119.73298815639198
997,ne_ni,74.31478873436973
998,ne_ni,19.601063954010968
999,ne_ni,1000
