node, assignment, time2inf_trt, time2death_trt, time2inf_con, time2death_con
0,na,-1,0,-1,0
1,na,109.13175304268397,109.13175304268397,64.02982583071889,64.02982583071889
2,na,0,7.152246990898296,0,1.3328309326359857
3,na,-1,0,-1,0
4,e,109.13175304268397,109.13175304268397,18.441642660726135,22.045784168248804
5,e,109.13175304268397,109.13175304268397,64.02982583071889,64.02982583071889
6,e,17.6464449811274,21.886685812603982,3.274021433887081,3.5504054629564457
7,e,109.13175304268397,109.13175304268397,64.02982583071889,64.02982583071889
8,e,109.13175304268397,109.13175304268397,3.3495490530623386,64.02982583071889
9,e,109.13175304268397,109.13175304268397,14.953950491044461,15.522062776188593
10,e,109.13175304268397,109.13175304268397,38.866514159649434,41.56517190775863
11,e,109.13175304268397,109.13175304268397,23.340847260128704,27.106023223047444
12,e,109.13175304268397,109.13175304268397,64.02982583071889,64.02982583071889
13,na,109.13175304268397,109.13175304268397,8.462153564552954,24.09913814801137
14,e,109.13175304268397,109.13175304268397,6.599879316255,64.02982583071889
15,na,30.84725429907392,53.312864416620194,16.75401884098027,24.352129731834914
16,e,109.13175304268397,109.13175304268397,12.0100540508213,15.119651090388995
17,e,109.13175304268397,109.13175304268397,64.02982583071889,64.02982583071889
18,e,109.13175304268397,109.13175304268397,64.02982583071889,64.02982583071889
19,na,8.303442296998918,13.253211041278341,64.02982583071889,64.02982583071889
20,e,109.13175304268397,109.13175304268397,19.135162282012654,25.72327656115503
21,na,38.719640847443905,40.91224946221564,8.040900032515783,10.227888231524108
22,e,109.13175304268397,109.13175304268397,19.731039739188294,27.47733120853283
23,e,5.581257821374022,5.855087919712971,33.76978461917508,36.175395580259334
24,e,51.80416711079744,59.1580163892711,28.329137339841832,64.02982583071889
25,e,109.13175304268397,109.13175304268397,14.377148169912719,16.73176145799043
26,na,8.896161334213556,109.13175304268397,30.6930894041517,64.02982583071889
27,e,109.13175304268397,109.13175304268397,64.02982583071889,64.02982583071889
28,na,109.13175304268397,109.13175304268397,64.02982583071889,64.02982583071889
29,e,109.13175304268397,109.13175304268397,8.009739034564081,10.593027073343599
30,na,109.13175304268397,109.13175304268397,9.75020322608873,17.094016976792048
31,e,109.13175304268397,109.13175304268397,7.61119420840831,11.706793442872325
32,na,11.756306056220984,16.888567264020953,64.02982583071889,64.02982583071889
33,e,109.13175304268397,109.13175304268397,35.50345417876835,43.5057401011601
34,e,64.57027228185375,68.21221935580907,17.1916188236011,19.007869665047174
35,e,109.13175304268397,109.13175304268397,64.02982583071889,64.02982583071889
36,na,11.682446963553332,19.06819590656779,3.1355949616144314,6.6120606636847095
37,e,109.13175304268397,109.13175304268397,64.02982583071889,64.02982583071889
38,e,109.13175304268397,109.13175304268397,4.564305944196411,14.291072381129192
39,na,47.068945692272834,48.81250692049927,26.054485925487754,30.849591477142667
40,na,109.13175304268397,109.13175304268397,14.015145454801972,16.29027651485482
41,e,13.241970262312423,14.449016224032892,37.5943069482114,42.911187701056484
42,na,17.447993025140235,22.4412644395685,64.02982583071889,64.02982583071889
43,e,109.13175304268397,109.13175304268397,17.70937970929886,18.909541963052295
44,e,28.623838682675615,32.71065007095017,26.71389371621183,34.220750885392256
45,e,109.13175304268397,109.13175304268397,64.02982583071889,64.02982583071889
46,e,109.13175304268397,109.13175304268397,22.443367158644946,30.588447812697186
47,e,109.13175304268397,109.13175304268397,9.252754548569452,12.226058359384364
48,e,7.922539570320917,8.555975662925118,13.354445429448731,40.1446613478984
49,e,78.37996237827103,81.15601462929858,18.03883909039268,32.04165472774187
50,e,109.13175304268397,109.13175304268397,9.49139793825434,21.356462948024177
51,e,66.44388503248314,77.11584345899449,25.97358416672844,27.254503227951375
52,e,109.13175304268397,109.13175304268397,39.38068218560959,41.65239734126896
53,e,15.940037882028957,18.402400149139037,17.321169972362302,18.491254014081655
54,e,109.13175304268397,109.13175304268397,18.927754670816554,22.447332236081927
55,e,109.13175304268397,109.13175304268397,64.02982583071889,64.02982583071889
56,e,109.13175304268397,109.13175304268397,19.246832120272348,22.801958994526437
57,e,109.13175304268397,109.13175304268397,64.02982583071889,64.02982583071889
58,na,6.142254799116159,7.154752945063334,4.950258447653468,6.491910526243227
59,na,109.13175304268397,109.13175304268397,64.02982583071889,64.02982583071889
60,e,109.13175304268397,109.13175304268397,15.521511286974203,17.546388486066874
61,na,18.023584203484784,21.84054945334302,4.001903560268095,64.02982583071889
62,e,14.433512394623333,15.856135155566555,64.02982583071889,64.02982583071889
63,e,109.13175304268397,109.13175304268397,1.3026799536878932,4.497605396122374
64,e,36.82978305777992,38.43838821827985,22.353745260340798,24.193103872112935
65,e,109.13175304268397,109.13175304268397,24.706919246096923,27.21661449645339
66,e,37.571555772641794,44.08886817413758,64.02982583071889,64.02982583071889
67,na,109.13175304268397,109.13175304268397,64.02982583071889,64.02982583071889
68,e,109.13175304268397,109.13175304268397,15.585886949267179,16.29462647022694
69,e,34.92919746707358,45.72396355981881,33.04617727615077,35.42026256265846
70,e,18.39561750174367,21.383728118108042,44.310814904148295,44.66682369160806
71,e,109.13175304268397,109.13175304268397,15.146846344010857,21.596722305987065
72,e,109.13175304268397,109.13175304268397,64.02982583071889,64.02982583071889
73,na,109.13175304268397,109.13175304268397,7.987538225407527,8.520159519828697
74,e,109.13175304268397,109.13175304268397,16.56341405950537,17.05640994521001
75,e,109.13175304268397,109.13175304268397,41.951577460121136,46.30988667390902
76,e,109.13175304268397,109.13175304268397,64.02982583071889,64.02982583071889
77,e,109.13175304268397,109.13175304268397,47.90389579641448,50.60448838635849
78,na,2.912411587234062,109.13175304268397,12.334061582239277,16.77931495886275
79,e,19.49841937804368,28.812564586837688,13.950812451956313,17.321226181201382
80,e,109.13175304268397,109.13175304268397,64.02982583071889,64.02982583071889
81,e,109.13175304268397,109.13175304268397,34.70619479937705,38.14659444204322
82,e,5.136162717575121,5.776447369606114,64.02982583071889,64.02982583071889
83,e,109.13175304268397,109.13175304268397,13.238155933159122,14.280269978716207
84,e,109.13175304268397,109.13175304268397,64.02982583071889,64.02982583071889
85,e,109.13175304268397,109.13175304268397,17.624499047717034,18.338754306315877
86,e,109.13175304268397,109.13175304268397,27.566544729298,34.08029506067148
87,na,14.370882773378014,22.497166350018357,1.2115985131382487,1.2587595312260293
88,e,109.13175304268397,109.13175304268397,64.02982583071889,64.02982583071889
89,e,109.13175304268397,109.13175304268397,64.02982583071889,64.02982583071889
90,na,3.3062827010570426,9.762785900139173,64.02982583071889,64.02982583071889
91,e,109.13175304268397,109.13175304268397,24.75736641076159,42.44649510695899
92,na,109.13175304268397,109.13175304268397,9.855903373288072,21.892763358318362
93,e,109.13175304268397,109.13175304268397,10.614565343795162,64.02982583071889
94,e,109.13175304268397,109.13175304268397,64.02982583071889,64.02982583071889
95,e,109.13175304268397,109.13175304268397,64.02982583071889,64.02982583071889
96,e,109.13175304268397,109.13175304268397,64.02982583071889,64.02982583071889
97,na,109.13175304268397,109.13175304268397,64.02982583071889,64.02982583071889
98,e,109.13175304268397,109.13175304268397,31.47152447529554,33.58023303711344
99,na,6.866794305190092,9.668391006062986,2.437217852958081,4.893587730717496
100,e,109.13175304268397,109.13175304268397,21.190239409315517,29.340828055411613
101,e,109.13175304268397,109.13175304268397,64.02982583071889,64.02982583071889
102,e,109.13175304268397,109.13175304268397,64.02982583071889,64.02982583071889
103,na,31.999186164455402,32.148843920262664,11.608035398571472,64.02982583071889
104,na,3.8182786524601338,6.205672239643828,11.098593885003176,64.02982583071889
105,e,109.13175304268397,109.13175304268397,64.02982583071889,64.02982583071889
106,e,7.051449103541252,10.887674035831836,64.02982583071889,64.02982583071889
107,e,109.13175304268397,109.13175304268397,64.02982583071889,64.02982583071889
108,na,109.13175304268397,109.13175304268397,64.02982583071889,64.02982583071889
109,e,109.13175304268397,109.13175304268397,64.02982583071889,64.02982583071889
110,na,109.13175304268397,109.13175304268397,18.9508417852106,24.999152385789642
111,e,109.13175304268397,109.13175304268397,64.02982583071889,64.02982583071889
112,na,18.3699517174438,25.36906181176873,22.459151530852377,23.491593522840976
113,e,109.13175304268397,109.13175304268397,64.02982583071889,64.02982583071889
114,e,109.13175304268397,109.13175304268397,34.13227888119198,36.37429922084022
115,na,109.13175304268397,109.13175304268397,64.02982583071889,64.02982583071889
116,e,109.13175304268397,109.13175304268397,12.909978370063207,21.245657787234766
117,e,109.13175304268397,109.13175304268397,30.546372809548064,55.5901919336287
118,e,109.13175304268397,109.13175304268397,21.92611345202694,23.334185000593877
119,e,109.13175304268397,109.13175304268397,64.02982583071889,64.02982583071889
120,na,109.13175304268397,109.13175304268397,64.02982583071889,64.02982583071889
121,e,109.13175304268397,109.13175304268397,64.02982583071889,64.02982583071889
122,e,26.891469576213723,29.46154113934295,8.157483440759833,12.906501137943003
123,e,109.13175304268397,109.13175304268397,64.02982583071889,64.02982583071889
124,e,109.13175304268397,109.13175304268397,24.11388378619552,27.724745616058282
125,na,109.13175304268397,109.13175304268397,10.852172362730155,31.259063364216882
126,na,109.13175304268397,109.13175304268397,64.02982583071889,64.02982583071889
127,e,109.13175304268397,109.13175304268397,26.55936706532043,36.08008733193348
128,na,12.923988264689582,13.317412481575994,28.543074452672737,28.998517589319874
129,na,109.13175304268397,109.13175304268397,64.02982583071889,64.02982583071889
130,e,109.13175304268397,109.13175304268397,27.707592893751944,33.07084285962509
131,e,109.13175304268397,109.13175304268397,64.02982583071889,64.02982583071889
132,e,109.13175304268397,109.13175304268397,64.02982583071889,64.02982583071889
133,e,109.13175304268397,109.13175304268397,64.02982583071889,64.02982583071889
134,e,22.31817204738949,22.367181966977842,13.382202886445484,64.02982583071889
135,e,19.867122347596897,28.009148046270003,22.02022182596426,22.157762011054924
136,na,27.270789938890008,33.40530825427478,4.196632282948208,7.592316523060896
137,e,77.37688988737911,77.69300903709643,30.83217490218915,64.02982583071889
138,na,0,1.1304702110950493,0,0.14795085845670508
139,e,109.13175304268397,109.13175304268397,64.02982583071889,64.02982583071889
140,na,102.07097310158919,103.58170018784386,64.02982583071889,64.02982583071889
141,e,109.13175304268397,109.13175304268397,64.02982583071889,64.02982583071889
142,na,29.669607921350643,31.48100113797635,26.075973261302703,26.152798896033865
143,na,109.13175304268397,109.13175304268397,64.02982583071889,64.02982583071889
144,e,109.13175304268397,109.13175304268397,64.02982583071889,64.02982583071889
145,na,17.349536758487403,20.675528961318264,32.159870665017465,48.122159695395304
146,na,109.13175304268397,109.13175304268397,64.02982583071889,64.02982583071889
147,e,66.22687444065882,109.13175304268397,6.583167449658632,7.390766711278901
148,e,109.13175304268397,109.13175304268397,31.66815666724621,64.02982583071889
149,e,109.13175304268397,109.13175304268397,64.02982583071889,64.02982583071889
150,e,109.13175304268397,109.13175304268397,20.103831734613365,23.19450975853327
151,e,109.13175304268397,109.13175304268397,64.02982583071889,64.02982583071889
152,e,109.13175304268397,109.13175304268397,42.37841112578507,43.54186427660503
153,e,109.13175304268397,109.13175304268397,16.520858279062793,17.494276221972676
154,e,109.13175304268397,109.13175304268397,64.02982583071889,64.02982583071889
155,e,109.13175304268397,109.13175304268397,13.896309515240741,64.02982583071889
156,na,109.13175304268397,109.13175304268397,64.02982583071889,64.02982583071889
157,e,10.339593769343539,11.294059160080781,26.70130209644363,29.144556174509997
158,e,109.13175304268397,109.13175304268397,23.41219563727472,26.303963939623483
159,na,109.13175304268397,109.13175304268397,16.20087121923317,16.31848351325508
160,e,109.13175304268397,109.13175304268397,64.02982583071889,64.02982583071889
161,na,-1,0,-1,0
162,e,29.92481744034009,30.007592771794585,30.405024221970486,36.05167011622269
163,e,109.13175304268397,109.13175304268397,64.02982583071889,64.02982583071889
164,e,109.13175304268397,109.13175304268397,26.97657866668345,64.02982583071889
165,e,109.13175304268397,109.13175304268397,64.02982583071889,64.02982583071889
166,e,109.13175304268397,109.13175304268397,33.6034262827008,34.147631628867885
167,e,23.387321747010645,24.484943869584722,64.02982583071889,64.02982583071889
168,e,109.13175304268397,109.13175304268397,64.02982583071889,64.02982583071889
169,e,109.13175304268397,109.13175304268397,64.02982583071889,64.02982583071889
170,e,109.13175304268397,109.13175304268397,31.020099978447156,35.37546083429761
171,na,109.13175304268397,109.13175304268397,17.279384141551713,21.05434171792977
172,e,109.13175304268397,109.13175304268397,64.02982583071889,64.02982583071889
173,na,16.180290278457292,36.213026371547556,29.012610630971412,40.358316218033494
174,na,7.480686908309727,8.57223227282554,15.666977398747058,17.05756167376747
175,e,109.13175304268397,109.13175304268397,10.163963597582345,64.02982583071889
176,e,109.13175304268397,109.13175304268397,13.173478812916143,26.758766664965666
177,na,18.126057945083186,20.698722457902118,18.76729791730554,19.702016754026047
178,na,109.13175304268397,109.13175304268397,64.02982583071889,64.02982583071889
179,e,109.13175304268397,109.13175304268397,64.02982583071889,64.02982583071889
180,e,109.13175304268397,109.13175304268397,24.139382042877408,40.73033918528985
181,na,20.57782820152359,21.812319617295888,1.995240022975779,8.08572160783751
182,e,109.13175304268397,109.13175304268397,64.02982583071889,64.02982583071889
183,e,109.13175304268397,109.13175304268397,30.82236567336692,33.54933307243241
184,na,109.13175304268397,109.13175304268397,37.87544160746889,39.448018160148706
185,na,109.13175304268397,109.13175304268397,3.843817702114615,4.362563528283116
186,na,3.9657060603689955,10.096686262984878,3.028493327856429,3.9689211216005926
187,na,109.13175304268397,109.13175304268397,64.02982583071889,64.02982583071889
188,e,20.05068188428937,22.305600817819382,11.96973613769653,16.922278517440688
189,na,45.032010180172264,50.01939271276493,8.039349109847006,12.090800553945622
190,na,109.13175304268397,109.13175304268397,20.940814733012612,64.02982583071889
191,e,109.13175304268397,109.13175304268397,64.02982583071889,64.02982583071889
192,e,109.13175304268397,109.13175304268397,22.756557981903853,26.467880660042827
193,na,7.752402642497992,10.136129527591994,41.87952446175059,44.75378132014685
194,e,30.13045941138516,32.244331739262165,10.522498700401634,15.94658257306103
195,e,109.13175304268397,109.13175304268397,64.02982583071889,64.02982583071889
196,e,14.414066360536042,14.927216122740086,17.740048289188557,39.50106400826946
197,e,109.13175304268397,109.13175304268397,64.02982583071889,64.02982583071889
198,na,109.13175304268397,109.13175304268397,36.85482279100616,37.183186045570196
199,na,8.577925868757058,11.890441591781382,26.79923147830496,64.02982583071889
200,e,109.13175304268397,109.13175304268397,22.46978694726851,28.834122173727028
201,e,109.13175304268397,109.13175304268397,64.02982583071889,64.02982583071889
202,e,75.35649520530151,83.63538191767272,64.02982583071889,64.02982583071889
203,na,20.548415751611646,31.180893495643577,64.02982583071889,64.02982583071889
204,e,109.13175304268397,109.13175304268397,29.922311302441198,44.30399346501621
205,e,109.13175304268397,109.13175304268397,64.02982583071889,64.02982583071889
206,e,109.13175304268397,109.13175304268397,64.02982583071889,64.02982583071889
207,e,109.13175304268397,109.13175304268397,64.02982583071889,64.02982583071889
208,na,109.13175304268397,109.13175304268397,10.580938080551332,11.207522273180864
209,e,109.13175304268397,109.13175304268397,64.02982583071889,64.02982583071889
210,na,109.13175304268397,109.13175304268397,64.02982583071889,64.02982583071889
211,e,109.13175304268397,109.13175304268397,30.720385909143097,32.60713443683194
212,e,109.13175304268397,109.13175304268397,24.698837947173832,28.295065921735087
213,e,109.13175304268397,109.13175304268397,28.857451374964484,35.03588803006379
214,na,109.13175304268397,109.13175304268397,64.02982583071889,64.02982583071889
215,e,109.13175304268397,109.13175304268397,28.084448320476632,28.45941743399163
216,e,32.91144225454586,41.26281390428277,11.483754317715606,15.934727472774236
217,e,109.13175304268397,109.13175304268397,64.02982583071889,64.02982583071889
218,na,40.01627761622772,41.16065007999027,24.598150370620807,25.932779706981428
219,e,109.13175304268397,109.13175304268397,33.185849207919965,48.95988566210114
220,e,109.13175304268397,109.13175304268397,16.10333485900698,38.622935868140374
221,e,109.13175304268397,109.13175304268397,24.281690390992765,28.244333568133044
222,na,109.13175304268397,109.13175304268397,64.02982583071889,64.02982583071889
223,e,3.481246813444629,3.5837556757983338,40.359698734391884,40.983475630076185
224,na,28.291761967713782,28.663186452184675,64.02982583071889,64.02982583071889
225,e,109.13175304268397,109.13175304268397,64.02982583071889,64.02982583071889
226,e,109.13175304268397,109.13175304268397,32.84551516274266,48.73164147464094
227,e,109.13175304268397,109.13175304268397,31.165884139831885,31.445248630773644
228,e,109.13175304268397,109.13175304268397,22.43544032540198,23.79836468854202
229,e,109.13175304268397,109.13175304268397,64.02982583071889,64.02982583071889
230,e,109.13175304268397,109.13175304268397,64.02982583071889,64.02982583071889
231,e,32.50051250303524,42.67999435130913,10.600586411699833,10.675897573622292
232,na,5.079605261130911,10.052916768747028,1.6643437407976696,17.040602290147586
233,e,12.45706622163475,14.299496469243149,64.02982583071889,64.02982583071889
234,e,109.13175304268397,109.13175304268397,14.633063538293545,17.34366330093538
235,e,109.13175304268397,109.13175304268397,9.931958433185782,17.309236305776498
236,e,109.13175304268397,109.13175304268397,20.93429525215391,25.70922407583734
237,e,109.13175304268397,109.13175304268397,18.416317624580774,20.254199879252774
238,e,109.13175304268397,109.13175304268397,38.90872600113015,43.08065290872847
239,na,109.13175304268397,109.13175304268397,16.297340905852224,16.455515992902818
240,e,109.13175304268397,109.13175304268397,64.02982583071889,64.02982583071889
241,e,25.39449141048474,28.111969544254045,2.8993368647196274,10.167371918153863
242,na,37.86280500444081,40.52662635340265,13.28483214114086,14.56372494776363
243,e,109.13175304268397,109.13175304268397,64.02982583071889,64.02982583071889
244,e,37.93252999731795,43.580105911370524,14.841075886226903,17.877855667917874
245,e,109.13175304268397,109.13175304268397,64.02982583071889,64.02982583071889
246,na,109.13175304268397,109.13175304268397,23.40303870168649,64.02982583071889
247,e,109.13175304268397,109.13175304268397,34.60849464478413,37.153496656408244
248,e,109.13175304268397,109.13175304268397,16.37131418410958,30.909118069791077
249,e,109.13175304268397,109.13175304268397,64.02982583071889,64.02982583071889
250,e,109.13175304268397,109.13175304268397,64.02982583071889,64.02982583071889
251,e,57.24210928035217,62.76016938711257,25.73977505459219,27.58781327918374
252,e,109.13175304268397,109.13175304268397,36.934634969602854,43.84133043065681
253,e,109.13175304268397,109.13175304268397,64.02982583071889,64.02982583071889
254,e,109.13175304268397,109.13175304268397,21.021552449667812,22.435360333425287
255,e,109.13175304268397,109.13175304268397,32.01024082264528,32.02772716992139
256,e,109.13175304268397,109.13175304268397,22.839625757837055,24.58225075453159
257,na,109.13175304268397,109.13175304268397,64.02982583071889,64.02982583071889
258,e,109.13175304268397,109.13175304268397,64.02982583071889,64.02982583071889
259,e,109.13175304268397,109.13175304268397,64.02982583071889,64.02982583071889
260,e,109.13175304268397,109.13175304268397,64.02982583071889,64.02982583071889
261,na,109.13175304268397,109.13175304268397,64.02982583071889,64.02982583071889
262,e,109.13175304268397,109.13175304268397,16.411406617474658,21.49865962909302
263,e,61.957770174309296,109.13175304268397,7.14325855690238,10.425722409239471
264,e,109.13175304268397,109.13175304268397,64.02982583071889,64.02982583071889
265,e,109.13175304268397,109.13175304268397,44.05799921250034,52.23800453666218
266,e,109.13175304268397,109.13175304268397,64.02982583071889,64.02982583071889
267,e,109.13175304268397,109.13175304268397,64.02982583071889,64.02982583071889
268,e,109.13175304268397,109.13175304268397,11.930332669347612,14.332411503591882
269,na,109.13175304268397,109.13175304268397,14.99322011568624,17.53753091887331
270,e,109.13175304268397,109.13175304268397,37.30737708686979,37.98404769902112
271,na,109.13175304268397,109.13175304268397,64.02982583071889,64.02982583071889
272,e,109.13175304268397,109.13175304268397,64.02982583071889,64.02982583071889
273,e,25.86636919855139,109.13175304268397,16.8416146947776,17.081438133456786
274,e,109.13175304268397,109.13175304268397,20.630780705359207,21.12904243169516
275,e,109.13175304268397,109.13175304268397,64.02982583071889,64.02982583071889
276,e,109.13175304268397,109.13175304268397,64.02982583071889,64.02982583071889
277,e,109.13175304268397,109.13175304268397,33.77612221927836,34.36878021875882
278,e,109.13175304268397,109.13175304268397,64.02982583071889,64.02982583071889
279,e,109.13175304268397,109.13175304268397,64.02982583071889,64.02982583071889
280,e,109.13175304268397,109.13175304268397,32.87488811420655,38.23300405595658
281,na,109.13175304268397,109.13175304268397,22.726373070114445,35.82510337960948
282,na,109.13175304268397,109.13175304268397,24.422830069760003,25.065366986864312
283,na,109.13175304268397,109.13175304268397,64.02982583071889,64.02982583071889
284,e,109.13175304268397,109.13175304268397,60.97115929420837,63.60929368481709
285,e,25.59138590253972,29.7721349779772,22.732360914850535,28.26470261416493
286,e,109.13175304268397,109.13175304268397,16.105595126538592,22.095377811324756
287,e,109.13175304268397,109.13175304268397,64.02982583071889,64.02982583071889
288,na,54.93430624185913,58.28059947837486,4.833444044756466,7.9456144138408416
289,e,51.821044238137155,55.20779311329465,23.08516499927775,26.010719110273843
290,e,109.13175304268397,109.13175304268397,64.02982583071889,64.02982583071889
291,e,109.13175304268397,109.13175304268397,9.46070735203872,18.187388846354075
292,na,109.13175304268397,109.13175304268397,64.02982583071889,64.02982583071889
293,e,109.13175304268397,109.13175304268397,13.984977447178455,16.352257178970806
294,e,30.271100934748052,37.41936784376272,21.228975597064256,25.32039577524891
295,e,109.13175304268397,109.13175304268397,64.02982583071889,64.02982583071889
296,e,109.13175304268397,109.13175304268397,54.62496973285395,57.328116073106806
297,e,109.13175304268397,109.13175304268397,24.880248112791683,26.60127158011782
298,na,109.13175304268397,109.13175304268397,24.11200682949176,24.182580009268428
299,e,109.13175304268397,109.13175304268397,64.02982583071889,64.02982583071889
300,e,109.13175304268397,109.13175304268397,64.02982583071889,64.02982583071889
301,na,109.13175304268397,109.13175304268397,64.02982583071889,64.02982583071889
302,e,109.13175304268397,109.13175304268397,64.02982583071889,64.02982583071889
303,na,109.13175304268397,109.13175304268397,64.02982583071889,64.02982583071889
304,na,2.4415073842519583,21.86757365564577,1.3287351814765342,1.943735757895907
305,na,36.9852571443706,37.54676193586531,18.461177930174493,23.726499574087974
306,na,109.13175304268397,109.13175304268397,10.805761229333037,11.081944914064698
307,na,109.13175304268397,109.13175304268397,64.02982583071889,64.02982583071889
308,e,109.13175304268397,109.13175304268397,16.71081152799845,17.51537177685818
309,e,109.13175304268397,109.13175304268397,7.481807932074131,13.229911112903444
310,na,0,1.1403328773963448,0,2.622727385839658
311,na,109.13175304268397,109.13175304268397,64.02982583071889,64.02982583071889
312,e,109.13175304268397,109.13175304268397,28.958292011004172,32.70657398844986
313,e,109.13175304268397,109.13175304268397,5.896788117696102,64.02982583071889
314,e,109.13175304268397,109.13175304268397,64.02982583071889,64.02982583071889
315,e,31.999183183369205,32.16884899000717,64.02982583071889,64.02982583071889
316,e,109.13175304268397,109.13175304268397,64.02982583071889,64.02982583071889
317,e,34.59474348430005,109.13175304268397,33.16725932050725,44.62190051948033
318,e,109.13175304268397,109.13175304268397,3.25813727704066,3.91991947129892
319,e,109.13175304268397,109.13175304268397,32.617739200654285,38.06427177413662
320,e,109.13175304268397,109.13175304268397,32.598685753904874,38.47012746406903
321,e,109.13175304268397,109.13175304268397,64.02982583071889,64.02982583071889
322,e,22.36117824296244,29.439919386096697,8.312498470771539,11.515743642545779
323,na,109.13175304268397,109.13175304268397,64.02982583071889,64.02982583071889
324,e,109.13175304268397,109.13175304268397,20.92356376714366,22.83260583656255
325,na,34.62618610303795,109.13175304268397,64.02982583071889,64.02982583071889
326,na,109.13175304268397,109.13175304268397,64.02982583071889,64.02982583071889
327,e,37.83140275151532,39.10496867042438,64.02982583071889,64.02982583071889
328,e,109.13175304268397,109.13175304268397,35.34627332809426,64.02982583071889
329,e,109.13175304268397,109.13175304268397,24.477981734594227,25.92745798187955
330,e,109.13175304268397,109.13175304268397,12.630419854334832,13.266639353645445
331,e,109.13175304268397,109.13175304268397,64.02982583071889,64.02982583071889
332,e,109.13175304268397,109.13175304268397,64.02982583071889,64.02982583071889
333,e,109.13175304268397,109.13175304268397,27.75165230612487,33.63533901526969
334,e,109.13175304268397,109.13175304268397,64.02982583071889,64.02982583071889
335,e,109.13175304268397,109.13175304268397,34.51288390870081,34.7941910553652
336,na,109.13175304268397,109.13175304268397,64.02982583071889,64.02982583071889
337,e,109.13175304268397,109.13175304268397,37.4007006039799,37.45200768493552
338,e,109.13175304268397,109.13175304268397,26.30183792929004,40.31076066701137
339,e,109.13175304268397,109.13175304268397,33.558211754752236,35.10156486804193
340,na,1.9234907546914686,4.518507557467381,1.2560216871981504,1.7450033381594416
341,e,109.13175304268397,109.13175304268397,13.408497112198596,28.887813767884165
342,e,109.13175304268397,109.13175304268397,33.43392051511327,46.21333505652235
343,na,109.13175304268397,109.13175304268397,64.02982583071889,64.02982583071889
344,na,5.104080500577094,8.7747733180686,8.122804118575637,8.370439905344108
345,na,15.600341930241031,30.94617814723436,64.02982583071889,64.02982583071889
346,e,45.6726008061435,48.26840621883172,17.613500853303748,18.34784129678067
347,e,109.13175304268397,109.13175304268397,41.105403687489115,41.97529292333728
348,e,109.13175304268397,109.13175304268397,64.02982583071889,64.02982583071889
349,e,109.13175304268397,109.13175304268397,64.02982583071889,64.02982583071889
350,e,109.13175304268397,109.13175304268397,64.02982583071889,64.02982583071889
351,na,109.13175304268397,109.13175304268397,64.02982583071889,64.02982583071889
352,na,0,7.199053588574177,0,1.7573236268133228
353,na,109.13175304268397,109.13175304268397,64.02982583071889,64.02982583071889
354,e,109.13175304268397,109.13175304268397,16.125532449580852,39.916326789024474
355,e,109.13175304268397,109.13175304268397,10.698809706100612,17.77482844143599
356,na,0,3.8957681264445165,0,6.841285088635158
357,e,109.13175304268397,109.13175304268397,64.02982583071889,64.02982583071889
358,na,109.13175304268397,109.13175304268397,15.194321316637042,16.46565556357219
359,e,109.13175304268397,109.13175304268397,64.02982583071889,64.02982583071889
360,e,109.13175304268397,109.13175304268397,64.02982583071889,64.02982583071889
361,e,109.13175304268397,109.13175304268397,64.02982583071889,64.02982583071889
362,na,109.13175304268397,109.13175304268397,64.02982583071889,64.02982583071889
363,e,109.13175304268397,109.13175304268397,64.02982583071889,64.02982583071889
364,e,25.189380386016936,26.529106653158486,64.02982583071889,64.02982583071889
365,e,109.13175304268397,109.13175304268397,64.02982583071889,64.02982583071889
366,e,109.13175304268397,109.13175304268397,30.81987687047109,34.43671959313341
367,na,32.11202193395296,34.96804766227866,19.492907861109146,27.619784662197294
368,e,109.13175304268397,109.13175304268397,64.02982583071889,64.02982583071889
369,e,41.85759879920467,42.82527251728358,23.87262464524298,24.324379406279363
370,e,109.13175304268397,109.13175304268397,64.02982583071889,64.02982583071889
371,e,28.933493822907792,30.072554739034157,20.926824177613643,28.380710089160857
372,na,8.075833626562506,16.60112121490443,1.4511691572661638,9.45632688005433
373,e,109.13175304268397,109.13175304268397,31.12130036469378,45.52587538919246
374,na,109.13175304268397,109.13175304268397,37.65332091830668,40.10184090722432
375,na,4.981212827663417,6.100532851409404,1.0586645999781772,4.265910664945426
376,e,68.20282031915428,71.3694825010566,64.02982583071889,64.02982583071889
377,e,109.13175304268397,109.13175304268397,45.54429422414825,54.54649826989203
378,e,109.13175304268397,109.13175304268397,43.34802176160232,48.00414425580526
379,e,109.13175304268397,109.13175304268397,17.75057494963511,19.47847401375679
380,na,23.37997906083304,24.67655929443001,5.935337880050358,11.4564667537093
381,na,30.512283189799305,33.98851822363283,7.317881090441628,9.157009033046023
382,na,109.13175304268397,109.13175304268397,64.02982583071889,64.02982583071889
383,na,0,4.332865475058673,0,1.4521979301734083
384,na,109.13175304268397,109.13175304268397,64.02982583071889,64.02982583071889
385,e,109.13175304268397,109.13175304268397,38.57883547762292,38.73582701782863
386,e,109.13175304268397,109.13175304268397,33.11878099563273,43.570425563626756
387,na,22.58868914297213,23.048031860096184,64.02982583071889,64.02982583071889
388,na,109.13175304268397,109.13175304268397,64.02982583071889,64.02982583071889
389,e,109.13175304268397,109.13175304268397,15.973975916935947,28.454232715664343
390,e,109.13175304268397,109.13175304268397,64.02982583071889,64.02982583071889
391,e,109.13175304268397,109.13175304268397,19.851452419407703,64.02982583071889
392,e,109.13175304268397,109.13175304268397,14.634244919445466,15.257816444998294
393,e,13.097757158911064,13.212966980334222,11.776599891542306,28.22119674506228
394,e,109.13175304268397,109.13175304268397,64.02982583071889,64.02982583071889
395,e,109.13175304268397,109.13175304268397,64.02982583071889,64.02982583071889
396,na,109.13175304268397,109.13175304268397,64.02982583071889,64.02982583071889
397,na,109.13175304268397,109.13175304268397,64.02982583071889,64.02982583071889
398,e,109.13175304268397,109.13175304268397,26.41066766502895,31.079062876137385
399,e,109.13175304268397,109.13175304268397,55.134730149853475,57.4829188144092
400,e,109.13175304268397,109.13175304268397,64.02982583071889,64.02982583071889
401,e,16.736426338010837,20.693374206172855,42.19471707063998,46.48182135223266
402,e,109.13175304268397,109.13175304268397,33.21665043766866,34.98589478105231
403,na,38.71988296140126,42.72812310716928,28.86361237891284,39.88877564192847
404,e,109.13175304268397,109.13175304268397,21.933097566000153,22.65391566992205
405,e,109.13175304268397,109.13175304268397,64.02982583071889,64.02982583071889
406,e,109.13175304268397,109.13175304268397,64.02982583071889,64.02982583071889
407,e,109.13175304268397,109.13175304268397,64.02982583071889,64.02982583071889
408,e,109.13175304268397,109.13175304268397,64.02982583071889,64.02982583071889
409,e,109.13175304268397,109.13175304268397,64.02982583071889,64.02982583071889
410,na,109.13175304268397,109.13175304268397,43.38714664937326,46.7125588163082
411,na,29.076110563968278,38.18171231590314,1.5660981210426732,5.573347148601142
412,e,109.13175304268397,109.13175304268397,15.025039107336124,19.182808111806068
413,e,25.351459671765507,27.44643804601687,27.42292068345064,36.540019870236435
414,e,109.13175304268397,109.13175304268397,64.02982583071889,64.02982583071889
415,e,109.13175304268397,109.13175304268397,35.42123978436845,36.073208769620564
416,e,109.13175304268397,109.13175304268397,22.61056830535629,24.845251743799718
417,na,8.554177707072663,15.284436380205001,3.841005670939903,4.1671611977509695
418,na,109.13175304268397,109.13175304268397,64.02982583071889,64.02982583071889
419,na,109.13175304268397,109.13175304268397,17.963677415181103,19.97573723940111
420,e,109.13175304268397,109.13175304268397,64.02982583071889,64.02982583071889
421,e,109.13175304268397,109.13175304268397,64.02982583071889,64.02982583071889
422,e,109.13175304268397,109.13175304268397,14.998602557806283,17.207637506976653
423,na,2.5788882440563476,2.7550297719912114,10.214440460483635,22.281521378774737
424,e,109.13175304268397,109.13175304268397,34.42519626833654,35.33799290151444
425,e,109.13175304268397,109.13175304268397,4.819467896388105,23.65879785618398
426,e,109.13175304268397,109.13175304268397,11.871755296212363,14.025309987369194
427,e,16.06678220096167,19.39446843999074,30.622502056911113,31.388950704936995
428,na,109.13175304268397,109.13175304268397,46.70458802602755,62.70866410261375
429,e,109.13175304268397,109.13175304268397,10.626435207242494,34.29261565032575
430,e,109.13175304268397,109.13175304268397,64.02982583071889,64.02982583071889
431,na,109.13175304268397,109.13175304268397,64.02982583071889,64.02982583071889
432,e,28.607414829221508,30.13936653848735,21.461234341905623,26.387981178999848
433,e,2.8552399071270256,109.13175304268397,18.763523156546952,27.36669511904719
434,e,26.33230825474998,28.11147012847167,64.02982583071889,64.02982583071889
435,na,-1,0,-1,0
436,na,109.13175304268397,109.13175304268397,64.02982583071889,64.02982583071889
437,e,109.13175304268397,109.13175304268397,3.5165060751421175,4.548618245043231
438,e,109.13175304268397,109.13175304268397,64.02982583071889,64.02982583071889
439,e,109.13175304268397,109.13175304268397,64.02982583071889,64.02982583071889
440,e,109.13175304268397,109.13175304268397,22.511683839370495,27.71289675395702
441,e,109.13175304268397,109.13175304268397,40.16475428746131,40.662262139618086
442,e,109.13175304268397,109.13175304268397,64.02982583071889,64.02982583071889
443,na,6.832374090579441,6.851602765038605,1.1670636857290726,2.1821557157524345
444,e,109.13175304268397,109.13175304268397,64.02982583071889,64.02982583071889
445,e,109.13175304268397,109.13175304268397,64.02982583071889,64.02982583071889
446,na,109.13175304268397,109.13175304268397,64.02982583071889,64.02982583071889
447,e,109.13175304268397,109.13175304268397,8.857783866683215,64.02982583071889
448,e,12.02949873647773,15.892332630264905,64.02982583071889,64.02982583071889
449,na,109.13175304268397,109.13175304268397,64.02982583071889,64.02982583071889
450,na,109.13175304268397,109.13175304268397,64.02982583071889,64.02982583071889
451,na,109.13175304268397,109.13175304268397,38.76239261498125,47.50456443359475
452,na,9.274286571423128,10.781305683769531,15.314870129993702,16.955460343653982
453,na,109.13175304268397,109.13175304268397,64.02982583071889,64.02982583071889
454,na,109.13175304268397,109.13175304268397,21.062913642742213,45.00240381590528
455,e,109.13175304268397,109.13175304268397,64.02982583071889,64.02982583071889
456,e,109.13175304268397,109.13175304268397,64.02982583071889,64.02982583071889
457,e,109.13175304268397,109.13175304268397,16.158959088401176,20.799206193464144
458,na,32.40795363790068,32.44426184106479,64.02982583071889,64.02982583071889
459,e,109.13175304268397,109.13175304268397,6.836577429577752,11.050470970571471
460,e,109.13175304268397,109.13175304268397,3.4129547693751476,4.256228568281171
461,e,33.14403854452758,33.88146548102229,37.857860973175065,44.79440342192197
462,na,109.13175304268397,109.13175304268397,18.350341938122156,25.746822599046524
463,na,5.775449100921367,11.730575862042189,0.658707761553048,2.0861222134124544
464,e,6.018506737876239,7.322318850441809,11.403031761229618,15.849216627934535
465,na,109.13175304268397,109.13175304268397,7.290191473857951,64.02982583071889
466,na,109.13175304268397,109.13175304268397,64.02982583071889,64.02982583071889
467,e,109.13175304268397,109.13175304268397,30.760502318187815,32.95843486416518
468,e,109.13175304268397,109.13175304268397,12.172492381320398,17.01770701657531
469,e,109.13175304268397,109.13175304268397,33.4792993778813,64.02982583071889
470,e,109.13175304268397,109.13175304268397,64.02982583071889,64.02982583071889
471,e,36.32903246218623,51.43937659033408,2.412428608065904,9.143645469994837
472,na,109.13175304268397,109.13175304268397,64.02982583071889,64.02982583071889
473,na,109.13175304268397,109.13175304268397,64.02982583071889,64.02982583071889
474,e,109.13175304268397,109.13175304268397,64.02982583071889,64.02982583071889
475,e,109.13175304268397,109.13175304268397,64.02982583071889,64.02982583071889
476,e,109.13175304268397,109.13175304268397,13.277432180865262,18.348564832082747
477,e,109.13175304268397,109.13175304268397,17.87451105522078,20.108842247612028
478,e,109.13175304268397,109.13175304268397,10.523500313541733,16.81428517173846
479,e,109.13175304268397,109.13175304268397,64.02982583071889,64.02982583071889
480,na,73.25279197766007,76.6184403238867,7.301069976541408,8.581538669339734
481,na,109.13175304268397,109.13175304268397,40.10969231051906,43.77983116395224
482,e,109.13175304268397,109.13175304268397,35.60323650063144,38.50779081333407
483,e,109.13175304268397,109.13175304268397,64.02982583071889,64.02982583071889
484,na,109.13175304268397,109.13175304268397,8.980136243577277,17.207613703396152
485,e,109.13175304268397,109.13175304268397,9.167609251259814,12.596528958433426
486,e,109.13175304268397,109.13175304268397,9.599289965308964,11.533357608358463
487,na,109.13175304268397,109.13175304268397,64.02982583071889,64.02982583071889
488,e,109.13175304268397,109.13175304268397,9.228264165003973,12.79439451655424
489,e,109.13175304268397,109.13175304268397,20.43722275388138,64.02982583071889
490,e,109.13175304268397,109.13175304268397,15.80593904581247,15.884702218619688
491,e,2.983138393074559,4.025741529811058,28.04288436143185,32.079234600255724
492,e,109.13175304268397,109.13175304268397,64.02982583071889,64.02982583071889
493,e,109.13175304268397,109.13175304268397,47.23856859517,52.954830520552896
494,na,10.085695417331456,13.704358401170602,0.40267707292449545,4.796175070494825
495,na,109.13175304268397,109.13175304268397,36.11935894110752,39.92783857304103
496,e,14.84116601434863,16.770880374007763,29.091075172624763,31.9608938869939
497,e,109.13175304268397,109.13175304268397,6.816861474706923,9.68593259601553
498,e,109.13175304268397,109.13175304268397,29.210082208570707,30.93548448925187
499,e,109.13175304268397,109.13175304268397,35.47326150056755,38.63890547991182
500,na,13.008393646789736,13.276298071834875,22.456982118939404,36.16628825673256
501,e,109.13175304268397,109.13175304268397,14.5729363232742,17.844677508882913
502,e,15.535572511149475,19.251553279889954,17.42443930360012,23.340118133048332
503,e,28.022665279286798,31.328589139167345,5.946455350238014,7.580627148158156
504,na,109.13175304268397,109.13175304268397,64.02982583071889,64.02982583071889
505,e,109.13175304268397,109.13175304268397,7.808385984456383,21.62856875150316
506,e,16.54989595929357,22.587019491622186,10.402628844667172,15.256958443346146
507,e,109.13175304268397,109.13175304268397,64.02982583071889,64.02982583071889
508,e,109.13175304268397,109.13175304268397,29.74844248017104,32.78576071418707
509,e,109.13175304268397,109.13175304268397,12.8022513370287,21.517404301705774
510,na,109.13175304268397,109.13175304268397,64.02982583071889,64.02982583071889
511,na,7.780244002612476,14.33139327066817,3.0298734367857594,64.02982583071889
512,e,109.13175304268397,109.13175304268397,64.02982583071889,64.02982583071889
513,e,18.286755027937264,25.826348038250128,30.667027180008333,33.44616199609926
514,e,109.13175304268397,109.13175304268397,64.02982583071889,64.02982583071889
515,e,109.13175304268397,109.13175304268397,64.02982583071889,64.02982583071889
516,e,109.13175304268397,109.13175304268397,31.022811698165388,37.59073374412371
517,e,83.10525297937998,84.71429505859913,24.409588440088132,26.3261155889679
518,na,6.582376462843657,10.908955890540014,6.223207421790734,10.433519695338036
519,na,109.13175304268397,109.13175304268397,14.70290252452697,16.734409639099777
520,na,109.13175304268397,109.13175304268397,34.81380038335662,41.154479182025256
521,na,20.88888063255877,24.899450071938684,30.538506783868307,64.02982583071889
522,e,109.13175304268397,109.13175304268397,11.07418577511428,11.846615469483675
523,e,109.13175304268397,109.13175304268397,4.177646813169572,7.292380882118373
524,e,10.647110079896635,19.98568496591373,41.68177394229665,46.68728861781332
525,e,109.13175304268397,109.13175304268397,64.02982583071889,64.02982583071889
526,e,109.13175304268397,109.13175304268397,17.25036991405159,21.597481770742885
527,e,109.13175304268397,109.13175304268397,64.02982583071889,64.02982583071889
528,e,109.13175304268397,109.13175304268397,64.02982583071889,64.02982583071889
529,e,109.13175304268397,109.13175304268397,37.16863225540265,44.07002470193842
530,e,109.13175304268397,109.13175304268397,40.48078839521693,40.48977896028737
531,e,109.13175304268397,109.13175304268397,64.02982583071889,64.02982583071889
532,na,17.910830508565443,109.13175304268397,32.9513112321877,36.854491868315876
533,e,109.13175304268397,109.13175304268397,39.91641026466375,45.75045858149765
534,e,109.13175304268397,109.13175304268397,64.02982583071889,64.02982583071889
535,e,109.13175304268397,109.13175304268397,64.02982583071889,64.02982583071889
536,na,109.13175304268397,109.13175304268397,64.02982583071889,64.02982583071889
537,e,109.13175304268397,109.13175304268397,64.02982583071889,64.02982583071889
538,e,50.42275185318705,57.254670635185214,10.797766291024224,14.304724540965898
539,e,109.13175304268397,109.13175304268397,31.840780556024118,32.90867838247197
540,e,109.13175304268397,109.13175304268397,5.477627091262428,8.437628598176282
541,e,109.13175304268397,109.13175304268397,40.83453025745913,64.02982583071889
542,e,109.13175304268397,109.13175304268397,64.02982583071889,64.02982583071889
543,na,109.13175304268397,109.13175304268397,21.2137973360684,30.29647179983866
544,e,43.30024205725313,43.41117167961196,10.468635704206626,16.981700483661022
545,e,109.13175304268397,109.13175304268397,24.250307872008026,32.74853802398771
546,e,109.13175304268397,109.13175304268397,64.02982583071889,64.02982583071889
547,e,109.13175304268397,109.13175304268397,26.792125330391702,28.200002285336982
548,na,109.13175304268397,109.13175304268397,64.02982583071889,64.02982583071889
549,e,37.14407391240493,40.23318606609488,11.612467330073148,15.200611140408217
550,na,73.09418793511476,75.32523024191798,47.39942552928837,57.12697997723201
551,e,17.135102544238194,19.327194119635536,24.776559893595575,27.98621991000722
552,e,109.13175304268397,109.13175304268397,15.351899007144164,18.795811935327208
553,e,62.84235873284985,109.13175304268397,23.372324384260825,25.096243589103956
554,na,44.00478067840699,47.21220878238648,14.282956694464579,15.155520291464045
555,e,34.8781300991955,42.0617038062401,29.03539686448744,35.49461226827265
556,e,109.13175304268397,109.13175304268397,44.1366393529726,46.51781987634045
557,e,24.013929863785144,26.566604426539573,15.26010582337727,18.779137895160478
558,e,109.13175304268397,109.13175304268397,16.25683726224506,18.931805959741727
559,e,23.16841037682084,25.999402699691068,29.36065186988852,64.02982583071889
560,na,109.13175304268397,109.13175304268397,22.355143719964357,27.943015971028384
561,e,109.13175304268397,109.13175304268397,64.02982583071889,64.02982583071889
562,e,109.13175304268397,109.13175304268397,32.12933056915635,35.64158869000342
563,na,109.13175304268397,109.13175304268397,64.02982583071889,64.02982583071889
564,e,109.13175304268397,109.13175304268397,64.02982583071889,64.02982583071889
565,e,11.060970509674323,11.490646503775414,11.881240948738034,18.230921121147997
566,e,109.13175304268397,109.13175304268397,21.788025609313816,26.7629449662299
567,na,39.60943628319872,48.12934008634538,64.02982583071889,64.02982583071889
568,na,109.13175304268397,109.13175304268397,22.327659511404338,23.962352555869636
569,e,27.224284004325384,31.546414332288382,18.722543514215058,23.118365548678852
570,e,32.12791016904434,40.77942235157029,8.750173215419641,9.538810628533664
571,na,11.159144046371736,14.535371692087544,14.892760454876534,17.56808260060378
572,e,89.68622940738094,97.23364857386592,30.520539668183673,33.05508311817081
573,e,109.13175304268397,109.13175304268397,64.02982583071889,64.02982583071889
574,e,14.550828707476438,16.326726306334145,29.979521884384123,64.02982583071889
575,e,10.579916737889986,12.939123370840049,13.785411810390476,28.664363229189675
576,na,0,1.4802633505005829,0,2.637358714571789
577,e,109.13175304268397,109.13175304268397,64.02982583071889,64.02982583071889
578,na,109.13175304268397,109.13175304268397,64.02982583071889,64.02982583071889
579,e,109.13175304268397,109.13175304268397,38.59042787255487,46.68603248683248
580,na,109.13175304268397,109.13175304268397,17.108630096763147,24.01564018723034
581,e,27.772689773636877,28.958459652347212,22.852726627430226,31.1907908439789
582,na,109.13175304268397,109.13175304268397,64.02982583071889,64.02982583071889
583,e,109.13175304268397,109.13175304268397,18.625392803486378,20.35602547565396
584,e,109.13175304268397,109.13175304268397,20.850374064545445,64.02982583071889
585,e,109.13175304268397,109.13175304268397,12.930632342592348,16.334628160877216
586,na,9.728672641178616,22.54738896207203,24.38243915369934,40.08601381082392
587,na,109.13175304268397,109.13175304268397,64.02982583071889,64.02982583071889
588,e,109.13175304268397,109.13175304268397,14.081459495917402,18.1675753082448
589,na,109.13175304268397,109.13175304268397,64.02982583071889,64.02982583071889
590,na,109.13175304268397,109.13175304268397,64.02982583071889,64.02982583071889
591,e,109.13175304268397,109.13175304268397,15.42422546397881,17.141463099574455
592,e,109.13175304268397,109.13175304268397,64.02982583071889,64.02982583071889
593,e,109.13175304268397,109.13175304268397,64.02982583071889,64.02982583071889
594,e,109.13175304268397,109.13175304268397,32.224757158896956,33.56496852382489
595,e,71.22986329688004,74.2588955907066,27.51286222763089,38.08908770408835
596,e,109.13175304268397,109.13175304268397,64.02982583071889,64.02982583071889
597,na,109.13175304268397,109.13175304268397,10.032731551946265,11.269545476362538
598,e,109.13175304268397,109.13175304268397,64.02982583071889,64.02982583071889
599,e,41.02766057732037,41.897438121313165,64.02982583071889,64.02982583071889
600,e,109.13175304268397,109.13175304268397,39.97799152870348,40.69388574934248
601,na,109.13175304268397,109.13175304268397,35.90194923110782,36.69561956508773
602,e,109.13175304268397,109.13175304268397,64.02982583071889,64.02982583071889
603,e,109.13175304268397,109.13175304268397,21.327735713332235,22.7355367632455
604,e,36.37826676123996,42.06075274064383,64.02982583071889,64.02982583071889
605,e,109.13175304268397,109.13175304268397,64.02982583071889,64.02982583071889
606,e,109.13175304268397,109.13175304268397,3.207594198231817,4.1737118332549015
607,e,109.13175304268397,109.13175304268397,5.678120829107863,5.967754834767784
608,e,0.6800394535894333,5.886369427081087,64.02982583071889,64.02982583071889
609,e,109.13175304268397,109.13175304268397,64.02982583071889,64.02982583071889
610,e,109.13175304268397,109.13175304268397,64.02982583071889,64.02982583071889
611,na,6.6836393230767195,10.1144801249399,64.02982583071889,64.02982583071889
612,e,109.13175304268397,109.13175304268397,64.02982583071889,64.02982583071889
613,na,39.27281297351328,40.8995328445678,36.352214117336885,64.02982583071889
614,e,109.13175304268397,109.13175304268397,64.02982583071889,64.02982583071889
615,na,5.355360857045703,11.025267190045724,14.546189124985752,64.02982583071889
616,e,109.13175304268397,109.13175304268397,22.127303149741184,24.84260703706181
617,na,109.13175304268397,109.13175304268397,64.02982583071889,64.02982583071889
618,e,38.08991434327702,39.03564827881041,15.512475698787892,28.126633979457978
619,e,109.13175304268397,109.13175304268397,21.143138281177677,27.333771626872835
620,e,109.13175304268397,109.13175304268397,7.2664236736242565,14.50351107918987
621,na,8.929045862917972,109.13175304268397,8.480161715750475,9.37460035917076
622,na,56.83784966074029,59.92152349511321,31.26049109780186,33.03788645716197
623,e,109.13175304268397,109.13175304268397,64.02982583071889,64.02982583071889
624,e,109.13175304268397,109.13175304268397,64.02982583071889,64.02982583071889
625,e,32.2512678766359,33.191181993250304,24.759246823228004,24.845836159500607
626,e,109.13175304268397,109.13175304268397,37.871623022341566,47.187596070261506
627,na,0,13.689970400306487,0,18.715388765852452
628,e,109.13175304268397,109.13175304268397,64.02982583071889,64.02982583071889
629,e,109.13175304268397,109.13175304268397,64.02982583071889,64.02982583071889
630,e,109.13175304268397,109.13175304268397,64.02982583071889,64.02982583071889
631,e,109.13175304268397,109.13175304268397,64.02982583071889,64.02982583071889
632,e,109.13175304268397,109.13175304268397,2.5041484174975563,5.864384823842033
633,e,109.13175304268397,109.13175304268397,52.83919642263002,64.02982583071889
634,na,109.13175304268397,109.13175304268397,24.608341257855592,64.02982583071889
635,e,109.13175304268397,109.13175304268397,21.99416456712296,32.43692490094917
636,e,109.13175304268397,109.13175304268397,16.967523818336772,19.270592585935155
637,e,70.84907706559224,71.12164920506987,64.02982583071889,64.02982583071889
638,e,109.13175304268397,109.13175304268397,16.305523107828005,19.637033405568854
639,na,109.13175304268397,109.13175304268397,64.02982583071889,64.02982583071889
640,e,109.13175304268397,109.13175304268397,64.02982583071889,64.02982583071889
641,e,8.679111819573775,12.008103243849066,64.02982583071889,64.02982583071889
642,na,109.13175304268397,109.13175304268397,20.255603144141773,21.727802210687724
643,na,109.13175304268397,109.13175304268397,46.022214344813136,47.51357330165469
644,e,109.13175304268397,109.13175304268397,64.02982583071889,64.02982583071889
645,e,109.13175304268397,109.13175304268397,41.02327133522422,49.000656757225016
646,na,109.13175304268397,109.13175304268397,64.02982583071889,64.02982583071889
647,na,109.13175304268397,109.13175304268397,64.02982583071889,64.02982583071889
648,e,109.13175304268397,109.13175304268397,14.007515039885565,20.13166288085977
649,e,109.13175304268397,109.13175304268397,64.02982583071889,64.02982583071889
650,e,109.13175304268397,109.13175304268397,64.02982583071889,64.02982583071889
651,na,3.8860724148459864,5.304372736810029,21.721585168797855,21.88456859739098
652,e,109.13175304268397,109.13175304268397,64.02982583071889,64.02982583071889
653,na,109.13175304268397,109.13175304268397,64.02982583071889,64.02982583071889
654,e,109.13175304268397,109.13175304268397,26.844600214309636,28.402672076646603
655,e,109.13175304268397,109.13175304268397,64.02982583071889,64.02982583071889
656,e,109.13175304268397,109.13175304268397,64.02982583071889,64.02982583071889
657,e,109.13175304268397,109.13175304268397,64.02982583071889,64.02982583071889
658,e,109.13175304268397,109.13175304268397,17.003719602775742,18.89255818361605
659,e,109.13175304268397,109.13175304268397,40.14825889731738,40.37109134305882
660,na,109.13175304268397,109.13175304268397,64.02982583071889,64.02982583071889
661,e,109.13175304268397,109.13175304268397,64.02982583071889,64.02982583071889
662,e,109.13175304268397,109.13175304268397,14.066065515613623,14.077841532161923
663,e,109.13175304268397,109.13175304268397,12.018773660495228,17.077350159108658
664,e,109.13175304268397,109.13175304268397,30.60581287633002,33.109026007995354
665,e,23.742976986185322,109.13175304268397,64.02982583071889,64.02982583071889
666,e,109.13175304268397,109.13175304268397,15.912609407046245,23.854366460017523
667,e,33.02155505225075,48.19622492550941,25.698972571268246,26.761217320515314
668,e,109.13175304268397,109.13175304268397,64.02982583071889,64.02982583071889
669,na,109.13175304268397,109.13175304268397,19.31428909055364,22.99478985521506
670,e,109.13175304268397,109.13175304268397,12.580276270618135,24.380655592749115
671,e,109.13175304268397,109.13175304268397,64.02982583071889,64.02982583071889
672,e,109.13175304268397,109.13175304268397,64.02982583071889,64.02982583071889
673,e,109.13175304268397,109.13175304268397,26.427904624437826,28.009999707157725
674,e,109.13175304268397,109.13175304268397,9.03250781126906,17.947397819175936
675,e,109.13175304268397,109.13175304268397,29.34445678640433,30.148316295723273
676,na,109.13175304268397,109.13175304268397,64.02982583071889,64.02982583071889
677,e,109.13175304268397,109.13175304268397,11.959161238181473,12.791454165093443
678,e,109.13175304268397,109.13175304268397,21.777403793770205,27.770397287727587
679,na,109.13175304268397,109.13175304268397,64.02982583071889,64.02982583071889
680,na,-1,0,-1,0
681,e,109.13175304268397,109.13175304268397,14.585218829008344,21.481213145746835
682,na,18.051952345751836,19.421094152785255,0.763319815782417,2.15350184555298
683,e,109.13175304268397,109.13175304268397,64.02982583071889,64.02982583071889
684,e,109.13175304268397,109.13175304268397,64.02982583071889,64.02982583071889
685,e,109.13175304268397,109.13175304268397,48.44148903261473,49.9476815885906
686,e,109.13175304268397,109.13175304268397,64.02982583071889,64.02982583071889
687,e,109.13175304268397,109.13175304268397,19.162146559785988,23.84406568171993
688,e,109.13175304268397,109.13175304268397,64.02982583071889,64.02982583071889
689,e,109.13175304268397,109.13175304268397,18.779214417582292,64.02982583071889
690,na,109.13175304268397,109.13175304268397,64.02982583071889,64.02982583071889
691,e,109.13175304268397,109.13175304268397,64.02982583071889,64.02982583071889
692,e,109.13175304268397,109.13175304268397,64.02982583071889,64.02982583071889
693,e,109.13175304268397,109.13175304268397,4.486981788285254,8.314734122129414
694,e,109.13175304268397,109.13175304268397,20.9390162672132,24.321161624309543
695,e,109.13175304268397,109.13175304268397,17.322730193891296,21.143215088918414
696,e,109.13175304268397,109.13175304268397,12.554039437683194,17.076815438502514
697,na,10.61867173953859,11.692330359464906,9.316980953971482,13.90753639657529
698,na,109.13175304268397,109.13175304268397,29.48470025462165,30.560302618187574
699,e,32.915384308570836,40.856812217203235,26.154968410407466,32.35407974814788
700,e,109.13175304268397,109.13175304268397,64.02982583071889,64.02982583071889
701,e,73.11401742821762,76.93220789133818,64.02982583071889,64.02982583071889
702,e,109.13175304268397,109.13175304268397,64.02982583071889,64.02982583071889
703,e,109.13175304268397,109.13175304268397,17.88342731392428,64.02982583071889
704,e,12.057449325466184,13.812200409090948,18.766494273585387,25.322635485537994
705,e,109.13175304268397,109.13175304268397,64.02982583071889,64.02982583071889
706,na,109.13175304268397,109.13175304268397,64.02982583071889,64.02982583071889
707,e,109.13175304268397,109.13175304268397,9.325033013457388,9.334718002719205
708,e,109.13175304268397,109.13175304268397,64.02982583071889,64.02982583071889
709,na,62.51364971597603,69.46524629861295,24.76564963677354,24.84854406096629
710,e,109.13175304268397,109.13175304268397,64.02982583071889,64.02982583071889
711,na,109.13175304268397,109.13175304268397,8.814686351978978,12.28708896645556
712,e,109.13175304268397,109.13175304268397,64.02982583071889,64.02982583071889
713,e,25.71285277117644,34.63112181339913,64.02982583071889,64.02982583071889
714,na,109.13175304268397,109.13175304268397,46.64569120237574,59.47298588216326
715,e,67.31294410223795,78.85875651472107,18.672802263591713,20.29033360272321
716,e,109.13175304268397,109.13175304268397,41.40979804482916,46.17783079374234
717,e,109.13175304268397,109.13175304268397,24.937551604817152,30.25527754879988
718,na,109.03487244511489,109.13175304268397,27.522786911616617,50.234349720648446
719,e,109.13175304268397,109.13175304268397,64.02982583071889,64.02982583071889
720,e,109.13175304268397,109.13175304268397,7.011354143642822,8.580256152205916
721,e,109.13175304268397,109.13175304268397,64.02982583071889,64.02982583071889
722,e,109.13175304268397,109.13175304268397,8.299586418215307,8.76388780755364
723,e,39.01319923813865,44.019977642786046,64.02982583071889,64.02982583071889
724,e,24.551593795698366,28.35993347472239,22.09168266064798,22.148526150913497
725,e,109.13175304268397,109.13175304268397,64.02982583071889,64.02982583071889
726,e,109.13175304268397,109.13175304268397,64.02982583071889,64.02982583071889
727,na,109.13175304268397,109.13175304268397,64.02982583071889,64.02982583071889
728,e,109.13175304268397,109.13175304268397,64.02982583071889,64.02982583071889
729,e,109.13175304268397,109.13175304268397,64.02982583071889,64.02982583071889
730,e,109.13175304268397,109.13175304268397,38.95650408305243,47.95717905105616
731,e,109.13175304268397,109.13175304268397,3.3731272707569375,6.4006150486698905
732,na,109.13175304268397,109.13175304268397,64.02982583071889,64.02982583071889
733,e,109.13175304268397,109.13175304268397,31.812262025100498,32.579637047702235
734,na,14.340652634992331,16.108614440671086,23.23817388131821,64.02982583071889
735,e,109.13175304268397,109.13175304268397,64.02982583071889,64.02982583071889
736,e,31.033467450094925,31.376013014218483,64.02982583071889,64.02982583071889
737,e,109.13175304268397,109.13175304268397,64.02982583071889,64.02982583071889
738,na,48.05852443753442,48.32127830966735,18.122723011855733,20.572239765891336
739,e,109.13175304268397,109.13175304268397,24.504090857780284,26.28272127638057
740,e,109.13175304268397,109.13175304268397,64.02982583071889,64.02982583071889
741,e,23.815437070026388,37.959427207149666,6.5953805737049365,10.231540159354802
742,na,22.027789901284713,23.731323798142174,64.02982583071889,64.02982583071889
743,na,109.13175304268397,109.13175304268397,41.955842051612436,44.54810110003532
744,e,109.13175304268397,109.13175304268397,64.02982583071889,64.02982583071889
745,na,-1,0,-1,0
746,e,109.13175304268397,109.13175304268397,64.02982583071889,64.02982583071889
747,na,109.13175304268397,109.13175304268397,64.02982583071889,64.02982583071889
748,na,0,2.194918126556278,0,1.0609144908976673
749,e,57.3271202364218,59.41333392039691,64.02982583071889,64.02982583071889
750,e,20.60602561047626,24.397767330629073,12.497595368410908,13.712810311334266
751,e,109.13175304268397,109.13175304268397,23.943257571753243,24.662983010307798
752,e,109.13175304268397,109.13175304268397,64.02982583071889,64.02982583071889
753,e,109.13175304268397,109.13175304268397,64.02982583071889,64.02982583071889
754,na,109.13175304268397,109.13175304268397,38.21410856158197,38.40059263308809
755,na,-1,0,-1,0
756,na,109.13175304268397,109.13175304268397,51.92461474468292,56.73441086709598
757,e,25.04869634512837,26.138946695727306,14.734307946354534,64.02982583071889
758,na,71.06578281572041,73.61475167372859,17.46320309498777,64.02982583071889
759,na,8.453920317679875,10.689425152127775,6.737049523982525,7.1710113661602675
760,e,109.13175304268397,109.13175304268397,64.02982583071889,64.02982583071889
761,e,109.13175304268397,109.13175304268397,8.931749208571793,14.145296254769583
762,e,109.13175304268397,109.13175304268397,29.182124118002452,33.596381374088196
763,e,109.13175304268397,109.13175304268397,64.02982583071889,64.02982583071889
764,e,53.945495397135424,58.23419614471346,64.02982583071889,64.02982583071889
765,e,6.853226033368234,7.916807173614467,8.054645040296014,12.082843891356859
766,e,109.13175304268397,109.13175304268397,17.676799137781558,64.02982583071889
767,e,109.13175304268397,109.13175304268397,64.02982583071889,64.02982583071889
768,e,109.13175304268397,109.13175304268397,43.45417582473313,48.31770476162789
769,na,109.13175304268397,109.13175304268397,16.442754519359596,16.523967649527073
770,e,109.13175304268397,109.13175304268397,16.012465849510164,18.089223905274462
771,na,15.207215278936772,19.99980503298435,64.02982583071889,64.02982583071889
772,e,66.35143271296991,74.48955806731935,19.66564654431532,21.647847867923296
773,e,16.366031759716833,16.762980411239255,64.02982583071889,64.02982583071889
774,e,109.13175304268397,109.13175304268397,64.02982583071889,64.02982583071889
775,e,31.5186917966893,35.64971503326548,22.613341832679733,24.280113821438242
776,na,109.13175304268397,109.13175304268397,4.8321065221317365,5.687387305867049
777,e,109.13175304268397,109.13175304268397,16.65330371590176,18.851480359261156
778,e,109.13175304268397,109.13175304268397,64.02982583071889,64.02982583071889
779,na,109.13175304268397,109.13175304268397,64.02982583071889,64.02982583071889
780,na,109.13175304268397,109.13175304268397,64.02982583071889,64.02982583071889
781,e,109.13175304268397,109.13175304268397,7.173743354075914,21.28320862434056
782,e,109.13175304268397,109.13175304268397,64.02982583071889,64.02982583071889
783,e,109.13175304268397,109.13175304268397,64.02982583071889,64.02982583071889
784,e,109.13175304268397,109.13175304268397,64.02982583071889,64.02982583071889
785,na,18.170885586899207,19.42447273290791,10.545174179198147,16.757375905554287
786,e,109.13175304268397,109.13175304268397,64.02982583071889,64.02982583071889
787,na,6.248707837507363,10.24698159240266,11.145807789478072,11.89564445756134
788,e,11.661243826859906,25.547446260277805,22.07530964780591,36.552932626368296
789,e,109.13175304268397,109.13175304268397,64.02982583071889,64.02982583071889
790,e,36.180900114069075,36.30567994561898,64.02982583071889,64.02982583071889
791,e,109.13175304268397,109.13175304268397,28.075407278303707,41.0612932694209
792,e,73.87793314632964,79.95318526989378,15.582230588505121,21.10975323157827
793,e,109.13175304268397,109.13175304268397,64.02982583071889,64.02982583071889
794,na,9.014947544899288,9.285545409090393,39.420316951487855,48.765547080010634
795,e,8.413049360549454,9.117471540348529,8.317034546645592,15.159489078880025
796,e,18.313660498723657,25.46950426378688,26.090673838805913,64.02982583071889
797,e,24.823406258815172,24.951804512314038,13.691376425053692,15.608061551275577
798,e,11.170023222988403,15.424759577142423,4.050175710647954,10.298789562785716
799,na,29.245370855371142,109.13175304268397,21.972593837977808,22.889072001229017
800,na,109.13175304268397,109.13175304268397,40.9768792209698,48.00638691860345
801,e,109.13175304268397,109.13175304268397,64.02982583071889,64.02982583071889
802,na,37.25726711610893,109.13175304268397,30.92464810507281,31.74760801449443
803,e,109.13175304268397,109.13175304268397,16.97421830536357,17.012931452160906
804,e,40.790812320063125,42.233866612348606,3.7925953647062634,5.852521273701831
805,e,109.13175304268397,109.13175304268397,26.929374877466355,32.145928755867544
806,e,109.13175304268397,109.13175304268397,64.02982583071889,64.02982583071889
807,e,109.13175304268397,109.13175304268397,64.02982583071889,64.02982583071889
808,e,19.54626584432728,21.897729232033566,27.19558391961584,34.046024559172594
809,e,109.13175304268397,109.13175304268397,6.895348418670664,9.323409140701008
810,e,109.13175304268397,109.13175304268397,16.312886904992254,26.314758219844226
811,e,109.13175304268397,109.13175304268397,64.02982583071889,64.02982583071889
812,e,109.13175304268397,109.13175304268397,64.02982583071889,64.02982583071889
813,e,109.13175304268397,109.13175304268397,64.02982583071889,64.02982583071889
814,e,109.13175304268397,109.13175304268397,64.02982583071889,64.02982583071889
815,na,109.13175304268397,109.13175304268397,1.135688199878685,3.711392485634544
816,na,0.8427130765543338,6.535009195235101,1.5840969494994002,4.972659274488049
817,e,109.13175304268397,109.13175304268397,10.628347079386828,13.516829920828624
818,na,17.29856580909596,19.945082173480937,22.92049788782935,27.490876217675883
819,e,109.13175304268397,109.13175304268397,37.17100953631537,39.978845481436714
820,e,109.13175304268397,109.13175304268397,25.055479313845613,33.19677565787436
821,e,109.13175304268397,109.13175304268397,64.02982583071889,64.02982583071889
822,e,109.13175304268397,109.13175304268397,64.02982583071889,64.02982583071889
823,na,109.13175304268397,109.13175304268397,6.849666903508971,8.324969699538686
824,e,109.13175304268397,109.13175304268397,37.589989696376065,39.177182395046046
825,e,37.09031714740242,39.08829613164178,17.598492911686467,19.717183577576648
826,e,109.13175304268397,109.13175304268397,64.02982583071889,64.02982583071889
827,e,109.13175304268397,109.13175304268397,37.53624327672981,46.208712578194636
828,e,109.13175304268397,109.13175304268397,29.942857900969923,33.11706402121477
829,na,109.13175304268397,109.13175304268397,64.02982583071889,64.02982583071889
830,e,36.10051641140525,36.659014503028516,30.968259039720312,32.61142095498551
831,e,109.13175304268397,109.13175304268397,9.413946788912758,16.35615264223227
832,na,109.13175304268397,109.13175304268397,36.056596454198036,41.87537023611064
833,e,109.13175304268397,109.13175304268397,64.02982583071889,64.02982583071889
834,na,-1,0,-1,0
835,e,109.13175304268397,109.13175304268397,18.643280926012164,22.523107798140312
836,e,20.978587371335372,22.597823701452228,64.02982583071889,64.02982583071889
837,na,19.098451732326783,23.002830294482063,64.02982583071889,64.02982583071889
838,e,32.01288137588584,38.71670206250929,14.754809151340504,15.07582692030988
839,e,109.13175304268397,109.13175304268397,64.02982583071889,64.02982583071889
840,e,109.13175304268397,109.13175304268397,64.02982583071889,64.02982583071889
841,e,109.13175304268397,109.13175304268397,28.990094281725302,30.737321687408574
842,na,109.13175304268397,109.13175304268397,64.02982583071889,64.02982583071889
843,e,16.394935229516356,17.460571201544468,45.551909995179216,47.04881182864704
844,na,0,0.1629360043440904,0,10.072051119487027
845,na,109.13175304268397,109.13175304268397,64.02982583071889,64.02982583071889
846,na,22.783541399624678,34.995597492088756,13.185715612875876,21.735618613987324
847,e,109.13175304268397,109.13175304268397,26.29525771875538,31.91096092368212
848,e,9.041609320583175,10.626195612650301,12.720239738551598,64.02982583071889
849,e,109.13175304268397,109.13175304268397,39.01009458338162,53.38345473672781
850,na,109.13175304268397,109.13175304268397,15.505956314048975,16.212602305776848
851,e,109.13175304268397,109.13175304268397,16.51814229720235,35.077346462984416
852,na,109.13175304268397,109.13175304268397,64.02982583071889,64.02982583071889
853,e,19.94245472879713,21.18699395958188,64.02982583071889,64.02982583071889
854,na,109.13175304268397,109.13175304268397,64.02982583071889,64.02982583071889
855,e,109.13175304268397,109.13175304268397,64.02982583071889,64.02982583071889
856,e,35.28468164864391,109.13175304268397,64.02982583071889,64.02982583071889
857,e,109.13175304268397,109.13175304268397,64.02982583071889,64.02982583071889
858,e,109.13175304268397,109.13175304268397,64.02982583071889,64.02982583071889
859,na,109.13175304268397,109.13175304268397,16.035578256087206,17.00576317635223
860,e,109.13175304268397,109.13175304268397,64.02982583071889,64.02982583071889
861,e,109.13175304268397,109.13175304268397,64.02982583071889,64.02982583071889
862,e,109.13175304268397,109.13175304268397,10.418958988176982,10.990239056850578
863,e,109.13175304268397,109.13175304268397,64.02982583071889,64.02982583071889
864,na,109.13175304268397,109.13175304268397,64.02982583071889,64.02982583071889
865,na,3.47813494504641,12.507565746215873,3.3422468403454224,10.326290790305874
866,e,12.087029650174538,21.548787218616063,27.03451609899922,29.965618391449013
867,e,109.13175304268397,109.13175304268397,24.74460556726542,26.525357364629606
868,e,7.492344901488243,19.18293122057778,32.73938887486883,64.02982583071889
869,e,109.13175304268397,109.13175304268397,16.30981626207381,18.085738737609883
870,na,109.13175304268397,109.13175304268397,64.02982583071889,64.02982583071889
871,e,109.13175304268397,109.13175304268397,25.204928708249376,26.04521540460604
872,e,109.13175304268397,109.13175304268397,14.450576727586395,15.645010131651969
873,e,109.13175304268397,109.13175304268397,27.274036283006943,27.923428393418103
874,e,109.13175304268397,109.13175304268397,64.02982583071889,64.02982583071889
875,e,109.13175304268397,109.13175304268397,21.20275443528793,22.93818936082698
876,e,109.13175304268397,109.13175304268397,17.440720474111618,18.078375417701608
877,e,109.13175304268397,109.13175304268397,21.895570370680122,22.85451626413017
878,e,109.13175304268397,109.13175304268397,64.02982583071889,64.02982583071889
879,e,109.13175304268397,109.13175304268397,64.02982583071889,64.02982583071889
880,e,109.13175304268397,109.13175304268397,35.230591852893504,37.42866098337267
881,e,109.13175304268397,109.13175304268397,64.02982583071889,64.02982583071889
882,e,41.3527774772195,45.41156869360152,38.636847137215646,47.362426602407794
883,e,109.13175304268397,109.13175304268397,28.972804750234875,64.02982583071889
884,na,109.13175304268397,109.13175304268397,39.965688576051356,42.62825366028095
885,e,109.13175304268397,109.13175304268397,64.02982583071889,64.02982583071889
886,e,109.13175304268397,109.13175304268397,13.763199983317495,15.21073608197516
887,e,109.13175304268397,109.13175304268397,12.33253693529123,12.587699973937083
888,e,37.66795050292875,38.01422954390527,31.03809548485689,36.24821647976954
889,e,109.13175304268397,109.13175304268397,19.396828487095657,20.94307949168319
890,e,109.13175304268397,109.13175304268397,13.759224643067366,17.641739545196167
891,na,14.098744899647052,18.839686455750876,7.639405163300789,19.47575208575866
892,e,109.13175304268397,109.13175304268397,64.02982583071889,64.02982583071889
893,na,24.187411291725958,25.21449989980295,16.093964773966242,17.556773943530118
894,e,109.13175304268397,109.13175304268397,30.424743011893906,30.488375354222097
895,na,29.245902854765365,49.308373995704436,9.443116878002488,64.02982583071889
896,na,109.13175304268397,109.13175304268397,13.119244026761825,14.433492921483921
897,e,7.40260225126289,7.732901998252167,13.037547640218246,13.639019828816343
898,na,5.480096699213122,6.399730372472041,0.22959392344069338,1.776645240841638
899,e,109.13175304268397,109.13175304268397,64.02982583071889,64.02982583071889
900,e,26.849718310898382,33.20841730863312,25.292996985239437,29.95271348911839
901,e,109.13175304268397,109.13175304268397,15.585748225523307,16.84193889301533
902,na,28.998203999606723,30.62154924869934,64.02982583071889,64.02982583071889
903,e,109.13175304268397,109.13175304268397,14.530637537059675,32.15732885582181
904,e,109.13175304268397,109.13175304268397,12.377650301879669,15.52718881187631
905,e,56.02942531976898,63.51610169430958,14.271195351701184,15.846037187613376
906,e,109.13175304268397,109.13175304268397,17.0165795974566,19.999163204709014
907,e,109.13175304268397,109.13175304268397,17.679541823495722,28.45978655150715
908,e,109.13175304268397,109.13175304268397,58.977722060464934,58.9822899849182
909,e,109.13175304268397,109.13175304268397,8.015273856834346,10.645838724796663
910,e,109.13175304268397,109.13175304268397,21.99533162472942,24.27770888643825
911,na,8.246624047028387,8.676239216458479,32.97056575792408,64.02982583071889
912,na,109.13175304268397,109.13175304268397,29.175206488389477,46.352034960406954
913,na,8.00262817007747,10.873718858391316,32.252511579708,34.741395472248485
914,e,109.13175304268397,109.13175304268397,20.83715389792325,31.88843782811083
915,e,19.895570823979526,35.532705525635315,20.230757858784425,29.46853157327808
916,e,109.13175304268397,109.13175304268397,64.02982583071889,64.02982583071889
917,na,109.13175304268397,109.13175304268397,64.02982583071889,64.02982583071889
918,e,109.13175304268397,109.13175304268397,29.165809092350738,30.566738516565607
919,e,73.81857370006286,75.83891247293987,23.47827006595851,24.2330665274187
920,e,109.13175304268397,109.13175304268397,58.182547724529634,64.02982583071889
921,e,109.13175304268397,109.13175304268397,64.02982583071889,64.02982583071889
922,e,109.13175304268397,109.13175304268397,19.697492793066566,21.691533487382507
923,e,109.13175304268397,109.13175304268397,64.02982583071889,64.02982583071889
924,na,27.722016500791167,109.13175304268397,26.929178585106257,27.04957401026605
925,e,109.13175304268397,109.13175304268397,64.02982583071889,64.02982583071889
926,e,109.13175304268397,109.13175304268397,26.614876601991398,31.971332905333142
927,e,37.051614357828264,42.55898540833767,6.53750539749833,31.593699357141915
928,na,-1,0,-1,0
929,e,109.13175304268397,109.13175304268397,64.02982583071889,64.02982583071889
930,na,109.13175304268397,109.13175304268397,9.209971214150006,19.566019690702483
931,e,109.13175304268397,109.13175304268397,64.02982583071889,64.02982583071889
932,na,48.7020602921112,49.81919315420318,12.108801079219575,14.949705617034319
933,e,8.592788339868394,8.889559235007706,14.275070434874513,18.112891324818236
934,e,109.13175304268397,109.13175304268397,64.02982583071889,64.02982583071889
935,e,109.13175304268397,109.13175304268397,64.02982583071889,64.02982583071889
936,e,109.13175304268397,109.13175304268397,50.42232453932364,56.05373889523707
937,e,109.13175304268397,109.13175304268397,64.02982583071889,64.02982583071889
938,na,109.13175304268397,109.13175304268397,19.05117282694479,42.35013616400407
939,e,109.13175304268397,109.13175304268397,64.02982583071889,64.02982583071889
940,e,109.13175304268397,109.13175304268397,64.02982583071889,64.02982583071889
941,na,109.13175304268397,109.13175304268397,16.6325263257477,18.9783425563694
942,e,109.13175304268397,109.13175304268397,64.02982583071889,64.02982583071889
943,e,109.13175304268397,109.13175304268397,23.211688094919204,27.967816499891136
944,e,109.13175304268397,109.13175304268397,13.274044188622625,24.78023039542035
945,e,109.13175304268397,109.13175304268397,32.17253591963172,36.47847545108942
946,na,3.1915737855178237,4.466461431006052,64.02982583071889,64.02982583071889
947,na,27.393935054010303,28.39344234085933,32.74130028830945,41.49673785293367
948,na,109.13175304268397,109.13175304268397,64.02982583071889,64.02982583071889
949,na,109.13175304268397,109.13175304268397,64.02982583071889,64.02982583071889
950,na,109.13175304268397,109.13175304268397,64.02982583071889,64.02982583071889
951,e,109.13175304268397,109.13175304268397,64.02982583071889,64.02982583071889
952,e,109.13175304268397,109.13175304268397,41.81778342131337,46.738990449739
953,e,109.13175304268397,109.13175304268397,19.465627025530097,22.080761902956603
954,e,109.13175304268397,109.13175304268397,35.067949490475954,54.21678562660009
955,na,109.13175304268397,109.13175304268397,64.02982583071889,64.02982583071889
956,e,109.13175304268397,109.13175304268397,64.02982583071889,64.02982583071889
957,e,109.13175304268397,109.13175304268397,64.02982583071889,64.02982583071889
958,na,109.13175304268397,109.13175304268397,64.02982583071889,64.02982583071889
959,na,109.13175304268397,109.13175304268397,64.02982583071889,64.02982583071889
960,e,109.13175304268397,109.13175304268397,20.77904709952658,23.287183034145766
961,e,109.13175304268397,109.13175304268397,24.36006123987997,24.431991991328697
962,e,109.13175304268397,109.13175304268397,17.589931567502447,19.689943683917914
963,e,109.13175304268397,109.13175304268397,64.02982583071889,64.02982583071889
964,e,109.13175304268397,109.13175304268397,2.2589224668117267,7.037392004425236
965,e,109.13175304268397,109.13175304268397,64.02982583071889,64.02982583071889
966,e,109.13175304268397,109.13175304268397,64.02982583071889,64.02982583071889
967,e,109.13175304268397,109.13175304268397,64.02982583071889,64.02982583071889
968,e,109.13175304268397,109.13175304268397,40.91037160692887,47.492777625663166
969,e,109.13175304268397,109.13175304268397,64.02982583071889,64.02982583071889
970,e,109.13175304268397,109.13175304268397,45.51268322465603,51.56918006734764
971,e,109.13175304268397,109.13175304268397,64.02982583071889,64.02982583071889
972,e,109.13175304268397,109.13175304268397,64.02982583071889,64.02982583071889
973,e,109.13175304268397,109.13175304268397,5.748458219385125,8.824066048181445
974,na,15.700156541453481,15.944520240576239,2.6810304283116744,64.02982583071889
975,e,109.13175304268397,109.13175304268397,21.991652139362163,31.999730122950606
976,e,109.13175304268397,109.13175304268397,29.150892820022836,30.160273104707116
977,e,109.13175304268397,109.13175304268397,64.02982583071889,64.02982583071889
978,na,56.46826922957369,57.141149094374285,64.02982583071889,64.02982583071889
979,e,109.13175304268397,109.13175304268397,64.02982583071889,64.02982583071889
980,e,109.13175304268397,109.13175304268397,64.02982583071889,64.02982583071889
981,e,109.13175304268397,109.13175304268397,64.02982583071889,64.02982583071889
982,e,109.13175304268397,109.13175304268397,15.037806140470137,17.762030824213003
983,na,109.13175304268397,109.13175304268397,27.739642641786823,64.02982583071889
984,e,38.03547083264151,39.67766532468286,64.02982583071889,64.02982583071889
985,e,88.04216426298645,97.00132043300634,26.470079719330908,33.56846286756586
986,e,109.13175304268397,109.13175304268397,37.85582330182369,44.171249299864684
987,na,109.13175304268397,109.13175304268397,31.907275066630685,33.159526823876746
988,e,109.13175304268397,109.13175304268397,64.02982583071889,64.02982583071889
989,e,109.13175304268397,109.13175304268397,64.02982583071889,64.02982583071889
990,na,0,7.32575227726489,0,1.3697954038860083
991,e,109.13175304268397,109.13175304268397,26.96003585742904,30.516056883900777
992,e,109.13175304268397,109.13175304268397,64.02982583071889,64.02982583071889
993,na,16.445631631843394,20.428464587150323,5.791728484713005,6.227994838039437
994,e,88.50812401771209,91.05863069875745,19.721940909062756,31.913512016496167
995,e,33.9530712098005,35.447994753220975,34.71429087601056,35.751705759544876
996,na,109.13175304268397,109.13175304268397,64.02982583071889,64.02982583071889
997,e,109.13175304268397,109.13175304268397,19.490889836406794,19.790155662532833
998,na,109.13175304268397,109.13175304268397,64.02982583071889,64.02982583071889
999,e,109.13175304268397,109.13175304268397,17.160429109168224,20.25678119288548
