node, assignment, time2inf_trt, time2inf_con
0,na,137.0943917489372,122.13655375890632
1,na,137.0943917489372,122.13655375890632
2,na,0,0
3,na,137.0943917489372,122.13655375890632
4,na,50.542455082809525,32.295651814416075
5,na,39.53810932438381,41.14181154480292
6,na,38.35467747754264,45.411630715258035
7,na,27.736319623502208,44.2128790882768
8,na,30.731317704613335,89.67694154306007
9,na,37.421989107396605,47.394589807658086
10,na,21.29962097094698,30.84788354723377
11,na,33.250438818412874,55.345179560474826
12,na,74.43807165673283,65.58436950798938
13,na,137.0943917489372,41.629518532574615
14,na,38.750223043131044,122.13655375890632
15,na,38.22924985746563,31.583644321634882
16,na,19.19195167538001,47.270782274364684
17,na,50.359017219723384,40.99960108032593
18,na,56.36417713410814,21.98146988350363
19,na,137.0943917489372,24.89141336366132
20,na,16.80084082960063,30.97375638375946
21,na,38.1731183179146,34.623964174766
22,na,43.07098776125238,37.40810892535542
23,na,47.81824747765363,47.47330929451194
24,na,32.858367056275966,26.650227061809286
25,na,39.01091317644872,18.578596187283143
26,na,25.036507842893105,36.009453754296324
27,na,63.12973079423887,32.09045460239992
28,na,137.0943917489372,36.897296007635425
29,na,39.68218830456149,32.828608189246
30,na,35.293770379717415,41.68658444666462
31,na,13.46728211042349,21.507055980475673
32,na,41.15767972066894,11.142134009854487
33,na,137.0943917489372,51.196002325065265
34,na,54.4819638226636,33.98525618346451
35,na,43.250612892554635,33.891799946293546
36,na,137.0943917489372,35.57412181888268
37,na,33.354080413481555,20.487865992802366
38,na,35.78075100263836,40.843591159424385
39,na,46.13535820550989,69.9381332670665
40,na,21.266486994816216,34.76990419972012
41,na,35.028116999632296,46.30066944465972
42,na,3.537898899749733,5.76375800431116
43,na,9.542386568992422,58.1533151241455
44,na,43.37434422665475,55.228325642760126
45,na,35.46671752166721,33.770796566844446
46,na,40.87367250364233,37.04906661244464
47,na,70.45784292795194,64.50957703618843
48,na,32.12776116509816,21.209489708997
49,na,47.340689569957874,34.695570402531715
50,na,21.659914162092544,122.13655375890632
51,na,44.84635700334716,122.13655375890632
52,na,27.71284968347494,39.06094874094984
53,na,39.67319252693683,39.31821687088103
54,na,11.884656341358728,20.880037383629492
55,na,35.10514304104185,29.51485452263895
56,na,19.753803482554744,40.718113083503965
57,na,40.29733652378652,42.509827245653604
58,na,53.56066690885533,122.13655375890632
59,na,0.922489420155117,1.9303284202394955
60,na,137.0943917489372,34.63190363618878
61,na,38.46996252167796,47.5286509392514
62,na,62.119956261285125,30.745101284803656
63,na,29.25314137976779,56.403036498670645
64,na,28.82866485234519,26.73742070287506
65,na,35.64810143898496,80.74433614768397
66,na,34.585933669424655,45.42009985202436
67,na,42.447874953762046,50.944512703231794
68,na,29.515608539100135,49.53071376948852
69,na,53.431994782245965,38.685466289675624
70,na,30.692037519032358,69.9374994701814
71,na,63.647388476803904,54.542770906451814
72,na,20.45230996629913,22.24902956790752
73,na,50.08504438208686,70.71285496326273
74,na,67.50310687970548,65.88376187704898
75,na,36.82642464948136,41.884214357750025
76,na,137.0943917489372,53.10185743797073
77,na,43.16686500193819,40.01035576191462
78,na,32.91431083844381,39.14688306570789
79,na,26.413564727939082,43.17438771406485
80,na,29.35511592275497,48.38396546311911
81,na,54.17634452223063,83.33350352864986
82,na,36.627506581831526,37.80362526782951
83,na,17.722737508608148,41.461780486353504
84,na,37.23525325906992,88.86207035778297
85,na,11.780713836123697,19.682860871617454
86,na,45.353427388217916,57.83958022540984
87,na,47.68819271546571,8.229590882229415
88,na,38.81948948540498,41.77849386950535
89,na,28.85450169289986,38.404570375570586
90,na,26.63639136407452,58.776883428231805
91,na,49.07489985179126,38.038267240893894
92,na,35.06453825424124,70.44347061037493
93,na,26.476780344160428,79.46702744453056
94,na,61.02568422682285,72.46858726753713
95,na,26.762047019548696,43.18136609817244
96,na,29.423783808762373,58.20157716626944
97,na,36.003207385101724,19.203551639103498
98,na,59.23179775380457,41.91994015740155
99,na,43.56079566485887,18.81798792164951
100,na,137.0943917489372,34.80481864579578
101,na,19.66247525117506,36.70561613021376
102,na,28.969640259659744,32.50029958907466
103,na,69.41705108201235,35.18226392875555
104,na,48.41123364951831,25.360296601726763
105,na,40.84392171189693,24.662608906714503
106,na,15.646953582477302,36.90888965697633
107,na,67.23637925590165,49.28780562178748
108,na,137.0943917489372,59.03849516763402
109,na,31.051947927932037,38.3100242815955
110,na,137.0943917489372,60.53841667471631
111,na,28.697827409760883,36.64247740385224
112,na,27.73541722504634,47.18650806194099
113,na,57.84264378986716,53.83457817392796
114,na,5.134335247218925,0.9762345538003894
115,na,51.17173971113213,45.30432091789125
116,na,60.1657675228892,31.870513481756856
117,na,52.27201218279966,64.61511520188378
118,na,23.363915682088965,27.559484066853802
119,na,27.5317809610133,42.389459362626965
120,na,57.30360263480728,25.58498157321705
121,na,64.41565191434357,35.978920275818844
122,na,27.01957842451991,122.13655375890632
123,na,22.629254442804516,27.42481790104438
124,na,27.101036660801274,22.56967251277347
125,na,34.157564459329635,44.595778216719154
126,na,51.28248361940687,28.59600488601008
127,na,43.21551837479077,43.972029499685135
128,na,33.72888195410843,24.953724211334098
129,na,78.69291821913365,26.020738239069818
130,na,14.417447597964808,48.17465256983258
131,na,46.436180191040314,122.13655375890632
132,na,29.77886473563976,48.02142711030232
133,na,36.43317377756686,41.6054217265988
134,na,61.49932603286074,50.38610266718485
135,na,44.30179825059996,43.30991816794021
136,na,29.948736775230707,25.872846989567744
137,na,41.84747878611212,122.13655375890632
138,na,26.50060721148019,32.15893829965392
139,na,46.33403991708798,16.111302570539692
140,na,81.51651050174247,48.952631824596246
141,na,35.62047161387278,35.22577573557649
142,na,47.17520491883768,33.595948916565625
143,na,56.30298633449679,54.82313867472847
144,na,46.5985875353129,45.37795873235633
145,na,30.582598980592753,12.712345573653307
146,na,48.93371232735477,35.267521592158666
147,na,45.78970728327365,64.82818662238685
148,na,39.25426085779614,41.60176643686585
149,na,47.3803776328427,46.74124605524599
150,na,19.390084477561892,40.85466103337317
151,na,29.709406011838382,41.342084323427756
152,na,55.775689275683874,28.27901753816665
153,na,41.45805099231469,25.344005764247665
154,na,20.121518400620424,39.84974648110769
155,na,46.62231451354269,39.126173013395906
156,na,26.079667040864365,122.13655375890632
157,na,69.15380030884769,40.22201140574747
158,na,38.89590595475191,25.79503177981472
159,na,35.95236565527024,14.550398596081049
160,na,60.77348293904537,80.218356667567
161,na,23.813686503303565,51.44596574336711
162,na,23.67313660167347,35.489392154436324
163,na,137.0943917489372,45.952704771867126
164,na,14.03500764467769,39.17531746860791
165,na,41.81056638473219,122.13655375890632
166,na,34.962633618310576,49.72890151666256
167,na,66.0099619077005,51.71987371420287
168,na,38.12937747849795,26.49574072209859
169,na,137.0943917489372,68.38323555420612
170,na,6.621546281608755,122.13655375890632
171,na,29.613309292333764,24.974779920984
172,na,0,0
173,na,33.84028308647997,53.2419231430307
174,na,42.92606400807754,122.13655375890632
175,na,29.5949110920261,78.6944618567346
176,na,39.01985380750937,48.718843288892856
177,na,16.052062725474876,51.71000414643697
178,na,34.17041572911135,22.390955798765795
179,na,59.80854559180548,20.90853869516269
180,na,38.847265981563936,52.9734981270784
181,na,23.290282523574884,83.72791701705454
182,na,12.719166072311356,27.74307493525029
183,na,30.168173407678353,39.00974664067418
184,na,19.89941196681512,37.77394967581203
185,na,40.38967850721511,30.960188691784957
186,na,38.72563560931838,18.144393686596185
187,na,38.42950249779393,20.347067925273784
188,na,29.336537424080866,43.07719215405451
189,na,29.534468972694622,26.39043347318277
190,na,43.04365368661373,51.93023481726166
191,na,137.0943917489372,32.29540818111941
192,na,34.93979425771928,54.41130298329415
193,na,34.36584417040616,33.58245895402786
194,na,40.873298882152305,28.76259776505841
195,na,4.097175482424417,25.096529344033307
196,na,7.931736511765849,46.565685270000735
197,na,16.363805575901285,56.05031767131649
198,na,50.10286757639227,25.665919059718604
199,na,45.28830716867039,122.13655375890632
200,na,26.743053865171802,35.06208717102892
201,na,24.999550444555084,28.66339137587212
202,na,56.156302908503186,47.2820998454025
203,na,49.3813224292893,31.277903691433355
204,na,33.455638342350134,122.13655375890632
205,na,17.10415267384118,14.44895729464003
206,na,29.228133150814337,39.5701998854018
207,na,20.464664957830326,39.97368391974375
208,na,34.71337512039379,38.58930265806637
209,na,19.698262874203348,26.14305518848797
210,na,20.749572247342183,122.13655375890632
211,na,48.47243446703753,41.18507271489594
212,na,35.22928348663978,42.869987393606486
213,na,26.269362122540812,41.79029752617683
214,na,22.86261979080509,32.05323203537023
215,na,31.58558699992179,26.361875330528076
216,na,38.43406250232535,42.45177134842071
217,na,26.441672057018422,35.604468449109895
218,na,42.542580002433354,32.09061739670524
219,na,70.56642471743304,122.13655375890632
220,na,18.651309021182374,16.030262638275936
221,na,43.68039907195342,14.727545246169546
222,na,48.261668519166285,84.37441225795678
223,na,28.932755382877794,66.88080017555286
224,na,51.44998069415699,28.355786316891052
225,na,35.5295113470546,122.13655375890632
226,na,62.98117864787287,41.00480974600604
227,na,53.52423315264423,29.2338702235169
228,na,27.899494139825887,52.38592472768595
229,na,30.212554769056414,35.68526414885271
230,na,68.36898465486291,29.073450665952894
231,na,24.124489171114405,30.61058170993263
232,na,75.46128703629736,22.515666168664193
233,na,62.34011483536016,23.532371801603755
234,na,51.87234890311028,122.13655375890632
235,na,11.67078976967761,4.666478921449117
236,na,56.37867516728754,122.13655375890632
237,na,41.229343576757074,58.161940437942775
238,na,14.95776544008558,31.257465508154716
239,na,32.30885661734854,25.38416885386882
240,na,33.08130660263969,19.280513462329584
241,na,49.164685334972724,55.877874775947305
242,na,29.959316545378826,29.342967142748638
243,na,137.0943917489372,34.309327222380716
244,na,137.0943917489372,34.161366825699155
245,na,26.504243564425096,24.29195040425798
246,na,11.475410402351061,49.64330362771631
247,na,61.47849439132947,28.046053338207212
248,na,69.29901378116678,48.54023489616345
249,na,36.72645182933258,62.00094445664793
250,na,23.85092324277466,11.866917850987361
251,na,28.80210846895302,93.9888383363196
252,na,43.21679402939696,38.2344732767007
253,na,53.21774103148536,46.8957711090063
254,na,40.20244158523521,22.494701982518258
255,na,30.414340616825715,43.47043941110082
256,na,24.860863259145546,42.55989810977691
257,na,18.96591875022924,57.454047459030875
258,na,40.356767748055354,82.49103863848033
259,na,10.208917607789092,36.71212500680444
260,na,48.2997889786514,42.82042836309415
261,na,58.90582088207695,21.734589945940446
262,na,137.0943917489372,1.4429982147197313
263,na,44.25615172503334,80.71605719043676
264,na,39.88605423231779,44.98509621262314
265,na,41.237174921656035,45.57316822548791
266,na,37.45178885745705,32.837133758408164
267,na,26.42158735518391,38.51717533846146
268,na,137.0943917489372,25.45000819718272
269,na,36.2614527527318,28.78019510156078
270,na,30.92576183828801,29.963808723033754
271,na,36.453138440768164,23.497549728395327
272,na,42.04482996933919,36.94614353624633
273,na,137.0943917489372,49.99739140864378
274,na,48.28403254428371,39.28174464882581
275,na,26.222274926136997,43.23403022997041
276,na,15.683182395856495,39.365589017498934
277,na,36.73886857197196,45.13280861975809
278,na,18.129293666313195,27.684945352775525
279,na,43.38856128424584,122.13655375890632
280,na,36.208222674284535,122.13655375890632
281,na,73.16780967244064,25.09446173034667
282,na,42.522811658949934,19.460263209968318
283,na,55.75281419841265,35.54474107094293
284,na,37.31974943145132,46.062462379021675
285,na,57.5610743739878,41.07562350590586
286,na,23.300036690925868,31.561341529653465
287,na,60.44415634090883,43.57093551653046
288,na,4.312691919692919,14.939293954380362
289,na,45.35936861215255,39.70596759224523
290,na,47.443271621913226,34.97934487530341
291,na,10.693662630078558,64.40302608594847
292,na,39.34350599333557,31.463331699402943
293,na,36.90569193642805,25.792561647187647
294,na,32.2532828212378,47.60297891573095
295,na,51.74684287965956,122.13655375890632
296,na,42.18807319490326,18.342107575082025
297,na,137.0943917489372,15.101137985282103
298,na,44.799808083202315,39.89453527656733
299,na,40.61444832533502,39.60356082692427
300,na,28.469637539420155,27.498917158414535
301,na,34.1696276182588,46.5054568330395
302,na,41.48259734937795,44.87710870403401
303,na,32.36625842237381,62.46326946268871
304,na,27.99289610455517,24.589361393724815
305,na,137.0943917489372,122.13655375890632
306,na,137.0943917489372,34.19885995932986
307,na,27.69676495999612,33.59525819996618
308,na,42.665785116124056,21.678472462170586
309,na,35.022642079254794,53.285731772304864
310,na,26.464880603362552,54.485682074848995
311,na,53.35307760136686,33.55376943279034
312,na,36.51989832970141,38.94649800017819
313,na,64.46405456465668,122.13655375890632
314,na,5.979348780117753,46.59145256643282
315,na,34.58689788988,69.0220891764141
316,na,0,0
317,na,137.0943917489372,41.111926009163675
318,na,48.381339052735605,21.124401493312046
319,na,32.04752327701828,33.482546615193215
320,na,43.106261510105206,61.89034006824667
321,na,50.14727922183754,41.29830922571589
322,na,40.66025653859361,56.5938920980315
323,na,57.65391477112408,59.522505419141034
324,na,137.0943917489372,41.84656372160882
325,na,31.05304694212622,36.46745109346699
326,na,137.0943917489372,122.13655375890632
327,na,55.6475298017666,46.79818399594258
328,na,42.74775329734288,66.01545579687746
329,na,64.86277296271781,53.64640328237315
330,na,10.110279577461203,40.76530173042177
331,na,61.67769627380404,122.13655375890632
332,na,44.645109061653415,29.580622576386943
333,na,29.170784170091128,18.246284802112516
334,na,17.594274743263714,26.818276291967468
335,na,57.15468336504714,8.885371692798358
336,na,41.320540817441376,30.73742058321792
337,na,45.799218769579106,35.074803343867245
338,na,33.13094448033283,36.16767768633415
339,na,26.19333687990657,66.83005867304324
340,na,46.159888700529116,68.51336422928178
341,na,0.06360920873935501,10.165979487808553
342,na,55.12159555978488,43.46803212018843
343,na,28.841253088206706,33.679228702557545
344,na,43.01199067826312,81.465120308029
345,na,39.03031991295057,39.674544280470215
346,na,21.036273092387194,39.4186551415375
347,na,39.41637066335765,37.39237144105707
348,na,50.12081178568957,36.934004520771225
349,na,35.56082171473195,33.60476063079851
350,na,37.44340700252389,52.86604404438361
351,na,23.190268411346537,35.1982310989112
352,na,137.0943917489372,11.794751859690248
353,na,22.550472485063786,36.84633760580237
354,na,137.0943917489372,29.070740173602694
355,na,19.801271845843626,56.318276185615254
356,na,27.713103424651976,25.726328621577018
357,na,59.56432364749484,39.1288967380291
358,na,46.88270567981427,34.11450342614874
359,na,49.02080836571663,43.1991682690871
360,na,36.741855837484536,122.13655375890632
361,na,30.392204241745443,33.17825308229433
362,na,20.05348550102779,25.15256914257525
363,na,59.943406829588135,17.02759605535787
364,na,40.84174609033911,39.80724756047837
365,na,34.87941602225836,26.23936871009138
366,na,48.757744045655684,49.9771062630173
367,na,44.74366867942488,27.904223114697423
368,na,23.86176958229251,52.75821558961348
369,na,19.799602716161935,35.29555916300038
370,na,12.28314843787138,84.36405063150926
371,na,42.23044221788211,122.13655375890632
372,na,28.739850560408886,12.876414698527439
373,na,21.415463343982086,47.268946437173355
374,na,24.196304273180537,33.87331992129219
375,na,25.52377912835103,44.73879574654119
376,na,27.32823871354721,25.48947863518881
377,na,46.93801165728154,38.96088725333196
378,na,26.326061214622584,28.90313225212022
379,na,40.26823121728668,38.40461990742897
380,na,14.90860310990214,33.680642962522626
381,na,137.0943917489372,25.54961785762448
382,na,26.36444119340406,36.256831466309016
383,na,14.342386666322968,11.104634013768765
384,na,26.98157626583503,24.455720134295987
385,na,20.20709450023214,22.863243261099516
386,na,37.3939419694867,30.031246867787324
387,na,137.0943917489372,44.74660625752846
388,na,41.52399985741705,39.535060386349
389,na,27.26693202535061,35.43828300082483
390,na,34.511303374360025,54.89651331145596
391,na,16.430838680118377,26.664649099720165
392,na,36.51710219205424,30.797031172039368
393,na,11.18448062015087,28.717337768577643
394,na,64.45505461619278,20.52536698815603
395,na,47.29978261943828,34.54752093917994
396,na,42.9771200051384,38.15911906644152
397,na,51.92537479421558,79.60444785868705
398,na,137.0943917489372,43.92363105083686
399,na,26.70665458499214,43.29138509354227
400,na,40.38336499247428,31.377798121832548
401,na,137.0943917489372,24.28154121523466
402,na,22.011982984467494,29.780338682524384
403,na,21.958290494598927,47.83541618048799
404,na,58.966129554013506,23.48683301011167
405,na,29.005619192485156,10.631332815342034
406,na,137.0943917489372,56.13974790403866
407,na,137.0943917489372,40.75923968242278
408,na,49.95432672398675,16.713897078572028
409,na,28.58434744989061,43.750077546734005
410,na,52.20738170287318,29.959993293543068
411,na,55.48079287516663,57.93191646634108
412,na,62.92756794660012,39.746481806028726
413,na,64.90834806439251,69.49019584770656
414,na,66.4866324768723,50.0504200165282
415,na,137.0943917489372,41.52734416249035
416,na,40.35212824338325,15.771309072006828
417,na,14.376326480294932,66.66468211641748
418,na,137.0943917489372,23.3942966367201
419,na,137.0943917489372,34.66424589840826
420,na,29.24976399920033,18.010418018548133
421,na,33.046725207151056,29.63509709395129
422,na,34.24770561412771,62.95126494846343
423,na,62.03912680710372,17.985173888443647
424,na,29.83198452830118,52.95666808979666
425,na,137.0943917489372,36.80189436123244
426,na,39.359153658619235,47.20972988984959
427,na,35.73166189902518,29.95172733926106
428,na,22.990447237510892,56.81337697060081
429,na,29.946553749044654,52.11964389440602
430,na,19.97467931920355,54.73614290044234
431,na,58.09850855188943,41.89057911155698
432,na,55.819535605874755,25.538773993908386
433,na,28.56088182518518,45.3844953075078
434,na,28.09814001715152,32.95365054115224
435,na,47.21250974357686,22.319490478012778
436,na,24.99374424691897,50.61369581298921
437,na,25.888604672694687,122.13655375890632
438,na,32.519100558954,18.00280252635837
439,na,46.74352476705714,16.146080246486616
440,na,26.14870903246902,31.715262386126224
441,na,39.03956160627344,39.591394239378296
442,na,49.88892295324225,22.35502280978801
443,na,38.55499438318815,25.804772023227848
444,na,52.12181493645005,27.931860154939404
445,na,33.65607073563479,4.88412180976335
446,na,35.31286464678581,56.776238577343044
447,na,6.049631345112001,1.7876133021699543
448,na,25.16355273135079,56.56916567669767
449,na,137.0943917489372,38.03996513143322
450,na,31.75661555581721,22.635172912454482
451,na,84.57511113085027,59.018349484916
452,na,43.83529025811446,48.03451376235033
453,na,32.22859666649948,33.80670973618872
454,na,30.6376863474119,17.805113914699
455,na,14.045853605828572,27.26293706184669
456,na,137.0943917489372,47.31110312828743
457,na,40.89694317563269,9.059100255703314
458,na,22.31581789375562,44.04113017175924
459,na,51.125246710750346,23.407836111779215
460,na,33.72530932282907,122.13655375890632
461,na,11.85979549556463,30.363423547152006
462,na,0.7455833596865894,7.4095580359796465
463,na,34.54158021898016,65.56053007110951
464,na,54.50612918104553,122.13655375890632
465,na,22.57199187645717,58.59293934728285
466,na,37.54881387543893,40.27448338504697
467,na,26.075720584056782,26.97647176867762
468,na,23.74016731250961,42.93445657655681
469,na,37.57813602515688,53.653257838861244
470,na,52.006983340353905,66.92773741643106
471,na,30.93604731835052,51.47862674258846
472,na,19.790093223857586,11.021945326342403
473,na,25.427750453794378,122.13655375890632
474,na,35.74862958585781,23.85229870785762
475,na,45.46751806672381,43.52659765102395
476,na,62.313187616576414,50.027421622587525
477,na,137.0943917489372,66.57371963678027
478,na,60.23066956948476,12.741831426535345
479,na,62.08234637806089,26.742252885758326
480,na,41.62163402000017,37.64075078410383
481,na,50.44615749046216,47.297707706714824
482,na,45.66660961121289,49.85215718216815
483,na,15.73851712223631,25.701598557062088
484,na,29.253027880576717,30.571378910136243
485,na,54.8381906541089,20.081435065902422
486,na,44.47733432907406,55.47831390118075
487,na,60.16750661114603,36.77435738943342
488,na,44.31505811928435,33.279814159750494
489,na,44.79302663171365,40.1265576453108
490,na,35.795929663664936,48.73280297420279
491,na,65.66034905239357,122.13655375890632
492,na,52.98623288692093,39.41423083788708
493,na,16.11067660190905,16.27486055375092
494,na,12.194158308856846,29.617752524721705
495,na,78.83032008017368,35.28142548460873
496,na,36.37432165881197,16.532165397756565
497,na,23.001535211895888,40.04187215184031
498,na,43.19347473986824,69.43854883800665
499,na,25.700510372825672,42.80196668176722
500,na,15.560426568710549,48.40865394130412
501,na,27.811799227468263,33.70080934872398
502,na,30.30298984802626,51.081656128247964
503,na,47.34708929383229,51.57308198681521
504,na,46.296149115033145,39.55271208632651
505,na,27.49178064617378,30.705530678281313
506,na,27.405598430345925,64.51731988768447
507,na,27.83873625862488,47.50631474958599
508,na,27.97916230623827,47.672415712475775
509,na,137.0943917489372,67.53205288306097
510,na,82.85624015747364,47.54005193776114
511,na,24.73912979813368,36.47320853704988
512,na,53.271772196028344,59.72178600252991
513,na,36.830531671340715,122.13655375890632
514,na,46.471124252974924,53.4044792668035
515,na,55.887580415785315,27.618214398646426
516,na,18.054392141750892,34.00282125514678
517,na,40.2337916959602,35.22390637585085
518,na,28.339194724409786,81.69012253247796
519,na,39.770067547288896,23.124370750519024
520,na,28.72930662382921,32.18455181141839
521,na,17.043671467846966,75.11860508944353
522,na,49.01982127090471,16.49455253107985
523,na,24.72570506058937,44.63504327086519
524,na,30.8823427186479,39.959297859090455
525,na,44.83836176206449,22.425400274889185
526,na,17.872583283778702,44.49817145268428
527,na,13.561917777810248,5.97883661651717
528,na,24.576194913098337,32.757675410366815
529,na,17.584196527336562,25.432458208166498
530,na,67.9517453698287,29.082847727310156
531,na,35.93964449681245,67.24180990053308
532,na,36.99428880416044,49.70330366055911
533,na,20.126353422927437,20.428685499755982
534,na,28.28767766874522,35.18755098818173
535,na,29.88115018420543,18.183513009972707
536,na,24.916669873000338,17.85761286262097
537,na,34.813711672106244,45.62462332320065
538,na,40.322558869911425,26.626315721545076
539,na,46.59438178753318,60.746271339166015
540,na,47.845074573337946,33.39855252127235
541,na,57.30812062862587,36.85313408796895
542,na,23.292123027445065,20.0838991096635
543,na,34.30495454819198,42.857338537686935
544,na,24.85189247458311,36.21299309892652
545,na,33.64444379725132,20.061069806065618
546,na,83.00044786444604,26.76718399492518
547,na,22.295069743353032,39.51835060518692
548,na,19.148101413924437,6.880326485273551
549,na,0.07816466073091789,17.93141252530561
550,na,36.59403698203773,38.70407300593499
551,na,36.65898865061746,31.5844028372688
552,na,62.256470077552336,33.37866488713844
553,na,17.30403190579973,36.37729285505611
554,na,25.375551851251767,25.27434880509073
555,na,33.36273491459439,14.813343760765969
556,na,30.783325804474913,35.54313884686474
557,na,19.953284587236904,36.2942557190529
558,na,38.51647213390512,29.54059961450831
559,na,16.372080388630675,43.64624889185149
560,na,39.10690798495991,30.56558365774986
561,na,44.50858681348131,41.03101573623954
562,na,137.0943917489372,34.79022002196888
563,na,43.70455574794791,49.913465629329345
564,na,57.4025828070257,36.217329269483145
565,na,52.111475773279885,55.733454184197896
566,na,56.33727035572324,39.35033144417751
567,na,24.88656950699763,36.13366639676715
568,na,32.597443372445184,69.86508898580311
569,na,25.658347733957438,39.67312502925297
570,na,56.7817289879683,40.81730116565096
571,na,29.692181308793106,38.03415176492519
572,na,65.6719867268079,49.16600647953784
573,na,67.10850325271473,49.852781372109035
574,na,31.219741251406315,26.059824721642766
575,na,54.7939509833122,24.538997125897218
576,na,7.560488479320708,24.51103440790176
577,na,40.64292972662272,41.72279085860499
578,na,32.882247726769265,43.88163384942638
579,na,34.785411446356086,57.55285684741256
580,na,137.0943917489372,30.825676116971472
581,na,54.051836195225476,48.078455855195415
582,na,26.042606130003584,63.032066628063426
583,na,30.24855395970652,17.68008212929954
584,na,1.7385657827428282,1.7253576999930975
585,na,23.63468132607036,26.459306869601473
586,na,16.665204587085594,56.984931150632626
587,na,4.748168800610878,42.19004128633986
588,na,40.59668460095653,47.842711950858686
589,na,9.378095514093413,35.52285799750802
590,na,27.769308417606243,11.558046456179639
591,na,137.0943917489372,52.866982634942566
592,na,137.0943917489372,49.742040015635034
593,na,48.36631338447042,17.050603840709094
594,na,32.754671946989895,39.7058316314013
595,na,137.0943917489372,53.035115936521535
596,na,52.84355348504228,32.77169227629884
597,na,53.91880022552071,27.447918738109834
598,na,30.201815220951183,37.91413222111502
599,na,41.14228647423226,37.288678313446916
600,na,54.80564701339392,25.946618511559468
601,na,23.464453774774988,10.545391643355616
602,na,24.60515193939958,65.78845571194294
603,na,46.57208123888883,45.294419435195046
604,na,23.34327923680001,53.950954182219434
605,na,20.49690837242334,33.85350471901575
606,na,12.3163713746238,46.34006160611445
607,na,19.66693222728137,33.77903099946901
608,na,39.08096110613265,40.55952218046878
609,na,68.00931153328564,44.14385340744279
610,na,38.519872833252585,40.48859042748121
611,na,50.626456383749286,46.67992626868446
612,na,68.00110007884804,38.065389505809456
613,na,26.059259840244227,16.1836013347634
614,na,47.40720389603239,51.17135143403718
615,na,31.040051882895487,26.661406768184946
616,na,15.34182103570998,15.38606758186573
617,na,40.08734409805995,54.79432077592993
618,na,47.53691688985545,53.349543135289565
619,na,24.056463063107024,22.80354018522567
620,na,25.080606787007046,77.68614683345791
621,na,49.87953536325412,55.735665848708805
622,na,21.171150908505126,65.18334299303594
623,na,28.83657537328896,43.00819638087614
624,na,39.5874444198016,73.56290945682606
625,na,37.96716032271203,19.44872610795343
626,na,28.41162020876581,24.245680402260774
627,na,38.36480570722249,23.03994027094497
628,na,29.000348051960604,122.13655375890632
629,na,137.0943917489372,48.11982331804665
630,na,44.08959279611821,103.10757931120646
631,na,51.22768029509947,34.43767049327725
632,na,35.6458084588492,35.06210730926679
633,na,36.19282153911714,11.89718610378153
634,na,137.0943917489372,53.77197645573221
635,na,19.97024393127992,44.92149811153261
636,na,137.0943917489372,28.229718074722587
637,na,32.65511769849188,18.99397313038
638,na,35.349065614513115,32.19458640759801
639,na,84.02435291412954,41.509720382647195
640,na,62.94713683886755,23.038904413674167
641,na,80.41325018752832,11.793375115913333
642,na,20.861116359017867,60.021534506517106
643,na,38.216991518951524,61.63215876658278
644,na,30.548029218678625,32.91716395434571
645,na,55.65667373264554,27.38479643944382
646,na,45.81426860709088,16.275664594342988
647,na,33.52766504228298,5.210014063795192
648,na,73.26238319797405,53.6344713064139
649,na,35.04950301017844,30.229960030432885
650,na,12.42042015918172,51.680080806572626
651,na,13.722233167810856,24.983716486017364
652,na,13.067774140534256,13.863037000519494
653,na,42.20649447136453,43.50113893416233
654,na,86.04913982186466,67.65124079432803
655,na,25.331662454196028,45.09141121064525
656,na,137.0943917489372,36.247151793995826
657,na,38.03975642232125,19.599157352191465
658,na,55.73904353833181,74.8825268842181
659,na,32.844569806193945,23.321833955705696
660,na,137.0943917489372,43.47426272094105
661,na,0.11600937443989495,1.2650933133477062
662,na,15.222926777293514,26.236400001004906
663,na,28.639182496217956,16.446954894422305
664,na,2.2599161831172485,11.941562143367939
665,na,33.59887342238231,70.13440014395182
666,na,40.91765041359521,11.563100164648166
667,na,53.369248239560164,57.31805458287061
668,na,137.0943917489372,73.09013426478987
669,na,39.75234716620136,24.050556196845296
670,na,137.0943917489372,34.70465837771073
671,na,63.498384715546855,39.91717543027957
672,na,25.257326303911665,27.550662745754916
673,na,22.596195857073496,32.88959265540791
674,na,23.517927680617852,22.914280816918087
675,na,31.29383866141941,38.848081623149795
676,na,72.98593131267684,122.13655375890632
677,na,39.549292402827646,76.28052285977185
678,na,15.153526568156485,39.23562002840501
679,na,37.44349061632745,17.540876995845334
680,na,52.77079191160288,46.39195387244755
681,na,41.78867321809484,43.447487445551474
682,na,24.14695475247344,32.60193227037528
683,na,49.17508960393736,35.9104766527711
684,na,37.45180350867673,61.79567269321068
685,na,17.82739195130057,26.58981993936382
686,na,20.569926543815214,31.236744796116696
687,na,137.0943917489372,84.06183813680354
688,na,42.11811135350868,39.60590466421543
689,na,137.0943917489372,24.982065371100582
690,na,31.544167629615885,65.60226137999071
691,na,27.275697242308745,41.169049977888555
692,na,29.56889219315183,20.415505461165314
693,na,29.674531492635776,36.54223323264273
694,na,56.000331200374454,38.263125271363776
695,na,10.13359943633272,29.874197580960107
696,na,65.98008855684913,49.20339640516461
697,na,67.52107766041196,13.908284612847531
698,na,29.711017410074007,33.58149702688662
699,na,16.211185578437103,45.05330377790959
700,na,35.99067649754686,28.12984178267064
701,na,28.32462530788759,77.59899318100024
702,na,137.0943917489372,56.01691355705205
703,na,30.030094534594483,39.25682274540415
704,na,65.12673774477697,22.530654196747438
705,na,36.22660252505773,24.26767470758939
706,na,31.981779546176533,18.796609723984343
707,na,50.66410568892545,56.3653168170464
708,na,50.541664048306274,54.25374963485446
709,na,83.83042671579634,28.888065331546972
710,na,1.3823923844703492,20.50582399872654
711,na,24.898700020756017,33.23386198581346
712,na,42.19904017225841,31.61941816752649
713,na,28.55447598243828,35.885420488586206
714,na,24.77759716764191,32.156073059167845
715,na,31.074655063612955,73.24244663227235
716,na,49.39940814469818,58.41089219047481
717,na,137.0943917489372,6.634923740440683
718,na,3.9792875210517886,30.088159050519014
719,na,21.04701276346208,23.03208502924636
720,na,43.75752095564098,38.702117464543335
721,na,137.0943917489372,38.0997206936392
722,na,38.371189301506256,30.995847631173454
723,na,45.82096840310644,24.29779472205429
724,na,28.43483738434701,38.191343406187244
725,na,17.236142539649443,3.897985750384791
726,na,49.7602770776005,75.08955993876752
727,na,51.67252688992507,30.567045280957625
728,na,137.0943917489372,31.00068685219351
729,na,41.87727286132821,34.77133777201563
730,na,47.00302688667794,28.48261613848694
731,na,22.811521552491662,42.94919967418555
732,na,44.05964128083946,65.80745772976532
733,na,53.01227431219189,69.25007540301611
734,na,54.88419645158528,36.30136694572687
735,na,27.28912709563298,51.053354415712924
736,na,39.47402255980351,26.901211114125495
737,na,33.532152381865,31.162008860616506
738,na,14.335162193238364,122.13655375890632
739,na,137.0943917489372,36.550037659643145
740,na,14.78214158798832,32.652747401566735
741,na,46.633515466427184,44.5104572517816
742,na,40.348039567395666,50.13221816315172
743,na,31.499447979963506,58.921814448150116
744,na,20.188804313062413,8.520478246643277
745,na,40.49165944633995,63.721993888163325
746,na,37.794285561452746,82.25537547027993
747,na,32.84905018165992,39.97707807864343
748,na,137.0943917489372,26.750348088539962
749,na,56.067971370905845,36.03644738828779
750,na,0,0
751,na,41.47461794342917,44.133342483875644
752,na,10.01456040034973,37.28256902775638
753,na,35.40115947639298,68.29238225821733
754,na,46.7898206956432,51.56154431734761
755,na,20.386167969607385,64.31039354128768
756,na,22.907281643209245,22.054821233846088
757,na,36.12068908243997,29.997981157864714
758,na,40.649878442681825,38.07741487922488
759,na,34.85850490120964,1.6190793773573593
760,na,36.373767540530075,65.6820402582822
761,na,21.79552043829014,50.49554146825577
762,na,51.97507964164749,16.181614978671522
763,na,34.129976054830145,25.549416510962192
764,na,6.90476607180094,6.332150375417106
765,na,36.033957460633076,18.303313915641304
766,na,47.25488485794303,32.925032922143934
767,na,26.152124195988417,32.981305769247626
768,na,17.322483731674854,48.37233488601575
769,na,49.578279682790246,41.35158007090704
770,na,37.77891204232897,122.13655375890632
771,na,41.00874390996308,122.13655375890632
772,na,15.936543663364498,24.80852535075279
773,na,22.888989669919308,14.05922248257441
774,na,137.0943917489372,36.38858687707696
775,na,40.09943199945324,30.929598760607178
776,na,23.433875920671408,27.949769675433423
777,na,137.0943917489372,45.26853524543114
778,na,20.517059203291097,122.13655375890632
779,na,10.631059552570393,122.13655375890632
780,na,18.277335610238318,30.00333885828041
781,na,22.853041095655783,20.564739742587513
782,na,33.718607169154346,42.983611872799315
783,na,36.457142496130736,47.640356540671895
784,na,26.891254735020105,54.25126552701581
785,na,50.84064402834665,76.65538332072336
786,na,39.72259947864488,30.580178812229853
787,na,62.81501378347898,42.60454770334528
788,na,3.6305182763815873,12.5535858993953
789,na,20.664931938899507,52.88725584861862
790,na,44.727984734941856,32.245368052010924
791,na,9.004836468619487,33.46806369342838
792,na,18.75422619020282,40.61148732631937
793,na,30.61727216453455,66.23032388789512
794,na,33.07598965830237,19.576893362794017
795,na,38.88219802467207,38.48667454500992
796,na,27.820658135066616,17.497362917441023
797,na,47.04678779056844,53.38494668977174
798,na,137.0943917489372,4.472882283004041
799,na,46.95477297745642,66.0320281108385
800,na,46.93611951324464,29.83821186058336
801,na,11.338962155706257,33.64453150468907
802,na,29.999750940609275,20.97430055408274
803,na,34.71754620015635,34.283109840166375
804,na,24.305978341341927,29.99104116136197
805,na,22.24477043855246,33.69436850117258
806,na,43.90550608621912,57.057791990462256
807,na,29.851449669611043,39.46967449531329
808,na,11.891497773759047,31.295934115053896
809,na,54.53940800410081,33.84805575254283
810,na,137.0943917489372,31.94151533752414
811,na,41.01776728239456,35.91988402268071
812,na,33.374251081515105,60.99328769615293
813,na,29.711760911932164,37.5679701979819
814,na,30.178303514773667,55.38725945626135
815,na,56.72737980957472,23.78517489229152
816,na,37.46502906949599,28.272779606392376
817,na,28.875438647727602,37.253329700772284
818,na,137.0943917489372,122.13655375890632
819,na,25.344744008702346,51.00058258146442
820,na,45.01496166043414,34.4120325708763
821,na,137.0943917489372,70.98734924223274
822,na,55.13236985058633,33.71506882495417
823,na,37.24633894491163,48.38193062715468
824,na,65.63693828491458,36.53475680706532
825,na,137.0943917489372,42.81170258009202
826,na,19.37869526979234,63.7223149919957
827,na,5.8573237003683705,15.403793000557249
828,na,36.99008060644102,54.58427582604434
829,na,43.970883088216915,10.78775167522207
830,na,38.33852134141438,122.13655375890632
831,na,37.69985346386367,42.142358658543
832,na,35.14233248904203,40.62858899171998
833,na,33.39180574122357,62.6991581360387
834,na,46.10694490558744,49.67153268297712
835,na,137.0943917489372,122.13655375890632
836,na,35.0291350297887,36.50654207294685
837,na,42.92370737089607,58.12184784877151
838,na,58.824869491819335,21.64510915214679
839,na,50.398988000864264,63.302369482916625
840,na,16.328973292596455,22.318896143255696
841,na,26.240604113489006,32.006066846786084
842,na,44.99348234290731,39.35410386073935
843,na,25.933319385900834,28.08281041463526
844,na,58.07388477199074,61.42032352352058
845,na,32.649777173764214,44.91595443879603
846,na,137.0943917489372,32.338234732018805
847,na,43.385996778314706,42.25512143990235
848,na,35.43106556647365,33.27379841619448
849,na,3.4231333146642333,43.362231457882714
850,na,44.746236859157044,14.905297444119983
851,na,46.36401196287052,51.630366036400325
852,na,27.609143397860294,11.928686003946085
853,na,33.88471360363318,13.918973012989083
854,na,30.818638804804664,52.9316470457813
855,na,37.01173836461509,18.939466210069344
856,na,75.63240980434952,42.63331942423623
857,na,59.51346845335389,29.82613090026461
858,na,36.55451895035355,37.299081365110126
859,na,53.60656966715036,40.531696288354695
860,na,37.68610036682727,7.709125499605571
861,na,47.00234160495074,22.276691972522705
862,na,13.701182110774068,36.96020543246576
863,na,49.994256322248425,39.875464453705895
864,na,51.62120026206046,66.31244751197391
865,na,30.803604642878902,27.672565323879656
866,na,45.18036974775046,66.52614537814557
867,na,35.05724618089287,37.82701362848216
868,na,1.0839180218315287,5.764866702232367
869,na,137.0943917489372,21.96942760300532
870,na,36.739277220222476,37.19082629352314
871,na,50.64190100784034,48.79298559901623
872,na,0,0
873,na,22.804045479803612,45.73720734286227
874,na,33.82665208917504,44.746626703158434
875,na,22.992788072533635,122.13655375890632
876,na,23.654561475033272,49.63142698555799
877,na,28.941722419745417,32.082421723543575
878,na,19.644050862856577,38.53106690259833
879,na,34.290801614736125,51.313688017201166
880,na,16.741693586396668,53.02629815501541
881,na,68.76634592928944,19.203614123399017
882,na,71.22531333445555,42.64156165674871
883,na,19.941080827725546,41.73399867693947
884,na,36.52340875775967,25.920756111643033
885,na,64.41942881110575,30.58735870161311
886,na,36.335481172474815,122.13655375890632
887,na,50.0296462239671,60.283857643516015
888,na,6.142654471653524,9.028828066848025
889,na,49.573953250933755,38.20674869144678
890,na,36.07873787749892,32.35967722086851
891,na,46.100471307223714,15.337289421492638
892,na,48.567513632134784,68.50485027794527
893,na,48.43764021821215,25.24928062229132
894,na,49.06212523979714,49.052512679952066
895,na,57.532899586376004,46.03810341914344
896,na,46.32044061090414,27.5813542620947
897,na,55.76987670386887,34.11617668727501
898,na,42.10223301606737,39.88307761661674
899,na,46.85369368388057,64.6021686199138
900,na,23.510908182025442,25.840397088076326
901,na,48.38805359400069,38.07946110137684
902,na,41.0425909123351,49.67263383513471
903,na,47.24056216744241,36.077337639401605
904,na,29.98142641715782,72.31675386746225
905,na,30.011182854846894,34.66847755055949
906,na,137.0943917489372,60.53867580459784
907,na,45.16012675790805,18.008512931216885
908,na,35.152637044840844,43.11247487375414
909,na,61.48050343946566,40.383669911993195
910,na,29.80295870884605,28.585278633916644
911,na,71.70545169246742,40.05854588133992
912,na,58.026105226543734,39.18491665050634
913,na,14.363551382670622,85.00071158245909
914,na,4.771785885796743,30.055756620063633
915,na,77.71356128339332,67.19693506261159
916,na,5.104052087166794,37.98809844289156
917,na,11.227229362823278,40.69577101451237
918,na,46.93038354578906,57.777548974775456
919,na,56.747111369171186,16.834976160101718
920,na,137.0943917489372,122.13655375890632
921,na,44.29773946997743,32.75661935359909
922,na,39.334114990654065,40.601975386468965
923,na,67.0964205307945,17.55289409401459
924,na,54.50466231993423,17.256379165232246
925,na,70.912951911693,43.630887481161956
926,na,36.4992089175365,43.46759254382518
927,na,28.84687920726277,30.299736618847813
928,na,45.486739665960904,5.182093083111821
929,na,55.70550755819424,33.567250772007824
930,na,33.322951588916595,22.274549877254724
931,na,55.926751153517,38.7579236542546
932,na,46.63254539365996,27.575002570077952
933,na,36.35105084993302,122.13655375890632
934,na,137.0943917489372,51.736265820053944
935,na,43.49544119259367,36.88962009017699
936,na,21.36255826233844,32.34805888180031
937,na,54.20375653844042,122.13655375890632
938,na,16.939466802284304,56.043196126138774
939,na,77.868643311396,122.13655375890632
940,na,20.837189610556976,27.231069918126668
941,na,38.519834898188265,4.672190637222224
942,na,30.45163312056063,36.343190496164375
943,na,46.921833759087626,31.667967791693773
944,na,25.076486800989738,29.75159782582867
945,na,37.32668377853559,46.875751599183616
946,na,14.193773072350812,54.690096440760954
947,na,42.50177212911964,23.056663896284146
948,na,75.29504696859492,15.647400601254777
949,na,22.1037790417352,31.897176427086823
950,na,30.568313587243566,27.888808272276794
951,na,137.0943917489372,70.6016288403456
952,na,52.638018592210344,11.897053729807796
953,na,18.01372951755533,68.64421432271396
954,na,137.0943917489372,20.295100007233287
955,na,45.8959366954391,44.59478796055454
956,na,44.70709515255427,42.8500725607407
957,na,40.003529852259,39.49444650194324
958,na,39.214301881664106,44.02192657577111
959,na,42.12969495503804,71.15183397872701
960,na,30.168094810525155,86.04554941800723
961,na,137.0943917489372,39.6330405845876
962,na,61.168687557951436,45.0577131616463
963,na,137.0943917489372,54.74606387907184
964,na,50.665712846714364,43.087232294410065
965,na,30.552101987123557,26.695116207152807
966,na,52.293204533225946,32.72833978742574
967,na,18.369759966000743,51.592172048565985
968,na,24.817540570637167,45.77765003344718
969,na,137.0943917489372,122.13655375890632
970,na,27.254370427325725,19.3011161298606
971,na,33.26258781739364,36.783130531381225
972,na,47.07545309425606,28.948271979089746
973,na,28.10151973382407,49.3063036808166
974,na,49.532069600102325,47.11121499932579
975,na,48.34010975435265,39.412979587933684
976,na,137.0943917489372,53.804743273784744
977,na,61.32675951011361,43.01122670628446
978,na,42.67483837772058,18.614329761898656
979,na,41.90477540698045,63.34622218394473
980,na,21.89889206723986,39.56133072315105
981,na,25.61870292730836,26.071503320039596
982,na,15.786671047082338,24.589593040829186
983,na,70.7989060675676,38.50841087790721
984,na,34.97518691894718,14.387329801959488
985,na,23.48363282965583,40.358629176964456
986,na,20.890364707120806,32.28684701207129
987,na,37.09586584055578,18.34650185853911
988,na,18.027506560010135,71.47207810327846
989,na,43.054201434148794,31.544511812251702
990,na,43.82265282772237,47.44454045620487
991,na,56.52565555177227,19.592209549236912
992,na,49.72051446434562,12.580271512178234
993,na,24.371470473467426,26.088021754283314
994,na,40.08855896596998,56.59126149318528
995,na,36.80751034779475,42.791097824638086
996,na,37.52619476813632,29.09661542964561
997,na,8.063125497101668,31.3464286333716
998,na,36.64342727304521,42.577034676784855
999,na,23.312699895877536,46.39481971854859
