node, assignment, time2inf_trt
0,ne_ni,55.60595590559481
1,ne_ni,1000
2,ne_ni,76.06810704613031
3,ne_ni,87.64030399772444
4,ne_ni,123.93378172561354
5,ne_ni,120.35072822786094
6,ne_ni,1000
7,ne_ni,131.18602385926434
8,ne_ni,79.8210744651087
9,ne_ni,94.04967666083057
10,ne_ni,1000
11,ne_ni,1000
12,ne_ni,17.137067572199314
13,ne_ni,45.978516911486665
14,ne_ni,97.1140597790192
15,ne_ni,81.71951214530755
16,ne_ni,133.755764840379
17,ne_ni,92.88395745346078
18,ne_ni,1000
19,ne_ni,1000
20,ne_ni,116.3674744947041
21,ne_ni,65.59565610940946
22,ne_ni,81.99752228531297
23,ne_ni,0
24,ne_ni,69.94710657323164
25,ne_ni,65.46228111459992
26,ne_ni,1000
27,ne_ni,121.18408492130374
28,ne_ni,1000
29,ne_ni,1000
30,ne_ni,1000
31,ne_ni,62.17012174242824
32,ne_ni,1000
33,ne_ni,1000
34,ne_ni,100.13727717458146
35,ne_ni,1000
36,ne_ni,108.31346885191593
37,ne_ni,120.3148732590913
38,ne_ni,1000
39,ne_ni,35.095988342808376
40,ne_ni,123.87796087163106
41,ne_ni,1000
42,ne_ni,127.47067261698619
43,ne_ni,103.72659653375203
44,ne_ni,66.1461352662274
45,ne_ni,58.863299405331404
46,ne_ni,119.39737142100041
47,ne_ni,43.032581322942164
48,ne_ni,89.51624235376755
49,ne_ni,91.8734347952351
50,ne_ni,1000
51,ne_ni,36.79741795396531
52,ne_ni,119.53701816161161
53,ne_ni,105.1078533623344
54,ne_ni,99.87360856484202
55,ne_ni,79.79823566590798
56,ne_ni,93.89083580381768
57,ne_ni,81.63103649113857
58,ne_ni,71.30381398091848
59,ne_ni,11.395011397606554
60,ne_ni,80.87123891309247
61,ne_ni,73.91140216781784
62,ne_ni,127.99065446946123
63,ne_ni,59.56875694796025
64,ne_ni,1000
65,ne_ni,11.79223004032005
66,ne_ni,113.12087882179985
67,ne_ni,122.67919345186635
68,ne_ni,1000
69,ne_ni,1000
70,ne_ni,103.460976301371
71,ne_ni,32.93246211621569
72,ne_ni,78.67690873196089
73,ne_ni,97.59087409364956
74,ne_ni,121.73602889793594
75,ne_ni,123.33303931644309
76,ne_ni,70.02171326855492
77,ne_ni,93.15517061768733
78,ne_ni,129.6889795056462
79,ne_ni,97.15956124204249
80,ne_ni,62.56149184309777
81,ne_ni,63.695537135222395
82,ne_ni,88.63028698681566
83,ne_ni,1000
84,ne_ni,47.27689559961915
85,ne_ni,53.018977010142514
86,ne_ni,1000
87,ne_ni,121.00861897038502
88,ne_ni,116.88301594758745
89,ne_ni,1000
90,ne_ni,87.35481163609728
91,ne_ni,1000
92,ne_ni,149.09726280584977
93,ne_ni,27.136536450048677
94,ne_ni,74.4868979698766
95,ne_ni,67.01270681135283
96,ne_ni,1000
97,ne_ni,76.17857789676992
98,ne_ni,1000
99,ne_ni,57.09601175462608
100,ne_ni,1000
101,ne_ni,82.0633414011064
102,ne_ni,77.05523026744441
103,ne_ni,39.27502528030133
104,ne_ni,1000
105,ne_ni,92.83322183109647
106,ne_ni,48.60972037998212
107,ne_ni,1000
108,ne_ni,109.26347473845496
109,ne_ni,1000
110,ne_ni,53.11183183270991
111,ne_ni,117.50944478283402
112,ne_ni,82.08775482294307
113,ne_ni,106.14824165188844
114,ne_ni,60.823455163997316
115,ne_ni,70.8329278806523
116,ne_ni,73.58551184511136
117,ne_ni,49.59373932758888
118,ne_ni,99.37329562678732
119,ne_ni,1000
120,ne_ni,47.86421666460335
121,ne_ni,98.81747495014449
122,ne_ni,10.835487459423998
123,ne_ni,143.58565592659343
124,ne_ni,59.027162170612094
125,ne_ni,1000
126,ne_ni,80.15728716886635
127,ne_ni,36.102658385521316
128,ne_ni,53.42310668681989
129,ne_ni,1000
130,ne_ni,1000
131,ne_ni,77.35437008660114
132,ne_ni,100.77303370693193
133,ne_ni,97.04524816883438
134,ne_ni,1000
135,ne_ni,55.30922198654859
136,ne_ni,87.58522376678408
137,ne_ni,26.445451034007238
138,ne_ni,86.21900589416478
139,ne_ni,50.74716991876028
140,ne_ni,1000
141,ne_ni,1000
142,ne_ni,1000
143,ne_ni,126.08695801750424
144,ne_ni,105.54401509855515
145,ne_ni,62.70839170593695
146,ne_ni,104.7530412724372
147,ne_ni,94.375420389808
148,ne_ni,1000
149,ne_ni,61.76019099694589
150,ne_ni,50.868739236395164
151,ne_ni,1000
152,ne_ni,1000
153,ne_ni,93.63626722800113
154,ne_ni,54.659675264341274
155,ne_ni,1000
156,ne_ni,98.36815443432971
157,ne_ni,109.22671093848861
158,ne_ni,50.61290213453739
159,ne_ni,90.88156082869628
160,ne_ni,1000
161,ne_ni,1000
162,ne_ni,97.33597246153592
163,ne_ni,1000
164,ne_ni,74.69035934137597
165,ne_ni,93.20987936473284
166,ne_ni,86.79103108083522
167,ne_ni,98.30291803685132
168,ne_ni,1000
169,ne_ni,108.16185022390015
170,ne_ni,111.53276152549594
171,ne_ni,38.6904515310435
172,ne_ni,1000
173,ne_ni,66.11567664069767
174,ne_ni,117.93920986928376
175,ne_ni,80.3251927930107
176,ne_ni,126.75978179523695
177,ne_ni,95.15297757545378
178,ne_ni,33.3489507605901
179,ne_ni,135.669891887813
180,ne_ni,44.93575322122753
181,ne_ni,104.44841540108968
182,ne_ni,118.75590382407874
183,ne_ni,101.21595918875059
184,ne_ni,84.13711320766913
185,ne_ni,56.18993858217614
186,ne_ni,122.22921077826274
187,ne_ni,44.32712262039468
188,ne_ni,33.94449430994705
189,ne_ni,1000
190,ne_ni,87.46133419881838
191,ne_ni,1000
192,ne_ni,1000
193,ne_ni,77.38969778764579
194,ne_ni,73.94342083719435
195,ne_ni,1000
196,ne_ni,147.36246101990594
197,ne_ni,115.10282134538511
198,ne_ni,61.33277951235272
199,ne_ni,86.59925195545284
200,ne_ni,1000
201,ne_ni,92.2927864391998
202,ne_ni,1000
203,ne_ni,97.04504830832023
204,ne_ni,72.5268638971875
205,ne_ni,95.450851146827
206,ne_ni,18.351051603319686
207,ne_ni,1000
208,ne_ni,1000
209,ne_ni,96.20623417427261
210,ne_ni,69.60830232324552
211,ne_ni,104.58547781753931
212,ne_ni,108.29082492821708
213,ne_ni,1000
214,ne_ni,51.64016697252644
215,ne_ni,87.46110458652281
216,ne_ni,85.61721474445893
217,ne_ni,81.77573426156037
218,ne_ni,65.10257989056865
219,ne_ni,1000
220,ne_ni,42.64188534163268
221,ne_ni,79.88458391720148
222,ne_ni,43.89079925043044
223,ne_ni,93.5921265064817
224,ne_ni,125.12431018895278
225,ne_ni,109.95740236843932
226,ne_ni,87.52780779699837
227,ne_ni,102.03819827794351
228,ne_ni,1000
229,ne_ni,132.3121461858673
230,ne_ni,37.927653947889695
231,ne_ni,19.82750717854728
232,ne_ni,103.34108938480344
233,ne_ni,81.57726741548016
234,ne_ni,1000
235,ne_ni,114.3819622057511
236,ne_ni,1000
237,ne_ni,85.57482239418822
238,ne_ni,1000
239,ne_ni,1000
240,ne_ni,72.35482853805932
241,ne_ni,97.07801925458688
242,ne_ni,108.55890644397823
243,ne_ni,132.29642524727066
244,ne_ni,1000
245,ne_ni,99.13287257520669
246,ne_ni,45.41786759293788
247,ne_ni,94.91019463162186
248,ne_ni,109.92635853522359
249,ne_ni,95.52664985725767
250,ne_ni,144.83179656433342
251,ne_ni,76.557308133153
252,ne_ni,1000
253,ne_ni,1000
254,ne_ni,89.03409857580611
255,ne_ni,44.92082049453306
256,ne_ni,68.06877786055509
257,ne_ni,35.904496107762235
258,ne_ni,72.7622358608649
259,ne_ni,26.4423963253249
260,ne_ni,1000
261,ne_ni,30.66017441648302
262,ne_ni,139.59560650080596
263,ne_ni,53.54530030022936
264,ne_ni,53.94373120712708
265,ne_ni,39.26817010699069
266,ne_ni,118.43049105208242
267,ne_ni,114.7110814852099
268,ne_ni,1000
269,ne_ni,61.20684967080688
270,ne_ni,1000
271,ne_ni,136.95273234492058
272,ne_ni,73.38316745420546
273,ne_ni,1000
274,ne_ni,82.46584234524983
275,ne_ni,32.76939608660285
276,ne_ni,47.401140402977276
277,ne_ni,1000
278,ne_ni,66.82605950344148
279,ne_ni,34.74226693667633
280,ne_ni,62.35427432389044
281,ne_ni,115.01181201929907
282,ne_ni,123.11436553183604
283,ne_ni,65.73157321551328
284,ne_ni,137.9623305746171
285,ne_ni,30.814566854606394
286,ne_ni,1000
287,ne_ni,1000
288,ne_ni,73.88830187411466
289,ne_ni,1000
290,ne_ni,1000
291,ne_ni,51.876019522678355
292,ne_ni,96.0653655453842
293,ne_ni,1000
294,ne_ni,112.15388839478736
295,ne_ni,1000
296,ne_ni,107.4596784168118
297,ne_ni,51.868373698761296
298,ne_ni,1000
299,ne_ni,104.88451380787477
300,ne_ni,59.55559997013696
301,ne_ni,71.15326045212592
302,ne_ni,1000
303,ne_ni,79.68613658261876
304,ne_ni,79.76637633002578
305,ne_ni,91.85930258375924
306,ne_ni,79.6176168738603
307,ne_ni,1000
308,ne_ni,125.50588573791858
309,ne_ni,78.15507996957103
310,ne_ni,113.8989706722952
311,ne_ni,55.76664395626429
312,ne_ni,138.76715056991313
313,ne_ni,111.877666623293
314,ne_ni,62.902814452765554
315,ne_ni,40.56062893070263
316,ne_ni,64.93387134621454
317,ne_ni,134.8457202781263
318,ne_ni,73.40306518870771
319,ne_ni,1000
320,ne_ni,64.36362576267807
321,ne_ni,1000
322,ne_ni,130.27334723297832
323,ne_ni,86.54268168504616
324,ne_ni,1000
325,ne_ni,1000
326,ne_ni,12.8625716880564
327,ne_ni,92.35768650606128
328,ne_ni,68.61324050896376
329,ne_ni,83.88111726272507
330,ne_ni,0
331,ne_ni,29.94562336930307
332,ne_ni,128.78743320676452
333,ne_ni,120.68629119760463
334,ne_ni,74.13816360291351
335,ne_ni,62.165686182861734
336,ne_ni,39.134880612237204
337,ne_ni,75.01723682277088
338,ne_ni,1000
339,ne_ni,96.7326707528404
340,ne_ni,1000
341,ne_ni,66.77649867538403
342,ne_ni,114.66140145474738
343,ne_ni,42.55865026154201
344,ne_ni,64.62344452739313
345,ne_ni,57.48549411020319
346,ne_ni,63.525041503221985
347,ne_ni,113.83126688805086
348,ne_ni,81.10552514095438
349,ne_ni,50.74853207389127
350,ne_ni,1000
351,ne_ni,119.86392208419689
352,ne_ni,1000
353,ne_ni,62.71455772926927
354,ne_ni,1000
355,ne_ni,1000
356,ne_ni,70.18850774230033
357,ne_ni,1000
358,ne_ni,90.07362523842288
359,ne_ni,52.082264599178195
360,ne_ni,115.60200778137664
361,ne_ni,44.22182577428389
362,ne_ni,125.43605446281036
363,ne_ni,1000
364,ne_ni,109.90740099783525
365,ne_ni,48.8706087737139
366,ne_ni,36.04924969031382
367,ne_ni,131.17999782539
368,ne_ni,22.35798306579147
369,ne_ni,131.7653481077627
370,ne_ni,72.5865820957873
371,ne_ni,1000
372,ne_ni,77.43396043110344
373,ne_ni,71.70837607720904
374,ne_ni,103.7048976155619
375,ne_ni,1000
376,ne_ni,45.691786539598525
377,ne_ni,1000
378,ne_ni,27.02379300536811
379,ne_ni,1000
380,ne_ni,1000
381,ne_ni,104.32688768518302
382,ne_ni,75.52218848970553
383,ne_ni,91.16587952243395
384,ne_ni,41.315415451408334
385,ne_ni,72.75610998932359
386,ne_ni,83.32014338234777
387,ne_ni,99.2860477653119
388,ne_ni,1000
389,ne_ni,81.6566309113784
390,ne_ni,44.53220384157031
391,ne_ni,92.2881072391446
392,ne_ni,84.38386708198749
393,ne_ni,1000
394,ne_ni,50.36578734171371
395,ne_ni,91.83917627702355
396,ne_ni,86.73379523510424
397,ne_ni,1000
398,ne_ni,1000
399,ne_ni,129.60859245423745
400,ne_ni,68.70319678795427
401,ne_ni,118.03140754663791
402,ne_ni,91.34080708721163
403,ne_ni,97.45923204523731
404,ne_ni,108.71804563755168
405,ne_ni,1000
406,ne_ni,1000
407,ne_ni,1000
408,ne_ni,78.89605976757437
409,ne_ni,119.67036711131502
410,ne_ni,145.51139461674975
411,ne_ni,131.1567792344715
412,ne_ni,74.47528301067841
413,ne_ni,80.03676882625588
414,ne_ni,85.40856760085792
415,ne_ni,49.80043643386554
416,ne_ni,1000
417,ne_ni,1000
418,ne_ni,107.9807283288524
419,ne_ni,72.13812094567434
420,ne_ni,1000
421,ne_ni,34.944376621311356
422,ne_ni,114.27607637469018
423,ne_ni,55.99769942910811
424,ne_ni,0
425,ne_ni,57.326556175396625
426,ne_ni,68.68701771067197
427,ne_ni,112.54949004951177
428,ne_ni,1000
429,ne_ni,94.28644547283487
430,ne_ni,112.37656004471616
431,ne_ni,86.05762771628443
432,ne_ni,85.24585238751499
433,ne_ni,102.74199526995308
434,ne_ni,1000
435,ne_ni,91.4255621738981
436,ne_ni,49.49806668295503
437,ne_ni,105.52301091504215
438,ne_ni,1000
439,ne_ni,1000
440,ne_ni,52.36578702799797
441,ne_ni,119.20514250989963
442,ne_ni,87.24699457470697
443,ne_ni,101.41315195042992
444,ne_ni,109.14125556009617
445,ne_ni,66.18570719445329
446,ne_ni,113.22230495017165
447,ne_ni,39.96871389631481
448,ne_ni,55.31694626403022
449,ne_ni,34.12195334086542
450,ne_ni,21.20307281028478
451,ne_ni,1000
452,ne_ni,24.789979887506103
453,ne_ni,87.60621222881943
454,ne_ni,119.34510660276123
455,ne_ni,1000
456,ne_ni,57.37468681160807
457,ne_ni,63.296865188620345
458,ne_ni,103.5208168477292
459,ne_ni,96.81370905593751
460,ne_ni,50.65673089128701
461,ne_ni,70.04467643627717
462,ne_ni,1000
463,ne_ni,82.71209775741167
464,ne_ni,82.93616816074203
465,ne_ni,71.72654810684664
466,ne_ni,76.90067971520297
467,ne_ni,1000
468,ne_ni,90.09225754674017
469,ne_ni,1000
470,ne_ni,100.52611286026499
471,ne_ni,1000
472,ne_ni,73.7696988056055
473,ne_ni,61.64682139563453
474,ne_ni,1000
475,ne_ni,1000
476,ne_ni,51.91176186370062
477,ne_ni,0
478,ne_ni,45.333245983575544
479,ne_ni,91.94084354236443
480,ne_ni,91.28182816138553
481,ne_ni,1000
482,ne_ni,22.440049743308695
483,ne_ni,90.92842679587926
484,ne_ni,73.48596651796653
485,ne_ni,121.38413822168961
486,ne_ni,71.29820717952809
487,ne_ni,56.57400084218032
488,ne_ni,122.2118394840153
489,ne_ni,80.2029599731679
490,ne_ni,82.54729527681118
491,ne_ni,102.42352237538167
492,ne_ni,71.41861195338086
493,ne_ni,66.47631606903133
494,ne_ni,69.13087956710969
495,ne_ni,84.46622292360783
496,ne_ni,1000
497,ne_ni,112.4129459994722
498,ne_ni,84.00227678459956
499,ne_ni,97.44384889656263
500,ne_ni,111.42278641669621
501,ne_ni,77.90167328782059
502,ne_ni,1000
503,ne_ni,54.33434157002696
504,ne_ni,15.658021759828369
505,ne_ni,48.616572764675325
506,ne_ni,122.85206042936838
507,ne_ni,44.37870977668376
508,ne_ni,114.44798583949148
509,ne_ni,114.09993605583247
510,ne_ni,41.55600237231254
511,ne_ni,45.75054137770315
512,ne_ni,38.51385350317599
513,ne_ni,29.079462662166403
514,ne_ni,102.07059320805453
515,ne_ni,1000
516,ne_ni,98.56758843574187
517,ne_ni,89.40193885242526
518,ne_ni,37.337779237906936
519,ne_ni,114.7017301386478
520,ne_ni,78.65486962714898
521,ne_ni,100.3119884010835
522,ne_ni,127.76703197695566
523,ne_ni,80.52564786438789
524,ne_ni,79.7335534735239
525,ne_ni,112.75457390190888
526,ne_ni,1000
527,ne_ni,94.21961649170893
528,ne_ni,78.76111144465754
529,ne_ni,62.706875835892994
530,ne_ni,128.6378351198887
531,ne_ni,16.31424436682183
532,ne_ni,1000
533,ne_ni,68.74751578548435
534,ne_ni,89.82538388122539
535,ne_ni,62.46277034388933
536,ne_ni,1000
537,ne_ni,42.22165176786141
538,ne_ni,40.15356978776575
539,ne_ni,143.23290013561927
540,ne_ni,118.58228888328945
541,ne_ni,56.2747570188828
542,ne_ni,61.76403223973183
543,ne_ni,1000
544,ne_ni,39.67802240192678
545,ne_ni,69.15208770842332
546,ne_ni,88.51503267317239
547,ne_ni,80.2994163745237
548,ne_ni,78.9107933357827
549,ne_ni,53.420267397873474
550,ne_ni,79.27507662338363
551,ne_ni,1000
552,ne_ni,54.09875307377536
553,ne_ni,88.57057546074269
554,ne_ni,96.38682913585755
555,ne_ni,1000
556,ne_ni,56.11871554804317
557,ne_ni,76.07145496187405
558,ne_ni,96.7690002424724
559,ne_ni,103.01762006916044
560,ne_ni,77.8296714299618
561,ne_ni,35.168691642780914
562,ne_ni,1000
563,ne_ni,92.78078807934428
564,ne_ni,55.075983302627314
565,ne_ni,89.85021758504158
566,ne_ni,120.61608162599005
567,ne_ni,1000
568,ne_ni,124.48688114990071
569,ne_ni,111.02369991905569
570,ne_ni,68.06262289658227
571,ne_ni,114.69283529278685
572,ne_ni,38.19875147763463
573,ne_ni,85.53916353428345
574,ne_ni,113.32524365803232
575,ne_ni,112.97472338295724
576,ne_ni,1000
577,ne_ni,1000
578,ne_ni,12.689747818690561
579,ne_ni,1000
580,ne_ni,37.813004356430454
581,ne_ni,1000
582,ne_ni,66.66682468810183
583,ne_ni,82.17288358914624
584,ne_ni,121.82543986643698
585,ne_ni,73.35116988157554
586,ne_ni,97.99486984157078
587,ne_ni,22.919200936482284
588,ne_ni,1000
589,ne_ni,62.698110462220335
590,ne_ni,129.61101190104185
591,ne_ni,68.17420067394417
592,ne_ni,1000
593,ne_ni,1000
594,ne_ni,20.056332164830444
595,ne_ni,59.9025672645914
596,ne_ni,1000
597,ne_ni,1000
598,ne_ni,62.95192146857479
599,ne_ni,107.92038839605338
600,ne_ni,70.07143243520531
601,ne_ni,127.38496028119388
602,ne_ni,1000
603,ne_ni,1000
604,ne_ni,1000
605,ne_ni,92.20678462120306
606,ne_ni,1000
607,ne_ni,85.77322214024655
608,ne_ni,71.5748747163197
609,ne_ni,54.34987478281276
610,ne_ni,59.66519026029511
611,ne_ni,88.8738872561795
612,ne_ni,46.38903116022302
613,ne_ni,29.90005425467727
614,ne_ni,124.42688616009322
615,ne_ni,1000
616,ne_ni,89.55543737514081
617,ne_ni,79.1442238412582
618,ne_ni,121.85495943012606
619,ne_ni,100.94746250613109
620,ne_ni,60.95688136534943
621,ne_ni,32.76885080603466
622,ne_ni,71.84327765009672
623,ne_ni,1000
624,ne_ni,1000
625,ne_ni,1000
626,ne_ni,1000
627,ne_ni,1000
628,ne_ni,1000
629,ne_ni,46.30717345578748
630,ne_ni,109.39642327649015
631,ne_ni,106.54460789674219
632,ne_ni,1000
633,ne_ni,1000
634,ne_ni,12.942271146330935
635,ne_ni,82.27097782159085
636,ne_ni,89.84775700303665
637,ne_ni,47.1799588154124
638,ne_ni,1000
639,ne_ni,92.63539758992589
640,ne_ni,87.65122982112226
641,ne_ni,87.46744287274738
642,ne_ni,82.52221372064015
643,ne_ni,1000
644,ne_ni,111.29063308929018
645,ne_ni,86.82599825142351
646,ne_ni,129.93677159576524
647,ne_ni,56.077810637326166
648,ne_ni,1000
649,ne_ni,60.8325532579187
650,ne_ni,73.70172633036155
651,ne_ni,123.50578352028079
652,ne_ni,105.53693327793466
653,ne_ni,68.82969659144824
654,ne_ni,60.44106947794279
655,ne_ni,62.42185802176112
656,ne_ni,111.7683628102129
657,ne_ni,105.30505399711204
658,ne_ni,86.3329667834551
659,ne_ni,84.0747833257366
660,ne_ni,36.02904003054577
661,ne_ni,83.54089932431508
662,ne_ni,1000
663,ne_ni,51.548262392804226
664,ne_ni,51.89610062139214
665,ne_ni,81.48912848416664
666,ne_ni,80.02019339045808
667,ne_ni,1000
668,ne_ni,99.35942449425193
669,ne_ni,46.77401474473418
670,ne_ni,53.14055624242384
671,ne_ni,50.1351299704763
672,ne_ni,94.29780816298633
673,ne_ni,61.199763706856174
674,ne_ni,73.22231008203788
675,ne_ni,52.680944204226975
676,ne_ni,63.830221126259794
677,ne_ni,100.50457026723154
678,ne_ni,55.17503144197374
679,ne_ni,1000
680,ne_ni,86.67623900194597
681,ne_ni,87.60170130966226
682,ne_ni,1000
683,ne_ni,115.51322653041228
684,ne_ni,108.45596834345702
685,ne_ni,49.73443044601135
686,ne_ni,1000
687,ne_ni,104.80841969035278
688,ne_ni,59.835080204643496
689,ne_ni,120.47150836014704
690,ne_ni,62.19365311960646
691,ne_ni,82.68140925715643
692,ne_ni,1000
693,ne_ni,99.88849519381449
694,ne_ni,1000
695,ne_ni,130.3730745464565
696,ne_ni,90.88374421353848
697,ne_ni,71.3759101130182
698,ne_ni,44.778874678447124
699,ne_ni,70.58438480280054
700,ne_ni,83.9349427853868
701,ne_ni,30.930788523208218
702,ne_ni,128.16270955326968
703,ne_ni,1000
704,ne_ni,1000
705,ne_ni,72.84332465891356
706,ne_ni,86.37310100017396
707,ne_ni,1000
708,ne_ni,75.61242588593795
709,ne_ni,112.78807950333979
710,ne_ni,1000
711,ne_ni,86.4666797333105
712,ne_ni,89.13927599912157
713,ne_ni,1000
714,ne_ni,1000
715,ne_ni,64.13673143310302
716,ne_ni,138.98430131170073
717,ne_ni,121.80530384121543
718,ne_ni,75.43752950199324
719,ne_ni,120.5108038267529
720,ne_ni,72.65804918342857
721,ne_ni,1000
722,ne_ni,44.877410050872065
723,ne_ni,95.79621907504709
724,ne_ni,68.44635072450482
725,ne_ni,101.86416745490585
726,ne_ni,80.32968238238087
727,ne_ni,3.0467028827618043
728,ne_ni,49.15855571354216
729,ne_ni,28.716519840130612
730,ne_ni,1000
731,ne_ni,74.35971221746371
732,ne_ni,62.23723051717422
733,ne_ni,67.02857412653489
734,ne_ni,42.89547255457061
735,ne_ni,6.606721920855607
736,ne_ni,10.613288554751746
737,ne_ni,100.78732357478006
738,ne_ni,38.20560512678167
739,ne_ni,1.5325782544244406
740,ne_ni,1000
741,ne_ni,86.21664666048474
742,ne_ni,102.83688961444093
743,ne_ni,57.34586505966546
744,ne_ni,58.06381144976484
745,ne_ni,1000
746,ne_ni,100.38289534924378
747,ne_ni,104.58006904493583
748,ne_ni,1000
749,ne_ni,1000
750,ne_ni,87.30431080433289
751,ne_ni,74.23233814650887
752,ne_ni,1000
753,ne_ni,24.311441892757713
754,ne_ni,77.0401198547231
755,ne_ni,142.0295075588325
756,ne_ni,92.15374902245847
757,ne_ni,48.08879884367049
758,ne_ni,1000
759,ne_ni,19.53468514197426
760,ne_ni,76.5947647621613
761,ne_ni,1000
762,ne_ni,99.46714691411647
763,ne_ni,99.24532761350088
764,ne_ni,49.00937589809272
765,ne_ni,138.84460166545506
766,ne_ni,116.08610563974564
767,ne_ni,63.833741470669786
768,ne_ni,98.33652079338786
769,ne_ni,1000
770,ne_ni,109.85091673505157
771,ne_ni,82.27199516126909
772,ne_ni,88.53775297763842
773,ne_ni,16.209049396927092
774,ne_ni,1000
775,ne_ni,91.06605141178551
776,ne_ni,1000
777,ne_ni,51.72430774647683
778,ne_ni,26.760909556299154
779,ne_ni,82.91467077570023
780,ne_ni,1000
781,ne_ni,114.02425350499414
782,ne_ni,57.30838318776442
783,ne_ni,72.77852387784482
784,ne_ni,59.79151534077834
785,ne_ni,1000
786,ne_ni,88.42432313741752
787,ne_ni,59.302057756427224
788,ne_ni,45.18445874575098
789,ne_ni,126.20726561471487
790,ne_ni,126.18039370394948
791,ne_ni,106.72234960332644
792,ne_ni,109.4786990406673
793,ne_ni,1000
794,ne_ni,74.00899187788245
795,ne_ni,74.13298088735294
796,ne_ni,90.66008307615787
797,ne_ni,109.6246303942601
798,ne_ni,68.27087900798357
799,ne_ni,96.88542469338115
800,ne_ni,1000
801,ne_ni,82.80389417673192
802,ne_ni,129.03062045660556
803,ne_ni,75.59069260555398
804,ne_ni,108.38681563973138
805,ne_ni,1000
806,ne_ni,1000
807,ne_ni,1000
808,ne_ni,1000
809,ne_ni,63.69648737510012
810,ne_ni,1000
811,ne_ni,140.31318348807758
812,ne_ni,1000
813,ne_ni,0.8452112144758511
814,ne_ni,67.1135705062676
815,ne_ni,40.61908792903418
816,ne_ni,89.73895626911823
817,ne_ni,112.02853211701824
818,ne_ni,72.13360823764393
819,ne_ni,80.53932659423673
820,ne_ni,120.93173455813529
821,ne_ni,95.30482454677828
822,ne_ni,1000
823,ne_ni,1000
824,ne_ni,74.1425845732441
825,ne_ni,122.41379704775916
826,ne_ni,132.4959255175285
827,ne_ni,118.57230515330356
828,ne_ni,109.57371403372431
829,ne_ni,1000
830,ne_ni,72.42436964463614
831,ne_ni,1000
832,ne_ni,1000
833,ne_ni,73.0218334389817
834,ne_ni,82.9825812985517
835,ne_ni,57.1967162901057
836,ne_ni,108.23040432331337
837,ne_ni,74.52977248379698
838,ne_ni,54.53662300732113
839,ne_ni,75.39022854114306
840,ne_ni,1000
841,ne_ni,91.12807128812108
842,ne_ni,108.27933952502005
843,ne_ni,43.40355123850021
844,ne_ni,126.69960588841907
845,ne_ni,1000
846,ne_ni,71.80936204678078
847,ne_ni,1000
848,ne_ni,75.48889505736227
849,ne_ni,25.661294841221945
850,ne_ni,1000
851,ne_ni,1000
852,ne_ni,1000
853,ne_ni,69.50849870275867
854,ne_ni,38.955993736783114
855,ne_ni,82.82767005817719
856,ne_ni,80.73035916096839
857,ne_ni,1000
858,ne_ni,97.44911434263824
859,ne_ni,68.30063632490814
860,ne_ni,1000
861,ne_ni,68.77263937608026
862,ne_ni,1000
863,ne_ni,1000
864,ne_ni,1000
865,ne_ni,75.39541255127773
866,ne_ni,66.64988794610622
867,ne_ni,52.920379535667806
868,ne_ni,95.21278201794073
869,ne_ni,133.2534356047572
870,ne_ni,1000
871,ne_ni,133.49713881749273
872,ne_ni,14.135815098447438
873,ne_ni,106.28079770815775
874,ne_ni,100.78220027080106
875,ne_ni,41.00240726159448
876,ne_ni,88.4956080000294
877,ne_ni,121.00093065932438
878,ne_ni,56.33579006810189
879,ne_ni,15.807037521686663
880,ne_ni,59.28972579133212
881,ne_ni,94.16257742176364
882,ne_ni,66.36741340561584
883,ne_ni,71.0381954386077
884,ne_ni,1000
885,ne_ni,102.91490277102537
886,ne_ni,88.28346981810417
887,ne_ni,100.85771973798927
888,ne_ni,1000
889,ne_ni,62.02332413772218
890,ne_ni,119.69815147298382
891,ne_ni,58.81242336615004
892,ne_ni,107.58317022239362
893,ne_ni,60.4875528193443
894,ne_ni,125.77270841164585
895,ne_ni,24.536163316700243
896,ne_ni,123.04947223054627
897,ne_ni,97.52034872083912
898,ne_ni,1000
899,ne_ni,1000
900,ne_ni,1000
901,ne_ni,88.68730673636736
902,ne_ni,85.95221188689756
903,ne_ni,1000
904,ne_ni,45.549290676652426
905,ne_ni,70.6636725679815
906,ne_ni,1000
907,ne_ni,60.80321448067045
908,ne_ni,1000
909,ne_ni,133.30841591940296
910,ne_ni,67.00997959150939
911,ne_ni,92.42151771260069
912,ne_ni,94.51345242425198
913,ne_ni,68.98110467872405
914,ne_ni,20.561821434317103
915,ne_ni,75.53395135007432
916,ne_ni,97.61474414420313
917,ne_ni,65.80170830834244
918,ne_ni,147.6239452523487
919,ne_ni,1000
920,ne_ni,115.77762435153157
921,ne_ni,60.40536548861659
922,ne_ni,48.38674051590115
923,ne_ni,137.80212245199792
924,ne_ni,144.34082858201654
925,ne_ni,131.56313445168817
926,ne_ni,66.91833240581079
927,ne_ni,93.12258958413443
928,ne_ni,72.17562931555901
929,ne_ni,111.91507945624329
930,ne_ni,129.6531177777963
931,ne_ni,84.78942015213583
932,ne_ni,100.14211746582669
933,ne_ni,111.04899579268321
934,ne_ni,93.60627506496793
935,ne_ni,92.17486055381171
936,ne_ni,58.34687475290006
937,ne_ni,55.8710545643632
938,ne_ni,100.39491154897968
939,ne_ni,86.68872380657177
940,ne_ni,96.46900580837924
941,ne_ni,55.115842515495295
942,ne_ni,21.96735422226109
943,ne_ni,1000
944,ne_ni,1000
945,ne_ni,1000
946,ne_ni,100.71503921636663
947,ne_ni,96.277617718043
948,ne_ni,104.31267852933243
949,ne_ni,1000
950,ne_ni,100.21166979424002
951,ne_ni,1000
952,ne_ni,1000
953,ne_ni,1000
954,ne_ni,1000
955,ne_ni,1000
956,ne_ni,1000
957,ne_ni,113.2213300233055
958,ne_ni,49.55102396968012
959,ne_ni,103.1110414746414
960,ne_ni,47.882162556323124
961,ne_ni,53.98790217962913
962,ne_ni,48.163728068118075
963,ne_ni,83.24050384033252
964,ne_ni,59.79050308980548
965,ne_ni,105.18353605174869
966,ne_ni,116.35531297132535
967,ne_ni,99.93587762311627
968,ne_ni,1000
969,ne_ni,89.59884411404755
970,ne_ni,1000
971,ne_ni,79.52197582992075
972,ne_ni,1000
973,ne_ni,1000
974,ne_ni,1000
975,ne_ni,1000
976,ne_ni,1000
977,ne_ni,111.69682438438328
978,ne_ni,97.0553727083364
979,ne_ni,28.264132089235606
980,ne_ni,79.24107738642026
981,ne_ni,65.46985682679684
982,ne_ni,1000
983,ne_ni,77.51633345021811
984,ne_ni,1000
985,ne_ni,27.993948397599247
986,ne_ni,1000
987,ne_ni,115.93983650657823
988,ne_ni,49.10828577284299
989,ne_ni,86.82200212835247
990,ne_ni,78.54173788788417
991,ne_ni,42.71945675218449
992,ne_ni,106.8359917699189
993,ne_ni,74.79685986798822
994,ne_ni,67.78852992800412
995,ne_ni,1000
996,ne_ni,66.47872331621024
997,ne_ni,67.03550836822487
998,ne_ni,74.08951954793659
999,ne_ni,1000
