node, assignment, time2inf, time2death
0,na,-1,0
1,na,0,3.2011620665797
2,na,97.52424660273167,97.52424660273167
3,na,0,0.8486571125784886
4,c,97.52424660273167,97.52424660273167
5,c,31.02625732021113,36.76944184049307
6,c,27.083161807194294,28.621013687848492
7,c,97.52424660273167,97.52424660273167
8,c,14.814342651171318,28.10168665172645
9,c,14.465455611093738,20.62885466524626
10,c,97.52424660273167,97.52424660273167
11,c,29.723801902236605,33.03865155483634
12,na,7.625468930060063,7.748891702973727
13,c,97.52424660273167,97.52424660273167
14,c,97.52424660273167,97.52424660273167
15,c,22.109264895732103,22.42126546131517
16,c,54.34301894757101,59.53677515920104
17,c,97.52424660273167,97.52424660273167
18,t,97.52424660273167,97.52424660273167
19,t,97.52424660273167,97.52424660273167
20,c,97.52424660273167,97.52424660273167
21,c,14.52152634164759,19.57418640453778
22,t,97.52424660273167,97.52424660273167
23,t,97.52424660273167,97.52424660273167
24,c,97.52424660273167,97.52424660273167
25,c,53.71724437395386,57.56417521012406
26,c,97.52424660273167,97.52424660273167
27,t,97.52424660273167,97.52424660273167
28,c,97.52424660273167,97.52424660273167
29,c,26.386363563605425,27.192842720003995
30,c,35.567566510920855,39.46369599586857
31,c,97.52424660273167,97.52424660273167
32,c,3.907643508309867,6.465950104800298
33,c,34.399747171475866,36.760933582380616
34,t,97.52424660273167,97.52424660273167
35,c,97.52424660273167,97.52424660273167
36,c,43.590141471790034,50.40788281332295
37,c,33.60490472936718,35.09370652395012
38,c,25.946403635947153,37.01586040983477
39,c,2.6955852175397137,97.52424660273167
40,t,97.52424660273167,97.52424660273167
41,c,51.61400127785396,61.10174854120885
42,c,14.000412506322425,97.52424660273167
43,c,97.52424660273167,97.52424660273167
44,c,97.52424660273167,97.52424660273167
45,t,97.52424660273167,97.52424660273167
46,c,97.52424660273167,97.52424660273167
47,c,97.52424660273167,97.52424660273167
48,c,97.52424660273167,97.52424660273167
49,t,97.52424660273167,97.52424660273167
50,c,97.52424660273167,97.52424660273167
51,c,51.50032634197955,52.06730186463407
52,c,36.09584385647879,36.69314014431772
53,c,97.52424660273167,97.52424660273167
54,c,25.666450907286958,31.3597572985031
55,c,47.42837015016711,49.37906430664086
56,t,97.52424660273167,97.52424660273167
57,c,97.52424660273167,97.52424660273167
58,c,97.52424660273167,97.52424660273167
59,na,0.9652293047432798,1.2416778396169765
60,c,9.958935184904137,19.958298536843706
61,c,7.9410480819325135,10.281270434992262
62,c,97.52424660273167,97.52424660273167
63,c,50.40561901810902,54.46610121892105
64,t,97.52424660273167,97.52424660273167
65,c,97.52424660273167,97.52424660273167
66,c,97.52424660273167,97.52424660273167
67,c,34.64987584571068,36.85219502929065
68,c,23.508112794753753,26.55608978647069
69,t,97.52424660273167,97.52424660273167
70,c,97.52424660273167,97.52424660273167
71,c,28.867311340423175,30.77532101206914
72,t,97.52424660273167,97.52424660273167
73,na,-1,0
74,c,97.52424660273167,97.52424660273167
75,c,97.52424660273167,97.52424660273167
76,c,97.52424660273167,97.52424660273167
77,c,97.52424660273167,97.52424660273167
78,c,38.63578117448128,97.52424660273167
79,t,97.52424660273167,97.52424660273167
80,c,97.52424660273167,97.52424660273167
81,c,97.52424660273167,97.52424660273167
82,t,97.52424660273167,97.52424660273167
83,c,44.09991914914582,50.88194320321596
84,c,97.52424660273167,97.52424660273167
85,c,97.52424660273167,97.52424660273167
86,c,33.567155507751465,34.43807706957406
87,c,97.52424660273167,97.52424660273167
88,t,97.52424660273167,97.52424660273167
89,c,97.52424660273167,97.52424660273167
90,c,97.52424660273167,97.52424660273167
91,c,16.8397847881831,17.718793324867526
92,t,97.52424660273167,97.52424660273167
93,c,10.1185441245753,13.640673329453065
94,t,97.52424660273167,97.52424660273167
95,c,97.52424660273167,97.52424660273167
96,c,97.52424660273167,97.52424660273167
97,c,97.52424660273167,97.52424660273167
98,t,97.52424660273167,97.52424660273167
99,c,97.52424660273167,97.52424660273167
100,t,97.52424660273167,97.52424660273167
101,t,97.52424660273167,97.52424660273167
102,c,97.52424660273167,97.52424660273167
103,c,97.52424660273167,97.52424660273167
104,c,97.52424660273167,97.52424660273167
105,t,97.52424660273167,97.52424660273167
106,t,97.52424660273167,97.52424660273167
107,c,97.52424660273167,97.52424660273167
108,c,97.52424660273167,97.52424660273167
109,t,97.52424660273167,97.52424660273167
110,c,97.52424660273167,97.52424660273167
111,t,97.52424660273167,97.52424660273167
112,c,97.52424660273167,97.52424660273167
113,c,97.52424660273167,97.52424660273167
114,t,97.52424660273167,97.52424660273167
115,c,97.52424660273167,97.52424660273167
116,c,22.48569376355749,26.492417954408264
117,c,97.52424660273167,97.52424660273167
118,c,5.386660583432565,6.7866402386389355
119,c,97.52424660273167,97.52424660273167
120,t,97.52424660273167,97.52424660273167
121,c,40.236762088097166,43.206768639038145
122,t,97.52424660273167,97.52424660273167
123,c,97.52424660273167,97.52424660273167
124,c,97.52424660273167,97.52424660273167
125,c,97.52424660273167,97.52424660273167
126,c,97.52424660273167,97.52424660273167
127,c,97.52424660273167,97.52424660273167
128,c,97.52424660273167,97.52424660273167
129,c,3.5395106852351437,15.871654727381014
130,t,97.52424660273167,97.52424660273167
131,c,30.234091924907304,39.43380568451213
132,c,97.52424660273167,97.52424660273167
133,c,97.52424660273167,97.52424660273167
134,c,52.035588188842254,68.37632591794714
135,c,32.65575839758093,36.27338714085818
136,c,97.52424660273167,97.52424660273167
137,c,43.77477000948093,97.52424660273167
138,t,97.52424660273167,97.52424660273167
139,c,97.52424660273167,97.52424660273167
140,na,0,97.52424660273167
141,c,97.52424660273167,97.52424660273167
142,t,97.52424660273167,97.52424660273167
143,c,97.52424660273167,97.52424660273167
144,c,31.71466146709634,38.319407817376906
145,c,58.20328942343674,61.36318159731125
146,na,10.56521076216255,11.608587972577572
147,c,29.017418231107957,34.582166771924214
148,c,97.52424660273167,97.52424660273167
149,c,37.202977538238784,40.54775266189364
150,t,97.52424660273167,97.52424660273167
151,c,97.52424660273167,97.52424660273167
152,c,97.52424660273167,97.52424660273167
153,c,41.74703757740728,45.897496984400995
154,c,97.52424660273167,97.52424660273167
155,c,97.52424660273167,97.52424660273167
156,c,97.52424660273167,97.52424660273167
157,c,40.91698001549769,43.16642401473469
158,c,97.52424660273167,97.52424660273167
159,c,97.52424660273167,97.52424660273167
160,c,9.716368313114366,12.722680648716773
161,c,97.52424660273167,97.52424660273167
162,c,97.52424660273167,97.52424660273167
163,c,97.52424660273167,97.52424660273167
164,c,97.52424660273167,97.52424660273167
165,c,97.52424660273167,97.52424660273167
166,c,97.52424660273167,97.52424660273167
167,c,31.808377085412435,47.85421684027933
168,c,97.52424660273167,97.52424660273167
169,c,97.52424660273167,97.52424660273167
170,t,97.52424660273167,97.52424660273167
171,c,28.93151073835799,29.018223101465242
172,c,97.52424660273167,97.52424660273167
173,c,97.52424660273167,97.52424660273167
174,c,15.971771371841731,20.083132364899004
175,t,97.52424660273167,97.52424660273167
176,t,97.52424660273167,97.52424660273167
177,c,48.208965623327664,49.128304488342984
178,c,97.52424660273167,97.52424660273167
179,c,97.52424660273167,97.52424660273167
180,t,97.52424660273167,97.52424660273167
181,c,97.52424660273167,97.52424660273167
182,c,26.535190332490664,26.90424690773711
183,c,97.52424660273167,97.52424660273167
184,c,97.52424660273167,97.52424660273167
185,t,97.52424660273167,97.52424660273167
186,c,5.137779329911329,10.985766346106562
187,c,97.52424660273167,97.52424660273167
188,c,97.52424660273167,97.52424660273167
189,c,32.782106077161735,35.05714971505239
190,c,97.52424660273167,97.52424660273167
191,c,97.52424660273167,97.52424660273167
192,c,22.59343582354061,23.46826306908975
193,c,22.207594565304717,97.52424660273167
194,c,97.52424660273167,97.52424660273167
195,c,97.52424660273167,97.52424660273167
196,c,97.52424660273167,97.52424660273167
197,c,97.52424660273167,97.52424660273167
198,t,97.52424660273167,97.52424660273167
199,c,97.52424660273167,97.52424660273167
200,c,54.74000312296068,60.29641660120908
201,c,28.861981397892364,97.52424660273167
202,c,97.52424660273167,97.52424660273167
203,na,0.48948418231207086,1.626990975809929
204,c,97.52424660273167,97.52424660273167
205,c,20.481673833092394,25.710876157555607
206,c,97.52424660273167,97.52424660273167
207,c,97.52424660273167,97.52424660273167
208,c,23.701143562697233,27.248738092414968
209,c,37.0354477378752,54.883382497833274
210,c,97.52424660273167,97.52424660273167
211,c,97.52424660273167,97.52424660273167
212,c,29.478057083655326,30.962275391541716
213,t,97.52424660273167,97.52424660273167
214,c,23.902937006707383,24.723413045081674
215,c,97.52424660273167,97.52424660273167
216,c,97.52424660273167,97.52424660273167
217,c,39.11955794132976,48.60741537634462
218,c,31.12019235987301,33.04274111787608
219,c,28.284809873826912,97.52424660273167
220,c,40.12082545230112,40.499523412336835
221,c,46.13015634562232,46.977239370383366
222,c,12.184011608822567,19.12457004530491
223,t,97.52424660273167,97.52424660273167
224,c,97.52424660273167,97.52424660273167
225,c,35.83305711026645,38.97014368232482
226,c,2.5449565499694415,4.254903954301308
227,c,26.015817616822428,26.576705614280495
228,t,97.52424660273167,97.52424660273167
229,na,-1,0
230,c,97.52424660273167,97.52424660273167
231,c,1.426075818672461,6.155656055407653
232,c,97.52424660273167,97.52424660273167
233,t,97.52424660273167,97.52424660273167
234,t,97.52424660273167,97.52424660273167
235,c,41.69666010160448,41.921879807274856
236,c,42.92851829006007,48.69462658492704
237,c,4.636602226546364,5.255709387953683
238,t,97.52424660273167,97.52424660273167
239,t,97.52424660273167,97.52424660273167
240,c,97.52424660273167,97.52424660273167
241,c,97.52424660273167,97.52424660273167
242,c,97.52424660273167,97.52424660273167
243,c,97.52424660273167,97.52424660273167
244,c,97.52424660273167,97.52424660273167
245,t,97.52424660273167,97.52424660273167
246,c,97.52424660273167,97.52424660273167
247,c,67.49737519580943,68.03313499045066
248,c,31.31716025363149,34.579799764500464
249,c,97.52424660273167,97.52424660273167
250,c,5.139929698137287,6.196589625473312
251,t,97.52424660273167,97.52424660273167
252,c,97.52424660273167,97.52424660273167
253,c,17.31858194413809,18.744218475308966
254,c,43.76228712325627,49.14442991424345
255,c,97.52424660273167,97.52424660273167
256,c,12.20167524168011,15.759806469009307
257,c,29.062860750828214,30.260484732158723
258,c,97.52424660273167,97.52424660273167
259,c,23.743225751581644,97.52424660273167
260,c,42.566924233261055,43.782314109785986
261,c,21.50799508181354,38.104316803185846
262,c,97.52424660273167,97.52424660273167
263,t,97.52424660273167,97.52424660273167
264,c,97.52424660273167,97.52424660273167
265,c,97.52424660273167,97.52424660273167
266,c,97.52424660273167,97.52424660273167
267,c,19.58220147792712,20.530873154607196
268,t,97.52424660273167,97.52424660273167
269,c,97.52424660273167,97.52424660273167
270,c,35.707190539008316,36.31773065812553
271,t,97.52424660273167,97.52424660273167
272,c,97.52424660273167,97.52424660273167
273,c,40.75389713036365,41.17120584931532
274,c,97.52424660273167,97.52424660273167
275,c,97.52424660273167,97.52424660273167
276,c,18.741559705272586,23.85873425685928
277,c,97.52424660273167,97.52424660273167
278,t,97.52424660273167,97.52424660273167
279,t,97.52424660273167,97.52424660273167
280,c,43.45695655958081,45.225047004624436
281,c,97.52424660273167,97.52424660273167
282,c,97.52424660273167,97.52424660273167
283,c,97.52424660273167,97.52424660273167
284,c,14.232513132614864,19.38077939674564
285,c,97.52424660273167,97.52424660273167
286,t,97.52424660273167,97.52424660273167
287,na,2.35948141116919,3.4936763335796686
288,c,97.52424660273167,97.52424660273167
289,c,33.856417194928156,38.474687865696026
290,c,97.52424660273167,97.52424660273167
291,t,97.52424660273167,97.52424660273167
292,c,97.52424660273167,97.52424660273167
293,c,97.52424660273167,97.52424660273167
294,c,97.52424660273167,97.52424660273167
295,c,53.8389795492068,57.7003277347298
296,t,97.52424660273167,97.52424660273167
297,c,22.742145985367507,26.342109846855465
298,t,97.52424660273167,97.52424660273167
299,c,18.046415192015573,19.56135452480622
300,c,36.49406614328297,46.771294388716065
301,t,97.52424660273167,97.52424660273167
302,t,97.52424660273167,97.52424660273167
303,c,30.15191932391766,33.184408044885224
304,c,12.74228774727158,19.338854419187594
305,t,97.52424660273167,97.52424660273167
306,c,24.076842834441422,25.37767519200086
307,c,97.52424660273167,97.52424660273167
308,c,97.52424660273167,97.52424660273167
309,c,97.52424660273167,97.52424660273167
310,c,27.18892412436863,28.49161426632895
311,c,39.30463422773181,41.64086616973493
312,c,97.52424660273167,97.52424660273167
313,c,97.52424660273167,97.52424660273167
314,na,3.2720649536428543,15.066022588108147
315,na,0,97.52424660273167
316,c,97.52424660273167,97.52424660273167
317,c,97.52424660273167,97.52424660273167
318,c,37.1965388597535,37.24929397411819
319,c,97.52424660273167,97.52424660273167
320,c,6.361644808194814,8.924471187820409
321,c,97.52424660273167,97.52424660273167
322,c,97.52424660273167,97.52424660273167
323,t,97.52424660273167,97.52424660273167
324,c,97.52424660273167,97.52424660273167
325,c,46.68241022005348,48.327524972879864
326,c,97.52424660273167,97.52424660273167
327,c,46.203409503359026,47.24503856098291
328,c,97.52424660273167,97.52424660273167
329,t,97.52424660273167,97.52424660273167
330,t,97.52424660273167,97.52424660273167
331,c,65.90515861366681,68.01315813113588
332,c,38.043692656533956,43.61876752929437
333,c,97.52424660273167,97.52424660273167
334,c,97.52424660273167,97.52424660273167
335,c,97.52424660273167,97.52424660273167
336,c,10.043000606485823,17.60698362020552
337,c,97.52424660273167,97.52424660273167
338,c,35.07784951675359,36.08690949718687
339,c,36.93403471915534,41.57213987052608
340,c,97.52424660273167,97.52424660273167
341,t,97.52424660273167,97.52424660273167
342,c,97.52424660273167,97.52424660273167
343,c,29.254799074844666,33.49300664945824
344,c,97.52424660273167,97.52424660273167
345,t,97.52424660273167,97.52424660273167
346,c,25.185469678943885,26.117166998573506
347,t,97.52424660273167,97.52424660273167
348,c,97.52424660273167,97.52424660273167
349,c,97.52424660273167,97.52424660273167
350,c,31.23529628946798,31.635116572791777
351,c,33.3707937272126,39.03363012902485
352,c,37.82272836668762,40.20324416308856
353,t,97.52424660273167,97.52424660273167
354,c,16.066964704672134,24.557468904736027
355,c,16.20374620991212,23.38753847693487
356,t,97.52424660273167,97.52424660273167
357,c,55.01776391521384,60.87012287304589
358,c,97.52424660273167,97.52424660273167
359,c,6.300089117608048,7.347810175063172
360,c,61.74045798225083,70.84321148967196
361,c,97.52424660273167,97.52424660273167
362,c,97.52424660273167,97.52424660273167
363,c,18.81286507301517,31.29429367482779
364,t,97.52424660273167,97.52424660273167
365,c,27.79563521602433,32.13354984839991
366,c,97.52424660273167,97.52424660273167
367,c,97.52424660273167,97.52424660273167
368,c,97.52424660273167,97.52424660273167
369,c,56.625795947851586,62.270980351690206
370,c,97.52424660273167,97.52424660273167
371,c,22.907814352905834,24.161044088316796
372,t,97.52424660273167,97.52424660273167
373,c,97.52424660273167,97.52424660273167
374,c,97.52424660273167,97.52424660273167
375,c,97.52424660273167,97.52424660273167
376,t,97.52424660273167,97.52424660273167
377,t,97.52424660273167,97.52424660273167
378,c,97.52424660273167,97.52424660273167
379,c,31.016423934705003,32.64355194112072
380,c,97.52424660273167,97.52424660273167
381,c,97.52424660273167,97.52424660273167
382,t,97.52424660273167,97.52424660273167
383,c,46.32789563279888,48.71978109095769
384,c,97.52424660273167,97.52424660273167
385,c,97.52424660273167,97.52424660273167
386,t,97.52424660273167,97.52424660273167
387,c,41.27343645687385,44.201569940761
388,c,25.673884899722523,32.87331515371997
389,c,21.67486872910297,24.989241128989427
390,na,1.3913477303416193,5.607970181543309
391,c,97.52424660273167,97.52424660273167
392,c,97.52424660273167,97.52424660273167
393,c,18.29031211086353,39.44726276391584
394,c,97.52424660273167,97.52424660273167
395,t,97.52424660273167,97.52424660273167
396,t,97.52424660273167,97.52424660273167
397,c,17.831027460663922,17.862928965953834
398,t,97.52424660273167,97.52424660273167
399,t,97.52424660273167,97.52424660273167
400,c,97.52424660273167,97.52424660273167
401,c,30.016964018684774,30.901342355953147
402,c,97.52424660273167,97.52424660273167
403,t,97.52424660273167,97.52424660273167
404,c,26.96470084074063,27.130924313706
405,c,23.87425120498842,25.96330012201446
406,t,97.52424660273167,97.52424660273167
407,c,97.52424660273167,97.52424660273167
408,c,18.835084155970925,23.696587652621158
409,c,97.52424660273167,97.52424660273167
410,c,97.52424660273167,97.52424660273167
411,c,97.52424660273167,97.52424660273167
412,c,97.52424660273167,97.52424660273167
413,t,97.52424660273167,97.52424660273167
414,c,9.48807414972795,18.274164724172117
415,c,50.24848844151898,50.86266666267705
416,c,97.52424660273167,97.52424660273167
417,c,44.461757887499786,55.7963607396548
418,t,97.52424660273167,97.52424660273167
419,t,97.52424660273167,97.52424660273167
420,c,97.52424660273167,97.52424660273167
421,c,97.52424660273167,97.52424660273167
422,c,97.52424660273167,97.52424660273167
423,c,97.52424660273167,97.52424660273167
424,c,97.52424660273167,97.52424660273167
425,c,97.52424660273167,97.52424660273167
426,c,97.52424660273167,97.52424660273167
427,c,30.029801733204195,36.140722566594036
428,c,14.176890979449993,26.683667376958038
429,t,97.52424660273167,97.52424660273167
430,c,60.397770283221284,78.06109619504542
431,c,97.52424660273167,97.52424660273167
432,c,97.52424660273167,97.52424660273167
433,c,97.52424660273167,97.52424660273167
434,c,29.796729477837232,30.29500624275398
435,c,16.447256735848345,17.094856401024096
436,c,3.149413633181986,10.682328407862514
437,c,34.976275584167524,36.538473837925864
438,c,38.23022018339039,39.010904863649216
439,c,97.52424660273167,97.52424660273167
440,c,97.52424660273167,97.52424660273167
441,c,97.52424660273167,97.52424660273167
442,t,97.52424660273167,97.52424660273167
443,c,47.18642546893363,48.719150686980946
444,t,97.52424660273167,97.52424660273167
445,t,97.52424660273167,97.52424660273167
446,c,97.52424660273167,97.52424660273167
447,c,97.52424660273167,97.52424660273167
448,c,97.52424660273167,97.52424660273167
449,c,28.266818051301602,33.302273868438
450,c,70.06023427261081,90.47092318643989
451,c,57.30534736997062,61.80166400415134
452,c,97.52424660273167,97.52424660273167
453,c,97.52424660273167,97.52424660273167
454,c,97.52424660273167,97.52424660273167
455,t,97.52424660273167,97.52424660273167
456,c,36.45160726995035,39.05503462844664
457,t,97.52424660273167,97.52424660273167
458,t,97.52424660273167,97.52424660273167
459,c,74.9968639033708,75.20518861639347
460,c,97.52424660273167,97.52424660273167
461,c,97.52424660273167,97.52424660273167
462,t,97.52424660273167,97.52424660273167
463,c,97.52424660273167,97.52424660273167
464,c,97.52424660273167,97.52424660273167
465,c,44.52845561915896,45.03529551671617
466,c,45.88205852658617,56.77605258388195
467,c,97.52424660273167,97.52424660273167
468,c,97.52424660273167,97.52424660273167
469,t,97.52424660273167,97.52424660273167
470,c,27.58300474926438,41.98416630255404
471,c,97.52424660273167,97.52424660273167
472,c,71.09643451512133,71.61319161202636
473,c,63.41044416220206,65.51138352604238
474,c,97.52424660273167,97.52424660273167
475,c,97.52424660273167,97.52424660273167
476,c,97.52424660273167,97.52424660273167
477,t,97.52424660273167,97.52424660273167
478,c,97.52424660273167,97.52424660273167
479,c,5.638811907747633,7.334985250038598
480,c,97.52424660273167,97.52424660273167
481,c,30.484319355037528,31.620751309115466
482,c,97.52424660273167,97.52424660273167
483,c,97.52424660273167,97.52424660273167
484,c,97.52424660273167,97.52424660273167
485,c,97.52424660273167,97.52424660273167
486,t,97.52424660273167,97.52424660273167
487,c,35.43034428418083,37.51577627456292
488,t,97.52424660273167,97.52424660273167
489,t,97.52424660273167,97.52424660273167
490,c,97.52424660273167,97.52424660273167
491,c,97.52424660273167,97.52424660273167
492,c,97.52424660273167,97.52424660273167
493,t,97.52424660273167,97.52424660273167
494,c,19.107378331565116,21.5337651649165
495,c,97.52424660273167,97.52424660273167
496,c,97.52424660273167,97.52424660273167
497,c,97.52424660273167,97.52424660273167
498,c,97.52424660273167,97.52424660273167
499,c,33.619379477846515,35.027196306780866
500,c,97.52424660273167,97.52424660273167
501,c,97.52424660273167,97.52424660273167
502,c,35.427226807899665,41.24156463979211
503,c,97.52424660273167,97.52424660273167
504,c,97.52424660273167,97.52424660273167
505,c,44.28335337690737,44.68243204279021
506,c,97.52424660273167,97.52424660273167
507,c,40.696745316581136,49.40374937292815
508,c,22.776192316096147,24.543823631483423
509,t,97.52424660273167,97.52424660273167
510,c,29.994370573566734,30.610714481163356
511,c,97.52424660273167,97.52424660273167
512,t,97.52424660273167,97.52424660273167
513,t,97.52424660273167,97.52424660273167
514,c,30.063856210862195,33.103289216384155
515,c,97.52424660273167,97.52424660273167
516,c,97.52424660273167,97.52424660273167
517,c,97.52424660273167,97.52424660273167
518,c,97.52424660273167,97.52424660273167
519,c,14.362056449648295,24.23336320218662
520,c,97.52424660273167,97.52424660273167
521,c,97.52424660273167,97.52424660273167
522,t,97.52424660273167,97.52424660273167
523,c,16.771583793701417,18.59764692014946
524,c,97.52424660273167,97.52424660273167
525,t,97.52424660273167,97.52424660273167
526,t,97.52424660273167,97.52424660273167
527,c,97.52424660273167,97.52424660273167
528,c,97.52424660273167,97.52424660273167
529,c,97.52424660273167,97.52424660273167
530,c,56.86097770014557,97.52424660273167
531,c,97.52424660273167,97.52424660273167
532,c,8.613582258302102,22.372890327313375
533,c,97.52424660273167,97.52424660273167
534,c,42.18223007282359,47.67781466388165
535,c,97.52424660273167,97.52424660273167
536,c,29.68343610916997,33.5527059084564
537,c,97.52424660273167,97.52424660273167
538,c,97.52424660273167,97.52424660273167
539,c,97.52424660273167,97.52424660273167
540,c,29.244248045628765,33.322542816836794
541,c,97.52424660273167,97.52424660273167
542,c,20.263739842068453,22.22844520197508
543,c,51.29368446705716,51.642653415306015
544,c,97.52424660273167,97.52424660273167
545,c,97.52424660273167,97.52424660273167
546,c,30.082154599423472,31.7553295185963
547,c,97.52424660273167,97.52424660273167
548,c,97.52424660273167,97.52424660273167
549,c,97.52424660273167,97.52424660273167
550,c,97.52424660273167,97.52424660273167
551,c,97.52424660273167,97.52424660273167
552,t,97.52424660273167,97.52424660273167
553,c,97.52424660273167,97.52424660273167
554,c,97.52424660273167,97.52424660273167
555,c,97.52424660273167,97.52424660273167
556,c,97.52424660273167,97.52424660273167
557,c,47.04032605382458,47.48483323104671
558,c,97.52424660273167,97.52424660273167
559,c,47.27076659978942,49.5905040661109
560,t,97.52424660273167,97.52424660273167
561,t,97.52424660273167,97.52424660273167
562,t,97.52424660273167,97.52424660273167
563,c,33.104074536122106,33.93503952224327
564,c,97.52424660273167,97.52424660273167
565,c,97.52424660273167,97.52424660273167
566,c,97.52424660273167,97.52424660273167
567,c,22.658684230688692,23.203889925913888
568,c,42.93255059247449,49.68801128286548
569,c,97.52424660273167,97.52424660273167
570,t,97.52424660273167,97.52424660273167
571,t,97.52424660273167,97.52424660273167
572,t,97.52424660273167,97.52424660273167
573,c,97.52424660273167,97.52424660273167
574,c,97.52424660273167,97.52424660273167
575,t,97.52424660273167,97.52424660273167
576,c,79.09631340410809,84.77532179375872
577,c,14.90689775458618,34.7897318085825
578,c,24.01605000724968,27.540508057734844
579,c,97.52424660273167,97.52424660273167
580,t,97.52424660273167,97.52424660273167
581,t,97.52424660273167,97.52424660273167
582,c,24.556118598573974,25.342766451559733
583,c,97.52424660273167,97.52424660273167
584,t,97.52424660273167,97.52424660273167
585,c,33.213737819104566,43.7781465952545
586,c,42.292134659020334,44.3006202365842
587,c,97.52424660273167,97.52424660273167
588,t,97.52424660273167,97.52424660273167
589,c,97.52424660273167,97.52424660273167
590,c,19.110884660042515,21.235295364493435
591,c,97.52424660273167,97.52424660273167
592,c,28.85239355980673,36.23978886870795
593,c,17.855724175820306,34.30807798968785
594,t,97.52424660273167,97.52424660273167
595,c,19.722246081363878,22.309877202187298
596,c,67.76482184111659,70.90784783419528
597,c,85.99687994101693,90.49867888606393
598,c,97.52424660273167,97.52424660273167
599,c,97.52424660273167,97.52424660273167
600,c,97.52424660273167,97.52424660273167
601,c,97.52424660273167,97.52424660273167
602,t,97.52424660273167,97.52424660273167
603,t,97.52424660273167,97.52424660273167
604,c,97.52424660273167,97.52424660273167
605,c,97.52424660273167,97.52424660273167
606,c,97.52424660273167,97.52424660273167
607,c,97.52424660273167,97.52424660273167
608,c,97.52424660273167,97.52424660273167
609,c,97.52424660273167,97.52424660273167
610,c,23.358318840536064,31.08618662864899
611,t,97.52424660273167,97.52424660273167
612,t,97.52424660273167,97.52424660273167
613,c,97.52424660273167,97.52424660273167
614,c,97.52424660273167,97.52424660273167
615,c,97.52424660273167,97.52424660273167
616,c,97.52424660273167,97.52424660273167
617,t,97.52424660273167,97.52424660273167
618,t,97.52424660273167,97.52424660273167
619,c,30.240207576674155,41.60490921710306
620,c,97.52424660273167,97.52424660273167
621,t,97.52424660273167,97.52424660273167
622,c,97.52424660273167,97.52424660273167
623,c,97.52424660273167,97.52424660273167
624,t,97.52424660273167,97.52424660273167
625,c,97.52424660273167,97.52424660273167
626,c,97.52424660273167,97.52424660273167
627,c,97.52424660273167,97.52424660273167
628,c,97.52424660273167,97.52424660273167
629,c,97.52424660273167,97.52424660273167
630,c,2.4483713006994265,4.614742795160256
631,c,97.52424660273167,97.52424660273167
632,c,30.255456583866856,35.485432424246
633,c,97.52424660273167,97.52424660273167
634,t,97.52424660273167,97.52424660273167
635,c,97.52424660273167,97.52424660273167
636,c,97.52424660273167,97.52424660273167
637,c,12.672678847250687,12.981211253309004
638,c,97.52424660273167,97.52424660273167
639,c,26.64052159539093,29.102779025703818
640,c,25.616051877667935,26.640035136121043
641,c,39.56661992480871,46.734798867521285
642,c,97.52424660273167,97.52424660273167
643,t,97.52424660273167,97.52424660273167
644,c,97.52424660273167,97.52424660273167
645,t,97.52424660273167,97.52424660273167
646,c,97.52424660273167,97.52424660273167
647,c,35.304428688221094,41.890281059941884
648,t,97.52424660273167,97.52424660273167
649,c,16.49606219483956,22.902701187569413
650,c,97.52424660273167,97.52424660273167
651,t,97.52424660273167,97.52424660273167
652,c,97.52424660273167,97.52424660273167
653,c,27.56486685920067,37.43814213874455
654,c,97.52424660273167,97.52424660273167
655,c,97.52424660273167,97.52424660273167
656,t,97.52424660273167,97.52424660273167
657,t,97.52424660273167,97.52424660273167
658,c,97.52424660273167,97.52424660273167
659,t,97.52424660273167,97.52424660273167
660,c,97.52424660273167,97.52424660273167
661,c,97.52424660273167,97.52424660273167
662,c,29.20861102032678,35.13434073953807
663,c,22.789539313709454,29.253109335915994
664,c,37.84856515027413,97.52424660273167
665,c,31.526143815342575,41.08542353329768
666,t,97.52424660273167,97.52424660273167
667,c,97.52424660273167,97.52424660273167
668,c,97.52424660273167,97.52424660273167
669,c,37.23041492048673,38.81452412965698
670,c,97.52424660273167,97.52424660273167
671,c,22.44415292750059,36.22551777344032
672,t,97.52424660273167,97.52424660273167
673,c,17.583399915953095,23.901563600271814
674,c,20.195600488489355,97.52424660273167
675,t,97.52424660273167,97.52424660273167
676,c,97.52424660273167,97.52424660273167
677,c,58.23559540586297,61.40613317431688
678,c,42.89612690954138,42.986120585645175
679,t,97.52424660273167,97.52424660273167
680,c,97.52424660273167,97.52424660273167
681,c,97.52424660273167,97.52424660273167
682,t,97.52424660273167,97.52424660273167
683,c,97.52424660273167,97.52424660273167
684,c,6.069664568255179,7.600389423598856
685,c,97.52424660273167,97.52424660273167
686,c,97.52424660273167,97.52424660273167
687,c,44.52821804826915,52.702733425185635
688,c,20.639426579037405,22.23830860556327
689,c,97.52424660273167,97.52424660273167
690,t,97.52424660273167,97.52424660273167
691,c,97.52424660273167,97.52424660273167
692,c,30.185290217155583,42.66836227896621
693,c,97.52424660273167,97.52424660273167
694,c,3.906169910774125,4.152162108777752
695,c,97.52424660273167,97.52424660273167
696,c,54.462575117587186,55.64239200097811
697,c,36.758404673208744,42.64557691641038
698,c,97.52424660273167,97.52424660273167
699,c,56.028687811981,71.2644673580158
700,t,97.52424660273167,97.52424660273167
701,c,97.52424660273167,97.52424660273167
702,t,97.52424660273167,97.52424660273167
703,t,97.52424660273167,97.52424660273167
704,c,6.848340916190831,8.933978427482733
705,t,97.52424660273167,97.52424660273167
706,c,97.52424660273167,97.52424660273167
707,c,97.52424660273167,97.52424660273167
708,c,97.52424660273167,97.52424660273167
709,t,97.52424660273167,97.52424660273167
710,c,97.52424660273167,97.52424660273167
711,c,97.52424660273167,97.52424660273167
712,t,97.52424660273167,97.52424660273167
713,c,97.52424660273167,97.52424660273167
714,c,97.52424660273167,97.52424660273167
715,c,97.52424660273167,97.52424660273167
716,c,97.52424660273167,97.52424660273167
717,c,97.52424660273167,97.52424660273167
718,c,97.52424660273167,97.52424660273167
719,c,49.86540816605078,50.91151573866393
720,c,97.52424660273167,97.52424660273167
721,c,97.52424660273167,97.52424660273167
722,c,21.903371627991437,30.397559889206907
723,c,20.922482070835255,31.696523712349965
724,c,87.2513566551992,97.52424660273167
725,c,97.52424660273167,97.52424660273167
726,c,97.52424660273167,97.52424660273167
727,c,97.52424660273167,97.52424660273167
728,c,97.52424660273167,97.52424660273167
729,c,97.52424660273167,97.52424660273167
730,na,7.108833362751151,7.54204200768886
731,c,97.52424660273167,97.52424660273167
732,t,97.52424660273167,97.52424660273167
733,c,83.29450130666069,93.27097145179454
734,c,97.52424660273167,97.52424660273167
735,c,97.52424660273167,97.52424660273167
736,c,37.53789825365909,39.19694743998948
737,c,22.660057259974565,26.7650768802288
738,c,53.55681640307776,58.81494209304367
739,c,30.511345822627923,97.52424660273167
740,t,97.52424660273167,97.52424660273167
741,c,97.52424660273167,97.52424660273167
742,c,45.73700358449452,48.44206006220451
743,c,97.52424660273167,97.52424660273167
744,c,97.52424660273167,97.52424660273167
745,c,21.41798972191974,22.308034453207036
746,c,97.52424660273167,97.52424660273167
747,c,97.52424660273167,97.52424660273167
748,c,22.893729260323166,28.64690042516157
749,c,97.52424660273167,97.52424660273167
750,c,16.69613334830048,17.71436710087917
751,c,97.52424660273167,97.52424660273167
752,t,97.52424660273167,97.52424660273167
753,c,17.451103614722157,29.021812977079513
754,c,97.52424660273167,97.52424660273167
755,t,97.52424660273167,97.52424660273167
756,c,36.48117907836772,37.02465449123068
757,c,97.52424660273167,97.52424660273167
758,t,97.52424660273167,97.52424660273167
759,c,97.52424660273167,97.52424660273167
760,c,97.52424660273167,97.52424660273167
761,c,9.746857671206282,21.241010591514232
762,t,97.52424660273167,97.52424660273167
763,c,27.591352519239276,27.593836379963015
764,c,97.52424660273167,97.52424660273167
765,c,17.086194614905203,97.52424660273167
766,c,97.52424660273167,97.52424660273167
767,c,97.52424660273167,97.52424660273167
768,c,97.52424660273167,97.52424660273167
769,c,97.52424660273167,97.52424660273167
770,c,59.773448386469056,62.95251841546145
771,c,97.52424660273167,97.52424660273167
772,c,97.52424660273167,97.52424660273167
773,c,23.055073625239498,24.5108976027825
774,c,97.52424660273167,97.52424660273167
775,c,97.52424660273167,97.52424660273167
776,c,97.52424660273167,97.52424660273167
777,c,19.351255323227264,26.170716889043092
778,c,34.19562953580828,37.21306863215685
779,c,97.52424660273167,97.52424660273167
780,c,97.52424660273167,97.52424660273167
781,c,34.96039749586692,49.676019763707615
782,t,97.52424660273167,97.52424660273167
783,c,97.52424660273167,97.52424660273167
784,c,97.52424660273167,97.52424660273167
785,c,97.52424660273167,97.52424660273167
786,c,39.60753440410154,41.24739940771083
787,t,97.52424660273167,97.52424660273167
788,t,97.52424660273167,97.52424660273167
789,t,97.52424660273167,97.52424660273167
790,c,97.52424660273167,97.52424660273167
791,c,33.52210138974166,97.52424660273167
792,c,97.52424660273167,97.52424660273167
793,c,97.52424660273167,97.52424660273167
794,t,97.52424660273167,97.52424660273167
795,c,97.52424660273167,97.52424660273167
796,c,97.52424660273167,97.52424660273167
797,c,97.52424660273167,97.52424660273167
798,t,97.52424660273167,97.52424660273167
799,t,97.52424660273167,97.52424660273167
800,c,27.002204434702683,33.681116417684706
801,c,97.52424660273167,97.52424660273167
802,c,97.52424660273167,97.52424660273167
803,c,97.52424660273167,97.52424660273167
804,c,97.52424660273167,97.52424660273167
805,c,97.52424660273167,97.52424660273167
806,t,97.52424660273167,97.52424660273167
807,c,97.52424660273167,97.52424660273167
808,c,53.33377583254385,53.836180554572465
809,c,97.52424660273167,97.52424660273167
810,c,97.52424660273167,97.52424660273167
811,c,97.52424660273167,97.52424660273167
812,c,33.25706785002786,97.52424660273167
813,c,97.52424660273167,97.52424660273167
814,c,97.52424660273167,97.52424660273167
815,c,54.37730063602291,55.46682947444295
816,c,30.06405798077192,32.604890494158006
817,t,97.52424660273167,97.52424660273167
818,c,97.52424660273167,97.52424660273167
819,c,97.52424660273167,97.52424660273167
820,c,59.55429103626255,60.761973022110794
821,c,97.52424660273167,97.52424660273167
822,c,32.194472603061605,32.650554856615855
823,t,97.52424660273167,97.52424660273167
824,c,97.52424660273167,97.52424660273167
825,c,97.52424660273167,97.52424660273167
826,t,97.52424660273167,97.52424660273167
827,c,26.650509502295076,27.303397635038145
828,c,8.749195247802914,10.507408082780309
829,t,97.52424660273167,97.52424660273167
830,t,97.52424660273167,97.52424660273167
831,c,10.949162153441625,15.051432335046906
832,c,97.52424660273167,97.52424660273167
833,c,97.52424660273167,97.52424660273167
834,c,97.52424660273167,97.52424660273167
835,t,97.52424660273167,97.52424660273167
836,c,97.52424660273167,97.52424660273167
837,c,73.36705606682949,73.50215808552639
838,t,97.52424660273167,97.52424660273167
839,t,97.52424660273167,97.52424660273167
840,c,89.27249083276753,90.65599110821714
841,c,97.52424660273167,97.52424660273167
842,t,97.52424660273167,97.52424660273167
843,c,97.52424660273167,97.52424660273167
844,c,97.52424660273167,97.52424660273167
845,c,97.52424660273167,97.52424660273167
846,c,97.52424660273167,97.52424660273167
847,c,97.52424660273167,97.52424660273167
848,c,23.866287097106547,33.89183053264361
849,c,97.52424660273167,97.52424660273167
850,t,97.52424660273167,97.52424660273167
851,na,0.6291880160465585,1.8169230596742625
852,c,97.52424660273167,97.52424660273167
853,c,97.52424660273167,97.52424660273167
854,c,39.43806353336451,52.77555578630384
855,c,97.52424660273167,97.52424660273167
856,t,97.52424660273167,97.52424660273167
857,t,97.52424660273167,97.52424660273167
858,c,97.52424660273167,97.52424660273167
859,c,97.52424660273167,97.52424660273167
860,c,25.955405249548065,41.63361115168084
861,c,97.52424660273167,97.52424660273167
862,c,97.52424660273167,97.52424660273167
863,t,97.52424660273167,97.52424660273167
864,c,97.52424660273167,97.52424660273167
865,c,97.52424660273167,97.52424660273167
866,c,97.52424660273167,97.52424660273167
867,c,97.52424660273167,97.52424660273167
868,c,23.165687149706116,27.830013557098937
869,c,55.17869942660997,70.92910357883933
870,c,97.52424660273167,97.52424660273167
871,c,97.52424660273167,97.52424660273167
872,t,97.52424660273167,97.52424660273167
873,c,4.146717238071148,7.382712858542927
874,c,97.52424660273167,97.52424660273167
875,c,97.52424660273167,97.52424660273167
876,c,97.52424660273167,97.52424660273167
877,t,97.52424660273167,97.52424660273167
878,c,97.52424660273167,97.52424660273167
879,c,40.36072562709528,42.67383835764929
880,t,97.52424660273167,97.52424660273167
881,c,97.52424660273167,97.52424660273167
882,c,45.39861448226648,56.38186421271129
883,c,97.52424660273167,97.52424660273167
884,c,97.52424660273167,97.52424660273167
885,c,29.45248159335638,31.984654171588183
886,c,40.253662732251414,97.52424660273167
887,c,23.16759570209165,97.52424660273167
888,c,97.52424660273167,97.52424660273167
889,t,97.52424660273167,97.52424660273167
890,c,29.99732576099009,36.2939067841953
891,t,97.52424660273167,97.52424660273167
892,c,97.52424660273167,97.52424660273167
893,c,97.52424660273167,97.52424660273167
894,c,97.52424660273167,97.52424660273167
895,c,27.77656694161138,29.18401191500225
896,c,97.52424660273167,97.52424660273167
897,c,97.52424660273167,97.52424660273167
898,t,97.52424660273167,97.52424660273167
899,c,97.52424660273167,97.52424660273167
900,c,97.52424660273167,97.52424660273167
901,c,97.52424660273167,97.52424660273167
902,c,97.52424660273167,97.52424660273167
903,c,26.52140439079232,28.328748901193826
904,c,97.52424660273167,97.52424660273167
905,t,97.52424660273167,97.52424660273167
906,c,23.854877690006568,24.419243378517894
907,t,97.52424660273167,97.52424660273167
908,c,27.837640515384106,30.607635536696915
909,c,97.52424660273167,97.52424660273167
910,t,97.52424660273167,97.52424660273167
911,c,37.45314281831602,38.409236125550386
912,c,21.91349684128161,24.79046942776304
913,t,97.52424660273167,97.52424660273167
914,c,22.589737821826994,42.04996805182697
915,t,97.52424660273167,97.52424660273167
916,t,97.52424660273167,97.52424660273167
917,c,27.038922312179835,28.108543449031743
918,na,6.204235377243528,9.300297173040907
919,c,97.52424660273167,97.52424660273167
920,c,97.52424660273167,97.52424660273167
921,c,26.013088017240236,26.7576539963788
922,t,97.52424660273167,97.52424660273167
923,c,97.52424660273167,97.52424660273167
924,c,97.52424660273167,97.52424660273167
925,c,97.52424660273167,97.52424660273167
926,c,97.52424660273167,97.52424660273167
927,c,28.133688596188883,31.33149573692587
928,c,30.997875909975185,36.21774703678554
929,c,97.52424660273167,97.52424660273167
930,c,97.52424660273167,97.52424660273167
931,c,97.52424660273167,97.52424660273167
932,c,97.52424660273167,97.52424660273167
933,c,97.52424660273167,97.52424660273167
934,t,97.52424660273167,97.52424660273167
935,c,97.52424660273167,97.52424660273167
936,c,17.615466465379594,20.108157895488596
937,c,58.481239491027914,60.03031725483461
938,c,97.52424660273167,97.52424660273167
939,c,47.81486820324669,52.29435907561813
940,c,12.770067701833597,13.701852969144964
941,c,97.52424660273167,97.52424660273167
942,c,46.50642820937314,48.06032646891013
943,c,11.772402853602017,18.036216014579605
944,c,97.52424660273167,97.52424660273167
945,c,97.52424660273167,97.52424660273167
946,c,97.52424660273167,97.52424660273167
947,t,97.52424660273167,97.52424660273167
948,c,97.52424660273167,97.52424660273167
949,c,3.9447134894337053,3.965895354057524
950,t,97.52424660273167,97.52424660273167
951,c,26.206194103966624,31.523117873907708
952,c,36.55741297889987,36.57294656499302
953,c,97.52424660273167,97.52424660273167
954,t,97.52424660273167,97.52424660273167
955,c,32.87298749457234,35.75403636529117
956,c,97.52424660273167,97.52424660273167
957,t,97.52424660273167,97.52424660273167
958,t,97.52424660273167,97.52424660273167
959,c,97.52424660273167,97.52424660273167
960,c,97.52424660273167,97.52424660273167
961,c,50.357728312670844,52.07359708914214
962,c,97.52424660273167,97.52424660273167
963,c,49.71571208206153,55.07525297542511
964,c,97.52424660273167,97.52424660273167
965,c,60.11763056766852,61.6604164250078
966,na,-1,0
967,c,97.52424660273167,97.52424660273167
968,c,97.52424660273167,97.52424660273167
969,c,97.52424660273167,97.52424660273167
970,t,97.52424660273167,97.52424660273167
971,c,97.52424660273167,97.52424660273167
972,t,97.52424660273167,97.52424660273167
973,c,97.52424660273167,97.52424660273167
974,c,97.52424660273167,97.52424660273167
975,c,97.52424660273167,97.52424660273167
976,c,97.52424660273167,97.52424660273167
977,c,97.52424660273167,97.52424660273167
978,c,97.52424660273167,97.52424660273167
979,c,97.52424660273167,97.52424660273167
980,na,0,4.659460796686546
981,c,97.52424660273167,97.52424660273167
982,t,97.52424660273167,97.52424660273167
983,c,13.119358547440315,17.106657028404253
984,c,42.99169123006391,43.31178077823242
985,c,97.52424660273167,97.52424660273167
986,c,97.52424660273167,97.52424660273167
987,c,12.621233455848657,19.48838135928738
988,t,97.52424660273167,97.52424660273167
989,c,13.056638424047927,97.52424660273167
990,c,97.52424660273167,97.52424660273167
991,c,10.024269603853286,13.105134277699491
992,c,17.98762312728445,21.02825164113872
993,t,97.52424660273167,97.52424660273167
994,c,97.52424660273167,97.52424660273167
995,c,97.52424660273167,97.52424660273167
996,c,97.52424660273167,97.52424660273167
997,t,97.52424660273167,97.52424660273167
998,c,97.52424660273167,97.52424660273167
999,t,97.52424660273167,97.52424660273167
