node, assignment, time2inf, time2death
0,na,0,2.44538200630949
1,na,0,10.870133248482855
2,na,-1,0
3,na,-1,0
4,na,-1,0
5,na,0,4.0648131812039034
6,na,0,6.3368943657788535
7,na,-1,0
8,na,-1,0
9,na,-1,0
10,na,-1,0
11,na,-1,0
12,na,-1,0
13,na,-1,0
14,na,-1,0
15,na,-1,0
16,na,-1,0
17,na,-1,0
18,na,-1,0
19,na,-1,0
20,na,-1,0
21,na,-1,0
22,na,0,0.15416163070341343
23,na,-1,0
24,na,-1,0
25,na,117.74611437133201,117.74611437133201
26,na,-1,0
27,na,-1,0
28,na,-1,0
29,na,-1,0
30,na,-1,0
31,na,-1,0
32,na,-1,0
33,na,-1,0
34,na,-1,0
35,na,-1,0
36,na,-1,0
37,na,-1,0
38,na,-1,0
39,na,-1,0
40,c,117.74611437133201,117.74611437133201
41,c,23.358872474370777,26.60148344036598
42,c,117.74611437133201,117.74611437133201
43,c,117.74611437133201,117.74611437133201
44,c,117.74611437133201,117.74611437133201
45,c,14.136853578198785,18.37595530169128
46,c,20.61017169526714,21.980514913517048
47,t,117.74611437133201,117.74611437133201
48,c,117.74611437133201,117.74611437133201
49,c,117.74611437133201,117.74611437133201
50,na,4.646411390096115,5.236565591557846
51,c,117.74611437133201,117.74611437133201
52,t,117.74611437133201,117.74611437133201
53,c,17.278477221162394,20.497464791213424
54,c,117.74611437133201,117.74611437133201
55,t,117.74611437133201,117.74611437133201
56,c,117.74611437133201,117.74611437133201
57,c,117.74611437133201,117.74611437133201
58,c,18.61196746897579,117.74611437133201
59,c,45.92546818162624,117.74611437133201
60,t,117.74611437133201,117.74611437133201
61,c,117.74611437133201,117.74611437133201
62,c,15.218537759432252,39.37433798415093
63,t,117.74611437133201,117.74611437133201
64,c,117.74611437133201,117.74611437133201
65,c,26.501531786131988,28.80510626087213
66,c,28.94291247200408,30.802653174013084
67,c,16.578249695034007,18.304219157408383
68,c,33.99328024659493,40.50988572840545
69,c,117.74611437133201,117.74611437133201
70,na,1.6727227090024726,10.421480628634773
71,c,19.368981669216055,20.014919848259645
72,c,17.19153371536405,29.5763941034863
73,c,117.74611437133201,117.74611437133201
74,t,117.74611437133201,117.74611437133201
75,c,117.74611437133201,117.74611437133201
76,c,4.9422828967174715,15.026100358108433
77,c,117.74611437133201,117.74611437133201
78,c,12.401499213860937,117.74611437133201
79,c,117.74611437133201,117.74611437133201
80,t,117.74611437133201,117.74611437133201
81,c,117.74611437133201,117.74611437133201
82,c,117.74611437133201,117.74611437133201
83,c,33.78559128197375,37.69480440252076
84,c,25.125357664726316,26.651810064804767
85,c,117.74611437133201,117.74611437133201
86,c,21.96450043784153,24.23756947304339
87,c,117.74611437133201,117.74611437133201
88,c,117.74611437133201,117.74611437133201
89,c,117.74611437133201,117.74611437133201
90,c,117.74611437133201,117.74611437133201
91,c,117.74611437133201,117.74611437133201
92,c,35.65743174681062,36.50489732037329
93,c,52.539050030669145,117.74611437133201
94,c,13.811923377694276,14.010100247183356
95,c,117.74611437133201,117.74611437133201
96,c,50.11628376729809,51.978225229242064
97,c,37.325657351143924,37.346368236133884
98,t,117.74611437133201,117.74611437133201
99,c,42.225033309882626,55.58628872503421
100,c,117.74611437133201,117.74611437133201
101,c,117.74611437133201,117.74611437133201
102,c,117.74611437133201,117.74611437133201
103,c,35.23067848568609,117.74611437133201
104,t,117.74611437133201,117.74611437133201
105,na,2.935967381791735,3.2179454108115677
106,c,117.74611437133201,117.74611437133201
107,c,11.80781241255451,13.641489067674668
108,c,117.74611437133201,117.74611437133201
109,t,117.74611437133201,117.74611437133201
110,c,20.36472836434415,21.82868024948591
111,c,45.31554150776806,48.0374853840431
112,c,30.709432821805795,32.672821129291094
113,c,117.74611437133201,117.74611437133201
114,c,117.74611437133201,117.74611437133201
115,c,117.74611437133201,117.74611437133201
116,c,117.74611437133201,117.74611437133201
117,c,25.762608520622614,35.40393372697956
118,c,34.89717251349062,34.91638243747033
119,c,117.74611437133201,117.74611437133201
120,c,117.74611437133201,117.74611437133201
121,c,22.090383335089488,117.74611437133201
122,c,30.17534227712088,32.81605544963078
123,c,117.74611437133201,117.74611437133201
124,c,117.74611437133201,117.74611437133201
125,c,117.74611437133201,117.74611437133201
126,c,42.68756353683132,43.99712830000161
127,c,12.919812199327554,117.74611437133201
128,c,27.69783173143463,27.833539885543896
129,c,117.74611437133201,117.74611437133201
130,c,24.795739120609714,117.74611437133201
131,t,117.74611437133201,117.74611437133201
132,c,26.756958544861405,27.69585138683132
133,c,32.378328067475806,33.02387324249324
134,c,14.310881913291977,21.625646392465516
135,c,23.454213342538356,24.94250730509375
136,c,24.90849168344699,27.76047787599492
137,c,22.110741429930783,25.616820104458455
138,c,30.22174781375843,33.52463579198606
139,c,117.74611437133201,117.74611437133201
140,c,117.74611437133201,117.74611437133201
141,c,117.74611437133201,117.74611437133201
142,t,117.74611437133201,117.74611437133201
143,c,117.74611437133201,117.74611437133201
144,c,13.271614128163945,16.075171396628647
145,c,7.583810236579261,8.144708374434938
146,c,117.74611437133201,117.74611437133201
147,c,117.74611437133201,117.74611437133201
148,c,117.74611437133201,117.74611437133201
149,c,10.936023615469473,20.38908903586889
150,c,9.43777782648581,25.798332974504834
151,c,35.74119051855177,44.52985796945092
152,c,117.74611437133201,117.74611437133201
153,c,23.571403654797315,23.7843607170171
154,t,117.74611437133201,117.74611437133201
155,t,117.74611437133201,117.74611437133201
156,c,117.74611437133201,117.74611437133201
157,t,117.74611437133201,117.74611437133201
158,c,14.221947705071898,117.74611437133201
159,c,23.451502439256743,25.456036040317564
160,c,117.74611437133201,117.74611437133201
161,c,26.135160124015574,26.82028378306387
162,t,117.74611437133201,117.74611437133201
163,c,117.74611437133201,117.74611437133201
164,c,26.231795172711415,26.59954326374289
165,c,117.74611437133201,117.74611437133201
166,c,117.74611437133201,117.74611437133201
167,c,117.74611437133201,117.74611437133201
168,c,117.74611437133201,117.74611437133201
169,c,117.74611437133201,117.74611437133201
170,c,27.42730704903323,27.810415328231873
171,c,17.77708387276822,25.8736229475612
172,c,117.74611437133201,117.74611437133201
173,c,117.74611437133201,117.74611437133201
174,c,117.74611437133201,117.74611437133201
175,c,117.74611437133201,117.74611437133201
176,c,32.90510052222328,35.321225887810435
177,c,12.294374757670086,17.845835935050165
178,c,26.038454125526222,26.105684924201213
179,t,117.74611437133201,117.74611437133201
180,c,117.74611437133201,117.74611437133201
181,c,41.83602235137572,117.74611437133201
182,c,117.74611437133201,117.74611437133201
183,c,117.74611437133201,117.74611437133201
184,c,117.74611437133201,117.74611437133201
185,c,117.74611437133201,117.74611437133201
186,c,117.74611437133201,117.74611437133201
187,t,117.74611437133201,117.74611437133201
188,c,56.61012747928466,58.32824229893044
189,c,28.99174675260035,32.55194875628346
190,c,21.602707717336234,24.55623285841206
191,c,117.74611437133201,117.74611437133201
192,c,117.74611437133201,117.74611437133201
193,c,117.74611437133201,117.74611437133201
194,c,10.923175071554066,27.09925764206479
195,c,117.74611437133201,117.74611437133201
196,c,117.74611437133201,117.74611437133201
197,c,117.74611437133201,117.74611437133201
198,c,117.74611437133201,117.74611437133201
199,c,117.74611437133201,117.74611437133201
200,c,44.27542623442291,53.443306992452705
201,t,117.74611437133201,117.74611437133201
202,t,117.74611437133201,117.74611437133201
203,c,19.92317365697581,22.17781833950521
204,c,117.74611437133201,117.74611437133201
205,t,117.74611437133201,117.74611437133201
206,t,117.74611437133201,117.74611437133201
207,c,117.74611437133201,117.74611437133201
208,t,117.74611437133201,117.74611437133201
209,t,117.74611437133201,117.74611437133201
210,c,117.74611437133201,117.74611437133201
211,c,11.39070818134069,12.523963287956645
212,c,117.74611437133201,117.74611437133201
213,c,117.74611437133201,117.74611437133201
214,c,117.74611437133201,117.74611437133201
215,c,117.74611437133201,117.74611437133201
216,t,117.74611437133201,117.74611437133201
217,c,117.74611437133201,117.74611437133201
218,c,117.74611437133201,117.74611437133201
219,c,55.863937998969554,66.40813819755934
220,t,117.74611437133201,117.74611437133201
221,c,117.74611437133201,117.74611437133201
222,c,44.48247936344275,51.79164244834236
223,c,23.449686029411545,34.06975985267488
224,c,21.514695273473446,35.88303626812499
225,c,117.74611437133201,117.74611437133201
226,t,117.74611437133201,117.74611437133201
227,c,117.74611437133201,117.74611437133201
228,c,34.519882636404176,40.53592447021175
229,c,117.74611437133201,117.74611437133201
230,c,117.74611437133201,117.74611437133201
231,c,117.74611437133201,117.74611437133201
232,na,-1,0
233,c,117.74611437133201,117.74611437133201
234,t,117.74611437133201,117.74611437133201
235,t,117.74611437133201,117.74611437133201
236,c,85.55032029917288,94.2198625753955
237,c,117.74611437133201,117.74611437133201
238,c,17.537671417136877,18.040019601879386
239,c,32.58104000867587,41.17515957672283
240,c,18.851382117350077,20.881462639838077
241,c,117.74611437133201,117.74611437133201
242,c,26.220803986939345,26.73695645771662
243,c,6.749919584225791,7.970146404841121
244,na,0,0.11643652614329263
245,c,21.690570065499827,22.43075846962196
246,c,117.74611437133201,117.74611437133201
247,t,117.74611437133201,117.74611437133201
248,c,117.74611437133201,117.74611437133201
249,c,117.74611437133201,117.74611437133201
250,c,117.74611437133201,117.74611437133201
251,t,117.74611437133201,117.74611437133201
252,c,117.74611437133201,117.74611437133201
253,c,117.74611437133201,117.74611437133201
254,t,117.74611437133201,117.74611437133201
255,c,13.978710111395992,16.99155201229914
256,t,117.74611437133201,117.74611437133201
257,c,117.74611437133201,117.74611437133201
258,t,117.74611437133201,117.74611437133201
259,c,117.74611437133201,117.74611437133201
260,c,38.746123832943454,41.05736349361776
261,c,11.729147832949659,18.53266109488556
262,c,25.337051198560218,30.25778382919694
263,c,117.74611437133201,117.74611437133201
264,c,117.74611437133201,117.74611437133201
265,c,117.74611437133201,117.74611437133201
266,c,117.74611437133201,117.74611437133201
267,c,117.74611437133201,117.74611437133201
268,c,34.22465371794546,39.29047007312154
269,c,117.74611437133201,117.74611437133201
270,c,117.74611437133201,117.74611437133201
271,c,117.74611437133201,117.74611437133201
272,na,2.510874488420858,117.74611437133201
273,c,117.74611437133201,117.74611437133201
274,c,37.516690071808114,39.58611677549
275,c,117.74611437133201,117.74611437133201
276,c,62.12371381351355,63.937207199028265
277,c,117.74611437133201,117.74611437133201
278,c,117.74611437133201,117.74611437133201
279,c,117.74611437133201,117.74611437133201
280,c,117.74611437133201,117.74611437133201
281,t,117.74611437133201,117.74611437133201
282,c,117.74611437133201,117.74611437133201
283,c,44.79628278223133,45.3558454612934
284,c,48.32651661034887,51.49706550378826
285,c,117.74611437133201,117.74611437133201
286,c,117.74611437133201,117.74611437133201
287,c,117.74611437133201,117.74611437133201
288,c,117.74611437133201,117.74611437133201
289,c,117.74611437133201,117.74611437133201
290,na,0,117.74611437133201
291,c,117.74611437133201,117.74611437133201
292,t,117.74611437133201,117.74611437133201
293,c,34.612851852367776,117.74611437133201
294,na,0,9.104073720017462
295,c,117.74611437133201,117.74611437133201
296,c,25.182395958473307,28.351640689077442
297,c,57.90154636444977,58.851750583655175
298,c,117.74611437133201,117.74611437133201
299,na,1.6876223512644508,1.8602693725761472
300,c,22.441354330202905,25.034581982801576
301,c,13.635826002173095,24.00706217886182
302,c,14.527306628831191,22.958806388792198
303,c,55.00968462577054,58.90473492592175
304,c,117.74611437133201,117.74611437133201
305,c,47.887821729738775,117.74611437133201
306,c,117.74611437133201,117.74611437133201
307,c,16.365910247957093,18.525628841061266
308,c,117.74611437133201,117.74611437133201
309,c,12.75738717434907,24.88038957756976
310,c,117.74611437133201,117.74611437133201
311,c,25.95337017884171,28.716591068043165
312,c,6.816525919067399,12.455096023904632
313,c,117.74611437133201,117.74611437133201
314,c,117.74611437133201,117.74611437133201
315,c,117.74611437133201,117.74611437133201
316,c,117.74611437133201,117.74611437133201
317,c,44.863852263309745,67.21711794057838
318,t,117.74611437133201,117.74611437133201
319,c,117.74611437133201,117.74611437133201
320,c,117.74611437133201,117.74611437133201
321,c,117.74611437133201,117.74611437133201
322,c,16.53734405300448,23.47057300347468
323,t,117.74611437133201,117.74611437133201
324,c,117.74611437133201,117.74611437133201
325,c,117.74611437133201,117.74611437133201
326,c,18.894985425977822,20.943861937369157
327,c,41.43945289430575,49.5048013192464
328,t,117.74611437133201,117.74611437133201
329,c,5.24117479191534,9.277251539427517
330,c,117.74611437133201,117.74611437133201
331,t,117.74611437133201,117.74611437133201
332,c,33.378844434144,42.54539381834708
333,t,117.74611437133201,117.74611437133201
334,c,117.74611437133201,117.74611437133201
335,c,117.74611437133201,117.74611437133201
336,c,117.74611437133201,117.74611437133201
337,c,5.441908410888939,6.880199236892787
338,c,117.74611437133201,117.74611437133201
339,c,117.74611437133201,117.74611437133201
340,c,22.11171512407522,41.13026375102461
341,t,117.74611437133201,117.74611437133201
342,c,117.74611437133201,117.74611437133201
343,c,49.39224298434397,50.62236070207631
344,c,27.474399278040206,33.572569656178544
345,na,3.0060664856122026,5.580415698653392
346,t,117.74611437133201,117.74611437133201
347,c,20.26415372740614,23.440722197742733
348,c,117.74611437133201,117.74611437133201
349,c,24.150957508600868,27.953172647975457
350,t,117.74611437133201,117.74611437133201
351,t,117.74611437133201,117.74611437133201
352,t,117.74611437133201,117.74611437133201
353,c,35.50416318520466,38.818561394578474
354,t,117.74611437133201,117.74611437133201
355,c,117.74611437133201,117.74611437133201
356,c,117.74611437133201,117.74611437133201
357,c,117.74611437133201,117.74611437133201
358,c,117.74611437133201,117.74611437133201
359,c,117.74611437133201,117.74611437133201
360,t,117.74611437133201,117.74611437133201
361,t,117.74611437133201,117.74611437133201
362,c,32.333236846622015,117.74611437133201
363,c,117.74611437133201,117.74611437133201
364,t,117.74611437133201,117.74611437133201
365,c,117.74611437133201,117.74611437133201
366,c,117.74611437133201,117.74611437133201
367,t,117.74611437133201,117.74611437133201
368,t,117.74611437133201,117.74611437133201
369,t,117.74611437133201,117.74611437133201
370,c,117.74611437133201,117.74611437133201
371,c,117.74611437133201,117.74611437133201
372,t,117.74611437133201,117.74611437133201
373,c,117.74611437133201,117.74611437133201
374,c,117.74611437133201,117.74611437133201
375,c,25.038748389835774,25.176708972561805
376,c,18.731912630397268,23.231240728120007
377,c,117.74611437133201,117.74611437133201
378,c,117.74611437133201,117.74611437133201
379,c,12.33680368870137,20.255974971553623
380,c,117.74611437133201,117.74611437133201
381,c,117.74611437133201,117.74611437133201
382,c,117.74611437133201,117.74611437133201
383,t,117.74611437133201,117.74611437133201
384,c,117.74611437133201,117.74611437133201
385,t,117.74611437133201,117.74611437133201
386,c,117.74611437133201,117.74611437133201
387,c,32.62278024001754,34.27066703724063
388,c,117.74611437133201,117.74611437133201
389,t,117.74611437133201,117.74611437133201
390,c,40.08069374999487,42.451609738264374
391,c,36.51252758498614,36.65545206407801
392,c,58.742608421604515,69.59868925531788
393,c,117.74611437133201,117.74611437133201
394,c,28.85634456860144,59.57258117760179
395,c,117.74611437133201,117.74611437133201
396,c,75.1757730019131,77.85046938736768
397,t,117.74611437133201,117.74611437133201
398,c,117.74611437133201,117.74611437133201
399,c,41.25158215941618,51.022166359711335
400,c,117.74611437133201,117.74611437133201
401,c,117.74611437133201,117.74611437133201
402,c,34.48928675440338,54.615443761109965
403,c,38.17872333133254,38.92604003350116
404,c,41.02082042598434,49.28239862578417
405,c,47.547172390859565,60.991088457008395
406,c,19.95931228508349,20.32161306853121
407,c,22.48245075227686,25.60624735897883
408,c,11.580625165316535,12.31035466541742
409,t,117.74611437133201,117.74611437133201
410,c,117.74611437133201,117.74611437133201
411,c,7.380252538716044,11.645979805723684
412,c,117.74611437133201,117.74611437133201
413,c,14.83020516926365,33.1268545436014
414,t,117.74611437133201,117.74611437133201
415,t,117.74611437133201,117.74611437133201
416,t,117.74611437133201,117.74611437133201
417,t,117.74611437133201,117.74611437133201
418,c,36.973561663042254,42.16324923919165
419,c,117.74611437133201,117.74611437133201
420,c,13.023504367249862,13.93423470848874
421,c,23.257392409534333,25.3364479495981
422,c,117.74611437133201,117.74611437133201
423,t,117.74611437133201,117.74611437133201
424,c,117.74611437133201,117.74611437133201
425,c,30.317038741820706,35.44815044381636
426,c,117.74611437133201,117.74611437133201
427,c,26.819076968010922,27.10736944143332
428,c,117.74611437133201,117.74611437133201
429,c,14.134954722032534,14.82802906802832
430,c,117.74611437133201,117.74611437133201
431,c,117.74611437133201,117.74611437133201
432,t,117.74611437133201,117.74611437133201
433,c,117.74611437133201,117.74611437133201
434,c,25.366345543735857,34.27747607041441
435,c,38.33270824121313,40.451745380310506
436,t,117.74611437133201,117.74611437133201
437,c,51.36946568566833,52.28233782027392
438,c,29.0457538398997,37.358979228011194
439,c,117.74611437133201,117.74611437133201
440,c,29.690353442787302,30.43389432539707
441,c,117.74611437133201,117.74611437133201
442,c,117.74611437133201,117.74611437133201
443,c,117.74611437133201,117.74611437133201
444,c,117.74611437133201,117.74611437133201
445,t,117.74611437133201,117.74611437133201
446,c,43.18673201049578,49.107854319623186
447,c,4.866151558747237,5.48184433969825
448,t,117.74611437133201,117.74611437133201
449,t,117.74611437133201,117.74611437133201
450,t,117.74611437133201,117.74611437133201
451,c,15.323877274822134,117.74611437133201
452,c,4.160613301639808,10.046499952633535
453,c,23.338003313468498,23.37407021948481
454,c,117.74611437133201,117.74611437133201
455,c,57.1138898718862,117.74611437133201
456,t,117.74611437133201,117.74611437133201
457,c,2.596660410418761,12.083803051137382
458,c,50.95236519563678,53.93199576589131
459,c,32.228064341980314,37.71139211012617
460,c,26.989224501712748,42.67872814814364
461,c,117.74611437133201,117.74611437133201
462,c,3.06340374543804,4.151887974407741
463,c,8.759827775855225,9.593461445163525
464,c,31.165801395762355,43.63660455832798
465,c,3.9309131017209578,7.630226933041853
466,c,28.11134880863669,30.81209160887225
467,t,117.74611437133201,117.74611437133201
468,c,117.74611437133201,117.74611437133201
469,c,20.999054387462824,33.64129336390287
470,c,12.258678287640544,18.76937229253092
471,c,6.482952391922203,6.812796364536857
472,c,117.74611437133201,117.74611437133201
473,c,117.74611437133201,117.74611437133201
474,c,49.10570159094547,56.60439736939194
475,c,117.74611437133201,117.74611437133201
476,c,117.74611437133201,117.74611437133201
477,c,117.74611437133201,117.74611437133201
478,c,117.74611437133201,117.74611437133201
479,c,117.74611437133201,117.74611437133201
480,c,117.74611437133201,117.74611437133201
481,c,33.725596642023696,34.84820929976081
482,c,117.74611437133201,117.74611437133201
483,c,41.368717144014916,41.75130455013787
484,c,46.67944150481798,53.20216021921239
485,c,28.436491079730594,29.57409373040569
486,c,117.74611437133201,117.74611437133201
487,c,64.05581563196061,117.74611437133201
488,c,117.74611437133201,117.74611437133201
489,c,16.87105833193086,18.49656361424202
490,c,117.74611437133201,117.74611437133201
491,c,117.74611437133201,117.74611437133201
492,c,34.745346511190995,36.18789090273691
493,c,117.74611437133201,117.74611437133201
494,c,117.74611437133201,117.74611437133201
495,c,21.51748600778447,31.716299938588016
496,c,7.284743298398973,11.682876789031681
497,c,80.51585588577706,84.61452705329637
498,c,117.74611437133201,117.74611437133201
499,t,117.74611437133201,117.74611437133201
500,c,27.453003590708953,117.74611437133201
501,c,38.59859241698892,45.80327271977603
502,c,117.74611437133201,117.74611437133201
503,c,29.26084191629402,42.5981991824385
504,c,117.74611437133201,117.74611437133201
505,c,30.904704800408187,117.74611437133201
506,c,50.99378764270372,52.22652549899231
507,c,117.74611437133201,117.74611437133201
508,t,117.74611437133201,117.74611437133201
509,c,23.356828056742636,24.16284017508296
510,c,54.36936860302352,58.49581903774747
511,c,16.579601758510105,27.592991181099002
512,c,117.74611437133201,117.74611437133201
513,c,117.74611437133201,117.74611437133201
514,c,117.74611437133201,117.74611437133201
515,c,117.74611437133201,117.74611437133201
516,c,41.57501580520967,43.14617192488767
517,c,117.74611437133201,117.74611437133201
518,c,117.74611437133201,117.74611437133201
519,t,117.74611437133201,117.74611437133201
520,c,117.74611437133201,117.74611437133201
521,c,17.15541920226799,35.372459915146045
522,c,38.10628845856089,46.64412218156993
523,c,31.48579694343311,36.48233405054692
524,t,117.74611437133201,117.74611437133201
525,c,117.74611437133201,117.74611437133201
526,c,117.74611437133201,117.74611437133201
527,c,36.467063804888866,46.331272087125235
528,c,27.018367761200206,31.6426363675784
529,c,117.74611437133201,117.74611437133201
530,c,38.1543719414653,51.649151446612976
531,c,48.099009932967604,51.040743302302495
532,c,117.74611437133201,117.74611437133201
533,c,6.663806705871441,117.74611437133201
534,t,117.74611437133201,117.74611437133201
535,c,117.74611437133201,117.74611437133201
536,c,117.74611437133201,117.74611437133201
537,c,32.28347411745249,34.00768648171016
538,c,117.74611437133201,117.74611437133201
539,t,117.74611437133201,117.74611437133201
540,c,117.74611437133201,117.74611437133201
541,c,11.43460100988022,12.114832670198407
542,na,9.894249897904713,11.612602564238363
543,c,117.74611437133201,117.74611437133201
544,c,117.74611437133201,117.74611437133201
545,c,9.938598965507788,9.988742300221427
546,c,117.74611437133201,117.74611437133201
547,t,117.74611437133201,117.74611437133201
548,t,117.74611437133201,117.74611437133201
549,c,1.4113820709205422,6.986443101617741
550,t,117.74611437133201,117.74611437133201
551,t,117.74611437133201,117.74611437133201
552,c,117.74611437133201,117.74611437133201
553,c,27.570218804029253,27.824749439168492
554,c,58.39972910550793,59.06201364408199
555,c,11.134917975152266,16.414149180719345
556,c,23.805821058769656,26.187466149333392
557,c,117.74611437133201,117.74611437133201
558,t,117.74611437133201,117.74611437133201
559,c,20.976611483973393,117.74611437133201
560,t,117.74611437133201,117.74611437133201
561,c,117.74611437133201,117.74611437133201
562,c,9.230690571968209,16.831456344582747
563,c,27.037463111129288,117.74611437133201
564,c,117.74611437133201,117.74611437133201
565,c,117.74611437133201,117.74611437133201
566,c,7.453640240964691,14.491521812041189
567,c,25.68926695851681,27.308716322726777
568,c,43.142787946814735,45.774903301408216
569,c,45.46626607549794,58.574766599053504
570,t,117.74611437133201,117.74611437133201
571,c,12.412216392421817,18.052156956490037
572,t,117.74611437133201,117.74611437133201
573,c,117.74611437133201,117.74611437133201
574,t,117.74611437133201,117.74611437133201
575,c,81.48363157199043,91.90926824176641
576,c,117.74611437133201,117.74611437133201
577,c,117.74611437133201,117.74611437133201
578,c,14.606487318995548,117.74611437133201
579,c,117.74611437133201,117.74611437133201
580,c,28.389097120811478,28.622880858878183
581,c,117.74611437133201,117.74611437133201
582,c,117.74611437133201,117.74611437133201
583,t,117.74611437133201,117.74611437133201
584,c,117.74611437133201,117.74611437133201
585,c,28.90046428143226,29.60212460123115
586,c,117.74611437133201,117.74611437133201
587,c,117.74611437133201,117.74611437133201
588,c,48.647095863903445,48.937259837029266
589,c,117.74611437133201,117.74611437133201
590,c,34.00492696735681,38.979520989662156
591,t,117.74611437133201,117.74611437133201
592,c,117.74611437133201,117.74611437133201
593,c,117.74611437133201,117.74611437133201
594,c,117.74611437133201,117.74611437133201
595,c,117.74611437133201,117.74611437133201
596,t,117.74611437133201,117.74611437133201
597,c,22.68740739954615,29.165095224905155
598,c,117.74611437133201,117.74611437133201
599,c,55.820675683740006,63.43356729901079
600,c,17.563613326613275,18.152433496660766
601,c,10.796423474530263,12.258715572924624
602,t,117.74611437133201,117.74611437133201
603,c,117.74611437133201,117.74611437133201
604,c,117.74611437133201,117.74611437133201
605,c,4.933945237691961,8.264289513792013
606,t,117.74611437133201,117.74611437133201
607,c,50.32210848579386,56.13256237598867
608,c,117.74611437133201,117.74611437133201
609,t,117.74611437133201,117.74611437133201
610,c,117.74611437133201,117.74611437133201
611,t,117.74611437133201,117.74611437133201
612,t,117.74611437133201,117.74611437133201
613,c,31.627901838671786,33.468661078511076
614,c,117.74611437133201,117.74611437133201
615,c,117.74611437133201,117.74611437133201
616,c,10.52376656950923,11.204789543781382
617,c,21.84978866092899,22.704849665379193
618,c,27.43640248382785,28.86631259319437
619,c,39.320493601573745,42.094552679472955
620,c,117.74611437133201,117.74611437133201
621,c,17.443163386352293,23.58274132843566
622,c,117.74611437133201,117.74611437133201
623,c,117.74611437133201,117.74611437133201
624,c,117.74611437133201,117.74611437133201
625,c,31.897262315599576,42.04389228704144
626,t,117.74611437133201,117.74611437133201
627,c,117.74611437133201,117.74611437133201
628,c,117.74611437133201,117.74611437133201
629,t,117.74611437133201,117.74611437133201
630,c,117.74611437133201,117.74611437133201
631,c,117.74611437133201,117.74611437133201
632,t,117.74611437133201,117.74611437133201
633,t,117.74611437133201,117.74611437133201
634,c,22.842985854899403,22.93897150012018
635,c,117.74611437133201,117.74611437133201
636,c,30.16627398708301,32.808326518995834
637,c,19.68832532924142,117.74611437133201
638,c,36.744384666805644,41.59623713482022
639,c,30.351590145755253,31.70561739032521
640,c,117.74611437133201,117.74611437133201
641,c,20.342881900200805,117.74611437133201
642,c,117.74611437133201,117.74611437133201
643,c,8.866673572185965,17.376568191713144
644,c,117.74611437133201,117.74611437133201
645,c,117.74611437133201,117.74611437133201
646,c,117.74611437133201,117.74611437133201
647,c,117.74611437133201,117.74611437133201
648,c,117.74611437133201,117.74611437133201
649,c,117.74611437133201,117.74611437133201
650,c,117.74611437133201,117.74611437133201
651,c,117.74611437133201,117.74611437133201
652,c,117.74611437133201,117.74611437133201
653,c,117.74611437133201,117.74611437133201
654,c,12.678872329515174,20.619261852912846
655,t,117.74611437133201,117.74611437133201
656,c,49.345196234924515,50.43491906817094
657,c,117.74611437133201,117.74611437133201
658,c,117.74611437133201,117.74611437133201
659,c,54.74703142979271,54.93691319708144
660,t,117.74611437133201,117.74611437133201
661,c,10.713619639915926,11.631744121713728
662,c,18.906150179574563,20.082899667508418
663,c,28.284916683413027,28.675393803935794
664,c,117.74611437133201,117.74611437133201
665,t,117.74611437133201,117.74611437133201
666,c,47.068283145123,55.004533833304464
667,c,117.74611437133201,117.74611437133201
668,c,117.74611437133201,117.74611437133201
669,c,32.249026150190325,36.52704261234787
670,c,117.74611437133201,117.74611437133201
671,c,117.74611437133201,117.74611437133201
672,c,13.238877337410136,14.740792267155944
673,t,117.74611437133201,117.74611437133201
674,c,33.59536335911742,35.89739846658416
675,t,117.74611437133201,117.74611437133201
676,c,19.829805295426294,24.897961924189488
677,t,117.74611437133201,117.74611437133201
678,c,20.01220276767689,20.124171745711465
679,c,20.282387469412534,22.041970545355298
680,c,117.74611437133201,117.74611437133201
681,t,117.74611437133201,117.74611437133201
682,t,117.74611437133201,117.74611437133201
683,c,117.74611437133201,117.74611437133201
684,c,117.74611437133201,117.74611437133201
685,c,117.74611437133201,117.74611437133201
686,c,117.74611437133201,117.74611437133201
687,c,42.95544110723961,44.326472010242675
688,t,117.74611437133201,117.74611437133201
689,c,117.74611437133201,117.74611437133201
690,c,19.85188372344738,117.74611437133201
691,c,46.347057986688,49.94050132540099
692,c,117.74611437133201,117.74611437133201
693,c,25.237130950111005,29.928449896959727
694,c,31.25100547563427,36.097501208322434
695,c,117.74611437133201,117.74611437133201
696,c,117.74611437133201,117.74611437133201
697,c,117.74611437133201,117.74611437133201
698,t,117.74611437133201,117.74611437133201
699,c,7.4593325727794095,8.52152290629473
700,c,21.877808494273385,27.227263494564372
701,c,117.74611437133201,117.74611437133201
702,t,117.74611437133201,117.74611437133201
703,c,43.57497808445972,44.30986697666961
704,c,117.74611437133201,117.74611437133201
705,c,42.42294581409761,42.965653592229245
706,t,117.74611437133201,117.74611437133201
707,c,15.379114935266513,18.986751976434245
708,na,1.8059190648368266,2.28510396718052
709,c,117.74611437133201,117.74611437133201
710,t,117.74611437133201,117.74611437133201
711,c,31.570488525413655,34.75443746481556
712,c,117.74611437133201,117.74611437133201
713,c,117.74611437133201,117.74611437133201
714,c,36.774768054994695,41.029912644567354
715,c,117.74611437133201,117.74611437133201
716,c,117.74611437133201,117.74611437133201
717,c,117.74611437133201,117.74611437133201
718,c,43.525014165657375,48.38154790390865
719,c,117.74611437133201,117.74611437133201
720,c,117.74611437133201,117.74611437133201
721,c,117.74611437133201,117.74611437133201
722,c,19.13557432776264,24.180594675779343
723,c,26.963141510403926,30.028781503613374
724,c,31.31928947753984,34.005074567145
725,c,117.74611437133201,117.74611437133201
726,c,19.490178846678138,21.71697100699051
727,c,117.74611437133201,117.74611437133201
728,t,117.74611437133201,117.74611437133201
729,c,117.74611437133201,117.74611437133201
730,t,117.74611437133201,117.74611437133201
731,c,20.25168418467154,23.79674681133855
732,c,117.74611437133201,117.74611437133201
733,c,117.74611437133201,117.74611437133201
734,c,41.052431321016286,42.56536504669831
735,c,29.04120470077288,29.12043011031576
736,c,117.74611437133201,117.74611437133201
737,c,27.564558520757966,28.511552939995408
738,c,117.74611437133201,117.74611437133201
739,t,117.74611437133201,117.74611437133201
740,c,117.74611437133201,117.74611437133201
741,c,18.011428431967616,20.411355374078575
742,c,117.74611437133201,117.74611437133201
743,c,117.74611437133201,117.74611437133201
744,c,47.185678835147975,48.17451238651248
745,c,117.74611437133201,117.74611437133201
746,c,22.308610821579045,22.847404448959317
747,c,117.74611437133201,117.74611437133201
748,c,117.74611437133201,117.74611437133201
749,c,41.71729549601145,42.70720002737265
750,c,25.07281054161369,27.08613986927346
751,c,117.74611437133201,117.74611437133201
752,c,117.74611437133201,117.74611437133201
753,c,54.06084232890684,56.666500240216266
754,c,12.68833247877044,16.63013963584847
755,t,117.74611437133201,117.74611437133201
756,c,21.775931817298172,23.79529709508171
757,c,117.74611437133201,117.74611437133201
758,c,117.74611437133201,117.74611437133201
759,c,70.77692585685803,74.07991908902538
760,c,117.74611437133201,117.74611437133201
761,c,32.004030072272926,35.11761751999198
762,c,117.74611437133201,117.74611437133201
763,c,117.74611437133201,117.74611437133201
764,c,21.093361958831036,26.738859464263733
765,c,117.74611437133201,117.74611437133201
766,c,117.74611437133201,117.74611437133201
767,t,117.74611437133201,117.74611437133201
768,t,117.74611437133201,117.74611437133201
769,t,117.74611437133201,117.74611437133201
770,c,117.74611437133201,117.74611437133201
771,c,117.74611437133201,117.74611437133201
772,c,117.74611437133201,117.74611437133201
773,c,117.74611437133201,117.74611437133201
774,c,23.051847612664318,27.44296916004258
775,c,117.74611437133201,117.74611437133201
776,c,42.65148989162065,117.74611437133201
777,t,117.74611437133201,117.74611437133201
778,t,117.74611437133201,117.74611437133201
779,c,117.74611437133201,117.74611437133201
780,c,28.384441648724955,117.74611437133201
781,c,117.74611437133201,117.74611437133201
782,c,117.74611437133201,117.74611437133201
783,c,22.207643377152976,22.9800423326794
784,c,44.41563525553021,54.759635523593694
785,c,16.954708059698426,22.47314537770547
786,c,28.846169003250527,29.79446432860008
787,c,44.43246229702656,52.32245975093044
788,c,117.74611437133201,117.74611437133201
789,t,117.74611437133201,117.74611437133201
790,t,117.74611437133201,117.74611437133201
791,t,117.74611437133201,117.74611437133201
792,c,117.74611437133201,117.74611437133201
793,t,117.74611437133201,117.74611437133201
794,c,28.0948026526762,117.74611437133201
795,c,117.74611437133201,117.74611437133201
796,c,117.74611437133201,117.74611437133201
797,c,117.74611437133201,117.74611437133201
798,t,117.74611437133201,117.74611437133201
799,c,117.74611437133201,117.74611437133201
800,c,55.18858796851365,57.592799226026514
801,c,15.689003553358333,16.23326087313224
802,c,117.74611437133201,117.74611437133201
803,c,25.578560337208394,27.300558643677896
804,c,117.74611437133201,117.74611437133201
805,c,117.74611437133201,117.74611437133201
806,c,117.74611437133201,117.74611437133201
807,t,117.74611437133201,117.74611437133201
808,c,64.1452017208209,64.34603988267018
809,c,20.517685594463785,26.061468648695232
810,c,117.74611437133201,117.74611437133201
811,c,117.74611437133201,117.74611437133201
812,c,117.74611437133201,117.74611437133201
813,c,117.74611437133201,117.74611437133201
814,c,117.74611437133201,117.74611437133201
815,t,117.74611437133201,117.74611437133201
816,t,117.74611437133201,117.74611437133201
817,t,117.74611437133201,117.74611437133201
818,c,117.74611437133201,117.74611437133201
819,c,3.506379160705409,5.577076767728963
820,c,12.42259000564946,14.017054574105497
821,c,25.000623168957596,26.412281424149246
822,t,117.74611437133201,117.74611437133201
823,c,117.74611437133201,117.74611437133201
824,c,24.872153329611965,25.777878298095878
825,c,117.74611437133201,117.74611437133201
826,c,45.595200660079236,48.1831084763247
827,c,12.859387661642486,18.091507949070497
828,t,117.74611437133201,117.74611437133201
829,c,56.99597308261987,93.13557171847387
830,c,117.74611437133201,117.74611437133201
831,c,117.74611437133201,117.74611437133201
832,c,117.74611437133201,117.74611437133201
833,t,117.74611437133201,117.74611437133201
834,na,2.6800413488840436,3.6400434533104495
835,t,117.74611437133201,117.74611437133201
836,c,10.743643452887854,18.91151140608577
837,t,117.74611437133201,117.74611437133201
838,c,117.74611437133201,117.74611437133201
839,c,117.74611437133201,117.74611437133201
840,c,117.74611437133201,117.74611437133201
841,c,117.74611437133201,117.74611437133201
842,c,117.74611437133201,117.74611437133201
843,c,117.74611437133201,117.74611437133201
844,c,19.22537675207752,27.756810524911074
845,t,117.74611437133201,117.74611437133201
846,c,28.70790262248694,36.47289625560661
847,c,117.74611437133201,117.74611437133201
848,c,117.74611437133201,117.74611437133201
849,c,15.969737669447326,18.279416591153883
850,c,40.860027390564106,47.016471629064895
851,c,117.74611437133201,117.74611437133201
852,c,59.1865433580541,60.02300154408503
853,t,117.74611437133201,117.74611437133201
854,t,117.74611437133201,117.74611437133201
855,t,117.74611437133201,117.74611437133201
856,t,117.74611437133201,117.74611437133201
857,t,117.74611437133201,117.74611437133201
858,t,117.74611437133201,117.74611437133201
859,c,117.74611437133201,117.74611437133201
860,c,117.74611437133201,117.74611437133201
861,c,12.445985430949973,13.668508729546385
862,t,117.74611437133201,117.74611437133201
863,c,117.74611437133201,117.74611437133201
864,c,117.74611437133201,117.74611437133201
865,c,117.74611437133201,117.74611437133201
866,c,117.74611437133201,117.74611437133201
867,c,117.74611437133201,117.74611437133201
868,c,35.4404938838248,39.48283667992396
869,c,30.66672284506014,117.74611437133201
870,t,117.74611437133201,117.74611437133201
871,c,117.74611437133201,117.74611437133201
872,c,17.083918144359163,17.236303280763448
873,c,48.69104403434639,48.75537061708734
874,c,117.74611437133201,117.74611437133201
875,c,30.34271924497167,33.53955432109097
876,c,117.74611437133201,117.74611437133201
877,c,117.74611437133201,117.74611437133201
878,c,117.74611437133201,117.74611437133201
879,c,117.74611437133201,117.74611437133201
880,c,44.48993785190016,44.896900019843706
881,c,17.770990997345034,20.751858515754126
882,t,117.74611437133201,117.74611437133201
883,c,12.612349154064383,21.13450059067298
884,c,117.74611437133201,117.74611437133201
885,c,117.74611437133201,117.74611437133201
886,t,117.74611437133201,117.74611437133201
887,c,31.115269381038534,33.87194202502331
888,c,42.32042881335412,55.30390312681164
889,c,19.833041945927995,23.28703951003404
890,c,117.74611437133201,117.74611437133201
891,c,117.74611437133201,117.74611437133201
892,t,117.74611437133201,117.74611437133201
893,c,19.172165390742087,29.20803866919194
894,c,74.39750400460368,75.94605836030058
895,c,48.47054819060325,51.34533779264912
896,c,117.74611437133201,117.74611437133201
897,c,19.82601747880008,28.409176454467275
898,c,117.74611437133201,117.74611437133201
899,t,117.74611437133201,117.74611437133201
900,c,18.24630188064142,22.566863820073795
901,t,117.74611437133201,117.74611437133201
902,c,23.834342043416264,29.117065966290298
903,c,31.131644846472046,31.144279203765862
904,t,117.74611437133201,117.74611437133201
905,c,117.74611437133201,117.74611437133201
906,c,117.74611437133201,117.74611437133201
907,c,117.74611437133201,117.74611437133201
908,c,117.74611437133201,117.74611437133201
909,t,117.74611437133201,117.74611437133201
910,t,117.74611437133201,117.74611437133201
911,c,49.97095970853244,54.17541113881967
912,c,64.82570702778195,75.12109188592319
913,c,117.74611437133201,117.74611437133201
914,c,19.813658444082268,20.651911267486433
915,t,117.74611437133201,117.74611437133201
916,t,117.74611437133201,117.74611437133201
917,c,117.74611437133201,117.74611437133201
918,c,117.74611437133201,117.74611437133201
919,t,117.74611437133201,117.74611437133201
920,na,-1,0
921,c,56.17614552789053,56.78981825554448
922,c,117.74611437133201,117.74611437133201
923,na,0,4.266690945985702
924,c,117.74611437133201,117.74611437133201
925,c,117.74611437133201,117.74611437133201
926,c,117.74611437133201,117.74611437133201
927,c,4.504419084368737,4.529126315976667
928,t,117.74611437133201,117.74611437133201
929,c,117.74611437133201,117.74611437133201
930,c,117.74611437133201,117.74611437133201
931,c,117.74611437133201,117.74611437133201
932,c,16.050383261165734,16.37568984505517
933,c,117.74611437133201,117.74611437133201
934,t,117.74611437133201,117.74611437133201
935,t,117.74611437133201,117.74611437133201
936,t,117.74611437133201,117.74611437133201
937,c,29.04196962015733,30.173950755446118
938,c,117.74611437133201,117.74611437133201
939,c,50.705942177806044,51.47374594015224
940,c,117.74611437133201,117.74611437133201
941,c,117.74611437133201,117.74611437133201
942,t,117.74611437133201,117.74611437133201
943,c,30.393375538518324,30.674969178009164
944,c,117.74611437133201,117.74611437133201
945,c,117.74611437133201,117.74611437133201
946,c,117.74611437133201,117.74611437133201
947,t,117.74611437133201,117.74611437133201
948,c,117.74611437133201,117.74611437133201
949,c,117.74611437133201,117.74611437133201
950,c,34.94499375836205,38.64487643780414
951,t,117.74611437133201,117.74611437133201
952,c,117.74611437133201,117.74611437133201
953,c,28.11401138293439,31.713804567452097
954,c,117.74611437133201,117.74611437133201
955,t,117.74611437133201,117.74611437133201
956,t,117.74611437133201,117.74611437133201
957,c,117.74611437133201,117.74611437133201
958,t,117.74611437133201,117.74611437133201
959,c,17.891758595460335,18.241438719649388
960,c,117.74611437133201,117.74611437133201
961,t,117.74611437133201,117.74611437133201
962,c,117.74611437133201,117.74611437133201
963,t,117.74611437133201,117.74611437133201
964,c,36.050124370713654,42.62122438164266
965,t,117.74611437133201,117.74611437133201
966,c,40.07153107367114,41.435011375485686
967,c,117.74611437133201,117.74611437133201
968,c,13.012485612951973,13.991290624151066
969,c,117.74611437133201,117.74611437133201
970,c,25.13481748446977,25.410718721790182
971,c,117.74611437133201,117.74611437133201
972,c,117.74611437133201,117.74611437133201
973,c,57.02820821625817,58.02468292896258
974,t,117.74611437133201,117.74611437133201
975,c,117.74611437133201,117.74611437133201
976,c,32.18714586182207,34.87650357895157
977,t,117.74611437133201,117.74611437133201
978,t,117.74611437133201,117.74611437133201
979,c,10.862638723137545,12.776690198772714
980,c,24.979108205309046,25.089078846810516
981,c,31.546036792554855,35.89306898890032
982,c,22.501598583916476,23.836556123874423
983,c,38.4885415401011,39.99271800670082
984,c,117.74611437133201,117.74611437133201
985,t,117.74611437133201,117.74611437133201
986,t,117.74611437133201,117.74611437133201
987,t,117.74611437133201,117.74611437133201
988,t,117.74611437133201,117.74611437133201
989,t,117.74611437133201,117.74611437133201
990,c,117.74611437133201,117.74611437133201
991,c,33.26702714485246,33.78352617568668
992,t,117.74611437133201,117.74611437133201
993,c,117.74611437133201,117.74611437133201
994,t,117.74611437133201,117.74611437133201
995,na,2.4347381701698616,4.2902411781236935
996,c,26.459811521703816,33.41385452942043
997,na,5.792609459023973,6.127395338886305
998,c,117.74611437133201,117.74611437133201
999,c,69.00062853544276,69.61119659182314
1000,t,117.74611437133201,117.74611437133201
1001,c,33.53131321719445,42.20459810967024
1002,c,117.74611437133201,117.74611437133201
1003,t,117.74611437133201,117.74611437133201
1004,c,117.74611437133201,117.74611437133201
1005,c,10.713104894311243,12.314613566488502
1006,t,117.74611437133201,117.74611437133201
1007,c,16.76047797445742,19.926743625832103
1008,c,117.74611437133201,117.74611437133201
1009,t,117.74611437133201,117.74611437133201
1010,c,26.661047833585442,27.59428926560296
1011,c,58.008474064556815,65.83490904624716
1012,c,117.74611437133201,117.74611437133201
1013,c,24.4422170768242,26.843024354580542
1014,c,117.74611437133201,117.74611437133201
1015,c,117.74611437133201,117.74611437133201
1016,c,72.40262877986056,78.76693904980876
1017,c,117.74611437133201,117.74611437133201
1018,c,117.74611437133201,117.74611437133201
1019,c,117.74611437133201,117.74611437133201
1020,t,117.74611437133201,117.74611437133201
1021,t,117.74611437133201,117.74611437133201
1022,c,117.74611437133201,117.74611437133201
1023,c,117.74611437133201,117.74611437133201
1024,c,46.55482740641258,51.10206802279333
1025,c,117.74611437133201,117.74611437133201
1026,c,67.30654190688713,68.20620603810104
1027,c,30.31365117582636,31.72135324986946
1028,c,117.74611437133201,117.74611437133201
1029,c,28.652038529584335,38.62811487985555
1030,c,117.74611437133201,117.74611437133201
1031,t,117.74611437133201,117.74611437133201
1032,c,117.74611437133201,117.74611437133201
1033,c,117.74611437133201,117.74611437133201
1034,c,25.455219148081007,30.787906183831787
1035,t,117.74611437133201,117.74611437133201
1036,t,117.74611437133201,117.74611437133201
1037,c,117.74611437133201,117.74611437133201
1038,c,117.74611437133201,117.74611437133201
1039,c,26.216296956896812,26.81953580663034
1040,c,20.01226501942853,21.48342427387372
1041,c,117.74611437133201,117.74611437133201
1042,c,19.759789495862154,117.74611437133201
1043,c,66.5410818654001,75.54991182975064
1044,c,6.15646198989746,12.689196897666344
1045,c,18.10719793634127,21.436381052754715
1046,c,14.440691036218176,17.939974639947447
1047,c,62.28953521579604,64.04802175494945
1048,c,117.74611437133201,117.74611437133201
1049,c,46.72932646968244,58.090629055815114
1050,c,117.74611437133201,117.74611437133201
1051,c,24.23268405474585,26.439929468245545
1052,c,117.74611437133201,117.74611437133201
1053,c,26.551187120877856,29.106391896778405
1054,c,38.05681909788061,38.7703132044555
1055,c,16.449942079137095,17.303131566668885
1056,c,117.74611437133201,117.74611437133201
1057,c,23.641168550641826,23.727321400622113
1058,c,29.842520983719517,117.74611437133201
1059,c,117.74611437133201,117.74611437133201
1060,t,117.74611437133201,117.74611437133201
1061,c,24.89385161764214,27.2473708954054
1062,c,117.74611437133201,117.74611437133201
1063,c,34.347016806200564,36.57976738599088
1064,c,15.813269801915014,19.203835456658656
1065,c,11.393845879480425,18.389564554863696
1066,c,18.131447392770223,18.740451558053618
1067,c,8.899514041831804,15.017697242481923
1068,t,117.74611437133201,117.74611437133201
1069,c,24.082048232526013,24.367950198853055
1070,t,117.74611437133201,117.74611437133201
1071,c,117.74611437133201,117.74611437133201
1072,c,26.448202655454548,28.57336233293159
1073,t,117.74611437133201,117.74611437133201
1074,c,14.689930391226817,17.555492067267803
1075,c,19.93436346797853,21.976466351742005
1076,c,117.74611437133201,117.74611437133201
1077,c,117.74611437133201,117.74611437133201
1078,na,-1,0
1079,c,117.74611437133201,117.74611437133201
1080,na,10.165363143755533,32.44830711912514
1081,c,117.74611437133201,117.74611437133201
1082,c,28.0009568411037,36.73813328783341
1083,c,117.74611437133201,117.74611437133201
1084,t,117.74611437133201,117.74611437133201
1085,c,117.74611437133201,117.74611437133201
1086,c,117.74611437133201,117.74611437133201
1087,c,8.354262237306274,12.464003411852634
1088,t,117.74611437133201,117.74611437133201
1089,c,26.921727879963864,32.31211370237234
1090,c,19.283419950632005,25.238252848964645
1091,c,117.74611437133201,117.74611437133201
1092,c,117.74611437133201,117.74611437133201
1093,t,117.74611437133201,117.74611437133201
1094,c,117.74611437133201,117.74611437133201
1095,t,117.74611437133201,117.74611437133201
1096,c,117.74611437133201,117.74611437133201
1097,t,117.74611437133201,117.74611437133201
1098,c,117.74611437133201,117.74611437133201
1099,c,117.74611437133201,117.74611437133201
1100,c,117.74611437133201,117.74611437133201
1101,c,117.74611437133201,117.74611437133201
1102,c,117.74611437133201,117.74611437133201
1103,c,35.94730016185554,38.702521610460785
1104,c,46.5972294956891,48.00073682644129
1105,c,117.74611437133201,117.74611437133201
1106,t,117.74611437133201,117.74611437133201
1107,c,117.74611437133201,117.74611437133201
1108,c,117.74611437133201,117.74611437133201
1109,c,59.65002466550811,72.8219227797772
1110,t,117.74611437133201,117.74611437133201
1111,t,117.74611437133201,117.74611437133201
1112,t,117.74611437133201,117.74611437133201
1113,c,38.12845216615361,39.598994246678785
1114,c,27.953725476279917,117.74611437133201
1115,t,117.74611437133201,117.74611437133201
1116,c,117.74611437133201,117.74611437133201
1117,c,39.29410721032022,42.24928676137694
1118,c,22.37657171752413,117.74611437133201
1119,c,8.543856156925681,22.221256185343798
1120,c,96.97347790559323,102.24574514243079
1121,t,117.74611437133201,117.74611437133201
1122,c,117.74611437133201,117.74611437133201
1123,c,117.74611437133201,117.74611437133201
1124,c,28.352260580506748,29.15696302779677
1125,na,-1,0
1126,c,117.74611437133201,117.74611437133201
1127,c,117.74611437133201,117.74611437133201
1128,c,117.74611437133201,117.74611437133201
1129,c,34.04001623781171,117.74611437133201
1130,c,117.74611437133201,117.74611437133201
1131,t,117.74611437133201,117.74611437133201
1132,c,117.74611437133201,117.74611437133201
1133,t,117.74611437133201,117.74611437133201
1134,c,117.74611437133201,117.74611437133201
1135,t,117.74611437133201,117.74611437133201
1136,c,27.032706108444994,33.18354150088062
1137,c,117.74611437133201,117.74611437133201
1138,c,30.322862515026195,32.7554664140193
1139,c,117.74611437133201,117.74611437133201
1140,c,117.74611437133201,117.74611437133201
1141,c,117.74611437133201,117.74611437133201
1142,c,12.801628419585164,23.704022566877327
1143,c,117.74611437133201,117.74611437133201
1144,c,8.995802229357407,9.244412120056928
1145,c,117.74611437133201,117.74611437133201
1146,c,117.74611437133201,117.74611437133201
1147,c,117.74611437133201,117.74611437133201
1148,c,117.74611437133201,117.74611437133201
1149,c,117.74611437133201,117.74611437133201
1150,c,2.350481872407653,2.9817562119703362
1151,c,117.74611437133201,117.74611437133201
1152,c,117.74611437133201,117.74611437133201
1153,c,117.74611437133201,117.74611437133201
1154,t,117.74611437133201,117.74611437133201
1155,c,117.74611437133201,117.74611437133201
1156,t,117.74611437133201,117.74611437133201
1157,c,117.74611437133201,117.74611437133201
1158,t,117.74611437133201,117.74611437133201
1159,c,117.74611437133201,117.74611437133201
1160,c,117.74611437133201,117.74611437133201
1161,c,117.74611437133201,117.74611437133201
1162,c,19.44845145152859,31.55401712846468
1163,c,117.74611437133201,117.74611437133201
1164,c,20.80256909912087,23.123579103890922
1165,c,33.17052398360581,33.36928206037555
1166,c,45.331431867720234,51.87399166830783
1167,c,117.74611437133201,117.74611437133201
1168,c,35.42994449003236,39.665995924244726
1169,t,117.74611437133201,117.74611437133201
1170,c,117.74611437133201,117.74611437133201
1171,c,117.74611437133201,117.74611437133201
1172,c,37.56917965976495,55.631244476038454
1173,c,117.74611437133201,117.74611437133201
1174,c,23.417866220103985,25.290782182524538
1175,c,5.36891126350184,5.814289321026056
1176,c,117.74611437133201,117.74611437133201
1177,c,117.74611437133201,117.74611437133201
1178,c,117.74611437133201,117.74611437133201
1179,c,34.96905526121396,35.588441358320054
1180,c,117.74611437133201,117.74611437133201
1181,t,117.74611437133201,117.74611437133201
1182,c,117.74611437133201,117.74611437133201
1183,t,117.74611437133201,117.74611437133201
1184,c,33.54518723412049,34.063110776175165
1185,c,117.74611437133201,117.74611437133201
1186,c,117.74611437133201,117.74611437133201
1187,c,51.8373112754074,55.1909526435755
1188,c,117.74611437133201,117.74611437133201
1189,t,117.74611437133201,117.74611437133201
1190,c,117.74611437133201,117.74611437133201
1191,c,117.74611437133201,117.74611437133201
1192,c,22.50517609070275,23.72402244347104
1193,c,27.156979767357555,31.899646066581745
1194,c,117.74611437133201,117.74611437133201
1195,t,117.74611437133201,117.74611437133201
1196,c,117.74611437133201,117.74611437133201
1197,c,117.74611437133201,117.74611437133201
1198,c,15.639331463439484,117.74611437133201
1199,c,117.74611437133201,117.74611437133201
1200,c,26.025849498386137,26.39272614628752
1201,c,117.74611437133201,117.74611437133201
1202,c,70.35899807592156,73.48115800216804
1203,c,117.74611437133201,117.74611437133201
1204,c,117.74611437133201,117.74611437133201
1205,c,62.15499175592486,65.95176978059678
1206,c,117.74611437133201,117.74611437133201
1207,c,117.74611437133201,117.74611437133201
1208,c,117.74611437133201,117.74611437133201
1209,c,6.57113081721497,11.351839516453103
1210,t,117.74611437133201,117.74611437133201
1211,c,117.74611437133201,117.74611437133201
1212,t,117.74611437133201,117.74611437133201
1213,t,117.74611437133201,117.74611437133201
1214,c,49.68624696755828,51.76730636574089
1215,c,117.74611437133201,117.74611437133201
1216,c,20.728037469113218,22.455444807562866
1217,c,48.71681226394868,49.63831741800818
1218,t,117.74611437133201,117.74611437133201
1219,c,117.74611437133201,117.74611437133201
1220,c,22.418225951430134,22.440245823292877
1221,t,117.74611437133201,117.74611437133201
1222,c,22.07046921973062,26.31932702425396
1223,c,23.81832610157118,49.36190748280828
1224,t,117.74611437133201,117.74611437133201
1225,c,5.348886133193335,14.014263536874056
1226,c,117.74611437133201,117.74611437133201
1227,c,33.57713580522549,42.186403839621825
1228,c,23.054390601461286,24.83817056435528
1229,t,117.74611437133201,117.74611437133201
1230,c,117.74611437133201,117.74611437133201
1231,c,65.47792794948371,67.37608572485848
1232,c,30.37419883904539,36.38784907525916
1233,c,31.03363421026841,31.224163327386805
1234,c,35.18875023803558,35.884233826593935
1235,c,117.74611437133201,117.74611437133201
1236,t,117.74611437133201,117.74611437133201
1237,c,117.74611437133201,117.74611437133201
1238,c,117.74611437133201,117.74611437133201
1239,c,117.74611437133201,117.74611437133201
1240,c,117.74611437133201,117.74611437133201
1241,c,117.74611437133201,117.74611437133201
1242,c,117.74611437133201,117.74611437133201
1243,t,117.74611437133201,117.74611437133201
1244,c,117.74611437133201,117.74611437133201
1245,c,117.74611437133201,117.74611437133201
1246,t,117.74611437133201,117.74611437133201
1247,c,117.74611437133201,117.74611437133201
1248,c,117.74611437133201,117.74611437133201
1249,c,117.74611437133201,117.74611437133201
1250,c,117.74611437133201,117.74611437133201
1251,c,117.74611437133201,117.74611437133201
1252,t,117.74611437133201,117.74611437133201
1253,c,117.74611437133201,117.74611437133201
1254,c,117.74611437133201,117.74611437133201
1255,c,12.519636707799854,18.85256892037937
1256,c,117.74611437133201,117.74611437133201
1257,c,31.537775614032046,35.25277627449373
1258,c,3.5360277753059353,10.98601366056535
1259,c,117.74611437133201,117.74611437133201
1260,c,117.74611437133201,117.74611437133201
1261,c,117.74611437133201,117.74611437133201
1262,c,117.74611437133201,117.74611437133201
1263,c,34.52205349260157,35.046749779370465
1264,c,65.76020217743125,68.53161179680717
1265,c,33.05594273128866,34.70431248627624
1266,c,46.86580212283887,51.67541240258441
1267,c,117.74611437133201,117.74611437133201
1268,c,117.74611437133201,117.74611437133201
1269,t,117.74611437133201,117.74611437133201
1270,t,117.74611437133201,117.74611437133201
1271,c,35.33629942990111,38.0062812988728
1272,c,67.48013409379132,68.33917771607088
1273,c,23.207275690678212,25.27902346038935
1274,c,117.74611437133201,117.74611437133201
1275,c,8.022710309924609,117.74611437133201
1276,c,117.74611437133201,117.74611437133201
1277,t,117.74611437133201,117.74611437133201
1278,c,117.74611437133201,117.74611437133201
1279,t,117.74611437133201,117.74611437133201
1280,c,15.229497920445612,20.412798903218096
1281,c,28.987898344481934,30.530523496253718
1282,na,0,4.746564496212418
1283,t,117.74611437133201,117.74611437133201
1284,c,117.74611437133201,117.74611437133201
1285,c,21.529379347210273,23.165680940175857
1286,c,45.751136299438166,117.74611437133201
1287,t,117.74611437133201,117.74611437133201
1288,c,117.74611437133201,117.74611437133201
1289,c,24.007215235683905,24.055380532660532
1290,c,117.74611437133201,117.74611437133201
1291,c,28.466538818508965,31.72495500808476
1292,na,0,9.188242678416872
1293,c,15.14626894160746,117.74611437133201
1294,c,117.74611437133201,117.74611437133201
1295,na,5.714366792220895,6.920812519718397
1296,c,21.291995699324037,23.465439448601508
1297,t,117.74611437133201,117.74611437133201
1298,t,117.74611437133201,117.74611437133201
1299,c,33.11050715212152,38.83174567106481
1300,c,40.94127404049297,54.654415207017266
1301,c,13.675273467374089,13.857763583695531
1302,c,117.74611437133201,117.74611437133201
1303,c,10.92065183769551,12.095784818496448
1304,c,117.74611437133201,117.74611437133201
1305,c,58.07836410378985,58.0846301126892
1306,c,117.74611437133201,117.74611437133201
1307,c,26.385244634543593,33.74645170216598
1308,c,22.693364086819685,24.191431007061116
1309,c,39.20501542068703,43.22895157784595
1310,t,117.74611437133201,117.74611437133201
1311,c,68.24759600131264,70.53681876615303
1312,c,22.05141681856327,29.722509443996955
1313,c,117.74611437133201,117.74611437133201
1314,c,17.995260001582494,20.02433276509185
1315,c,117.74611437133201,117.74611437133201
1316,c,117.74611437133201,117.74611437133201
1317,c,117.74611437133201,117.74611437133201
1318,c,117.74611437133201,117.74611437133201
1319,c,117.74611437133201,117.74611437133201
1320,c,27.75721502930685,28.396372157235536
1321,c,40.55299818290532,41.37157327419303
1322,c,48.1602705900845,54.0765984483524
1323,c,117.74611437133201,117.74611437133201
1324,c,35.5913911600211,38.77174986983288
1325,c,6.357046315483805,11.698652398436147
1326,c,18.045504436260593,20.444540196973758
1327,c,18.96415873314671,24.24437792000726
1328,c,117.74611437133201,117.74611437133201
1329,c,48.16577633746255,50.812564927420446
1330,c,17.13438663203436,23.343689410607286
1331,c,117.74611437133201,117.74611437133201
1332,c,14.097014994738913,19.480866144951953
1333,c,117.74611437133201,117.74611437133201
1334,c,11.984197829723044,14.845168612542205
1335,c,47.192631615596646,48.71453002582469
1336,c,117.74611437133201,117.74611437133201
1337,c,51.676717270691235,65.90188354482854
1338,c,31.196701618855865,34.720415408887504
1339,c,117.74611437133201,117.74611437133201
1340,c,16.057349135483946,17.675220732407407
1341,t,117.74611437133201,117.74611437133201
1342,c,117.74611437133201,117.74611437133201
1343,c,117.74611437133201,117.74611437133201
1344,c,117.74611437133201,117.74611437133201
1345,t,117.74611437133201,117.74611437133201
1346,t,117.74611437133201,117.74611437133201
1347,t,117.74611437133201,117.74611437133201
1348,t,117.74611437133201,117.74611437133201
1349,t,117.74611437133201,117.74611437133201
1350,t,117.74611437133201,117.74611437133201
1351,c,61.21647230309442,64.92108439824797
1352,c,117.74611437133201,117.74611437133201
1353,c,15.445260902506268,16.748964231042258
1354,c,15.830303479667554,17.260533724798933
1355,c,27.82396082222859,32.5499741764983
1356,na,117.74611437133201,117.74611437133201
1357,c,24.25597799000138,27.634020907940318
1358,c,21.899869995705576,24.277924264466865
1359,c,117.74611437133201,117.74611437133201
1360,c,117.74611437133201,117.74611437133201
1361,c,117.74611437133201,117.74611437133201
1362,c,66.54425246462871,83.40765670150574
1363,t,117.74611437133201,117.74611437133201
1364,c,117.74611437133201,117.74611437133201
1365,c,117.74611437133201,117.74611437133201
1366,c,117.74611437133201,117.74611437133201
1367,c,25.893914184851894,30.253684960022603
1368,t,117.74611437133201,117.74611437133201
1369,c,117.74611437133201,117.74611437133201
1370,c,117.74611437133201,117.74611437133201
1371,c,32.23528135184814,38.40896130396759
1372,c,40.185363188280135,57.60122850447572
1373,t,117.74611437133201,117.74611437133201
1374,c,3.5337115472548093,4.9492800615399535
1375,c,117.74611437133201,117.74611437133201
1376,c,117.74611437133201,117.74611437133201
1377,c,46.66818624655393,47.873266697160545
1378,c,54.33647933245049,62.21230675994203
1379,t,117.74611437133201,117.74611437133201
1380,c,117.74611437133201,117.74611437133201
1381,t,117.74611437133201,117.74611437133201
1382,c,28.478740361042522,32.50501644900413
1383,c,117.74611437133201,117.74611437133201
1384,c,117.74611437133201,117.74611437133201
1385,c,117.74611437133201,117.74611437133201
1386,c,43.38004928259784,117.74611437133201
1387,c,30.13995306629473,31.556733948307826
1388,t,117.74611437133201,117.74611437133201
1389,c,2.4441812610850517,2.617288297662402
1390,c,117.74611437133201,117.74611437133201
1391,t,117.74611437133201,117.74611437133201
1392,t,117.74611437133201,117.74611437133201
1393,c,117.74611437133201,117.74611437133201
1394,c,117.74611437133201,117.74611437133201
1395,c,47.749861720123,54.029114074988044
1396,c,117.74611437133201,117.74611437133201
1397,t,117.74611437133201,117.74611437133201
1398,na,0,3.329502226135467
1399,t,117.74611437133201,117.74611437133201
1400,c,18.41378915631367,23.0324854273259
1401,c,117.74611437133201,117.74611437133201
1402,c,25.836013529762983,30.113234401990123
1403,c,117.74611437133201,117.74611437133201
1404,c,25.633465594454368,40.040024229211866
1405,t,117.74611437133201,117.74611437133201
1406,c,26.673568599544176,26.850763220839628
1407,t,117.74611437133201,117.74611437133201
1408,c,23.24651499582243,24.55389748997906
1409,c,117.74611437133201,117.74611437133201
1410,c,117.74611437133201,117.74611437133201
1411,c,117.74611437133201,117.74611437133201
1412,c,117.74611437133201,117.74611437133201
1413,c,20.731500987356533,20.978699117096607
1414,c,117.74611437133201,117.74611437133201
1415,c,117.74611437133201,117.74611437133201
1416,c,14.723506909683106,14.876013980544833
1417,c,117.74611437133201,117.74611437133201
1418,c,35.3651399226485,36.61415665244589
1419,c,41.842196692640876,42.86440479499082
1420,t,117.74611437133201,117.74611437133201
1421,t,117.74611437133201,117.74611437133201
1422,c,25.566212245770373,31.241731711093024
1423,c,117.74611437133201,117.74611437133201
1424,c,9.78970527741572,12.303637216451182
1425,c,117.74611437133201,117.74611437133201
1426,c,37.878004278192336,48.140898010164456
1427,c,117.74611437133201,117.74611437133201
1428,t,117.74611437133201,117.74611437133201
1429,c,50.811831124012286,55.1271848009739
1430,t,117.74611437133201,117.74611437133201
1431,c,44.147837266790184,46.234931910359215
1432,c,117.74611437133201,117.74611437133201
1433,c,117.74611437133201,117.74611437133201
1434,c,117.74611437133201,117.74611437133201
1435,c,117.74611437133201,117.74611437133201
1436,c,117.74611437133201,117.74611437133201
1437,c,34.525033297353254,48.578322754485775
1438,c,117.74611437133201,117.74611437133201
1439,c,11.5748469631355,14.497368333058322
1440,c,33.0793002963074,37.73985443627606
1441,c,26.20991895162149,35.73883860165912
1442,na,5.612274089050037,117.74611437133201
1443,c,117.74611437133201,117.74611437133201
1444,c,40.92223585164658,53.35165350782528
1445,t,117.74611437133201,117.74611437133201
1446,c,23.42690743445966,33.120984230057005
1447,c,117.74611437133201,117.74611437133201
1448,t,117.74611437133201,117.74611437133201
1449,c,117.74611437133201,117.74611437133201
1450,na,0,1.3891168125787736
1451,c,34.58453278601248,36.75393281774087
1452,c,117.74611437133201,117.74611437133201
1453,c,25.039406328049616,30.972546807832078
1454,c,27.334647625859414,30.746513127131983
1455,c,117.74611437133201,117.74611437133201
1456,c,117.74611437133201,117.74611437133201
1457,c,32.091792493898005,36.64405711899045
1458,t,117.74611437133201,117.74611437133201
1459,c,117.74611437133201,117.74611437133201
1460,c,117.74611437133201,117.74611437133201
1461,c,117.74611437133201,117.74611437133201
1462,c,117.74611437133201,117.74611437133201
1463,c,117.74611437133201,117.74611437133201
1464,t,117.74611437133201,117.74611437133201
1465,t,117.74611437133201,117.74611437133201
1466,c,42.65066251647788,62.686919220410786
1467,c,4.833212421706855,6.995952195984789
1468,c,40.722007739228545,43.95475755255857
1469,c,117.74611437133201,117.74611437133201
1470,c,117.74611437133201,117.74611437133201
1471,c,117.74611437133201,117.74611437133201
1472,c,117.74611437133201,117.74611437133201
1473,c,13.985546789873393,16.628285038368766
1474,c,117.74611437133201,117.74611437133201
1475,t,117.74611437133201,117.74611437133201
1476,na,-1,0
1477,t,117.74611437133201,117.74611437133201
1478,c,38.65528661094254,41.85388340748341
1479,c,117.74611437133201,117.74611437133201
1480,c,117.74611437133201,117.74611437133201
1481,t,117.74611437133201,117.74611437133201
1482,t,117.74611437133201,117.74611437133201
1483,c,70.0567395737158,70.9574873631331
1484,c,117.74611437133201,117.74611437133201
1485,c,30.135933725441003,32.45988713796558
1486,c,117.74611437133201,117.74611437133201
1487,c,117.74611437133201,117.74611437133201
1488,c,117.74611437133201,117.74611437133201
1489,t,117.74611437133201,117.74611437133201
1490,c,117.74611437133201,117.74611437133201
1491,c,117.74611437133201,117.74611437133201
1492,c,117.74611437133201,117.74611437133201
1493,c,117.74611437133201,117.74611437133201
1494,c,9.696811155927678,11.910881067448749
1495,c,33.52242562391723,43.14609943451059
1496,t,117.74611437133201,117.74611437133201
1497,c,117.74611437133201,117.74611437133201
1498,c,117.74611437133201,117.74611437133201
1499,c,20.33520499600001,24.506481410792986
1500,c,43.508301840919806,45.73407380037091
1501,c,42.69655711860229,45.27616919839298
1502,c,23.042709063732524,25.438202190216725
1503,c,3.87466438046739,8.625555271785995
1504,c,14.474837420365224,14.819802214782994
1505,c,54.12068499774345,56.22735028389792
1506,c,117.74611437133201,117.74611437133201
1507,c,16.15573075086169,16.187877816419462
1508,c,117.74611437133201,117.74611437133201
1509,c,117.74611437133201,117.74611437133201
1510,c,6.7039003279554,14.108532261527612
1511,c,25.414770528386875,28.224654956543116
1512,c,21.679766715968192,40.08127348245581
1513,c,117.74611437133201,117.74611437133201
1514,t,117.74611437133201,117.74611437133201
1515,c,117.74611437133201,117.74611437133201
1516,c,23.415047848827026,24.538428715309855
1517,c,117.74611437133201,117.74611437133201
1518,c,117.74611437133201,117.74611437133201
1519,c,58.51397684068593,62.94721751577145
1520,c,117.74611437133201,117.74611437133201
1521,c,38.97018461648031,40.6070421997288
1522,c,117.74611437133201,117.74611437133201
1523,c,14.840971594903076,117.74611437133201
1524,c,117.74611437133201,117.74611437133201
1525,c,117.74611437133201,117.74611437133201
1526,c,117.74611437133201,117.74611437133201
1527,c,117.74611437133201,117.74611437133201
1528,c,117.74611437133201,117.74611437133201
1529,c,27.37062792489124,37.092150135262585
1530,c,117.74611437133201,117.74611437133201
1531,c,54.815581411192966,58.95894759690491
1532,c,14.843068073026014,117.74611437133201
1533,t,117.74611437133201,117.74611437133201
1534,t,117.74611437133201,117.74611437133201
1535,c,22.180196281316537,117.74611437133201
1536,c,117.74611437133201,117.74611437133201
1537,c,19.909166786360487,29.329045983061928
1538,c,11.116750510457248,12.250710955575597
1539,c,69.81883980271223,71.37767934184895
1540,c,117.74611437133201,117.74611437133201
1541,t,117.74611437133201,117.74611437133201
1542,c,30.125559421866264,35.06213111631145
1543,c,41.41857675313743,55.67885481207496
1544,c,117.74611437133201,117.74611437133201
1545,c,30.60090403896033,31.879713472875267
1546,t,117.74611437133201,117.74611437133201
1547,c,117.74611437133201,117.74611437133201
1548,c,29.538719827371537,29.740015148426227
1549,c,117.74611437133201,117.74611437133201
1550,c,117.74611437133201,117.74611437133201
1551,c,20.517006490446764,28.510124313389053
1552,c,46.696617712889555,49.360283215670876
1553,c,7.649960820156512,15.103682824556543
1554,c,6.866217320066203,9.299780144131963
1555,c,37.6545947145438,37.7088128087025
1556,t,117.74611437133201,117.74611437133201
1557,c,27.465527220413595,29.82683967337541
1558,c,117.74611437133201,117.74611437133201
1559,c,117.74611437133201,117.74611437133201
1560,c,117.74611437133201,117.74611437133201
1561,c,117.74611437133201,117.74611437133201
1562,c,117.74611437133201,117.74611437133201
1563,c,117.74611437133201,117.74611437133201
1564,c,117.74611437133201,117.74611437133201
1565,c,117.74611437133201,117.74611437133201
1566,t,117.74611437133201,117.74611437133201
1567,c,117.74611437133201,117.74611437133201
1568,c,117.74611437133201,117.74611437133201
1569,c,26.02120824212904,30.710077889986742
1570,t,117.74611437133201,117.74611437133201
1571,c,4.598589797346992,16.987308816251332
1572,c,58.5878551976785,63.87438679366058
1573,t,117.74611437133201,117.74611437133201
1574,c,12.885903611216309,12.886546700725283
1575,t,117.74611437133201,117.74611437133201
1576,c,117.74611437133201,117.74611437133201
1577,c,25.31869322550996,26.616185667524448
1578,c,19.875441777907188,21.608555352419042
1579,c,54.893273223072136,77.58000538413687
1580,c,30.907758500050377,117.74611437133201
1581,c,20.460494798704435,33.840598221063225
1582,c,22.41968740957017,23.894755580964468
1583,c,39.09450882719596,41.13797615249296
1584,c,117.74611437133201,117.74611437133201
1585,c,27.441940163198424,28.261401404920424
1586,t,117.74611437133201,117.74611437133201
1587,c,20.668049394765372,23.97840060232062
1588,c,117.74611437133201,117.74611437133201
1589,c,4.369665088671454,4.682057957250067
1590,c,39.994443624183454,44.47515334933233
1591,c,36.349291389076924,117.74611437133201
1592,c,15.659378057227899,28.37821942261578
1593,c,26.726096410264347,26.83234644226311
1594,c,117.74611437133201,117.74611437133201
1595,c,26.164376249777266,29.893155203821937
1596,c,117.74611437133201,117.74611437133201
1597,c,37.397021652759065,44.47555982203738
1598,c,117.74611437133201,117.74611437133201
1599,t,117.74611437133201,117.74611437133201
1600,c,117.74611437133201,117.74611437133201
1601,c,117.74611437133201,117.74611437133201
1602,t,117.74611437133201,117.74611437133201
1603,c,24.81471900913061,28.472525001024
1604,c,117.74611437133201,117.74611437133201
1605,c,104.44207441034686,111.19521189144272
1606,c,117.74611437133201,117.74611437133201
1607,c,117.74611437133201,117.74611437133201
1608,c,13.52425024825639,16.721057204788927
1609,c,34.54222892090773,36.690390483233536
1610,c,29.479777211392847,33.610288381021185
1611,c,35.61353062276663,36.72291374414812
1612,c,24.407299732741006,24.81429760923688
1613,t,117.74611437133201,117.74611437133201
1614,na,-1,0
1615,t,117.74611437133201,117.74611437133201
1616,c,117.74611437133201,117.74611437133201
1617,c,14.6475385766401,117.74611437133201
1618,c,117.74611437133201,117.74611437133201
1619,c,22.902029049135766,28.917443568794177
1620,t,117.74611437133201,117.74611437133201
1621,c,117.74611437133201,117.74611437133201
1622,c,117.74611437133201,117.74611437133201
1623,c,16.353862187063235,18.83622696227189
1624,c,117.74611437133201,117.74611437133201
1625,c,117.74611437133201,117.74611437133201
1626,t,117.74611437133201,117.74611437133201
1627,c,117.74611437133201,117.74611437133201
1628,c,117.74611437133201,117.74611437133201
1629,c,45.89863969787737,48.29650791624558
1630,c,117.74611437133201,117.74611437133201
1631,c,29.93188706099203,32.195787423760144
1632,c,31.612257748346227,36.52202566976461
1633,c,44.99129969406917,53.47273190354005
1634,c,117.74611437133201,117.74611437133201
1635,c,24.977900524462225,26.03952296512404
1636,c,14.74479662814395,21.743594249862138
1637,c,117.74611437133201,117.74611437133201
1638,c,21.94539064446484,22.248271467970536
1639,c,26.74546986478493,28.339310800542908
1640,c,117.74611437133201,117.74611437133201
1641,c,117.74611437133201,117.74611437133201
1642,c,117.74611437133201,117.74611437133201
1643,c,37.50126012689925,38.33523193957622
1644,c,117.74611437133201,117.74611437133201
1645,c,117.74611437133201,117.74611437133201
1646,t,117.74611437133201,117.74611437133201
1647,c,117.74611437133201,117.74611437133201
1648,c,30.567312053307273,39.953210821323395
1649,t,117.74611437133201,117.74611437133201
1650,c,117.74611437133201,117.74611437133201
1651,t,117.74611437133201,117.74611437133201
1652,t,117.74611437133201,117.74611437133201
1653,c,117.74611437133201,117.74611437133201
1654,t,117.74611437133201,117.74611437133201
1655,c,117.74611437133201,117.74611437133201
1656,c,26.50200394839636,30.336208935090056
1657,c,3.7904394206936796,8.338032394558535
1658,c,117.74611437133201,117.74611437133201
1659,c,117.74611437133201,117.74611437133201
1660,c,31.062839399844112,117.74611437133201
1661,c,25.483714542935957,28.12232168727187
1662,c,117.74611437133201,117.74611437133201
1663,t,117.74611437133201,117.74611437133201
1664,t,117.74611437133201,117.74611437133201
1665,c,70.53773207142511,75.92707649445958
1666,t,117.74611437133201,117.74611437133201
1667,c,117.74611437133201,117.74611437133201
1668,c,117.74611437133201,117.74611437133201
1669,t,117.74611437133201,117.74611437133201
1670,c,117.74611437133201,117.74611437133201
1671,c,31.57841469278262,117.74611437133201
1672,c,9.75128669384744,14.11199396584986
1673,c,36.33223232225209,36.628157801530996
1674,c,117.74611437133201,117.74611437133201
1675,c,117.74611437133201,117.74611437133201
1676,c,117.74611437133201,117.74611437133201
1677,t,117.74611437133201,117.74611437133201
1678,c,117.74611437133201,117.74611437133201
1679,t,117.74611437133201,117.74611437133201
1680,c,33.937831725256366,37.92830867763507
1681,c,117.74611437133201,117.74611437133201
1682,c,117.74611437133201,117.74611437133201
1683,t,117.74611437133201,117.74611437133201
1684,c,117.74611437133201,117.74611437133201
1685,c,28.24831452087522,30.943042017881044
1686,c,117.74611437133201,117.74611437133201
1687,c,117.74611437133201,117.74611437133201
1688,t,117.74611437133201,117.74611437133201
1689,c,117.74611437133201,117.74611437133201
1690,c,40.39077522207138,42.330129575484044
1691,c,11.016105578562325,16.61831963905422
1692,c,117.74611437133201,117.74611437133201
1693,c,11.393377553240082,16.038649082532867
1694,c,117.74611437133201,117.74611437133201
1695,c,117.74611437133201,117.74611437133201
1696,c,117.74611437133201,117.74611437133201
1697,c,30.39410842833125,30.414103923490476
1698,c,117.74611437133201,117.74611437133201
1699,c,56.27938748453482,75.6864785399511
1700,c,117.74611437133201,117.74611437133201
1701,c,117.74611437133201,117.74611437133201
1702,c,31.467536608747526,32.19040964462514
1703,c,44.30728694966431,44.596055873547535
1704,c,8.498948494475442,9.15074644978836
1705,t,117.74611437133201,117.74611437133201
1706,c,117.74611437133201,117.74611437133201
1707,c,117.74611437133201,117.74611437133201
1708,c,117.74611437133201,117.74611437133201
1709,c,12.364103446857134,18.90235633335506
1710,c,117.74611437133201,117.74611437133201
1711,c,117.74611437133201,117.74611437133201
1712,t,117.74611437133201,117.74611437133201
1713,c,117.74611437133201,117.74611437133201
1714,c,32.21556770215902,117.74611437133201
1715,c,117.74611437133201,117.74611437133201
1716,t,117.74611437133201,117.74611437133201
1717,na,7.826534849371845,13.55050355585704
1718,c,6.673829288709236,7.031672678855735
1719,c,117.74611437133201,117.74611437133201
1720,t,117.74611437133201,117.74611437133201
1721,c,9.028145566051904,9.754619909920892
1722,t,117.74611437133201,117.74611437133201
1723,c,117.74611437133201,117.74611437133201
1724,c,117.74611437133201,117.74611437133201
1725,t,117.74611437133201,117.74611437133201
1726,c,117.74611437133201,117.74611437133201
1727,c,117.74611437133201,117.74611437133201
1728,t,117.74611437133201,117.74611437133201
1729,c,117.74611437133201,117.74611437133201
1730,c,17.682978773698963,22.89047325467274
1731,c,117.74611437133201,117.74611437133201
1732,c,26.31606049523344,28.086448522777648
1733,t,117.74611437133201,117.74611437133201
1734,c,117.74611437133201,117.74611437133201
1735,c,117.74611437133201,117.74611437133201
1736,c,17.76943338262649,27.430635581667325
1737,t,117.74611437133201,117.74611437133201
1738,c,117.74611437133201,117.74611437133201
1739,c,117.74611437133201,117.74611437133201
1740,c,36.17400143724745,39.24738465549731
1741,t,117.74611437133201,117.74611437133201
1742,c,50.23630345266839,54.176081685364984
1743,c,33.90283829769354,39.00126067284239
1744,c,117.74611437133201,117.74611437133201
1745,c,117.74611437133201,117.74611437133201
1746,t,117.74611437133201,117.74611437133201
1747,c,18.5705325818404,24.262918715104256
1748,c,117.74611437133201,117.74611437133201
1749,c,117.74611437133201,117.74611437133201
1750,c,117.74611437133201,117.74611437133201
1751,t,117.74611437133201,117.74611437133201
1752,c,30.7430813503248,31.64110972292178
1753,c,47.32577681075476,56.89810603220833
1754,c,117.74611437133201,117.74611437133201
1755,c,117.74611437133201,117.74611437133201
1756,c,22.198243220991575,22.934383540387632
1757,c,117.74611437133201,117.74611437133201
1758,c,15.371146770463232,15.916395623724142
1759,c,117.74611437133201,117.74611437133201
1760,c,117.74611437133201,117.74611437133201
1761,t,117.74611437133201,117.74611437133201
1762,t,117.74611437133201,117.74611437133201
1763,c,16.978271870640352,19.938216881202077
1764,c,117.74611437133201,117.74611437133201
1765,c,117.74611437133201,117.74611437133201
1766,c,15.853739209962317,17.762252481676537
1767,c,117.74611437133201,117.74611437133201
1768,c,32.967894779706576,41.777516531525976
1769,c,117.74611437133201,117.74611437133201
1770,c,19.929000200591467,22.711242456333185
1771,c,117.74611437133201,117.74611437133201
1772,t,117.74611437133201,117.74611437133201
1773,c,117.74611437133201,117.74611437133201
1774,c,12.104752457593996,12.729549805120328
1775,t,117.74611437133201,117.74611437133201
1776,c,117.74611437133201,117.74611437133201
1777,t,117.74611437133201,117.74611437133201
1778,c,9.122591888839334,11.983466634481735
1779,t,117.74611437133201,117.74611437133201
1780,c,10.12678043061479,29.4212702568329
1781,c,117.74611437133201,117.74611437133201
1782,c,32.60869984733091,35.993896125940964
1783,c,117.74611437133201,117.74611437133201
1784,c,17.935916723837305,28.491023865200255
1785,t,117.74611437133201,117.74611437133201
1786,c,117.74611437133201,117.74611437133201
1787,c,23.45355058537469,26.03543566715051
1788,c,117.74611437133201,117.74611437133201
1789,c,117.74611437133201,117.74611437133201
1790,t,117.74611437133201,117.74611437133201
1791,c,117.74611437133201,117.74611437133201
1792,c,117.74611437133201,117.74611437133201
1793,c,117.74611437133201,117.74611437133201
1794,c,2.8314280925424695,2.8916429937060677
1795,c,117.74611437133201,117.74611437133201
1796,c,25.035398918667234,117.74611437133201
1797,c,117.74611437133201,117.74611437133201
1798,c,117.74611437133201,117.74611437133201
1799,c,27.76935386464543,28.51822892622188
1800,c,117.74611437133201,117.74611437133201
1801,c,117.74611437133201,117.74611437133201
1802,c,35.81613329649681,37.46638652108147
1803,c,117.74611437133201,117.74611437133201
1804,t,117.74611437133201,117.74611437133201
1805,t,117.74611437133201,117.74611437133201
1806,c,49.40186302400309,52.058554535967424
1807,c,36.9421359648825,39.519840374188675
1808,t,117.74611437133201,117.74611437133201
1809,c,2.419193000825279,6.2097088557270945
1810,c,25.016593019855296,26.368515511430925
1811,t,117.74611437133201,117.74611437133201
1812,c,29.62820665791288,32.55738377237681
1813,c,117.74611437133201,117.74611437133201
1814,c,36.0711948515795,38.07996052791687
1815,c,25.74459323259667,32.93328569689382
1816,t,117.74611437133201,117.74611437133201
1817,t,117.74611437133201,117.74611437133201
1818,c,117.74611437133201,117.74611437133201
1819,t,117.74611437133201,117.74611437133201
1820,c,14.64796577812927,23.42040565257232
1821,c,117.74611437133201,117.74611437133201
1822,c,28.784426669975606,117.74611437133201
1823,c,117.74611437133201,117.74611437133201
1824,t,117.74611437133201,117.74611437133201
1825,t,117.74611437133201,117.74611437133201
1826,c,16.64281120887942,17.581770366979427
1827,t,117.74611437133201,117.74611437133201
1828,c,117.74611437133201,117.74611437133201
1829,c,9.943592757728588,16.033626712064144
1830,c,117.74611437133201,117.74611437133201
1831,t,117.74611437133201,117.74611437133201
1832,t,117.74611437133201,117.74611437133201
1833,c,37.873658595704654,40.02167695026805
1834,t,117.74611437133201,117.74611437133201
1835,c,18.137249562762783,19.141962395180247
1836,c,17.522809140920447,22.14799342790537
1837,t,117.74611437133201,117.74611437133201
1838,t,117.74611437133201,117.74611437133201
1839,t,117.74611437133201,117.74611437133201
1840,c,23.46278590659832,35.7947263401071
1841,c,117.74611437133201,117.74611437133201
1842,c,117.74611437133201,117.74611437133201
1843,t,117.74611437133201,117.74611437133201
1844,c,117.74611437133201,117.74611437133201
1845,c,117.74611437133201,117.74611437133201
1846,c,11.329844563245036,16.079336950123935
1847,c,45.27203817516001,46.6387397356619
1848,c,117.74611437133201,117.74611437133201
1849,na,0.3795456811005246,3.2611367352405995
1850,c,117.74611437133201,117.74611437133201
1851,c,20.451292405847934,27.76139016401646
1852,c,35.057620702335974,37.131115277181834
1853,c,32.97940530857512,33.21720877362475
1854,c,67.05091404001406,72.66008623995322
1855,c,26.77135315286463,26.984686719930888
1856,c,44.35562715899712,54.45602397881319
1857,c,117.74611437133201,117.74611437133201
1858,c,11.047849687682936,14.666334588962721
1859,c,117.74611437133201,117.74611437133201
1860,c,19.05752416661151,22.11046270522347
1861,t,117.74611437133201,117.74611437133201
1862,c,58.513764302057346,62.84209298312908
1863,na,0,1.9882480316566606
1864,c,117.74611437133201,117.74611437133201
1865,t,117.74611437133201,117.74611437133201
1866,c,33.54135215916739,35.20039719613737
1867,c,117.74611437133201,117.74611437133201
1868,t,117.74611437133201,117.74611437133201
1869,c,35.38691188581304,42.14463673551396
1870,c,117.74611437133201,117.74611437133201
1871,t,117.74611437133201,117.74611437133201
1872,c,117.74611437133201,117.74611437133201
1873,c,23.12535309403067,24.018416941813
1874,c,18.676087843063485,19.511606193678038
1875,t,117.74611437133201,117.74611437133201
1876,c,13.282876234845167,13.750419747952439
1877,c,31.02857162599315,38.104866048376195
1878,c,117.74611437133201,117.74611437133201
1879,t,117.74611437133201,117.74611437133201
1880,c,117.74611437133201,117.74611437133201
1881,c,117.74611437133201,117.74611437133201
1882,c,17.779299111780965,20.4708496880924
1883,t,117.74611437133201,117.74611437133201
1884,t,117.74611437133201,117.74611437133201
1885,c,37.04675116073093,40.73144811028456
1886,c,33.80357814839487,41.346462486779274
1887,t,117.74611437133201,117.74611437133201
1888,c,117.74611437133201,117.74611437133201
1889,c,28.52122892433694,32.25668922612312
1890,c,50.70916062215332,53.961965339861045
1891,c,117.74611437133201,117.74611437133201
1892,t,117.74611437133201,117.74611437133201
1893,t,117.74611437133201,117.74611437133201
1894,na,-1,0
1895,c,117.74611437133201,117.74611437133201
1896,c,117.74611437133201,117.74611437133201
1897,c,117.74611437133201,117.74611437133201
1898,c,117.74611437133201,117.74611437133201
1899,c,117.74611437133201,117.74611437133201
1900,c,33.951765226457326,35.95702457834904
1901,c,117.74611437133201,117.74611437133201
1902,t,117.74611437133201,117.74611437133201
1903,c,117.74611437133201,117.74611437133201
1904,c,35.245879510299346,36.42784288775845
1905,c,117.74611437133201,117.74611437133201
1906,c,117.74611437133201,117.74611437133201
1907,c,117.74611437133201,117.74611437133201
1908,c,32.595840715659016,32.685797860202676
1909,c,28.276502468590685,33.45342364799904
1910,c,117.74611437133201,117.74611437133201
1911,c,117.74611437133201,117.74611437133201
1912,t,117.74611437133201,117.74611437133201
1913,c,117.74611437133201,117.74611437133201
1914,c,117.74611437133201,117.74611437133201
1915,c,13.123208306285468,24.802123365529603
1916,c,117.74611437133201,117.74611437133201
1917,c,16.918193042393625,27.494480990729723
1918,c,31.15505445106872,117.74611437133201
1919,t,117.74611437133201,117.74611437133201
1920,t,117.74611437133201,117.74611437133201
1921,c,117.74611437133201,117.74611437133201
1922,c,19.236623707049166,28.685964236313723
1923,c,6.80713856609614,15.43927773448591
1924,c,117.74611437133201,117.74611437133201
1925,c,53.16444724590539,55.91445500711442
1926,c,25.14910241524241,25.646102752020425
1927,c,20.38797088169384,22.182791015138125
1928,c,49.02995237575204,50.47558942249066
1929,c,86.43588869095933,92.48824226428457
1930,na,2.643653402848667,3.7657382322940225
1931,c,44.55163081613222,49.30542092872652
1932,c,117.74611437133201,117.74611437133201
1933,c,29.676358964567285,117.74611437133201
1934,c,47.658410739013235,47.791486414250855
1935,c,117.74611437133201,117.74611437133201
1936,t,117.74611437133201,117.74611437133201
1937,c,68.2591037864708,73.65638226000296
1938,c,117.74611437133201,117.74611437133201
1939,c,10.691134100216487,15.542208535415437
1940,c,117.74611437133201,117.74611437133201
1941,c,16.059873610193726,21.0880630785434
1942,c,47.68138357061256,53.28241221776989
1943,c,117.74611437133201,117.74611437133201
1944,c,117.74611437133201,117.74611437133201
1945,c,117.74611437133201,117.74611437133201
1946,c,17.153115676906207,19.361896712025064
1947,c,58.3640439392841,68.10501723496832
1948,c,34.685541428436984,39.93908830357041
1949,c,117.74611437133201,117.74611437133201
1950,c,117.74611437133201,117.74611437133201
1951,c,55.95133770792914,64.0581998886312
1952,c,31.47777032942297,32.311964511757346
1953,t,117.74611437133201,117.74611437133201
1954,c,117.74611437133201,117.74611437133201
1955,t,117.74611437133201,117.74611437133201
1956,t,117.74611437133201,117.74611437133201
1957,c,17.263449243930715,20.060198052613234
1958,c,117.74611437133201,117.74611437133201
1959,c,117.74611437133201,117.74611437133201
1960,c,35.149700033085615,38.76032631654163
1961,c,117.74611437133201,117.74611437133201
1962,c,117.74611437133201,117.74611437133201
1963,c,117.74611437133201,117.74611437133201
1964,c,117.74611437133201,117.74611437133201
1965,t,117.74611437133201,117.74611437133201
1966,c,38.674912515537905,65.64214141433382
1967,c,23.05062808142301,27.07953524809402
1968,c,117.74611437133201,117.74611437133201
1969,c,29.26208424123735,30.544963036962812
1970,c,117.74611437133201,117.74611437133201
1971,c,117.74611437133201,117.74611437133201
1972,c,42.135334742621225,43.71142143701721
1973,c,12.878437474462828,16.282665359438706
1974,c,38.83615337214869,44.66078393178857
1975,c,117.74611437133201,117.74611437133201
1976,c,117.74611437133201,117.74611437133201
1977,c,117.74611437133201,117.74611437133201
1978,c,15.93570331407986,16.781045603005186
1979,c,117.74611437133201,117.74611437133201
1980,t,117.74611437133201,117.74611437133201
1981,t,117.74611437133201,117.74611437133201
1982,c,117.74611437133201,117.74611437133201
1983,c,117.74611437133201,117.74611437133201
1984,c,43.039480989612294,45.7924853735884
1985,c,117.74611437133201,117.74611437133201
1986,c,35.612134310607395,37.50284478286058
1987,c,20.504296470578023,20.88096020227312
1988,t,117.74611437133201,117.74611437133201
1989,t,117.74611437133201,117.74611437133201
1990,c,117.74611437133201,117.74611437133201
1991,c,117.74611437133201,117.74611437133201
1992,c,17.427847951714327,23.088364689452245
1993,c,117.74611437133201,117.74611437133201
1994,c,117.74611437133201,117.74611437133201
1995,c,117.74611437133201,117.74611437133201
1996,c,117.74611437133201,117.74611437133201
1997,c,22.941786450074687,26.15189639609602
1998,c,117.74611437133201,117.74611437133201
1999,c,117.74611437133201,117.74611437133201
2000,c,117.74611437133201,117.74611437133201
2001,c,117.74611437133201,117.74611437133201
2002,c,36.03034257826924,36.222002734541206
2003,t,117.74611437133201,117.74611437133201
2004,c,117.74611437133201,117.74611437133201
2005,t,117.74611437133201,117.74611437133201
2006,c,34.261894552109446,38.105801921348046
2007,c,117.74611437133201,117.74611437133201
2008,c,117.74611437133201,117.74611437133201
2009,c,117.74611437133201,117.74611437133201
2010,t,117.74611437133201,117.74611437133201
2011,c,12.173571254472517,14.97038593541746
2012,c,117.74611437133201,117.74611437133201
2013,c,23.680063678179817,30.821888846820187
2014,c,44.9743367880212,51.042494868251836
2015,c,117.74611437133201,117.74611437133201
2016,c,30.923029456753707,32.32341998580013
2017,c,117.74611437133201,117.74611437133201
2018,c,35.22178660434591,35.49747291952975
2019,c,33.19280169027534,34.9712439190742
2020,c,73.87255872086236,75.63579093961214
2021,c,43.78733161510171,44.481316466700726
2022,c,117.74611437133201,117.74611437133201
2023,c,117.74611437133201,117.74611437133201
2024,c,117.74611437133201,117.74611437133201
2025,c,117.74611437133201,117.74611437133201
2026,c,117.74611437133201,117.74611437133201
2027,c,33.686760439385935,35.6050967402983
2028,c,117.74611437133201,117.74611437133201
2029,c,117.74611437133201,117.74611437133201
2030,c,117.74611437133201,117.74611437133201
2031,c,117.74611437133201,117.74611437133201
2032,c,43.23565326086294,45.913882382330605
2033,t,117.74611437133201,117.74611437133201
2034,c,117.74611437133201,117.74611437133201
2035,c,117.74611437133201,117.74611437133201
2036,c,117.74611437133201,117.74611437133201
2037,c,117.74611437133201,117.74611437133201
2038,c,117.74611437133201,117.74611437133201
2039,c,117.74611437133201,117.74611437133201
2040,c,34.52805479682602,38.64630141658909
2041,t,117.74611437133201,117.74611437133201
2042,c,117.74611437133201,117.74611437133201
2043,t,117.74611437133201,117.74611437133201
2044,c,117.74611437133201,117.74611437133201
2045,t,117.74611437133201,117.74611437133201
2046,t,117.74611437133201,117.74611437133201
2047,c,117.74611437133201,117.74611437133201
2048,c,117.74611437133201,117.74611437133201
2049,c,117.74611437133201,117.74611437133201
2050,c,117.74611437133201,117.74611437133201
2051,c,117.74611437133201,117.74611437133201
2052,c,28.641490346186213,29.36765320988103
2053,c,42.78599533327621,47.279403775792694
2054,c,117.74611437133201,117.74611437133201
2055,t,117.74611437133201,117.74611437133201
2056,c,12.055722396112403,15.745064107710704
2057,t,117.74611437133201,117.74611437133201
2058,c,117.74611437133201,117.74611437133201
2059,c,117.74611437133201,117.74611437133201
2060,c,117.74611437133201,117.74611437133201
2061,c,117.74611437133201,117.74611437133201
2062,t,117.74611437133201,117.74611437133201
2063,t,117.74611437133201,117.74611437133201
2064,c,24.23734173028608,36.0319016186854
2065,na,0,9.150047416301984
2066,c,117.74611437133201,117.74611437133201
2067,c,117.74611437133201,117.74611437133201
2068,c,12.129015108614716,12.448900560850017
2069,c,30.818994987665047,34.8105750511291
2070,t,117.74611437133201,117.74611437133201
2071,c,117.74611437133201,117.74611437133201
2072,c,117.74611437133201,117.74611437133201
2073,c,117.74611437133201,117.74611437133201
2074,t,117.74611437133201,117.74611437133201
2075,c,67.51552626725784,71.61932913460285
2076,c,117.74611437133201,117.74611437133201
2077,c,117.74611437133201,117.74611437133201
2078,c,44.37074967970736,46.01828384710896
2079,c,117.74611437133201,117.74611437133201
2080,c,117.74611437133201,117.74611437133201
2081,c,117.74611437133201,117.74611437133201
2082,c,117.74611437133201,117.74611437133201
2083,c,117.74611437133201,117.74611437133201
2084,c,37.01099845601421,38.34323970231315
2085,c,19.271934432707322,117.74611437133201
2086,c,117.74611437133201,117.74611437133201
2087,c,89.54071121684528,94.87649394527769
2088,c,31.39109495328643,34.93217274297477
2089,c,79.96695738534787,83.57817865451631
2090,c,46.49603330190943,46.75304057789363
2091,t,117.74611437133201,117.74611437133201
2092,c,47.76309901299198,55.32056564063942
2093,c,117.74611437133201,117.74611437133201
2094,c,117.74611437133201,117.74611437133201
2095,c,117.74611437133201,117.74611437133201
2096,c,28.83208853746624,33.85021912424738
2097,na,-1,0
2098,c,117.74611437133201,117.74611437133201
2099,c,117.74611437133201,117.74611437133201
2100,c,117.74611437133201,117.74611437133201
2101,c,117.74611437133201,117.74611437133201
2102,c,8.897674358892784,11.376114445623832
2103,t,117.74611437133201,117.74611437133201
2104,c,117.74611437133201,117.74611437133201
2105,t,117.74611437133201,117.74611437133201
2106,c,117.74611437133201,117.74611437133201
2107,c,117.74611437133201,117.74611437133201
2108,c,117.74611437133201,117.74611437133201
2109,c,117.74611437133201,117.74611437133201
2110,t,117.74611437133201,117.74611437133201
2111,c,15.626614077896114,23.721420355391366
2112,c,77.15738343778432,78.32876467267033
2113,t,117.74611437133201,117.74611437133201
2114,c,45.37422388724863,46.034864991015795
2115,c,117.74611437133201,117.74611437133201
2116,c,12.746169396312249,14.820658420285309
2117,t,117.74611437133201,117.74611437133201
2118,c,16.02984588782055,17.09055235468322
2119,c,79.05477645244852,81.28118098786554
2120,c,117.74611437133201,117.74611437133201
2121,c,20.04561685201324,117.74611437133201
2122,c,26.64376787150545,29.948971548958088
2123,c,22.90430422628198,26.609461416484514
2124,t,117.74611437133201,117.74611437133201
2125,c,33.621280795274004,48.869919679780345
2126,c,117.74611437133201,117.74611437133201
2127,t,117.74611437133201,117.74611437133201
2128,c,117.74611437133201,117.74611437133201
2129,c,117.74611437133201,117.74611437133201
2130,c,11.01949316509978,14.635016528738678
2131,t,117.74611437133201,117.74611437133201
2132,c,50.38803563725726,56.665519234587215
2133,t,117.74611437133201,117.74611437133201
2134,na,3.3451104289418656,5.715194781240626
2135,c,117.74611437133201,117.74611437133201
2136,c,9.59221004372277,15.474327127656407
2137,c,117.74611437133201,117.74611437133201
2138,c,117.74611437133201,117.74611437133201
2139,c,117.74611437133201,117.74611437133201
2140,c,117.74611437133201,117.74611437133201
2141,c,7.166605646586322,8.384209964932566
2142,t,117.74611437133201,117.74611437133201
2143,c,21.467212063242037,22.263475033831746
2144,c,9.40225002046874,117.74611437133201
2145,c,117.74611437133201,117.74611437133201
2146,c,117.74611437133201,117.74611437133201
2147,c,11.03735530218489,12.147418730562048
2148,c,117.74611437133201,117.74611437133201
2149,c,26.298977627917633,27.163840339818524
2150,c,51.36777613779233,52.34458417693632
2151,c,19.104540957650464,19.208643643492124
2152,c,117.74611437133201,117.74611437133201
2153,c,27.13225187715796,32.43950499152108
2154,c,117.74611437133201,117.74611437133201
2155,c,25.789703270553197,26.532781105569097
2156,c,117.74611437133201,117.74611437133201
2157,t,117.74611437133201,117.74611437133201
2158,c,117.74611437133201,117.74611437133201
2159,c,117.74611437133201,117.74611437133201
2160,c,117.74611437133201,117.74611437133201
2161,c,117.74611437133201,117.74611437133201
2162,c,34.71206964222025,35.33232991655504
2163,c,5.598864646586796,9.559489869575076
2164,c,27.986156813913034,32.99131117101247
2165,c,117.74611437133201,117.74611437133201
2166,t,117.74611437133201,117.74611437133201
2167,c,117.74611437133201,117.74611437133201
2168,t,117.74611437133201,117.74611437133201
2169,t,117.74611437133201,117.74611437133201
2170,t,117.74611437133201,117.74611437133201
2171,c,5.858726789222872,9.064267401124308
2172,c,117.74611437133201,117.74611437133201
2173,c,26.94342555946132,29.05311366979632
2174,c,94.0428607551075,102.22825140483411
2175,c,117.74611437133201,117.74611437133201
2176,c,117.74611437133201,117.74611437133201
2177,t,117.74611437133201,117.74611437133201
2178,c,117.74611437133201,117.74611437133201
2179,c,117.74611437133201,117.74611437133201
2180,c,45.64823375196651,50.346476726884646
2181,c,117.74611437133201,117.74611437133201
2182,c,38.509212760226426,40.123627095647194
2183,t,117.74611437133201,117.74611437133201
2184,c,16.101657034924465,23.070854265151677
2185,c,117.74611437133201,117.74611437133201
2186,c,29.24871857841746,49.18724291158041
2187,c,117.74611437133201,117.74611437133201
2188,c,20.161300295438533,20.31110193792926
2189,c,19.13671613464629,21.508967564986047
2190,c,117.74611437133201,117.74611437133201
2191,c,48.977247891693196,49.0347127048602
2192,c,31.485371564943314,117.74611437133201
2193,c,48.429475845571936,48.975983396127155
2194,c,27.79323460387242,117.74611437133201
2195,c,117.74611437133201,117.74611437133201
2196,t,117.74611437133201,117.74611437133201
2197,t,117.74611437133201,117.74611437133201
2198,c,117.74611437133201,117.74611437133201
2199,c,117.74611437133201,117.74611437133201
2200,c,117.74611437133201,117.74611437133201
2201,t,117.74611437133201,117.74611437133201
2202,t,117.74611437133201,117.74611437133201
2203,c,117.74611437133201,117.74611437133201
2204,c,117.74611437133201,117.74611437133201
2205,na,6.802464394874359,12.863739498107849
2206,t,117.74611437133201,117.74611437133201
2207,c,117.74611437133201,117.74611437133201
2208,c,117.74611437133201,117.74611437133201
2209,c,33.38882291364685,37.91695348943529
2210,t,117.74611437133201,117.74611437133201
2211,c,117.74611437133201,117.74611437133201
2212,c,117.74611437133201,117.74611437133201
2213,t,117.74611437133201,117.74611437133201
2214,c,32.92238821771635,38.07947177023904
2215,c,117.74611437133201,117.74611437133201
2216,t,117.74611437133201,117.74611437133201
2217,c,42.24061458756616,48.26722903187302
2218,c,44.208351414929844,49.076616040360555
2219,t,117.74611437133201,117.74611437133201
2220,c,117.74611437133201,117.74611437133201
2221,c,26.416052326861344,28.430565581010068
2222,c,117.74611437133201,117.74611437133201
2223,t,117.74611437133201,117.74611437133201
2224,c,117.74611437133201,117.74611437133201
2225,c,31.005641450127136,32.36390600280426
2226,c,117.74611437133201,117.74611437133201
2227,c,117.74611437133201,117.74611437133201
2228,c,117.74611437133201,117.74611437133201
2229,c,117.74611437133201,117.74611437133201
2230,c,117.74611437133201,117.74611437133201
2231,c,117.74611437133201,117.74611437133201
2232,c,117.74611437133201,117.74611437133201
2233,t,117.74611437133201,117.74611437133201
2234,c,27.335782032721497,36.04448955958969
2235,c,117.74611437133201,117.74611437133201
2236,t,117.74611437133201,117.74611437133201
2237,c,66.55665345216987,81.6410907091192
2238,t,117.74611437133201,117.74611437133201
2239,c,117.74611437133201,117.74611437133201
2240,c,51.38551614008819,58.79372725364031
2241,c,34.6206733164012,117.74611437133201
2242,c,117.74611437133201,117.74611437133201
2243,c,23.306085979786992,117.74611437133201
2244,c,50.63881051440738,52.57307967710546
2245,t,117.74611437133201,117.74611437133201
2246,c,117.74611437133201,117.74611437133201
2247,t,117.74611437133201,117.74611437133201
2248,t,117.74611437133201,117.74611437133201
2249,c,45.77768094198479,47.48907519507449
2250,c,20.984166830421263,22.79701789004003
2251,c,117.74611437133201,117.74611437133201
2252,c,117.74611437133201,117.74611437133201
2253,t,117.74611437133201,117.74611437133201
2254,c,25.062557738869323,40.34409687246941
2255,c,117.74611437133201,117.74611437133201
2256,t,117.74611437133201,117.74611437133201
2257,t,117.74611437133201,117.74611437133201
2258,t,117.74611437133201,117.74611437133201
2259,c,41.971294710413886,42.281085515030796
2260,t,117.74611437133201,117.74611437133201
2261,c,117.74611437133201,117.74611437133201
2262,c,43.32710975867892,47.58903025969418
2263,c,117.74611437133201,117.74611437133201
2264,t,117.74611437133201,117.74611437133201
2265,c,55.59482946900097,64.56310295211995
2266,t,117.74611437133201,117.74611437133201
2267,c,18.49682196464506,19.522758186662646
2268,c,117.74611437133201,117.74611437133201
2269,c,117.74611437133201,117.74611437133201
2270,c,24.202850632402182,31.765082441279393
2271,t,117.74611437133201,117.74611437133201
2272,t,117.74611437133201,117.74611437133201
2273,c,117.74611437133201,117.74611437133201
2274,c,9.905018124549517,11.782103242413932
2275,c,35.300902526669596,36.375933630106715
2276,c,117.74611437133201,117.74611437133201
2277,t,117.74611437133201,117.74611437133201
2278,c,117.74611437133201,117.74611437133201
2279,c,20.305385467457402,22.571417289206984
2280,c,117.74611437133201,117.74611437133201
2281,c,117.74611437133201,117.74611437133201
2282,c,117.74611437133201,117.74611437133201
2283,c,17.39300487756331,23.744679596125298
2284,t,117.74611437133201,117.74611437133201
2285,c,117.74611437133201,117.74611437133201
2286,c,117.74611437133201,117.74611437133201
2287,c,117.74611437133201,117.74611437133201
2288,c,31.46493729824768,49.69473036054113
2289,c,117.74611437133201,117.74611437133201
2290,c,63.56991594317801,64.78087427669139
2291,t,117.74611437133201,117.74611437133201
2292,t,117.74611437133201,117.74611437133201
2293,c,117.74611437133201,117.74611437133201
2294,c,117.74611437133201,117.74611437133201
2295,c,17.101793669865973,23.954927574232844
2296,t,117.74611437133201,117.74611437133201
2297,t,117.74611437133201,117.74611437133201
2298,c,117.74611437133201,117.74611437133201
2299,c,29.825893871748857,30.461932118239975
2300,c,24.47796691205694,25.42886022840221
2301,na,117.74611437133201,117.74611437133201
2302,c,117.74611437133201,117.74611437133201
2303,c,117.74611437133201,117.74611437133201
2304,c,117.74611437133201,117.74611437133201
2305,c,29.967640415760673,36.79318802288971
2306,c,18.887427188793442,22.18990323493945
2307,na,3.500585608775949,4.816813182877947
2308,c,117.74611437133201,117.74611437133201
2309,c,23.44699160806301,37.05520592128332
2310,c,117.74611437133201,117.74611437133201
2311,c,117.74611437133201,117.74611437133201
2312,c,25.906304288779864,29.364505861511642
2313,c,30.550653574009875,30.558782923842443
2314,c,117.74611437133201,117.74611437133201
2315,t,117.74611437133201,117.74611437133201
2316,t,117.74611437133201,117.74611437133201
2317,c,21.776263092780592,28.797144231568318
2318,c,117.74611437133201,117.74611437133201
2319,t,117.74611437133201,117.74611437133201
2320,c,19.749976537480283,29.967379710733635
2321,c,117.74611437133201,117.74611437133201
2322,c,20.7160436067843,32.54822558967767
2323,c,22.404454967787633,28.551172238338747
2324,c,12.662407643315328,16.168900507739394
2325,t,117.74611437133201,117.74611437133201
2326,c,25.721162846577258,30.041286501784796
2327,c,117.74611437133201,117.74611437133201
2328,c,40.44414188751479,40.84073098449484
2329,t,117.74611437133201,117.74611437133201
2330,c,117.74611437133201,117.74611437133201
2331,c,25.43044762047626,27.44709795721188
2332,c,24.842159691266648,25.494598205368344
2333,c,31.98723311640494,34.11105471845857
2334,t,117.74611437133201,117.74611437133201
2335,c,13.834724569423976,16.09866244971643
2336,c,27.268009675641817,32.423959406736756
2337,c,36.95388455252632,37.87547583512456
2338,t,117.74611437133201,117.74611437133201
2339,c,117.74611437133201,117.74611437133201
2340,na,2.6583931783671892,4.556337146803088
2341,c,117.74611437133201,117.74611437133201
2342,c,117.74611437133201,117.74611437133201
2343,c,117.74611437133201,117.74611437133201
2344,c,35.64885927199462,36.29831861595104
2345,c,59.38616442240467,117.74611437133201
2346,c,33.65858457872681,35.49435778763691
2347,c,117.74611437133201,117.74611437133201
2348,c,117.74611437133201,117.74611437133201
2349,c,11.084596742230419,12.34251189370614
2350,t,117.74611437133201,117.74611437133201
2351,c,117.74611437133201,117.74611437133201
2352,c,117.74611437133201,117.74611437133201
2353,c,117.74611437133201,117.74611437133201
2354,t,117.74611437133201,117.74611437133201
2355,t,117.74611437133201,117.74611437133201
2356,t,117.74611437133201,117.74611437133201
2357,t,117.74611437133201,117.74611437133201
2358,c,117.74611437133201,117.74611437133201
2359,c,117.74611437133201,117.74611437133201
2360,c,27.987331640050765,31.042477146855177
2361,t,117.74611437133201,117.74611437133201
2362,c,24.25255169908545,24.851552147245584
2363,c,50.41065240821532,59.02853148716523
2364,c,117.74611437133201,117.74611437133201
2365,c,40.60598109812384,44.75899222655526
2366,c,25.220899371615364,34.22804382666082
2367,c,117.74611437133201,117.74611437133201
2368,c,28.06690483399117,29.863005039983573
2369,c,117.74611437133201,117.74611437133201
2370,c,117.74611437133201,117.74611437133201
2371,t,117.74611437133201,117.74611437133201
2372,c,117.74611437133201,117.74611437133201
2373,t,117.74611437133201,117.74611437133201
2374,c,117.74611437133201,117.74611437133201
2375,c,7.5577489556834125,12.891134716025487
2376,t,117.74611437133201,117.74611437133201
2377,na,11.553258087224556,15.466838559129535
2378,c,117.74611437133201,117.74611437133201
2379,c,117.74611437133201,117.74611437133201
2380,c,31.680350475295338,117.74611437133201
2381,c,39.53295947042235,43.14537186072482
2382,c,117.74611437133201,117.74611437133201
2383,t,117.74611437133201,117.74611437133201
2384,t,117.74611437133201,117.74611437133201
2385,t,117.74611437133201,117.74611437133201
2386,t,117.74611437133201,117.74611437133201
2387,c,59.06314023466746,60.0036638045379
2388,c,46.69859061670873,51.583705127510925
2389,t,117.74611437133201,117.74611437133201
2390,c,13.10053337593821,13.130056243230841
2391,c,11.640603254040553,16.918761171156206
2392,c,31.307523755486372,31.597072093752473
2393,c,117.74611437133201,117.74611437133201
2394,c,32.1129382444021,32.87087992260978
2395,c,117.74611437133201,117.74611437133201
2396,c,117.74611437133201,117.74611437133201
2397,c,45.70679078780558,64.48061439228267
2398,t,117.74611437133201,117.74611437133201
2399,t,117.74611437133201,117.74611437133201
2400,c,117.74611437133201,117.74611437133201
2401,c,38.78523600010051,40.84852155637029
2402,c,117.74611437133201,117.74611437133201
2403,c,26.657674113411506,27.272727522495067
2404,c,25.018866604816996,25.36579958068536
2405,c,117.74611437133201,117.74611437133201
2406,t,117.74611437133201,117.74611437133201
2407,c,47.14927031300928,48.256837135128436
2408,c,5.735167889171018,5.973652469667922
2409,c,31.267554580711362,58.9195639886357
2410,c,13.37029122816525,14.31289728313679
2411,c,117.74611437133201,117.74611437133201
2412,c,117.74611437133201,117.74611437133201
2413,c,33.66612860466308,37.40142964819743
2414,c,27.544162805140452,30.815033375325267
2415,c,117.74611437133201,117.74611437133201
2416,c,9.370557364632718,13.158959456502807
2417,c,40.75453741573249,45.37568528190348
2418,c,33.91983990415126,47.14356308166047
2419,t,117.74611437133201,117.74611437133201
2420,t,117.74611437133201,117.74611437133201
2421,c,117.74611437133201,117.74611437133201
2422,c,117.74611437133201,117.74611437133201
2423,c,117.74611437133201,117.74611437133201
2424,c,117.74611437133201,117.74611437133201
2425,t,117.74611437133201,117.74611437133201
2426,c,117.74611437133201,117.74611437133201
2427,c,37.31808421041786,41.97115015351427
2428,c,117.74611437133201,117.74611437133201
2429,c,26.395991267008558,33.54884139469742
2430,c,117.74611437133201,117.74611437133201
2431,c,117.74611437133201,117.74611437133201
2432,c,117.74611437133201,117.74611437133201
2433,c,30.401439839800208,46.204246943227965
2434,c,117.74611437133201,117.74611437133201
2435,t,117.74611437133201,117.74611437133201
2436,c,18.12389644946629,32.028170902514624
2437,c,117.74611437133201,117.74611437133201
2438,c,117.74611437133201,117.74611437133201
2439,c,117.74611437133201,117.74611437133201
2440,c,117.74611437133201,117.74611437133201
2441,c,24.17077146879387,27.005480883508273
2442,c,27.69549803133518,28.336014045839228
2443,c,117.74611437133201,117.74611437133201
2444,na,-1,0
2445,t,117.74611437133201,117.74611437133201
2446,t,117.74611437133201,117.74611437133201
2447,c,117.74611437133201,117.74611437133201
2448,c,117.74611437133201,117.74611437133201
2449,c,27.39981673699403,35.831233515063516
2450,c,19.4530237487614,24.990867974643777
2451,t,117.74611437133201,117.74611437133201
2452,c,117.74611437133201,117.74611437133201
2453,c,23.312445580200947,25.984899061934993
2454,c,117.74611437133201,117.74611437133201
2455,c,55.651361185524834,60.45963492149483
2456,c,117.74611437133201,117.74611437133201
2457,c,117.74611437133201,117.74611437133201
2458,t,117.74611437133201,117.74611437133201
2459,c,117.74611437133201,117.74611437133201
2460,c,69.03367940691139,117.74611437133201
2461,c,117.74611437133201,117.74611437133201
2462,c,44.146003829449306,53.347495961231765
2463,t,117.74611437133201,117.74611437133201
2464,c,32.96556985743102,38.78024268632555
2465,c,60.815346237635964,67.68079224826342
2466,c,117.74611437133201,117.74611437133201
2467,t,117.74611437133201,117.74611437133201
2468,c,117.74611437133201,117.74611437133201
2469,c,117.74611437133201,117.74611437133201
2470,c,20.132440910096104,21.33387267353667
2471,t,117.74611437133201,117.74611437133201
2472,c,117.74611437133201,117.74611437133201
2473,c,117.74611437133201,117.74611437133201
2474,c,117.74611437133201,117.74611437133201
2475,c,117.74611437133201,117.74611437133201
2476,t,117.74611437133201,117.74611437133201
2477,c,117.74611437133201,117.74611437133201
2478,c,39.92613787718828,51.162544891776925
2479,t,117.74611437133201,117.74611437133201
2480,c,117.74611437133201,117.74611437133201
2481,c,117.74611437133201,117.74611437133201
2482,c,117.74611437133201,117.74611437133201
2483,t,117.74611437133201,117.74611437133201
2484,t,117.74611437133201,117.74611437133201
2485,t,117.74611437133201,117.74611437133201
2486,c,28.990173094876955,29.00876223347938
2487,c,34.06389188473619,35.37169017227198
2488,t,117.74611437133201,117.74611437133201
2489,c,8.813661815929304,8.941126171858318
2490,c,117.74611437133201,117.74611437133201
2491,t,117.74611437133201,117.74611437133201
2492,c,30.584241561886554,117.74611437133201
2493,c,117.74611437133201,117.74611437133201
2494,t,117.74611437133201,117.74611437133201
2495,c,117.74611437133201,117.74611437133201
2496,c,8.079885687178596,9.03931119386298
2497,c,60.34508847037692,66.7972830903424
2498,c,55.97207656713135,58.738203796050456
2499,c,117.74611437133201,117.74611437133201
2500,c,19.67135510306733,24.12583642982969
2501,c,117.74611437133201,117.74611437133201
2502,t,117.74611437133201,117.74611437133201
2503,c,117.74611437133201,117.74611437133201
2504,c,33.80522945614178,34.31670699531289
2505,c,117.74611437133201,117.74611437133201
2506,c,117.74611437133201,117.74611437133201
2507,t,117.74611437133201,117.74611437133201
2508,c,62.08888352381257,63.25337373930096
2509,c,28.532234972144238,28.889577247304338
2510,t,117.74611437133201,117.74611437133201
2511,c,117.74611437133201,117.74611437133201
2512,c,36.375079933165566,41.837700500668355
2513,c,117.74611437133201,117.74611437133201
2514,c,14.601439515789771,15.733364253353344
2515,c,35.918130113085475,39.03310215750802
2516,c,49.166383367820494,52.88197689008925
2517,t,117.74611437133201,117.74611437133201
2518,c,117.74611437133201,117.74611437133201
2519,c,71.46764707748451,89.21423383461254
2520,c,48.7845031825576,51.06425838638938
2521,c,57.436490587880925,117.74611437133201
2522,t,117.74611437133201,117.74611437133201
2523,c,117.74611437133201,117.74611437133201
2524,c,117.74611437133201,117.74611437133201
2525,c,13.263851113908707,18.761468129760463
2526,t,117.74611437133201,117.74611437133201
2527,c,117.74611437133201,117.74611437133201
2528,t,117.74611437133201,117.74611437133201
2529,c,117.74611437133201,117.74611437133201
2530,c,65.87835225364735,74.61267127767591
2531,t,117.74611437133201,117.74611437133201
2532,c,29.067763120572707,117.74611437133201
2533,t,117.74611437133201,117.74611437133201
2534,c,23.536437699955762,117.74611437133201
2535,t,117.74611437133201,117.74611437133201
2536,c,117.74611437133201,117.74611437133201
2537,c,22.69177552915538,30.54644681949537
2538,c,117.74611437133201,117.74611437133201
2539,c,117.74611437133201,117.74611437133201
2540,c,27.319677871639637,117.74611437133201
2541,c,33.221000799097325,36.12062621783363
2542,c,117.74611437133201,117.74611437133201
2543,c,117.74611437133201,117.74611437133201
2544,t,117.74611437133201,117.74611437133201
2545,c,47.624892829267964,52.51626922236911
2546,c,39.578077844172505,45.86846154794124
2547,c,117.74611437133201,117.74611437133201
2548,c,47.54521974146979,49.94611531649013
2549,c,59.75923639611362,63.14346615910398
2550,c,26.856413018555074,42.25950718657864
2551,t,117.74611437133201,117.74611437133201
2552,c,117.74611437133201,117.74611437133201
2553,c,117.74611437133201,117.74611437133201
2554,c,117.74611437133201,117.74611437133201
2555,t,117.74611437133201,117.74611437133201
2556,c,117.74611437133201,117.74611437133201
2557,c,13.878285539365772,14.038615873507831
2558,c,117.74611437133201,117.74611437133201
2559,c,18.80965018455309,20.327495287210475
2560,na,0,1.359703760699911
2561,c,19.26368385206007,117.74611437133201
2562,c,117.74611437133201,117.74611437133201
2563,t,117.74611437133201,117.74611437133201
2564,c,19.703751852835236,21.92112659877941
2565,c,55.305617748618474,58.62328848807183
2566,c,13.147242847392425,117.74611437133201
2567,t,117.74611437133201,117.74611437133201
2568,t,117.74611437133201,117.74611437133201
2569,t,117.74611437133201,117.74611437133201
2570,c,22.816011055557155,22.91084410029534
2571,c,30.8824362479471,35.04654739729955
2572,c,117.74611437133201,117.74611437133201
2573,t,117.74611437133201,117.74611437133201
2574,c,117.74611437133201,117.74611437133201
2575,c,117.74611437133201,117.74611437133201
2576,c,117.74611437133201,117.74611437133201
2577,c,117.74611437133201,117.74611437133201
2578,c,12.074078326395105,14.643136180085234
2579,t,117.74611437133201,117.74611437133201
2580,c,117.74611437133201,117.74611437133201
2581,na,1.0043146587886074,1.583367889760981
2582,c,117.74611437133201,117.74611437133201
2583,t,117.74611437133201,117.74611437133201
2584,c,43.11731529978372,49.142963340944036
2585,c,30.55928273464244,32.363730202782996
2586,c,117.74611437133201,117.74611437133201
2587,t,117.74611437133201,117.74611437133201
2588,c,117.74611437133201,117.74611437133201
2589,c,117.74611437133201,117.74611437133201
2590,t,117.74611437133201,117.74611437133201
2591,c,117.74611437133201,117.74611437133201
2592,c,16.831385196731908,21.278577094289016
2593,t,117.74611437133201,117.74611437133201
2594,c,117.74611437133201,117.74611437133201
2595,t,117.74611437133201,117.74611437133201
2596,t,117.74611437133201,117.74611437133201
2597,c,43.429678629271145,47.62122855771028
2598,c,11.943353107940265,17.256501842194705
2599,t,117.74611437133201,117.74611437133201
2600,c,117.74611437133201,117.74611437133201
2601,c,117.74611437133201,117.74611437133201
2602,t,117.74611437133201,117.74611437133201
2603,na,3.825211857254903,5.778290394368456
2604,t,117.74611437133201,117.74611437133201
2605,c,34.89752616801267,36.556307301108426
2606,c,39.72660428270752,42.62327821591724
2607,c,117.74611437133201,117.74611437133201
2608,c,117.74611437133201,117.74611437133201
2609,c,13.737892542572292,14.361497033144671
2610,c,11.484727913251831,14.94490423831339
2611,t,117.74611437133201,117.74611437133201
2612,c,21.352515716630077,117.74611437133201
2613,c,117.74611437133201,117.74611437133201
2614,t,117.74611437133201,117.74611437133201
2615,c,117.74611437133201,117.74611437133201
2616,c,117.74611437133201,117.74611437133201
2617,c,117.74611437133201,117.74611437133201
2618,c,20.417902157053252,26.45267041565814
2619,c,117.74611437133201,117.74611437133201
2620,c,26.201274530836976,27.741645399190777
2621,c,11.325442536320548,117.74611437133201
2622,c,117.74611437133201,117.74611437133201
2623,c,117.74611437133201,117.74611437133201
2624,c,117.74611437133201,117.74611437133201
2625,c,117.74611437133201,117.74611437133201
2626,na,0.6405629487177276,0.9607603074953494
2627,c,117.74611437133201,117.74611437133201
2628,na,2.5810055889404233,4.099632747403462
2629,t,117.74611437133201,117.74611437133201
2630,t,117.74611437133201,117.74611437133201
2631,t,117.74611437133201,117.74611437133201
2632,na,6.328037564513096,6.443656122095606
2633,c,117.74611437133201,117.74611437133201
2634,c,117.74611437133201,117.74611437133201
2635,c,34.17340527683367,35.93016482620882
2636,c,8.058346198196276,16.128534541498055
2637,c,23.12468674264549,30.535591949472334
2638,t,117.74611437133201,117.74611437133201
2639,t,117.74611437133201,117.74611437133201
2640,t,117.74611437133201,117.74611437133201
2641,t,117.74611437133201,117.74611437133201
2642,c,117.74611437133201,117.74611437133201
2643,c,117.74611437133201,117.74611437133201
2644,c,117.74611437133201,117.74611437133201
2645,c,25.342328904236066,29.203473243350796
2646,c,117.74611437133201,117.74611437133201
2647,c,117.74611437133201,117.74611437133201
2648,c,11.65160310051872,13.823065644749676
2649,c,33.888363035871635,37.915505981967435
2650,c,117.74611437133201,117.74611437133201
2651,t,117.74611437133201,117.74611437133201
2652,c,117.74611437133201,117.74611437133201
2653,c,117.74611437133201,117.74611437133201
2654,c,117.74611437133201,117.74611437133201
2655,c,31.112826166529153,40.88338259596333
2656,c,6.973865234856089,12.980043149408765
2657,c,117.74611437133201,117.74611437133201
2658,t,117.74611437133201,117.74611437133201
2659,c,9.640432917395433,15.661762488020237
2660,c,117.74611437133201,117.74611437133201
2661,c,117.74611437133201,117.74611437133201
2662,c,60.15686104010396,62.53179807996132
2663,c,34.60808739637954,39.37042824858368
2664,na,11.23155209792187,20.36095373846485
2665,t,117.74611437133201,117.74611437133201
2666,c,117.74611437133201,117.74611437133201
2667,t,117.74611437133201,117.74611437133201
2668,c,117.74611437133201,117.74611437133201
2669,c,28.220394531154533,31.870561553149518
2670,t,117.74611437133201,117.74611437133201
2671,t,117.74611437133201,117.74611437133201
2672,c,117.74611437133201,117.74611437133201
2673,c,11.843627201931723,14.668652789936754
2674,c,117.74611437133201,117.74611437133201
2675,c,117.74611437133201,117.74611437133201
2676,t,117.74611437133201,117.74611437133201
2677,t,117.74611437133201,117.74611437133201
2678,c,14.191705922135943,21.090033982548018
2679,c,34.173753603708825,35.49989617889632
2680,c,117.74611437133201,117.74611437133201
2681,c,117.74611437133201,117.74611437133201
2682,c,42.44664822126046,50.74038534909516
2683,c,38.81966320478699,47.24444781826257
2684,c,117.74611437133201,117.74611437133201
2685,c,11.465011829903595,14.977416044046427
2686,c,117.74611437133201,117.74611437133201
2687,c,117.74611437133201,117.74611437133201
2688,c,24.349468245661548,26.04175055662776
2689,t,117.74611437133201,117.74611437133201
2690,t,117.74611437133201,117.74611437133201
2691,c,19.04305556437933,19.79271008690845
2692,c,18.175815036373905,19.667368244295563
2693,c,117.74611437133201,117.74611437133201
2694,na,117.74611437133201,117.74611437133201
2695,c,36.87910241318487,38.338669880186
2696,t,117.74611437133201,117.74611437133201
2697,t,117.74611437133201,117.74611437133201
2698,c,41.389181935376435,43.02381186673698
2699,c,30.150479059533875,30.642038110887622
2700,t,117.74611437133201,117.74611437133201
2701,c,15.27608326752991,16.289979638737904
2702,c,117.74611437133201,117.74611437133201
2703,c,117.74611437133201,117.74611437133201
2704,t,117.74611437133201,117.74611437133201
2705,c,8.511212601182722,15.529601434055222
2706,c,117.74611437133201,117.74611437133201
2707,c,5.141815274387306,8.862300098113167
2708,c,12.19068603099792,12.40202686493057
2709,c,117.74611437133201,117.74611437133201
2710,t,117.74611437133201,117.74611437133201
2711,c,117.74611437133201,117.74611437133201
2712,c,26.20574559120088,27.400077986778967
2713,c,53.02487723271356,53.570460431032316
2714,c,36.782999271804734,37.205054122012875
2715,t,117.74611437133201,117.74611437133201
2716,c,117.74611437133201,117.74611437133201
2717,t,117.74611437133201,117.74611437133201
2718,c,117.74611437133201,117.74611437133201
2719,c,117.74611437133201,117.74611437133201
2720,t,117.74611437133201,117.74611437133201
2721,c,117.74611437133201,117.74611437133201
2722,c,117.74611437133201,117.74611437133201
2723,c,31.74221237052233,35.82985801815398
2724,c,117.74611437133201,117.74611437133201
2725,c,117.74611437133201,117.74611437133201
2726,c,117.74611437133201,117.74611437133201
2727,c,17.92240618635227,20.318732593575863
2728,c,117.74611437133201,117.74611437133201
2729,c,117.74611437133201,117.74611437133201
2730,c,25.875390613143797,32.108044513689165
2731,c,117.74611437133201,117.74611437133201
2732,c,40.809985029579096,42.3527881891072
2733,c,117.74611437133201,117.74611437133201
2734,c,57.83958526412654,61.90156396884031
2735,t,117.74611437133201,117.74611437133201
2736,c,117.74611437133201,117.74611437133201
2737,t,117.74611437133201,117.74611437133201
2738,c,20.072550210187053,26.881528877660074
2739,c,117.74611437133201,117.74611437133201
2740,c,117.74611437133201,117.74611437133201
2741,t,117.74611437133201,117.74611437133201
2742,c,117.74611437133201,117.74611437133201
2743,c,117.74611437133201,117.74611437133201
2744,c,117.74611437133201,117.74611437133201
2745,c,117.74611437133201,117.74611437133201
2746,t,117.74611437133201,117.74611437133201
2747,c,117.74611437133201,117.74611437133201
2748,t,117.74611437133201,117.74611437133201
2749,c,117.74611437133201,117.74611437133201
2750,c,117.74611437133201,117.74611437133201
2751,c,25.643556584954563,40.85421187508112
2752,t,117.74611437133201,117.74611437133201
2753,c,117.74611437133201,117.74611437133201
2754,c,117.74611437133201,117.74611437133201
2755,c,117.74611437133201,117.74611437133201
2756,c,117.74611437133201,117.74611437133201
2757,na,0,1.1529950925772678
2758,c,30.494584960509965,37.908933679988365
2759,t,117.74611437133201,117.74611437133201
2760,c,30.168355595297182,36.419299619638274
2761,c,117.74611437133201,117.74611437133201
2762,c,117.74611437133201,117.74611437133201
2763,c,117.74611437133201,117.74611437133201
2764,c,117.74611437133201,117.74611437133201
2765,na,4.896446106510904,5.195486490550319
2766,c,45.26370705213715,53.281440293350634
2767,t,117.74611437133201,117.74611437133201
2768,c,117.74611437133201,117.74611437133201
2769,c,117.74611437133201,117.74611437133201
2770,c,8.152765197902925,12.157601713098652
2771,c,117.74611437133201,117.74611437133201
2772,t,117.74611437133201,117.74611437133201
2773,t,117.74611437133201,117.74611437133201
2774,na,1.3019945386797496,1.8075691202625026
2775,c,23.748652403518694,28.157722015455576
2776,c,117.74611437133201,117.74611437133201
2777,t,117.74611437133201,117.74611437133201
2778,c,117.74611437133201,117.74611437133201
2779,c,117.74611437133201,117.74611437133201
2780,t,117.74611437133201,117.74611437133201
2781,c,117.74611437133201,117.74611437133201
2782,c,117.74611437133201,117.74611437133201
2783,na,0,1.1941950152779148
2784,c,25.048733262584793,29.366907670464084
2785,t,117.74611437133201,117.74611437133201
2786,t,117.74611437133201,117.74611437133201
2787,c,117.74611437133201,117.74611437133201
2788,c,117.74611437133201,117.74611437133201
2789,c,117.74611437133201,117.74611437133201
2790,c,117.74611437133201,117.74611437133201
2791,t,117.74611437133201,117.74611437133201
2792,c,5.71307078756695,13.108061083231801
2793,c,22.726536639505337,23.117442196017144
2794,t,117.74611437133201,117.74611437133201
2795,c,117.74611437133201,117.74611437133201
2796,c,39.159589578196396,43.62654115470713
2797,c,57.63217886994781,68.88568766606956
2798,t,117.74611437133201,117.74611437133201
2799,c,117.74611437133201,117.74611437133201
2800,t,117.74611437133201,117.74611437133201
2801,c,117.74611437133201,117.74611437133201
2802,c,117.74611437133201,117.74611437133201
2803,c,117.74611437133201,117.74611437133201
2804,c,23.141784765344674,24.08337667339242
2805,c,37.436363606104,42.36036244482568
2806,c,117.74611437133201,117.74611437133201
2807,c,117.74611437133201,117.74611437133201
2808,c,117.74611437133201,117.74611437133201
2809,c,117.74611437133201,117.74611437133201
2810,t,117.74611437133201,117.74611437133201
2811,t,117.74611437133201,117.74611437133201
2812,c,25.46772797758163,26.720458561324726
2813,c,21.084920452987646,24.610938897292435
2814,c,117.74611437133201,117.74611437133201
2815,t,117.74611437133201,117.74611437133201
2816,c,117.74611437133201,117.74611437133201
2817,c,34.96306159222086,41.69493316779153
2818,c,117.74611437133201,117.74611437133201
2819,c,117.74611437133201,117.74611437133201
2820,c,117.74611437133201,117.74611437133201
2821,c,34.50825735737274,35.81525279554181
2822,c,117.74611437133201,117.74611437133201
2823,c,117.74611437133201,117.74611437133201
2824,c,32.21353132071577,38.922531477451976
2825,c,19.778707046375388,24.67081021551341
2826,c,117.74611437133201,117.74611437133201
2827,c,117.74611437133201,117.74611437133201
2828,t,117.74611437133201,117.74611437133201
2829,c,117.74611437133201,117.74611437133201
2830,c,117.74611437133201,117.74611437133201
2831,c,117.74611437133201,117.74611437133201
2832,c,22.29119732420158,26.260242408145015
2833,c,25.086448431450098,117.74611437133201
2834,c,4.507974103476679,8.336723446128541
2835,c,117.74611437133201,117.74611437133201
2836,c,117.74611437133201,117.74611437133201
2837,c,34.490827810056096,36.87586055907489
2838,c,117.74611437133201,117.74611437133201
2839,t,117.74611437133201,117.74611437133201
2840,c,43.83819601631214,51.47035656722263
2841,c,117.74611437133201,117.74611437133201
2842,c,63.734828085782745,82.13782572936046
2843,c,117.74611437133201,117.74611437133201
2844,c,117.74611437133201,117.74611437133201
2845,c,117.74611437133201,117.74611437133201
2846,t,117.74611437133201,117.74611437133201
2847,c,35.47321273552259,36.62592405127131
2848,c,55.35101851612669,58.69699994145376
2849,c,117.74611437133201,117.74611437133201
2850,c,117.74611437133201,117.74611437133201
2851,c,117.74611437133201,117.74611437133201
2852,c,117.74611437133201,117.74611437133201
2853,c,50.20559305188351,52.41873629633401
2854,c,24.53181594241114,24.918986249510294
2855,c,25.690549847930942,28.014663427837924
2856,c,10.300369969583945,20.282595727865413
2857,t,117.74611437133201,117.74611437133201
2858,c,117.74611437133201,117.74611437133201
2859,c,25.286876539007913,25.77559677720738
2860,c,117.74611437133201,117.74611437133201
2861,c,117.74611437133201,117.74611437133201
2862,c,27.12641312342853,30.003081023666823
2863,t,117.74611437133201,117.74611437133201
2864,t,117.74611437133201,117.74611437133201
2865,na,12.325964798256463,13.43146934124223
2866,c,37.315435821852674,117.74611437133201
2867,c,23.82365651760821,24.537483864498938
2868,c,117.74611437133201,117.74611437133201
2869,c,16.67075006430214,117.74611437133201
2870,c,117.74611437133201,117.74611437133201
2871,c,38.17550964999253,49.19834867235156
2872,c,117.74611437133201,117.74611437133201
2873,c,2.284551819376856,2.778643486432071
2874,c,117.74611437133201,117.74611437133201
2875,t,117.74611437133201,117.74611437133201
2876,c,51.32179835830208,52.40602718257401
2877,c,117.74611437133201,117.74611437133201
2878,c,117.74611437133201,117.74611437133201
2879,t,117.74611437133201,117.74611437133201
2880,c,5.608909545183738,8.980570262780041
2881,c,24.850087571644888,27.99737687518072
2882,c,117.74611437133201,117.74611437133201
2883,c,33.59523870851592,38.6515178838277
2884,t,117.74611437133201,117.74611437133201
2885,c,8.039258467722261,13.303149088466265
2886,c,117.74611437133201,117.74611437133201
2887,t,117.74611437133201,117.74611437133201
2888,c,9.388472506887611,117.74611437133201
2889,t,117.74611437133201,117.74611437133201
2890,c,22.164475392038494,30.669656025329793
2891,t,117.74611437133201,117.74611437133201
2892,c,20.901898421939975,23.70967239075113
2893,t,117.74611437133201,117.74611437133201
2894,c,117.74611437133201,117.74611437133201
2895,c,19.30669542580857,20.683332441406165
2896,c,117.74611437133201,117.74611437133201
2897,t,117.74611437133201,117.74611437133201
2898,t,117.74611437133201,117.74611437133201
2899,c,47.86497798068001,48.049676061958635
2900,c,48.621079648388715,52.11121083506778
2901,c,117.74611437133201,117.74611437133201
2902,c,17.71001643081855,20.132553600698202
2903,t,117.74611437133201,117.74611437133201
2904,t,117.74611437133201,117.74611437133201
2905,c,28.75071097989618,30.459771625943226
2906,c,30.567029766946103,32.85540074900084
2907,t,117.74611437133201,117.74611437133201
2908,c,29.216421042400757,33.14890244645858
2909,c,117.74611437133201,117.74611437133201
2910,c,16.21134671007076,20.603839229838464
2911,c,117.74611437133201,117.74611437133201
2912,t,117.74611437133201,117.74611437133201
2913,c,117.74611437133201,117.74611437133201
2914,c,117.74611437133201,117.74611437133201
2915,c,23.497466308734623,26.869538751146145
2916,t,117.74611437133201,117.74611437133201
2917,c,117.74611437133201,117.74611437133201
2918,t,117.74611437133201,117.74611437133201
2919,c,117.74611437133201,117.74611437133201
2920,c,43.07665637430282,43.57874336586717
2921,c,54.8335943708966,60.73480678601153
2922,c,117.74611437133201,117.74611437133201
2923,c,94.33598012665188,95.80716442354333
2924,na,14.140219436100429,14.150001993231209
2925,t,117.74611437133201,117.74611437133201
2926,c,117.74611437133201,117.74611437133201
2927,t,117.74611437133201,117.74611437133201
2928,c,117.74611437133201,117.74611437133201
2929,c,42.75475659304026,52.9830377926584
2930,c,6.260681601928776,13.51379236375945
2931,t,117.74611437133201,117.74611437133201
2932,c,117.74611437133201,117.74611437133201
2933,c,117.74611437133201,117.74611437133201
2934,c,33.00521821166065,36.71221900452719
2935,c,22.947986274193898,31.730652386852444
2936,c,117.74611437133201,117.74611437133201
2937,c,117.74611437133201,117.74611437133201
2938,t,117.74611437133201,117.74611437133201
2939,c,19.573590405817974,21.47845487487508
2940,c,18.52172602250417,18.573873421493637
2941,c,117.74611437133201,117.74611437133201
2942,c,117.74611437133201,117.74611437133201
2943,c,117.74611437133201,117.74611437133201
2944,t,117.74611437133201,117.74611437133201
2945,c,117.74611437133201,117.74611437133201
2946,c,29.366678637394397,31.26574802849489
2947,c,41.5531933553089,45.00293652020272
2948,c,117.74611437133201,117.74611437133201
2949,t,117.74611437133201,117.74611437133201
2950,t,117.74611437133201,117.74611437133201
2951,c,117.74611437133201,117.74611437133201
2952,c,5.633062389183688,9.80086912209043
2953,c,117.74611437133201,117.74611437133201
2954,c,117.74611437133201,117.74611437133201
2955,c,26.586117914660758,26.685992284524925
2956,t,117.74611437133201,117.74611437133201
2957,c,117.74611437133201,117.74611437133201
2958,c,117.74611437133201,117.74611437133201
2959,c,117.74611437133201,117.74611437133201
2960,c,117.74611437133201,117.74611437133201
2961,c,117.74611437133201,117.74611437133201
2962,c,34.879928769406256,44.14119368259132
2963,c,32.4782571425517,36.31880383575491
2964,c,117.74611437133201,117.74611437133201
2965,t,117.74611437133201,117.74611437133201
2966,c,117.74611437133201,117.74611437133201
2967,t,117.74611437133201,117.74611437133201
2968,c,117.74611437133201,117.74611437133201
2969,t,117.74611437133201,117.74611437133201
2970,c,10.11523040308653,10.597033905938956
2971,c,117.74611437133201,117.74611437133201
2972,c,117.74611437133201,117.74611437133201
2973,c,117.74611437133201,117.74611437133201
2974,c,38.997711200151386,45.81682523387278
2975,t,117.74611437133201,117.74611437133201
2976,t,117.74611437133201,117.74611437133201
2977,t,117.74611437133201,117.74611437133201
2978,c,117.74611437133201,117.74611437133201
2979,c,31.02421086522408,32.17718082909592
2980,c,55.942341287442716,63.84691228484768
2981,c,117.74611437133201,117.74611437133201
2982,c,26.05865074950147,37.83786316398802
2983,c,48.50481473542491,48.88502302344631
2984,c,48.12684197276947,51.454062026584104
2985,c,117.74611437133201,117.74611437133201
2986,c,117.74611437133201,117.74611437133201
2987,c,117.74611437133201,117.74611437133201
2988,t,117.74611437133201,117.74611437133201
2989,c,14.182763828385092,17.856969166243935
2990,t,117.74611437133201,117.74611437133201
2991,c,13.945674573671429,24.294315626006433
2992,c,117.74611437133201,117.74611437133201
2993,c,20.58509861334137,117.74611437133201
2994,c,16.873141390808495,27.06411138422844
2995,c,74.32985449255168,79.36490693893334
2996,c,117.74611437133201,117.74611437133201
2997,c,117.74611437133201,117.74611437133201
2998,c,117.74611437133201,117.74611437133201
2999,c,117.74611437133201,117.74611437133201
3000,t,117.74611437133201,117.74611437133201
3001,t,117.74611437133201,117.74611437133201
3002,c,25.430407326194935,33.68798202778993
3003,c,117.74611437133201,117.74611437133201
3004,c,117.74611437133201,117.74611437133201
3005,c,4.991704296721776,11.15763245044301
3006,c,117.74611437133201,117.74611437133201
3007,na,-1,0
3008,c,22.419897508988775,26.140035243542926
3009,t,117.74611437133201,117.74611437133201
3010,c,38.142635294349105,43.3365254091533
3011,na,0,5.001575210521908
3012,c,39.129024342048325,46.89463118334172
3013,c,117.74611437133201,117.74611437133201
3014,t,117.74611437133201,117.74611437133201
3015,t,117.74611437133201,117.74611437133201
3016,c,117.74611437133201,117.74611437133201
3017,c,5.117916029676068,6.900714067723097
3018,c,7.774417817136156,9.09238389841814
3019,c,117.74611437133201,117.74611437133201
3020,t,117.74611437133201,117.74611437133201
3021,c,11.891640220192569,12.747762886984944
3022,t,117.74611437133201,117.74611437133201
3023,c,117.74611437133201,117.74611437133201
3024,c,117.74611437133201,117.74611437133201
3025,t,117.74611437133201,117.74611437133201
3026,t,117.74611437133201,117.74611437133201
3027,t,117.74611437133201,117.74611437133201
3028,c,44.22897731325631,48.50844652658701
3029,c,117.74611437133201,117.74611437133201
3030,c,13.339910556765176,24.111635696823754
3031,na,117.74611437133201,117.74611437133201
3032,t,117.74611437133201,117.74611437133201
3033,c,19.448799468145385,19.848622981587507
3034,c,117.74611437133201,117.74611437133201
3035,c,117.74611437133201,117.74611437133201
3036,c,117.74611437133201,117.74611437133201
3037,c,117.74611437133201,117.74611437133201
3038,t,117.74611437133201,117.74611437133201
3039,na,9.162136213849072,24.022233222014833
3040,c,117.74611437133201,117.74611437133201
3041,c,117.74611437133201,117.74611437133201
3042,c,61.43518070485326,67.56046234097214
3043,c,81.4154805798926,83.92373209750333
3044,c,117.74611437133201,117.74611437133201
3045,c,32.117729525037994,35.983239344550235
3046,t,117.74611437133201,117.74611437133201
3047,c,21.38045703395881,26.819869417262183
3048,c,117.74611437133201,117.74611437133201
3049,na,-1,0
3050,c,117.74611437133201,117.74611437133201
3051,t,117.74611437133201,117.74611437133201
3052,c,25.42846610290777,28.22558869654771
3053,c,117.74611437133201,117.74611437133201
3054,na,5.001633471350933,5.299412304091348
3055,c,117.74611437133201,117.74611437133201
3056,t,117.74611437133201,117.74611437133201
3057,t,117.74611437133201,117.74611437133201
3058,c,2.047024882357673,2.777287259070653
3059,t,117.74611437133201,117.74611437133201
3060,c,19.82211366331135,25.785083058175925
3061,c,117.74611437133201,117.74611437133201
3062,c,23.263686460363516,35.78611418374496
3063,c,5.380802220609876,5.720326760851234
3064,t,117.74611437133201,117.74611437133201
3065,t,117.74611437133201,117.74611437133201
3066,c,42.94501196031702,43.157402475482165
3067,t,117.74611437133201,117.74611437133201
3068,c,117.74611437133201,117.74611437133201
3069,na,8.039268411875243,117.74611437133201
3070,c,117.74611437133201,117.74611437133201
3071,c,66.74504794592082,72.37006651346145
3072,c,117.74611437133201,117.74611437133201
3073,c,117.74611437133201,117.74611437133201
3074,t,117.74611437133201,117.74611437133201
3075,c,21.94016038557717,23.40469561029825
3076,c,117.74611437133201,117.74611437133201
3077,c,117.74611437133201,117.74611437133201
3078,c,39.7734146239899,43.9342222511644
3079,na,20.179743234620517,20.534174610915414
3080,c,117.74611437133201,117.74611437133201
3081,t,117.74611437133201,117.74611437133201
3082,c,117.74611437133201,117.74611437133201
3083,c,11.718277006545014,18.310911098202535
3084,t,117.74611437133201,117.74611437133201
3085,c,117.74611437133201,117.74611437133201
3086,c,117.74611437133201,117.74611437133201
3087,c,60.1456819005924,61.06083498686923
3088,t,117.74611437133201,117.74611437133201
3089,c,117.74611437133201,117.74611437133201
3090,c,33.51245345741378,35.73653213097012
3091,c,117.74611437133201,117.74611437133201
3092,c,117.74611437133201,117.74611437133201
3093,c,117.74611437133201,117.74611437133201
3094,c,40.43776366743862,46.507263314674496
3095,c,20.05630905544972,20.43213340959504
3096,t,117.74611437133201,117.74611437133201
3097,c,52.53093303642891,56.019825811516256
3098,c,117.74611437133201,117.74611437133201
3099,c,117.74611437133201,117.74611437133201
3100,c,117.74611437133201,117.74611437133201
3101,c,48.67569917990233,54.41793411769921
3102,c,117.74611437133201,117.74611437133201
3103,c,3.420493530839853,5.911277123085624
3104,c,117.74611437133201,117.74611437133201
3105,c,117.74611437133201,117.74611437133201
3106,t,117.74611437133201,117.74611437133201
3107,c,50.099518524819516,52.1997243287815
3108,c,19.806324748356648,28.612495470186804
3109,c,54.18754647896193,54.35773745369956
3110,c,117.74611437133201,117.74611437133201
3111,t,117.74611437133201,117.74611437133201
3112,c,14.79461329352887,15.473578549546474
3113,c,44.01374723342469,51.960991681920916
3114,c,117.74611437133201,117.74611437133201
3115,c,36.875470091035794,37.62323342784873
3116,c,73.193177561221,80.01301278817886
3117,c,117.74611437133201,117.74611437133201
3118,c,40.94046103373357,46.95422921019882
3119,c,117.74611437133201,117.74611437133201
3120,c,117.74611437133201,117.74611437133201
3121,t,117.74611437133201,117.74611437133201
3122,c,20.34614295437835,21.67879719875423
3123,c,28.332150621189403,31.62574725666604
3124,t,117.74611437133201,117.74611437133201
3125,c,23.818840149232592,27.722695884648747
3126,c,18.98144306924737,21.37768414323617
3127,c,117.74611437133201,117.74611437133201
3128,c,117.74611437133201,117.74611437133201
3129,c,23.925912594285077,36.85837026425728
3130,c,48.89684914714153,50.613088588094364
3131,t,117.74611437133201,117.74611437133201
3132,t,117.74611437133201,117.74611437133201
3133,c,44.94465827721393,48.436050050383244
3134,t,117.74611437133201,117.74611437133201
3135,c,117.74611437133201,117.74611437133201
3136,c,46.56508166822757,50.532109795271325
3137,c,117.74611437133201,117.74611437133201
3138,c,117.74611437133201,117.74611437133201
3139,c,117.74611437133201,117.74611437133201
3140,c,117.74611437133201,117.74611437133201
3141,c,117.74611437133201,117.74611437133201
3142,c,117.74611437133201,117.74611437133201
3143,t,117.74611437133201,117.74611437133201
3144,c,117.74611437133201,117.74611437133201
3145,c,117.74611437133201,117.74611437133201
3146,c,117.74611437133201,117.74611437133201
3147,c,13.643422127325067,14.852633564428437
3148,c,117.74611437133201,117.74611437133201
3149,c,117.74611437133201,117.74611437133201
3150,c,17.4751593980348,26.771069120870095
3151,t,117.74611437133201,117.74611437133201
3152,t,117.74611437133201,117.74611437133201
3153,c,20.99951735843499,117.74611437133201
3154,c,117.74611437133201,117.74611437133201
3155,c,55.465406389884656,62.15195450615096
3156,c,117.74611437133201,117.74611437133201
3157,c,12.406388194045675,16.20520704877978
3158,c,117.74611437133201,117.74611437133201
3159,c,28.475104339939943,32.22705314791762
3160,c,49.537167548614605,59.65244786770068
3161,c,30.45309859321681,41.692342598108254
3162,c,117.74611437133201,117.74611437133201
3163,c,117.74611437133201,117.74611437133201
3164,t,117.74611437133201,117.74611437133201
3165,c,117.74611437133201,117.74611437133201
3166,c,80.97572573799356,83.91419890917943
3167,c,117.74611437133201,117.74611437133201
3168,c,117.74611437133201,117.74611437133201
3169,c,52.00786909179098,60.34034699757815
3170,c,117.74611437133201,117.74611437133201
3171,t,117.74611437133201,117.74611437133201
3172,c,117.74611437133201,117.74611437133201
3173,t,117.74611437133201,117.74611437133201
3174,c,10.20567443279621,15.638481104710907
3175,c,25.745334765707373,35.2954363827155
3176,c,117.74611437133201,117.74611437133201
3177,c,43.39554850400236,45.334497541359916
3178,c,30.19555405586506,32.60712992195829
3179,c,14.440178472247363,17.890415377846203
3180,t,117.74611437133201,117.74611437133201
3181,c,117.74611437133201,117.74611437133201
3182,c,117.74611437133201,117.74611437133201
3183,c,31.680999790275994,32.160615345974904
3184,c,117.74611437133201,117.74611437133201
3185,c,51.99050849294981,60.359068930841666
3186,c,46.21458266938659,47.009637548460326
3187,c,117.74611437133201,117.74611437133201
3188,c,8.11255225805026,9.711644738328275
3189,c,30.62248430616974,33.16701303790517
3190,c,8.267948361720203,8.6569404752112
3191,t,117.74611437133201,117.74611437133201
3192,c,23.891918768878877,29.05013350005167
3193,c,19.977523566271383,29.979810712094817
3194,t,117.74611437133201,117.74611437133201
3195,na,12.097337866000625,12.42098928081103
3196,c,27.199234265031656,31.20995224123942
3197,t,117.74611437133201,117.74611437133201
3198,t,117.74611437133201,117.74611437133201
3199,t,117.74611437133201,117.74611437133201
3200,c,25.3940191405374,29.391199182716427
3201,c,117.74611437133201,117.74611437133201
3202,t,117.74611437133201,117.74611437133201
3203,t,117.74611437133201,117.74611437133201
3204,c,117.74611437133201,117.74611437133201
3205,c,117.74611437133201,117.74611437133201
3206,c,24.590352406076306,27.62852126320035
3207,c,29.360936763455584,42.88514675617152
3208,c,117.74611437133201,117.74611437133201
3209,c,117.74611437133201,117.74611437133201
3210,t,117.74611437133201,117.74611437133201
3211,t,117.74611437133201,117.74611437133201
3212,t,117.74611437133201,117.74611437133201
3213,c,117.74611437133201,117.74611437133201
3214,t,117.74611437133201,117.74611437133201
3215,c,9.604063148715085,9.649305705511857
3216,c,117.74611437133201,117.74611437133201
3217,c,117.74611437133201,117.74611437133201
3218,c,30.727445104188394,32.866931568001725
3219,t,117.74611437133201,117.74611437133201
3220,c,117.74611437133201,117.74611437133201
3221,c,57.28130205294934,62.09520725188266
3222,t,117.74611437133201,117.74611437133201
3223,c,36.59986706043336,47.144268346303654
3224,c,117.74611437133201,117.74611437133201
3225,c,117.74611437133201,117.74611437133201
3226,t,117.74611437133201,117.74611437133201
3227,t,117.74611437133201,117.74611437133201
3228,c,117.74611437133201,117.74611437133201
3229,c,8.660581742601785,14.964726745793348
3230,c,30.172736094510036,31.280095486095746
3231,c,117.74611437133201,117.74611437133201
3232,c,45.13331914852968,54.727272332282496
3233,t,117.74611437133201,117.74611437133201
3234,c,117.74611437133201,117.74611437133201
3235,t,117.74611437133201,117.74611437133201
3236,na,7.586926308826424,11.799422867040967
3237,c,117.74611437133201,117.74611437133201
3238,c,117.74611437133201,117.74611437133201
3239,c,117.74611437133201,117.74611437133201
3240,c,39.27017190571713,39.41249906113895
3241,c,19.457100247546535,24.38697713357971
3242,c,24.36665180533718,29.701689228367282
3243,c,117.74611437133201,117.74611437133201
3244,c,117.74611437133201,117.74611437133201
3245,t,117.74611437133201,117.74611437133201
3246,c,117.74611437133201,117.74611437133201
3247,c,40.013629853006584,41.56201689648192
3248,c,117.74611437133201,117.74611437133201
3249,c,29.124387547697083,29.665032376910695
3250,na,-1,0
3251,c,117.74611437133201,117.74611437133201
3252,c,47.625287457066605,117.74611437133201
3253,c,117.74611437133201,117.74611437133201
3254,c,117.74611437133201,117.74611437133201
3255,t,117.74611437133201,117.74611437133201
3256,c,36.90362282584027,37.37704058788801
3257,c,47.517943765425095,49.4120762823458
3258,c,28.985246810508055,29.331354928463327
3259,c,117.74611437133201,117.74611437133201
3260,c,27.604391743585406,33.80091047316025
3261,c,117.74611437133201,117.74611437133201
3262,c,117.74611437133201,117.74611437133201
3263,c,117.74611437133201,117.74611437133201
3264,na,5.087973135133847,8.248673936029032
3265,c,62.31669628062819,65.18966667564465
3266,c,117.74611437133201,117.74611437133201
3267,c,117.74611437133201,117.74611437133201
3268,c,14.984611043232997,18.65282468201291
3269,c,29.292396584973822,31.055539497452134
3270,c,117.74611437133201,117.74611437133201
3271,c,117.74611437133201,117.74611437133201
3272,c,28.140932504730056,29.642328481970466
3273,na,-1,0
3274,c,44.6007116911263,57.76645739064211
3275,c,9.66987409609464,16.30642260026933
3276,c,117.74611437133201,117.74611437133201
3277,c,117.74611437133201,117.74611437133201
3278,c,117.74611437133201,117.74611437133201
3279,t,117.74611437133201,117.74611437133201
3280,c,30.87681448834458,32.7852667303479
3281,na,-1,0
3282,c,117.74611437133201,117.74611437133201
3283,t,117.74611437133201,117.74611437133201
3284,c,11.727349566297214,13.79310625945272
3285,t,117.74611437133201,117.74611437133201
3286,c,117.74611437133201,117.74611437133201
3287,c,117.74611437133201,117.74611437133201
3288,c,7.682869768773637,8.832549913378726
3289,c,117.74611437133201,117.74611437133201
3290,c,117.74611437133201,117.74611437133201
3291,c,117.74611437133201,117.74611437133201
3292,t,117.74611437133201,117.74611437133201
3293,c,117.74611437133201,117.74611437133201
3294,c,40.348730151746736,117.74611437133201
3295,c,16.356447575059022,117.74611437133201
3296,c,0.7433208911928237,13.670715443678125
3297,c,117.74611437133201,117.74611437133201
3298,t,117.74611437133201,117.74611437133201
3299,c,117.74611437133201,117.74611437133201
3300,c,117.74611437133201,117.74611437133201
3301,c,117.74611437133201,117.74611437133201
3302,c,117.74611437133201,117.74611437133201
3303,c,117.74611437133201,117.74611437133201
3304,c,117.74611437133201,117.74611437133201
3305,c,24.63694041440594,31.31635389808698
3306,c,29.142125203127065,48.24690227395848
3307,c,8.937004378019104,11.137851207163544
3308,t,117.74611437133201,117.74611437133201
3309,c,40.36096045520658,42.662049467305295
3310,c,16.618181746000765,25.497018662218107
3311,c,117.74611437133201,117.74611437133201
3312,c,117.74611437133201,117.74611437133201
3313,c,117.74611437133201,117.74611437133201
3314,c,117.74611437133201,117.74611437133201
3315,c,117.74611437133201,117.74611437133201
3316,t,117.74611437133201,117.74611437133201
3317,c,20.813728940252616,36.64228565255613
3318,t,117.74611437133201,117.74611437133201
3319,c,117.74611437133201,117.74611437133201
3320,c,13.129330853397244,14.277437338343221
3321,c,117.74611437133201,117.74611437133201
3322,c,117.74611437133201,117.74611437133201
3323,c,117.74611437133201,117.74611437133201
3324,c,52.809068272890066,53.43962458301331
3325,c,117.74611437133201,117.74611437133201
3326,c,117.74611437133201,117.74611437133201
3327,c,23.588201469803554,28.634080507842214
3328,c,48.06290256671323,51.58555329635554
3329,c,117.74611437133201,117.74611437133201
3330,na,18.506713240684668,28.844071797713056
3331,c,117.74611437133201,117.74611437133201
3332,c,12.231748618790947,13.419556775989978
3333,t,117.74611437133201,117.74611437133201
3334,na,15.550912084171065,26.159540505716024
3335,t,117.74611437133201,117.74611437133201
3336,t,117.74611437133201,117.74611437133201
3337,c,117.74611437133201,117.74611437133201
3338,c,23.384975335065814,23.717814801703845
3339,t,117.74611437133201,117.74611437133201
3340,c,28.667582459649743,32.55351323967405
3341,c,28.630428182468986,30.88110541849429
3342,t,117.74611437133201,117.74611437133201
3343,c,15.358231532704181,18.67250255569461
3344,c,26.45376248945491,30.765535826597603
3345,c,117.74611437133201,117.74611437133201
3346,t,117.74611437133201,117.74611437133201
3347,c,117.74611437133201,117.74611437133201
3348,c,10.08209237042883,117.74611437133201
3349,c,117.74611437133201,117.74611437133201
3350,t,117.74611437133201,117.74611437133201
3351,c,117.74611437133201,117.74611437133201
3352,c,117.74611437133201,117.74611437133201
3353,c,52.00398430432065,59.443247829204
3354,c,117.74611437133201,117.74611437133201
3355,c,117.74611437133201,117.74611437133201
3356,c,117.74611437133201,117.74611437133201
3357,c,117.74611437133201,117.74611437133201
3358,c,29.739803757792924,33.799188609930056
3359,c,117.74611437133201,117.74611437133201
3360,t,117.74611437133201,117.74611437133201
3361,c,117.74611437133201,117.74611437133201
3362,c,117.74611437133201,117.74611437133201
3363,c,59.57547607240015,64.97768312166183
3364,c,117.74611437133201,117.74611437133201
3365,c,34.19952902068773,46.694560150591656
3366,c,14.643359702473639,19.806467501595392
3367,c,68.98152544501518,70.15773760282285
3368,c,29.563473162700642,41.00994151465297
3369,c,48.77809546921593,49.48549582040615
3370,c,10.12703321618501,117.74611437133201
3371,c,64.23157729189987,67.87132553338257
3372,c,117.74611437133201,117.74611437133201
3373,c,45.428430274129056,117.74611437133201
3374,c,117.74611437133201,117.74611437133201
3375,t,117.74611437133201,117.74611437133201
3376,na,16.37464972319159,21.52379589693338
3377,c,117.74611437133201,117.74611437133201
3378,t,117.74611437133201,117.74611437133201
3379,c,117.74611437133201,117.74611437133201
3380,c,117.74611437133201,117.74611437133201
3381,c,117.74611437133201,117.74611437133201
3382,c,19.65102467714796,117.74611437133201
3383,c,30.803569675593543,33.468637026092075
3384,c,8.832818708342687,12.36466910130296
3385,t,117.74611437133201,117.74611437133201
3386,t,117.74611437133201,117.74611437133201
3387,c,117.74611437133201,117.74611437133201
3388,c,39.76343677481335,46.09740257918504
3389,c,117.74611437133201,117.74611437133201
3390,t,117.74611437133201,117.74611437133201
3391,c,33.3806279156754,34.75068909733405
3392,c,117.74611437133201,117.74611437133201
3393,na,0.593739469106691,11.019652981126928
3394,c,117.74611437133201,117.74611437133201
3395,c,117.74611437133201,117.74611437133201
3396,c,117.74611437133201,117.74611437133201
3397,c,117.74611437133201,117.74611437133201
3398,t,117.74611437133201,117.74611437133201
3399,c,117.74611437133201,117.74611437133201
3400,t,117.74611437133201,117.74611437133201
3401,c,44.141141185031294,117.74611437133201
3402,t,117.74611437133201,117.74611437133201
3403,t,117.74611437133201,117.74611437133201
3404,c,32.14296789729977,37.77976183180212
3405,c,18.326832032281946,23.50912857810344
3406,c,117.74611437133201,117.74611437133201
3407,c,117.74611437133201,117.74611437133201
3408,c,117.74611437133201,117.74611437133201
3409,c,24.948287986700446,26.00493321204086
3410,c,117.74611437133201,117.74611437133201
3411,c,117.74611437133201,117.74611437133201
3412,t,117.74611437133201,117.74611437133201
3413,c,117.74611437133201,117.74611437133201
3414,c,117.74611437133201,117.74611437133201
3415,c,117.74611437133201,117.74611437133201
3416,c,117.74611437133201,117.74611437133201
3417,c,117.74611437133201,117.74611437133201
3418,c,24.832212023912753,29.438838711267564
3419,t,117.74611437133201,117.74611437133201
3420,t,117.74611437133201,117.74611437133201
3421,c,117.74611437133201,117.74611437133201
3422,c,31.335522999813513,33.58761916999007
3423,c,28.36367502945471,29.745290371137287
3424,c,117.74611437133201,117.74611437133201
3425,c,117.74611437133201,117.74611437133201
3426,c,117.74611437133201,117.74611437133201
3427,c,21.700062238134514,22.591867401908118
3428,c,117.74611437133201,117.74611437133201
3429,c,47.56055786988925,57.03378510187478
3430,c,117.74611437133201,117.74611437133201
3431,c,117.74611437133201,117.74611437133201
3432,t,117.74611437133201,117.74611437133201
3433,c,117.74611437133201,117.74611437133201
3434,c,19.102712006152302,34.208805571266
3435,t,117.74611437133201,117.74611437133201
3436,c,19.56067452426277,20.201316614778197
3437,c,117.74611437133201,117.74611437133201
3438,c,117.74611437133201,117.74611437133201
3439,c,117.74611437133201,117.74611437133201
3440,c,23.978061593516376,25.878962298437475
3441,c,117.74611437133201,117.74611437133201
3442,c,117.74611437133201,117.74611437133201
3443,t,117.74611437133201,117.74611437133201
3444,c,18.51564066555393,117.74611437133201
3445,c,117.74611437133201,117.74611437133201
3446,c,51.246762359588075,55.000384149226626
3447,c,78.08836265154781,86.1969324389436
3448,c,117.74611437133201,117.74611437133201
3449,c,117.74611437133201,117.74611437133201
3450,c,23.458169222294803,41.233160224249474
3451,c,10.610790122126723,16.633108585675398
3452,c,41.423321555227076,117.74611437133201
3453,c,117.74611437133201,117.74611437133201
3454,t,117.74611437133201,117.74611437133201
3455,c,24.75949108300998,25.052783932889675
3456,c,117.74611437133201,117.74611437133201
3457,c,29.078616504209776,31.07331915738752
3458,c,40.28659192547595,43.22944855155695
3459,t,117.74611437133201,117.74611437133201
3460,t,117.74611437133201,117.74611437133201
3461,t,117.74611437133201,117.74611437133201
3462,t,117.74611437133201,117.74611437133201
3463,c,117.74611437133201,117.74611437133201
3464,c,20.974649068317728,26.02995387348952
3465,c,41.23226210903591,50.85295655921323
3466,c,48.188132206854306,48.377210623309246
3467,c,117.74611437133201,117.74611437133201
3468,t,117.74611437133201,117.74611437133201
3469,c,117.74611437133201,117.74611437133201
3470,t,117.74611437133201,117.74611437133201
3471,c,42.179493966932654,48.45310283167168
3472,c,117.74611437133201,117.74611437133201
3473,c,117.74611437133201,117.74611437133201
3474,c,19.687990995827835,20.11435897141698
3475,c,117.74611437133201,117.74611437133201
3476,t,117.74611437133201,117.74611437133201
3477,c,117.74611437133201,117.74611437133201
3478,c,117.74611437133201,117.74611437133201
3479,c,117.74611437133201,117.74611437133201
3480,c,117.74611437133201,117.74611437133201
3481,c,7.126782822777455,15.350708168675286
3482,c,38.90263535196354,41.64576718828062
3483,c,117.74611437133201,117.74611437133201
3484,t,117.74611437133201,117.74611437133201
3485,c,117.74611437133201,117.74611437133201
3486,t,117.74611437133201,117.74611437133201
3487,t,117.74611437133201,117.74611437133201
3488,c,16.646904422437927,117.74611437133201
3489,c,117.74611437133201,117.74611437133201
3490,c,117.74611437133201,117.74611437133201
3491,c,71.64883059770355,72.07618929933
3492,c,19.96509347299255,23.179490730399113
3493,c,117.74611437133201,117.74611437133201
3494,c,117.74611437133201,117.74611437133201
3495,na,36.011878260455234,38.3874707943948
3496,c,117.74611437133201,117.74611437133201
3497,c,17.17326693802659,20.576609218918673
3498,c,117.74611437133201,117.74611437133201
3499,c,19.772788086059073,26.445648801754846
3500,c,117.74611437133201,117.74611437133201
3501,c,1.7518145825368154,7.103856944234712
3502,t,117.74611437133201,117.74611437133201
3503,c,117.74611437133201,117.74611437133201
3504,c,53.13567484746507,62.827687342299726
3505,c,117.74611437133201,117.74611437133201
3506,c,30.870692096374157,33.90688761336998
3507,c,117.74611437133201,117.74611437133201
3508,c,117.74611437133201,117.74611437133201
3509,c,44.34626040399262,44.44407012563106
3510,c,44.17509068851209,45.31791479678826
3511,c,14.746366800447255,22.315869985510375
3512,c,117.74611437133201,117.74611437133201
3513,t,117.74611437133201,117.74611437133201
3514,c,9.039575083859747,19.221129743142164
3515,t,117.74611437133201,117.74611437133201
3516,c,10.850454805238885,11.125836557635505
3517,c,117.74611437133201,117.74611437133201
3518,t,117.74611437133201,117.74611437133201
3519,c,117.74611437133201,117.74611437133201
3520,t,117.74611437133201,117.74611437133201
3521,c,117.74611437133201,117.74611437133201
3522,na,-1,0
3523,c,117.74611437133201,117.74611437133201
3524,c,117.74611437133201,117.74611437133201
3525,c,117.74611437133201,117.74611437133201
3526,c,37.32912096612991,42.304591071746565
3527,c,44.83850780379131,45.27864998284794
3528,c,117.74611437133201,117.74611437133201
3529,c,9.105419780172145,18.62758137378006
3530,t,117.74611437133201,117.74611437133201
3531,c,10.412909854440999,11.488314096009052
3532,c,11.83479487917349,25.38185312867635
3533,c,32.275009704104846,34.126817584012706
3534,c,117.74611437133201,117.74611437133201
3535,c,14.875747338906088,15.583197294544313
3536,c,117.74611437133201,117.74611437133201
3537,c,47.02852816885932,52.47677283309175
3538,c,117.74611437133201,117.74611437133201
3539,c,62.99762743120539,70.99880528767471
3540,c,117.74611437133201,117.74611437133201
3541,t,117.74611437133201,117.74611437133201
3542,c,10.325748956488729,11.869785686101467
3543,c,27.803239870424285,30.359119088537703
3544,c,30.380076155619562,30.734018783938527
3545,c,62.21282337825454,62.40708322715899
3546,c,48.6542509642076,117.74611437133201
3547,c,10.836181913405882,15.53537474349881
3548,c,39.3804951201289,41.06924812827609
3549,c,9.108520589632615,9.67472722591623
3550,c,37.501805756240095,117.74611437133201
3551,t,117.74611437133201,117.74611437133201
3552,c,117.74611437133201,117.74611437133201
3553,c,41.05149447379718,50.26380715575731
3554,c,117.74611437133201,117.74611437133201
3555,c,21.838818542667514,22.315246459041724
3556,c,45.24144651837609,46.176252386533776
3557,c,31.239502402643016,32.64646292686042
3558,c,117.74611437133201,117.74611437133201
3559,c,117.74611437133201,117.74611437133201
3560,c,117.74611437133201,117.74611437133201
3561,c,38.47437903819444,42.08208131648671
3562,c,18.49947794107265,30.275909431361647
3563,t,117.74611437133201,117.74611437133201
3564,t,117.74611437133201,117.74611437133201
3565,c,117.74611437133201,117.74611437133201
3566,c,117.74611437133201,117.74611437133201
3567,t,117.74611437133201,117.74611437133201
3568,c,24.315338069469878,25.696813938875977
3569,c,117.74611437133201,117.74611437133201
3570,c,117.74611437133201,117.74611437133201
3571,c,117.74611437133201,117.74611437133201
3572,c,117.74611437133201,117.74611437133201
3573,c,117.74611437133201,117.74611437133201
3574,t,117.74611437133201,117.74611437133201
3575,c,117.74611437133201,117.74611437133201
3576,c,36.235783668338534,41.18473746510802
3577,c,25.580224072252353,26.216566178688105
3578,c,4.464619698472689,8.838944060304236
3579,c,5.0838126171369735,15.118207988059503
3580,c,117.74611437133201,117.74611437133201
3581,c,117.74611437133201,117.74611437133201
3582,c,37.83105253378082,39.66706791247031
3583,c,117.74611437133201,117.74611437133201
3584,c,46.76272555321467,47.37163011454394
3585,c,117.74611437133201,117.74611437133201
3586,t,117.74611437133201,117.74611437133201
3587,c,117.74611437133201,117.74611437133201
3588,c,34.584865112023984,39.80015385071597
3589,c,117.74611437133201,117.74611437133201
3590,c,10.327684589356547,117.74611437133201
3591,c,117.74611437133201,117.74611437133201
3592,t,117.74611437133201,117.74611437133201
3593,c,117.74611437133201,117.74611437133201
3594,c,11.78445992331578,13.083265069550201
3595,c,35.036940836464126,47.953065380608386
3596,t,117.74611437133201,117.74611437133201
3597,c,8.377045210557606,8.931987863986182
3598,c,117.74611437133201,117.74611437133201
3599,c,117.74611437133201,117.74611437133201
3600,c,34.26947405451265,117.74611437133201
3601,c,117.74611437133201,117.74611437133201
3602,c,117.74611437133201,117.74611437133201
3603,t,117.74611437133201,117.74611437133201
3604,c,117.74611437133201,117.74611437133201
3605,c,117.74611437133201,117.74611437133201
3606,c,17.607303437565538,19.39401987085847
3607,t,117.74611437133201,117.74611437133201
3608,c,33.03980321890521,42.80439091462524
3609,c,117.74611437133201,117.74611437133201
3610,c,9.19032666124266,117.74611437133201
3611,c,117.74611437133201,117.74611437133201
3612,c,36.32395103701443,44.195061609982055
3613,c,117.74611437133201,117.74611437133201
3614,t,117.74611437133201,117.74611437133201
3615,c,117.74611437133201,117.74611437133201
3616,c,15.451043627575922,16.9006770823431
3617,c,20.963731535558708,31.984747818696416
3618,c,117.74611437133201,117.74611437133201
3619,t,117.74611437133201,117.74611437133201
3620,c,39.806680759030556,40.43426075318526
3621,c,117.74611437133201,117.74611437133201
3622,c,117.74611437133201,117.74611437133201
3623,c,117.74611437133201,117.74611437133201
3624,c,117.74611437133201,117.74611437133201
3625,c,117.74611437133201,117.74611437133201
3626,t,117.74611437133201,117.74611437133201
3627,c,117.74611437133201,117.74611437133201
3628,c,48.79189275578791,57.11880220004626
3629,c,32.01678509030428,43.14400944474437
3630,c,117.74611437133201,117.74611437133201
3631,c,117.74611437133201,117.74611437133201
3632,c,19.893461713045138,20.416013557611723
3633,t,117.74611437133201,117.74611437133201
3634,c,117.74611437133201,117.74611437133201
3635,c,14.28919999105776,16.199819959418978
3636,t,117.74611437133201,117.74611437133201
3637,c,20.05999604851972,22.020355235655334
3638,t,117.74611437133201,117.74611437133201
3639,c,17.667662632064708,18.91710376689354
3640,t,117.74611437133201,117.74611437133201
3641,c,117.74611437133201,117.74611437133201
3642,c,25.820970719052465,117.74611437133201
3643,c,9.841420257807053,13.083633282956505
3644,c,117.74611437133201,117.74611437133201
3645,c,117.74611437133201,117.74611437133201
3646,c,117.74611437133201,117.74611437133201
3647,t,117.74611437133201,117.74611437133201
3648,c,117.74611437133201,117.74611437133201
3649,c,117.74611437133201,117.74611437133201
3650,t,117.74611437133201,117.74611437133201
3651,c,19.90557637268275,117.74611437133201
3652,t,117.74611437133201,117.74611437133201
3653,t,117.74611437133201,117.74611437133201
3654,c,23.197834674283627,32.471623243441734
3655,c,117.74611437133201,117.74611437133201
3656,c,10.498491971546077,14.011322461628708
3657,c,117.74611437133201,117.74611437133201
3658,t,117.74611437133201,117.74611437133201
3659,c,25.047803885368097,26.445662742225576
3660,c,117.74611437133201,117.74611437133201
3661,c,21.271504656541428,21.85483967703264
3662,t,117.74611437133201,117.74611437133201
3663,c,23.842284946116898,24.613252765110513
3664,c,43.75365773177412,117.74611437133201
3665,c,117.74611437133201,117.74611437133201
3666,t,117.74611437133201,117.74611437133201
3667,c,38.38486582325621,41.97304599595281
3668,c,15.082514554850626,15.64164369385522
3669,c,22.79950047319727,24.394364773924618
3670,c,117.74611437133201,117.74611437133201
3671,c,117.74611437133201,117.74611437133201
3672,c,117.74611437133201,117.74611437133201
3673,c,27.25345524482397,35.49275800111693
3674,t,117.74611437133201,117.74611437133201
3675,c,42.862048311461244,44.93781121432707
3676,c,117.74611437133201,117.74611437133201
3677,c,23.747560289479303,33.234479183439774
3678,na,-1,0
3679,c,51.83291155879248,52.070019511115596
3680,t,117.74611437133201,117.74611437133201
3681,c,117.74611437133201,117.74611437133201
3682,c,117.74611437133201,117.74611437133201
3683,t,117.74611437133201,117.74611437133201
3684,c,117.74611437133201,117.74611437133201
3685,c,117.74611437133201,117.74611437133201
3686,c,50.07685315421918,117.74611437133201
3687,t,117.74611437133201,117.74611437133201
3688,na,1.1856834097340243,6.578096812239465
3689,t,117.74611437133201,117.74611437133201
3690,c,23.97066595503721,24.99832993295753
3691,c,117.74611437133201,117.74611437133201
3692,c,117.74611437133201,117.74611437133201
3693,c,117.74611437133201,117.74611437133201
3694,c,117.74611437133201,117.74611437133201
3695,c,19.641554290447985,31.496920524413103
3696,c,117.74611437133201,117.74611437133201
3697,c,44.44929459563865,46.94114705886581
3698,c,31.242585866711547,36.66278877179507
3699,c,117.74611437133201,117.74611437133201
3700,t,117.74611437133201,117.74611437133201
3701,c,117.74611437133201,117.74611437133201
3702,c,117.74611437133201,117.74611437133201
3703,c,117.74611437133201,117.74611437133201
3704,t,117.74611437133201,117.74611437133201
3705,t,117.74611437133201,117.74611437133201
3706,c,24.23847958656752,24.95237398134136
3707,c,117.74611437133201,117.74611437133201
3708,c,20.992894068572028,26.998055458165126
3709,t,117.74611437133201,117.74611437133201
3710,c,117.74611437133201,117.74611437133201
3711,c,37.30190205926789,41.180256710179634
3712,c,117.74611437133201,117.74611437133201
3713,t,117.74611437133201,117.74611437133201
3714,c,28.330865369515205,37.93944431123439
3715,t,117.74611437133201,117.74611437133201
3716,na,2.027406826359994,4.292901722809453
3717,c,21.069178458976435,21.150242490662112
3718,c,10.283379792904073,12.42558839493129
3719,t,117.74611437133201,117.74611437133201
3720,c,117.74611437133201,117.74611437133201
3721,c,34.09549290705243,117.74611437133201
3722,c,65.85112545683081,88.14713441846138
3723,c,117.74611437133201,117.74611437133201
3724,c,20.294201719090534,29.390994644731958
3725,c,22.18893021105079,30.208724462813354
3726,c,117.74611437133201,117.74611437133201
3727,c,117.74611437133201,117.74611437133201
3728,c,117.74611437133201,117.74611437133201
3729,c,117.74611437133201,117.74611437133201
3730,c,18.476214819176345,25.710608639477073
3731,c,117.74611437133201,117.74611437133201
3732,c,22.224230484262367,28.644663074808303
3733,t,117.74611437133201,117.74611437133201
3734,c,117.74611437133201,117.74611437133201
3735,c,117.74611437133201,117.74611437133201
3736,t,117.74611437133201,117.74611437133201
3737,c,117.74611437133201,117.74611437133201
3738,c,117.74611437133201,117.74611437133201
3739,c,48.33072424129179,52.72440389181179
3740,c,117.74611437133201,117.74611437133201
3741,c,117.74611437133201,117.74611437133201
3742,c,38.288600292887494,46.552361126002666
3743,c,117.74611437133201,117.74611437133201
3744,c,117.74611437133201,117.74611437133201
3745,t,117.74611437133201,117.74611437133201
3746,t,117.74611437133201,117.74611437133201
3747,c,117.74611437133201,117.74611437133201
3748,t,117.74611437133201,117.74611437133201
3749,c,23.051579052707247,24.791015155841986
3750,c,117.74611437133201,117.74611437133201
3751,c,117.74611437133201,117.74611437133201
3752,c,117.74611437133201,117.74611437133201
3753,na,22.16045225389068,117.74611437133201
3754,t,117.74611437133201,117.74611437133201
3755,c,29.97040344496623,37.77724841961922
3756,c,69.72619081571591,80.98973131479488
3757,t,117.74611437133201,117.74611437133201
3758,t,117.74611437133201,117.74611437133201
3759,c,32.30815188849121,32.784143376694715
3760,t,117.74611437133201,117.74611437133201
3761,t,117.74611437133201,117.74611437133201
3762,c,117.74611437133201,117.74611437133201
3763,c,30.49580627868421,117.74611437133201
3764,t,117.74611437133201,117.74611437133201
3765,c,8.478992647770456,9.405012936556233
3766,c,58.56265327879621,61.183506863242734
3767,c,37.68128836548568,38.41658973252289
3768,c,117.74611437133201,117.74611437133201
3769,c,117.74611437133201,117.74611437133201
3770,c,117.74611437133201,117.74611437133201
3771,c,30.58380417181916,40.5119517336798
3772,c,117.74611437133201,117.74611437133201
3773,c,117.74611437133201,117.74611437133201
3774,t,117.74611437133201,117.74611437133201
3775,c,117.74611437133201,117.74611437133201
3776,c,117.74611437133201,117.74611437133201
3777,c,117.74611437133201,117.74611437133201
3778,c,117.74611437133201,117.74611437133201
3779,t,117.74611437133201,117.74611437133201
3780,t,117.74611437133201,117.74611437133201
3781,c,33.87838910485979,34.53406932698224
3782,c,37.342491875110035,39.93375096900374
3783,c,117.74611437133201,117.74611437133201
3784,c,31.740469770416958,34.290291309866504
3785,c,48.071559170891064,58.13399725976454
3786,c,117.74611437133201,117.74611437133201
3787,c,117.74611437133201,117.74611437133201
3788,c,117.74611437133201,117.74611437133201
3789,c,41.546762540916646,42.13688526684092
3790,c,36.38070352816655,48.32798888943375
3791,c,32.13724330522757,117.74611437133201
3792,t,117.74611437133201,117.74611437133201
3793,c,43.979004878272896,57.9034077490716
3794,c,117.74611437133201,117.74611437133201
3795,c,117.74611437133201,117.74611437133201
3796,c,52.171411730900545,117.74611437133201
3797,c,63.5051407971837,69.18418248879665
3798,c,117.74611437133201,117.74611437133201
3799,c,56.276630385625374,60.433246074296854
3800,c,33.84200759414217,34.63692201397539
3801,t,117.74611437133201,117.74611437133201
3802,c,40.262144469359846,44.919535956899836
3803,c,1.9813119928769198,2.1081699787555204
3804,c,46.974283463069305,48.14184841980212
3805,c,11.396630907449248,11.492954315015691
3806,c,57.868724209644014,60.55004817886203
3807,c,117.74611437133201,117.74611437133201
3808,c,117.74611437133201,117.74611437133201
3809,c,117.74611437133201,117.74611437133201
3810,c,117.74611437133201,117.74611437133201
3811,c,117.74611437133201,117.74611437133201
3812,c,117.74611437133201,117.74611437133201
3813,c,117.74611437133201,117.74611437133201
3814,c,14.843235785328016,19.90433620417583
3815,t,117.74611437133201,117.74611437133201
3816,c,117.74611437133201,117.74611437133201
3817,c,117.74611437133201,117.74611437133201
3818,c,23.45708905840231,25.55257365388583
3819,c,8.722467110649033,117.74611437133201
3820,t,117.74611437133201,117.74611437133201
3821,c,117.74611437133201,117.74611437133201
3822,c,117.74611437133201,117.74611437133201
3823,c,117.74611437133201,117.74611437133201
3824,c,117.74611437133201,117.74611437133201
3825,c,14.686405519049206,14.86487371865078
3826,c,16.05267549221738,19.571176071191765
3827,c,117.74611437133201,117.74611437133201
3828,c,20.288231080581276,25.853496820050875
3829,c,117.74611437133201,117.74611437133201
3830,t,117.74611437133201,117.74611437133201
3831,c,117.74611437133201,117.74611437133201
3832,c,34.54784379251638,37.24574636630294
3833,c,117.74611437133201,117.74611437133201
3834,c,37.492026648260925,42.96027201112096
3835,c,117.74611437133201,117.74611437133201
3836,c,117.74611437133201,117.74611437133201
3837,c,117.74611437133201,117.74611437133201
3838,c,117.74611437133201,117.74611437133201
3839,na,-1,0
3840,c,117.74611437133201,117.74611437133201
3841,c,7.6735366692736475,9.226124647235677
3842,t,117.74611437133201,117.74611437133201
3843,c,53.74409496206412,64.18333531877083
3844,t,117.74611437133201,117.74611437133201
3845,c,21.182974105708553,24.739535907362253
3846,c,117.74611437133201,117.74611437133201
3847,c,117.74611437133201,117.74611437133201
3848,c,117.74611437133201,117.74611437133201
3849,c,23.268374730704643,24.823227612414524
3850,c,117.74611437133201,117.74611437133201
3851,c,23.871486053763824,29.86145952473766
3852,c,117.74611437133201,117.74611437133201
3853,c,5.046620568123099,10.65658311795166
3854,c,63.32187901782226,64.35701343029652
3855,c,117.74611437133201,117.74611437133201
3856,c,34.73997556401052,37.08190220032197
3857,c,117.74611437133201,117.74611437133201
3858,c,6.212116367509795,6.258404282511594
3859,c,117.74611437133201,117.74611437133201
3860,c,32.20167349415012,35.93580745983731
3861,c,15.990554324304911,17.113705618080274
3862,c,21.101069707245482,23.655560297131906
3863,c,64.05756237218782,64.28963108203038
3864,t,117.74611437133201,117.74611437133201
3865,c,21.290598265231086,21.554366911711146
3866,c,24.629900731034716,27.666162877505744
3867,c,117.74611437133201,117.74611437133201
3868,c,22.541357041713987,23.408110087336816
3869,c,17.22809068315553,18.009372911679645
3870,c,117.74611437133201,117.74611437133201
3871,c,117.74611437133201,117.74611437133201
3872,c,17.429286286147466,17.57402699720455
3873,c,35.07133274101493,39.17799222035115
3874,c,117.74611437133201,117.74611437133201
3875,c,117.74611437133201,117.74611437133201
3876,c,28.545934253672836,34.35142379359002
3877,c,117.74611437133201,117.74611437133201
3878,c,117.74611437133201,117.74611437133201
3879,t,117.74611437133201,117.74611437133201
3880,c,39.697143475559635,43.69367223475988
3881,c,21.578176372786068,27.077095519735423
3882,c,117.74611437133201,117.74611437133201
3883,t,117.74611437133201,117.74611437133201
3884,c,117.74611437133201,117.74611437133201
3885,c,26.230456607788124,35.932577752062265
3886,c,117.74611437133201,117.74611437133201
3887,c,117.74611437133201,117.74611437133201
3888,c,12.098380528507368,12.134527156734322
3889,c,117.74611437133201,117.74611437133201
3890,t,117.74611437133201,117.74611437133201
3891,c,117.74611437133201,117.74611437133201
3892,c,33.172154981606646,33.91880819991871
3893,c,117.74611437133201,117.74611437133201
3894,c,13.018875730094218,19.240778970902603
3895,c,33.17933140909694,33.37514195848314
3896,c,30.28765925780906,39.4992871340732
3897,c,117.74611437133201,117.74611437133201
3898,c,13.33632052418702,17.8253420241014
3899,c,117.74611437133201,117.74611437133201
3900,t,117.74611437133201,117.74611437133201
3901,t,117.74611437133201,117.74611437133201
3902,t,117.74611437133201,117.74611437133201
3903,t,117.74611437133201,117.74611437133201
3904,c,117.74611437133201,117.74611437133201
3905,c,117.74611437133201,117.74611437133201
3906,c,117.74611437133201,117.74611437133201
3907,c,21.908731597521417,117.74611437133201
3908,c,117.74611437133201,117.74611437133201
3909,c,5.274522742845166,11.46465002811825
3910,c,17.553710212403807,19.34760861448042
3911,t,117.74611437133201,117.74611437133201
3912,c,117.74611437133201,117.74611437133201
3913,t,117.74611437133201,117.74611437133201
3914,c,10.252679467885132,14.855077669593332
3915,c,117.74611437133201,117.74611437133201
3916,c,58.72478790984645,60.87331002243032
3917,c,19.1161932903462,23.390809412931596
3918,t,117.74611437133201,117.74611437133201
3919,c,33.31120551928157,42.60648060193752
3920,c,19.388451178670696,28.253086979471714
3921,t,117.74611437133201,117.74611437133201
3922,c,117.74611437133201,117.74611437133201
3923,t,117.74611437133201,117.74611437133201
3924,t,117.74611437133201,117.74611437133201
3925,na,9.537022061513946,14.085527284172363
3926,t,117.74611437133201,117.74611437133201
3927,c,117.74611437133201,117.74611437133201
3928,c,18.597544357270518,117.74611437133201
3929,c,117.74611437133201,117.74611437133201
3930,c,19.822075389876645,23.076660155423824
3931,c,117.74611437133201,117.74611437133201
3932,t,117.74611437133201,117.74611437133201
3933,c,31.528610761219728,35.60638014085891
3934,c,33.71923053686633,38.038727969292864
3935,c,30.829572218948847,32.37068155659393
3936,c,9.222768832456136,10.71123481088561
3937,t,117.74611437133201,117.74611437133201
3938,c,11.370842401981037,11.606068788197009
3939,t,117.74611437133201,117.74611437133201
3940,c,58.340994571442955,61.76064138490403
3941,t,117.74611437133201,117.74611437133201
3942,c,117.74611437133201,117.74611437133201
3943,c,117.74611437133201,117.74611437133201
3944,c,18.604504889970464,21.086730847607562
3945,t,117.74611437133201,117.74611437133201
3946,c,48.21207859124125,50.139780394253286
3947,c,17.76742723253306,20.3591830335363
3948,c,12.661554802073569,13.466960250372686
3949,c,41.69790346002344,41.992914779843574
3950,c,117.74611437133201,117.74611437133201
3951,c,29.05954737680861,47.59955781440797
3952,c,22.87148250785725,117.74611437133201
3953,t,117.74611437133201,117.74611437133201
3954,c,27.948116439261078,31.05355549174409
3955,c,117.74611437133201,117.74611437133201
3956,c,55.275242479346645,59.911553160941594
3957,c,36.207722720741565,37.29325964911182
3958,c,117.74611437133201,117.74611437133201
3959,c,25.031363358418858,25.332158640384154
3960,c,117.74611437133201,117.74611437133201
3961,c,117.74611437133201,117.74611437133201
3962,c,25.39656393634659,25.91595023754058
3963,c,117.74611437133201,117.74611437133201
3964,t,117.74611437133201,117.74611437133201
3965,na,0,1.944146389453989
3966,c,117.74611437133201,117.74611437133201
3967,c,117.74611437133201,117.74611437133201
3968,c,117.74611437133201,117.74611437133201
3969,c,117.74611437133201,117.74611437133201
3970,c,15.537020091291346,17.65609585038116
3971,c,117.74611437133201,117.74611437133201
3972,c,117.74611437133201,117.74611437133201
3973,t,117.74611437133201,117.74611437133201
3974,t,117.74611437133201,117.74611437133201
3975,c,117.74611437133201,117.74611437133201
3976,t,117.74611437133201,117.74611437133201
3977,c,34.84811561062012,117.74611437133201
3978,t,117.74611437133201,117.74611437133201
3979,c,117.74611437133201,117.74611437133201
3980,t,117.74611437133201,117.74611437133201
3981,c,117.74611437133201,117.74611437133201
3982,c,117.74611437133201,117.74611437133201
3983,c,45.59079213896982,50.47195555907993
3984,c,26.30004865639795,29.272355972568633
3985,c,25.064506779223365,30.822021754987816
3986,t,117.74611437133201,117.74611437133201
3987,t,117.74611437133201,117.74611437133201
3988,c,11.571917291771527,11.991416037748756
3989,c,117.74611437133201,117.74611437133201
3990,c,33.59623521755116,35.256567046492876
3991,t,117.74611437133201,117.74611437133201
3992,c,117.74611437133201,117.74611437133201
3993,na,-1,0
3994,c,8.172657026610853,9.9561928090518
3995,c,39.50302620131707,117.74611437133201
3996,c,67.73285582481726,71.80135581963532
3997,na,-1,0
3998,c,117.74611437133201,117.74611437133201
3999,c,24.491772920280372,24.54107243639025
4000,t,117.74611437133201,117.74611437133201
4001,c,117.74611437133201,117.74611437133201
4002,c,117.74611437133201,117.74611437133201
4003,c,117.74611437133201,117.74611437133201
4004,t,117.74611437133201,117.74611437133201
4005,c,29.421095356563818,29.62692615491263
4006,t,117.74611437133201,117.74611437133201
4007,na,0.5746929417113439,3.145477219467122
4008,c,117.74611437133201,117.74611437133201
4009,c,91.07939806649763,117.74611437133201
4010,c,117.74611437133201,117.74611437133201
4011,c,26.350498574279854,28.028843571756234
4012,c,117.74611437133201,117.74611437133201
4013,c,14.074926222584441,16.52623293440742
4014,c,117.74611437133201,117.74611437133201
4015,c,117.74611437133201,117.74611437133201
4016,c,117.74611437133201,117.74611437133201
4017,c,117.74611437133201,117.74611437133201
4018,t,117.74611437133201,117.74611437133201
4019,c,117.74611437133201,117.74611437133201
4020,c,17.54970693675313,25.68395327872748
4021,c,59.96976690969332,64.05724859440623
4022,c,30.869304115886113,30.97264034189598
4023,c,30.398603710624094,32.16630199376791
4024,c,31.957865550726204,46.268536588402306
4025,t,117.74611437133201,117.74611437133201
4026,t,117.74611437133201,117.74611437133201
4027,t,117.74611437133201,117.74611437133201
4028,c,6.725654318110726,8.068181649034303
4029,t,117.74611437133201,117.74611437133201
4030,c,17.348020127657595,20.76113633957497
4031,t,117.74611437133201,117.74611437133201
4032,c,117.74611437133201,117.74611437133201
4033,c,41.20725416778382,41.64585846588231
4034,c,14.634452087765133,14.730625829792471
4035,t,117.74611437133201,117.74611437133201
4036,c,39.20477931751202,42.27930318730837
4037,t,117.74611437133201,117.74611437133201
4038,c,117.74611437133201,117.74611437133201
4039,c,117.74611437133201,117.74611437133201
4040,c,117.74611437133201,117.74611437133201
4041,c,28.049679205452996,39.87720243224435
4042,c,15.989362466253194,18.514937019486148
4043,c,48.32289248808848,53.46346243823153
4044,c,51.99217965442291,117.74611437133201
4045,c,117.74611437133201,117.74611437133201
4046,c,58.08361241047185,66.46109731776545
4047,c,22.634690271855373,28.710277456740215
4048,t,117.74611437133201,117.74611437133201
4049,c,48.97718369078797,51.7049030849786
4050,c,117.74611437133201,117.74611437133201
4051,c,5.690621235034057,7.501750098166814
4052,t,117.74611437133201,117.74611437133201
4053,c,34.172312982995024,37.52775148515722
4054,c,15.891493916109072,15.908313701279194
4055,c,35.72109722742789,37.4577242579413
4056,c,117.74611437133201,117.74611437133201
4057,t,117.74611437133201,117.74611437133201
4058,c,117.74611437133201,117.74611437133201
4059,c,117.74611437133201,117.74611437133201
4060,t,117.74611437133201,117.74611437133201
4061,t,117.74611437133201,117.74611437133201
4062,c,117.74611437133201,117.74611437133201
4063,c,17.016590741988136,17.118294779909746
4064,c,117.74611437133201,117.74611437133201
4065,c,117.74611437133201,117.74611437133201
4066,c,117.74611437133201,117.74611437133201
4067,c,117.74611437133201,117.74611437133201
4068,c,117.74611437133201,117.74611437133201
4069,c,117.74611437133201,117.74611437133201
4070,c,11.130321645730797,14.98013965561194
4071,c,20.935744664879675,24.28392158700393
4072,c,117.74611437133201,117.74611437133201
4073,c,117.74611437133201,117.74611437133201
4074,c,117.74611437133201,117.74611437133201
4075,c,18.791710296592267,19.34809273011179
4076,t,117.74611437133201,117.74611437133201
4077,c,117.74611437133201,117.74611437133201
4078,t,117.74611437133201,117.74611437133201
4079,t,117.74611437133201,117.74611437133201
4080,c,26.977997694252917,27.03838387042234
4081,t,117.74611437133201,117.74611437133201
4082,c,49.476898727234015,117.74611437133201
4083,c,18.731897788257346,22.84580560535943
4084,t,117.74611437133201,117.74611437133201
4085,t,117.74611437133201,117.74611437133201
4086,t,117.74611437133201,117.74611437133201
4087,c,18.096384102321817,19.91157610413474
4088,c,117.74611437133201,117.74611437133201
4089,c,29.161827450194856,30.043526094086527
4090,c,25.639327332639102,30.864029090921594
4091,c,117.74611437133201,117.74611437133201
4092,c,43.94251740964826,44.39761587120039
4093,na,0,6.8482945611125805
4094,c,117.74611437133201,117.74611437133201
4095,t,117.74611437133201,117.74611437133201
4096,c,13.556476289500141,15.084929550351088
4097,c,10.165104248907559,18.864266344206335
4098,c,117.74611437133201,117.74611437133201
4099,c,27.250004106951042,31.18274876737073
4100,c,88.71377525892585,90.46127755640121
4101,c,117.74611437133201,117.74611437133201
4102,c,117.74611437133201,117.74611437133201
4103,c,117.74611437133201,117.74611437133201
4104,t,117.74611437133201,117.74611437133201
4105,c,15.520082664154984,30.082028947326453
4106,c,52.456484110032356,52.94610843975823
4107,c,117.74611437133201,117.74611437133201
4108,c,23.204043545036363,26.037237657618995
4109,t,117.74611437133201,117.74611437133201
4110,c,117.74611437133201,117.74611437133201
4111,t,117.74611437133201,117.74611437133201
4112,c,22.840850008374257,43.59438521318813
4113,c,117.74611437133201,117.74611437133201
4114,c,117.74611437133201,117.74611437133201
4115,t,117.74611437133201,117.74611437133201
4116,c,117.74611437133201,117.74611437133201
4117,c,117.74611437133201,117.74611437133201
4118,c,117.74611437133201,117.74611437133201
4119,t,117.74611437133201,117.74611437133201
4120,t,117.74611437133201,117.74611437133201
4121,t,117.74611437133201,117.74611437133201
4122,c,117.74611437133201,117.74611437133201
4123,c,33.34682751499284,36.812528120813035
4124,t,117.74611437133201,117.74611437133201
4125,c,117.74611437133201,117.74611437133201
4126,c,117.74611437133201,117.74611437133201
4127,c,33.06175180383596,57.56036534433654
4128,c,31.71201501509881,32.5799335088129
4129,c,31.18389659624778,48.89874649355493
4130,c,117.74611437133201,117.74611437133201
4131,c,41.78129543677854,46.5519640330959
4132,c,117.74611437133201,117.74611437133201
4133,c,117.74611437133201,117.74611437133201
4134,c,117.74611437133201,117.74611437133201
4135,c,117.74611437133201,117.74611437133201
4136,c,37.68655553566355,47.81658390224052
4137,c,62.5208209191372,71.91593173115405
4138,t,117.74611437133201,117.74611437133201
4139,t,117.74611437133201,117.74611437133201
4140,c,30.670508215192235,35.752412427414086
4141,c,117.74611437133201,117.74611437133201
4142,c,117.74611437133201,117.74611437133201
4143,c,117.74611437133201,117.74611437133201
4144,c,33.52771662478065,34.35525731820826
4145,c,117.74611437133201,117.74611437133201
4146,c,23.129771221290607,23.45274472425107
4147,c,117.74611437133201,117.74611437133201
4148,c,117.74611437133201,117.74611437133201
4149,c,25.9990578002663,32.160045332757846
4150,c,15.250554240580241,16.90702228914962
4151,c,117.74611437133201,117.74611437133201
4152,c,117.74611437133201,117.74611437133201
4153,c,19.531484467508974,21.98243195582081
4154,c,117.74611437133201,117.74611437133201
4155,c,22.72705976051946,26.472509380004382
4156,c,42.089931929119835,44.99526544940302
4157,c,117.74611437133201,117.74611437133201
4158,c,117.74611437133201,117.74611437133201
4159,c,46.50185398722055,57.41368356072038
4160,c,33.418593407453436,34.06257389272096
4161,c,14.196951756570094,19.0809553147759
4162,c,117.74611437133201,117.74611437133201
4163,c,117.74611437133201,117.74611437133201
4164,c,42.84453612679543,44.06307474037278
4165,c,117.74611437133201,117.74611437133201
4166,c,16.188658111371417,17.036422126202137
4167,c,10.804308611518689,14.831565768288069
4168,c,16.705107666333795,17.08649476203377
4169,c,22.26786528108531,22.942854860550383
4170,c,117.74611437133201,117.74611437133201
4171,t,117.74611437133201,117.74611437133201
4172,c,17.23174642106546,32.22411351571037
4173,c,31.407175623703278,32.950733709143286
4174,t,117.74611437133201,117.74611437133201
4175,c,36.090839095811624,37.2159348368882
4176,c,117.74611437133201,117.74611437133201
4177,na,-1,0
4178,c,117.74611437133201,117.74611437133201
4179,t,117.74611437133201,117.74611437133201
4180,t,117.74611437133201,117.74611437133201
4181,c,21.856349157426145,27.24651096760923
4182,c,38.457060603826775,40.24753476820259
4183,c,117.74611437133201,117.74611437133201
4184,t,117.74611437133201,117.74611437133201
4185,c,32.36912569353506,32.81941015795264
4186,c,117.74611437133201,117.74611437133201
4187,c,24.376438598083375,25.598211475419827
4188,c,117.74611437133201,117.74611437133201
4189,c,117.74611437133201,117.74611437133201
4190,c,117.74611437133201,117.74611437133201
4191,c,19.679461327033643,38.466756506872
4192,c,17.599115932879673,18.632935644731074
4193,c,117.74611437133201,117.74611437133201
4194,c,21.63438321349082,22.045418863143738
4195,t,117.74611437133201,117.74611437133201
4196,na,4.9117701450061695,6.43250626377721
4197,c,117.74611437133201,117.74611437133201
4198,t,117.74611437133201,117.74611437133201
4199,c,117.74611437133201,117.74611437133201
4200,c,57.875930444598644,62.50664692420008
4201,t,117.74611437133201,117.74611437133201
4202,t,117.74611437133201,117.74611437133201
4203,c,117.74611437133201,117.74611437133201
4204,c,117.74611437133201,117.74611437133201
4205,c,117.74611437133201,117.74611437133201
4206,c,117.74611437133201,117.74611437133201
4207,t,117.74611437133201,117.74611437133201
4208,t,117.74611437133201,117.74611437133201
4209,c,117.74611437133201,117.74611437133201
4210,t,117.74611437133201,117.74611437133201
4211,c,27.55767871888861,28.285055921962957
4212,c,117.74611437133201,117.74611437133201
4213,c,117.74611437133201,117.74611437133201
4214,na,6.9131154382757884,9.504967949123113
4215,c,36.81113904117224,36.868351087553215
4216,c,117.74611437133201,117.74611437133201
4217,c,117.74611437133201,117.74611437133201
4218,c,117.74611437133201,117.74611437133201
4219,c,53.135551599707206,56.29645501597511
4220,c,16.801734860951147,17.676715442043577
4221,c,117.74611437133201,117.74611437133201
4222,t,117.74611437133201,117.74611437133201
4223,c,117.74611437133201,117.74611437133201
4224,c,117.74611437133201,117.74611437133201
4225,c,22.947118442298763,24.284114555791405
4226,c,117.74611437133201,117.74611437133201
4227,c,40.074893818062755,42.400999024548504
4228,c,22.569108441591126,25.467900044655135
4229,c,35.951517076494376,39.16235416966914
4230,c,117.74611437133201,117.74611437133201
4231,c,117.74611437133201,117.74611437133201
4232,t,117.74611437133201,117.74611437133201
4233,c,117.74611437133201,117.74611437133201
4234,c,117.74611437133201,117.74611437133201
4235,c,8.091899805493906,11.261369112116569
4236,c,117.74611437133201,117.74611437133201
4237,c,57.1125936915427,59.640876808999046
4238,c,117.74611437133201,117.74611437133201
4239,c,13.41640579166794,16.84968063489211
4240,c,117.74611437133201,117.74611437133201
4241,c,30.131779343114303,33.9774307613538
4242,c,13.45937474345672,15.217091257395683
4243,c,29.594845632185795,55.55660678315094
4244,na,6.154980990315283,7.4639961143902065
4245,c,44.92720611048542,45.40398082902397
4246,t,117.74611437133201,117.74611437133201
4247,c,117.74611437133201,117.74611437133201
4248,na,3.8247599237318344,12.52803067329784
4249,t,117.74611437133201,117.74611437133201
4250,c,64.33227459392941,71.22138286750243
4251,c,36.351086816440244,36.866956252132454
4252,t,117.74611437133201,117.74611437133201
4253,c,117.74611437133201,117.74611437133201
4254,c,117.74611437133201,117.74611437133201
4255,t,117.74611437133201,117.74611437133201
4256,t,117.74611437133201,117.74611437133201
4257,c,117.74611437133201,117.74611437133201
4258,c,31.117950865808908,37.672630056743344
4259,t,117.74611437133201,117.74611437133201
4260,c,19.74512594934761,27.051643976264746
4261,t,117.74611437133201,117.74611437133201
4262,c,117.74611437133201,117.74611437133201
4263,c,117.74611437133201,117.74611437133201
4264,c,117.74611437133201,117.74611437133201
4265,c,117.74611437133201,117.74611437133201
4266,c,39.293320411906556,117.74611437133201
4267,c,75.78408761420002,77.71601010725384
4268,c,117.74611437133201,117.74611437133201
4269,c,117.74611437133201,117.74611437133201
4270,c,117.74611437133201,117.74611437133201
4271,c,19.227767537720077,20.781210716476313
4272,c,117.74611437133201,117.74611437133201
4273,c,12.337380978235887,15.79066099523169
4274,c,17.1261232701293,18.090721425569374
4275,c,117.74611437133201,117.74611437133201
4276,c,15.472748257173723,17.66243647488743
4277,c,117.74611437133201,117.74611437133201
4278,c,26.43954160872698,37.582999506584784
4279,t,117.74611437133201,117.74611437133201
4280,c,22.10529245687852,24.763706909974722
4281,c,25.41213523354632,32.51544013071254
4282,t,117.74611437133201,117.74611437133201
4283,t,117.74611437133201,117.74611437133201
4284,c,23.730845553453555,25.828619051915776
4285,c,117.74611437133201,117.74611437133201
4286,t,117.74611437133201,117.74611437133201
4287,c,47.709117453951066,57.8332809796461
4288,t,117.74611437133201,117.74611437133201
4289,c,117.74611437133201,117.74611437133201
4290,c,59.417884621950954,69.38555136756183
4291,t,117.74611437133201,117.74611437133201
4292,c,117.74611437133201,117.74611437133201
4293,c,117.74611437133201,117.74611437133201
4294,c,117.74611437133201,117.74611437133201
4295,c,117.74611437133201,117.74611437133201
4296,c,26.266694295076814,29.46439685112461
4297,t,117.74611437133201,117.74611437133201
4298,t,117.74611437133201,117.74611437133201
4299,c,24.93337266835574,26.18001267382998
4300,c,117.74611437133201,117.74611437133201
4301,na,0,7.217484514895333
4302,na,4.788429354990018,6.161937126892335
4303,t,117.74611437133201,117.74611437133201
4304,c,117.74611437133201,117.74611437133201
4305,c,117.74611437133201,117.74611437133201
4306,c,67.1818407349842,68.25413962607148
4307,c,117.74611437133201,117.74611437133201
4308,c,117.74611437133201,117.74611437133201
4309,c,30.140874102237422,117.74611437133201
4310,t,117.74611437133201,117.74611437133201
4311,c,11.174622896963246,27.113763457335505
4312,c,117.74611437133201,117.74611437133201
4313,c,117.74611437133201,117.74611437133201
4314,c,117.74611437133201,117.74611437133201
4315,c,117.74611437133201,117.74611437133201
4316,c,36.7208420385633,44.63424350735246
4317,c,16.55734443361626,25.11566226913295
4318,c,117.74611437133201,117.74611437133201
4319,c,117.74611437133201,117.74611437133201
4320,c,117.74611437133201,117.74611437133201
4321,c,117.74611437133201,117.74611437133201
4322,c,24.793572873099503,26.399152807984798
4323,t,117.74611437133201,117.74611437133201
4324,c,60.45123394877442,66.43881508659929
4325,c,117.74611437133201,117.74611437133201
4326,c,16.89560394608721,22.412566801604456
4327,c,117.74611437133201,117.74611437133201
4328,c,38.10698082558256,117.74611437133201
4329,t,117.74611437133201,117.74611437133201
4330,c,43.18289488489622,47.23737782393316
4331,c,42.840737410257795,45.26972823905368
4332,c,117.74611437133201,117.74611437133201
4333,c,117.74611437133201,117.74611437133201
4334,na,30.51896994515987,35.83158195706944
4335,t,117.74611437133201,117.74611437133201
4336,c,117.74611437133201,117.74611437133201
4337,c,117.74611437133201,117.74611437133201
4338,c,11.071869202966024,16.84960878524721
4339,c,36.697205031088025,46.619834331866905
4340,t,117.74611437133201,117.74611437133201
4341,c,29.400527222632334,38.42750808526074
4342,c,117.74611437133201,117.74611437133201
4343,c,117.74611437133201,117.74611437133201
4344,t,117.74611437133201,117.74611437133201
4345,c,39.161652679212054,52.68769703788974
4346,t,117.74611437133201,117.74611437133201
4347,c,117.74611437133201,117.74611437133201
4348,c,9.156192837052052,12.499123036828653
4349,c,117.74611437133201,117.74611437133201
4350,c,10.538681201102209,12.428223205548628
4351,c,117.74611437133201,117.74611437133201
4352,c,117.74611437133201,117.74611437133201
4353,c,117.74611437133201,117.74611437133201
4354,t,117.74611437133201,117.74611437133201
4355,c,117.74611437133201,117.74611437133201
4356,c,32.848155433297855,32.95945781325679
4357,c,3.31734700830302,11.702095911237855
4358,c,46.726390876997996,48.279751042696844
4359,c,16.159001884145336,19.469944020449837
4360,c,117.74611437133201,117.74611437133201
4361,c,117.74611437133201,117.74611437133201
4362,c,9.833595748323852,12.557177989092382
4363,c,28.091942690291177,31.10436745374071
4364,c,117.74611437133201,117.74611437133201
4365,c,117.74611437133201,117.74611437133201
4366,c,37.53139945787095,47.06405427866338
4367,t,117.74611437133201,117.74611437133201
4368,c,117.74611437133201,117.74611437133201
4369,c,117.74611437133201,117.74611437133201
4370,c,117.74611437133201,117.74611437133201
4371,c,12.164204086598298,13.903493004731542
4372,c,117.74611437133201,117.74611437133201
4373,c,12.990279682424188,19.943663850962412
4374,c,4.497859368017029,5.2718650003250795
4375,c,117.74611437133201,117.74611437133201
4376,c,27.765051884011875,29.01981696904676
4377,t,117.74611437133201,117.74611437133201
4378,c,6.2417210910511995,7.55328608791472
4379,c,26.603171540801302,27.078039605808364
4380,c,21.590890529320447,22.373491647775644
4381,c,13.735845408772487,14.04259724366035
4382,c,27.657680701099668,28.6857503411683
4383,c,13.749458081615318,19.743583531719143
4384,c,23.874205327988385,23.911741962980575
4385,c,32.52476716502282,39.454303852485744
4386,t,117.74611437133201,117.74611437133201
4387,c,33.100090969492406,38.31616766475174
4388,t,117.74611437133201,117.74611437133201
4389,c,117.74611437133201,117.74611437133201
4390,c,19.97900000204947,23.552601986692704
4391,c,24.272071506618587,25.288062173285866
4392,c,37.802996644381444,38.54366208426462
4393,c,40.34273144123474,43.519066338653715
4394,c,117.74611437133201,117.74611437133201
4395,t,117.74611437133201,117.74611437133201
4396,c,32.6290433931875,33.65850822454096
4397,t,117.74611437133201,117.74611437133201
4398,t,117.74611437133201,117.74611437133201
4399,c,46.586854607796575,46.69551781766039
4400,t,117.74611437133201,117.74611437133201
4401,c,117.74611437133201,117.74611437133201
4402,c,117.74611437133201,117.74611437133201
4403,c,117.74611437133201,117.74611437133201
4404,c,117.74611437133201,117.74611437133201
4405,c,117.74611437133201,117.74611437133201
4406,t,117.74611437133201,117.74611437133201
4407,c,117.74611437133201,117.74611437133201
4408,c,117.74611437133201,117.74611437133201
4409,c,117.74611437133201,117.74611437133201
4410,c,117.74611437133201,117.74611437133201
4411,c,44.468015163991346,47.80455120302021
4412,c,117.74611437133201,117.74611437133201
4413,c,10.617148237671623,117.74611437133201
4414,c,117.74611437133201,117.74611437133201
4415,c,48.9310533165207,49.61738895974327
4416,c,117.74611437133201,117.74611437133201
4417,t,117.74611437133201,117.74611437133201
4418,c,117.74611437133201,117.74611437133201
4419,c,32.06730605515106,33.779124442244054
4420,c,4.926180077316554,12.075828296673377
4421,c,16.05403690602336,16.51609673155119
4422,t,117.74611437133201,117.74611437133201
4423,c,117.74611437133201,117.74611437133201
4424,na,117.74611437133201,117.74611437133201
4425,c,33.562233256895254,37.57399448964622
4426,t,117.74611437133201,117.74611437133201
4427,c,117.74611437133201,117.74611437133201
4428,t,117.74611437133201,117.74611437133201
4429,c,117.74611437133201,117.74611437133201
4430,c,117.74611437133201,117.74611437133201
4431,c,117.74611437133201,117.74611437133201
4432,c,51.766808816635354,52.072747202807086
4433,t,117.74611437133201,117.74611437133201
4434,c,27.60678956466309,29.11581258721911
4435,t,117.74611437133201,117.74611437133201
4436,c,25.723362595296816,29.978798575891272
4437,c,117.74611437133201,117.74611437133201
4438,c,117.74611437133201,117.74611437133201
4439,c,117.74611437133201,117.74611437133201
4440,t,117.74611437133201,117.74611437133201
4441,c,6.68120981447996,6.78670031699265
4442,c,35.84678223175066,40.21687647078176
4443,c,117.74611437133201,117.74611437133201
4444,c,31.10036270430388,33.85679633209642
4445,c,117.74611437133201,117.74611437133201
4446,c,23.438393464079187,31.4409936434391
4447,c,117.74611437133201,117.74611437133201
4448,c,20.211127147199914,20.314819773337543
4449,t,117.74611437133201,117.74611437133201
4450,c,117.74611437133201,117.74611437133201
4451,t,117.74611437133201,117.74611437133201
4452,c,47.14715015624321,52.95478037416087
4453,c,117.74611437133201,117.74611437133201
4454,c,117.74611437133201,117.74611437133201
4455,c,35.14218664573495,45.90812907809199
4456,c,8.971195936192073,10.213183478711752
4457,c,10.941586336267893,11.36107242902065
4458,c,40.37447154819012,117.74611437133201
4459,c,117.74611437133201,117.74611437133201
4460,c,117.74611437133201,117.74611437133201
4461,c,117.74611437133201,117.74611437133201
4462,c,117.74611437133201,117.74611437133201
4463,c,117.74611437133201,117.74611437133201
4464,c,117.74611437133201,117.74611437133201
4465,c,117.74611437133201,117.74611437133201
4466,c,117.74611437133201,117.74611437133201
4467,c,117.74611437133201,117.74611437133201
4468,c,26.871982405098226,29.65242096353452
4469,t,117.74611437133201,117.74611437133201
4470,c,9.764085231370494,17.622045602740073
4471,c,25.337209396873455,33.17089158776559
4472,t,117.74611437133201,117.74611437133201
4473,c,117.74611437133201,117.74611437133201
4474,c,117.74611437133201,117.74611437133201
4475,c,48.648112026974474,117.74611437133201
4476,c,117.74611437133201,117.74611437133201
4477,c,8.054190941263613,10.051640564276349
4478,c,117.74611437133201,117.74611437133201
4479,c,117.74611437133201,117.74611437133201
4480,t,117.74611437133201,117.74611437133201
4481,t,117.74611437133201,117.74611437133201
4482,c,117.74611437133201,117.74611437133201
4483,c,117.74611437133201,117.74611437133201
4484,c,14.301838756848932,15.435262162847643
4485,c,33.79930250918583,44.349070224632136
4486,t,117.74611437133201,117.74611437133201
4487,c,9.526591432405988,10.464956715297374
4488,t,117.74611437133201,117.74611437133201
4489,c,117.74611437133201,117.74611437133201
4490,c,37.93985579404039,41.675996531312094
4491,c,117.74611437133201,117.74611437133201
4492,c,8.723192378883995,15.10408537107645
4493,c,117.74611437133201,117.74611437133201
4494,t,117.74611437133201,117.74611437133201
4495,t,117.74611437133201,117.74611437133201
4496,t,117.74611437133201,117.74611437133201
4497,c,6.006688209908762,9.191887380055347
4498,c,54.03275568110336,54.09119575519961
4499,c,117.74611437133201,117.74611437133201
4500,t,117.74611437133201,117.74611437133201
4501,c,117.74611437133201,117.74611437133201
4502,c,6.544231754015471,14.353296380509766
4503,t,117.74611437133201,117.74611437133201
4504,c,17.191738928787537,32.387022227635946
4505,c,117.74611437133201,117.74611437133201
4506,c,117.74611437133201,117.74611437133201
4507,c,117.74611437133201,117.74611437133201
4508,c,16.45447336252581,18.7345094690331
4509,t,117.74611437133201,117.74611437133201
4510,c,117.74611437133201,117.74611437133201
4511,c,20.98354226153126,22.97525488008305
4512,t,117.74611437133201,117.74611437133201
4513,c,29.14497427747268,32.91859841549325
4514,c,117.74611437133201,117.74611437133201
4515,c,117.74611437133201,117.74611437133201
4516,c,117.74611437133201,117.74611437133201
4517,t,117.74611437133201,117.74611437133201
4518,c,22.230731477415652,23.064037241580184
4519,c,22.34132441314192,25.306697416321022
4520,c,117.74611437133201,117.74611437133201
4521,c,117.74611437133201,117.74611437133201
4522,c,117.74611437133201,117.74611437133201
4523,c,43.461403049470675,48.93931380402961
4524,c,6.294216095539035,9.990839084387211
4525,c,43.960566978891556,49.82658270127085
4526,c,117.74611437133201,117.74611437133201
4527,c,117.74611437133201,117.74611437133201
4528,c,22.480009841365366,23.098504629258084
4529,na,3.1774678780329606,11.697440152589294
4530,c,117.74611437133201,117.74611437133201
4531,c,44.74067064071813,46.572953569422054
4532,t,117.74611437133201,117.74611437133201
4533,c,26.1929855674955,30.280654551810468
4534,c,42.874661827575835,44.01119410493015
4535,c,117.74611437133201,117.74611437133201
4536,c,22.86039808260298,23.113636664136582
4537,c,117.74611437133201,117.74611437133201
4538,c,117.74611437133201,117.74611437133201
4539,t,117.74611437133201,117.74611437133201
4540,c,117.74611437133201,117.74611437133201
4541,c,22.64311624014481,24.6899016284811
4542,c,63.36498582486128,65.51197555442134
4543,c,18.635523152312675,18.943310048757002
4544,c,117.74611437133201,117.74611437133201
4545,c,4.347514416373651,117.74611437133201
4546,t,117.74611437133201,117.74611437133201
4547,c,117.74611437133201,117.74611437133201
4548,c,58.6327142487873,59.3376394737643
4549,c,117.74611437133201,117.74611437133201
4550,c,22.0983558439405,39.76750903021367
4551,c,22.849691397914913,27.214136031136334
4552,c,117.74611437133201,117.74611437133201
4553,t,117.74611437133201,117.74611437133201
4554,c,17.70154169011049,20.696839936131646
4555,c,12.019006255537446,15.601384892212055
4556,c,18.279325366491438,19.742066578894946
4557,t,117.74611437133201,117.74611437133201
4558,c,69.44172823945779,70.82337429426207
4559,c,117.74611437133201,117.74611437133201
4560,c,17.004391217087996,17.44879775667899
4561,t,117.74611437133201,117.74611437133201
4562,c,26.10330592905487,30.881521981584893
4563,c,37.33444609497965,39.33393834041401
4564,c,117.74611437133201,117.74611437133201
4565,c,117.74611437133201,117.74611437133201
4566,c,18.23057733198344,19.094803628740586
4567,c,117.74611437133201,117.74611437133201
4568,c,25.692511638318692,26.83928153639798
4569,c,14.421309738996145,19.450440586799168
4570,c,117.74611437133201,117.74611437133201
4571,c,78.13921652025164,83.41376901288147
4572,c,117.74611437133201,117.74611437133201
4573,c,59.53139045634583,60.70038398770354
4574,na,-1,0
4575,c,39.77503871288656,40.27820386531489
4576,c,117.74611437133201,117.74611437133201
4577,c,14.384478393148113,17.047578526991295
4578,c,28.621098328074446,117.74611437133201
4579,t,117.74611437133201,117.74611437133201
4580,c,117.74611437133201,117.74611437133201
4581,c,117.74611437133201,117.74611437133201
4582,t,117.74611437133201,117.74611437133201
4583,c,117.74611437133201,117.74611437133201
4584,t,117.74611437133201,117.74611437133201
4585,c,17.17410149023834,18.444861614862578
4586,t,117.74611437133201,117.74611437133201
4587,c,34.247472313711164,44.39254925364916
4588,c,117.74611437133201,117.74611437133201
4589,c,117.74611437133201,117.74611437133201
4590,c,117.74611437133201,117.74611437133201
4591,c,117.74611437133201,117.74611437133201
4592,c,35.07387768776375,36.65731401624179
4593,c,117.74611437133201,117.74611437133201
4594,c,117.74611437133201,117.74611437133201
4595,c,25.113991651710176,117.74611437133201
4596,c,117.74611437133201,117.74611437133201
4597,c,117.74611437133201,117.74611437133201
4598,t,117.74611437133201,117.74611437133201
4599,c,26.500541271831963,28.610318869805607
4600,c,53.4282612555935,56.539133309926285
4601,c,117.74611437133201,117.74611437133201
4602,c,117.74611437133201,117.74611437133201
4603,t,117.74611437133201,117.74611437133201
4604,c,117.74611437133201,117.74611437133201
4605,c,13.153937185187111,19.753113061978514
4606,t,117.74611437133201,117.74611437133201
4607,c,40.33791503297901,44.84632785908577
4608,c,14.777774306240763,15.06726628047527
4609,t,117.74611437133201,117.74611437133201
4610,t,117.74611437133201,117.74611437133201
4611,c,117.74611437133201,117.74611437133201
4612,c,117.74611437133201,117.74611437133201
4613,t,117.74611437133201,117.74611437133201
4614,t,117.74611437133201,117.74611437133201
4615,c,117.74611437133201,117.74611437133201
4616,c,7.280955441743834,17.84002273696079
4617,c,117.74611437133201,117.74611437133201
4618,c,117.74611437133201,117.74611437133201
4619,c,17.38854293323676,20.925985398697946
4620,c,63.09699132050294,65.06909935643318
4621,t,117.74611437133201,117.74611437133201
4622,c,117.74611437133201,117.74611437133201
4623,c,117.74611437133201,117.74611437133201
4624,c,117.74611437133201,117.74611437133201
4625,c,37.20551280098648,40.632441683252274
4626,c,117.74611437133201,117.74611437133201
4627,t,117.74611437133201,117.74611437133201
4628,c,18.772001988219937,19.082364872304538
4629,c,117.74611437133201,117.74611437133201
4630,c,38.67799848245816,42.259569714128375
4631,c,19.004528606523184,21.570708211526075
4632,c,117.74611437133201,117.74611437133201
4633,c,117.74611437133201,117.74611437133201
4634,c,117.74611437133201,117.74611437133201
4635,c,9.193334627532769,12.09873605568696
4636,c,32.1721458901248,34.092751667935666
4637,c,117.74611437133201,117.74611437133201
4638,c,117.74611437133201,117.74611437133201
4639,t,117.74611437133201,117.74611437133201
4640,c,117.74611437133201,117.74611437133201
4641,c,8.933813747855956,9.284503160528155
4642,t,117.74611437133201,117.74611437133201
4643,c,18.12704234305082,18.17370571305589
4644,c,9.294450788608277,9.815922750114575
4645,c,39.12653907436448,39.35106394083248
4646,c,39.33699783975217,48.65634475994967
4647,t,117.74611437133201,117.74611437133201
4648,c,117.74611437133201,117.74611437133201
4649,c,117.74611437133201,117.74611437133201
4650,c,22.833022167449485,23.672952765715188
4651,c,117.74611437133201,117.74611437133201
4652,c,117.74611437133201,117.74611437133201
4653,c,117.74611437133201,117.74611437133201
4654,c,23.853828590207364,24.27072772375281
4655,na,2.1331918321753283,14.53622343102809
4656,c,117.74611437133201,117.74611437133201
4657,c,44.892684664129696,47.571486515633
4658,c,42.19012210776568,42.3259659871276
4659,c,117.74611437133201,117.74611437133201
4660,c,117.74611437133201,117.74611437133201
4661,c,117.74611437133201,117.74611437133201
4662,t,117.74611437133201,117.74611437133201
4663,c,117.74611437133201,117.74611437133201
4664,c,38.52470059733345,39.018498397107834
4665,na,0.5097563809898618,1.8157508149224484
4666,c,24.483099490724076,33.970534036280334
4667,c,21.82514824131693,22.683867440890662
4668,c,40.15367294775449,41.07352510831062
4669,c,24.058887323172865,25.4529387696717
4670,c,117.74611437133201,117.74611437133201
4671,c,117.74611437133201,117.74611437133201
4672,c,11.634387254748189,11.805358369058263
4673,c,117.74611437133201,117.74611437133201
4674,c,75.96989440740455,76.28389733496908
4675,t,117.74611437133201,117.74611437133201
4676,c,117.74611437133201,117.74611437133201
4677,c,26.95165637792452,28.19922845954274
4678,c,117.74611437133201,117.74611437133201
4679,na,-1,0
4680,c,117.74611437133201,117.74611437133201
4681,c,16.764496113860947,117.74611437133201
4682,c,24.05087958659316,28.38736083547371
4683,t,117.74611437133201,117.74611437133201
4684,c,54.27086580580866,58.84343833640006
4685,t,117.74611437133201,117.74611437133201
4686,t,117.74611437133201,117.74611437133201
4687,c,18.772116950355215,20.410137213048912
4688,c,26.009076962674467,29.24568584617473
4689,c,117.74611437133201,117.74611437133201
4690,c,117.74611437133201,117.74611437133201
4691,c,7.165713108470058,10.211372917979373
4692,c,117.74611437133201,117.74611437133201
4693,c,16.01106653330351,18.81004354038288
4694,t,117.74611437133201,117.74611437133201
4695,na,0,5.213902463168882
4696,c,117.74611437133201,117.74611437133201
4697,c,117.74611437133201,117.74611437133201
4698,c,32.508968433269594,37.87119003014498
4699,c,117.74611437133201,117.74611437133201
4700,c,59.637820878378456,63.86925592905618
4701,c,31.542148973455394,34.711978420234125
4702,c,50.69480733696412,54.56506240026037
4703,c,117.74611437133201,117.74611437133201
4704,c,117.74611437133201,117.74611437133201
4705,t,117.74611437133201,117.74611437133201
4706,c,47.73926271031924,48.08619610771992
4707,t,117.74611437133201,117.74611437133201
4708,c,117.74611437133201,117.74611437133201
4709,c,20.96195371206233,29.216089552743394
4710,c,19.105566712477007,20.703211304162437
4711,c,36.99315494451249,39.78353298768721
4712,c,38.46708969640412,41.61624083452896
4713,c,117.74611437133201,117.74611437133201
4714,c,37.576670533842716,38.465506040493715
4715,c,36.65092313707293,40.54707974280975
4716,c,29.13611312195787,31.170026619393077
4717,c,117.74611437133201,117.74611437133201
4718,c,21.192733710583546,27.660065392934033
4719,na,-1,0
4720,c,117.74611437133201,117.74611437133201
4721,c,28.352495558307858,32.13937977415638
4722,c,117.74611437133201,117.74611437133201
4723,t,117.74611437133201,117.74611437133201
4724,t,117.74611437133201,117.74611437133201
4725,t,117.74611437133201,117.74611437133201
4726,c,26.238311903065036,27.849666418475163
4727,c,117.74611437133201,117.74611437133201
4728,c,17.39962363695001,23.555189589711304
4729,c,14.015958272911968,14.267615230696945
4730,t,117.74611437133201,117.74611437133201
4731,c,38.457345183144774,117.74611437133201
4732,c,117.74611437133201,117.74611437133201
4733,c,117.74611437133201,117.74611437133201
4734,c,117.74611437133201,117.74611437133201
4735,t,117.74611437133201,117.74611437133201
4736,c,117.74611437133201,117.74611437133201
4737,c,117.74611437133201,117.74611437133201
4738,c,27.285490902753093,117.74611437133201
4739,c,117.74611437133201,117.74611437133201
4740,c,117.74611437133201,117.74611437133201
4741,na,5.283002854496177,7.862758229227485
4742,c,117.74611437133201,117.74611437133201
4743,c,117.74611437133201,117.74611437133201
4744,c,117.74611437133201,117.74611437133201
4745,c,117.74611437133201,117.74611437133201
4746,c,117.74611437133201,117.74611437133201
4747,c,40.17663126866563,48.679563857671745
4748,c,117.74611437133201,117.74611437133201
4749,t,117.74611437133201,117.74611437133201
4750,c,117.74611437133201,117.74611437133201
4751,c,117.74611437133201,117.74611437133201
4752,c,117.74611437133201,117.74611437133201
4753,c,117.74611437133201,117.74611437133201
4754,c,46.88438462439883,52.31930311600684
4755,c,18.91999709674118,26.985176259804764
4756,t,117.74611437133201,117.74611437133201
4757,c,24.54133578120027,28.91174251836593
4758,c,31.71929233376119,32.6055104932461
4759,t,117.74611437133201,117.74611437133201
4760,c,117.74611437133201,117.74611437133201
4761,t,117.74611437133201,117.74611437133201
4762,c,15.623460152704977,26.45904011244705
4763,na,-1,0
4764,c,117.74611437133201,117.74611437133201
4765,na,6.3368712999512695,7.44502167251828
4766,c,117.74611437133201,117.74611437133201
4767,c,18.14559228017374,20.833309136979498
4768,c,38.70920177048805,51.14553305232606
4769,c,8.185194722307205,16.633137625778748
4770,c,117.74611437133201,117.74611437133201
4771,c,11.550369270735258,14.610429036480605
4772,na,0,1.2586004477229353
4773,c,99.48798847419442,105.9537670645924
4774,c,117.74611437133201,117.74611437133201
4775,t,117.74611437133201,117.74611437133201
4776,c,117.74611437133201,117.74611437133201
4777,c,29.018090521416337,31.34202064684073
4778,c,117.74611437133201,117.74611437133201
4779,c,117.74611437133201,117.74611437133201
4780,c,117.74611437133201,117.74611437133201
4781,c,58.5840020655498,58.626462802889655
4782,c,117.74611437133201,117.74611437133201
4783,c,20.613103873981363,23.021193286929726
4784,c,117.74611437133201,117.74611437133201
4785,c,117.74611437133201,117.74611437133201
4786,t,117.74611437133201,117.74611437133201
4787,t,117.74611437133201,117.74611437133201
4788,c,117.74611437133201,117.74611437133201
4789,c,117.74611437133201,117.74611437133201
4790,c,6.534249738573768,7.131208235189449
4791,c,117.74611437133201,117.74611437133201
4792,c,117.74611437133201,117.74611437133201
4793,t,117.74611437133201,117.74611437133201
4794,t,117.74611437133201,117.74611437133201
4795,c,117.74611437133201,117.74611437133201
4796,c,69.38011174181233,117.74611437133201
4797,t,117.74611437133201,117.74611437133201
4798,na,0.35762317613286504,12.102547085796758
4799,c,117.74611437133201,117.74611437133201
4800,c,117.74611437133201,117.74611437133201
4801,c,20.94982636357778,24.40894563956384
4802,c,117.74611437133201,117.74611437133201
4803,c,117.74611437133201,117.74611437133201
4804,c,117.74611437133201,117.74611437133201
4805,c,12.771287297461846,21.20054844893846
4806,c,89.50721310109724,90.61976747980508
4807,c,61.392833501842325,62.17118321342907
4808,c,117.74611437133201,117.74611437133201
4809,c,117.74611437133201,117.74611437133201
4810,c,117.74611437133201,117.74611437133201
4811,t,117.74611437133201,117.74611437133201
4812,c,117.74611437133201,117.74611437133201
4813,c,117.74611437133201,117.74611437133201
4814,c,117.74611437133201,117.74611437133201
4815,c,41.84444483873537,44.27800147412256
4816,c,117.74611437133201,117.74611437133201
4817,c,40.046894245053316,42.18313244047578
4818,c,37.07905689251527,44.19362372239655
4819,c,35.577858549362496,35.665595212563304
4820,c,117.74611437133201,117.74611437133201
4821,c,22.250890763756164,22.320696615585216
4822,c,54.452255861415466,117.74611437133201
4823,c,117.74611437133201,117.74611437133201
4824,t,117.74611437133201,117.74611437133201
4825,t,117.74611437133201,117.74611437133201
4826,c,44.65727430168551,44.99234379518498
4827,c,23.38884338699133,25.33833148504306
4828,c,117.74611437133201,117.74611437133201
4829,c,29.679980497790858,29.986239490863206
4830,c,31.132877465848615,33.96529263721248
4831,na,0,8.882514068828394
4832,t,117.74611437133201,117.74611437133201
4833,t,117.74611437133201,117.74611437133201
4834,c,117.74611437133201,117.74611437133201
4835,c,117.74611437133201,117.74611437133201
4836,c,117.74611437133201,117.74611437133201
4837,c,117.74611437133201,117.74611437133201
4838,c,117.74611437133201,117.74611437133201
4839,c,117.74611437133201,117.74611437133201
4840,t,117.74611437133201,117.74611437133201
4841,t,117.74611437133201,117.74611437133201
4842,c,47.80406384954434,117.74611437133201
4843,t,117.74611437133201,117.74611437133201
4844,c,117.74611437133201,117.74611437133201
4845,t,117.74611437133201,117.74611437133201
4846,c,117.74611437133201,117.74611437133201
4847,c,117.74611437133201,117.74611437133201
4848,c,117.74611437133201,117.74611437133201
4849,t,117.74611437133201,117.74611437133201
4850,c,117.74611437133201,117.74611437133201
4851,c,117.74611437133201,117.74611437133201
4852,c,117.74611437133201,117.74611437133201
4853,c,117.74611437133201,117.74611437133201
4854,t,117.74611437133201,117.74611437133201
4855,c,117.74611437133201,117.74611437133201
4856,c,117.74611437133201,117.74611437133201
4857,c,31.13567629508502,31.734369446640713
4858,c,4.086394280623783,6.789470806406995
4859,c,41.948065998213266,42.25386353068244
4860,c,117.74611437133201,117.74611437133201
4861,c,117.74611437133201,117.74611437133201
4862,c,30.943501524466196,38.051545832076755
4863,c,26.020177944809845,31.28197895384921
4864,c,117.74611437133201,117.74611437133201
4865,c,45.701410840311176,64.29413233365135
4866,c,117.74611437133201,117.74611437133201
4867,c,117.74611437133201,117.74611437133201
4868,c,117.74611437133201,117.74611437133201
4869,c,117.74611437133201,117.74611437133201
4870,c,117.74611437133201,117.74611437133201
4871,t,117.74611437133201,117.74611437133201
4872,c,84.9983487169132,86.08050916214715
4873,c,117.74611437133201,117.74611437133201
4874,c,117.74611437133201,117.74611437133201
4875,c,117.74611437133201,117.74611437133201
4876,c,117.74611437133201,117.74611437133201
4877,t,117.74611437133201,117.74611437133201
4878,c,117.74611437133201,117.74611437133201
4879,c,7.551795681050316,11.973593311954358
4880,c,117.74611437133201,117.74611437133201
4881,c,117.74611437133201,117.74611437133201
4882,c,59.02325850351977,59.18519984652463
4883,na,2.742938847888254,3.32183927606196
4884,c,37.95741614463348,39.98533447459794
4885,c,12.849317083805097,13.31294189611939
4886,t,117.74611437133201,117.74611437133201
4887,t,117.74611437133201,117.74611437133201
4888,c,117.74611437133201,117.74611437133201
4889,c,117.74611437133201,117.74611437133201
4890,c,117.74611437133201,117.74611437133201
4891,na,9.751047709573077,11.925981520033218
4892,t,117.74611437133201,117.74611437133201
4893,c,24.696481022504337,29.646074189288367
4894,c,10.391328315818004,117.74611437133201
4895,na,0,4.880119950145263
4896,t,117.74611437133201,117.74611437133201
4897,c,17.243339401206004,17.2626727638636
4898,c,32.693558941807964,32.84894204402535
4899,c,117.74611437133201,117.74611437133201
4900,c,24.569397111300034,29.059091898954655
4901,c,117.74611437133201,117.74611437133201
4902,t,117.74611437133201,117.74611437133201
4903,c,117.74611437133201,117.74611437133201
4904,c,16.680432652383928,29.30251937473855
4905,t,117.74611437133201,117.74611437133201
4906,c,117.74611437133201,117.74611437133201
4907,c,38.78956449717477,41.334395728571316
4908,c,117.74611437133201,117.74611437133201
4909,c,117.74611437133201,117.74611437133201
4910,c,117.74611437133201,117.74611437133201
4911,t,117.74611437133201,117.74611437133201
4912,t,117.74611437133201,117.74611437133201
4913,c,32.35975289872933,34.22207789653322
4914,na,3.137801810159756,12.551677145126373
4915,c,117.74611437133201,117.74611437133201
4916,c,117.74611437133201,117.74611437133201
4917,t,117.74611437133201,117.74611437133201
4918,c,117.74611437133201,117.74611437133201
4919,t,117.74611437133201,117.74611437133201
4920,c,117.74611437133201,117.74611437133201
4921,c,45.06679325155858,50.388216250907256
4922,t,117.74611437133201,117.74611437133201
4923,t,117.74611437133201,117.74611437133201
4924,c,117.74611437133201,117.74611437133201
4925,c,117.74611437133201,117.74611437133201
4926,c,117.74611437133201,117.74611437133201
4927,c,51.09984744904509,57.256424043609
4928,c,24.450065209137783,24.91344524550129
4929,c,21.501067988616594,22.563433431752728
4930,t,117.74611437133201,117.74611437133201
4931,c,27.152011470097253,27.783252592835925
4932,c,54.57140374055814,57.2193589759991
4933,t,117.74611437133201,117.74611437133201
4934,c,18.336084481876913,32.03012123281105
4935,c,117.74611437133201,117.74611437133201
4936,c,5.887685410179698,6.922005188641334
4937,c,33.67063985257973,39.47084478634781
4938,t,117.74611437133201,117.74611437133201
4939,c,117.74611437133201,117.74611437133201
4940,t,117.74611437133201,117.74611437133201
4941,t,117.74611437133201,117.74611437133201
4942,c,59.0713480589903,63.20538967498029
4943,na,5.071030031810147,5.169624914070312
4944,c,34.49493991397162,35.92834845414523
4945,c,117.74611437133201,117.74611437133201
4946,c,117.74611437133201,117.74611437133201
4947,c,28.98822514944819,34.58104364060114
4948,c,17.557065575959022,18.14858987290422
4949,c,117.74611437133201,117.74611437133201
4950,c,48.01679492432919,58.568603657129295
4951,c,14.339242723510838,16.102393992180144
4952,c,46.033272849254566,47.80980430958052
4953,t,117.74611437133201,117.74611437133201
4954,t,117.74611437133201,117.74611437133201
4955,t,117.74611437133201,117.74611437133201
4956,c,117.74611437133201,117.74611437133201
4957,c,117.74611437133201,117.74611437133201
4958,c,24.8668202046989,26.064406065900968
4959,c,41.61411724265369,50.31496162197161
4960,c,34.38436676955123,36.56352278416614
4961,c,117.74611437133201,117.74611437133201
4962,c,117.74611437133201,117.74611437133201
4963,c,117.74611437133201,117.74611437133201
4964,c,117.74611437133201,117.74611437133201
4965,c,117.74611437133201,117.74611437133201
4966,c,117.74611437133201,117.74611437133201
4967,c,20.0065742048949,21.344596268176282
4968,c,117.74611437133201,117.74611437133201
4969,c,117.74611437133201,117.74611437133201
4970,c,117.74611437133201,117.74611437133201
4971,t,117.74611437133201,117.74611437133201
4972,c,117.74611437133201,117.74611437133201
4973,t,117.74611437133201,117.74611437133201
4974,c,20.00948749703263,21.052655280724668
4975,t,117.74611437133201,117.74611437133201
4976,c,31.60576272891692,34.95228463279666
4977,c,117.74611437133201,117.74611437133201
4978,c,117.74611437133201,117.74611437133201
4979,c,33.48753930617701,36.767518084598116
4980,t,117.74611437133201,117.74611437133201
4981,c,117.74611437133201,117.74611437133201
4982,c,28.890498953047246,31.28110740108154
4983,c,27.70067523855356,33.91736594615261
4984,c,33.50573559720913,35.95317126375256
4985,t,117.74611437133201,117.74611437133201
4986,t,117.74611437133201,117.74611437133201
4987,c,28.09158147631784,31.064570028973154
4988,c,52.096344244490375,53.27265472464805
4989,c,32.06252687173037,32.61654811154775
4990,t,117.74611437133201,117.74611437133201
4991,t,117.74611437133201,117.74611437133201
4992,c,14.997037187415227,15.198540241928578
4993,c,117.74611437133201,117.74611437133201
4994,c,27.969796704909555,35.81083692803424
4995,c,53.64076073676132,56.422731806577374
4996,c,5.818107612630325,13.159403460283842
4997,c,117.74611437133201,117.74611437133201
4998,c,117.74611437133201,117.74611437133201
4999,c,29.841063467309223,30.071522917175194
5000,t,117.74611437133201,117.74611437133201
5001,c,117.74611437133201,117.74611437133201
5002,c,117.74611437133201,117.74611437133201
5003,na,0,0.5386464970006513
5004,c,26.90733734982942,30.612837606199452
5005,c,117.74611437133201,117.74611437133201
5006,c,117.74611437133201,117.74611437133201
5007,c,26.799517787829892,29.41510353309512
5008,c,61.917608147928995,69.20180949594334
5009,c,7.959353175418131,14.178323826331479
5010,t,117.74611437133201,117.74611437133201
5011,c,117.74611437133201,117.74611437133201
5012,c,117.74611437133201,117.74611437133201
5013,c,39.781914395403575,55.7297150891685
5014,c,117.74611437133201,117.74611437133201
5015,c,117.74611437133201,117.74611437133201
5016,c,117.74611437133201,117.74611437133201
5017,c,76.52677397178294,80.03237716730459
5018,c,24.21550967792865,45.41936067447248
5019,c,15.231846229864981,16.014143906230956
5020,t,117.74611437133201,117.74611437133201
5021,c,117.74611437133201,117.74611437133201
5022,c,117.74611437133201,117.74611437133201
5023,c,117.74611437133201,117.74611437133201
5024,t,117.74611437133201,117.74611437133201
5025,t,117.74611437133201,117.74611437133201
5026,c,117.74611437133201,117.74611437133201
5027,c,117.74611437133201,117.74611437133201
5028,c,27.231298515036194,117.74611437133201
5029,c,39.939262234802165,117.74611437133201
5030,t,117.74611437133201,117.74611437133201
5031,c,52.79955743463478,57.48895097512024
5032,c,27.428411611723483,30.810625860055566
5033,c,40.10800213977232,42.430541994390914
5034,c,117.74611437133201,117.74611437133201
5035,c,117.74611437133201,117.74611437133201
5036,c,20.480948640827993,25.69120095906145
5037,c,117.74611437133201,117.74611437133201
5038,c,117.74611437133201,117.74611437133201
5039,c,117.74611437133201,117.74611437133201
5040,c,117.74611437133201,117.74611437133201
5041,t,117.74611437133201,117.74611437133201
5042,t,117.74611437133201,117.74611437133201
5043,c,54.50291379299463,56.710264928387105
5044,t,117.74611437133201,117.74611437133201
5045,c,18.328704128476723,19.645812168882756
5046,c,117.74611437133201,117.74611437133201
5047,c,27.801000506083003,34.95515859225521
5048,c,117.74611437133201,117.74611437133201
5049,c,117.74611437133201,117.74611437133201
5050,c,117.74611437133201,117.74611437133201
5051,t,117.74611437133201,117.74611437133201
5052,c,117.74611437133201,117.74611437133201
5053,t,117.74611437133201,117.74611437133201
5054,t,117.74611437133201,117.74611437133201
5055,c,35.532966365492335,40.81118657887145
5056,c,30.788272271318625,36.312992126868124
5057,c,117.74611437133201,117.74611437133201
5058,c,117.74611437133201,117.74611437133201
5059,c,117.74611437133201,117.74611437133201
5060,c,117.74611437133201,117.74611437133201
5061,c,21.93044709085782,27.21829290403715
5062,c,117.74611437133201,117.74611437133201
5063,t,117.74611437133201,117.74611437133201
5064,c,39.29421572847655,41.16363939886515
5065,c,117.74611437133201,117.74611437133201
5066,c,24.112205379883683,117.74611437133201
5067,t,117.74611437133201,117.74611437133201
5068,c,117.74611437133201,117.74611437133201
5069,t,117.74611437133201,117.74611437133201
5070,c,117.74611437133201,117.74611437133201
5071,c,21.8105693842785,23.879111134663823
5072,c,47.52927069252023,49.34335405267345
5073,t,117.74611437133201,117.74611437133201
5074,c,117.74611437133201,117.74611437133201
5075,c,117.74611437133201,117.74611437133201
5076,t,117.74611437133201,117.74611437133201
5077,t,117.74611437133201,117.74611437133201
5078,c,117.74611437133201,117.74611437133201
5079,c,26.918239430920696,28.478257620242886
5080,c,117.74611437133201,117.74611437133201
5081,c,45.87269639817029,46.29323409363077
5082,t,117.74611437133201,117.74611437133201
5083,c,117.74611437133201,117.74611437133201
5084,c,117.74611437133201,117.74611437133201
5085,t,117.74611437133201,117.74611437133201
5086,c,6.281751601528261,14.632121173288713
5087,c,5.7285262621467625,7.458102943834545
5088,c,117.74611437133201,117.74611437133201
5089,c,117.74611437133201,117.74611437133201
5090,t,117.74611437133201,117.74611437133201
5091,c,117.74611437133201,117.74611437133201
5092,c,117.74611437133201,117.74611437133201
5093,t,117.74611437133201,117.74611437133201
5094,c,117.74611437133201,117.74611437133201
5095,t,117.74611437133201,117.74611437133201
5096,c,19.25390887186581,23.515896558476822
5097,c,117.74611437133201,117.74611437133201
5098,t,117.74611437133201,117.74611437133201
5099,c,117.74611437133201,117.74611437133201
5100,c,55.854494534636366,71.34568040695115
5101,c,49.359989392294594,57.045895599268825
5102,t,117.74611437133201,117.74611437133201
5103,c,117.74611437133201,117.74611437133201
5104,c,117.74611437133201,117.74611437133201
5105,c,117.74611437133201,117.74611437133201
5106,c,117.74611437133201,117.74611437133201
5107,c,117.74611437133201,117.74611437133201
5108,c,117.74611437133201,117.74611437133201
5109,c,117.74611437133201,117.74611437133201
5110,c,117.74611437133201,117.74611437133201
5111,c,11.102655461039545,12.329945625017922
5112,c,117.74611437133201,117.74611437133201
5113,c,117.74611437133201,117.74611437133201
5114,c,117.74611437133201,117.74611437133201
5115,c,117.74611437133201,117.74611437133201
5116,c,117.74611437133201,117.74611437133201
5117,c,117.74611437133201,117.74611437133201
5118,c,38.91747104219542,45.76048419843419
5119,c,40.995244778737636,42.64593951102222
5120,c,117.74611437133201,117.74611437133201
5121,c,117.74611437133201,117.74611437133201
5122,c,117.74611437133201,117.74611437133201
5123,c,117.74611437133201,117.74611437133201
5124,c,117.74611437133201,117.74611437133201
5125,c,21.786790408083757,117.74611437133201
5126,c,117.74611437133201,117.74611437133201
5127,c,24.291998415844937,25.58622734679907
5128,c,19.10682682091137,19.157067451728906
5129,na,0.764026048640797,1.1562710473043942
5130,c,42.52420852398148,45.77980114967355
5131,c,117.74611437133201,117.74611437133201
5132,c,25.062309882454496,30.667705101433725
5133,c,35.31953932043709,36.18715393341684
5134,c,117.74611437133201,117.74611437133201
5135,c,117.74611437133201,117.74611437133201
5136,c,41.76831811005251,43.806681380809856
5137,c,117.74611437133201,117.74611437133201
5138,c,13.432251272029758,20.033863712171424
5139,na,0,0.7273950680893645
5140,c,117.74611437133201,117.74611437133201
5141,c,117.74611437133201,117.74611437133201
5142,c,117.74611437133201,117.74611437133201
5143,t,117.74611437133201,117.74611437133201
5144,c,117.74611437133201,117.74611437133201
5145,c,21.17039684069051,117.74611437133201
5146,c,117.74611437133201,117.74611437133201
5147,c,117.74611437133201,117.74611437133201
5148,c,14.025355970973813,20.305708866720455
5149,c,27.51049840972563,31.33276522015078
5150,c,12.287725648455599,13.445505023843168
5151,c,117.74611437133201,117.74611437133201
5152,c,36.1631359006172,36.98650797086145
5153,c,24.645711985230843,26.865040743339623
5154,t,117.74611437133201,117.74611437133201
5155,c,117.74611437133201,117.74611437133201
5156,c,27.919327476341955,29.926545607976607
5157,c,117.74611437133201,117.74611437133201
5158,c,25.12489996467944,28.52728630301877
5159,c,117.74611437133201,117.74611437133201
5160,c,10.969971394418708,12.592778128467705
5161,c,21.46300953591272,23.139888936706964
5162,c,117.74611437133201,117.74611437133201
5163,c,117.74611437133201,117.74611437133201
5164,c,31.774064562591132,34.0049751434159
5165,c,38.360129793525275,38.749243449522304
5166,t,117.74611437133201,117.74611437133201
5167,c,38.0532461005692,43.942694602414555
5168,c,23.521738878459665,24.78792972835072
5169,c,38.32923931868409,41.11493655082936
5170,c,24.423605571513242,32.18218818231881
5171,c,16.16627108978298,16.94207777186647
5172,c,117.74611437133201,117.74611437133201
5173,c,117.74611437133201,117.74611437133201
5174,c,117.74611437133201,117.74611437133201
5175,c,117.74611437133201,117.74611437133201
5176,t,117.74611437133201,117.74611437133201
5177,c,117.74611437133201,117.74611437133201
5178,c,117.74611437133201,117.74611437133201
5179,c,117.74611437133201,117.74611437133201
5180,c,66.11874866316053,66.48275833678257
5181,c,117.74611437133201,117.74611437133201
5182,t,117.74611437133201,117.74611437133201
5183,na,0.7906681450925571,4.676998388039763
5184,t,117.74611437133201,117.74611437133201
5185,t,117.74611437133201,117.74611437133201
5186,c,117.74611437133201,117.74611437133201
5187,c,117.74611437133201,117.74611437133201
5188,c,15.7276605881611,117.74611437133201
5189,t,117.74611437133201,117.74611437133201
5190,c,117.74611437133201,117.74611437133201
5191,c,117.74611437133201,117.74611437133201
5192,c,19.856495247836047,22.572465441216746
5193,c,117.74611437133201,117.74611437133201
5194,c,67.9701897916119,69.10257516524986
5195,t,117.74611437133201,117.74611437133201
5196,c,44.292967232137556,48.165456041094174
5197,c,4.92611545069689,7.029304466817681
5198,c,117.74611437133201,117.74611437133201
5199,t,117.74611437133201,117.74611437133201
5200,t,117.74611437133201,117.74611437133201
5201,t,117.74611437133201,117.74611437133201
5202,t,117.74611437133201,117.74611437133201
5203,c,117.74611437133201,117.74611437133201
5204,c,67.18606272942812,69.42410885640446
5205,c,21.8110352318523,26.976722295097982
5206,c,117.74611437133201,117.74611437133201
5207,c,117.74611437133201,117.74611437133201
5208,c,117.74611437133201,117.74611437133201
5209,t,117.74611437133201,117.74611437133201
5210,t,117.74611437133201,117.74611437133201
5211,c,117.74611437133201,117.74611437133201
5212,t,117.74611437133201,117.74611437133201
5213,c,117.74611437133201,117.74611437133201
5214,c,27.929226390551086,31.0792558024948
5215,c,117.74611437133201,117.74611437133201
5216,c,117.74611437133201,117.74611437133201
5217,c,50.891718081291536,52.21696421934805
5218,t,117.74611437133201,117.74611437133201
5219,t,117.74611437133201,117.74611437133201
5220,t,117.74611437133201,117.74611437133201
5221,c,26.87580693263963,30.39718384370505
5222,t,117.74611437133201,117.74611437133201
5223,c,48.5941365864734,48.830837062904514
5224,c,117.74611437133201,117.74611437133201
5225,c,117.74611437133201,117.74611437133201
5226,c,62.888117864293335,72.63401695332274
5227,na,1.8262875417844082,10.326434666709023
5228,c,49.25259677719589,50.24367140844443
5229,c,39.35751250851635,117.74611437133201
5230,c,27.171368839740513,117.74611437133201
5231,c,13.064146059820622,18.19786777821176
5232,c,117.74611437133201,117.74611437133201
5233,c,117.74611437133201,117.74611437133201
5234,c,117.74611437133201,117.74611437133201
5235,c,20.805964935070932,30.88160071930878
5236,c,117.74611437133201,117.74611437133201
5237,c,5.004750842191911,7.632080198349921
5238,c,13.701510704524017,14.775295994602148
5239,c,117.74611437133201,117.74611437133201
5240,c,49.857596133038676,51.42281261722888
5241,t,117.74611437133201,117.74611437133201
5242,t,117.74611437133201,117.74611437133201
5243,c,37.32684675096687,40.76493029967795
5244,c,28.200259622551158,29.993877888272337
5245,c,117.74611437133201,117.74611437133201
5246,c,6.123861984073836,9.742597796481531
5247,c,39.33536508144099,41.992123684640546
5248,c,2.4739429972574367,6.484346216261845
5249,c,117.74611437133201,117.74611437133201
5250,na,0,1.3763574786068256
5251,c,33.131368804730464,44.221740833568184
5252,c,15.332406693046137,18.10586127628135
5253,c,117.74611437133201,117.74611437133201
5254,t,117.74611437133201,117.74611437133201
5255,c,117.74611437133201,117.74611437133201
5256,c,117.74611437133201,117.74611437133201
5257,c,33.29901080938797,34.44151557053783
5258,c,117.74611437133201,117.74611437133201
5259,t,117.74611437133201,117.74611437133201
5260,c,8.260744829709468,10.4860434856443
5261,t,117.74611437133201,117.74611437133201
5262,c,117.74611437133201,117.74611437133201
5263,c,46.68385098642195,46.918006369867534
5264,t,117.74611437133201,117.74611437133201
5265,c,117.74611437133201,117.74611437133201
5266,t,117.74611437133201,117.74611437133201
5267,na,13.375743819816732,13.408769482599743
5268,c,117.74611437133201,117.74611437133201
5269,c,117.74611437133201,117.74611437133201
5270,c,117.74611437133201,117.74611437133201
5271,c,21.913151891023475,25.906429734258747
5272,c,40.593481474263584,41.97790941256491
5273,c,117.74611437133201,117.74611437133201
5274,c,117.74611437133201,117.74611437133201
5275,c,117.74611437133201,117.74611437133201
5276,t,117.74611437133201,117.74611437133201
5277,t,117.74611437133201,117.74611437133201
5278,c,25.41586750059962,27.639575190622022
5279,c,117.74611437133201,117.74611437133201
5280,c,34.243112287548534,35.02214374985955
5281,c,117.74611437133201,117.74611437133201
5282,c,46.940439463617295,47.19437820566828
5283,c,117.74611437133201,117.74611437133201
5284,c,117.74611437133201,117.74611437133201
5285,c,64.0807678475191,64.10155187960332
5286,c,117.74611437133201,117.74611437133201
5287,c,117.74611437133201,117.74611437133201
5288,c,43.79033563560464,43.9475667680521
5289,c,117.74611437133201,117.74611437133201
5290,c,117.74611437133201,117.74611437133201
5291,c,49.286791665106534,55.35839901909392
5292,c,117.74611437133201,117.74611437133201
5293,c,117.74611437133201,117.74611437133201
5294,c,6.6429505981979755,8.476499501080546
5295,c,100.15147536690806,102.17931537458438
5296,c,117.74611437133201,117.74611437133201
5297,c,17.18214795180448,19.362325681329246
5298,c,53.3208314030393,117.74611437133201
5299,c,117.74611437133201,117.74611437133201
5300,t,117.74611437133201,117.74611437133201
5301,c,117.74611437133201,117.74611437133201
5302,t,117.74611437133201,117.74611437133201
5303,t,117.74611437133201,117.74611437133201
5304,c,27.323504489497868,31.10432555713559
5305,c,117.74611437133201,117.74611437133201
5306,c,29.614895439095854,30.380286692135275
5307,c,31.29790565681404,37.53853955142882
5308,t,117.74611437133201,117.74611437133201
5309,c,20.0759599958619,22.310390557783705
5310,t,117.74611437133201,117.74611437133201
5311,t,117.74611437133201,117.74611437133201
5312,c,8.332604703896832,19.276739251269795
5313,c,117.74611437133201,117.74611437133201
5314,c,40.109265077635385,42.085362529937285
5315,c,117.74611437133201,117.74611437133201
5316,c,20.063707798550148,23.604741455452146
5317,c,117.74611437133201,117.74611437133201
5318,c,117.74611437133201,117.74611437133201
5319,c,117.74611437133201,117.74611437133201
5320,c,117.74611437133201,117.74611437133201
5321,c,21.64075533701419,24.8843762699872
5322,c,22.308480778745817,24.14305229066725
5323,c,34.61512650267491,36.35409843324651
5324,c,41.5612786828966,55.51409030834484
5325,c,117.74611437133201,117.74611437133201
5326,na,-1,0
5327,c,12.72259089328745,15.717065261610886
5328,c,117.74611437133201,117.74611437133201
5329,c,13.721716474332593,20.87823327045483
5330,c,24.012103266778933,28.29375584728392
5331,c,39.56886622681803,41.624349704735025
5332,c,117.74611437133201,117.74611437133201
5333,t,117.74611437133201,117.74611437133201
5334,c,117.74611437133201,117.74611437133201
5335,c,117.74611437133201,117.74611437133201
5336,c,117.74611437133201,117.74611437133201
5337,t,117.74611437133201,117.74611437133201
5338,t,117.74611437133201,117.74611437133201
5339,c,38.99282525303966,40.962294162505046
5340,c,28.964336491601067,32.264592578901286
5341,c,117.74611437133201,117.74611437133201
5342,c,23.120567933321187,26.31631259174989
5343,c,117.74611437133201,117.74611437133201
5344,c,117.74611437133201,117.74611437133201
5345,c,53.786898898594885,55.582071883782156
5346,c,37.210520927451,38.429444119101376
5347,c,27.5976048424142,36.74784849437125
5348,t,117.74611437133201,117.74611437133201
5349,t,117.74611437133201,117.74611437133201
5350,c,117.74611437133201,117.74611437133201
5351,c,117.74611437133201,117.74611437133201
5352,c,28.582809187710296,35.137976179629476
5353,c,34.6912196160632,43.68558749482443
5354,t,117.74611437133201,117.74611437133201
5355,c,117.74611437133201,117.74611437133201
5356,c,117.74611437133201,117.74611437133201
5357,c,117.74611437133201,117.74611437133201
5358,t,117.74611437133201,117.74611437133201
5359,c,117.74611437133201,117.74611437133201
5360,c,18.38932022863837,22.43822140824939
5361,t,117.74611437133201,117.74611437133201
5362,c,117.74611437133201,117.74611437133201
5363,t,117.74611437133201,117.74611437133201
5364,c,117.74611437133201,117.74611437133201
5365,c,117.74611437133201,117.74611437133201
5366,c,117.74611437133201,117.74611437133201
5367,t,117.74611437133201,117.74611437133201
5368,c,24.767969441269265,24.780345298398146
5369,c,10.62813271517478,11.344556753783944
5370,c,117.74611437133201,117.74611437133201
5371,c,23.52785077105005,30.10889144761857
5372,c,117.74611437133201,117.74611437133201
5373,c,22.557359164754697,117.74611437133201
5374,c,32.94064866540078,33.010001083395665
5375,c,22.12954024610868,27.134257153882753
5376,t,117.74611437133201,117.74611437133201
5377,c,117.74611437133201,117.74611437133201
5378,c,117.74611437133201,117.74611437133201
5379,c,11.359060854946206,16.837311258856264
5380,na,0,2.3378147424017808
5381,c,58.35392109890387,117.74611437133201
5382,c,25.287865948064706,25.50397186828285
5383,c,117.74611437133201,117.74611437133201
5384,t,117.74611437133201,117.74611437133201
5385,c,43.89874526581816,44.48623246205094
5386,t,117.74611437133201,117.74611437133201
5387,c,117.74611437133201,117.74611437133201
5388,c,23.265823268753564,26.301284054619558
5389,c,117.74611437133201,117.74611437133201
5390,c,39.31393465817657,45.96314268781668
5391,c,117.74611437133201,117.74611437133201
5392,t,117.74611437133201,117.74611437133201
5393,c,117.74611437133201,117.74611437133201
5394,c,40.143239685151556,43.695655648368245
5395,c,117.74611437133201,117.74611437133201
5396,c,21.97719150015449,28.802820050050325
5397,c,117.74611437133201,117.74611437133201
5398,c,117.74611437133201,117.74611437133201
5399,c,117.74611437133201,117.74611437133201
5400,c,117.74611437133201,117.74611437133201
5401,c,117.74611437133201,117.74611437133201
5402,c,59.66088701660308,66.48689945879403
5403,c,36.27606802171317,37.01581375652999
5404,c,117.74611437133201,117.74611437133201
5405,c,33.73450985541864,38.220569106101685
5406,c,117.74611437133201,117.74611437133201
5407,c,29.095599974298793,30.853857894467634
5408,c,16.027503648320693,16.601959109160244
5409,c,21.090944486943197,22.623218140776896
5410,c,10.664133682885295,21.316363850278368
5411,c,9.350374154446593,16.457671687419097
5412,c,29.108889806444306,30.36284501622252
5413,c,117.74611437133201,117.74611437133201
5414,na,5.75557816590323,117.74611437133201
5415,t,117.74611437133201,117.74611437133201
5416,t,117.74611437133201,117.74611437133201
5417,t,117.74611437133201,117.74611437133201
5418,c,117.74611437133201,117.74611437133201
5419,c,117.74611437133201,117.74611437133201
5420,c,28.170076506097033,29.01961185029896
5421,c,117.74611437133201,117.74611437133201
5422,c,25.194255651626126,39.362069060745405
5423,c,117.74611437133201,117.74611437133201
5424,c,45.382000018833374,54.804878328243355
5425,t,117.74611437133201,117.74611437133201
5426,c,117.74611437133201,117.74611437133201
5427,c,117.74611437133201,117.74611437133201
5428,c,117.74611437133201,117.74611437133201
5429,c,117.74611437133201,117.74611437133201
5430,c,44.993931433817,55.303345957616166
5431,t,117.74611437133201,117.74611437133201
5432,c,117.74611437133201,117.74611437133201
5433,c,117.74611437133201,117.74611437133201
5434,c,117.74611437133201,117.74611437133201
5435,c,22.97134569147804,25.815583479481397
5436,c,117.74611437133201,117.74611437133201
5437,c,20.63287435382504,36.348513403218554
5438,c,117.74611437133201,117.74611437133201
5439,c,117.74611437133201,117.74611437133201
5440,c,31.53033009831683,33.38777667232493
5441,c,117.74611437133201,117.74611437133201
5442,c,13.832542323771676,15.564693336410121
5443,t,117.74611437133201,117.74611437133201
5444,c,117.74611437133201,117.74611437133201
5445,t,117.74611437133201,117.74611437133201
5446,c,48.32150279017374,50.358738392529915
5447,t,117.74611437133201,117.74611437133201
5448,c,117.74611437133201,117.74611437133201
5449,c,5.867381216805415,7.0608885161928745
5450,c,12.101419879674713,117.74611437133201
5451,c,117.74611437133201,117.74611437133201
5452,t,117.74611437133201,117.74611437133201
5453,c,117.74611437133201,117.74611437133201
5454,c,117.74611437133201,117.74611437133201
5455,c,117.74611437133201,117.74611437133201
5456,c,117.74611437133201,117.74611437133201
5457,t,117.74611437133201,117.74611437133201
5458,c,10.809673078935141,23.480507498790313
5459,t,117.74611437133201,117.74611437133201
5460,c,117.74611437133201,117.74611437133201
5461,t,117.74611437133201,117.74611437133201
5462,c,117.74611437133201,117.74611437133201
5463,c,40.28148553475887,42.71249087103299
5464,c,117.74611437133201,117.74611437133201
5465,t,117.74611437133201,117.74611437133201
5466,t,117.74611437133201,117.74611437133201
5467,c,117.74611437133201,117.74611437133201
5468,c,43.32001435903109,117.74611437133201
5469,c,32.24979964172495,32.555288144481224
5470,c,45.16185451982763,47.51075805361571
5471,t,117.74611437133201,117.74611437133201
5472,c,117.74611437133201,117.74611437133201
5473,c,16.73161873091565,30.1942054259237
5474,c,117.74611437133201,117.74611437133201
5475,t,117.74611437133201,117.74611437133201
5476,c,117.74611437133201,117.74611437133201
5477,c,33.63086227612469,38.04917442784418
5478,c,20.253934621251773,22.128961960357557
5479,c,49.9519980499265,67.42922849678149
5480,c,11.180642793838496,29.441058070073
5481,c,117.74611437133201,117.74611437133201
5482,c,117.74611437133201,117.74611437133201
5483,c,117.74611437133201,117.74611437133201
5484,c,19.097715236539155,21.673759699699506
5485,c,117.74611437133201,117.74611437133201
5486,c,24.24517845311112,24.41063630206603
5487,c,117.74611437133201,117.74611437133201
5488,c,117.74611437133201,117.74611437133201
5489,c,117.74611437133201,117.74611437133201
5490,c,29.325794111135995,29.59237634856609
5491,c,117.74611437133201,117.74611437133201
5492,t,117.74611437133201,117.74611437133201
5493,c,41.01907188000895,41.73714643235746
5494,c,48.77166172251833,53.18832286887086
5495,c,84.39077005139418,89.55890594263644
5496,c,117.74611437133201,117.74611437133201
5497,t,117.74611437133201,117.74611437133201
5498,c,94.2122043535423,99.9992102326247
5499,c,77.76068097338486,80.03066427939869
5500,t,117.74611437133201,117.74611437133201
5501,c,117.74611437133201,117.74611437133201
5502,t,117.74611437133201,117.74611437133201
5503,t,117.74611437133201,117.74611437133201
5504,c,9.224373403538927,10.009416253825067
5505,c,42.95071027594054,47.15870701767823
5506,t,117.74611437133201,117.74611437133201
5507,t,117.74611437133201,117.74611437133201
5508,t,117.74611437133201,117.74611437133201
5509,c,117.74611437133201,117.74611437133201
5510,t,117.74611437133201,117.74611437133201
5511,c,117.74611437133201,117.74611437133201
5512,t,117.74611437133201,117.74611437133201
5513,t,117.74611437133201,117.74611437133201
5514,t,117.74611437133201,117.74611437133201
5515,c,117.74611437133201,117.74611437133201
5516,c,33.50583662869488,41.29902163610753
5517,c,117.74611437133201,117.74611437133201
5518,na,7.690473634077694,15.012004005996362
5519,c,117.74611437133201,117.74611437133201
5520,t,117.74611437133201,117.74611437133201
5521,t,117.74611437133201,117.74611437133201
5522,c,117.74611437133201,117.74611437133201
5523,c,17.440641714195188,25.797101774553706
5524,c,41.679849798725385,47.85005276028705
5525,c,117.74611437133201,117.74611437133201
5526,c,28.70735876166772,30.827472150869813
5527,c,27.389259902332125,34.01568130844993
5528,c,46.36728385996461,48.73374140617743
5529,t,117.74611437133201,117.74611437133201
5530,c,17.282816477462205,29.911538596490868
5531,c,24.734168424026723,43.97499436692373
5532,t,117.74611437133201,117.74611437133201
5533,c,23.38330119290064,32.36725727537783
5534,t,117.74611437133201,117.74611437133201
5535,c,117.74611437133201,117.74611437133201
5536,t,117.74611437133201,117.74611437133201
5537,t,117.74611437133201,117.74611437133201
5538,c,33.292292639590706,44.08855791703229
5539,c,117.74611437133201,117.74611437133201
5540,c,117.74611437133201,117.74611437133201
5541,c,117.74611437133201,117.74611437133201
5542,c,40.535324508652316,43.337954362242186
5543,c,51.94178242274685,59.8056973622082
5544,c,117.74611437133201,117.74611437133201
5545,c,117.74611437133201,117.74611437133201
5546,c,28.983629121871004,32.63671696506787
5547,t,117.74611437133201,117.74611437133201
5548,c,117.74611437133201,117.74611437133201
5549,c,45.35922105315181,47.161229215952446
5550,c,117.74611437133201,117.74611437133201
5551,c,117.74611437133201,117.74611437133201
5552,t,117.74611437133201,117.74611437133201
5553,c,117.74611437133201,117.74611437133201
5554,c,32.21086212678986,34.37947594903027
5555,c,117.74611437133201,117.74611437133201
5556,c,117.74611437133201,117.74611437133201
5557,c,117.74611437133201,117.74611437133201
5558,c,117.74611437133201,117.74611437133201
5559,t,117.74611437133201,117.74611437133201
5560,c,117.74611437133201,117.74611437133201
5561,c,117.74611437133201,117.74611437133201
5562,t,117.74611437133201,117.74611437133201
5563,c,117.74611437133201,117.74611437133201
5564,t,117.74611437133201,117.74611437133201
5565,t,117.74611437133201,117.74611437133201
5566,c,18.451646050972684,18.53968497616833
5567,t,117.74611437133201,117.74611437133201
5568,c,117.74611437133201,117.74611437133201
5569,t,117.74611437133201,117.74611437133201
5570,c,13.602368198157222,17.378715296090743
5571,c,117.74611437133201,117.74611437133201
5572,c,117.74611437133201,117.74611437133201
5573,c,117.74611437133201,117.74611437133201
5574,c,117.74611437133201,117.74611437133201
5575,c,46.824849400199234,59.601707157831704
5576,c,117.74611437133201,117.74611437133201
5577,c,11.657863821314702,12.651212826594204
5578,c,117.74611437133201,117.74611437133201
5579,c,26.498758531275772,31.17517315049231
5580,c,117.74611437133201,117.74611437133201
5581,c,22.547945753411007,23.71543512744713
5582,t,117.74611437133201,117.74611437133201
5583,c,117.74611437133201,117.74611437133201
5584,na,7.889810374530442,15.772438601773821
5585,t,117.74611437133201,117.74611437133201
5586,c,26.955813092030898,117.74611437133201
5587,c,117.74611437133201,117.74611437133201
5588,c,117.74611437133201,117.74611437133201
5589,c,17.648848066768743,26.811992768061312
5590,c,117.74611437133201,117.74611437133201
5591,c,117.74611437133201,117.74611437133201
5592,t,117.74611437133201,117.74611437133201
5593,c,117.74611437133201,117.74611437133201
5594,t,117.74611437133201,117.74611437133201
5595,c,51.051674369616634,53.44307775566304
5596,c,28.04935714916892,32.30901322677503
5597,c,38.914264867507725,53.7582194010901
5598,c,117.74611437133201,117.74611437133201
5599,c,117.74611437133201,117.74611437133201
5600,c,46.4160237501087,47.04134583178058
5601,c,117.74611437133201,117.74611437133201
5602,c,33.98635611138777,35.17724246920103
5603,c,117.74611437133201,117.74611437133201
5604,t,117.74611437133201,117.74611437133201
5605,c,28.894436699788216,29.273510049396922
5606,c,117.74611437133201,117.74611437133201
5607,c,117.74611437133201,117.74611437133201
5608,c,117.74611437133201,117.74611437133201
5609,c,26.00568356456796,27.02377515202142
5610,c,31.936946383351387,32.43141836986849
5611,c,117.74611437133201,117.74611437133201
5612,c,117.74611437133201,117.74611437133201
5613,t,117.74611437133201,117.74611437133201
5614,c,17.772850547241497,19.86993744428287
5615,c,15.520678789883691,117.74611437133201
5616,c,106.20563575042743,107.27416800033338
5617,c,16.06193063906419,17.979027504870984
5618,c,117.74611437133201,117.74611437133201
5619,c,117.74611437133201,117.74611437133201
5620,c,29.988418866414555,43.32667344910719
5621,c,117.74611437133201,117.74611437133201
5622,c,117.74611437133201,117.74611437133201
5623,t,117.74611437133201,117.74611437133201
5624,c,20.28843100088032,23.37747430189251
5625,c,117.74611437133201,117.74611437133201
5626,c,117.74611437133201,117.74611437133201
5627,c,31.37215295134326,40.66346587883016
5628,c,24.54124938894008,27.695543948578177
5629,c,117.74611437133201,117.74611437133201
5630,c,117.74611437133201,117.74611437133201
5631,c,7.6389391934530115,8.08747426797426
5632,c,33.25399697015665,117.74611437133201
5633,c,117.74611437133201,117.74611437133201
5634,c,45.423368341902346,55.26852257107004
5635,c,117.74611437133201,117.74611437133201
5636,c,9.228972816499912,25.938124059162437
5637,c,117.74611437133201,117.74611437133201
5638,c,34.298628290228166,41.67084243883761
5639,c,117.74611437133201,117.74611437133201
5640,c,117.74611437133201,117.74611437133201
5641,c,57.62759704897335,58.54997853965948
5642,c,37.08151259028037,38.18573120747502
5643,c,117.74611437133201,117.74611437133201
5644,t,117.74611437133201,117.74611437133201
5645,c,117.74611437133201,117.74611437133201
5646,t,117.74611437133201,117.74611437133201
5647,c,19.63134294820441,23.581836462167914
5648,t,117.74611437133201,117.74611437133201
5649,c,117.74611437133201,117.74611437133201
5650,c,24.675648225634486,30.006034381496672
5651,t,117.74611437133201,117.74611437133201
5652,na,0,0.01779800183981482
5653,c,117.74611437133201,117.74611437133201
5654,c,51.772397648513255,55.408723610677804
5655,t,117.74611437133201,117.74611437133201
5656,t,117.74611437133201,117.74611437133201
5657,t,117.74611437133201,117.74611437133201
5658,t,117.74611437133201,117.74611437133201
5659,c,117.74611437133201,117.74611437133201
5660,t,117.74611437133201,117.74611437133201
5661,c,117.74611437133201,117.74611437133201
5662,c,117.74611437133201,117.74611437133201
5663,c,117.74611437133201,117.74611437133201
5664,c,117.74611437133201,117.74611437133201
5665,c,29.699388533616748,32.18647039717636
5666,t,117.74611437133201,117.74611437133201
5667,t,117.74611437133201,117.74611437133201
5668,c,23.40686577096282,29.837245845892546
5669,t,117.74611437133201,117.74611437133201
5670,c,117.74611437133201,117.74611437133201
5671,t,117.74611437133201,117.74611437133201
5672,t,117.74611437133201,117.74611437133201
5673,c,30.21621111334406,30.651397944569275
5674,na,4.393178800294673,10.213256938301203
5675,c,20.43158881963679,22.70621329442277
5676,c,117.74611437133201,117.74611437133201
5677,c,30.91050414705382,31.21724831605939
5678,t,117.74611437133201,117.74611437133201
5679,c,117.74611437133201,117.74611437133201
5680,c,117.74611437133201,117.74611437133201
5681,c,117.74611437133201,117.74611437133201
5682,c,117.74611437133201,117.74611437133201
5683,t,117.74611437133201,117.74611437133201
5684,c,55.49603880534253,55.5521906950308
5685,c,24.101349010753548,26.57611541724844
5686,c,17.057251137169427,117.74611437133201
5687,c,14.411291526441348,17.965497543141108
5688,c,117.74611437133201,117.74611437133201
5689,c,36.58498346461869,117.74611437133201
5690,t,117.74611437133201,117.74611437133201
5691,t,117.74611437133201,117.74611437133201
5692,c,28.96330678742012,40.09009004953175
5693,c,117.74611437133201,117.74611437133201
5694,c,29.864063151491205,117.74611437133201
5695,c,117.74611437133201,117.74611437133201
5696,c,117.74611437133201,117.74611437133201
5697,t,117.74611437133201,117.74611437133201
5698,c,117.74611437133201,117.74611437133201
5699,t,117.74611437133201,117.74611437133201
5700,c,117.74611437133201,117.74611437133201
5701,t,117.74611437133201,117.74611437133201
5702,c,117.74611437133201,117.74611437133201
5703,c,14.962800459025916,15.469152356407012
5704,t,117.74611437133201,117.74611437133201
5705,c,117.74611437133201,117.74611437133201
5706,c,117.74611437133201,117.74611437133201
5707,c,117.74611437133201,117.74611437133201
5708,c,117.74611437133201,117.74611437133201
5709,t,117.74611437133201,117.74611437133201
5710,c,117.74611437133201,117.74611437133201
5711,c,18.37963457689285,19.164809790748688
5712,c,117.74611437133201,117.74611437133201
5713,c,117.74611437133201,117.74611437133201
5714,c,117.74611437133201,117.74611437133201
5715,c,11.703681247677483,14.943717732129794
5716,t,117.74611437133201,117.74611437133201
5717,c,117.74611437133201,117.74611437133201
5718,c,48.91388950313172,58.60318127579742
5719,c,14.751891248213889,17.086825594955563
5720,c,117.74611437133201,117.74611437133201
5721,c,117.74611437133201,117.74611437133201
5722,c,117.74611437133201,117.74611437133201
5723,c,117.74611437133201,117.74611437133201
5724,c,117.74611437133201,117.74611437133201
5725,c,117.74611437133201,117.74611437133201
5726,t,117.74611437133201,117.74611437133201
5727,t,117.74611437133201,117.74611437133201
5728,t,117.74611437133201,117.74611437133201
5729,c,117.74611437133201,117.74611437133201
5730,c,117.74611437133201,117.74611437133201
5731,t,117.74611437133201,117.74611437133201
5732,c,23.524504597348432,23.601829339995984
5733,c,29.12679597225322,40.64322226665935
5734,c,22.876514483783556,117.74611437133201
5735,c,36.67235849331734,44.46341219993956
5736,c,27.90794567998639,30.507894660330606
5737,c,117.74611437133201,117.74611437133201
5738,c,117.74611437133201,117.74611437133201
5739,c,63.01386922215393,64.70608722079434
5740,t,117.74611437133201,117.74611437133201
5741,c,117.74611437133201,117.74611437133201
5742,c,117.74611437133201,117.74611437133201
5743,c,51.748259073790415,117.74611437133201
5744,na,0,1.5746013447910887
5745,t,117.74611437133201,117.74611437133201
5746,c,117.74611437133201,117.74611437133201
5747,c,14.248553554135396,18.66444267549545
5748,c,22.471135837498704,23.277127701504824
5749,c,37.38108009026809,43.79088950414376
5750,c,117.74611437133201,117.74611437133201
5751,c,37.713374482054824,48.32794090793289
5752,t,117.74611437133201,117.74611437133201
5753,c,117.74611437133201,117.74611437133201
5754,t,117.74611437133201,117.74611437133201
5755,c,117.74611437133201,117.74611437133201
5756,c,31.41272997290708,31.54787271129263
5757,c,117.74611437133201,117.74611437133201
5758,c,117.74611437133201,117.74611437133201
5759,c,31.99295870252195,32.43780241700895
5760,c,43.91790679570249,47.715291724067875
5761,c,59.623024049474566,66.77267245244121
5762,c,30.75678827305498,38.79481559569864
5763,t,117.74611437133201,117.74611437133201
5764,c,117.74611437133201,117.74611437133201
5765,c,14.56297069132691,17.12314439320078
5766,c,117.74611437133201,117.74611437133201
5767,c,117.74611437133201,117.74611437133201
5768,t,117.74611437133201,117.74611437133201
5769,c,37.49052762904073,40.41935594652195
5770,t,117.74611437133201,117.74611437133201
5771,c,35.11793798865611,38.05230287570093
5772,c,117.74611437133201,117.74611437133201
5773,c,117.74611437133201,117.74611437133201
5774,c,117.74611437133201,117.74611437133201
5775,t,117.74611437133201,117.74611437133201
5776,c,117.74611437133201,117.74611437133201
5777,c,117.74611437133201,117.74611437133201
5778,c,45.0738840856988,48.28125082557196
5779,c,117.74611437133201,117.74611437133201
5780,t,117.74611437133201,117.74611437133201
5781,t,117.74611437133201,117.74611437133201
5782,c,117.74611437133201,117.74611437133201
5783,c,117.74611437133201,117.74611437133201
5784,c,117.74611437133201,117.74611437133201
5785,t,117.74611437133201,117.74611437133201
5786,c,55.94301013883234,56.07151320212599
5787,t,117.74611437133201,117.74611437133201
5788,c,117.74611437133201,117.74611437133201
5789,c,13.746837162228797,17.56901656738557
5790,c,117.74611437133201,117.74611437133201
5791,na,1.9638021342431087,5.547047507614025
5792,c,117.74611437133201,117.74611437133201
5793,t,117.74611437133201,117.74611437133201
5794,c,8.251779434852276,11.466161439076947
5795,c,117.74611437133201,117.74611437133201
5796,c,90.44867580845991,96.16696362012546
5797,t,117.74611437133201,117.74611437133201
5798,t,117.74611437133201,117.74611437133201
5799,c,117.74611437133201,117.74611437133201
5800,c,117.74611437133201,117.74611437133201
5801,c,117.74611437133201,117.74611437133201
5802,c,30.92720174065908,34.3723290239091
5803,t,117.74611437133201,117.74611437133201
5804,c,15.666245378568723,18.51671318751929
5805,c,117.74611437133201,117.74611437133201
5806,c,117.74611437133201,117.74611437133201
5807,c,117.74611437133201,117.74611437133201
5808,c,117.74611437133201,117.74611437133201
5809,c,29.543181832999153,32.67108122274385
5810,na,13.189734845872348,16.215451473563814
5811,c,117.74611437133201,117.74611437133201
5812,t,117.74611437133201,117.74611437133201
5813,c,35.27295346690409,36.315529582243
5814,t,117.74611437133201,117.74611437133201
5815,c,117.74611437133201,117.74611437133201
5816,c,117.74611437133201,117.74611437133201
5817,c,23.545476401157625,29.334993748530835
5818,c,117.74611437133201,117.74611437133201
5819,t,117.74611437133201,117.74611437133201
5820,t,117.74611437133201,117.74611437133201
5821,c,48.69854532706523,50.53999109899258
5822,c,117.74611437133201,117.74611437133201
5823,c,30.308398151568564,30.61335578199279
5824,c,14.13821539760599,117.74611437133201
5825,c,117.74611437133201,117.74611437133201
5826,t,117.74611437133201,117.74611437133201
5827,t,117.74611437133201,117.74611437133201
5828,c,117.74611437133201,117.74611437133201
5829,c,117.74611437133201,117.74611437133201
5830,c,117.74611437133201,117.74611437133201
5831,c,117.74611437133201,117.74611437133201
5832,c,117.74611437133201,117.74611437133201
5833,t,117.74611437133201,117.74611437133201
5834,t,117.74611437133201,117.74611437133201
5835,t,117.74611437133201,117.74611437133201
5836,t,117.74611437133201,117.74611437133201
5837,c,117.74611437133201,117.74611437133201
5838,t,117.74611437133201,117.74611437133201
5839,c,117.74611437133201,117.74611437133201
5840,na,1.9359472755382685,9.467618276769596
5841,t,117.74611437133201,117.74611437133201
5842,c,117.74611437133201,117.74611437133201
5843,c,7.413539590791884,23.729666460686218
5844,c,117.74611437133201,117.74611437133201
5845,c,117.74611437133201,117.74611437133201
5846,na,2.112472368998646,4.261475065162849
5847,t,117.74611437133201,117.74611437133201
5848,c,62.76305756475316,64.21810160753519
5849,c,117.74611437133201,117.74611437133201
5850,c,24.853561846462227,28.472069930778428
5851,c,117.74611437133201,117.74611437133201
5852,t,117.74611437133201,117.74611437133201
5853,c,28.723399474472274,30.48732754991707
5854,c,117.74611437133201,117.74611437133201
5855,t,117.74611437133201,117.74611437133201
5856,na,8.376181938699316,117.74611437133201
5857,c,37.19892252912794,42.847366611400176
5858,c,30.195054782055003,31.751405979582696
5859,c,36.50306470441385,37.957590842351934
5860,c,10.525014902029097,11.753779682998035
5861,c,56.776170437350096,61.10983194484244
5862,t,117.74611437133201,117.74611437133201
5863,t,117.74611437133201,117.74611437133201
5864,c,117.74611437133201,117.74611437133201
5865,c,44.157472549897406,46.130632058893276
5866,c,40.46942027731082,40.969258601873555
5867,c,32.87620554488439,34.19953637744468
5868,c,117.74611437133201,117.74611437133201
5869,c,117.74611437133201,117.74611437133201
5870,c,117.74611437133201,117.74611437133201
5871,c,117.74611437133201,117.74611437133201
5872,c,117.74611437133201,117.74611437133201
5873,c,117.74611437133201,117.74611437133201
5874,c,117.74611437133201,117.74611437133201
5875,t,117.74611437133201,117.74611437133201
5876,c,117.74611437133201,117.74611437133201
5877,c,117.74611437133201,117.74611437133201
5878,c,26.59051630294008,29.325322785889096
5879,t,117.74611437133201,117.74611437133201
5880,c,117.74611437133201,117.74611437133201
5881,c,36.697976992455686,41.40499626427122
5882,c,19.88778562706324,20.15035189420215
5883,c,117.74611437133201,117.74611437133201
5884,c,20.274215068636824,30.107852828981745
5885,c,34.18663547653709,43.59572809497663
5886,c,117.74611437133201,117.74611437133201
5887,c,117.74611437133201,117.74611437133201
5888,t,117.74611437133201,117.74611437133201
5889,c,117.74611437133201,117.74611437133201
5890,c,7.179719887516006,7.341125630428029
5891,c,117.74611437133201,117.74611437133201
5892,na,9.474623881711887,11.13329817621472
5893,c,34.046299455733575,39.1720483062266
5894,c,117.74611437133201,117.74611437133201
5895,c,117.74611437133201,117.74611437133201
5896,c,45.70893328380399,65.50330399640109
5897,c,117.74611437133201,117.74611437133201
5898,c,117.74611437133201,117.74611437133201
5899,c,117.74611437133201,117.74611437133201
5900,t,117.74611437133201,117.74611437133201
5901,c,117.74611437133201,117.74611437133201
5902,c,30.00641029070281,31.83861686845793
5903,t,117.74611437133201,117.74611437133201
5904,c,18.02851251730582,21.815118359889514
5905,c,17.38133347771553,19.69851172088812
5906,c,117.74611437133201,117.74611437133201
5907,t,117.74611437133201,117.74611437133201
5908,t,117.74611437133201,117.74611437133201
5909,c,117.74611437133201,117.74611437133201
5910,t,117.74611437133201,117.74611437133201
5911,c,117.74611437133201,117.74611437133201
5912,c,30.215463035936853,37.86960080001687
5913,c,117.74611437133201,117.74611437133201
5914,c,39.28297144832659,57.57054345552194
5915,c,117.74611437133201,117.74611437133201
5916,c,65.03973732153784,72.64858404538015
5917,c,117.74611437133201,117.74611437133201
5918,t,117.74611437133201,117.74611437133201
5919,na,2.467151724365359,5.329293265526726
5920,c,117.74611437133201,117.74611437133201
5921,c,117.74611437133201,117.74611437133201
5922,c,117.74611437133201,117.74611437133201
5923,c,117.74611437133201,117.74611437133201
5924,c,12.478229426289959,13.030170600538
5925,c,38.88543483048246,55.90257616046564
5926,t,117.74611437133201,117.74611437133201
5927,c,117.74611437133201,117.74611437133201
5928,c,117.74611437133201,117.74611437133201
5929,c,25.982149400770023,35.86560586854951
5930,c,23.70769530313625,30.9424395312861
5931,c,117.74611437133201,117.74611437133201
5932,c,117.74611437133201,117.74611437133201
5933,c,117.74611437133201,117.74611437133201
5934,c,117.74611437133201,117.74611437133201
5935,t,117.74611437133201,117.74611437133201
5936,t,117.74611437133201,117.74611437133201
5937,c,22.215900805407696,24.01986287246846
5938,c,117.74611437133201,117.74611437133201
5939,c,117.74611437133201,117.74611437133201
5940,c,15.13007266976235,18.28567130350006
5941,t,117.74611437133201,117.74611437133201
5942,c,64.70495648214812,65.94788077410001
5943,c,117.74611437133201,117.74611437133201
5944,c,117.74611437133201,117.74611437133201
5945,c,117.74611437133201,117.74611437133201
5946,c,117.74611437133201,117.74611437133201
5947,c,39.05324804048259,44.16431401022525
5948,t,117.74611437133201,117.74611437133201
5949,c,117.74611437133201,117.74611437133201
5950,c,16.207945265455457,16.534188728250065
5951,t,117.74611437133201,117.74611437133201
5952,c,60.59129760618912,66.35473362384367
5953,c,117.74611437133201,117.74611437133201
5954,c,74.5769065470996,82.107630930343
5955,c,35.219113428145924,35.356038336105705
5956,c,15.949473739312976,24.394601745951004
5957,c,117.74611437133201,117.74611437133201
5958,c,117.74611437133201,117.74611437133201
5959,c,117.74611437133201,117.74611437133201
5960,t,117.74611437133201,117.74611437133201
5961,t,117.74611437133201,117.74611437133201
5962,c,50.795492188261555,54.69801902961035
5963,c,117.74611437133201,117.74611437133201
5964,c,47.12875718817021,47.30978667019641
5965,c,117.74611437133201,117.74611437133201
5966,c,34.929642584325116,37.520408688774666
5967,c,117.74611437133201,117.74611437133201
5968,c,38.27779903049569,41.267123683908785
5969,c,117.74611437133201,117.74611437133201
5970,t,117.74611437133201,117.74611437133201
5971,c,117.74611437133201,117.74611437133201
5972,c,25.853131432046116,26.04594549047895
5973,t,117.74611437133201,117.74611437133201
5974,c,38.91898222580485,40.87050131317808
5975,c,117.74611437133201,117.74611437133201
5976,c,30.59146403288682,35.634701919225044
5977,t,117.74611437133201,117.74611437133201
5978,c,117.74611437133201,117.74611437133201
5979,t,117.74611437133201,117.74611437133201
5980,c,53.667787059732625,54.35174917269603
5981,c,117.74611437133201,117.74611437133201
5982,c,117.74611437133201,117.74611437133201
5983,c,117.74611437133201,117.74611437133201
5984,c,117.74611437133201,117.74611437133201
5985,c,117.74611437133201,117.74611437133201
5986,c,117.74611437133201,117.74611437133201
5987,t,117.74611437133201,117.74611437133201
5988,c,117.74611437133201,117.74611437133201
5989,t,117.74611437133201,117.74611437133201
5990,t,117.74611437133201,117.74611437133201
5991,c,117.74611437133201,117.74611437133201
5992,t,117.74611437133201,117.74611437133201
5993,c,60.99113129593221,63.693185796682904
5994,c,117.74611437133201,117.74611437133201
5995,c,117.74611437133201,117.74611437133201
5996,t,117.74611437133201,117.74611437133201
5997,c,117.74611437133201,117.74611437133201
5998,c,117.74611437133201,117.74611437133201
5999,c,117.74611437133201,117.74611437133201
6000,c,26.672486234771192,26.76226385003214
6001,t,117.74611437133201,117.74611437133201
6002,t,117.74611437133201,117.74611437133201
6003,t,117.74611437133201,117.74611437133201
6004,c,117.74611437133201,117.74611437133201
6005,c,117.74611437133201,117.74611437133201
6006,c,117.74611437133201,117.74611437133201
6007,c,18.794572604126003,18.863468817530723
6008,c,117.74611437133201,117.74611437133201
6009,c,34.14629953538164,34.79955419737687
6010,c,117.74611437133201,117.74611437133201
6011,c,24.379081496234946,117.74611437133201
6012,c,117.74611437133201,117.74611437133201
6013,c,117.74611437133201,117.74611437133201
6014,c,117.74611437133201,117.74611437133201
6015,c,117.74611437133201,117.74611437133201
6016,c,51.008333814932506,59.09342405582054
6017,c,17.88449121371257,18.21648349690169
6018,c,17.753708748368314,22.614639484052162
6019,c,46.65969655200425,49.09467785396856
6020,c,117.74611437133201,117.74611437133201
6021,c,24.181610719094767,30.965850109268153
6022,c,21.741436776477006,23.859577845077425
6023,c,117.74611437133201,117.74611437133201
6024,c,117.74611437133201,117.74611437133201
6025,c,117.74611437133201,117.74611437133201
6026,c,117.74611437133201,117.74611437133201
6027,c,29.15993669289448,30.030041676210207
6028,c,117.74611437133201,117.74611437133201
6029,c,117.74611437133201,117.74611437133201
6030,t,117.74611437133201,117.74611437133201
6031,t,117.74611437133201,117.74611437133201
6032,c,117.74611437133201,117.74611437133201
6033,c,117.74611437133201,117.74611437133201
6034,c,117.74611437133201,117.74611437133201
6035,c,24.892796702690386,27.733645990166668
6036,c,117.74611437133201,117.74611437133201
6037,t,117.74611437133201,117.74611437133201
6038,c,117.74611437133201,117.74611437133201
6039,t,117.74611437133201,117.74611437133201
6040,c,117.74611437133201,117.74611437133201
6041,t,117.74611437133201,117.74611437133201
6042,c,117.74611437133201,117.74611437133201
6043,t,117.74611437133201,117.74611437133201
6044,c,30.44266900411185,38.6603494884875
6045,t,117.74611437133201,117.74611437133201
6046,c,2.810481902761381,3.2538744114823417
6047,c,117.74611437133201,117.74611437133201
6048,c,19.065976399988358,20.516948106167153
6049,c,19.058906649361898,19.107557731106322
6050,c,32.855756641170615,33.28233594906456
6051,c,117.74611437133201,117.74611437133201
6052,c,117.74611437133201,117.74611437133201
6053,t,117.74611437133201,117.74611437133201
6054,c,117.74611437133201,117.74611437133201
6055,c,117.74611437133201,117.74611437133201
6056,c,58.51802161406515,58.68479086055953
6057,c,24.55054104556327,27.066881470571623
6058,c,117.74611437133201,117.74611437133201
6059,c,117.74611437133201,117.74611437133201
6060,c,75.70901273851793,76.51266397761927
6061,c,117.74611437133201,117.74611437133201
6062,c,117.74611437133201,117.74611437133201
6063,c,117.74611437133201,117.74611437133201
6064,c,117.74611437133201,117.74611437133201
6065,c,44.947885536365234,46.77735426515859
6066,c,21.590789792826513,27.626655834653192
6067,c,21.98650814201344,24.04856938011847
6068,t,117.74611437133201,117.74611437133201
6069,c,117.74611437133201,117.74611437133201
6070,c,23.05245784107208,23.54086176939482
6071,c,34.000655038309745,117.74611437133201
6072,c,117.74611437133201,117.74611437133201
6073,t,117.74611437133201,117.74611437133201
6074,c,8.629209515742158,18.376567791649144
6075,c,10.409637391555442,12.53936995332483
6076,c,117.74611437133201,117.74611437133201
6077,c,110.79835603213972,115.71271802814778
6078,c,35.45390996138182,39.00425066983014
6079,c,97.56776507239061,100.53036419788327
6080,c,117.74611437133201,117.74611437133201
6081,c,117.74611437133201,117.74611437133201
6082,c,36.57008999144101,40.48262143779705
6083,c,43.60469198261541,44.88445220961381
6084,c,1.1102718371822338,25.922953079623515
6085,c,31.749063348871346,38.73857249717521
6086,c,117.74611437133201,117.74611437133201
6087,c,117.74611437133201,117.74611437133201
6088,c,21.288761098390566,28.38580433056709
6089,c,20.812494297145882,24.26945605395628
6090,c,2.186916780048505,5.698879770443919
6091,t,117.74611437133201,117.74611437133201
6092,c,70.89595233970127,74.30060463477442
6093,c,117.74611437133201,117.74611437133201
6094,c,117.74611437133201,117.74611437133201
6095,c,117.74611437133201,117.74611437133201
6096,c,44.02715484124004,45.77439670193259
6097,c,117.74611437133201,117.74611437133201
6098,c,117.74611437133201,117.74611437133201
6099,c,117.74611437133201,117.74611437133201
6100,c,117.74611437133201,117.74611437133201
6101,c,117.74611437133201,117.74611437133201
6102,c,45.04382788581886,46.46376979258236
6103,c,117.74611437133201,117.74611437133201
6104,c,25.46081262886163,29.164769627824636
6105,na,0,3.9031068286860835
6106,c,59.213218865225215,63.18410791021698
6107,t,117.74611437133201,117.74611437133201
6108,c,32.40201647194431,35.63140776677024
6109,na,0,1.3640710155214528
6110,c,117.74611437133201,117.74611437133201
6111,c,117.74611437133201,117.74611437133201
6112,c,18.718726482430572,19.915461851155293
6113,c,117.74611437133201,117.74611437133201
6114,c,117.74611437133201,117.74611437133201
6115,c,117.74611437133201,117.74611437133201
6116,c,47.524967070701884,55.22481847480504
6117,c,117.74611437133201,117.74611437133201
6118,c,117.74611437133201,117.74611437133201
6119,c,27.16981457350292,30.699223692933238
6120,c,27.696851204406276,117.74611437133201
6121,na,1.3073301621148432,4.456122228773475
6122,c,117.74611437133201,117.74611437133201
6123,c,117.74611437133201,117.74611437133201
6124,c,117.74611437133201,117.74611437133201
6125,c,117.74611437133201,117.74611437133201
6126,c,63.928869272106034,65.05358781014826
6127,t,117.74611437133201,117.74611437133201
6128,c,117.74611437133201,117.74611437133201
6129,c,117.74611437133201,117.74611437133201
6130,c,117.74611437133201,117.74611437133201
6131,t,117.74611437133201,117.74611437133201
6132,c,117.74611437133201,117.74611437133201
6133,c,24.7029888776824,25.75418640011168
6134,c,117.74611437133201,117.74611437133201
6135,t,117.74611437133201,117.74611437133201
6136,t,117.74611437133201,117.74611437133201
6137,c,117.74611437133201,117.74611437133201
6138,c,117.74611437133201,117.74611437133201
6139,c,31.13183594535486,117.74611437133201
6140,c,35.64852642912576,117.74611437133201
6141,c,117.74611437133201,117.74611437133201
6142,c,117.74611437133201,117.74611437133201
6143,c,11.819083012284235,17.155549002440758
6144,c,22.11187934540714,25.826137389755385
6145,c,117.74611437133201,117.74611437133201
6146,na,0.3721090550741541,0.5110056921592299
6147,c,117.74611437133201,117.74611437133201
6148,t,117.74611437133201,117.74611437133201
6149,c,117.74611437133201,117.74611437133201
6150,na,-1,0
6151,t,117.74611437133201,117.74611437133201
6152,t,117.74611437133201,117.74611437133201
6153,c,117.74611437133201,117.74611437133201
6154,c,117.74611437133201,117.74611437133201
6155,c,117.74611437133201,117.74611437133201
6156,c,13.818864766899543,16.837455915011645
6157,c,117.74611437133201,117.74611437133201
6158,t,117.74611437133201,117.74611437133201
6159,t,117.74611437133201,117.74611437133201
6160,t,117.74611437133201,117.74611437133201
6161,c,117.74611437133201,117.74611437133201
6162,c,23.566257665520542,50.00530295847316
6163,c,63.31993413277813,66.70509306002873
6164,t,117.74611437133201,117.74611437133201
6165,c,60.731621916252905,61.08567202462396
6166,c,28.55853057641137,33.62630072274867
6167,c,117.74611437133201,117.74611437133201
6168,t,117.74611437133201,117.74611437133201
6169,c,20.3738178153182,22.9632103427099
6170,t,117.74611437133201,117.74611437133201
6171,c,21.78930625140395,27.78364602609001
6172,c,117.74611437133201,117.74611437133201
6173,c,117.74611437133201,117.74611437133201
6174,c,19.124259181471967,20.251211992383475
6175,c,46.731676818254584,65.68143949311266
6176,t,117.74611437133201,117.74611437133201
6177,c,24.33534029698859,24.62338482135
6178,c,117.74611437133201,117.74611437133201
6179,na,1.6434028981359576,15.546080150527615
6180,c,117.74611437133201,117.74611437133201
6181,t,117.74611437133201,117.74611437133201
6182,c,31.533991012617047,31.717812438245087
6183,c,117.74611437133201,117.74611437133201
6184,t,117.74611437133201,117.74611437133201
6185,c,117.74611437133201,117.74611437133201
6186,c,117.74611437133201,117.74611437133201
6187,c,117.74611437133201,117.74611437133201
6188,c,32.2621595168431,33.37452765052104
6189,c,117.74611437133201,117.74611437133201
6190,t,117.74611437133201,117.74611437133201
6191,c,117.74611437133201,117.74611437133201
6192,c,117.74611437133201,117.74611437133201
6193,c,51.32771665004799,66.55399621152304
6194,c,16.334583769403547,22.36862209416985
6195,c,23.795298456851658,25.708674468660654
6196,na,16.55500061272547,25.942516744528053
6197,c,117.74611437133201,117.74611437133201
6198,c,117.74611437133201,117.74611437133201
6199,c,117.74611437133201,117.74611437133201
6200,t,117.74611437133201,117.74611437133201
6201,t,117.74611437133201,117.74611437133201
6202,c,6.025727844309707,12.784335978207887
6203,c,28.282513509367092,34.99048520832212
6204,c,9.082960920826658,11.87454572926084
6205,c,117.74611437133201,117.74611437133201
6206,c,18.785015594811856,23.602306495678146
6207,c,32.73772722315704,35.132416766630826
6208,c,24.93033554543423,34.30453275329924
6209,c,15.2049512963075,18.430680675233315
6210,c,117.74611437133201,117.74611437133201
6211,t,117.74611437133201,117.74611437133201
6212,c,24.612991619868577,27.250836969129246
6213,c,117.74611437133201,117.74611437133201
6214,c,61.26139879673276,62.67567680585409
6215,c,117.74611437133201,117.74611437133201
6216,t,117.74611437133201,117.74611437133201
6217,c,34.966073951340086,39.11604440848832
6218,c,117.74611437133201,117.74611437133201
6219,c,38.56604277177527,117.74611437133201
6220,c,117.74611437133201,117.74611437133201
6221,c,35.697866495250075,36.60328609448023
6222,c,49.40261820048365,52.07638125986975
6223,t,117.74611437133201,117.74611437133201
6224,t,117.74611437133201,117.74611437133201
6225,t,117.74611437133201,117.74611437133201
6226,c,5.845839442299265,7.86273861920209
6227,c,5.7840070338430465,14.342182059034693
6228,c,117.74611437133201,117.74611437133201
6229,c,117.74611437133201,117.74611437133201
6230,c,50.08088358067669,53.424964876088914
6231,c,117.74611437133201,117.74611437133201
6232,c,117.74611437133201,117.74611437133201
6233,t,117.74611437133201,117.74611437133201
6234,c,117.74611437133201,117.74611437133201
6235,c,37.2265418604494,46.4509021615532
6236,t,117.74611437133201,117.74611437133201
6237,c,117.74611437133201,117.74611437133201
6238,c,28.866430429869112,40.21767051499676
6239,t,117.74611437133201,117.74611437133201
6240,c,22.699348681873563,117.74611437133201
6241,c,117.74611437133201,117.74611437133201
6242,c,117.74611437133201,117.74611437133201
6243,c,44.61777252314506,48.5094576100959
6244,c,28.927194993571927,31.152468150121116
6245,c,14.589261934008373,22.02311781603055
6246,na,-1,0
6247,c,117.74611437133201,117.74611437133201
6248,c,42.3045372632192,42.6533343675869
6249,c,21.69860386317648,49.524512804887
6250,t,117.74611437133201,117.74611437133201
6251,c,117.74611437133201,117.74611437133201
6252,c,117.74611437133201,117.74611437133201
6253,c,53.08085794938012,55.29104174702775
6254,c,117.74611437133201,117.74611437133201
6255,c,117.74611437133201,117.74611437133201
6256,c,26.018513462485444,26.656672493741024
6257,c,117.74611437133201,117.74611437133201
6258,c,44.32208249282278,45.1112411516679
6259,c,117.74611437133201,117.74611437133201
6260,c,117.74611437133201,117.74611437133201
6261,t,117.74611437133201,117.74611437133201
6262,c,117.74611437133201,117.74611437133201
6263,c,117.74611437133201,117.74611437133201
6264,c,117.74611437133201,117.74611437133201
6265,c,40.78253605773529,49.6593444177017
6266,c,117.74611437133201,117.74611437133201
6267,na,-1,0
6268,c,117.74611437133201,117.74611437133201
6269,c,19.294821350384183,29.069101792243597
6270,c,117.74611437133201,117.74611437133201
6271,c,117.74611437133201,117.74611437133201
6272,c,117.74611437133201,117.74611437133201
6273,c,117.74611437133201,117.74611437133201
6274,c,22.24654752445696,22.512608293889055
6275,c,40.00582088006392,44.24705798584572
6276,c,117.74611437133201,117.74611437133201
6277,c,117.74611437133201,117.74611437133201
6278,c,117.74611437133201,117.74611437133201
6279,c,117.74611437133201,117.74611437133201
6280,c,26.15310512849736,27.7390613888697
6281,c,29.05179863487882,38.06755189998255
6282,c,19.547534992355576,24.217995580087486
6283,c,35.043637506971045,36.18036506731571
6284,c,117.74611437133201,117.74611437133201
6285,c,117.74611437133201,117.74611437133201
6286,c,11.714150375027899,16.9532319306064
6287,c,45.177098060407296,45.19276545602989
6288,c,117.74611437133201,117.74611437133201
6289,c,34.642893906766844,34.930727306049455
6290,c,35.29517103902346,35.9871405222878
6291,c,26.233724749934467,33.46327063767452
6292,c,24.52524983119375,25.80685561847867
6293,c,8.192100384226725,9.375421481175684
6294,c,117.74611437133201,117.74611437133201
6295,c,117.74611437133201,117.74611437133201
6296,c,117.74611437133201,117.74611437133201
6297,c,117.74611437133201,117.74611437133201
6298,c,117.74611437133201,117.74611437133201
6299,c,117.74611437133201,117.74611437133201
6300,c,117.74611437133201,117.74611437133201
6301,t,117.74611437133201,117.74611437133201
6302,t,117.74611437133201,117.74611437133201
6303,t,117.74611437133201,117.74611437133201
6304,c,117.74611437133201,117.74611437133201
6305,c,3.800648121992573,11.082801613600354
6306,c,28.34427526784867,117.74611437133201
6307,c,117.74611437133201,117.74611437133201
6308,c,117.74611437133201,117.74611437133201
6309,c,31.17579446929848,32.88015321210551
6310,c,117.74611437133201,117.74611437133201
6311,t,117.74611437133201,117.74611437133201
6312,c,24.737519481704418,31.426176019755346
6313,t,117.74611437133201,117.74611437133201
6314,t,117.74611437133201,117.74611437133201
6315,t,117.74611437133201,117.74611437133201
6316,c,54.214691683558264,54.45302378965102
6317,c,117.74611437133201,117.74611437133201
6318,c,19.10845902099956,20.21202583441127
6319,c,117.74611437133201,117.74611437133201
6320,c,13.950308426151656,16.76641023879064
6321,c,117.74611437133201,117.74611437133201
6322,c,29.23200103919889,31.82561062886568
6323,c,117.74611437133201,117.74611437133201
6324,c,31.746023113544812,33.16885798419312
6325,t,117.74611437133201,117.74611437133201
6326,c,117.74611437133201,117.74611437133201
6327,c,20.0973985546991,21.815458837998417
6328,c,23.194847746085923,25.850567839055145
6329,c,15.995655501066553,18.53091502800564
6330,c,117.74611437133201,117.74611437133201
6331,t,117.74611437133201,117.74611437133201
6332,c,36.944149305010754,41.93553734131353
6333,c,117.74611437133201,117.74611437133201
6334,t,117.74611437133201,117.74611437133201
6335,c,42.36674923813725,42.844193936292626
6336,c,117.74611437133201,117.74611437133201
6337,c,117.74611437133201,117.74611437133201
6338,c,117.74611437133201,117.74611437133201
6339,na,0,9.593714483560504
6340,c,117.74611437133201,117.74611437133201
6341,t,117.74611437133201,117.74611437133201
6342,c,14.278562818487712,14.46892386655492
6343,c,35.659952695132255,37.38000987965922
6344,c,117.74611437133201,117.74611437133201
6345,c,13.161149868431439,22.901255161887264
6346,t,117.74611437133201,117.74611437133201
6347,c,57.25546445729771,57.4517004487091
6348,c,11.05172297201223,14.463697708645286
6349,c,29.632286141826892,33.35417400181567
6350,c,30.715083365254237,117.74611437133201
6351,c,117.74611437133201,117.74611437133201
6352,c,117.74611437133201,117.74611437133201
6353,t,117.74611437133201,117.74611437133201
6354,t,117.74611437133201,117.74611437133201
6355,c,31.90351553454152,34.906706325074204
6356,c,117.74611437133201,117.74611437133201
6357,t,117.74611437133201,117.74611437133201
6358,c,51.09661881766937,51.17913331374502
6359,c,117.74611437133201,117.74611437133201
6360,c,19.150129099727067,22.207184526637924
6361,t,117.74611437133201,117.74611437133201
6362,t,117.74611437133201,117.74611437133201
6363,c,117.74611437133201,117.74611437133201
6364,t,117.74611437133201,117.74611437133201
6365,c,31.432025989491382,40.55503789161125
6366,t,117.74611437133201,117.74611437133201
6367,c,117.74611437133201,117.74611437133201
6368,c,59.343988825174684,61.26278325518984
6369,c,53.59773884818281,53.82926288312797
6370,t,117.74611437133201,117.74611437133201
6371,c,117.74611437133201,117.74611437133201
6372,c,23.377808485763186,33.330417448654735
6373,t,117.74611437133201,117.74611437133201
6374,c,33.4304510099091,36.346063451205126
6375,c,117.74611437133201,117.74611437133201
6376,na,14.80983321012512,32.78358550661814
6377,c,117.74611437133201,117.74611437133201
6378,c,117.74611437133201,117.74611437133201
6379,c,27.554125643616924,30.133264323701646
6380,c,117.74611437133201,117.74611437133201
6381,c,117.74611437133201,117.74611437133201
6382,t,117.74611437133201,117.74611437133201
6383,c,117.74611437133201,117.74611437133201
6384,c,16.57595060886173,25.169061534571384
6385,c,117.74611437133201,117.74611437133201
6386,t,117.74611437133201,117.74611437133201
6387,t,117.74611437133201,117.74611437133201
6388,c,66.4693284144677,71.56452748153664
6389,t,117.74611437133201,117.74611437133201
6390,c,117.74611437133201,117.74611437133201
6391,c,13.721968155968876,27.543708867336864
6392,c,50.21031123230467,50.907942399322046
6393,c,25.965458160178212,27.396851384145002
6394,c,117.74611437133201,117.74611437133201
6395,c,39.473639858333755,49.388621536567975
6396,t,117.74611437133201,117.74611437133201
6397,c,31.15637888715498,35.86385373036249
6398,t,117.74611437133201,117.74611437133201
6399,c,117.74611437133201,117.74611437133201
6400,c,31.67955311320212,32.63467842922279
6401,c,117.74611437133201,117.74611437133201
6402,c,47.6544823420446,58.32032911122522
6403,c,31.581262211773044,32.62912989009978
6404,c,117.74611437133201,117.74611437133201
6405,c,35.78118641511389,41.439117570504706
6406,c,11.394734027400657,19.471505736345485
6407,c,117.74611437133201,117.74611437133201
6408,c,44.70149273708217,45.81881610860319
6409,c,117.74611437133201,117.74611437133201
6410,c,117.74611437133201,117.74611437133201
6411,c,13.64556149257027,14.952890398708044
6412,c,117.74611437133201,117.74611437133201
6413,c,117.74611437133201,117.74611437133201
6414,c,10.312329866664282,18.917293487285754
6415,c,117.74611437133201,117.74611437133201
6416,c,117.74611437133201,117.74611437133201
6417,c,117.74611437133201,117.74611437133201
6418,c,117.74611437133201,117.74611437133201
6419,c,117.74611437133201,117.74611437133201
6420,c,117.74611437133201,117.74611437133201
6421,c,11.624351367861154,19.63157561461782
6422,c,42.80687570665409,46.77026012440615
6423,c,47.32630145470205,55.637749579184145
6424,c,13.136194587505008,17.731803943980776
6425,c,33.35634882802696,39.54549847186791
6426,c,117.74611437133201,117.74611437133201
6427,c,117.74611437133201,117.74611437133201
6428,c,117.74611437133201,117.74611437133201
6429,t,117.74611437133201,117.74611437133201
6430,c,20.157031653008097,26.421952730002598
6431,c,11.755972238737083,117.74611437133201
6432,c,117.74611437133201,117.74611437133201
6433,t,117.74611437133201,117.74611437133201
6434,t,117.74611437133201,117.74611437133201
6435,c,117.74611437133201,117.74611437133201
6436,c,117.74611437133201,117.74611437133201
6437,c,32.84333651471896,37.72685953646217
6438,t,117.74611437133201,117.74611437133201
6439,t,117.74611437133201,117.74611437133201
6440,t,117.74611437133201,117.74611437133201
6441,c,12.629146773343233,14.088151832759582
6442,c,17.191757192014737,20.073571847924168
6443,c,29.34742097295665,32.9196622472663
6444,c,27.117713911029423,28.324017144774903
6445,c,13.445500427172053,18.875123132119676
6446,c,38.8373274678417,42.352632042437456
6447,c,45.755739631537786,46.368765420550574
6448,c,31.172328495611332,31.354815479573716
6449,c,117.74611437133201,117.74611437133201
6450,na,4.396671910037554,4.675460979004078
6451,c,117.74611437133201,117.74611437133201
6452,c,117.74611437133201,117.74611437133201
6453,c,7.929360570846154,8.909487433948545
6454,c,37.94359008294428,43.99281249485077
6455,c,117.74611437133201,117.74611437133201
6456,c,61.42430753700777,66.9513927156521
6457,t,117.74611437133201,117.74611437133201
6458,c,14.890437109432279,17.884976682558577
6459,c,117.74611437133201,117.74611437133201
6460,c,117.74611437133201,117.74611437133201
6461,c,117.74611437133201,117.74611437133201
6462,c,41.60131830226342,46.54669100965974
6463,c,117.74611437133201,117.74611437133201
6464,c,117.74611437133201,117.74611437133201
6465,c,30.097397354893175,30.553729351516235
6466,c,13.41173345765022,13.582256434428107
6467,c,117.74611437133201,117.74611437133201
6468,c,117.74611437133201,117.74611437133201
6469,c,29.940953523908583,44.905292749883635
6470,t,117.74611437133201,117.74611437133201
6471,c,15.114289116838576,22.882781649408273
6472,c,50.00802072263101,54.31906258823173
6473,c,40.35095321972134,42.444937785128985
6474,c,15.230664418634364,18.582098811495012
6475,c,117.74611437133201,117.74611437133201
6476,c,117.74611437133201,117.74611437133201
6477,t,117.74611437133201,117.74611437133201
6478,c,46.38245066968098,47.58280582414199
6479,c,23.097810323576375,30.3001662156173
6480,t,117.74611437133201,117.74611437133201
6481,t,117.74611437133201,117.74611437133201
6482,c,45.376205649955686,47.441493990639444
6483,c,28.94460967894275,40.34133504227615
6484,c,19.036548714450202,27.218232984964892
6485,c,117.74611437133201,117.74611437133201
6486,c,117.74611437133201,117.74611437133201
6487,c,23.585934716631094,28.92220356611613
6488,t,117.74611437133201,117.74611437133201
6489,c,9.4571329777724,16.411572187406477
6490,c,117.74611437133201,117.74611437133201
6491,t,117.74611437133201,117.74611437133201
6492,c,117.74611437133201,117.74611437133201
6493,c,117.74611437133201,117.74611437133201
6494,c,117.74611437133201,117.74611437133201
6495,c,117.74611437133201,117.74611437133201
6496,c,117.74611437133201,117.74611437133201
6497,c,117.74611437133201,117.74611437133201
6498,t,117.74611437133201,117.74611437133201
6499,c,117.74611437133201,117.74611437133201
6500,c,12.733730378194007,15.341710517872711
6501,c,117.74611437133201,117.74611437133201
6502,c,23.63341390642622,24.43837790733744
6503,t,117.74611437133201,117.74611437133201
6504,c,117.74611437133201,117.74611437133201
6505,t,117.74611437133201,117.74611437133201
6506,c,44.673567527963634,50.02573844661599
6507,c,117.74611437133201,117.74611437133201
6508,t,117.74611437133201,117.74611437133201
6509,c,26.07483422013625,26.327716356292978
6510,t,117.74611437133201,117.74611437133201
6511,c,117.74611437133201,117.74611437133201
6512,c,7.146264456851113,9.134079504501317
6513,c,24.718116061529972,27.346058094301757
6514,c,30.743232504453506,30.842225436168974
6515,c,117.74611437133201,117.74611437133201
6516,c,117.74611437133201,117.74611437133201
6517,c,117.74611437133201,117.74611437133201
6518,c,18.58853989023692,117.74611437133201
6519,c,117.74611437133201,117.74611437133201
6520,c,117.74611437133201,117.74611437133201
6521,t,117.74611437133201,117.74611437133201
6522,c,117.74611437133201,117.74611437133201
6523,c,117.74611437133201,117.74611437133201
6524,c,117.74611437133201,117.74611437133201
6525,t,117.74611437133201,117.74611437133201
6526,t,117.74611437133201,117.74611437133201
6527,c,57.02976651239469,57.99697993130197
6528,t,117.74611437133201,117.74611437133201
6529,c,117.74611437133201,117.74611437133201
6530,na,-1,0
6531,c,29.53497451798101,30.858298402528064
6532,c,117.74611437133201,117.74611437133201
6533,c,26.136690715014495,28.555351787643925
6534,c,117.74611437133201,117.74611437133201
6535,c,117.74611437133201,117.74611437133201
6536,c,21.847541375765836,24.07618230279714
6537,t,117.74611437133201,117.74611437133201
6538,c,21.612415999511907,23.09782203537318
6539,c,117.74611437133201,117.74611437133201
6540,c,117.74611437133201,117.74611437133201
6541,c,35.246099224567935,55.67143629918718
6542,c,5.0306493307457,7.144731679975212
6543,c,28.32547503280122,29.64566091977335
6544,c,117.74611437133201,117.74611437133201
6545,c,117.74611437133201,117.74611437133201
6546,c,117.74611437133201,117.74611437133201
6547,c,28.28313274706174,32.830890156155654
6548,c,117.74611437133201,117.74611437133201
6549,c,117.74611437133201,117.74611437133201
6550,c,117.74611437133201,117.74611437133201
6551,na,1.0269482036076236,11.495406725125761
6552,c,117.74611437133201,117.74611437133201
6553,c,37.87141454275803,40.129054447985666
6554,c,117.74611437133201,117.74611437133201
6555,t,117.74611437133201,117.74611437133201
6556,c,117.74611437133201,117.74611437133201
6557,c,117.74611437133201,117.74611437133201
6558,c,117.74611437133201,117.74611437133201
6559,c,117.74611437133201,117.74611437133201
6560,c,13.222346802373425,17.670923314675164
6561,c,117.74611437133201,117.74611437133201
6562,c,18.31662303571956,28.134606230762273
6563,na,3.8028844605573564,12.657846725173952
6564,c,117.74611437133201,117.74611437133201
6565,c,117.74611437133201,117.74611437133201
6566,t,117.74611437133201,117.74611437133201
6567,c,19.946888485637807,20.365894351139268
6568,c,117.74611437133201,117.74611437133201
6569,c,117.74611437133201,117.74611437133201
6570,c,117.74611437133201,117.74611437133201
6571,t,117.74611437133201,117.74611437133201
6572,c,13.061974111917264,17.787559202052332
6573,c,117.74611437133201,117.74611437133201
6574,c,117.74611437133201,117.74611437133201
6575,c,18.405343005761917,22.596418440453906
6576,c,117.74611437133201,117.74611437133201
6577,c,117.74611437133201,117.74611437133201
6578,c,33.768695236696374,34.03379604093518
6579,c,117.74611437133201,117.74611437133201
6580,c,37.13713932394454,38.48316456126367
6581,t,117.74611437133201,117.74611437133201
6582,c,4.531904168192693,7.4977405461628175
6583,c,117.74611437133201,117.74611437133201
6584,c,69.8400905616082,73.64578590969808
6585,t,117.74611437133201,117.74611437133201
6586,c,23.570658937893725,36.12338230479472
6587,t,117.74611437133201,117.74611437133201
6588,c,117.74611437133201,117.74611437133201
6589,c,51.29499896651682,53.96725315174442
6590,c,32.312236003087946,36.7517637371553
6591,t,117.74611437133201,117.74611437133201
6592,c,28.77532457016553,117.74611437133201
6593,c,18.947000153199962,27.023882781703993
6594,c,117.74611437133201,117.74611437133201
6595,c,45.28439620545495,47.86998698611727
6596,c,117.74611437133201,117.74611437133201
6597,c,117.74611437133201,117.74611437133201
6598,c,52.23579759206716,64.11815423433015
6599,c,60.88809599731689,65.66903828272932
6600,c,117.74611437133201,117.74611437133201
6601,c,117.74611437133201,117.74611437133201
6602,t,117.74611437133201,117.74611437133201
6603,c,117.74611437133201,117.74611437133201
6604,c,36.19874348519541,40.746498636657805
6605,c,14.374598371021092,20.572248555691687
6606,c,56.077559224584235,56.753947512995374
6607,c,117.74611437133201,117.74611437133201
6608,c,13.660278196550733,13.795814129430404
6609,t,117.74611437133201,117.74611437133201
6610,c,117.74611437133201,117.74611437133201
6611,c,30.641196115722817,38.52528736742482
6612,c,15.650081397119695,17.685149772121523
6613,t,117.74611437133201,117.74611437133201
6614,t,117.74611437133201,117.74611437133201
6615,c,117.74611437133201,117.74611437133201
6616,c,18.874525771684713,21.31294582837908
6617,c,117.74611437133201,117.74611437133201
6618,c,49.88404970747365,50.54290189683681
6619,t,117.74611437133201,117.74611437133201
6620,c,117.74611437133201,117.74611437133201
6621,c,117.74611437133201,117.74611437133201
6622,t,117.74611437133201,117.74611437133201
6623,c,117.74611437133201,117.74611437133201
6624,c,20.687117425366676,21.538310380713174
6625,c,117.74611437133201,117.74611437133201
6626,c,13.268452757476654,117.74611437133201
6627,t,117.74611437133201,117.74611437133201
6628,c,117.74611437133201,117.74611437133201
6629,c,13.447824271265574,26.08854423748378
6630,c,16.812955752192593,29.172209343795647
6631,c,27.924532560790375,29.47673153181938
6632,t,117.74611437133201,117.74611437133201
6633,t,117.74611437133201,117.74611437133201
6634,t,117.74611437133201,117.74611437133201
6635,c,30.659765736502965,33.20895658619916
6636,c,117.74611437133201,117.74611437133201
6637,t,117.74611437133201,117.74611437133201
6638,c,21.31730957783496,27.993386079324335
6639,c,117.74611437133201,117.74611437133201
6640,t,117.74611437133201,117.74611437133201
6641,c,30.531131390462058,31.43781153903218
6642,c,40.87813664708313,50.721767038357754
6643,c,11.442319934731739,13.415082454132051
6644,c,117.74611437133201,117.74611437133201
6645,c,117.74611437133201,117.74611437133201
6646,t,117.74611437133201,117.74611437133201
6647,c,36.126856391985136,40.62696151186558
6648,c,117.74611437133201,117.74611437133201
6649,c,37.14457081244744,39.28059836769168
6650,c,23.33395016264721,27.92466562152665
6651,c,117.74611437133201,117.74611437133201
6652,c,117.74611437133201,117.74611437133201
6653,c,38.166472526096584,41.928423239450325
6654,t,117.74611437133201,117.74611437133201
6655,c,117.74611437133201,117.74611437133201
6656,c,26.664218998711704,26.883430679295103
6657,c,27.576701103290965,34.05285823249959
6658,c,117.74611437133201,117.74611437133201
6659,c,117.74611437133201,117.74611437133201
6660,t,117.74611437133201,117.74611437133201
6661,c,117.74611437133201,117.74611437133201
6662,c,19.15245701764048,19.451386856373
6663,c,14.81805447561353,117.74611437133201
6664,c,51.55447688626826,57.36830371571648
6665,c,117.74611437133201,117.74611437133201
6666,t,117.74611437133201,117.74611437133201
6667,c,36.39495836468418,39.723004605488406
6668,c,117.74611437133201,117.74611437133201
6669,c,20.164988769960328,22.53642106093786
6670,c,117.74611437133201,117.74611437133201
6671,c,117.74611437133201,117.74611437133201
6672,t,117.74611437133201,117.74611437133201
6673,c,117.74611437133201,117.74611437133201
6674,c,18.022579968871884,22.314564588107498
6675,t,117.74611437133201,117.74611437133201
6676,c,117.74611437133201,117.74611437133201
6677,c,17.848962030494967,21.694908246517357
6678,c,59.785500617735245,66.00011320963073
6679,c,117.74611437133201,117.74611437133201
6680,c,117.74611437133201,117.74611437133201
6681,c,117.74611437133201,117.74611437133201
6682,c,27.841448180925617,32.93349624215279
6683,t,117.74611437133201,117.74611437133201
6684,t,117.74611437133201,117.74611437133201
6685,c,117.74611437133201,117.74611437133201
6686,c,117.74611437133201,117.74611437133201
6687,c,39.92577031979764,117.74611437133201
6688,c,68.92110815211296,72.99836879107049
6689,c,41.441620037242046,117.74611437133201
6690,c,8.804185065325253,13.22531134272558
6691,c,18.61878468219572,23.500368678861452
6692,c,117.74611437133201,117.74611437133201
6693,c,117.74611437133201,117.74611437133201
6694,c,11.906760948779597,21.710223350859554
6695,c,117.74611437133201,117.74611437133201
6696,c,117.74611437133201,117.74611437133201
6697,c,8.573407926542355,9.040784839836244
6698,t,117.74611437133201,117.74611437133201
6699,c,26.66481273803728,27.173492931469923
6700,c,5.751405569994444,12.593621510885713
6701,c,117.74611437133201,117.74611437133201
6702,t,117.74611437133201,117.74611437133201
6703,t,117.74611437133201,117.74611437133201
6704,t,117.74611437133201,117.74611437133201
6705,t,117.74611437133201,117.74611437133201
6706,t,117.74611437133201,117.74611437133201
6707,c,117.74611437133201,117.74611437133201
6708,c,33.79083835464452,42.45455477819291
6709,t,117.74611437133201,117.74611437133201
6710,c,47.338472473956756,50.3035988432237
6711,c,117.74611437133201,117.74611437133201
6712,t,117.74611437133201,117.74611437133201
6713,t,117.74611437133201,117.74611437133201
6714,t,117.74611437133201,117.74611437133201
6715,c,36.47994815511199,39.15958092021989
6716,c,13.437166107026727,14.239752924250977
6717,t,117.74611437133201,117.74611437133201
6718,t,117.74611437133201,117.74611437133201
6719,c,117.74611437133201,117.74611437133201
6720,c,117.74611437133201,117.74611437133201
6721,c,25.53922424663602,30.07686367613642
6722,c,47.16435980911678,54.019791961790204
6723,t,117.74611437133201,117.74611437133201
6724,c,117.74611437133201,117.74611437133201
6725,c,44.623766826254204,44.67603666244012
6726,c,117.74611437133201,117.74611437133201
6727,c,41.430393027220745,43.735210382168695
6728,c,40.62145728193622,43.8797762966488
6729,c,5.52316889594226,9.720566596088728
6730,c,117.74611437133201,117.74611437133201
6731,t,117.74611437133201,117.74611437133201
6732,c,26.07033364502254,39.380727965399856
6733,t,117.74611437133201,117.74611437133201
6734,c,15.126840038546982,16.896524827724583
6735,t,117.74611437133201,117.74611437133201
6736,t,117.74611437133201,117.74611437133201
6737,t,117.74611437133201,117.74611437133201
6738,c,117.74611437133201,117.74611437133201
6739,c,117.74611437133201,117.74611437133201
6740,c,21.56982274574494,22.67972128223655
6741,c,36.09846220195389,117.74611437133201
6742,c,30.513819147272255,37.818955669565
6743,t,117.74611437133201,117.74611437133201
6744,c,117.74611437133201,117.74611437133201
6745,c,10.009241374354039,17.371633696527724
6746,c,117.74611437133201,117.74611437133201
6747,t,117.74611437133201,117.74611437133201
6748,t,117.74611437133201,117.74611437133201
6749,t,117.74611437133201,117.74611437133201
6750,c,117.74611437133201,117.74611437133201
6751,t,117.74611437133201,117.74611437133201
6752,c,14.580180317740119,30.024637482280667
6753,na,0,117.74611437133201
6754,c,29.843850084239207,30.631498910588817
6755,c,117.74611437133201,117.74611437133201
6756,c,5.290868017260182,11.116703156570443
6757,c,32.41695147237303,36.40347747877842
6758,c,16.60493410266927,17.758442952961587
6759,c,117.74611437133201,117.74611437133201
6760,c,36.17193242039903,40.12041082832252
6761,c,117.74611437133201,117.74611437133201
6762,t,117.74611437133201,117.74611437133201
6763,t,117.74611437133201,117.74611437133201
6764,c,117.74611437133201,117.74611437133201
6765,c,117.74611437133201,117.74611437133201
6766,t,117.74611437133201,117.74611437133201
6767,t,117.74611437133201,117.74611437133201
6768,t,117.74611437133201,117.74611437133201
6769,c,117.74611437133201,117.74611437133201
6770,c,42.21005175838522,42.31615291240713
6771,c,117.74611437133201,117.74611437133201
6772,c,117.74611437133201,117.74611437133201
6773,c,117.74611437133201,117.74611437133201
6774,c,117.74611437133201,117.74611437133201
6775,t,117.74611437133201,117.74611437133201
6776,c,117.74611437133201,117.74611437133201
6777,c,17.807566247868714,18.68226189688712
6778,t,117.74611437133201,117.74611437133201
6779,c,117.74611437133201,117.74611437133201
6780,c,48.15246046891072,49.73510823867585
6781,c,18.004026275565742,19.738431564244962
6782,t,117.74611437133201,117.74611437133201
6783,t,117.74611437133201,117.74611437133201
6784,c,38.639128572506394,117.74611437133201
6785,t,117.74611437133201,117.74611437133201
6786,c,117.74611437133201,117.74611437133201
6787,c,117.74611437133201,117.74611437133201
6788,c,117.74611437133201,117.74611437133201
6789,c,117.74611437133201,117.74611437133201
6790,c,15.36091561144479,15.603341127761645
6791,c,117.74611437133201,117.74611437133201
6792,c,20.009775457464627,20.549955198331492
6793,c,117.74611437133201,117.74611437133201
6794,c,117.74611437133201,117.74611437133201
6795,c,37.44120413860276,38.89667701893115
6796,t,117.74611437133201,117.74611437133201
6797,t,117.74611437133201,117.74611437133201
6798,c,48.895761783945865,50.682379404204966
6799,t,117.74611437133201,117.74611437133201
6800,t,117.74611437133201,117.74611437133201
6801,c,117.74611437133201,117.74611437133201
6802,t,117.74611437133201,117.74611437133201
6803,c,117.74611437133201,117.74611437133201
6804,c,117.74611437133201,117.74611437133201
6805,c,32.0150733433948,117.74611437133201
6806,t,117.74611437133201,117.74611437133201
6807,c,117.74611437133201,117.74611437133201
6808,c,117.74611437133201,117.74611437133201
6809,c,117.74611437133201,117.74611437133201
6810,c,117.74611437133201,117.74611437133201
6811,c,117.74611437133201,117.74611437133201
6812,c,37.31408648229496,43.0978284681606
6813,c,117.74611437133201,117.74611437133201
6814,c,34.454071274050044,44.603576972440315
6815,t,117.74611437133201,117.74611437133201
6816,c,117.74611437133201,117.74611437133201
6817,c,14.61557188845144,32.91103664718831
6818,t,117.74611437133201,117.74611437133201
6819,c,31.73456001909702,39.905522013106086
6820,c,18.21444432937383,31.169706012337635
6821,c,117.74611437133201,117.74611437133201
6822,c,117.74611437133201,117.74611437133201
6823,c,117.74611437133201,117.74611437133201
6824,t,117.74611437133201,117.74611437133201
6825,t,117.74611437133201,117.74611437133201
6826,c,58.12913560407966,59.09800631156818
6827,c,117.74611437133201,117.74611437133201
6828,c,23.856728108812852,25.977744410492924
6829,na,9.965992694338418,13.219623764626386
6830,c,34.281827169852974,37.85187865795574
6831,c,43.4143482310642,46.22976810174657
6832,c,117.74611437133201,117.74611437133201
6833,c,117.74611437133201,117.74611437133201
6834,c,38.34412570284947,52.70943894962168
6835,c,46.18373021897429,46.3063089467446
6836,c,117.74611437133201,117.74611437133201
6837,t,117.74611437133201,117.74611437133201
6838,c,117.74611437133201,117.74611437133201
6839,c,117.74611437133201,117.74611437133201
6840,c,22.96556214702392,28.340305305893576
6841,c,117.74611437133201,117.74611437133201
6842,c,117.74611437133201,117.74611437133201
6843,c,37.29228083241194,42.302629011779416
6844,c,30.0348290763535,30.11734246144863
6845,c,117.74611437133201,117.74611437133201
6846,c,90.09253190731287,92.91355851512233
6847,c,27.486399651192013,33.7435278646018
6848,c,117.74611437133201,117.74611437133201
6849,t,117.74611437133201,117.74611437133201
6850,c,15.029495143849251,19.566318263253915
6851,c,117.74611437133201,117.74611437133201
6852,c,117.74611437133201,117.74611437133201
6853,c,117.74611437133201,117.74611437133201
6854,t,117.74611437133201,117.74611437133201
6855,na,0.7826559451821685,4.426504644694816
6856,t,117.74611437133201,117.74611437133201
6857,c,60.372596928463,62.0709416717687
6858,c,117.74611437133201,117.74611437133201
6859,c,117.74611437133201,117.74611437133201
6860,c,117.74611437133201,117.74611437133201
6861,c,117.74611437133201,117.74611437133201
6862,c,117.74611437133201,117.74611437133201
6863,c,27.32266834465607,28.76723660029431
6864,c,117.74611437133201,117.74611437133201
6865,c,45.366652591130645,46.01965514435605
6866,t,117.74611437133201,117.74611437133201
6867,t,117.74611437133201,117.74611437133201
6868,c,41.29499725777629,42.317572118792576
6869,c,15.174202744522843,22.674898996496548
6870,c,117.74611437133201,117.74611437133201
6871,na,0,0.883563818984303
6872,c,117.74611437133201,117.74611437133201
6873,c,24.108412389204965,26.489013043752575
6874,c,117.74611437133201,117.74611437133201
6875,t,117.74611437133201,117.74611437133201
6876,c,117.74611437133201,117.74611437133201
6877,c,15.117495531662605,117.74611437133201
6878,c,26.28866084834131,32.83915453438142
6879,c,117.74611437133201,117.74611437133201
6880,c,117.74611437133201,117.74611437133201
6881,c,38.50642631877665,39.69918495033233
6882,c,117.74611437133201,117.74611437133201
6883,c,117.74611437133201,117.74611437133201
6884,c,36.35120140143358,40.81225231123774
6885,c,117.74611437133201,117.74611437133201
6886,t,117.74611437133201,117.74611437133201
6887,c,117.74611437133201,117.74611437133201
6888,c,117.74611437133201,117.74611437133201
6889,c,53.88955596963402,61.56810161430695
6890,c,117.74611437133201,117.74611437133201
6891,c,117.74611437133201,117.74611437133201
6892,c,117.74611437133201,117.74611437133201
6893,c,117.74611437133201,117.74611437133201
6894,c,25.48080523632732,29.601210330637695
6895,c,117.74611437133201,117.74611437133201
6896,t,117.74611437133201,117.74611437133201
6897,c,117.74611437133201,117.74611437133201
6898,c,117.74611437133201,117.74611437133201
6899,c,117.74611437133201,117.74611437133201
6900,c,40.757447924705396,45.728332490583476
6901,t,117.74611437133201,117.74611437133201
6902,t,117.74611437133201,117.74611437133201
6903,c,117.74611437133201,117.74611437133201
6904,t,117.74611437133201,117.74611437133201
6905,c,117.74611437133201,117.74611437133201
6906,c,23.29178819497327,26.047544305493485
6907,c,36.8478785729322,40.73373718892562
6908,c,31.11742239480303,49.972734149865325
6909,c,12.921366312646226,13.645418482738288
6910,c,30.722828345812207,31.080059771411868
6911,t,117.74611437133201,117.74611437133201
6912,c,34.66812403933523,39.67178623186535
6913,c,117.74611437133201,117.74611437133201
6914,c,117.74611437133201,117.74611437133201
6915,c,117.74611437133201,117.74611437133201
6916,c,30.952732067506464,31.9392126503982
6917,t,117.74611437133201,117.74611437133201
6918,c,117.74611437133201,117.74611437133201
6919,c,117.74611437133201,117.74611437133201
6920,c,117.74611437133201,117.74611437133201
6921,c,117.74611437133201,117.74611437133201
6922,t,117.74611437133201,117.74611437133201
6923,t,117.74611437133201,117.74611437133201
6924,c,17.302919682517373,18.985285444395362
6925,c,117.74611437133201,117.74611437133201
6926,c,117.74611437133201,117.74611437133201
6927,c,117.74611437133201,117.74611437133201
6928,t,117.74611437133201,117.74611437133201
6929,c,30.28588533268486,32.64386084713353
6930,t,117.74611437133201,117.74611437133201
6931,t,117.74611437133201,117.74611437133201
6932,c,117.74611437133201,117.74611437133201
6933,c,33.50052207280181,35.724753914235684
6934,c,117.74611437133201,117.74611437133201
6935,c,117.74611437133201,117.74611437133201
6936,c,44.871351786527065,44.99549956464273
6937,t,117.74611437133201,117.74611437133201
6938,c,117.74611437133201,117.74611437133201
6939,c,117.74611437133201,117.74611437133201
6940,c,117.74611437133201,117.74611437133201
6941,c,117.74611437133201,117.74611437133201
6942,c,117.74611437133201,117.74611437133201
6943,c,117.74611437133201,117.74611437133201
6944,c,1.4201910884941442,4.174831632248403
6945,t,117.74611437133201,117.74611437133201
6946,c,117.74611437133201,117.74611437133201
6947,c,117.74611437133201,117.74611437133201
6948,t,117.74611437133201,117.74611437133201
6949,c,117.74611437133201,117.74611437133201
6950,c,24.07287064560413,24.31647964040324
6951,t,117.74611437133201,117.74611437133201
6952,c,5.288110435830154,19.01790681980136
6953,c,10.809705711517063,117.74611437133201
6954,c,117.74611437133201,117.74611437133201
6955,c,52.06702411860159,54.785445885926755
6956,t,117.74611437133201,117.74611437133201
6957,c,0.6951512972039378,1.6731235427526434
6958,c,51.1630371546839,51.963196923003004
6959,c,39.88507357728485,40.93499237186468
6960,c,117.74611437133201,117.74611437133201
6961,t,117.74611437133201,117.74611437133201
6962,c,117.74611437133201,117.74611437133201
6963,t,117.74611437133201,117.74611437133201
6964,c,13.693449276807028,21.277825237700114
6965,na,8.527808273162671,9.726523669073448
6966,c,117.74611437133201,117.74611437133201
6967,c,117.74611437133201,117.74611437133201
6968,c,35.689134858643236,42.83785456055268
6969,c,41.90629669839561,117.74611437133201
6970,c,117.74611437133201,117.74611437133201
6971,c,13.308702319887638,13.840560374088422
6972,c,33.86134313871243,117.74611437133201
6973,c,24.692402434051157,29.769818466605766
6974,c,117.74611437133201,117.74611437133201
6975,c,117.74611437133201,117.74611437133201
6976,c,117.74611437133201,117.74611437133201
6977,c,117.74611437133201,117.74611437133201
6978,c,117.74611437133201,117.74611437133201
6979,c,18.97236059991041,21.026158973213164
6980,c,51.93072573700222,55.323692019702044
6981,c,23.81308005687122,27.280874013343663
6982,c,117.74611437133201,117.74611437133201
6983,c,117.74611437133201,117.74611437133201
6984,c,17.84566896530454,18.12263145181645
6985,t,117.74611437133201,117.74611437133201
6986,c,117.74611437133201,117.74611437133201
6987,c,117.74611437133201,117.74611437133201
6988,t,117.74611437133201,117.74611437133201
6989,c,117.74611437133201,117.74611437133201
6990,c,27.87523041585352,30.250229002306966
6991,t,117.74611437133201,117.74611437133201
6992,c,117.74611437133201,117.74611437133201
6993,c,117.74611437133201,117.74611437133201
6994,t,117.74611437133201,117.74611437133201
6995,c,117.74611437133201,117.74611437133201
6996,c,117.74611437133201,117.74611437133201
6997,c,117.74611437133201,117.74611437133201
6998,c,117.74611437133201,117.74611437133201
6999,t,117.74611437133201,117.74611437133201
7000,c,30.919086935232233,33.61452772179027
7001,c,15.160725004209674,18.583932755411887
7002,c,117.74611437133201,117.74611437133201
7003,c,117.74611437133201,117.74611437133201
7004,c,117.74611437133201,117.74611437133201
7005,t,117.74611437133201,117.74611437133201
7006,c,117.74611437133201,117.74611437133201
7007,c,117.74611437133201,117.74611437133201
7008,t,117.74611437133201,117.74611437133201
7009,c,38.17613040439019,39.70980239154337
7010,c,10.571719290795818,12.203944851537626
7011,c,25.82738682704336,28.238370264611095
7012,c,117.74611437133201,117.74611437133201
7013,c,49.629699660166615,57.89905815765275
7014,c,5.054953103368305,14.359813538338257
7015,c,117.74611437133201,117.74611437133201
7016,c,117.74611437133201,117.74611437133201
7017,c,19.659656452137085,117.74611437133201
7018,t,117.74611437133201,117.74611437133201
7019,c,117.74611437133201,117.74611437133201
7020,c,17.740727858956408,25.039937749748738
7021,c,117.74611437133201,117.74611437133201
7022,c,117.74611437133201,117.74611437133201
7023,c,117.74611437133201,117.74611437133201
7024,c,117.74611437133201,117.74611437133201
7025,t,117.74611437133201,117.74611437133201
7026,c,26.925574151545906,117.74611437133201
7027,c,23.135461724229522,23.19546977651742
7028,t,117.74611437133201,117.74611437133201
7029,c,117.74611437133201,117.74611437133201
7030,na,0,0.24691331354814106
7031,c,38.87858072516871,39.54725797394007
7032,t,117.74611437133201,117.74611437133201
7033,c,117.74611437133201,117.74611437133201
7034,c,15.332571769337703,18.227641715501452
7035,c,117.74611437133201,117.74611437133201
7036,c,117.74611437133201,117.74611437133201
7037,c,15.24508794386198,16.089552421681798
7038,c,28.13766666888191,117.74611437133201
7039,c,117.74611437133201,117.74611437133201
7040,c,26.899810169271476,28.75963958983304
7041,c,12.688939353963962,16.04543730284697
7042,c,3.425375609176121,19.291786535483748
7043,c,38.93138677314643,47.184334693347935
7044,c,12.063041360472408,14.414875878095838
7045,c,15.53733048765538,20.11083019045157
7046,c,117.74611437133201,117.74611437133201
7047,c,117.74611437133201,117.74611437133201
7048,c,117.74611437133201,117.74611437133201
7049,c,14.370287869942377,18.570754065405488
7050,c,117.74611437133201,117.74611437133201
7051,c,117.74611437133201,117.74611437133201
7052,c,32.65882059536834,42.43367152117137
7053,c,117.74611437133201,117.74611437133201
7054,c,45.62149381309044,46.37520227036411
7055,c,117.74611437133201,117.74611437133201
7056,c,28.280488470293037,36.88371523317583
7057,c,117.74611437133201,117.74611437133201
7058,c,117.74611437133201,117.74611437133201
7059,c,24.370426418870554,27.922733096365956
7060,c,117.74611437133201,117.74611437133201
7061,c,31.193955025502987,32.41584086783376
7062,t,117.74611437133201,117.74611437133201
7063,c,117.74611437133201,117.74611437133201
7064,t,117.74611437133201,117.74611437133201
7065,c,117.74611437133201,117.74611437133201
7066,c,117.74611437133201,117.74611437133201
7067,c,27.862560948889826,34.99308145232165
7068,c,10.364229948618611,13.001838163644544
7069,c,117.74611437133201,117.74611437133201
7070,c,117.74611437133201,117.74611437133201
7071,c,59.840007463112784,64.51928323872868
7072,c,117.74611437133201,117.74611437133201
7073,c,117.74611437133201,117.74611437133201
7074,t,117.74611437133201,117.74611437133201
7075,c,9.538561910990095,13.690352777758202
7076,c,18.143746967295385,20.73003861195399
7077,t,117.74611437133201,117.74611437133201
7078,c,117.74611437133201,117.74611437133201
7079,c,37.68852517118357,117.74611437133201
7080,c,19.61110433130206,19.93228050843008
7081,t,117.74611437133201,117.74611437133201
7082,c,117.74611437133201,117.74611437133201
7083,t,117.74611437133201,117.74611437133201
7084,t,117.74611437133201,117.74611437133201
7085,c,117.74611437133201,117.74611437133201
7086,t,117.74611437133201,117.74611437133201
7087,c,20.061560526525856,22.203806331338185
7088,c,35.19060478277428,36.56373225891203
7089,c,17.813731988548994,17.928416897324503
7090,c,2.3472292874181666,117.74611437133201
7091,c,117.74611437133201,117.74611437133201
7092,c,117.74611437133201,117.74611437133201
7093,c,117.74611437133201,117.74611437133201
7094,t,117.74611437133201,117.74611437133201
7095,c,29.911570971279826,35.116002690865244
7096,t,117.74611437133201,117.74611437133201
7097,c,23.661946986553335,24.171705223002803
7098,c,117.74611437133201,117.74611437133201
7099,c,29.878219943512182,33.45104891164539
7100,c,117.74611437133201,117.74611437133201
7101,c,11.836509428174725,14.858350051207328
7102,c,50.99457186832913,51.840857053745644
7103,c,10.586393626917966,11.795756841245566
7104,t,117.74611437133201,117.74611437133201
7105,c,117.74611437133201,117.74611437133201
7106,t,117.74611437133201,117.74611437133201
7107,na,0,1.0695811375221784
7108,t,117.74611437133201,117.74611437133201
7109,c,59.41975105909677,62.22848811151569
7110,c,117.74611437133201,117.74611437133201
7111,c,117.74611437133201,117.74611437133201
7112,c,117.74611437133201,117.74611437133201
7113,c,32.765735283974365,35.454234236136216
7114,c,21.796230318448725,117.74611437133201
7115,t,117.74611437133201,117.74611437133201
7116,c,117.74611437133201,117.74611437133201
7117,c,117.74611437133201,117.74611437133201
7118,c,22.26846881270242,117.74611437133201
7119,c,117.74611437133201,117.74611437133201
7120,c,117.74611437133201,117.74611437133201
7121,c,117.74611437133201,117.74611437133201
7122,c,117.74611437133201,117.74611437133201
7123,c,117.74611437133201,117.74611437133201
7124,c,117.74611437133201,117.74611437133201
7125,na,0.8041576284152544,1.4935999576662993
7126,t,117.74611437133201,117.74611437133201
7127,c,117.74611437133201,117.74611437133201
7128,c,8.909710464818529,11.626831707276384
7129,c,41.91160100044222,57.890424776875676
7130,c,33.367633697398354,34.17113817494142
7131,c,50.523998944711664,54.15347990192341
7132,c,117.74611437133201,117.74611437133201
7133,c,117.74611437133201,117.74611437133201
7134,c,117.74611437133201,117.74611437133201
7135,c,14.736247482701309,18.295876495203206
7136,c,117.74611437133201,117.74611437133201
7137,c,117.74611437133201,117.74611437133201
7138,c,117.74611437133201,117.74611437133201
7139,c,117.74611437133201,117.74611437133201
7140,c,117.74611437133201,117.74611437133201
7141,c,8.010915010865673,9.687876312621176
7142,c,117.74611437133201,117.74611437133201
7143,c,117.74611437133201,117.74611437133201
7144,c,117.74611437133201,117.74611437133201
7145,c,117.74611437133201,117.74611437133201
7146,t,117.74611437133201,117.74611437133201
7147,c,117.74611437133201,117.74611437133201
7148,c,39.62038392237392,55.79800181256577
7149,c,117.74611437133201,117.74611437133201
7150,c,57.57097237136107,73.48040587411674
7151,t,117.74611437133201,117.74611437133201
7152,c,34.984163903478155,41.61769914613707
7153,c,117.74611437133201,117.74611437133201
7154,c,117.74611437133201,117.74611437133201
7155,c,117.74611437133201,117.74611437133201
7156,c,25.446822670895415,25.66738092280285
7157,c,117.74611437133201,117.74611437133201
7158,na,0,2.3349507564871512
7159,c,117.74611437133201,117.74611437133201
7160,c,117.74611437133201,117.74611437133201
7161,c,117.74611437133201,117.74611437133201
7162,t,117.74611437133201,117.74611437133201
7163,c,117.74611437133201,117.74611437133201
7164,c,117.74611437133201,117.74611437133201
7165,c,34.38408745626269,38.438318560693894
7166,t,117.74611437133201,117.74611437133201
7167,c,34.382071571053444,41.50155850719297
7168,c,117.74611437133201,117.74611437133201
7169,c,117.74611437133201,117.74611437133201
7170,c,38.45310549215425,117.74611437133201
7171,c,117.74611437133201,117.74611437133201
7172,t,117.74611437133201,117.74611437133201
7173,t,117.74611437133201,117.74611437133201
7174,c,117.74611437133201,117.74611437133201
7175,c,33.07044622758049,34.13654660918484
7176,t,117.74611437133201,117.74611437133201
7177,c,117.74611437133201,117.74611437133201
7178,c,117.74611437133201,117.74611437133201
7179,c,17.780591581475665,117.74611437133201
7180,c,18.219729809523315,26.15974451667449
7181,c,117.74611437133201,117.74611437133201
7182,t,117.74611437133201,117.74611437133201
7183,t,117.74611437133201,117.74611437133201
7184,c,117.74611437133201,117.74611437133201
7185,c,12.817403331574791,13.787048185026041
7186,c,117.74611437133201,117.74611437133201
7187,c,117.74611437133201,117.74611437133201
7188,c,14.28873266276895,17.430618223313044
7189,c,117.74611437133201,117.74611437133201
7190,c,20.70258089078295,29.736154681975467
7191,t,117.74611437133201,117.74611437133201
7192,t,117.74611437133201,117.74611437133201
7193,t,117.74611437133201,117.74611437133201
7194,t,117.74611437133201,117.74611437133201
7195,c,26.268084423849245,55.36968065186068
7196,t,117.74611437133201,117.74611437133201
7197,c,117.74611437133201,117.74611437133201
7198,c,21.101690404861213,21.768580714980015
7199,c,21.219573679663718,21.2767923563832
7200,c,117.74611437133201,117.74611437133201
7201,c,58.16482200314861,59.98824830398595
7202,t,117.74611437133201,117.74611437133201
7203,c,117.74611437133201,117.74611437133201
7204,c,7.217239996308695,7.651034708304623
7205,t,117.74611437133201,117.74611437133201
7206,c,117.74611437133201,117.74611437133201
7207,c,27.773433642343257,31.505330490946047
7208,c,12.460218865809779,14.754331645939406
7209,t,117.74611437133201,117.74611437133201
7210,na,2.4122125600908793,7.006388609990228
7211,c,34.826017710483214,51.03953730496882
7212,c,117.74611437133201,117.74611437133201
7213,c,27.28826267063431,30.087561650332542
7214,c,26.932007875199037,28.12904188247188
7215,c,32.045898979487454,32.892221720501
7216,c,37.38215635765767,53.598968008116785
7217,t,117.74611437133201,117.74611437133201
7218,c,117.74611437133201,117.74611437133201
7219,t,117.74611437133201,117.74611437133201
7220,c,9.561258542335498,15.38857360169904
7221,c,117.74611437133201,117.74611437133201
7222,t,117.74611437133201,117.74611437133201
7223,t,117.74611437133201,117.74611437133201
7224,c,32.35488427625223,34.11380188327785
7225,c,117.74611437133201,117.74611437133201
7226,c,47.270474128225636,69.60365792367647
7227,c,66.37490733769926,71.14934969043442
7228,t,117.74611437133201,117.74611437133201
7229,c,15.304278234633836,117.74611437133201
7230,c,117.74611437133201,117.74611437133201
7231,c,28.690584201337646,32.535815101507424
7232,t,117.74611437133201,117.74611437133201
7233,c,21.425697938964948,24.393565394675264
7234,c,117.74611437133201,117.74611437133201
7235,c,117.74611437133201,117.74611437133201
7236,c,117.74611437133201,117.74611437133201
7237,c,117.74611437133201,117.74611437133201
7238,c,117.74611437133201,117.74611437133201
7239,c,55.104262762141914,58.797857398820724
7240,t,117.74611437133201,117.74611437133201
7241,c,117.74611437133201,117.74611437133201
7242,c,45.39940423223579,117.74611437133201
7243,c,117.74611437133201,117.74611437133201
7244,c,117.74611437133201,117.74611437133201
7245,t,117.74611437133201,117.74611437133201
7246,c,31.43606531694646,33.56108740211905
7247,c,30.33817862539486,41.72433626559309
7248,c,117.74611437133201,117.74611437133201
7249,c,117.74611437133201,117.74611437133201
7250,c,117.74611437133201,117.74611437133201
7251,t,117.74611437133201,117.74611437133201
7252,c,117.74611437133201,117.74611437133201
7253,c,117.74611437133201,117.74611437133201
7254,c,117.74611437133201,117.74611437133201
7255,c,117.74611437133201,117.74611437133201
7256,c,117.74611437133201,117.74611437133201
7257,c,117.74611437133201,117.74611437133201
7258,c,27.31642706824003,39.70202176644122
7259,c,30.3123943259835,36.61539759460167
7260,c,117.74611437133201,117.74611437133201
7261,c,117.74611437133201,117.74611437133201
7262,c,117.74611437133201,117.74611437133201
7263,c,24.703346011015558,30.48122706251476
7264,c,117.74611437133201,117.74611437133201
7265,t,117.74611437133201,117.74611437133201
7266,c,117.74611437133201,117.74611437133201
7267,c,37.905208639880975,44.790437282343646
7268,c,117.74611437133201,117.74611437133201
7269,c,117.74611437133201,117.74611437133201
7270,c,117.74611437133201,117.74611437133201
7271,c,117.74611437133201,117.74611437133201
7272,c,117.74611437133201,117.74611437133201
7273,t,117.74611437133201,117.74611437133201
7274,c,44.940258203133304,50.53911736613391
7275,c,30.053994089908862,38.07763954961518
7276,t,117.74611437133201,117.74611437133201
7277,c,31.394639185040873,39.458894379056204
7278,c,2.415088375698139,8.5920616238325
7279,t,117.74611437133201,117.74611437133201
7280,t,117.74611437133201,117.74611437133201
7281,c,117.74611437133201,117.74611437133201
7282,c,42.53229332788742,49.41354031431455
7283,c,117.74611437133201,117.74611437133201
7284,c,21.025914200486444,26.62429755419448
7285,c,117.74611437133201,117.74611437133201
7286,c,117.74611437133201,117.74611437133201
7287,c,117.74611437133201,117.74611437133201
7288,c,21.655031425269854,38.31281346275466
7289,c,117.74611437133201,117.74611437133201
7290,c,39.65867657706222,40.643176345081976
7291,c,117.74611437133201,117.74611437133201
7292,t,117.74611437133201,117.74611437133201
7293,c,24.254308714284203,24.726372161510586
7294,c,117.74611437133201,117.74611437133201
7295,c,117.74611437133201,117.74611437133201
7296,c,117.74611437133201,117.74611437133201
7297,t,117.74611437133201,117.74611437133201
7298,c,33.75454936011032,34.415984930208815
7299,c,117.74611437133201,117.74611437133201
7300,c,33.77258435245804,36.45341344213544
7301,c,19.785602789939887,23.41864248522754
7302,c,117.74611437133201,117.74611437133201
7303,c,117.74611437133201,117.74611437133201
7304,c,117.74611437133201,117.74611437133201
7305,c,30.862925359120656,33.45445282198153
7306,t,117.74611437133201,117.74611437133201
7307,c,30.816035674176316,35.199860529228374
7308,t,117.74611437133201,117.74611437133201
7309,c,117.74611437133201,117.74611437133201
7310,c,84.74995094662066,85.09220978234626
7311,c,117.74611437133201,117.74611437133201
7312,t,117.74611437133201,117.74611437133201
7313,c,117.74611437133201,117.74611437133201
7314,c,29.911803309174967,34.579237016706074
7315,c,34.41604752801386,35.71682303272492
7316,c,117.74611437133201,117.74611437133201
7317,c,117.74611437133201,117.74611437133201
7318,t,117.74611437133201,117.74611437133201
7319,c,23.09307663209429,30.31070675267441
7320,t,117.74611437133201,117.74611437133201
7321,na,4.844305877027925,7.888111798722693
7322,c,117.74611437133201,117.74611437133201
7323,c,117.74611437133201,117.74611437133201
7324,c,117.74611437133201,117.74611437133201
7325,c,117.74611437133201,117.74611437133201
7326,c,117.74611437133201,117.74611437133201
7327,c,19.365515721364655,29.49963994318728
7328,c,117.74611437133201,117.74611437133201
7329,t,117.74611437133201,117.74611437133201
7330,c,117.74611437133201,117.74611437133201
7331,c,41.62373080099173,47.93043172808051
7332,c,117.74611437133201,117.74611437133201
7333,c,117.74611437133201,117.74611437133201
7334,t,117.74611437133201,117.74611437133201
7335,c,22.810888164907958,26.413032278368174
7336,c,117.74611437133201,117.74611437133201
7337,c,117.74611437133201,117.74611437133201
7338,c,7.365605445871904,11.58532474700479
7339,c,16.53742507990414,117.74611437133201
7340,c,35.824321995514154,38.679850469852255
7341,c,117.74611437133201,117.74611437133201
7342,c,117.74611437133201,117.74611437133201
7343,c,9.427750119871998,10.45116588711074
7344,c,117.74611437133201,117.74611437133201
7345,t,117.74611437133201,117.74611437133201
7346,c,68.37881152171545,69.36298322493826
7347,t,117.74611437133201,117.74611437133201
7348,c,55.28110828736404,61.08214731566586
7349,t,117.74611437133201,117.74611437133201
7350,c,10.20858634093417,12.3531599710958
7351,c,117.74611437133201,117.74611437133201
7352,c,117.74611437133201,117.74611437133201
7353,c,117.74611437133201,117.74611437133201
7354,c,117.74611437133201,117.74611437133201
7355,t,117.74611437133201,117.74611437133201
7356,c,117.74611437133201,117.74611437133201
7357,c,117.74611437133201,117.74611437133201
7358,c,117.74611437133201,117.74611437133201
7359,c,63.23381038604086,65.50104066771992
7360,c,9.364367820684798,10.417277572727556
7361,c,21.74181457429915,27.079036911368448
7362,c,19.41282917900074,39.18706516636494
7363,c,30.547570778834853,56.668582652028476
7364,c,18.796520953766777,24.575121169471135
7365,c,117.74611437133201,117.74611437133201
7366,c,19.926126965938156,20.70101352995614
7367,c,117.74611437133201,117.74611437133201
7368,c,117.74611437133201,117.74611437133201
7369,c,117.74611437133201,117.74611437133201
7370,c,117.74611437133201,117.74611437133201
7371,c,28.825596622670144,37.67393954498088
7372,c,25.83136808200457,31.444001273045973
7373,c,25.927841907629926,26.094898725094477
7374,t,117.74611437133201,117.74611437133201
7375,c,117.74611437133201,117.74611437133201
7376,c,117.74611437133201,117.74611437133201
7377,c,15.063870077926046,15.19595266432037
7378,c,117.74611437133201,117.74611437133201
7379,c,117.74611437133201,117.74611437133201
7380,c,30.72977567469358,33.15264322885286
7381,t,117.74611437133201,117.74611437133201
7382,c,117.74611437133201,117.74611437133201
7383,c,117.74611437133201,117.74611437133201
7384,c,29.17783850928316,36.68097720652324
7385,c,46.1234581878312,48.099954230355365
7386,c,22.295997969682542,25.285825502949013
7387,c,117.74611437133201,117.74611437133201
7388,c,117.74611437133201,117.74611437133201
7389,t,117.74611437133201,117.74611437133201
7390,c,117.74611437133201,117.74611437133201
7391,c,24.997331837934873,34.66417959703332
7392,t,117.74611437133201,117.74611437133201
7393,c,37.61902545594413,117.74611437133201
7394,c,30.24711813513901,36.21325937456329
7395,t,117.74611437133201,117.74611437133201
7396,t,117.74611437133201,117.74611437133201
7397,c,117.74611437133201,117.74611437133201
7398,c,117.74611437133201,117.74611437133201
7399,c,43.44535798450857,44.96734909590069
7400,c,117.74611437133201,117.74611437133201
7401,c,5.533498977948169,5.92265073065656
7402,t,117.74611437133201,117.74611437133201
7403,t,117.74611437133201,117.74611437133201
7404,c,117.74611437133201,117.74611437133201
7405,t,117.74611437133201,117.74611437133201
7406,t,117.74611437133201,117.74611437133201
7407,c,117.74611437133201,117.74611437133201
7408,c,33.703228491561575,37.96197566397951
7409,c,117.74611437133201,117.74611437133201
7410,c,34.58497421375692,36.96716459922331
7411,t,117.74611437133201,117.74611437133201
7412,c,55.719740751850146,59.174812405539896
7413,t,117.74611437133201,117.74611437133201
7414,c,34.25515611330862,41.25073382044593
7415,c,33.62815837589837,39.4725464944152
7416,c,117.74611437133201,117.74611437133201
7417,c,32.528768650986486,40.76979844977711
7418,c,33.639450086422926,36.90663699680929
7419,t,117.74611437133201,117.74611437133201
7420,c,37.84016116493278,52.300039138519075
7421,c,117.74611437133201,117.74611437133201
7422,c,117.74611437133201,117.74611437133201
7423,c,117.74611437133201,117.74611437133201
7424,c,75.55574795281866,77.86336672561319
7425,c,117.74611437133201,117.74611437133201
7426,c,23.87052605115599,25.489648343049037
7427,c,18.849455058079524,19.75115043602342
7428,c,117.74611437133201,117.74611437133201
7429,c,34.96080745025992,36.202425490358095
7430,c,21.714726995948034,21.849914858644457
7431,c,34.10084396524935,38.338928041789146
7432,c,117.74611437133201,117.74611437133201
7433,t,117.74611437133201,117.74611437133201
7434,t,117.74611437133201,117.74611437133201
7435,t,117.74611437133201,117.74611437133201
7436,c,117.74611437133201,117.74611437133201
7437,c,117.74611437133201,117.74611437133201
7438,c,19.03340901761594,19.450837961389453
7439,c,117.74611437133201,117.74611437133201
7440,c,117.74611437133201,117.74611437133201
7441,c,117.74611437133201,117.74611437133201
7442,c,117.74611437133201,117.74611437133201
7443,t,117.74611437133201,117.74611437133201
7444,c,117.74611437133201,117.74611437133201
7445,c,117.74611437133201,117.74611437133201
7446,t,117.74611437133201,117.74611437133201
7447,t,117.74611437133201,117.74611437133201
7448,c,117.74611437133201,117.74611437133201
7449,c,117.74611437133201,117.74611437133201
7450,c,117.74611437133201,117.74611437133201
7451,t,117.74611437133201,117.74611437133201
7452,t,117.74611437133201,117.74611437133201
7453,c,9.703988998890694,22.38151793479324
7454,c,117.74611437133201,117.74611437133201
7455,c,117.74611437133201,117.74611437133201
7456,c,4.173759016143266,7.862025126948679
7457,t,117.74611437133201,117.74611437133201
7458,c,117.74611437133201,117.74611437133201
7459,c,18.06395015021788,23.398193256044213
7460,c,14.916178126025986,20.022614863590928
7461,c,7.2170820463857615,8.41379087839962
7462,c,23.56519154927204,23.764999262731575
7463,c,21.450196515993564,117.74611437133201
7464,c,51.81625244651433,55.69808185514762
7465,t,117.74611437133201,117.74611437133201
7466,c,117.74611437133201,117.74611437133201
7467,t,117.74611437133201,117.74611437133201
7468,c,117.74611437133201,117.74611437133201
7469,c,117.74611437133201,117.74611437133201
7470,c,117.74611437133201,117.74611437133201
7471,c,10.361299324839566,117.74611437133201
7472,t,117.74611437133201,117.74611437133201
7473,c,117.74611437133201,117.74611437133201
7474,c,117.74611437133201,117.74611437133201
7475,c,117.74611437133201,117.74611437133201
7476,t,117.74611437133201,117.74611437133201
7477,c,117.74611437133201,117.74611437133201
7478,t,117.74611437133201,117.74611437133201
7479,c,13.797555081093687,15.640597532075672
7480,c,117.74611437133201,117.74611437133201
7481,c,117.74611437133201,117.74611437133201
7482,c,47.420596230254375,48.19188426480865
7483,na,0,8.840556537578536
7484,c,117.74611437133201,117.74611437133201
7485,c,24.761575644912032,117.74611437133201
7486,t,117.74611437133201,117.74611437133201
7487,c,117.74611437133201,117.74611437133201
7488,na,2.925404914019777,3.8823740646091554
7489,t,117.74611437133201,117.74611437133201
7490,t,117.74611437133201,117.74611437133201
7491,t,117.74611437133201,117.74611437133201
7492,c,22.204383059009615,26.819221744838167
7493,c,15.730373845182,17.774153063243553
7494,c,117.74611437133201,117.74611437133201
7495,c,117.74611437133201,117.74611437133201
7496,c,117.74611437133201,117.74611437133201
7497,na,-1,0
7498,c,117.74611437133201,117.74611437133201
7499,c,41.535899134064145,44.23018254385622
7500,c,45.53445774761545,48.12408510529097
7501,c,117.74611437133201,117.74611437133201
7502,t,117.74611437133201,117.74611437133201
7503,c,117.74611437133201,117.74611437133201
7504,c,38.2741244682999,45.1196031665418
7505,c,33.54434974681112,36.3321067143078
7506,c,117.74611437133201,117.74611437133201
7507,t,117.74611437133201,117.74611437133201
7508,c,20.845666074224525,21.44714056895869
7509,c,117.74611437133201,117.74611437133201
7510,c,20.62679017293735,22.37761276888757
7511,c,117.74611437133201,117.74611437133201
7512,t,117.74611437133201,117.74611437133201
7513,c,117.74611437133201,117.74611437133201
7514,c,117.74611437133201,117.74611437133201
7515,c,37.47040871913815,38.86407698525606
7516,c,117.74611437133201,117.74611437133201
7517,c,30.923344195122276,35.18817670682449
7518,c,117.74611437133201,117.74611437133201
7519,c,117.74611437133201,117.74611437133201
7520,c,117.74611437133201,117.74611437133201
7521,c,117.74611437133201,117.74611437133201
7522,c,117.74611437133201,117.74611437133201
7523,c,34.19228657880956,42.02663599773411
7524,c,22.327189832277217,117.74611437133201
7525,c,41.40921139934165,43.79048928941172
7526,c,117.74611437133201,117.74611437133201
7527,c,15.838519213417667,117.74611437133201
7528,c,36.67373713118197,37.94330976396727
7529,c,117.74611437133201,117.74611437133201
7530,t,117.74611437133201,117.74611437133201
7531,t,117.74611437133201,117.74611437133201
7532,c,117.74611437133201,117.74611437133201
7533,c,117.74611437133201,117.74611437133201
7534,c,24.60278609872785,28.923380323221892
7535,c,29.133313916434357,39.688156952543494
7536,c,34.50245713351608,38.09944621141353
7537,c,117.74611437133201,117.74611437133201
7538,c,117.74611437133201,117.74611437133201
7539,c,117.74611437133201,117.74611437133201
7540,c,14.24903879867997,14.360237844814293
7541,c,20.457631776358813,21.406064035694268
7542,c,49.71723116838896,60.062355349085955
7543,c,59.43869241640901,62.60027635106618
7544,c,117.74611437133201,117.74611437133201
7545,c,117.74611437133201,117.74611437133201
7546,c,41.35172022378064,52.85649022473857
7547,c,28.371795711536706,39.897404640466426
7548,c,24.857720126940357,25.063688482691006
7549,c,117.74611437133201,117.74611437133201
7550,c,15.014537924477454,18.737744003427952
7551,t,117.74611437133201,117.74611437133201
7552,t,117.74611437133201,117.74611437133201
7553,c,117.74611437133201,117.74611437133201
7554,c,42.93390588065615,55.47223832332343
7555,c,117.74611437133201,117.74611437133201
7556,c,117.74611437133201,117.74611437133201
7557,t,117.74611437133201,117.74611437133201
7558,t,117.74611437133201,117.74611437133201
7559,c,60.63094238787623,117.74611437133201
7560,c,117.74611437133201,117.74611437133201
7561,c,117.74611437133201,117.74611437133201
7562,c,19.276273686589338,20.74523120993228
7563,c,59.375958479690695,59.87534801991529
7564,c,117.74611437133201,117.74611437133201
7565,c,117.74611437133201,117.74611437133201
7566,na,0,16.848393422307613
7567,t,117.74611437133201,117.74611437133201
7568,c,117.74611437133201,117.74611437133201
7569,t,117.74611437133201,117.74611437133201
7570,c,16.602887547259908,18.54566515639469
7571,t,117.74611437133201,117.74611437133201
7572,c,117.74611437133201,117.74611437133201
7573,t,117.74611437133201,117.74611437133201
7574,c,117.74611437133201,117.74611437133201
7575,c,117.74611437133201,117.74611437133201
7576,c,117.74611437133201,117.74611437133201
7577,c,52.08569051184066,54.75118665198744
7578,c,117.74611437133201,117.74611437133201
7579,c,3.291565360085869,4.877202022148355
7580,c,117.74611437133201,117.74611437133201
7581,t,117.74611437133201,117.74611437133201
7582,c,117.74611437133201,117.74611437133201
7583,na,2.5400273868171244,7.687460969217914
7584,t,117.74611437133201,117.74611437133201
7585,c,117.74611437133201,117.74611437133201
7586,c,117.74611437133201,117.74611437133201
7587,c,117.74611437133201,117.74611437133201
7588,c,47.04815526810761,117.74611437133201
7589,c,117.74611437133201,117.74611437133201
7590,c,117.74611437133201,117.74611437133201
7591,c,117.74611437133201,117.74611437133201
7592,c,117.74611437133201,117.74611437133201
7593,c,117.74611437133201,117.74611437133201
7594,c,117.74611437133201,117.74611437133201
7595,c,117.74611437133201,117.74611437133201
7596,c,117.74611437133201,117.74611437133201
7597,c,117.74611437133201,117.74611437133201
7598,c,117.74611437133201,117.74611437133201
7599,c,13.159416143644608,14.178139604516302
7600,c,62.54528272629937,73.49491079269747
7601,t,117.74611437133201,117.74611437133201
7602,c,84.22561694711285,88.05045628347892
7603,c,10.366141786596478,10.517341843536519
7604,c,40.130932180226864,41.64271983081462
7605,c,22.622887589963828,23.445390957165383
7606,t,117.74611437133201,117.74611437133201
7607,c,15.10239136879572,15.810329848787612
7608,c,45.00118975352907,45.48447474795001
7609,t,117.74611437133201,117.74611437133201
7610,c,42.948800968087525,44.10534997068729
7611,c,10.123390195581802,14.439743115518077
7612,t,117.74611437133201,117.74611437133201
7613,c,117.74611437133201,117.74611437133201
7614,c,117.74611437133201,117.74611437133201
7615,c,117.74611437133201,117.74611437133201
7616,c,117.74611437133201,117.74611437133201
7617,t,117.74611437133201,117.74611437133201
7618,c,117.74611437133201,117.74611437133201
7619,c,117.74611437133201,117.74611437133201
7620,t,117.74611437133201,117.74611437133201
7621,c,38.652336154032646,42.02366828950329
7622,t,117.74611437133201,117.74611437133201
7623,c,13.50954040898694,21.34158454730997
7624,t,117.74611437133201,117.74611437133201
7625,na,-1,0
7626,c,18.81563938498895,21.493692297183944
7627,c,117.74611437133201,117.74611437133201
7628,c,11.474963700697725,14.826372390777511
7629,c,117.74611437133201,117.74611437133201
7630,c,22.30686071348942,25.59775362151601
7631,c,17.049659655436013,20.475138187658953
7632,c,117.74611437133201,117.74611437133201
7633,t,117.74611437133201,117.74611437133201
7634,c,51.63775429356333,56.640315246176044
7635,c,23.65627403467917,25.075671398514697
7636,c,117.74611437133201,117.74611437133201
7637,c,27.53164070653668,31.389606147793483
7638,c,117.74611437133201,117.74611437133201
7639,c,15.412967241492067,21.240950586704017
7640,c,96.71342844793391,104.18226524300027
7641,t,117.74611437133201,117.74611437133201
7642,c,117.74611437133201,117.74611437133201
7643,c,23.62322254850463,24.50390987474505
7644,t,117.74611437133201,117.74611437133201
7645,c,7.938788326088468,117.74611437133201
7646,c,19.284021194021054,24.254628476277258
7647,c,25.06277976278654,27.421809294385717
7648,t,117.74611437133201,117.74611437133201
7649,c,117.74611437133201,117.74611437133201
7650,c,24.1163935146441,26.704992896436014
7651,c,21.771339079679883,25.26183728206628
7652,c,117.74611437133201,117.74611437133201
7653,c,117.74611437133201,117.74611437133201
7654,c,43.79205135827208,47.560313011535506
7655,t,117.74611437133201,117.74611437133201
7656,c,33.69737616287487,38.2991523976983
7657,c,117.74611437133201,117.74611437133201
7658,c,36.5885776399375,38.019562067179734
7659,c,38.28908048617512,46.47020342708973
7660,c,117.74611437133201,117.74611437133201
7661,t,117.74611437133201,117.74611437133201
7662,c,117.74611437133201,117.74611437133201
7663,c,29.038452199066967,30.60799558094395
7664,c,117.74611437133201,117.74611437133201
7665,c,117.74611437133201,117.74611437133201
7666,c,117.74611437133201,117.74611437133201
7667,c,117.74611437133201,117.74611437133201
7668,c,117.74611437133201,117.74611437133201
7669,c,117.74611437133201,117.74611437133201
7670,c,117.74611437133201,117.74611437133201
7671,t,117.74611437133201,117.74611437133201
7672,c,117.74611437133201,117.74611437133201
7673,c,117.74611437133201,117.74611437133201
7674,c,45.16248250134676,45.16635011508449
7675,c,117.74611437133201,117.74611437133201
7676,c,117.74611437133201,117.74611437133201
7677,c,117.74611437133201,117.74611437133201
7678,c,5.850234683768249,8.504842321556577
7679,c,117.74611437133201,117.74611437133201
7680,c,117.74611437133201,117.74611437133201
7681,c,117.74611437133201,117.74611437133201
7682,c,16.86119157440387,27.218391692256457
7683,t,117.74611437133201,117.74611437133201
7684,c,20.15244307449022,21.582070760457654
7685,c,117.74611437133201,117.74611437133201
7686,c,25.16523792416986,25.77822074365614
7687,c,117.74611437133201,117.74611437133201
7688,t,117.74611437133201,117.74611437133201
7689,t,117.74611437133201,117.74611437133201
7690,c,117.74611437133201,117.74611437133201
7691,c,117.74611437133201,117.74611437133201
7692,c,117.74611437133201,117.74611437133201
7693,c,117.74611437133201,117.74611437133201
7694,c,51.10395158715675,54.84758996910639
7695,c,33.66020633722989,33.983896158344415
7696,c,104.4608202847497,111.28016998493092
7697,c,29.886579379232188,31.44227614110415
7698,c,30.482619800024963,30.969814518514443
7699,c,117.74611437133201,117.74611437133201
7700,t,117.74611437133201,117.74611437133201
7701,c,117.74611437133201,117.74611437133201
7702,c,117.74611437133201,117.74611437133201
7703,c,117.74611437133201,117.74611437133201
7704,t,117.74611437133201,117.74611437133201
7705,c,47.57682835624951,52.7794812392267
7706,c,117.74611437133201,117.74611437133201
7707,c,117.74611437133201,117.74611437133201
7708,c,20.412173580828707,26.66309400146103
7709,c,117.74611437133201,117.74611437133201
7710,c,117.74611437133201,117.74611437133201
7711,c,117.74611437133201,117.74611437133201
7712,c,117.74611437133201,117.74611437133201
7713,c,28.055574194328997,29.365337115679548
7714,c,117.74611437133201,117.74611437133201
7715,t,117.74611437133201,117.74611437133201
7716,c,24.32083848643407,28.050670918913248
7717,t,117.74611437133201,117.74611437133201
7718,c,117.74611437133201,117.74611437133201
7719,c,117.74611437133201,117.74611437133201
7720,c,30.97724056240345,40.297296047082405
7721,t,117.74611437133201,117.74611437133201
7722,c,8.274941147336694,10.692126574618984
7723,c,117.74611437133201,117.74611437133201
7724,t,117.74611437133201,117.74611437133201
7725,c,117.74611437133201,117.74611437133201
7726,c,117.74611437133201,117.74611437133201
7727,c,23.538172534636693,31.22269768165182
7728,c,12.622410444007476,117.74611437133201
7729,c,25.78407725069992,30.570472452287976
7730,c,41.3668051000998,117.74611437133201
7731,t,117.74611437133201,117.74611437133201
7732,c,117.74611437133201,117.74611437133201
7733,c,117.74611437133201,117.74611437133201
7734,c,23.282798567164864,117.74611437133201
7735,c,117.74611437133201,117.74611437133201
7736,c,117.74611437133201,117.74611437133201
7737,c,117.74611437133201,117.74611437133201
7738,t,117.74611437133201,117.74611437133201
7739,c,117.74611437133201,117.74611437133201
7740,c,117.74611437133201,117.74611437133201
7741,na,2.272229962729672,4.140954956099375
7742,c,20.953254821844325,25.239575638182558
7743,c,117.74611437133201,117.74611437133201
7744,c,9.82240903525175,10.410648364569276
7745,c,13.007998315371461,21.413170468064692
7746,c,117.74611437133201,117.74611437133201
7747,c,117.74611437133201,117.74611437133201
7748,c,117.74611437133201,117.74611437133201
7749,na,5.609282940378281,10.911631063906885
7750,c,22.444196823211435,28.394722499673044
7751,c,27.239391522607292,43.973842586967464
7752,c,36.44932148393168,55.22358726733363
7753,c,117.74611437133201,117.74611437133201
7754,c,117.74611437133201,117.74611437133201
7755,c,28.16093415055637,29.45698548214717
7756,t,117.74611437133201,117.74611437133201
7757,c,117.74611437133201,117.74611437133201
7758,t,117.74611437133201,117.74611437133201
7759,t,117.74611437133201,117.74611437133201
7760,na,0,2.8359105938432023
7761,t,117.74611437133201,117.74611437133201
7762,c,117.74611437133201,117.74611437133201
7763,t,117.74611437133201,117.74611437133201
7764,c,117.74611437133201,117.74611437133201
7765,c,117.74611437133201,117.74611437133201
7766,t,117.74611437133201,117.74611437133201
7767,c,41.077786517348265,45.02742492606839
7768,t,117.74611437133201,117.74611437133201
7769,c,38.13542235260489,39.10260900195286
7770,c,30.762206579519905,41.352666253209826
7771,c,17.47360406751683,22.067921744878255
7772,t,117.74611437133201,117.74611437133201
7773,t,117.74611437133201,117.74611437133201
7774,t,117.74611437133201,117.74611437133201
7775,c,117.74611437133201,117.74611437133201
7776,c,38.825124881327845,45.302316276707195
7777,c,117.74611437133201,117.74611437133201
7778,t,117.74611437133201,117.74611437133201
7779,c,31.613668485808024,35.229636777317765
7780,c,117.74611437133201,117.74611437133201
7781,c,28.1985452112448,31.084711062976133
7782,c,56.3647459341754,57.85964353297764
7783,c,117.74611437133201,117.74611437133201
7784,c,117.74611437133201,117.74611437133201
7785,c,23.26755993461052,38.98089898722678
7786,c,8.045367000049836,9.894219887502672
7787,c,117.74611437133201,117.74611437133201
7788,c,52.020366916038235,52.05031228408726
7789,c,12.27302552941114,13.918938061481754
7790,c,47.01851097584709,47.61014409907003
7791,t,117.74611437133201,117.74611437133201
7792,c,23.69398976956319,27.800153633019217
7793,t,117.74611437133201,117.74611437133201
7794,c,117.74611437133201,117.74611437133201
7795,c,117.74611437133201,117.74611437133201
7796,t,117.74611437133201,117.74611437133201
7797,na,21.666710834207645,24.02688173434245
7798,c,17.89836848598692,22.267596845694676
7799,c,117.74611437133201,117.74611437133201
7800,c,117.74611437133201,117.74611437133201
7801,c,117.74611437133201,117.74611437133201
7802,c,117.74611437133201,117.74611437133201
7803,t,117.74611437133201,117.74611437133201
7804,c,117.74611437133201,117.74611437133201
7805,t,117.74611437133201,117.74611437133201
7806,c,117.74611437133201,117.74611437133201
7807,c,117.74611437133201,117.74611437133201
7808,c,117.74611437133201,117.74611437133201
7809,c,117.74611437133201,117.74611437133201
7810,c,117.74611437133201,117.74611437133201
7811,c,45.090380463225785,50.85494131915509
7812,c,48.21299404451709,117.74611437133201
7813,c,117.74611437133201,117.74611437133201
7814,c,69.41046075362121,78.28920324299426
7815,c,117.74611437133201,117.74611437133201
7816,c,11.731208634807524,117.74611437133201
7817,c,117.74611437133201,117.74611437133201
7818,c,117.74611437133201,117.74611437133201
7819,c,47.00539620698613,51.2875316478587
7820,t,117.74611437133201,117.74611437133201
7821,c,117.74611437133201,117.74611437133201
7822,c,117.74611437133201,117.74611437133201
7823,c,22.052460417318407,27.113954196498582
7824,c,32.30796824237916,32.49193485974084
7825,c,117.74611437133201,117.74611437133201
7826,c,117.74611437133201,117.74611437133201
7827,t,117.74611437133201,117.74611437133201
7828,c,117.74611437133201,117.74611437133201
7829,t,117.74611437133201,117.74611437133201
7830,c,117.74611437133201,117.74611437133201
7831,c,117.74611437133201,117.74611437133201
7832,t,117.74611437133201,117.74611437133201
7833,c,117.74611437133201,117.74611437133201
7834,c,117.74611437133201,117.74611437133201
7835,c,23.08061199230324,25.245477188570973
7836,c,117.74611437133201,117.74611437133201
7837,t,117.74611437133201,117.74611437133201
7838,c,5.7855251476001,7.451665410710089
7839,c,34.169999430788174,35.39356359134973
7840,c,24.017466827178275,28.907571520561795
7841,c,22.757484917973112,23.746327776017427
7842,c,19.98242039829656,21.23281813794533
7843,c,7.796033442474503,15.864502785822264
7844,c,117.74611437133201,117.74611437133201
7845,c,117.74611437133201,117.74611437133201
7846,c,10.170012944294614,12.311531734302104
7847,c,117.74611437133201,117.74611437133201
7848,c,117.74611437133201,117.74611437133201
7849,t,117.74611437133201,117.74611437133201
7850,t,117.74611437133201,117.74611437133201
7851,c,117.74611437133201,117.74611437133201
7852,c,18.278634587974448,23.758634366160898
7853,c,117.74611437133201,117.74611437133201
7854,t,117.74611437133201,117.74611437133201
7855,c,117.74611437133201,117.74611437133201
7856,c,10.123859005818382,12.839001357978338
7857,c,117.74611437133201,117.74611437133201
7858,t,117.74611437133201,117.74611437133201
7859,c,6.398630889443976,11.314692440666665
7860,c,14.330933289248575,20.26279393219276
7861,c,23.40129592948409,37.05663377403552
7862,c,117.74611437133201,117.74611437133201
7863,t,117.74611437133201,117.74611437133201
7864,c,117.74611437133201,117.74611437133201
7865,c,117.74611437133201,117.74611437133201
7866,c,12.258850081665209,39.83721185269388
7867,c,14.16713352381492,20.290712214765552
7868,c,117.74611437133201,117.74611437133201
7869,c,117.74611437133201,117.74611437133201
7870,c,117.74611437133201,117.74611437133201
7871,c,117.74611437133201,117.74611437133201
7872,t,117.74611437133201,117.74611437133201
7873,c,117.74611437133201,117.74611437133201
7874,t,117.74611437133201,117.74611437133201
7875,c,45.99074355932719,47.13654118285339
7876,c,117.74611437133201,117.74611437133201
7877,c,37.14247468758328,38.49832965546891
7878,c,117.74611437133201,117.74611437133201
7879,c,28.32809413305858,32.677243402690834
7880,c,30.796347832958173,38.953746725756424
7881,c,18.24135475771122,18.517009821758016
7882,na,-1,0
7883,c,117.74611437133201,117.74611437133201
7884,c,26.5249933915308,117.74611437133201
7885,c,26.7873575969767,29.493602102551648
7886,c,36.19617015544667,43.75113737362861
7887,c,31.823596159339342,35.455645225296614
7888,c,68.7745610763616,69.86088800090154
7889,c,117.74611437133201,117.74611437133201
7890,t,117.74611437133201,117.74611437133201
7891,c,117.74611437133201,117.74611437133201
7892,c,117.74611437133201,117.74611437133201
7893,t,117.74611437133201,117.74611437133201
7894,c,117.74611437133201,117.74611437133201
7895,t,117.74611437133201,117.74611437133201
7896,c,117.74611437133201,117.74611437133201
7897,c,38.19306859833122,41.79335017549534
7898,t,117.74611437133201,117.74611437133201
7899,c,117.74611437133201,117.74611437133201
7900,c,44.74667825146834,45.36656536369737
7901,c,117.74611437133201,117.74611437133201
7902,c,20.087595939695948,28.519294623535412
7903,c,117.74611437133201,117.74611437133201
7904,c,35.10684213175792,43.147433281426004
7905,c,16.681092057816194,17.936748593052542
7906,c,117.74611437133201,117.74611437133201
7907,t,117.74611437133201,117.74611437133201
7908,c,117.74611437133201,117.74611437133201
7909,c,117.74611437133201,117.74611437133201
7910,c,108.09297394934205,108.55047916994134
7911,c,22.344989751167027,33.5560807691516
7912,c,117.74611437133201,117.74611437133201
7913,c,117.74611437133201,117.74611437133201
7914,c,117.74611437133201,117.74611437133201
7915,c,22.77578370068733,25.021827309681367
7916,c,31.730762937829834,37.0372607026295
7917,c,117.74611437133201,117.74611437133201
7918,c,117.74611437133201,117.74611437133201
7919,c,117.74611437133201,117.74611437133201
7920,c,117.74611437133201,117.74611437133201
7921,c,30.208659723129188,33.094306004280504
7922,c,117.74611437133201,117.74611437133201
7923,c,117.74611437133201,117.74611437133201
7924,c,117.74611437133201,117.74611437133201
7925,c,117.74611437133201,117.74611437133201
7926,c,33.39284283258537,49.047711799675376
7927,c,117.74611437133201,117.74611437133201
7928,c,117.74611437133201,117.74611437133201
7929,c,36.70950703546563,38.52086285288883
7930,c,17.691517131009395,18.683053925286686
7931,c,117.74611437133201,117.74611437133201
7932,c,117.74611437133201,117.74611437133201
7933,t,117.74611437133201,117.74611437133201
7934,c,17.622368574388215,25.967894211060184
7935,c,58.35048828250377,59.02320696100049
7936,c,117.74611437133201,117.74611437133201
7937,c,57.48882957508656,62.507631336935674
7938,t,117.74611437133201,117.74611437133201
7939,t,117.74611437133201,117.74611437133201
7940,c,35.21115535917197,43.02367318947756
7941,c,23.859449242009322,40.98163453125503
7942,c,117.74611437133201,117.74611437133201
7943,c,43.10408102001162,45.668690075479304
7944,t,117.74611437133201,117.74611437133201
7945,c,117.74611437133201,117.74611437133201
7946,c,117.74611437133201,117.74611437133201
7947,na,23.303508420465057,25.010632098156375
7948,c,117.74611437133201,117.74611437133201
7949,c,117.74611437133201,117.74611437133201
7950,t,117.74611437133201,117.74611437133201
7951,t,117.74611437133201,117.74611437133201
7952,c,35.50896087111638,40.61424505322695
7953,c,117.74611437133201,117.74611437133201
7954,c,20.89304784188777,30.350383658954158
7955,c,117.74611437133201,117.74611437133201
7956,c,117.74611437133201,117.74611437133201
7957,c,24.11551171937703,25.563177880308782
7958,c,117.74611437133201,117.74611437133201
7959,t,117.74611437133201,117.74611437133201
7960,c,117.74611437133201,117.74611437133201
7961,c,117.74611437133201,117.74611437133201
7962,c,117.74611437133201,117.74611437133201
7963,na,0,6.5413934907807185
7964,c,117.74611437133201,117.74611437133201
7965,t,117.74611437133201,117.74611437133201
7966,c,9.16297563550097,11.28729745010707
7967,t,117.74611437133201,117.74611437133201
7968,c,117.74611437133201,117.74611437133201
7969,c,56.89725209637298,58.853460391315984
7970,c,23.143869164165498,24.884712482313493
7971,c,117.74611437133201,117.74611437133201
7972,c,40.803882095611726,41.54542462117173
7973,t,117.74611437133201,117.74611437133201
7974,na,5.030030318086734,9.135284999526583
7975,c,31.386327396766294,34.75481114308584
7976,c,117.74611437133201,117.74611437133201
7977,c,117.74611437133201,117.74611437133201
7978,c,117.74611437133201,117.74611437133201
7979,c,117.74611437133201,117.74611437133201
7980,c,34.440978362186094,35.65525595027599
7981,c,117.74611437133201,117.74611437133201
7982,c,117.74611437133201,117.74611437133201
7983,c,26.682635541749917,31.340425641673473
7984,c,117.74611437133201,117.74611437133201
7985,c,117.74611437133201,117.74611437133201
7986,c,117.74611437133201,117.74611437133201
7987,c,69.38157441215274,117.74611437133201
7988,c,10.6775419316846,16.706781141730673
7989,c,117.74611437133201,117.74611437133201
7990,c,117.74611437133201,117.74611437133201
7991,c,117.74611437133201,117.74611437133201
7992,c,9.109731337976779,17.727466535478325
7993,c,30.774671726312636,36.16357970241695
7994,c,12.390671870469173,13.75679054844309
7995,c,117.74611437133201,117.74611437133201
7996,c,117.74611437133201,117.74611437133201
7997,c,27.854734452264587,43.457863611924786
7998,c,117.74611437133201,117.74611437133201
7999,c,9.006960172887442,19.689808291630154
8000,c,117.74611437133201,117.74611437133201
8001,c,10.731864491897465,12.60047489669881
8002,c,58.65961201282569,76.20060680341311
8003,t,117.74611437133201,117.74611437133201
8004,c,117.74611437133201,117.74611437133201
8005,c,32.005805975395845,37.00504992659953
8006,c,51.657333021567865,59.79341317442249
8007,c,12.449599861055134,16.228454911622755
8008,c,43.0489688993496,45.3426254796989
8009,c,117.74611437133201,117.74611437133201
8010,t,117.74611437133201,117.74611437133201
8011,c,41.16825437028696,117.74611437133201
8012,c,117.74611437133201,117.74611437133201
8013,c,117.74611437133201,117.74611437133201
8014,c,117.74611437133201,117.74611437133201
8015,c,117.74611437133201,117.74611437133201
8016,c,47.43635889639657,54.10094666745928
8017,c,117.74611437133201,117.74611437133201
8018,c,18.87627865211044,20.234258287982843
8019,c,117.74611437133201,117.74611437133201
8020,c,117.74611437133201,117.74611437133201
8021,c,117.74611437133201,117.74611437133201
8022,c,43.83894157659705,43.8707754978841
8023,c,117.74611437133201,117.74611437133201
8024,c,117.74611437133201,117.74611437133201
8025,t,117.74611437133201,117.74611437133201
8026,c,117.74611437133201,117.74611437133201
8027,t,117.74611437133201,117.74611437133201
8028,t,117.74611437133201,117.74611437133201
8029,c,7.761308554618225,8.208444037844119
8030,c,117.74611437133201,117.74611437133201
8031,c,11.497191813469556,12.825476220256224
8032,c,117.74611437133201,117.74611437133201
8033,c,26.235397679798023,27.472013141449168
8034,c,34.617597329777205,36.26586377694786
8035,c,117.74611437133201,117.74611437133201
8036,c,117.74611437133201,117.74611437133201
8037,c,117.74611437133201,117.74611437133201
8038,c,46.25988209194957,54.78792113932524
8039,t,117.74611437133201,117.74611437133201
8040,c,54.59785059762285,117.74611437133201
8041,c,6.386930860474791,9.319630469997769
8042,c,117.74611437133201,117.74611437133201
8043,t,117.74611437133201,117.74611437133201
8044,c,12.285536389488522,23.410101226825986
8045,c,53.73889278977525,65.7316898274651
8046,t,117.74611437133201,117.74611437133201
8047,c,117.74611437133201,117.74611437133201
8048,c,117.74611437133201,117.74611437133201
8049,t,117.74611437133201,117.74611437133201
8050,c,117.74611437133201,117.74611437133201
8051,na,-1,0
8052,c,25.326534713825637,29.79221809221192
8053,c,117.74611437133201,117.74611437133201
8054,c,24.88014338544823,35.14853228764604
8055,c,34.97582341975832,36.676519030422114
8056,c,117.74611437133201,117.74611437133201
8057,c,117.74611437133201,117.74611437133201
8058,t,117.74611437133201,117.74611437133201
8059,c,117.74611437133201,117.74611437133201
8060,t,117.74611437133201,117.74611437133201
8061,c,16.66352789676755,17.8646454382709
8062,c,55.30311832399837,57.41794479898362
8063,t,117.74611437133201,117.74611437133201
8064,c,117.74611437133201,117.74611437133201
8065,c,14.284112750453328,15.113703751382305
8066,c,117.74611437133201,117.74611437133201
8067,t,117.74611437133201,117.74611437133201
8068,c,31.98540757088499,33.5489193543901
8069,c,117.74611437133201,117.74611437133201
8070,c,117.74611437133201,117.74611437133201
8071,c,31.428748653942613,32.95262631990829
8072,c,117.74611437133201,117.74611437133201
8073,t,117.74611437133201,117.74611437133201
8074,c,117.74611437133201,117.74611437133201
8075,c,117.74611437133201,117.74611437133201
8076,c,117.74611437133201,117.74611437133201
8077,c,12.9160796143633,16.910744298556047
8078,t,117.74611437133201,117.74611437133201
8079,c,117.74611437133201,117.74611437133201
8080,c,117.74611437133201,117.74611437133201
8081,t,117.74611437133201,117.74611437133201
8082,c,13.604783539987093,117.74611437133201
8083,t,117.74611437133201,117.74611437133201
8084,c,36.95955668657364,45.196449053711625
8085,c,117.74611437133201,117.74611437133201
8086,t,117.74611437133201,117.74611437133201
8087,c,34.96935625076204,38.61218624204562
8088,c,117.74611437133201,117.74611437133201
8089,c,117.74611437133201,117.74611437133201
8090,c,11.0840490778507,11.621211158431588
8091,c,26.310237301409856,29.59315455276175
8092,c,117.74611437133201,117.74611437133201
8093,c,117.74611437133201,117.74611437133201
8094,c,117.74611437133201,117.74611437133201
8095,c,117.74611437133201,117.74611437133201
8096,c,30.14647184821642,31.97737998099167
8097,t,117.74611437133201,117.74611437133201
8098,c,117.74611437133201,117.74611437133201
8099,c,117.74611437133201,117.74611437133201
8100,c,60.98734055197833,62.34076831582784
8101,c,117.74611437133201,117.74611437133201
8102,t,117.74611437133201,117.74611437133201
8103,c,32.70518273367852,37.51143301132723
8104,c,117.74611437133201,117.74611437133201
8105,c,18.63338175498524,23.890005218997732
8106,c,39.333574825986254,46.55639554545904
8107,c,24.497534456625385,29.65700705767248
8108,c,117.74611437133201,117.74611437133201
8109,c,117.74611437133201,117.74611437133201
8110,t,117.74611437133201,117.74611437133201
8111,c,117.74611437133201,117.74611437133201
8112,c,30.404103458545077,31.112179725052805
8113,c,37.82158120562283,46.365328277113065
8114,c,24.249239021467794,25.021476811791675
8115,c,117.74611437133201,117.74611437133201
8116,t,117.74611437133201,117.74611437133201
8117,c,38.5659593378454,42.86878670016006
8118,c,30.55415371480759,33.311894877045276
8119,c,117.74611437133201,117.74611437133201
8120,c,19.182214382810542,21.52380263670256
8121,t,117.74611437133201,117.74611437133201
8122,c,117.74611437133201,117.74611437133201
8123,c,117.74611437133201,117.74611437133201
8124,c,117.74611437133201,117.74611437133201
8125,t,117.74611437133201,117.74611437133201
8126,c,117.74611437133201,117.74611437133201
8127,c,117.74611437133201,117.74611437133201
8128,c,117.74611437133201,117.74611437133201
8129,c,117.74611437133201,117.74611437133201
8130,c,21.50077011156448,21.923604291897274
8131,c,117.74611437133201,117.74611437133201
8132,c,22.578152132675005,32.937789389389785
8133,c,117.74611437133201,117.74611437133201
8134,c,117.74611437133201,117.74611437133201
8135,c,117.74611437133201,117.74611437133201
8136,c,117.74611437133201,117.74611437133201
8137,c,24.715557433324715,24.726592961690216
8138,c,27.541468658316393,117.74611437133201
8139,c,19.523890479895265,21.709611744932864
8140,c,117.74611437133201,117.74611437133201
8141,c,117.74611437133201,117.74611437133201
8142,c,30.453686580507522,36.10506049755917
8143,c,117.74611437133201,117.74611437133201
8144,c,33.34007698414318,47.18147770205108
8145,c,117.74611437133201,117.74611437133201
8146,c,117.74611437133201,117.74611437133201
8147,t,117.74611437133201,117.74611437133201
8148,c,117.74611437133201,117.74611437133201
8149,c,117.74611437133201,117.74611437133201
8150,c,117.74611437133201,117.74611437133201
8151,c,117.74611437133201,117.74611437133201
8152,c,117.74611437133201,117.74611437133201
8153,t,117.74611437133201,117.74611437133201
8154,c,30.076859476241456,117.74611437133201
8155,c,117.74611437133201,117.74611437133201
8156,c,8.762072382635873,14.701236144941351
8157,c,117.74611437133201,117.74611437133201
8158,c,19.79448787452875,20.466989261883718
8159,c,117.74611437133201,117.74611437133201
8160,c,25.451158028489527,26.895709271595138
8161,c,117.74611437133201,117.74611437133201
8162,c,5.758083945319789,10.173845455847717
8163,c,10.93226638315688,11.443004954792045
8164,c,55.95812725053343,117.74611437133201
8165,c,117.74611437133201,117.74611437133201
8166,c,117.74611437133201,117.74611437133201
8167,c,12.635351429162926,13.596790131123221
8168,c,6.432474162190415,8.911885174434452
8169,c,117.74611437133201,117.74611437133201
8170,t,117.74611437133201,117.74611437133201
8171,c,117.74611437133201,117.74611437133201
8172,c,117.74611437133201,117.74611437133201
8173,c,117.74611437133201,117.74611437133201
8174,c,117.74611437133201,117.74611437133201
8175,c,117.74611437133201,117.74611437133201
8176,t,117.74611437133201,117.74611437133201
8177,c,117.74611437133201,117.74611437133201
8178,c,117.74611437133201,117.74611437133201
8179,c,117.74611437133201,117.74611437133201
8180,c,117.74611437133201,117.74611437133201
8181,c,117.74611437133201,117.74611437133201
8182,c,19.136017632956253,21.82265022392598
8183,c,20.967365134017143,117.74611437133201
8184,t,117.74611437133201,117.74611437133201
8185,c,20.196865297497116,24.68205777684959
8186,c,32.87025626881858,39.07044823574916
8187,c,117.74611437133201,117.74611437133201
8188,c,36.32095738428139,43.43537389158209
8189,c,22.577504420036068,23.879387054338892
8190,c,117.74611437133201,117.74611437133201
8191,c,117.74611437133201,117.74611437133201
8192,t,117.74611437133201,117.74611437133201
8193,c,117.74611437133201,117.74611437133201
8194,c,117.74611437133201,117.74611437133201
8195,c,117.74611437133201,117.74611437133201
8196,t,117.74611437133201,117.74611437133201
8197,c,5.131679471147731,5.528984891293617
8198,c,117.74611437133201,117.74611437133201
8199,c,117.74611437133201,117.74611437133201
8200,c,117.74611437133201,117.74611437133201
8201,c,14.39540564940041,14.917863783869446
8202,c,21.217084203044077,22.2026795551811
8203,c,117.74611437133201,117.74611437133201
8204,c,117.74611437133201,117.74611437133201
8205,c,26.38979766729299,32.197868857772264
8206,t,117.74611437133201,117.74611437133201
8207,c,117.74611437133201,117.74611437133201
8208,c,117.74611437133201,117.74611437133201
8209,c,20.5641822927444,21.113078131629763
8210,c,19.802812135102517,22.016095605470618
8211,t,117.74611437133201,117.74611437133201
8212,t,117.74611437133201,117.74611437133201
8213,c,27.338972046113593,29.65096874852018
8214,c,51.023497796725096,57.89643971613446
8215,c,117.74611437133201,117.74611437133201
8216,t,117.74611437133201,117.74611437133201
8217,t,117.74611437133201,117.74611437133201
8218,c,13.308985823008795,21.27301185584554
8219,t,117.74611437133201,117.74611437133201
8220,t,117.74611437133201,117.74611437133201
8221,c,17.694142413109137,32.7745925071116
8222,c,15.24822412973243,16.512781837215293
8223,c,117.74611437133201,117.74611437133201
8224,t,117.74611437133201,117.74611437133201
8225,c,29.096414945982158,33.30052274115663
8226,c,117.74611437133201,117.74611437133201
8227,c,18.283212402942834,35.82725769383586
8228,c,117.74611437133201,117.74611437133201
8229,t,117.74611437133201,117.74611437133201
8230,c,117.74611437133201,117.74611437133201
8231,c,35.33090470629928,50.82917223862134
8232,c,117.74611437133201,117.74611437133201
8233,c,117.74611437133201,117.74611437133201
8234,c,117.74611437133201,117.74611437133201
8235,c,14.666794889683572,18.11849581236962
8236,c,117.74611437133201,117.74611437133201
8237,t,117.74611437133201,117.74611437133201
8238,c,117.74611437133201,117.74611437133201
8239,t,117.74611437133201,117.74611437133201
8240,c,117.74611437133201,117.74611437133201
8241,c,117.74611437133201,117.74611437133201
8242,c,117.74611437133201,117.74611437133201
8243,c,117.74611437133201,117.74611437133201
8244,c,38.107517183512094,39.669306671981225
8245,c,50.59155000820064,51.25225998499991
8246,c,22.07135120186811,25.029321895287012
8247,c,19.460271228519133,27.043183194988455
8248,c,117.74611437133201,117.74611437133201
8249,c,15.247072120237197,20.391774861857503
8250,c,117.74611437133201,117.74611437133201
8251,t,117.74611437133201,117.74611437133201
8252,c,24.054760082253534,24.149909174962204
8253,t,117.74611437133201,117.74611437133201
8254,c,117.74611437133201,117.74611437133201
8255,c,117.74611437133201,117.74611437133201
8256,c,117.74611437133201,117.74611437133201
8257,c,44.41895641349264,56.95747280293873
8258,t,117.74611437133201,117.74611437133201
8259,t,117.74611437133201,117.74611437133201
8260,c,117.74611437133201,117.74611437133201
8261,c,117.74611437133201,117.74611437133201
8262,t,117.74611437133201,117.74611437133201
8263,c,66.07811599727711,67.99512122890079
8264,c,42.11783026873484,43.40418235134216
8265,t,117.74611437133201,117.74611437133201
8266,c,39.830750636956445,42.565754201893505
8267,c,117.74611437133201,117.74611437133201
8268,c,117.74611437133201,117.74611437133201
8269,c,117.74611437133201,117.74611437133201
8270,t,117.74611437133201,117.74611437133201
8271,c,117.74611437133201,117.74611437133201
8272,c,117.74611437133201,117.74611437133201
8273,c,44.6290558880313,46.86879054148747
8274,c,50.01684276650151,62.069892686202984
8275,c,117.74611437133201,117.74611437133201
8276,c,13.029269063878765,19.943103479283202
8277,c,35.370440483618474,46.06214282541978
8278,c,117.74611437133201,117.74611437133201
8279,c,117.74611437133201,117.74611437133201
8280,t,117.74611437133201,117.74611437133201
8281,t,117.74611437133201,117.74611437133201
8282,t,117.74611437133201,117.74611437133201
8283,c,70.73467095091694,72.86316444826728
8284,c,19.73732252055678,20.36296003319986
8285,c,117.74611437133201,117.74611437133201
8286,c,117.74611437133201,117.74611437133201
8287,c,117.74611437133201,117.74611437133201
8288,c,117.74611437133201,117.74611437133201
8289,c,31.659328473758205,45.05328737928945
8290,c,117.74611437133201,117.74611437133201
8291,c,39.8002808607217,49.7616149849301
8292,c,39.453725753499036,45.652181000525395
8293,c,117.74611437133201,117.74611437133201
8294,t,117.74611437133201,117.74611437133201
8295,c,34.51883553752212,34.822856384509365
8296,c,16.886231872162888,18.306674892866912
8297,t,117.74611437133201,117.74611437133201
8298,c,27.657509852562516,33.034446866511715
8299,c,117.74611437133201,117.74611437133201
8300,c,18.706506821614013,20.664137279344708
8301,t,117.74611437133201,117.74611437133201
8302,c,117.74611437133201,117.74611437133201
8303,c,26.83301812903829,41.34050370190848
8304,c,117.74611437133201,117.74611437133201
8305,c,117.74611437133201,117.74611437133201
8306,c,117.74611437133201,117.74611437133201
8307,t,117.74611437133201,117.74611437133201
8308,c,117.74611437133201,117.74611437133201
8309,c,117.74611437133201,117.74611437133201
8310,c,117.74611437133201,117.74611437133201
8311,c,50.70199031330401,52.156889743742006
8312,c,117.74611437133201,117.74611437133201
8313,na,-1,0
8314,t,117.74611437133201,117.74611437133201
8315,c,117.74611437133201,117.74611437133201
8316,c,19.49195892743826,20.319607572291392
8317,c,117.74611437133201,117.74611437133201
8318,c,117.74611437133201,117.74611437133201
8319,c,117.74611437133201,117.74611437133201
8320,t,117.74611437133201,117.74611437133201
8321,c,52.00046235197964,53.91477247180212
8322,c,12.6618852589135,16.185147329676393
8323,c,117.74611437133201,117.74611437133201
8324,c,43.34404518621589,48.06739341728289
8325,na,0,1.305797768754286
8326,c,117.74611437133201,117.74611437133201
8327,c,16.193260681259247,17.015390791327867
8328,c,19.129484115818954,24.882188461459897
8329,c,117.74611437133201,117.74611437133201
8330,t,117.74611437133201,117.74611437133201
8331,t,117.74611437133201,117.74611437133201
8332,t,117.74611437133201,117.74611437133201
8333,c,20.79940721637719,27.80475660005844
8334,c,117.74611437133201,117.74611437133201
8335,c,30.95920205307112,38.31409289639698
8336,c,117.74611437133201,117.74611437133201
8337,c,117.74611437133201,117.74611437133201
8338,c,117.74611437133201,117.74611437133201
8339,c,117.74611437133201,117.74611437133201
8340,t,117.74611437133201,117.74611437133201
8341,c,34.930886711139685,117.74611437133201
8342,c,117.74611437133201,117.74611437133201
8343,t,117.74611437133201,117.74611437133201
8344,t,117.74611437133201,117.74611437133201
8345,c,117.74611437133201,117.74611437133201
8346,c,28.063605065464383,33.006211077069786
8347,c,117.74611437133201,117.74611437133201
8348,c,117.74611437133201,117.74611437133201
8349,c,25.2066593124221,33.08745715211216
8350,c,72.66834913601821,74.53180440289876
8351,c,12.862063569938266,13.335488309227474
8352,c,117.74611437133201,117.74611437133201
8353,t,117.74611437133201,117.74611437133201
8354,c,35.41973731641153,38.498250736725765
8355,c,32.664850378717915,36.14169110508774
8356,t,117.74611437133201,117.74611437133201
8357,c,24.678200097037667,26.95231329442482
8358,c,56.700149759805626,70.86488271414719
8359,c,117.74611437133201,117.74611437133201
8360,c,117.74611437133201,117.74611437133201
8361,c,21.538636545898672,27.79709412001592
8362,c,29.43565106722537,37.23359954890204
8363,t,117.74611437133201,117.74611437133201
8364,c,117.74611437133201,117.74611437133201
8365,c,117.74611437133201,117.74611437133201
8366,na,-1,0
8367,c,117.74611437133201,117.74611437133201
8368,c,7.548739648478576,12.140286668935834
8369,t,117.74611437133201,117.74611437133201
8370,c,7.061915029406002,20.682742912207274
8371,c,117.74611437133201,117.74611437133201
8372,c,117.74611437133201,117.74611437133201
8373,c,117.74611437133201,117.74611437133201
8374,c,22.382151767686786,33.23482169051539
8375,t,117.74611437133201,117.74611437133201
8376,t,117.74611437133201,117.74611437133201
8377,c,117.74611437133201,117.74611437133201
8378,c,117.74611437133201,117.74611437133201
8379,c,28.191503016748765,31.190667990063133
8380,na,0,3.817769113926089
8381,c,117.74611437133201,117.74611437133201
8382,c,24.78474098485934,29.750527563242443
8383,c,23.31832469864456,30.283341965486613
8384,c,117.74611437133201,117.74611437133201
8385,c,58.600729072810836,60.42941515173229
8386,c,117.74611437133201,117.74611437133201
8387,c,117.74611437133201,117.74611437133201
8388,c,117.74611437133201,117.74611437133201
8389,c,117.74611437133201,117.74611437133201
8390,c,40.20171002222418,40.44693580244719
8391,c,117.74611437133201,117.74611437133201
8392,c,51.29654991069769,56.679036442699434
8393,c,117.74611437133201,117.74611437133201
8394,t,117.74611437133201,117.74611437133201
8395,c,117.74611437133201,117.74611437133201
8396,c,36.13738491567039,36.55794348472865
8397,c,44.4722472158836,117.74611437133201
8398,c,36.33141444066825,37.409072653404216
8399,t,117.74611437133201,117.74611437133201
8400,c,88.87163548253982,91.85178527732718
8401,c,117.74611437133201,117.74611437133201
8402,c,117.74611437133201,117.74611437133201
8403,c,117.74611437133201,117.74611437133201
8404,c,117.74611437133201,117.74611437133201
8405,c,117.74611437133201,117.74611437133201
8406,c,117.74611437133201,117.74611437133201
8407,c,30.669758973423978,42.772268643167855
8408,c,42.33582196143856,53.81321665150444
8409,c,16.890527365498208,18.41041863868256
8410,c,117.74611437133201,117.74611437133201
8411,c,33.88648839682606,117.74611437133201
8412,c,21.14531256761703,23.633590025723528
8413,c,117.74611437133201,117.74611437133201
8414,c,117.74611437133201,117.74611437133201
8415,c,117.74611437133201,117.74611437133201
8416,c,117.74611437133201,117.74611437133201
8417,c,9.53851828931323,14.578119563350844
8418,c,117.74611437133201,117.74611437133201
8419,c,117.74611437133201,117.74611437133201
8420,c,117.74611437133201,117.74611437133201
8421,c,117.74611437133201,117.74611437133201
8422,c,117.74611437133201,117.74611437133201
8423,na,16.403302425113043,17.762765670666546
8424,c,26.94405931167665,27.37314644004214
8425,c,32.03314945823105,32.37627553924675
8426,c,25.2144130793145,117.74611437133201
8427,c,12.020858378881345,13.276223102191805
8428,c,117.74611437133201,117.74611437133201
8429,c,117.74611437133201,117.74611437133201
8430,t,117.74611437133201,117.74611437133201
8431,c,117.74611437133201,117.74611437133201
8432,c,30.595047410672603,30.620316732252675
8433,t,117.74611437133201,117.74611437133201
8434,c,117.74611437133201,117.74611437133201
8435,t,117.74611437133201,117.74611437133201
8436,c,117.74611437133201,117.74611437133201
8437,c,69.81741821203066,70.53548121714304
8438,c,117.74611437133201,117.74611437133201
8439,c,40.56484573627255,44.08174544844328
8440,c,117.74611437133201,117.74611437133201
8441,c,117.74611437133201,117.74611437133201
8442,na,0,11.196365375868618
8443,c,24.83689885212203,27.134265541515177
8444,t,117.74611437133201,117.74611437133201
8445,c,117.74611437133201,117.74611437133201
8446,c,117.74611437133201,117.74611437133201
8447,t,117.74611437133201,117.74611437133201
8448,c,15.089236233360861,16.13654893128753
8449,c,117.74611437133201,117.74611437133201
8450,c,18.696493530709343,21.914824148152867
8451,c,117.74611437133201,117.74611437133201
8452,c,22.409531883127713,26.51838794746618
8453,t,117.74611437133201,117.74611437133201
8454,c,25.682333371306946,36.31581061693962
8455,c,117.74611437133201,117.74611437133201
8456,t,117.74611437133201,117.74611437133201
8457,t,117.74611437133201,117.74611437133201
8458,c,117.74611437133201,117.74611437133201
8459,t,117.74611437133201,117.74611437133201
8460,c,36.16420098473808,43.463871673388056
8461,c,117.74611437133201,117.74611437133201
8462,t,117.74611437133201,117.74611437133201
8463,t,117.74611437133201,117.74611437133201
8464,c,22.436672576324682,25.0866065819627
8465,c,44.18195245356408,52.04543439030877
8466,c,17.009868665370124,19.531753090219105
8467,c,18.53761877710413,21.210684945964505
8468,c,117.74611437133201,117.74611437133201
8469,c,20.278872574682513,20.337922873493532
8470,c,73.82947700113583,75.16393643856792
8471,c,117.74611437133201,117.74611437133201
8472,c,9.126478169144017,30.670670555381257
8473,c,117.74611437133201,117.74611437133201
8474,c,117.74611437133201,117.74611437133201
8475,c,8.083476723849847,12.05976502475288
8476,c,7.455248681549667,15.339697748025609
8477,c,32.45202388546515,37.99559521343389
8478,t,117.74611437133201,117.74611437133201
8479,c,10.056604989631929,13.629406899433478
8480,c,117.74611437133201,117.74611437133201
8481,c,17.517754886880113,19.51048874129085
8482,c,47.53197628277975,58.94211812004437
8483,c,117.74611437133201,117.74611437133201
8484,c,17.76643251061367,20.335359492517554
8485,c,117.74611437133201,117.74611437133201
8486,t,117.74611437133201,117.74611437133201
8487,c,117.74611437133201,117.74611437133201
8488,c,117.74611437133201,117.74611437133201
8489,t,117.74611437133201,117.74611437133201
8490,c,117.74611437133201,117.74611437133201
8491,t,117.74611437133201,117.74611437133201
8492,c,22.473294729169524,28.82178712949043
8493,c,117.74611437133201,117.74611437133201
8494,c,117.74611437133201,117.74611437133201
8495,c,10.466914768530355,11.564493915034745
8496,t,117.74611437133201,117.74611437133201
8497,c,92.34260857679423,107.26302848172095
8498,c,117.74611437133201,117.74611437133201
8499,c,117.74611437133201,117.74611437133201
8500,c,117.74611437133201,117.74611437133201
8501,c,25.666920709084312,28.401021786077997
8502,t,117.74611437133201,117.74611437133201
8503,c,16.496033581895006,19.688107138518916
8504,c,117.74611437133201,117.74611437133201
8505,c,24.49271164752148,30.386253338789295
8506,t,117.74611437133201,117.74611437133201
8507,t,117.74611437133201,117.74611437133201
8508,na,0,0.16704501601533325
8509,t,117.74611437133201,117.74611437133201
8510,c,117.74611437133201,117.74611437133201
8511,c,117.74611437133201,117.74611437133201
8512,c,22.781254687211494,23.489536657852568
8513,c,117.74611437133201,117.74611437133201
8514,c,38.938835157146706,40.47036269992533
8515,t,117.74611437133201,117.74611437133201
8516,c,117.74611437133201,117.74611437133201
8517,c,117.74611437133201,117.74611437133201
8518,c,12.766503649771291,13.558654152721383
8519,c,30.250607367361383,32.91215325025327
8520,c,27.721913631643055,28.390542390359453
8521,c,18.36342513600443,24.012403655349793
8522,c,117.74611437133201,117.74611437133201
8523,c,31.905962210352143,36.8607261880932
8524,c,7.999314752883648,12.810926948900208
8525,c,24.686168787672788,25.019434019607573
8526,c,50.133964449121514,52.817175230181725
8527,c,117.74611437133201,117.74611437133201
8528,c,117.74611437133201,117.74611437133201
8529,c,117.74611437133201,117.74611437133201
8530,c,117.74611437133201,117.74611437133201
8531,c,117.74611437133201,117.74611437133201
8532,c,117.74611437133201,117.74611437133201
8533,t,117.74611437133201,117.74611437133201
8534,c,117.74611437133201,117.74611437133201
8535,c,29.524512235570384,35.511134431208674
8536,c,117.74611437133201,117.74611437133201
8537,t,117.74611437133201,117.74611437133201
8538,c,36.09426906609505,36.771473765434315
8539,t,117.74611437133201,117.74611437133201
8540,t,117.74611437133201,117.74611437133201
8541,c,33.2880514885116,34.84825318366315
8542,c,117.74611437133201,117.74611437133201
8543,c,24.011160913179978,32.78514959948203
8544,c,23.99106286124084,24.25121928997085
8545,c,117.74611437133201,117.74611437133201
8546,c,117.74611437133201,117.74611437133201
8547,c,50.57345868628988,61.623627560290906
8548,c,21.688035594924447,21.8922084365036
8549,c,27.21384223992415,37.89778583547766
8550,c,117.74611437133201,117.74611437133201
8551,c,12.903823779099673,20.821267650368217
8552,c,117.74611437133201,117.74611437133201
8553,c,117.74611437133201,117.74611437133201
8554,c,117.74611437133201,117.74611437133201
8555,c,117.74611437133201,117.74611437133201
8556,c,117.74611437133201,117.74611437133201
8557,c,117.74611437133201,117.74611437133201
8558,t,117.74611437133201,117.74611437133201
8559,c,117.74611437133201,117.74611437133201
8560,c,117.74611437133201,117.74611437133201
8561,c,35.49369870507704,39.408748870095486
8562,c,117.74611437133201,117.74611437133201
8563,c,117.74611437133201,117.74611437133201
8564,na,2.0178093289318513,4.325866624184144
8565,t,117.74611437133201,117.74611437133201
8566,t,117.74611437133201,117.74611437133201
8567,c,27.54266506413728,29.093170976363435
8568,c,117.74611437133201,117.74611437133201
8569,c,117.74611437133201,117.74611437133201
8570,c,18.762751270249776,23.64409697235254
8571,c,58.15772004061538,60.06805784517519
8572,c,24.33090513091988,25.395338276851156
8573,c,51.98104108423923,60.13395970725195
8574,t,117.74611437133201,117.74611437133201
8575,c,95.29624147687231,99.94363766901388
8576,c,117.74611437133201,117.74611437133201
8577,t,117.74611437133201,117.74611437133201
8578,c,117.74611437133201,117.74611437133201
8579,c,117.74611437133201,117.74611437133201
8580,t,117.74611437133201,117.74611437133201
8581,na,-1,0
8582,c,8.789546822432387,15.05581781590338
8583,c,117.74611437133201,117.74611437133201
8584,t,117.74611437133201,117.74611437133201
8585,c,22.23222587078078,22.899459975656082
8586,c,36.12853760066538,57.353535607351326
8587,c,28.933963928597674,29.644013553151492
8588,t,117.74611437133201,117.74611437133201
8589,c,51.44047918269255,60.10978537842176
8590,c,31.844377111982094,33.696270489202234
8591,c,117.74611437133201,117.74611437133201
8592,t,117.74611437133201,117.74611437133201
8593,c,28.809884134521827,31.26396959147859
8594,c,117.74611437133201,117.74611437133201
8595,c,8.943635472264468,9.975208161831706
8596,t,117.74611437133201,117.74611437133201
8597,c,117.74611437133201,117.74611437133201
8598,c,14.78370943462065,24.57079640635825
8599,c,35.028104604941674,35.97078606334918
8600,c,19.534401960792113,24.773061123770056
8601,c,117.74611437133201,117.74611437133201
8602,c,117.74611437133201,117.74611437133201
8603,c,12.344907108553755,13.798077625360214
8604,na,0.8801885186222762,2.940761758671882
8605,t,117.74611437133201,117.74611437133201
8606,c,117.74611437133201,117.74611437133201
8607,c,11.592285894353587,13.914058542452178
8608,c,117.74611437133201,117.74611437133201
8609,c,117.74611437133201,117.74611437133201
8610,c,117.74611437133201,117.74611437133201
8611,t,117.74611437133201,117.74611437133201
8612,c,24.21829712694565,24.30329465842056
8613,c,25.16418737084221,27.54266154784021
8614,c,117.74611437133201,117.74611437133201
8615,na,0,2.4012418718259663
8616,c,21.273291690980734,23.80898033712042
8617,c,117.74611437133201,117.74611437133201
8618,t,117.74611437133201,117.74611437133201
8619,c,117.74611437133201,117.74611437133201
8620,t,117.74611437133201,117.74611437133201
8621,c,42.10530970070557,45.68465401055317
8622,c,16.404924820765743,16.746292830429084
8623,c,117.74611437133201,117.74611437133201
8624,c,117.74611437133201,117.74611437133201
8625,c,62.08014698489104,65.48888968238808
8626,c,117.74611437133201,117.74611437133201
8627,t,117.74611437133201,117.74611437133201
8628,c,35.31001232827771,36.594263034771856
8629,t,117.74611437133201,117.74611437133201
8630,c,25.080315854041487,35.60609031397558
8631,c,117.74611437133201,117.74611437133201
8632,c,32.00176086575287,32.35341524123237
8633,c,117.74611437133201,117.74611437133201
8634,t,117.74611437133201,117.74611437133201
8635,c,117.74611437133201,117.74611437133201
8636,c,117.74611437133201,117.74611437133201
8637,c,32.21213917907109,36.612914343252406
8638,c,28.482154198779895,117.74611437133201
8639,c,36.41877052126532,49.265114334330626
8640,c,117.74611437133201,117.74611437133201
8641,c,62.067535738069644,63.373051911587545
8642,t,117.74611437133201,117.74611437133201
8643,c,24.284181931554702,25.890932712369914
8644,c,43.96033239902614,47.43154720331449
8645,t,117.74611437133201,117.74611437133201
8646,c,20.010256856403803,27.956419752864377
8647,t,117.74611437133201,117.74611437133201
8648,c,117.74611437133201,117.74611437133201
8649,t,117.74611437133201,117.74611437133201
8650,t,117.74611437133201,117.74611437133201
8651,c,46.016479207577724,54.765381238342385
8652,t,117.74611437133201,117.74611437133201
8653,c,12.363124090109158,14.44462503001456
8654,c,31.7894909661189,35.06099222670758
8655,c,117.74611437133201,117.74611437133201
8656,c,117.74611437133201,117.74611437133201
8657,c,23.141653830685723,29.89396938363846
8658,c,38.86369941141809,46.36331676111781
8659,c,117.74611437133201,117.74611437133201
8660,c,117.74611437133201,117.74611437133201
8661,c,117.74611437133201,117.74611437133201
8662,t,117.74611437133201,117.74611437133201
8663,c,57.09987299461249,71.089728525242
8664,c,117.74611437133201,117.74611437133201
8665,c,117.74611437133201,117.74611437133201
8666,t,117.74611437133201,117.74611437133201
8667,c,10.595821056540439,17.529646224902663
8668,c,8.306260949848326,9.748165279250776
8669,c,38.186291259517006,40.32278959101825
8670,c,17.13593336780439,117.74611437133201
8671,c,117.74611437133201,117.74611437133201
8672,c,117.74611437133201,117.74611437133201
8673,t,117.74611437133201,117.74611437133201
8674,c,117.74611437133201,117.74611437133201
8675,t,117.74611437133201,117.74611437133201
8676,c,40.17453476231508,45.679834722926586
8677,na,2.486803146137804,12.96708930389045
8678,t,117.74611437133201,117.74611437133201
8679,c,117.74611437133201,117.74611437133201
8680,c,117.74611437133201,117.74611437133201
8681,c,117.74611437133201,117.74611437133201
8682,c,37.82147640820343,41.5006011873468
8683,c,117.74611437133201,117.74611437133201
8684,c,117.74611437133201,117.74611437133201
8685,c,117.74611437133201,117.74611437133201
8686,t,117.74611437133201,117.74611437133201
8687,c,117.74611437133201,117.74611437133201
8688,c,117.74611437133201,117.74611437133201
8689,t,117.74611437133201,117.74611437133201
8690,t,117.74611437133201,117.74611437133201
8691,c,26.151156015200087,26.182426966604584
8692,t,117.74611437133201,117.74611437133201
8693,c,117.74611437133201,117.74611437133201
8694,c,117.74611437133201,117.74611437133201
8695,c,117.74611437133201,117.74611437133201
8696,c,117.74611437133201,117.74611437133201
8697,t,117.74611437133201,117.74611437133201
8698,t,117.74611437133201,117.74611437133201
8699,t,117.74611437133201,117.74611437133201
8700,c,117.74611437133201,117.74611437133201
8701,c,100.70760519806338,104.08440068334299
8702,c,23.11814784667823,28.614339770774748
8703,t,117.74611437133201,117.74611437133201
8704,c,6.574783731331817,15.539113950988506
8705,t,117.74611437133201,117.74611437133201
8706,c,117.74611437133201,117.74611437133201
8707,c,117.74611437133201,117.74611437133201
8708,t,117.74611437133201,117.74611437133201
8709,c,22.589475341483425,26.474287707896302
8710,c,117.74611437133201,117.74611437133201
8711,c,28.716055893234223,31.564452369977612
8712,c,117.74611437133201,117.74611437133201
8713,c,21.44275328547989,22.1614831218412
8714,c,14.97888671289084,19.698074186757353
8715,c,117.74611437133201,117.74611437133201
8716,c,47.23767435428693,47.44543623106172
8717,c,49.37328530097225,117.74611437133201
8718,c,62.410451684901055,76.39820017031239
8719,c,26.53176537772874,27.563695830085788
8720,c,48.00122382086114,49.45304814679306
8721,c,117.74611437133201,117.74611437133201
8722,t,117.74611437133201,117.74611437133201
8723,c,117.74611437133201,117.74611437133201
8724,c,47.46032904695784,49.01396527741804
8725,t,117.74611437133201,117.74611437133201
8726,c,117.74611437133201,117.74611437133201
8727,c,117.74611437133201,117.74611437133201
8728,c,117.74611437133201,117.74611437133201
8729,c,18.122362049457678,21.24713496801297
8730,c,117.74611437133201,117.74611437133201
8731,c,16.82187094206693,21.508139412898505
8732,c,117.74611437133201,117.74611437133201
8733,c,117.74611437133201,117.74611437133201
8734,t,117.74611437133201,117.74611437133201
8735,c,46.67513561387576,49.03763013301263
8736,c,117.74611437133201,117.74611437133201
8737,t,117.74611437133201,117.74611437133201
8738,t,117.74611437133201,117.74611437133201
8739,t,117.74611437133201,117.74611437133201
8740,c,117.74611437133201,117.74611437133201
8741,c,39.92071655499143,117.74611437133201
8742,c,38.28318832409066,51.04882252100174
8743,c,117.74611437133201,117.74611437133201
8744,na,1.7295595376377584,5.323159410660273
8745,c,117.74611437133201,117.74611437133201
8746,t,117.74611437133201,117.74611437133201
8747,c,117.74611437133201,117.74611437133201
8748,c,47.64971748513385,48.49347344682867
8749,c,117.74611437133201,117.74611437133201
8750,c,117.74611437133201,117.74611437133201
8751,c,21.159050524795315,25.535042546879012
8752,t,117.74611437133201,117.74611437133201
8753,t,117.74611437133201,117.74611437133201
8754,t,117.74611437133201,117.74611437133201
8755,c,117.74611437133201,117.74611437133201
8756,t,117.74611437133201,117.74611437133201
8757,c,117.74611437133201,117.74611437133201
8758,c,117.74611437133201,117.74611437133201
8759,c,117.74611437133201,117.74611437133201
8760,c,23.075709036929425,31.905374116591677
8761,t,117.74611437133201,117.74611437133201
8762,c,34.34476194983591,34.96897666736646
8763,c,25.079553592552124,45.70423385410958
8764,c,117.74611437133201,117.74611437133201
8765,c,117.74611437133201,117.74611437133201
8766,t,117.74611437133201,117.74611437133201
8767,c,25.783153549592022,26.11722560021598
8768,c,31.42073544193773,33.60715489127775
8769,c,19.08846483587294,21.891367150466802
8770,c,23.535613192234994,25.19004225211573
8771,c,117.74611437133201,117.74611437133201
8772,t,117.74611437133201,117.74611437133201
8773,c,117.74611437133201,117.74611437133201
8774,t,117.74611437133201,117.74611437133201
8775,t,117.74611437133201,117.74611437133201
8776,c,117.74611437133201,117.74611437133201
8777,t,117.74611437133201,117.74611437133201
8778,c,11.23872061444962,22.225515782354577
8779,t,117.74611437133201,117.74611437133201
8780,c,117.74611437133201,117.74611437133201
8781,t,117.74611437133201,117.74611437133201
8782,c,21.834832684535282,24.417081425200802
8783,c,117.74611437133201,117.74611437133201
8784,c,117.74611437133201,117.74611437133201
8785,c,42.87592488136012,49.56995653921838
8786,t,117.74611437133201,117.74611437133201
8787,c,20.609299781892584,30.87786531202653
8788,c,11.495872025241786,14.518407755726559
8789,c,117.74611437133201,117.74611437133201
8790,c,117.74611437133201,117.74611437133201
8791,c,21.525840039489523,28.552594994197854
8792,t,117.74611437133201,117.74611437133201
8793,c,47.31640464732362,54.161020535018835
8794,c,117.74611437133201,117.74611437133201
8795,c,117.74611437133201,117.74611437133201
8796,c,41.87140454886575,52.4746549965327
8797,c,40.61098437909712,43.515631320342635
8798,t,117.74611437133201,117.74611437133201
8799,t,117.74611437133201,117.74611437133201
8800,c,37.92996477969702,54.93096173499364
8801,c,117.74611437133201,117.74611437133201
8802,c,57.56133665019828,60.969484640703826
8803,c,27.84063807875544,27.905728020675568
8804,c,117.74611437133201,117.74611437133201
8805,c,117.74611437133201,117.74611437133201
8806,c,7.594591844118589,10.652129623240343
8807,c,117.74611437133201,117.74611437133201
8808,c,21.471041823630333,22.279719242963683
8809,na,-1,0
8810,c,117.74611437133201,117.74611437133201
8811,c,40.19006266560113,41.65127193480584
8812,c,46.2963258956535,54.639230893159656
8813,c,117.74611437133201,117.74611437133201
8814,c,58.02871506331244,70.56638256291826
8815,t,117.74611437133201,117.74611437133201
8816,c,6.1759823680213595,6.255913569921434
8817,c,17.108827307373442,28.714185355284148
8818,c,117.74611437133201,117.74611437133201
8819,t,117.74611437133201,117.74611437133201
8820,c,47.63394758841453,50.238054725819396
8821,c,20.457882387204613,28.487337847656626
8822,c,12.704559425395558,13.78832378676487
8823,c,117.74611437133201,117.74611437133201
8824,c,12.59097894182411,16.035374567513916
8825,t,117.74611437133201,117.74611437133201
8826,c,117.74611437133201,117.74611437133201
8827,t,117.74611437133201,117.74611437133201
8828,c,117.74611437133201,117.74611437133201
8829,t,117.74611437133201,117.74611437133201
8830,c,21.42708693811603,21.952980144793766
8831,c,117.74611437133201,117.74611437133201
8832,c,67.26388197549764,70.13633564962181
8833,c,65.47362500104619,67.78778975967295
8834,c,117.74611437133201,117.74611437133201
8835,c,61.14810138686607,63.73576756007014
8836,c,117.74611437133201,117.74611437133201
8837,c,117.74611437133201,117.74611437133201
8838,t,117.74611437133201,117.74611437133201
8839,c,117.74611437133201,117.74611437133201
8840,c,117.74611437133201,117.74611437133201
8841,c,6.147692493588145,6.68809762042871
8842,c,13.789458518052866,16.56150618721047
8843,c,88.93172970391839,97.9060846793336
8844,c,117.74611437133201,117.74611437133201
8845,c,117.74611437133201,117.74611437133201
8846,c,24.79007635484637,30.80324785445529
8847,c,117.74611437133201,117.74611437133201
8848,c,26.246899149182788,29.587931774614994
8849,c,117.74611437133201,117.74611437133201
8850,c,16.6415210916526,21.452779261481115
8851,c,117.74611437133201,117.74611437133201
8852,t,117.74611437133201,117.74611437133201
8853,c,51.93737421650056,57.074644506556936
8854,t,117.74611437133201,117.74611437133201
8855,c,117.74611437133201,117.74611437133201
8856,c,117.74611437133201,117.74611437133201
8857,c,117.74611437133201,117.74611437133201
8858,c,27.859002698788544,33.74167168097319
8859,c,117.74611437133201,117.74611437133201
8860,t,117.74611437133201,117.74611437133201
8861,t,117.74611437133201,117.74611437133201
8862,t,117.74611437133201,117.74611437133201
8863,c,62.251101225323495,69.03640952961437
8864,c,16.90508555421914,17.565430039668826
8865,c,117.74611437133201,117.74611437133201
8866,c,4.853838164690926,6.3975848508819
8867,t,117.74611437133201,117.74611437133201
8868,t,117.74611437133201,117.74611437133201
8869,c,117.74611437133201,117.74611437133201
8870,c,61.28023223373876,66.6984151753798
8871,t,117.74611437133201,117.74611437133201
8872,na,-1,0
8873,c,4.773532329063822,7.074683715841302
8874,c,32.06212849423523,36.19621144576425
8875,t,117.74611437133201,117.74611437133201
8876,c,117.74611437133201,117.74611437133201
8877,c,82.96755264627217,84.24779752224336
8878,t,117.74611437133201,117.74611437133201
8879,c,117.74611437133201,117.74611437133201
8880,c,27.138369917720283,34.02394440278451
8881,c,37.722817641911114,38.21560434215526
8882,t,117.74611437133201,117.74611437133201
8883,c,117.74611437133201,117.74611437133201
8884,c,117.74611437133201,117.74611437133201
8885,c,30.889356034548076,31.09370399404356
8886,c,117.74611437133201,117.74611437133201
8887,c,117.74611437133201,117.74611437133201
8888,t,117.74611437133201,117.74611437133201
8889,c,117.74611437133201,117.74611437133201
8890,c,17.856056260771847,18.091425860420834
8891,c,117.74611437133201,117.74611437133201
8892,t,117.74611437133201,117.74611437133201
8893,c,14.825076334005939,22.07401074117128
8894,c,50.94918772197657,51.33086034049336
8895,c,117.74611437133201,117.74611437133201
8896,c,8.004960704805939,10.985019932851259
8897,t,117.74611437133201,117.74611437133201
8898,t,117.74611437133201,117.74611437133201
8899,c,67.50095470791305,69.90170353698635
8900,c,117.74611437133201,117.74611437133201
8901,c,38.061218856901625,45.707587132676544
8902,c,25.055527307857503,29.67913378858028
8903,t,117.74611437133201,117.74611437133201
8904,c,117.74611437133201,117.74611437133201
8905,t,117.74611437133201,117.74611437133201
8906,c,83.56294069310403,95.49147632252458
8907,c,117.74611437133201,117.74611437133201
8908,c,117.74611437133201,117.74611437133201
8909,c,117.74611437133201,117.74611437133201
8910,c,27.351563895031198,38.11671323794187
8911,c,117.74611437133201,117.74611437133201
8912,c,117.74611437133201,117.74611437133201
8913,c,117.74611437133201,117.74611437133201
8914,c,117.74611437133201,117.74611437133201
8915,c,117.74611437133201,117.74611437133201
8916,c,117.74611437133201,117.74611437133201
8917,c,117.74611437133201,117.74611437133201
8918,c,117.74611437133201,117.74611437133201
8919,c,117.74611437133201,117.74611437133201
8920,c,12.989802412324732,20.481222811977513
8921,c,117.74611437133201,117.74611437133201
8922,na,-1,0
8923,c,44.34384743009542,45.375758734353795
8924,c,117.74611437133201,117.74611437133201
8925,t,117.74611437133201,117.74611437133201
8926,c,117.74611437133201,117.74611437133201
8927,c,117.74611437133201,117.74611437133201
8928,c,117.74611437133201,117.74611437133201
8929,c,117.74611437133201,117.74611437133201
8930,na,2.6931073431414196,3.3613696252411702
8931,c,117.74611437133201,117.74611437133201
8932,c,117.74611437133201,117.74611437133201
8933,c,26.419023461456337,28.807380381174678
8934,c,117.74611437133201,117.74611437133201
8935,c,27.68194579067676,31.055382417120832
8936,c,117.74611437133201,117.74611437133201
8937,c,49.31260432672916,50.53073873011689
8938,c,14.00993133736138,17.58733003443107
8939,c,27.896731947250544,30.99221313951581
8940,c,117.74611437133201,117.74611437133201
8941,c,23.577256347377222,26.164178234577815
8942,c,44.53382381222048,54.376397029425135
8943,c,117.74611437133201,117.74611437133201
8944,c,117.74611437133201,117.74611437133201
8945,c,28.679311914625934,30.756188941467585
8946,c,117.74611437133201,117.74611437133201
8947,c,117.74611437133201,117.74611437133201
8948,c,117.74611437133201,117.74611437133201
8949,c,18.996695118583798,20.710502460687554
8950,t,117.74611437133201,117.74611437133201
8951,t,117.74611437133201,117.74611437133201
8952,c,117.74611437133201,117.74611437133201
8953,t,117.74611437133201,117.74611437133201
8954,t,117.74611437133201,117.74611437133201
8955,c,117.74611437133201,117.74611437133201
8956,t,117.74611437133201,117.74611437133201
8957,c,24.337961253936026,29.31945932901693
8958,c,7.821908581148104,8.125950982342637
8959,c,117.74611437133201,117.74611437133201
8960,c,21.560927211333254,23.5291567319622
8961,c,117.74611437133201,117.74611437133201
8962,c,39.774349538782054,44.412011942211755
8963,c,117.74611437133201,117.74611437133201
8964,t,117.74611437133201,117.74611437133201
8965,c,23.234842081721094,26.22802196930377
8966,c,117.74611437133201,117.74611437133201
8967,t,117.74611437133201,117.74611437133201
8968,c,117.74611437133201,117.74611437133201
8969,c,117.74611437133201,117.74611437133201
8970,c,117.74611437133201,117.74611437133201
8971,c,117.74611437133201,117.74611437133201
8972,c,117.74611437133201,117.74611437133201
8973,c,117.74611437133201,117.74611437133201
8974,c,117.74611437133201,117.74611437133201
8975,t,117.74611437133201,117.74611437133201
8976,c,117.74611437133201,117.74611437133201
8977,c,117.74611437133201,117.74611437133201
8978,t,117.74611437133201,117.74611437133201
8979,c,22.385499484776926,22.949394043911166
8980,c,117.74611437133201,117.74611437133201
8981,t,117.74611437133201,117.74611437133201
8982,t,117.74611437133201,117.74611437133201
8983,t,117.74611437133201,117.74611437133201
8984,c,117.74611437133201,117.74611437133201
8985,c,26.149652050307036,26.791606211592697
8986,c,117.74611437133201,117.74611437133201
8987,c,33.11800836044971,36.84350810502045
8988,na,2.7215198570848993,3.9943929708710084
8989,c,117.74611437133201,117.74611437133201
8990,t,117.74611437133201,117.74611437133201
8991,c,24.477857676622467,40.22734151306256
8992,c,35.93676002946582,41.349708909512245
8993,c,117.74611437133201,117.74611437133201
8994,c,117.74611437133201,117.74611437133201
8995,c,117.74611437133201,117.74611437133201
8996,c,117.74611437133201,117.74611437133201
8997,t,117.74611437133201,117.74611437133201
8998,c,14.000204946594001,15.041477215561006
8999,c,117.74611437133201,117.74611437133201
9000,c,117.74611437133201,117.74611437133201
9001,t,117.74611437133201,117.74611437133201
9002,c,55.70676039329912,62.108488016429284
9003,c,117.74611437133201,117.74611437133201
9004,c,33.44389023790279,38.633497125204
9005,t,117.74611437133201,117.74611437133201
9006,c,27.534405771651983,41.35499354023001
9007,c,117.74611437133201,117.74611437133201
9008,t,117.74611437133201,117.74611437133201
9009,t,117.74611437133201,117.74611437133201
9010,c,117.74611437133201,117.74611437133201
9011,c,117.74611437133201,117.74611437133201
9012,c,117.74611437133201,117.74611437133201
9013,c,117.74611437133201,117.74611437133201
9014,c,35.65305937798679,36.8422087884263
9015,c,117.74611437133201,117.74611437133201
9016,c,17.33005306467797,18.74125774603746
9017,c,27.534601132282024,33.223689032889105
9018,c,117.74611437133201,117.74611437133201
9019,c,117.74611437133201,117.74611437133201
9020,c,37.853826152367546,38.3299088395718
9021,c,117.74611437133201,117.74611437133201
9022,c,117.74611437133201,117.74611437133201
9023,c,19.89938130563231,24.769765072120528
9024,c,117.74611437133201,117.74611437133201
9025,c,117.74611437133201,117.74611437133201
9026,t,117.74611437133201,117.74611437133201
9027,t,117.74611437133201,117.74611437133201
9028,c,47.63617723512663,47.834441152890385
9029,c,117.74611437133201,117.74611437133201
9030,c,117.74611437133201,117.74611437133201
9031,na,117.74611437133201,117.74611437133201
9032,c,117.74611437133201,117.74611437133201
9033,c,117.74611437133201,117.74611437133201
9034,c,117.74611437133201,117.74611437133201
9035,na,21.055349470518944,21.234892522863934
9036,c,117.74611437133201,117.74611437133201
9037,c,117.74611437133201,117.74611437133201
9038,c,117.74611437133201,117.74611437133201
9039,c,49.188418512178146,117.74611437133201
9040,c,117.74611437133201,117.74611437133201
9041,c,23.243244534647946,29.783921375499883
9042,c,117.74611437133201,117.74611437133201
9043,c,117.74611437133201,117.74611437133201
9044,c,49.05559172082598,53.49065637995046
9045,c,117.74611437133201,117.74611437133201
9046,c,117.74611437133201,117.74611437133201
9047,t,117.74611437133201,117.74611437133201
9048,t,117.74611437133201,117.74611437133201
9049,t,117.74611437133201,117.74611437133201
9050,c,117.74611437133201,117.74611437133201
9051,c,43.20994886774773,52.0915174324559
9052,c,117.74611437133201,117.74611437133201
9053,t,117.74611437133201,117.74611437133201
9054,c,14.315606345213183,18.6094414136795
9055,c,16.30411256806265,16.994288513262852
9056,c,117.74611437133201,117.74611437133201
9057,c,117.74611437133201,117.74611437133201
9058,t,117.74611437133201,117.74611437133201
9059,c,117.74611437133201,117.74611437133201
9060,c,79.8019657553671,87.51784103450932
9061,c,117.74611437133201,117.74611437133201
9062,c,117.74611437133201,117.74611437133201
9063,t,117.74611437133201,117.74611437133201
9064,c,117.74611437133201,117.74611437133201
9065,c,22.00102006625199,25.82879179350453
9066,c,8.305997451999925,19.927610700984573
9067,c,98.2018543306736,99.8880651377099
9068,c,44.11175214716497,51.01512008577437
9069,c,117.74611437133201,117.74611437133201
9070,t,117.74611437133201,117.74611437133201
9071,c,117.74611437133201,117.74611437133201
9072,c,18.188613420164764,19.64910848376208
9073,c,5.728271907886427,13.365224375966463
9074,c,32.34872413952548,34.56834974207324
9075,t,117.74611437133201,117.74611437133201
9076,t,117.74611437133201,117.74611437133201
9077,c,29.154827247983068,36.521399891941265
9078,t,117.74611437133201,117.74611437133201
9079,c,67.80680317727389,74.80693098036922
9080,t,117.74611437133201,117.74611437133201
9081,c,11.039476570903776,12.108485583166665
9082,c,51.747451981078996,57.470563493342816
9083,c,117.74611437133201,117.74611437133201
9084,c,117.74611437133201,117.74611437133201
9085,c,6.866774861425947,7.745481544546936
9086,t,117.74611437133201,117.74611437133201
9087,c,117.74611437133201,117.74611437133201
9088,t,117.74611437133201,117.74611437133201
9089,c,117.74611437133201,117.74611437133201
9090,c,30.21393990804863,30.841826122345758
9091,c,117.74611437133201,117.74611437133201
9092,t,117.74611437133201,117.74611437133201
9093,c,117.74611437133201,117.74611437133201
9094,c,117.74611437133201,117.74611437133201
9095,t,117.74611437133201,117.74611437133201
9096,c,27.82395589740847,30.826386491693842
9097,t,117.74611437133201,117.74611437133201
9098,c,46.90776788983509,47.689018179035074
9099,t,117.74611437133201,117.74611437133201
9100,c,117.74611437133201,117.74611437133201
9101,c,38.828052834324275,39.81416120548123
9102,c,30.347223685954376,31.158968935893732
9103,c,23.02212137985262,24.715288292769962
9104,c,34.33466592190159,43.208103805533206
9105,c,37.00450173176694,37.59550433078123
9106,c,117.74611437133201,117.74611437133201
9107,c,37.8872363048688,39.32524742679501
9108,c,40.35849150938345,40.4188006016805
9109,c,10.41281760438196,15.267530986918501
9110,c,36.38941376725657,38.027463852516135
9111,c,36.40017904936876,38.50185454584362
9112,t,117.74611437133201,117.74611437133201
9113,c,117.74611437133201,117.74611437133201
9114,c,117.74611437133201,117.74611437133201
9115,t,117.74611437133201,117.74611437133201
9116,c,117.74611437133201,117.74611437133201
9117,c,117.74611437133201,117.74611437133201
9118,c,34.33285663418918,35.485268732110896
9119,c,26.704807989257294,32.47543313835091
9120,c,117.74611437133201,117.74611437133201
9121,c,117.74611437133201,117.74611437133201
9122,t,117.74611437133201,117.74611437133201
9123,c,25.137530763376464,26.317418150289143
9124,c,8.842193661718921,10.807193034039276
9125,c,22.437679125931858,117.74611437133201
9126,c,117.74611437133201,117.74611437133201
9127,c,3.059060885806873,117.74611437133201
9128,c,92.00513239198169,94.46251741205494
9129,t,117.74611437133201,117.74611437133201
9130,t,117.74611437133201,117.74611437133201
9131,c,18.681054629504082,117.74611437133201
9132,c,117.74611437133201,117.74611437133201
9133,c,117.74611437133201,117.74611437133201
9134,c,32.91381495058498,47.331780040734564
9135,c,117.74611437133201,117.74611437133201
9136,c,117.74611437133201,117.74611437133201
9137,t,117.74611437133201,117.74611437133201
9138,t,117.74611437133201,117.74611437133201
9139,c,117.74611437133201,117.74611437133201
9140,c,117.74611437133201,117.74611437133201
9141,c,23.20422048463304,23.290305966622753
9142,c,117.74611437133201,117.74611437133201
9143,c,117.74611437133201,117.74611437133201
9144,c,117.74611437133201,117.74611437133201
9145,c,117.74611437133201,117.74611437133201
9146,c,117.74611437133201,117.74611437133201
9147,c,39.590172264110734,47.821794065895894
9148,c,22.018052553282224,22.0433504909132
9149,t,117.74611437133201,117.74611437133201
9150,t,117.74611437133201,117.74611437133201
9151,c,19.06154489519683,20.156499055458294
9152,c,117.74611437133201,117.74611437133201
9153,t,117.74611437133201,117.74611437133201
9154,c,117.74611437133201,117.74611437133201
9155,c,27.595338727873255,33.48942426680762
9156,c,26.55992931741999,27.735432830010094
9157,c,13.724561559545235,19.842088398507784
9158,t,117.74611437133201,117.74611437133201
9159,c,117.74611437133201,117.74611437133201
9160,c,117.74611437133201,117.74611437133201
9161,c,32.93846446837498,33.97693493776875
9162,t,117.74611437133201,117.74611437133201
9163,t,117.74611437133201,117.74611437133201
9164,t,117.74611437133201,117.74611437133201
9165,c,30.43171042227997,31.25719964656231
9166,c,117.74611437133201,117.74611437133201
9167,c,117.74611437133201,117.74611437133201
9168,t,117.74611437133201,117.74611437133201
9169,c,117.74611437133201,117.74611437133201
9170,c,117.74611437133201,117.74611437133201
9171,t,117.74611437133201,117.74611437133201
9172,t,117.74611437133201,117.74611437133201
9173,c,117.74611437133201,117.74611437133201
9174,t,117.74611437133201,117.74611437133201
9175,t,117.74611437133201,117.74611437133201
9176,c,117.74611437133201,117.74611437133201
9177,c,117.74611437133201,117.74611437133201
9178,c,117.74611437133201,117.74611437133201
9179,c,117.74611437133201,117.74611437133201
9180,c,117.74611437133201,117.74611437133201
9181,c,117.74611437133201,117.74611437133201
9182,t,117.74611437133201,117.74611437133201
9183,t,117.74611437133201,117.74611437133201
9184,t,117.74611437133201,117.74611437133201
9185,c,117.74611437133201,117.74611437133201
9186,t,117.74611437133201,117.74611437133201
9187,t,117.74611437133201,117.74611437133201
9188,c,117.74611437133201,117.74611437133201
9189,c,117.74611437133201,117.74611437133201
9190,t,117.74611437133201,117.74611437133201
9191,t,117.74611437133201,117.74611437133201
9192,c,117.74611437133201,117.74611437133201
9193,c,117.74611437133201,117.74611437133201
9194,c,4.329895493701609,7.320805581434684
9195,c,117.74611437133201,117.74611437133201
9196,t,117.74611437133201,117.74611437133201
9197,c,117.74611437133201,117.74611437133201
9198,c,117.74611437133201,117.74611437133201
9199,c,34.9392767350632,47.57434695093223
9200,c,117.74611437133201,117.74611437133201
9201,c,117.74611437133201,117.74611437133201
9202,c,20.062049933343577,34.49663283444184
9203,c,117.74611437133201,117.74611437133201
9204,c,24.021783019231883,29.407219678811693
9205,c,32.44844744471027,40.98655716758892
9206,t,117.74611437133201,117.74611437133201
9207,c,117.74611437133201,117.74611437133201
9208,t,117.74611437133201,117.74611437133201
9209,c,117.74611437133201,117.74611437133201
9210,c,23.053916322737816,27.11995818312619
9211,t,117.74611437133201,117.74611437133201
9212,c,117.74611437133201,117.74611437133201
9213,c,117.74611437133201,117.74611437133201
9214,c,11.769331989362922,12.826326097105824
9215,c,24.84764957960846,34.13065005992352
9216,c,37.80335228528834,52.79715797994299
9217,c,117.74611437133201,117.74611437133201
9218,c,117.74611437133201,117.74611437133201
9219,c,117.74611437133201,117.74611437133201
9220,t,117.74611437133201,117.74611437133201
9221,c,117.74611437133201,117.74611437133201
9222,c,53.74645606071494,59.33761696066063
9223,t,117.74611437133201,117.74611437133201
9224,t,117.74611437133201,117.74611437133201
9225,c,117.74611437133201,117.74611437133201
9226,c,117.74611437133201,117.74611437133201
9227,t,117.74611437133201,117.74611437133201
9228,c,52.463162359415826,53.77558426031966
9229,c,25.05782222253337,37.34368345144544
9230,t,117.74611437133201,117.74611437133201
9231,t,117.74611437133201,117.74611437133201
9232,c,117.74611437133201,117.74611437133201
9233,t,117.74611437133201,117.74611437133201
9234,c,52.486543231574274,52.53146353265824
9235,c,117.74611437133201,117.74611437133201
9236,c,28.630666541240867,30.685928662821627
9237,c,15.782221565380645,17.83435158041976
9238,t,117.74611437133201,117.74611437133201
9239,c,117.74611437133201,117.74611437133201
9240,c,117.74611437133201,117.74611437133201
9241,c,18.47318133988627,20.33969383591027
9242,c,117.74611437133201,117.74611437133201
9243,c,6.814558296500204,9.45416957342873
9244,c,117.74611437133201,117.74611437133201
9245,c,16.760887774330943,21.85841533986855
9246,c,117.74611437133201,117.74611437133201
9247,c,117.74611437133201,117.74611437133201
9248,c,117.74611437133201,117.74611437133201
9249,c,117.74611437133201,117.74611437133201
9250,c,117.74611437133201,117.74611437133201
9251,c,101.18411879950452,104.02552081029152
9252,c,19.87023177663406,117.74611437133201
9253,c,46.614001900420114,49.97559319681897
9254,c,43.03157699384027,43.29392046929485
9255,c,117.74611437133201,117.74611437133201
9256,t,117.74611437133201,117.74611437133201
9257,t,117.74611437133201,117.74611437133201
9258,c,117.74611437133201,117.74611437133201
9259,c,16.064122641240477,21.518292062645777
9260,c,30.987978671231033,36.488554317699325
9261,c,117.74611437133201,117.74611437133201
9262,c,22.532570878882268,23.118640770136974
9263,c,42.71736253924196,52.70379836363357
9264,c,22.26736996781007,23.93293381172959
9265,c,117.74611437133201,117.74611437133201
9266,c,117.74611437133201,117.74611437133201
9267,c,117.74611437133201,117.74611437133201
9268,c,29.87005572690453,31.001993622321248
9269,c,117.74611437133201,117.74611437133201
9270,c,71.8177107131459,73.086116454846
9271,c,117.74611437133201,117.74611437133201
9272,c,117.74611437133201,117.74611437133201
9273,c,58.89713859331317,67.23572881435614
9274,t,117.74611437133201,117.74611437133201
9275,c,117.74611437133201,117.74611437133201
9276,c,117.74611437133201,117.74611437133201
9277,c,117.74611437133201,117.74611437133201
9278,c,23.004701621193064,117.74611437133201
9279,na,6.728350233475407,7.523017441910278
9280,c,117.74611437133201,117.74611437133201
9281,t,117.74611437133201,117.74611437133201
9282,c,117.74611437133201,117.74611437133201
9283,t,117.74611437133201,117.74611437133201
9284,c,28.544390722881218,32.26157933158855
9285,c,36.941906457009175,37.10868371988346
9286,c,25.420968254502984,27.817777855159857
9287,t,117.74611437133201,117.74611437133201
9288,c,117.74611437133201,117.74611437133201
9289,c,2.5216487144103668,5.693823660220416
9290,c,14.907480487141756,18.37164083410231
9291,t,117.74611437133201,117.74611437133201
9292,c,11.23979731771179,14.738157672573255
9293,c,117.74611437133201,117.74611437133201
9294,t,117.74611437133201,117.74611437133201
9295,c,27.902505550782347,30.63976931388551
9296,c,24.74413017190795,26.823421062486315
9297,c,12.964984193457374,18.272136968984697
9298,c,36.73231161718201,117.74611437133201
9299,c,117.74611437133201,117.74611437133201
9300,c,117.74611437133201,117.74611437133201
9301,c,117.74611437133201,117.74611437133201
9302,c,37.82667181702504,42.91702335273879
9303,c,113.72258331319513,114.81764379405189
9304,c,38.71824469275114,49.49472577530685
9305,t,117.74611437133201,117.74611437133201
9306,t,117.74611437133201,117.74611437133201
9307,c,117.74611437133201,117.74611437133201
9308,c,82.1755053670054,82.43200972231713
9309,c,117.74611437133201,117.74611437133201
9310,c,117.74611437133201,117.74611437133201
9311,c,22.111123324214784,23.831834456023817
9312,c,12.302070654918055,12.946953943303154
9313,c,117.74611437133201,117.74611437133201
9314,c,52.12634297240973,65.26245125880905
9315,c,57.87073044640932,58.89608167960614
9316,c,117.74611437133201,117.74611437133201
9317,na,1.4375871441902925,2.740534942389511
9318,c,117.74611437133201,117.74611437133201
9319,c,117.74611437133201,117.74611437133201
9320,c,117.74611437133201,117.74611437133201
9321,c,117.74611437133201,117.74611437133201
9322,t,117.74611437133201,117.74611437133201
9323,t,117.74611437133201,117.74611437133201
9324,c,52.25279286872704,55.75058799184149
9325,c,112.65104603239337,117.74611437133201
9326,c,20.522873893654115,34.72735697167282
9327,c,117.74611437133201,117.74611437133201
9328,na,1.007600670157486,5.598072091260703
9329,c,34.49492418350028,34.735363985320134
9330,c,117.74611437133201,117.74611437133201
9331,c,117.74611437133201,117.74611437133201
9332,c,117.74611437133201,117.74611437133201
9333,t,117.74611437133201,117.74611437133201
9334,c,117.74611437133201,117.74611437133201
9335,c,36.59964221505546,36.657823876901794
9336,c,117.74611437133201,117.74611437133201
9337,c,16.78177938672842,17.969917170620164
9338,c,43.268743596116266,44.458446196287525
9339,c,37.709638436590694,40.529177587490736
9340,c,22.1662055445841,26.646861557705517
9341,c,117.74611437133201,117.74611437133201
9342,c,38.435926570650295,41.52901234922122
9343,c,46.94879763327789,48.7019158757021
9344,c,117.74611437133201,117.74611437133201
9345,c,117.74611437133201,117.74611437133201
9346,t,117.74611437133201,117.74611437133201
9347,c,117.74611437133201,117.74611437133201
9348,c,12.647824851831649,15.538111240439022
9349,c,117.74611437133201,117.74611437133201
9350,c,18.985280971136934,24.121439893610408
9351,t,117.74611437133201,117.74611437133201
9352,c,45.15793452965327,48.638212659058745
9353,c,9.509619196602495,12.218984350244178
9354,c,12.342257240821635,19.998409628806574
9355,c,117.74611437133201,117.74611437133201
9356,c,117.74611437133201,117.74611437133201
9357,c,117.74611437133201,117.74611437133201
9358,c,33.274180605809825,36.65238503822898
9359,c,20.28530785648076,21.378538974836104
9360,c,117.74611437133201,117.74611437133201
9361,c,117.74611437133201,117.74611437133201
9362,t,117.74611437133201,117.74611437133201
9363,c,117.74611437133201,117.74611437133201
9364,c,117.74611437133201,117.74611437133201
9365,c,117.74611437133201,117.74611437133201
9366,c,32.79931992302123,40.51667418462537
9367,c,117.74611437133201,117.74611437133201
9368,c,117.74611437133201,117.74611437133201
9369,c,24.39795127761329,29.915545605539286
9370,c,117.74611437133201,117.74611437133201
9371,c,30.57904131823484,31.80563636786976
9372,c,117.74611437133201,117.74611437133201
9373,c,28.71570172761096,117.74611437133201
9374,t,117.74611437133201,117.74611437133201
9375,c,67.99637192353774,69.09721819860718
9376,c,117.74611437133201,117.74611437133201
9377,t,117.74611437133201,117.74611437133201
9378,c,117.74611437133201,117.74611437133201
9379,c,117.74611437133201,117.74611437133201
9380,c,117.74611437133201,117.74611437133201
9381,c,36.60075951591601,43.18745733039111
9382,t,117.74611437133201,117.74611437133201
9383,c,117.74611437133201,117.74611437133201
9384,c,43.686324345254896,56.93148668685573
9385,c,117.74611437133201,117.74611437133201
9386,t,117.74611437133201,117.74611437133201
9387,c,117.74611437133201,117.74611437133201
9388,c,43.009105544667996,43.542362920128774
9389,t,117.74611437133201,117.74611437133201
9390,c,24.402581887105033,33.45015969634627
9391,c,117.74611437133201,117.74611437133201
9392,na,9.09750199363306,10.533475379325951
9393,c,17.35880522727576,117.74611437133201
9394,na,3.0645872841147694,15.01517425692066
9395,c,117.74611437133201,117.74611437133201
9396,c,117.74611437133201,117.74611437133201
9397,c,36.54968413307982,117.74611437133201
9398,t,117.74611437133201,117.74611437133201
9399,c,117.74611437133201,117.74611437133201
9400,c,117.74611437133201,117.74611437133201
9401,na,0,117.74611437133201
9402,t,117.74611437133201,117.74611437133201
9403,c,117.74611437133201,117.74611437133201
9404,t,117.74611437133201,117.74611437133201
9405,c,117.74611437133201,117.74611437133201
9406,c,117.74611437133201,117.74611437133201
9407,t,117.74611437133201,117.74611437133201
9408,c,117.74611437133201,117.74611437133201
9409,na,-1,0
9410,c,117.74611437133201,117.74611437133201
9411,c,117.74611437133201,117.74611437133201
9412,c,117.74611437133201,117.74611437133201
9413,c,117.74611437133201,117.74611437133201
9414,c,117.74611437133201,117.74611437133201
9415,c,38.5375680801326,46.10822264283971
9416,c,44.071427440585204,49.88295548509486
9417,c,117.74611437133201,117.74611437133201
9418,c,33.84449885839605,36.11082987024351
9419,c,117.74611437133201,117.74611437133201
9420,c,117.74611437133201,117.74611437133201
9421,c,56.84848690052041,59.42165668690117
9422,t,117.74611437133201,117.74611437133201
9423,c,117.74611437133201,117.74611437133201
9424,c,117.74611437133201,117.74611437133201
9425,t,117.74611437133201,117.74611437133201
9426,t,117.74611437133201,117.74611437133201
9427,c,34.39402717412674,42.93907249160061
9428,c,117.74611437133201,117.74611437133201
9429,c,117.74611437133201,117.74611437133201
9430,c,49.63467308266789,58.28649153071908
9431,c,58.64154087598648,61.299605570727095
9432,c,34.97886049652631,37.101273790622535
9433,c,117.74611437133201,117.74611437133201
9434,c,65.59340325761208,68.20610230780427
9435,c,117.74611437133201,117.74611437133201
9436,c,117.74611437133201,117.74611437133201
9437,c,117.74611437133201,117.74611437133201
9438,t,117.74611437133201,117.74611437133201
9439,c,117.74611437133201,117.74611437133201
9440,c,43.997949818825084,48.22466315217767
9441,c,34.84714313588621,35.905343171240816
9442,c,12.05416923010173,17.750274197351867
9443,c,34.49487059043437,117.74611437133201
9444,c,66.21728301494453,74.31631625914301
9445,c,13.790526705892368,25.32477153613614
9446,t,117.74611437133201,117.74611437133201
9447,c,40.11882753196689,40.65879684205797
9448,c,40.99636729169213,41.03260730815268
9449,c,117.74611437133201,117.74611437133201
9450,c,40.4145141602693,48.8120226949656
9451,c,79.74263000047137,91.91674067614773
9452,c,117.74611437133201,117.74611437133201
9453,c,117.74611437133201,117.74611437133201
9454,t,117.74611437133201,117.74611437133201
9455,c,117.74611437133201,117.74611437133201
9456,c,117.74611437133201,117.74611437133201
9457,c,117.74611437133201,117.74611437133201
9458,c,117.74611437133201,117.74611437133201
9459,c,34.01295538600499,36.23302465727882
9460,c,117.74611437133201,117.74611437133201
9461,t,117.74611437133201,117.74611437133201
9462,c,53.34592815914716,61.073950690398185
9463,t,117.74611437133201,117.74611437133201
9464,t,117.74611437133201,117.74611437133201
9465,c,117.74611437133201,117.74611437133201
9466,t,117.74611437133201,117.74611437133201
9467,c,24.087556951297845,30.492726328363684
9468,c,117.74611437133201,117.74611437133201
9469,c,24.962837135872544,30.30512187198573
9470,c,117.74611437133201,117.74611437133201
9471,c,18.20645538534555,23.35671815381634
9472,c,117.74611437133201,117.74611437133201
9473,c,117.74611437133201,117.74611437133201
9474,c,14.825918837166526,15.8954034401484
9475,c,117.74611437133201,117.74611437133201
9476,c,117.74611437133201,117.74611437133201
9477,c,117.74611437133201,117.74611437133201
9478,c,23.107819565453898,36.498443832032265
9479,c,19.014112936309335,19.776291785242936
9480,c,117.74611437133201,117.74611437133201
9481,c,25.805656755631055,26.894439248294667
9482,c,117.74611437133201,117.74611437133201
9483,t,117.74611437133201,117.74611437133201
9484,c,48.2127472375035,55.631350863242545
9485,c,38.26958382950854,40.47436455058094
9486,na,-1,0
9487,c,33.149071522286974,35.598483100388954
9488,t,117.74611437133201,117.74611437133201
9489,c,117.74611437133201,117.74611437133201
9490,t,117.74611437133201,117.74611437133201
9491,na,4.107307582165176,5.03884176884685
9492,c,117.74611437133201,117.74611437133201
9493,c,23.614629596550742,30.315585197034345
9494,c,53.40506352973347,117.74611437133201
9495,c,60.06554386504712,64.05168130789157
9496,c,13.537039247324941,15.349553330718008
9497,c,117.74611437133201,117.74611437133201
9498,c,117.74611437133201,117.74611437133201
9499,c,16.159667504453786,20.58229484490009
9500,c,7.0501293138579975,9.126777497458678
9501,t,117.74611437133201,117.74611437133201
9502,c,32.25062700677193,33.784457174338115
9503,t,117.74611437133201,117.74611437133201
9504,c,117.74611437133201,117.74611437133201
9505,c,13.29672105705596,22.248790681593054
9506,t,117.74611437133201,117.74611437133201
9507,t,117.74611437133201,117.74611437133201
9508,c,117.74611437133201,117.74611437133201
9509,c,117.74611437133201,117.74611437133201
9510,c,38.412224476353764,39.175281301211825
9511,c,117.74611437133201,117.74611437133201
9512,c,31.673342120315134,31.818200026969468
9513,c,117.74611437133201,117.74611437133201
9514,c,25.93357783069612,117.74611437133201
9515,c,2.0053651120926754,11.042867027379497
9516,na,-1,0
9517,c,66.59449771974376,71.28050484538534
9518,c,117.74611437133201,117.74611437133201
9519,c,30.651917177064618,37.85407188662908
9520,c,117.74611437133201,117.74611437133201
9521,c,37.255834923218245,39.129981585690075
9522,c,117.74611437133201,117.74611437133201
9523,c,21.847915624357185,117.74611437133201
9524,c,117.74611437133201,117.74611437133201
9525,c,74.33299302536993,117.74611437133201
9526,t,117.74611437133201,117.74611437133201
9527,c,117.74611437133201,117.74611437133201
9528,c,117.74611437133201,117.74611437133201
9529,c,117.74611437133201,117.74611437133201
9530,c,117.74611437133201,117.74611437133201
9531,c,117.74611437133201,117.74611437133201
9532,t,117.74611437133201,117.74611437133201
9533,c,117.74611437133201,117.74611437133201
9534,c,117.74611437133201,117.74611437133201
9535,t,117.74611437133201,117.74611437133201
9536,t,117.74611437133201,117.74611437133201
9537,c,117.74611437133201,117.74611437133201
9538,t,117.74611437133201,117.74611437133201
9539,c,117.74611437133201,117.74611437133201
9540,t,117.74611437133201,117.74611437133201
9541,c,117.74611437133201,117.74611437133201
9542,c,117.74611437133201,117.74611437133201
9543,t,117.74611437133201,117.74611437133201
9544,c,117.74611437133201,117.74611437133201
9545,c,50.04477247723623,51.28391302918844
9546,t,117.74611437133201,117.74611437133201
9547,c,117.74611437133201,117.74611437133201
9548,t,117.74611437133201,117.74611437133201
9549,t,117.74611437133201,117.74611437133201
9550,c,117.74611437133201,117.74611437133201
9551,t,117.74611437133201,117.74611437133201
9552,c,15.731342870268438,19.75644917921337
9553,t,117.74611437133201,117.74611437133201
9554,t,117.74611437133201,117.74611437133201
9555,c,117.74611437133201,117.74611437133201
9556,c,13.215758965936809,13.23118212320439
9557,c,26.63742807811252,33.67258483687924
9558,c,117.74611437133201,117.74611437133201
9559,c,51.57255149180754,53.926284646466364
9560,c,24.782625605816328,25.845319845491773
9561,c,117.74611437133201,117.74611437133201
9562,c,18.72880781167025,21.59426725522039
9563,c,49.15257982967232,54.143916211618524
9564,t,117.74611437133201,117.74611437133201
9565,t,117.74611437133201,117.74611437133201
9566,c,24.749744385986116,29.74997593315491
9567,c,117.74611437133201,117.74611437133201
9568,c,117.74611437133201,117.74611437133201
9569,c,9.1347068679789,117.74611437133201
9570,t,117.74611437133201,117.74611437133201
9571,c,15.318097658841257,20.948949145207234
9572,c,117.74611437133201,117.74611437133201
9573,c,117.74611437133201,117.74611437133201
9574,c,117.74611437133201,117.74611437133201
9575,c,15.987490444076508,26.158349370610658
9576,c,33.30861987926781,33.52332313669275
9577,c,117.74611437133201,117.74611437133201
9578,c,117.74611437133201,117.74611437133201
9579,c,21.59188420921836,23.893057889144558
9580,t,117.74611437133201,117.74611437133201
9581,c,117.74611437133201,117.74611437133201
9582,c,31.942766614740123,35.387236375089394
9583,c,117.74611437133201,117.74611437133201
9584,na,-1,0
9585,c,45.986068834746895,60.44502985064256
9586,c,117.74611437133201,117.74611437133201
9587,t,117.74611437133201,117.74611437133201
9588,t,117.74611437133201,117.74611437133201
9589,c,14.655185482040736,15.00687306943694
9590,c,27.259365890157746,34.33257458840238
9591,c,35.3211023999036,38.095147739315884
9592,c,117.74611437133201,117.74611437133201
9593,t,117.74611437133201,117.74611437133201
9594,c,16.005497797003287,16.11804114572528
9595,c,117.74611437133201,117.74611437133201
9596,c,117.74611437133201,117.74611437133201
9597,t,117.74611437133201,117.74611437133201
9598,t,117.74611437133201,117.74611437133201
9599,c,117.74611437133201,117.74611437133201
9600,t,117.74611437133201,117.74611437133201
9601,c,18.61560117562067,117.74611437133201
9602,t,117.74611437133201,117.74611437133201
9603,c,117.74611437133201,117.74611437133201
9604,c,117.74611437133201,117.74611437133201
9605,c,117.74611437133201,117.74611437133201
9606,c,19.770456504840592,21.141232576122604
9607,t,117.74611437133201,117.74611437133201
9608,t,117.74611437133201,117.74611437133201
9609,c,8.437425674478476,25.69908540059859
9610,c,117.74611437133201,117.74611437133201
9611,c,32.80282434536679,37.279459439121865
9612,t,117.74611437133201,117.74611437133201
9613,c,15.58669644989379,19.520561599008193
9614,t,117.74611437133201,117.74611437133201
9615,c,44.07283314398132,46.379371483045915
9616,c,117.74611437133201,117.74611437133201
9617,c,13.338881611274376,15.847356305484361
9618,t,117.74611437133201,117.74611437133201
9619,c,46.85156160950234,49.379033639179895
9620,c,44.98372556882069,55.22600024855365
9621,c,117.74611437133201,117.74611437133201
9622,c,117.74611437133201,117.74611437133201
9623,c,117.74611437133201,117.74611437133201
9624,c,15.962324682237103,20.03119822394758
9625,c,9.572322068300814,25.82906820600091
9626,c,117.74611437133201,117.74611437133201
9627,c,117.74611437133201,117.74611437133201
9628,c,117.74611437133201,117.74611437133201
9629,t,117.74611437133201,117.74611437133201
9630,c,16.578671783349908,19.635280018452917
9631,c,45.31608854425558,46.925894108929654
9632,c,117.74611437133201,117.74611437133201
9633,c,117.74611437133201,117.74611437133201
9634,c,15.544922943782014,23.64606350312051
9635,c,19.433476259537194,117.74611437133201
9636,t,117.74611437133201,117.74611437133201
9637,c,117.74611437133201,117.74611437133201
9638,c,117.74611437133201,117.74611437133201
9639,c,117.74611437133201,117.74611437133201
9640,c,117.74611437133201,117.74611437133201
9641,c,117.74611437133201,117.74611437133201
9642,c,25.11188489668293,29.645847299442927
9643,t,117.74611437133201,117.74611437133201
9644,t,117.74611437133201,117.74611437133201
9645,c,117.74611437133201,117.74611437133201
9646,c,117.74611437133201,117.74611437133201
9647,c,117.74611437133201,117.74611437133201
9648,c,117.74611437133201,117.74611437133201
9649,c,60.00575039464341,61.50070362477203
9650,c,117.74611437133201,117.74611437133201
9651,c,13.984469594677886,19.82233811545318
9652,c,117.74611437133201,117.74611437133201
9653,c,117.74611437133201,117.74611437133201
9654,c,31.30073287560876,31.90718801043317
9655,c,117.74611437133201,117.74611437133201
9656,t,117.74611437133201,117.74611437133201
9657,c,117.74611437133201,117.74611437133201
9658,c,9.994244736442681,117.74611437133201
9659,c,117.74611437133201,117.74611437133201
9660,na,0.7152780977183348,10.833614450886854
9661,c,117.74611437133201,117.74611437133201
9662,c,117.74611437133201,117.74611437133201
9663,c,10.85820115765664,11.553067185944728
9664,t,117.74611437133201,117.74611437133201
9665,c,6.8490397538145285,11.16990276890746
9666,c,16.880050662981887,18.498025906191558
9667,c,117.74611437133201,117.74611437133201
9668,c,94.84699043602804,98.39683406213527
9669,c,117.74611437133201,117.74611437133201
9670,t,117.74611437133201,117.74611437133201
9671,c,117.74611437133201,117.74611437133201
9672,t,117.74611437133201,117.74611437133201
9673,c,117.74611437133201,117.74611437133201
9674,c,117.74611437133201,117.74611437133201
9675,c,33.65694349568495,40.86529499547835
9676,c,117.74611437133201,117.74611437133201
9677,t,117.74611437133201,117.74611437133201
9678,t,117.74611437133201,117.74611437133201
9679,t,117.74611437133201,117.74611437133201
9680,c,17.74413130165401,18.403368898672696
9681,c,117.74611437133201,117.74611437133201
9682,c,117.74611437133201,117.74611437133201
9683,t,117.74611437133201,117.74611437133201
9684,c,27.17921356582461,27.78222133490936
9685,t,117.74611437133201,117.74611437133201
9686,c,59.74131639415933,78.76402140584432
9687,c,117.74611437133201,117.74611437133201
9688,c,117.74611437133201,117.74611437133201
9689,c,117.74611437133201,117.74611437133201
9690,c,73.68595786617274,73.97156669740816
9691,c,21.099819744733253,29.099512851101103
9692,c,117.74611437133201,117.74611437133201
9693,t,117.74611437133201,117.74611437133201
9694,c,117.74611437133201,117.74611437133201
9695,c,117.74611437133201,117.74611437133201
9696,c,24.964076462175083,27.660747324611908
9697,c,22.43908225899493,25.826195864305433
9698,c,117.74611437133201,117.74611437133201
9699,c,117.74611437133201,117.74611437133201
9700,c,37.953319331132946,45.677240277586115
9701,na,0.3549074154871874,3.6759812004133687
9702,c,25.08006347102469,36.34475641719818
9703,c,117.74611437133201,117.74611437133201
9704,c,117.74611437133201,117.74611437133201
9705,c,22.76195055441899,26.44944727536538
9706,c,17.49646238723601,18.747473407313453
9707,c,117.74611437133201,117.74611437133201
9708,c,117.74611437133201,117.74611437133201
9709,t,117.74611437133201,117.74611437133201
9710,c,117.74611437133201,117.74611437133201
9711,t,117.74611437133201,117.74611437133201
9712,c,117.74611437133201,117.74611437133201
9713,c,10.991700241614765,117.74611437133201
9714,c,117.74611437133201,117.74611437133201
9715,c,21.64842436247594,22.753216516309767
9716,c,117.74611437133201,117.74611437133201
9717,c,36.24275862240935,40.00297267719898
9718,c,117.74611437133201,117.74611437133201
9719,t,117.74611437133201,117.74611437133201
9720,c,117.74611437133201,117.74611437133201
9721,c,18.063745545147125,20.126819874315206
9722,c,34.99961946376832,40.25257655439353
9723,c,29.389607379024316,34.76318190080951
9724,c,11.493952008087733,117.74611437133201
9725,c,9.28947021848669,18.11601026711641
9726,c,117.74611437133201,117.74611437133201
9727,c,117.74611437133201,117.74611437133201
9728,c,25.124801982206346,29.972909833699322
9729,c,17.08153067639627,19.140142162991832
9730,c,117.74611437133201,117.74611437133201
9731,t,117.74611437133201,117.74611437133201
9732,c,19.815664515984032,21.11852499631534
9733,c,28.39918325845431,29.87917465618571
9734,c,33.56296327995914,39.65216980343661
9735,c,63.38327356923709,71.30089149607706
9736,c,39.00457559673373,40.833280309371254
9737,c,7.353541495028654,7.384200699278861
9738,t,117.74611437133201,117.74611437133201
9739,c,117.74611437133201,117.74611437133201
9740,c,117.74611437133201,117.74611437133201
9741,c,117.74611437133201,117.74611437133201
9742,c,117.74611437133201,117.74611437133201
9743,c,117.74611437133201,117.74611437133201
9744,c,89.75732780941969,91.24572361945161
9745,c,117.74611437133201,117.74611437133201
9746,c,32.75415803623383,48.222426809653285
9747,c,117.74611437133201,117.74611437133201
9748,c,117.74611437133201,117.74611437133201
9749,t,117.74611437133201,117.74611437133201
9750,c,117.74611437133201,117.74611437133201
9751,c,117.74611437133201,117.74611437133201
9752,c,3.5070359159436633,4.158569183563501
9753,c,117.74611437133201,117.74611437133201
9754,c,117.74611437133201,117.74611437133201
9755,c,117.74611437133201,117.74611437133201
9756,c,29.72293672329588,31.85430788566685
9757,c,38.28067968861434,42.260729914173325
9758,c,117.74611437133201,117.74611437133201
9759,na,-1,0
9760,na,0.20522715232488037,8.109350970807391
9761,c,28.05605848095169,32.530958099756
9762,t,117.74611437133201,117.74611437133201
9763,c,117.74611437133201,117.74611437133201
9764,c,21.06709018608795,41.233430031470476
9765,c,117.74611437133201,117.74611437133201
9766,c,70.92209031775734,117.74611437133201
9767,c,38.636629866525126,38.959243631767116
9768,c,117.74611437133201,117.74611437133201
9769,c,42.29827973202806,46.403011755175115
9770,c,117.74611437133201,117.74611437133201
9771,t,117.74611437133201,117.74611437133201
9772,t,117.74611437133201,117.74611437133201
9773,t,117.74611437133201,117.74611437133201
9774,t,117.74611437133201,117.74611437133201
9775,t,117.74611437133201,117.74611437133201
9776,t,117.74611437133201,117.74611437133201
9777,c,117.74611437133201,117.74611437133201
9778,t,117.74611437133201,117.74611437133201
9779,c,117.74611437133201,117.74611437133201
9780,c,21.74391126438182,21.762489923513744
9781,c,117.74611437133201,117.74611437133201
9782,c,117.74611437133201,117.74611437133201
9783,c,117.74611437133201,117.74611437133201
9784,c,117.74611437133201,117.74611437133201
9785,na,-1,0
9786,t,117.74611437133201,117.74611437133201
9787,c,117.74611437133201,117.74611437133201
9788,t,117.74611437133201,117.74611437133201
9789,t,117.74611437133201,117.74611437133201
9790,c,34.44140340753114,41.37061479681833
9791,c,79.62620962440508,81.19205809945349
9792,c,117.74611437133201,117.74611437133201
9793,t,117.74611437133201,117.74611437133201
9794,c,117.74611437133201,117.74611437133201
9795,t,117.74611437133201,117.74611437133201
9796,c,27.9119956361243,35.88001530899311
9797,c,117.74611437133201,117.74611437133201
9798,c,117.74611437133201,117.74611437133201
9799,c,50.22808181107333,53.21675914199967
9800,t,117.74611437133201,117.74611437133201
9801,c,23.304516512042788,24.73953730105388
9802,c,117.74611437133201,117.74611437133201
9803,c,29.288284732270842,33.218692668499415
9804,c,117.74611437133201,117.74611437133201
9805,c,35.37763940244898,117.74611437133201
9806,c,18.324718927346368,18.540069326281824
9807,t,117.74611437133201,117.74611437133201
9808,c,61.92178647167457,63.60606812512255
9809,t,117.74611437133201,117.74611437133201
9810,c,41.57328981499433,43.277642463601126
9811,t,117.74611437133201,117.74611437133201
9812,t,117.74611437133201,117.74611437133201
9813,c,33.548005230984145,37.465694563966096
9814,c,7.440555255498349,32.58004202253964
9815,c,117.74611437133201,117.74611437133201
9816,c,117.74611437133201,117.74611437133201
9817,na,-1,0
9818,c,17.980422003510213,18.012198203302454
9819,c,117.74611437133201,117.74611437133201
9820,c,26.244385025813855,117.74611437133201
9821,c,11.270998641166383,12.244642676522307
9822,c,117.74611437133201,117.74611437133201
9823,t,117.74611437133201,117.74611437133201
9824,t,117.74611437133201,117.74611437133201
9825,c,53.99707437585556,61.826513310793445
9826,c,117.74611437133201,117.74611437133201
9827,c,117.74611437133201,117.74611437133201
9828,c,26.33857647112904,28.327088573666252
9829,c,28.60633107282668,33.56964924791754
9830,c,26.93247035153906,34.08628020945771
9831,c,117.74611437133201,117.74611437133201
9832,c,117.74611437133201,117.74611437133201
9833,c,24.298546526650927,27.118924687402274
9834,c,40.27192866981056,63.03800654872106
9835,t,117.74611437133201,117.74611437133201
9836,c,24.930903209022294,34.99563266803967
9837,t,117.74611437133201,117.74611437133201
9838,t,117.74611437133201,117.74611437133201
9839,c,22.920265383876743,24.7287619784556
9840,c,117.74611437133201,117.74611437133201
9841,c,33.948830403086404,37.92275633239451
9842,c,117.74611437133201,117.74611437133201
9843,c,25.73126380289813,29.62608295866406
9844,c,10.673643295446839,11.703022802414267
9845,t,117.74611437133201,117.74611437133201
9846,c,14.773560279926578,16.410018952843934
9847,c,26.63542785018731,27.24331903076874
9848,c,55.69068161541365,59.30969797629091
9849,c,117.74611437133201,117.74611437133201
9850,c,41.004604100351294,42.179027015442685
9851,t,117.74611437133201,117.74611437133201
9852,t,117.74611437133201,117.74611437133201
9853,t,117.74611437133201,117.74611437133201
9854,c,117.74611437133201,117.74611437133201
9855,c,117.74611437133201,117.74611437133201
9856,t,117.74611437133201,117.74611437133201
9857,c,117.74611437133201,117.74611437133201
9858,t,117.74611437133201,117.74611437133201
9859,c,28.792826787022157,28.807798120980927
9860,c,48.98523408537571,50.659378532277906
9861,t,117.74611437133201,117.74611437133201
9862,c,16.676906680184924,21.776008075240462
9863,c,117.74611437133201,117.74611437133201
9864,c,117.74611437133201,117.74611437133201
9865,c,117.74611437133201,117.74611437133201
9866,c,18.759620400202316,19.469808417223295
9867,t,117.74611437133201,117.74611437133201
9868,c,27.074654479403712,36.21030498840616
9869,c,117.74611437133201,117.74611437133201
9870,c,117.74611437133201,117.74611437133201
9871,c,117.74611437133201,117.74611437133201
9872,c,117.74611437133201,117.74611437133201
9873,c,117.74611437133201,117.74611437133201
9874,t,117.74611437133201,117.74611437133201
9875,c,117.74611437133201,117.74611437133201
9876,c,117.74611437133201,117.74611437133201
9877,c,117.74611437133201,117.74611437133201
9878,c,117.74611437133201,117.74611437133201
9879,c,117.74611437133201,117.74611437133201
9880,c,59.479259342173236,117.74611437133201
9881,c,117.74611437133201,117.74611437133201
9882,t,117.74611437133201,117.74611437133201
9883,c,26.611361009761055,30.662492381215888
9884,c,14.236051684728526,31.873450050673828
9885,c,117.74611437133201,117.74611437133201
9886,c,32.33920051871906,32.45423204693944
9887,c,117.74611437133201,117.74611437133201
9888,t,117.74611437133201,117.74611437133201
9889,c,117.74611437133201,117.74611437133201
9890,c,22.98042470142737,25.586180673496617
9891,c,117.74611437133201,117.74611437133201
9892,c,117.74611437133201,117.74611437133201
9893,c,51.88494348471982,53.960104611403864
9894,t,117.74611437133201,117.74611437133201
9895,t,117.74611437133201,117.74611437133201
9896,c,20.833867992326134,21.50528695658367
9897,c,31.762674916479472,31.921723021056692
9898,t,117.74611437133201,117.74611437133201
9899,t,117.74611437133201,117.74611437133201
9900,c,22.431650698286305,24.02715674571641
9901,c,34.56603009450977,34.597663496383774
9902,c,117.74611437133201,117.74611437133201
9903,c,11.93823291126957,14.508356884701598
9904,c,117.74611437133201,117.74611437133201
9905,t,117.74611437133201,117.74611437133201
9906,c,54.1239062997752,54.81474651062318
9907,na,7.424081489619854,11.063519930213435
9908,t,117.74611437133201,117.74611437133201
9909,c,10.782731375264204,12.326801894184168
9910,t,117.74611437133201,117.74611437133201
9911,c,117.74611437133201,117.74611437133201
9912,c,117.74611437133201,117.74611437133201
9913,t,117.74611437133201,117.74611437133201
9914,c,117.74611437133201,117.74611437133201
9915,c,117.74611437133201,117.74611437133201
9916,c,117.74611437133201,117.74611437133201
9917,c,17.31294551871314,17.436364366404142
9918,c,117.74611437133201,117.74611437133201
9919,na,2.9324372957518814,3.5534325926823445
9920,c,53.826208268832296,55.61878307151666
9921,c,117.74611437133201,117.74611437133201
9922,c,117.74611437133201,117.74611437133201
9923,c,24.990583821089093,30.026557830735197
9924,c,117.74611437133201,117.74611437133201
9925,t,117.74611437133201,117.74611437133201
9926,c,117.74611437133201,117.74611437133201
9927,c,36.59876182207139,38.3052584215537
9928,t,117.74611437133201,117.74611437133201
9929,c,117.74611437133201,117.74611437133201
9930,c,38.67055562610928,45.205113985333945
9931,c,117.74611437133201,117.74611437133201
9932,c,117.74611437133201,117.74611437133201
9933,t,117.74611437133201,117.74611437133201
9934,c,117.74611437133201,117.74611437133201
9935,c,34.28839913337373,38.70440874237032
9936,c,35.10232440530496,35.19670563439489
9937,t,117.74611437133201,117.74611437133201
9938,c,36.11282648497167,53.39075213961788
9939,c,117.74611437133201,117.74611437133201
9940,c,117.74611437133201,117.74611437133201
9941,c,7.491102049924978,117.74611437133201
9942,c,26.845268268914634,31.683723959948473
9943,c,117.74611437133201,117.74611437133201
9944,c,117.74611437133201,117.74611437133201
9945,c,15.31929212867691,15.439462549392713
9946,t,117.74611437133201,117.74611437133201
9947,c,117.74611437133201,117.74611437133201
9948,c,117.74611437133201,117.74611437133201
9949,c,117.74611437133201,117.74611437133201
9950,c,117.74611437133201,117.74611437133201
9951,c,117.74611437133201,117.74611437133201
9952,c,117.74611437133201,117.74611437133201
9953,c,117.74611437133201,117.74611437133201
9954,c,14.425401616883839,18.253133259656845
9955,c,25.498085619971675,34.42624954647286
9956,c,117.74611437133201,117.74611437133201
9957,t,117.74611437133201,117.74611437133201
9958,c,17.685200194096133,18.866303609466748
9959,c,37.961404428399796,45.053418115231125
9960,c,117.74611437133201,117.74611437133201
9961,c,117.74611437133201,117.74611437133201
9962,c,117.74611437133201,117.74611437133201
9963,c,14.903453728982582,117.74611437133201
9964,c,117.74611437133201,117.74611437133201
9965,c,117.74611437133201,117.74611437133201
9966,c,25.01873047577016,28.88196192527497
9967,c,32.7883664326961,35.569733885102295
9968,t,117.74611437133201,117.74611437133201
9969,c,117.74611437133201,117.74611437133201
9970,c,117.74611437133201,117.74611437133201
9971,c,15.200198114758155,30.53494497214833
9972,t,117.74611437133201,117.74611437133201
9973,t,117.74611437133201,117.74611437133201
9974,c,117.74611437133201,117.74611437133201
9975,c,117.74611437133201,117.74611437133201
9976,c,117.74611437133201,117.74611437133201
9977,c,117.74611437133201,117.74611437133201
9978,c,13.488136591581503,16.794909995215015
9979,na,5.7684337120457165,6.878604878922316
9980,c,33.79366383136377,42.83184694780544
9981,c,117.74611437133201,117.74611437133201
9982,c,117.74611437133201,117.74611437133201
9983,c,19.488211634795864,22.580852177700272
9984,c,117.74611437133201,117.74611437133201
9985,c,117.74611437133201,117.74611437133201
9986,t,117.74611437133201,117.74611437133201
9987,c,117.74611437133201,117.74611437133201
9988,c,117.74611437133201,117.74611437133201
9989,c,117.74611437133201,117.74611437133201
9990,c,17.937327920242055,23.954618813463316
9991,c,16.00303471174945,27.084194794407978
9992,c,117.74611437133201,117.74611437133201
9993,c,117.74611437133201,117.74611437133201
9994,c,17.489593615088733,23.526881559443055
9995,t,117.74611437133201,117.74611437133201
9996,t,117.74611437133201,117.74611437133201
9997,c,28.396930098660835,30.935452938534606
9998,c,117.74611437133201,117.74611437133201
9999,c,15.398234491278794,21.023805490240658
