node, assignment, time2inf, time2death
0,na,-1,0
1,na,-1,0
2,na,43.21247586083628,43.21247586083628
3,na,-1,0
4,na,-1,0
5,na,-1,0
6,na,-1,0
7,na,-1,0
8,na,-1,0
9,na,-1,0
10,na,-1,0
11,na,-1,0
12,na,0,0.8566443925227026
13,na,-1,0
14,na,0,2.301928755703636
15,na,0,1.8341664383111576
16,na,-1,0
17,na,-1,0
18,na,-1,0
19,na,0,15.309768788796337
20,na,-1,0
21,na,-1,0
22,na,-1,0
23,na,-1,0
24,na,-1,0
25,na,-1,0
26,na,-1,0
27,na,-1,0
28,na,0,11.02407728638735
29,na,-1,0
30,na,0,0.3902976927804206
31,na,-1,0
32,na,-1,0
33,na,-1,0
34,na,-1,0
35,na,0,3.6600231675600763
36,na,-1,0
37,na,43.21247586083628,43.21247586083628
38,na,43.21247586083628,43.21247586083628
39,na,-1,0
40,c,43.21247586083628,43.21247586083628
41,c,43.21247586083628,43.21247586083628
42,c,43.21247586083628,43.21247586083628
43,c,43.21247586083628,43.21247586083628
44,c,43.21247586083628,43.21247586083628
45,c,43.21247586083628,43.21247586083628
46,c,43.21247586083628,43.21247586083628
47,c,43.21247586083628,43.21247586083628
48,t,43.21247586083628,43.21247586083628
49,c,43.21247586083628,43.21247586083628
50,c,43.21247586083628,43.21247586083628
51,t,43.21247586083628,43.21247586083628
52,t,43.21247586083628,43.21247586083628
53,c,43.21247586083628,43.21247586083628
54,c,43.21247586083628,43.21247586083628
55,c,43.21247586083628,43.21247586083628
56,c,43.21247586083628,43.21247586083628
57,c,43.21247586083628,43.21247586083628
58,c,43.21247586083628,43.21247586083628
59,t,43.21247586083628,43.21247586083628
60,c,43.21247586083628,43.21247586083628
61,c,43.21247586083628,43.21247586083628
62,c,43.21247586083628,43.21247586083628
63,c,43.21247586083628,43.21247586083628
64,c,43.21247586083628,43.21247586083628
65,t,43.21247586083628,43.21247586083628
66,c,43.21247586083628,43.21247586083628
67,t,43.21247586083628,43.21247586083628
68,c,43.21247586083628,43.21247586083628
69,c,43.21247586083628,43.21247586083628
70,c,43.21247586083628,43.21247586083628
71,c,43.21247586083628,43.21247586083628
72,c,43.21247586083628,43.21247586083628
73,c,43.21247586083628,43.21247586083628
74,t,43.21247586083628,43.21247586083628
75,c,43.21247586083628,43.21247586083628
76,c,43.21247586083628,43.21247586083628
77,t,43.21247586083628,43.21247586083628
78,t,43.21247586083628,43.21247586083628
79,c,43.21247586083628,43.21247586083628
80,c,43.21247586083628,43.21247586083628
81,t,43.21247586083628,43.21247586083628
82,c,43.21247586083628,43.21247586083628
83,c,43.21247586083628,43.21247586083628
84,t,43.21247586083628,43.21247586083628
85,c,43.21247586083628,43.21247586083628
86,c,43.21247586083628,43.21247586083628
87,c,43.21247586083628,43.21247586083628
88,c,43.21247586083628,43.21247586083628
89,c,43.21247586083628,43.21247586083628
90,t,43.21247586083628,43.21247586083628
91,c,43.21247586083628,43.21247586083628
92,c,43.21247586083628,43.21247586083628
93,c,43.21247586083628,43.21247586083628
94,c,12.214140044765795,15.357906115539944
95,c,43.21247586083628,43.21247586083628
96,c,43.21247586083628,43.21247586083628
97,t,43.21247586083628,43.21247586083628
98,c,43.21247586083628,43.21247586083628
99,c,43.21247586083628,43.21247586083628
100,c,43.21247586083628,43.21247586083628
101,c,43.21247586083628,43.21247586083628
102,c,43.21247586083628,43.21247586083628
103,c,43.21247586083628,43.21247586083628
104,c,43.21247586083628,43.21247586083628
105,c,43.21247586083628,43.21247586083628
106,c,43.21247586083628,43.21247586083628
107,c,43.21247586083628,43.21247586083628
108,c,43.21247586083628,43.21247586083628
109,c,43.21247586083628,43.21247586083628
110,c,43.21247586083628,43.21247586083628
111,c,43.21247586083628,43.21247586083628
112,c,43.21247586083628,43.21247586083628
113,c,43.21247586083628,43.21247586083628
114,c,43.21247586083628,43.21247586083628
115,c,43.21247586083628,43.21247586083628
116,c,43.21247586083628,43.21247586083628
117,c,43.21247586083628,43.21247586083628
118,c,43.21247586083628,43.21247586083628
119,c,43.21247586083628,43.21247586083628
120,c,43.21247586083628,43.21247586083628
121,c,43.21247586083628,43.21247586083628
122,c,43.21247586083628,43.21247586083628
123,c,43.21247586083628,43.21247586083628
124,c,43.21247586083628,43.21247586083628
125,t,43.21247586083628,43.21247586083628
126,c,43.21247586083628,43.21247586083628
127,t,43.21247586083628,43.21247586083628
128,c,43.21247586083628,43.21247586083628
129,c,43.21247586083628,43.21247586083628
130,c,43.21247586083628,43.21247586083628
131,c,43.21247586083628,43.21247586083628
132,c,43.21247586083628,43.21247586083628
133,c,43.21247586083628,43.21247586083628
134,c,43.21247586083628,43.21247586083628
135,t,43.21247586083628,43.21247586083628
136,na,5.615367703434305,10.713030627815986
137,c,43.21247586083628,43.21247586083628
138,c,43.21247586083628,43.21247586083628
139,c,43.21247586083628,43.21247586083628
140,c,43.21247586083628,43.21247586083628
141,c,43.21247586083628,43.21247586083628
142,c,43.21247586083628,43.21247586083628
143,c,43.21247586083628,43.21247586083628
144,t,43.21247586083628,43.21247586083628
145,c,43.21247586083628,43.21247586083628
146,c,43.21247586083628,43.21247586083628
147,c,9.279505920394426,16.108013998265996
148,c,43.21247586083628,43.21247586083628
149,c,43.21247586083628,43.21247586083628
150,c,43.21247586083628,43.21247586083628
151,c,43.21247586083628,43.21247586083628
152,c,43.21247586083628,43.21247586083628
153,c,43.21247586083628,43.21247586083628
154,t,43.21247586083628,43.21247586083628
155,na,-1,0
156,c,43.21247586083628,43.21247586083628
157,c,43.21247586083628,43.21247586083628
158,c,43.21247586083628,43.21247586083628
159,c,43.21247586083628,43.21247586083628
160,c,43.21247586083628,43.21247586083628
161,c,43.21247586083628,43.21247586083628
162,t,43.21247586083628,43.21247586083628
163,c,43.21247586083628,43.21247586083628
164,c,43.21247586083628,43.21247586083628
165,t,43.21247586083628,43.21247586083628
166,t,43.21247586083628,43.21247586083628
167,t,43.21247586083628,43.21247586083628
168,c,43.21247586083628,43.21247586083628
169,c,43.21247586083628,43.21247586083628
170,c,43.21247586083628,43.21247586083628
171,t,43.21247586083628,43.21247586083628
172,c,43.21247586083628,43.21247586083628
173,c,43.21247586083628,43.21247586083628
174,c,43.21247586083628,43.21247586083628
175,c,43.21247586083628,43.21247586083628
176,c,43.21247586083628,43.21247586083628
177,c,43.21247586083628,43.21247586083628
178,c,43.21247586083628,43.21247586083628
179,t,43.21247586083628,43.21247586083628
180,c,43.21247586083628,43.21247586083628
181,c,43.21247586083628,43.21247586083628
182,c,43.21247586083628,43.21247586083628
183,c,43.21247586083628,43.21247586083628
184,c,43.21247586083628,43.21247586083628
185,c,43.21247586083628,43.21247586083628
186,t,43.21247586083628,43.21247586083628
187,c,43.21247586083628,43.21247586083628
188,c,43.21247586083628,43.21247586083628
189,c,43.21247586083628,43.21247586083628
190,t,43.21247586083628,43.21247586083628
191,c,43.21247586083628,43.21247586083628
192,t,43.21247586083628,43.21247586083628
193,c,11.389687494475776,18.822139193863027
194,t,43.21247586083628,43.21247586083628
195,c,43.21247586083628,43.21247586083628
196,c,43.21247586083628,43.21247586083628
197,c,43.21247586083628,43.21247586083628
198,t,43.21247586083628,43.21247586083628
199,c,43.21247586083628,43.21247586083628
200,c,43.21247586083628,43.21247586083628
201,t,43.21247586083628,43.21247586083628
202,t,43.21247586083628,43.21247586083628
203,c,43.21247586083628,43.21247586083628
204,c,43.21247586083628,43.21247586083628
205,c,43.21247586083628,43.21247586083628
206,c,43.21247586083628,43.21247586083628
207,c,43.21247586083628,43.21247586083628
208,c,43.21247586083628,43.21247586083628
209,t,43.21247586083628,43.21247586083628
210,t,43.21247586083628,43.21247586083628
211,c,43.21247586083628,43.21247586083628
212,c,43.21247586083628,43.21247586083628
213,t,43.21247586083628,43.21247586083628
214,c,43.21247586083628,43.21247586083628
215,c,43.21247586083628,43.21247586083628
216,c,6.444913604973912,13.047674463672
217,c,43.21247586083628,43.21247586083628
218,c,43.21247586083628,43.21247586083628
219,t,43.21247586083628,43.21247586083628
220,c,43.21247586083628,43.21247586083628
221,c,43.21247586083628,43.21247586083628
222,c,5.382049272018206,9.193982612752166
223,c,43.21247586083628,43.21247586083628
224,c,43.21247586083628,43.21247586083628
225,t,43.21247586083628,43.21247586083628
226,c,43.21247586083628,43.21247586083628
227,c,43.21247586083628,43.21247586083628
228,c,43.21247586083628,43.21247586083628
229,c,2.7589695932767957,8.835628397154382
230,t,43.21247586083628,43.21247586083628
231,c,43.21247586083628,43.21247586083628
232,t,43.21247586083628,43.21247586083628
233,c,43.21247586083628,43.21247586083628
234,c,43.21247586083628,43.21247586083628
235,c,43.21247586083628,43.21247586083628
236,t,43.21247586083628,43.21247586083628
237,t,43.21247586083628,43.21247586083628
238,c,43.21247586083628,43.21247586083628
239,c,43.21247586083628,43.21247586083628
240,c,43.21247586083628,43.21247586083628
241,c,43.21247586083628,43.21247586083628
242,t,43.21247586083628,43.21247586083628
243,c,43.21247586083628,43.21247586083628
244,c,43.21247586083628,43.21247586083628
245,c,43.21247586083628,43.21247586083628
246,t,43.21247586083628,43.21247586083628
247,t,43.21247586083628,43.21247586083628
248,c,43.21247586083628,43.21247586083628
249,c,43.21247586083628,43.21247586083628
250,c,43.21247586083628,43.21247586083628
251,c,43.21247586083628,43.21247586083628
252,c,43.21247586083628,43.21247586083628
253,c,43.21247586083628,43.21247586083628
254,c,43.21247586083628,43.21247586083628
255,c,43.21247586083628,43.21247586083628
256,c,43.21247586083628,43.21247586083628
257,c,43.21247586083628,43.21247586083628
258,c,43.21247586083628,43.21247586083628
259,c,43.21247586083628,43.21247586083628
260,c,43.21247586083628,43.21247586083628
261,c,43.21247586083628,43.21247586083628
262,c,43.21247586083628,43.21247586083628
263,t,43.21247586083628,43.21247586083628
264,t,43.21247586083628,43.21247586083628
265,c,43.21247586083628,43.21247586083628
266,c,43.21247586083628,43.21247586083628
267,c,43.21247586083628,43.21247586083628
268,c,43.21247586083628,43.21247586083628
269,c,43.21247586083628,43.21247586083628
270,c,43.21247586083628,43.21247586083628
271,c,43.21247586083628,43.21247586083628
272,c,43.21247586083628,43.21247586083628
273,c,43.21247586083628,43.21247586083628
274,c,43.21247586083628,43.21247586083628
275,c,43.21247586083628,43.21247586083628
276,t,43.21247586083628,43.21247586083628
277,t,43.21247586083628,43.21247586083628
278,t,43.21247586083628,43.21247586083628
279,c,43.21247586083628,43.21247586083628
280,na,0,10.275496055316639
281,c,43.21247586083628,43.21247586083628
282,c,43.21247586083628,43.21247586083628
283,c,43.21247586083628,43.21247586083628
284,c,43.21247586083628,43.21247586083628
285,c,43.21247586083628,43.21247586083628
286,c,43.21247586083628,43.21247586083628
287,c,43.21247586083628,43.21247586083628
288,t,43.21247586083628,43.21247586083628
289,t,43.21247586083628,43.21247586083628
290,c,43.21247586083628,43.21247586083628
291,c,43.21247586083628,43.21247586083628
292,c,43.21247586083628,43.21247586083628
293,t,43.21247586083628,43.21247586083628
294,t,43.21247586083628,43.21247586083628
295,c,43.21247586083628,43.21247586083628
296,c,43.21247586083628,43.21247586083628
297,c,43.21247586083628,43.21247586083628
298,c,13.089114270233045,22.83715143813509
299,c,43.21247586083628,43.21247586083628
300,c,43.21247586083628,43.21247586083628
301,c,43.21247586083628,43.21247586083628
302,c,43.21247586083628,43.21247586083628
303,c,43.21247586083628,43.21247586083628
304,c,43.21247586083628,43.21247586083628
305,c,43.21247586083628,43.21247586083628
306,c,43.21247586083628,43.21247586083628
307,c,43.21247586083628,43.21247586083628
308,c,43.21247586083628,43.21247586083628
309,c,43.21247586083628,43.21247586083628
310,c,43.21247586083628,43.21247586083628
311,c,43.21247586083628,43.21247586083628
312,c,43.21247586083628,43.21247586083628
313,c,43.21247586083628,43.21247586083628
314,c,43.21247586083628,43.21247586083628
315,c,43.21247586083628,43.21247586083628
316,c,43.21247586083628,43.21247586083628
317,c,43.21247586083628,43.21247586083628
318,c,8.434636509240182,17.441769493597356
319,c,4.56121562281452,16.838199678637434
320,c,43.21247586083628,43.21247586083628
321,c,43.21247586083628,43.21247586083628
322,c,43.21247586083628,43.21247586083628
323,c,43.21247586083628,43.21247586083628
324,c,43.21247586083628,43.21247586083628
325,c,43.21247586083628,43.21247586083628
326,c,43.21247586083628,43.21247586083628
327,c,43.21247586083628,43.21247586083628
328,t,43.21247586083628,43.21247586083628
329,c,43.21247586083628,43.21247586083628
330,c,43.21247586083628,43.21247586083628
331,t,43.21247586083628,43.21247586083628
332,c,43.21247586083628,43.21247586083628
333,c,43.21247586083628,43.21247586083628
334,c,43.21247586083628,43.21247586083628
335,c,43.21247586083628,43.21247586083628
336,t,43.21247586083628,43.21247586083628
337,c,43.21247586083628,43.21247586083628
338,c,43.21247586083628,43.21247586083628
339,t,43.21247586083628,43.21247586083628
340,c,43.21247586083628,43.21247586083628
341,t,43.21247586083628,43.21247586083628
342,c,43.21247586083628,43.21247586083628
343,c,43.21247586083628,43.21247586083628
344,c,43.21247586083628,43.21247586083628
345,c,43.21247586083628,43.21247586083628
346,c,43.21247586083628,43.21247586083628
347,t,43.21247586083628,43.21247586083628
348,c,43.21247586083628,43.21247586083628
349,c,43.21247586083628,43.21247586083628
350,t,43.21247586083628,43.21247586083628
351,na,11.297188267000386,43.21247586083628
352,t,43.21247586083628,43.21247586083628
353,c,43.21247586083628,43.21247586083628
354,c,43.21247586083628,43.21247586083628
355,c,43.21247586083628,43.21247586083628
356,c,43.21247586083628,43.21247586083628
357,c,43.21247586083628,43.21247586083628
358,c,43.21247586083628,43.21247586083628
359,c,43.21247586083628,43.21247586083628
360,c,9.094885843954456,9.691565588194475
361,t,43.21247586083628,43.21247586083628
362,c,43.21247586083628,43.21247586083628
363,c,43.21247586083628,43.21247586083628
364,t,43.21247586083628,43.21247586083628
365,c,43.21247586083628,43.21247586083628
366,c,43.21247586083628,43.21247586083628
367,c,43.21247586083628,43.21247586083628
368,c,43.21247586083628,43.21247586083628
369,c,43.21247586083628,43.21247586083628
370,c,43.21247586083628,43.21247586083628
371,c,43.21247586083628,43.21247586083628
372,t,43.21247586083628,43.21247586083628
373,t,43.21247586083628,43.21247586083628
374,c,43.21247586083628,43.21247586083628
375,c,43.21247586083628,43.21247586083628
376,c,43.21247586083628,43.21247586083628
377,c,43.21247586083628,43.21247586083628
378,c,43.21247586083628,43.21247586083628
379,c,43.21247586083628,43.21247586083628
380,c,43.21247586083628,43.21247586083628
381,c,43.21247586083628,43.21247586083628
382,t,43.21247586083628,43.21247586083628
383,c,43.21247586083628,43.21247586083628
384,c,43.21247586083628,43.21247586083628
385,c,43.21247586083628,43.21247586083628
386,t,43.21247586083628,43.21247586083628
387,c,43.21247586083628,43.21247586083628
388,c,43.21247586083628,43.21247586083628
389,t,43.21247586083628,43.21247586083628
390,c,43.21247586083628,43.21247586083628
391,na,4.723884677674953,8.593800115140635
392,c,43.21247586083628,43.21247586083628
393,c,43.21247586083628,43.21247586083628
394,c,43.21247586083628,43.21247586083628
395,c,43.21247586083628,43.21247586083628
396,c,43.21247586083628,43.21247586083628
397,c,43.21247586083628,43.21247586083628
398,t,43.21247586083628,43.21247586083628
399,c,43.21247586083628,43.21247586083628
400,t,43.21247586083628,43.21247586083628
401,c,43.21247586083628,43.21247586083628
402,c,43.21247586083628,43.21247586083628
403,t,43.21247586083628,43.21247586083628
404,t,43.21247586083628,43.21247586083628
405,c,43.21247586083628,43.21247586083628
406,c,43.21247586083628,43.21247586083628
407,c,43.21247586083628,43.21247586083628
408,c,43.21247586083628,43.21247586083628
409,t,43.21247586083628,43.21247586083628
410,c,43.21247586083628,43.21247586083628
411,c,43.21247586083628,43.21247586083628
412,c,43.21247586083628,43.21247586083628
413,c,43.21247586083628,43.21247586083628
414,c,43.21247586083628,43.21247586083628
415,c,43.21247586083628,43.21247586083628
416,c,43.21247586083628,43.21247586083628
417,c,43.21247586083628,43.21247586083628
418,c,43.21247586083628,43.21247586083628
419,c,43.21247586083628,43.21247586083628
420,t,43.21247586083628,43.21247586083628
421,c,43.21247586083628,43.21247586083628
422,t,43.21247586083628,43.21247586083628
423,c,43.21247586083628,43.21247586083628
424,c,43.21247586083628,43.21247586083628
425,c,9.188808475170125,12.319964685173893
426,c,43.21247586083628,43.21247586083628
427,c,43.21247586083628,43.21247586083628
428,c,43.21247586083628,43.21247586083628
429,c,43.21247586083628,43.21247586083628
430,c,43.21247586083628,43.21247586083628
431,c,43.21247586083628,43.21247586083628
432,c,43.21247586083628,43.21247586083628
433,c,43.21247586083628,43.21247586083628
434,c,43.21247586083628,43.21247586083628
435,c,43.21247586083628,43.21247586083628
436,t,43.21247586083628,43.21247586083628
437,c,43.21247586083628,43.21247586083628
438,c,5.7660872631839375,43.21247586083628
439,t,43.21247586083628,43.21247586083628
440,c,43.21247586083628,43.21247586083628
441,c,10.373955130219866,10.76408533886251
442,t,43.21247586083628,43.21247586083628
443,c,43.21247586083628,43.21247586083628
444,c,43.21247586083628,43.21247586083628
445,c,7.110609792030422,15.045613183765209
446,c,43.21247586083628,43.21247586083628
447,c,43.21247586083628,43.21247586083628
448,t,43.21247586083628,43.21247586083628
449,c,43.21247586083628,43.21247586083628
450,c,43.21247586083628,43.21247586083628
451,c,16.531678336174995,20.056346297986543
452,c,43.21247586083628,43.21247586083628
453,c,43.21247586083628,43.21247586083628
454,c,43.21247586083628,43.21247586083628
455,t,43.21247586083628,43.21247586083628
456,c,43.21247586083628,43.21247586083628
457,c,43.21247586083628,43.21247586083628
458,c,43.21247586083628,43.21247586083628
459,c,43.21247586083628,43.21247586083628
460,c,43.21247586083628,43.21247586083628
461,c,43.21247586083628,43.21247586083628
462,c,43.21247586083628,43.21247586083628
463,c,43.21247586083628,43.21247586083628
464,c,43.21247586083628,43.21247586083628
465,c,43.21247586083628,43.21247586083628
466,c,43.21247586083628,43.21247586083628
467,c,43.21247586083628,43.21247586083628
468,c,43.21247586083628,43.21247586083628
469,c,1.7125070771980873,3.1588302594585347
470,t,43.21247586083628,43.21247586083628
471,t,43.21247586083628,43.21247586083628
472,t,43.21247586083628,43.21247586083628
473,c,43.21247586083628,43.21247586083628
474,t,43.21247586083628,43.21247586083628
475,c,43.21247586083628,43.21247586083628
476,t,43.21247586083628,43.21247586083628
477,na,0,4.9222079740960165
478,c,43.21247586083628,43.21247586083628
479,c,43.21247586083628,43.21247586083628
480,c,43.21247586083628,43.21247586083628
481,c,43.21247586083628,43.21247586083628
482,c,43.21247586083628,43.21247586083628
483,t,43.21247586083628,43.21247586083628
484,c,43.21247586083628,43.21247586083628
485,c,43.21247586083628,43.21247586083628
486,c,43.21247586083628,43.21247586083628
487,c,43.21247586083628,43.21247586083628
488,na,3.0218260596373594,43.21247586083628
489,t,43.21247586083628,43.21247586083628
490,c,43.21247586083628,43.21247586083628
491,c,8.111395279141153,43.21247586083628
492,c,43.21247586083628,43.21247586083628
493,c,43.21247586083628,43.21247586083628
494,c,43.21247586083628,43.21247586083628
495,c,43.21247586083628,43.21247586083628
496,c,43.21247586083628,43.21247586083628
497,c,43.21247586083628,43.21247586083628
498,c,43.21247586083628,43.21247586083628
499,t,43.21247586083628,43.21247586083628
500,c,43.21247586083628,43.21247586083628
501,c,43.21247586083628,43.21247586083628
502,c,43.21247586083628,43.21247586083628
503,c,43.21247586083628,43.21247586083628
504,t,43.21247586083628,43.21247586083628
505,c,43.21247586083628,43.21247586083628
506,t,43.21247586083628,43.21247586083628
507,c,43.21247586083628,43.21247586083628
508,c,43.21247586083628,43.21247586083628
509,t,43.21247586083628,43.21247586083628
510,t,43.21247586083628,43.21247586083628
511,c,43.21247586083628,43.21247586083628
512,c,43.21247586083628,43.21247586083628
513,c,43.21247586083628,43.21247586083628
514,c,43.21247586083628,43.21247586083628
515,c,43.21247586083628,43.21247586083628
516,c,43.21247586083628,43.21247586083628
517,t,43.21247586083628,43.21247586083628
518,c,43.21247586083628,43.21247586083628
519,c,43.21247586083628,43.21247586083628
520,t,43.21247586083628,43.21247586083628
521,c,43.21247586083628,43.21247586083628
522,c,43.21247586083628,43.21247586083628
523,c,43.21247586083628,43.21247586083628
524,c,43.21247586083628,43.21247586083628
525,t,43.21247586083628,43.21247586083628
526,c,43.21247586083628,43.21247586083628
527,t,43.21247586083628,43.21247586083628
528,c,43.21247586083628,43.21247586083628
529,c,43.21247586083628,43.21247586083628
530,c,43.21247586083628,43.21247586083628
531,c,43.21247586083628,43.21247586083628
532,t,43.21247586083628,43.21247586083628
533,c,43.21247586083628,43.21247586083628
534,t,43.21247586083628,43.21247586083628
535,c,43.21247586083628,43.21247586083628
536,c,43.21247586083628,43.21247586083628
537,c,43.21247586083628,43.21247586083628
538,t,43.21247586083628,43.21247586083628
539,c,43.21247586083628,43.21247586083628
540,c,43.21247586083628,43.21247586083628
541,c,43.21247586083628,43.21247586083628
542,c,43.21247586083628,43.21247586083628
543,c,43.21247586083628,43.21247586083628
544,t,43.21247586083628,43.21247586083628
545,c,43.21247586083628,43.21247586083628
546,t,43.21247586083628,43.21247586083628
547,c,43.21247586083628,43.21247586083628
548,c,43.21247586083628,43.21247586083628
549,c,43.21247586083628,43.21247586083628
550,t,43.21247586083628,43.21247586083628
551,t,43.21247586083628,43.21247586083628
552,c,43.21247586083628,43.21247586083628
553,c,43.21247586083628,43.21247586083628
554,t,43.21247586083628,43.21247586083628
555,c,43.21247586083628,43.21247586083628
556,c,43.21247586083628,43.21247586083628
557,t,43.21247586083628,43.21247586083628
558,c,43.21247586083628,43.21247586083628
559,t,43.21247586083628,43.21247586083628
560,c,43.21247586083628,43.21247586083628
561,c,43.21247586083628,43.21247586083628
562,c,43.21247586083628,43.21247586083628
563,t,43.21247586083628,43.21247586083628
564,t,43.21247586083628,43.21247586083628
565,c,43.21247586083628,43.21247586083628
566,t,43.21247586083628,43.21247586083628
567,c,43.21247586083628,43.21247586083628
568,c,43.21247586083628,43.21247586083628
569,c,8.535518948765283,12.686767547991739
570,t,43.21247586083628,43.21247586083628
571,na,0,43.21247586083628
572,c,43.21247586083628,43.21247586083628
573,t,43.21247586083628,43.21247586083628
574,c,43.21247586083628,43.21247586083628
575,c,43.21247586083628,43.21247586083628
576,na,-1,0
577,c,43.21247586083628,43.21247586083628
578,c,43.21247586083628,43.21247586083628
579,c,43.21247586083628,43.21247586083628
580,c,43.21247586083628,43.21247586083628
581,c,43.21247586083628,43.21247586083628
582,t,43.21247586083628,43.21247586083628
583,c,43.21247586083628,43.21247586083628
584,c,43.21247586083628,43.21247586083628
585,na,1.2054499055754833,3.6959997369779685
586,c,43.21247586083628,43.21247586083628
587,c,43.21247586083628,43.21247586083628
588,c,43.21247586083628,43.21247586083628
589,na,-1,0
590,t,43.21247586083628,43.21247586083628
591,c,43.21247586083628,43.21247586083628
592,c,43.21247586083628,43.21247586083628
593,t,43.21247586083628,43.21247586083628
594,c,4.4780859895646365,6.635970705116984
595,c,43.21247586083628,43.21247586083628
596,c,43.21247586083628,43.21247586083628
597,c,43.21247586083628,43.21247586083628
598,c,43.21247586083628,43.21247586083628
599,c,43.21247586083628,43.21247586083628
600,c,43.21247586083628,43.21247586083628
601,t,43.21247586083628,43.21247586083628
602,c,43.21247586083628,43.21247586083628
603,c,43.21247586083628,43.21247586083628
604,c,43.21247586083628,43.21247586083628
605,c,43.21247586083628,43.21247586083628
606,c,43.21247586083628,43.21247586083628
607,c,43.21247586083628,43.21247586083628
608,c,43.21247586083628,43.21247586083628
609,c,43.21247586083628,43.21247586083628
610,c,43.21247586083628,43.21247586083628
611,c,43.21247586083628,43.21247586083628
612,c,43.21247586083628,43.21247586083628
613,c,43.21247586083628,43.21247586083628
614,c,43.21247586083628,43.21247586083628
615,c,43.21247586083628,43.21247586083628
616,c,43.21247586083628,43.21247586083628
617,c,43.21247586083628,43.21247586083628
618,c,43.21247586083628,43.21247586083628
619,c,43.21247586083628,43.21247586083628
620,c,43.21247586083628,43.21247586083628
621,c,43.21247586083628,43.21247586083628
622,c,43.21247586083628,43.21247586083628
623,na,0,2.0689395116990505
624,t,43.21247586083628,43.21247586083628
625,c,43.21247586083628,43.21247586083628
626,t,43.21247586083628,43.21247586083628
627,c,43.21247586083628,43.21247586083628
628,c,43.21247586083628,43.21247586083628
629,t,43.21247586083628,43.21247586083628
630,c,43.21247586083628,43.21247586083628
631,c,43.21247586083628,43.21247586083628
632,c,43.21247586083628,43.21247586083628
633,c,43.21247586083628,43.21247586083628
634,c,43.21247586083628,43.21247586083628
635,t,43.21247586083628,43.21247586083628
636,c,43.21247586083628,43.21247586083628
637,c,43.21247586083628,43.21247586083628
638,c,43.21247586083628,43.21247586083628
639,c,43.21247586083628,43.21247586083628
640,c,43.21247586083628,43.21247586083628
641,c,43.21247586083628,43.21247586083628
642,t,43.21247586083628,43.21247586083628
643,c,43.21247586083628,43.21247586083628
644,c,43.21247586083628,43.21247586083628
645,c,43.21247586083628,43.21247586083628
646,c,43.21247586083628,43.21247586083628
647,c,43.21247586083628,43.21247586083628
648,c,43.21247586083628,43.21247586083628
649,c,43.21247586083628,43.21247586083628
650,c,43.21247586083628,43.21247586083628
651,t,43.21247586083628,43.21247586083628
652,c,43.21247586083628,43.21247586083628
653,c,43.21247586083628,43.21247586083628
654,c,43.21247586083628,43.21247586083628
655,c,43.21247586083628,43.21247586083628
656,c,43.21247586083628,43.21247586083628
657,t,43.21247586083628,43.21247586083628
658,c,43.21247586083628,43.21247586083628
659,c,43.21247586083628,43.21247586083628
660,c,43.21247586083628,43.21247586083628
661,c,43.21247586083628,43.21247586083628
662,t,43.21247586083628,43.21247586083628
663,c,43.21247586083628,43.21247586083628
664,t,43.21247586083628,43.21247586083628
665,c,43.21247586083628,43.21247586083628
666,c,43.21247586083628,43.21247586083628
667,t,43.21247586083628,43.21247586083628
668,t,43.21247586083628,43.21247586083628
669,t,43.21247586083628,43.21247586083628
670,c,43.21247586083628,43.21247586083628
671,c,43.21247586083628,43.21247586083628
672,c,43.21247586083628,43.21247586083628
673,c,43.21247586083628,43.21247586083628
674,c,43.21247586083628,43.21247586083628
675,t,43.21247586083628,43.21247586083628
676,c,43.21247586083628,43.21247586083628
677,c,43.21247586083628,43.21247586083628
678,t,43.21247586083628,43.21247586083628
679,c,43.21247586083628,43.21247586083628
680,c,43.21247586083628,43.21247586083628
681,c,43.21247586083628,43.21247586083628
682,c,43.21247586083628,43.21247586083628
683,c,43.21247586083628,43.21247586083628
684,c,43.21247586083628,43.21247586083628
685,c,43.21247586083628,43.21247586083628
686,c,43.21247586083628,43.21247586083628
687,c,43.21247586083628,43.21247586083628
688,c,43.21247586083628,43.21247586083628
689,c,43.21247586083628,43.21247586083628
690,c,43.21247586083628,43.21247586083628
691,c,43.21247586083628,43.21247586083628
692,c,43.21247586083628,43.21247586083628
693,c,43.21247586083628,43.21247586083628
694,t,43.21247586083628,43.21247586083628
695,c,2.0890595383531334,6.4262706453332425
696,c,43.21247586083628,43.21247586083628
697,c,43.21247586083628,43.21247586083628
698,c,43.21247586083628,43.21247586083628
699,c,43.21247586083628,43.21247586083628
700,c,20.590143794352596,25.676347624039426
701,t,43.21247586083628,43.21247586083628
702,c,43.21247586083628,43.21247586083628
703,c,43.21247586083628,43.21247586083628
704,t,43.21247586083628,43.21247586083628
705,c,43.21247586083628,43.21247586083628
706,c,43.21247586083628,43.21247586083628
707,t,43.21247586083628,43.21247586083628
708,t,43.21247586083628,43.21247586083628
709,t,43.21247586083628,43.21247586083628
710,c,43.21247586083628,43.21247586083628
711,c,43.21247586083628,43.21247586083628
712,c,43.21247586083628,43.21247586083628
713,c,43.21247586083628,43.21247586083628
714,c,43.21247586083628,43.21247586083628
715,c,43.21247586083628,43.21247586083628
716,t,43.21247586083628,43.21247586083628
717,t,43.21247586083628,43.21247586083628
718,c,43.21247586083628,43.21247586083628
719,c,43.21247586083628,43.21247586083628
720,c,43.21247586083628,43.21247586083628
721,c,43.21247586083628,43.21247586083628
722,c,43.21247586083628,43.21247586083628
723,t,43.21247586083628,43.21247586083628
724,c,43.21247586083628,43.21247586083628
725,c,43.21247586083628,43.21247586083628
726,c,43.21247586083628,43.21247586083628
727,c,18.03040371652627,19.583437138582667
728,c,43.21247586083628,43.21247586083628
729,c,43.21247586083628,43.21247586083628
730,c,43.21247586083628,43.21247586083628
731,t,43.21247586083628,43.21247586083628
732,t,43.21247586083628,43.21247586083628
733,c,43.21247586083628,43.21247586083628
734,c,43.21247586083628,43.21247586083628
735,c,43.21247586083628,43.21247586083628
736,c,13.709342207964248,19.335574563969097
737,c,43.21247586083628,43.21247586083628
738,c,43.21247586083628,43.21247586083628
739,c,43.21247586083628,43.21247586083628
740,c,43.21247586083628,43.21247586083628
741,t,43.21247586083628,43.21247586083628
742,c,43.21247586083628,43.21247586083628
743,c,43.21247586083628,43.21247586083628
744,c,43.21247586083628,43.21247586083628
745,t,43.21247586083628,43.21247586083628
746,c,43.21247586083628,43.21247586083628
747,c,43.21247586083628,43.21247586083628
748,c,43.21247586083628,43.21247586083628
749,c,43.21247586083628,43.21247586083628
750,c,43.21247586083628,43.21247586083628
751,t,43.21247586083628,43.21247586083628
752,c,43.21247586083628,43.21247586083628
753,c,43.21247586083628,43.21247586083628
754,c,43.21247586083628,43.21247586083628
755,c,43.21247586083628,43.21247586083628
756,t,43.21247586083628,43.21247586083628
757,c,43.21247586083628,43.21247586083628
758,c,43.21247586083628,43.21247586083628
759,c,43.21247586083628,43.21247586083628
760,c,43.21247586083628,43.21247586083628
761,c,43.21247586083628,43.21247586083628
762,c,43.21247586083628,43.21247586083628
763,c,43.21247586083628,43.21247586083628
764,c,43.21247586083628,43.21247586083628
765,c,43.21247586083628,43.21247586083628
766,c,43.21247586083628,43.21247586083628
767,c,43.21247586083628,43.21247586083628
768,t,43.21247586083628,43.21247586083628
769,c,43.21247586083628,43.21247586083628
770,c,43.21247586083628,43.21247586083628
771,c,43.21247586083628,43.21247586083628
772,c,43.21247586083628,43.21247586083628
773,c,43.21247586083628,43.21247586083628
774,c,43.21247586083628,43.21247586083628
775,c,43.21247586083628,43.21247586083628
776,c,43.21247586083628,43.21247586083628
777,c,43.21247586083628,43.21247586083628
778,c,43.21247586083628,43.21247586083628
779,c,43.21247586083628,43.21247586083628
780,t,43.21247586083628,43.21247586083628
781,c,43.21247586083628,43.21247586083628
782,c,43.21247586083628,43.21247586083628
783,c,43.21247586083628,43.21247586083628
784,c,43.21247586083628,43.21247586083628
785,c,43.21247586083628,43.21247586083628
786,t,43.21247586083628,43.21247586083628
787,c,43.21247586083628,43.21247586083628
788,c,43.21247586083628,43.21247586083628
789,t,43.21247586083628,43.21247586083628
790,c,43.21247586083628,43.21247586083628
791,t,43.21247586083628,43.21247586083628
792,t,43.21247586083628,43.21247586083628
793,t,43.21247586083628,43.21247586083628
794,c,43.21247586083628,43.21247586083628
795,c,43.21247586083628,43.21247586083628
796,c,43.21247586083628,43.21247586083628
797,c,43.21247586083628,43.21247586083628
798,c,43.21247586083628,43.21247586083628
799,c,43.21247586083628,43.21247586083628
800,c,43.21247586083628,43.21247586083628
801,c,43.21247586083628,43.21247586083628
802,c,43.21247586083628,43.21247586083628
803,t,43.21247586083628,43.21247586083628
804,c,43.21247586083628,43.21247586083628
805,c,43.21247586083628,43.21247586083628
806,c,43.21247586083628,43.21247586083628
807,t,43.21247586083628,43.21247586083628
808,c,43.21247586083628,43.21247586083628
809,c,43.21247586083628,43.21247586083628
810,c,43.21247586083628,43.21247586083628
811,c,43.21247586083628,43.21247586083628
812,c,43.21247586083628,43.21247586083628
813,c,43.21247586083628,43.21247586083628
814,c,43.21247586083628,43.21247586083628
815,c,43.21247586083628,43.21247586083628
816,c,43.21247586083628,43.21247586083628
817,c,43.21247586083628,43.21247586083628
818,t,43.21247586083628,43.21247586083628
819,c,43.21247586083628,43.21247586083628
820,c,43.21247586083628,43.21247586083628
821,c,43.21247586083628,43.21247586083628
822,c,43.21247586083628,43.21247586083628
823,t,43.21247586083628,43.21247586083628
824,c,43.21247586083628,43.21247586083628
825,t,43.21247586083628,43.21247586083628
826,c,43.21247586083628,43.21247586083628
827,c,43.21247586083628,43.21247586083628
828,c,43.21247586083628,43.21247586083628
829,c,43.21247586083628,43.21247586083628
830,c,43.21247586083628,43.21247586083628
831,t,43.21247586083628,43.21247586083628
832,c,43.21247586083628,43.21247586083628
833,c,43.21247586083628,43.21247586083628
834,c,43.21247586083628,43.21247586083628
835,c,43.21247586083628,43.21247586083628
836,t,43.21247586083628,43.21247586083628
837,c,43.21247586083628,43.21247586083628
838,t,43.21247586083628,43.21247586083628
839,c,43.21247586083628,43.21247586083628
840,c,43.21247586083628,43.21247586083628
841,c,43.21247586083628,43.21247586083628
842,c,43.21247586083628,43.21247586083628
843,c,43.21247586083628,43.21247586083628
844,t,43.21247586083628,43.21247586083628
845,c,43.21247586083628,43.21247586083628
846,c,43.21247586083628,43.21247586083628
847,c,43.21247586083628,43.21247586083628
848,c,43.21247586083628,43.21247586083628
849,c,43.21247586083628,43.21247586083628
850,t,43.21247586083628,43.21247586083628
851,c,43.21247586083628,43.21247586083628
852,t,43.21247586083628,43.21247586083628
853,c,43.21247586083628,43.21247586083628
854,c,43.21247586083628,43.21247586083628
855,c,43.21247586083628,43.21247586083628
856,t,43.21247586083628,43.21247586083628
857,c,43.21247586083628,43.21247586083628
858,c,43.21247586083628,43.21247586083628
859,t,43.21247586083628,43.21247586083628
860,c,43.21247586083628,43.21247586083628
861,c,43.21247586083628,43.21247586083628
862,c,43.21247586083628,43.21247586083628
863,c,43.21247586083628,43.21247586083628
864,c,43.21247586083628,43.21247586083628
865,c,43.21247586083628,43.21247586083628
866,t,43.21247586083628,43.21247586083628
867,c,43.21247586083628,43.21247586083628
868,c,43.21247586083628,43.21247586083628
869,c,43.21247586083628,43.21247586083628
870,c,43.21247586083628,43.21247586083628
871,t,43.21247586083628,43.21247586083628
872,c,43.21247586083628,43.21247586083628
873,t,43.21247586083628,43.21247586083628
874,c,43.21247586083628,43.21247586083628
875,t,43.21247586083628,43.21247586083628
876,c,43.21247586083628,43.21247586083628
877,c,43.21247586083628,43.21247586083628
878,c,43.21247586083628,43.21247586083628
879,c,43.21247586083628,43.21247586083628
880,c,43.21247586083628,43.21247586083628
881,c,43.21247586083628,43.21247586083628
882,c,43.21247586083628,43.21247586083628
883,c,43.21247586083628,43.21247586083628
884,c,43.21247586083628,43.21247586083628
885,na,1.5645047614695993,7.304475194173051
886,c,43.21247586083628,43.21247586083628
887,c,43.21247586083628,43.21247586083628
888,c,43.21247586083628,43.21247586083628
889,c,43.21247586083628,43.21247586083628
890,c,43.21247586083628,43.21247586083628
891,c,43.21247586083628,43.21247586083628
892,c,43.21247586083628,43.21247586083628
893,t,43.21247586083628,43.21247586083628
894,c,43.21247586083628,43.21247586083628
895,c,43.21247586083628,43.21247586083628
896,c,43.21247586083628,43.21247586083628
897,c,43.21247586083628,43.21247586083628
898,c,43.21247586083628,43.21247586083628
899,c,43.21247586083628,43.21247586083628
900,c,43.21247586083628,43.21247586083628
901,c,43.21247586083628,43.21247586083628
902,c,43.21247586083628,43.21247586083628
903,c,43.21247586083628,43.21247586083628
904,t,43.21247586083628,43.21247586083628
905,c,43.21247586083628,43.21247586083628
906,c,43.21247586083628,43.21247586083628
907,t,43.21247586083628,43.21247586083628
908,t,43.21247586083628,43.21247586083628
909,c,43.21247586083628,43.21247586083628
910,t,43.21247586083628,43.21247586083628
911,c,43.21247586083628,43.21247586083628
912,t,43.21247586083628,43.21247586083628
913,c,43.21247586083628,43.21247586083628
914,c,43.21247586083628,43.21247586083628
915,c,43.21247586083628,43.21247586083628
916,t,43.21247586083628,43.21247586083628
917,c,43.21247586083628,43.21247586083628
918,c,43.21247586083628,43.21247586083628
919,t,43.21247586083628,43.21247586083628
920,t,43.21247586083628,43.21247586083628
921,c,43.21247586083628,43.21247586083628
922,c,43.21247586083628,43.21247586083628
923,c,43.21247586083628,43.21247586083628
924,na,9.415784001071199,19.534930551538157
925,t,43.21247586083628,43.21247586083628
926,t,43.21247586083628,43.21247586083628
927,c,43.21247586083628,43.21247586083628
928,c,43.21247586083628,43.21247586083628
929,c,43.21247586083628,43.21247586083628
930,c,43.21247586083628,43.21247586083628
931,t,43.21247586083628,43.21247586083628
932,c,43.21247586083628,43.21247586083628
933,t,43.21247586083628,43.21247586083628
934,c,43.21247586083628,43.21247586083628
935,t,43.21247586083628,43.21247586083628
936,c,43.21247586083628,43.21247586083628
937,t,43.21247586083628,43.21247586083628
938,c,43.21247586083628,43.21247586083628
939,c,43.21247586083628,43.21247586083628
940,t,43.21247586083628,43.21247586083628
941,t,43.21247586083628,43.21247586083628
942,t,43.21247586083628,43.21247586083628
943,c,43.21247586083628,43.21247586083628
944,c,43.21247586083628,43.21247586083628
945,c,43.21247586083628,43.21247586083628
946,t,43.21247586083628,43.21247586083628
947,c,43.21247586083628,43.21247586083628
948,c,43.21247586083628,43.21247586083628
949,c,43.21247586083628,43.21247586083628
950,t,43.21247586083628,43.21247586083628
951,c,43.21247586083628,43.21247586083628
952,c,43.21247586083628,43.21247586083628
953,c,43.21247586083628,43.21247586083628
954,c,43.21247586083628,43.21247586083628
955,c,43.21247586083628,43.21247586083628
956,c,43.21247586083628,43.21247586083628
957,c,43.21247586083628,43.21247586083628
958,c,43.21247586083628,43.21247586083628
959,t,43.21247586083628,43.21247586083628
960,t,43.21247586083628,43.21247586083628
961,c,43.21247586083628,43.21247586083628
962,c,9.94224602812324,43.21247586083628
963,c,43.21247586083628,43.21247586083628
964,t,43.21247586083628,43.21247586083628
965,c,43.21247586083628,43.21247586083628
966,c,43.21247586083628,43.21247586083628
967,c,43.21247586083628,43.21247586083628
968,c,43.21247586083628,43.21247586083628
969,c,43.21247586083628,43.21247586083628
970,c,43.21247586083628,43.21247586083628
971,c,43.21247586083628,43.21247586083628
972,c,43.21247586083628,43.21247586083628
973,c,43.21247586083628,43.21247586083628
974,t,43.21247586083628,43.21247586083628
975,c,43.21247586083628,43.21247586083628
976,c,43.21247586083628,43.21247586083628
977,c,43.21247586083628,43.21247586083628
978,c,43.21247586083628,43.21247586083628
979,c,43.21247586083628,43.21247586083628
980,c,43.21247586083628,43.21247586083628
981,c,13.603724280638579,15.993503342213154
982,t,43.21247586083628,43.21247586083628
983,t,43.21247586083628,43.21247586083628
984,c,43.21247586083628,43.21247586083628
985,t,43.21247586083628,43.21247586083628
986,c,43.21247586083628,43.21247586083628
987,t,43.21247586083628,43.21247586083628
988,c,43.21247586083628,43.21247586083628
989,c,43.21247586083628,43.21247586083628
990,c,43.21247586083628,43.21247586083628
991,c,43.21247586083628,43.21247586083628
992,t,43.21247586083628,43.21247586083628
993,c,43.21247586083628,43.21247586083628
994,c,43.21247586083628,43.21247586083628
995,c,43.21247586083628,43.21247586083628
996,c,43.21247586083628,43.21247586083628
997,c,43.21247586083628,43.21247586083628
998,c,43.21247586083628,43.21247586083628
999,c,43.21247586083628,43.21247586083628
1000,c,43.21247586083628,43.21247586083628
1001,c,43.21247586083628,43.21247586083628
1002,c,43.21247586083628,43.21247586083628
1003,c,43.21247586083628,43.21247586083628
1004,c,43.21247586083628,43.21247586083628
1005,c,43.21247586083628,43.21247586083628
1006,c,43.21247586083628,43.21247586083628
1007,c,43.21247586083628,43.21247586083628
1008,c,43.21247586083628,43.21247586083628
1009,c,43.21247586083628,43.21247586083628
1010,c,43.21247586083628,43.21247586083628
1011,c,43.21247586083628,43.21247586083628
1012,c,43.21247586083628,43.21247586083628
1013,t,43.21247586083628,43.21247586083628
1014,c,43.21247586083628,43.21247586083628
1015,t,43.21247586083628,43.21247586083628
1016,c,43.21247586083628,43.21247586083628
1017,c,43.21247586083628,43.21247586083628
1018,c,43.21247586083628,43.21247586083628
1019,c,43.21247586083628,43.21247586083628
1020,c,43.21247586083628,43.21247586083628
1021,c,43.21247586083628,43.21247586083628
1022,c,43.21247586083628,43.21247586083628
1023,c,43.21247586083628,43.21247586083628
1024,c,43.21247586083628,43.21247586083628
1025,t,43.21247586083628,43.21247586083628
1026,c,43.21247586083628,43.21247586083628
1027,t,43.21247586083628,43.21247586083628
1028,c,43.21247586083628,43.21247586083628
1029,c,43.21247586083628,43.21247586083628
1030,c,43.21247586083628,43.21247586083628
1031,c,43.21247586083628,43.21247586083628
1032,c,43.21247586083628,43.21247586083628
1033,c,43.21247586083628,43.21247586083628
1034,t,43.21247586083628,43.21247586083628
1035,c,43.21247586083628,43.21247586083628
1036,c,43.21247586083628,43.21247586083628
1037,c,43.21247586083628,43.21247586083628
1038,c,43.21247586083628,43.21247586083628
1039,t,43.21247586083628,43.21247586083628
1040,c,43.21247586083628,43.21247586083628
1041,c,43.21247586083628,43.21247586083628
1042,c,43.21247586083628,43.21247586083628
1043,t,43.21247586083628,43.21247586083628
1044,c,43.21247586083628,43.21247586083628
1045,c,43.21247586083628,43.21247586083628
1046,c,43.21247586083628,43.21247586083628
1047,c,43.21247586083628,43.21247586083628
1048,t,43.21247586083628,43.21247586083628
1049,c,43.21247586083628,43.21247586083628
1050,c,43.21247586083628,43.21247586083628
1051,c,43.21247586083628,43.21247586083628
1052,c,43.21247586083628,43.21247586083628
1053,c,43.21247586083628,43.21247586083628
1054,c,43.21247586083628,43.21247586083628
1055,c,43.21247586083628,43.21247586083628
1056,c,43.21247586083628,43.21247586083628
1057,t,43.21247586083628,43.21247586083628
1058,t,43.21247586083628,43.21247586083628
1059,c,43.21247586083628,43.21247586083628
1060,c,43.21247586083628,43.21247586083628
1061,c,43.21247586083628,43.21247586083628
1062,c,43.21247586083628,43.21247586083628
1063,c,43.21247586083628,43.21247586083628
1064,t,43.21247586083628,43.21247586083628
1065,na,0,6.047296241558198
1066,t,43.21247586083628,43.21247586083628
1067,c,43.21247586083628,43.21247586083628
1068,c,43.21247586083628,43.21247586083628
1069,t,43.21247586083628,43.21247586083628
1070,c,43.21247586083628,43.21247586083628
1071,c,43.21247586083628,43.21247586083628
1072,t,43.21247586083628,43.21247586083628
1073,c,43.21247586083628,43.21247586083628
1074,c,43.21247586083628,43.21247586083628
1075,c,43.21247586083628,43.21247586083628
1076,t,43.21247586083628,43.21247586083628
1077,c,43.21247586083628,43.21247586083628
1078,c,43.21247586083628,43.21247586083628
1079,t,43.21247586083628,43.21247586083628
1080,c,43.21247586083628,43.21247586083628
1081,c,43.21247586083628,43.21247586083628
1082,c,43.21247586083628,43.21247586083628
1083,c,43.21247586083628,43.21247586083628
1084,t,43.21247586083628,43.21247586083628
1085,c,43.21247586083628,43.21247586083628
1086,c,43.21247586083628,43.21247586083628
1087,c,43.21247586083628,43.21247586083628
1088,c,43.21247586083628,43.21247586083628
1089,t,43.21247586083628,43.21247586083628
1090,t,43.21247586083628,43.21247586083628
1091,c,43.21247586083628,43.21247586083628
1092,c,43.21247586083628,43.21247586083628
1093,c,43.21247586083628,43.21247586083628
1094,c,43.21247586083628,43.21247586083628
1095,c,43.21247586083628,43.21247586083628
1096,c,43.21247586083628,43.21247586083628
1097,c,43.21247586083628,43.21247586083628
1098,c,43.21247586083628,43.21247586083628
1099,c,43.21247586083628,43.21247586083628
1100,t,43.21247586083628,43.21247586083628
1101,t,43.21247586083628,43.21247586083628
1102,c,43.21247586083628,43.21247586083628
1103,c,43.21247586083628,43.21247586083628
1104,c,43.21247586083628,43.21247586083628
1105,c,43.21247586083628,43.21247586083628
1106,t,43.21247586083628,43.21247586083628
1107,c,43.21247586083628,43.21247586083628
1108,c,43.21247586083628,43.21247586083628
1109,t,43.21247586083628,43.21247586083628
1110,c,43.21247586083628,43.21247586083628
1111,c,43.21247586083628,43.21247586083628
1112,c,43.21247586083628,43.21247586083628
1113,c,43.21247586083628,43.21247586083628
1114,c,43.21247586083628,43.21247586083628
1115,c,43.21247586083628,43.21247586083628
1116,c,43.21247586083628,43.21247586083628
1117,c,43.21247586083628,43.21247586083628
1118,c,43.21247586083628,43.21247586083628
1119,c,43.21247586083628,43.21247586083628
1120,c,43.21247586083628,43.21247586083628
1121,c,43.21247586083628,43.21247586083628
1122,c,43.21247586083628,43.21247586083628
1123,c,43.21247586083628,43.21247586083628
1124,c,43.21247586083628,43.21247586083628
1125,t,43.21247586083628,43.21247586083628
1126,t,43.21247586083628,43.21247586083628
1127,c,9.9568839340711,11.912112030984373
1128,c,43.21247586083628,43.21247586083628
1129,c,43.21247586083628,43.21247586083628
1130,t,43.21247586083628,43.21247586083628
1131,c,43.21247586083628,43.21247586083628
1132,c,43.21247586083628,43.21247586083628
1133,c,43.21247586083628,43.21247586083628
1134,na,2.5588958902996093,5.271953531540703
1135,c,43.21247586083628,43.21247586083628
1136,t,43.21247586083628,43.21247586083628
1137,c,43.21247586083628,43.21247586083628
1138,c,43.21247586083628,43.21247586083628
1139,t,43.21247586083628,43.21247586083628
1140,c,43.21247586083628,43.21247586083628
1141,c,43.21247586083628,43.21247586083628
1142,t,43.21247586083628,43.21247586083628
1143,c,43.21247586083628,43.21247586083628
1144,c,43.21247586083628,43.21247586083628
1145,t,43.21247586083628,43.21247586083628
1146,c,43.21247586083628,43.21247586083628
1147,c,43.21247586083628,43.21247586083628
1148,c,43.21247586083628,43.21247586083628
1149,c,43.21247586083628,43.21247586083628
1150,c,43.21247586083628,43.21247586083628
1151,t,43.21247586083628,43.21247586083628
1152,c,43.21247586083628,43.21247586083628
1153,c,43.21247586083628,43.21247586083628
1154,c,43.21247586083628,43.21247586083628
1155,c,43.21247586083628,43.21247586083628
1156,c,43.21247586083628,43.21247586083628
1157,c,43.21247586083628,43.21247586083628
1158,c,43.21247586083628,43.21247586083628
1159,c,43.21247586083628,43.21247586083628
1160,c,43.21247586083628,43.21247586083628
1161,c,43.21247586083628,43.21247586083628
1162,t,43.21247586083628,43.21247586083628
1163,c,43.21247586083628,43.21247586083628
1164,c,43.21247586083628,43.21247586083628
1165,c,43.21247586083628,43.21247586083628
1166,c,43.21247586083628,43.21247586083628
1167,c,43.21247586083628,43.21247586083628
1168,c,43.21247586083628,43.21247586083628
1169,c,43.21247586083628,43.21247586083628
1170,c,43.21247586083628,43.21247586083628
1171,c,43.21247586083628,43.21247586083628
1172,c,43.21247586083628,43.21247586083628
1173,c,43.21247586083628,43.21247586083628
1174,c,43.21247586083628,43.21247586083628
1175,c,43.21247586083628,43.21247586083628
1176,c,8.076097607524984,13.589539604468813
1177,c,43.21247586083628,43.21247586083628
1178,c,43.21247586083628,43.21247586083628
1179,c,43.21247586083628,43.21247586083628
1180,c,43.21247586083628,43.21247586083628
1181,c,43.21247586083628,43.21247586083628
1182,c,43.21247586083628,43.21247586083628
1183,c,43.21247586083628,43.21247586083628
1184,na,6.315098175164148,20.72013298034879
1185,c,43.21247586083628,43.21247586083628
1186,c,43.21247586083628,43.21247586083628
1187,c,43.21247586083628,43.21247586083628
1188,c,43.21247586083628,43.21247586083628
1189,c,43.21247586083628,43.21247586083628
1190,c,2.0435400226676697,2.1550633489739073
1191,c,43.21247586083628,43.21247586083628
1192,c,43.21247586083628,43.21247586083628
1193,c,43.21247586083628,43.21247586083628
1194,c,2.036752070439278,4.227269790418149
1195,c,43.21247586083628,43.21247586083628
1196,c,43.21247586083628,43.21247586083628
1197,c,43.21247586083628,43.21247586083628
1198,c,43.21247586083628,43.21247586083628
1199,c,43.21247586083628,43.21247586083628
1200,t,43.21247586083628,43.21247586083628
1201,c,43.21247586083628,43.21247586083628
1202,c,43.21247586083628,43.21247586083628
1203,c,43.21247586083628,43.21247586083628
1204,c,43.21247586083628,43.21247586083628
1205,c,43.21247586083628,43.21247586083628
1206,c,43.21247586083628,43.21247586083628
1207,c,43.21247586083628,43.21247586083628
1208,c,43.21247586083628,43.21247586083628
1209,c,43.21247586083628,43.21247586083628
1210,c,43.21247586083628,43.21247586083628
1211,c,43.21247586083628,43.21247586083628
1212,t,43.21247586083628,43.21247586083628
1213,c,43.21247586083628,43.21247586083628
1214,t,43.21247586083628,43.21247586083628
1215,c,43.21247586083628,43.21247586083628
1216,c,43.21247586083628,43.21247586083628
1217,c,43.21247586083628,43.21247586083628
1218,c,43.21247586083628,43.21247586083628
1219,c,43.21247586083628,43.21247586083628
1220,t,43.21247586083628,43.21247586083628
1221,c,43.21247586083628,43.21247586083628
1222,c,43.21247586083628,43.21247586083628
1223,c,43.21247586083628,43.21247586083628
1224,c,43.21247586083628,43.21247586083628
1225,c,43.21247586083628,43.21247586083628
1226,c,43.21247586083628,43.21247586083628
1227,c,43.21247586083628,43.21247586083628
1228,c,43.21247586083628,43.21247586083628
1229,c,43.21247586083628,43.21247586083628
1230,c,43.21247586083628,43.21247586083628
1231,c,43.21247586083628,43.21247586083628
1232,c,43.21247586083628,43.21247586083628
1233,c,43.21247586083628,43.21247586083628
1234,c,43.21247586083628,43.21247586083628
1235,t,43.21247586083628,43.21247586083628
1236,c,43.21247586083628,43.21247586083628
1237,c,43.21247586083628,43.21247586083628
1238,c,43.21247586083628,43.21247586083628
1239,c,43.21247586083628,43.21247586083628
1240,t,43.21247586083628,43.21247586083628
1241,c,43.21247586083628,43.21247586083628
1242,t,43.21247586083628,43.21247586083628
1243,c,43.21247586083628,43.21247586083628
1244,t,43.21247586083628,43.21247586083628
1245,c,43.21247586083628,43.21247586083628
1246,c,43.21247586083628,43.21247586083628
1247,c,43.21247586083628,43.21247586083628
1248,c,43.21247586083628,43.21247586083628
1249,c,43.21247586083628,43.21247586083628
1250,c,43.21247586083628,43.21247586083628
1251,c,43.21247586083628,43.21247586083628
1252,c,43.21247586083628,43.21247586083628
1253,c,43.21247586083628,43.21247586083628
1254,t,43.21247586083628,43.21247586083628
1255,c,43.21247586083628,43.21247586083628
1256,na,13.832347935416484,24.987360651318447
1257,c,43.21247586083628,43.21247586083628
1258,c,43.21247586083628,43.21247586083628
1259,c,43.21247586083628,43.21247586083628
1260,c,43.21247586083628,43.21247586083628
1261,c,43.21247586083628,43.21247586083628
1262,c,43.21247586083628,43.21247586083628
1263,c,43.21247586083628,43.21247586083628
1264,c,43.21247586083628,43.21247586083628
1265,c,43.21247586083628,43.21247586083628
1266,c,43.21247586083628,43.21247586083628
1267,c,43.21247586083628,43.21247586083628
1268,c,43.21247586083628,43.21247586083628
1269,t,43.21247586083628,43.21247586083628
1270,c,43.21247586083628,43.21247586083628
1271,t,43.21247586083628,43.21247586083628
1272,c,43.21247586083628,43.21247586083628
1273,c,43.21247586083628,43.21247586083628
1274,c,43.21247586083628,43.21247586083628
1275,c,43.21247586083628,43.21247586083628
1276,c,43.21247586083628,43.21247586083628
1277,na,0,2.057676722382278
1278,c,43.21247586083628,43.21247586083628
1279,c,43.21247586083628,43.21247586083628
1280,c,43.21247586083628,43.21247586083628
1281,c,43.21247586083628,43.21247586083628
1282,c,43.21247586083628,43.21247586083628
1283,c,43.21247586083628,43.21247586083628
1284,c,43.21247586083628,43.21247586083628
1285,c,43.21247586083628,43.21247586083628
1286,t,43.21247586083628,43.21247586083628
1287,t,43.21247586083628,43.21247586083628
1288,c,43.21247586083628,43.21247586083628
1289,c,43.21247586083628,43.21247586083628
1290,c,43.21247586083628,43.21247586083628
1291,c,43.21247586083628,43.21247586083628
1292,c,43.21247586083628,43.21247586083628
1293,c,43.21247586083628,43.21247586083628
1294,t,43.21247586083628,43.21247586083628
1295,c,43.21247586083628,43.21247586083628
1296,t,43.21247586083628,43.21247586083628
1297,c,43.21247586083628,43.21247586083628
1298,c,43.21247586083628,43.21247586083628
1299,c,43.21247586083628,43.21247586083628
1300,c,43.21247586083628,43.21247586083628
1301,c,43.21247586083628,43.21247586083628
1302,t,43.21247586083628,43.21247586083628
1303,na,0,1.9723612905041832
1304,c,43.21247586083628,43.21247586083628
1305,t,43.21247586083628,43.21247586083628
1306,c,43.21247586083628,43.21247586083628
1307,c,43.21247586083628,43.21247586083628
1308,c,43.21247586083628,43.21247586083628
1309,c,43.21247586083628,43.21247586083628
1310,c,43.21247586083628,43.21247586083628
1311,c,43.21247586083628,43.21247586083628
1312,c,43.21247586083628,43.21247586083628
1313,c,43.21247586083628,43.21247586083628
1314,c,43.21247586083628,43.21247586083628
1315,c,8.521115511431,43.21247586083628
1316,t,43.21247586083628,43.21247586083628
1317,c,22.098281729796824,24.953068175267255
1318,c,43.21247586083628,43.21247586083628
1319,t,43.21247586083628,43.21247586083628
1320,t,43.21247586083628,43.21247586083628
1321,c,43.21247586083628,43.21247586083628
1322,c,43.21247586083628,43.21247586083628
1323,c,43.21247586083628,43.21247586083628
1324,t,43.21247586083628,43.21247586083628
1325,c,43.21247586083628,43.21247586083628
1326,t,43.21247586083628,43.21247586083628
1327,c,43.21247586083628,43.21247586083628
1328,c,43.21247586083628,43.21247586083628
1329,t,43.21247586083628,43.21247586083628
1330,c,43.21247586083628,43.21247586083628
1331,c,43.21247586083628,43.21247586083628
1332,c,43.21247586083628,43.21247586083628
1333,c,43.21247586083628,43.21247586083628
1334,c,43.21247586083628,43.21247586083628
1335,c,43.21247586083628,43.21247586083628
1336,c,43.21247586083628,43.21247586083628
1337,c,43.21247586083628,43.21247586083628
1338,c,43.21247586083628,43.21247586083628
1339,c,43.21247586083628,43.21247586083628
1340,c,43.21247586083628,43.21247586083628
1341,c,43.21247586083628,43.21247586083628
1342,c,43.21247586083628,43.21247586083628
1343,na,1.85973586074567,43.21247586083628
1344,c,43.21247586083628,43.21247586083628
1345,c,43.21247586083628,43.21247586083628
1346,c,43.21247586083628,43.21247586083628
1347,c,43.21247586083628,43.21247586083628
1348,c,43.21247586083628,43.21247586083628
1349,t,43.21247586083628,43.21247586083628
1350,c,43.21247586083628,43.21247586083628
1351,c,43.21247586083628,43.21247586083628
1352,c,43.21247586083628,43.21247586083628
1353,c,43.21247586083628,43.21247586083628
1354,c,43.21247586083628,43.21247586083628
1355,t,43.21247586083628,43.21247586083628
1356,c,43.21247586083628,43.21247586083628
1357,c,43.21247586083628,43.21247586083628
1358,c,43.21247586083628,43.21247586083628
1359,c,43.21247586083628,43.21247586083628
1360,c,43.21247586083628,43.21247586083628
1361,c,43.21247586083628,43.21247586083628
1362,c,43.21247586083628,43.21247586083628
1363,c,43.21247586083628,43.21247586083628
1364,c,43.21247586083628,43.21247586083628
1365,t,43.21247586083628,43.21247586083628
1366,c,43.21247586083628,43.21247586083628
1367,c,43.21247586083628,43.21247586083628
1368,c,43.21247586083628,43.21247586083628
1369,c,43.21247586083628,43.21247586083628
1370,c,43.21247586083628,43.21247586083628
1371,c,43.21247586083628,43.21247586083628
1372,c,43.21247586083628,43.21247586083628
1373,c,43.21247586083628,43.21247586083628
1374,t,43.21247586083628,43.21247586083628
1375,c,43.21247586083628,43.21247586083628
1376,c,43.21247586083628,43.21247586083628
1377,c,43.21247586083628,43.21247586083628
1378,c,43.21247586083628,43.21247586083628
1379,c,43.21247586083628,43.21247586083628
1380,c,43.21247586083628,43.21247586083628
1381,na,-1,0
1382,t,43.21247586083628,43.21247586083628
1383,c,43.21247586083628,43.21247586083628
1384,c,43.21247586083628,43.21247586083628
1385,c,43.21247586083628,43.21247586083628
1386,na,0,0.16230414671958293
1387,c,43.21247586083628,43.21247586083628
1388,c,25.899526571957242,42.413488181689694
1389,t,43.21247586083628,43.21247586083628
1390,t,43.21247586083628,43.21247586083628
1391,c,43.21247586083628,43.21247586083628
1392,c,43.21247586083628,43.21247586083628
1393,c,43.21247586083628,43.21247586083628
1394,na,0,4.398087772841359
1395,t,43.21247586083628,43.21247586083628
1396,c,43.21247586083628,43.21247586083628
1397,c,43.21247586083628,43.21247586083628
1398,c,43.21247586083628,43.21247586083628
1399,t,43.21247586083628,43.21247586083628
1400,t,43.21247586083628,43.21247586083628
1401,c,43.21247586083628,43.21247586083628
1402,c,43.21247586083628,43.21247586083628
1403,c,43.21247586083628,43.21247586083628
1404,t,43.21247586083628,43.21247586083628
1405,c,43.21247586083628,43.21247586083628
1406,c,43.21247586083628,43.21247586083628
1407,c,43.21247586083628,43.21247586083628
1408,c,43.21247586083628,43.21247586083628
1409,c,43.21247586083628,43.21247586083628
1410,c,43.21247586083628,43.21247586083628
1411,c,43.21247586083628,43.21247586083628
1412,t,43.21247586083628,43.21247586083628
1413,c,43.21247586083628,43.21247586083628
1414,c,43.21247586083628,43.21247586083628
1415,c,43.21247586083628,43.21247586083628
1416,na,-1,0
1417,t,43.21247586083628,43.21247586083628
1418,c,43.21247586083628,43.21247586083628
1419,c,43.21247586083628,43.21247586083628
1420,c,43.21247586083628,43.21247586083628
1421,c,43.21247586083628,43.21247586083628
1422,c,43.21247586083628,43.21247586083628
1423,t,43.21247586083628,43.21247586083628
1424,c,43.21247586083628,43.21247586083628
1425,c,43.21247586083628,43.21247586083628
1426,c,43.21247586083628,43.21247586083628
1427,c,43.21247586083628,43.21247586083628
1428,t,43.21247586083628,43.21247586083628
1429,c,43.21247586083628,43.21247586083628
1430,c,43.21247586083628,43.21247586083628
1431,c,43.21247586083628,43.21247586083628
1432,c,43.21247586083628,43.21247586083628
1433,c,43.21247586083628,43.21247586083628
1434,c,43.21247586083628,43.21247586083628
1435,c,43.21247586083628,43.21247586083628
1436,c,43.21247586083628,43.21247586083628
1437,c,43.21247586083628,43.21247586083628
1438,t,43.21247586083628,43.21247586083628
1439,c,43.21247586083628,43.21247586083628
1440,c,43.21247586083628,43.21247586083628
1441,c,43.21247586083628,43.21247586083628
1442,t,43.21247586083628,43.21247586083628
1443,c,43.21247586083628,43.21247586083628
1444,c,43.21247586083628,43.21247586083628
1445,t,43.21247586083628,43.21247586083628
1446,c,43.21247586083628,43.21247586083628
1447,c,43.21247586083628,43.21247586083628
1448,c,43.21247586083628,43.21247586083628
1449,c,43.21247586083628,43.21247586083628
1450,c,43.21247586083628,43.21247586083628
1451,c,43.21247586083628,43.21247586083628
1452,c,43.21247586083628,43.21247586083628
1453,c,43.21247586083628,43.21247586083628
1454,c,43.21247586083628,43.21247586083628
1455,c,43.21247586083628,43.21247586083628
1456,c,43.21247586083628,43.21247586083628
1457,t,43.21247586083628,43.21247586083628
1458,c,43.21247586083628,43.21247586083628
1459,c,43.21247586083628,43.21247586083628
1460,c,15.383352784524028,19.245475476835036
1461,c,43.21247586083628,43.21247586083628
1462,c,43.21247586083628,43.21247586083628
1463,c,43.21247586083628,43.21247586083628
1464,c,43.21247586083628,43.21247586083628
1465,t,43.21247586083628,43.21247586083628
1466,c,43.21247586083628,43.21247586083628
1467,c,43.21247586083628,43.21247586083628
1468,c,43.21247586083628,43.21247586083628
1469,c,43.21247586083628,43.21247586083628
1470,c,43.21247586083628,43.21247586083628
1471,c,43.21247586083628,43.21247586083628
1472,na,0,10.100796622486564
1473,c,43.21247586083628,43.21247586083628
1474,c,7.166758051855141,8.691879087801734
1475,t,43.21247586083628,43.21247586083628
1476,c,2.645524560187363,4.622245336830746
1477,c,43.21247586083628,43.21247586083628
1478,c,43.21247586083628,43.21247586083628
1479,c,43.21247586083628,43.21247586083628
1480,na,-1,0
1481,c,43.21247586083628,43.21247586083628
1482,c,43.21247586083628,43.21247586083628
1483,c,43.21247586083628,43.21247586083628
1484,t,43.21247586083628,43.21247586083628
1485,c,43.21247586083628,43.21247586083628
1486,c,16.71275002995376,30.827366880928107
1487,c,43.21247586083628,43.21247586083628
1488,c,43.21247586083628,43.21247586083628
1489,t,43.21247586083628,43.21247586083628
1490,c,43.21247586083628,43.21247586083628
1491,t,43.21247586083628,43.21247586083628
1492,c,43.21247586083628,43.21247586083628
1493,c,43.21247586083628,43.21247586083628
1494,t,43.21247586083628,43.21247586083628
1495,t,43.21247586083628,43.21247586083628
1496,t,43.21247586083628,43.21247586083628
1497,c,43.21247586083628,43.21247586083628
1498,t,43.21247586083628,43.21247586083628
1499,c,43.21247586083628,43.21247586083628
1500,t,43.21247586083628,43.21247586083628
1501,c,43.21247586083628,43.21247586083628
1502,c,43.21247586083628,43.21247586083628
1503,c,43.21247586083628,43.21247586083628
1504,c,43.21247586083628,43.21247586083628
1505,c,43.21247586083628,43.21247586083628
1506,c,43.21247586083628,43.21247586083628
1507,c,43.21247586083628,43.21247586083628
1508,na,0,0.8802427414725001
1509,c,43.21247586083628,43.21247586083628
1510,c,43.21247586083628,43.21247586083628
1511,c,43.21247586083628,43.21247586083628
1512,na,-1,0
1513,t,43.21247586083628,43.21247586083628
1514,c,43.21247586083628,43.21247586083628
1515,c,43.21247586083628,43.21247586083628
1516,c,43.21247586083628,43.21247586083628
1517,c,43.21247586083628,43.21247586083628
1518,c,4.023266628202746,7.697889170448335
1519,c,43.21247586083628,43.21247586083628
1520,t,43.21247586083628,43.21247586083628
1521,t,43.21247586083628,43.21247586083628
1522,c,43.21247586083628,43.21247586083628
1523,t,43.21247586083628,43.21247586083628
1524,c,43.21247586083628,43.21247586083628
1525,t,43.21247586083628,43.21247586083628
1526,c,43.21247586083628,43.21247586083628
1527,c,43.21247586083628,43.21247586083628
1528,c,43.21247586083628,43.21247586083628
1529,c,43.21247586083628,43.21247586083628
1530,c,43.21247586083628,43.21247586083628
1531,c,43.21247586083628,43.21247586083628
1532,c,43.21247586083628,43.21247586083628
1533,c,4.9763957590974925,10.013332288277473
1534,t,43.21247586083628,43.21247586083628
1535,c,43.21247586083628,43.21247586083628
1536,c,43.21247586083628,43.21247586083628
1537,c,43.21247586083628,43.21247586083628
1538,c,43.21247586083628,43.21247586083628
1539,c,43.21247586083628,43.21247586083628
1540,c,4.899869952949734,15.904395707986343
1541,c,43.21247586083628,43.21247586083628
1542,c,43.21247586083628,43.21247586083628
1543,c,43.21247586083628,43.21247586083628
1544,c,43.21247586083628,43.21247586083628
1545,na,0,3.203373314763058
1546,c,43.21247586083628,43.21247586083628
1547,c,43.21247586083628,43.21247586083628
1548,c,43.21247586083628,43.21247586083628
1549,c,19.84976510841228,23.26162218497095
1550,c,43.21247586083628,43.21247586083628
1551,c,43.21247586083628,43.21247586083628
1552,t,43.21247586083628,43.21247586083628
1553,na,-1,0
1554,na,6.064703554245578,6.648367898686284
1555,t,43.21247586083628,43.21247586083628
1556,c,43.21247586083628,43.21247586083628
1557,c,43.21247586083628,43.21247586083628
1558,t,43.21247586083628,43.21247586083628
1559,c,43.21247586083628,43.21247586083628
1560,c,43.21247586083628,43.21247586083628
1561,t,43.21247586083628,43.21247586083628
1562,c,43.21247586083628,43.21247586083628
1563,c,43.21247586083628,43.21247586083628
1564,t,43.21247586083628,43.21247586083628
1565,c,43.21247586083628,43.21247586083628
1566,t,43.21247586083628,43.21247586083628
1567,c,43.21247586083628,43.21247586083628
1568,c,43.21247586083628,43.21247586083628
1569,c,43.21247586083628,43.21247586083628
1570,c,43.21247586083628,43.21247586083628
1571,t,43.21247586083628,43.21247586083628
1572,c,43.21247586083628,43.21247586083628
1573,t,43.21247586083628,43.21247586083628
1574,c,43.21247586083628,43.21247586083628
1575,c,43.21247586083628,43.21247586083628
1576,c,43.21247586083628,43.21247586083628
1577,c,43.21247586083628,43.21247586083628
1578,c,43.21247586083628,43.21247586083628
1579,c,43.21247586083628,43.21247586083628
1580,c,43.21247586083628,43.21247586083628
1581,c,43.21247586083628,43.21247586083628
1582,c,43.21247586083628,43.21247586083628
1583,c,43.21247586083628,43.21247586083628
1584,c,43.21247586083628,43.21247586083628
1585,c,43.21247586083628,43.21247586083628
1586,c,43.21247586083628,43.21247586083628
1587,c,43.21247586083628,43.21247586083628
1588,c,43.21247586083628,43.21247586083628
1589,c,43.21247586083628,43.21247586083628
1590,c,43.21247586083628,43.21247586083628
1591,c,43.21247586083628,43.21247586083628
1592,c,43.21247586083628,43.21247586083628
1593,c,43.21247586083628,43.21247586083628
1594,t,43.21247586083628,43.21247586083628
1595,c,43.21247586083628,43.21247586083628
1596,na,0.12431011831081872,0.8684463269082733
1597,t,43.21247586083628,43.21247586083628
1598,c,43.21247586083628,43.21247586083628
1599,t,43.21247586083628,43.21247586083628
1600,c,43.21247586083628,43.21247586083628
1601,c,43.21247586083628,43.21247586083628
1602,c,43.21247586083628,43.21247586083628
1603,c,43.21247586083628,43.21247586083628
1604,t,43.21247586083628,43.21247586083628
1605,c,43.21247586083628,43.21247586083628
1606,t,43.21247586083628,43.21247586083628
1607,c,43.21247586083628,43.21247586083628
1608,t,43.21247586083628,43.21247586083628
1609,t,43.21247586083628,43.21247586083628
1610,c,43.21247586083628,43.21247586083628
1611,t,43.21247586083628,43.21247586083628
1612,c,43.21247586083628,43.21247586083628
1613,c,43.21247586083628,43.21247586083628
1614,c,43.21247586083628,43.21247586083628
1615,t,43.21247586083628,43.21247586083628
1616,c,43.21247586083628,43.21247586083628
1617,c,43.21247586083628,43.21247586083628
1618,c,43.21247586083628,43.21247586083628
1619,c,43.21247586083628,43.21247586083628
1620,c,43.21247586083628,43.21247586083628
1621,t,43.21247586083628,43.21247586083628
1622,c,43.21247586083628,43.21247586083628
1623,c,43.21247586083628,43.21247586083628
1624,c,43.21247586083628,43.21247586083628
1625,c,43.21247586083628,43.21247586083628
1626,na,5.203837389330601,5.745394820828517
1627,c,43.21247586083628,43.21247586083628
1628,c,43.21247586083628,43.21247586083628
1629,c,43.21247586083628,43.21247586083628
1630,c,43.21247586083628,43.21247586083628
1631,t,43.21247586083628,43.21247586083628
1632,c,43.21247586083628,43.21247586083628
1633,c,43.21247586083628,43.21247586083628
1634,t,43.21247586083628,43.21247586083628
1635,c,43.21247586083628,43.21247586083628
1636,c,43.21247586083628,43.21247586083628
1637,c,43.21247586083628,43.21247586083628
1638,c,43.21247586083628,43.21247586083628
1639,t,43.21247586083628,43.21247586083628
1640,t,43.21247586083628,43.21247586083628
1641,c,3.9978756699785594,16.230402631783857
1642,t,43.21247586083628,43.21247586083628
1643,c,43.21247586083628,43.21247586083628
1644,c,43.21247586083628,43.21247586083628
1645,c,43.21247586083628,43.21247586083628
1646,c,43.21247586083628,43.21247586083628
1647,c,43.21247586083628,43.21247586083628
1648,c,43.21247586083628,43.21247586083628
1649,c,43.21247586083628,43.21247586083628
1650,c,43.21247586083628,43.21247586083628
1651,c,43.21247586083628,43.21247586083628
1652,t,43.21247586083628,43.21247586083628
1653,c,43.21247586083628,43.21247586083628
1654,c,43.21247586083628,43.21247586083628
1655,c,43.21247586083628,43.21247586083628
1656,c,43.21247586083628,43.21247586083628
1657,na,-1,0
1658,c,43.21247586083628,43.21247586083628
1659,c,43.21247586083628,43.21247586083628
1660,c,43.21247586083628,43.21247586083628
1661,c,43.21247586083628,43.21247586083628
1662,c,43.21247586083628,43.21247586083628
1663,t,43.21247586083628,43.21247586083628
1664,c,43.21247586083628,43.21247586083628
1665,c,43.21247586083628,43.21247586083628
1666,c,43.21247586083628,43.21247586083628
1667,c,43.21247586083628,43.21247586083628
1668,c,43.21247586083628,43.21247586083628
1669,c,43.21247586083628,43.21247586083628
1670,c,43.21247586083628,43.21247586083628
1671,c,43.21247586083628,43.21247586083628
1672,c,43.21247586083628,43.21247586083628
1673,c,43.21247586083628,43.21247586083628
1674,c,43.21247586083628,43.21247586083628
1675,c,43.21247586083628,43.21247586083628
1676,c,43.21247586083628,43.21247586083628
1677,t,43.21247586083628,43.21247586083628
1678,c,43.21247586083628,43.21247586083628
1679,c,43.21247586083628,43.21247586083628
1680,t,43.21247586083628,43.21247586083628
1681,c,43.21247586083628,43.21247586083628
1682,c,43.21247586083628,43.21247586083628
1683,c,43.21247586083628,43.21247586083628
1684,c,43.21247586083628,43.21247586083628
1685,t,43.21247586083628,43.21247586083628
1686,c,43.21247586083628,43.21247586083628
1687,c,43.21247586083628,43.21247586083628
1688,c,43.21247586083628,43.21247586083628
1689,c,43.21247586083628,43.21247586083628
1690,c,43.21247586083628,43.21247586083628
1691,t,43.21247586083628,43.21247586083628
1692,c,43.21247586083628,43.21247586083628
1693,c,43.21247586083628,43.21247586083628
1694,c,43.21247586083628,43.21247586083628
1695,c,43.21247586083628,43.21247586083628
1696,c,43.21247586083628,43.21247586083628
1697,c,43.21247586083628,43.21247586083628
1698,c,43.21247586083628,43.21247586083628
1699,c,43.21247586083628,43.21247586083628
1700,c,8.04311648135263,8.865933930061788
1701,t,43.21247586083628,43.21247586083628
1702,c,43.21247586083628,43.21247586083628
1703,c,43.21247586083628,43.21247586083628
1704,c,43.21247586083628,43.21247586083628
1705,c,43.21247586083628,43.21247586083628
1706,c,43.21247586083628,43.21247586083628
1707,c,43.21247586083628,43.21247586083628
1708,c,43.21247586083628,43.21247586083628
1709,na,8.975391705179804,10.20796961592073
1710,c,43.21247586083628,43.21247586083628
1711,c,43.21247586083628,43.21247586083628
1712,t,43.21247586083628,43.21247586083628
1713,c,7.733507155332241,11.195825063726573
1714,c,43.21247586083628,43.21247586083628
1715,c,43.21247586083628,43.21247586083628
1716,c,43.21247586083628,43.21247586083628
1717,c,43.21247586083628,43.21247586083628
1718,c,43.21247586083628,43.21247586083628
1719,c,43.21247586083628,43.21247586083628
1720,c,43.21247586083628,43.21247586083628
1721,c,43.21247586083628,43.21247586083628
1722,c,43.21247586083628,43.21247586083628
1723,t,43.21247586083628,43.21247586083628
1724,c,43.21247586083628,43.21247586083628
1725,c,43.21247586083628,43.21247586083628
1726,c,43.21247586083628,43.21247586083628
1727,c,43.21247586083628,43.21247586083628
1728,c,43.21247586083628,43.21247586083628
1729,c,43.21247586083628,43.21247586083628
1730,c,43.21247586083628,43.21247586083628
1731,c,43.21247586083628,43.21247586083628
1732,c,43.21247586083628,43.21247586083628
1733,c,43.21247586083628,43.21247586083628
1734,c,43.21247586083628,43.21247586083628
1735,c,43.21247586083628,43.21247586083628
1736,c,43.21247586083628,43.21247586083628
1737,c,43.21247586083628,43.21247586083628
1738,c,43.21247586083628,43.21247586083628
1739,c,43.21247586083628,43.21247586083628
1740,c,43.21247586083628,43.21247586083628
1741,c,43.21247586083628,43.21247586083628
1742,c,43.21247586083628,43.21247586083628
1743,c,43.21247586083628,43.21247586083628
1744,c,43.21247586083628,43.21247586083628
1745,t,43.21247586083628,43.21247586083628
1746,t,43.21247586083628,43.21247586083628
1747,c,43.21247586083628,43.21247586083628
1748,c,6.817777918708713,16.78719735638957
1749,c,43.21247586083628,43.21247586083628
1750,c,43.21247586083628,43.21247586083628
1751,c,43.21247586083628,43.21247586083628
1752,c,43.21247586083628,43.21247586083628
1753,c,43.21247586083628,43.21247586083628
1754,c,43.21247586083628,43.21247586083628
1755,c,43.21247586083628,43.21247586083628
1756,c,43.21247586083628,43.21247586083628
1757,c,43.21247586083628,43.21247586083628
1758,c,43.21247586083628,43.21247586083628
1759,c,43.21247586083628,43.21247586083628
1760,c,43.21247586083628,43.21247586083628
1761,c,43.21247586083628,43.21247586083628
1762,c,43.21247586083628,43.21247586083628
1763,c,43.21247586083628,43.21247586083628
1764,c,43.21247586083628,43.21247586083628
1765,c,43.21247586083628,43.21247586083628
1766,c,43.21247586083628,43.21247586083628
1767,c,43.21247586083628,43.21247586083628
1768,c,43.21247586083628,43.21247586083628
1769,c,43.21247586083628,43.21247586083628
1770,c,43.21247586083628,43.21247586083628
1771,c,43.21247586083628,43.21247586083628
1772,c,43.21247586083628,43.21247586083628
1773,c,43.21247586083628,43.21247586083628
1774,c,43.21247586083628,43.21247586083628
1775,c,43.21247586083628,43.21247586083628
1776,t,43.21247586083628,43.21247586083628
1777,c,43.21247586083628,43.21247586083628
1778,c,43.21247586083628,43.21247586083628
1779,c,43.21247586083628,43.21247586083628
1780,c,43.21247586083628,43.21247586083628
1781,c,43.21247586083628,43.21247586083628
1782,c,43.21247586083628,43.21247586083628
1783,c,43.21247586083628,43.21247586083628
1784,c,43.21247586083628,43.21247586083628
1785,t,43.21247586083628,43.21247586083628
1786,c,43.21247586083628,43.21247586083628
1787,c,43.21247586083628,43.21247586083628
1788,na,5.928200326155149,5.963191967326266
1789,c,43.21247586083628,43.21247586083628
1790,c,43.21247586083628,43.21247586083628
1791,c,43.21247586083628,43.21247586083628
1792,c,43.21247586083628,43.21247586083628
1793,t,43.21247586083628,43.21247586083628
1794,c,43.21247586083628,43.21247586083628
1795,t,43.21247586083628,43.21247586083628
1796,t,43.21247586083628,43.21247586083628
1797,t,43.21247586083628,43.21247586083628
1798,c,43.21247586083628,43.21247586083628
1799,c,43.21247586083628,43.21247586083628
1800,c,43.21247586083628,43.21247586083628
1801,t,43.21247586083628,43.21247586083628
1802,c,43.21247586083628,43.21247586083628
1803,c,43.21247586083628,43.21247586083628
1804,c,43.21247586083628,43.21247586083628
1805,t,43.21247586083628,43.21247586083628
1806,c,43.21247586083628,43.21247586083628
1807,t,43.21247586083628,43.21247586083628
1808,c,43.21247586083628,43.21247586083628
1809,c,43.21247586083628,43.21247586083628
1810,c,43.21247586083628,43.21247586083628
1811,c,43.21247586083628,43.21247586083628
1812,c,43.21247586083628,43.21247586083628
1813,c,43.21247586083628,43.21247586083628
1814,c,43.21247586083628,43.21247586083628
1815,c,43.21247586083628,43.21247586083628
1816,c,43.21247586083628,43.21247586083628
1817,c,43.21247586083628,43.21247586083628
1818,t,43.21247586083628,43.21247586083628
1819,c,43.21247586083628,43.21247586083628
1820,c,43.21247586083628,43.21247586083628
1821,c,43.21247586083628,43.21247586083628
1822,c,43.21247586083628,43.21247586083628
1823,c,43.21247586083628,43.21247586083628
1824,c,43.21247586083628,43.21247586083628
1825,c,43.21247586083628,43.21247586083628
1826,c,43.21247586083628,43.21247586083628
1827,c,43.21247586083628,43.21247586083628
1828,c,43.21247586083628,43.21247586083628
1829,c,43.21247586083628,43.21247586083628
1830,na,0,2.914894447437318
1831,c,43.21247586083628,43.21247586083628
1832,c,43.21247586083628,43.21247586083628
1833,t,43.21247586083628,43.21247586083628
1834,c,43.21247586083628,43.21247586083628
1835,c,43.21247586083628,43.21247586083628
1836,c,43.21247586083628,43.21247586083628
1837,c,7.35747276017028,10.319590116091502
1838,t,43.21247586083628,43.21247586083628
1839,t,43.21247586083628,43.21247586083628
1840,c,43.21247586083628,43.21247586083628
1841,c,43.21247586083628,43.21247586083628
1842,c,43.21247586083628,43.21247586083628
1843,c,43.21247586083628,43.21247586083628
1844,t,43.21247586083628,43.21247586083628
1845,c,43.21247586083628,43.21247586083628
1846,t,43.21247586083628,43.21247586083628
1847,t,43.21247586083628,43.21247586083628
1848,c,43.21247586083628,43.21247586083628
1849,c,43.21247586083628,43.21247586083628
1850,c,43.21247586083628,43.21247586083628
1851,c,9.670215692370562,11.570221405556323
1852,c,43.21247586083628,43.21247586083628
1853,c,43.21247586083628,43.21247586083628
1854,c,43.21247586083628,43.21247586083628
1855,c,43.21247586083628,43.21247586083628
1856,t,43.21247586083628,43.21247586083628
1857,c,43.21247586083628,43.21247586083628
1858,c,43.21247586083628,43.21247586083628
1859,c,43.21247586083628,43.21247586083628
1860,c,43.21247586083628,43.21247586083628
1861,t,43.21247586083628,43.21247586083628
1862,c,43.21247586083628,43.21247586083628
1863,c,43.21247586083628,43.21247586083628
1864,c,9.228398223027513,10.260854839321848
1865,t,43.21247586083628,43.21247586083628
1866,c,43.21247586083628,43.21247586083628
1867,c,43.21247586083628,43.21247586083628
1868,c,43.21247586083628,43.21247586083628
1869,c,43.21247586083628,43.21247586083628
1870,c,43.21247586083628,43.21247586083628
1871,c,43.21247586083628,43.21247586083628
1872,c,43.21247586083628,43.21247586083628
1873,c,43.21247586083628,43.21247586083628
1874,c,43.21247586083628,43.21247586083628
1875,c,43.21247586083628,43.21247586083628
1876,t,43.21247586083628,43.21247586083628
1877,t,43.21247586083628,43.21247586083628
1878,c,43.21247586083628,43.21247586083628
1879,c,43.21247586083628,43.21247586083628
1880,c,43.21247586083628,43.21247586083628
1881,c,43.21247586083628,43.21247586083628
1882,c,43.21247586083628,43.21247586083628
1883,c,43.21247586083628,43.21247586083628
1884,c,43.21247586083628,43.21247586083628
1885,na,2.6821200022531477,4.4427658251020645
1886,t,43.21247586083628,43.21247586083628
1887,c,43.21247586083628,43.21247586083628
1888,c,43.21247586083628,43.21247586083628
1889,c,43.21247586083628,43.21247586083628
1890,c,43.21247586083628,43.21247586083628
1891,t,43.21247586083628,43.21247586083628
1892,c,43.21247586083628,43.21247586083628
1893,c,43.21247586083628,43.21247586083628
1894,c,43.21247586083628,43.21247586083628
1895,c,43.21247586083628,43.21247586083628
1896,t,43.21247586083628,43.21247586083628
1897,c,43.21247586083628,43.21247586083628
1898,c,43.21247586083628,43.21247586083628
1899,c,43.21247586083628,43.21247586083628
1900,c,43.21247586083628,43.21247586083628
1901,c,43.21247586083628,43.21247586083628
1902,c,43.21247586083628,43.21247586083628
1903,c,43.21247586083628,43.21247586083628
1904,c,43.21247586083628,43.21247586083628
1905,c,43.21247586083628,43.21247586083628
1906,c,43.21247586083628,43.21247586083628
1907,c,43.21247586083628,43.21247586083628
1908,c,43.21247586083628,43.21247586083628
1909,c,43.21247586083628,43.21247586083628
1910,c,43.21247586083628,43.21247586083628
1911,t,43.21247586083628,43.21247586083628
1912,c,43.21247586083628,43.21247586083628
1913,c,43.21247586083628,43.21247586083628
1914,c,43.21247586083628,43.21247586083628
1915,c,28.593049223921913,30.085658068199525
1916,c,43.21247586083628,43.21247586083628
1917,c,43.21247586083628,43.21247586083628
1918,c,43.21247586083628,43.21247586083628
1919,t,43.21247586083628,43.21247586083628
1920,t,43.21247586083628,43.21247586083628
1921,c,43.21247586083628,43.21247586083628
1922,c,43.21247586083628,43.21247586083628
1923,c,43.21247586083628,43.21247586083628
1924,c,43.21247586083628,43.21247586083628
1925,c,43.21247586083628,43.21247586083628
1926,t,43.21247586083628,43.21247586083628
1927,c,43.21247586083628,43.21247586083628
1928,c,43.21247586083628,43.21247586083628
1929,c,43.21247586083628,43.21247586083628
1930,c,43.21247586083628,43.21247586083628
1931,c,43.21247586083628,43.21247586083628
1932,c,43.21247586083628,43.21247586083628
1933,t,43.21247586083628,43.21247586083628
1934,c,43.21247586083628,43.21247586083628
1935,c,43.21247586083628,43.21247586083628
1936,c,43.21247586083628,43.21247586083628
1937,c,43.21247586083628,43.21247586083628
1938,c,43.21247586083628,43.21247586083628
1939,t,43.21247586083628,43.21247586083628
1940,t,43.21247586083628,43.21247586083628
1941,c,43.21247586083628,43.21247586083628
1942,c,43.21247586083628,43.21247586083628
1943,c,43.21247586083628,43.21247586083628
1944,t,43.21247586083628,43.21247586083628
1945,c,43.21247586083628,43.21247586083628
1946,t,43.21247586083628,43.21247586083628
1947,t,43.21247586083628,43.21247586083628
1948,c,43.21247586083628,43.21247586083628
1949,c,43.21247586083628,43.21247586083628
1950,c,43.21247586083628,43.21247586083628
1951,c,43.21247586083628,43.21247586083628
1952,c,43.21247586083628,43.21247586083628
1953,c,43.21247586083628,43.21247586083628
1954,c,43.21247586083628,43.21247586083628
1955,c,43.21247586083628,43.21247586083628
1956,c,43.21247586083628,43.21247586083628
1957,t,43.21247586083628,43.21247586083628
1958,c,43.21247586083628,43.21247586083628
1959,c,43.21247586083628,43.21247586083628
1960,c,43.21247586083628,43.21247586083628
1961,c,43.21247586083628,43.21247586083628
1962,na,0,2.5098273408536422
1963,c,43.21247586083628,43.21247586083628
1964,c,43.21247586083628,43.21247586083628
1965,c,43.21247586083628,43.21247586083628
1966,c,43.21247586083628,43.21247586083628
1967,c,43.21247586083628,43.21247586083628
1968,c,43.21247586083628,43.21247586083628
1969,c,43.21247586083628,43.21247586083628
1970,c,43.21247586083628,43.21247586083628
1971,t,43.21247586083628,43.21247586083628
1972,c,13.062177234472438,13.816651771934627
1973,c,43.21247586083628,43.21247586083628
1974,c,43.21247586083628,43.21247586083628
1975,c,43.21247586083628,43.21247586083628
1976,c,43.21247586083628,43.21247586083628
1977,c,43.21247586083628,43.21247586083628
1978,c,43.21247586083628,43.21247586083628
1979,c,43.21247586083628,43.21247586083628
1980,c,43.21247586083628,43.21247586083628
1981,c,43.21247586083628,43.21247586083628
1982,c,43.21247586083628,43.21247586083628
1983,c,43.21247586083628,43.21247586083628
1984,c,43.21247586083628,43.21247586083628
1985,c,43.21247586083628,43.21247586083628
1986,c,43.21247586083628,43.21247586083628
1987,c,43.21247586083628,43.21247586083628
1988,c,43.21247586083628,43.21247586083628
1989,c,43.21247586083628,43.21247586083628
1990,c,43.21247586083628,43.21247586083628
1991,na,0.20241360444142115,1.704615291164048
1992,t,43.21247586083628,43.21247586083628
1993,c,43.21247586083628,43.21247586083628
1994,c,43.21247586083628,43.21247586083628
1995,c,43.21247586083628,43.21247586083628
1996,c,8.400357645481991,43.21247586083628
1997,t,43.21247586083628,43.21247586083628
1998,t,43.21247586083628,43.21247586083628
1999,c,43.21247586083628,43.21247586083628
2000,c,43.21247586083628,43.21247586083628
2001,t,43.21247586083628,43.21247586083628
2002,c,43.21247586083628,43.21247586083628
2003,c,43.21247586083628,43.21247586083628
2004,t,43.21247586083628,43.21247586083628
2005,c,43.21247586083628,43.21247586083628
2006,c,43.21247586083628,43.21247586083628
2007,c,43.21247586083628,43.21247586083628
2008,c,43.21247586083628,43.21247586083628
2009,c,43.21247586083628,43.21247586083628
2010,t,43.21247586083628,43.21247586083628
2011,c,43.21247586083628,43.21247586083628
2012,t,43.21247586083628,43.21247586083628
2013,c,43.21247586083628,43.21247586083628
2014,c,43.21247586083628,43.21247586083628
2015,c,43.21247586083628,43.21247586083628
2016,t,43.21247586083628,43.21247586083628
2017,c,43.21247586083628,43.21247586083628
2018,c,43.21247586083628,43.21247586083628
2019,c,43.21247586083628,43.21247586083628
2020,c,43.21247586083628,43.21247586083628
2021,c,43.21247586083628,43.21247586083628
2022,c,43.21247586083628,43.21247586083628
2023,c,43.21247586083628,43.21247586083628
2024,c,43.21247586083628,43.21247586083628
2025,c,43.21247586083628,43.21247586083628
2026,t,43.21247586083628,43.21247586083628
2027,t,43.21247586083628,43.21247586083628
2028,c,43.21247586083628,43.21247586083628
2029,c,43.21247586083628,43.21247586083628
2030,t,43.21247586083628,43.21247586083628
2031,t,43.21247586083628,43.21247586083628
2032,c,43.21247586083628,43.21247586083628
2033,c,43.21247586083628,43.21247586083628
2034,c,43.21247586083628,43.21247586083628
2035,c,43.21247586083628,43.21247586083628
2036,c,43.21247586083628,43.21247586083628
2037,c,43.21247586083628,43.21247586083628
2038,t,43.21247586083628,43.21247586083628
2039,c,43.21247586083628,43.21247586083628
2040,t,43.21247586083628,43.21247586083628
2041,c,43.21247586083628,43.21247586083628
2042,c,43.21247586083628,43.21247586083628
2043,t,43.21247586083628,43.21247586083628
2044,c,43.21247586083628,43.21247586083628
2045,c,43.21247586083628,43.21247586083628
2046,t,43.21247586083628,43.21247586083628
2047,c,10.08934310859753,12.330777592413066
2048,c,43.21247586083628,43.21247586083628
2049,c,43.21247586083628,43.21247586083628
2050,c,43.21247586083628,43.21247586083628
2051,c,43.21247586083628,43.21247586083628
2052,c,43.21247586083628,43.21247586083628
2053,t,43.21247586083628,43.21247586083628
2054,c,43.21247586083628,43.21247586083628
2055,t,43.21247586083628,43.21247586083628
2056,c,43.21247586083628,43.21247586083628
2057,c,43.21247586083628,43.21247586083628
2058,na,-1,0
2059,c,43.21247586083628,43.21247586083628
2060,c,43.21247586083628,43.21247586083628
2061,c,43.21247586083628,43.21247586083628
2062,c,43.21247586083628,43.21247586083628
2063,c,43.21247586083628,43.21247586083628
2064,c,43.21247586083628,43.21247586083628
2065,t,43.21247586083628,43.21247586083628
2066,c,43.21247586083628,43.21247586083628
2067,c,43.21247586083628,43.21247586083628
2068,c,43.21247586083628,43.21247586083628
2069,c,43.21247586083628,43.21247586083628
2070,c,43.21247586083628,43.21247586083628
2071,c,43.21247586083628,43.21247586083628
2072,c,43.21247586083628,43.21247586083628
2073,c,43.21247586083628,43.21247586083628
2074,c,43.21247586083628,43.21247586083628
2075,c,43.21247586083628,43.21247586083628
2076,c,43.21247586083628,43.21247586083628
2077,c,43.21247586083628,43.21247586083628
2078,t,43.21247586083628,43.21247586083628
2079,c,43.21247586083628,43.21247586083628
2080,c,43.21247586083628,43.21247586083628
2081,t,43.21247586083628,43.21247586083628
2082,c,43.21247586083628,43.21247586083628
2083,c,43.21247586083628,43.21247586083628
2084,t,43.21247586083628,43.21247586083628
2085,c,43.21247586083628,43.21247586083628
2086,c,43.21247586083628,43.21247586083628
2087,c,43.21247586083628,43.21247586083628
2088,c,43.21247586083628,43.21247586083628
2089,c,43.21247586083628,43.21247586083628
2090,c,43.21247586083628,43.21247586083628
2091,t,43.21247586083628,43.21247586083628
2092,c,43.21247586083628,43.21247586083628
2093,c,43.21247586083628,43.21247586083628
2094,c,43.21247586083628,43.21247586083628
2095,c,43.21247586083628,43.21247586083628
2096,c,43.21247586083628,43.21247586083628
2097,c,43.21247586083628,43.21247586083628
2098,c,43.21247586083628,43.21247586083628
2099,c,43.21247586083628,43.21247586083628
2100,c,43.21247586083628,43.21247586083628
2101,c,43.21247586083628,43.21247586083628
2102,c,43.21247586083628,43.21247586083628
2103,c,43.21247586083628,43.21247586083628
2104,t,43.21247586083628,43.21247586083628
2105,t,43.21247586083628,43.21247586083628
2106,t,43.21247586083628,43.21247586083628
2107,c,43.21247586083628,43.21247586083628
2108,t,43.21247586083628,43.21247586083628
2109,t,43.21247586083628,43.21247586083628
2110,c,43.21247586083628,43.21247586083628
2111,c,43.21247586083628,43.21247586083628
2112,t,43.21247586083628,43.21247586083628
2113,c,8.742498161721656,14.008585599657943
2114,c,16.34660101328136,16.823257115028557
2115,t,43.21247586083628,43.21247586083628
2116,c,43.21247586083628,43.21247586083628
2117,c,43.21247586083628,43.21247586083628
2118,t,43.21247586083628,43.21247586083628
2119,c,43.21247586083628,43.21247586083628
2120,c,43.21247586083628,43.21247586083628
2121,c,43.21247586083628,43.21247586083628
2122,c,43.21247586083628,43.21247586083628
2123,t,43.21247586083628,43.21247586083628
2124,c,43.21247586083628,43.21247586083628
2125,c,43.21247586083628,43.21247586083628
2126,t,43.21247586083628,43.21247586083628
2127,c,10.307188087755723,10.485094689177807
2128,c,43.21247586083628,43.21247586083628
2129,c,43.21247586083628,43.21247586083628
2130,t,43.21247586083628,43.21247586083628
2131,c,43.21247586083628,43.21247586083628
2132,t,43.21247586083628,43.21247586083628
2133,t,43.21247586083628,43.21247586083628
2134,c,43.21247586083628,43.21247586083628
2135,c,43.21247586083628,43.21247586083628
2136,t,43.21247586083628,43.21247586083628
2137,c,43.21247586083628,43.21247586083628
2138,c,43.21247586083628,43.21247586083628
2139,c,43.21247586083628,43.21247586083628
2140,c,43.21247586083628,43.21247586083628
2141,t,43.21247586083628,43.21247586083628
2142,c,43.21247586083628,43.21247586083628
2143,c,43.21247586083628,43.21247586083628
2144,c,43.21247586083628,43.21247586083628
2145,t,43.21247586083628,43.21247586083628
2146,c,43.21247586083628,43.21247586083628
2147,c,43.21247586083628,43.21247586083628
2148,t,43.21247586083628,43.21247586083628
2149,c,43.21247586083628,43.21247586083628
2150,c,43.21247586083628,43.21247586083628
2151,c,43.21247586083628,43.21247586083628
2152,t,43.21247586083628,43.21247586083628
2153,c,43.21247586083628,43.21247586083628
2154,c,43.21247586083628,43.21247586083628
2155,c,43.21247586083628,43.21247586083628
2156,c,43.21247586083628,43.21247586083628
2157,t,43.21247586083628,43.21247586083628
2158,c,0.9924242738932941,2.3207930637615077
2159,c,43.21247586083628,43.21247586083628
2160,t,43.21247586083628,43.21247586083628
2161,c,43.21247586083628,43.21247586083628
2162,c,43.21247586083628,43.21247586083628
2163,c,43.21247586083628,43.21247586083628
2164,c,43.21247586083628,43.21247586083628
2165,t,43.21247586083628,43.21247586083628
2166,c,43.21247586083628,43.21247586083628
2167,c,43.21247586083628,43.21247586083628
2168,c,43.21247586083628,43.21247586083628
2169,t,43.21247586083628,43.21247586083628
2170,c,43.21247586083628,43.21247586083628
2171,c,43.21247586083628,43.21247586083628
2172,c,43.21247586083628,43.21247586083628
2173,c,43.21247586083628,43.21247586083628
2174,t,43.21247586083628,43.21247586083628
2175,c,43.21247586083628,43.21247586083628
2176,c,43.21247586083628,43.21247586083628
2177,t,43.21247586083628,43.21247586083628
2178,t,43.21247586083628,43.21247586083628
2179,c,43.21247586083628,43.21247586083628
2180,c,43.21247586083628,43.21247586083628
2181,t,43.21247586083628,43.21247586083628
2182,c,43.21247586083628,43.21247586083628
2183,c,43.21247586083628,43.21247586083628
2184,c,43.21247586083628,43.21247586083628
2185,c,43.21247586083628,43.21247586083628
2186,c,43.21247586083628,43.21247586083628
2187,c,43.21247586083628,43.21247586083628
2188,c,2.959743296526584,5.4166109128687046
2189,c,43.21247586083628,43.21247586083628
2190,c,43.21247586083628,43.21247586083628
2191,c,43.21247586083628,43.21247586083628
2192,c,43.21247586083628,43.21247586083628
2193,c,43.21247586083628,43.21247586083628
2194,c,43.21247586083628,43.21247586083628
2195,c,13.017093074183514,21.773253661757725
2196,c,43.21247586083628,43.21247586083628
2197,c,43.21247586083628,43.21247586083628
2198,c,43.21247586083628,43.21247586083628
2199,c,43.21247586083628,43.21247586083628
2200,c,43.21247586083628,43.21247586083628
2201,c,43.21247586083628,43.21247586083628
2202,c,43.21247586083628,43.21247586083628
2203,c,43.21247586083628,43.21247586083628
2204,t,43.21247586083628,43.21247586083628
2205,c,43.21247586083628,43.21247586083628
2206,c,43.21247586083628,43.21247586083628
2207,c,43.21247586083628,43.21247586083628
2208,t,43.21247586083628,43.21247586083628
2209,c,43.21247586083628,43.21247586083628
2210,t,43.21247586083628,43.21247586083628
2211,t,43.21247586083628,43.21247586083628
2212,t,43.21247586083628,43.21247586083628
2213,na,6.676719920236746,11.512538870266663
2214,c,43.21247586083628,43.21247586083628
2215,c,43.21247586083628,43.21247586083628
2216,c,43.21247586083628,43.21247586083628
2217,c,43.21247586083628,43.21247586083628
2218,c,43.21247586083628,43.21247586083628
2219,t,43.21247586083628,43.21247586083628
2220,c,43.21247586083628,43.21247586083628
2221,c,43.21247586083628,43.21247586083628
2222,t,43.21247586083628,43.21247586083628
2223,c,43.21247586083628,43.21247586083628
2224,c,43.21247586083628,43.21247586083628
2225,c,43.21247586083628,43.21247586083628
2226,t,43.21247586083628,43.21247586083628
2227,t,43.21247586083628,43.21247586083628
2228,c,43.21247586083628,43.21247586083628
2229,na,-1,0
2230,c,43.21247586083628,43.21247586083628
2231,c,43.21247586083628,43.21247586083628
2232,na,6.03458737770504,9.093185864988087
2233,c,43.21247586083628,43.21247586083628
2234,t,43.21247586083628,43.21247586083628
2235,c,43.21247586083628,43.21247586083628
2236,c,43.21247586083628,43.21247586083628
2237,c,43.21247586083628,43.21247586083628
2238,c,43.21247586083628,43.21247586083628
2239,c,43.21247586083628,43.21247586083628
2240,t,43.21247586083628,43.21247586083628
2241,c,43.21247586083628,43.21247586083628
2242,c,43.21247586083628,43.21247586083628
2243,c,43.21247586083628,43.21247586083628
2244,t,43.21247586083628,43.21247586083628
2245,c,43.21247586083628,43.21247586083628
2246,c,43.21247586083628,43.21247586083628
2247,c,43.21247586083628,43.21247586083628
2248,c,43.21247586083628,43.21247586083628
2249,c,43.21247586083628,43.21247586083628
2250,c,43.21247586083628,43.21247586083628
2251,t,43.21247586083628,43.21247586083628
2252,c,43.21247586083628,43.21247586083628
2253,t,43.21247586083628,43.21247586083628
2254,t,43.21247586083628,43.21247586083628
2255,c,43.21247586083628,43.21247586083628
2256,c,43.21247586083628,43.21247586083628
2257,c,43.21247586083628,43.21247586083628
2258,c,43.21247586083628,43.21247586083628
2259,c,43.21247586083628,43.21247586083628
2260,c,43.21247586083628,43.21247586083628
2261,c,43.21247586083628,43.21247586083628
2262,c,43.21247586083628,43.21247586083628
2263,c,43.21247586083628,43.21247586083628
2264,c,43.21247586083628,43.21247586083628
2265,c,43.21247586083628,43.21247586083628
2266,c,43.21247586083628,43.21247586083628
2267,c,43.21247586083628,43.21247586083628
2268,c,43.21247586083628,43.21247586083628
2269,t,43.21247586083628,43.21247586083628
2270,t,43.21247586083628,43.21247586083628
2271,c,43.21247586083628,43.21247586083628
2272,c,43.21247586083628,43.21247586083628
2273,t,43.21247586083628,43.21247586083628
2274,c,43.21247586083628,43.21247586083628
2275,t,43.21247586083628,43.21247586083628
2276,c,43.21247586083628,43.21247586083628
2277,c,43.21247586083628,43.21247586083628
2278,c,43.21247586083628,43.21247586083628
2279,c,43.21247586083628,43.21247586083628
2280,c,43.21247586083628,43.21247586083628
2281,t,43.21247586083628,43.21247586083628
2282,c,43.21247586083628,43.21247586083628
2283,c,43.21247586083628,43.21247586083628
2284,c,43.21247586083628,43.21247586083628
2285,c,43.21247586083628,43.21247586083628
2286,c,43.21247586083628,43.21247586083628
2287,c,43.21247586083628,43.21247586083628
2288,t,43.21247586083628,43.21247586083628
2289,c,43.21247586083628,43.21247586083628
2290,c,43.21247586083628,43.21247586083628
2291,c,43.21247586083628,43.21247586083628
2292,t,43.21247586083628,43.21247586083628
2293,c,43.21247586083628,43.21247586083628
2294,c,43.21247586083628,43.21247586083628
2295,t,43.21247586083628,43.21247586083628
2296,c,43.21247586083628,43.21247586083628
2297,na,0.48887894002228827,2.638910050579193
2298,c,43.21247586083628,43.21247586083628
2299,c,43.21247586083628,43.21247586083628
2300,t,43.21247586083628,43.21247586083628
2301,c,43.21247586083628,43.21247586083628
2302,c,43.21247586083628,43.21247586083628
2303,c,43.21247586083628,43.21247586083628
2304,c,43.21247586083628,43.21247586083628
2305,c,43.21247586083628,43.21247586083628
2306,c,43.21247586083628,43.21247586083628
2307,c,43.21247586083628,43.21247586083628
2308,t,43.21247586083628,43.21247586083628
2309,c,43.21247586083628,43.21247586083628
2310,c,43.21247586083628,43.21247586083628
2311,c,43.21247586083628,43.21247586083628
2312,c,43.21247586083628,43.21247586083628
2313,c,43.21247586083628,43.21247586083628
2314,c,43.21247586083628,43.21247586083628
2315,t,43.21247586083628,43.21247586083628
2316,c,43.21247586083628,43.21247586083628
2317,c,43.21247586083628,43.21247586083628
2318,c,43.21247586083628,43.21247586083628
2319,c,43.21247586083628,43.21247586083628
2320,c,43.21247586083628,43.21247586083628
2321,c,43.21247586083628,43.21247586083628
2322,c,43.21247586083628,43.21247586083628
2323,t,43.21247586083628,43.21247586083628
2324,c,43.21247586083628,43.21247586083628
2325,c,43.21247586083628,43.21247586083628
2326,c,43.21247586083628,43.21247586083628
2327,c,43.21247586083628,43.21247586083628
2328,t,43.21247586083628,43.21247586083628
2329,c,43.21247586083628,43.21247586083628
2330,t,43.21247586083628,43.21247586083628
2331,c,43.21247586083628,43.21247586083628
2332,c,43.21247586083628,43.21247586083628
2333,c,43.21247586083628,43.21247586083628
2334,c,43.21247586083628,43.21247586083628
2335,c,43.21247586083628,43.21247586083628
2336,na,-1,0
2337,c,43.21247586083628,43.21247586083628
2338,c,43.21247586083628,43.21247586083628
2339,c,43.21247586083628,43.21247586083628
2340,c,43.21247586083628,43.21247586083628
2341,c,43.21247586083628,43.21247586083628
2342,t,43.21247586083628,43.21247586083628
2343,t,43.21247586083628,43.21247586083628
2344,c,43.21247586083628,43.21247586083628
2345,t,43.21247586083628,43.21247586083628
2346,c,43.21247586083628,43.21247586083628
2347,t,43.21247586083628,43.21247586083628
2348,c,43.21247586083628,43.21247586083628
2349,c,43.21247586083628,43.21247586083628
2350,c,43.21247586083628,43.21247586083628
2351,c,43.21247586083628,43.21247586083628
2352,c,43.21247586083628,43.21247586083628
2353,c,43.21247586083628,43.21247586083628
2354,c,43.21247586083628,43.21247586083628
2355,c,43.21247586083628,43.21247586083628
2356,t,43.21247586083628,43.21247586083628
2357,c,43.21247586083628,43.21247586083628
2358,c,43.21247586083628,43.21247586083628
2359,t,43.21247586083628,43.21247586083628
2360,c,43.21247586083628,43.21247586083628
2361,c,43.21247586083628,43.21247586083628
2362,c,43.21247586083628,43.21247586083628
2363,c,43.21247586083628,43.21247586083628
2364,c,43.21247586083628,43.21247586083628
2365,c,43.21247586083628,43.21247586083628
2366,c,43.21247586083628,43.21247586083628
2367,c,43.21247586083628,43.21247586083628
2368,c,43.21247586083628,43.21247586083628
2369,c,43.21247586083628,43.21247586083628
2370,c,43.21247586083628,43.21247586083628
2371,c,43.21247586083628,43.21247586083628
2372,c,43.21247586083628,43.21247586083628
2373,c,43.21247586083628,43.21247586083628
2374,c,43.21247586083628,43.21247586083628
2375,t,43.21247586083628,43.21247586083628
2376,c,43.21247586083628,43.21247586083628
2377,c,43.21247586083628,43.21247586083628
2378,c,43.21247586083628,43.21247586083628
2379,c,43.21247586083628,43.21247586083628
2380,c,43.21247586083628,43.21247586083628
2381,c,43.21247586083628,43.21247586083628
2382,c,43.21247586083628,43.21247586083628
2383,c,43.21247586083628,43.21247586083628
2384,c,43.21247586083628,43.21247586083628
2385,c,43.21247586083628,43.21247586083628
2386,c,43.21247586083628,43.21247586083628
2387,c,43.21247586083628,43.21247586083628
2388,c,43.21247586083628,43.21247586083628
2389,c,16.324200887427534,18.86660957374674
2390,c,43.21247586083628,43.21247586083628
2391,t,43.21247586083628,43.21247586083628
2392,c,43.21247586083628,43.21247586083628
2393,c,43.21247586083628,43.21247586083628
2394,c,43.21247586083628,43.21247586083628
2395,c,43.21247586083628,43.21247586083628
2396,c,43.21247586083628,43.21247586083628
2397,c,43.21247586083628,43.21247586083628
2398,c,43.21247586083628,43.21247586083628
2399,t,43.21247586083628,43.21247586083628
2400,t,43.21247586083628,43.21247586083628
2401,c,43.21247586083628,43.21247586083628
2402,c,43.21247586083628,43.21247586083628
2403,c,43.21247586083628,43.21247586083628
2404,c,43.21247586083628,43.21247586083628
2405,c,43.21247586083628,43.21247586083628
2406,c,43.21247586083628,43.21247586083628
2407,c,43.21247586083628,43.21247586083628
2408,c,43.21247586083628,43.21247586083628
2409,c,43.21247586083628,43.21247586083628
2410,c,43.21247586083628,43.21247586083628
2411,c,43.21247586083628,43.21247586083628
2412,t,43.21247586083628,43.21247586083628
2413,c,43.21247586083628,43.21247586083628
2414,c,43.21247586083628,43.21247586083628
2415,c,43.21247586083628,43.21247586083628
2416,c,43.21247586083628,43.21247586083628
2417,c,43.21247586083628,43.21247586083628
2418,t,43.21247586083628,43.21247586083628
2419,c,43.21247586083628,43.21247586083628
2420,t,43.21247586083628,43.21247586083628
2421,t,43.21247586083628,43.21247586083628
2422,c,43.21247586083628,43.21247586083628
2423,c,43.21247586083628,43.21247586083628
2424,c,43.21247586083628,43.21247586083628
2425,t,43.21247586083628,43.21247586083628
2426,c,43.21247586083628,43.21247586083628
2427,c,4.12996837577757,6.148275424439671
2428,c,43.21247586083628,43.21247586083628
2429,c,43.21247586083628,43.21247586083628
2430,t,43.21247586083628,43.21247586083628
2431,t,43.21247586083628,43.21247586083628
2432,t,43.21247586083628,43.21247586083628
2433,c,43.21247586083628,43.21247586083628
2434,c,43.21247586083628,43.21247586083628
2435,c,43.21247586083628,43.21247586083628
2436,t,43.21247586083628,43.21247586083628
2437,c,7.657802857358621,7.97220301398407
2438,c,43.21247586083628,43.21247586083628
2439,na,-1,0
2440,c,43.21247586083628,43.21247586083628
2441,c,43.21247586083628,43.21247586083628
2442,c,43.21247586083628,43.21247586083628
2443,c,43.21247586083628,43.21247586083628
2444,t,43.21247586083628,43.21247586083628
2445,c,43.21247586083628,43.21247586083628
2446,t,43.21247586083628,43.21247586083628
2447,c,6.01779594231485,13.102265746446333
2448,c,43.21247586083628,43.21247586083628
2449,c,43.21247586083628,43.21247586083628
2450,t,43.21247586083628,43.21247586083628
2451,c,43.21247586083628,43.21247586083628
2452,c,43.21247586083628,43.21247586083628
2453,c,43.21247586083628,43.21247586083628
2454,c,43.21247586083628,43.21247586083628
2455,c,43.21247586083628,43.21247586083628
2456,c,43.21247586083628,43.21247586083628
2457,t,43.21247586083628,43.21247586083628
2458,t,43.21247586083628,43.21247586083628
2459,c,43.21247586083628,43.21247586083628
2460,t,43.21247586083628,43.21247586083628
2461,c,43.21247586083628,43.21247586083628
2462,t,43.21247586083628,43.21247586083628
2463,t,43.21247586083628,43.21247586083628
2464,c,43.21247586083628,43.21247586083628
2465,c,43.21247586083628,43.21247586083628
2466,c,43.21247586083628,43.21247586083628
2467,c,43.21247586083628,43.21247586083628
2468,c,43.21247586083628,43.21247586083628
2469,t,43.21247586083628,43.21247586083628
2470,c,43.21247586083628,43.21247586083628
2471,na,0.3322176243760238,5.93838819602232
2472,c,43.21247586083628,43.21247586083628
2473,c,43.21247586083628,43.21247586083628
2474,c,43.21247586083628,43.21247586083628
2475,c,43.21247586083628,43.21247586083628
2476,c,43.21247586083628,43.21247586083628
2477,c,43.21247586083628,43.21247586083628
2478,c,43.21247586083628,43.21247586083628
2479,c,43.21247586083628,43.21247586083628
2480,c,43.21247586083628,43.21247586083628
2481,t,43.21247586083628,43.21247586083628
2482,c,43.21247586083628,43.21247586083628
2483,c,43.21247586083628,43.21247586083628
2484,c,43.21247586083628,43.21247586083628
2485,c,43.21247586083628,43.21247586083628
2486,c,43.21247586083628,43.21247586083628
2487,c,43.21247586083628,43.21247586083628
2488,c,43.21247586083628,43.21247586083628
2489,c,43.21247586083628,43.21247586083628
2490,c,43.21247586083628,43.21247586083628
2491,c,43.21247586083628,43.21247586083628
2492,c,43.21247586083628,43.21247586083628
2493,c,43.21247586083628,43.21247586083628
2494,c,43.21247586083628,43.21247586083628
2495,c,43.21247586083628,43.21247586083628
2496,c,43.21247586083628,43.21247586083628
2497,c,43.21247586083628,43.21247586083628
2498,c,43.21247586083628,43.21247586083628
2499,c,43.21247586083628,43.21247586083628
2500,c,9.478910698782798,10.26941468781954
2501,c,43.21247586083628,43.21247586083628
2502,t,43.21247586083628,43.21247586083628
2503,t,43.21247586083628,43.21247586083628
2504,t,43.21247586083628,43.21247586083628
2505,t,43.21247586083628,43.21247586083628
2506,c,43.21247586083628,43.21247586083628
2507,c,43.21247586083628,43.21247586083628
2508,t,43.21247586083628,43.21247586083628
2509,c,43.21247586083628,43.21247586083628
2510,c,43.21247586083628,43.21247586083628
2511,c,43.21247586083628,43.21247586083628
2512,c,43.21247586083628,43.21247586083628
2513,c,43.21247586083628,43.21247586083628
2514,c,5.423082798280991,10.801115230006328
2515,c,43.21247586083628,43.21247586083628
2516,c,43.21247586083628,43.21247586083628
2517,c,43.21247586083628,43.21247586083628
2518,c,43.21247586083628,43.21247586083628
2519,c,43.21247586083628,43.21247586083628
2520,c,43.21247586083628,43.21247586083628
2521,c,43.21247586083628,43.21247586083628
2522,c,43.21247586083628,43.21247586083628
2523,c,43.21247586083628,43.21247586083628
2524,c,3.516673570002951,4.851426176578977
2525,t,43.21247586083628,43.21247586083628
2526,na,-1,0
2527,t,43.21247586083628,43.21247586083628
2528,c,43.21247586083628,43.21247586083628
2529,c,43.21247586083628,43.21247586083628
2530,c,43.21247586083628,43.21247586083628
2531,t,43.21247586083628,43.21247586083628
2532,c,43.21247586083628,43.21247586083628
2533,c,43.21247586083628,43.21247586083628
2534,na,0.46489989018736083,5.889295288292498
2535,c,43.21247586083628,43.21247586083628
2536,c,43.21247586083628,43.21247586083628
2537,c,43.21247586083628,43.21247586083628
2538,c,43.21247586083628,43.21247586083628
2539,c,43.21247586083628,43.21247586083628
2540,c,43.21247586083628,43.21247586083628
2541,c,43.21247586083628,43.21247586083628
2542,t,43.21247586083628,43.21247586083628
2543,c,43.21247586083628,43.21247586083628
2544,t,43.21247586083628,43.21247586083628
2545,c,43.21247586083628,43.21247586083628
2546,c,43.21247586083628,43.21247586083628
2547,c,43.21247586083628,43.21247586083628
2548,c,43.21247586083628,43.21247586083628
2549,c,43.21247586083628,43.21247586083628
2550,c,43.21247586083628,43.21247586083628
2551,t,43.21247586083628,43.21247586083628
2552,t,43.21247586083628,43.21247586083628
2553,c,43.21247586083628,43.21247586083628
2554,c,43.21247586083628,43.21247586083628
2555,c,43.21247586083628,43.21247586083628
2556,c,43.21247586083628,43.21247586083628
2557,t,43.21247586083628,43.21247586083628
2558,t,43.21247586083628,43.21247586083628
2559,c,43.21247586083628,43.21247586083628
2560,c,43.21247586083628,43.21247586083628
2561,c,43.21247586083628,43.21247586083628
2562,t,43.21247586083628,43.21247586083628
2563,t,43.21247586083628,43.21247586083628
2564,t,43.21247586083628,43.21247586083628
2565,c,43.21247586083628,43.21247586083628
2566,c,43.21247586083628,43.21247586083628
2567,c,43.21247586083628,43.21247586083628
2568,c,43.21247586083628,43.21247586083628
2569,c,43.21247586083628,43.21247586083628
2570,c,43.21247586083628,43.21247586083628
2571,c,43.21247586083628,43.21247586083628
2572,c,43.21247586083628,43.21247586083628
2573,c,43.21247586083628,43.21247586083628
2574,c,43.21247586083628,43.21247586083628
2575,c,43.21247586083628,43.21247586083628
2576,c,43.21247586083628,43.21247586083628
2577,t,43.21247586083628,43.21247586083628
2578,c,43.21247586083628,43.21247586083628
2579,c,43.21247586083628,43.21247586083628
2580,c,43.21247586083628,43.21247586083628
2581,c,43.21247586083628,43.21247586083628
2582,c,43.21247586083628,43.21247586083628
2583,c,43.21247586083628,43.21247586083628
2584,t,43.21247586083628,43.21247586083628
2585,na,3.7606508666584277,11.049574499309152
2586,c,43.21247586083628,43.21247586083628
2587,t,43.21247586083628,43.21247586083628
2588,t,43.21247586083628,43.21247586083628
2589,c,43.21247586083628,43.21247586083628
2590,c,43.21247586083628,43.21247586083628
2591,c,43.21247586083628,43.21247586083628
2592,c,43.21247586083628,43.21247586083628
2593,na,0,0.9946973343570724
2594,c,43.21247586083628,43.21247586083628
2595,c,43.21247586083628,43.21247586083628
2596,c,43.21247586083628,43.21247586083628
2597,t,43.21247586083628,43.21247586083628
2598,c,43.21247586083628,43.21247586083628
2599,c,43.21247586083628,43.21247586083628
2600,t,43.21247586083628,43.21247586083628
2601,c,43.21247586083628,43.21247586083628
2602,c,43.21247586083628,43.21247586083628
2603,t,43.21247586083628,43.21247586083628
2604,c,43.21247586083628,43.21247586083628
2605,t,43.21247586083628,43.21247586083628
2606,c,43.21247586083628,43.21247586083628
2607,c,43.21247586083628,43.21247586083628
2608,t,43.21247586083628,43.21247586083628
2609,c,43.21247586083628,43.21247586083628
2610,c,43.21247586083628,43.21247586083628
2611,c,43.21247586083628,43.21247586083628
2612,c,8.140143460712375,9.41039481402805
2613,c,43.21247586083628,43.21247586083628
2614,c,43.21247586083628,43.21247586083628
2615,c,43.21247586083628,43.21247586083628
2616,c,43.21247586083628,43.21247586083628
2617,t,43.21247586083628,43.21247586083628
2618,c,43.21247586083628,43.21247586083628
2619,c,43.21247586083628,43.21247586083628
2620,c,43.21247586083628,43.21247586083628
2621,c,43.21247586083628,43.21247586083628
2622,t,43.21247586083628,43.21247586083628
2623,c,43.21247586083628,43.21247586083628
2624,c,43.21247586083628,43.21247586083628
2625,t,43.21247586083628,43.21247586083628
2626,c,43.21247586083628,43.21247586083628
2627,c,43.21247586083628,43.21247586083628
2628,c,43.21247586083628,43.21247586083628
2629,t,43.21247586083628,43.21247586083628
2630,c,43.21247586083628,43.21247586083628
2631,t,43.21247586083628,43.21247586083628
2632,t,43.21247586083628,43.21247586083628
2633,c,43.21247586083628,43.21247586083628
2634,t,43.21247586083628,43.21247586083628
2635,c,43.21247586083628,43.21247586083628
2636,c,43.21247586083628,43.21247586083628
2637,c,43.21247586083628,43.21247586083628
2638,t,43.21247586083628,43.21247586083628
2639,c,43.21247586083628,43.21247586083628
2640,c,43.21247586083628,43.21247586083628
2641,c,43.21247586083628,43.21247586083628
2642,c,43.21247586083628,43.21247586083628
2643,c,43.21247586083628,43.21247586083628
2644,c,43.21247586083628,43.21247586083628
2645,c,43.21247586083628,43.21247586083628
2646,c,43.21247586083628,43.21247586083628
2647,t,43.21247586083628,43.21247586083628
2648,t,43.21247586083628,43.21247586083628
2649,c,43.21247586083628,43.21247586083628
2650,c,43.21247586083628,43.21247586083628
2651,c,43.21247586083628,43.21247586083628
2652,c,43.21247586083628,43.21247586083628
2653,c,43.21247586083628,43.21247586083628
2654,c,43.21247586083628,43.21247586083628
2655,c,43.21247586083628,43.21247586083628
2656,t,43.21247586083628,43.21247586083628
2657,c,43.21247586083628,43.21247586083628
2658,c,43.21247586083628,43.21247586083628
2659,c,43.21247586083628,43.21247586083628
2660,t,43.21247586083628,43.21247586083628
2661,c,43.21247586083628,43.21247586083628
2662,c,43.21247586083628,43.21247586083628
2663,c,43.21247586083628,43.21247586083628
2664,t,43.21247586083628,43.21247586083628
2665,c,43.21247586083628,43.21247586083628
2666,c,43.21247586083628,43.21247586083628
2667,c,43.21247586083628,43.21247586083628
2668,na,14.548367586853013,14.766763570935497
2669,t,43.21247586083628,43.21247586083628
2670,c,43.21247586083628,43.21247586083628
2671,c,43.21247586083628,43.21247586083628
2672,c,43.21247586083628,43.21247586083628
2673,t,43.21247586083628,43.21247586083628
2674,c,43.21247586083628,43.21247586083628
2675,c,43.21247586083628,43.21247586083628
2676,t,43.21247586083628,43.21247586083628
2677,t,43.21247586083628,43.21247586083628
2678,c,43.21247586083628,43.21247586083628
2679,t,43.21247586083628,43.21247586083628
2680,c,43.21247586083628,43.21247586083628
2681,c,43.21247586083628,43.21247586083628
2682,c,43.21247586083628,43.21247586083628
2683,c,43.21247586083628,43.21247586083628
2684,c,43.21247586083628,43.21247586083628
2685,c,43.21247586083628,43.21247586083628
2686,c,43.21247586083628,43.21247586083628
2687,c,43.21247586083628,43.21247586083628
2688,c,43.21247586083628,43.21247586083628
2689,c,43.21247586083628,43.21247586083628
2690,c,43.21247586083628,43.21247586083628
2691,c,6.068251339844154,16.111118892239922
2692,c,43.21247586083628,43.21247586083628
2693,c,7.042019540740205,43.21247586083628
2694,c,43.21247586083628,43.21247586083628
2695,c,43.21247586083628,43.21247586083628
2696,t,43.21247586083628,43.21247586083628
2697,c,43.21247586083628,43.21247586083628
2698,c,43.21247586083628,43.21247586083628
2699,c,43.21247586083628,43.21247586083628
2700,c,43.21247586083628,43.21247586083628
2701,c,6.060439995791465,16.40353915894275
2702,c,43.21247586083628,43.21247586083628
2703,c,43.21247586083628,43.21247586083628
2704,c,43.21247586083628,43.21247586083628
2705,c,43.21247586083628,43.21247586083628
2706,na,0,3.9294324333833845
2707,t,43.21247586083628,43.21247586083628
2708,t,43.21247586083628,43.21247586083628
2709,c,43.21247586083628,43.21247586083628
2710,c,43.21247586083628,43.21247586083628
2711,c,43.21247586083628,43.21247586083628
2712,c,43.21247586083628,43.21247586083628
2713,t,43.21247586083628,43.21247586083628
2714,c,43.21247586083628,43.21247586083628
2715,c,43.21247586083628,43.21247586083628
2716,c,43.21247586083628,43.21247586083628
2717,c,43.21247586083628,43.21247586083628
2718,c,43.21247586083628,43.21247586083628
2719,c,43.21247586083628,43.21247586083628
2720,na,0,1.7645963931921484
2721,c,43.21247586083628,43.21247586083628
2722,c,43.21247586083628,43.21247586083628
2723,c,43.21247586083628,43.21247586083628
2724,na,0,10.024743107462387
2725,t,43.21247586083628,43.21247586083628
2726,c,43.21247586083628,43.21247586083628
2727,c,43.21247586083628,43.21247586083628
2728,c,43.21247586083628,43.21247586083628
2729,c,43.21247586083628,43.21247586083628
2730,c,43.21247586083628,43.21247586083628
2731,c,43.21247586083628,43.21247586083628
2732,c,43.21247586083628,43.21247586083628
2733,c,43.21247586083628,43.21247586083628
2734,c,43.21247586083628,43.21247586083628
2735,c,43.21247586083628,43.21247586083628
2736,c,43.21247586083628,43.21247586083628
2737,na,0.29647108330399063,0.44838071970948207
2738,t,43.21247586083628,43.21247586083628
2739,c,43.21247586083628,43.21247586083628
2740,c,43.21247586083628,43.21247586083628
2741,c,43.21247586083628,43.21247586083628
2742,c,43.21247586083628,43.21247586083628
2743,c,43.21247586083628,43.21247586083628
2744,c,43.21247586083628,43.21247586083628
2745,c,43.21247586083628,43.21247586083628
2746,c,43.21247586083628,43.21247586083628
2747,c,43.21247586083628,43.21247586083628
2748,c,43.21247586083628,43.21247586083628
2749,c,43.21247586083628,43.21247586083628
2750,c,43.21247586083628,43.21247586083628
2751,c,43.21247586083628,43.21247586083628
2752,c,43.21247586083628,43.21247586083628
2753,c,43.21247586083628,43.21247586083628
2754,t,43.21247586083628,43.21247586083628
2755,t,43.21247586083628,43.21247586083628
2756,t,43.21247586083628,43.21247586083628
2757,c,43.21247586083628,43.21247586083628
2758,c,43.21247586083628,43.21247586083628
2759,c,43.21247586083628,43.21247586083628
2760,t,43.21247586083628,43.21247586083628
2761,c,43.21247586083628,43.21247586083628
2762,c,43.21247586083628,43.21247586083628
2763,c,43.21247586083628,43.21247586083628
2764,c,43.21247586083628,43.21247586083628
2765,c,43.21247586083628,43.21247586083628
2766,c,43.21247586083628,43.21247586083628
2767,t,43.21247586083628,43.21247586083628
2768,t,43.21247586083628,43.21247586083628
2769,t,43.21247586083628,43.21247586083628
2770,c,43.21247586083628,43.21247586083628
2771,t,43.21247586083628,43.21247586083628
2772,c,43.21247586083628,43.21247586083628
2773,c,43.21247586083628,43.21247586083628
2774,c,43.21247586083628,43.21247586083628
2775,c,43.21247586083628,43.21247586083628
2776,c,43.21247586083628,43.21247586083628
2777,c,43.21247586083628,43.21247586083628
2778,c,43.21247586083628,43.21247586083628
2779,c,43.21247586083628,43.21247586083628
2780,t,43.21247586083628,43.21247586083628
2781,c,43.21247586083628,43.21247586083628
2782,c,43.21247586083628,43.21247586083628
2783,c,43.21247586083628,43.21247586083628
2784,c,43.21247586083628,43.21247586083628
2785,t,43.21247586083628,43.21247586083628
2786,na,3.1144535636753976,7.339724235606929
2787,c,43.21247586083628,43.21247586083628
2788,c,43.21247586083628,43.21247586083628
2789,c,43.21247586083628,43.21247586083628
2790,c,43.21247586083628,43.21247586083628
2791,c,43.21247586083628,43.21247586083628
2792,t,43.21247586083628,43.21247586083628
2793,c,43.21247586083628,43.21247586083628
2794,c,43.21247586083628,43.21247586083628
2795,c,43.21247586083628,43.21247586083628
2796,c,43.21247586083628,43.21247586083628
2797,c,43.21247586083628,43.21247586083628
2798,t,43.21247586083628,43.21247586083628
2799,c,43.21247586083628,43.21247586083628
2800,c,43.21247586083628,43.21247586083628
2801,c,43.21247586083628,43.21247586083628
2802,c,43.21247586083628,43.21247586083628
2803,c,43.21247586083628,43.21247586083628
2804,c,43.21247586083628,43.21247586083628
2805,c,43.21247586083628,43.21247586083628
2806,c,43.21247586083628,43.21247586083628
2807,t,43.21247586083628,43.21247586083628
2808,c,43.21247586083628,43.21247586083628
2809,c,43.21247586083628,43.21247586083628
2810,c,43.21247586083628,43.21247586083628
2811,t,43.21247586083628,43.21247586083628
2812,t,43.21247586083628,43.21247586083628
2813,c,43.21247586083628,43.21247586083628
2814,c,43.21247586083628,43.21247586083628
2815,c,43.21247586083628,43.21247586083628
2816,c,43.21247586083628,43.21247586083628
2817,c,43.21247586083628,43.21247586083628
2818,c,43.21247586083628,43.21247586083628
2819,c,43.21247586083628,43.21247586083628
2820,c,43.21247586083628,43.21247586083628
2821,c,43.21247586083628,43.21247586083628
2822,c,43.21247586083628,43.21247586083628
2823,c,43.21247586083628,43.21247586083628
2824,c,43.21247586083628,43.21247586083628
2825,c,43.21247586083628,43.21247586083628
2826,c,43.21247586083628,43.21247586083628
2827,c,43.21247586083628,43.21247586083628
2828,c,43.21247586083628,43.21247586083628
2829,c,43.21247586083628,43.21247586083628
2830,t,43.21247586083628,43.21247586083628
2831,t,43.21247586083628,43.21247586083628
2832,t,43.21247586083628,43.21247586083628
2833,c,43.21247586083628,43.21247586083628
2834,c,43.21247586083628,43.21247586083628
2835,t,43.21247586083628,43.21247586083628
2836,c,43.21247586083628,43.21247586083628
2837,t,43.21247586083628,43.21247586083628
2838,c,43.21247586083628,43.21247586083628
2839,c,43.21247586083628,43.21247586083628
2840,c,43.21247586083628,43.21247586083628
2841,c,43.21247586083628,43.21247586083628
2842,c,43.21247586083628,43.21247586083628
2843,c,43.21247586083628,43.21247586083628
2844,c,43.21247586083628,43.21247586083628
2845,c,43.21247586083628,43.21247586083628
2846,c,43.21247586083628,43.21247586083628
2847,t,43.21247586083628,43.21247586083628
2848,c,43.21247586083628,43.21247586083628
2849,c,43.21247586083628,43.21247586083628
2850,c,43.21247586083628,43.21247586083628
2851,c,43.21247586083628,43.21247586083628
2852,c,43.21247586083628,43.21247586083628
2853,c,43.21247586083628,43.21247586083628
2854,c,43.21247586083628,43.21247586083628
2855,c,43.21247586083628,43.21247586083628
2856,c,10.70030944550634,15.297926538265145
2857,c,43.21247586083628,43.21247586083628
2858,c,43.21247586083628,43.21247586083628
2859,c,43.21247586083628,43.21247586083628
2860,c,12.414648615332172,18.99700872958983
2861,na,3.9381556329500853,5.192468173569828
2862,t,43.21247586083628,43.21247586083628
2863,c,43.21247586083628,43.21247586083628
2864,c,43.21247586083628,43.21247586083628
2865,c,43.21247586083628,43.21247586083628
2866,t,43.21247586083628,43.21247586083628
2867,c,43.21247586083628,43.21247586083628
2868,c,43.21247586083628,43.21247586083628
2869,c,43.21247586083628,43.21247586083628
2870,t,43.21247586083628,43.21247586083628
2871,c,43.21247586083628,43.21247586083628
2872,c,43.21247586083628,43.21247586083628
2873,t,43.21247586083628,43.21247586083628
2874,c,43.21247586083628,43.21247586083628
2875,c,43.21247586083628,43.21247586083628
2876,c,43.21247586083628,43.21247586083628
2877,c,43.21247586083628,43.21247586083628
2878,na,-1,0
2879,c,43.21247586083628,43.21247586083628
2880,c,43.21247586083628,43.21247586083628
2881,c,43.21247586083628,43.21247586083628
2882,c,43.21247586083628,43.21247586083628
2883,c,43.21247586083628,43.21247586083628
2884,t,43.21247586083628,43.21247586083628
2885,c,43.21247586083628,43.21247586083628
2886,c,43.21247586083628,43.21247586083628
2887,c,43.21247586083628,43.21247586083628
2888,c,43.21247586083628,43.21247586083628
2889,c,43.21247586083628,43.21247586083628
2890,c,43.21247586083628,43.21247586083628
2891,c,43.21247586083628,43.21247586083628
2892,c,2.594806452910587,5.074352169859843
2893,t,43.21247586083628,43.21247586083628
2894,c,43.21247586083628,43.21247586083628
2895,na,-1,0
2896,t,43.21247586083628,43.21247586083628
2897,c,43.21247586083628,43.21247586083628
2898,c,43.21247586083628,43.21247586083628
2899,c,43.21247586083628,43.21247586083628
2900,t,43.21247586083628,43.21247586083628
2901,c,43.21247586083628,43.21247586083628
2902,c,43.21247586083628,43.21247586083628
2903,c,43.21247586083628,43.21247586083628
2904,c,43.21247586083628,43.21247586083628
2905,c,43.21247586083628,43.21247586083628
2906,c,43.21247586083628,43.21247586083628
2907,c,43.21247586083628,43.21247586083628
2908,c,43.21247586083628,43.21247586083628
2909,c,43.21247586083628,43.21247586083628
2910,c,43.21247586083628,43.21247586083628
2911,c,43.21247586083628,43.21247586083628
2912,c,43.21247586083628,43.21247586083628
2913,c,43.21247586083628,43.21247586083628
2914,c,43.21247586083628,43.21247586083628
2915,c,43.21247586083628,43.21247586083628
2916,c,43.21247586083628,43.21247586083628
2917,c,43.21247586083628,43.21247586083628
2918,t,43.21247586083628,43.21247586083628
2919,t,43.21247586083628,43.21247586083628
2920,t,43.21247586083628,43.21247586083628
2921,c,43.21247586083628,43.21247586083628
2922,c,43.21247586083628,43.21247586083628
2923,c,0.7284376498381542,0.8560311769379696
2924,c,43.21247586083628,43.21247586083628
2925,c,43.21247586083628,43.21247586083628
2926,c,43.21247586083628,43.21247586083628
2927,t,43.21247586083628,43.21247586083628
2928,t,43.21247586083628,43.21247586083628
2929,c,43.21247586083628,43.21247586083628
2930,c,43.21247586083628,43.21247586083628
2931,c,43.21247586083628,43.21247586083628
2932,t,43.21247586083628,43.21247586083628
2933,c,43.21247586083628,43.21247586083628
2934,c,43.21247586083628,43.21247586083628
2935,c,43.21247586083628,43.21247586083628
2936,c,43.21247586083628,43.21247586083628
2937,t,43.21247586083628,43.21247586083628
2938,c,43.21247586083628,43.21247586083628
2939,c,43.21247586083628,43.21247586083628
2940,c,43.21247586083628,43.21247586083628
2941,t,43.21247586083628,43.21247586083628
2942,c,43.21247586083628,43.21247586083628
2943,c,43.21247586083628,43.21247586083628
2944,c,43.21247586083628,43.21247586083628
2945,c,43.21247586083628,43.21247586083628
2946,c,43.21247586083628,43.21247586083628
2947,c,43.21247586083628,43.21247586083628
2948,c,43.21247586083628,43.21247586083628
2949,c,43.21247586083628,43.21247586083628
2950,c,43.21247586083628,43.21247586083628
2951,c,43.21247586083628,43.21247586083628
2952,c,8.102883721646739,21.467065092066296
2953,c,43.21247586083628,43.21247586083628
2954,c,43.21247586083628,43.21247586083628
2955,c,43.21247586083628,43.21247586083628
2956,t,43.21247586083628,43.21247586083628
2957,t,43.21247586083628,43.21247586083628
2958,c,43.21247586083628,43.21247586083628
2959,c,43.21247586083628,43.21247586083628
2960,c,43.21247586083628,43.21247586083628
2961,c,43.21247586083628,43.21247586083628
2962,c,43.21247586083628,43.21247586083628
2963,na,0,5.377642741767005
2964,c,43.21247586083628,43.21247586083628
2965,c,43.21247586083628,43.21247586083628
2966,c,43.21247586083628,43.21247586083628
2967,t,43.21247586083628,43.21247586083628
2968,c,43.21247586083628,43.21247586083628
2969,c,43.21247586083628,43.21247586083628
2970,t,43.21247586083628,43.21247586083628
2971,c,43.21247586083628,43.21247586083628
2972,c,43.21247586083628,43.21247586083628
2973,c,43.21247586083628,43.21247586083628
2974,c,43.21247586083628,43.21247586083628
2975,c,43.21247586083628,43.21247586083628
2976,c,43.21247586083628,43.21247586083628
2977,c,43.21247586083628,43.21247586083628
2978,c,43.21247586083628,43.21247586083628
2979,t,43.21247586083628,43.21247586083628
2980,c,43.21247586083628,43.21247586083628
2981,c,43.21247586083628,43.21247586083628
2982,c,43.21247586083628,43.21247586083628
2983,t,43.21247586083628,43.21247586083628
2984,na,-1,0
2985,c,43.21247586083628,43.21247586083628
2986,c,43.21247586083628,43.21247586083628
2987,c,43.21247586083628,43.21247586083628
2988,c,43.21247586083628,43.21247586083628
2989,c,43.21247586083628,43.21247586083628
2990,c,43.21247586083628,43.21247586083628
2991,c,43.21247586083628,43.21247586083628
2992,c,43.21247586083628,43.21247586083628
2993,c,43.21247586083628,43.21247586083628
2994,c,43.21247586083628,43.21247586083628
2995,c,43.21247586083628,43.21247586083628
2996,c,43.21247586083628,43.21247586083628
2997,t,43.21247586083628,43.21247586083628
2998,t,43.21247586083628,43.21247586083628
2999,c,2.1109229037434196,3.543140806102112
3000,t,43.21247586083628,43.21247586083628
3001,c,43.21247586083628,43.21247586083628
3002,c,43.21247586083628,43.21247586083628
3003,c,43.21247586083628,43.21247586083628
3004,c,43.21247586083628,43.21247586083628
3005,c,43.21247586083628,43.21247586083628
3006,c,43.21247586083628,43.21247586083628
3007,c,43.21247586083628,43.21247586083628
3008,c,43.21247586083628,43.21247586083628
3009,c,43.21247586083628,43.21247586083628
3010,c,43.21247586083628,43.21247586083628
3011,c,43.21247586083628,43.21247586083628
3012,c,43.21247586083628,43.21247586083628
3013,c,43.21247586083628,43.21247586083628
3014,c,43.21247586083628,43.21247586083628
3015,c,43.21247586083628,43.21247586083628
3016,c,43.21247586083628,43.21247586083628
3017,c,18.25928641990518,28.34985507908965
3018,t,43.21247586083628,43.21247586083628
3019,c,43.21247586083628,43.21247586083628
3020,c,43.21247586083628,43.21247586083628
3021,c,43.21247586083628,43.21247586083628
3022,t,43.21247586083628,43.21247586083628
3023,t,43.21247586083628,43.21247586083628
3024,c,43.21247586083628,43.21247586083628
3025,c,7.297695605787536,9.84860640570903
3026,c,43.21247586083628,43.21247586083628
3027,t,43.21247586083628,43.21247586083628
3028,c,43.21247586083628,43.21247586083628
3029,t,43.21247586083628,43.21247586083628
3030,t,43.21247586083628,43.21247586083628
3031,c,43.21247586083628,43.21247586083628
3032,c,43.21247586083628,43.21247586083628
3033,c,43.21247586083628,43.21247586083628
3034,c,43.21247586083628,43.21247586083628
3035,t,43.21247586083628,43.21247586083628
3036,c,43.21247586083628,43.21247586083628
3037,c,43.21247586083628,43.21247586083628
3038,c,43.21247586083628,43.21247586083628
3039,c,43.21247586083628,43.21247586083628
3040,c,43.21247586083628,43.21247586083628
3041,t,43.21247586083628,43.21247586083628
3042,c,43.21247586083628,43.21247586083628
3043,t,43.21247586083628,43.21247586083628
3044,c,43.21247586083628,43.21247586083628
3045,c,43.21247586083628,43.21247586083628
3046,c,43.21247586083628,43.21247586083628
3047,c,43.21247586083628,43.21247586083628
3048,c,43.21247586083628,43.21247586083628
3049,t,43.21247586083628,43.21247586083628
3050,c,43.21247586083628,43.21247586083628
3051,c,43.21247586083628,43.21247586083628
3052,c,43.21247586083628,43.21247586083628
3053,c,43.21247586083628,43.21247586083628
3054,c,43.21247586083628,43.21247586083628
3055,c,43.21247586083628,43.21247586083628
3056,t,43.21247586083628,43.21247586083628
3057,na,-1,0
3058,c,43.21247586083628,43.21247586083628
3059,c,43.21247586083628,43.21247586083628
3060,c,43.21247586083628,43.21247586083628
3061,c,43.21247586083628,43.21247586083628
3062,c,43.21247586083628,43.21247586083628
3063,t,43.21247586083628,43.21247586083628
3064,c,43.21247586083628,43.21247586083628
3065,c,43.21247586083628,43.21247586083628
3066,c,43.21247586083628,43.21247586083628
3067,c,43.21247586083628,43.21247586083628
3068,t,43.21247586083628,43.21247586083628
3069,c,43.21247586083628,43.21247586083628
3070,t,43.21247586083628,43.21247586083628
3071,c,43.21247586083628,43.21247586083628
3072,c,43.21247586083628,43.21247586083628
3073,c,43.21247586083628,43.21247586083628
3074,c,43.21247586083628,43.21247586083628
3075,t,43.21247586083628,43.21247586083628
3076,c,43.21247586083628,43.21247586083628
3077,c,9.814533508806514,10.380993494299778
3078,c,43.21247586083628,43.21247586083628
3079,c,43.21247586083628,43.21247586083628
3080,c,4.976751827750751,5.197030704868799
3081,c,43.21247586083628,43.21247586083628
3082,c,43.21247586083628,43.21247586083628
3083,c,43.21247586083628,43.21247586083628
3084,c,43.21247586083628,43.21247586083628
3085,t,43.21247586083628,43.21247586083628
3086,c,43.21247586083628,43.21247586083628
3087,c,43.21247586083628,43.21247586083628
3088,c,43.21247586083628,43.21247586083628
3089,c,43.21247586083628,43.21247586083628
3090,c,43.21247586083628,43.21247586083628
3091,c,43.21247586083628,43.21247586083628
3092,t,43.21247586083628,43.21247586083628
3093,c,43.21247586083628,43.21247586083628
3094,c,43.21247586083628,43.21247586083628
3095,t,43.21247586083628,43.21247586083628
3096,c,43.21247586083628,43.21247586083628
3097,c,43.21247586083628,43.21247586083628
3098,c,43.21247586083628,43.21247586083628
3099,c,43.21247586083628,43.21247586083628
3100,t,43.21247586083628,43.21247586083628
3101,c,43.21247586083628,43.21247586083628
3102,c,43.21247586083628,43.21247586083628
3103,t,43.21247586083628,43.21247586083628
3104,c,43.21247586083628,43.21247586083628
3105,c,43.21247586083628,43.21247586083628
3106,c,43.21247586083628,43.21247586083628
3107,na,0,2.0032014206433724
3108,c,43.21247586083628,43.21247586083628
3109,t,43.21247586083628,43.21247586083628
3110,c,43.21247586083628,43.21247586083628
3111,c,43.21247586083628,43.21247586083628
3112,c,43.21247586083628,43.21247586083628
3113,t,43.21247586083628,43.21247586083628
3114,c,43.21247586083628,43.21247586083628
3115,c,43.21247586083628,43.21247586083628
3116,c,43.21247586083628,43.21247586083628
3117,c,43.21247586083628,43.21247586083628
3118,t,43.21247586083628,43.21247586083628
3119,c,43.21247586083628,43.21247586083628
3120,c,43.21247586083628,43.21247586083628
3121,c,43.21247586083628,43.21247586083628
3122,c,43.21247586083628,43.21247586083628
3123,c,43.21247586083628,43.21247586083628
3124,t,43.21247586083628,43.21247586083628
3125,c,43.21247586083628,43.21247586083628
3126,c,43.21247586083628,43.21247586083628
3127,c,43.21247586083628,43.21247586083628
3128,c,43.21247586083628,43.21247586083628
3129,c,43.21247586083628,43.21247586083628
3130,c,43.21247586083628,43.21247586083628
3131,c,43.21247586083628,43.21247586083628
3132,c,43.21247586083628,43.21247586083628
3133,t,43.21247586083628,43.21247586083628
3134,c,43.21247586083628,43.21247586083628
3135,c,43.21247586083628,43.21247586083628
3136,c,43.21247586083628,43.21247586083628
3137,c,43.21247586083628,43.21247586083628
3138,c,43.21247586083628,43.21247586083628
3139,t,43.21247586083628,43.21247586083628
3140,c,43.21247586083628,43.21247586083628
3141,c,43.21247586083628,43.21247586083628
3142,c,43.21247586083628,43.21247586083628
3143,t,43.21247586083628,43.21247586083628
3144,c,43.21247586083628,43.21247586083628
3145,c,43.21247586083628,43.21247586083628
3146,c,43.21247586083628,43.21247586083628
3147,c,43.21247586083628,43.21247586083628
3148,c,43.21247586083628,43.21247586083628
3149,c,43.21247586083628,43.21247586083628
3150,c,43.21247586083628,43.21247586083628
3151,t,43.21247586083628,43.21247586083628
3152,c,43.21247586083628,43.21247586083628
3153,c,43.21247586083628,43.21247586083628
3154,c,43.21247586083628,43.21247586083628
3155,c,43.21247586083628,43.21247586083628
3156,t,43.21247586083628,43.21247586083628
3157,c,43.21247586083628,43.21247586083628
3158,t,43.21247586083628,43.21247586083628
3159,c,43.21247586083628,43.21247586083628
3160,c,43.21247586083628,43.21247586083628
3161,c,43.21247586083628,43.21247586083628
3162,c,43.21247586083628,43.21247586083628
3163,c,43.21247586083628,43.21247586083628
3164,c,43.21247586083628,43.21247586083628
3165,c,43.21247586083628,43.21247586083628
3166,t,43.21247586083628,43.21247586083628
3167,c,43.21247586083628,43.21247586083628
3168,t,43.21247586083628,43.21247586083628
3169,c,43.21247586083628,43.21247586083628
3170,c,43.21247586083628,43.21247586083628
3171,c,43.21247586083628,43.21247586083628
3172,t,43.21247586083628,43.21247586083628
3173,t,43.21247586083628,43.21247586083628
3174,c,43.21247586083628,43.21247586083628
3175,c,43.21247586083628,43.21247586083628
3176,c,43.21247586083628,43.21247586083628
3177,c,43.21247586083628,43.21247586083628
3178,c,43.21247586083628,43.21247586083628
3179,c,43.21247586083628,43.21247586083628
3180,na,8.391634146669615,13.315712373622521
3181,c,43.21247586083628,43.21247586083628
3182,c,43.21247586083628,43.21247586083628
3183,t,43.21247586083628,43.21247586083628
3184,c,43.21247586083628,43.21247586083628
3185,c,43.21247586083628,43.21247586083628
3186,t,43.21247586083628,43.21247586083628
3187,c,43.21247586083628,43.21247586083628
3188,c,43.21247586083628,43.21247586083628
3189,c,43.21247586083628,43.21247586083628
3190,c,43.21247586083628,43.21247586083628
3191,c,43.21247586083628,43.21247586083628
3192,c,8.599777232389538,10.737621537960088
3193,na,-1,0
3194,t,43.21247586083628,43.21247586083628
3195,c,43.21247586083628,43.21247586083628
3196,c,43.21247586083628,43.21247586083628
3197,c,43.21247586083628,43.21247586083628
3198,c,43.21247586083628,43.21247586083628
3199,c,43.21247586083628,43.21247586083628
3200,c,43.21247586083628,43.21247586083628
3201,c,43.21247586083628,43.21247586083628
3202,c,43.21247586083628,43.21247586083628
3203,c,43.21247586083628,43.21247586083628
3204,c,43.21247586083628,43.21247586083628
3205,c,43.21247586083628,43.21247586083628
3206,c,43.21247586083628,43.21247586083628
3207,c,43.21247586083628,43.21247586083628
3208,c,43.21247586083628,43.21247586083628
3209,c,43.21247586083628,43.21247586083628
3210,c,43.21247586083628,43.21247586083628
3211,c,43.21247586083628,43.21247586083628
3212,c,43.21247586083628,43.21247586083628
3213,c,43.21247586083628,43.21247586083628
3214,c,43.21247586083628,43.21247586083628
3215,na,0,2.9913778363095767
3216,t,43.21247586083628,43.21247586083628
3217,t,43.21247586083628,43.21247586083628
3218,c,43.21247586083628,43.21247586083628
3219,c,43.21247586083628,43.21247586083628
3220,c,43.21247586083628,43.21247586083628
3221,c,43.21247586083628,43.21247586083628
3222,c,43.21247586083628,43.21247586083628
3223,t,43.21247586083628,43.21247586083628
3224,t,43.21247586083628,43.21247586083628
3225,c,43.21247586083628,43.21247586083628
3226,c,43.21247586083628,43.21247586083628
3227,t,43.21247586083628,43.21247586083628
3228,c,43.21247586083628,43.21247586083628
3229,c,43.21247586083628,43.21247586083628
3230,c,43.21247586083628,43.21247586083628
3231,c,43.21247586083628,43.21247586083628
3232,c,43.21247586083628,43.21247586083628
3233,c,43.21247586083628,43.21247586083628
3234,c,43.21247586083628,43.21247586083628
3235,c,43.21247586083628,43.21247586083628
3236,t,43.21247586083628,43.21247586083628
3237,c,43.21247586083628,43.21247586083628
3238,t,43.21247586083628,43.21247586083628
3239,c,43.21247586083628,43.21247586083628
3240,c,43.21247586083628,43.21247586083628
3241,c,43.21247586083628,43.21247586083628
3242,t,43.21247586083628,43.21247586083628
3243,c,43.21247586083628,43.21247586083628
3244,c,43.21247586083628,43.21247586083628
3245,c,43.21247586083628,43.21247586083628
3246,c,43.21247586083628,43.21247586083628
3247,c,43.21247586083628,43.21247586083628
3248,c,43.21247586083628,43.21247586083628
3249,c,43.21247586083628,43.21247586083628
3250,c,43.21247586083628,43.21247586083628
3251,c,43.21247586083628,43.21247586083628
3252,c,43.21247586083628,43.21247586083628
3253,c,43.21247586083628,43.21247586083628
3254,c,21.81301152741345,22.557102523929057
3255,t,43.21247586083628,43.21247586083628
3256,t,43.21247586083628,43.21247586083628
3257,c,43.21247586083628,43.21247586083628
3258,t,43.21247586083628,43.21247586083628
3259,t,43.21247586083628,43.21247586083628
3260,c,43.21247586083628,43.21247586083628
3261,c,43.21247586083628,43.21247586083628
3262,c,43.21247586083628,43.21247586083628
3263,c,43.21247586083628,43.21247586083628
3264,c,43.21247586083628,43.21247586083628
3265,c,43.21247586083628,43.21247586083628
3266,c,43.21247586083628,43.21247586083628
3267,c,43.21247586083628,43.21247586083628
3268,c,43.21247586083628,43.21247586083628
3269,c,43.21247586083628,43.21247586083628
3270,c,43.21247586083628,43.21247586083628
3271,c,43.21247586083628,43.21247586083628
3272,c,43.21247586083628,43.21247586083628
3273,c,43.21247586083628,43.21247586083628
3274,c,43.21247586083628,43.21247586083628
3275,c,43.21247586083628,43.21247586083628
3276,c,43.21247586083628,43.21247586083628
3277,c,43.21247586083628,43.21247586083628
3278,c,43.21247586083628,43.21247586083628
3279,c,43.21247586083628,43.21247586083628
3280,c,43.21247586083628,43.21247586083628
3281,c,43.21247586083628,43.21247586083628
3282,c,43.21247586083628,43.21247586083628
3283,c,43.21247586083628,43.21247586083628
3284,c,43.21247586083628,43.21247586083628
3285,t,43.21247586083628,43.21247586083628
3286,c,43.21247586083628,43.21247586083628
3287,t,43.21247586083628,43.21247586083628
3288,c,43.21247586083628,43.21247586083628
3289,t,43.21247586083628,43.21247586083628
3290,t,43.21247586083628,43.21247586083628
3291,c,43.21247586083628,43.21247586083628
3292,t,43.21247586083628,43.21247586083628
3293,c,43.21247586083628,43.21247586083628
3294,c,43.21247586083628,43.21247586083628
3295,c,43.21247586083628,43.21247586083628
3296,t,43.21247586083628,43.21247586083628
3297,t,43.21247586083628,43.21247586083628
3298,c,43.21247586083628,43.21247586083628
3299,c,43.21247586083628,43.21247586083628
3300,c,43.21247586083628,43.21247586083628
3301,c,43.21247586083628,43.21247586083628
3302,t,43.21247586083628,43.21247586083628
3303,c,43.21247586083628,43.21247586083628
3304,c,43.21247586083628,43.21247586083628
3305,c,43.21247586083628,43.21247586083628
3306,c,43.21247586083628,43.21247586083628
3307,c,43.21247586083628,43.21247586083628
3308,c,43.21247586083628,43.21247586083628
3309,t,43.21247586083628,43.21247586083628
3310,c,43.21247586083628,43.21247586083628
3311,c,43.21247586083628,43.21247586083628
3312,c,43.21247586083628,43.21247586083628
3313,t,43.21247586083628,43.21247586083628
3314,c,43.21247586083628,43.21247586083628
3315,t,43.21247586083628,43.21247586083628
3316,c,43.21247586083628,43.21247586083628
3317,na,-1,0
3318,c,43.21247586083628,43.21247586083628
3319,c,43.21247586083628,43.21247586083628
3320,t,43.21247586083628,43.21247586083628
3321,c,43.21247586083628,43.21247586083628
3322,t,43.21247586083628,43.21247586083628
3323,c,43.21247586083628,43.21247586083628
3324,c,43.21247586083628,43.21247586083628
3325,c,4.694848739143778,6.736604637211906
3326,c,43.21247586083628,43.21247586083628
3327,c,43.21247586083628,43.21247586083628
3328,na,0,10.759799484492925
3329,c,43.21247586083628,43.21247586083628
3330,c,43.21247586083628,43.21247586083628
3331,t,43.21247586083628,43.21247586083628
3332,t,43.21247586083628,43.21247586083628
3333,t,43.21247586083628,43.21247586083628
3334,t,43.21247586083628,43.21247586083628
3335,c,43.21247586083628,43.21247586083628
3336,c,8.789838446305072,11.882161784977837
3337,c,43.21247586083628,43.21247586083628
3338,c,43.21247586083628,43.21247586083628
3339,c,43.21247586083628,43.21247586083628
3340,c,43.21247586083628,43.21247586083628
3341,c,43.21247586083628,43.21247586083628
3342,c,43.21247586083628,43.21247586083628
3343,c,43.21247586083628,43.21247586083628
3344,c,43.21247586083628,43.21247586083628
3345,t,43.21247586083628,43.21247586083628
3346,t,43.21247586083628,43.21247586083628
3347,c,43.21247586083628,43.21247586083628
3348,c,43.21247586083628,43.21247586083628
3349,c,43.21247586083628,43.21247586083628
3350,c,43.21247586083628,43.21247586083628
3351,t,43.21247586083628,43.21247586083628
3352,c,43.21247586083628,43.21247586083628
3353,c,43.21247586083628,43.21247586083628
3354,c,43.21247586083628,43.21247586083628
3355,c,43.21247586083628,43.21247586083628
3356,c,43.21247586083628,43.21247586083628
3357,c,43.21247586083628,43.21247586083628
3358,c,43.21247586083628,43.21247586083628
3359,c,43.21247586083628,43.21247586083628
3360,c,43.21247586083628,43.21247586083628
3361,t,43.21247586083628,43.21247586083628
3362,c,43.21247586083628,43.21247586083628
3363,c,43.21247586083628,43.21247586083628
3364,c,43.21247586083628,43.21247586083628
3365,c,43.21247586083628,43.21247586083628
3366,c,43.21247586083628,43.21247586083628
3367,c,43.21247586083628,43.21247586083628
3368,c,43.21247586083628,43.21247586083628
3369,na,0,16.302959662137845
3370,c,43.21247586083628,43.21247586083628
3371,c,43.21247586083628,43.21247586083628
3372,c,43.21247586083628,43.21247586083628
3373,c,43.21247586083628,43.21247586083628
3374,c,43.21247586083628,43.21247586083628
3375,c,43.21247586083628,43.21247586083628
3376,c,43.21247586083628,43.21247586083628
3377,c,43.21247586083628,43.21247586083628
3378,c,43.21247586083628,43.21247586083628
3379,c,43.21247586083628,43.21247586083628
3380,t,43.21247586083628,43.21247586083628
3381,c,8.408069132969175,11.174284069534854
3382,c,43.21247586083628,43.21247586083628
3383,c,43.21247586083628,43.21247586083628
3384,c,43.21247586083628,43.21247586083628
3385,c,43.21247586083628,43.21247586083628
3386,t,43.21247586083628,43.21247586083628
3387,c,43.21247586083628,43.21247586083628
3388,c,43.21247586083628,43.21247586083628
3389,c,43.21247586083628,43.21247586083628
3390,c,43.21247586083628,43.21247586083628
3391,c,43.21247586083628,43.21247586083628
3392,c,43.21247586083628,43.21247586083628
3393,c,43.21247586083628,43.21247586083628
3394,t,43.21247586083628,43.21247586083628
3395,c,43.21247586083628,43.21247586083628
3396,c,43.21247586083628,43.21247586083628
3397,c,43.21247586083628,43.21247586083628
3398,t,43.21247586083628,43.21247586083628
3399,c,43.21247586083628,43.21247586083628
3400,t,43.21247586083628,43.21247586083628
3401,c,43.21247586083628,43.21247586083628
3402,c,43.21247586083628,43.21247586083628
3403,c,43.21247586083628,43.21247586083628
3404,c,43.21247586083628,43.21247586083628
3405,c,43.21247586083628,43.21247586083628
3406,c,43.21247586083628,43.21247586083628
3407,c,43.21247586083628,43.21247586083628
3408,t,43.21247586083628,43.21247586083628
3409,c,43.21247586083628,43.21247586083628
3410,c,43.21247586083628,43.21247586083628
3411,t,43.21247586083628,43.21247586083628
3412,c,43.21247586083628,43.21247586083628
3413,c,43.21247586083628,43.21247586083628
3414,c,43.21247586083628,43.21247586083628
3415,c,43.21247586083628,43.21247586083628
3416,c,43.21247586083628,43.21247586083628
3417,c,43.21247586083628,43.21247586083628
3418,c,43.21247586083628,43.21247586083628
3419,c,43.21247586083628,43.21247586083628
3420,c,43.21247586083628,43.21247586083628
3421,t,43.21247586083628,43.21247586083628
3422,c,43.21247586083628,43.21247586083628
3423,c,43.21247586083628,43.21247586083628
3424,t,43.21247586083628,43.21247586083628
3425,c,43.21247586083628,43.21247586083628
3426,t,43.21247586083628,43.21247586083628
3427,c,43.21247586083628,43.21247586083628
3428,c,43.21247586083628,43.21247586083628
3429,c,43.21247586083628,43.21247586083628
3430,c,43.21247586083628,43.21247586083628
3431,c,43.21247586083628,43.21247586083628
3432,c,43.21247586083628,43.21247586083628
3433,c,43.21247586083628,43.21247586083628
3434,t,43.21247586083628,43.21247586083628
3435,c,43.21247586083628,43.21247586083628
3436,c,43.21247586083628,43.21247586083628
3437,c,43.21247586083628,43.21247586083628
3438,t,43.21247586083628,43.21247586083628
3439,c,43.21247586083628,43.21247586083628
3440,c,43.21247586083628,43.21247586083628
3441,t,43.21247586083628,43.21247586083628
3442,c,43.21247586083628,43.21247586083628
3443,c,43.21247586083628,43.21247586083628
3444,t,43.21247586083628,43.21247586083628
3445,c,43.21247586083628,43.21247586083628
3446,t,43.21247586083628,43.21247586083628
3447,c,43.21247586083628,43.21247586083628
3448,c,43.21247586083628,43.21247586083628
3449,c,43.21247586083628,43.21247586083628
3450,c,43.21247586083628,43.21247586083628
3451,c,43.21247586083628,43.21247586083628
3452,t,43.21247586083628,43.21247586083628
3453,c,43.21247586083628,43.21247586083628
3454,t,43.21247586083628,43.21247586083628
3455,t,43.21247586083628,43.21247586083628
3456,c,43.21247586083628,43.21247586083628
3457,t,43.21247586083628,43.21247586083628
3458,c,43.21247586083628,43.21247586083628
3459,c,43.21247586083628,43.21247586083628
3460,t,43.21247586083628,43.21247586083628
3461,c,43.21247586083628,43.21247586083628
3462,c,43.21247586083628,43.21247586083628
3463,c,43.21247586083628,43.21247586083628
3464,c,43.21247586083628,43.21247586083628
3465,t,43.21247586083628,43.21247586083628
3466,c,43.21247586083628,43.21247586083628
3467,t,43.21247586083628,43.21247586083628
3468,c,43.21247586083628,43.21247586083628
3469,c,43.21247586083628,43.21247586083628
3470,c,43.21247586083628,43.21247586083628
3471,na,0,1.9178501061290836
3472,c,11.242592916703087,43.21247586083628
3473,c,43.21247586083628,43.21247586083628
3474,c,43.21247586083628,43.21247586083628
3475,c,43.21247586083628,43.21247586083628
3476,t,43.21247586083628,43.21247586083628
3477,c,43.21247586083628,43.21247586083628
3478,c,43.21247586083628,43.21247586083628
3479,c,43.21247586083628,43.21247586083628
3480,c,43.21247586083628,43.21247586083628
3481,c,43.21247586083628,43.21247586083628
3482,c,43.21247586083628,43.21247586083628
3483,c,43.21247586083628,43.21247586083628
3484,c,43.21247586083628,43.21247586083628
3485,c,43.21247586083628,43.21247586083628
3486,t,43.21247586083628,43.21247586083628
3487,c,43.21247586083628,43.21247586083628
3488,c,43.21247586083628,43.21247586083628
3489,c,43.21247586083628,43.21247586083628
3490,c,43.21247586083628,43.21247586083628
3491,c,43.21247586083628,43.21247586083628
3492,c,43.21247586083628,43.21247586083628
3493,c,43.21247586083628,43.21247586083628
3494,c,43.21247586083628,43.21247586083628
3495,c,10.572197775176937,11.632507131220654
3496,c,43.21247586083628,43.21247586083628
3497,c,43.21247586083628,43.21247586083628
3498,c,43.21247586083628,43.21247586083628
3499,c,43.21247586083628,43.21247586083628
3500,c,43.21247586083628,43.21247586083628
3501,c,43.21247586083628,43.21247586083628
3502,c,43.21247586083628,43.21247586083628
3503,c,43.21247586083628,43.21247586083628
3504,c,43.21247586083628,43.21247586083628
3505,c,43.21247586083628,43.21247586083628
3506,c,43.21247586083628,43.21247586083628
3507,c,43.21247586083628,43.21247586083628
3508,c,43.21247586083628,43.21247586083628
3509,c,43.21247586083628,43.21247586083628
3510,c,43.21247586083628,43.21247586083628
3511,na,0,14.479319765489787
3512,t,43.21247586083628,43.21247586083628
3513,c,43.21247586083628,43.21247586083628
3514,c,43.21247586083628,43.21247586083628
3515,c,43.21247586083628,43.21247586083628
3516,c,43.21247586083628,43.21247586083628
3517,t,43.21247586083628,43.21247586083628
3518,c,43.21247586083628,43.21247586083628
3519,c,43.21247586083628,43.21247586083628
3520,c,43.21247586083628,43.21247586083628
3521,c,43.21247586083628,43.21247586083628
3522,c,43.21247586083628,43.21247586083628
3523,t,43.21247586083628,43.21247586083628
3524,c,43.21247586083628,43.21247586083628
3525,t,43.21247586083628,43.21247586083628
3526,c,43.21247586083628,43.21247586083628
3527,t,43.21247586083628,43.21247586083628
3528,c,43.21247586083628,43.21247586083628
3529,c,43.21247586083628,43.21247586083628
3530,t,43.21247586083628,43.21247586083628
3531,c,43.21247586083628,43.21247586083628
3532,c,43.21247586083628,43.21247586083628
3533,c,43.21247586083628,43.21247586083628
3534,c,43.21247586083628,43.21247586083628
3535,c,43.21247586083628,43.21247586083628
3536,t,43.21247586083628,43.21247586083628
3537,c,43.21247586083628,43.21247586083628
3538,t,43.21247586083628,43.21247586083628
3539,c,43.21247586083628,43.21247586083628
3540,c,43.21247586083628,43.21247586083628
3541,c,43.21247586083628,43.21247586083628
3542,c,43.21247586083628,43.21247586083628
3543,c,43.21247586083628,43.21247586083628
3544,t,43.21247586083628,43.21247586083628
3545,c,43.21247586083628,43.21247586083628
3546,c,43.21247586083628,43.21247586083628
3547,c,43.21247586083628,43.21247586083628
3548,c,43.21247586083628,43.21247586083628
3549,c,43.21247586083628,43.21247586083628
3550,c,43.21247586083628,43.21247586083628
3551,c,8.079670529446135,43.21247586083628
3552,c,43.21247586083628,43.21247586083628
3553,c,43.21247586083628,43.21247586083628
3554,t,43.21247586083628,43.21247586083628
3555,c,43.21247586083628,43.21247586083628
3556,c,43.21247586083628,43.21247586083628
3557,t,43.21247586083628,43.21247586083628
3558,c,43.21247586083628,43.21247586083628
3559,na,1.7281683180567466,4.889515886400502
3560,c,43.21247586083628,43.21247586083628
3561,c,43.21247586083628,43.21247586083628
3562,c,43.21247586083628,43.21247586083628
3563,t,43.21247586083628,43.21247586083628
3564,t,43.21247586083628,43.21247586083628
3565,t,43.21247586083628,43.21247586083628
3566,t,43.21247586083628,43.21247586083628
3567,t,43.21247586083628,43.21247586083628
3568,c,43.21247586083628,43.21247586083628
3569,c,43.21247586083628,43.21247586083628
3570,c,43.21247586083628,43.21247586083628
3571,c,43.21247586083628,43.21247586083628
3572,c,43.21247586083628,43.21247586083628
3573,c,43.21247586083628,43.21247586083628
3574,t,43.21247586083628,43.21247586083628
3575,c,43.21247586083628,43.21247586083628
3576,c,43.21247586083628,43.21247586083628
3577,t,43.21247586083628,43.21247586083628
3578,t,43.21247586083628,43.21247586083628
3579,c,43.21247586083628,43.21247586083628
3580,c,43.21247586083628,43.21247586083628
3581,c,43.21247586083628,43.21247586083628
3582,c,43.21247586083628,43.21247586083628
3583,c,43.21247586083628,43.21247586083628
3584,c,43.21247586083628,43.21247586083628
3585,c,43.21247586083628,43.21247586083628
3586,c,43.21247586083628,43.21247586083628
3587,c,43.21247586083628,43.21247586083628
3588,na,7.4090593571792684,14.962243623103499
3589,c,43.21247586083628,43.21247586083628
3590,c,43.21247586083628,43.21247586083628
3591,t,43.21247586083628,43.21247586083628
3592,c,43.21247586083628,43.21247586083628
3593,c,16.518475123170195,18.076832894923857
3594,c,43.21247586083628,43.21247586083628
3595,t,43.21247586083628,43.21247586083628
3596,c,43.21247586083628,43.21247586083628
3597,c,43.21247586083628,43.21247586083628
3598,t,43.21247586083628,43.21247586083628
3599,c,43.21247586083628,43.21247586083628
3600,c,43.21247586083628,43.21247586083628
3601,t,43.21247586083628,43.21247586083628
3602,c,43.21247586083628,43.21247586083628
3603,c,43.21247586083628,43.21247586083628
3604,c,43.21247586083628,43.21247586083628
3605,c,43.21247586083628,43.21247586083628
3606,c,43.21247586083628,43.21247586083628
3607,c,43.21247586083628,43.21247586083628
3608,c,43.21247586083628,43.21247586083628
3609,c,43.21247586083628,43.21247586083628
3610,c,43.21247586083628,43.21247586083628
3611,c,43.21247586083628,43.21247586083628
3612,c,43.21247586083628,43.21247586083628
3613,c,43.21247586083628,43.21247586083628
3614,c,43.21247586083628,43.21247586083628
3615,t,43.21247586083628,43.21247586083628
3616,t,43.21247586083628,43.21247586083628
3617,c,43.21247586083628,43.21247586083628
3618,c,43.21247586083628,43.21247586083628
3619,c,43.21247586083628,43.21247586083628
3620,c,43.21247586083628,43.21247586083628
3621,t,43.21247586083628,43.21247586083628
3622,c,43.21247586083628,43.21247586083628
3623,c,43.21247586083628,43.21247586083628
3624,c,43.21247586083628,43.21247586083628
3625,c,43.21247586083628,43.21247586083628
3626,t,43.21247586083628,43.21247586083628
3627,c,43.21247586083628,43.21247586083628
3628,c,43.21247586083628,43.21247586083628
3629,t,43.21247586083628,43.21247586083628
3630,c,43.21247586083628,43.21247586083628
3631,c,43.21247586083628,43.21247586083628
3632,c,43.21247586083628,43.21247586083628
3633,c,43.21247586083628,43.21247586083628
3634,c,43.21247586083628,43.21247586083628
3635,c,43.21247586083628,43.21247586083628
3636,c,43.21247586083628,43.21247586083628
3637,c,43.21247586083628,43.21247586083628
3638,c,43.21247586083628,43.21247586083628
3639,c,43.21247586083628,43.21247586083628
3640,c,43.21247586083628,43.21247586083628
3641,c,43.21247586083628,43.21247586083628
3642,c,43.21247586083628,43.21247586083628
3643,c,43.21247586083628,43.21247586083628
3644,c,43.21247586083628,43.21247586083628
3645,c,43.21247586083628,43.21247586083628
3646,c,43.21247586083628,43.21247586083628
3647,c,43.21247586083628,43.21247586083628
3648,t,43.21247586083628,43.21247586083628
3649,t,43.21247586083628,43.21247586083628
3650,na,0,7.173730524706756
3651,c,43.21247586083628,43.21247586083628
3652,c,43.21247586083628,43.21247586083628
3653,c,43.21247586083628,43.21247586083628
3654,c,43.21247586083628,43.21247586083628
3655,t,43.21247586083628,43.21247586083628
3656,c,43.21247586083628,43.21247586083628
3657,c,43.21247586083628,43.21247586083628
3658,c,43.21247586083628,43.21247586083628
3659,c,43.21247586083628,43.21247586083628
3660,t,43.21247586083628,43.21247586083628
3661,c,43.21247586083628,43.21247586083628
3662,t,43.21247586083628,43.21247586083628
3663,c,43.21247586083628,43.21247586083628
3664,c,43.21247586083628,43.21247586083628
3665,t,43.21247586083628,43.21247586083628
3666,c,43.21247586083628,43.21247586083628
3667,c,43.21247586083628,43.21247586083628
3668,t,43.21247586083628,43.21247586083628
3669,t,43.21247586083628,43.21247586083628
3670,t,43.21247586083628,43.21247586083628
3671,c,43.21247586083628,43.21247586083628
3672,c,43.21247586083628,43.21247586083628
3673,c,43.21247586083628,43.21247586083628
3674,t,43.21247586083628,43.21247586083628
3675,c,43.21247586083628,43.21247586083628
3676,c,43.21247586083628,43.21247586083628
3677,c,43.21247586083628,43.21247586083628
3678,c,43.21247586083628,43.21247586083628
3679,c,43.21247586083628,43.21247586083628
3680,c,43.21247586083628,43.21247586083628
3681,c,43.21247586083628,43.21247586083628
3682,c,43.21247586083628,43.21247586083628
3683,c,43.21247586083628,43.21247586083628
3684,c,43.21247586083628,43.21247586083628
3685,c,43.21247586083628,43.21247586083628
3686,c,43.21247586083628,43.21247586083628
3687,c,43.21247586083628,43.21247586083628
3688,c,43.21247586083628,43.21247586083628
3689,t,43.21247586083628,43.21247586083628
3690,c,43.21247586083628,43.21247586083628
3691,c,43.21247586083628,43.21247586083628
3692,c,43.21247586083628,43.21247586083628
3693,t,43.21247586083628,43.21247586083628
3694,c,43.21247586083628,43.21247586083628
3695,c,43.21247586083628,43.21247586083628
3696,c,43.21247586083628,43.21247586083628
3697,t,43.21247586083628,43.21247586083628
3698,c,43.21247586083628,43.21247586083628
3699,c,43.21247586083628,43.21247586083628
3700,c,43.21247586083628,43.21247586083628
3701,c,43.21247586083628,43.21247586083628
3702,t,43.21247586083628,43.21247586083628
3703,c,43.21247586083628,43.21247586083628
3704,c,43.21247586083628,43.21247586083628
3705,c,43.21247586083628,43.21247586083628
3706,c,6.018541118693076,25.3004419786146
3707,t,43.21247586083628,43.21247586083628
3708,c,43.21247586083628,43.21247586083628
3709,c,43.21247586083628,43.21247586083628
3710,t,43.21247586083628,43.21247586083628
3711,c,43.21247586083628,43.21247586083628
3712,c,43.21247586083628,43.21247586083628
3713,c,43.21247586083628,43.21247586083628
3714,c,43.21247586083628,43.21247586083628
3715,c,43.21247586083628,43.21247586083628
3716,c,43.21247586083628,43.21247586083628
3717,t,43.21247586083628,43.21247586083628
3718,na,11.677285814363387,12.98739459028103
3719,c,43.21247586083628,43.21247586083628
3720,c,43.21247586083628,43.21247586083628
3721,c,43.21247586083628,43.21247586083628
3722,c,6.880482489992225,11.688925015205442
3723,c,43.21247586083628,43.21247586083628
3724,c,43.21247586083628,43.21247586083628
3725,c,43.21247586083628,43.21247586083628
3726,c,43.21247586083628,43.21247586083628
3727,c,43.21247586083628,43.21247586083628
3728,c,43.21247586083628,43.21247586083628
3729,t,43.21247586083628,43.21247586083628
3730,t,43.21247586083628,43.21247586083628
3731,c,43.21247586083628,43.21247586083628
3732,c,43.21247586083628,43.21247586083628
3733,c,43.21247586083628,43.21247586083628
3734,c,43.21247586083628,43.21247586083628
3735,c,43.21247586083628,43.21247586083628
3736,c,43.21247586083628,43.21247586083628
3737,t,43.21247586083628,43.21247586083628
3738,c,43.21247586083628,43.21247586083628
3739,c,43.21247586083628,43.21247586083628
3740,c,43.21247586083628,43.21247586083628
3741,c,43.21247586083628,43.21247586083628
3742,c,43.21247586083628,43.21247586083628
3743,c,43.21247586083628,43.21247586083628
3744,t,43.21247586083628,43.21247586083628
3745,t,43.21247586083628,43.21247586083628
3746,c,43.21247586083628,43.21247586083628
3747,c,43.21247586083628,43.21247586083628
3748,c,43.21247586083628,43.21247586083628
3749,t,43.21247586083628,43.21247586083628
3750,c,43.21247586083628,43.21247586083628
3751,c,43.21247586083628,43.21247586083628
3752,t,43.21247586083628,43.21247586083628
3753,c,43.21247586083628,43.21247586083628
3754,t,43.21247586083628,43.21247586083628
3755,c,43.21247586083628,43.21247586083628
3756,c,43.21247586083628,43.21247586083628
3757,c,43.21247586083628,43.21247586083628
3758,c,43.21247586083628,43.21247586083628
3759,c,43.21247586083628,43.21247586083628
3760,t,43.21247586083628,43.21247586083628
3761,c,43.21247586083628,43.21247586083628
3762,c,43.21247586083628,43.21247586083628
3763,c,43.21247586083628,43.21247586083628
3764,c,43.21247586083628,43.21247586083628
3765,c,43.21247586083628,43.21247586083628
3766,c,43.21247586083628,43.21247586083628
3767,c,43.21247586083628,43.21247586083628
3768,c,43.21247586083628,43.21247586083628
3769,c,43.21247586083628,43.21247586083628
3770,c,43.21247586083628,43.21247586083628
3771,c,43.21247586083628,43.21247586083628
3772,c,43.21247586083628,43.21247586083628
3773,c,43.21247586083628,43.21247586083628
3774,t,43.21247586083628,43.21247586083628
3775,c,43.21247586083628,43.21247586083628
3776,c,43.21247586083628,43.21247586083628
3777,c,43.21247586083628,43.21247586083628
3778,c,43.21247586083628,43.21247586083628
3779,c,43.21247586083628,43.21247586083628
3780,t,43.21247586083628,43.21247586083628
3781,c,43.21247586083628,43.21247586083628
3782,c,43.21247586083628,43.21247586083628
3783,t,43.21247586083628,43.21247586083628
3784,c,43.21247586083628,43.21247586083628
3785,c,43.21247586083628,43.21247586083628
3786,c,43.21247586083628,43.21247586083628
3787,c,43.21247586083628,43.21247586083628
3788,t,43.21247586083628,43.21247586083628
3789,c,43.21247586083628,43.21247586083628
3790,t,43.21247586083628,43.21247586083628
3791,na,3.786884713389397,31.106508799415895
3792,c,43.21247586083628,43.21247586083628
3793,c,43.21247586083628,43.21247586083628
3794,c,43.21247586083628,43.21247586083628
3795,t,43.21247586083628,43.21247586083628
3796,t,43.21247586083628,43.21247586083628
3797,c,7.862064236901695,12.361991219969916
3798,t,43.21247586083628,43.21247586083628
3799,t,43.21247586083628,43.21247586083628
3800,t,43.21247586083628,43.21247586083628
3801,c,43.21247586083628,43.21247586083628
3802,c,43.21247586083628,43.21247586083628
3803,c,43.21247586083628,43.21247586083628
3804,c,12.037496324700268,12.277036276979748
3805,c,43.21247586083628,43.21247586083628
3806,c,43.21247586083628,43.21247586083628
3807,c,4.720027641454883,5.181932300105055
3808,c,43.21247586083628,43.21247586083628
3809,c,43.21247586083628,43.21247586083628
3810,c,43.21247586083628,43.21247586083628
3811,c,43.21247586083628,43.21247586083628
3812,na,-1,0
3813,c,43.21247586083628,43.21247586083628
3814,c,43.21247586083628,43.21247586083628
3815,c,43.21247586083628,43.21247586083628
3816,t,43.21247586083628,43.21247586083628
3817,t,43.21247586083628,43.21247586083628
3818,c,43.21247586083628,43.21247586083628
3819,c,43.21247586083628,43.21247586083628
3820,c,43.21247586083628,43.21247586083628
3821,c,43.21247586083628,43.21247586083628
3822,c,43.21247586083628,43.21247586083628
3823,t,43.21247586083628,43.21247586083628
3824,c,43.21247586083628,43.21247586083628
3825,c,43.21247586083628,43.21247586083628
3826,c,43.21247586083628,43.21247586083628
3827,c,43.21247586083628,43.21247586083628
3828,c,43.21247586083628,43.21247586083628
3829,t,43.21247586083628,43.21247586083628
3830,t,43.21247586083628,43.21247586083628
3831,c,43.21247586083628,43.21247586083628
3832,c,43.21247586083628,43.21247586083628
3833,t,43.21247586083628,43.21247586083628
3834,t,43.21247586083628,43.21247586083628
3835,c,43.21247586083628,43.21247586083628
3836,c,43.21247586083628,43.21247586083628
3837,c,43.21247586083628,43.21247586083628
3838,c,43.21247586083628,43.21247586083628
3839,c,5.071935247292986,11.072702421770861
3840,c,43.21247586083628,43.21247586083628
3841,c,43.21247586083628,43.21247586083628
3842,c,43.21247586083628,43.21247586083628
3843,c,43.21247586083628,43.21247586083628
3844,na,1.3967813564773945,30.59098631987923
3845,c,43.21247586083628,43.21247586083628
3846,c,43.21247586083628,43.21247586083628
3847,c,43.21247586083628,43.21247586083628
3848,t,43.21247586083628,43.21247586083628
3849,c,43.21247586083628,43.21247586083628
3850,c,43.21247586083628,43.21247586083628
3851,c,43.21247586083628,43.21247586083628
3852,c,43.21247586083628,43.21247586083628
3853,c,43.21247586083628,43.21247586083628
3854,c,43.21247586083628,43.21247586083628
3855,t,43.21247586083628,43.21247586083628
3856,c,43.21247586083628,43.21247586083628
3857,c,43.21247586083628,43.21247586083628
3858,c,43.21247586083628,43.21247586083628
3859,c,43.21247586083628,43.21247586083628
3860,c,43.21247586083628,43.21247586083628
3861,c,43.21247586083628,43.21247586083628
3862,c,43.21247586083628,43.21247586083628
3863,c,43.21247586083628,43.21247586083628
3864,c,43.21247586083628,43.21247586083628
3865,c,43.21247586083628,43.21247586083628
3866,c,43.21247586083628,43.21247586083628
3867,c,43.21247586083628,43.21247586083628
3868,c,43.21247586083628,43.21247586083628
3869,c,43.21247586083628,43.21247586083628
3870,c,43.21247586083628,43.21247586083628
3871,c,43.21247586083628,43.21247586083628
3872,t,43.21247586083628,43.21247586083628
3873,c,43.21247586083628,43.21247586083628
3874,c,43.21247586083628,43.21247586083628
3875,c,43.21247586083628,43.21247586083628
3876,c,43.21247586083628,43.21247586083628
3877,c,43.21247586083628,43.21247586083628
3878,t,43.21247586083628,43.21247586083628
3879,c,43.21247586083628,43.21247586083628
3880,c,43.21247586083628,43.21247586083628
3881,c,43.21247586083628,43.21247586083628
3882,c,43.21247586083628,43.21247586083628
3883,t,43.21247586083628,43.21247586083628
3884,c,43.21247586083628,43.21247586083628
3885,c,3.2658455508529713,4.335117773164685
3886,c,43.21247586083628,43.21247586083628
3887,c,43.21247586083628,43.21247586083628
3888,c,43.21247586083628,43.21247586083628
3889,c,43.21247586083628,43.21247586083628
3890,c,43.21247586083628,43.21247586083628
3891,t,43.21247586083628,43.21247586083628
3892,t,43.21247586083628,43.21247586083628
3893,t,43.21247586083628,43.21247586083628
3894,c,43.21247586083628,43.21247586083628
3895,c,43.21247586083628,43.21247586083628
3896,t,43.21247586083628,43.21247586083628
3897,c,43.21247586083628,43.21247586083628
3898,t,43.21247586083628,43.21247586083628
3899,c,43.21247586083628,43.21247586083628
3900,c,43.21247586083628,43.21247586083628
3901,c,43.21247586083628,43.21247586083628
3902,c,43.21247586083628,43.21247586083628
3903,c,43.21247586083628,43.21247586083628
3904,c,43.21247586083628,43.21247586083628
3905,t,43.21247586083628,43.21247586083628
3906,c,43.21247586083628,43.21247586083628
3907,t,43.21247586083628,43.21247586083628
3908,t,43.21247586083628,43.21247586083628
3909,c,43.21247586083628,43.21247586083628
3910,c,43.21247586083628,43.21247586083628
3911,t,43.21247586083628,43.21247586083628
3912,c,43.21247586083628,43.21247586083628
3913,t,43.21247586083628,43.21247586083628
3914,c,43.21247586083628,43.21247586083628
3915,t,43.21247586083628,43.21247586083628
3916,c,43.21247586083628,43.21247586083628
3917,t,43.21247586083628,43.21247586083628
3918,c,43.21247586083628,43.21247586083628
3919,c,43.21247586083628,43.21247586083628
3920,c,43.21247586083628,43.21247586083628
3921,c,43.21247586083628,43.21247586083628
3922,c,43.21247586083628,43.21247586083628
3923,c,43.21247586083628,43.21247586083628
3924,t,43.21247586083628,43.21247586083628
3925,c,43.21247586083628,43.21247586083628
3926,c,43.21247586083628,43.21247586083628
3927,t,43.21247586083628,43.21247586083628
3928,c,43.21247586083628,43.21247586083628
3929,c,43.21247586083628,43.21247586083628
3930,c,43.21247586083628,43.21247586083628
3931,c,43.21247586083628,43.21247586083628
3932,t,43.21247586083628,43.21247586083628
3933,c,43.21247586083628,43.21247586083628
3934,c,43.21247586083628,43.21247586083628
3935,c,43.21247586083628,43.21247586083628
3936,c,43.21247586083628,43.21247586083628
3937,c,43.21247586083628,43.21247586083628
3938,c,43.21247586083628,43.21247586083628
3939,t,43.21247586083628,43.21247586083628
3940,c,43.21247586083628,43.21247586083628
3941,c,43.21247586083628,43.21247586083628
3942,c,43.21247586083628,43.21247586083628
3943,t,43.21247586083628,43.21247586083628
3944,c,43.21247586083628,43.21247586083628
3945,c,43.21247586083628,43.21247586083628
3946,c,43.21247586083628,43.21247586083628
3947,c,43.21247586083628,43.21247586083628
3948,c,43.21247586083628,43.21247586083628
3949,c,43.21247586083628,43.21247586083628
3950,c,43.21247586083628,43.21247586083628
3951,c,43.21247586083628,43.21247586083628
3952,t,43.21247586083628,43.21247586083628
3953,c,43.21247586083628,43.21247586083628
3954,c,43.21247586083628,43.21247586083628
3955,c,43.21247586083628,43.21247586083628
3956,c,43.21247586083628,43.21247586083628
3957,t,43.21247586083628,43.21247586083628
3958,c,43.21247586083628,43.21247586083628
3959,t,43.21247586083628,43.21247586083628
3960,c,43.21247586083628,43.21247586083628
3961,c,43.21247586083628,43.21247586083628
3962,t,43.21247586083628,43.21247586083628
3963,c,43.21247586083628,43.21247586083628
3964,c,43.21247586083628,43.21247586083628
3965,c,43.21247586083628,43.21247586083628
3966,c,43.21247586083628,43.21247586083628
3967,c,43.21247586083628,43.21247586083628
3968,t,43.21247586083628,43.21247586083628
3969,c,43.21247586083628,43.21247586083628
3970,c,43.21247586083628,43.21247586083628
3971,c,43.21247586083628,43.21247586083628
3972,c,43.21247586083628,43.21247586083628
3973,c,43.21247586083628,43.21247586083628
3974,c,43.21247586083628,43.21247586083628
3975,c,43.21247586083628,43.21247586083628
3976,c,43.21247586083628,43.21247586083628
3977,c,43.21247586083628,43.21247586083628
3978,c,43.21247586083628,43.21247586083628
3979,c,43.21247586083628,43.21247586083628
3980,t,43.21247586083628,43.21247586083628
3981,c,43.21247586083628,43.21247586083628
3982,c,43.21247586083628,43.21247586083628
3983,t,43.21247586083628,43.21247586083628
3984,c,7.625512390857763,13.954198366955287
3985,c,43.21247586083628,43.21247586083628
3986,c,43.21247586083628,43.21247586083628
3987,c,43.21247586083628,43.21247586083628
3988,c,43.21247586083628,43.21247586083628
3989,t,43.21247586083628,43.21247586083628
3990,c,43.21247586083628,43.21247586083628
3991,c,43.21247586083628,43.21247586083628
3992,c,43.21247586083628,43.21247586083628
3993,na,-1,0
3994,c,43.21247586083628,43.21247586083628
3995,c,43.21247586083628,43.21247586083628
3996,c,43.21247586083628,43.21247586083628
3997,c,43.21247586083628,43.21247586083628
3998,c,43.21247586083628,43.21247586083628
3999,c,43.21247586083628,43.21247586083628
4000,c,43.21247586083628,43.21247586083628
4001,c,43.21247586083628,43.21247586083628
4002,c,43.21247586083628,43.21247586083628
4003,na,0,1.0548311810992865
4004,c,43.21247586083628,43.21247586083628
4005,c,43.21247586083628,43.21247586083628
4006,c,43.21247586083628,43.21247586083628
4007,c,43.21247586083628,43.21247586083628
4008,c,43.21247586083628,43.21247586083628
4009,c,43.21247586083628,43.21247586083628
4010,c,43.21247586083628,43.21247586083628
4011,c,43.21247586083628,43.21247586083628
4012,c,43.21247586083628,43.21247586083628
4013,c,43.21247586083628,43.21247586083628
4014,t,43.21247586083628,43.21247586083628
4015,c,43.21247586083628,43.21247586083628
4016,t,43.21247586083628,43.21247586083628
4017,c,43.21247586083628,43.21247586083628
4018,c,43.21247586083628,43.21247586083628
4019,c,43.21247586083628,43.21247586083628
4020,c,43.21247586083628,43.21247586083628
4021,c,43.21247586083628,43.21247586083628
4022,c,43.21247586083628,43.21247586083628
4023,c,43.21247586083628,43.21247586083628
4024,t,43.21247586083628,43.21247586083628
4025,c,43.21247586083628,43.21247586083628
4026,c,43.21247586083628,43.21247586083628
4027,t,43.21247586083628,43.21247586083628
4028,c,3.505669128382468,3.87465460173873
4029,c,43.21247586083628,43.21247586083628
4030,c,43.21247586083628,43.21247586083628
4031,c,43.21247586083628,43.21247586083628
4032,t,43.21247586083628,43.21247586083628
4033,c,43.21247586083628,43.21247586083628
4034,c,43.21247586083628,43.21247586083628
4035,c,43.21247586083628,43.21247586083628
4036,c,43.21247586083628,43.21247586083628
4037,c,43.21247586083628,43.21247586083628
4038,t,43.21247586083628,43.21247586083628
4039,c,43.21247586083628,43.21247586083628
4040,c,43.21247586083628,43.21247586083628
4041,c,43.21247586083628,43.21247586083628
4042,t,43.21247586083628,43.21247586083628
4043,t,43.21247586083628,43.21247586083628
4044,c,43.21247586083628,43.21247586083628
4045,na,-1,0
4046,c,43.21247586083628,43.21247586083628
4047,c,43.21247586083628,43.21247586083628
4048,c,43.21247586083628,43.21247586083628
4049,c,43.21247586083628,43.21247586083628
4050,c,43.21247586083628,43.21247586083628
4051,c,43.21247586083628,43.21247586083628
4052,t,43.21247586083628,43.21247586083628
4053,c,43.21247586083628,43.21247586083628
4054,c,43.21247586083628,43.21247586083628
4055,c,43.21247586083628,43.21247586083628
4056,c,43.21247586083628,43.21247586083628
4057,c,43.21247586083628,43.21247586083628
4058,c,43.21247586083628,43.21247586083628
4059,c,43.21247586083628,43.21247586083628
4060,c,43.21247586083628,43.21247586083628
4061,c,43.21247586083628,43.21247586083628
4062,c,43.21247586083628,43.21247586083628
4063,t,43.21247586083628,43.21247586083628
4064,c,43.21247586083628,43.21247586083628
4065,c,43.21247586083628,43.21247586083628
4066,c,43.21247586083628,43.21247586083628
4067,t,43.21247586083628,43.21247586083628
4068,c,43.21247586083628,43.21247586083628
4069,c,13.22930051165174,13.933534319812905
4070,c,21.783996369901995,32.525295126064606
4071,c,43.21247586083628,43.21247586083628
4072,t,43.21247586083628,43.21247586083628
4073,c,43.21247586083628,43.21247586083628
4074,c,43.21247586083628,43.21247586083628
4075,c,43.21247586083628,43.21247586083628
4076,c,43.21247586083628,43.21247586083628
4077,c,43.21247586083628,43.21247586083628
4078,c,43.21247586083628,43.21247586083628
4079,c,43.21247586083628,43.21247586083628
4080,c,43.21247586083628,43.21247586083628
4081,c,43.21247586083628,43.21247586083628
4082,c,43.21247586083628,43.21247586083628
4083,t,43.21247586083628,43.21247586083628
4084,c,43.21247586083628,43.21247586083628
4085,c,43.21247586083628,43.21247586083628
4086,t,43.21247586083628,43.21247586083628
4087,c,43.21247586083628,43.21247586083628
4088,c,43.21247586083628,43.21247586083628
4089,c,43.21247586083628,43.21247586083628
4090,c,43.21247586083628,43.21247586083628
4091,c,43.21247586083628,43.21247586083628
4092,c,43.21247586083628,43.21247586083628
4093,c,43.21247586083628,43.21247586083628
4094,c,43.21247586083628,43.21247586083628
4095,c,43.21247586083628,43.21247586083628
4096,t,43.21247586083628,43.21247586083628
4097,c,43.21247586083628,43.21247586083628
4098,t,43.21247586083628,43.21247586083628
4099,c,43.21247586083628,43.21247586083628
4100,c,43.21247586083628,43.21247586083628
4101,c,43.21247586083628,43.21247586083628
4102,c,43.21247586083628,43.21247586083628
4103,c,43.21247586083628,43.21247586083628
4104,c,43.21247586083628,43.21247586083628
4105,c,43.21247586083628,43.21247586083628
4106,c,43.21247586083628,43.21247586083628
4107,c,43.21247586083628,43.21247586083628
4108,c,43.21247586083628,43.21247586083628
4109,c,43.21247586083628,43.21247586083628
4110,t,43.21247586083628,43.21247586083628
4111,c,43.21247586083628,43.21247586083628
4112,c,6.445237418267746,8.409552481871462
4113,c,43.21247586083628,43.21247586083628
4114,t,43.21247586083628,43.21247586083628
4115,c,43.21247586083628,43.21247586083628
4116,c,43.21247586083628,43.21247586083628
4117,t,43.21247586083628,43.21247586083628
4118,t,43.21247586083628,43.21247586083628
4119,c,43.21247586083628,43.21247586083628
4120,t,43.21247586083628,43.21247586083628
4121,t,43.21247586083628,43.21247586083628
4122,t,43.21247586083628,43.21247586083628
4123,c,43.21247586083628,43.21247586083628
4124,c,43.21247586083628,43.21247586083628
4125,c,43.21247586083628,43.21247586083628
4126,t,43.21247586083628,43.21247586083628
4127,t,43.21247586083628,43.21247586083628
4128,c,43.21247586083628,43.21247586083628
4129,c,43.21247586083628,43.21247586083628
4130,c,43.21247586083628,43.21247586083628
4131,c,43.21247586083628,43.21247586083628
4132,c,43.21247586083628,43.21247586083628
4133,c,43.21247586083628,43.21247586083628
4134,t,43.21247586083628,43.21247586083628
4135,t,43.21247586083628,43.21247586083628
4136,c,43.21247586083628,43.21247586083628
4137,c,43.21247586083628,43.21247586083628
4138,c,43.21247586083628,43.21247586083628
4139,c,43.21247586083628,43.21247586083628
4140,t,43.21247586083628,43.21247586083628
4141,c,43.21247586083628,43.21247586083628
4142,c,43.21247586083628,43.21247586083628
4143,c,7.895634866755914,19.355365910631207
4144,c,43.21247586083628,43.21247586083628
4145,c,43.21247586083628,43.21247586083628
4146,t,43.21247586083628,43.21247586083628
4147,c,43.21247586083628,43.21247586083628
4148,t,43.21247586083628,43.21247586083628
4149,c,43.21247586083628,43.21247586083628
4150,t,43.21247586083628,43.21247586083628
4151,c,43.21247586083628,43.21247586083628
4152,c,43.21247586083628,43.21247586083628
4153,c,43.21247586083628,43.21247586083628
4154,c,43.21247586083628,43.21247586083628
4155,c,43.21247586083628,43.21247586083628
4156,c,43.21247586083628,43.21247586083628
4157,c,43.21247586083628,43.21247586083628
4158,c,43.21247586083628,43.21247586083628
4159,c,43.21247586083628,43.21247586083628
4160,t,43.21247586083628,43.21247586083628
4161,c,43.21247586083628,43.21247586083628
4162,t,43.21247586083628,43.21247586083628
4163,c,43.21247586083628,43.21247586083628
4164,t,43.21247586083628,43.21247586083628
4165,c,43.21247586083628,43.21247586083628
4166,c,43.21247586083628,43.21247586083628
4167,c,43.21247586083628,43.21247586083628
4168,t,43.21247586083628,43.21247586083628
4169,c,43.21247586083628,43.21247586083628
4170,t,43.21247586083628,43.21247586083628
4171,na,-1,0
4172,c,43.21247586083628,43.21247586083628
4173,c,43.21247586083628,43.21247586083628
4174,c,43.21247586083628,43.21247586083628
4175,c,43.21247586083628,43.21247586083628
4176,c,43.21247586083628,43.21247586083628
4177,c,43.21247586083628,43.21247586083628
4178,c,1.809023049613263,3.9455152627307872
4179,c,43.21247586083628,43.21247586083628
4180,t,43.21247586083628,43.21247586083628
4181,t,43.21247586083628,43.21247586083628
4182,c,5.145153407954606,5.977706527998714
4183,c,43.21247586083628,43.21247586083628
4184,t,43.21247586083628,43.21247586083628
4185,t,43.21247586083628,43.21247586083628
4186,c,43.21247586083628,43.21247586083628
4187,c,43.21247586083628,43.21247586083628
4188,c,43.21247586083628,43.21247586083628
4189,c,43.21247586083628,43.21247586083628
4190,t,43.21247586083628,43.21247586083628
4191,c,43.21247586083628,43.21247586083628
4192,c,43.21247586083628,43.21247586083628
4193,na,-1,0
4194,t,43.21247586083628,43.21247586083628
4195,c,43.21247586083628,43.21247586083628
4196,t,43.21247586083628,43.21247586083628
4197,c,43.21247586083628,43.21247586083628
4198,c,43.21247586083628,43.21247586083628
4199,c,43.21247586083628,43.21247586083628
4200,c,43.21247586083628,43.21247586083628
4201,c,43.21247586083628,43.21247586083628
4202,t,43.21247586083628,43.21247586083628
4203,c,43.21247586083628,43.21247586083628
4204,na,0.8973968436443805,21.397927154628345
4205,c,43.21247586083628,43.21247586083628
4206,c,43.21247586083628,43.21247586083628
4207,t,43.21247586083628,43.21247586083628
4208,c,8.08704096364928,31.97126898565299
4209,c,43.21247586083628,43.21247586083628
4210,c,43.21247586083628,43.21247586083628
4211,c,43.21247586083628,43.21247586083628
4212,t,43.21247586083628,43.21247586083628
4213,t,43.21247586083628,43.21247586083628
4214,c,43.21247586083628,43.21247586083628
4215,c,43.21247586083628,43.21247586083628
4216,c,43.21247586083628,43.21247586083628
4217,c,43.21247586083628,43.21247586083628
4218,t,43.21247586083628,43.21247586083628
4219,c,43.21247586083628,43.21247586083628
4220,c,43.21247586083628,43.21247586083628
4221,na,3.151504856247183,5.043811247395563
4222,c,43.21247586083628,43.21247586083628
4223,na,0,4.454706034679256
4224,t,43.21247586083628,43.21247586083628
4225,t,43.21247586083628,43.21247586083628
4226,c,43.21247586083628,43.21247586083628
4227,c,43.21247586083628,43.21247586083628
4228,c,43.21247586083628,43.21247586083628
4229,c,43.21247586083628,43.21247586083628
4230,t,43.21247586083628,43.21247586083628
4231,c,43.21247586083628,43.21247586083628
4232,c,43.21247586083628,43.21247586083628
4233,c,43.21247586083628,43.21247586083628
4234,c,43.21247586083628,43.21247586083628
4235,c,43.21247586083628,43.21247586083628
4236,c,43.21247586083628,43.21247586083628
4237,c,43.21247586083628,43.21247586083628
4238,c,43.21247586083628,43.21247586083628
4239,c,43.21247586083628,43.21247586083628
4240,c,43.21247586083628,43.21247586083628
4241,c,43.21247586083628,43.21247586083628
4242,c,43.21247586083628,43.21247586083628
4243,c,43.21247586083628,43.21247586083628
4244,c,43.21247586083628,43.21247586083628
4245,c,43.21247586083628,43.21247586083628
4246,c,43.21247586083628,43.21247586083628
4247,t,43.21247586083628,43.21247586083628
4248,c,43.21247586083628,43.21247586083628
4249,c,43.21247586083628,43.21247586083628
4250,c,43.21247586083628,43.21247586083628
4251,c,43.21247586083628,43.21247586083628
4252,c,43.21247586083628,43.21247586083628
4253,c,43.21247586083628,43.21247586083628
4254,t,43.21247586083628,43.21247586083628
4255,c,43.21247586083628,43.21247586083628
4256,t,43.21247586083628,43.21247586083628
4257,c,43.21247586083628,43.21247586083628
4258,c,43.21247586083628,43.21247586083628
4259,c,43.21247586083628,43.21247586083628
4260,c,43.21247586083628,43.21247586083628
4261,c,43.21247586083628,43.21247586083628
4262,c,43.21247586083628,43.21247586083628
4263,c,4.507309767926832,11.207979207837326
4264,t,43.21247586083628,43.21247586083628
4265,c,43.21247586083628,43.21247586083628
4266,c,43.21247586083628,43.21247586083628
4267,c,43.21247586083628,43.21247586083628
4268,c,43.21247586083628,43.21247586083628
4269,c,43.21247586083628,43.21247586083628
4270,c,43.21247586083628,43.21247586083628
4271,t,43.21247586083628,43.21247586083628
4272,c,43.21247586083628,43.21247586083628
4273,t,43.21247586083628,43.21247586083628
4274,c,43.21247586083628,43.21247586083628
4275,t,43.21247586083628,43.21247586083628
4276,c,43.21247586083628,43.21247586083628
4277,t,43.21247586083628,43.21247586083628
4278,t,43.21247586083628,43.21247586083628
4279,c,43.21247586083628,43.21247586083628
4280,c,43.21247586083628,43.21247586083628
4281,c,43.21247586083628,43.21247586083628
4282,c,43.21247586083628,43.21247586083628
4283,c,43.21247586083628,43.21247586083628
4284,t,43.21247586083628,43.21247586083628
4285,c,43.21247586083628,43.21247586083628
4286,c,43.21247586083628,43.21247586083628
4287,c,43.21247586083628,43.21247586083628
4288,c,43.21247586083628,43.21247586083628
4289,c,43.21247586083628,43.21247586083628
4290,c,43.21247586083628,43.21247586083628
4291,c,43.21247586083628,43.21247586083628
4292,t,43.21247586083628,43.21247586083628
4293,c,43.21247586083628,43.21247586083628
4294,c,43.21247586083628,43.21247586083628
4295,c,43.21247586083628,43.21247586083628
4296,na,0.35032567411071924,10.290972950700766
4297,c,43.21247586083628,43.21247586083628
4298,c,43.21247586083628,43.21247586083628
4299,c,43.21247586083628,43.21247586083628
4300,c,43.21247586083628,43.21247586083628
4301,t,43.21247586083628,43.21247586083628
4302,c,43.21247586083628,43.21247586083628
4303,c,43.21247586083628,43.21247586083628
4304,t,43.21247586083628,43.21247586083628
4305,c,43.21247586083628,43.21247586083628
4306,c,43.21247586083628,43.21247586083628
4307,c,43.21247586083628,43.21247586083628
4308,c,43.21247586083628,43.21247586083628
4309,c,43.21247586083628,43.21247586083628
4310,c,43.21247586083628,43.21247586083628
4311,t,43.21247586083628,43.21247586083628
4312,c,43.21247586083628,43.21247586083628
4313,c,43.21247586083628,43.21247586083628
4314,t,43.21247586083628,43.21247586083628
4315,c,43.21247586083628,43.21247586083628
4316,c,43.21247586083628,43.21247586083628
4317,c,43.21247586083628,43.21247586083628
4318,c,43.21247586083628,43.21247586083628
4319,c,43.21247586083628,43.21247586083628
4320,c,15.659244678620615,32.03402884381234
4321,c,43.21247586083628,43.21247586083628
4322,c,43.21247586083628,43.21247586083628
4323,c,43.21247586083628,43.21247586083628
4324,c,43.21247586083628,43.21247586083628
4325,c,43.21247586083628,43.21247586083628
4326,c,43.21247586083628,43.21247586083628
4327,t,43.21247586083628,43.21247586083628
4328,t,43.21247586083628,43.21247586083628
4329,c,43.21247586083628,43.21247586083628
4330,c,43.21247586083628,43.21247586083628
4331,na,12.019983954229602,26.459767819839495
4332,t,43.21247586083628,43.21247586083628
4333,c,43.21247586083628,43.21247586083628
4334,t,43.21247586083628,43.21247586083628
4335,c,43.21247586083628,43.21247586083628
4336,t,43.21247586083628,43.21247586083628
4337,c,43.21247586083628,43.21247586083628
4338,c,43.21247586083628,43.21247586083628
4339,c,43.21247586083628,43.21247586083628
4340,c,43.21247586083628,43.21247586083628
4341,c,43.21247586083628,43.21247586083628
4342,c,43.21247586083628,43.21247586083628
4343,c,43.21247586083628,43.21247586083628
4344,c,43.21247586083628,43.21247586083628
4345,c,43.21247586083628,43.21247586083628
4346,c,43.21247586083628,43.21247586083628
4347,c,43.21247586083628,43.21247586083628
4348,t,43.21247586083628,43.21247586083628
4349,c,43.21247586083628,43.21247586083628
4350,c,43.21247586083628,43.21247586083628
4351,c,43.21247586083628,43.21247586083628
4352,c,43.21247586083628,43.21247586083628
4353,c,43.21247586083628,43.21247586083628
4354,c,43.21247586083628,43.21247586083628
4355,c,43.21247586083628,43.21247586083628
4356,c,43.21247586083628,43.21247586083628
4357,c,43.21247586083628,43.21247586083628
4358,na,4.865033527852324,14.657552312766407
4359,c,43.21247586083628,43.21247586083628
4360,c,43.21247586083628,43.21247586083628
4361,c,43.21247586083628,43.21247586083628
4362,c,43.21247586083628,43.21247586083628
4363,c,43.21247586083628,43.21247586083628
4364,c,43.21247586083628,43.21247586083628
4365,c,43.21247586083628,43.21247586083628
4366,c,43.21247586083628,43.21247586083628
4367,c,43.21247586083628,43.21247586083628
4368,c,43.21247586083628,43.21247586083628
4369,c,43.21247586083628,43.21247586083628
4370,c,43.21247586083628,43.21247586083628
4371,c,43.21247586083628,43.21247586083628
4372,t,43.21247586083628,43.21247586083628
4373,c,43.21247586083628,43.21247586083628
4374,c,43.21247586083628,43.21247586083628
4375,c,43.21247586083628,43.21247586083628
4376,c,43.21247586083628,43.21247586083628
4377,c,43.21247586083628,43.21247586083628
4378,c,43.21247586083628,43.21247586083628
4379,t,43.21247586083628,43.21247586083628
4380,c,43.21247586083628,43.21247586083628
4381,c,43.21247586083628,43.21247586083628
4382,c,43.21247586083628,43.21247586083628
4383,c,43.21247586083628,43.21247586083628
4384,c,43.21247586083628,43.21247586083628
4385,c,43.21247586083628,43.21247586083628
4386,c,43.21247586083628,43.21247586083628
4387,c,43.21247586083628,43.21247586083628
4388,c,43.21247586083628,43.21247586083628
4389,c,43.21247586083628,43.21247586083628
4390,c,43.21247586083628,43.21247586083628
4391,c,43.21247586083628,43.21247586083628
4392,c,43.21247586083628,43.21247586083628
4393,t,43.21247586083628,43.21247586083628
4394,c,43.21247586083628,43.21247586083628
4395,c,43.21247586083628,43.21247586083628
4396,c,43.21247586083628,43.21247586083628
4397,c,43.21247586083628,43.21247586083628
4398,c,43.21247586083628,43.21247586083628
4399,c,43.21247586083628,43.21247586083628
4400,c,43.21247586083628,43.21247586083628
4401,t,43.21247586083628,43.21247586083628
4402,c,16.279921871930902,17.690397061983784
4403,c,43.21247586083628,43.21247586083628
4404,c,43.21247586083628,43.21247586083628
4405,c,43.21247586083628,43.21247586083628
4406,c,43.21247586083628,43.21247586083628
4407,t,43.21247586083628,43.21247586083628
4408,t,43.21247586083628,43.21247586083628
4409,c,43.21247586083628,43.21247586083628
4410,c,43.21247586083628,43.21247586083628
4411,t,43.21247586083628,43.21247586083628
4412,t,43.21247586083628,43.21247586083628
4413,t,43.21247586083628,43.21247586083628
4414,t,43.21247586083628,43.21247586083628
4415,c,43.21247586083628,43.21247586083628
4416,c,43.21247586083628,43.21247586083628
4417,c,43.21247586083628,43.21247586083628
4418,c,43.21247586083628,43.21247586083628
4419,t,43.21247586083628,43.21247586083628
4420,c,43.21247586083628,43.21247586083628
4421,c,43.21247586083628,43.21247586083628
4422,c,43.21247586083628,43.21247586083628
4423,c,43.21247586083628,43.21247586083628
4424,t,43.21247586083628,43.21247586083628
4425,c,43.21247586083628,43.21247586083628
4426,c,43.21247586083628,43.21247586083628
4427,t,43.21247586083628,43.21247586083628
4428,c,43.21247586083628,43.21247586083628
4429,t,43.21247586083628,43.21247586083628
4430,t,43.21247586083628,43.21247586083628
4431,c,43.21247586083628,43.21247586083628
4432,t,43.21247586083628,43.21247586083628
4433,c,43.21247586083628,43.21247586083628
4434,c,43.21247586083628,43.21247586083628
4435,c,43.21247586083628,43.21247586083628
4436,c,43.21247586083628,43.21247586083628
4437,c,43.21247586083628,43.21247586083628
4438,c,43.21247586083628,43.21247586083628
4439,c,43.21247586083628,43.21247586083628
4440,t,43.21247586083628,43.21247586083628
4441,c,43.21247586083628,43.21247586083628
4442,c,43.21247586083628,43.21247586083628
4443,c,43.21247586083628,43.21247586083628
4444,c,18.003818248041593,19.51379546525827
4445,c,43.21247586083628,43.21247586083628
4446,t,43.21247586083628,43.21247586083628
4447,c,43.21247586083628,43.21247586083628
4448,c,43.21247586083628,43.21247586083628
4449,c,10.502106010689022,18.535429144450518
4450,c,43.21247586083628,43.21247586083628
4451,c,43.21247586083628,43.21247586083628
4452,c,43.21247586083628,43.21247586083628
4453,c,43.21247586083628,43.21247586083628
4454,t,43.21247586083628,43.21247586083628
4455,c,43.21247586083628,43.21247586083628
4456,c,43.21247586083628,43.21247586083628
4457,c,43.21247586083628,43.21247586083628
4458,c,43.21247586083628,43.21247586083628
4459,c,43.21247586083628,43.21247586083628
4460,na,-1,0
4461,c,43.21247586083628,43.21247586083628
4462,c,43.21247586083628,43.21247586083628
4463,c,43.21247586083628,43.21247586083628
4464,t,43.21247586083628,43.21247586083628
4465,c,43.21247586083628,43.21247586083628
4466,c,43.21247586083628,43.21247586083628
4467,t,43.21247586083628,43.21247586083628
4468,c,43.21247586083628,43.21247586083628
4469,c,43.21247586083628,43.21247586083628
4470,c,43.21247586083628,43.21247586083628
4471,t,43.21247586083628,43.21247586083628
4472,c,43.21247586083628,43.21247586083628
4473,t,43.21247586083628,43.21247586083628
4474,c,43.21247586083628,43.21247586083628
4475,c,43.21247586083628,43.21247586083628
4476,c,43.21247586083628,43.21247586083628
4477,t,43.21247586083628,43.21247586083628
4478,c,43.21247586083628,43.21247586083628
4479,c,43.21247586083628,43.21247586083628
4480,c,43.21247586083628,43.21247586083628
4481,c,43.21247586083628,43.21247586083628
4482,c,43.21247586083628,43.21247586083628
4483,t,43.21247586083628,43.21247586083628
4484,c,43.21247586083628,43.21247586083628
4485,c,43.21247586083628,43.21247586083628
4486,c,43.21247586083628,43.21247586083628
4487,c,43.21247586083628,43.21247586083628
4488,c,43.21247586083628,43.21247586083628
4489,c,43.21247586083628,43.21247586083628
4490,c,43.21247586083628,43.21247586083628
4491,c,43.21247586083628,43.21247586083628
4492,c,43.21247586083628,43.21247586083628
4493,c,43.21247586083628,43.21247586083628
4494,c,43.21247586083628,43.21247586083628
4495,c,43.21247586083628,43.21247586083628
4496,c,43.21247586083628,43.21247586083628
4497,c,43.21247586083628,43.21247586083628
4498,c,43.21247586083628,43.21247586083628
4499,c,43.21247586083628,43.21247586083628
4500,c,43.21247586083628,43.21247586083628
4501,c,43.21247586083628,43.21247586083628
4502,c,43.21247586083628,43.21247586083628
4503,c,43.21247586083628,43.21247586083628
4504,c,43.21247586083628,43.21247586083628
4505,c,43.21247586083628,43.21247586083628
4506,c,43.21247586083628,43.21247586083628
4507,c,43.21247586083628,43.21247586083628
4508,t,43.21247586083628,43.21247586083628
4509,c,43.21247586083628,43.21247586083628
4510,c,43.21247586083628,43.21247586083628
4511,c,43.21247586083628,43.21247586083628
4512,c,43.21247586083628,43.21247586083628
4513,t,43.21247586083628,43.21247586083628
4514,t,43.21247586083628,43.21247586083628
4515,c,43.21247586083628,43.21247586083628
4516,c,43.21247586083628,43.21247586083628
4517,c,43.21247586083628,43.21247586083628
4518,c,43.21247586083628,43.21247586083628
4519,c,2.4973052009950765,24.016320908876462
4520,t,43.21247586083628,43.21247586083628
4521,c,43.21247586083628,43.21247586083628
4522,c,43.21247586083628,43.21247586083628
4523,c,43.21247586083628,43.21247586083628
4524,c,43.21247586083628,43.21247586083628
4525,c,43.21247586083628,43.21247586083628
4526,c,43.21247586083628,43.21247586083628
4527,c,43.21247586083628,43.21247586083628
4528,c,43.21247586083628,43.21247586083628
4529,c,43.21247586083628,43.21247586083628
4530,t,43.21247586083628,43.21247586083628
4531,t,43.21247586083628,43.21247586083628
4532,c,43.21247586083628,43.21247586083628
4533,t,43.21247586083628,43.21247586083628
4534,c,43.21247586083628,43.21247586083628
4535,t,43.21247586083628,43.21247586083628
4536,c,43.21247586083628,43.21247586083628
4537,c,43.21247586083628,43.21247586083628
4538,t,43.21247586083628,43.21247586083628
4539,t,43.21247586083628,43.21247586083628
4540,c,43.21247586083628,43.21247586083628
4541,c,43.21247586083628,43.21247586083628
4542,c,43.21247586083628,43.21247586083628
4543,c,43.21247586083628,43.21247586083628
4544,c,43.21247586083628,43.21247586083628
4545,t,43.21247586083628,43.21247586083628
4546,t,43.21247586083628,43.21247586083628
4547,c,43.21247586083628,43.21247586083628
4548,c,43.21247586083628,43.21247586083628
4549,c,43.21247586083628,43.21247586083628
4550,c,43.21247586083628,43.21247586083628
4551,c,43.21247586083628,43.21247586083628
4552,c,43.21247586083628,43.21247586083628
4553,c,43.21247586083628,43.21247586083628
4554,t,43.21247586083628,43.21247586083628
4555,t,43.21247586083628,43.21247586083628
4556,c,10.348452332108652,43.21247586083628
4557,t,43.21247586083628,43.21247586083628
4558,c,43.21247586083628,43.21247586083628
4559,c,43.21247586083628,43.21247586083628
4560,c,43.21247586083628,43.21247586083628
4561,c,43.21247586083628,43.21247586083628
4562,c,43.21247586083628,43.21247586083628
4563,c,43.21247586083628,43.21247586083628
4564,c,43.21247586083628,43.21247586083628
4565,c,43.21247586083628,43.21247586083628
4566,t,43.21247586083628,43.21247586083628
4567,c,43.21247586083628,43.21247586083628
4568,c,43.21247586083628,43.21247586083628
4569,na,7.477057710876299,29.307153096860883
4570,t,43.21247586083628,43.21247586083628
4571,c,43.21247586083628,43.21247586083628
4572,c,43.21247586083628,43.21247586083628
4573,c,43.21247586083628,43.21247586083628
4574,c,43.21247586083628,43.21247586083628
4575,c,43.21247586083628,43.21247586083628
4576,c,43.21247586083628,43.21247586083628
4577,c,43.21247586083628,43.21247586083628
4578,c,12.523441696025856,43.21247586083628
4579,t,43.21247586083628,43.21247586083628
4580,c,43.21247586083628,43.21247586083628
4581,c,43.21247586083628,43.21247586083628
4582,c,43.21247586083628,43.21247586083628
4583,t,43.21247586083628,43.21247586083628
4584,t,43.21247586083628,43.21247586083628
4585,c,6.653899979324182,7.7890679445886075
4586,c,43.21247586083628,43.21247586083628
4587,t,43.21247586083628,43.21247586083628
4588,t,43.21247586083628,43.21247586083628
4589,t,43.21247586083628,43.21247586083628
4590,t,43.21247586083628,43.21247586083628
4591,c,43.21247586083628,43.21247586083628
4592,c,43.21247586083628,43.21247586083628
4593,c,43.21247586083628,43.21247586083628
4594,c,43.21247586083628,43.21247586083628
4595,c,43.21247586083628,43.21247586083628
4596,c,43.21247586083628,43.21247586083628
4597,t,43.21247586083628,43.21247586083628
4598,t,43.21247586083628,43.21247586083628
4599,c,43.21247586083628,43.21247586083628
4600,c,43.21247586083628,43.21247586083628
4601,c,43.21247586083628,43.21247586083628
4602,c,43.21247586083628,43.21247586083628
4603,c,43.21247586083628,43.21247586083628
4604,c,43.21247586083628,43.21247586083628
4605,c,43.21247586083628,43.21247586083628
4606,c,43.21247586083628,43.21247586083628
4607,t,43.21247586083628,43.21247586083628
4608,t,43.21247586083628,43.21247586083628
4609,c,43.21247586083628,43.21247586083628
4610,c,43.21247586083628,43.21247586083628
4611,c,43.21247586083628,43.21247586083628
4612,c,43.21247586083628,43.21247586083628
4613,c,43.21247586083628,43.21247586083628
4614,t,43.21247586083628,43.21247586083628
4615,c,43.21247586083628,43.21247586083628
4616,c,43.21247586083628,43.21247586083628
4617,c,43.21247586083628,43.21247586083628
4618,c,43.21247586083628,43.21247586083628
4619,na,-1,0
4620,c,43.21247586083628,43.21247586083628
4621,c,43.21247586083628,43.21247586083628
4622,c,43.21247586083628,43.21247586083628
4623,c,43.21247586083628,43.21247586083628
4624,c,43.21247586083628,43.21247586083628
4625,t,43.21247586083628,43.21247586083628
4626,t,43.21247586083628,43.21247586083628
4627,c,43.21247586083628,43.21247586083628
4628,t,43.21247586083628,43.21247586083628
4629,c,43.21247586083628,43.21247586083628
4630,c,43.21247586083628,43.21247586083628
4631,c,43.21247586083628,43.21247586083628
4632,c,43.21247586083628,43.21247586083628
4633,c,43.21247586083628,43.21247586083628
4634,t,43.21247586083628,43.21247586083628
4635,c,43.21247586083628,43.21247586083628
4636,c,43.21247586083628,43.21247586083628
4637,t,43.21247586083628,43.21247586083628
4638,c,43.21247586083628,43.21247586083628
4639,t,43.21247586083628,43.21247586083628
4640,c,43.21247586083628,43.21247586083628
4641,c,43.21247586083628,43.21247586083628
4642,c,43.21247586083628,43.21247586083628
4643,c,43.21247586083628,43.21247586083628
4644,c,43.21247586083628,43.21247586083628
4645,t,43.21247586083628,43.21247586083628
4646,t,43.21247586083628,43.21247586083628
4647,t,43.21247586083628,43.21247586083628
4648,c,43.21247586083628,43.21247586083628
4649,c,43.21247586083628,43.21247586083628
4650,c,43.21247586083628,43.21247586083628
4651,c,8.368622913702467,16.194686493153466
4652,c,43.21247586083628,43.21247586083628
4653,t,43.21247586083628,43.21247586083628
4654,c,43.21247586083628,43.21247586083628
4655,c,43.21247586083628,43.21247586083628
4656,c,43.21247586083628,43.21247586083628
4657,c,43.21247586083628,43.21247586083628
4658,c,43.21247586083628,43.21247586083628
4659,c,43.21247586083628,43.21247586083628
4660,c,43.21247586083628,43.21247586083628
4661,t,43.21247586083628,43.21247586083628
4662,c,43.21247586083628,43.21247586083628
4663,c,43.21247586083628,43.21247586083628
4664,c,43.21247586083628,43.21247586083628
4665,t,43.21247586083628,43.21247586083628
4666,t,43.21247586083628,43.21247586083628
4667,t,43.21247586083628,43.21247586083628
4668,c,43.21247586083628,43.21247586083628
4669,c,43.21247586083628,43.21247586083628
4670,c,43.21247586083628,43.21247586083628
4671,c,43.21247586083628,43.21247586083628
4672,t,43.21247586083628,43.21247586083628
4673,c,43.21247586083628,43.21247586083628
4674,t,43.21247586083628,43.21247586083628
4675,c,43.21247586083628,43.21247586083628
4676,c,43.21247586083628,43.21247586083628
4677,t,43.21247586083628,43.21247586083628
4678,c,43.21247586083628,43.21247586083628
4679,c,43.21247586083628,43.21247586083628
4680,c,12.223480856826855,12.480807332357555
4681,t,43.21247586083628,43.21247586083628
4682,c,43.21247586083628,43.21247586083628
4683,c,43.21247586083628,43.21247586083628
4684,c,43.21247586083628,43.21247586083628
4685,c,43.21247586083628,43.21247586083628
4686,na,0.7089296495319113,1.1962488558093376
4687,c,43.21247586083628,43.21247586083628
4688,c,43.21247586083628,43.21247586083628
4689,c,43.21247586083628,43.21247586083628
4690,t,43.21247586083628,43.21247586083628
4691,c,14.22018832285854,15.2896766598031
4692,t,43.21247586083628,43.21247586083628
4693,c,43.21247586083628,43.21247586083628
4694,c,43.21247586083628,43.21247586083628
4695,c,43.21247586083628,43.21247586083628
4696,c,43.21247586083628,43.21247586083628
4697,c,43.21247586083628,43.21247586083628
4698,c,43.21247586083628,43.21247586083628
4699,c,43.21247586083628,43.21247586083628
4700,c,43.21247586083628,43.21247586083628
4701,t,43.21247586083628,43.21247586083628
4702,c,43.21247586083628,43.21247586083628
4703,c,43.21247586083628,43.21247586083628
4704,c,43.21247586083628,43.21247586083628
4705,c,43.21247586083628,43.21247586083628
4706,c,43.21247586083628,43.21247586083628
4707,c,21.537559826537365,40.807427926866396
4708,c,43.21247586083628,43.21247586083628
4709,c,43.21247586083628,43.21247586083628
4710,c,43.21247586083628,43.21247586083628
4711,c,43.21247586083628,43.21247586083628
4712,c,43.21247586083628,43.21247586083628
4713,c,43.21247586083628,43.21247586083628
4714,c,43.21247586083628,43.21247586083628
4715,c,43.21247586083628,43.21247586083628
4716,c,43.21247586083628,43.21247586083628
4717,c,43.21247586083628,43.21247586083628
4718,c,8.00165475455493,27.481389591579994
4719,t,43.21247586083628,43.21247586083628
4720,t,43.21247586083628,43.21247586083628
4721,c,43.21247586083628,43.21247586083628
4722,c,43.21247586083628,43.21247586083628
4723,c,43.21247586083628,43.21247586083628
4724,c,43.21247586083628,43.21247586083628
4725,c,43.21247586083628,43.21247586083628
4726,c,43.21247586083628,43.21247586083628
4727,t,43.21247586083628,43.21247586083628
4728,c,43.21247586083628,43.21247586083628
4729,c,43.21247586083628,43.21247586083628
4730,c,43.21247586083628,43.21247586083628
4731,c,43.21247586083628,43.21247586083628
4732,c,43.21247586083628,43.21247586083628
4733,c,43.21247586083628,43.21247586083628
4734,c,43.21247586083628,43.21247586083628
4735,c,43.21247586083628,43.21247586083628
4736,c,43.21247586083628,43.21247586083628
4737,t,43.21247586083628,43.21247586083628
4738,t,43.21247586083628,43.21247586083628
4739,c,43.21247586083628,43.21247586083628
4740,c,43.21247586083628,43.21247586083628
4741,c,43.21247586083628,43.21247586083628
4742,c,43.21247586083628,43.21247586083628
4743,c,43.21247586083628,43.21247586083628
4744,t,43.21247586083628,43.21247586083628
4745,t,43.21247586083628,43.21247586083628
4746,t,43.21247586083628,43.21247586083628
4747,c,43.21247586083628,43.21247586083628
4748,na,0.120476953915569,4.67117095463121
4749,t,43.21247586083628,43.21247586083628
4750,c,43.21247586083628,43.21247586083628
4751,c,43.21247586083628,43.21247586083628
4752,c,43.21247586083628,43.21247586083628
4753,c,43.21247586083628,43.21247586083628
4754,c,43.21247586083628,43.21247586083628
4755,c,43.21247586083628,43.21247586083628
4756,c,43.21247586083628,43.21247586083628
4757,c,43.21247586083628,43.21247586083628
4758,na,3.7228027207355323,7.0294028354588605
4759,c,43.21247586083628,43.21247586083628
4760,c,43.21247586083628,43.21247586083628
4761,c,43.21247586083628,43.21247586083628
4762,c,43.21247586083628,43.21247586083628
4763,c,43.21247586083628,43.21247586083628
4764,c,43.21247586083628,43.21247586083628
4765,t,43.21247586083628,43.21247586083628
4766,c,43.21247586083628,43.21247586083628
4767,c,43.21247586083628,43.21247586083628
4768,t,43.21247586083628,43.21247586083628
4769,c,43.21247586083628,43.21247586083628
4770,c,43.21247586083628,43.21247586083628
4771,t,43.21247586083628,43.21247586083628
4772,c,43.21247586083628,43.21247586083628
4773,c,43.21247586083628,43.21247586083628
4774,c,43.21247586083628,43.21247586083628
4775,t,43.21247586083628,43.21247586083628
4776,c,43.21247586083628,43.21247586083628
4777,c,43.21247586083628,43.21247586083628
4778,c,43.21247586083628,43.21247586083628
4779,t,43.21247586083628,43.21247586083628
4780,c,43.21247586083628,43.21247586083628
4781,c,43.21247586083628,43.21247586083628
4782,t,43.21247586083628,43.21247586083628
4783,c,43.21247586083628,43.21247586083628
4784,c,43.21247586083628,43.21247586083628
4785,c,43.21247586083628,43.21247586083628
4786,t,43.21247586083628,43.21247586083628
4787,t,43.21247586083628,43.21247586083628
4788,c,43.21247586083628,43.21247586083628
4789,c,43.21247586083628,43.21247586083628
4790,c,43.21247586083628,43.21247586083628
4791,c,43.21247586083628,43.21247586083628
4792,c,43.21247586083628,43.21247586083628
4793,c,43.21247586083628,43.21247586083628
4794,c,43.21247586083628,43.21247586083628
4795,c,43.21247586083628,43.21247586083628
4796,c,43.21247586083628,43.21247586083628
4797,c,43.21247586083628,43.21247586083628
4798,c,43.21247586083628,43.21247586083628
4799,c,43.21247586083628,43.21247586083628
4800,c,43.21247586083628,43.21247586083628
4801,c,43.21247586083628,43.21247586083628
4802,na,-1,0
4803,t,43.21247586083628,43.21247586083628
4804,c,43.21247586083628,43.21247586083628
4805,c,43.21247586083628,43.21247586083628
4806,c,43.21247586083628,43.21247586083628
4807,c,43.21247586083628,43.21247586083628
4808,c,43.21247586083628,43.21247586083628
4809,c,43.21247586083628,43.21247586083628
4810,t,43.21247586083628,43.21247586083628
4811,c,43.21247586083628,43.21247586083628
4812,c,43.21247586083628,43.21247586083628
4813,c,43.21247586083628,43.21247586083628
4814,c,43.21247586083628,43.21247586083628
4815,t,43.21247586083628,43.21247586083628
4816,c,43.21247586083628,43.21247586083628
4817,c,43.21247586083628,43.21247586083628
4818,c,43.21247586083628,43.21247586083628
4819,c,43.21247586083628,43.21247586083628
4820,c,43.21247586083628,43.21247586083628
4821,t,43.21247586083628,43.21247586083628
4822,c,43.21247586083628,43.21247586083628
4823,t,43.21247586083628,43.21247586083628
4824,c,43.21247586083628,43.21247586083628
4825,t,43.21247586083628,43.21247586083628
4826,c,43.21247586083628,43.21247586083628
4827,t,43.21247586083628,43.21247586083628
4828,c,43.21247586083628,43.21247586083628
4829,c,9.824967845425682,14.136577735978888
4830,c,43.21247586083628,43.21247586083628
4831,c,43.21247586083628,43.21247586083628
4832,c,43.21247586083628,43.21247586083628
4833,t,43.21247586083628,43.21247586083628
4834,c,43.21247586083628,43.21247586083628
4835,c,43.21247586083628,43.21247586083628
4836,t,43.21247586083628,43.21247586083628
4837,c,43.21247586083628,43.21247586083628
4838,c,43.21247586083628,43.21247586083628
4839,c,43.21247586083628,43.21247586083628
4840,c,43.21247586083628,43.21247586083628
4841,c,43.21247586083628,43.21247586083628
4842,c,43.21247586083628,43.21247586083628
4843,c,43.21247586083628,43.21247586083628
4844,c,43.21247586083628,43.21247586083628
4845,t,43.21247586083628,43.21247586083628
4846,t,43.21247586083628,43.21247586083628
4847,c,43.21247586083628,43.21247586083628
4848,t,43.21247586083628,43.21247586083628
4849,c,43.21247586083628,43.21247586083628
4850,c,43.21247586083628,43.21247586083628
4851,c,43.21247586083628,43.21247586083628
4852,c,43.21247586083628,43.21247586083628
4853,t,43.21247586083628,43.21247586083628
4854,t,43.21247586083628,43.21247586083628
4855,c,43.21247586083628,43.21247586083628
4856,t,43.21247586083628,43.21247586083628
4857,c,43.21247586083628,43.21247586083628
4858,c,43.21247586083628,43.21247586083628
4859,c,43.21247586083628,43.21247586083628
4860,c,43.21247586083628,43.21247586083628
4861,t,43.21247586083628,43.21247586083628
4862,t,43.21247586083628,43.21247586083628
4863,t,43.21247586083628,43.21247586083628
4864,c,43.21247586083628,43.21247586083628
4865,c,43.21247586083628,43.21247586083628
4866,c,43.21247586083628,43.21247586083628
4867,t,43.21247586083628,43.21247586083628
4868,t,43.21247586083628,43.21247586083628
4869,c,43.21247586083628,43.21247586083628
4870,c,43.21247586083628,43.21247586083628
4871,c,43.21247586083628,43.21247586083628
4872,c,43.21247586083628,43.21247586083628
4873,c,43.21247586083628,43.21247586083628
4874,c,43.21247586083628,43.21247586083628
4875,c,43.21247586083628,43.21247586083628
4876,c,43.21247586083628,43.21247586083628
4877,c,43.21247586083628,43.21247586083628
4878,c,43.21247586083628,43.21247586083628
4879,t,43.21247586083628,43.21247586083628
4880,c,43.21247586083628,43.21247586083628
4881,c,43.21247586083628,43.21247586083628
4882,c,43.21247586083628,43.21247586083628
4883,t,43.21247586083628,43.21247586083628
4884,c,43.21247586083628,43.21247586083628
4885,c,43.21247586083628,43.21247586083628
4886,c,43.21247586083628,43.21247586083628
4887,c,43.21247586083628,43.21247586083628
4888,t,43.21247586083628,43.21247586083628
4889,t,43.21247586083628,43.21247586083628
4890,c,43.21247586083628,43.21247586083628
4891,t,43.21247586083628,43.21247586083628
4892,t,43.21247586083628,43.21247586083628
4893,c,43.21247586083628,43.21247586083628
4894,t,43.21247586083628,43.21247586083628
4895,c,6.082500621579042,10.084700278095788
4896,c,43.21247586083628,43.21247586083628
4897,c,43.21247586083628,43.21247586083628
4898,t,43.21247586083628,43.21247586083628
4899,c,43.21247586083628,43.21247586083628
4900,c,43.21247586083628,43.21247586083628
4901,c,43.21247586083628,43.21247586083628
4902,c,43.21247586083628,43.21247586083628
4903,c,43.21247586083628,43.21247586083628
4904,t,43.21247586083628,43.21247586083628
4905,c,43.21247586083628,43.21247586083628
4906,t,43.21247586083628,43.21247586083628
4907,c,43.21247586083628,43.21247586083628
4908,c,43.21247586083628,43.21247586083628
4909,c,43.21247586083628,43.21247586083628
4910,c,43.21247586083628,43.21247586083628
4911,c,43.21247586083628,43.21247586083628
4912,c,43.21247586083628,43.21247586083628
4913,c,43.21247586083628,43.21247586083628
4914,c,43.21247586083628,43.21247586083628
4915,c,43.21247586083628,43.21247586083628
4916,c,43.21247586083628,43.21247586083628
4917,c,43.21247586083628,43.21247586083628
4918,c,43.21247586083628,43.21247586083628
4919,c,43.21247586083628,43.21247586083628
4920,na,0.3128471795624408,1.243359337355731
4921,c,43.21247586083628,43.21247586083628
4922,c,43.21247586083628,43.21247586083628
4923,c,43.21247586083628,43.21247586083628
4924,c,43.21247586083628,43.21247586083628
4925,t,43.21247586083628,43.21247586083628
4926,c,43.21247586083628,43.21247586083628
4927,c,43.21247586083628,43.21247586083628
4928,na,0,0.5099559374848334
4929,t,43.21247586083628,43.21247586083628
4930,t,43.21247586083628,43.21247586083628
4931,c,43.21247586083628,43.21247586083628
4932,c,43.21247586083628,43.21247586083628
4933,c,43.21247586083628,43.21247586083628
4934,c,1.9458206783335465,4.631292982571625
4935,t,43.21247586083628,43.21247586083628
4936,c,43.21247586083628,43.21247586083628
4937,t,43.21247586083628,43.21247586083628
4938,c,43.21247586083628,43.21247586083628
4939,t,43.21247586083628,43.21247586083628
4940,c,43.21247586083628,43.21247586083628
4941,c,43.21247586083628,43.21247586083628
4942,c,43.21247586083628,43.21247586083628
4943,c,43.21247586083628,43.21247586083628
4944,t,43.21247586083628,43.21247586083628
4945,c,43.21247586083628,43.21247586083628
4946,c,43.21247586083628,43.21247586083628
4947,c,43.21247586083628,43.21247586083628
4948,c,43.21247586083628,43.21247586083628
4949,c,43.21247586083628,43.21247586083628
4950,t,43.21247586083628,43.21247586083628
4951,c,43.21247586083628,43.21247586083628
4952,c,43.21247586083628,43.21247586083628
4953,c,43.21247586083628,43.21247586083628
4954,t,43.21247586083628,43.21247586083628
4955,c,43.21247586083628,43.21247586083628
4956,c,5.0144906611890585,24.753217442872756
4957,c,43.21247586083628,43.21247586083628
4958,c,43.21247586083628,43.21247586083628
4959,c,43.21247586083628,43.21247586083628
4960,c,43.21247586083628,43.21247586083628
4961,c,43.21247586083628,43.21247586083628
4962,c,43.21247586083628,43.21247586083628
4963,c,43.21247586083628,43.21247586083628
4964,t,43.21247586083628,43.21247586083628
4965,c,43.21247586083628,43.21247586083628
4966,c,43.21247586083628,43.21247586083628
4967,c,43.21247586083628,43.21247586083628
4968,c,43.21247586083628,43.21247586083628
4969,c,43.21247586083628,43.21247586083628
4970,t,43.21247586083628,43.21247586083628
4971,c,43.21247586083628,43.21247586083628
4972,c,43.21247586083628,43.21247586083628
4973,c,43.21247586083628,43.21247586083628
4974,c,43.21247586083628,43.21247586083628
4975,c,43.21247586083628,43.21247586083628
4976,na,2.640523004854438,43.21247586083628
4977,c,43.21247586083628,43.21247586083628
4978,c,43.21247586083628,43.21247586083628
4979,c,43.21247586083628,43.21247586083628
4980,c,43.21247586083628,43.21247586083628
4981,c,43.21247586083628,43.21247586083628
4982,t,43.21247586083628,43.21247586083628
4983,c,43.21247586083628,43.21247586083628
4984,t,43.21247586083628,43.21247586083628
4985,c,43.21247586083628,43.21247586083628
4986,c,43.21247586083628,43.21247586083628
4987,c,43.21247586083628,43.21247586083628
4988,t,43.21247586083628,43.21247586083628
4989,c,14.476559915403183,18.925216270156255
4990,c,43.21247586083628,43.21247586083628
4991,c,43.21247586083628,43.21247586083628
4992,c,43.21247586083628,43.21247586083628
4993,t,43.21247586083628,43.21247586083628
4994,c,43.21247586083628,43.21247586083628
4995,c,43.21247586083628,43.21247586083628
4996,t,43.21247586083628,43.21247586083628
4997,c,43.21247586083628,43.21247586083628
4998,c,43.21247586083628,43.21247586083628
4999,c,43.21247586083628,43.21247586083628
5000,c,43.21247586083628,43.21247586083628
5001,na,0,5.958008970598053
5002,c,43.21247586083628,43.21247586083628
5003,c,43.21247586083628,43.21247586083628
5004,t,43.21247586083628,43.21247586083628
5005,c,43.21247586083628,43.21247586083628
5006,c,43.21247586083628,43.21247586083628
5007,c,43.21247586083628,43.21247586083628
5008,c,43.21247586083628,43.21247586083628
5009,c,43.21247586083628,43.21247586083628
5010,c,43.21247586083628,43.21247586083628
5011,t,43.21247586083628,43.21247586083628
5012,c,43.21247586083628,43.21247586083628
5013,c,43.21247586083628,43.21247586083628
5014,c,43.21247586083628,43.21247586083628
5015,c,43.21247586083628,43.21247586083628
5016,t,43.21247586083628,43.21247586083628
5017,t,43.21247586083628,43.21247586083628
5018,c,43.21247586083628,43.21247586083628
5019,t,43.21247586083628,43.21247586083628
5020,c,43.21247586083628,43.21247586083628
5021,c,43.21247586083628,43.21247586083628
5022,c,43.21247586083628,43.21247586083628
5023,c,43.21247586083628,43.21247586083628
5024,t,43.21247586083628,43.21247586083628
5025,c,43.21247586083628,43.21247586083628
5026,t,43.21247586083628,43.21247586083628
5027,c,43.21247586083628,43.21247586083628
5028,c,43.21247586083628,43.21247586083628
5029,c,43.21247586083628,43.21247586083628
5030,c,43.21247586083628,43.21247586083628
5031,c,43.21247586083628,43.21247586083628
5032,c,5.131450168879316,5.65492197896671
5033,c,43.21247586083628,43.21247586083628
5034,c,43.21247586083628,43.21247586083628
5035,c,43.21247586083628,43.21247586083628
5036,c,43.21247586083628,43.21247586083628
5037,t,43.21247586083628,43.21247586083628
5038,c,43.21247586083628,43.21247586083628
5039,c,43.21247586083628,43.21247586083628
5040,t,43.21247586083628,43.21247586083628
5041,c,43.21247586083628,43.21247586083628
5042,c,43.21247586083628,43.21247586083628
5043,c,43.21247586083628,43.21247586083628
5044,t,43.21247586083628,43.21247586083628
5045,t,43.21247586083628,43.21247586083628
5046,t,43.21247586083628,43.21247586083628
5047,t,43.21247586083628,43.21247586083628
5048,c,43.21247586083628,43.21247586083628
5049,t,43.21247586083628,43.21247586083628
5050,t,43.21247586083628,43.21247586083628
5051,c,43.21247586083628,43.21247586083628
5052,c,43.21247586083628,43.21247586083628
5053,c,43.21247586083628,43.21247586083628
5054,c,43.21247586083628,43.21247586083628
5055,c,43.21247586083628,43.21247586083628
5056,c,43.21247586083628,43.21247586083628
5057,c,43.21247586083628,43.21247586083628
5058,c,43.21247586083628,43.21247586083628
5059,c,43.21247586083628,43.21247586083628
5060,t,43.21247586083628,43.21247586083628
5061,c,43.21247586083628,43.21247586083628
5062,c,43.21247586083628,43.21247586083628
5063,c,43.21247586083628,43.21247586083628
5064,c,43.21247586083628,43.21247586083628
5065,c,43.21247586083628,43.21247586083628
5066,c,43.21247586083628,43.21247586083628
5067,c,43.21247586083628,43.21247586083628
5068,c,43.21247586083628,43.21247586083628
5069,c,43.21247586083628,43.21247586083628
5070,c,43.21247586083628,43.21247586083628
5071,c,43.21247586083628,43.21247586083628
5072,c,43.21247586083628,43.21247586083628
5073,t,43.21247586083628,43.21247586083628
5074,c,43.21247586083628,43.21247586083628
5075,c,43.21247586083628,43.21247586083628
5076,c,43.21247586083628,43.21247586083628
5077,c,43.21247586083628,43.21247586083628
5078,c,43.21247586083628,43.21247586083628
5079,c,43.21247586083628,43.21247586083628
5080,c,7.1264900711029115,12.787389167180617
5081,c,3.1185545804984307,9.282426329664476
5082,c,43.21247586083628,43.21247586083628
5083,c,43.21247586083628,43.21247586083628
5084,t,43.21247586083628,43.21247586083628
5085,t,43.21247586083628,43.21247586083628
5086,c,43.21247586083628,43.21247586083628
5087,c,43.21247586083628,43.21247586083628
5088,t,43.21247586083628,43.21247586083628
5089,c,43.21247586083628,43.21247586083628
5090,c,43.21247586083628,43.21247586083628
5091,c,43.21247586083628,43.21247586083628
5092,c,43.21247586083628,43.21247586083628
5093,t,43.21247586083628,43.21247586083628
5094,t,43.21247586083628,43.21247586083628
5095,c,43.21247586083628,43.21247586083628
5096,c,43.21247586083628,43.21247586083628
5097,c,43.21247586083628,43.21247586083628
5098,c,43.21247586083628,43.21247586083628
5099,c,43.21247586083628,43.21247586083628
5100,c,43.21247586083628,43.21247586083628
5101,c,43.21247586083628,43.21247586083628
5102,t,43.21247586083628,43.21247586083628
5103,c,43.21247586083628,43.21247586083628
5104,c,43.21247586083628,43.21247586083628
5105,c,43.21247586083628,43.21247586083628
5106,c,43.21247586083628,43.21247586083628
5107,t,43.21247586083628,43.21247586083628
5108,t,43.21247586083628,43.21247586083628
5109,c,43.21247586083628,43.21247586083628
5110,c,43.21247586083628,43.21247586083628
5111,c,43.21247586083628,43.21247586083628
5112,c,43.21247586083628,43.21247586083628
5113,c,43.21247586083628,43.21247586083628
5114,c,43.21247586083628,43.21247586083628
5115,t,43.21247586083628,43.21247586083628
5116,t,43.21247586083628,43.21247586083628
5117,c,43.21247586083628,43.21247586083628
5118,c,43.21247586083628,43.21247586083628
5119,t,43.21247586083628,43.21247586083628
5120,c,43.21247586083628,43.21247586083628
5121,c,43.21247586083628,43.21247586083628
5122,c,43.21247586083628,43.21247586083628
5123,c,43.21247586083628,43.21247586083628
5124,c,43.21247586083628,43.21247586083628
5125,c,11.363999449511802,12.532758376267944
5126,t,43.21247586083628,43.21247586083628
5127,c,43.21247586083628,43.21247586083628
5128,c,43.21247586083628,43.21247586083628
5129,c,43.21247586083628,43.21247586083628
5130,c,43.21247586083628,43.21247586083628
5131,c,43.21247586083628,43.21247586083628
5132,c,43.21247586083628,43.21247586083628
5133,c,43.21247586083628,43.21247586083628
5134,t,43.21247586083628,43.21247586083628
5135,c,43.21247586083628,43.21247586083628
5136,c,43.21247586083628,43.21247586083628
5137,c,43.21247586083628,43.21247586083628
5138,c,43.21247586083628,43.21247586083628
5139,c,43.21247586083628,43.21247586083628
5140,c,43.21247586083628,43.21247586083628
5141,c,43.21247586083628,43.21247586083628
5142,c,43.21247586083628,43.21247586083628
5143,na,-1,0
5144,c,43.21247586083628,43.21247586083628
5145,c,43.21247586083628,43.21247586083628
5146,c,43.21247586083628,43.21247586083628
5147,na,2.774527302529419,3.264544476800143
5148,c,43.21247586083628,43.21247586083628
5149,c,43.21247586083628,43.21247586083628
5150,c,43.21247586083628,43.21247586083628
5151,c,43.21247586083628,43.21247586083628
5152,c,43.21247586083628,43.21247586083628
5153,c,43.21247586083628,43.21247586083628
5154,t,43.21247586083628,43.21247586083628
5155,c,43.21247586083628,43.21247586083628
5156,c,43.21247586083628,43.21247586083628
5157,c,43.21247586083628,43.21247586083628
5158,c,43.21247586083628,43.21247586083628
5159,c,43.21247586083628,43.21247586083628
5160,c,43.21247586083628,43.21247586083628
5161,t,43.21247586083628,43.21247586083628
5162,t,43.21247586083628,43.21247586083628
5163,t,43.21247586083628,43.21247586083628
5164,c,43.21247586083628,43.21247586083628
5165,c,43.21247586083628,43.21247586083628
5166,c,43.21247586083628,43.21247586083628
5167,c,43.21247586083628,43.21247586083628
5168,t,43.21247586083628,43.21247586083628
5169,c,43.21247586083628,43.21247586083628
5170,c,43.21247586083628,43.21247586083628
5171,c,43.21247586083628,43.21247586083628
5172,c,43.21247586083628,43.21247586083628
5173,c,43.21247586083628,43.21247586083628
5174,t,43.21247586083628,43.21247586083628
5175,c,43.21247586083628,43.21247586083628
5176,c,43.21247586083628,43.21247586083628
5177,c,43.21247586083628,43.21247586083628
5178,c,43.21247586083628,43.21247586083628
5179,c,43.21247586083628,43.21247586083628
5180,c,43.21247586083628,43.21247586083628
5181,c,43.21247586083628,43.21247586083628
5182,c,43.21247586083628,43.21247586083628
5183,c,43.21247586083628,43.21247586083628
5184,c,43.21247586083628,43.21247586083628
5185,c,43.21247586083628,43.21247586083628
5186,c,43.21247586083628,43.21247586083628
5187,c,43.21247586083628,43.21247586083628
5188,c,43.21247586083628,43.21247586083628
5189,c,43.21247586083628,43.21247586083628
5190,c,43.21247586083628,43.21247586083628
5191,c,43.21247586083628,43.21247586083628
5192,c,43.21247586083628,43.21247586083628
5193,t,43.21247586083628,43.21247586083628
5194,t,43.21247586083628,43.21247586083628
5195,c,43.21247586083628,43.21247586083628
5196,c,43.21247586083628,43.21247586083628
5197,c,43.21247586083628,43.21247586083628
5198,c,43.21247586083628,43.21247586083628
5199,c,8.049336616232997,13.249781076415209
5200,c,43.21247586083628,43.21247586083628
5201,c,43.21247586083628,43.21247586083628
5202,c,43.21247586083628,43.21247586083628
5203,c,15.985841565677282,16.261013924686313
5204,c,43.21247586083628,43.21247586083628
5205,c,43.21247586083628,43.21247586083628
5206,c,43.21247586083628,43.21247586083628
5207,c,43.21247586083628,43.21247586083628
5208,c,43.21247586083628,43.21247586083628
5209,t,43.21247586083628,43.21247586083628
5210,c,43.21247586083628,43.21247586083628
5211,t,43.21247586083628,43.21247586083628
5212,c,43.21247586083628,43.21247586083628
5213,c,43.21247586083628,43.21247586083628
5214,c,43.21247586083628,43.21247586083628
5215,t,43.21247586083628,43.21247586083628
5216,t,43.21247586083628,43.21247586083628
5217,c,43.21247586083628,43.21247586083628
5218,t,43.21247586083628,43.21247586083628
5219,c,43.21247586083628,43.21247586083628
5220,c,43.21247586083628,43.21247586083628
5221,c,43.21247586083628,43.21247586083628
5222,c,43.21247586083628,43.21247586083628
5223,c,43.21247586083628,43.21247586083628
5224,t,43.21247586083628,43.21247586083628
5225,c,43.21247586083628,43.21247586083628
5226,c,43.21247586083628,43.21247586083628
5227,t,43.21247586083628,43.21247586083628
5228,c,43.21247586083628,43.21247586083628
5229,c,43.21247586083628,43.21247586083628
5230,t,43.21247586083628,43.21247586083628
5231,c,43.21247586083628,43.21247586083628
5232,t,43.21247586083628,43.21247586083628
5233,c,43.21247586083628,43.21247586083628
5234,c,43.21247586083628,43.21247586083628
5235,c,43.21247586083628,43.21247586083628
5236,t,43.21247586083628,43.21247586083628
5237,c,43.21247586083628,43.21247586083628
5238,c,43.21247586083628,43.21247586083628
5239,t,43.21247586083628,43.21247586083628
5240,c,43.21247586083628,43.21247586083628
5241,c,43.21247586083628,43.21247586083628
5242,c,43.21247586083628,43.21247586083628
5243,c,43.21247586083628,43.21247586083628
5244,c,43.21247586083628,43.21247586083628
5245,c,43.21247586083628,43.21247586083628
5246,c,43.21247586083628,43.21247586083628
5247,c,43.21247586083628,43.21247586083628
5248,c,43.21247586083628,43.21247586083628
5249,t,43.21247586083628,43.21247586083628
5250,c,43.21247586083628,43.21247586083628
5251,c,43.21247586083628,43.21247586083628
5252,t,43.21247586083628,43.21247586083628
5253,c,43.21247586083628,43.21247586083628
5254,c,43.21247586083628,43.21247586083628
5255,c,43.21247586083628,43.21247586083628
5256,c,43.21247586083628,43.21247586083628
5257,c,43.21247586083628,43.21247586083628
5258,c,43.21247586083628,43.21247586083628
5259,t,43.21247586083628,43.21247586083628
5260,c,2.5007097303620807,9.910984249301661
5261,c,43.21247586083628,43.21247586083628
5262,t,43.21247586083628,43.21247586083628
5263,t,43.21247586083628,43.21247586083628
5264,c,43.21247586083628,43.21247586083628
5265,c,43.21247586083628,43.21247586083628
5266,c,43.21247586083628,43.21247586083628
5267,c,43.21247586083628,43.21247586083628
5268,t,43.21247586083628,43.21247586083628
5269,t,43.21247586083628,43.21247586083628
5270,c,43.21247586083628,43.21247586083628
5271,c,43.21247586083628,43.21247586083628
5272,c,43.21247586083628,43.21247586083628
5273,c,43.21247586083628,43.21247586083628
5274,t,43.21247586083628,43.21247586083628
5275,c,43.21247586083628,43.21247586083628
5276,c,43.21247586083628,43.21247586083628
5277,c,43.21247586083628,43.21247586083628
5278,t,43.21247586083628,43.21247586083628
5279,c,43.21247586083628,43.21247586083628
5280,c,43.21247586083628,43.21247586083628
5281,c,43.21247586083628,43.21247586083628
5282,c,43.21247586083628,43.21247586083628
5283,c,43.21247586083628,43.21247586083628
5284,c,43.21247586083628,43.21247586083628
5285,c,43.21247586083628,43.21247586083628
5286,c,43.21247586083628,43.21247586083628
5287,c,43.21247586083628,43.21247586083628
5288,c,43.21247586083628,43.21247586083628
5289,c,43.21247586083628,43.21247586083628
5290,c,43.21247586083628,43.21247586083628
5291,c,43.21247586083628,43.21247586083628
5292,t,43.21247586083628,43.21247586083628
5293,t,43.21247586083628,43.21247586083628
5294,t,43.21247586083628,43.21247586083628
5295,t,43.21247586083628,43.21247586083628
5296,t,43.21247586083628,43.21247586083628
5297,c,43.21247586083628,43.21247586083628
5298,c,43.21247586083628,43.21247586083628
5299,c,43.21247586083628,43.21247586083628
5300,c,43.21247586083628,43.21247586083628
5301,c,43.21247586083628,43.21247586083628
5302,c,43.21247586083628,43.21247586083628
5303,c,43.21247586083628,43.21247586083628
5304,t,43.21247586083628,43.21247586083628
5305,t,43.21247586083628,43.21247586083628
5306,c,43.21247586083628,43.21247586083628
5307,c,43.21247586083628,43.21247586083628
5308,c,43.21247586083628,43.21247586083628
5309,c,43.21247586083628,43.21247586083628
5310,c,43.21247586083628,43.21247586083628
5311,c,43.21247586083628,43.21247586083628
5312,t,43.21247586083628,43.21247586083628
5313,c,43.21247586083628,43.21247586083628
5314,c,43.21247586083628,43.21247586083628
5315,c,43.21247586083628,43.21247586083628
5316,c,43.21247586083628,43.21247586083628
5317,t,43.21247586083628,43.21247586083628
5318,c,43.21247586083628,43.21247586083628
5319,t,43.21247586083628,43.21247586083628
5320,na,0,1.1951671890345874
5321,t,43.21247586083628,43.21247586083628
5322,c,43.21247586083628,43.21247586083628
5323,t,43.21247586083628,43.21247586083628
5324,c,43.21247586083628,43.21247586083628
5325,c,11.625378766549638,12.42402301848073
5326,c,43.21247586083628,43.21247586083628
5327,c,43.21247586083628,43.21247586083628
5328,c,43.21247586083628,43.21247586083628
5329,t,43.21247586083628,43.21247586083628
5330,c,43.21247586083628,43.21247586083628
5331,c,43.21247586083628,43.21247586083628
5332,c,43.21247586083628,43.21247586083628
5333,c,43.21247586083628,43.21247586083628
5334,c,43.21247586083628,43.21247586083628
5335,c,43.21247586083628,43.21247586083628
5336,c,43.21247586083628,43.21247586083628
5337,t,43.21247586083628,43.21247586083628
5338,c,43.21247586083628,43.21247586083628
5339,c,43.21247586083628,43.21247586083628
5340,c,43.21247586083628,43.21247586083628
5341,c,43.21247586083628,43.21247586083628
5342,c,43.21247586083628,43.21247586083628
5343,c,43.21247586083628,43.21247586083628
5344,c,43.21247586083628,43.21247586083628
5345,c,43.21247586083628,43.21247586083628
5346,c,43.21247586083628,43.21247586083628
5347,c,43.21247586083628,43.21247586083628
5348,c,43.21247586083628,43.21247586083628
5349,c,4.966756127292904,43.21247586083628
5350,t,43.21247586083628,43.21247586083628
5351,c,43.21247586083628,43.21247586083628
5352,t,43.21247586083628,43.21247586083628
5353,c,43.21247586083628,43.21247586083628
5354,c,43.21247586083628,43.21247586083628
5355,c,43.21247586083628,43.21247586083628
5356,c,43.21247586083628,43.21247586083628
5357,c,43.21247586083628,43.21247586083628
5358,c,43.21247586083628,43.21247586083628
5359,t,43.21247586083628,43.21247586083628
5360,c,43.21247586083628,43.21247586083628
5361,t,43.21247586083628,43.21247586083628
5362,c,43.21247586083628,43.21247586083628
5363,c,43.21247586083628,43.21247586083628
5364,c,43.21247586083628,43.21247586083628
5365,c,43.21247586083628,43.21247586083628
5366,c,43.21247586083628,43.21247586083628
5367,c,43.21247586083628,43.21247586083628
5368,c,43.21247586083628,43.21247586083628
5369,c,43.21247586083628,43.21247586083628
5370,c,43.21247586083628,43.21247586083628
5371,c,43.21247586083628,43.21247586083628
5372,c,43.21247586083628,43.21247586083628
5373,t,43.21247586083628,43.21247586083628
5374,c,43.21247586083628,43.21247586083628
5375,c,43.21247586083628,43.21247586083628
5376,t,43.21247586083628,43.21247586083628
5377,c,43.21247586083628,43.21247586083628
5378,c,43.21247586083628,43.21247586083628
5379,c,43.21247586083628,43.21247586083628
5380,t,43.21247586083628,43.21247586083628
5381,c,43.21247586083628,43.21247586083628
5382,c,11.505579057817656,43.21247586083628
5383,c,43.21247586083628,43.21247586083628
5384,c,43.21247586083628,43.21247586083628
5385,t,43.21247586083628,43.21247586083628
5386,c,43.21247586083628,43.21247586083628
5387,c,43.21247586083628,43.21247586083628
5388,c,43.21247586083628,43.21247586083628
5389,c,43.21247586083628,43.21247586083628
5390,c,43.21247586083628,43.21247586083628
5391,c,43.21247586083628,43.21247586083628
5392,na,0,6.196856753085657
5393,c,43.21247586083628,43.21247586083628
5394,t,43.21247586083628,43.21247586083628
5395,t,43.21247586083628,43.21247586083628
5396,c,43.21247586083628,43.21247586083628
5397,c,43.21247586083628,43.21247586083628
5398,c,43.21247586083628,43.21247586083628
5399,c,43.21247586083628,43.21247586083628
5400,c,43.21247586083628,43.21247586083628
5401,na,0,2.3760242381649217
5402,t,43.21247586083628,43.21247586083628
5403,c,43.21247586083628,43.21247586083628
5404,c,43.21247586083628,43.21247586083628
5405,t,43.21247586083628,43.21247586083628
5406,c,43.21247586083628,43.21247586083628
5407,t,43.21247586083628,43.21247586083628
5408,c,43.21247586083628,43.21247586083628
5409,c,43.21247586083628,43.21247586083628
5410,c,43.21247586083628,43.21247586083628
5411,c,43.21247586083628,43.21247586083628
5412,c,43.21247586083628,43.21247586083628
5413,c,43.21247586083628,43.21247586083628
5414,t,43.21247586083628,43.21247586083628
5415,t,43.21247586083628,43.21247586083628
5416,c,43.21247586083628,43.21247586083628
5417,c,43.21247586083628,43.21247586083628
5418,t,43.21247586083628,43.21247586083628
5419,c,43.21247586083628,43.21247586083628
5420,c,43.21247586083628,43.21247586083628
5421,t,43.21247586083628,43.21247586083628
5422,c,43.21247586083628,43.21247586083628
5423,c,43.21247586083628,43.21247586083628
5424,c,43.21247586083628,43.21247586083628
5425,t,43.21247586083628,43.21247586083628
5426,c,43.21247586083628,43.21247586083628
5427,c,43.21247586083628,43.21247586083628
5428,c,43.21247586083628,43.21247586083628
5429,t,43.21247586083628,43.21247586083628
5430,t,43.21247586083628,43.21247586083628
5431,c,43.21247586083628,43.21247586083628
5432,c,43.21247586083628,43.21247586083628
5433,c,43.21247586083628,43.21247586083628
5434,t,43.21247586083628,43.21247586083628
5435,c,43.21247586083628,43.21247586083628
5436,t,43.21247586083628,43.21247586083628
5437,c,43.21247586083628,43.21247586083628
5438,c,43.21247586083628,43.21247586083628
5439,c,43.21247586083628,43.21247586083628
5440,t,43.21247586083628,43.21247586083628
5441,c,43.21247586083628,43.21247586083628
5442,c,43.21247586083628,43.21247586083628
5443,c,43.21247586083628,43.21247586083628
5444,c,43.21247586083628,43.21247586083628
5445,c,43.21247586083628,43.21247586083628
5446,c,43.21247586083628,43.21247586083628
5447,na,0,6.9477543914540405
5448,c,43.21247586083628,43.21247586083628
5449,c,43.21247586083628,43.21247586083628
5450,t,43.21247586083628,43.21247586083628
5451,t,43.21247586083628,43.21247586083628
5452,c,43.21247586083628,43.21247586083628
5453,c,43.21247586083628,43.21247586083628
5454,t,43.21247586083628,43.21247586083628
5455,c,43.21247586083628,43.21247586083628
5456,na,-1,0
5457,t,43.21247586083628,43.21247586083628
5458,c,43.21247586083628,43.21247586083628
5459,c,43.21247586083628,43.21247586083628
5460,t,43.21247586083628,43.21247586083628
5461,c,43.21247586083628,43.21247586083628
5462,c,43.21247586083628,43.21247586083628
5463,c,43.21247586083628,43.21247586083628
5464,c,43.21247586083628,43.21247586083628
5465,c,43.21247586083628,43.21247586083628
5466,c,43.21247586083628,43.21247586083628
5467,c,5.082131720871114,12.615990948371902
5468,c,43.21247586083628,43.21247586083628
5469,c,43.21247586083628,43.21247586083628
5470,c,43.21247586083628,43.21247586083628
5471,c,43.21247586083628,43.21247586083628
5472,c,43.21247586083628,43.21247586083628
5473,c,43.21247586083628,43.21247586083628
5474,t,43.21247586083628,43.21247586083628
5475,c,43.21247586083628,43.21247586083628
5476,c,43.21247586083628,43.21247586083628
5477,c,43.21247586083628,43.21247586083628
5478,c,43.21247586083628,43.21247586083628
5479,c,43.21247586083628,43.21247586083628
5480,c,43.21247586083628,43.21247586083628
5481,c,43.21247586083628,43.21247586083628
5482,t,43.21247586083628,43.21247586083628
5483,c,43.21247586083628,43.21247586083628
5484,c,43.21247586083628,43.21247586083628
5485,c,43.21247586083628,43.21247586083628
5486,t,43.21247586083628,43.21247586083628
5487,c,43.21247586083628,43.21247586083628
5488,c,43.21247586083628,43.21247586083628
5489,c,43.21247586083628,43.21247586083628
5490,t,43.21247586083628,43.21247586083628
5491,c,43.21247586083628,43.21247586083628
5492,c,43.21247586083628,43.21247586083628
5493,t,43.21247586083628,43.21247586083628
5494,c,43.21247586083628,43.21247586083628
5495,c,43.21247586083628,43.21247586083628
5496,c,43.21247586083628,43.21247586083628
5497,c,43.21247586083628,43.21247586083628
5498,c,25.011450508303938,43.21247586083628
5499,c,43.21247586083628,43.21247586083628
5500,c,43.21247586083628,43.21247586083628
5501,t,43.21247586083628,43.21247586083628
5502,c,43.21247586083628,43.21247586083628
5503,c,43.21247586083628,43.21247586083628
5504,c,43.21247586083628,43.21247586083628
5505,c,43.21247586083628,43.21247586083628
5506,c,43.21247586083628,43.21247586083628
5507,c,43.21247586083628,43.21247586083628
5508,c,12.576601057751846,15.70185380417572
5509,c,43.21247586083628,43.21247586083628
5510,c,43.21247586083628,43.21247586083628
5511,c,43.21247586083628,43.21247586083628
5512,c,43.21247586083628,43.21247586083628
5513,c,43.21247586083628,43.21247586083628
5514,t,43.21247586083628,43.21247586083628
5515,c,43.21247586083628,43.21247586083628
5516,c,43.21247586083628,43.21247586083628
5517,c,6.59499124501979,9.715524339034335
5518,c,43.21247586083628,43.21247586083628
5519,c,43.21247586083628,43.21247586083628
5520,c,43.21247586083628,43.21247586083628
5521,c,43.21247586083628,43.21247586083628
5522,c,43.21247586083628,43.21247586083628
5523,c,43.21247586083628,43.21247586083628
5524,t,43.21247586083628,43.21247586083628
5525,c,43.21247586083628,43.21247586083628
5526,c,43.21247586083628,43.21247586083628
5527,c,43.21247586083628,43.21247586083628
5528,c,43.21247586083628,43.21247586083628
5529,c,43.21247586083628,43.21247586083628
5530,c,43.21247586083628,43.21247586083628
5531,c,43.21247586083628,43.21247586083628
5532,c,43.21247586083628,43.21247586083628
5533,c,43.21247586083628,43.21247586083628
5534,c,43.21247586083628,43.21247586083628
5535,t,43.21247586083628,43.21247586083628
5536,c,43.21247586083628,43.21247586083628
5537,t,43.21247586083628,43.21247586083628
5538,c,43.21247586083628,43.21247586083628
5539,c,43.21247586083628,43.21247586083628
5540,c,43.21247586083628,43.21247586083628
5541,c,43.21247586083628,43.21247586083628
5542,c,8.84145392585891,43.21247586083628
5543,t,43.21247586083628,43.21247586083628
5544,t,43.21247586083628,43.21247586083628
5545,na,6.023170433692507,6.663332434693782
5546,c,43.21247586083628,43.21247586083628
5547,t,43.21247586083628,43.21247586083628
5548,c,43.21247586083628,43.21247586083628
5549,t,43.21247586083628,43.21247586083628
5550,t,43.21247586083628,43.21247586083628
5551,c,43.21247586083628,43.21247586083628
5552,c,43.21247586083628,43.21247586083628
5553,t,43.21247586083628,43.21247586083628
5554,c,43.21247586083628,43.21247586083628
5555,c,43.21247586083628,43.21247586083628
5556,c,43.21247586083628,43.21247586083628
5557,t,43.21247586083628,43.21247586083628
5558,t,43.21247586083628,43.21247586083628
5559,c,43.21247586083628,43.21247586083628
5560,c,43.21247586083628,43.21247586083628
5561,c,43.21247586083628,43.21247586083628
5562,c,43.21247586083628,43.21247586083628
5563,c,43.21247586083628,43.21247586083628
5564,c,43.21247586083628,43.21247586083628
5565,c,43.21247586083628,43.21247586083628
5566,c,43.21247586083628,43.21247586083628
5567,c,43.21247586083628,43.21247586083628
5568,c,43.21247586083628,43.21247586083628
5569,c,43.21247586083628,43.21247586083628
5570,t,43.21247586083628,43.21247586083628
5571,t,43.21247586083628,43.21247586083628
5572,c,43.21247586083628,43.21247586083628
5573,c,43.21247586083628,43.21247586083628
5574,c,43.21247586083628,43.21247586083628
5575,t,43.21247586083628,43.21247586083628
5576,c,43.21247586083628,43.21247586083628
5577,c,43.21247586083628,43.21247586083628
5578,t,43.21247586083628,43.21247586083628
5579,c,43.21247586083628,43.21247586083628
5580,t,43.21247586083628,43.21247586083628
5581,t,43.21247586083628,43.21247586083628
5582,c,43.21247586083628,43.21247586083628
5583,t,43.21247586083628,43.21247586083628
5584,c,43.21247586083628,43.21247586083628
5585,c,43.21247586083628,43.21247586083628
5586,c,43.21247586083628,43.21247586083628
5587,c,43.21247586083628,43.21247586083628
5588,c,43.21247586083628,43.21247586083628
5589,c,43.21247586083628,43.21247586083628
5590,c,43.21247586083628,43.21247586083628
5591,c,43.21247586083628,43.21247586083628
5592,c,43.21247586083628,43.21247586083628
5593,c,43.21247586083628,43.21247586083628
5594,c,43.21247586083628,43.21247586083628
5595,c,43.21247586083628,43.21247586083628
5596,c,43.21247586083628,43.21247586083628
5597,c,3.413586245478525,5.234635039283369
5598,c,43.21247586083628,43.21247586083628
5599,c,43.21247586083628,43.21247586083628
5600,t,43.21247586083628,43.21247586083628
5601,c,43.21247586083628,43.21247586083628
5602,c,43.21247586083628,43.21247586083628
5603,c,43.21247586083628,43.21247586083628
5604,t,43.21247586083628,43.21247586083628
5605,c,43.21247586083628,43.21247586083628
5606,c,43.21247586083628,43.21247586083628
5607,c,43.21247586083628,43.21247586083628
5608,c,43.21247586083628,43.21247586083628
5609,t,43.21247586083628,43.21247586083628
5610,c,43.21247586083628,43.21247586083628
5611,c,43.21247586083628,43.21247586083628
5612,c,43.21247586083628,43.21247586083628
5613,t,43.21247586083628,43.21247586083628
5614,c,43.21247586083628,43.21247586083628
5615,t,43.21247586083628,43.21247586083628
5616,c,43.21247586083628,43.21247586083628
5617,c,43.21247586083628,43.21247586083628
5618,t,43.21247586083628,43.21247586083628
5619,c,43.21247586083628,43.21247586083628
5620,c,43.21247586083628,43.21247586083628
5621,c,43.21247586083628,43.21247586083628
5622,c,43.21247586083628,43.21247586083628
5623,c,43.21247586083628,43.21247586083628
5624,c,43.21247586083628,43.21247586083628
5625,c,43.21247586083628,43.21247586083628
5626,c,43.21247586083628,43.21247586083628
5627,t,43.21247586083628,43.21247586083628
5628,c,43.21247586083628,43.21247586083628
5629,c,43.21247586083628,43.21247586083628
5630,c,43.21247586083628,43.21247586083628
5631,c,43.21247586083628,43.21247586083628
5632,t,43.21247586083628,43.21247586083628
5633,c,43.21247586083628,43.21247586083628
5634,c,43.21247586083628,43.21247586083628
5635,t,43.21247586083628,43.21247586083628
5636,t,43.21247586083628,43.21247586083628
5637,c,43.21247586083628,43.21247586083628
5638,c,43.21247586083628,43.21247586083628
5639,c,43.21247586083628,43.21247586083628
5640,c,43.21247586083628,43.21247586083628
5641,t,43.21247586083628,43.21247586083628
5642,c,43.21247586083628,43.21247586083628
5643,c,43.21247586083628,43.21247586083628
5644,c,11.177158083095609,17.514332639221994
5645,c,43.21247586083628,43.21247586083628
5646,c,43.21247586083628,43.21247586083628
5647,c,43.21247586083628,43.21247586083628
5648,c,43.21247586083628,43.21247586083628
5649,c,43.21247586083628,43.21247586083628
5650,c,43.21247586083628,43.21247586083628
5651,c,43.21247586083628,43.21247586083628
5652,c,43.21247586083628,43.21247586083628
5653,t,43.21247586083628,43.21247586083628
5654,t,43.21247586083628,43.21247586083628
5655,c,43.21247586083628,43.21247586083628
5656,c,43.21247586083628,43.21247586083628
5657,c,43.21247586083628,43.21247586083628
5658,c,43.21247586083628,43.21247586083628
5659,c,43.21247586083628,43.21247586083628
5660,c,43.21247586083628,43.21247586083628
5661,c,43.21247586083628,43.21247586083628
5662,c,43.21247586083628,43.21247586083628
5663,t,43.21247586083628,43.21247586083628
5664,na,0.4994738443788708,2.5734646100251166
5665,c,43.21247586083628,43.21247586083628
5666,c,43.21247586083628,43.21247586083628
5667,c,43.21247586083628,43.21247586083628
5668,c,43.21247586083628,43.21247586083628
5669,t,43.21247586083628,43.21247586083628
5670,c,43.21247586083628,43.21247586083628
5671,c,43.21247586083628,43.21247586083628
5672,c,43.21247586083628,43.21247586083628
5673,c,43.21247586083628,43.21247586083628
5674,c,43.21247586083628,43.21247586083628
5675,t,43.21247586083628,43.21247586083628
5676,c,43.21247586083628,43.21247586083628
5677,t,43.21247586083628,43.21247586083628
5678,c,43.21247586083628,43.21247586083628
5679,c,43.21247586083628,43.21247586083628
5680,c,43.21247586083628,43.21247586083628
5681,c,43.21247586083628,43.21247586083628
5682,c,43.21247586083628,43.21247586083628
5683,c,43.21247586083628,43.21247586083628
5684,c,43.21247586083628,43.21247586083628
5685,c,43.21247586083628,43.21247586083628
5686,c,43.21247586083628,43.21247586083628
5687,c,43.21247586083628,43.21247586083628
5688,c,43.21247586083628,43.21247586083628
5689,c,43.21247586083628,43.21247586083628
5690,c,43.21247586083628,43.21247586083628
5691,c,43.21247586083628,43.21247586083628
5692,c,43.21247586083628,43.21247586083628
5693,c,43.21247586083628,43.21247586083628
5694,t,43.21247586083628,43.21247586083628
5695,c,43.21247586083628,43.21247586083628
5696,c,43.21247586083628,43.21247586083628
5697,c,43.21247586083628,43.21247586083628
5698,t,43.21247586083628,43.21247586083628
5699,na,0,10.191029073338836
5700,c,43.21247586083628,43.21247586083628
5701,c,43.21247586083628,43.21247586083628
5702,c,43.21247586083628,43.21247586083628
5703,c,43.21247586083628,43.21247586083628
5704,t,43.21247586083628,43.21247586083628
5705,c,43.21247586083628,43.21247586083628
5706,t,43.21247586083628,43.21247586083628
5707,t,43.21247586083628,43.21247586083628
5708,c,43.21247586083628,43.21247586083628
5709,c,43.21247586083628,43.21247586083628
5710,c,43.21247586083628,43.21247586083628
5711,t,43.21247586083628,43.21247586083628
5712,t,43.21247586083628,43.21247586083628
5713,c,43.21247586083628,43.21247586083628
5714,c,43.21247586083628,43.21247586083628
5715,t,43.21247586083628,43.21247586083628
5716,c,43.21247586083628,43.21247586083628
5717,c,43.21247586083628,43.21247586083628
5718,c,43.21247586083628,43.21247586083628
5719,c,43.21247586083628,43.21247586083628
5720,c,43.21247586083628,43.21247586083628
5721,c,43.21247586083628,43.21247586083628
5722,t,43.21247586083628,43.21247586083628
5723,c,43.21247586083628,43.21247586083628
5724,c,43.21247586083628,43.21247586083628
5725,t,43.21247586083628,43.21247586083628
5726,t,43.21247586083628,43.21247586083628
5727,c,43.21247586083628,43.21247586083628
5728,t,43.21247586083628,43.21247586083628
5729,t,43.21247586083628,43.21247586083628
5730,c,43.21247586083628,43.21247586083628
5731,c,43.21247586083628,43.21247586083628
5732,c,43.21247586083628,43.21247586083628
5733,t,43.21247586083628,43.21247586083628
5734,t,43.21247586083628,43.21247586083628
5735,c,43.21247586083628,43.21247586083628
5736,c,43.21247586083628,43.21247586083628
5737,c,43.21247586083628,43.21247586083628
5738,c,43.21247586083628,43.21247586083628
5739,t,43.21247586083628,43.21247586083628
5740,c,43.21247586083628,43.21247586083628
5741,c,43.21247586083628,43.21247586083628
5742,c,43.21247586083628,43.21247586083628
5743,c,43.21247586083628,43.21247586083628
5744,c,43.21247586083628,43.21247586083628
5745,c,43.21247586083628,43.21247586083628
5746,c,4.1752527910367006,10.309922914643156
5747,c,43.21247586083628,43.21247586083628
5748,c,43.21247586083628,43.21247586083628
5749,c,43.21247586083628,43.21247586083628
5750,c,43.21247586083628,43.21247586083628
5751,t,43.21247586083628,43.21247586083628
5752,t,43.21247586083628,43.21247586083628
5753,t,43.21247586083628,43.21247586083628
5754,t,43.21247586083628,43.21247586083628
5755,c,43.21247586083628,43.21247586083628
5756,c,43.21247586083628,43.21247586083628
5757,c,43.21247586083628,43.21247586083628
5758,c,43.21247586083628,43.21247586083628
5759,t,43.21247586083628,43.21247586083628
5760,t,43.21247586083628,43.21247586083628
5761,c,43.21247586083628,43.21247586083628
5762,c,43.21247586083628,43.21247586083628
5763,c,43.21247586083628,43.21247586083628
5764,na,-1,0
5765,c,43.21247586083628,43.21247586083628
5766,c,43.21247586083628,43.21247586083628
5767,t,43.21247586083628,43.21247586083628
5768,c,43.21247586083628,43.21247586083628
5769,c,43.21247586083628,43.21247586083628
5770,c,43.21247586083628,43.21247586083628
5771,c,43.21247586083628,43.21247586083628
5772,c,43.21247586083628,43.21247586083628
5773,c,43.21247586083628,43.21247586083628
5774,c,43.21247586083628,43.21247586083628
5775,c,43.21247586083628,43.21247586083628
5776,c,43.21247586083628,43.21247586083628
5777,c,43.21247586083628,43.21247586083628
5778,c,43.21247586083628,43.21247586083628
5779,c,43.21247586083628,43.21247586083628
5780,c,9.246492716594593,17.659444050562662
5781,c,43.21247586083628,43.21247586083628
5782,c,43.21247586083628,43.21247586083628
5783,c,43.21247586083628,43.21247586083628
5784,c,43.21247586083628,43.21247586083628
5785,c,43.21247586083628,43.21247586083628
5786,c,43.21247586083628,43.21247586083628
5787,c,43.21247586083628,43.21247586083628
5788,t,43.21247586083628,43.21247586083628
5789,t,43.21247586083628,43.21247586083628
5790,t,43.21247586083628,43.21247586083628
5791,c,43.21247586083628,43.21247586083628
5792,c,43.21247586083628,43.21247586083628
5793,c,43.21247586083628,43.21247586083628
5794,c,43.21247586083628,43.21247586083628
5795,c,43.21247586083628,43.21247586083628
5796,c,43.21247586083628,43.21247586083628
5797,c,43.21247586083628,43.21247586083628
5798,c,43.21247586083628,43.21247586083628
5799,c,43.21247586083628,43.21247586083628
5800,c,43.21247586083628,43.21247586083628
5801,c,43.21247586083628,43.21247586083628
5802,c,43.21247586083628,43.21247586083628
5803,t,43.21247586083628,43.21247586083628
5804,c,43.21247586083628,43.21247586083628
5805,t,43.21247586083628,43.21247586083628
5806,t,43.21247586083628,43.21247586083628
5807,c,43.21247586083628,43.21247586083628
5808,c,43.21247586083628,43.21247586083628
5809,t,43.21247586083628,43.21247586083628
5810,c,43.21247586083628,43.21247586083628
5811,t,43.21247586083628,43.21247586083628
5812,c,43.21247586083628,43.21247586083628
5813,c,43.21247586083628,43.21247586083628
5814,t,43.21247586083628,43.21247586083628
5815,c,43.21247586083628,43.21247586083628
5816,c,43.21247586083628,43.21247586083628
5817,c,43.21247586083628,43.21247586083628
5818,t,43.21247586083628,43.21247586083628
5819,c,43.21247586083628,43.21247586083628
5820,t,43.21247586083628,43.21247586083628
5821,c,43.21247586083628,43.21247586083628
5822,t,43.21247586083628,43.21247586083628
5823,c,43.21247586083628,43.21247586083628
5824,c,43.21247586083628,43.21247586083628
5825,c,43.21247586083628,43.21247586083628
5826,c,43.21247586083628,43.21247586083628
5827,t,43.21247586083628,43.21247586083628
5828,t,43.21247586083628,43.21247586083628
5829,c,43.21247586083628,43.21247586083628
5830,c,43.21247586083628,43.21247586083628
5831,c,43.21247586083628,43.21247586083628
5832,c,43.21247586083628,43.21247586083628
5833,c,43.21247586083628,43.21247586083628
5834,c,43.21247586083628,43.21247586083628
5835,c,43.21247586083628,43.21247586083628
5836,c,43.21247586083628,43.21247586083628
5837,c,43.21247586083628,43.21247586083628
5838,t,43.21247586083628,43.21247586083628
5839,c,43.21247586083628,43.21247586083628
5840,c,43.21247586083628,43.21247586083628
5841,t,43.21247586083628,43.21247586083628
5842,c,43.21247586083628,43.21247586083628
5843,c,43.21247586083628,43.21247586083628
5844,c,43.21247586083628,43.21247586083628
5845,c,43.21247586083628,43.21247586083628
5846,c,43.21247586083628,43.21247586083628
5847,c,43.21247586083628,43.21247586083628
5848,c,43.21247586083628,43.21247586083628
5849,c,43.21247586083628,43.21247586083628
5850,c,43.21247586083628,43.21247586083628
5851,c,43.21247586083628,43.21247586083628
5852,t,43.21247586083628,43.21247586083628
5853,c,43.21247586083628,43.21247586083628
5854,c,43.21247586083628,43.21247586083628
5855,c,43.21247586083628,43.21247586083628
5856,t,43.21247586083628,43.21247586083628
5857,c,43.21247586083628,43.21247586083628
5858,c,43.21247586083628,43.21247586083628
5859,c,43.21247586083628,43.21247586083628
5860,t,43.21247586083628,43.21247586083628
5861,t,43.21247586083628,43.21247586083628
5862,c,43.21247586083628,43.21247586083628
5863,c,43.21247586083628,43.21247586083628
5864,c,43.21247586083628,43.21247586083628
5865,c,43.21247586083628,43.21247586083628
5866,c,43.21247586083628,43.21247586083628
5867,c,43.21247586083628,43.21247586083628
5868,c,43.21247586083628,43.21247586083628
5869,t,43.21247586083628,43.21247586083628
5870,c,43.21247586083628,43.21247586083628
5871,c,43.21247586083628,43.21247586083628
5872,c,43.21247586083628,43.21247586083628
5873,c,43.21247586083628,43.21247586083628
5874,t,43.21247586083628,43.21247586083628
5875,c,43.21247586083628,43.21247586083628
5876,c,43.21247586083628,43.21247586083628
5877,c,43.21247586083628,43.21247586083628
5878,c,43.21247586083628,43.21247586083628
5879,c,43.21247586083628,43.21247586083628
5880,t,43.21247586083628,43.21247586083628
5881,c,43.21247586083628,43.21247586083628
5882,na,0,3.7536014026582563
5883,c,43.21247586083628,43.21247586083628
5884,c,43.21247586083628,43.21247586083628
5885,c,43.21247586083628,43.21247586083628
5886,c,43.21247586083628,43.21247586083628
5887,c,43.21247586083628,43.21247586083628
5888,t,43.21247586083628,43.21247586083628
5889,t,43.21247586083628,43.21247586083628
5890,c,43.21247586083628,43.21247586083628
5891,c,43.21247586083628,43.21247586083628
5892,c,43.21247586083628,43.21247586083628
5893,t,43.21247586083628,43.21247586083628
5894,c,43.21247586083628,43.21247586083628
5895,c,43.21247586083628,43.21247586083628
5896,c,43.21247586083628,43.21247586083628
5897,c,43.21247586083628,43.21247586083628
5898,c,43.21247586083628,43.21247586083628
5899,c,43.21247586083628,43.21247586083628
5900,t,43.21247586083628,43.21247586083628
5901,t,43.21247586083628,43.21247586083628
5902,c,43.21247586083628,43.21247586083628
5903,t,43.21247586083628,43.21247586083628
5904,c,43.21247586083628,43.21247586083628
5905,c,43.21247586083628,43.21247586083628
5906,c,43.21247586083628,43.21247586083628
5907,c,43.21247586083628,43.21247586083628
5908,c,43.21247586083628,43.21247586083628
5909,c,43.21247586083628,43.21247586083628
5910,c,43.21247586083628,43.21247586083628
5911,t,43.21247586083628,43.21247586083628
5912,c,43.21247586083628,43.21247586083628
5913,c,43.21247586083628,43.21247586083628
5914,na,0,7.473682310499334
5915,c,43.21247586083628,43.21247586083628
5916,c,43.21247586083628,43.21247586083628
5917,t,43.21247586083628,43.21247586083628
5918,c,43.21247586083628,43.21247586083628
5919,t,43.21247586083628,43.21247586083628
5920,c,43.21247586083628,43.21247586083628
5921,c,43.21247586083628,43.21247586083628
5922,c,43.21247586083628,43.21247586083628
5923,c,43.21247586083628,43.21247586083628
5924,c,43.21247586083628,43.21247586083628
5925,t,43.21247586083628,43.21247586083628
5926,c,43.21247586083628,43.21247586083628
5927,c,43.21247586083628,43.21247586083628
5928,c,43.21247586083628,43.21247586083628
5929,c,43.21247586083628,43.21247586083628
5930,c,43.21247586083628,43.21247586083628
5931,c,43.21247586083628,43.21247586083628
5932,c,43.21247586083628,43.21247586083628
5933,c,43.21247586083628,43.21247586083628
5934,c,43.21247586083628,43.21247586083628
5935,c,43.21247586083628,43.21247586083628
5936,c,43.21247586083628,43.21247586083628
5937,t,43.21247586083628,43.21247586083628
5938,c,43.21247586083628,43.21247586083628
5939,c,43.21247586083628,43.21247586083628
5940,c,43.21247586083628,43.21247586083628
5941,c,43.21247586083628,43.21247586083628
5942,c,43.21247586083628,43.21247586083628
5943,c,43.21247586083628,43.21247586083628
5944,c,43.21247586083628,43.21247586083628
5945,t,43.21247586083628,43.21247586083628
5946,t,43.21247586083628,43.21247586083628
5947,c,43.21247586083628,43.21247586083628
5948,c,43.21247586083628,43.21247586083628
5949,c,43.21247586083628,43.21247586083628
5950,c,43.21247586083628,43.21247586083628
5951,c,43.21247586083628,43.21247586083628
5952,c,43.21247586083628,43.21247586083628
5953,c,43.21247586083628,43.21247586083628
5954,c,43.21247586083628,43.21247586083628
5955,c,43.21247586083628,43.21247586083628
5956,c,43.21247586083628,43.21247586083628
5957,t,43.21247586083628,43.21247586083628
5958,c,43.21247586083628,43.21247586083628
5959,t,43.21247586083628,43.21247586083628
5960,c,43.21247586083628,43.21247586083628
5961,c,43.21247586083628,43.21247586083628
5962,c,43.21247586083628,43.21247586083628
5963,c,43.21247586083628,43.21247586083628
5964,c,43.21247586083628,43.21247586083628
5965,c,43.21247586083628,43.21247586083628
5966,c,43.21247586083628,43.21247586083628
5967,c,43.21247586083628,43.21247586083628
5968,c,43.21247586083628,43.21247586083628
5969,t,43.21247586083628,43.21247586083628
5970,c,43.21247586083628,43.21247586083628
5971,c,43.21247586083628,43.21247586083628
5972,c,43.21247586083628,43.21247586083628
5973,c,43.21247586083628,43.21247586083628
5974,c,43.21247586083628,43.21247586083628
5975,c,43.21247586083628,43.21247586083628
5976,c,43.21247586083628,43.21247586083628
5977,c,43.21247586083628,43.21247586083628
5978,c,18.359916337011256,18.572804122335157
5979,c,43.21247586083628,43.21247586083628
5980,c,43.21247586083628,43.21247586083628
5981,c,43.21247586083628,43.21247586083628
5982,t,43.21247586083628,43.21247586083628
5983,c,43.21247586083628,43.21247586083628
5984,c,43.21247586083628,43.21247586083628
5985,c,43.21247586083628,43.21247586083628
5986,c,43.21247586083628,43.21247586083628
5987,t,43.21247586083628,43.21247586083628
5988,na,-1,0
5989,c,43.21247586083628,43.21247586083628
5990,t,43.21247586083628,43.21247586083628
5991,c,43.21247586083628,43.21247586083628
5992,c,43.21247586083628,43.21247586083628
5993,c,43.21247586083628,43.21247586083628
5994,c,43.21247586083628,43.21247586083628
5995,c,43.21247586083628,43.21247586083628
5996,c,43.21247586083628,43.21247586083628
5997,c,43.21247586083628,43.21247586083628
5998,c,13.743244288524973,43.21247586083628
5999,c,43.21247586083628,43.21247586083628
6000,t,43.21247586083628,43.21247586083628
6001,c,43.21247586083628,43.21247586083628
6002,c,43.21247586083628,43.21247586083628
6003,c,43.21247586083628,43.21247586083628
6004,c,43.21247586083628,43.21247586083628
6005,c,8.776104219694803,23.798441787404855
6006,c,43.21247586083628,43.21247586083628
6007,c,43.21247586083628,43.21247586083628
6008,c,43.21247586083628,43.21247586083628
6009,na,0.1602154959531435,3.4921433075797927
6010,c,43.21247586083628,43.21247586083628
6011,t,43.21247586083628,43.21247586083628
6012,c,43.21247586083628,43.21247586083628
6013,c,43.21247586083628,43.21247586083628
6014,c,43.21247586083628,43.21247586083628
6015,c,43.21247586083628,43.21247586083628
6016,c,43.21247586083628,43.21247586083628
6017,c,43.21247586083628,43.21247586083628
6018,c,43.21247586083628,43.21247586083628
6019,t,43.21247586083628,43.21247586083628
6020,t,43.21247586083628,43.21247586083628
6021,c,43.21247586083628,43.21247586083628
6022,c,43.21247586083628,43.21247586083628
6023,t,43.21247586083628,43.21247586083628
6024,c,43.21247586083628,43.21247586083628
6025,c,43.21247586083628,43.21247586083628
6026,c,43.21247586083628,43.21247586083628
6027,c,43.21247586083628,43.21247586083628
6028,c,43.21247586083628,43.21247586083628
6029,c,43.21247586083628,43.21247586083628
6030,c,43.21247586083628,43.21247586083628
6031,c,43.21247586083628,43.21247586083628
6032,c,43.21247586083628,43.21247586083628
6033,t,43.21247586083628,43.21247586083628
6034,c,43.21247586083628,43.21247586083628
6035,t,43.21247586083628,43.21247586083628
6036,c,43.21247586083628,43.21247586083628
6037,c,43.21247586083628,43.21247586083628
6038,c,43.21247586083628,43.21247586083628
6039,c,43.21247586083628,43.21247586083628
6040,c,43.21247586083628,43.21247586083628
6041,c,43.21247586083628,43.21247586083628
6042,c,43.21247586083628,43.21247586083628
6043,c,43.21247586083628,43.21247586083628
6044,t,43.21247586083628,43.21247586083628
6045,c,43.21247586083628,43.21247586083628
6046,c,43.21247586083628,43.21247586083628
6047,c,43.21247586083628,43.21247586083628
6048,c,43.21247586083628,43.21247586083628
6049,c,43.21247586083628,43.21247586083628
6050,c,43.21247586083628,43.21247586083628
6051,c,43.21247586083628,43.21247586083628
6052,c,43.21247586083628,43.21247586083628
6053,c,43.21247586083628,43.21247586083628
6054,c,43.21247586083628,43.21247586083628
6055,c,43.21247586083628,43.21247586083628
6056,c,43.21247586083628,43.21247586083628
6057,na,-1,0
6058,c,43.21247586083628,43.21247586083628
6059,c,28.020047309222615,29.108626976896392
6060,t,43.21247586083628,43.21247586083628
6061,t,43.21247586083628,43.21247586083628
6062,c,43.21247586083628,43.21247586083628
6063,c,43.21247586083628,43.21247586083628
6064,c,43.21247586083628,43.21247586083628
6065,c,43.21247586083628,43.21247586083628
6066,c,43.21247586083628,43.21247586083628
6067,t,43.21247586083628,43.21247586083628
6068,c,43.21247586083628,43.21247586083628
6069,c,43.21247586083628,43.21247586083628
6070,c,43.21247586083628,43.21247586083628
6071,c,1.8350535204682437,9.491543035275411
6072,c,43.21247586083628,43.21247586083628
6073,t,43.21247586083628,43.21247586083628
6074,c,43.21247586083628,43.21247586083628
6075,c,43.21247586083628,43.21247586083628
6076,c,43.21247586083628,43.21247586083628
6077,c,43.21247586083628,43.21247586083628
6078,c,43.21247586083628,43.21247586083628
6079,c,43.21247586083628,43.21247586083628
6080,c,43.21247586083628,43.21247586083628
6081,c,6.8928300778420555,19.734320755546676
6082,c,43.21247586083628,43.21247586083628
6083,c,43.21247586083628,43.21247586083628
6084,c,43.21247586083628,43.21247586083628
6085,c,6.07172280500441,13.25337690653456
6086,t,43.21247586083628,43.21247586083628
6087,c,43.21247586083628,43.21247586083628
6088,na,0.6812154695221903,43.21247586083628
6089,t,43.21247586083628,43.21247586083628
6090,c,43.21247586083628,43.21247586083628
6091,c,43.21247586083628,43.21247586083628
6092,c,43.21247586083628,43.21247586083628
6093,c,43.21247586083628,43.21247586083628
6094,c,43.21247586083628,43.21247586083628
6095,c,43.21247586083628,43.21247586083628
6096,c,43.21247586083628,43.21247586083628
6097,c,43.21247586083628,43.21247586083628
6098,c,43.21247586083628,43.21247586083628
6099,t,43.21247586083628,43.21247586083628
6100,c,43.21247586083628,43.21247586083628
6101,t,43.21247586083628,43.21247586083628
6102,c,43.21247586083628,43.21247586083628
6103,c,43.21247586083628,43.21247586083628
6104,c,43.21247586083628,43.21247586083628
6105,c,43.21247586083628,43.21247586083628
6106,c,43.21247586083628,43.21247586083628
6107,c,10.271522824943826,15.134589484347224
6108,c,43.21247586083628,43.21247586083628
6109,c,43.21247586083628,43.21247586083628
6110,t,43.21247586083628,43.21247586083628
6111,c,43.21247586083628,43.21247586083628
6112,c,43.21247586083628,43.21247586083628
6113,t,43.21247586083628,43.21247586083628
6114,c,43.21247586083628,43.21247586083628
6115,t,43.21247586083628,43.21247586083628
6116,c,43.21247586083628,43.21247586083628
6117,c,43.21247586083628,43.21247586083628
6118,t,43.21247586083628,43.21247586083628
6119,c,43.21247586083628,43.21247586083628
6120,c,43.21247586083628,43.21247586083628
6121,c,43.21247586083628,43.21247586083628
6122,t,43.21247586083628,43.21247586083628
6123,c,43.21247586083628,43.21247586083628
6124,c,43.21247586083628,43.21247586083628
6125,t,43.21247586083628,43.21247586083628
6126,c,43.21247586083628,43.21247586083628
6127,c,43.21247586083628,43.21247586083628
6128,c,43.21247586083628,43.21247586083628
6129,c,43.21247586083628,43.21247586083628
6130,c,43.21247586083628,43.21247586083628
6131,c,43.21247586083628,43.21247586083628
6132,t,43.21247586083628,43.21247586083628
6133,t,43.21247586083628,43.21247586083628
6134,c,43.21247586083628,43.21247586083628
6135,c,43.21247586083628,43.21247586083628
6136,c,43.21247586083628,43.21247586083628
6137,c,43.21247586083628,43.21247586083628
6138,c,43.21247586083628,43.21247586083628
6139,c,43.21247586083628,43.21247586083628
6140,c,43.21247586083628,43.21247586083628
6141,t,43.21247586083628,43.21247586083628
6142,c,43.21247586083628,43.21247586083628
6143,c,43.21247586083628,43.21247586083628
6144,c,43.21247586083628,43.21247586083628
6145,t,43.21247586083628,43.21247586083628
6146,c,43.21247586083628,43.21247586083628
6147,c,43.21247586083628,43.21247586083628
6148,c,43.21247586083628,43.21247586083628
6149,c,43.21247586083628,43.21247586083628
6150,c,43.21247586083628,43.21247586083628
6151,t,43.21247586083628,43.21247586083628
6152,c,43.21247586083628,43.21247586083628
6153,c,43.21247586083628,43.21247586083628
6154,t,43.21247586083628,43.21247586083628
6155,c,43.21247586083628,43.21247586083628
6156,c,43.21247586083628,43.21247586083628
6157,c,43.21247586083628,43.21247586083628
6158,c,43.21247586083628,43.21247586083628
6159,c,43.21247586083628,43.21247586083628
6160,c,43.21247586083628,43.21247586083628
6161,t,43.21247586083628,43.21247586083628
6162,c,43.21247586083628,43.21247586083628
6163,t,43.21247586083628,43.21247586083628
6164,c,43.21247586083628,43.21247586083628
6165,t,43.21247586083628,43.21247586083628
6166,c,43.21247586083628,43.21247586083628
6167,t,43.21247586083628,43.21247586083628
6168,t,43.21247586083628,43.21247586083628
6169,c,43.21247586083628,43.21247586083628
6170,c,43.21247586083628,43.21247586083628
6171,c,43.21247586083628,43.21247586083628
6172,c,43.21247586083628,43.21247586083628
6173,c,43.21247586083628,43.21247586083628
6174,c,43.21247586083628,43.21247586083628
6175,c,43.21247586083628,43.21247586083628
6176,c,43.21247586083628,43.21247586083628
6177,c,43.21247586083628,43.21247586083628
6178,t,43.21247586083628,43.21247586083628
6179,t,43.21247586083628,43.21247586083628
6180,c,43.21247586083628,43.21247586083628
6181,c,43.21247586083628,43.21247586083628
6182,t,43.21247586083628,43.21247586083628
6183,c,43.21247586083628,43.21247586083628
6184,c,43.21247586083628,43.21247586083628
6185,t,43.21247586083628,43.21247586083628
6186,c,43.21247586083628,43.21247586083628
6187,c,43.21247586083628,43.21247586083628
6188,c,43.21247586083628,43.21247586083628
6189,c,43.21247586083628,43.21247586083628
6190,c,43.21247586083628,43.21247586083628
6191,c,43.21247586083628,43.21247586083628
6192,t,43.21247586083628,43.21247586083628
6193,t,43.21247586083628,43.21247586083628
6194,c,43.21247586083628,43.21247586083628
6195,c,43.21247586083628,43.21247586083628
6196,c,43.21247586083628,43.21247586083628
6197,t,43.21247586083628,43.21247586083628
6198,c,43.21247586083628,43.21247586083628
6199,t,43.21247586083628,43.21247586083628
6200,t,43.21247586083628,43.21247586083628
6201,c,43.21247586083628,43.21247586083628
6202,c,43.21247586083628,43.21247586083628
6203,c,43.21247586083628,43.21247586083628
6204,c,43.21247586083628,43.21247586083628
6205,t,43.21247586083628,43.21247586083628
6206,c,43.21247586083628,43.21247586083628
6207,c,43.21247586083628,43.21247586083628
6208,t,43.21247586083628,43.21247586083628
6209,c,43.21247586083628,43.21247586083628
6210,c,43.21247586083628,43.21247586083628
6211,c,43.21247586083628,43.21247586083628
6212,c,43.21247586083628,43.21247586083628
6213,c,43.21247586083628,43.21247586083628
6214,c,43.21247586083628,43.21247586083628
6215,c,43.21247586083628,43.21247586083628
6216,c,43.21247586083628,43.21247586083628
6217,t,43.21247586083628,43.21247586083628
6218,c,43.21247586083628,43.21247586083628
6219,c,43.21247586083628,43.21247586083628
6220,c,43.21247586083628,43.21247586083628
6221,t,43.21247586083628,43.21247586083628
6222,c,43.21247586083628,43.21247586083628
6223,c,43.21247586083628,43.21247586083628
6224,c,43.21247586083628,43.21247586083628
6225,c,43.21247586083628,43.21247586083628
6226,c,43.21247586083628,43.21247586083628
6227,c,43.21247586083628,43.21247586083628
6228,c,43.21247586083628,43.21247586083628
6229,c,43.21247586083628,43.21247586083628
6230,t,43.21247586083628,43.21247586083628
6231,c,43.21247586083628,43.21247586083628
6232,c,43.21247586083628,43.21247586083628
6233,t,43.21247586083628,43.21247586083628
6234,c,43.21247586083628,43.21247586083628
6235,c,11.45647693389367,43.21247586083628
6236,c,43.21247586083628,43.21247586083628
6237,c,43.21247586083628,43.21247586083628
6238,c,43.21247586083628,43.21247586083628
6239,c,43.21247586083628,43.21247586083628
6240,c,43.21247586083628,43.21247586083628
6241,c,43.21247586083628,43.21247586083628
6242,c,43.21247586083628,43.21247586083628
6243,c,43.21247586083628,43.21247586083628
6244,c,43.21247586083628,43.21247586083628
6245,t,43.21247586083628,43.21247586083628
6246,c,43.21247586083628,43.21247586083628
6247,c,43.21247586083628,43.21247586083628
6248,c,43.21247586083628,43.21247586083628
6249,c,43.21247586083628,43.21247586083628
6250,t,43.21247586083628,43.21247586083628
6251,c,43.21247586083628,43.21247586083628
6252,na,2.1073207245617422,4.715052239335445
6253,c,43.21247586083628,43.21247586083628
6254,c,43.21247586083628,43.21247586083628
6255,c,43.21247586083628,43.21247586083628
6256,c,43.21247586083628,43.21247586083628
6257,c,43.21247586083628,43.21247586083628
6258,t,43.21247586083628,43.21247586083628
6259,c,6.863664097491391,14.205217733777216
6260,c,43.21247586083628,43.21247586083628
6261,c,43.21247586083628,43.21247586083628
6262,t,43.21247586083628,43.21247586083628
6263,c,43.21247586083628,43.21247586083628
6264,c,43.21247586083628,43.21247586083628
6265,c,43.21247586083628,43.21247586083628
6266,c,43.21247586083628,43.21247586083628
6267,c,43.21247586083628,43.21247586083628
6268,c,43.21247586083628,43.21247586083628
6269,c,43.21247586083628,43.21247586083628
6270,c,43.21247586083628,43.21247586083628
6271,t,43.21247586083628,43.21247586083628
6272,c,43.21247586083628,43.21247586083628
6273,t,43.21247586083628,43.21247586083628
6274,t,43.21247586083628,43.21247586083628
6275,c,43.21247586083628,43.21247586083628
6276,c,43.21247586083628,43.21247586083628
6277,t,43.21247586083628,43.21247586083628
6278,c,43.21247586083628,43.21247586083628
6279,c,14.16798020098627,20.405757289891458
6280,c,43.21247586083628,43.21247586083628
6281,c,43.21247586083628,43.21247586083628
6282,c,43.21247586083628,43.21247586083628
6283,c,43.21247586083628,43.21247586083628
6284,c,43.21247586083628,43.21247586083628
6285,t,43.21247586083628,43.21247586083628
6286,c,43.21247586083628,43.21247586083628
6287,c,43.21247586083628,43.21247586083628
6288,na,-1,0
6289,c,43.21247586083628,43.21247586083628
6290,c,43.21247586083628,43.21247586083628
6291,t,43.21247586083628,43.21247586083628
6292,c,43.21247586083628,43.21247586083628
6293,c,43.21247586083628,43.21247586083628
6294,c,43.21247586083628,43.21247586083628
6295,c,43.21247586083628,43.21247586083628
6296,c,43.21247586083628,43.21247586083628
6297,c,43.21247586083628,43.21247586083628
6298,na,3.4850459915095495,8.546056019876401
6299,c,43.21247586083628,43.21247586083628
6300,t,43.21247586083628,43.21247586083628
6301,c,43.21247586083628,43.21247586083628
6302,c,43.21247586083628,43.21247586083628
6303,c,43.21247586083628,43.21247586083628
6304,c,43.21247586083628,43.21247586083628
6305,c,43.21247586083628,43.21247586083628
6306,c,43.21247586083628,43.21247586083628
6307,c,43.21247586083628,43.21247586083628
6308,na,5.049452244398028,21.26629910355214
6309,c,43.21247586083628,43.21247586083628
6310,t,43.21247586083628,43.21247586083628
6311,c,43.21247586083628,43.21247586083628
6312,c,43.21247586083628,43.21247586083628
6313,c,43.21247586083628,43.21247586083628
6314,c,43.21247586083628,43.21247586083628
6315,c,43.21247586083628,43.21247586083628
6316,c,43.21247586083628,43.21247586083628
6317,c,43.21247586083628,43.21247586083628
6318,na,1.5454930316903843,1.5523471428968914
6319,c,43.21247586083628,43.21247586083628
6320,t,43.21247586083628,43.21247586083628
6321,na,0.913329643623291,2.5020077037782347
6322,c,43.21247586083628,43.21247586083628
6323,c,43.21247586083628,43.21247586083628
6324,c,43.21247586083628,43.21247586083628
6325,t,43.21247586083628,43.21247586083628
6326,c,43.21247586083628,43.21247586083628
6327,t,43.21247586083628,43.21247586083628
6328,t,43.21247586083628,43.21247586083628
6329,c,43.21247586083628,43.21247586083628
6330,c,43.21247586083628,43.21247586083628
6331,c,43.21247586083628,43.21247586083628
6332,t,43.21247586083628,43.21247586083628
6333,c,43.21247586083628,43.21247586083628
6334,c,43.21247586083628,43.21247586083628
6335,c,31.573071935367377,33.59490465631638
6336,c,43.21247586083628,43.21247586083628
6337,c,43.21247586083628,43.21247586083628
6338,c,43.21247586083628,43.21247586083628
6339,t,43.21247586083628,43.21247586083628
6340,c,43.21247586083628,43.21247586083628
6341,c,43.21247586083628,43.21247586083628
6342,c,43.21247586083628,43.21247586083628
6343,c,43.21247586083628,43.21247586083628
6344,c,43.21247586083628,43.21247586083628
6345,c,43.21247586083628,43.21247586083628
6346,c,43.21247586083628,43.21247586083628
6347,c,43.21247586083628,43.21247586083628
6348,c,43.21247586083628,43.21247586083628
6349,t,43.21247586083628,43.21247586083628
6350,c,43.21247586083628,43.21247586083628
6351,t,43.21247586083628,43.21247586083628
6352,c,43.21247586083628,43.21247586083628
6353,c,43.21247586083628,43.21247586083628
6354,c,43.21247586083628,43.21247586083628
6355,c,43.21247586083628,43.21247586083628
6356,c,43.21247586083628,43.21247586083628
6357,t,43.21247586083628,43.21247586083628
6358,c,43.21247586083628,43.21247586083628
6359,c,43.21247586083628,43.21247586083628
6360,c,43.21247586083628,43.21247586083628
6361,c,43.21247586083628,43.21247586083628
6362,c,43.21247586083628,43.21247586083628
6363,c,43.21247586083628,43.21247586083628
6364,c,43.21247586083628,43.21247586083628
6365,t,43.21247586083628,43.21247586083628
6366,c,8.962506605411713,43.21247586083628
6367,c,43.21247586083628,43.21247586083628
6368,c,43.21247586083628,43.21247586083628
6369,t,43.21247586083628,43.21247586083628
6370,c,43.21247586083628,43.21247586083628
6371,c,43.21247586083628,43.21247586083628
6372,t,43.21247586083628,43.21247586083628
6373,c,43.21247586083628,43.21247586083628
6374,c,43.21247586083628,43.21247586083628
6375,c,43.21247586083628,43.21247586083628
6376,c,43.21247586083628,43.21247586083628
6377,c,43.21247586083628,43.21247586083628
6378,c,43.21247586083628,43.21247586083628
6379,c,43.21247586083628,43.21247586083628
6380,c,43.21247586083628,43.21247586083628
6381,c,43.21247586083628,43.21247586083628
6382,t,43.21247586083628,43.21247586083628
6383,t,43.21247586083628,43.21247586083628
6384,c,43.21247586083628,43.21247586083628
6385,c,43.21247586083628,43.21247586083628
6386,c,43.21247586083628,43.21247586083628
6387,t,43.21247586083628,43.21247586083628
6388,c,43.21247586083628,43.21247586083628
6389,c,43.21247586083628,43.21247586083628
6390,c,43.21247586083628,43.21247586083628
6391,c,43.21247586083628,43.21247586083628
6392,c,43.21247586083628,43.21247586083628
6393,c,43.21247586083628,43.21247586083628
6394,c,43.21247586083628,43.21247586083628
6395,c,43.21247586083628,43.21247586083628
6396,c,43.21247586083628,43.21247586083628
6397,c,43.21247586083628,43.21247586083628
6398,c,43.21247586083628,43.21247586083628
6399,c,43.21247586083628,43.21247586083628
6400,c,43.21247586083628,43.21247586083628
6401,c,43.21247586083628,43.21247586083628
6402,c,43.21247586083628,43.21247586083628
6403,c,43.21247586083628,43.21247586083628
6404,c,43.21247586083628,43.21247586083628
6405,c,43.21247586083628,43.21247586083628
6406,c,43.21247586083628,43.21247586083628
6407,t,43.21247586083628,43.21247586083628
6408,c,43.21247586083628,43.21247586083628
6409,c,43.21247586083628,43.21247586083628
6410,t,43.21247586083628,43.21247586083628
6411,na,0.39889847957306057,15.600207307972276
6412,c,43.21247586083628,43.21247586083628
6413,c,43.21247586083628,43.21247586083628
6414,t,43.21247586083628,43.21247586083628
6415,c,43.21247586083628,43.21247586083628
6416,c,43.21247586083628,43.21247586083628
6417,c,43.21247586083628,43.21247586083628
6418,c,43.21247586083628,43.21247586083628
6419,t,43.21247586083628,43.21247586083628
6420,c,43.21247586083628,43.21247586083628
6421,t,43.21247586083628,43.21247586083628
6422,c,43.21247586083628,43.21247586083628
6423,c,43.21247586083628,43.21247586083628
6424,c,43.21247586083628,43.21247586083628
6425,c,43.21247586083628,43.21247586083628
6426,c,43.21247586083628,43.21247586083628
6427,c,43.21247586083628,43.21247586083628
6428,c,43.21247586083628,43.21247586083628
6429,c,43.21247586083628,43.21247586083628
6430,c,43.21247586083628,43.21247586083628
6431,c,43.21247586083628,43.21247586083628
6432,c,43.21247586083628,43.21247586083628
6433,c,43.21247586083628,43.21247586083628
6434,c,43.21247586083628,43.21247586083628
6435,c,43.21247586083628,43.21247586083628
6436,t,43.21247586083628,43.21247586083628
6437,c,43.21247586083628,43.21247586083628
6438,c,43.21247586083628,43.21247586083628
6439,c,43.21247586083628,43.21247586083628
6440,c,43.21247586083628,43.21247586083628
6441,c,43.21247586083628,43.21247586083628
6442,c,43.21247586083628,43.21247586083628
6443,c,43.21247586083628,43.21247586083628
6444,c,43.21247586083628,43.21247586083628
6445,c,43.21247586083628,43.21247586083628
6446,c,43.21247586083628,43.21247586083628
6447,t,43.21247586083628,43.21247586083628
6448,c,43.21247586083628,43.21247586083628
6449,c,43.21247586083628,43.21247586083628
6450,c,14.500115702766108,14.953966564870214
6451,c,43.21247586083628,43.21247586083628
6452,c,43.21247586083628,43.21247586083628
6453,c,43.21247586083628,43.21247586083628
6454,c,43.21247586083628,43.21247586083628
6455,c,43.21247586083628,43.21247586083628
6456,c,43.21247586083628,43.21247586083628
6457,c,13.78277115274184,23.848552468030476
6458,c,43.21247586083628,43.21247586083628
6459,c,43.21247586083628,43.21247586083628
6460,c,43.21247586083628,43.21247586083628
6461,c,43.21247586083628,43.21247586083628
6462,c,43.21247586083628,43.21247586083628
6463,t,43.21247586083628,43.21247586083628
6464,c,43.21247586083628,43.21247586083628
6465,c,43.21247586083628,43.21247586083628
6466,c,43.21247586083628,43.21247586083628
6467,t,43.21247586083628,43.21247586083628
6468,c,43.21247586083628,43.21247586083628
6469,c,43.21247586083628,43.21247586083628
6470,c,43.21247586083628,43.21247586083628
6471,c,43.21247586083628,43.21247586083628
6472,c,43.21247586083628,43.21247586083628
6473,t,43.21247586083628,43.21247586083628
6474,c,43.21247586083628,43.21247586083628
6475,t,43.21247586083628,43.21247586083628
6476,c,43.21247586083628,43.21247586083628
6477,t,43.21247586083628,43.21247586083628
6478,c,43.21247586083628,43.21247586083628
6479,c,43.21247586083628,43.21247586083628
6480,c,43.21247586083628,43.21247586083628
6481,c,43.21247586083628,43.21247586083628
6482,c,43.21247586083628,43.21247586083628
6483,t,43.21247586083628,43.21247586083628
6484,c,43.21247586083628,43.21247586083628
6485,c,43.21247586083628,43.21247586083628
6486,t,43.21247586083628,43.21247586083628
6487,t,43.21247586083628,43.21247586083628
6488,c,43.21247586083628,43.21247586083628
6489,t,43.21247586083628,43.21247586083628
6490,c,43.21247586083628,43.21247586083628
6491,t,43.21247586083628,43.21247586083628
6492,c,43.21247586083628,43.21247586083628
6493,t,43.21247586083628,43.21247586083628
6494,c,43.21247586083628,43.21247586083628
6495,c,43.21247586083628,43.21247586083628
6496,c,43.21247586083628,43.21247586083628
6497,t,43.21247586083628,43.21247586083628
6498,c,43.21247586083628,43.21247586083628
6499,c,43.21247586083628,43.21247586083628
6500,c,43.21247586083628,43.21247586083628
6501,c,43.21247586083628,43.21247586083628
6502,c,43.21247586083628,43.21247586083628
6503,c,43.21247586083628,43.21247586083628
6504,c,43.21247586083628,43.21247586083628
6505,c,8.948207167363718,15.06515645435302
6506,t,43.21247586083628,43.21247586083628
6507,c,43.21247586083628,43.21247586083628
6508,c,43.21247586083628,43.21247586083628
6509,c,43.21247586083628,43.21247586083628
6510,c,43.21247586083628,43.21247586083628
6511,t,43.21247586083628,43.21247586083628
6512,t,43.21247586083628,43.21247586083628
6513,c,43.21247586083628,43.21247586083628
6514,t,43.21247586083628,43.21247586083628
6515,c,43.21247586083628,43.21247586083628
6516,c,43.21247586083628,43.21247586083628
6517,c,43.21247586083628,43.21247586083628
6518,t,43.21247586083628,43.21247586083628
6519,c,43.21247586083628,43.21247586083628
6520,c,43.21247586083628,43.21247586083628
6521,c,43.21247586083628,43.21247586083628
6522,c,43.21247586083628,43.21247586083628
6523,c,16.615070123129563,16.985606632508315
6524,c,4.863040241422957,16.667765554785145
6525,t,43.21247586083628,43.21247586083628
6526,c,43.21247586083628,43.21247586083628
6527,t,43.21247586083628,43.21247586083628
6528,c,43.21247586083628,43.21247586083628
6529,c,43.21247586083628,43.21247586083628
6530,c,43.21247586083628,43.21247586083628
6531,t,43.21247586083628,43.21247586083628
6532,t,43.21247586083628,43.21247586083628
6533,c,43.21247586083628,43.21247586083628
6534,c,43.21247586083628,43.21247586083628
6535,c,43.21247586083628,43.21247586083628
6536,c,43.21247586083628,43.21247586083628
6537,c,43.21247586083628,43.21247586083628
6538,c,43.21247586083628,43.21247586083628
6539,c,43.21247586083628,43.21247586083628
6540,c,43.21247586083628,43.21247586083628
6541,c,43.21247586083628,43.21247586083628
6542,c,43.21247586083628,43.21247586083628
6543,c,43.21247586083628,43.21247586083628
6544,t,43.21247586083628,43.21247586083628
6545,c,43.21247586083628,43.21247586083628
6546,c,43.21247586083628,43.21247586083628
6547,c,43.21247586083628,43.21247586083628
6548,t,43.21247586083628,43.21247586083628
6549,c,43.21247586083628,43.21247586083628
6550,t,43.21247586083628,43.21247586083628
6551,c,43.21247586083628,43.21247586083628
6552,c,43.21247586083628,43.21247586083628
6553,c,43.21247586083628,43.21247586083628
6554,t,43.21247586083628,43.21247586083628
6555,c,43.21247586083628,43.21247586083628
6556,c,43.21247586083628,43.21247586083628
6557,c,43.21247586083628,43.21247586083628
6558,c,43.21247586083628,43.21247586083628
6559,c,43.21247586083628,43.21247586083628
6560,c,43.21247586083628,43.21247586083628
6561,c,43.21247586083628,43.21247586083628
6562,t,43.21247586083628,43.21247586083628
6563,t,43.21247586083628,43.21247586083628
6564,c,43.21247586083628,43.21247586083628
6565,c,43.21247586083628,43.21247586083628
6566,c,43.21247586083628,43.21247586083628
6567,c,43.21247586083628,43.21247586083628
6568,t,43.21247586083628,43.21247586083628
6569,c,43.21247586083628,43.21247586083628
6570,c,43.21247586083628,43.21247586083628
6571,c,43.21247586083628,43.21247586083628
6572,t,43.21247586083628,43.21247586083628
6573,t,43.21247586083628,43.21247586083628
6574,t,43.21247586083628,43.21247586083628
6575,c,43.21247586083628,43.21247586083628
6576,na,3.3588680235240362,4.552541275578568
6577,c,43.21247586083628,43.21247586083628
6578,c,43.21247586083628,43.21247586083628
6579,c,43.21247586083628,43.21247586083628
6580,c,43.21247586083628,43.21247586083628
6581,c,43.21247586083628,43.21247586083628
6582,t,43.21247586083628,43.21247586083628
6583,c,43.21247586083628,43.21247586083628
6584,c,43.21247586083628,43.21247586083628
6585,c,43.21247586083628,43.21247586083628
6586,c,43.21247586083628,43.21247586083628
6587,c,43.21247586083628,43.21247586083628
6588,c,43.21247586083628,43.21247586083628
6589,t,43.21247586083628,43.21247586083628
6590,t,43.21247586083628,43.21247586083628
6591,t,43.21247586083628,43.21247586083628
6592,c,43.21247586083628,43.21247586083628
6593,c,43.21247586083628,43.21247586083628
6594,c,43.21247586083628,43.21247586083628
6595,c,11.851775097117825,15.516823544165351
6596,c,43.21247586083628,43.21247586083628
6597,t,43.21247586083628,43.21247586083628
6598,c,43.21247586083628,43.21247586083628
6599,c,43.21247586083628,43.21247586083628
6600,c,43.21247586083628,43.21247586083628
6601,c,1.7164432653211568,2.9140967757355476
6602,t,43.21247586083628,43.21247586083628
6603,c,43.21247586083628,43.21247586083628
6604,c,43.21247586083628,43.21247586083628
6605,c,43.21247586083628,43.21247586083628
6606,c,43.21247586083628,43.21247586083628
6607,c,43.21247586083628,43.21247586083628
6608,t,43.21247586083628,43.21247586083628
6609,c,43.21247586083628,43.21247586083628
6610,t,43.21247586083628,43.21247586083628
6611,c,43.21247586083628,43.21247586083628
6612,c,43.21247586083628,43.21247586083628
6613,t,43.21247586083628,43.21247586083628
6614,c,43.21247586083628,43.21247586083628
6615,c,43.21247586083628,43.21247586083628
6616,c,43.21247586083628,43.21247586083628
6617,c,43.21247586083628,43.21247586083628
6618,c,43.21247586083628,43.21247586083628
6619,c,43.21247586083628,43.21247586083628
6620,c,43.21247586083628,43.21247586083628
6621,t,43.21247586083628,43.21247586083628
6622,c,43.21247586083628,43.21247586083628
6623,t,43.21247586083628,43.21247586083628
6624,c,43.21247586083628,43.21247586083628
6625,c,43.21247586083628,43.21247586083628
6626,c,43.21247586083628,43.21247586083628
6627,c,43.21247586083628,43.21247586083628
6628,t,43.21247586083628,43.21247586083628
6629,c,43.21247586083628,43.21247586083628
6630,c,43.21247586083628,43.21247586083628
6631,c,43.21247586083628,43.21247586083628
6632,t,43.21247586083628,43.21247586083628
6633,t,43.21247586083628,43.21247586083628
6634,t,43.21247586083628,43.21247586083628
6635,c,43.21247586083628,43.21247586083628
6636,t,43.21247586083628,43.21247586083628
6637,c,43.21247586083628,43.21247586083628
6638,c,43.21247586083628,43.21247586083628
6639,t,43.21247586083628,43.21247586083628
6640,c,43.21247586083628,43.21247586083628
6641,c,43.21247586083628,43.21247586083628
6642,c,43.21247586083628,43.21247586083628
6643,c,43.21247586083628,43.21247586083628
6644,t,43.21247586083628,43.21247586083628
6645,c,43.21247586083628,43.21247586083628
6646,c,43.21247586083628,43.21247586083628
6647,c,43.21247586083628,43.21247586083628
6648,c,43.21247586083628,43.21247586083628
6649,c,43.21247586083628,43.21247586083628
6650,c,43.21247586083628,43.21247586083628
6651,t,43.21247586083628,43.21247586083628
6652,c,43.21247586083628,43.21247586083628
6653,c,43.21247586083628,43.21247586083628
6654,c,43.21247586083628,43.21247586083628
6655,t,43.21247586083628,43.21247586083628
6656,c,43.21247586083628,43.21247586083628
6657,t,43.21247586083628,43.21247586083628
6658,c,43.21247586083628,43.21247586083628
6659,c,43.21247586083628,43.21247586083628
6660,t,43.21247586083628,43.21247586083628
6661,t,43.21247586083628,43.21247586083628
6662,c,43.21247586083628,43.21247586083628
6663,t,43.21247586083628,43.21247586083628
6664,c,43.21247586083628,43.21247586083628
6665,c,43.21247586083628,43.21247586083628
6666,c,43.21247586083628,43.21247586083628
6667,c,43.21247586083628,43.21247586083628
6668,c,43.21247586083628,43.21247586083628
6669,c,43.21247586083628,43.21247586083628
6670,c,43.21247586083628,43.21247586083628
6671,c,43.21247586083628,43.21247586083628
6672,c,43.21247586083628,43.21247586083628
6673,c,43.21247586083628,43.21247586083628
6674,c,43.21247586083628,43.21247586083628
6675,c,43.21247586083628,43.21247586083628
6676,c,43.21247586083628,43.21247586083628
6677,c,43.21247586083628,43.21247586083628
6678,na,3.0376308937554577,11.740600462632372
6679,c,43.21247586083628,43.21247586083628
6680,t,43.21247586083628,43.21247586083628
6681,c,43.21247586083628,43.21247586083628
6682,t,43.21247586083628,43.21247586083628
6683,na,-1,0
6684,c,43.21247586083628,43.21247586083628
6685,c,43.21247586083628,43.21247586083628
6686,t,43.21247586083628,43.21247586083628
6687,c,43.21247586083628,43.21247586083628
6688,c,43.21247586083628,43.21247586083628
6689,t,43.21247586083628,43.21247586083628
6690,t,43.21247586083628,43.21247586083628
6691,c,43.21247586083628,43.21247586083628
6692,c,43.21247586083628,43.21247586083628
6693,c,43.21247586083628,43.21247586083628
6694,c,43.21247586083628,43.21247586083628
6695,c,43.21247586083628,43.21247586083628
6696,c,43.21247586083628,43.21247586083628
6697,c,43.21247586083628,43.21247586083628
6698,c,43.21247586083628,43.21247586083628
6699,c,43.21247586083628,43.21247586083628
6700,c,43.21247586083628,43.21247586083628
6701,c,43.21247586083628,43.21247586083628
6702,c,43.21247586083628,43.21247586083628
6703,c,43.21247586083628,43.21247586083628
6704,c,43.21247586083628,43.21247586083628
6705,c,43.21247586083628,43.21247586083628
6706,c,43.21247586083628,43.21247586083628
6707,c,43.21247586083628,43.21247586083628
6708,c,43.21247586083628,43.21247586083628
6709,c,43.21247586083628,43.21247586083628
6710,c,43.21247586083628,43.21247586083628
6711,c,43.21247586083628,43.21247586083628
6712,t,43.21247586083628,43.21247586083628
6713,c,43.21247586083628,43.21247586083628
6714,c,43.21247586083628,43.21247586083628
6715,c,43.21247586083628,43.21247586083628
6716,t,43.21247586083628,43.21247586083628
6717,c,43.21247586083628,43.21247586083628
6718,c,43.21247586083628,43.21247586083628
6719,c,43.21247586083628,43.21247586083628
6720,c,43.21247586083628,43.21247586083628
6721,c,43.21247586083628,43.21247586083628
6722,c,43.21247586083628,43.21247586083628
6723,t,43.21247586083628,43.21247586083628
6724,c,43.21247586083628,43.21247586083628
6725,c,43.21247586083628,43.21247586083628
6726,c,43.21247586083628,43.21247586083628
6727,c,43.21247586083628,43.21247586083628
6728,t,43.21247586083628,43.21247586083628
6729,c,43.21247586083628,43.21247586083628
6730,c,43.21247586083628,43.21247586083628
6731,t,43.21247586083628,43.21247586083628
6732,c,43.21247586083628,43.21247586083628
6733,c,43.21247586083628,43.21247586083628
6734,c,43.21247586083628,43.21247586083628
6735,c,43.21247586083628,43.21247586083628
6736,c,43.21247586083628,43.21247586083628
6737,c,43.21247586083628,43.21247586083628
6738,t,43.21247586083628,43.21247586083628
6739,na,1.1317857115817955,11.469031334382063
6740,c,43.21247586083628,43.21247586083628
6741,c,43.21247586083628,43.21247586083628
6742,c,43.21247586083628,43.21247586083628
6743,c,43.21247586083628,43.21247586083628
6744,c,43.21247586083628,43.21247586083628
6745,t,43.21247586083628,43.21247586083628
6746,c,43.21247586083628,43.21247586083628
6747,c,43.21247586083628,43.21247586083628
6748,c,43.21247586083628,43.21247586083628
6749,c,43.21247586083628,43.21247586083628
6750,c,13.702817530050451,18.050636293275623
6751,c,10.13318038900676,25.075383122104675
6752,c,43.21247586083628,43.21247586083628
6753,c,43.21247586083628,43.21247586083628
6754,c,43.21247586083628,43.21247586083628
6755,c,43.21247586083628,43.21247586083628
6756,c,43.21247586083628,43.21247586083628
6757,c,43.21247586083628,43.21247586083628
6758,c,43.21247586083628,43.21247586083628
6759,c,9.923792121003464,14.379452093301849
6760,c,43.21247586083628,43.21247586083628
6761,c,43.21247586083628,43.21247586083628
6762,c,43.21247586083628,43.21247586083628
6763,t,43.21247586083628,43.21247586083628
6764,c,43.21247586083628,43.21247586083628
6765,c,43.21247586083628,43.21247586083628
6766,c,43.21247586083628,43.21247586083628
6767,c,43.21247586083628,43.21247586083628
6768,c,43.21247586083628,43.21247586083628
6769,t,43.21247586083628,43.21247586083628
6770,c,43.21247586083628,43.21247586083628
6771,na,9.068010738669384,9.249585614021182
6772,t,43.21247586083628,43.21247586083628
6773,c,43.21247586083628,43.21247586083628
6774,c,43.21247586083628,43.21247586083628
6775,c,43.21247586083628,43.21247586083628
6776,c,43.21247586083628,43.21247586083628
6777,c,43.21247586083628,43.21247586083628
6778,t,43.21247586083628,43.21247586083628
6779,t,43.21247586083628,43.21247586083628
6780,c,43.21247586083628,43.21247586083628
6781,c,43.21247586083628,43.21247586083628
6782,c,43.21247586083628,43.21247586083628
6783,c,43.21247586083628,43.21247586083628
6784,c,43.21247586083628,43.21247586083628
6785,t,43.21247586083628,43.21247586083628
6786,t,43.21247586083628,43.21247586083628
6787,c,43.21247586083628,43.21247586083628
6788,c,43.21247586083628,43.21247586083628
6789,c,43.21247586083628,43.21247586083628
6790,c,43.21247586083628,43.21247586083628
6791,c,43.21247586083628,43.21247586083628
6792,t,43.21247586083628,43.21247586083628
6793,c,43.21247586083628,43.21247586083628
6794,c,43.21247586083628,43.21247586083628
6795,c,43.21247586083628,43.21247586083628
6796,c,43.21247586083628,43.21247586083628
6797,c,43.21247586083628,43.21247586083628
6798,c,43.21247586083628,43.21247586083628
6799,c,43.21247586083628,43.21247586083628
6800,t,43.21247586083628,43.21247586083628
6801,c,43.21247586083628,43.21247586083628
6802,c,43.21247586083628,43.21247586083628
6803,t,43.21247586083628,43.21247586083628
6804,c,43.21247586083628,43.21247586083628
6805,c,43.21247586083628,43.21247586083628
6806,c,43.21247586083628,43.21247586083628
6807,t,43.21247586083628,43.21247586083628
6808,t,43.21247586083628,43.21247586083628
6809,c,43.21247586083628,43.21247586083628
6810,c,43.21247586083628,43.21247586083628
6811,c,43.21247586083628,43.21247586083628
6812,c,43.21247586083628,43.21247586083628
6813,t,43.21247586083628,43.21247586083628
6814,c,43.21247586083628,43.21247586083628
6815,c,43.21247586083628,43.21247586083628
6816,c,43.21247586083628,43.21247586083628
6817,c,43.21247586083628,43.21247586083628
6818,c,43.21247586083628,43.21247586083628
6819,t,43.21247586083628,43.21247586083628
6820,c,43.21247586083628,43.21247586083628
6821,c,43.21247586083628,43.21247586083628
6822,c,43.21247586083628,43.21247586083628
6823,c,43.21247586083628,43.21247586083628
6824,c,43.21247586083628,43.21247586083628
6825,c,43.21247586083628,43.21247586083628
6826,c,43.21247586083628,43.21247586083628
6827,c,43.21247586083628,43.21247586083628
6828,t,43.21247586083628,43.21247586083628
6829,c,43.21247586083628,43.21247586083628
6830,c,43.21247586083628,43.21247586083628
6831,c,43.21247586083628,43.21247586083628
6832,c,43.21247586083628,43.21247586083628
6833,c,43.21247586083628,43.21247586083628
6834,c,43.21247586083628,43.21247586083628
6835,c,43.21247586083628,43.21247586083628
6836,t,43.21247586083628,43.21247586083628
6837,c,43.21247586083628,43.21247586083628
6838,c,11.366330547115728,17.051415877545168
6839,c,43.21247586083628,43.21247586083628
6840,c,43.21247586083628,43.21247586083628
6841,c,43.21247586083628,43.21247586083628
6842,c,43.21247586083628,43.21247586083628
6843,c,43.21247586083628,43.21247586083628
6844,c,43.21247586083628,43.21247586083628
6845,c,43.21247586083628,43.21247586083628
6846,c,43.21247586083628,43.21247586083628
6847,c,43.21247586083628,43.21247586083628
6848,c,43.21247586083628,43.21247586083628
6849,c,43.21247586083628,43.21247586083628
6850,t,43.21247586083628,43.21247586083628
6851,c,43.21247586083628,43.21247586083628
6852,c,43.21247586083628,43.21247586083628
6853,c,43.21247586083628,43.21247586083628
6854,c,43.21247586083628,43.21247586083628
6855,c,43.21247586083628,43.21247586083628
6856,c,43.21247586083628,43.21247586083628
6857,c,43.21247586083628,43.21247586083628
6858,c,43.21247586083628,43.21247586083628
6859,c,43.21247586083628,43.21247586083628
6860,t,43.21247586083628,43.21247586083628
6861,c,43.21247586083628,43.21247586083628
6862,t,43.21247586083628,43.21247586083628
6863,t,43.21247586083628,43.21247586083628
6864,c,43.21247586083628,43.21247586083628
6865,c,43.21247586083628,43.21247586083628
6866,t,43.21247586083628,43.21247586083628
6867,c,43.21247586083628,43.21247586083628
6868,t,43.21247586083628,43.21247586083628
6869,t,43.21247586083628,43.21247586083628
6870,c,43.21247586083628,43.21247586083628
6871,c,43.21247586083628,43.21247586083628
6872,c,43.21247586083628,43.21247586083628
6873,c,43.21247586083628,43.21247586083628
6874,c,43.21247586083628,43.21247586083628
6875,c,43.21247586083628,43.21247586083628
6876,c,5.550138599122397,11.63975573845546
6877,c,43.21247586083628,43.21247586083628
6878,c,43.21247586083628,43.21247586083628
6879,c,43.21247586083628,43.21247586083628
6880,c,43.21247586083628,43.21247586083628
6881,c,43.21247586083628,43.21247586083628
6882,t,43.21247586083628,43.21247586083628
6883,t,43.21247586083628,43.21247586083628
6884,c,43.21247586083628,43.21247586083628
6885,t,43.21247586083628,43.21247586083628
6886,t,43.21247586083628,43.21247586083628
6887,c,43.21247586083628,43.21247586083628
6888,t,43.21247586083628,43.21247586083628
6889,t,43.21247586083628,43.21247586083628
6890,c,43.21247586083628,43.21247586083628
6891,c,43.21247586083628,43.21247586083628
6892,c,43.21247586083628,43.21247586083628
6893,c,43.21247586083628,43.21247586083628
6894,c,43.21247586083628,43.21247586083628
6895,c,43.21247586083628,43.21247586083628
6896,c,43.21247586083628,43.21247586083628
6897,t,43.21247586083628,43.21247586083628
6898,c,43.21247586083628,43.21247586083628
6899,t,43.21247586083628,43.21247586083628
6900,t,43.21247586083628,43.21247586083628
6901,c,43.21247586083628,43.21247586083628
6902,t,43.21247586083628,43.21247586083628
6903,c,43.21247586083628,43.21247586083628
6904,c,43.21247586083628,43.21247586083628
6905,t,43.21247586083628,43.21247586083628
6906,c,43.21247586083628,43.21247586083628
6907,c,43.21247586083628,43.21247586083628
6908,c,43.21247586083628,43.21247586083628
6909,t,43.21247586083628,43.21247586083628
6910,t,43.21247586083628,43.21247586083628
6911,c,43.21247586083628,43.21247586083628
6912,c,43.21247586083628,43.21247586083628
6913,c,43.21247586083628,43.21247586083628
6914,c,43.21247586083628,43.21247586083628
6915,c,43.21247586083628,43.21247586083628
6916,c,43.21247586083628,43.21247586083628
6917,c,43.21247586083628,43.21247586083628
6918,t,43.21247586083628,43.21247586083628
6919,c,43.21247586083628,43.21247586083628
6920,c,43.21247586083628,43.21247586083628
6921,c,43.21247586083628,43.21247586083628
6922,t,43.21247586083628,43.21247586083628
6923,c,43.21247586083628,43.21247586083628
6924,c,43.21247586083628,43.21247586083628
6925,c,43.21247586083628,43.21247586083628
6926,c,43.21247586083628,43.21247586083628
6927,t,43.21247586083628,43.21247586083628
6928,c,43.21247586083628,43.21247586083628
6929,c,43.21247586083628,43.21247586083628
6930,c,43.21247586083628,43.21247586083628
6931,c,43.21247586083628,43.21247586083628
6932,c,43.21247586083628,43.21247586083628
6933,c,43.21247586083628,43.21247586083628
6934,c,43.21247586083628,43.21247586083628
6935,c,43.21247586083628,43.21247586083628
6936,c,43.21247586083628,43.21247586083628
6937,c,43.21247586083628,43.21247586083628
6938,t,43.21247586083628,43.21247586083628
6939,c,43.21247586083628,43.21247586083628
6940,c,43.21247586083628,43.21247586083628
6941,c,43.21247586083628,43.21247586083628
6942,c,43.21247586083628,43.21247586083628
6943,c,43.21247586083628,43.21247586083628
6944,t,43.21247586083628,43.21247586083628
6945,c,43.21247586083628,43.21247586083628
6946,t,43.21247586083628,43.21247586083628
6947,c,43.21247586083628,43.21247586083628
6948,c,43.21247586083628,43.21247586083628
6949,t,43.21247586083628,43.21247586083628
6950,c,43.21247586083628,43.21247586083628
6951,c,43.21247586083628,43.21247586083628
6952,c,43.21247586083628,43.21247586083628
6953,c,43.21247586083628,43.21247586083628
6954,c,43.21247586083628,43.21247586083628
6955,c,43.21247586083628,43.21247586083628
6956,c,43.21247586083628,43.21247586083628
6957,c,43.21247586083628,43.21247586083628
6958,t,43.21247586083628,43.21247586083628
6959,c,43.21247586083628,43.21247586083628
6960,c,43.21247586083628,43.21247586083628
6961,t,43.21247586083628,43.21247586083628
6962,c,43.21247586083628,43.21247586083628
6963,c,43.21247586083628,43.21247586083628
6964,c,43.21247586083628,43.21247586083628
6965,c,43.21247586083628,43.21247586083628
6966,c,43.21247586083628,43.21247586083628
6967,c,43.21247586083628,43.21247586083628
6968,t,43.21247586083628,43.21247586083628
6969,c,43.21247586083628,43.21247586083628
6970,t,43.21247586083628,43.21247586083628
6971,c,43.21247586083628,43.21247586083628
6972,t,43.21247586083628,43.21247586083628
6973,c,43.21247586083628,43.21247586083628
6974,t,43.21247586083628,43.21247586083628
6975,c,43.21247586083628,43.21247586083628
6976,c,43.21247586083628,43.21247586083628
6977,c,43.21247586083628,43.21247586083628
6978,c,43.21247586083628,43.21247586083628
6979,t,43.21247586083628,43.21247586083628
6980,c,43.21247586083628,43.21247586083628
6981,na,0,43.21247586083628
6982,na,0,0.14356046635691735
6983,c,43.21247586083628,43.21247586083628
6984,c,43.21247586083628,43.21247586083628
6985,t,43.21247586083628,43.21247586083628
6986,c,43.21247586083628,43.21247586083628
6987,c,43.21247586083628,43.21247586083628
6988,na,0,5.768088561962409
6989,c,43.21247586083628,43.21247586083628
6990,c,43.21247586083628,43.21247586083628
6991,c,43.21247586083628,43.21247586083628
6992,c,43.21247586083628,43.21247586083628
6993,c,43.21247586083628,43.21247586083628
6994,c,43.21247586083628,43.21247586083628
6995,c,43.21247586083628,43.21247586083628
6996,c,43.21247586083628,43.21247586083628
6997,c,43.21247586083628,43.21247586083628
6998,c,43.21247586083628,43.21247586083628
6999,c,43.21247586083628,43.21247586083628
7000,t,43.21247586083628,43.21247586083628
7001,c,43.21247586083628,43.21247586083628
7002,c,43.21247586083628,43.21247586083628
7003,c,43.21247586083628,43.21247586083628
7004,t,43.21247586083628,43.21247586083628
7005,c,43.21247586083628,43.21247586083628
7006,c,43.21247586083628,43.21247586083628
7007,c,43.21247586083628,43.21247586083628
7008,t,43.21247586083628,43.21247586083628
7009,c,43.21247586083628,43.21247586083628
7010,c,43.21247586083628,43.21247586083628
7011,c,43.21247586083628,43.21247586083628
7012,c,43.21247586083628,43.21247586083628
7013,c,43.21247586083628,43.21247586083628
7014,t,43.21247586083628,43.21247586083628
7015,c,43.21247586083628,43.21247586083628
7016,c,43.21247586083628,43.21247586083628
7017,c,43.21247586083628,43.21247586083628
7018,c,43.21247586083628,43.21247586083628
7019,c,43.21247586083628,43.21247586083628
7020,c,43.21247586083628,43.21247586083628
7021,c,43.21247586083628,43.21247586083628
7022,t,43.21247586083628,43.21247586083628
7023,t,43.21247586083628,43.21247586083628
7024,c,43.21247586083628,43.21247586083628
7025,c,43.21247586083628,43.21247586083628
7026,na,-1,0
7027,t,43.21247586083628,43.21247586083628
7028,c,43.21247586083628,43.21247586083628
7029,t,43.21247586083628,43.21247586083628
7030,t,43.21247586083628,43.21247586083628
7031,c,43.21247586083628,43.21247586083628
7032,t,43.21247586083628,43.21247586083628
7033,c,43.21247586083628,43.21247586083628
7034,c,43.21247586083628,43.21247586083628
7035,c,43.21247586083628,43.21247586083628
7036,c,43.21247586083628,43.21247586083628
7037,t,43.21247586083628,43.21247586083628
7038,c,43.21247586083628,43.21247586083628
7039,t,43.21247586083628,43.21247586083628
7040,c,43.21247586083628,43.21247586083628
7041,c,43.21247586083628,43.21247586083628
7042,c,43.21247586083628,43.21247586083628
7043,t,43.21247586083628,43.21247586083628
7044,na,2.757784682950576,3.498754522629313
7045,t,43.21247586083628,43.21247586083628
7046,c,43.21247586083628,43.21247586083628
7047,c,43.21247586083628,43.21247586083628
7048,c,43.21247586083628,43.21247586083628
7049,c,43.21247586083628,43.21247586083628
7050,c,43.21247586083628,43.21247586083628
7051,c,43.21247586083628,43.21247586083628
7052,c,43.21247586083628,43.21247586083628
7053,t,43.21247586083628,43.21247586083628
7054,c,43.21247586083628,43.21247586083628
7055,c,43.21247586083628,43.21247586083628
7056,c,43.21247586083628,43.21247586083628
7057,t,43.21247586083628,43.21247586083628
7058,c,43.21247586083628,43.21247586083628
7059,c,43.21247586083628,43.21247586083628
7060,t,43.21247586083628,43.21247586083628
7061,c,43.21247586083628,43.21247586083628
7062,t,43.21247586083628,43.21247586083628
7063,c,43.21247586083628,43.21247586083628
7064,c,43.21247586083628,43.21247586083628
7065,c,43.21247586083628,43.21247586083628
7066,c,43.21247586083628,43.21247586083628
7067,c,43.21247586083628,43.21247586083628
7068,t,43.21247586083628,43.21247586083628
7069,c,43.21247586083628,43.21247586083628
7070,c,43.21247586083628,43.21247586083628
7071,t,43.21247586083628,43.21247586083628
7072,c,43.21247586083628,43.21247586083628
7073,t,43.21247586083628,43.21247586083628
7074,t,43.21247586083628,43.21247586083628
7075,c,43.21247586083628,43.21247586083628
7076,c,43.21247586083628,43.21247586083628
7077,c,43.21247586083628,43.21247586083628
7078,c,43.21247586083628,43.21247586083628
7079,t,43.21247586083628,43.21247586083628
7080,c,5.9161800542887555,7.179128604994428
7081,c,43.21247586083628,43.21247586083628
7082,c,43.21247586083628,43.21247586083628
7083,c,43.21247586083628,43.21247586083628
7084,c,43.21247586083628,43.21247586083628
7085,c,43.21247586083628,43.21247586083628
7086,c,43.21247586083628,43.21247586083628
7087,c,43.21247586083628,43.21247586083628
7088,c,43.21247586083628,43.21247586083628
7089,t,43.21247586083628,43.21247586083628
7090,c,4.274272327839465,5.459760054926136
7091,c,43.21247586083628,43.21247586083628
7092,c,43.21247586083628,43.21247586083628
7093,c,43.21247586083628,43.21247586083628
7094,c,43.21247586083628,43.21247586083628
7095,c,43.21247586083628,43.21247586083628
7096,c,43.21247586083628,43.21247586083628
7097,c,43.21247586083628,43.21247586083628
7098,c,43.21247586083628,43.21247586083628
7099,c,43.21247586083628,43.21247586083628
7100,c,43.21247586083628,43.21247586083628
7101,t,43.21247586083628,43.21247586083628
7102,c,43.21247586083628,43.21247586083628
7103,t,43.21247586083628,43.21247586083628
7104,c,43.21247586083628,43.21247586083628
7105,c,43.21247586083628,43.21247586083628
7106,t,43.21247586083628,43.21247586083628
7107,c,43.21247586083628,43.21247586083628
7108,c,43.21247586083628,43.21247586083628
7109,c,43.21247586083628,43.21247586083628
7110,c,43.21247586083628,43.21247586083628
7111,c,43.21247586083628,43.21247586083628
7112,c,43.21247586083628,43.21247586083628
7113,t,43.21247586083628,43.21247586083628
7114,t,43.21247586083628,43.21247586083628
7115,c,43.21247586083628,43.21247586083628
7116,c,43.21247586083628,43.21247586083628
7117,c,43.21247586083628,43.21247586083628
7118,c,43.21247586083628,43.21247586083628
7119,c,43.21247586083628,43.21247586083628
7120,c,43.21247586083628,43.21247586083628
7121,c,43.21247586083628,43.21247586083628
7122,c,43.21247586083628,43.21247586083628
7123,c,43.21247586083628,43.21247586083628
7124,c,43.21247586083628,43.21247586083628
7125,t,43.21247586083628,43.21247586083628
7126,t,43.21247586083628,43.21247586083628
7127,c,43.21247586083628,43.21247586083628
7128,t,43.21247586083628,43.21247586083628
7129,c,43.21247586083628,43.21247586083628
7130,c,43.21247586083628,43.21247586083628
7131,c,43.21247586083628,43.21247586083628
7132,c,43.21247586083628,43.21247586083628
7133,c,43.21247586083628,43.21247586083628
7134,c,43.21247586083628,43.21247586083628
7135,c,43.21247586083628,43.21247586083628
7136,c,43.21247586083628,43.21247586083628
7137,c,43.21247586083628,43.21247586083628
7138,c,43.21247586083628,43.21247586083628
7139,c,43.21247586083628,43.21247586083628
7140,c,43.21247586083628,43.21247586083628
7141,c,43.21247586083628,43.21247586083628
7142,c,43.21247586083628,43.21247586083628
7143,t,43.21247586083628,43.21247586083628
7144,t,43.21247586083628,43.21247586083628
7145,c,43.21247586083628,43.21247586083628
7146,t,43.21247586083628,43.21247586083628
7147,c,43.21247586083628,43.21247586083628
7148,c,0.8641910105626666,43.21247586083628
7149,t,43.21247586083628,43.21247586083628
7150,c,43.21247586083628,43.21247586083628
7151,c,43.21247586083628,43.21247586083628
7152,c,43.21247586083628,43.21247586083628
7153,c,43.21247586083628,43.21247586083628
7154,c,43.21247586083628,43.21247586083628
7155,c,43.21247586083628,43.21247586083628
7156,c,43.21247586083628,43.21247586083628
7157,c,43.21247586083628,43.21247586083628
7158,c,43.21247586083628,43.21247586083628
7159,c,43.21247586083628,43.21247586083628
7160,t,43.21247586083628,43.21247586083628
7161,t,43.21247586083628,43.21247586083628
7162,t,43.21247586083628,43.21247586083628
7163,c,43.21247586083628,43.21247586083628
7164,c,43.21247586083628,43.21247586083628
7165,c,43.21247586083628,43.21247586083628
7166,c,43.21247586083628,43.21247586083628
7167,c,43.21247586083628,43.21247586083628
7168,t,43.21247586083628,43.21247586083628
7169,c,43.21247586083628,43.21247586083628
7170,c,43.21247586083628,43.21247586083628
7171,c,43.21247586083628,43.21247586083628
7172,c,43.21247586083628,43.21247586083628
7173,t,43.21247586083628,43.21247586083628
7174,c,43.21247586083628,43.21247586083628
7175,c,43.21247586083628,43.21247586083628
7176,c,43.21247586083628,43.21247586083628
7177,t,43.21247586083628,43.21247586083628
7178,t,43.21247586083628,43.21247586083628
7179,c,43.21247586083628,43.21247586083628
7180,c,43.21247586083628,43.21247586083628
7181,c,43.21247586083628,43.21247586083628
7182,c,43.21247586083628,43.21247586083628
7183,c,43.21247586083628,43.21247586083628
7184,c,43.21247586083628,43.21247586083628
7185,c,43.21247586083628,43.21247586083628
7186,c,43.21247586083628,43.21247586083628
7187,c,43.21247586083628,43.21247586083628
7188,c,43.21247586083628,43.21247586083628
7189,c,43.21247586083628,43.21247586083628
7190,c,43.21247586083628,43.21247586083628
7191,c,43.21247586083628,43.21247586083628
7192,c,43.21247586083628,43.21247586083628
7193,t,43.21247586083628,43.21247586083628
7194,c,43.21247586083628,43.21247586083628
7195,c,43.21247586083628,43.21247586083628
7196,c,43.21247586083628,43.21247586083628
7197,c,43.21247586083628,43.21247586083628
7198,c,43.21247586083628,43.21247586083628
7199,c,43.21247586083628,43.21247586083628
7200,c,43.21247586083628,43.21247586083628
7201,c,43.21247586083628,43.21247586083628
7202,c,43.21247586083628,43.21247586083628
7203,c,43.21247586083628,43.21247586083628
7204,c,43.21247586083628,43.21247586083628
7205,c,43.21247586083628,43.21247586083628
7206,c,43.21247586083628,43.21247586083628
7207,c,43.21247586083628,43.21247586083628
7208,c,43.21247586083628,43.21247586083628
7209,c,43.21247586083628,43.21247586083628
7210,c,43.21247586083628,43.21247586083628
7211,c,5.381025548986243,7.012481243925236
7212,c,43.21247586083628,43.21247586083628
7213,c,43.21247586083628,43.21247586083628
7214,c,43.21247586083628,43.21247586083628
7215,t,43.21247586083628,43.21247586083628
7216,t,43.21247586083628,43.21247586083628
7217,c,43.21247586083628,43.21247586083628
7218,c,43.21247586083628,43.21247586083628
7219,t,43.21247586083628,43.21247586083628
7220,t,43.21247586083628,43.21247586083628
7221,t,43.21247586083628,43.21247586083628
7222,t,43.21247586083628,43.21247586083628
7223,c,43.21247586083628,43.21247586083628
7224,c,11.736218724929213,12.952914852992112
7225,t,43.21247586083628,43.21247586083628
7226,c,43.21247586083628,43.21247586083628
7227,c,43.21247586083628,43.21247586083628
7228,c,43.21247586083628,43.21247586083628
7229,c,43.21247586083628,43.21247586083628
7230,c,43.21247586083628,43.21247586083628
7231,c,43.21247586083628,43.21247586083628
7232,c,43.21247586083628,43.21247586083628
7233,c,43.21247586083628,43.21247586083628
7234,c,12.97507197200351,25.816414692955817
7235,c,43.21247586083628,43.21247586083628
7236,c,43.21247586083628,43.21247586083628
7237,c,43.21247586083628,43.21247586083628
7238,t,43.21247586083628,43.21247586083628
7239,c,4.017514662284437,5.565895654670993
7240,c,43.21247586083628,43.21247586083628
7241,c,43.21247586083628,43.21247586083628
7242,c,43.21247586083628,43.21247586083628
7243,c,43.21247586083628,43.21247586083628
7244,t,43.21247586083628,43.21247586083628
7245,c,43.21247586083628,43.21247586083628
7246,t,43.21247586083628,43.21247586083628
7247,c,43.21247586083628,43.21247586083628
7248,c,43.21247586083628,43.21247586083628
7249,c,43.21247586083628,43.21247586083628
7250,c,43.21247586083628,43.21247586083628
7251,c,43.21247586083628,43.21247586083628
7252,t,43.21247586083628,43.21247586083628
7253,c,43.21247586083628,43.21247586083628
7254,c,43.21247586083628,43.21247586083628
7255,c,43.21247586083628,43.21247586083628
7256,c,43.21247586083628,43.21247586083628
7257,c,43.21247586083628,43.21247586083628
7258,t,43.21247586083628,43.21247586083628
7259,c,43.21247586083628,43.21247586083628
7260,c,43.21247586083628,43.21247586083628
7261,c,43.21247586083628,43.21247586083628
7262,c,43.21247586083628,43.21247586083628
7263,c,43.21247586083628,43.21247586083628
7264,c,43.21247586083628,43.21247586083628
7265,na,8.845133498691897,10.30716271051585
7266,c,43.21247586083628,43.21247586083628
7267,c,43.21247586083628,43.21247586083628
7268,c,43.21247586083628,43.21247586083628
7269,t,43.21247586083628,43.21247586083628
7270,c,43.21247586083628,43.21247586083628
7271,c,43.21247586083628,43.21247586083628
7272,c,43.21247586083628,43.21247586083628
7273,c,43.21247586083628,43.21247586083628
7274,c,43.21247586083628,43.21247586083628
7275,t,43.21247586083628,43.21247586083628
7276,c,43.21247586083628,43.21247586083628
7277,t,43.21247586083628,43.21247586083628
7278,c,43.21247586083628,43.21247586083628
7279,t,43.21247586083628,43.21247586083628
7280,c,43.21247586083628,43.21247586083628
7281,c,43.21247586083628,43.21247586083628
7282,c,43.21247586083628,43.21247586083628
7283,c,43.21247586083628,43.21247586083628
7284,c,43.21247586083628,43.21247586083628
7285,t,43.21247586083628,43.21247586083628
7286,c,43.21247586083628,43.21247586083628
7287,c,43.21247586083628,43.21247586083628
7288,c,19.503602687914654,24.986758709942343
7289,c,43.21247586083628,43.21247586083628
7290,t,43.21247586083628,43.21247586083628
7291,c,43.21247586083628,43.21247586083628
7292,c,43.21247586083628,43.21247586083628
7293,c,43.21247586083628,43.21247586083628
7294,c,43.21247586083628,43.21247586083628
7295,c,43.21247586083628,43.21247586083628
7296,c,43.21247586083628,43.21247586083628
7297,c,43.21247586083628,43.21247586083628
7298,c,43.21247586083628,43.21247586083628
7299,na,0,2.384825463857891
7300,t,43.21247586083628,43.21247586083628
7301,c,43.21247586083628,43.21247586083628
7302,c,24.855082890174113,30.56280725943702
7303,c,43.21247586083628,43.21247586083628
7304,c,43.21247586083628,43.21247586083628
7305,c,43.21247586083628,43.21247586083628
7306,t,43.21247586083628,43.21247586083628
7307,t,43.21247586083628,43.21247586083628
7308,c,43.21247586083628,43.21247586083628
7309,c,43.21247586083628,43.21247586083628
7310,c,43.21247586083628,43.21247586083628
7311,c,43.21247586083628,43.21247586083628
7312,t,43.21247586083628,43.21247586083628
7313,c,43.21247586083628,43.21247586083628
7314,c,43.21247586083628,43.21247586083628
7315,c,43.21247586083628,43.21247586083628
7316,c,43.21247586083628,43.21247586083628
7317,c,43.21247586083628,43.21247586083628
7318,c,43.21247586083628,43.21247586083628
7319,c,43.21247586083628,43.21247586083628
7320,c,43.21247586083628,43.21247586083628
7321,c,43.21247586083628,43.21247586083628
7322,c,43.21247586083628,43.21247586083628
7323,c,43.21247586083628,43.21247586083628
7324,c,43.21247586083628,43.21247586083628
7325,c,43.21247586083628,43.21247586083628
7326,c,43.21247586083628,43.21247586083628
7327,c,43.21247586083628,43.21247586083628
7328,na,-1,0
7329,c,43.21247586083628,43.21247586083628
7330,c,43.21247586083628,43.21247586083628
7331,c,43.21247586083628,43.21247586083628
7332,c,43.21247586083628,43.21247586083628
7333,c,43.21247586083628,43.21247586083628
7334,t,43.21247586083628,43.21247586083628
7335,c,43.21247586083628,43.21247586083628
7336,t,43.21247586083628,43.21247586083628
7337,c,43.21247586083628,43.21247586083628
7338,c,43.21247586083628,43.21247586083628
7339,c,43.21247586083628,43.21247586083628
7340,c,43.21247586083628,43.21247586083628
7341,c,43.21247586083628,43.21247586083628
7342,c,43.21247586083628,43.21247586083628
7343,c,43.21247586083628,43.21247586083628
7344,c,43.21247586083628,43.21247586083628
7345,c,43.21247586083628,43.21247586083628
7346,c,43.21247586083628,43.21247586083628
7347,t,43.21247586083628,43.21247586083628
7348,c,43.21247586083628,43.21247586083628
7349,c,20.38434543140669,26.791867629765434
7350,c,43.21247586083628,43.21247586083628
7351,c,43.21247586083628,43.21247586083628
7352,t,43.21247586083628,43.21247586083628
7353,c,43.21247586083628,43.21247586083628
7354,c,43.21247586083628,43.21247586083628
7355,c,43.21247586083628,43.21247586083628
7356,c,43.21247586083628,43.21247586083628
7357,c,43.21247586083628,43.21247586083628
7358,c,43.21247586083628,43.21247586083628
7359,c,43.21247586083628,43.21247586083628
7360,c,8.174278729086858,12.880437824147283
7361,c,43.21247586083628,43.21247586083628
7362,c,43.21247586083628,43.21247586083628
7363,c,43.21247586083628,43.21247586083628
7364,c,43.21247586083628,43.21247586083628
7365,c,43.21247586083628,43.21247586083628
7366,c,43.21247586083628,43.21247586083628
7367,c,43.21247586083628,43.21247586083628
7368,t,43.21247586083628,43.21247586083628
7369,c,20.150656768848094,24.460918949135063
7370,c,43.21247586083628,43.21247586083628
7371,c,43.21247586083628,43.21247586083628
7372,c,43.21247586083628,43.21247586083628
7373,c,43.21247586083628,43.21247586083628
7374,c,43.21247586083628,43.21247586083628
7375,c,43.21247586083628,43.21247586083628
7376,c,43.21247586083628,43.21247586083628
7377,c,43.21247586083628,43.21247586083628
7378,c,43.21247586083628,43.21247586083628
7379,c,43.21247586083628,43.21247586083628
7380,c,43.21247586083628,43.21247586083628
7381,c,43.21247586083628,43.21247586083628
7382,c,43.21247586083628,43.21247586083628
7383,t,43.21247586083628,43.21247586083628
7384,c,43.21247586083628,43.21247586083628
7385,c,43.21247586083628,43.21247586083628
7386,c,43.21247586083628,43.21247586083628
7387,c,43.21247586083628,43.21247586083628
7388,c,43.21247586083628,43.21247586083628
7389,c,43.21247586083628,43.21247586083628
7390,c,43.21247586083628,43.21247586083628
7391,c,43.21247586083628,43.21247586083628
7392,c,43.21247586083628,43.21247586083628
7393,c,43.21247586083628,43.21247586083628
7394,c,43.21247586083628,43.21247586083628
7395,t,43.21247586083628,43.21247586083628
7396,c,43.21247586083628,43.21247586083628
7397,c,43.21247586083628,43.21247586083628
7398,c,43.21247586083628,43.21247586083628
7399,c,43.21247586083628,43.21247586083628
7400,t,43.21247586083628,43.21247586083628
7401,c,43.21247586083628,43.21247586083628
7402,c,43.21247586083628,43.21247586083628
7403,c,43.21247586083628,43.21247586083628
7404,c,43.21247586083628,43.21247586083628
7405,c,43.21247586083628,43.21247586083628
7406,c,43.21247586083628,43.21247586083628
7407,c,43.21247586083628,43.21247586083628
7408,t,43.21247586083628,43.21247586083628
7409,c,43.21247586083628,43.21247586083628
7410,c,43.21247586083628,43.21247586083628
7411,c,43.21247586083628,43.21247586083628
7412,t,43.21247586083628,43.21247586083628
7413,c,43.21247586083628,43.21247586083628
7414,c,43.21247586083628,43.21247586083628
7415,c,43.21247586083628,43.21247586083628
7416,t,43.21247586083628,43.21247586083628
7417,t,43.21247586083628,43.21247586083628
7418,c,43.21247586083628,43.21247586083628
7419,c,43.21247586083628,43.21247586083628
7420,c,43.21247586083628,43.21247586083628
7421,c,43.21247586083628,43.21247586083628
7422,c,43.21247586083628,43.21247586083628
7423,t,43.21247586083628,43.21247586083628
7424,c,43.21247586083628,43.21247586083628
7425,c,43.21247586083628,43.21247586083628
7426,c,43.21247586083628,43.21247586083628
7427,c,43.21247586083628,43.21247586083628
7428,c,43.21247586083628,43.21247586083628
7429,t,43.21247586083628,43.21247586083628
7430,t,43.21247586083628,43.21247586083628
7431,t,43.21247586083628,43.21247586083628
7432,c,43.21247586083628,43.21247586083628
7433,c,43.21247586083628,43.21247586083628
7434,c,43.21247586083628,43.21247586083628
7435,c,43.21247586083628,43.21247586083628
7436,t,43.21247586083628,43.21247586083628
7437,c,43.21247586083628,43.21247586083628
7438,c,43.21247586083628,43.21247586083628
7439,c,43.21247586083628,43.21247586083628
7440,c,43.21247586083628,43.21247586083628
7441,c,43.21247586083628,43.21247586083628
7442,c,43.21247586083628,43.21247586083628
7443,c,43.21247586083628,43.21247586083628
7444,c,43.21247586083628,43.21247586083628
7445,c,43.21247586083628,43.21247586083628
7446,c,43.21247586083628,43.21247586083628
7447,t,43.21247586083628,43.21247586083628
7448,c,43.21247586083628,43.21247586083628
7449,t,43.21247586083628,43.21247586083628
7450,c,43.21247586083628,43.21247586083628
7451,c,43.21247586083628,43.21247586083628
7452,c,43.21247586083628,43.21247586083628
7453,c,43.21247586083628,43.21247586083628
7454,c,43.21247586083628,43.21247586083628
7455,c,43.21247586083628,43.21247586083628
7456,c,43.21247586083628,43.21247586083628
7457,t,43.21247586083628,43.21247586083628
7458,c,43.21247586083628,43.21247586083628
7459,c,43.21247586083628,43.21247586083628
7460,c,43.21247586083628,43.21247586083628
7461,c,43.21247586083628,43.21247586083628
7462,t,43.21247586083628,43.21247586083628
7463,c,3.1459207122852404,17.243365276168532
7464,na,0,10.019933211052034
7465,c,43.21247586083628,43.21247586083628
7466,c,43.21247586083628,43.21247586083628
7467,na,2.035009423096862,3.0897377460745648
7468,c,43.21247586083628,43.21247586083628
7469,c,43.21247586083628,43.21247586083628
7470,na,6.809564608969087,6.97505281702855
7471,c,43.21247586083628,43.21247586083628
7472,t,43.21247586083628,43.21247586083628
7473,c,43.21247586083628,43.21247586083628
7474,t,43.21247586083628,43.21247586083628
7475,c,43.21247586083628,43.21247586083628
7476,c,43.21247586083628,43.21247586083628
7477,na,0.9188763232266159,1.5514237334738545
7478,c,43.21247586083628,43.21247586083628
7479,c,43.21247586083628,43.21247586083628
7480,c,43.21247586083628,43.21247586083628
7481,c,43.21247586083628,43.21247586083628
7482,c,43.21247586083628,43.21247586083628
7483,c,43.21247586083628,43.21247586083628
7484,c,43.21247586083628,43.21247586083628
7485,c,43.21247586083628,43.21247586083628
7486,c,43.21247586083628,43.21247586083628
7487,c,43.21247586083628,43.21247586083628
7488,t,43.21247586083628,43.21247586083628
7489,t,43.21247586083628,43.21247586083628
7490,c,43.21247586083628,43.21247586083628
7491,c,43.21247586083628,43.21247586083628
7492,c,43.21247586083628,43.21247586083628
7493,c,43.21247586083628,43.21247586083628
7494,t,43.21247586083628,43.21247586083628
7495,c,43.21247586083628,43.21247586083628
7496,c,43.21247586083628,43.21247586083628
7497,c,43.21247586083628,43.21247586083628
7498,t,43.21247586083628,43.21247586083628
7499,c,43.21247586083628,43.21247586083628
7500,c,43.21247586083628,43.21247586083628
7501,c,6.325044615752664,13.046322031489263
7502,c,43.21247586083628,43.21247586083628
7503,c,43.21247586083628,43.21247586083628
7504,c,43.21247586083628,43.21247586083628
7505,c,43.21247586083628,43.21247586083628
7506,c,43.21247586083628,43.21247586083628
7507,c,43.21247586083628,43.21247586083628
7508,c,43.21247586083628,43.21247586083628
7509,c,43.21247586083628,43.21247586083628
7510,c,43.21247586083628,43.21247586083628
7511,c,43.21247586083628,43.21247586083628
7512,c,43.21247586083628,43.21247586083628
7513,c,43.21247586083628,43.21247586083628
7514,t,43.21247586083628,43.21247586083628
7515,t,43.21247586083628,43.21247586083628
7516,c,43.21247586083628,43.21247586083628
7517,c,43.21247586083628,43.21247586083628
7518,t,43.21247586083628,43.21247586083628
7519,c,43.21247586083628,43.21247586083628
7520,c,43.21247586083628,43.21247586083628
7521,c,43.21247586083628,43.21247586083628
7522,c,43.21247586083628,43.21247586083628
7523,c,43.21247586083628,43.21247586083628
7524,c,43.21247586083628,43.21247586083628
7525,c,43.21247586083628,43.21247586083628
7526,c,43.21247586083628,43.21247586083628
7527,c,43.21247586083628,43.21247586083628
7528,c,43.21247586083628,43.21247586083628
7529,t,43.21247586083628,43.21247586083628
7530,t,43.21247586083628,43.21247586083628
7531,c,43.21247586083628,43.21247586083628
7532,c,43.21247586083628,43.21247586083628
7533,c,43.21247586083628,43.21247586083628
7534,c,43.21247586083628,43.21247586083628
7535,t,43.21247586083628,43.21247586083628
7536,c,43.21247586083628,43.21247586083628
7537,c,43.21247586083628,43.21247586083628
7538,c,43.21247586083628,43.21247586083628
7539,c,43.21247586083628,43.21247586083628
7540,c,43.21247586083628,43.21247586083628
7541,c,43.21247586083628,43.21247586083628
7542,t,43.21247586083628,43.21247586083628
7543,c,43.21247586083628,43.21247586083628
7544,c,43.21247586083628,43.21247586083628
7545,c,43.21247586083628,43.21247586083628
7546,c,43.21247586083628,43.21247586083628
7547,c,43.21247586083628,43.21247586083628
7548,c,43.21247586083628,43.21247586083628
7549,c,43.21247586083628,43.21247586083628
7550,c,43.21247586083628,43.21247586083628
7551,c,43.21247586083628,43.21247586083628
7552,c,43.21247586083628,43.21247586083628
7553,c,43.21247586083628,43.21247586083628
7554,c,43.21247586083628,43.21247586083628
7555,c,43.21247586083628,43.21247586083628
7556,c,43.21247586083628,43.21247586083628
7557,c,43.21247586083628,43.21247586083628
7558,c,43.21247586083628,43.21247586083628
7559,c,43.21247586083628,43.21247586083628
7560,t,43.21247586083628,43.21247586083628
7561,t,43.21247586083628,43.21247586083628
7562,c,43.21247586083628,43.21247586083628
7563,c,43.21247586083628,43.21247586083628
7564,na,1.2303216294564128,3.617806142003969
7565,c,43.21247586083628,43.21247586083628
7566,c,43.21247586083628,43.21247586083628
7567,c,43.21247586083628,43.21247586083628
7568,t,43.21247586083628,43.21247586083628
7569,c,43.21247586083628,43.21247586083628
7570,c,43.21247586083628,43.21247586083628
7571,c,43.21247586083628,43.21247586083628
7572,c,43.21247586083628,43.21247586083628
7573,c,43.21247586083628,43.21247586083628
7574,c,43.21247586083628,43.21247586083628
7575,t,43.21247586083628,43.21247586083628
7576,c,43.21247586083628,43.21247586083628
7577,c,43.21247586083628,43.21247586083628
7578,t,43.21247586083628,43.21247586083628
7579,c,43.21247586083628,43.21247586083628
7580,t,43.21247586083628,43.21247586083628
7581,c,43.21247586083628,43.21247586083628
7582,c,43.21247586083628,43.21247586083628
7583,c,43.21247586083628,43.21247586083628
7584,c,43.21247586083628,43.21247586083628
7585,c,43.21247586083628,43.21247586083628
7586,c,43.21247586083628,43.21247586083628
7587,c,43.21247586083628,43.21247586083628
7588,c,43.21247586083628,43.21247586083628
7589,c,43.21247586083628,43.21247586083628
7590,c,43.21247586083628,43.21247586083628
7591,t,43.21247586083628,43.21247586083628
7592,c,43.21247586083628,43.21247586083628
7593,c,43.21247586083628,43.21247586083628
7594,c,43.21247586083628,43.21247586083628
7595,c,43.21247586083628,43.21247586083628
7596,c,43.21247586083628,43.21247586083628
7597,c,43.21247586083628,43.21247586083628
7598,t,43.21247586083628,43.21247586083628
7599,c,43.21247586083628,43.21247586083628
7600,c,43.21247586083628,43.21247586083628
7601,t,43.21247586083628,43.21247586083628
7602,c,43.21247586083628,43.21247586083628
7603,c,43.21247586083628,43.21247586083628
7604,c,43.21247586083628,43.21247586083628
7605,c,43.21247586083628,43.21247586083628
7606,c,43.21247586083628,43.21247586083628
7607,c,43.21247586083628,43.21247586083628
7608,t,43.21247586083628,43.21247586083628
7609,t,43.21247586083628,43.21247586083628
7610,c,43.21247586083628,43.21247586083628
7611,t,43.21247586083628,43.21247586083628
7612,c,43.21247586083628,43.21247586083628
7613,c,43.21247586083628,43.21247586083628
7614,c,43.21247586083628,43.21247586083628
7615,c,43.21247586083628,43.21247586083628
7616,c,43.21247586083628,43.21247586083628
7617,t,43.21247586083628,43.21247586083628
7618,c,43.21247586083628,43.21247586083628
7619,c,43.21247586083628,43.21247586083628
7620,c,11.953038226150044,43.21247586083628
7621,c,43.21247586083628,43.21247586083628
7622,c,43.21247586083628,43.21247586083628
7623,c,43.21247586083628,43.21247586083628
7624,c,43.21247586083628,43.21247586083628
7625,c,43.21247586083628,43.21247586083628
7626,c,43.21247586083628,43.21247586083628
7627,c,43.21247586083628,43.21247586083628
7628,c,43.21247586083628,43.21247586083628
7629,c,43.21247586083628,43.21247586083628
7630,c,43.21247586083628,43.21247586083628
7631,t,43.21247586083628,43.21247586083628
7632,c,43.21247586083628,43.21247586083628
7633,c,43.21247586083628,43.21247586083628
7634,c,43.21247586083628,43.21247586083628
7635,c,43.21247586083628,43.21247586083628
7636,c,43.21247586083628,43.21247586083628
7637,c,43.21247586083628,43.21247586083628
7638,t,43.21247586083628,43.21247586083628
7639,c,43.21247586083628,43.21247586083628
7640,c,43.21247586083628,43.21247586083628
7641,c,43.21247586083628,43.21247586083628
7642,t,43.21247586083628,43.21247586083628
7643,c,43.21247586083628,43.21247586083628
7644,c,43.21247586083628,43.21247586083628
7645,c,43.21247586083628,43.21247586083628
7646,t,43.21247586083628,43.21247586083628
7647,c,43.21247586083628,43.21247586083628
7648,t,43.21247586083628,43.21247586083628
7649,c,43.21247586083628,43.21247586083628
7650,c,43.21247586083628,43.21247586083628
7651,c,43.21247586083628,43.21247586083628
7652,t,43.21247586083628,43.21247586083628
7653,t,43.21247586083628,43.21247586083628
7654,c,10.217305022122236,10.791526140176035
7655,c,43.21247586083628,43.21247586083628
7656,c,43.21247586083628,43.21247586083628
7657,c,43.21247586083628,43.21247586083628
7658,c,43.21247586083628,43.21247586083628
7659,c,43.21247586083628,43.21247586083628
7660,t,43.21247586083628,43.21247586083628
7661,c,43.21247586083628,43.21247586083628
7662,c,43.21247586083628,43.21247586083628
7663,c,43.21247586083628,43.21247586083628
7664,c,43.21247586083628,43.21247586083628
7665,c,43.21247586083628,43.21247586083628
7666,c,43.21247586083628,43.21247586083628
7667,c,43.21247586083628,43.21247586083628
7668,na,9.484888427513829,11.422539187525567
7669,c,43.21247586083628,43.21247586083628
7670,c,43.21247586083628,43.21247586083628
7671,c,43.21247586083628,43.21247586083628
7672,c,43.21247586083628,43.21247586083628
7673,c,43.21247586083628,43.21247586083628
7674,c,43.21247586083628,43.21247586083628
7675,t,43.21247586083628,43.21247586083628
7676,c,43.21247586083628,43.21247586083628
7677,c,43.21247586083628,43.21247586083628
7678,c,43.21247586083628,43.21247586083628
7679,c,43.21247586083628,43.21247586083628
7680,c,43.21247586083628,43.21247586083628
7681,t,43.21247586083628,43.21247586083628
7682,c,43.21247586083628,43.21247586083628
7683,c,43.21247586083628,43.21247586083628
7684,c,43.21247586083628,43.21247586083628
7685,c,43.21247586083628,43.21247586083628
7686,c,43.21247586083628,43.21247586083628
7687,c,43.21247586083628,43.21247586083628
7688,c,43.21247586083628,43.21247586083628
7689,t,43.21247586083628,43.21247586083628
7690,c,43.21247586083628,43.21247586083628
7691,c,43.21247586083628,43.21247586083628
7692,t,43.21247586083628,43.21247586083628
7693,c,43.21247586083628,43.21247586083628
7694,c,43.21247586083628,43.21247586083628
7695,c,43.21247586083628,43.21247586083628
7696,c,43.21247586083628,43.21247586083628
7697,c,43.21247586083628,43.21247586083628
7698,c,43.21247586083628,43.21247586083628
7699,t,43.21247586083628,43.21247586083628
7700,c,43.21247586083628,43.21247586083628
7701,c,43.21247586083628,43.21247586083628
7702,c,43.21247586083628,43.21247586083628
7703,c,43.21247586083628,43.21247586083628
7704,t,43.21247586083628,43.21247586083628
7705,c,43.21247586083628,43.21247586083628
7706,c,43.21247586083628,43.21247586083628
7707,c,43.21247586083628,43.21247586083628
7708,c,43.21247586083628,43.21247586083628
7709,t,43.21247586083628,43.21247586083628
7710,c,43.21247586083628,43.21247586083628
7711,t,43.21247586083628,43.21247586083628
7712,c,5.558488473378732,5.827557008910909
7713,t,43.21247586083628,43.21247586083628
7714,c,43.21247586083628,43.21247586083628
7715,c,43.21247586083628,43.21247586083628
7716,c,43.21247586083628,43.21247586083628
7717,c,43.21247586083628,43.21247586083628
7718,c,43.21247586083628,43.21247586083628
7719,t,43.21247586083628,43.21247586083628
7720,na,7.461106614688087,23.388702161878868
7721,t,43.21247586083628,43.21247586083628
7722,c,43.21247586083628,43.21247586083628
7723,t,43.21247586083628,43.21247586083628
7724,c,43.21247586083628,43.21247586083628
7725,c,43.21247586083628,43.21247586083628
7726,t,43.21247586083628,43.21247586083628
7727,c,43.21247586083628,43.21247586083628
7728,c,43.21247586083628,43.21247586083628
7729,t,43.21247586083628,43.21247586083628
7730,c,43.21247586083628,43.21247586083628
7731,t,43.21247586083628,43.21247586083628
7732,t,43.21247586083628,43.21247586083628
7733,t,43.21247586083628,43.21247586083628
7734,t,43.21247586083628,43.21247586083628
7735,c,43.21247586083628,43.21247586083628
7736,t,43.21247586083628,43.21247586083628
7737,c,43.21247586083628,43.21247586083628
7738,c,43.21247586083628,43.21247586083628
7739,c,43.21247586083628,43.21247586083628
7740,c,43.21247586083628,43.21247586083628
7741,c,43.21247586083628,43.21247586083628
7742,c,43.21247586083628,43.21247586083628
7743,c,22.971246336744027,24.64162935876346
7744,c,43.21247586083628,43.21247586083628
7745,c,43.21247586083628,43.21247586083628
7746,c,43.21247586083628,43.21247586083628
7747,c,43.21247586083628,43.21247586083628
7748,c,43.21247586083628,43.21247586083628
7749,t,43.21247586083628,43.21247586083628
7750,t,43.21247586083628,43.21247586083628
7751,c,43.21247586083628,43.21247586083628
7752,c,43.21247586083628,43.21247586083628
7753,c,43.21247586083628,43.21247586083628
7754,t,43.21247586083628,43.21247586083628
7755,c,43.21247586083628,43.21247586083628
7756,c,43.21247586083628,43.21247586083628
7757,c,43.21247586083628,43.21247586083628
7758,c,43.21247586083628,43.21247586083628
7759,c,43.21247586083628,43.21247586083628
7760,c,43.21247586083628,43.21247586083628
7761,c,43.21247586083628,43.21247586083628
7762,c,43.21247586083628,43.21247586083628
7763,c,43.21247586083628,43.21247586083628
7764,c,43.21247586083628,43.21247586083628
7765,c,43.21247586083628,43.21247586083628
7766,c,43.21247586083628,43.21247586083628
7767,c,43.21247586083628,43.21247586083628
7768,c,43.21247586083628,43.21247586083628
7769,t,43.21247586083628,43.21247586083628
7770,c,43.21247586083628,43.21247586083628
7771,c,43.21247586083628,43.21247586083628
7772,c,43.21247586083628,43.21247586083628
7773,c,43.21247586083628,43.21247586083628
7774,c,43.21247586083628,43.21247586083628
7775,c,12.742868803625312,13.68532034259628
7776,na,12.109941536367707,17.09637226800801
7777,c,43.21247586083628,43.21247586083628
7778,t,43.21247586083628,43.21247586083628
7779,c,43.21247586083628,43.21247586083628
7780,c,43.21247586083628,43.21247586083628
7781,t,43.21247586083628,43.21247586083628
7782,c,43.21247586083628,43.21247586083628
7783,c,43.21247586083628,43.21247586083628
7784,t,43.21247586083628,43.21247586083628
7785,c,12.177933181629472,13.690216081606295
7786,c,43.21247586083628,43.21247586083628
7787,c,43.21247586083628,43.21247586083628
7788,t,43.21247586083628,43.21247586083628
7789,c,43.21247586083628,43.21247586083628
7790,c,43.21247586083628,43.21247586083628
7791,c,43.21247586083628,43.21247586083628
7792,c,43.21247586083628,43.21247586083628
7793,c,43.21247586083628,43.21247586083628
7794,c,43.21247586083628,43.21247586083628
7795,c,43.21247586083628,43.21247586083628
7796,c,43.21247586083628,43.21247586083628
7797,c,43.21247586083628,43.21247586083628
7798,c,43.21247586083628,43.21247586083628
7799,c,43.21247586083628,43.21247586083628
7800,c,43.21247586083628,43.21247586083628
7801,t,43.21247586083628,43.21247586083628
7802,c,43.21247586083628,43.21247586083628
7803,c,43.21247586083628,43.21247586083628
7804,c,43.21247586083628,43.21247586083628
7805,c,43.21247586083628,43.21247586083628
7806,t,43.21247586083628,43.21247586083628
7807,t,43.21247586083628,43.21247586083628
7808,t,43.21247586083628,43.21247586083628
7809,c,43.21247586083628,43.21247586083628
7810,c,43.21247586083628,43.21247586083628
7811,c,43.21247586083628,43.21247586083628
7812,c,43.21247586083628,43.21247586083628
7813,t,43.21247586083628,43.21247586083628
7814,c,43.21247586083628,43.21247586083628
7815,c,43.21247586083628,43.21247586083628
7816,c,43.21247586083628,43.21247586083628
7817,c,43.21247586083628,43.21247586083628
7818,c,43.21247586083628,43.21247586083628
7819,c,43.21247586083628,43.21247586083628
7820,c,43.21247586083628,43.21247586083628
7821,c,43.21247586083628,43.21247586083628
7822,c,43.21247586083628,43.21247586083628
7823,t,43.21247586083628,43.21247586083628
7824,t,43.21247586083628,43.21247586083628
7825,c,43.21247586083628,43.21247586083628
7826,c,43.21247586083628,43.21247586083628
7827,c,43.21247586083628,43.21247586083628
7828,c,43.21247586083628,43.21247586083628
7829,c,43.21247586083628,43.21247586083628
7830,c,43.21247586083628,43.21247586083628
7831,t,43.21247586083628,43.21247586083628
7832,c,43.21247586083628,43.21247586083628
7833,c,43.21247586083628,43.21247586083628
7834,c,43.21247586083628,43.21247586083628
7835,c,43.21247586083628,43.21247586083628
7836,c,43.21247586083628,43.21247586083628
7837,t,43.21247586083628,43.21247586083628
7838,c,43.21247586083628,43.21247586083628
7839,c,43.21247586083628,43.21247586083628
7840,c,43.21247586083628,43.21247586083628
7841,c,43.21247586083628,43.21247586083628
7842,c,43.21247586083628,43.21247586083628
7843,c,43.21247586083628,43.21247586083628
7844,c,43.21247586083628,43.21247586083628
7845,t,43.21247586083628,43.21247586083628
7846,c,43.21247586083628,43.21247586083628
7847,c,43.21247586083628,43.21247586083628
7848,c,43.21247586083628,43.21247586083628
7849,c,43.21247586083628,43.21247586083628
7850,c,43.21247586083628,43.21247586083628
7851,c,43.21247586083628,43.21247586083628
7852,t,43.21247586083628,43.21247586083628
7853,c,43.21247586083628,43.21247586083628
7854,c,43.21247586083628,43.21247586083628
7855,c,43.21247586083628,43.21247586083628
7856,c,43.21247586083628,43.21247586083628
7857,c,43.21247586083628,43.21247586083628
7858,c,43.21247586083628,43.21247586083628
7859,c,43.21247586083628,43.21247586083628
7860,c,43.21247586083628,43.21247586083628
7861,c,43.21247586083628,43.21247586083628
7862,c,43.21247586083628,43.21247586083628
7863,t,43.21247586083628,43.21247586083628
7864,c,43.21247586083628,43.21247586083628
7865,c,43.21247586083628,43.21247586083628
7866,t,43.21247586083628,43.21247586083628
7867,t,43.21247586083628,43.21247586083628
7868,c,43.21247586083628,43.21247586083628
7869,c,43.21247586083628,43.21247586083628
7870,c,1.1495392727388185,1.479199727672005
7871,t,43.21247586083628,43.21247586083628
7872,c,43.21247586083628,43.21247586083628
7873,t,43.21247586083628,43.21247586083628
7874,c,43.21247586083628,43.21247586083628
7875,t,43.21247586083628,43.21247586083628
7876,c,43.21247586083628,43.21247586083628
7877,c,43.21247586083628,43.21247586083628
7878,c,22.39122489274963,25.643475505413917
7879,c,43.21247586083628,43.21247586083628
7880,t,43.21247586083628,43.21247586083628
7881,t,43.21247586083628,43.21247586083628
7882,c,43.21247586083628,43.21247586083628
7883,c,43.21247586083628,43.21247586083628
7884,t,43.21247586083628,43.21247586083628
7885,c,43.21247586083628,43.21247586083628
7886,c,43.21247586083628,43.21247586083628
7887,c,43.21247586083628,43.21247586083628
7888,c,43.21247586083628,43.21247586083628
7889,c,43.21247586083628,43.21247586083628
7890,na,0,1.0904761686448399
7891,c,43.21247586083628,43.21247586083628
7892,c,43.21247586083628,43.21247586083628
7893,c,43.21247586083628,43.21247586083628
7894,c,43.21247586083628,43.21247586083628
7895,c,43.21247586083628,43.21247586083628
7896,c,43.21247586083628,43.21247586083628
7897,c,43.21247586083628,43.21247586083628
7898,c,43.21247586083628,43.21247586083628
7899,t,43.21247586083628,43.21247586083628
7900,c,43.21247586083628,43.21247586083628
7901,c,43.21247586083628,43.21247586083628
7902,c,43.21247586083628,43.21247586083628
7903,c,43.21247586083628,43.21247586083628
7904,c,43.21247586083628,43.21247586083628
7905,c,43.21247586083628,43.21247586083628
7906,c,43.21247586083628,43.21247586083628
7907,t,43.21247586083628,43.21247586083628
7908,c,43.21247586083628,43.21247586083628
7909,c,43.21247586083628,43.21247586083628
7910,c,43.21247586083628,43.21247586083628
7911,c,43.21247586083628,43.21247586083628
7912,c,43.21247586083628,43.21247586083628
7913,c,43.21247586083628,43.21247586083628
7914,c,43.21247586083628,43.21247586083628
7915,t,43.21247586083628,43.21247586083628
7916,c,43.21247586083628,43.21247586083628
7917,c,43.21247586083628,43.21247586083628
7918,c,10.252593926066318,14.425699848917036
7919,c,43.21247586083628,43.21247586083628
7920,c,43.21247586083628,43.21247586083628
7921,c,43.21247586083628,43.21247586083628
7922,c,43.21247586083628,43.21247586083628
7923,c,43.21247586083628,43.21247586083628
7924,c,43.21247586083628,43.21247586083628
7925,t,43.21247586083628,43.21247586083628
7926,c,43.21247586083628,43.21247586083628
7927,c,43.21247586083628,43.21247586083628
7928,c,43.21247586083628,43.21247586083628
7929,t,43.21247586083628,43.21247586083628
7930,c,43.21247586083628,43.21247586083628
7931,c,43.21247586083628,43.21247586083628
7932,c,43.21247586083628,43.21247586083628
7933,c,43.21247586083628,43.21247586083628
7934,c,43.21247586083628,43.21247586083628
7935,c,43.21247586083628,43.21247586083628
7936,c,43.21247586083628,43.21247586083628
7937,c,43.21247586083628,43.21247586083628
7938,c,43.21247586083628,43.21247586083628
7939,c,43.21247586083628,43.21247586083628
7940,c,43.21247586083628,43.21247586083628
7941,t,43.21247586083628,43.21247586083628
7942,t,43.21247586083628,43.21247586083628
7943,c,43.21247586083628,43.21247586083628
7944,t,43.21247586083628,43.21247586083628
7945,c,43.21247586083628,43.21247586083628
7946,t,43.21247586083628,43.21247586083628
7947,c,43.21247586083628,43.21247586083628
7948,t,43.21247586083628,43.21247586083628
7949,t,43.21247586083628,43.21247586083628
7950,c,43.21247586083628,43.21247586083628
7951,c,43.21247586083628,43.21247586083628
7952,t,43.21247586083628,43.21247586083628
7953,c,43.21247586083628,43.21247586083628
7954,c,43.21247586083628,43.21247586083628
7955,c,43.21247586083628,43.21247586083628
7956,c,43.21247586083628,43.21247586083628
7957,c,2.3522200447065247,4.732850090655939
7958,c,43.21247586083628,43.21247586083628
7959,c,43.21247586083628,43.21247586083628
7960,c,43.21247586083628,43.21247586083628
7961,c,43.21247586083628,43.21247586083628
7962,c,43.21247586083628,43.21247586083628
7963,c,43.21247586083628,43.21247586083628
7964,c,43.21247586083628,43.21247586083628
7965,c,43.21247586083628,43.21247586083628
7966,c,43.21247586083628,43.21247586083628
7967,c,43.21247586083628,43.21247586083628
7968,t,43.21247586083628,43.21247586083628
7969,t,43.21247586083628,43.21247586083628
7970,c,43.21247586083628,43.21247586083628
7971,t,43.21247586083628,43.21247586083628
7972,c,43.21247586083628,43.21247586083628
7973,c,43.21247586083628,43.21247586083628
7974,t,43.21247586083628,43.21247586083628
7975,t,43.21247586083628,43.21247586083628
7976,t,43.21247586083628,43.21247586083628
7977,c,43.21247586083628,43.21247586083628
7978,t,43.21247586083628,43.21247586083628
7979,c,43.21247586083628,43.21247586083628
7980,c,43.21247586083628,43.21247586083628
7981,c,43.21247586083628,43.21247586083628
7982,na,-1,0
7983,c,43.21247586083628,43.21247586083628
7984,c,43.21247586083628,43.21247586083628
7985,c,43.21247586083628,43.21247586083628
7986,c,43.21247586083628,43.21247586083628
7987,c,43.21247586083628,43.21247586083628
7988,t,43.21247586083628,43.21247586083628
7989,c,43.21247586083628,43.21247586083628
7990,t,43.21247586083628,43.21247586083628
7991,c,43.21247586083628,43.21247586083628
7992,c,43.21247586083628,43.21247586083628
7993,c,43.21247586083628,43.21247586083628
7994,t,43.21247586083628,43.21247586083628
7995,t,43.21247586083628,43.21247586083628
7996,c,43.21247586083628,43.21247586083628
7997,c,43.21247586083628,43.21247586083628
7998,c,43.21247586083628,43.21247586083628
7999,c,43.21247586083628,43.21247586083628
8000,t,43.21247586083628,43.21247586083628
8001,c,43.21247586083628,43.21247586083628
8002,c,43.21247586083628,43.21247586083628
8003,t,43.21247586083628,43.21247586083628
8004,t,43.21247586083628,43.21247586083628
8005,c,43.21247586083628,43.21247586083628
8006,c,43.21247586083628,43.21247586083628
8007,c,43.21247586083628,43.21247586083628
8008,c,43.21247586083628,43.21247586083628
8009,c,43.21247586083628,43.21247586083628
8010,t,43.21247586083628,43.21247586083628
8011,c,43.21247586083628,43.21247586083628
8012,c,43.21247586083628,43.21247586083628
8013,c,43.21247586083628,43.21247586083628
8014,t,43.21247586083628,43.21247586083628
8015,c,43.21247586083628,43.21247586083628
8016,c,43.21247586083628,43.21247586083628
8017,c,43.21247586083628,43.21247586083628
8018,c,43.21247586083628,43.21247586083628
8019,c,43.21247586083628,43.21247586083628
8020,c,43.21247586083628,43.21247586083628
8021,c,43.21247586083628,43.21247586083628
8022,t,43.21247586083628,43.21247586083628
8023,t,43.21247586083628,43.21247586083628
8024,t,43.21247586083628,43.21247586083628
8025,c,43.21247586083628,43.21247586083628
8026,c,43.21247586083628,43.21247586083628
8027,c,43.21247586083628,43.21247586083628
8028,c,43.21247586083628,43.21247586083628
8029,c,43.21247586083628,43.21247586083628
8030,c,43.21247586083628,43.21247586083628
8031,c,43.21247586083628,43.21247586083628
8032,t,43.21247586083628,43.21247586083628
8033,c,43.21247586083628,43.21247586083628
8034,c,43.21247586083628,43.21247586083628
8035,c,43.21247586083628,43.21247586083628
8036,t,43.21247586083628,43.21247586083628
8037,c,43.21247586083628,43.21247586083628
8038,c,43.21247586083628,43.21247586083628
8039,t,43.21247586083628,43.21247586083628
8040,c,43.21247586083628,43.21247586083628
8041,c,43.21247586083628,43.21247586083628
8042,c,43.21247586083628,43.21247586083628
8043,c,43.21247586083628,43.21247586083628
8044,c,43.21247586083628,43.21247586083628
8045,c,43.21247586083628,43.21247586083628
8046,c,43.21247586083628,43.21247586083628
8047,c,43.21247586083628,43.21247586083628
8048,c,43.21247586083628,43.21247586083628
8049,na,9.24442814988035,12.254500947387392
8050,c,43.21247586083628,43.21247586083628
8051,c,43.21247586083628,43.21247586083628
8052,c,43.21247586083628,43.21247586083628
8053,c,43.21247586083628,43.21247586083628
8054,c,43.21247586083628,43.21247586083628
8055,c,43.21247586083628,43.21247586083628
8056,c,43.21247586083628,43.21247586083628
8057,c,43.21247586083628,43.21247586083628
8058,t,43.21247586083628,43.21247586083628
8059,t,43.21247586083628,43.21247586083628
8060,t,43.21247586083628,43.21247586083628
8061,c,43.21247586083628,43.21247586083628
8062,c,43.21247586083628,43.21247586083628
8063,c,43.21247586083628,43.21247586083628
8064,c,43.21247586083628,43.21247586083628
8065,c,43.21247586083628,43.21247586083628
8066,c,43.21247586083628,43.21247586083628
8067,t,43.21247586083628,43.21247586083628
8068,c,43.21247586083628,43.21247586083628
8069,t,43.21247586083628,43.21247586083628
8070,c,43.21247586083628,43.21247586083628
8071,c,43.21247586083628,43.21247586083628
8072,c,43.21247586083628,43.21247586083628
8073,t,43.21247586083628,43.21247586083628
8074,c,43.21247586083628,43.21247586083628
8075,c,43.21247586083628,43.21247586083628
8076,c,43.21247586083628,43.21247586083628
8077,c,43.21247586083628,43.21247586083628
8078,c,43.21247586083628,43.21247586083628
8079,t,43.21247586083628,43.21247586083628
8080,c,43.21247586083628,43.21247586083628
8081,c,43.21247586083628,43.21247586083628
8082,t,43.21247586083628,43.21247586083628
8083,c,7.178763774062459,17.61493788654227
8084,c,43.21247586083628,43.21247586083628
8085,t,43.21247586083628,43.21247586083628
8086,na,0.936578167105745,4.618884583280329
8087,c,43.21247586083628,43.21247586083628
8088,c,43.21247586083628,43.21247586083628
8089,c,43.21247586083628,43.21247586083628
8090,c,5.691297605665496,10.83295757630256
8091,c,43.21247586083628,43.21247586083628
8092,c,43.21247586083628,43.21247586083628
8093,c,43.21247586083628,43.21247586083628
8094,c,43.21247586083628,43.21247586083628
8095,t,43.21247586083628,43.21247586083628
8096,c,43.21247586083628,43.21247586083628
8097,c,43.21247586083628,43.21247586083628
8098,c,43.21247586083628,43.21247586083628
8099,c,43.21247586083628,43.21247586083628
8100,t,43.21247586083628,43.21247586083628
8101,c,43.21247586083628,43.21247586083628
8102,c,43.21247586083628,43.21247586083628
8103,t,43.21247586083628,43.21247586083628
8104,c,43.21247586083628,43.21247586083628
8105,c,2.445439785013849,8.742144213052146
8106,c,43.21247586083628,43.21247586083628
8107,c,43.21247586083628,43.21247586083628
8108,t,43.21247586083628,43.21247586083628
8109,t,43.21247586083628,43.21247586083628
8110,c,43.21247586083628,43.21247586083628
8111,c,43.21247586083628,43.21247586083628
8112,c,43.21247586083628,43.21247586083628
8113,t,43.21247586083628,43.21247586083628
8114,c,43.21247586083628,43.21247586083628
8115,c,43.21247586083628,43.21247586083628
8116,c,43.21247586083628,43.21247586083628
8117,t,43.21247586083628,43.21247586083628
8118,c,43.21247586083628,43.21247586083628
8119,c,43.21247586083628,43.21247586083628
8120,c,43.21247586083628,43.21247586083628
8121,c,43.21247586083628,43.21247586083628
8122,c,43.21247586083628,43.21247586083628
8123,t,43.21247586083628,43.21247586083628
8124,c,43.21247586083628,43.21247586083628
8125,c,43.21247586083628,43.21247586083628
8126,c,43.21247586083628,43.21247586083628
8127,t,43.21247586083628,43.21247586083628
8128,c,43.21247586083628,43.21247586083628
8129,c,43.21247586083628,43.21247586083628
8130,t,43.21247586083628,43.21247586083628
8131,c,43.21247586083628,43.21247586083628
8132,t,43.21247586083628,43.21247586083628
8133,c,43.21247586083628,43.21247586083628
8134,c,43.21247586083628,43.21247586083628
8135,c,43.21247586083628,43.21247586083628
8136,c,43.21247586083628,43.21247586083628
8137,c,43.21247586083628,43.21247586083628
8138,c,43.21247586083628,43.21247586083628
8139,c,43.21247586083628,43.21247586083628
8140,c,43.21247586083628,43.21247586083628
8141,c,43.21247586083628,43.21247586083628
8142,c,43.21247586083628,43.21247586083628
8143,t,43.21247586083628,43.21247586083628
8144,c,43.21247586083628,43.21247586083628
8145,c,43.21247586083628,43.21247586083628
8146,c,43.21247586083628,43.21247586083628
8147,c,43.21247586083628,43.21247586083628
8148,t,43.21247586083628,43.21247586083628
8149,c,43.21247586083628,43.21247586083628
8150,c,43.21247586083628,43.21247586083628
8151,c,43.21247586083628,43.21247586083628
8152,c,43.21247586083628,43.21247586083628
8153,c,43.21247586083628,43.21247586083628
8154,c,43.21247586083628,43.21247586083628
8155,t,43.21247586083628,43.21247586083628
8156,c,43.21247586083628,43.21247586083628
8157,c,43.21247586083628,43.21247586083628
8158,c,43.21247586083628,43.21247586083628
8159,c,43.21247586083628,43.21247586083628
8160,c,43.21247586083628,43.21247586083628
8161,c,43.21247586083628,43.21247586083628
8162,t,43.21247586083628,43.21247586083628
8163,c,43.21247586083628,43.21247586083628
8164,c,43.21247586083628,43.21247586083628
8165,c,43.21247586083628,43.21247586083628
8166,c,43.21247586083628,43.21247586083628
8167,c,43.21247586083628,43.21247586083628
8168,t,43.21247586083628,43.21247586083628
8169,t,43.21247586083628,43.21247586083628
8170,t,43.21247586083628,43.21247586083628
8171,t,43.21247586083628,43.21247586083628
8172,c,43.21247586083628,43.21247586083628
8173,c,43.21247586083628,43.21247586083628
8174,t,43.21247586083628,43.21247586083628
8175,c,43.21247586083628,43.21247586083628
8176,c,43.21247586083628,43.21247586083628
8177,c,43.21247586083628,43.21247586083628
8178,na,2.325952687604599,6.522826695475994
8179,c,43.21247586083628,43.21247586083628
8180,c,43.21247586083628,43.21247586083628
8181,c,43.21247586083628,43.21247586083628
8182,c,43.21247586083628,43.21247586083628
8183,c,43.21247586083628,43.21247586083628
8184,c,43.21247586083628,43.21247586083628
8185,c,43.21247586083628,43.21247586083628
8186,c,43.21247586083628,43.21247586083628
8187,c,43.21247586083628,43.21247586083628
8188,c,43.21247586083628,43.21247586083628
8189,c,5.495235995247868,18.880728590210488
8190,c,43.21247586083628,43.21247586083628
8191,c,43.21247586083628,43.21247586083628
8192,c,43.21247586083628,43.21247586083628
8193,c,43.21247586083628,43.21247586083628
8194,c,43.21247586083628,43.21247586083628
8195,t,43.21247586083628,43.21247586083628
8196,c,43.21247586083628,43.21247586083628
8197,c,43.21247586083628,43.21247586083628
8198,t,43.21247586083628,43.21247586083628
8199,c,43.21247586083628,43.21247586083628
8200,c,43.21247586083628,43.21247586083628
8201,c,43.21247586083628,43.21247586083628
8202,c,43.21247586083628,43.21247586083628
8203,t,43.21247586083628,43.21247586083628
8204,t,43.21247586083628,43.21247586083628
8205,c,43.21247586083628,43.21247586083628
8206,c,43.21247586083628,43.21247586083628
8207,t,43.21247586083628,43.21247586083628
8208,c,43.21247586083628,43.21247586083628
8209,c,43.21247586083628,43.21247586083628
8210,c,43.21247586083628,43.21247586083628
8211,c,43.21247586083628,43.21247586083628
8212,t,43.21247586083628,43.21247586083628
8213,c,43.21247586083628,43.21247586083628
8214,c,43.21247586083628,43.21247586083628
8215,c,43.21247586083628,43.21247586083628
8216,c,43.21247586083628,43.21247586083628
8217,c,43.21247586083628,43.21247586083628
8218,c,43.21247586083628,43.21247586083628
8219,c,43.21247586083628,43.21247586083628
8220,c,43.21247586083628,43.21247586083628
8221,t,43.21247586083628,43.21247586083628
8222,c,43.21247586083628,43.21247586083628
8223,t,43.21247586083628,43.21247586083628
8224,c,43.21247586083628,43.21247586083628
8225,c,43.21247586083628,43.21247586083628
8226,c,43.21247586083628,43.21247586083628
8227,c,43.21247586083628,43.21247586083628
8228,c,43.21247586083628,43.21247586083628
8229,c,43.21247586083628,43.21247586083628
8230,c,43.21247586083628,43.21247586083628
8231,c,43.21247586083628,43.21247586083628
8232,t,43.21247586083628,43.21247586083628
8233,t,43.21247586083628,43.21247586083628
8234,c,43.21247586083628,43.21247586083628
8235,c,43.21247586083628,43.21247586083628
8236,t,43.21247586083628,43.21247586083628
8237,c,43.21247586083628,43.21247586083628
8238,c,43.21247586083628,43.21247586083628
8239,c,43.21247586083628,43.21247586083628
8240,c,43.21247586083628,43.21247586083628
8241,c,43.21247586083628,43.21247586083628
8242,c,43.21247586083628,43.21247586083628
8243,c,43.21247586083628,43.21247586083628
8244,c,43.21247586083628,43.21247586083628
8245,c,43.21247586083628,43.21247586083628
8246,c,43.21247586083628,43.21247586083628
8247,c,43.21247586083628,43.21247586083628
8248,c,43.21247586083628,43.21247586083628
8249,c,43.21247586083628,43.21247586083628
8250,c,43.21247586083628,43.21247586083628
8251,t,43.21247586083628,43.21247586083628
8252,c,43.21247586083628,43.21247586083628
8253,c,43.21247586083628,43.21247586083628
8254,c,43.21247586083628,43.21247586083628
8255,c,43.21247586083628,43.21247586083628
8256,c,43.21247586083628,43.21247586083628
8257,c,43.21247586083628,43.21247586083628
8258,c,43.21247586083628,43.21247586083628
8259,c,43.21247586083628,43.21247586083628
8260,c,43.21247586083628,43.21247586083628
8261,c,43.21247586083628,43.21247586083628
8262,c,43.21247586083628,43.21247586083628
8263,t,43.21247586083628,43.21247586083628
8264,t,43.21247586083628,43.21247586083628
8265,c,43.21247586083628,43.21247586083628
8266,c,16.30881774714796,24.998223815448057
8267,c,43.21247586083628,43.21247586083628
8268,c,43.21247586083628,43.21247586083628
8269,c,43.21247586083628,43.21247586083628
8270,c,43.21247586083628,43.21247586083628
8271,c,43.21247586083628,43.21247586083628
8272,t,43.21247586083628,43.21247586083628
8273,t,43.21247586083628,43.21247586083628
8274,c,43.21247586083628,43.21247586083628
8275,c,43.21247586083628,43.21247586083628
8276,c,11.773086924514425,13.722871937240122
8277,na,0.1616007276567103,1.403476870255343
8278,c,43.21247586083628,43.21247586083628
8279,c,43.21247586083628,43.21247586083628
8280,c,43.21247586083628,43.21247586083628
8281,c,43.21247586083628,43.21247586083628
8282,c,43.21247586083628,43.21247586083628
8283,c,43.21247586083628,43.21247586083628
8284,c,43.21247586083628,43.21247586083628
8285,t,43.21247586083628,43.21247586083628
8286,c,43.21247586083628,43.21247586083628
8287,c,43.21247586083628,43.21247586083628
8288,c,43.21247586083628,43.21247586083628
8289,t,43.21247586083628,43.21247586083628
8290,t,43.21247586083628,43.21247586083628
8291,t,43.21247586083628,43.21247586083628
8292,c,43.21247586083628,43.21247586083628
8293,c,43.21247586083628,43.21247586083628
8294,c,43.21247586083628,43.21247586083628
8295,c,43.21247586083628,43.21247586083628
8296,c,43.21247586083628,43.21247586083628
8297,t,43.21247586083628,43.21247586083628
8298,c,43.21247586083628,43.21247586083628
8299,c,43.21247586083628,43.21247586083628
8300,c,43.21247586083628,43.21247586083628
8301,c,43.21247586083628,43.21247586083628
8302,t,43.21247586083628,43.21247586083628
8303,t,43.21247586083628,43.21247586083628
8304,c,43.21247586083628,43.21247586083628
8305,c,43.21247586083628,43.21247586083628
8306,c,43.21247586083628,43.21247586083628
8307,c,43.21247586083628,43.21247586083628
8308,c,43.21247586083628,43.21247586083628
8309,c,43.21247586083628,43.21247586083628
8310,c,43.21247586083628,43.21247586083628
8311,c,43.21247586083628,43.21247586083628
8312,c,43.21247586083628,43.21247586083628
8313,t,43.21247586083628,43.21247586083628
8314,c,43.21247586083628,43.21247586083628
8315,c,43.21247586083628,43.21247586083628
8316,c,19.754059891567106,20.687480773568357
8317,c,43.21247586083628,43.21247586083628
8318,c,43.21247586083628,43.21247586083628
8319,c,43.21247586083628,43.21247586083628
8320,c,43.21247586083628,43.21247586083628
8321,t,43.21247586083628,43.21247586083628
8322,t,43.21247586083628,43.21247586083628
8323,c,43.21247586083628,43.21247586083628
8324,c,43.21247586083628,43.21247586083628
8325,c,43.21247586083628,43.21247586083628
8326,c,43.21247586083628,43.21247586083628
8327,c,43.21247586083628,43.21247586083628
8328,c,43.21247586083628,43.21247586083628
8329,c,43.21247586083628,43.21247586083628
8330,c,43.21247586083628,43.21247586083628
8331,c,43.21247586083628,43.21247586083628
8332,c,43.21247586083628,43.21247586083628
8333,t,43.21247586083628,43.21247586083628
8334,c,43.21247586083628,43.21247586083628
8335,t,43.21247586083628,43.21247586083628
8336,c,43.21247586083628,43.21247586083628
8337,c,43.21247586083628,43.21247586083628
8338,c,43.21247586083628,43.21247586083628
8339,c,43.21247586083628,43.21247586083628
8340,c,43.21247586083628,43.21247586083628
8341,c,43.21247586083628,43.21247586083628
8342,c,43.21247586083628,43.21247586083628
8343,c,43.21247586083628,43.21247586083628
8344,t,43.21247586083628,43.21247586083628
8345,c,43.21247586083628,43.21247586083628
8346,c,43.21247586083628,43.21247586083628
8347,c,43.21247586083628,43.21247586083628
8348,c,43.21247586083628,43.21247586083628
8349,c,43.21247586083628,43.21247586083628
8350,c,9.820283289837363,10.344398486947341
8351,t,43.21247586083628,43.21247586083628
8352,t,43.21247586083628,43.21247586083628
8353,c,43.21247586083628,43.21247586083628
8354,c,13.883348234581971,17.38105366318501
8355,c,43.21247586083628,43.21247586083628
8356,c,43.21247586083628,43.21247586083628
8357,c,43.21247586083628,43.21247586083628
8358,c,43.21247586083628,43.21247586083628
8359,c,43.21247586083628,43.21247586083628
8360,c,43.21247586083628,43.21247586083628
8361,c,43.21247586083628,43.21247586083628
8362,c,43.21247586083628,43.21247586083628
8363,t,43.21247586083628,43.21247586083628
8364,c,43.21247586083628,43.21247586083628
8365,c,43.21247586083628,43.21247586083628
8366,t,43.21247586083628,43.21247586083628
8367,c,43.21247586083628,43.21247586083628
8368,c,43.21247586083628,43.21247586083628
8369,c,43.21247586083628,43.21247586083628
8370,c,43.21247586083628,43.21247586083628
8371,c,43.21247586083628,43.21247586083628
8372,c,43.21247586083628,43.21247586083628
8373,c,43.21247586083628,43.21247586083628
8374,c,43.21247586083628,43.21247586083628
8375,c,43.21247586083628,43.21247586083628
8376,c,43.21247586083628,43.21247586083628
8377,c,43.21247586083628,43.21247586083628
8378,c,43.21247586083628,43.21247586083628
8379,c,8.583238984133718,15.832308206859352
8380,c,43.21247586083628,43.21247586083628
8381,c,43.21247586083628,43.21247586083628
8382,c,43.21247586083628,43.21247586083628
8383,c,43.21247586083628,43.21247586083628
8384,c,43.21247586083628,43.21247586083628
8385,c,43.21247586083628,43.21247586083628
8386,c,43.21247586083628,43.21247586083628
8387,c,43.21247586083628,43.21247586083628
8388,c,43.21247586083628,43.21247586083628
8389,c,43.21247586083628,43.21247586083628
8390,c,43.21247586083628,43.21247586083628
8391,c,43.21247586083628,43.21247586083628
8392,c,43.21247586083628,43.21247586083628
8393,t,43.21247586083628,43.21247586083628
8394,c,43.21247586083628,43.21247586083628
8395,c,43.21247586083628,43.21247586083628
8396,c,43.21247586083628,43.21247586083628
8397,c,43.21247586083628,43.21247586083628
8398,c,43.21247586083628,43.21247586083628
8399,c,5.661804820917395,15.208706320596342
8400,c,43.21247586083628,43.21247586083628
8401,t,43.21247586083628,43.21247586083628
8402,na,0.652918169061854,1.9239238908859595
8403,t,43.21247586083628,43.21247586083628
8404,c,43.21247586083628,43.21247586083628
8405,c,13.601877163170684,21.357096083456298
8406,c,43.21247586083628,43.21247586083628
8407,c,43.21247586083628,43.21247586083628
8408,c,43.21247586083628,43.21247586083628
8409,c,14.090977414895644,30.554223984437925
8410,c,43.21247586083628,43.21247586083628
8411,t,43.21247586083628,43.21247586083628
8412,c,9.844614592075944,11.934777471125408
8413,c,43.21247586083628,43.21247586083628
8414,c,24.87917268713177,40.29083943847387
8415,c,43.21247586083628,43.21247586083628
8416,t,43.21247586083628,43.21247586083628
8417,c,43.21247586083628,43.21247586083628
8418,c,43.21247586083628,43.21247586083628
8419,c,1.6588870187750497,7.578746854915524
8420,c,43.21247586083628,43.21247586083628
8421,c,43.21247586083628,43.21247586083628
8422,t,43.21247586083628,43.21247586083628
8423,c,43.21247586083628,43.21247586083628
8424,c,43.21247586083628,43.21247586083628
8425,c,43.21247586083628,43.21247586083628
8426,c,43.21247586083628,43.21247586083628
8427,c,43.21247586083628,43.21247586083628
8428,c,43.21247586083628,43.21247586083628
8429,c,43.21247586083628,43.21247586083628
8430,c,43.21247586083628,43.21247586083628
8431,c,43.21247586083628,43.21247586083628
8432,c,19.74518389327334,32.323436283623614
8433,t,43.21247586083628,43.21247586083628
8434,c,43.21247586083628,43.21247586083628
8435,t,43.21247586083628,43.21247586083628
8436,c,43.21247586083628,43.21247586083628
8437,t,43.21247586083628,43.21247586083628
8438,c,43.21247586083628,43.21247586083628
8439,c,43.21247586083628,43.21247586083628
8440,c,43.21247586083628,43.21247586083628
8441,c,43.21247586083628,43.21247586083628
8442,c,43.21247586083628,43.21247586083628
8443,c,43.21247586083628,43.21247586083628
8444,c,43.21247586083628,43.21247586083628
8445,c,43.21247586083628,43.21247586083628
8446,c,43.21247586083628,43.21247586083628
8447,c,43.21247586083628,43.21247586083628
8448,c,43.21247586083628,43.21247586083628
8449,c,43.21247586083628,43.21247586083628
8450,c,43.21247586083628,43.21247586083628
8451,t,43.21247586083628,43.21247586083628
8452,t,43.21247586083628,43.21247586083628
8453,c,43.21247586083628,43.21247586083628
8454,c,43.21247586083628,43.21247586083628
8455,t,43.21247586083628,43.21247586083628
8456,c,43.21247586083628,43.21247586083628
8457,c,43.21247586083628,43.21247586083628
8458,c,43.21247586083628,43.21247586083628
8459,t,43.21247586083628,43.21247586083628
8460,t,43.21247586083628,43.21247586083628
8461,c,43.21247586083628,43.21247586083628
8462,c,43.21247586083628,43.21247586083628
8463,c,43.21247586083628,43.21247586083628
8464,c,43.21247586083628,43.21247586083628
8465,c,43.21247586083628,43.21247586083628
8466,t,43.21247586083628,43.21247586083628
8467,c,43.21247586083628,43.21247586083628
8468,c,43.21247586083628,43.21247586083628
8469,c,43.21247586083628,43.21247586083628
8470,c,43.21247586083628,43.21247586083628
8471,t,43.21247586083628,43.21247586083628
8472,c,43.21247586083628,43.21247586083628
8473,c,43.21247586083628,43.21247586083628
8474,c,43.21247586083628,43.21247586083628
8475,c,43.21247586083628,43.21247586083628
8476,c,43.21247586083628,43.21247586083628
8477,c,43.21247586083628,43.21247586083628
8478,c,43.21247586083628,43.21247586083628
8479,c,43.21247586083628,43.21247586083628
8480,c,43.21247586083628,43.21247586083628
8481,c,43.21247586083628,43.21247586083628
8482,c,43.21247586083628,43.21247586083628
8483,t,43.21247586083628,43.21247586083628
8484,c,43.21247586083628,43.21247586083628
8485,c,43.21247586083628,43.21247586083628
8486,c,43.21247586083628,43.21247586083628
8487,c,43.21247586083628,43.21247586083628
8488,c,10.594450540510676,43.21247586083628
8489,t,43.21247586083628,43.21247586083628
8490,c,43.21247586083628,43.21247586083628
8491,c,43.21247586083628,43.21247586083628
8492,t,43.21247586083628,43.21247586083628
8493,c,43.21247586083628,43.21247586083628
8494,c,43.21247586083628,43.21247586083628
8495,c,43.21247586083628,43.21247586083628
8496,c,43.21247586083628,43.21247586083628
8497,t,43.21247586083628,43.21247586083628
8498,c,43.21247586083628,43.21247586083628
8499,c,43.21247586083628,43.21247586083628
8500,t,43.21247586083628,43.21247586083628
8501,c,43.21247586083628,43.21247586083628
8502,c,43.21247586083628,43.21247586083628
8503,c,43.21247586083628,43.21247586083628
8504,c,43.21247586083628,43.21247586083628
8505,t,43.21247586083628,43.21247586083628
8506,c,43.21247586083628,43.21247586083628
8507,c,43.21247586083628,43.21247586083628
8508,t,43.21247586083628,43.21247586083628
8509,t,43.21247586083628,43.21247586083628
8510,c,43.21247586083628,43.21247586083628
8511,c,43.21247586083628,43.21247586083628
8512,c,43.21247586083628,43.21247586083628
8513,c,43.21247586083628,43.21247586083628
8514,c,43.21247586083628,43.21247586083628
8515,c,43.21247586083628,43.21247586083628
8516,c,43.21247586083628,43.21247586083628
8517,c,43.21247586083628,43.21247586083628
8518,c,43.21247586083628,43.21247586083628
8519,c,43.21247586083628,43.21247586083628
8520,c,43.21247586083628,43.21247586083628
8521,c,43.21247586083628,43.21247586083628
8522,c,43.21247586083628,43.21247586083628
8523,na,0.8134820074328039,1.6396252601880243
8524,c,43.21247586083628,43.21247586083628
8525,c,43.21247586083628,43.21247586083628
8526,t,43.21247586083628,43.21247586083628
8527,c,43.21247586083628,43.21247586083628
8528,c,43.21247586083628,43.21247586083628
8529,c,43.21247586083628,43.21247586083628
8530,c,43.21247586083628,43.21247586083628
8531,c,43.21247586083628,43.21247586083628
8532,c,43.21247586083628,43.21247586083628
8533,t,43.21247586083628,43.21247586083628
8534,t,43.21247586083628,43.21247586083628
8535,c,43.21247586083628,43.21247586083628
8536,t,43.21247586083628,43.21247586083628
8537,t,43.21247586083628,43.21247586083628
8538,c,43.21247586083628,43.21247586083628
8539,c,16.732207380130994,18.61954241637673
8540,c,43.21247586083628,43.21247586083628
8541,c,43.21247586083628,43.21247586083628
8542,c,43.21247586083628,43.21247586083628
8543,t,43.21247586083628,43.21247586083628
8544,c,43.21247586083628,43.21247586083628
8545,c,43.21247586083628,43.21247586083628
8546,c,43.21247586083628,43.21247586083628
8547,c,43.21247586083628,43.21247586083628
8548,c,43.21247586083628,43.21247586083628
8549,c,43.21247586083628,43.21247586083628
8550,c,43.21247586083628,43.21247586083628
8551,c,43.21247586083628,43.21247586083628
8552,c,43.21247586083628,43.21247586083628
8553,c,43.21247586083628,43.21247586083628
8554,c,43.21247586083628,43.21247586083628
8555,c,43.21247586083628,43.21247586083628
8556,c,43.21247586083628,43.21247586083628
8557,t,43.21247586083628,43.21247586083628
8558,c,43.21247586083628,43.21247586083628
8559,c,43.21247586083628,43.21247586083628
8560,c,43.21247586083628,43.21247586083628
8561,c,15.349846780187345,18.157350523793646
8562,c,43.21247586083628,43.21247586083628
8563,c,43.21247586083628,43.21247586083628
8564,c,43.21247586083628,43.21247586083628
8565,c,5.028072163416505,5.722108488301991
8566,c,43.21247586083628,43.21247586083628
8567,t,43.21247586083628,43.21247586083628
8568,c,43.21247586083628,43.21247586083628
8569,c,43.21247586083628,43.21247586083628
8570,c,43.21247586083628,43.21247586083628
8571,c,43.21247586083628,43.21247586083628
8572,c,43.21247586083628,43.21247586083628
8573,c,43.21247586083628,43.21247586083628
8574,c,43.21247586083628,43.21247586083628
8575,c,43.21247586083628,43.21247586083628
8576,c,43.21247586083628,43.21247586083628
8577,c,43.21247586083628,43.21247586083628
8578,c,43.21247586083628,43.21247586083628
8579,c,43.21247586083628,43.21247586083628
8580,c,43.21247586083628,43.21247586083628
8581,c,43.21247586083628,43.21247586083628
8582,t,43.21247586083628,43.21247586083628
8583,c,43.21247586083628,43.21247586083628
8584,c,43.21247586083628,43.21247586083628
8585,c,43.21247586083628,43.21247586083628
8586,c,43.21247586083628,43.21247586083628
8587,c,43.21247586083628,43.21247586083628
8588,c,43.21247586083628,43.21247586083628
8589,c,43.21247586083628,43.21247586083628
8590,c,43.21247586083628,43.21247586083628
8591,c,43.21247586083628,43.21247586083628
8592,c,3.238869676406883,43.21247586083628
8593,c,43.21247586083628,43.21247586083628
8594,c,43.21247586083628,43.21247586083628
8595,na,0,8.875811844190785
8596,c,43.21247586083628,43.21247586083628
8597,c,43.21247586083628,43.21247586083628
8598,c,43.21247586083628,43.21247586083628
8599,t,43.21247586083628,43.21247586083628
8600,t,43.21247586083628,43.21247586083628
8601,c,43.21247586083628,43.21247586083628
8602,c,43.21247586083628,43.21247586083628
8603,c,43.21247586083628,43.21247586083628
8604,c,43.21247586083628,43.21247586083628
8605,c,43.21247586083628,43.21247586083628
8606,c,43.21247586083628,43.21247586083628
8607,c,43.21247586083628,43.21247586083628
8608,t,43.21247586083628,43.21247586083628
8609,c,43.21247586083628,43.21247586083628
8610,t,43.21247586083628,43.21247586083628
8611,c,43.21247586083628,43.21247586083628
8612,c,43.21247586083628,43.21247586083628
8613,c,43.21247586083628,43.21247586083628
8614,c,43.21247586083628,43.21247586083628
8615,c,43.21247586083628,43.21247586083628
8616,c,43.21247586083628,43.21247586083628
8617,c,43.21247586083628,43.21247586083628
8618,c,43.21247586083628,43.21247586083628
8619,t,43.21247586083628,43.21247586083628
8620,c,43.21247586083628,43.21247586083628
8621,c,43.21247586083628,43.21247586083628
8622,c,43.21247586083628,43.21247586083628
8623,c,43.21247586083628,43.21247586083628
8624,c,43.21247586083628,43.21247586083628
8625,c,43.21247586083628,43.21247586083628
8626,c,43.21247586083628,43.21247586083628
8627,c,43.21247586083628,43.21247586083628
8628,c,13.169799193108178,18.67478843519997
8629,t,43.21247586083628,43.21247586083628
8630,c,43.21247586083628,43.21247586083628
8631,c,43.21247586083628,43.21247586083628
8632,c,43.21247586083628,43.21247586083628
8633,c,43.21247586083628,43.21247586083628
8634,c,43.21247586083628,43.21247586083628
8635,c,43.21247586083628,43.21247586083628
8636,c,43.21247586083628,43.21247586083628
8637,c,43.21247586083628,43.21247586083628
8638,t,43.21247586083628,43.21247586083628
8639,t,43.21247586083628,43.21247586083628
8640,t,43.21247586083628,43.21247586083628
8641,c,4.814589361514273,43.21247586083628
8642,c,43.21247586083628,43.21247586083628
8643,t,43.21247586083628,43.21247586083628
8644,c,43.21247586083628,43.21247586083628
8645,t,43.21247586083628,43.21247586083628
8646,c,43.21247586083628,43.21247586083628
8647,c,43.21247586083628,43.21247586083628
8648,t,43.21247586083628,43.21247586083628
8649,t,43.21247586083628,43.21247586083628
8650,c,43.21247586083628,43.21247586083628
8651,c,43.21247586083628,43.21247586083628
8652,c,43.21247586083628,43.21247586083628
8653,c,43.21247586083628,43.21247586083628
8654,c,43.21247586083628,43.21247586083628
8655,c,43.21247586083628,43.21247586083628
8656,c,11.685853149530024,22.809678188568217
8657,t,43.21247586083628,43.21247586083628
8658,c,43.21247586083628,43.21247586083628
8659,c,43.21247586083628,43.21247586083628
8660,c,43.21247586083628,43.21247586083628
8661,c,43.21247586083628,43.21247586083628
8662,t,43.21247586083628,43.21247586083628
8663,c,43.21247586083628,43.21247586083628
8664,t,43.21247586083628,43.21247586083628
8665,c,43.21247586083628,43.21247586083628
8666,c,43.21247586083628,43.21247586083628
8667,c,43.21247586083628,43.21247586083628
8668,c,43.21247586083628,43.21247586083628
8669,c,7.381725537932554,17.151889335543775
8670,c,43.21247586083628,43.21247586083628
8671,c,43.21247586083628,43.21247586083628
8672,c,43.21247586083628,43.21247586083628
8673,c,43.21247586083628,43.21247586083628
8674,c,43.21247586083628,43.21247586083628
8675,c,43.21247586083628,43.21247586083628
8676,c,43.21247586083628,43.21247586083628
8677,c,43.21247586083628,43.21247586083628
8678,c,43.21247586083628,43.21247586083628
8679,t,43.21247586083628,43.21247586083628
8680,c,43.21247586083628,43.21247586083628
8681,c,43.21247586083628,43.21247586083628
8682,c,43.21247586083628,43.21247586083628
8683,c,43.21247586083628,43.21247586083628
8684,t,43.21247586083628,43.21247586083628
8685,c,43.21247586083628,43.21247586083628
8686,t,43.21247586083628,43.21247586083628
8687,c,43.21247586083628,43.21247586083628
8688,t,43.21247586083628,43.21247586083628
8689,c,43.21247586083628,43.21247586083628
8690,c,43.21247586083628,43.21247586083628
8691,c,43.21247586083628,43.21247586083628
8692,t,43.21247586083628,43.21247586083628
8693,c,43.21247586083628,43.21247586083628
8694,c,43.21247586083628,43.21247586083628
8695,c,43.21247586083628,43.21247586083628
8696,na,0,2.5709384107382998
8697,c,43.21247586083628,43.21247586083628
8698,c,43.21247586083628,43.21247586083628
8699,t,43.21247586083628,43.21247586083628
8700,c,43.21247586083628,43.21247586083628
8701,c,43.21247586083628,43.21247586083628
8702,c,43.21247586083628,43.21247586083628
8703,c,43.21247586083628,43.21247586083628
8704,c,43.21247586083628,43.21247586083628
8705,c,43.21247586083628,43.21247586083628
8706,c,43.21247586083628,43.21247586083628
8707,c,43.21247586083628,43.21247586083628
8708,c,43.21247586083628,43.21247586083628
8709,c,43.21247586083628,43.21247586083628
8710,c,43.21247586083628,43.21247586083628
8711,c,43.21247586083628,43.21247586083628
8712,t,43.21247586083628,43.21247586083628
8713,t,43.21247586083628,43.21247586083628
8714,c,43.21247586083628,43.21247586083628
8715,c,43.21247586083628,43.21247586083628
8716,t,43.21247586083628,43.21247586083628
8717,t,43.21247586083628,43.21247586083628
8718,t,43.21247586083628,43.21247586083628
8719,c,43.21247586083628,43.21247586083628
8720,c,43.21247586083628,43.21247586083628
8721,c,43.21247586083628,43.21247586083628
8722,c,43.21247586083628,43.21247586083628
8723,c,43.21247586083628,43.21247586083628
8724,c,43.21247586083628,43.21247586083628
8725,c,43.21247586083628,43.21247586083628
8726,c,43.21247586083628,43.21247586083628
8727,c,43.21247586083628,43.21247586083628
8728,c,43.21247586083628,43.21247586083628
8729,c,43.21247586083628,43.21247586083628
8730,c,43.21247586083628,43.21247586083628
8731,t,43.21247586083628,43.21247586083628
8732,c,43.21247586083628,43.21247586083628
8733,c,43.21247586083628,43.21247586083628
8734,c,43.21247586083628,43.21247586083628
8735,c,43.21247586083628,43.21247586083628
8736,c,43.21247586083628,43.21247586083628
8737,c,43.21247586083628,43.21247586083628
8738,t,43.21247586083628,43.21247586083628
8739,c,43.21247586083628,43.21247586083628
8740,t,43.21247586083628,43.21247586083628
8741,c,43.21247586083628,43.21247586083628
8742,c,43.21247586083628,43.21247586083628
8743,c,43.21247586083628,43.21247586083628
8744,c,43.21247586083628,43.21247586083628
8745,c,43.21247586083628,43.21247586083628
8746,c,43.21247586083628,43.21247586083628
8747,c,43.21247586083628,43.21247586083628
8748,t,43.21247586083628,43.21247586083628
8749,t,43.21247586083628,43.21247586083628
8750,c,43.21247586083628,43.21247586083628
8751,c,43.21247586083628,43.21247586083628
8752,c,43.21247586083628,43.21247586083628
8753,c,43.21247586083628,43.21247586083628
8754,c,43.21247586083628,43.21247586083628
8755,c,43.21247586083628,43.21247586083628
8756,c,43.21247586083628,43.21247586083628
8757,c,43.21247586083628,43.21247586083628
8758,c,8.035049316157084,25.00706565899116
8759,c,43.21247586083628,43.21247586083628
8760,c,43.21247586083628,43.21247586083628
8761,t,43.21247586083628,43.21247586083628
8762,c,43.21247586083628,43.21247586083628
8763,t,43.21247586083628,43.21247586083628
8764,c,43.21247586083628,43.21247586083628
8765,c,43.21247586083628,43.21247586083628
8766,c,43.21247586083628,43.21247586083628
8767,c,43.21247586083628,43.21247586083628
8768,c,43.21247586083628,43.21247586083628
8769,c,43.21247586083628,43.21247586083628
8770,c,43.21247586083628,43.21247586083628
8771,t,43.21247586083628,43.21247586083628
8772,t,43.21247586083628,43.21247586083628
8773,c,43.21247586083628,43.21247586083628
8774,c,43.21247586083628,43.21247586083628
8775,t,43.21247586083628,43.21247586083628
8776,c,0.4018076181758891,4.194649563676926
8777,t,43.21247586083628,43.21247586083628
8778,t,43.21247586083628,43.21247586083628
8779,c,43.21247586083628,43.21247586083628
8780,t,43.21247586083628,43.21247586083628
8781,na,5.94612570064093,25.579818967095342
8782,c,43.21247586083628,43.21247586083628
8783,t,43.21247586083628,43.21247586083628
8784,t,43.21247586083628,43.21247586083628
8785,c,43.21247586083628,43.21247586083628
8786,c,43.21247586083628,43.21247586083628
8787,c,43.21247586083628,43.21247586083628
8788,c,43.21247586083628,43.21247586083628
8789,t,43.21247586083628,43.21247586083628
8790,c,43.21247586083628,43.21247586083628
8791,c,43.21247586083628,43.21247586083628
8792,c,43.21247586083628,43.21247586083628
8793,c,43.21247586083628,43.21247586083628
8794,c,43.21247586083628,43.21247586083628
8795,c,43.21247586083628,43.21247586083628
8796,c,43.21247586083628,43.21247586083628
8797,t,43.21247586083628,43.21247586083628
8798,c,43.21247586083628,43.21247586083628
8799,c,43.21247586083628,43.21247586083628
8800,c,43.21247586083628,43.21247586083628
8801,t,43.21247586083628,43.21247586083628
8802,c,43.21247586083628,43.21247586083628
8803,c,43.21247586083628,43.21247586083628
8804,na,4.3117075465865025,10.601267946449326
8805,c,43.21247586083628,43.21247586083628
8806,t,43.21247586083628,43.21247586083628
8807,t,43.21247586083628,43.21247586083628
8808,c,43.21247586083628,43.21247586083628
8809,c,2.7831606075733846,43.21247586083628
8810,c,43.21247586083628,43.21247586083628
8811,c,5.905901347233986,6.9731576323818745
8812,t,43.21247586083628,43.21247586083628
8813,c,43.21247586083628,43.21247586083628
8814,c,43.21247586083628,43.21247586083628
8815,c,43.21247586083628,43.21247586083628
8816,c,43.21247586083628,43.21247586083628
8817,c,43.21247586083628,43.21247586083628
8818,c,43.21247586083628,43.21247586083628
8819,t,43.21247586083628,43.21247586083628
8820,c,43.21247586083628,43.21247586083628
8821,t,43.21247586083628,43.21247586083628
8822,c,43.21247586083628,43.21247586083628
8823,c,43.21247586083628,43.21247586083628
8824,c,11.383681362810236,14.360298876659009
8825,c,43.21247586083628,43.21247586083628
8826,t,43.21247586083628,43.21247586083628
8827,c,43.21247586083628,43.21247586083628
8828,c,43.21247586083628,43.21247586083628
8829,c,43.21247586083628,43.21247586083628
8830,c,43.21247586083628,43.21247586083628
8831,c,43.21247586083628,43.21247586083628
8832,t,43.21247586083628,43.21247586083628
8833,t,43.21247586083628,43.21247586083628
8834,t,43.21247586083628,43.21247586083628
8835,c,43.21247586083628,43.21247586083628
8836,c,43.21247586083628,43.21247586083628
8837,c,43.21247586083628,43.21247586083628
8838,c,43.21247586083628,43.21247586083628
8839,t,43.21247586083628,43.21247586083628
8840,t,43.21247586083628,43.21247586083628
8841,c,43.21247586083628,43.21247586083628
8842,c,43.21247586083628,43.21247586083628
8843,c,43.21247586083628,43.21247586083628
8844,c,43.21247586083628,43.21247586083628
8845,t,43.21247586083628,43.21247586083628
8846,t,43.21247586083628,43.21247586083628
8847,c,43.21247586083628,43.21247586083628
8848,c,43.21247586083628,43.21247586083628
8849,c,43.21247586083628,43.21247586083628
8850,c,43.21247586083628,43.21247586083628
8851,c,43.21247586083628,43.21247586083628
8852,c,43.21247586083628,43.21247586083628
8853,c,43.21247586083628,43.21247586083628
8854,c,43.21247586083628,43.21247586083628
8855,c,43.21247586083628,43.21247586083628
8856,t,43.21247586083628,43.21247586083628
8857,c,43.21247586083628,43.21247586083628
8858,t,43.21247586083628,43.21247586083628
8859,c,43.21247586083628,43.21247586083628
8860,c,43.21247586083628,43.21247586083628
8861,c,43.21247586083628,43.21247586083628
8862,c,43.21247586083628,43.21247586083628
8863,c,43.21247586083628,43.21247586083628
8864,c,43.21247586083628,43.21247586083628
8865,c,43.21247586083628,43.21247586083628
8866,t,43.21247586083628,43.21247586083628
8867,c,43.21247586083628,43.21247586083628
8868,t,43.21247586083628,43.21247586083628
8869,t,43.21247586083628,43.21247586083628
8870,c,43.21247586083628,43.21247586083628
8871,c,43.21247586083628,43.21247586083628
8872,t,43.21247586083628,43.21247586083628
8873,t,43.21247586083628,43.21247586083628
8874,c,43.21247586083628,43.21247586083628
8875,c,43.21247586083628,43.21247586083628
8876,c,43.21247586083628,43.21247586083628
8877,t,43.21247586083628,43.21247586083628
8878,c,43.21247586083628,43.21247586083628
8879,c,43.21247586083628,43.21247586083628
8880,c,4.399157855999263,14.075217852964181
8881,c,43.21247586083628,43.21247586083628
8882,c,43.21247586083628,43.21247586083628
8883,c,43.21247586083628,43.21247586083628
8884,t,43.21247586083628,43.21247586083628
8885,c,43.21247586083628,43.21247586083628
8886,c,43.21247586083628,43.21247586083628
8887,c,43.21247586083628,43.21247586083628
8888,c,43.21247586083628,43.21247586083628
8889,c,10.594169095040545,11.144808966850707
8890,c,43.21247586083628,43.21247586083628
8891,c,43.21247586083628,43.21247586083628
8892,na,-1,0
8893,t,43.21247586083628,43.21247586083628
8894,t,43.21247586083628,43.21247586083628
8895,c,43.21247586083628,43.21247586083628
8896,t,43.21247586083628,43.21247586083628
8897,c,43.21247586083628,43.21247586083628
8898,c,43.21247586083628,43.21247586083628
8899,c,43.21247586083628,43.21247586083628
8900,c,43.21247586083628,43.21247586083628
8901,c,43.21247586083628,43.21247586083628
8902,c,43.21247586083628,43.21247586083628
8903,c,43.21247586083628,43.21247586083628
8904,c,43.21247586083628,43.21247586083628
8905,c,43.21247586083628,43.21247586083628
8906,t,43.21247586083628,43.21247586083628
8907,c,43.21247586083628,43.21247586083628
8908,c,43.21247586083628,43.21247586083628
8909,c,43.21247586083628,43.21247586083628
8910,t,43.21247586083628,43.21247586083628
8911,c,14.88769959267767,20.576543737483814
8912,c,43.21247586083628,43.21247586083628
8913,c,43.21247586083628,43.21247586083628
8914,c,19.400893732299682,20.52931749167881
8915,c,43.21247586083628,43.21247586083628
8916,c,43.21247586083628,43.21247586083628
8917,c,43.21247586083628,43.21247586083628
8918,c,43.21247586083628,43.21247586083628
8919,c,43.21247586083628,43.21247586083628
8920,c,43.21247586083628,43.21247586083628
8921,t,43.21247586083628,43.21247586083628
8922,t,43.21247586083628,43.21247586083628
8923,c,43.21247586083628,43.21247586083628
8924,c,43.21247586083628,43.21247586083628
8925,c,43.21247586083628,43.21247586083628
8926,c,43.21247586083628,43.21247586083628
8927,c,43.21247586083628,43.21247586083628
8928,c,43.21247586083628,43.21247586083628
8929,c,43.21247586083628,43.21247586083628
8930,c,43.21247586083628,43.21247586083628
8931,t,43.21247586083628,43.21247586083628
8932,c,43.21247586083628,43.21247586083628
8933,c,43.21247586083628,43.21247586083628
8934,c,43.21247586083628,43.21247586083628
8935,t,43.21247586083628,43.21247586083628
8936,t,43.21247586083628,43.21247586083628
8937,c,43.21247586083628,43.21247586083628
8938,c,43.21247586083628,43.21247586083628
8939,t,43.21247586083628,43.21247586083628
8940,t,43.21247586083628,43.21247586083628
8941,c,43.21247586083628,43.21247586083628
8942,c,43.21247586083628,43.21247586083628
8943,c,43.21247586083628,43.21247586083628
8944,na,0,3.628231544424536
8945,c,43.21247586083628,43.21247586083628
8946,c,43.21247586083628,43.21247586083628
8947,c,43.21247586083628,43.21247586083628
8948,c,2.6964741925597036,8.193125482219068
8949,t,43.21247586083628,43.21247586083628
8950,t,43.21247586083628,43.21247586083628
8951,c,43.21247586083628,43.21247586083628
8952,t,43.21247586083628,43.21247586083628
8953,c,43.21247586083628,43.21247586083628
8954,t,43.21247586083628,43.21247586083628
8955,t,43.21247586083628,43.21247586083628
8956,c,43.21247586083628,43.21247586083628
8957,c,43.21247586083628,43.21247586083628
8958,c,43.21247586083628,43.21247586083628
8959,c,43.21247586083628,43.21247586083628
8960,c,43.21247586083628,43.21247586083628
8961,c,43.21247586083628,43.21247586083628
8962,t,43.21247586083628,43.21247586083628
8963,c,43.21247586083628,43.21247586083628
8964,t,43.21247586083628,43.21247586083628
8965,t,43.21247586083628,43.21247586083628
8966,c,43.21247586083628,43.21247586083628
8967,c,43.21247586083628,43.21247586083628
8968,t,43.21247586083628,43.21247586083628
8969,c,43.21247586083628,43.21247586083628
8970,na,-1,0
8971,c,43.21247586083628,43.21247586083628
8972,t,43.21247586083628,43.21247586083628
8973,c,43.21247586083628,43.21247586083628
8974,c,43.21247586083628,43.21247586083628
8975,t,43.21247586083628,43.21247586083628
8976,c,43.21247586083628,43.21247586083628
8977,c,43.21247586083628,43.21247586083628
8978,c,43.21247586083628,43.21247586083628
8979,c,43.21247586083628,43.21247586083628
8980,c,43.21247586083628,43.21247586083628
8981,c,43.21247586083628,43.21247586083628
8982,c,43.21247586083628,43.21247586083628
8983,c,43.21247586083628,43.21247586083628
8984,t,43.21247586083628,43.21247586083628
8985,c,43.21247586083628,43.21247586083628
8986,c,43.21247586083628,43.21247586083628
8987,c,43.21247586083628,43.21247586083628
8988,c,43.21247586083628,43.21247586083628
8989,c,43.21247586083628,43.21247586083628
8990,c,43.21247586083628,43.21247586083628
8991,c,43.21247586083628,43.21247586083628
8992,c,43.21247586083628,43.21247586083628
8993,c,43.21247586083628,43.21247586083628
8994,c,43.21247586083628,43.21247586083628
8995,c,43.21247586083628,43.21247586083628
8996,c,43.21247586083628,43.21247586083628
8997,c,43.21247586083628,43.21247586083628
8998,c,5.07005895884742,8.275978285191696
8999,c,43.21247586083628,43.21247586083628
9000,c,43.21247586083628,43.21247586083628
9001,c,43.21247586083628,43.21247586083628
9002,c,43.21247586083628,43.21247586083628
9003,c,43.21247586083628,43.21247586083628
9004,c,43.21247586083628,43.21247586083628
9005,c,43.21247586083628,43.21247586083628
9006,c,43.21247586083628,43.21247586083628
9007,t,43.21247586083628,43.21247586083628
9008,c,43.21247586083628,43.21247586083628
9009,t,43.21247586083628,43.21247586083628
9010,c,43.21247586083628,43.21247586083628
9011,c,43.21247586083628,43.21247586083628
9012,c,43.21247586083628,43.21247586083628
9013,c,43.21247586083628,43.21247586083628
9014,c,43.21247586083628,43.21247586083628
9015,c,43.21247586083628,43.21247586083628
9016,c,43.21247586083628,43.21247586083628
9017,c,43.21247586083628,43.21247586083628
9018,t,43.21247586083628,43.21247586083628
9019,t,43.21247586083628,43.21247586083628
9020,c,43.21247586083628,43.21247586083628
9021,c,43.21247586083628,43.21247586083628
9022,c,43.21247586083628,43.21247586083628
9023,c,43.21247586083628,43.21247586083628
9024,c,43.21247586083628,43.21247586083628
9025,c,43.21247586083628,43.21247586083628
9026,c,43.21247586083628,43.21247586083628
9027,t,43.21247586083628,43.21247586083628
9028,na,2.7363080870691077,8.979240449785957
9029,c,43.21247586083628,43.21247586083628
9030,c,43.21247586083628,43.21247586083628
9031,t,43.21247586083628,43.21247586083628
9032,c,43.21247586083628,43.21247586083628
9033,c,43.21247586083628,43.21247586083628
9034,c,43.21247586083628,43.21247586083628
9035,c,43.21247586083628,43.21247586083628
9036,c,43.21247586083628,43.21247586083628
9037,c,43.21247586083628,43.21247586083628
9038,t,43.21247586083628,43.21247586083628
9039,c,43.21247586083628,43.21247586083628
9040,c,43.21247586083628,43.21247586083628
9041,c,43.21247586083628,43.21247586083628
9042,na,1.7557251815606691,18.688941787159976
9043,c,43.21247586083628,43.21247586083628
9044,c,43.21247586083628,43.21247586083628
9045,c,43.21247586083628,43.21247586083628
9046,c,43.21247586083628,43.21247586083628
9047,c,37.33854876362955,43.21247586083628
9048,t,43.21247586083628,43.21247586083628
9049,c,43.21247586083628,43.21247586083628
9050,t,43.21247586083628,43.21247586083628
9051,t,43.21247586083628,43.21247586083628
9052,c,43.21247586083628,43.21247586083628
9053,c,43.21247586083628,43.21247586083628
9054,c,43.21247586083628,43.21247586083628
9055,c,43.21247586083628,43.21247586083628
9056,c,43.21247586083628,43.21247586083628
9057,c,43.21247586083628,43.21247586083628
9058,c,43.21247586083628,43.21247586083628
9059,c,43.21247586083628,43.21247586083628
9060,c,43.21247586083628,43.21247586083628
9061,t,43.21247586083628,43.21247586083628
9062,c,43.21247586083628,43.21247586083628
9063,c,43.21247586083628,43.21247586083628
9064,c,43.21247586083628,43.21247586083628
9065,t,43.21247586083628,43.21247586083628
9066,c,43.21247586083628,43.21247586083628
9067,c,43.21247586083628,43.21247586083628
9068,c,43.21247586083628,43.21247586083628
9069,c,43.21247586083628,43.21247586083628
9070,c,43.21247586083628,43.21247586083628
9071,t,43.21247586083628,43.21247586083628
9072,c,43.21247586083628,43.21247586083628
9073,c,43.21247586083628,43.21247586083628
9074,c,43.21247586083628,43.21247586083628
9075,c,43.21247586083628,43.21247586083628
9076,c,43.21247586083628,43.21247586083628
9077,c,43.21247586083628,43.21247586083628
9078,c,43.21247586083628,43.21247586083628
9079,c,43.21247586083628,43.21247586083628
9080,c,43.21247586083628,43.21247586083628
9081,c,43.21247586083628,43.21247586083628
9082,t,43.21247586083628,43.21247586083628
9083,c,43.21247586083628,43.21247586083628
9084,c,43.21247586083628,43.21247586083628
9085,c,43.21247586083628,43.21247586083628
9086,c,43.21247586083628,43.21247586083628
9087,c,43.21247586083628,43.21247586083628
9088,c,43.21247586083628,43.21247586083628
9089,c,43.21247586083628,43.21247586083628
9090,na,0.6686720845706228,3.959926394664577
9091,c,43.21247586083628,43.21247586083628
9092,t,43.21247586083628,43.21247586083628
9093,c,43.21247586083628,43.21247586083628
9094,t,43.21247586083628,43.21247586083628
9095,c,43.21247586083628,43.21247586083628
9096,c,43.21247586083628,43.21247586083628
9097,t,43.21247586083628,43.21247586083628
9098,c,43.21247586083628,43.21247586083628
9099,c,43.21247586083628,43.21247586083628
9100,c,43.21247586083628,43.21247586083628
9101,c,43.21247586083628,43.21247586083628
9102,c,11.084771190331521,15.021412732145604
9103,c,43.21247586083628,43.21247586083628
9104,c,43.21247586083628,43.21247586083628
9105,c,43.21247586083628,43.21247586083628
9106,t,43.21247586083628,43.21247586083628
9107,c,43.21247586083628,43.21247586083628
9108,c,43.21247586083628,43.21247586083628
9109,c,10.351179335543076,10.522095632901902
9110,c,43.21247586083628,43.21247586083628
9111,t,43.21247586083628,43.21247586083628
9112,c,43.21247586083628,43.21247586083628
9113,c,43.21247586083628,43.21247586083628
9114,t,43.21247586083628,43.21247586083628
9115,c,43.21247586083628,43.21247586083628
9116,t,43.21247586083628,43.21247586083628
9117,c,43.21247586083628,43.21247586083628
9118,c,43.21247586083628,43.21247586083628
9119,c,43.21247586083628,43.21247586083628
9120,c,43.21247586083628,43.21247586083628
9121,t,43.21247586083628,43.21247586083628
9122,c,43.21247586083628,43.21247586083628
9123,c,43.21247586083628,43.21247586083628
9124,c,43.21247586083628,43.21247586083628
9125,c,43.21247586083628,43.21247586083628
9126,c,43.21247586083628,43.21247586083628
9127,c,43.21247586083628,43.21247586083628
9128,c,43.21247586083628,43.21247586083628
9129,c,43.21247586083628,43.21247586083628
9130,c,43.21247586083628,43.21247586083628
9131,c,43.21247586083628,43.21247586083628
9132,c,43.21247586083628,43.21247586083628
9133,c,43.21247586083628,43.21247586083628
9134,c,43.21247586083628,43.21247586083628
9135,c,43.21247586083628,43.21247586083628
9136,t,43.21247586083628,43.21247586083628
9137,c,43.21247586083628,43.21247586083628
9138,c,43.21247586083628,43.21247586083628
9139,c,43.21247586083628,43.21247586083628
9140,c,43.21247586083628,43.21247586083628
9141,c,43.21247586083628,43.21247586083628
9142,c,43.21247586083628,43.21247586083628
9143,c,43.21247586083628,43.21247586083628
9144,c,43.21247586083628,43.21247586083628
9145,t,43.21247586083628,43.21247586083628
9146,t,43.21247586083628,43.21247586083628
9147,c,43.21247586083628,43.21247586083628
9148,c,43.21247586083628,43.21247586083628
9149,c,43.21247586083628,43.21247586083628
9150,t,43.21247586083628,43.21247586083628
9151,c,43.21247586083628,43.21247586083628
9152,na,-1,0
9153,c,43.21247586083628,43.21247586083628
9154,c,43.21247586083628,43.21247586083628
9155,t,43.21247586083628,43.21247586083628
9156,c,43.21247586083628,43.21247586083628
9157,t,43.21247586083628,43.21247586083628
9158,c,43.21247586083628,43.21247586083628
9159,c,43.21247586083628,43.21247586083628
9160,c,43.21247586083628,43.21247586083628
9161,t,43.21247586083628,43.21247586083628
9162,t,43.21247586083628,43.21247586083628
9163,t,43.21247586083628,43.21247586083628
9164,c,43.21247586083628,43.21247586083628
9165,c,43.21247586083628,43.21247586083628
9166,t,43.21247586083628,43.21247586083628
9167,c,43.21247586083628,43.21247586083628
9168,t,43.21247586083628,43.21247586083628
9169,t,43.21247586083628,43.21247586083628
9170,c,43.21247586083628,43.21247586083628
9171,c,43.21247586083628,43.21247586083628
9172,c,43.21247586083628,43.21247586083628
9173,c,43.21247586083628,43.21247586083628
9174,t,43.21247586083628,43.21247586083628
9175,c,43.21247586083628,43.21247586083628
9176,c,6.3051769668086175,43.21247586083628
9177,c,43.21247586083628,43.21247586083628
9178,c,43.21247586083628,43.21247586083628
9179,c,43.21247586083628,43.21247586083628
9180,c,43.21247586083628,43.21247586083628
9181,c,43.21247586083628,43.21247586083628
9182,c,43.21247586083628,43.21247586083628
9183,c,43.21247586083628,43.21247586083628
9184,c,43.21247586083628,43.21247586083628
9185,c,43.21247586083628,43.21247586083628
9186,c,31.231990349853746,37.9261627621689
9187,t,43.21247586083628,43.21247586083628
9188,c,43.21247586083628,43.21247586083628
9189,c,5.195170955180431,12.286477327189903
9190,c,5.763065602351593,10.937611915333726
9191,c,43.21247586083628,43.21247586083628
9192,c,43.21247586083628,43.21247586083628
9193,c,43.21247586083628,43.21247586083628
9194,c,43.21247586083628,43.21247586083628
9195,t,43.21247586083628,43.21247586083628
9196,c,43.21247586083628,43.21247586083628
9197,c,43.21247586083628,43.21247586083628
9198,c,43.21247586083628,43.21247586083628
9199,t,43.21247586083628,43.21247586083628
9200,c,43.21247586083628,43.21247586083628
9201,t,43.21247586083628,43.21247586083628
9202,c,43.21247586083628,43.21247586083628
9203,t,43.21247586083628,43.21247586083628
9204,c,43.21247586083628,43.21247586083628
9205,na,-1,0
9206,c,43.21247586083628,43.21247586083628
9207,c,43.21247586083628,43.21247586083628
9208,t,43.21247586083628,43.21247586083628
9209,c,43.21247586083628,43.21247586083628
9210,c,43.21247586083628,43.21247586083628
9211,c,43.21247586083628,43.21247586083628
9212,c,43.21247586083628,43.21247586083628
9213,c,43.21247586083628,43.21247586083628
9214,c,43.21247586083628,43.21247586083628
9215,t,43.21247586083628,43.21247586083628
9216,c,43.21247586083628,43.21247586083628
9217,c,43.21247586083628,43.21247586083628
9218,c,43.21247586083628,43.21247586083628
9219,c,12.904961034499737,16.130571306568704
9220,t,43.21247586083628,43.21247586083628
9221,c,43.21247586083628,43.21247586083628
9222,t,43.21247586083628,43.21247586083628
9223,c,43.21247586083628,43.21247586083628
9224,c,43.21247586083628,43.21247586083628
9225,c,43.21247586083628,43.21247586083628
9226,c,43.21247586083628,43.21247586083628
9227,c,43.21247586083628,43.21247586083628
9228,c,43.21247586083628,43.21247586083628
9229,t,43.21247586083628,43.21247586083628
9230,c,43.21247586083628,43.21247586083628
9231,c,43.21247586083628,43.21247586083628
9232,c,43.21247586083628,43.21247586083628
9233,c,43.21247586083628,43.21247586083628
9234,c,43.21247586083628,43.21247586083628
9235,c,43.21247586083628,43.21247586083628
9236,t,43.21247586083628,43.21247586083628
9237,c,43.21247586083628,43.21247586083628
9238,c,43.21247586083628,43.21247586083628
9239,c,43.21247586083628,43.21247586083628
9240,c,43.21247586083628,43.21247586083628
9241,t,43.21247586083628,43.21247586083628
9242,t,43.21247586083628,43.21247586083628
9243,c,43.21247586083628,43.21247586083628
9244,c,43.21247586083628,43.21247586083628
9245,c,43.21247586083628,43.21247586083628
9246,c,43.21247586083628,43.21247586083628
9247,c,43.21247586083628,43.21247586083628
9248,c,43.21247586083628,43.21247586083628
9249,c,43.21247586083628,43.21247586083628
9250,c,43.21247586083628,43.21247586083628
9251,c,43.21247586083628,43.21247586083628
9252,c,43.21247586083628,43.21247586083628
9253,t,43.21247586083628,43.21247586083628
9254,c,43.21247586083628,43.21247586083628
9255,c,43.21247586083628,43.21247586083628
9256,c,43.21247586083628,43.21247586083628
9257,c,43.21247586083628,43.21247586083628
9258,t,43.21247586083628,43.21247586083628
9259,c,43.21247586083628,43.21247586083628
9260,t,43.21247586083628,43.21247586083628
9261,c,43.21247586083628,43.21247586083628
9262,c,43.21247586083628,43.21247586083628
9263,t,43.21247586083628,43.21247586083628
9264,c,43.21247586083628,43.21247586083628
9265,c,43.21247586083628,43.21247586083628
9266,c,43.21247586083628,43.21247586083628
9267,c,43.21247586083628,43.21247586083628
9268,c,43.21247586083628,43.21247586083628
9269,c,43.21247586083628,43.21247586083628
9270,c,43.21247586083628,43.21247586083628
9271,c,43.21247586083628,43.21247586083628
9272,c,43.21247586083628,43.21247586083628
9273,t,43.21247586083628,43.21247586083628
9274,c,43.21247586083628,43.21247586083628
9275,c,43.21247586083628,43.21247586083628
9276,c,43.21247586083628,43.21247586083628
9277,c,43.21247586083628,43.21247586083628
9278,c,43.21247586083628,43.21247586083628
9279,c,43.21247586083628,43.21247586083628
9280,c,43.21247586083628,43.21247586083628
9281,c,43.21247586083628,43.21247586083628
9282,c,43.21247586083628,43.21247586083628
9283,c,43.21247586083628,43.21247586083628
9284,c,43.21247586083628,43.21247586083628
9285,t,43.21247586083628,43.21247586083628
9286,c,43.21247586083628,43.21247586083628
9287,c,43.21247586083628,43.21247586083628
9288,c,43.21247586083628,43.21247586083628
9289,c,43.21247586083628,43.21247586083628
9290,c,43.21247586083628,43.21247586083628
9291,c,43.21247586083628,43.21247586083628
9292,c,43.21247586083628,43.21247586083628
9293,c,43.21247586083628,43.21247586083628
9294,c,43.21247586083628,43.21247586083628
9295,t,43.21247586083628,43.21247586083628
9296,c,43.21247586083628,43.21247586083628
9297,c,43.21247586083628,43.21247586083628
9298,c,43.21247586083628,43.21247586083628
9299,t,43.21247586083628,43.21247586083628
9300,c,43.21247586083628,43.21247586083628
9301,c,43.21247586083628,43.21247586083628
9302,c,20.926775917095917,25.05448420846093
9303,c,43.21247586083628,43.21247586083628
9304,c,43.21247586083628,43.21247586083628
9305,c,43.21247586083628,43.21247586083628
9306,c,43.21247586083628,43.21247586083628
9307,c,43.21247586083628,43.21247586083628
9308,t,43.21247586083628,43.21247586083628
9309,c,43.21247586083628,43.21247586083628
9310,c,43.21247586083628,43.21247586083628
9311,c,43.21247586083628,43.21247586083628
9312,c,43.21247586083628,43.21247586083628
9313,c,43.21247586083628,43.21247586083628
9314,c,43.21247586083628,43.21247586083628
9315,t,43.21247586083628,43.21247586083628
9316,c,43.21247586083628,43.21247586083628
9317,c,43.21247586083628,43.21247586083628
9318,t,43.21247586083628,43.21247586083628
9319,c,43.21247586083628,43.21247586083628
9320,c,43.21247586083628,43.21247586083628
9321,c,43.21247586083628,43.21247586083628
9322,c,43.21247586083628,43.21247586083628
9323,c,43.21247586083628,43.21247586083628
9324,c,43.21247586083628,43.21247586083628
9325,c,43.21247586083628,43.21247586083628
9326,c,43.21247586083628,43.21247586083628
9327,t,43.21247586083628,43.21247586083628
9328,c,43.21247586083628,43.21247586083628
9329,c,43.21247586083628,43.21247586083628
9330,c,43.21247586083628,43.21247586083628
9331,c,43.21247586083628,43.21247586083628
9332,c,43.21247586083628,43.21247586083628
9333,c,43.21247586083628,43.21247586083628
9334,c,43.21247586083628,43.21247586083628
9335,c,43.21247586083628,43.21247586083628
9336,c,43.21247586083628,43.21247586083628
9337,c,43.21247586083628,43.21247586083628
9338,c,43.21247586083628,43.21247586083628
9339,c,43.21247586083628,43.21247586083628
9340,t,43.21247586083628,43.21247586083628
9341,c,43.21247586083628,43.21247586083628
9342,c,43.21247586083628,43.21247586083628
9343,c,43.21247586083628,43.21247586083628
9344,c,43.21247586083628,43.21247586083628
9345,c,43.21247586083628,43.21247586083628
9346,c,43.21247586083628,43.21247586083628
9347,c,43.21247586083628,43.21247586083628
9348,c,43.21247586083628,43.21247586083628
9349,c,43.21247586083628,43.21247586083628
9350,c,43.21247586083628,43.21247586083628
9351,c,43.21247586083628,43.21247586083628
9352,c,43.21247586083628,43.21247586083628
9353,c,43.21247586083628,43.21247586083628
9354,c,43.21247586083628,43.21247586083628
9355,c,43.21247586083628,43.21247586083628
9356,c,43.21247586083628,43.21247586083628
9357,c,43.21247586083628,43.21247586083628
9358,c,43.21247586083628,43.21247586083628
9359,c,43.21247586083628,43.21247586083628
9360,na,0,43.21247586083628
9361,c,43.21247586083628,43.21247586083628
9362,c,2.1025443092671123,10.657546666273493
9363,c,43.21247586083628,43.21247586083628
9364,c,5.983575544755636,13.055012377832911
9365,c,43.21247586083628,43.21247586083628
9366,t,43.21247586083628,43.21247586083628
9367,c,43.21247586083628,43.21247586083628
9368,t,43.21247586083628,43.21247586083628
9369,c,43.21247586083628,43.21247586083628
9370,t,43.21247586083628,43.21247586083628
9371,c,43.21247586083628,43.21247586083628
9372,c,43.21247586083628,43.21247586083628
9373,t,43.21247586083628,43.21247586083628
9374,c,43.21247586083628,43.21247586083628
9375,c,43.21247586083628,43.21247586083628
9376,c,43.21247586083628,43.21247586083628
9377,c,43.21247586083628,43.21247586083628
9378,c,43.21247586083628,43.21247586083628
9379,c,43.21247586083628,43.21247586083628
9380,c,43.21247586083628,43.21247586083628
9381,c,43.21247586083628,43.21247586083628
9382,c,43.21247586083628,43.21247586083628
9383,t,43.21247586083628,43.21247586083628
9384,t,43.21247586083628,43.21247586083628
9385,c,43.21247586083628,43.21247586083628
9386,t,43.21247586083628,43.21247586083628
9387,c,43.21247586083628,43.21247586083628
9388,c,2.39264606533676,43.21247586083628
9389,c,43.21247586083628,43.21247586083628
9390,c,43.21247586083628,43.21247586083628
9391,c,43.21247586083628,43.21247586083628
9392,c,43.21247586083628,43.21247586083628
9393,t,43.21247586083628,43.21247586083628
9394,c,43.21247586083628,43.21247586083628
9395,c,43.21247586083628,43.21247586083628
9396,c,43.21247586083628,43.21247586083628
9397,c,43.21247586083628,43.21247586083628
9398,c,43.21247586083628,43.21247586083628
9399,c,43.21247586083628,43.21247586083628
9400,t,43.21247586083628,43.21247586083628
9401,c,43.21247586083628,43.21247586083628
9402,c,43.21247586083628,43.21247586083628
9403,c,43.21247586083628,43.21247586083628
9404,c,43.21247586083628,43.21247586083628
9405,c,43.21247586083628,43.21247586083628
9406,c,43.21247586083628,43.21247586083628
9407,c,43.21247586083628,43.21247586083628
9408,c,43.21247586083628,43.21247586083628
9409,t,43.21247586083628,43.21247586083628
9410,c,43.21247586083628,43.21247586083628
9411,c,43.21247586083628,43.21247586083628
9412,t,43.21247586083628,43.21247586083628
9413,c,43.21247586083628,43.21247586083628
9414,c,43.21247586083628,43.21247586083628
9415,c,43.21247586083628,43.21247586083628
9416,t,43.21247586083628,43.21247586083628
9417,c,3.4249195576138263,9.980503228152168
9418,t,43.21247586083628,43.21247586083628
9419,c,43.21247586083628,43.21247586083628
9420,t,43.21247586083628,43.21247586083628
9421,c,43.21247586083628,43.21247586083628
9422,t,43.21247586083628,43.21247586083628
9423,c,43.21247586083628,43.21247586083628
9424,c,43.21247586083628,43.21247586083628
9425,c,43.21247586083628,43.21247586083628
9426,c,43.21247586083628,43.21247586083628
9427,c,43.21247586083628,43.21247586083628
9428,c,43.21247586083628,43.21247586083628
9429,t,43.21247586083628,43.21247586083628
9430,t,43.21247586083628,43.21247586083628
9431,t,43.21247586083628,43.21247586083628
9432,c,43.21247586083628,43.21247586083628
9433,c,43.21247586083628,43.21247586083628
9434,c,43.21247586083628,43.21247586083628
9435,c,43.21247586083628,43.21247586083628
9436,t,43.21247586083628,43.21247586083628
9437,c,43.21247586083628,43.21247586083628
9438,c,43.21247586083628,43.21247586083628
9439,c,8.042838169971962,8.699233893966793
9440,t,43.21247586083628,43.21247586083628
9441,c,43.21247586083628,43.21247586083628
9442,c,43.21247586083628,43.21247586083628
9443,c,43.21247586083628,43.21247586083628
9444,t,43.21247586083628,43.21247586083628
9445,c,43.21247586083628,43.21247586083628
9446,t,43.21247586083628,43.21247586083628
9447,c,43.21247586083628,43.21247586083628
9448,t,43.21247586083628,43.21247586083628
9449,c,43.21247586083628,43.21247586083628
9450,c,43.21247586083628,43.21247586083628
9451,t,43.21247586083628,43.21247586083628
9452,t,43.21247586083628,43.21247586083628
9453,c,43.21247586083628,43.21247586083628
9454,c,43.21247586083628,43.21247586083628
9455,t,43.21247586083628,43.21247586083628
9456,c,43.21247586083628,43.21247586083628
9457,t,43.21247586083628,43.21247586083628
9458,c,43.21247586083628,43.21247586083628
9459,c,43.21247586083628,43.21247586083628
9460,c,43.21247586083628,43.21247586083628
9461,c,43.21247586083628,43.21247586083628
9462,c,43.21247586083628,43.21247586083628
9463,t,43.21247586083628,43.21247586083628
9464,c,43.21247586083628,43.21247586083628
9465,c,43.21247586083628,43.21247586083628
9466,t,43.21247586083628,43.21247586083628
9467,c,43.21247586083628,43.21247586083628
9468,t,43.21247586083628,43.21247586083628
9469,c,43.21247586083628,43.21247586083628
9470,c,43.21247586083628,43.21247586083628
9471,c,43.21247586083628,43.21247586083628
9472,c,43.21247586083628,43.21247586083628
9473,c,43.21247586083628,43.21247586083628
9474,c,43.21247586083628,43.21247586083628
9475,c,43.21247586083628,43.21247586083628
9476,t,43.21247586083628,43.21247586083628
9477,c,43.21247586083628,43.21247586083628
9478,c,43.21247586083628,43.21247586083628
9479,t,43.21247586083628,43.21247586083628
9480,c,43.21247586083628,43.21247586083628
9481,c,43.21247586083628,43.21247586083628
9482,c,43.21247586083628,43.21247586083628
9483,c,43.21247586083628,43.21247586083628
9484,c,43.21247586083628,43.21247586083628
9485,t,43.21247586083628,43.21247586083628
9486,c,43.21247586083628,43.21247586083628
9487,c,43.21247586083628,43.21247586083628
9488,c,43.21247586083628,43.21247586083628
9489,c,43.21247586083628,43.21247586083628
9490,c,43.21247586083628,43.21247586083628
9491,c,43.21247586083628,43.21247586083628
9492,c,43.21247586083628,43.21247586083628
9493,c,43.21247586083628,43.21247586083628
9494,c,43.21247586083628,43.21247586083628
9495,c,43.21247586083628,43.21247586083628
9496,c,43.21247586083628,43.21247586083628
9497,c,43.21247586083628,43.21247586083628
9498,c,43.21247586083628,43.21247586083628
9499,c,43.21247586083628,43.21247586083628
9500,t,43.21247586083628,43.21247586083628
9501,c,43.21247586083628,43.21247586083628
9502,t,43.21247586083628,43.21247586083628
9503,c,43.21247586083628,43.21247586083628
9504,c,43.21247586083628,43.21247586083628
9505,c,43.21247586083628,43.21247586083628
9506,c,43.21247586083628,43.21247586083628
9507,c,43.21247586083628,43.21247586083628
9508,c,43.21247586083628,43.21247586083628
9509,c,43.21247586083628,43.21247586083628
9510,c,43.21247586083628,43.21247586083628
9511,c,43.21247586083628,43.21247586083628
9512,c,43.21247586083628,43.21247586083628
9513,c,43.21247586083628,43.21247586083628
9514,c,43.21247586083628,43.21247586083628
9515,c,43.21247586083628,43.21247586083628
9516,c,43.21247586083628,43.21247586083628
9517,t,43.21247586083628,43.21247586083628
9518,c,43.21247586083628,43.21247586083628
9519,t,43.21247586083628,43.21247586083628
9520,c,43.21247586083628,43.21247586083628
9521,c,43.21247586083628,43.21247586083628
9522,t,43.21247586083628,43.21247586083628
9523,na,-1,0
9524,c,43.21247586083628,43.21247586083628
9525,c,43.21247586083628,43.21247586083628
9526,c,43.21247586083628,43.21247586083628
9527,c,43.21247586083628,43.21247586083628
9528,c,43.21247586083628,43.21247586083628
9529,c,43.21247586083628,43.21247586083628
9530,c,43.21247586083628,43.21247586083628
9531,t,43.21247586083628,43.21247586083628
9532,c,43.21247586083628,43.21247586083628
9533,c,43.21247586083628,43.21247586083628
9534,c,43.21247586083628,43.21247586083628
9535,t,43.21247586083628,43.21247586083628
9536,t,43.21247586083628,43.21247586083628
9537,c,43.21247586083628,43.21247586083628
9538,na,12.493289968479786,18.85689019443969
9539,c,43.21247586083628,43.21247586083628
9540,c,43.21247586083628,43.21247586083628
9541,c,43.21247586083628,43.21247586083628
9542,c,43.21247586083628,43.21247586083628
9543,c,43.21247586083628,43.21247586083628
9544,t,43.21247586083628,43.21247586083628
9545,c,43.21247586083628,43.21247586083628
9546,c,43.21247586083628,43.21247586083628
9547,c,43.21247586083628,43.21247586083628
9548,c,43.21247586083628,43.21247586083628
9549,t,43.21247586083628,43.21247586083628
9550,c,43.21247586083628,43.21247586083628
9551,c,43.21247586083628,43.21247586083628
9552,c,43.21247586083628,43.21247586083628
9553,c,43.21247586083628,43.21247586083628
9554,c,43.21247586083628,43.21247586083628
9555,t,43.21247586083628,43.21247586083628
9556,c,43.21247586083628,43.21247586083628
9557,c,43.21247586083628,43.21247586083628
9558,c,43.21247586083628,43.21247586083628
9559,c,43.21247586083628,43.21247586083628
9560,c,43.21247586083628,43.21247586083628
9561,c,43.21247586083628,43.21247586083628
9562,c,43.21247586083628,43.21247586083628
9563,c,43.21247586083628,43.21247586083628
9564,c,43.21247586083628,43.21247586083628
9565,c,43.21247586083628,43.21247586083628
9566,c,43.21247586083628,43.21247586083628
9567,c,43.21247586083628,43.21247586083628
9568,c,43.21247586083628,43.21247586083628
9569,t,43.21247586083628,43.21247586083628
9570,c,43.21247586083628,43.21247586083628
9571,t,43.21247586083628,43.21247586083628
9572,t,43.21247586083628,43.21247586083628
9573,c,13.05467443004891,14.033567336357503
9574,c,43.21247586083628,43.21247586083628
9575,c,43.21247586083628,43.21247586083628
9576,c,43.21247586083628,43.21247586083628
9577,c,43.21247586083628,43.21247586083628
9578,t,43.21247586083628,43.21247586083628
9579,c,43.21247586083628,43.21247586083628
9580,c,43.21247586083628,43.21247586083628
9581,c,43.21247586083628,43.21247586083628
9582,t,43.21247586083628,43.21247586083628
9583,c,43.21247586083628,43.21247586083628
9584,c,43.21247586083628,43.21247586083628
9585,c,43.21247586083628,43.21247586083628
9586,c,43.21247586083628,43.21247586083628
9587,c,43.21247586083628,43.21247586083628
9588,c,43.21247586083628,43.21247586083628
9589,t,43.21247586083628,43.21247586083628
9590,t,43.21247586083628,43.21247586083628
9591,c,43.21247586083628,43.21247586083628
9592,c,43.21247586083628,43.21247586083628
9593,c,43.21247586083628,43.21247586083628
9594,c,4.051076305871241,4.352614277211534
9595,c,43.21247586083628,43.21247586083628
9596,c,43.21247586083628,43.21247586083628
9597,c,43.21247586083628,43.21247586083628
9598,c,43.21247586083628,43.21247586083628
9599,c,43.21247586083628,43.21247586083628
9600,t,43.21247586083628,43.21247586083628
9601,t,43.21247586083628,43.21247586083628
9602,c,43.21247586083628,43.21247586083628
9603,t,43.21247586083628,43.21247586083628
9604,c,43.21247586083628,43.21247586083628
9605,c,43.21247586083628,43.21247586083628
9606,c,43.21247586083628,43.21247586083628
9607,c,43.21247586083628,43.21247586083628
9608,c,43.21247586083628,43.21247586083628
9609,c,43.21247586083628,43.21247586083628
9610,c,43.21247586083628,43.21247586083628
9611,c,43.21247586083628,43.21247586083628
9612,c,43.21247586083628,43.21247586083628
9613,t,43.21247586083628,43.21247586083628
9614,c,43.21247586083628,43.21247586083628
9615,t,43.21247586083628,43.21247586083628
9616,t,43.21247586083628,43.21247586083628
9617,t,43.21247586083628,43.21247586083628
9618,c,43.21247586083628,43.21247586083628
9619,c,43.21247586083628,43.21247586083628
9620,c,43.21247586083628,43.21247586083628
9621,c,43.21247586083628,43.21247586083628
9622,c,43.21247586083628,43.21247586083628
9623,c,43.21247586083628,43.21247586083628
9624,c,43.21247586083628,43.21247586083628
9625,t,43.21247586083628,43.21247586083628
9626,t,43.21247586083628,43.21247586083628
9627,c,43.21247586083628,43.21247586083628
9628,c,43.21247586083628,43.21247586083628
9629,c,43.21247586083628,43.21247586083628
9630,c,43.21247586083628,43.21247586083628
9631,c,43.21247586083628,43.21247586083628
9632,c,43.21247586083628,43.21247586083628
9633,c,43.21247586083628,43.21247586083628
9634,c,43.21247586083628,43.21247586083628
9635,c,43.21247586083628,43.21247586083628
9636,c,43.21247586083628,43.21247586083628
9637,c,43.21247586083628,43.21247586083628
9638,t,43.21247586083628,43.21247586083628
9639,c,43.21247586083628,43.21247586083628
9640,c,43.21247586083628,43.21247586083628
9641,c,43.21247586083628,43.21247586083628
9642,c,43.21247586083628,43.21247586083628
9643,c,4.40957221014777,4.416908737818917
9644,c,43.21247586083628,43.21247586083628
9645,t,43.21247586083628,43.21247586083628
9646,t,43.21247586083628,43.21247586083628
9647,c,43.21247586083628,43.21247586083628
9648,c,43.21247586083628,43.21247586083628
9649,c,43.21247586083628,43.21247586083628
9650,c,43.21247586083628,43.21247586083628
9651,t,43.21247586083628,43.21247586083628
9652,c,43.21247586083628,43.21247586083628
9653,c,43.21247586083628,43.21247586083628
9654,c,43.21247586083628,43.21247586083628
9655,c,43.21247586083628,43.21247586083628
9656,c,43.21247586083628,43.21247586083628
9657,c,43.21247586083628,43.21247586083628
9658,c,43.21247586083628,43.21247586083628
9659,c,43.21247586083628,43.21247586083628
9660,c,43.21247586083628,43.21247586083628
9661,c,43.21247586083628,43.21247586083628
9662,t,43.21247586083628,43.21247586083628
9663,c,43.21247586083628,43.21247586083628
9664,na,-1,0
9665,c,43.21247586083628,43.21247586083628
9666,c,11.214333533300156,12.441858343894566
9667,c,43.21247586083628,43.21247586083628
9668,t,43.21247586083628,43.21247586083628
9669,t,43.21247586083628,43.21247586083628
9670,t,43.21247586083628,43.21247586083628
9671,c,43.21247586083628,43.21247586083628
9672,t,43.21247586083628,43.21247586083628
9673,c,3.5090949558889415,11.595010470260693
9674,c,43.21247586083628,43.21247586083628
9675,c,43.21247586083628,43.21247586083628
9676,c,43.21247586083628,43.21247586083628
9677,c,43.21247586083628,43.21247586083628
9678,c,43.21247586083628,43.21247586083628
9679,c,43.21247586083628,43.21247586083628
9680,c,43.21247586083628,43.21247586083628
9681,c,43.21247586083628,43.21247586083628
9682,c,43.21247586083628,43.21247586083628
9683,c,43.21247586083628,43.21247586083628
9684,c,43.21247586083628,43.21247586083628
9685,c,43.21247586083628,43.21247586083628
9686,c,43.21247586083628,43.21247586083628
9687,t,43.21247586083628,43.21247586083628
9688,c,43.21247586083628,43.21247586083628
9689,c,43.21247586083628,43.21247586083628
9690,t,43.21247586083628,43.21247586083628
9691,c,43.21247586083628,43.21247586083628
9692,c,43.21247586083628,43.21247586083628
9693,c,43.21247586083628,43.21247586083628
9694,t,43.21247586083628,43.21247586083628
9695,t,43.21247586083628,43.21247586083628
9696,c,43.21247586083628,43.21247586083628
9697,c,43.21247586083628,43.21247586083628
9698,c,43.21247586083628,43.21247586083628
9699,c,43.21247586083628,43.21247586083628
9700,t,43.21247586083628,43.21247586083628
9701,c,43.21247586083628,43.21247586083628
9702,c,43.21247586083628,43.21247586083628
9703,c,43.21247586083628,43.21247586083628
9704,t,43.21247586083628,43.21247586083628
9705,t,43.21247586083628,43.21247586083628
9706,c,43.21247586083628,43.21247586083628
9707,c,43.21247586083628,43.21247586083628
9708,c,43.21247586083628,43.21247586083628
9709,c,43.21247586083628,43.21247586083628
9710,t,43.21247586083628,43.21247586083628
9711,c,43.21247586083628,43.21247586083628
9712,c,43.21247586083628,43.21247586083628
9713,c,43.21247586083628,43.21247586083628
9714,t,43.21247586083628,43.21247586083628
9715,t,43.21247586083628,43.21247586083628
9716,c,43.21247586083628,43.21247586083628
9717,c,43.21247586083628,43.21247586083628
9718,t,43.21247586083628,43.21247586083628
9719,na,43.21247586083628,43.21247586083628
9720,c,43.21247586083628,43.21247586083628
9721,t,43.21247586083628,43.21247586083628
9722,c,43.21247586083628,43.21247586083628
9723,c,43.21247586083628,43.21247586083628
9724,c,43.21247586083628,43.21247586083628
9725,t,43.21247586083628,43.21247586083628
9726,t,43.21247586083628,43.21247586083628
9727,c,43.21247586083628,43.21247586083628
9728,c,43.21247586083628,43.21247586083628
9729,na,0.7101836995755122,1.444661624230929
9730,c,43.21247586083628,43.21247586083628
9731,c,43.21247586083628,43.21247586083628
9732,c,43.21247586083628,43.21247586083628
9733,t,43.21247586083628,43.21247586083628
9734,c,43.21247586083628,43.21247586083628
9735,c,43.21247586083628,43.21247586083628
9736,c,43.21247586083628,43.21247586083628
9737,c,43.21247586083628,43.21247586083628
9738,c,43.21247586083628,43.21247586083628
9739,c,43.21247586083628,43.21247586083628
9740,c,43.21247586083628,43.21247586083628
9741,t,43.21247586083628,43.21247586083628
9742,na,0,6.291337701069516
9743,t,43.21247586083628,43.21247586083628
9744,c,43.21247586083628,43.21247586083628
9745,t,43.21247586083628,43.21247586083628
9746,na,1.87401543245498,5.858277764712912
9747,c,43.21247586083628,43.21247586083628
9748,c,43.21247586083628,43.21247586083628
9749,c,43.21247586083628,43.21247586083628
9750,c,43.21247586083628,43.21247586083628
9751,c,43.21247586083628,43.21247586083628
9752,c,43.21247586083628,43.21247586083628
9753,na,3.1783006321436513,7.463863055849646
9754,c,43.21247586083628,43.21247586083628
9755,t,43.21247586083628,43.21247586083628
9756,c,20.652905410256146,43.21247586083628
9757,t,43.21247586083628,43.21247586083628
9758,c,5.494720117997416,7.241972901846567
9759,c,43.21247586083628,43.21247586083628
9760,t,43.21247586083628,43.21247586083628
9761,c,43.21247586083628,43.21247586083628
9762,c,43.21247586083628,43.21247586083628
9763,c,43.21247586083628,43.21247586083628
9764,t,43.21247586083628,43.21247586083628
9765,c,43.21247586083628,43.21247586083628
9766,na,-1,0
9767,c,43.21247586083628,43.21247586083628
9768,c,43.21247586083628,43.21247586083628
9769,c,43.21247586083628,43.21247586083628
9770,t,43.21247586083628,43.21247586083628
9771,c,43.21247586083628,43.21247586083628
9772,na,23.97125517405873,24.233201240408167
9773,c,43.21247586083628,43.21247586083628
9774,c,43.21247586083628,43.21247586083628
9775,c,43.21247586083628,43.21247586083628
9776,c,43.21247586083628,43.21247586083628
9777,c,43.21247586083628,43.21247586083628
9778,c,43.21247586083628,43.21247586083628
9779,c,43.21247586083628,43.21247586083628
9780,c,43.21247586083628,43.21247586083628
9781,c,43.21247586083628,43.21247586083628
9782,c,43.21247586083628,43.21247586083628
9783,c,43.21247586083628,43.21247586083628
9784,c,43.21247586083628,43.21247586083628
9785,c,43.21247586083628,43.21247586083628
9786,c,43.21247586083628,43.21247586083628
9787,t,43.21247586083628,43.21247586083628
9788,c,43.21247586083628,43.21247586083628
9789,c,43.21247586083628,43.21247586083628
9790,c,43.21247586083628,43.21247586083628
9791,c,43.21247586083628,43.21247586083628
9792,c,43.21247586083628,43.21247586083628
9793,c,43.21247586083628,43.21247586083628
9794,t,43.21247586083628,43.21247586083628
9795,t,43.21247586083628,43.21247586083628
9796,c,43.21247586083628,43.21247586083628
9797,c,43.21247586083628,43.21247586083628
9798,t,43.21247586083628,43.21247586083628
9799,c,43.21247586083628,43.21247586083628
9800,t,43.21247586083628,43.21247586083628
9801,c,43.21247586083628,43.21247586083628
9802,c,43.21247586083628,43.21247586083628
9803,c,43.21247586083628,43.21247586083628
9804,c,43.21247586083628,43.21247586083628
9805,c,43.21247586083628,43.21247586083628
9806,c,43.21247586083628,43.21247586083628
9807,c,43.21247586083628,43.21247586083628
9808,c,43.21247586083628,43.21247586083628
9809,t,43.21247586083628,43.21247586083628
9810,c,43.21247586083628,43.21247586083628
9811,c,43.21247586083628,43.21247586083628
9812,c,43.21247586083628,43.21247586083628
9813,t,43.21247586083628,43.21247586083628
9814,c,43.21247586083628,43.21247586083628
9815,t,43.21247586083628,43.21247586083628
9816,c,43.21247586083628,43.21247586083628
9817,c,43.21247586083628,43.21247586083628
9818,t,43.21247586083628,43.21247586083628
9819,c,43.21247586083628,43.21247586083628
9820,c,43.21247586083628,43.21247586083628
9821,c,43.21247586083628,43.21247586083628
9822,c,43.21247586083628,43.21247586083628
9823,c,43.21247586083628,43.21247586083628
9824,c,43.21247586083628,43.21247586083628
9825,c,43.21247586083628,43.21247586083628
9826,c,43.21247586083628,43.21247586083628
9827,c,43.21247586083628,43.21247586083628
9828,c,0.2817665685042689,3.5459599392564742
9829,c,43.21247586083628,43.21247586083628
9830,c,43.21247586083628,43.21247586083628
9831,c,43.21247586083628,43.21247586083628
9832,c,43.21247586083628,43.21247586083628
9833,c,43.21247586083628,43.21247586083628
9834,t,43.21247586083628,43.21247586083628
9835,c,43.21247586083628,43.21247586083628
9836,c,43.21247586083628,43.21247586083628
9837,c,43.21247586083628,43.21247586083628
9838,c,43.21247586083628,43.21247586083628
9839,c,43.21247586083628,43.21247586083628
9840,c,43.21247586083628,43.21247586083628
9841,c,43.21247586083628,43.21247586083628
9842,c,43.21247586083628,43.21247586083628
9843,t,43.21247586083628,43.21247586083628
9844,c,43.21247586083628,43.21247586083628
9845,c,11.26337234111638,19.45357070592014
9846,c,43.21247586083628,43.21247586083628
9847,c,43.21247586083628,43.21247586083628
9848,c,43.21247586083628,43.21247586083628
9849,c,43.21247586083628,43.21247586083628
9850,c,43.21247586083628,43.21247586083628
9851,c,43.21247586083628,43.21247586083628
9852,c,43.21247586083628,43.21247586083628
9853,c,43.21247586083628,43.21247586083628
9854,c,43.21247586083628,43.21247586083628
9855,c,43.21247586083628,43.21247586083628
9856,c,43.21247586083628,43.21247586083628
9857,c,43.21247586083628,43.21247586083628
9858,c,43.21247586083628,43.21247586083628
9859,c,43.21247586083628,43.21247586083628
9860,c,43.21247586083628,43.21247586083628
9861,c,43.21247586083628,43.21247586083628
9862,t,43.21247586083628,43.21247586083628
9863,na,43.21247586083628,43.21247586083628
9864,c,43.21247586083628,43.21247586083628
9865,c,43.21247586083628,43.21247586083628
9866,c,43.21247586083628,43.21247586083628
9867,c,43.21247586083628,43.21247586083628
9868,c,12.682313096730386,14.099299237607523
9869,t,43.21247586083628,43.21247586083628
9870,c,43.21247586083628,43.21247586083628
9871,t,43.21247586083628,43.21247586083628
9872,c,43.21247586083628,43.21247586083628
9873,c,43.21247586083628,43.21247586083628
9874,c,43.21247586083628,43.21247586083628
9875,c,43.21247586083628,43.21247586083628
9876,na,43.21247586083628,43.21247586083628
9877,c,43.21247586083628,43.21247586083628
9878,c,43.21247586083628,43.21247586083628
9879,c,43.21247586083628,43.21247586083628
9880,c,43.21247586083628,43.21247586083628
9881,c,43.21247586083628,43.21247586083628
9882,t,43.21247586083628,43.21247586083628
9883,c,43.21247586083628,43.21247586083628
9884,t,43.21247586083628,43.21247586083628
9885,c,43.21247586083628,43.21247586083628
9886,c,43.21247586083628,43.21247586083628
9887,c,43.21247586083628,43.21247586083628
9888,c,43.21247586083628,43.21247586083628
9889,c,43.21247586083628,43.21247586083628
9890,c,43.21247586083628,43.21247586083628
9891,c,43.21247586083628,43.21247586083628
9892,c,43.21247586083628,43.21247586083628
9893,c,43.21247586083628,43.21247586083628
9894,c,43.21247586083628,43.21247586083628
9895,c,43.21247586083628,43.21247586083628
9896,t,43.21247586083628,43.21247586083628
9897,c,43.21247586083628,43.21247586083628
9898,c,43.21247586083628,43.21247586083628
9899,c,43.21247586083628,43.21247586083628
9900,t,43.21247586083628,43.21247586083628
9901,c,43.21247586083628,43.21247586083628
9902,c,43.21247586083628,43.21247586083628
9903,c,43.21247586083628,43.21247586083628
9904,t,43.21247586083628,43.21247586083628
9905,c,43.21247586083628,43.21247586083628
9906,c,43.21247586083628,43.21247586083628
9907,na,-1,0
9908,c,43.21247586083628,43.21247586083628
9909,c,43.21247586083628,43.21247586083628
9910,c,43.21247586083628,43.21247586083628
9911,c,43.21247586083628,43.21247586083628
9912,c,43.21247586083628,43.21247586083628
9913,c,43.21247586083628,43.21247586083628
9914,c,43.21247586083628,43.21247586083628
9915,t,43.21247586083628,43.21247586083628
9916,c,43.21247586083628,43.21247586083628
9917,c,43.21247586083628,43.21247586083628
9918,c,43.21247586083628,43.21247586083628
9919,t,43.21247586083628,43.21247586083628
9920,c,43.21247586083628,43.21247586083628
9921,t,43.21247586083628,43.21247586083628
9922,t,43.21247586083628,43.21247586083628
9923,c,43.21247586083628,43.21247586083628
9924,t,43.21247586083628,43.21247586083628
9925,t,43.21247586083628,43.21247586083628
9926,c,43.21247586083628,43.21247586083628
9927,t,43.21247586083628,43.21247586083628
9928,c,43.21247586083628,43.21247586083628
9929,c,43.21247586083628,43.21247586083628
9930,t,43.21247586083628,43.21247586083628
9931,t,43.21247586083628,43.21247586083628
9932,c,43.21247586083628,43.21247586083628
9933,c,43.21247586083628,43.21247586083628
9934,c,43.21247586083628,43.21247586083628
9935,c,43.21247586083628,43.21247586083628
9936,c,43.21247586083628,43.21247586083628
9937,c,43.21247586083628,43.21247586083628
9938,t,43.21247586083628,43.21247586083628
9939,c,43.21247586083628,43.21247586083628
9940,c,43.21247586083628,43.21247586083628
9941,t,43.21247586083628,43.21247586083628
9942,c,43.21247586083628,43.21247586083628
9943,c,43.21247586083628,43.21247586083628
9944,na,0,1.4536332371635012
9945,c,43.21247586083628,43.21247586083628
9946,c,43.21247586083628,43.21247586083628
9947,c,43.21247586083628,43.21247586083628
9948,t,43.21247586083628,43.21247586083628
9949,t,43.21247586083628,43.21247586083628
9950,t,43.21247586083628,43.21247586083628
9951,c,43.21247586083628,43.21247586083628
9952,c,43.21247586083628,43.21247586083628
9953,c,43.21247586083628,43.21247586083628
9954,c,43.21247586083628,43.21247586083628
9955,t,43.21247586083628,43.21247586083628
9956,t,43.21247586083628,43.21247586083628
9957,t,43.21247586083628,43.21247586083628
9958,c,43.21247586083628,43.21247586083628
9959,c,43.21247586083628,43.21247586083628
9960,c,43.21247586083628,43.21247586083628
9961,c,43.21247586083628,43.21247586083628
9962,c,43.21247586083628,43.21247586083628
9963,c,43.21247586083628,43.21247586083628
9964,c,43.21247586083628,43.21247586083628
9965,c,43.21247586083628,43.21247586083628
9966,c,43.21247586083628,43.21247586083628
9967,c,43.21247586083628,43.21247586083628
9968,c,43.21247586083628,43.21247586083628
9969,c,43.21247586083628,43.21247586083628
9970,c,43.21247586083628,43.21247586083628
9971,c,43.21247586083628,43.21247586083628
9972,c,43.21247586083628,43.21247586083628
9973,c,43.21247586083628,43.21247586083628
9974,t,43.21247586083628,43.21247586083628
9975,c,43.21247586083628,43.21247586083628
9976,c,43.21247586083628,43.21247586083628
9977,t,43.21247586083628,43.21247586083628
9978,c,43.21247586083628,43.21247586083628
9979,t,43.21247586083628,43.21247586083628
9980,c,43.21247586083628,43.21247586083628
9981,c,43.21247586083628,43.21247586083628
9982,c,43.21247586083628,43.21247586083628
9983,t,43.21247586083628,43.21247586083628
9984,c,43.21247586083628,43.21247586083628
9985,c,43.21247586083628,43.21247586083628
9986,c,43.21247586083628,43.21247586083628
9987,c,43.21247586083628,43.21247586083628
9988,c,43.21247586083628,43.21247586083628
9989,c,43.21247586083628,43.21247586083628
9990,c,43.21247586083628,43.21247586083628
9991,c,43.21247586083628,43.21247586083628
9992,t,43.21247586083628,43.21247586083628
9993,c,43.21247586083628,43.21247586083628
9994,t,43.21247586083628,43.21247586083628
9995,t,43.21247586083628,43.21247586083628
9996,c,43.21247586083628,43.21247586083628
9997,c,43.21247586083628,43.21247586083628
9998,t,43.21247586083628,43.21247586083628
9999,c,43.21247586083628,43.21247586083628
