node, assignment, time2inf, time2death
0,na,-1,0
1,na,-1,0
2,na,-1,0
3,na,29.919509573362937,29.919509573362937
4,t,29.919509573362937,29.919509573362937
5,c,29.919509573362937,29.919509573362937
6,t,29.919509573362937,29.919509573362937
7,c,29.919509573362937,29.919509573362937
8,t,29.919509573362937,29.919509573362937
9,c,29.919509573362937,29.919509573362937
10,t,29.919509573362937,29.919509573362937
11,t,29.919509573362937,29.919509573362937
12,t,29.919509573362937,29.919509573362937
13,t,29.919509573362937,29.919509573362937
14,c,29.919509573362937,29.919509573362937
15,c,29.919509573362937,29.919509573362937
16,t,29.919509573362937,29.919509573362937
17,t,29.919509573362937,29.919509573362937
18,c,29.919509573362937,29.919509573362937
19,t,29.919509573362937,29.919509573362937
20,c,29.919509573362937,29.919509573362937
21,t,29.919509573362937,29.919509573362937
22,t,29.919509573362937,29.919509573362937
23,t,29.919509573362937,29.919509573362937
24,t,29.919509573362937,29.919509573362937
25,c,29.919509573362937,29.919509573362937
26,t,29.919509573362937,29.919509573362937
27,t,29.919509573362937,29.919509573362937
28,t,29.919509573362937,29.919509573362937
29,c,29.919509573362937,29.919509573362937
30,t,29.919509573362937,29.919509573362937
31,t,29.919509573362937,29.919509573362937
32,t,29.919509573362937,29.919509573362937
33,c,29.919509573362937,29.919509573362937
34,t,29.919509573362937,29.919509573362937
35,t,29.919509573362937,29.919509573362937
36,c,29.919509573362937,29.919509573362937
37,c,29.919509573362937,29.919509573362937
38,t,29.919509573362937,29.919509573362937
39,t,29.919509573362937,29.919509573362937
40,c,29.919509573362937,29.919509573362937
41,c,4.292272354868159,20.83318794405454
42,t,29.919509573362937,29.919509573362937
43,na,1.9934538258942638,3.345489519674216
44,c,29.919509573362937,29.919509573362937
45,t,29.919509573362937,29.919509573362937
46,t,29.919509573362937,29.919509573362937
47,t,29.919509573362937,29.919509573362937
48,t,29.919509573362937,29.919509573362937
49,t,29.919509573362937,29.919509573362937
50,t,29.919509573362937,29.919509573362937
51,c,29.919509573362937,29.919509573362937
52,t,29.919509573362937,29.919509573362937
53,c,29.919509573362937,29.919509573362937
54,c,29.919509573362937,29.919509573362937
55,t,29.919509573362937,29.919509573362937
56,t,29.919509573362937,29.919509573362937
57,c,29.919509573362937,29.919509573362937
58,t,29.919509573362937,29.919509573362937
59,c,29.919509573362937,29.919509573362937
60,t,29.919509573362937,29.919509573362937
61,c,3.9473548507434395,4.190981072150115
62,t,29.919509573362937,29.919509573362937
63,c,29.919509573362937,29.919509573362937
64,c,29.919509573362937,29.919509573362937
65,t,29.919509573362937,29.919509573362937
66,t,29.919509573362937,29.919509573362937
67,c,29.919509573362937,29.919509573362937
68,t,29.919509573362937,29.919509573362937
69,t,29.919509573362937,29.919509573362937
70,c,29.919509573362937,29.919509573362937
71,c,29.919509573362937,29.919509573362937
72,t,29.919509573362937,29.919509573362937
73,c,29.919509573362937,29.919509573362937
74,c,29.919509573362937,29.919509573362937
75,c,29.919509573362937,29.919509573362937
76,t,29.919509573362937,29.919509573362937
77,c,29.919509573362937,29.919509573362937
78,t,29.919509573362937,29.919509573362937
79,c,29.919509573362937,29.919509573362937
80,t,29.919509573362937,29.919509573362937
81,c,29.919509573362937,29.919509573362937
82,t,29.919509573362937,29.919509573362937
83,t,29.919509573362937,29.919509573362937
84,c,29.919509573362937,29.919509573362937
85,t,29.919509573362937,29.919509573362937
86,t,29.919509573362937,29.919509573362937
87,c,29.919509573362937,29.919509573362937
88,c,29.919509573362937,29.919509573362937
89,t,29.919509573362937,29.919509573362937
90,t,29.919509573362937,29.919509573362937
91,t,29.919509573362937,29.919509573362937
92,c,29.919509573362937,29.919509573362937
93,c,29.919509573362937,29.919509573362937
94,c,29.919509573362937,29.919509573362937
95,c,29.919509573362937,29.919509573362937
96,c,29.919509573362937,29.919509573362937
97,t,29.919509573362937,29.919509573362937
98,t,29.919509573362937,29.919509573362937
99,t,29.919509573362937,29.919509573362937
100,t,29.919509573362937,29.919509573362937
101,t,29.919509573362937,29.919509573362937
102,t,29.919509573362937,29.919509573362937
103,c,29.919509573362937,29.919509573362937
104,c,29.919509573362937,29.919509573362937
105,t,29.919509573362937,29.919509573362937
106,t,29.919509573362937,29.919509573362937
107,c,29.919509573362937,29.919509573362937
108,na,0.5942841000762846,1.6855569045859944
109,t,29.919509573362937,29.919509573362937
110,c,29.919509573362937,29.919509573362937
111,c,29.919509573362937,29.919509573362937
112,t,29.919509573362937,29.919509573362937
113,c,29.919509573362937,29.919509573362937
114,t,29.919509573362937,29.919509573362937
115,c,29.919509573362937,29.919509573362937
116,c,29.919509573362937,29.919509573362937
117,c,29.919509573362937,29.919509573362937
118,c,29.919509573362937,29.919509573362937
119,c,29.919509573362937,29.919509573362937
120,na,0,2.458698683599192
121,c,29.919509573362937,29.919509573362937
122,c,29.919509573362937,29.919509573362937
123,c,29.919509573362937,29.919509573362937
124,t,29.919509573362937,29.919509573362937
125,c,29.919509573362937,29.919509573362937
126,t,29.919509573362937,29.919509573362937
127,c,29.919509573362937,29.919509573362937
128,t,29.919509573362937,29.919509573362937
129,c,29.919509573362937,29.919509573362937
130,t,29.919509573362937,29.919509573362937
131,t,29.919509573362937,29.919509573362937
132,c,29.919509573362937,29.919509573362937
133,t,29.919509573362937,29.919509573362937
134,t,29.919509573362937,29.919509573362937
135,c,29.919509573362937,29.919509573362937
136,na,9.153718027241437,10.71801752528917
137,c,29.919509573362937,29.919509573362937
138,c,29.919509573362937,29.919509573362937
139,t,29.919509573362937,29.919509573362937
140,t,29.919509573362937,29.919509573362937
141,c,29.919509573362937,29.919509573362937
142,t,29.919509573362937,29.919509573362937
143,t,29.919509573362937,29.919509573362937
144,c,29.919509573362937,29.919509573362937
145,t,29.919509573362937,29.919509573362937
146,t,29.919509573362937,29.919509573362937
147,c,29.919509573362937,29.919509573362937
148,c,29.919509573362937,29.919509573362937
149,t,29.919509573362937,29.919509573362937
150,c,29.919509573362937,29.919509573362937
151,c,29.919509573362937,29.919509573362937
152,t,29.919509573362937,29.919509573362937
153,c,29.919509573362937,29.919509573362937
154,t,29.919509573362937,29.919509573362937
155,t,29.919509573362937,29.919509573362937
156,c,29.919509573362937,29.919509573362937
157,c,29.919509573362937,29.919509573362937
158,c,29.919509573362937,29.919509573362937
159,c,29.919509573362937,29.919509573362937
160,c,29.919509573362937,29.919509573362937
161,c,29.919509573362937,29.919509573362937
162,t,29.919509573362937,29.919509573362937
163,t,29.919509573362937,29.919509573362937
164,c,29.919509573362937,29.919509573362937
165,t,29.919509573362937,29.919509573362937
166,c,29.919509573362937,29.919509573362937
167,c,29.919509573362937,29.919509573362937
168,c,29.919509573362937,29.919509573362937
169,t,29.919509573362937,29.919509573362937
170,t,29.919509573362937,29.919509573362937
171,c,29.919509573362937,29.919509573362937
172,c,29.919509573362937,29.919509573362937
173,c,29.919509573362937,29.919509573362937
174,c,29.919509573362937,29.919509573362937
175,t,29.919509573362937,29.919509573362937
176,t,29.919509573362937,29.919509573362937
177,c,29.919509573362937,29.919509573362937
178,c,29.919509573362937,29.919509573362937
179,t,29.919509573362937,29.919509573362937
180,c,29.919509573362937,29.919509573362937
181,c,29.919509573362937,29.919509573362937
182,t,29.919509573362937,29.919509573362937
183,t,29.919509573362937,29.919509573362937
184,c,29.919509573362937,29.919509573362937
185,t,29.919509573362937,29.919509573362937
186,c,29.919509573362937,29.919509573362937
187,t,29.919509573362937,29.919509573362937
188,c,29.919509573362937,29.919509573362937
189,t,29.919509573362937,29.919509573362937
190,na,1.6592492949430426,3.1241482819686213
191,c,29.919509573362937,29.919509573362937
192,c,29.919509573362937,29.919509573362937
193,c,29.919509573362937,29.919509573362937
194,c,29.919509573362937,29.919509573362937
195,t,29.919509573362937,29.919509573362937
196,t,29.919509573362937,29.919509573362937
197,c,29.919509573362937,29.919509573362937
198,na,0.4203609545826579,1.5227108998913965
199,c,29.919509573362937,29.919509573362937
200,t,29.919509573362937,29.919509573362937
201,c,29.919509573362937,29.919509573362937
202,t,29.919509573362937,29.919509573362937
203,c,29.919509573362937,29.919509573362937
204,c,29.919509573362937,29.919509573362937
205,c,29.919509573362937,29.919509573362937
206,c,29.919509573362937,29.919509573362937
207,c,29.919509573362937,29.919509573362937
208,t,29.919509573362937,29.919509573362937
209,c,29.919509573362937,29.919509573362937
210,t,29.919509573362937,29.919509573362937
211,t,29.919509573362937,29.919509573362937
212,c,29.919509573362937,29.919509573362937
213,c,29.919509573362937,29.919509573362937
214,c,29.919509573362937,29.919509573362937
215,t,29.919509573362937,29.919509573362937
216,c,29.919509573362937,29.919509573362937
217,t,29.919509573362937,29.919509573362937
218,c,29.919509573362937,29.919509573362937
219,t,29.919509573362937,29.919509573362937
220,t,29.919509573362937,29.919509573362937
221,c,29.919509573362937,29.919509573362937
222,t,29.919509573362937,29.919509573362937
223,t,29.919509573362937,29.919509573362937
224,c,29.919509573362937,29.919509573362937
225,t,29.919509573362937,29.919509573362937
226,t,29.919509573362937,29.919509573362937
227,t,29.919509573362937,29.919509573362937
228,c,29.919509573362937,29.919509573362937
229,t,29.919509573362937,29.919509573362937
230,t,29.919509573362937,29.919509573362937
231,t,29.919509573362937,29.919509573362937
232,c,29.919509573362937,29.919509573362937
233,t,29.919509573362937,29.919509573362937
234,t,29.919509573362937,29.919509573362937
235,c,29.919509573362937,29.919509573362937
236,t,29.919509573362937,29.919509573362937
237,c,29.919509573362937,29.919509573362937
238,c,29.919509573362937,29.919509573362937
239,c,29.919509573362937,29.919509573362937
240,c,29.919509573362937,29.919509573362937
241,c,29.919509573362937,29.919509573362937
242,t,29.919509573362937,29.919509573362937
243,c,29.919509573362937,29.919509573362937
244,t,29.919509573362937,29.919509573362937
245,t,29.919509573362937,29.919509573362937
246,c,29.919509573362937,29.919509573362937
247,c,29.919509573362937,29.919509573362937
248,c,29.919509573362937,29.919509573362937
249,t,29.919509573362937,29.919509573362937
250,t,29.919509573362937,29.919509573362937
251,c,29.919509573362937,29.919509573362937
252,c,29.919509573362937,29.919509573362937
253,t,29.919509573362937,29.919509573362937
254,c,29.919509573362937,29.919509573362937
255,c,29.919509573362937,29.919509573362937
256,c,29.919509573362937,29.919509573362937
257,t,29.919509573362937,29.919509573362937
258,t,29.919509573362937,29.919509573362937
259,t,29.919509573362937,29.919509573362937
260,t,29.919509573362937,29.919509573362937
261,c,29.919509573362937,29.919509573362937
262,c,29.919509573362937,29.919509573362937
263,c,29.919509573362937,29.919509573362937
264,c,29.919509573362937,29.919509573362937
265,t,29.919509573362937,29.919509573362937
266,t,29.919509573362937,29.919509573362937
267,c,29.919509573362937,29.919509573362937
268,c,29.919509573362937,29.919509573362937
269,c,29.919509573362937,29.919509573362937
270,t,29.919509573362937,29.919509573362937
271,c,29.919509573362937,29.919509573362937
272,c,29.919509573362937,29.919509573362937
273,c,29.919509573362937,29.919509573362937
274,c,29.919509573362937,29.919509573362937
275,t,29.919509573362937,29.919509573362937
276,t,29.919509573362937,29.919509573362937
277,t,29.919509573362937,29.919509573362937
278,t,29.919509573362937,29.919509573362937
279,t,29.919509573362937,29.919509573362937
280,t,29.919509573362937,29.919509573362937
281,t,29.919509573362937,29.919509573362937
282,c,29.919509573362937,29.919509573362937
283,t,29.919509573362937,29.919509573362937
284,t,29.919509573362937,29.919509573362937
285,c,29.919509573362937,29.919509573362937
286,t,29.919509573362937,29.919509573362937
287,c,29.919509573362937,29.919509573362937
288,c,29.919509573362937,29.919509573362937
289,c,29.919509573362937,29.919509573362937
290,c,29.919509573362937,29.919509573362937
291,t,29.919509573362937,29.919509573362937
292,t,29.919509573362937,29.919509573362937
293,c,29.919509573362937,29.919509573362937
294,t,29.919509573362937,29.919509573362937
295,c,29.919509573362937,29.919509573362937
296,t,29.919509573362937,29.919509573362937
297,c,29.919509573362937,29.919509573362937
298,t,29.919509573362937,29.919509573362937
299,t,29.919509573362937,29.919509573362937
300,c,29.919509573362937,29.919509573362937
301,t,29.919509573362937,29.919509573362937
302,t,29.919509573362937,29.919509573362937
303,na,-1,0
304,c,3.7891931916000527,4.0831552449185695
305,c,29.919509573362937,29.919509573362937
306,t,29.919509573362937,29.919509573362937
307,t,29.919509573362937,29.919509573362937
308,t,29.919509573362937,29.919509573362937
309,c,29.919509573362937,29.919509573362937
310,t,29.919509573362937,29.919509573362937
311,t,29.919509573362937,29.919509573362937
312,t,29.919509573362937,29.919509573362937
313,c,29.919509573362937,29.919509573362937
314,t,29.919509573362937,29.919509573362937
315,c,29.919509573362937,29.919509573362937
316,t,29.919509573362937,29.919509573362937
317,c,29.919509573362937,29.919509573362937
318,c,29.919509573362937,29.919509573362937
319,t,29.919509573362937,29.919509573362937
320,t,29.919509573362937,29.919509573362937
321,t,29.919509573362937,29.919509573362937
322,c,29.919509573362937,29.919509573362937
323,t,29.919509573362937,29.919509573362937
324,t,29.919509573362937,29.919509573362937
325,c,29.919509573362937,29.919509573362937
326,c,29.919509573362937,29.919509573362937
327,c,29.919509573362937,29.919509573362937
328,c,29.919509573362937,29.919509573362937
329,t,29.919509573362937,29.919509573362937
330,c,29.919509573362937,29.919509573362937
331,c,29.919509573362937,29.919509573362937
332,c,29.919509573362937,29.919509573362937
333,t,29.919509573362937,29.919509573362937
334,c,29.919509573362937,29.919509573362937
335,c,29.919509573362937,29.919509573362937
336,na,2.1944729556899327,9.22086738291814
337,t,29.919509573362937,29.919509573362937
338,na,1.0622777963311485,2.152532439688686
339,c,29.919509573362937,29.919509573362937
340,t,29.919509573362937,29.919509573362937
341,c,29.919509573362937,29.919509573362937
342,na,-1,0
343,t,29.919509573362937,29.919509573362937
344,t,29.919509573362937,29.919509573362937
345,t,29.919509573362937,29.919509573362937
346,c,29.919509573362937,29.919509573362937
347,c,29.919509573362937,29.919509573362937
348,c,29.919509573362937,29.919509573362937
349,c,29.919509573362937,29.919509573362937
350,c,29.919509573362937,29.919509573362937
351,t,29.919509573362937,29.919509573362937
352,t,29.919509573362937,29.919509573362937
353,c,29.919509573362937,29.919509573362937
354,t,29.919509573362937,29.919509573362937
355,c,29.919509573362937,29.919509573362937
356,t,29.919509573362937,29.919509573362937
357,t,29.919509573362937,29.919509573362937
358,c,29.919509573362937,29.919509573362937
359,t,29.919509573362937,29.919509573362937
360,c,29.919509573362937,29.919509573362937
361,c,29.919509573362937,29.919509573362937
362,c,29.919509573362937,29.919509573362937
363,c,29.919509573362937,29.919509573362937
364,c,29.919509573362937,29.919509573362937
365,t,29.919509573362937,29.919509573362937
366,t,29.919509573362937,29.919509573362937
367,t,29.919509573362937,29.919509573362937
368,t,29.919509573362937,29.919509573362937
369,c,29.919509573362937,29.919509573362937
370,t,29.919509573362937,29.919509573362937
371,t,29.919509573362937,29.919509573362937
372,t,29.919509573362937,29.919509573362937
373,t,29.919509573362937,29.919509573362937
374,t,29.919509573362937,29.919509573362937
375,c,29.919509573362937,29.919509573362937
376,t,29.919509573362937,29.919509573362937
377,c,3.1979841743649713,5.4361689156804
378,c,29.919509573362937,29.919509573362937
379,c,29.919509573362937,29.919509573362937
380,t,29.919509573362937,29.919509573362937
381,c,29.919509573362937,29.919509573362937
382,t,29.919509573362937,29.919509573362937
383,c,29.919509573362937,29.919509573362937
384,t,29.919509573362937,29.919509573362937
385,c,29.919509573362937,29.919509573362937
386,c,29.919509573362937,29.919509573362937
387,t,29.919509573362937,29.919509573362937
388,c,29.919509573362937,29.919509573362937
389,t,29.919509573362937,29.919509573362937
390,t,29.919509573362937,29.919509573362937
391,t,29.919509573362937,29.919509573362937
392,t,29.919509573362937,29.919509573362937
393,t,29.919509573362937,29.919509573362937
394,t,29.919509573362937,29.919509573362937
395,t,29.919509573362937,29.919509573362937
396,c,29.919509573362937,29.919509573362937
397,c,29.919509573362937,29.919509573362937
398,t,29.919509573362937,29.919509573362937
399,c,29.919509573362937,29.919509573362937
400,t,29.919509573362937,29.919509573362937
401,t,29.919509573362937,29.919509573362937
402,c,29.919509573362937,29.919509573362937
403,c,29.919509573362937,29.919509573362937
404,t,29.919509573362937,29.919509573362937
405,c,29.919509573362937,29.919509573362937
406,c,29.919509573362937,29.919509573362937
407,c,29.919509573362937,29.919509573362937
408,t,29.919509573362937,29.919509573362937
409,c,29.919509573362937,29.919509573362937
410,t,29.919509573362937,29.919509573362937
411,c,29.919509573362937,29.919509573362937
412,t,29.919509573362937,29.919509573362937
413,t,29.919509573362937,29.919509573362937
414,t,29.919509573362937,29.919509573362937
415,c,29.919509573362937,29.919509573362937
416,t,29.919509573362937,29.919509573362937
417,c,29.919509573362937,29.919509573362937
418,t,29.919509573362937,29.919509573362937
419,c,29.919509573362937,29.919509573362937
420,t,29.919509573362937,29.919509573362937
421,t,29.919509573362937,29.919509573362937
422,c,29.919509573362937,29.919509573362937
423,c,29.919509573362937,29.919509573362937
424,t,29.919509573362937,29.919509573362937
425,c,29.919509573362937,29.919509573362937
426,c,29.919509573362937,29.919509573362937
427,t,29.919509573362937,29.919509573362937
428,c,29.919509573362937,29.919509573362937
429,t,29.919509573362937,29.919509573362937
430,t,29.919509573362937,29.919509573362937
431,na,0,0.27746761773902756
432,t,29.919509573362937,29.919509573362937
433,c,29.919509573362937,29.919509573362937
434,t,29.919509573362937,29.919509573362937
435,c,29.919509573362937,29.919509573362937
436,c,29.919509573362937,29.919509573362937
437,c,29.919509573362937,29.919509573362937
438,t,29.919509573362937,29.919509573362937
439,t,29.919509573362937,29.919509573362937
440,t,29.919509573362937,29.919509573362937
441,t,29.919509573362937,29.919509573362937
442,t,29.919509573362937,29.919509573362937
443,c,29.919509573362937,29.919509573362937
444,c,29.919509573362937,29.919509573362937
445,c,29.919509573362937,29.919509573362937
446,c,29.919509573362937,29.919509573362937
447,t,29.919509573362937,29.919509573362937
448,t,29.919509573362937,29.919509573362937
449,c,29.919509573362937,29.919509573362937
450,c,29.919509573362937,29.919509573362937
451,t,29.919509573362937,29.919509573362937
452,c,29.919509573362937,29.919509573362937
453,t,29.919509573362937,29.919509573362937
454,t,29.919509573362937,29.919509573362937
455,c,29.919509573362937,29.919509573362937
456,t,29.919509573362937,29.919509573362937
457,c,29.919509573362937,29.919509573362937
458,c,29.919509573362937,29.919509573362937
459,c,29.919509573362937,29.919509573362937
460,c,29.919509573362937,29.919509573362937
461,t,29.919509573362937,29.919509573362937
462,c,29.919509573362937,29.919509573362937
463,t,29.919509573362937,29.919509573362937
464,t,29.919509573362937,29.919509573362937
465,c,29.919509573362937,29.919509573362937
466,t,29.919509573362937,29.919509573362937
467,c,29.919509573362937,29.919509573362937
468,c,29.919509573362937,29.919509573362937
469,t,29.919509573362937,29.919509573362937
470,na,16.350891086612585,17.35654903487621
471,t,29.919509573362937,29.919509573362937
472,t,29.919509573362937,29.919509573362937
473,na,3.679975395649607,4.559408310642704
474,c,29.919509573362937,29.919509573362937
475,t,29.919509573362937,29.919509573362937
476,t,29.919509573362937,29.919509573362937
477,c,29.919509573362937,29.919509573362937
478,c,29.919509573362937,29.919509573362937
479,t,29.919509573362937,29.919509573362937
480,c,29.919509573362937,29.919509573362937
481,t,29.919509573362937,29.919509573362937
482,t,29.919509573362937,29.919509573362937
483,t,29.919509573362937,29.919509573362937
484,c,29.919509573362937,29.919509573362937
485,t,29.919509573362937,29.919509573362937
486,na,15.917810359337743,19.04928473346825
487,t,29.919509573362937,29.919509573362937
488,c,29.919509573362937,29.919509573362937
489,c,27.303712671804448,29.919509573362937
490,t,29.919509573362937,29.919509573362937
491,c,29.919509573362937,29.919509573362937
492,t,29.919509573362937,29.919509573362937
493,c,29.919509573362937,29.919509573362937
494,c,29.919509573362937,29.919509573362937
495,t,29.919509573362937,29.919509573362937
496,c,29.919509573362937,29.919509573362937
497,c,29.919509573362937,29.919509573362937
498,c,29.919509573362937,29.919509573362937
499,c,29.919509573362937,29.919509573362937
500,c,29.919509573362937,29.919509573362937
501,c,29.919509573362937,29.919509573362937
502,t,29.919509573362937,29.919509573362937
503,c,29.919509573362937,29.919509573362937
504,c,29.919509573362937,29.919509573362937
505,c,29.919509573362937,29.919509573362937
506,t,29.919509573362937,29.919509573362937
507,c,29.919509573362937,29.919509573362937
508,c,29.919509573362937,29.919509573362937
509,t,29.919509573362937,29.919509573362937
510,c,29.919509573362937,29.919509573362937
511,t,29.919509573362937,29.919509573362937
512,c,29.919509573362937,29.919509573362937
513,t,29.919509573362937,29.919509573362937
514,c,29.919509573362937,29.919509573362937
515,c,29.919509573362937,29.919509573362937
516,c,29.919509573362937,29.919509573362937
517,t,29.919509573362937,29.919509573362937
518,t,29.919509573362937,29.919509573362937
519,c,29.919509573362937,29.919509573362937
520,c,29.919509573362937,29.919509573362937
521,c,29.919509573362937,29.919509573362937
522,t,29.919509573362937,29.919509573362937
523,c,29.919509573362937,29.919509573362937
524,c,29.919509573362937,29.919509573362937
525,t,29.919509573362937,29.919509573362937
526,c,29.919509573362937,29.919509573362937
527,t,29.919509573362937,29.919509573362937
528,t,29.919509573362937,29.919509573362937
529,t,29.919509573362937,29.919509573362937
530,t,29.919509573362937,29.919509573362937
531,c,29.919509573362937,29.919509573362937
532,c,29.919509573362937,29.919509573362937
533,t,29.919509573362937,29.919509573362937
534,c,29.919509573362937,29.919509573362937
535,c,29.919509573362937,29.919509573362937
536,c,29.919509573362937,29.919509573362937
537,t,29.919509573362937,29.919509573362937
538,t,29.919509573362937,29.919509573362937
539,c,29.919509573362937,29.919509573362937
540,c,29.919509573362937,29.919509573362937
541,c,29.919509573362937,29.919509573362937
542,t,29.919509573362937,29.919509573362937
543,t,29.919509573362937,29.919509573362937
544,c,29.919509573362937,29.919509573362937
545,t,29.919509573362937,29.919509573362937
546,t,29.919509573362937,29.919509573362937
547,c,29.919509573362937,29.919509573362937
548,t,29.919509573362937,29.919509573362937
549,c,29.919509573362937,29.919509573362937
550,t,29.919509573362937,29.919509573362937
551,t,29.919509573362937,29.919509573362937
552,t,29.919509573362937,29.919509573362937
553,c,29.919509573362937,29.919509573362937
554,c,29.919509573362937,29.919509573362937
555,c,29.919509573362937,29.919509573362937
556,t,29.919509573362937,29.919509573362937
557,t,29.919509573362937,29.919509573362937
558,t,29.919509573362937,29.919509573362937
559,c,29.919509573362937,29.919509573362937
560,t,29.919509573362937,29.919509573362937
561,c,29.919509573362937,29.919509573362937
562,t,29.919509573362937,29.919509573362937
563,c,29.919509573362937,29.919509573362937
564,c,2.5220473555927887,3.2619033936855106
565,c,29.919509573362937,29.919509573362937
566,t,29.919509573362937,29.919509573362937
567,c,29.919509573362937,29.919509573362937
568,t,29.919509573362937,29.919509573362937
569,c,29.919509573362937,29.919509573362937
570,c,29.919509573362937,29.919509573362937
571,c,29.919509573362937,29.919509573362937
572,t,29.919509573362937,29.919509573362937
573,t,29.919509573362937,29.919509573362937
574,t,29.919509573362937,29.919509573362937
575,c,29.919509573362937,29.919509573362937
576,c,29.919509573362937,29.919509573362937
577,t,29.919509573362937,29.919509573362937
578,t,29.919509573362937,29.919509573362937
579,c,29.919509573362937,29.919509573362937
580,c,29.919509573362937,29.919509573362937
581,c,29.919509573362937,29.919509573362937
582,c,29.919509573362937,29.919509573362937
583,c,29.919509573362937,29.919509573362937
584,c,29.919509573362937,29.919509573362937
585,t,29.919509573362937,29.919509573362937
586,c,29.919509573362937,29.919509573362937
587,c,29.919509573362937,29.919509573362937
588,c,29.919509573362937,29.919509573362937
589,na,5.0865954181981605,7.529728688785648
590,c,29.919509573362937,29.919509573362937
591,c,29.919509573362937,29.919509573362937
592,t,29.919509573362937,29.919509573362937
593,c,29.919509573362937,29.919509573362937
594,c,29.919509573362937,29.919509573362937
595,c,29.919509573362937,29.919509573362937
596,c,29.919509573362937,29.919509573362937
597,c,29.919509573362937,29.919509573362937
598,t,29.919509573362937,29.919509573362937
599,t,29.919509573362937,29.919509573362937
600,c,29.919509573362937,29.919509573362937
601,t,29.919509573362937,29.919509573362937
602,c,29.919509573362937,29.919509573362937
603,t,29.919509573362937,29.919509573362937
604,t,29.919509573362937,29.919509573362937
605,c,29.919509573362937,29.919509573362937
606,t,29.919509573362937,29.919509573362937
607,t,29.919509573362937,29.919509573362937
608,t,29.919509573362937,29.919509573362937
609,c,29.919509573362937,29.919509573362937
610,c,29.919509573362937,29.919509573362937
611,t,29.919509573362937,29.919509573362937
612,t,29.919509573362937,29.919509573362937
613,t,29.919509573362937,29.919509573362937
614,t,29.919509573362937,29.919509573362937
615,t,29.919509573362937,29.919509573362937
616,c,29.919509573362937,29.919509573362937
617,c,29.919509573362937,29.919509573362937
618,t,29.919509573362937,29.919509573362937
619,t,29.919509573362937,29.919509573362937
620,c,29.919509573362937,29.919509573362937
621,na,6.475450317777735,11.624487089295489
622,c,29.919509573362937,29.919509573362937
623,c,29.919509573362937,29.919509573362937
624,c,29.919509573362937,29.919509573362937
625,t,29.919509573362937,29.919509573362937
626,t,29.919509573362937,29.919509573362937
627,t,29.919509573362937,29.919509573362937
628,t,29.919509573362937,29.919509573362937
629,c,29.919509573362937,29.919509573362937
630,t,29.919509573362937,29.919509573362937
631,c,29.919509573362937,29.919509573362937
632,t,29.919509573362937,29.919509573362937
633,c,29.919509573362937,29.919509573362937
634,t,29.919509573362937,29.919509573362937
635,c,29.919509573362937,29.919509573362937
636,c,29.919509573362937,29.919509573362937
637,t,29.919509573362937,29.919509573362937
638,t,29.919509573362937,29.919509573362937
639,c,29.919509573362937,29.919509573362937
640,t,29.919509573362937,29.919509573362937
641,t,29.919509573362937,29.919509573362937
642,c,29.919509573362937,29.919509573362937
643,t,29.919509573362937,29.919509573362937
644,c,29.919509573362937,29.919509573362937
645,c,29.919509573362937,29.919509573362937
646,c,29.919509573362937,29.919509573362937
647,t,29.919509573362937,29.919509573362937
648,c,29.919509573362937,29.919509573362937
649,t,29.919509573362937,29.919509573362937
650,t,29.919509573362937,29.919509573362937
651,c,29.919509573362937,29.919509573362937
652,t,29.919509573362937,29.919509573362937
653,t,29.919509573362937,29.919509573362937
654,t,29.919509573362937,29.919509573362937
655,t,29.919509573362937,29.919509573362937
656,t,29.919509573362937,29.919509573362937
657,t,29.919509573362937,29.919509573362937
658,c,29.919509573362937,29.919509573362937
659,t,29.919509573362937,29.919509573362937
660,t,29.919509573362937,29.919509573362937
661,t,29.919509573362937,29.919509573362937
662,c,29.919509573362937,29.919509573362937
663,t,29.919509573362937,29.919509573362937
664,t,29.919509573362937,29.919509573362937
665,t,29.919509573362937,29.919509573362937
666,c,29.919509573362937,29.919509573362937
667,c,29.919509573362937,29.919509573362937
668,c,29.919509573362937,29.919509573362937
669,c,29.919509573362937,29.919509573362937
670,c,13.252338644700918,25.977067859960126
671,t,29.919509573362937,29.919509573362937
672,t,29.919509573362937,29.919509573362937
673,c,29.919509573362937,29.919509573362937
674,na,7.339130416604777,9.23701247052923
675,c,29.919509573362937,29.919509573362937
676,t,29.919509573362937,29.919509573362937
677,t,29.919509573362937,29.919509573362937
678,t,29.919509573362937,29.919509573362937
679,t,29.919509573362937,29.919509573362937
680,t,29.919509573362937,29.919509573362937
681,t,29.919509573362937,29.919509573362937
682,c,29.919509573362937,29.919509573362937
683,c,29.919509573362937,29.919509573362937
684,t,29.919509573362937,29.919509573362937
685,c,29.919509573362937,29.919509573362937
686,t,29.919509573362937,29.919509573362937
687,c,29.919509573362937,29.919509573362937
688,t,29.919509573362937,29.919509573362937
689,c,29.919509573362937,29.919509573362937
690,c,29.919509573362937,29.919509573362937
691,t,29.919509573362937,29.919509573362937
692,c,29.919509573362937,29.919509573362937
693,c,29.919509573362937,29.919509573362937
694,c,29.919509573362937,29.919509573362937
695,c,29.919509573362937,29.919509573362937
696,c,29.919509573362937,29.919509573362937
697,c,29.919509573362937,29.919509573362937
698,c,29.919509573362937,29.919509573362937
699,t,29.919509573362937,29.919509573362937
700,c,29.919509573362937,29.919509573362937
701,c,29.919509573362937,29.919509573362937
702,t,29.919509573362937,29.919509573362937
703,t,29.919509573362937,29.919509573362937
704,c,29.919509573362937,29.919509573362937
705,c,4.62902005763888,5.2959973761238075
706,na,0.9900021167160146,1.7095343041416127
707,t,29.919509573362937,29.919509573362937
708,t,29.919509573362937,29.919509573362937
709,c,7.182998756747312,7.568247170861756
710,t,29.919509573362937,29.919509573362937
711,t,29.919509573362937,29.919509573362937
712,t,29.919509573362937,29.919509573362937
713,t,29.919509573362937,29.919509573362937
714,t,29.919509573362937,29.919509573362937
715,t,29.919509573362937,29.919509573362937
716,t,29.919509573362937,29.919509573362937
717,t,29.919509573362937,29.919509573362937
718,c,29.919509573362937,29.919509573362937
719,c,29.919509573362937,29.919509573362937
720,t,29.919509573362937,29.919509573362937
721,c,29.919509573362937,29.919509573362937
722,t,29.919509573362937,29.919509573362937
723,c,29.919509573362937,29.919509573362937
724,c,29.919509573362937,29.919509573362937
725,c,29.919509573362937,29.919509573362937
726,c,29.919509573362937,29.919509573362937
727,c,29.919509573362937,29.919509573362937
728,t,29.919509573362937,29.919509573362937
729,c,29.919509573362937,29.919509573362937
730,c,29.919509573362937,29.919509573362937
731,c,29.919509573362937,29.919509573362937
732,c,29.919509573362937,29.919509573362937
733,t,29.919509573362937,29.919509573362937
734,t,29.919509573362937,29.919509573362937
735,c,29.919509573362937,29.919509573362937
736,c,29.919509573362937,29.919509573362937
737,t,29.919509573362937,29.919509573362937
738,c,29.919509573362937,29.919509573362937
739,c,29.919509573362937,29.919509573362937
740,t,29.919509573362937,29.919509573362937
741,t,29.919509573362937,29.919509573362937
742,t,29.919509573362937,29.919509573362937
743,c,29.919509573362937,29.919509573362937
744,t,29.919509573362937,29.919509573362937
745,t,29.919509573362937,29.919509573362937
746,c,29.919509573362937,29.919509573362937
747,c,29.919509573362937,29.919509573362937
748,c,29.919509573362937,29.919509573362937
749,t,29.919509573362937,29.919509573362937
750,t,29.919509573362937,29.919509573362937
751,t,29.919509573362937,29.919509573362937
752,c,29.919509573362937,29.919509573362937
753,c,29.919509573362937,29.919509573362937
754,c,29.919509573362937,29.919509573362937
755,c,29.919509573362937,29.919509573362937
756,t,29.919509573362937,29.919509573362937
757,t,29.919509573362937,29.919509573362937
758,t,29.919509573362937,29.919509573362937
759,t,29.919509573362937,29.919509573362937
760,t,29.919509573362937,29.919509573362937
761,na,-1,0
762,c,29.919509573362937,29.919509573362937
763,t,29.919509573362937,29.919509573362937
764,t,29.919509573362937,29.919509573362937
765,t,29.919509573362937,29.919509573362937
766,c,29.919509573362937,29.919509573362937
767,t,29.919509573362937,29.919509573362937
768,c,29.919509573362937,29.919509573362937
769,na,2.6222425522000328,3.0843175067276936
770,c,29.919509573362937,29.919509573362937
771,c,29.919509573362937,29.919509573362937
772,t,29.919509573362937,29.919509573362937
773,t,29.919509573362937,29.919509573362937
774,c,29.919509573362937,29.919509573362937
775,t,29.919509573362937,29.919509573362937
776,c,29.919509573362937,29.919509573362937
777,c,29.919509573362937,29.919509573362937
778,c,29.919509573362937,29.919509573362937
779,c,29.919509573362937,29.919509573362937
780,t,29.919509573362937,29.919509573362937
781,c,29.919509573362937,29.919509573362937
782,t,29.919509573362937,29.919509573362937
783,t,29.919509573362937,29.919509573362937
784,c,29.919509573362937,29.919509573362937
785,c,29.919509573362937,29.919509573362937
786,c,29.919509573362937,29.919509573362937
787,t,29.919509573362937,29.919509573362937
788,c,29.919509573362937,29.919509573362937
789,c,29.919509573362937,29.919509573362937
790,na,0,0.9820302340961514
791,t,29.919509573362937,29.919509573362937
792,t,29.919509573362937,29.919509573362937
793,t,29.919509573362937,29.919509573362937
794,t,29.919509573362937,29.919509573362937
795,t,29.919509573362937,29.919509573362937
796,c,29.919509573362937,29.919509573362937
797,t,29.919509573362937,29.919509573362937
798,t,29.919509573362937,29.919509573362937
799,t,29.919509573362937,29.919509573362937
800,c,29.919509573362937,29.919509573362937
801,c,29.919509573362937,29.919509573362937
802,c,29.919509573362937,29.919509573362937
803,c,29.919509573362937,29.919509573362937
804,t,29.919509573362937,29.919509573362937
805,t,29.919509573362937,29.919509573362937
806,c,29.919509573362937,29.919509573362937
807,t,29.919509573362937,29.919509573362937
808,c,29.919509573362937,29.919509573362937
809,c,29.919509573362937,29.919509573362937
810,t,29.919509573362937,29.919509573362937
811,c,29.919509573362937,29.919509573362937
812,c,5.468441764519551,20.921356216791143
813,t,29.919509573362937,29.919509573362937
814,t,29.919509573362937,29.919509573362937
815,t,29.919509573362937,29.919509573362937
816,t,29.919509573362937,29.919509573362937
817,t,29.919509573362937,29.919509573362937
818,t,29.919509573362937,29.919509573362937
819,t,29.919509573362937,29.919509573362937
820,c,29.919509573362937,29.919509573362937
821,t,29.919509573362937,29.919509573362937
822,t,29.919509573362937,29.919509573362937
823,c,29.919509573362937,29.919509573362937
824,c,29.919509573362937,29.919509573362937
825,t,29.919509573362937,29.919509573362937
826,c,29.919509573362937,29.919509573362937
827,c,29.919509573362937,29.919509573362937
828,c,29.919509573362937,29.919509573362937
829,t,29.919509573362937,29.919509573362937
830,c,29.919509573362937,29.919509573362937
831,c,29.919509573362937,29.919509573362937
832,t,29.919509573362937,29.919509573362937
833,c,17.765813203825708,29.919509573362937
834,na,0,0.03754661487972682
835,c,29.919509573362937,29.919509573362937
836,c,29.919509573362937,29.919509573362937
837,c,29.919509573362937,29.919509573362937
838,c,29.919509573362937,29.919509573362937
839,t,29.919509573362937,29.919509573362937
840,t,29.919509573362937,29.919509573362937
841,c,29.919509573362937,29.919509573362937
842,c,29.919509573362937,29.919509573362937
843,c,29.919509573362937,29.919509573362937
844,c,29.919509573362937,29.919509573362937
845,c,29.919509573362937,29.919509573362937
846,c,29.919509573362937,29.919509573362937
847,c,29.919509573362937,29.919509573362937
848,c,29.919509573362937,29.919509573362937
849,c,29.919509573362937,29.919509573362937
850,c,29.919509573362937,29.919509573362937
851,t,29.919509573362937,29.919509573362937
852,t,29.919509573362937,29.919509573362937
853,t,29.919509573362937,29.919509573362937
854,na,0.5502367546090651,4.302331407137234
855,t,29.919509573362937,29.919509573362937
856,t,29.919509573362937,29.919509573362937
857,t,29.919509573362937,29.919509573362937
858,t,29.919509573362937,29.919509573362937
859,t,29.919509573362937,29.919509573362937
860,t,29.919509573362937,29.919509573362937
861,na,-1,0
862,na,0.5059194633917625,13.430890962330807
863,c,29.919509573362937,29.919509573362937
864,c,29.919509573362937,29.919509573362937
865,t,29.919509573362937,29.919509573362937
866,t,29.919509573362937,29.919509573362937
867,t,29.919509573362937,29.919509573362937
868,t,29.919509573362937,29.919509573362937
869,t,29.919509573362937,29.919509573362937
870,c,29.919509573362937,29.919509573362937
871,t,29.919509573362937,29.919509573362937
872,t,29.919509573362937,29.919509573362937
873,t,29.919509573362937,29.919509573362937
874,c,29.919509573362937,29.919509573362937
875,t,29.919509573362937,29.919509573362937
876,c,29.919509573362937,29.919509573362937
877,c,29.919509573362937,29.919509573362937
878,c,29.919509573362937,29.919509573362937
879,c,29.919509573362937,29.919509573362937
880,t,29.919509573362937,29.919509573362937
881,t,29.919509573362937,29.919509573362937
882,c,29.919509573362937,29.919509573362937
883,t,29.919509573362937,29.919509573362937
884,t,29.919509573362937,29.919509573362937
885,t,29.919509573362937,29.919509573362937
886,c,29.919509573362937,29.919509573362937
887,c,29.919509573362937,29.919509573362937
888,t,29.919509573362937,29.919509573362937
889,t,29.919509573362937,29.919509573362937
890,t,29.919509573362937,29.919509573362937
891,t,29.919509573362937,29.919509573362937
892,c,29.919509573362937,29.919509573362937
893,c,29.919509573362937,29.919509573362937
894,c,29.919509573362937,29.919509573362937
895,t,29.919509573362937,29.919509573362937
896,t,29.919509573362937,29.919509573362937
897,c,29.919509573362937,29.919509573362937
898,c,29.919509573362937,29.919509573362937
899,t,29.919509573362937,29.919509573362937
900,t,29.919509573362937,29.919509573362937
901,t,29.919509573362937,29.919509573362937
902,t,29.919509573362937,29.919509573362937
903,c,29.919509573362937,29.919509573362937
904,c,29.919509573362937,29.919509573362937
905,t,29.919509573362937,29.919509573362937
906,t,29.919509573362937,29.919509573362937
907,c,29.919509573362937,29.919509573362937
908,na,1.036485418939105,2.678243865084568
909,t,29.919509573362937,29.919509573362937
910,c,29.919509573362937,29.919509573362937
911,t,29.919509573362937,29.919509573362937
912,t,29.919509573362937,29.919509573362937
913,t,29.919509573362937,29.919509573362937
914,c,29.919509573362937,29.919509573362937
915,t,29.919509573362937,29.919509573362937
916,c,29.919509573362937,29.919509573362937
917,t,29.919509573362937,29.919509573362937
918,t,29.919509573362937,29.919509573362937
919,c,29.919509573362937,29.919509573362937
920,t,29.919509573362937,29.919509573362937
921,t,29.919509573362937,29.919509573362937
922,t,29.919509573362937,29.919509573362937
923,t,29.919509573362937,29.919509573362937
924,t,29.919509573362937,29.919509573362937
925,t,29.919509573362937,29.919509573362937
926,c,29.919509573362937,29.919509573362937
927,c,29.919509573362937,29.919509573362937
928,t,29.919509573362937,29.919509573362937
929,c,29.919509573362937,29.919509573362937
930,c,29.919509573362937,29.919509573362937
931,c,29.919509573362937,29.919509573362937
932,t,29.919509573362937,29.919509573362937
933,t,29.919509573362937,29.919509573362937
934,c,29.919509573362937,29.919509573362937
935,c,29.919509573362937,29.919509573362937
936,t,29.919509573362937,29.919509573362937
937,c,29.919509573362937,29.919509573362937
938,c,29.919509573362937,29.919509573362937
939,t,29.919509573362937,29.919509573362937
940,na,3.150632600661376,3.9930936791484744
941,t,29.919509573362937,29.919509573362937
942,t,29.919509573362937,29.919509573362937
943,t,29.919509573362937,29.919509573362937
944,c,29.919509573362937,29.919509573362937
945,t,29.919509573362937,29.919509573362937
946,t,29.919509573362937,29.919509573362937
947,c,29.919509573362937,29.919509573362937
948,c,29.919509573362937,29.919509573362937
949,c,29.919509573362937,29.919509573362937
950,c,29.919509573362937,29.919509573362937
951,t,29.919509573362937,29.919509573362937
952,c,29.919509573362937,29.919509573362937
953,c,29.919509573362937,29.919509573362937
954,c,29.919509573362937,29.919509573362937
955,t,29.919509573362937,29.919509573362937
956,c,29.919509573362937,29.919509573362937
957,c,29.919509573362937,29.919509573362937
958,c,29.919509573362937,29.919509573362937
959,t,29.919509573362937,29.919509573362937
960,c,2.474634062421082,5.892700056942601
961,t,29.919509573362937,29.919509573362937
962,t,29.919509573362937,29.919509573362937
963,c,29.919509573362937,29.919509573362937
964,t,29.919509573362937,29.919509573362937
965,t,29.919509573362937,29.919509573362937
966,c,29.919509573362937,29.919509573362937
967,t,29.919509573362937,29.919509573362937
968,c,29.919509573362937,29.919509573362937
969,t,29.919509573362937,29.919509573362937
970,c,29.919509573362937,29.919509573362937
971,c,29.919509573362937,29.919509573362937
972,c,29.919509573362937,29.919509573362937
973,t,29.919509573362937,29.919509573362937
974,c,29.919509573362937,29.919509573362937
975,t,29.919509573362937,29.919509573362937
976,c,29.919509573362937,29.919509573362937
977,c,29.919509573362937,29.919509573362937
978,c,29.919509573362937,29.919509573362937
979,c,29.919509573362937,29.919509573362937
980,t,29.919509573362937,29.919509573362937
981,c,29.919509573362937,29.919509573362937
982,t,29.919509573362937,29.919509573362937
983,t,29.919509573362937,29.919509573362937
984,t,29.919509573362937,29.919509573362937
985,c,29.919509573362937,29.919509573362937
986,t,29.919509573362937,29.919509573362937
987,t,29.919509573362937,29.919509573362937
988,t,29.919509573362937,29.919509573362937
989,t,29.919509573362937,29.919509573362937
990,t,29.919509573362937,29.919509573362937
991,t,29.919509573362937,29.919509573362937
992,t,29.919509573362937,29.919509573362937
993,t,29.919509573362937,29.919509573362937
994,c,29.919509573362937,29.919509573362937
995,t,29.919509573362937,29.919509573362937
996,c,29.919509573362937,29.919509573362937
997,t,29.919509573362937,29.919509573362937
998,c,29.919509573362937,29.919509573362937
999,c,29.919509573362937,29.919509573362937
