node, assignment, time2inf, time2death
0,na,-1,0
1,na,-1,0
2,na,-1,0
3,na,-1,0
4,c,164.5462842031338,164.5462842031338
5,c,164.5462842031338,164.5462842031338
6,c,164.5462842031338,164.5462842031338
7,c,164.5462842031338,164.5462842031338
8,c,164.5462842031338,164.5462842031338
9,t,164.5462842031338,164.5462842031338
10,c,164.5462842031338,164.5462842031338
11,t,164.5462842031338,164.5462842031338
12,c,164.5462842031338,164.5462842031338
13,c,164.5462842031338,164.5462842031338
14,c,164.5462842031338,164.5462842031338
15,c,164.5462842031338,164.5462842031338
16,c,164.5462842031338,164.5462842031338
17,c,164.5462842031338,164.5462842031338
18,c,164.5462842031338,164.5462842031338
19,t,164.5462842031338,164.5462842031338
20,c,164.5462842031338,164.5462842031338
21,t,164.5462842031338,164.5462842031338
22,c,164.5462842031338,164.5462842031338
23,c,164.5462842031338,164.5462842031338
24,c,164.5462842031338,164.5462842031338
25,c,164.5462842031338,164.5462842031338
26,t,164.5462842031338,164.5462842031338
27,c,164.5462842031338,164.5462842031338
28,c,164.5462842031338,164.5462842031338
29,c,164.5462842031338,164.5462842031338
30,c,164.5462842031338,164.5462842031338
31,t,164.5462842031338,164.5462842031338
32,c,164.5462842031338,164.5462842031338
33,c,164.5462842031338,164.5462842031338
34,c,164.5462842031338,164.5462842031338
35,t,164.5462842031338,164.5462842031338
36,c,164.5462842031338,164.5462842031338
37,c,164.5462842031338,164.5462842031338
38,t,164.5462842031338,164.5462842031338
39,c,164.5462842031338,164.5462842031338
40,c,164.5462842031338,164.5462842031338
41,c,164.5462842031338,164.5462842031338
42,c,164.5462842031338,164.5462842031338
43,t,164.5462842031338,164.5462842031338
44,c,164.5462842031338,164.5462842031338
45,c,164.5462842031338,164.5462842031338
46,t,164.5462842031338,164.5462842031338
47,t,79.59453868777395,79.92407084885411
48,c,164.5462842031338,164.5462842031338
49,c,164.5462842031338,164.5462842031338
50,c,164.5462842031338,164.5462842031338
51,c,90.46859052147106,90.67757952988316
52,t,164.5462842031338,164.5462842031338
53,t,164.5462842031338,164.5462842031338
54,t,164.5462842031338,164.5462842031338
55,c,164.5462842031338,164.5462842031338
56,t,164.5462842031338,164.5462842031338
57,c,164.5462842031338,164.5462842031338
58,t,164.5462842031338,164.5462842031338
59,c,164.5462842031338,164.5462842031338
60,c,164.5462842031338,164.5462842031338
61,t,164.5462842031338,164.5462842031338
62,c,164.5462842031338,164.5462842031338
63,c,164.5462842031338,164.5462842031338
64,c,164.5462842031338,164.5462842031338
65,c,164.5462842031338,164.5462842031338
66,c,164.5462842031338,164.5462842031338
67,c,164.5462842031338,164.5462842031338
68,c,164.5462842031338,164.5462842031338
69,c,164.5462842031338,164.5462842031338
70,c,164.5462842031338,164.5462842031338
71,c,164.5462842031338,164.5462842031338
72,c,55.41269842041011,63.99350759537734
73,c,164.5462842031338,164.5462842031338
74,c,164.5462842031338,164.5462842031338
75,c,42.76062157122103,49.120056092924706
76,c,164.5462842031338,164.5462842031338
77,c,164.5462842031338,164.5462842031338
78,c,164.5462842031338,164.5462842031338
79,t,164.5462842031338,164.5462842031338
80,c,164.5462842031338,164.5462842031338
81,c,164.5462842031338,164.5462842031338
82,c,164.5462842031338,164.5462842031338
83,c,164.5462842031338,164.5462842031338
84,c,164.5462842031338,164.5462842031338
85,c,164.5462842031338,164.5462842031338
86,c,164.5462842031338,164.5462842031338
87,c,164.5462842031338,164.5462842031338
88,c,164.5462842031338,164.5462842031338
89,t,160.6035502346848,164.5462842031338
90,c,164.5462842031338,164.5462842031338
91,c,164.5462842031338,164.5462842031338
92,c,164.5462842031338,164.5462842031338
93,c,164.5462842031338,164.5462842031338
94,c,164.5462842031338,164.5462842031338
95,t,164.5462842031338,164.5462842031338
96,t,164.5462842031338,164.5462842031338
97,c,164.5462842031338,164.5462842031338
98,c,164.5462842031338,164.5462842031338
99,c,164.5462842031338,164.5462842031338
100,c,164.5462842031338,164.5462842031338
101,c,164.5462842031338,164.5462842031338
102,c,164.5462842031338,164.5462842031338
103,c,164.5462842031338,164.5462842031338
104,c,164.5462842031338,164.5462842031338
105,c,164.5462842031338,164.5462842031338
106,t,20.358523483029334,38.69330415391149
107,c,164.5462842031338,164.5462842031338
108,t,164.5462842031338,164.5462842031338
109,t,164.5462842031338,164.5462842031338
110,c,164.5462842031338,164.5462842031338
111,c,164.5462842031338,164.5462842031338
112,c,164.5462842031338,164.5462842031338
113,c,164.5462842031338,164.5462842031338
114,c,164.5462842031338,164.5462842031338
115,c,164.5462842031338,164.5462842031338
116,c,164.5462842031338,164.5462842031338
117,c,164.5462842031338,164.5462842031338
118,c,164.5462842031338,164.5462842031338
119,c,164.5462842031338,164.5462842031338
120,c,164.5462842031338,164.5462842031338
121,c,164.5462842031338,164.5462842031338
122,t,164.5462842031338,164.5462842031338
123,c,164.5462842031338,164.5462842031338
124,t,164.5462842031338,164.5462842031338
125,t,164.5462842031338,164.5462842031338
126,c,164.5462842031338,164.5462842031338
127,c,164.5462842031338,164.5462842031338
128,t,164.5462842031338,164.5462842031338
129,t,164.5462842031338,164.5462842031338
130,t,164.5462842031338,164.5462842031338
131,c,164.5462842031338,164.5462842031338
132,c,164.5462842031338,164.5462842031338
133,c,164.5462842031338,164.5462842031338
134,t,164.5462842031338,164.5462842031338
135,t,70.42851993044964,71.32400508117419
136,c,164.5462842031338,164.5462842031338
137,t,164.5462842031338,164.5462842031338
138,c,164.5462842031338,164.5462842031338
139,c,164.5462842031338,164.5462842031338
140,t,164.5462842031338,164.5462842031338
141,c,164.5462842031338,164.5462842031338
142,c,164.5462842031338,164.5462842031338
143,c,164.5462842031338,164.5462842031338
144,c,164.5462842031338,164.5462842031338
145,c,164.5462842031338,164.5462842031338
146,t,164.5462842031338,164.5462842031338
147,c,164.5462842031338,164.5462842031338
148,c,164.5462842031338,164.5462842031338
149,c,164.5462842031338,164.5462842031338
150,c,164.5462842031338,164.5462842031338
151,t,164.5462842031338,164.5462842031338
152,c,164.5462842031338,164.5462842031338
153,t,164.5462842031338,164.5462842031338
154,c,164.5462842031338,164.5462842031338
155,c,164.5462842031338,164.5462842031338
156,c,164.5462842031338,164.5462842031338
157,c,164.5462842031338,164.5462842031338
158,t,164.5462842031338,164.5462842031338
159,c,164.5462842031338,164.5462842031338
160,t,164.5462842031338,164.5462842031338
161,c,164.5462842031338,164.5462842031338
162,t,89.79103683584378,91.03768557160235
163,c,164.5462842031338,164.5462842031338
164,c,164.5462842031338,164.5462842031338
165,c,36.17353120600074,41.225988596443806
166,c,164.5462842031338,164.5462842031338
167,c,164.5462842031338,164.5462842031338
168,c,164.5462842031338,164.5462842031338
169,c,41.19309504145217,41.44678009576919
170,c,164.5462842031338,164.5462842031338
171,c,33.60932269075094,35.290735254013256
172,c,164.5462842031338,164.5462842031338
173,t,164.5462842031338,164.5462842031338
174,t,64.23757399029289,76.23928768121263
175,c,164.5462842031338,164.5462842031338
176,c,65.3390470410702,67.97441495908684
177,c,164.5462842031338,164.5462842031338
178,c,164.5462842031338,164.5462842031338
179,t,164.5462842031338,164.5462842031338
180,c,164.5462842031338,164.5462842031338
181,c,164.5462842031338,164.5462842031338
182,c,164.5462842031338,164.5462842031338
183,c,164.5462842031338,164.5462842031338
184,c,47.04215434719917,164.5462842031338
185,c,164.5462842031338,164.5462842031338
186,t,164.5462842031338,164.5462842031338
187,c,164.5462842031338,164.5462842031338
188,c,164.5462842031338,164.5462842031338
189,c,164.5462842031338,164.5462842031338
190,t,63.19733812094897,67.06835213994997
191,c,164.5462842031338,164.5462842031338
192,t,34.94710586358067,36.40598056214762
193,c,164.5462842031338,164.5462842031338
194,c,164.5462842031338,164.5462842031338
195,c,164.5462842031338,164.5462842031338
196,c,164.5462842031338,164.5462842031338
197,c,164.5462842031338,164.5462842031338
198,c,164.5462842031338,164.5462842031338
199,c,164.5462842031338,164.5462842031338
200,t,164.5462842031338,164.5462842031338
201,c,164.5462842031338,164.5462842031338
202,c,164.5462842031338,164.5462842031338
203,c,164.5462842031338,164.5462842031338
204,c,164.5462842031338,164.5462842031338
205,c,82.68390332628483,87.57586610103205
206,c,164.5462842031338,164.5462842031338
207,c,164.5462842031338,164.5462842031338
208,t,164.5462842031338,164.5462842031338
209,c,164.5462842031338,164.5462842031338
210,c,19.487397105185998,23.29983489328708
211,c,164.5462842031338,164.5462842031338
212,c,75.17373742571137,81.07798940377332
213,c,164.5462842031338,164.5462842031338
214,c,164.5462842031338,164.5462842031338
215,t,164.5462842031338,164.5462842031338
216,t,164.5462842031338,164.5462842031338
217,c,164.5462842031338,164.5462842031338
218,c,164.5462842031338,164.5462842031338
219,c,164.5462842031338,164.5462842031338
220,t,52.53976620388444,54.7423850683575
221,c,164.5462842031338,164.5462842031338
222,c,164.5462842031338,164.5462842031338
223,t,164.5462842031338,164.5462842031338
224,c,164.5462842031338,164.5462842031338
225,c,164.5462842031338,164.5462842031338
226,c,164.5462842031338,164.5462842031338
227,c,164.5462842031338,164.5462842031338
228,t,164.5462842031338,164.5462842031338
229,t,164.5462842031338,164.5462842031338
230,t,164.5462842031338,164.5462842031338
231,c,82.7831515758775,83.16287882777905
232,na,5.444017194245127,6.972269013716811
233,t,164.5462842031338,164.5462842031338
234,c,164.5462842031338,164.5462842031338
235,c,164.5462842031338,164.5462842031338
236,c,164.5462842031338,164.5462842031338
237,c,164.5462842031338,164.5462842031338
238,t,164.5462842031338,164.5462842031338
239,c,164.5462842031338,164.5462842031338
240,c,73.66560577986762,74.16869640528508
241,c,164.5462842031338,164.5462842031338
242,c,164.5462842031338,164.5462842031338
243,c,9.430512916104897,11.246456235488806
244,c,164.5462842031338,164.5462842031338
245,c,164.5462842031338,164.5462842031338
246,c,164.5462842031338,164.5462842031338
247,c,164.5462842031338,164.5462842031338
248,t,164.5462842031338,164.5462842031338
249,t,39.75305175887013,40.08489210133354
250,c,164.5462842031338,164.5462842031338
251,c,78.51818722355007,90.15099707730597
252,c,83.62272606960155,87.42513026775339
253,c,164.5462842031338,164.5462842031338
254,c,164.5462842031338,164.5462842031338
255,c,135.96552636169255,148.17477274724993
256,c,164.5462842031338,164.5462842031338
257,c,61.40308793272398,164.5462842031338
258,t,164.5462842031338,164.5462842031338
259,c,164.5462842031338,164.5462842031338
260,t,164.5462842031338,164.5462842031338
261,c,164.5462842031338,164.5462842031338
262,c,164.5462842031338,164.5462842031338
263,c,164.5462842031338,164.5462842031338
264,t,164.5462842031338,164.5462842031338
265,c,164.5462842031338,164.5462842031338
266,c,164.5462842031338,164.5462842031338
267,c,164.5462842031338,164.5462842031338
268,c,164.5462842031338,164.5462842031338
269,c,164.5462842031338,164.5462842031338
270,c,164.5462842031338,164.5462842031338
271,c,164.5462842031338,164.5462842031338
272,t,164.5462842031338,164.5462842031338
273,t,55.85986415690925,57.705219344186226
274,c,64.57658382451143,66.40492576091373
275,c,164.5462842031338,164.5462842031338
276,c,164.5462842031338,164.5462842031338
277,t,164.5462842031338,164.5462842031338
278,c,164.5462842031338,164.5462842031338
279,c,164.5462842031338,164.5462842031338
280,c,164.5462842031338,164.5462842031338
281,c,164.5462842031338,164.5462842031338
282,c,58.05656937469847,60.2850854523996
283,c,164.5462842031338,164.5462842031338
284,c,164.5462842031338,164.5462842031338
285,c,164.5462842031338,164.5462842031338
286,c,164.5462842031338,164.5462842031338
287,t,164.5462842031338,164.5462842031338
288,c,75.85200443959513,78.3271344094874
289,c,164.5462842031338,164.5462842031338
290,c,164.5462842031338,164.5462842031338
291,c,164.5462842031338,164.5462842031338
292,t,44.439619114577795,45.269520140755056
293,c,164.5462842031338,164.5462842031338
294,c,164.5462842031338,164.5462842031338
295,t,164.5462842031338,164.5462842031338
296,c,164.5462842031338,164.5462842031338
297,c,164.5462842031338,164.5462842031338
298,c,164.5462842031338,164.5462842031338
299,c,164.5462842031338,164.5462842031338
300,c,164.5462842031338,164.5462842031338
301,t,164.5462842031338,164.5462842031338
302,c,164.5462842031338,164.5462842031338
303,c,164.5462842031338,164.5462842031338
304,c,164.5462842031338,164.5462842031338
305,c,164.5462842031338,164.5462842031338
306,c,164.5462842031338,164.5462842031338
307,c,164.5462842031338,164.5462842031338
308,c,164.5462842031338,164.5462842031338
309,c,164.5462842031338,164.5462842031338
310,t,6.845532245793769,8.395575155889786
311,c,164.5462842031338,164.5462842031338
312,c,164.5462842031338,164.5462842031338
313,t,164.5462842031338,164.5462842031338
314,c,164.5462842031338,164.5462842031338
315,c,47.29938020315254,50.6869082287462
316,c,164.5462842031338,164.5462842031338
317,c,164.5462842031338,164.5462842031338
318,c,164.5462842031338,164.5462842031338
319,c,164.5462842031338,164.5462842031338
320,c,164.5462842031338,164.5462842031338
321,t,164.5462842031338,164.5462842031338
322,c,164.5462842031338,164.5462842031338
323,c,164.5462842031338,164.5462842031338
324,c,164.5462842031338,164.5462842031338
325,c,164.5462842031338,164.5462842031338
326,c,164.5462842031338,164.5462842031338
327,t,164.5462842031338,164.5462842031338
328,t,164.5462842031338,164.5462842031338
329,t,164.5462842031338,164.5462842031338
330,c,164.5462842031338,164.5462842031338
331,t,164.5462842031338,164.5462842031338
332,c,164.5462842031338,164.5462842031338
333,c,164.5462842031338,164.5462842031338
334,c,164.5462842031338,164.5462842031338
335,c,164.5462842031338,164.5462842031338
336,c,164.5462842031338,164.5462842031338
337,c,164.5462842031338,164.5462842031338
338,c,164.5462842031338,164.5462842031338
339,c,164.5462842031338,164.5462842031338
340,c,164.5462842031338,164.5462842031338
341,t,164.5462842031338,164.5462842031338
342,c,137.96023961702235,139.66233333013778
343,c,164.5462842031338,164.5462842031338
344,t,164.5462842031338,164.5462842031338
345,c,164.5462842031338,164.5462842031338
346,c,164.5462842031338,164.5462842031338
347,t,164.5462842031338,164.5462842031338
348,c,164.5462842031338,164.5462842031338
349,c,164.5462842031338,164.5462842031338
350,c,164.5462842031338,164.5462842031338
351,c,164.5462842031338,164.5462842031338
352,c,164.5462842031338,164.5462842031338
353,c,164.5462842031338,164.5462842031338
354,c,164.5462842031338,164.5462842031338
355,c,164.5462842031338,164.5462842031338
356,t,164.5462842031338,164.5462842031338
357,c,164.5462842031338,164.5462842031338
358,c,54.8861304720722,58.41086440301602
359,t,164.5462842031338,164.5462842031338
360,c,164.5462842031338,164.5462842031338
361,t,164.5462842031338,164.5462842031338
362,t,164.5462842031338,164.5462842031338
363,c,164.5462842031338,164.5462842031338
364,t,164.5462842031338,164.5462842031338
365,t,164.5462842031338,164.5462842031338
366,c,164.5462842031338,164.5462842031338
367,t,164.5462842031338,164.5462842031338
368,c,164.5462842031338,164.5462842031338
369,c,164.5462842031338,164.5462842031338
370,t,164.5462842031338,164.5462842031338
371,c,164.5462842031338,164.5462842031338
372,c,164.5462842031338,164.5462842031338
373,c,164.5462842031338,164.5462842031338
374,c,164.5462842031338,164.5462842031338
375,c,164.5462842031338,164.5462842031338
376,c,164.5462842031338,164.5462842031338
377,t,48.19742970011883,49.13499146985369
378,c,164.5462842031338,164.5462842031338
379,c,164.5462842031338,164.5462842031338
380,c,164.5462842031338,164.5462842031338
381,c,164.5462842031338,164.5462842031338
382,c,164.5462842031338,164.5462842031338
383,c,164.5462842031338,164.5462842031338
384,c,164.5462842031338,164.5462842031338
385,c,164.5462842031338,164.5462842031338
386,t,164.5462842031338,164.5462842031338
387,t,164.5462842031338,164.5462842031338
388,c,164.5462842031338,164.5462842031338
389,c,164.5462842031338,164.5462842031338
390,t,164.5462842031338,164.5462842031338
391,c,164.5462842031338,164.5462842031338
392,t,164.5462842031338,164.5462842031338
393,c,164.5462842031338,164.5462842031338
394,c,164.5462842031338,164.5462842031338
395,c,164.5462842031338,164.5462842031338
396,c,164.5462842031338,164.5462842031338
397,c,164.5462842031338,164.5462842031338
398,c,164.5462842031338,164.5462842031338
399,c,164.5462842031338,164.5462842031338
400,t,104.50786546146834,111.41421968379603
401,c,164.5462842031338,164.5462842031338
402,c,164.5462842031338,164.5462842031338
403,c,164.5462842031338,164.5462842031338
404,c,164.5462842031338,164.5462842031338
405,c,164.5462842031338,164.5462842031338
406,t,164.5462842031338,164.5462842031338
407,c,164.5462842031338,164.5462842031338
408,c,164.5462842031338,164.5462842031338
409,c,164.5462842031338,164.5462842031338
410,c,164.5462842031338,164.5462842031338
411,c,70.96693688235843,74.63225106896176
412,c,164.5462842031338,164.5462842031338
413,c,164.5462842031338,164.5462842031338
414,c,164.5462842031338,164.5462842031338
415,c,164.5462842031338,164.5462842031338
416,t,164.5462842031338,164.5462842031338
417,t,164.5462842031338,164.5462842031338
418,c,164.5462842031338,164.5462842031338
419,t,164.5462842031338,164.5462842031338
420,c,164.5462842031338,164.5462842031338
421,c,39.1147306093369,46.88916431786032
422,c,164.5462842031338,164.5462842031338
423,c,164.5462842031338,164.5462842031338
424,c,164.5462842031338,164.5462842031338
425,c,164.5462842031338,164.5462842031338
426,c,164.5462842031338,164.5462842031338
427,c,56.87456212137341,58.601083755998474
428,c,164.5462842031338,164.5462842031338
429,c,164.5462842031338,164.5462842031338
430,c,164.5462842031338,164.5462842031338
431,t,164.5462842031338,164.5462842031338
432,c,164.5462842031338,164.5462842031338
433,c,164.5462842031338,164.5462842031338
434,c,164.5462842031338,164.5462842031338
435,na,164.5462842031338,164.5462842031338
436,c,164.5462842031338,164.5462842031338
437,c,164.5462842031338,164.5462842031338
438,c,164.5462842031338,164.5462842031338
439,t,164.5462842031338,164.5462842031338
440,c,164.5462842031338,164.5462842031338
441,c,164.5462842031338,164.5462842031338
442,c,164.5462842031338,164.5462842031338
443,t,164.5462842031338,164.5462842031338
444,c,164.5462842031338,164.5462842031338
445,c,164.5462842031338,164.5462842031338
446,c,164.5462842031338,164.5462842031338
447,c,7.86486111705182,16.397377981211065
448,c,164.5462842031338,164.5462842031338
449,c,164.5462842031338,164.5462842031338
450,c,164.5462842031338,164.5462842031338
451,c,164.5462842031338,164.5462842031338
452,c,164.5462842031338,164.5462842031338
453,t,164.5462842031338,164.5462842031338
454,c,164.5462842031338,164.5462842031338
455,t,164.5462842031338,164.5462842031338
456,c,164.5462842031338,164.5462842031338
457,c,164.5462842031338,164.5462842031338
458,c,164.5462842031338,164.5462842031338
459,c,164.5462842031338,164.5462842031338
460,c,164.5462842031338,164.5462842031338
461,c,164.5462842031338,164.5462842031338
462,c,164.5462842031338,164.5462842031338
463,c,164.5462842031338,164.5462842031338
464,c,164.5462842031338,164.5462842031338
465,c,164.5462842031338,164.5462842031338
466,c,164.5462842031338,164.5462842031338
467,c,78.6104218460703,81.60768428980079
468,c,164.5462842031338,164.5462842031338
469,c,164.5462842031338,164.5462842031338
470,c,164.5462842031338,164.5462842031338
471,c,164.5462842031338,164.5462842031338
472,c,164.5462842031338,164.5462842031338
473,c,164.5462842031338,164.5462842031338
474,c,164.5462842031338,164.5462842031338
475,c,164.5462842031338,164.5462842031338
476,c,164.5462842031338,164.5462842031338
477,c,164.5462842031338,164.5462842031338
478,c,77.3554576224384,82.56280380674934
479,c,164.5462842031338,164.5462842031338
480,c,164.5462842031338,164.5462842031338
481,c,164.5462842031338,164.5462842031338
482,c,164.5462842031338,164.5462842031338
483,c,164.5462842031338,164.5462842031338
484,c,164.5462842031338,164.5462842031338
485,c,164.5462842031338,164.5462842031338
486,c,164.5462842031338,164.5462842031338
487,c,164.5462842031338,164.5462842031338
488,c,164.5462842031338,164.5462842031338
489,c,164.5462842031338,164.5462842031338
490,c,164.5462842031338,164.5462842031338
491,c,164.5462842031338,164.5462842031338
492,t,164.5462842031338,164.5462842031338
493,c,164.5462842031338,164.5462842031338
494,c,59.93585402051849,61.10671418521656
495,t,164.5462842031338,164.5462842031338
496,t,164.5462842031338,164.5462842031338
497,c,164.5462842031338,164.5462842031338
498,t,164.5462842031338,164.5462842031338
499,c,164.5462842031338,164.5462842031338
500,c,164.5462842031338,164.5462842031338
501,c,164.5462842031338,164.5462842031338
502,c,164.5462842031338,164.5462842031338
503,t,164.5462842031338,164.5462842031338
504,t,164.5462842031338,164.5462842031338
505,c,164.5462842031338,164.5462842031338
506,c,164.5462842031338,164.5462842031338
507,t,164.5462842031338,164.5462842031338
508,c,164.5462842031338,164.5462842031338
509,c,164.5462842031338,164.5462842031338
510,t,164.5462842031338,164.5462842031338
511,t,164.5462842031338,164.5462842031338
512,c,164.5462842031338,164.5462842031338
513,c,164.5462842031338,164.5462842031338
514,t,164.5462842031338,164.5462842031338
515,c,164.5462842031338,164.5462842031338
516,c,164.5462842031338,164.5462842031338
517,c,164.5462842031338,164.5462842031338
518,c,164.5462842031338,164.5462842031338
519,c,82.54347027179217,87.11758567075712
520,c,164.5462842031338,164.5462842031338
521,c,164.5462842031338,164.5462842031338
522,c,164.5462842031338,164.5462842031338
523,c,164.5462842031338,164.5462842031338
524,t,164.5462842031338,164.5462842031338
525,c,164.5462842031338,164.5462842031338
526,c,164.5462842031338,164.5462842031338
527,t,164.5462842031338,164.5462842031338
528,c,164.5462842031338,164.5462842031338
529,c,164.5462842031338,164.5462842031338
530,c,164.5462842031338,164.5462842031338
531,c,164.5462842031338,164.5462842031338
532,c,164.5462842031338,164.5462842031338
533,c,164.5462842031338,164.5462842031338
534,c,164.5462842031338,164.5462842031338
535,c,164.5462842031338,164.5462842031338
536,c,164.5462842031338,164.5462842031338
537,na,2.87375922536885,8.174833638654244
538,c,164.5462842031338,164.5462842031338
539,t,164.5462842031338,164.5462842031338
540,c,164.5462842031338,164.5462842031338
541,c,164.5462842031338,164.5462842031338
542,c,164.5462842031338,164.5462842031338
543,c,164.5462842031338,164.5462842031338
544,c,164.5462842031338,164.5462842031338
545,t,164.5462842031338,164.5462842031338
546,c,164.5462842031338,164.5462842031338
547,c,164.5462842031338,164.5462842031338
548,c,164.5462842031338,164.5462842031338
549,c,164.5462842031338,164.5462842031338
550,t,164.5462842031338,164.5462842031338
551,c,164.5462842031338,164.5462842031338
552,c,164.5462842031338,164.5462842031338
553,c,164.5462842031338,164.5462842031338
554,c,78.94042398396064,80.37597811063847
555,c,164.5462842031338,164.5462842031338
556,c,62.21396383364219,64.09568110580359
557,c,164.5462842031338,164.5462842031338
558,c,164.5462842031338,164.5462842031338
559,c,164.5462842031338,164.5462842031338
560,c,164.5462842031338,164.5462842031338
561,t,164.5462842031338,164.5462842031338
562,c,164.5462842031338,164.5462842031338
563,c,164.5462842031338,164.5462842031338
564,c,164.5462842031338,164.5462842031338
565,t,164.5462842031338,164.5462842031338
566,c,164.5462842031338,164.5462842031338
567,c,164.5462842031338,164.5462842031338
568,t,164.5462842031338,164.5462842031338
569,c,164.5462842031338,164.5462842031338
570,c,164.5462842031338,164.5462842031338
571,c,164.5462842031338,164.5462842031338
572,c,164.5462842031338,164.5462842031338
573,c,164.5462842031338,164.5462842031338
574,c,164.5462842031338,164.5462842031338
575,c,164.5462842031338,164.5462842031338
576,t,164.5462842031338,164.5462842031338
577,c,164.5462842031338,164.5462842031338
578,c,164.5462842031338,164.5462842031338
579,c,164.5462842031338,164.5462842031338
580,c,164.5462842031338,164.5462842031338
581,c,164.5462842031338,164.5462842031338
582,c,164.5462842031338,164.5462842031338
583,c,164.5462842031338,164.5462842031338
584,c,164.5462842031338,164.5462842031338
585,t,164.5462842031338,164.5462842031338
586,c,164.5462842031338,164.5462842031338
587,c,164.5462842031338,164.5462842031338
588,c,164.5462842031338,164.5462842031338
589,c,164.5462842031338,164.5462842031338
590,c,164.5462842031338,164.5462842031338
591,c,164.5462842031338,164.5462842031338
592,c,164.5462842031338,164.5462842031338
593,c,164.5462842031338,164.5462842031338
594,c,164.5462842031338,164.5462842031338
595,t,164.5462842031338,164.5462842031338
596,c,164.5462842031338,164.5462842031338
597,c,107.29765543303336,115.10303737107398
598,c,164.5462842031338,164.5462842031338
599,c,164.5462842031338,164.5462842031338
600,c,164.5462842031338,164.5462842031338
601,c,164.5462842031338,164.5462842031338
602,t,164.5462842031338,164.5462842031338
603,c,164.5462842031338,164.5462842031338
604,c,164.5462842031338,164.5462842031338
605,c,164.5462842031338,164.5462842031338
606,c,88.64204647443384,88.82611598770208
607,t,73.65294630660814,75.67961820675869
608,c,164.5462842031338,164.5462842031338
609,c,164.5462842031338,164.5462842031338
610,c,164.5462842031338,164.5462842031338
611,c,164.5462842031338,164.5462842031338
612,c,164.5462842031338,164.5462842031338
613,c,164.5462842031338,164.5462842031338
614,c,164.5462842031338,164.5462842031338
615,c,164.5462842031338,164.5462842031338
616,c,164.5462842031338,164.5462842031338
617,c,164.5462842031338,164.5462842031338
618,t,164.5462842031338,164.5462842031338
619,t,164.5462842031338,164.5462842031338
620,c,164.5462842031338,164.5462842031338
621,c,164.5462842031338,164.5462842031338
622,c,164.5462842031338,164.5462842031338
623,c,164.5462842031338,164.5462842031338
624,c,164.5462842031338,164.5462842031338
625,c,164.5462842031338,164.5462842031338
626,c,164.5462842031338,164.5462842031338
627,c,164.5462842031338,164.5462842031338
628,c,164.5462842031338,164.5462842031338
629,c,164.5462842031338,164.5462842031338
630,c,164.5462842031338,164.5462842031338
631,c,164.5462842031338,164.5462842031338
632,c,164.5462842031338,164.5462842031338
633,t,164.5462842031338,164.5462842031338
634,t,164.5462842031338,164.5462842031338
635,c,164.5462842031338,164.5462842031338
636,t,164.5462842031338,164.5462842031338
637,c,164.5462842031338,164.5462842031338
638,c,164.5462842031338,164.5462842031338
639,c,164.5462842031338,164.5462842031338
640,c,164.5462842031338,164.5462842031338
641,t,164.5462842031338,164.5462842031338
642,c,55.63208522722626,60.19542102464135
643,c,164.5462842031338,164.5462842031338
644,c,164.5462842031338,164.5462842031338
645,c,164.5462842031338,164.5462842031338
646,c,164.5462842031338,164.5462842031338
647,na,0,0.4968584533473652
648,c,164.5462842031338,164.5462842031338
649,c,164.5462842031338,164.5462842031338
650,t,89.60406940716983,96.51426053508854
651,c,164.5462842031338,164.5462842031338
652,c,164.5462842031338,164.5462842031338
653,c,164.5462842031338,164.5462842031338
654,c,164.5462842031338,164.5462842031338
655,c,164.5462842031338,164.5462842031338
656,c,164.5462842031338,164.5462842031338
657,c,164.5462842031338,164.5462842031338
658,c,164.5462842031338,164.5462842031338
659,c,164.5462842031338,164.5462842031338
660,c,164.5462842031338,164.5462842031338
661,c,164.5462842031338,164.5462842031338
662,c,164.5462842031338,164.5462842031338
663,t,164.5462842031338,164.5462842031338
664,c,164.5462842031338,164.5462842031338
665,c,53.5522323331896,55.33773823219578
666,c,164.5462842031338,164.5462842031338
667,c,164.5462842031338,164.5462842031338
668,c,164.5462842031338,164.5462842031338
669,c,164.5462842031338,164.5462842031338
670,na,0,0.49340629182513734
671,t,164.5462842031338,164.5462842031338
672,c,164.5462842031338,164.5462842031338
673,c,164.5462842031338,164.5462842031338
674,c,164.5462842031338,164.5462842031338
675,t,164.5462842031338,164.5462842031338
676,c,164.5462842031338,164.5462842031338
677,c,164.5462842031338,164.5462842031338
678,c,164.5462842031338,164.5462842031338
679,t,164.5462842031338,164.5462842031338
680,c,100.41488986657251,113.58300086874429
681,c,164.5462842031338,164.5462842031338
682,c,58.61729059280242,63.47430162013768
683,c,164.5462842031338,164.5462842031338
684,c,164.5462842031338,164.5462842031338
685,c,164.5462842031338,164.5462842031338
686,c,164.5462842031338,164.5462842031338
687,c,164.5462842031338,164.5462842031338
688,c,164.5462842031338,164.5462842031338
689,c,164.5462842031338,164.5462842031338
690,t,164.5462842031338,164.5462842031338
691,c,164.5462842031338,164.5462842031338
692,c,164.5462842031338,164.5462842031338
693,c,164.5462842031338,164.5462842031338
694,c,164.5462842031338,164.5462842031338
695,c,164.5462842031338,164.5462842031338
696,c,48.06717215638896,62.00490278314843
697,c,164.5462842031338,164.5462842031338
698,c,164.5462842031338,164.5462842031338
699,c,164.5462842031338,164.5462842031338
700,c,164.5462842031338,164.5462842031338
701,c,164.5462842031338,164.5462842031338
702,t,164.5462842031338,164.5462842031338
703,c,164.5462842031338,164.5462842031338
704,c,164.5462842031338,164.5462842031338
705,c,164.5462842031338,164.5462842031338
706,c,164.5462842031338,164.5462842031338
707,c,164.5462842031338,164.5462842031338
708,c,164.5462842031338,164.5462842031338
709,c,78.43838773171403,83.65083107699353
710,c,164.5462842031338,164.5462842031338
711,c,164.5462842031338,164.5462842031338
712,c,164.5462842031338,164.5462842031338
713,c,164.5462842031338,164.5462842031338
714,c,164.5462842031338,164.5462842031338
715,c,164.5462842031338,164.5462842031338
716,c,164.5462842031338,164.5462842031338
717,c,164.5462842031338,164.5462842031338
718,c,164.5462842031338,164.5462842031338
719,c,164.5462842031338,164.5462842031338
720,t,164.5462842031338,164.5462842031338
721,c,164.5462842031338,164.5462842031338
722,t,164.5462842031338,164.5462842031338
723,c,164.5462842031338,164.5462842031338
724,t,164.5462842031338,164.5462842031338
725,c,164.5462842031338,164.5462842031338
726,c,164.5462842031338,164.5462842031338
727,c,164.5462842031338,164.5462842031338
728,c,164.5462842031338,164.5462842031338
729,na,-1,0
730,t,48.439338245301876,49.302936056731944
731,c,164.5462842031338,164.5462842031338
732,c,164.5462842031338,164.5462842031338
733,c,164.5462842031338,164.5462842031338
734,c,164.5462842031338,164.5462842031338
735,c,164.5462842031338,164.5462842031338
736,c,61.60485844084761,61.99923799941968
737,t,164.5462842031338,164.5462842031338
738,c,164.5462842031338,164.5462842031338
739,c,164.5462842031338,164.5462842031338
740,t,164.5462842031338,164.5462842031338
741,c,164.5462842031338,164.5462842031338
742,c,76.80796063830444,82.09884584830787
743,c,164.5462842031338,164.5462842031338
744,c,164.5462842031338,164.5462842031338
745,c,164.5462842031338,164.5462842031338
746,c,164.5462842031338,164.5462842031338
747,c,164.5462842031338,164.5462842031338
748,c,164.5462842031338,164.5462842031338
749,c,164.5462842031338,164.5462842031338
750,t,164.5462842031338,164.5462842031338
751,c,164.5462842031338,164.5462842031338
752,c,164.5462842031338,164.5462842031338
753,c,164.5462842031338,164.5462842031338
754,c,164.5462842031338,164.5462842031338
755,t,164.5462842031338,164.5462842031338
756,t,164.5462842031338,164.5462842031338
757,c,164.5462842031338,164.5462842031338
758,t,164.5462842031338,164.5462842031338
759,c,164.5462842031338,164.5462842031338
760,t,164.5462842031338,164.5462842031338
761,c,164.5462842031338,164.5462842031338
762,c,164.5462842031338,164.5462842031338
763,c,164.5462842031338,164.5462842031338
764,c,164.5462842031338,164.5462842031338
765,c,164.5462842031338,164.5462842031338
766,c,164.5462842031338,164.5462842031338
767,c,164.5462842031338,164.5462842031338
768,c,164.5462842031338,164.5462842031338
769,t,164.5462842031338,164.5462842031338
770,c,164.5462842031338,164.5462842031338
771,c,164.5462842031338,164.5462842031338
772,c,164.5462842031338,164.5462842031338
773,c,164.5462842031338,164.5462842031338
774,t,164.5462842031338,164.5462842031338
775,c,164.5462842031338,164.5462842031338
776,t,164.5462842031338,164.5462842031338
777,c,164.5462842031338,164.5462842031338
778,c,164.5462842031338,164.5462842031338
779,c,164.5462842031338,164.5462842031338
780,c,164.5462842031338,164.5462842031338
781,c,164.5462842031338,164.5462842031338
782,t,164.5462842031338,164.5462842031338
783,c,164.5462842031338,164.5462842031338
784,c,57.17917346172673,61.16147952103983
785,c,164.5462842031338,164.5462842031338
786,c,164.5462842031338,164.5462842031338
787,c,164.5462842031338,164.5462842031338
788,c,164.5462842031338,164.5462842031338
789,c,164.5462842031338,164.5462842031338
790,c,164.5462842031338,164.5462842031338
791,c,164.5462842031338,164.5462842031338
792,c,164.5462842031338,164.5462842031338
793,t,164.5462842031338,164.5462842031338
794,c,164.5462842031338,164.5462842031338
795,c,164.5462842031338,164.5462842031338
796,c,164.5462842031338,164.5462842031338
797,t,59.2122629887316,60.01637426619578
798,c,164.5462842031338,164.5462842031338
799,t,164.5462842031338,164.5462842031338
800,c,164.5462842031338,164.5462842031338
801,c,164.5462842031338,164.5462842031338
802,c,164.5462842031338,164.5462842031338
803,c,164.5462842031338,164.5462842031338
804,c,164.5462842031338,164.5462842031338
805,t,164.5462842031338,164.5462842031338
806,c,164.5462842031338,164.5462842031338
807,c,164.5462842031338,164.5462842031338
808,c,164.5462842031338,164.5462842031338
809,c,164.5462842031338,164.5462842031338
810,t,164.5462842031338,164.5462842031338
811,c,164.5462842031338,164.5462842031338
812,t,164.5462842031338,164.5462842031338
813,c,164.5462842031338,164.5462842031338
814,c,164.5462842031338,164.5462842031338
815,t,164.5462842031338,164.5462842031338
816,c,164.5462842031338,164.5462842031338
817,c,164.5462842031338,164.5462842031338
818,c,164.5462842031338,164.5462842031338
819,c,112.51705088957083,113.0317797055333
820,t,164.5462842031338,164.5462842031338
821,c,164.5462842031338,164.5462842031338
822,c,164.5462842031338,164.5462842031338
823,c,164.5462842031338,164.5462842031338
824,c,164.5462842031338,164.5462842031338
825,c,164.5462842031338,164.5462842031338
826,c,164.5462842031338,164.5462842031338
827,c,164.5462842031338,164.5462842031338
828,c,164.5462842031338,164.5462842031338
829,t,164.5462842031338,164.5462842031338
830,c,164.5462842031338,164.5462842031338
831,c,164.5462842031338,164.5462842031338
832,t,164.5462842031338,164.5462842031338
833,t,164.5462842031338,164.5462842031338
834,c,164.5462842031338,164.5462842031338
835,c,164.5462842031338,164.5462842031338
836,c,164.5462842031338,164.5462842031338
837,t,164.5462842031338,164.5462842031338
838,t,164.5462842031338,164.5462842031338
839,c,164.5462842031338,164.5462842031338
840,c,164.5462842031338,164.5462842031338
841,t,164.5462842031338,164.5462842031338
842,c,164.5462842031338,164.5462842031338
843,t,164.5462842031338,164.5462842031338
844,c,164.5462842031338,164.5462842031338
845,c,164.5462842031338,164.5462842031338
846,c,164.5462842031338,164.5462842031338
847,t,164.5462842031338,164.5462842031338
848,c,164.5462842031338,164.5462842031338
849,c,164.5462842031338,164.5462842031338
850,t,164.5462842031338,164.5462842031338
851,c,91.48744115549182,92.17465288451625
852,c,164.5462842031338,164.5462842031338
853,c,164.5462842031338,164.5462842031338
854,c,164.5462842031338,164.5462842031338
855,c,164.5462842031338,164.5462842031338
856,c,164.5462842031338,164.5462842031338
857,c,164.5462842031338,164.5462842031338
858,c,164.5462842031338,164.5462842031338
859,c,93.55867242947488,100.92874750158327
860,c,164.5462842031338,164.5462842031338
861,c,164.5462842031338,164.5462842031338
862,c,164.5462842031338,164.5462842031338
863,c,164.5462842031338,164.5462842031338
864,c,164.5462842031338,164.5462842031338
865,c,164.5462842031338,164.5462842031338
866,t,164.5462842031338,164.5462842031338
867,t,164.5462842031338,164.5462842031338
868,c,164.5462842031338,164.5462842031338
869,t,164.5462842031338,164.5462842031338
870,c,164.5462842031338,164.5462842031338
871,c,164.5462842031338,164.5462842031338
872,t,164.5462842031338,164.5462842031338
873,c,164.5462842031338,164.5462842031338
874,t,164.5462842031338,164.5462842031338
875,c,164.5462842031338,164.5462842031338
876,c,164.5462842031338,164.5462842031338
877,c,164.5462842031338,164.5462842031338
878,c,164.5462842031338,164.5462842031338
879,c,164.5462842031338,164.5462842031338
880,c,164.5462842031338,164.5462842031338
881,t,164.5462842031338,164.5462842031338
882,c,164.5462842031338,164.5462842031338
883,c,164.5462842031338,164.5462842031338
884,t,164.5462842031338,164.5462842031338
885,c,12.597964429212773,21.76300238281287
886,c,164.5462842031338,164.5462842031338
887,c,164.5462842031338,164.5462842031338
888,c,164.5462842031338,164.5462842031338
889,t,164.5462842031338,164.5462842031338
890,c,164.5462842031338,164.5462842031338
891,c,164.5462842031338,164.5462842031338
892,c,164.5462842031338,164.5462842031338
893,c,164.5462842031338,164.5462842031338
894,c,164.5462842031338,164.5462842031338
895,c,164.5462842031338,164.5462842031338
896,c,164.5462842031338,164.5462842031338
897,c,164.5462842031338,164.5462842031338
898,c,164.5462842031338,164.5462842031338
899,c,164.5462842031338,164.5462842031338
900,c,164.5462842031338,164.5462842031338
901,c,164.5462842031338,164.5462842031338
902,t,164.5462842031338,164.5462842031338
903,c,164.5462842031338,164.5462842031338
904,c,164.5462842031338,164.5462842031338
905,t,164.5462842031338,164.5462842031338
906,t,164.5462842031338,164.5462842031338
907,t,164.5462842031338,164.5462842031338
908,c,164.5462842031338,164.5462842031338
909,c,164.5462842031338,164.5462842031338
910,c,164.5462842031338,164.5462842031338
911,c,164.5462842031338,164.5462842031338
912,c,164.5462842031338,164.5462842031338
913,c,164.5462842031338,164.5462842031338
914,c,164.5462842031338,164.5462842031338
915,t,164.5462842031338,164.5462842031338
916,c,164.5462842031338,164.5462842031338
917,c,164.5462842031338,164.5462842031338
918,c,164.5462842031338,164.5462842031338
919,c,76.96955522850378,79.21796871859686
920,c,164.5462842031338,164.5462842031338
921,c,164.5462842031338,164.5462842031338
922,c,164.5462842031338,164.5462842031338
923,c,164.5462842031338,164.5462842031338
924,c,164.5462842031338,164.5462842031338
925,c,164.5462842031338,164.5462842031338
926,c,164.5462842031338,164.5462842031338
927,c,164.5462842031338,164.5462842031338
928,c,164.5462842031338,164.5462842031338
929,c,164.5462842031338,164.5462842031338
930,c,164.5462842031338,164.5462842031338
931,c,164.5462842031338,164.5462842031338
932,c,164.5462842031338,164.5462842031338
933,c,164.5462842031338,164.5462842031338
934,t,164.5462842031338,164.5462842031338
935,c,164.5462842031338,164.5462842031338
936,c,164.5462842031338,164.5462842031338
937,t,164.5462842031338,164.5462842031338
938,c,164.5462842031338,164.5462842031338
939,c,164.5462842031338,164.5462842031338
940,c,164.5462842031338,164.5462842031338
941,c,164.5462842031338,164.5462842031338
942,c,164.5462842031338,164.5462842031338
943,c,164.5462842031338,164.5462842031338
944,c,164.5462842031338,164.5462842031338
945,t,164.5462842031338,164.5462842031338
946,c,164.5462842031338,164.5462842031338
947,t,164.5462842031338,164.5462842031338
948,c,164.5462842031338,164.5462842031338
949,c,164.5462842031338,164.5462842031338
950,t,164.5462842031338,164.5462842031338
951,t,164.5462842031338,164.5462842031338
952,c,164.5462842031338,164.5462842031338
953,c,164.5462842031338,164.5462842031338
954,t,164.5462842031338,164.5462842031338
955,c,164.5462842031338,164.5462842031338
956,c,164.5462842031338,164.5462842031338
957,c,164.5462842031338,164.5462842031338
958,c,164.5462842031338,164.5462842031338
959,t,164.5462842031338,164.5462842031338
960,c,164.5462842031338,164.5462842031338
961,c,164.5462842031338,164.5462842031338
962,t,164.5462842031338,164.5462842031338
963,c,164.5462842031338,164.5462842031338
964,c,164.5462842031338,164.5462842031338
965,c,164.5462842031338,164.5462842031338
966,c,164.5462842031338,164.5462842031338
967,c,164.5462842031338,164.5462842031338
968,c,164.5462842031338,164.5462842031338
969,c,164.5462842031338,164.5462842031338
970,c,164.5462842031338,164.5462842031338
971,c,164.5462842031338,164.5462842031338
972,c,164.5462842031338,164.5462842031338
973,c,164.5462842031338,164.5462842031338
974,t,164.5462842031338,164.5462842031338
975,c,164.5462842031338,164.5462842031338
976,c,164.5462842031338,164.5462842031338
977,c,164.5462842031338,164.5462842031338
978,c,164.5462842031338,164.5462842031338
979,t,164.5462842031338,164.5462842031338
980,c,164.5462842031338,164.5462842031338
981,c,164.5462842031338,164.5462842031338
982,t,164.5462842031338,164.5462842031338
983,c,164.5462842031338,164.5462842031338
984,c,164.5462842031338,164.5462842031338
985,c,164.5462842031338,164.5462842031338
986,c,3.824906530243615,11.47556928536276
987,c,164.5462842031338,164.5462842031338
988,t,164.5462842031338,164.5462842031338
989,c,164.5462842031338,164.5462842031338
990,t,164.5462842031338,164.5462842031338
991,c,164.5462842031338,164.5462842031338
992,c,164.5462842031338,164.5462842031338
993,c,164.5462842031338,164.5462842031338
994,c,164.5462842031338,164.5462842031338
995,c,164.5462842031338,164.5462842031338
996,c,164.5462842031338,164.5462842031338
997,c,164.5462842031338,164.5462842031338
998,t,164.5462842031338,164.5462842031338
999,c,164.5462842031338,164.5462842031338
