node, assignment, time2inf, time2death
0,na,-1,0
1,na,-1,0
2,na,-1,0
3,na,-1,0
4,c,35.03754655597742,35.95286882201654
5,c,118.59822087651344,118.59822087651344
6,t,118.59822087651344,118.59822087651344
7,t,118.59822087651344,118.59822087651344
8,t,118.59822087651344,118.59822087651344
9,c,118.59822087651344,118.59822087651344
10,c,21.521884240775695,28.075928830446692
11,c,118.59822087651344,118.59822087651344
12,c,118.59822087651344,118.59822087651344
13,t,118.59822087651344,118.59822087651344
14,c,118.59822087651344,118.59822087651344
15,t,118.59822087651344,118.59822087651344
16,t,118.59822087651344,118.59822087651344
17,t,118.59822087651344,118.59822087651344
18,c,47.63107760105459,49.177976372776754
19,c,118.59822087651344,118.59822087651344
20,t,118.59822087651344,118.59822087651344
21,c,17.187937577597204,17.828732188733532
22,c,118.59822087651344,118.59822087651344
23,c,118.59822087651344,118.59822087651344
24,c,118.59822087651344,118.59822087651344
25,c,118.59822087651344,118.59822087651344
26,t,118.59822087651344,118.59822087651344
27,c,118.59822087651344,118.59822087651344
28,c,17.007629649541386,25.495571481449716
29,t,118.59822087651344,118.59822087651344
30,c,118.59822087651344,118.59822087651344
31,c,36.32450401669095,36.89990520959608
32,c,118.59822087651344,118.59822087651344
33,t,118.59822087651344,118.59822087651344
34,c,118.59822087651344,118.59822087651344
35,c,118.59822087651344,118.59822087651344
36,t,118.59822087651344,118.59822087651344
37,t,118.59822087651344,118.59822087651344
38,t,118.59822087651344,118.59822087651344
39,t,118.59822087651344,118.59822087651344
40,c,118.59822087651344,118.59822087651344
41,t,118.59822087651344,118.59822087651344
42,c,118.59822087651344,118.59822087651344
43,c,22.283950790434957,29.2411438034644
44,c,38.810569442296995,40.92418801938114
45,t,118.59822087651344,118.59822087651344
46,c,118.59822087651344,118.59822087651344
47,c,27.253058328380426,31.3577520396792
48,c,62.15518516536894,62.29999339655937
49,t,118.59822087651344,118.59822087651344
50,c,118.59822087651344,118.59822087651344
51,t,118.59822087651344,118.59822087651344
52,t,118.59822087651344,118.59822087651344
53,c,118.59822087651344,118.59822087651344
54,c,118.59822087651344,118.59822087651344
55,t,118.59822087651344,118.59822087651344
56,c,118.59822087651344,118.59822087651344
57,c,45.041612905820955,45.81316712347099
58,t,118.59822087651344,118.59822087651344
59,c,81.46128295923928,118.59822087651344
60,t,118.59822087651344,118.59822087651344
61,c,89.75308411176364,118.59822087651344
62,c,118.59822087651344,118.59822087651344
63,t,118.59822087651344,118.59822087651344
64,c,118.59822087651344,118.59822087651344
65,t,118.59822087651344,118.59822087651344
66,t,118.59822087651344,118.59822087651344
67,c,118.59822087651344,118.59822087651344
68,t,118.59822087651344,118.59822087651344
69,c,118.59822087651344,118.59822087651344
70,t,118.59822087651344,118.59822087651344
71,t,118.59822087651344,118.59822087651344
72,t,118.59822087651344,118.59822087651344
73,t,118.59822087651344,118.59822087651344
74,t,118.59822087651344,118.59822087651344
75,t,118.59822087651344,118.59822087651344
76,t,118.59822087651344,118.59822087651344
77,t,118.59822087651344,118.59822087651344
78,t,118.59822087651344,118.59822087651344
79,t,118.59822087651344,118.59822087651344
80,t,118.59822087651344,118.59822087651344
81,c,118.59822087651344,118.59822087651344
82,t,118.59822087651344,118.59822087651344
83,c,118.59822087651344,118.59822087651344
84,c,64.38649526131728,74.8029333287091
85,c,118.59822087651344,118.59822087651344
86,c,118.59822087651344,118.59822087651344
87,c,118.59822087651344,118.59822087651344
88,c,118.59822087651344,118.59822087651344
89,c,118.59822087651344,118.59822087651344
90,t,118.59822087651344,118.59822087651344
91,c,118.59822087651344,118.59822087651344
92,t,118.59822087651344,118.59822087651344
93,t,118.59822087651344,118.59822087651344
94,t,118.59822087651344,118.59822087651344
95,t,118.59822087651344,118.59822087651344
96,c,118.59822087651344,118.59822087651344
97,t,118.59822087651344,118.59822087651344
98,c,55.596165035401704,61.142264198846746
99,t,118.59822087651344,118.59822087651344
100,c,52.26883390722603,52.471230090757196
101,c,86.31645771746814,86.37878360596999
102,c,118.59822087651344,118.59822087651344
103,t,118.59822087651344,118.59822087651344
104,t,118.59822087651344,118.59822087651344
105,c,118.59822087651344,118.59822087651344
106,c,118.59822087651344,118.59822087651344
107,c,118.59822087651344,118.59822087651344
108,c,9.076012352979191,12.943343532396598
109,t,118.59822087651344,118.59822087651344
110,c,20.73471508676399,35.7320587942663
111,t,118.59822087651344,118.59822087651344
112,c,118.59822087651344,118.59822087651344
113,c,87.56931582636192,90.21042583773726
114,t,118.59822087651344,118.59822087651344
115,t,118.59822087651344,118.59822087651344
116,t,118.59822087651344,118.59822087651344
117,t,118.59822087651344,118.59822087651344
118,t,118.59822087651344,118.59822087651344
119,t,118.59822087651344,118.59822087651344
120,c,38.10655326795636,44.91534115180217
121,c,51.26609101045864,53.634058379199026
122,t,118.59822087651344,118.59822087651344
123,c,118.59822087651344,118.59822087651344
124,c,36.78187929580616,38.037703819701164
125,t,118.59822087651344,118.59822087651344
126,t,118.59822087651344,118.59822087651344
127,c,118.59822087651344,118.59822087651344
128,c,118.59822087651344,118.59822087651344
129,t,118.59822087651344,118.59822087651344
130,c,118.59822087651344,118.59822087651344
131,t,118.59822087651344,118.59822087651344
132,t,118.59822087651344,118.59822087651344
133,c,118.59822087651344,118.59822087651344
134,c,72.44783049126237,82.64543923269632
135,c,118.59822087651344,118.59822087651344
136,t,118.59822087651344,118.59822087651344
137,t,118.59822087651344,118.59822087651344
138,c,44.373808010280264,48.0970675423325
139,c,118.59822087651344,118.59822087651344
140,c,118.59822087651344,118.59822087651344
141,t,118.59822087651344,118.59822087651344
142,t,118.59822087651344,118.59822087651344
143,t,118.59822087651344,118.59822087651344
144,c,80.16715203452992,82.00747844521206
145,t,118.59822087651344,118.59822087651344
146,t,118.59822087651344,118.59822087651344
147,c,118.59822087651344,118.59822087651344
148,c,48.52742011249766,54.60266643475188
149,t,118.59822087651344,118.59822087651344
150,t,118.59822087651344,118.59822087651344
151,c,118.59822087651344,118.59822087651344
152,c,118.59822087651344,118.59822087651344
153,c,118.59822087651344,118.59822087651344
154,c,118.59822087651344,118.59822087651344
155,c,118.59822087651344,118.59822087651344
156,c,118.59822087651344,118.59822087651344
157,c,118.59822087651344,118.59822087651344
158,t,118.59822087651344,118.59822087651344
159,t,118.59822087651344,118.59822087651344
160,c,118.59822087651344,118.59822087651344
161,c,118.59822087651344,118.59822087651344
162,t,118.59822087651344,118.59822087651344
163,c,118.59822087651344,118.59822087651344
164,c,78.95882405442879,82.6043124243128
165,c,118.59822087651344,118.59822087651344
166,c,118.59822087651344,118.59822087651344
167,c,118.59822087651344,118.59822087651344
168,t,118.59822087651344,118.59822087651344
169,t,118.59822087651344,118.59822087651344
170,c,118.59822087651344,118.59822087651344
171,c,50.34476595762085,118.59822087651344
172,t,118.59822087651344,118.59822087651344
173,c,118.59822087651344,118.59822087651344
174,c,118.59822087651344,118.59822087651344
175,c,118.59822087651344,118.59822087651344
176,t,118.59822087651344,118.59822087651344
177,t,118.59822087651344,118.59822087651344
178,t,118.59822087651344,118.59822087651344
179,t,118.59822087651344,118.59822087651344
180,c,118.59822087651344,118.59822087651344
181,t,118.59822087651344,118.59822087651344
182,t,118.59822087651344,118.59822087651344
183,t,118.59822087651344,118.59822087651344
184,t,118.59822087651344,118.59822087651344
185,c,118.59822087651344,118.59822087651344
186,t,118.59822087651344,118.59822087651344
187,c,38.77380587105451,43.76756878212133
188,c,118.59822087651344,118.59822087651344
189,t,118.59822087651344,118.59822087651344
190,t,118.59822087651344,118.59822087651344
191,c,118.59822087651344,118.59822087651344
192,c,118.59822087651344,118.59822087651344
193,t,118.59822087651344,118.59822087651344
194,c,55.422370965345394,57.23574775095071
195,t,118.59822087651344,118.59822087651344
196,c,118.59822087651344,118.59822087651344
197,c,118.59822087651344,118.59822087651344
198,t,118.59822087651344,118.59822087651344
199,c,118.59822087651344,118.59822087651344
200,c,118.59822087651344,118.59822087651344
201,c,118.59822087651344,118.59822087651344
202,c,118.59822087651344,118.59822087651344
203,t,118.59822087651344,118.59822087651344
204,c,31.848959544369368,32.3583530836769
205,t,118.59822087651344,118.59822087651344
206,t,118.59822087651344,118.59822087651344
207,t,118.59822087651344,118.59822087651344
208,t,118.59822087651344,118.59822087651344
209,c,118.59822087651344,118.59822087651344
210,t,118.59822087651344,118.59822087651344
211,t,118.59822087651344,118.59822087651344
212,t,118.59822087651344,118.59822087651344
213,t,118.59822087651344,118.59822087651344
214,t,118.59822087651344,118.59822087651344
215,c,118.59822087651344,118.59822087651344
216,t,118.59822087651344,118.59822087651344
217,c,118.59822087651344,118.59822087651344
218,c,118.59822087651344,118.59822087651344
219,t,118.59822087651344,118.59822087651344
220,t,118.59822087651344,118.59822087651344
221,c,118.59822087651344,118.59822087651344
222,c,118.59822087651344,118.59822087651344
223,t,118.59822087651344,118.59822087651344
224,c,118.59822087651344,118.59822087651344
225,t,118.59822087651344,118.59822087651344
226,c,118.59822087651344,118.59822087651344
227,c,118.59822087651344,118.59822087651344
228,t,118.59822087651344,118.59822087651344
229,t,118.59822087651344,118.59822087651344
230,t,118.59822087651344,118.59822087651344
231,c,118.59822087651344,118.59822087651344
232,c,118.59822087651344,118.59822087651344
233,t,118.59822087651344,118.59822087651344
234,t,118.59822087651344,118.59822087651344
235,t,118.59822087651344,118.59822087651344
236,c,118.59822087651344,118.59822087651344
237,c,118.59822087651344,118.59822087651344
238,t,118.59822087651344,118.59822087651344
239,t,118.59822087651344,118.59822087651344
240,t,118.59822087651344,118.59822087651344
241,t,118.59822087651344,118.59822087651344
242,t,118.59822087651344,118.59822087651344
243,na,3.6008182537372075,10.040688893609234
244,c,118.59822087651344,118.59822087651344
245,c,118.59822087651344,118.59822087651344
246,t,118.59822087651344,118.59822087651344
247,c,33.4892000098825,37.444081446516044
248,c,118.59822087651344,118.59822087651344
249,c,118.59822087651344,118.59822087651344
250,t,118.59822087651344,118.59822087651344
251,t,118.59822087651344,118.59822087651344
252,t,118.59822087651344,118.59822087651344
253,c,59.34466985776547,60.278352465790476
254,t,118.59822087651344,118.59822087651344
255,t,118.59822087651344,118.59822087651344
256,c,118.59822087651344,118.59822087651344
257,t,118.59822087651344,118.59822087651344
258,c,56.64199441223261,59.08239128529443
259,c,118.59822087651344,118.59822087651344
260,t,118.59822087651344,118.59822087651344
261,c,39.45842999132174,63.72862476481917
262,t,118.59822087651344,118.59822087651344
263,c,118.59822087651344,118.59822087651344
264,c,118.59822087651344,118.59822087651344
265,t,118.59822087651344,118.59822087651344
266,t,118.59822087651344,118.59822087651344
267,c,118.59822087651344,118.59822087651344
268,t,118.59822087651344,118.59822087651344
269,t,118.59822087651344,118.59822087651344
270,c,118.59822087651344,118.59822087651344
271,c,36.519637936107,39.812132027886975
272,t,118.59822087651344,118.59822087651344
273,t,118.59822087651344,118.59822087651344
274,t,118.59822087651344,118.59822087651344
275,c,118.59822087651344,118.59822087651344
276,c,118.59822087651344,118.59822087651344
277,t,118.59822087651344,118.59822087651344
278,c,38.704594636932825,53.75141912244159
279,t,118.59822087651344,118.59822087651344
280,t,118.59822087651344,118.59822087651344
281,t,118.59822087651344,118.59822087651344
282,t,118.59822087651344,118.59822087651344
283,c,85.57054797270551,88.30074454562224
284,c,118.01469458875285,118.575335249776
285,c,118.59822087651344,118.59822087651344
286,t,118.59822087651344,118.59822087651344
287,t,118.59822087651344,118.59822087651344
288,t,118.59822087651344,118.59822087651344
289,c,85.69536473493002,91.46619500233828
290,t,118.59822087651344,118.59822087651344
291,c,49.84938691479343,55.93948874056964
292,t,118.59822087651344,118.59822087651344
293,c,28.69113577103574,29.737604389629443
294,c,118.59822087651344,118.59822087651344
295,c,118.59822087651344,118.59822087651344
296,c,60.80928259814971,63.67003521896559
297,c,78.34416447508453,82.5521026557098
298,t,118.59822087651344,118.59822087651344
299,c,118.59822087651344,118.59822087651344
300,c,118.59822087651344,118.59822087651344
301,t,118.59822087651344,118.59822087651344
302,c,118.59822087651344,118.59822087651344
303,t,118.59822087651344,118.59822087651344
304,c,118.59822087651344,118.59822087651344
305,t,118.59822087651344,118.59822087651344
306,c,118.59822087651344,118.59822087651344
307,t,118.59822087651344,118.59822087651344
308,c,118.59822087651344,118.59822087651344
309,t,118.59822087651344,118.59822087651344
310,t,118.59822087651344,118.59822087651344
311,c,118.59822087651344,118.59822087651344
312,t,118.59822087651344,118.59822087651344
313,t,118.59822087651344,118.59822087651344
314,c,44.41300362132976,48.5550575027821
315,t,118.59822087651344,118.59822087651344
316,c,118.59822087651344,118.59822087651344
317,c,37.70108761228102,50.09699308274693
318,c,118.59822087651344,118.59822087651344
319,t,118.59822087651344,118.59822087651344
320,t,118.59822087651344,118.59822087651344
321,t,118.59822087651344,118.59822087651344
322,c,118.59822087651344,118.59822087651344
323,t,118.59822087651344,118.59822087651344
324,t,118.59822087651344,118.59822087651344
325,c,118.59822087651344,118.59822087651344
326,c,118.59822087651344,118.59822087651344
327,c,118.59822087651344,118.59822087651344
328,c,118.59822087651344,118.59822087651344
329,t,118.59822087651344,118.59822087651344
330,t,118.59822087651344,118.59822087651344
331,c,62.264346145207874,78.42831409344059
332,t,118.59822087651344,118.59822087651344
333,c,118.59822087651344,118.59822087651344
334,c,118.59822087651344,118.59822087651344
335,t,118.59822087651344,118.59822087651344
336,c,118.59822087651344,118.59822087651344
337,c,118.59822087651344,118.59822087651344
338,t,118.59822087651344,118.59822087651344
339,t,118.59822087651344,118.59822087651344
340,t,118.59822087651344,118.59822087651344
341,c,118.59822087651344,118.59822087651344
342,t,118.59822087651344,118.59822087651344
343,c,118.59822087651344,118.59822087651344
344,c,47.227389186571536,118.59822087651344
345,c,53.41136963530903,54.221347415760256
346,c,118.59822087651344,118.59822087651344
347,t,118.59822087651344,118.59822087651344
348,t,118.59822087651344,118.59822087651344
349,t,118.59822087651344,118.59822087651344
350,c,118.59822087651344,118.59822087651344
351,c,9.45040107796055,12.440583882342203
352,t,118.59822087651344,118.59822087651344
353,na,0,13.891976530972228
354,t,118.59822087651344,118.59822087651344
355,t,118.59822087651344,118.59822087651344
356,c,42.664347225645514,51.24872415842844
357,c,118.59822087651344,118.59822087651344
358,t,118.59822087651344,118.59822087651344
359,c,118.59822087651344,118.59822087651344
360,c,118.59822087651344,118.59822087651344
361,c,118.59822087651344,118.59822087651344
362,t,118.59822087651344,118.59822087651344
363,c,118.59822087651344,118.59822087651344
364,t,118.59822087651344,118.59822087651344
365,t,118.59822087651344,118.59822087651344
366,t,118.59822087651344,118.59822087651344
367,t,118.59822087651344,118.59822087651344
368,c,118.59822087651344,118.59822087651344
369,c,118.59822087651344,118.59822087651344
370,t,118.59822087651344,118.59822087651344
371,c,118.59822087651344,118.59822087651344
372,c,118.59822087651344,118.59822087651344
373,c,118.59822087651344,118.59822087651344
374,t,118.59822087651344,118.59822087651344
375,c,118.59822087651344,118.59822087651344
376,c,118.59822087651344,118.59822087651344
377,c,118.59822087651344,118.59822087651344
378,t,118.59822087651344,118.59822087651344
379,t,118.59822087651344,118.59822087651344
380,c,118.59822087651344,118.59822087651344
381,t,118.59822087651344,118.59822087651344
382,t,118.59822087651344,118.59822087651344
383,c,118.59822087651344,118.59822087651344
384,c,118.59822087651344,118.59822087651344
385,c,118.59822087651344,118.59822087651344
386,t,118.59822087651344,118.59822087651344
387,c,118.59822087651344,118.59822087651344
388,c,118.59822087651344,118.59822087651344
389,t,118.59822087651344,118.59822087651344
390,t,118.59822087651344,118.59822087651344
391,t,118.59822087651344,118.59822087651344
392,c,30.504458697142265,31.498732332321268
393,c,118.59822087651344,118.59822087651344
394,t,118.59822087651344,118.59822087651344
395,t,118.59822087651344,118.59822087651344
396,c,118.59822087651344,118.59822087651344
397,c,118.59822087651344,118.59822087651344
398,t,118.59822087651344,118.59822087651344
399,c,61.4730924771137,74.31553089499145
400,c,118.59822087651344,118.59822087651344
401,c,118.59822087651344,118.59822087651344
402,c,48.45959752032229,55.52525653622808
403,t,118.59822087651344,118.59822087651344
404,t,118.59822087651344,118.59822087651344
405,c,118.59822087651344,118.59822087651344
406,t,118.59822087651344,118.59822087651344
407,t,118.59822087651344,118.59822087651344
408,c,118.59822087651344,118.59822087651344
409,c,118.59822087651344,118.59822087651344
410,t,118.59822087651344,118.59822087651344
411,t,118.59822087651344,118.59822087651344
412,t,118.59822087651344,118.59822087651344
413,c,118.59822087651344,118.59822087651344
414,t,118.59822087651344,118.59822087651344
415,c,118.59822087651344,118.59822087651344
416,t,118.59822087651344,118.59822087651344
417,c,118.59822087651344,118.59822087651344
418,c,118.59822087651344,118.59822087651344
419,t,118.59822087651344,118.59822087651344
420,t,118.59822087651344,118.59822087651344
421,t,118.59822087651344,118.59822087651344
422,t,118.59822087651344,118.59822087651344
423,t,118.59822087651344,118.59822087651344
424,na,-1,0
425,c,118.59822087651344,118.59822087651344
426,c,31.259703370980457,38.14557709296903
427,c,118.59822087651344,118.59822087651344
428,t,118.59822087651344,118.59822087651344
429,t,118.59822087651344,118.59822087651344
430,t,118.59822087651344,118.59822087651344
431,c,118.59822087651344,118.59822087651344
432,c,82.75445987539928,82.83285863246027
433,c,118.59822087651344,118.59822087651344
434,t,118.59822087651344,118.59822087651344
435,c,118.59822087651344,118.59822087651344
436,t,118.59822087651344,118.59822087651344
437,t,118.59822087651344,118.59822087651344
438,c,118.59822087651344,118.59822087651344
439,c,118.59822087651344,118.59822087651344
440,t,118.59822087651344,118.59822087651344
441,c,118.59822087651344,118.59822087651344
442,c,23.17250524796379,23.187503257292708
443,t,118.59822087651344,118.59822087651344
444,c,118.59822087651344,118.59822087651344
445,c,118.59822087651344,118.59822087651344
446,c,118.59822087651344,118.59822087651344
447,c,118.59822087651344,118.59822087651344
448,t,118.59822087651344,118.59822087651344
449,c,118.59822087651344,118.59822087651344
450,c,118.59822087651344,118.59822087651344
451,c,118.59822087651344,118.59822087651344
452,c,118.59822087651344,118.59822087651344
453,t,118.59822087651344,118.59822087651344
454,t,118.59822087651344,118.59822087651344
455,c,64.055397000083,66.78200077164813
456,c,118.59822087651344,118.59822087651344
457,t,118.59822087651344,118.59822087651344
458,c,118.59822087651344,118.59822087651344
459,c,33.705246172547994,41.812961066021415
460,t,118.59822087651344,118.59822087651344
461,c,118.59822087651344,118.59822087651344
462,c,118.59822087651344,118.59822087651344
463,c,118.59822087651344,118.59822087651344
464,c,87.14409023114312,87.92929076378198
465,c,26.056881970081033,32.003077016173165
466,c,118.59822087651344,118.59822087651344
467,c,45.55155294815967,46.69918421235773
468,c,118.59822087651344,118.59822087651344
469,c,118.59822087651344,118.59822087651344
470,t,118.59822087651344,118.59822087651344
471,t,118.59822087651344,118.59822087651344
472,c,118.59822087651344,118.59822087651344
473,c,118.59822087651344,118.59822087651344
474,c,118.59822087651344,118.59822087651344
475,c,118.59822087651344,118.59822087651344
476,c,118.59822087651344,118.59822087651344
477,t,118.59822087651344,118.59822087651344
478,t,118.59822087651344,118.59822087651344
479,c,118.59822087651344,118.59822087651344
480,c,48.96767308359373,50.489098452200295
481,t,118.59822087651344,118.59822087651344
482,c,37.40423258508479,41.51664002605371
483,t,118.59822087651344,118.59822087651344
484,c,118.59822087651344,118.59822087651344
485,c,118.59822087651344,118.59822087651344
486,t,118.59822087651344,118.59822087651344
487,c,118.59822087651344,118.59822087651344
488,c,94.14558667304482,95.31844383455405
489,t,118.59822087651344,118.59822087651344
490,t,118.59822087651344,118.59822087651344
491,c,118.59822087651344,118.59822087651344
492,t,118.59822087651344,118.59822087651344
493,c,118.59822087651344,118.59822087651344
494,t,118.59822087651344,118.59822087651344
495,t,118.59822087651344,118.59822087651344
496,t,118.59822087651344,118.59822087651344
497,t,118.59822087651344,118.59822087651344
498,c,88.96885512951654,102.24026635144287
499,t,118.59822087651344,118.59822087651344
500,c,118.59822087651344,118.59822087651344
501,c,118.59822087651344,118.59822087651344
502,c,118.59822087651344,118.59822087651344
503,t,118.59822087651344,118.59822087651344
504,t,118.59822087651344,118.59822087651344
505,t,118.59822087651344,118.59822087651344
506,t,118.59822087651344,118.59822087651344
507,t,118.59822087651344,118.59822087651344
508,c,118.59822087651344,118.59822087651344
509,t,118.59822087651344,118.59822087651344
510,t,118.59822087651344,118.59822087651344
511,c,118.59822087651344,118.59822087651344
512,t,118.59822087651344,118.59822087651344
513,t,118.59822087651344,118.59822087651344
514,c,118.59822087651344,118.59822087651344
515,t,118.59822087651344,118.59822087651344
516,t,118.59822087651344,118.59822087651344
517,t,118.59822087651344,118.59822087651344
518,t,118.59822087651344,118.59822087651344
519,c,118.59822087651344,118.59822087651344
520,c,67.50049603109854,70.06971704719044
521,t,118.59822087651344,118.59822087651344
522,c,26.186586523890703,35.42941300316994
523,c,118.59822087651344,118.59822087651344
524,c,118.59822087651344,118.59822087651344
525,t,118.59822087651344,118.59822087651344
526,c,33.51989053604002,38.58449185653811
527,t,118.59822087651344,118.59822087651344
528,c,118.59822087651344,118.59822087651344
529,c,118.59822087651344,118.59822087651344
530,c,118.59822087651344,118.59822087651344
531,c,118.59822087651344,118.59822087651344
532,t,118.59822087651344,118.59822087651344
533,c,118.59822087651344,118.59822087651344
534,t,118.59822087651344,118.59822087651344
535,t,118.59822087651344,118.59822087651344
536,c,96.93890147571864,97.2707328632362
537,t,118.59822087651344,118.59822087651344
538,c,118.59822087651344,118.59822087651344
539,t,118.59822087651344,118.59822087651344
540,t,118.59822087651344,118.59822087651344
541,t,118.59822087651344,118.59822087651344
542,t,118.59822087651344,118.59822087651344
543,t,118.59822087651344,118.59822087651344
544,t,118.59822087651344,118.59822087651344
545,t,118.59822087651344,118.59822087651344
546,t,118.59822087651344,118.59822087651344
547,t,118.59822087651344,118.59822087651344
548,t,118.59822087651344,118.59822087651344
549,c,118.59822087651344,118.59822087651344
550,c,27.63836477117393,118.59822087651344
551,c,118.59822087651344,118.59822087651344
552,c,118.59822087651344,118.59822087651344
553,t,118.59822087651344,118.59822087651344
554,c,118.59822087651344,118.59822087651344
555,c,74.78725160928613,76.71808930233452
556,c,9.768671106587451,14.513990167880864
557,t,118.59822087651344,118.59822087651344
558,c,118.59822087651344,118.59822087651344
559,c,40.348927937340996,41.62103248456643
560,c,118.59822087651344,118.59822087651344
561,c,118.59822087651344,118.59822087651344
562,t,118.59822087651344,118.59822087651344
563,c,118.59822087651344,118.59822087651344
564,t,118.59822087651344,118.59822087651344
565,c,29.92233857862057,30.955198447419132
566,t,118.59822087651344,118.59822087651344
567,t,118.59822087651344,118.59822087651344
568,t,118.59822087651344,118.59822087651344
569,c,118.59822087651344,118.59822087651344
570,t,118.59822087651344,118.59822087651344
571,c,81.75128954221853,83.22902470540149
572,c,92.10043257862404,93.96797733028764
573,c,118.59822087651344,118.59822087651344
574,c,118.59822087651344,118.59822087651344
575,c,31.988909465142946,36.846171819269486
576,t,118.59822087651344,118.59822087651344
577,c,118.59822087651344,118.59822087651344
578,t,118.59822087651344,118.59822087651344
579,t,118.59822087651344,118.59822087651344
580,c,36.511205394480605,36.78007088070248
581,c,118.59822087651344,118.59822087651344
582,t,118.59822087651344,118.59822087651344
583,t,118.59822087651344,118.59822087651344
584,t,118.59822087651344,118.59822087651344
585,c,34.19940180873914,34.80270869077787
586,c,118.59822087651344,118.59822087651344
587,t,118.59822087651344,118.59822087651344
588,c,118.59822087651344,118.59822087651344
589,t,118.59822087651344,118.59822087651344
590,t,118.59822087651344,118.59822087651344
591,c,118.59822087651344,118.59822087651344
592,t,118.59822087651344,118.59822087651344
593,t,118.59822087651344,118.59822087651344
594,c,118.59822087651344,118.59822087651344
595,t,118.59822087651344,118.59822087651344
596,t,118.59822087651344,118.59822087651344
597,c,44.87916554475211,49.82866578016199
598,t,118.59822087651344,118.59822087651344
599,t,118.59822087651344,118.59822087651344
600,t,118.59822087651344,118.59822087651344
601,c,118.59822087651344,118.59822087651344
602,c,118.59822087651344,118.59822087651344
603,c,118.59822087651344,118.59822087651344
604,t,118.59822087651344,118.59822087651344
605,t,118.59822087651344,118.59822087651344
606,c,17.00419253561996,22.652006356913283
607,t,118.59822087651344,118.59822087651344
608,c,118.59822087651344,118.59822087651344
609,c,65.377414135432,67.25180745623598
610,t,118.59822087651344,118.59822087651344
611,c,118.59822087651344,118.59822087651344
612,c,118.59822087651344,118.59822087651344
613,c,118.59822087651344,118.59822087651344
614,t,118.59822087651344,118.59822087651344
615,c,118.59822087651344,118.59822087651344
616,c,118.59822087651344,118.59822087651344
617,c,93.66772979767688,94.43946183515203
618,t,118.59822087651344,118.59822087651344
619,c,50.82431193419712,52.29753494257956
620,t,118.59822087651344,118.59822087651344
621,c,118.59822087651344,118.59822087651344
622,c,118.59822087651344,118.59822087651344
623,c,118.59822087651344,118.59822087651344
624,c,118.59822087651344,118.59822087651344
625,c,118.59822087651344,118.59822087651344
626,t,118.59822087651344,118.59822087651344
627,t,118.59822087651344,118.59822087651344
628,t,118.59822087651344,118.59822087651344
629,t,118.59822087651344,118.59822087651344
630,t,118.59822087651344,118.59822087651344
631,t,118.59822087651344,118.59822087651344
632,t,118.59822087651344,118.59822087651344
633,c,118.59822087651344,118.59822087651344
634,t,118.59822087651344,118.59822087651344
635,t,118.59822087651344,118.59822087651344
636,c,84.01698770499199,92.02521196023359
637,t,118.59822087651344,118.59822087651344
638,t,118.59822087651344,118.59822087651344
639,t,118.59822087651344,118.59822087651344
640,c,118.59822087651344,118.59822087651344
641,t,118.59822087651344,118.59822087651344
642,c,118.59822087651344,118.59822087651344
643,t,118.59822087651344,118.59822087651344
644,c,118.59822087651344,118.59822087651344
645,t,118.59822087651344,118.59822087651344
646,t,118.59822087651344,118.59822087651344
647,t,118.59822087651344,118.59822087651344
648,t,118.59822087651344,118.59822087651344
649,t,118.59822087651344,118.59822087651344
650,t,118.59822087651344,118.59822087651344
651,c,118.59822087651344,118.59822087651344
652,c,37.04970072056211,38.972190595477414
653,t,118.59822087651344,118.59822087651344
654,c,118.59822087651344,118.59822087651344
655,t,118.59822087651344,118.59822087651344
656,t,118.59822087651344,118.59822087651344
657,t,118.59822087651344,118.59822087651344
658,c,118.59822087651344,118.59822087651344
659,c,118.59822087651344,118.59822087651344
660,t,118.59822087651344,118.59822087651344
661,t,118.59822087651344,118.59822087651344
662,t,118.59822087651344,118.59822087651344
663,c,118.59822087651344,118.59822087651344
664,c,118.59822087651344,118.59822087651344
665,c,118.59822087651344,118.59822087651344
666,c,118.59822087651344,118.59822087651344
667,c,118.59822087651344,118.59822087651344
668,t,118.59822087651344,118.59822087651344
669,c,118.59822087651344,118.59822087651344
670,c,118.59822087651344,118.59822087651344
671,c,48.84123953057922,48.884455322950316
672,c,105.59075637123298,106.4494320894442
673,t,118.59822087651344,118.59822087651344
674,t,118.59822087651344,118.59822087651344
675,c,118.59822087651344,118.59822087651344
676,c,118.59822087651344,118.59822087651344
677,t,118.59822087651344,118.59822087651344
678,c,118.59822087651344,118.59822087651344
679,t,118.59822087651344,118.59822087651344
680,c,118.59822087651344,118.59822087651344
681,t,118.59822087651344,118.59822087651344
682,t,118.59822087651344,118.59822087651344
683,t,118.59822087651344,118.59822087651344
684,t,118.59822087651344,118.59822087651344
685,c,85.04832321119699,92.45916584663317
686,t,118.59822087651344,118.59822087651344
687,c,118.59822087651344,118.59822087651344
688,c,48.137568637683785,49.61188337769834
689,na,10.65811975808174,11.453481548054059
690,c,118.59822087651344,118.59822087651344
691,t,118.59822087651344,118.59822087651344
692,t,118.59822087651344,118.59822087651344
693,c,118.59822087651344,118.59822087651344
694,t,118.59822087651344,118.59822087651344
695,c,118.59822087651344,118.59822087651344
696,t,118.59822087651344,118.59822087651344
697,t,118.59822087651344,118.59822087651344
698,t,118.59822087651344,118.59822087651344
699,c,118.59822087651344,118.59822087651344
700,c,118.59822087651344,118.59822087651344
701,t,118.59822087651344,118.59822087651344
702,t,118.59822087651344,118.59822087651344
703,t,118.59822087651344,118.59822087651344
704,t,118.59822087651344,118.59822087651344
705,c,118.59822087651344,118.59822087651344
706,t,118.59822087651344,118.59822087651344
707,t,118.59822087651344,118.59822087651344
708,t,118.59822087651344,118.59822087651344
709,c,118.59822087651344,118.59822087651344
710,t,118.59822087651344,118.59822087651344
711,c,31.89499876922247,35.49880020282103
712,t,118.59822087651344,118.59822087651344
713,t,118.59822087651344,118.59822087651344
714,c,49.23078780105524,49.561459981462235
715,t,118.59822087651344,118.59822087651344
716,c,118.59822087651344,118.59822087651344
717,t,118.59822087651344,118.59822087651344
718,c,118.59822087651344,118.59822087651344
719,c,33.78704974992588,35.74367095186739
720,c,58.277438508628556,81.71346456789638
721,t,118.59822087651344,118.59822087651344
722,t,118.59822087651344,118.59822087651344
723,c,29.66446213146601,36.977435438228966
724,c,16.035308630538474,17.117790072808557
725,t,118.59822087651344,118.59822087651344
726,t,118.59822087651344,118.59822087651344
727,t,118.59822087651344,118.59822087651344
728,t,118.59822087651344,118.59822087651344
729,c,118.59822087651344,118.59822087651344
730,c,53.99116229879723,58.90113919577565
731,t,118.59822087651344,118.59822087651344
732,c,77.15385938927257,82.50224978820776
733,t,118.59822087651344,118.59822087651344
734,t,118.59822087651344,118.59822087651344
735,t,118.59822087651344,118.59822087651344
736,c,118.59822087651344,118.59822087651344
737,t,118.59822087651344,118.59822087651344
738,c,118.59822087651344,118.59822087651344
739,t,118.59822087651344,118.59822087651344
740,c,118.59822087651344,118.59822087651344
741,c,118.59822087651344,118.59822087651344
742,c,118.59822087651344,118.59822087651344
743,t,118.59822087651344,118.59822087651344
744,c,118.59822087651344,118.59822087651344
745,c,59.303932944159804,64.90969616001293
746,t,118.59822087651344,118.59822087651344
747,t,118.59822087651344,118.59822087651344
748,t,118.59822087651344,118.59822087651344
749,t,118.59822087651344,118.59822087651344
750,c,118.59822087651344,118.59822087651344
751,c,118.59822087651344,118.59822087651344
752,c,118.59822087651344,118.59822087651344
753,c,118.59822087651344,118.59822087651344
754,t,118.59822087651344,118.59822087651344
755,c,118.59822087651344,118.59822087651344
756,c,118.59822087651344,118.59822087651344
757,t,118.59822087651344,118.59822087651344
758,c,118.59822087651344,118.59822087651344
759,c,118.59822087651344,118.59822087651344
760,t,118.59822087651344,118.59822087651344
761,t,118.59822087651344,118.59822087651344
762,c,118.59822087651344,118.59822087651344
763,c,118.59822087651344,118.59822087651344
764,na,21.82595129134689,22.480899329562135
765,c,118.59822087651344,118.59822087651344
766,c,10.294540677200876,10.532399888886609
767,t,118.59822087651344,118.59822087651344
768,t,118.59822087651344,118.59822087651344
769,c,118.59822087651344,118.59822087651344
770,c,118.59822087651344,118.59822087651344
771,c,118.59822087651344,118.59822087651344
772,c,118.59822087651344,118.59822087651344
773,t,118.59822087651344,118.59822087651344
774,t,118.59822087651344,118.59822087651344
775,c,118.59822087651344,118.59822087651344
776,c,118.59822087651344,118.59822087651344
777,c,103.35956601277746,118.59822087651344
778,c,118.59822087651344,118.59822087651344
779,t,118.59822087651344,118.59822087651344
780,c,118.59822087651344,118.59822087651344
781,t,118.59822087651344,118.59822087651344
782,t,118.59822087651344,118.59822087651344
783,t,118.59822087651344,118.59822087651344
784,c,118.59822087651344,118.59822087651344
785,t,118.59822087651344,118.59822087651344
786,c,87.31100492202253,93.97306645894206
787,t,118.59822087651344,118.59822087651344
788,c,118.59822087651344,118.59822087651344
789,t,118.59822087651344,118.59822087651344
790,c,118.59822087651344,118.59822087651344
791,c,34.99859081423918,38.484737214246
792,t,118.59822087651344,118.59822087651344
793,c,48.312064019315976,49.458024791410104
794,c,118.59822087651344,118.59822087651344
795,t,118.59822087651344,118.59822087651344
796,t,118.59822087651344,118.59822087651344
797,t,118.59822087651344,118.59822087651344
798,t,118.59822087651344,118.59822087651344
799,c,40.68242250399858,43.398340261083774
800,c,36.94030964440115,47.58090247490968
801,t,118.59822087651344,118.59822087651344
802,t,118.59822087651344,118.59822087651344
803,c,98.37011957991726,99.76587652328959
804,c,118.59822087651344,118.59822087651344
805,t,118.59822087651344,118.59822087651344
806,c,118.59822087651344,118.59822087651344
807,t,118.59822087651344,118.59822087651344
808,t,118.59822087651344,118.59822087651344
809,c,118.59822087651344,118.59822087651344
810,t,118.59822087651344,118.59822087651344
811,c,118.59822087651344,118.59822087651344
812,t,118.59822087651344,118.59822087651344
813,c,118.59822087651344,118.59822087651344
814,t,118.59822087651344,118.59822087651344
815,t,118.59822087651344,118.59822087651344
816,c,118.59822087651344,118.59822087651344
817,c,118.59822087651344,118.59822087651344
818,c,118.59822087651344,118.59822087651344
819,t,118.59822087651344,118.59822087651344
820,na,0,3.4068317034968043
821,t,118.59822087651344,118.59822087651344
822,t,118.59822087651344,118.59822087651344
823,t,118.59822087651344,118.59822087651344
824,t,118.59822087651344,118.59822087651344
825,t,118.59822087651344,118.59822087651344
826,t,118.59822087651344,118.59822087651344
827,t,118.59822087651344,118.59822087651344
828,c,118.59822087651344,118.59822087651344
829,t,118.59822087651344,118.59822087651344
830,c,118.59822087651344,118.59822087651344
831,t,118.59822087651344,118.59822087651344
832,c,50.83067015228915,51.69030983046169
833,t,118.59822087651344,118.59822087651344
834,c,118.59822087651344,118.59822087651344
835,c,20.804663540741117,29.278235531328832
836,t,118.59822087651344,118.59822087651344
837,t,118.59822087651344,118.59822087651344
838,t,118.59822087651344,118.59822087651344
839,t,118.59822087651344,118.59822087651344
840,t,118.59822087651344,118.59822087651344
841,c,118.59822087651344,118.59822087651344
842,t,118.59822087651344,118.59822087651344
843,t,118.59822087651344,118.59822087651344
844,c,31.828508241310548,39.63449762905617
845,c,118.59822087651344,118.59822087651344
846,c,118.59822087651344,118.59822087651344
847,t,118.59822087651344,118.59822087651344
848,t,118.59822087651344,118.59822087651344
849,t,118.59822087651344,118.59822087651344
850,t,118.59822087651344,118.59822087651344
851,t,118.59822087651344,118.59822087651344
852,c,51.72175538097746,56.493591384853985
853,c,118.59822087651344,118.59822087651344
854,c,118.59822087651344,118.59822087651344
855,t,118.59822087651344,118.59822087651344
856,c,118.59822087651344,118.59822087651344
857,t,118.59822087651344,118.59822087651344
858,t,118.59822087651344,118.59822087651344
859,c,118.59822087651344,118.59822087651344
860,c,118.59822087651344,118.59822087651344
861,c,118.59822087651344,118.59822087651344
862,t,118.59822087651344,118.59822087651344
863,t,118.59822087651344,118.59822087651344
864,c,118.59822087651344,118.59822087651344
865,c,73.5792838843827,81.34946695997297
866,c,46.19204931794442,54.66876403772311
867,c,25.177300722330134,25.81064184707018
868,t,118.59822087651344,118.59822087651344
869,t,118.59822087651344,118.59822087651344
870,t,118.59822087651344,118.59822087651344
871,t,118.59822087651344,118.59822087651344
872,c,118.59822087651344,118.59822087651344
873,c,118.59822087651344,118.59822087651344
874,t,118.59822087651344,118.59822087651344
875,c,118.59822087651344,118.59822087651344
876,t,118.59822087651344,118.59822087651344
877,t,118.59822087651344,118.59822087651344
878,t,118.59822087651344,118.59822087651344
879,c,118.59822087651344,118.59822087651344
880,t,118.59822087651344,118.59822087651344
881,t,118.59822087651344,118.59822087651344
882,c,118.59822087651344,118.59822087651344
883,c,118.59822087651344,118.59822087651344
884,na,2.0239839410956746,4.846198530419594
885,t,118.59822087651344,118.59822087651344
886,t,118.59822087651344,118.59822087651344
887,c,27.36201187900897,118.59822087651344
888,t,118.59822087651344,118.59822087651344
889,c,118.59822087651344,118.59822087651344
890,c,118.59822087651344,118.59822087651344
891,c,53.19353414313996,53.80706349361802
892,t,118.59822087651344,118.59822087651344
893,c,76.01760713088274,84.82337341764959
894,c,36.077401787978445,118.59822087651344
895,c,118.59822087651344,118.59822087651344
896,t,118.59822087651344,118.59822087651344
897,c,118.59822087651344,118.59822087651344
898,t,118.59822087651344,118.59822087651344
899,t,118.59822087651344,118.59822087651344
900,t,118.59822087651344,118.59822087651344
901,c,80.24949983561532,87.50156048304254
902,c,26.89370046598958,27.38792619869596
903,t,118.59822087651344,118.59822087651344
904,c,118.59822087651344,118.59822087651344
905,t,118.59822087651344,118.59822087651344
906,c,118.59822087651344,118.59822087651344
907,c,118.59822087651344,118.59822087651344
908,t,118.59822087651344,118.59822087651344
909,na,-1,0
910,c,118.59822087651344,118.59822087651344
911,t,118.59822087651344,118.59822087651344
912,c,118.59822087651344,118.59822087651344
913,t,118.59822087651344,118.59822087651344
914,t,118.59822087651344,118.59822087651344
915,t,118.59822087651344,118.59822087651344
916,t,118.59822087651344,118.59822087651344
917,c,118.59822087651344,118.59822087651344
918,t,118.59822087651344,118.59822087651344
919,c,118.59822087651344,118.59822087651344
920,c,118.59822087651344,118.59822087651344
921,t,118.59822087651344,118.59822087651344
922,c,118.59822087651344,118.59822087651344
923,c,118.59822087651344,118.59822087651344
924,c,118.59822087651344,118.59822087651344
925,t,118.59822087651344,118.59822087651344
926,c,118.59822087651344,118.59822087651344
927,t,118.59822087651344,118.59822087651344
928,c,76.5937986187405,118.59822087651344
929,t,118.59822087651344,118.59822087651344
930,t,118.59822087651344,118.59822087651344
931,t,118.59822087651344,118.59822087651344
932,t,118.59822087651344,118.59822087651344
933,c,118.59822087651344,118.59822087651344
934,c,118.59822087651344,118.59822087651344
935,t,118.59822087651344,118.59822087651344
936,t,118.59822087651344,118.59822087651344
937,t,118.59822087651344,118.59822087651344
938,t,118.59822087651344,118.59822087651344
939,c,118.59822087651344,118.59822087651344
940,t,118.59822087651344,118.59822087651344
941,t,118.59822087651344,118.59822087651344
942,c,118.59822087651344,118.59822087651344
943,c,81.77584356038504,84.10474360622932
944,t,118.59822087651344,118.59822087651344
945,t,118.59822087651344,118.59822087651344
946,t,118.59822087651344,118.59822087651344
947,t,118.59822087651344,118.59822087651344
948,t,118.59822087651344,118.59822087651344
949,t,118.59822087651344,118.59822087651344
950,t,118.59822087651344,118.59822087651344
951,t,118.59822087651344,118.59822087651344
952,t,118.59822087651344,118.59822087651344
953,t,118.59822087651344,118.59822087651344
954,c,58.30712503855873,58.80278623681436
955,t,118.59822087651344,118.59822087651344
956,c,118.59822087651344,118.59822087651344
957,t,118.59822087651344,118.59822087651344
958,c,118.59822087651344,118.59822087651344
959,t,118.59822087651344,118.59822087651344
960,c,42.61656656865267,48.22620990038844
961,c,118.59822087651344,118.59822087651344
962,c,9.607128431747334,12.078226740066818
963,t,118.59822087651344,118.59822087651344
964,t,118.59822087651344,118.59822087651344
965,t,118.59822087651344,118.59822087651344
966,t,118.59822087651344,118.59822087651344
967,c,32.55297129888296,36.66703842065716
968,t,118.59822087651344,118.59822087651344
969,t,118.59822087651344,118.59822087651344
970,t,118.59822087651344,118.59822087651344
971,c,48.76448559442579,50.557566042571594
972,c,118.59822087651344,118.59822087651344
973,c,86.0666274861278,89.48836878834011
974,c,118.59822087651344,118.59822087651344
975,t,118.59822087651344,118.59822087651344
976,t,118.59822087651344,118.59822087651344
977,c,118.59822087651344,118.59822087651344
978,c,118.59822087651344,118.59822087651344
979,c,79.74107063347844,80.53515757449148
980,t,118.59822087651344,118.59822087651344
981,c,118.59822087651344,118.59822087651344
982,t,118.59822087651344,118.59822087651344
983,t,118.59822087651344,118.59822087651344
984,c,118.59822087651344,118.59822087651344
985,t,118.59822087651344,118.59822087651344
986,c,118.59822087651344,118.59822087651344
987,c,118.59822087651344,118.59822087651344
988,t,118.59822087651344,118.59822087651344
989,t,118.59822087651344,118.59822087651344
990,c,118.59822087651344,118.59822087651344
991,t,118.59822087651344,118.59822087651344
992,c,118.59822087651344,118.59822087651344
993,t,118.59822087651344,118.59822087651344
994,c,118.59822087651344,118.59822087651344
995,t,118.59822087651344,118.59822087651344
996,c,118.59822087651344,118.59822087651344
997,c,118.59822087651344,118.59822087651344
998,c,118.59822087651344,118.59822087651344
999,c,7.44409013847356,8.020447188035897
