node, assignment, time2inf, time2death
0,na,-1,0
1,na,-1,0
2,na,-1,0
3,na,-1,0
4,t,104.58115220066306,104.58115220066306
5,t,104.58115220066306,104.58115220066306
6,t,7.690631958773773,12.373639358606068
7,na,0,0.5591655950582198
8,t,104.58115220066306,104.58115220066306
9,t,104.58115220066306,104.58115220066306
10,t,104.58115220066306,104.58115220066306
11,t,104.58115220066306,104.58115220066306
12,c,15.300719598647156,15.76398531805792
13,t,104.58115220066306,104.58115220066306
14,t,104.58115220066306,104.58115220066306
15,c,18.377194406288076,19.38173852892293
16,c,104.58115220066306,104.58115220066306
17,t,104.58115220066306,104.58115220066306
18,c,17.44475459984414,20.91927301782805
19,na,-1,0
20,na,5.922003903506327,12.863204846562837
21,c,22.076651584831072,30.656883759157424
22,c,10.924065294397913,12.074675986117693
23,na,12.206367990894028,20.24411866728182
24,c,104.58115220066306,104.58115220066306
25,c,104.58115220066306,104.58115220066306
26,t,104.58115220066306,104.58115220066306
27,t,104.58115220066306,104.58115220066306
28,c,38.239861259320826,38.46163751340794
29,c,104.58115220066306,104.58115220066306
30,c,35.63023648231641,39.609234990588526
31,na,104.58115220066306,104.58115220066306
32,t,50.63366475173793,53.54601049368348
33,c,11.779566436306187,13.124666913813444
34,t,33.195962725065634,41.68913443139487
35,t,104.58115220066306,104.58115220066306
36,t,13.882238978121082,19.332216252322006
37,t,7.270732557517436,9.678557450357484
38,t,104.58115220066306,104.58115220066306
39,c,32.823686419083714,33.68336104145772
40,t,31.616898320354476,39.21748786632823
41,t,17.642002247421505,21.410297559763737
42,c,25.977141981076635,26.426497583234624
43,c,47.98396021907851,60.59014598335587
44,t,22.223736706167845,33.87260340825345
45,na,0,104.58115220066306
46,t,30.60120590632954,31.270614133535286
47,c,104.58115220066306,104.58115220066306
48,t,32.977802558019974,53.98893581508229
49,c,14.240978232533038,23.80084243574697
50,c,33.641977498482234,35.36335590404103
51,c,104.58115220066306,104.58115220066306
52,c,104.58115220066306,104.58115220066306
53,t,104.58115220066306,104.58115220066306
54,c,25.123704135126083,27.75437781811846
55,c,19.432956346927156,34.68899744957759
56,t,104.58115220066306,104.58115220066306
57,t,104.58115220066306,104.58115220066306
58,c,104.58115220066306,104.58115220066306
59,c,18.250913157830624,22.336454856058168
60,t,35.62766508016498,35.95131305061239
61,t,104.58115220066306,104.58115220066306
62,t,104.58115220066306,104.58115220066306
63,c,104.58115220066306,104.58115220066306
64,t,34.40610500642077,36.37995117413739
65,c,104.58115220066306,104.58115220066306
66,t,104.58115220066306,104.58115220066306
67,c,31.226280954164,31.895182618353115
68,t,104.58115220066306,104.58115220066306
69,c,36.16711099601118,104.58115220066306
70,na,2.447095796909673,8.58568928414341
71,c,45.49909232762144,46.77469819947105
72,t,104.58115220066306,104.58115220066306
73,t,104.58115220066306,104.58115220066306
74,c,104.58115220066306,104.58115220066306
75,t,30.8175353860639,104.58115220066306
76,c,104.58115220066306,104.58115220066306
77,c,104.58115220066306,104.58115220066306
78,c,29.666848651493783,29.68221271719617
79,c,64.44829353312863,65.57289472402795
80,c,24.92192841660855,34.04827785265723
81,c,104.58115220066306,104.58115220066306
82,c,22.502227700146907,39.79709502608295
83,c,36.24800977275736,36.697448789287826
84,t,29.36910306163124,36.34649912474636
85,c,104.58115220066306,104.58115220066306
86,c,104.58115220066306,104.58115220066306
87,na,0,1.886466375509962
88,t,104.58115220066306,104.58115220066306
89,c,104.58115220066306,104.58115220066306
90,c,104.58115220066306,104.58115220066306
91,c,104.58115220066306,104.58115220066306
92,c,97.71374573257111,104.58115220066306
93,c,32.51976705108244,33.49473307146493
94,t,104.58115220066306,104.58115220066306
95,c,70.27072951869422,81.87388530099459
96,c,104.58115220066306,104.58115220066306
97,t,104.58115220066306,104.58115220066306
98,t,104.58115220066306,104.58115220066306
99,c,104.58115220066306,104.58115220066306
100,c,104.58115220066306,104.58115220066306
101,na,3.005337471738061,5.027718532064757
102,c,104.58115220066306,104.58115220066306
103,c,104.58115220066306,104.58115220066306
104,t,35.66180716641827,37.99057597858781
105,t,24.38359725089275,44.17618782172177
106,t,104.58115220066306,104.58115220066306
107,c,10.328657911796881,12.416146726516038
108,t,104.58115220066306,104.58115220066306
109,c,38.053410420169,38.514405142704355
110,c,14.213485558337785,17.518593135544638
111,t,104.58115220066306,104.58115220066306
112,t,104.58115220066306,104.58115220066306
113,t,104.58115220066306,104.58115220066306
114,t,24.865315570124814,25.301975989635302
115,t,104.58115220066306,104.58115220066306
116,c,47.80251078937951,51.58744014517633
117,c,104.58115220066306,104.58115220066306
118,t,104.58115220066306,104.58115220066306
119,c,104.58115220066306,104.58115220066306
120,t,104.58115220066306,104.58115220066306
121,t,104.58115220066306,104.58115220066306
122,c,104.58115220066306,104.58115220066306
123,t,104.58115220066306,104.58115220066306
124,t,27.470960246960846,104.58115220066306
125,c,104.58115220066306,104.58115220066306
126,t,104.58115220066306,104.58115220066306
127,c,104.58115220066306,104.58115220066306
128,c,25.7528155391581,104.58115220066306
129,t,23.283946414652522,26.185360265885006
130,t,104.58115220066306,104.58115220066306
131,c,104.58115220066306,104.58115220066306
132,t,104.58115220066306,104.58115220066306
133,c,104.58115220066306,104.58115220066306
134,t,104.58115220066306,104.58115220066306
135,t,29.641416890642557,31.32093008696729
136,c,26.223991149507587,28.71515476422793
137,c,35.38172779977082,46.88704729684886
138,t,72.14301155350657,72.37759187971871
139,c,56.72209756109563,59.77031214042882
140,c,104.58115220066306,104.58115220066306
141,t,104.58115220066306,104.58115220066306
142,c,104.58115220066306,104.58115220066306
143,c,17.76076822241243,23.45902262007531
144,na,1.1320635061508515,4.742872379364319
145,t,104.58115220066306,104.58115220066306
146,c,104.58115220066306,104.58115220066306
147,c,16.868716941276688,35.65673500221996
148,c,104.58115220066306,104.58115220066306
149,t,104.58115220066306,104.58115220066306
150,c,26.96181812059666,28.34529400391352
151,c,17.434940115801773,18.595087238578895
152,c,18.174271053939208,18.924328731812537
153,t,104.58115220066306,104.58115220066306
154,t,104.58115220066306,104.58115220066306
155,t,104.58115220066306,104.58115220066306
156,t,43.91605177800047,45.01546710219933
157,t,104.58115220066306,104.58115220066306
158,c,104.58115220066306,104.58115220066306
159,t,104.58115220066306,104.58115220066306
160,c,104.58115220066306,104.58115220066306
161,c,59.67544495971428,60.89617313709961
162,t,104.58115220066306,104.58115220066306
163,c,8.110285679839567,12.649291857885098
164,c,104.58115220066306,104.58115220066306
165,c,22.059908010987094,26.140287833032094
166,t,104.58115220066306,104.58115220066306
167,t,104.58115220066306,104.58115220066306
168,t,104.58115220066306,104.58115220066306
169,t,80.6854159994516,82.02222207130531
170,c,104.58115220066306,104.58115220066306
171,t,104.58115220066306,104.58115220066306
172,t,104.58115220066306,104.58115220066306
173,na,5.92882983639976,7.659327816792385
174,c,104.58115220066306,104.58115220066306
175,c,4.191208257875379,6.294910885195775
176,c,104.58115220066306,104.58115220066306
177,c,104.58115220066306,104.58115220066306
178,t,104.58115220066306,104.58115220066306
179,c,25.40679473282996,40.39889593538881
180,c,104.58115220066306,104.58115220066306
181,t,104.58115220066306,104.58115220066306
182,t,104.58115220066306,104.58115220066306
183,t,104.58115220066306,104.58115220066306
184,t,36.11365111868225,37.94360293152462
185,t,104.58115220066306,104.58115220066306
186,t,104.58115220066306,104.58115220066306
187,t,104.58115220066306,104.58115220066306
188,c,34.693926397355206,104.58115220066306
189,c,104.58115220066306,104.58115220066306
190,t,104.58115220066306,104.58115220066306
191,c,104.58115220066306,104.58115220066306
192,t,104.58115220066306,104.58115220066306
193,c,104.58115220066306,104.58115220066306
194,c,35.69852027125605,42.361113004292434
195,c,17.019985300642443,17.83278275747168
196,t,104.58115220066306,104.58115220066306
197,c,104.58115220066306,104.58115220066306
198,t,104.58115220066306,104.58115220066306
199,t,104.58115220066306,104.58115220066306
200,c,104.58115220066306,104.58115220066306
201,t,104.58115220066306,104.58115220066306
202,c,104.58115220066306,104.58115220066306
203,t,104.58115220066306,104.58115220066306
204,na,0,0.4306622781100699
205,t,13.46878159625348,23.880842911690287
206,t,104.58115220066306,104.58115220066306
207,t,5.544568406266437,20.239124990099096
208,t,104.58115220066306,104.58115220066306
209,na,2.5344455248543225,3.2271333681823746
210,c,20.897145925323404,29.593128509431068
211,t,104.58115220066306,104.58115220066306
212,c,104.58115220066306,104.58115220066306
213,c,104.58115220066306,104.58115220066306
214,c,104.58115220066306,104.58115220066306
215,t,35.29660692517668,39.404284680282785
216,t,57.08150306124006,68.30907794955404
217,c,16.858736453898448,18.295948648925727
218,c,46.15989719724267,52.91742305276848
219,t,20.017615085445744,22.02491322840416
220,t,104.58115220066306,104.58115220066306
221,na,4.6015221006168705,6.202880559040363
222,t,19.203063954643227,20.11377295857004
223,c,29.864008086932014,29.90149271820471
224,t,104.58115220066306,104.58115220066306
225,t,104.58115220066306,104.58115220066306
226,c,104.58115220066306,104.58115220066306
227,c,104.58115220066306,104.58115220066306
228,c,82.34963541765795,85.00623203755526
229,t,104.58115220066306,104.58115220066306
230,t,104.58115220066306,104.58115220066306
231,c,104.58115220066306,104.58115220066306
232,c,104.58115220066306,104.58115220066306
233,t,104.58115220066306,104.58115220066306
234,c,8.245043745125196,14.020012951674685
235,c,104.58115220066306,104.58115220066306
236,c,104.58115220066306,104.58115220066306
237,t,104.58115220066306,104.58115220066306
238,t,104.58115220066306,104.58115220066306
239,c,28.555899058427485,32.69728822153538
240,t,104.58115220066306,104.58115220066306
241,c,30.802048924377253,30.818974591519805
242,c,20.565153004263347,21.96854587066708
243,c,29.995539728107193,35.35651107234131
244,c,104.58115220066306,104.58115220066306
245,c,104.58115220066306,104.58115220066306
246,t,104.58115220066306,104.58115220066306
247,c,104.58115220066306,104.58115220066306
248,t,104.58115220066306,104.58115220066306
249,c,34.01835625749421,34.6393458034757
250,t,104.58115220066306,104.58115220066306
251,t,104.58115220066306,104.58115220066306
252,t,3.6418160202164414,9.419546423745778
253,t,7.925313593734124,9.850149822665015
254,t,22.136685686488956,25.648833463012878
255,c,104.58115220066306,104.58115220066306
256,na,0.32960977347870574,6.116276433106077
257,t,104.58115220066306,104.58115220066306
258,c,104.58115220066306,104.58115220066306
259,t,104.58115220066306,104.58115220066306
260,c,37.17789859880504,43.37091117660049
261,na,-1,0
262,c,104.58115220066306,104.58115220066306
263,t,104.58115220066306,104.58115220066306
264,c,104.58115220066306,104.58115220066306
265,t,104.58115220066306,104.58115220066306
266,c,104.58115220066306,104.58115220066306
267,c,104.58115220066306,104.58115220066306
268,c,10.170052694389769,11.507050806841733
269,c,104.58115220066306,104.58115220066306
270,c,33.32122695519325,36.40185121639504
271,t,104.58115220066306,104.58115220066306
272,c,104.58115220066306,104.58115220066306
273,c,25.14311441687436,25.46441075495557
274,c,86.51798995817462,90.04468622260195
275,c,104.58115220066306,104.58115220066306
276,na,-1,0
277,c,104.58115220066306,104.58115220066306
278,na,3.270209696222747,5.191883002144554
279,t,104.58115220066306,104.58115220066306
280,c,33.029406507091345,44.92755649507954
281,t,104.58115220066306,104.58115220066306
282,t,104.58115220066306,104.58115220066306
283,c,104.58115220066306,104.58115220066306
284,t,14.343459137441215,18.35003597520675
285,c,25.45753348959902,33.23983191045752
286,t,104.58115220066306,104.58115220066306
287,c,104.58115220066306,104.58115220066306
288,t,30.117458931360062,31.938208580003895
289,t,104.58115220066306,104.58115220066306
290,t,9.261566539281757,13.356705118288364
291,c,50.50360612477249,56.84368713022687
292,t,104.58115220066306,104.58115220066306
293,na,0,0.26258966959582675
294,t,104.58115220066306,104.58115220066306
295,t,104.58115220066306,104.58115220066306
296,c,7.782513103211056,21.998483914018625
297,c,104.58115220066306,104.58115220066306
298,t,24.189152258517925,25.374805228427043
299,c,104.58115220066306,104.58115220066306
300,t,104.58115220066306,104.58115220066306
301,t,104.58115220066306,104.58115220066306
302,c,104.58115220066306,104.58115220066306
303,t,37.81024734795178,41.01562731268503
304,t,40.291792218256774,41.489267255355664
305,t,16.453038376827315,16.816801278394916
306,t,104.58115220066306,104.58115220066306
307,c,104.58115220066306,104.58115220066306
308,c,23.4026405409309,31.595624974726345
309,c,104.58115220066306,104.58115220066306
310,t,104.58115220066306,104.58115220066306
311,t,32.96445128797503,34.40088588836743
312,t,104.58115220066306,104.58115220066306
313,t,104.58115220066306,104.58115220066306
314,c,104.58115220066306,104.58115220066306
315,t,39.95154950745162,40.71267878600679
316,c,104.58115220066306,104.58115220066306
317,c,104.58115220066306,104.58115220066306
318,t,104.58115220066306,104.58115220066306
319,c,104.58115220066306,104.58115220066306
320,c,104.58115220066306,104.58115220066306
321,c,7.347393053164366,9.148021663805899
322,t,104.58115220066306,104.58115220066306
323,c,46.46069595410165,52.661347029489626
324,t,10.140532806820627,13.908652410877771
325,t,104.58115220066306,104.58115220066306
326,t,35.087533656399735,44.04399779597506
327,t,22.427377311171657,104.58115220066306
328,t,104.58115220066306,104.58115220066306
329,c,104.58115220066306,104.58115220066306
330,c,23.720024962612793,26.148165128300388
331,na,0.45665618696368865,4.203851762083141
332,c,30.207216825711072,37.26114106806328
333,c,29.78784302161049,30.040794889808556
334,t,104.58115220066306,104.58115220066306
335,t,104.58115220066306,104.58115220066306
336,t,8.197967539743503,23.614390555317357
337,c,104.58115220066306,104.58115220066306
338,t,47.795301581380976,55.909692032053975
339,c,104.58115220066306,104.58115220066306
340,t,104.58115220066306,104.58115220066306
341,t,104.58115220066306,104.58115220066306
342,c,104.58115220066306,104.58115220066306
343,t,104.58115220066306,104.58115220066306
344,c,104.58115220066306,104.58115220066306
345,c,104.58115220066306,104.58115220066306
346,c,104.58115220066306,104.58115220066306
347,t,104.58115220066306,104.58115220066306
348,c,43.021451583579534,43.17159111163548
349,t,104.58115220066306,104.58115220066306
350,t,104.58115220066306,104.58115220066306
351,t,104.58115220066306,104.58115220066306
352,c,104.58115220066306,104.58115220066306
353,t,104.58115220066306,104.58115220066306
354,c,104.58115220066306,104.58115220066306
355,c,23.51806768819726,26.357005339328566
356,c,104.58115220066306,104.58115220066306
357,c,104.58115220066306,104.58115220066306
358,t,30.19925061169967,35.957174178131794
359,c,38.75317667113171,38.95135052073691
360,t,104.58115220066306,104.58115220066306
361,t,104.58115220066306,104.58115220066306
362,t,104.58115220066306,104.58115220066306
363,t,104.58115220066306,104.58115220066306
364,t,26.841038479726926,33.561682182734
365,c,104.58115220066306,104.58115220066306
366,c,104.58115220066306,104.58115220066306
367,t,104.58115220066306,104.58115220066306
368,c,19.517439033027493,19.67302641804605
369,na,3.6071926481293253,8.028042072083524
370,c,104.58115220066306,104.58115220066306
371,c,18.418404910540318,22.143283611794814
372,c,15.111556323815847,21.783269476009778
373,t,104.58115220066306,104.58115220066306
374,c,104.58115220066306,104.58115220066306
375,c,104.58115220066306,104.58115220066306
376,c,33.38855657309416,39.96951281462387
377,c,104.58115220066306,104.58115220066306
378,t,104.58115220066306,104.58115220066306
379,t,32.359473338163255,36.17924334406411
380,c,104.58115220066306,104.58115220066306
381,t,104.58115220066306,104.58115220066306
382,t,104.58115220066306,104.58115220066306
383,c,66.36545305034753,69.84951427747224
384,c,104.58115220066306,104.58115220066306
385,t,104.58115220066306,104.58115220066306
386,c,104.58115220066306,104.58115220066306
387,c,104.58115220066306,104.58115220066306
388,t,104.58115220066306,104.58115220066306
389,t,104.58115220066306,104.58115220066306
390,t,27.134510809728713,29.030066587316586
391,c,28.05649146475509,32.46280454969847
392,t,47.07635100541829,51.65396234976981
393,c,104.58115220066306,104.58115220066306
394,t,104.58115220066306,104.58115220066306
395,c,104.58115220066306,104.58115220066306
396,t,104.58115220066306,104.58115220066306
397,t,104.58115220066306,104.58115220066306
398,c,12.780065092499418,23.59661555841367
399,t,104.58115220066306,104.58115220066306
400,c,30.195312793742115,30.710109158938867
401,t,104.58115220066306,104.58115220066306
402,t,104.58115220066306,104.58115220066306
403,t,104.58115220066306,104.58115220066306
404,c,104.58115220066306,104.58115220066306
405,c,104.58115220066306,104.58115220066306
406,c,17.775998314061862,22.56546645521308
407,t,104.58115220066306,104.58115220066306
408,c,104.58115220066306,104.58115220066306
409,c,28.03720852171852,28.27870360128396
410,c,9.618181178543566,13.965395349274996
411,c,26.30486008039956,26.356825014017833
412,c,104.58115220066306,104.58115220066306
413,c,104.58115220066306,104.58115220066306
414,t,104.58115220066306,104.58115220066306
415,c,104.58115220066306,104.58115220066306
416,c,37.48920209663237,42.37312989896041
417,c,104.58115220066306,104.58115220066306
418,t,104.58115220066306,104.58115220066306
419,t,104.58115220066306,104.58115220066306
420,c,104.58115220066306,104.58115220066306
421,c,104.58115220066306,104.58115220066306
422,t,104.58115220066306,104.58115220066306
423,t,104.58115220066306,104.58115220066306
424,t,104.58115220066306,104.58115220066306
425,t,104.58115220066306,104.58115220066306
426,c,104.58115220066306,104.58115220066306
427,c,104.58115220066306,104.58115220066306
428,t,104.58115220066306,104.58115220066306
429,t,104.58115220066306,104.58115220066306
430,na,0,5.030220508590892
431,c,47.300655140299355,54.85716645061528
432,t,104.58115220066306,104.58115220066306
433,t,104.58115220066306,104.58115220066306
434,c,30.09874012795555,34.70907204039074
435,t,104.58115220066306,104.58115220066306
436,t,3.483273115215859,4.595476578180772
437,t,104.58115220066306,104.58115220066306
438,c,104.58115220066306,104.58115220066306
439,c,104.58115220066306,104.58115220066306
440,c,104.58115220066306,104.58115220066306
441,c,104.58115220066306,104.58115220066306
442,t,104.58115220066306,104.58115220066306
443,t,104.58115220066306,104.58115220066306
444,t,28.154308248162106,29.15794764196379
445,c,29.36778168941551,33.12351609472246
446,t,104.58115220066306,104.58115220066306
447,c,104.58115220066306,104.58115220066306
448,t,104.58115220066306,104.58115220066306
449,c,30.648949679435177,104.58115220066306
450,t,104.58115220066306,104.58115220066306
451,c,104.58115220066306,104.58115220066306
452,c,90.60435973553592,92.19242482622575
453,c,104.58115220066306,104.58115220066306
454,c,104.58115220066306,104.58115220066306
455,c,31.840059275078726,35.165172723511716
456,t,104.58115220066306,104.58115220066306
457,t,104.58115220066306,104.58115220066306
458,t,39.66333202474629,40.54289068552016
459,c,38.72639618295388,104.58115220066306
460,c,10.997306444018669,11.351213223426841
461,t,104.58115220066306,104.58115220066306
462,c,104.58115220066306,104.58115220066306
463,t,104.58115220066306,104.58115220066306
464,c,104.58115220066306,104.58115220066306
465,t,104.58115220066306,104.58115220066306
466,c,104.58115220066306,104.58115220066306
467,t,104.58115220066306,104.58115220066306
468,na,-1,0
469,c,104.58115220066306,104.58115220066306
470,t,104.58115220066306,104.58115220066306
471,t,104.58115220066306,104.58115220066306
472,na,-1,0
473,t,104.58115220066306,104.58115220066306
474,t,41.13549381165713,48.23513369530674
475,t,104.58115220066306,104.58115220066306
476,c,24.34918065496504,24.37994195682851
477,c,104.58115220066306,104.58115220066306
478,c,5.2751757240810155,5.496374108989455
479,t,104.58115220066306,104.58115220066306
480,t,104.58115220066306,104.58115220066306
481,c,7.321057249679804,8.068588375987344
482,t,104.58115220066306,104.58115220066306
483,t,104.58115220066306,104.58115220066306
484,c,104.58115220066306,104.58115220066306
485,c,104.58115220066306,104.58115220066306
486,t,17.188424386744945,30.940119188872433
487,c,104.58115220066306,104.58115220066306
488,t,38.025466126637525,104.58115220066306
489,c,104.58115220066306,104.58115220066306
490,t,104.58115220066306,104.58115220066306
491,c,104.58115220066306,104.58115220066306
492,t,104.58115220066306,104.58115220066306
493,t,5.117723169961982,8.072027419859525
494,t,104.58115220066306,104.58115220066306
495,t,104.58115220066306,104.58115220066306
496,c,104.58115220066306,104.58115220066306
497,t,104.58115220066306,104.58115220066306
498,t,89.03794810110799,91.20636114314117
499,t,104.58115220066306,104.58115220066306
500,c,104.58115220066306,104.58115220066306
501,t,104.58115220066306,104.58115220066306
502,t,25.213014743866346,26.063919220555555
503,c,22.54594133972606,24.761485390099264
504,t,8.210032780578247,9.97215566409454
505,c,104.58115220066306,104.58115220066306
506,na,0.5980958464481891,7.632368340025859
507,c,104.58115220066306,104.58115220066306
508,c,16.15754116132074,26.280931088547327
509,c,20.206836462645903,22.537042403187417
510,t,104.58115220066306,104.58115220066306
511,t,11.076391962273748,14.34393580158623
512,c,24.99822014803292,34.02330464930764
513,t,104.58115220066306,104.58115220066306
514,c,20.48263196062944,30.15456336621999
515,t,104.58115220066306,104.58115220066306
516,c,104.58115220066306,104.58115220066306
517,t,104.58115220066306,104.58115220066306
518,c,104.58115220066306,104.58115220066306
519,t,104.58115220066306,104.58115220066306
520,t,104.58115220066306,104.58115220066306
521,c,104.58115220066306,104.58115220066306
522,t,62.94915695400003,63.293014140768285
523,c,104.58115220066306,104.58115220066306
524,t,104.58115220066306,104.58115220066306
525,c,104.58115220066306,104.58115220066306
526,c,104.58115220066306,104.58115220066306
527,t,104.58115220066306,104.58115220066306
528,t,104.58115220066306,104.58115220066306
529,c,104.58115220066306,104.58115220066306
530,t,104.58115220066306,104.58115220066306
531,t,8.401006512169435,14.982832069342233
532,t,104.58115220066306,104.58115220066306
533,t,104.58115220066306,104.58115220066306
534,c,59.307279922054676,63.00113437246968
535,t,16.192235649713858,22.831865437814113
536,t,104.58115220066306,104.58115220066306
537,t,104.58115220066306,104.58115220066306
538,t,104.58115220066306,104.58115220066306
539,c,104.58115220066306,104.58115220066306
540,c,104.58115220066306,104.58115220066306
541,c,104.58115220066306,104.58115220066306
542,t,104.58115220066306,104.58115220066306
543,c,104.58115220066306,104.58115220066306
544,c,24.74447615776084,28.08074659054011
545,c,36.67941307642047,36.7740985758974
546,c,34.116000832332965,104.58115220066306
547,c,21.729465016656444,22.650593068267675
548,t,104.58115220066306,104.58115220066306
549,c,25.1540445140687,26.961994214705328
550,t,104.58115220066306,104.58115220066306
551,c,104.58115220066306,104.58115220066306
552,t,104.58115220066306,104.58115220066306
553,t,104.58115220066306,104.58115220066306
554,t,44.58654375867888,50.76485987090721
555,na,-1,0
556,c,104.58115220066306,104.58115220066306
557,c,19.854086998328093,27.661029112503655
558,t,104.58115220066306,104.58115220066306
559,c,16.91166645021898,27.43856182498712
560,c,104.58115220066306,104.58115220066306
561,t,104.58115220066306,104.58115220066306
562,c,104.58115220066306,104.58115220066306
563,c,48.090680293251324,48.86869658060133
564,t,104.58115220066306,104.58115220066306
565,t,104.58115220066306,104.58115220066306
566,t,104.58115220066306,104.58115220066306
567,t,104.58115220066306,104.58115220066306
568,c,104.58115220066306,104.58115220066306
569,c,104.58115220066306,104.58115220066306
570,t,104.58115220066306,104.58115220066306
571,c,21.56043807909112,23.132637473273867
572,t,104.58115220066306,104.58115220066306
573,t,104.58115220066306,104.58115220066306
574,c,37.81634740340474,39.34158778554411
575,c,13.809361204466436,14.549002557480744
576,t,104.58115220066306,104.58115220066306
577,t,104.58115220066306,104.58115220066306
578,c,28.12737565317422,28.866618002421568
579,t,104.58115220066306,104.58115220066306
580,c,36.865655644011376,42.13878498518558
581,t,104.58115220066306,104.58115220066306
582,t,104.58115220066306,104.58115220066306
583,t,104.58115220066306,104.58115220066306
584,t,24.459479639816706,32.42875886847995
585,c,104.58115220066306,104.58115220066306
586,c,104.58115220066306,104.58115220066306
587,t,104.58115220066306,104.58115220066306
588,t,104.58115220066306,104.58115220066306
589,c,104.58115220066306,104.58115220066306
590,t,104.58115220066306,104.58115220066306
591,c,104.58115220066306,104.58115220066306
592,t,104.58115220066306,104.58115220066306
593,c,104.58115220066306,104.58115220066306
594,t,104.58115220066306,104.58115220066306
595,t,104.58115220066306,104.58115220066306
596,t,104.58115220066306,104.58115220066306
597,t,25.91345290096949,26.488783330254254
598,t,104.58115220066306,104.58115220066306
599,t,22.500021748746228,25.75059815106524
600,c,104.58115220066306,104.58115220066306
601,t,104.58115220066306,104.58115220066306
602,t,104.58115220066306,104.58115220066306
603,t,20.341586111853037,26.063425817948943
604,c,6.1437703638314884,6.5251508904779465
605,t,104.58115220066306,104.58115220066306
606,c,9.749855880909847,10.1656960892436
607,t,18.659967337754562,26.706284108342537
608,c,104.58115220066306,104.58115220066306
609,t,104.58115220066306,104.58115220066306
610,t,104.58115220066306,104.58115220066306
611,c,104.58115220066306,104.58115220066306
612,c,35.37182743065173,35.63500864732449
613,t,104.58115220066306,104.58115220066306
614,t,40.15840056223116,41.54896063367597
615,c,8.168586626964599,104.58115220066306
616,c,104.58115220066306,104.58115220066306
617,c,104.58115220066306,104.58115220066306
618,c,104.58115220066306,104.58115220066306
619,t,37.53323814048846,45.76172780064482
620,t,104.58115220066306,104.58115220066306
621,c,104.58115220066306,104.58115220066306
622,t,44.01360475477528,47.56724813927186
623,t,104.58115220066306,104.58115220066306
624,c,104.58115220066306,104.58115220066306
625,t,104.58115220066306,104.58115220066306
626,t,104.58115220066306,104.58115220066306
627,t,104.58115220066306,104.58115220066306
628,t,104.58115220066306,104.58115220066306
629,t,104.58115220066306,104.58115220066306
630,t,104.58115220066306,104.58115220066306
631,t,20.210526654647,31.225492026297726
632,t,12.373426604263068,13.386941134009229
633,t,34.5856124753917,104.58115220066306
634,c,31.785692887319644,31.795000612223554
635,t,31.571983804209253,31.97393466306394
636,c,104.58115220066306,104.58115220066306
637,t,104.58115220066306,104.58115220066306
638,c,30.689399097050227,30.94222372108259
639,t,9.524835525561942,12.94457714608837
640,c,104.58115220066306,104.58115220066306
641,c,104.58115220066306,104.58115220066306
642,t,104.58115220066306,104.58115220066306
643,t,104.58115220066306,104.58115220066306
644,c,32.38661916284138,32.44002377180481
645,c,104.58115220066306,104.58115220066306
646,t,104.58115220066306,104.58115220066306
647,c,104.58115220066306,104.58115220066306
648,c,104.58115220066306,104.58115220066306
649,c,25.618224189383948,26.040758354353976
650,c,104.58115220066306,104.58115220066306
651,c,37.806511303032686,45.80653517180524
652,c,104.58115220066306,104.58115220066306
653,t,104.58115220066306,104.58115220066306
654,c,24.987863169957738,29.842101265109836
655,t,23.100401102609123,29.22424313043458
656,c,30.545876859190663,36.781958039643236
657,t,104.58115220066306,104.58115220066306
658,t,104.58115220066306,104.58115220066306
659,c,104.58115220066306,104.58115220066306
660,na,0,0.3864918526932506
661,c,31.97064548447456,38.09196604671064
662,t,30.593792029922746,30.650571287529306
663,t,104.58115220066306,104.58115220066306
664,c,11.717745791402214,20.92755900666866
665,c,104.58115220066306,104.58115220066306
666,c,104.58115220066306,104.58115220066306
667,c,27.728701468537107,28.974115332781796
668,c,29.690328768293867,31.666387856744958
669,c,55.01538326659441,55.15297308696225
670,t,104.58115220066306,104.58115220066306
671,t,104.58115220066306,104.58115220066306
672,t,25.31918989091274,39.53242227564195
673,c,104.58115220066306,104.58115220066306
674,t,17.363483682152786,21.920293746108783
675,t,22.750127798907894,23.146861763783654
676,t,32.593206465555355,33.353603327222096
677,c,104.58115220066306,104.58115220066306
678,c,104.58115220066306,104.58115220066306
679,t,104.58115220066306,104.58115220066306
680,t,104.58115220066306,104.58115220066306
681,c,104.58115220066306,104.58115220066306
682,c,104.58115220066306,104.58115220066306
683,t,104.58115220066306,104.58115220066306
684,c,104.58115220066306,104.58115220066306
685,t,104.58115220066306,104.58115220066306
686,t,24.896969405399926,26.124723162305695
687,t,104.58115220066306,104.58115220066306
688,t,5.950759494672162,23.13507974521241
689,t,18.613242083849887,22.720733022688307
690,t,104.58115220066306,104.58115220066306
691,t,104.58115220066306,104.58115220066306
692,t,104.58115220066306,104.58115220066306
693,t,58.71495245475716,61.696559095089064
694,c,43.17716526631915,48.19997551641488
695,c,56.36481660084275,57.73292531257707
696,t,15.487503517084,20.62432172490968
697,c,104.58115220066306,104.58115220066306
698,c,104.58115220066306,104.58115220066306
699,t,104.58115220066306,104.58115220066306
700,t,104.58115220066306,104.58115220066306
701,c,22.27985523034692,22.868626303971904
702,t,33.8222055403835,36.097899746234695
703,t,104.58115220066306,104.58115220066306
704,c,104.58115220066306,104.58115220066306
705,t,104.58115220066306,104.58115220066306
706,c,104.58115220066306,104.58115220066306
707,c,104.58115220066306,104.58115220066306
708,t,104.58115220066306,104.58115220066306
709,c,104.58115220066306,104.58115220066306
710,t,104.58115220066306,104.58115220066306
711,c,20.41562594672325,33.496555441830374
712,t,25.381311526813032,41.372857366568574
713,t,104.58115220066306,104.58115220066306
714,t,104.58115220066306,104.58115220066306
715,c,12.185272697627752,18.148924444231795
716,na,33.1008068685902,46.52986856027726
717,c,74.1185607365186,74.95968329391023
718,c,17.107834230029635,22.961673285474728
719,c,104.58115220066306,104.58115220066306
720,t,19.138761936533214,21.057313469767145
721,t,104.58115220066306,104.58115220066306
722,t,25.043457587152787,25.57317640229597
723,c,104.58115220066306,104.58115220066306
724,t,9.877944912250113,12.54907724052345
725,c,24.57142650256603,104.58115220066306
726,t,13.713410024140693,23.290566757196785
727,c,104.58115220066306,104.58115220066306
728,t,104.58115220066306,104.58115220066306
729,c,104.58115220066306,104.58115220066306
730,t,104.58115220066306,104.58115220066306
731,c,9.306334329408894,22.551259222687406
732,t,40.619328479984205,44.60638832796395
733,c,14.345138510449658,20.4674211167074
734,t,104.58115220066306,104.58115220066306
735,c,104.58115220066306,104.58115220066306
736,t,17.270000869896272,20.53009859873048
737,c,44.218704059541075,46.42266085715071
738,c,36.35458450529505,37.39712768811097
739,t,13.781779570206373,15.595936938009487
740,c,104.58115220066306,104.58115220066306
741,t,104.58115220066306,104.58115220066306
742,t,31.015405988600506,32.00075204746549
743,c,21.216486819788628,31.030382169812626
744,c,21.845846107730996,23.78625371273481
745,c,67.5477810438114,69.51605353760557
746,c,104.58115220066306,104.58115220066306
747,t,18.81509213864871,19.698299309803524
748,t,104.58115220066306,104.58115220066306
749,c,15.162891044579187,17.034066344969784
750,c,15.185681060929397,22.761332443595194
751,c,104.58115220066306,104.58115220066306
752,c,104.58115220066306,104.58115220066306
753,t,104.58115220066306,104.58115220066306
754,c,104.58115220066306,104.58115220066306
755,t,104.58115220066306,104.58115220066306
756,c,104.58115220066306,104.58115220066306
757,t,24.82060410827084,29.39694912555883
758,c,104.58115220066306,104.58115220066306
759,c,28.01224472439412,40.06369509602543
760,c,104.58115220066306,104.58115220066306
761,na,15.138068103693488,20.143412408830002
762,c,104.58115220066306,104.58115220066306
763,t,104.58115220066306,104.58115220066306
764,t,104.58115220066306,104.58115220066306
765,c,32.50962193223101,39.58744013870002
766,t,17.886296524017517,18.561403132629746
767,t,104.58115220066306,104.58115220066306
768,c,104.58115220066306,104.58115220066306
769,t,104.58115220066306,104.58115220066306
770,c,104.58115220066306,104.58115220066306
771,c,20.442817612262587,20.755755929660463
772,t,30.29573579093276,33.6019830940447
773,c,13.846040569694004,19.707049864426235
774,c,40.786152934721095,47.28118523060402
775,t,104.58115220066306,104.58115220066306
776,c,104.58115220066306,104.58115220066306
777,t,51.01373924687948,56.83287039918222
778,t,104.58115220066306,104.58115220066306
779,c,104.58115220066306,104.58115220066306
780,t,26.238640716311732,32.33110686557041
781,c,104.58115220066306,104.58115220066306
782,c,104.58115220066306,104.58115220066306
783,t,104.58115220066306,104.58115220066306
784,c,104.58115220066306,104.58115220066306
785,c,104.58115220066306,104.58115220066306
786,c,31.4427403808214,42.18699948803406
787,c,21.31480696639337,30.86785798383854
788,t,104.58115220066306,104.58115220066306
789,t,57.33055643351704,59.39579424962757
790,t,27.075980203482537,32.96226773111996
791,c,104.58115220066306,104.58115220066306
792,t,104.58115220066306,104.58115220066306
793,c,104.58115220066306,104.58115220066306
794,c,27.690111497571724,30.548459443661116
795,t,104.58115220066306,104.58115220066306
796,t,18.69723652845147,24.97231988922662
797,t,104.58115220066306,104.58115220066306
798,c,31.073043056219387,32.049295787195575
799,t,104.58115220066306,104.58115220066306
800,c,104.58115220066306,104.58115220066306
801,c,27.03211629445433,31.680452369328673
802,c,25.707587211855277,26.884567424073804
803,t,41.99913747974436,44.22175661249101
804,t,104.58115220066306,104.58115220066306
805,t,104.58115220066306,104.58115220066306
806,t,104.58115220066306,104.58115220066306
807,t,104.58115220066306,104.58115220066306
808,c,104.58115220066306,104.58115220066306
809,c,104.58115220066306,104.58115220066306
810,c,104.58115220066306,104.58115220066306
811,na,-1,0
812,t,40.6906912208023,41.25631745113151
813,c,104.58115220066306,104.58115220066306
814,c,16.759988207152553,17.022304963702553
815,c,104.58115220066306,104.58115220066306
816,t,104.58115220066306,104.58115220066306
817,c,2.696744584727201,6.266333894254099
818,c,16.697818589313854,25.765002495011505
819,t,104.58115220066306,104.58115220066306
820,t,104.58115220066306,104.58115220066306
821,c,104.58115220066306,104.58115220066306
822,c,104.58115220066306,104.58115220066306
823,na,2.5998159935063447,2.6305452059222705
824,t,104.58115220066306,104.58115220066306
825,c,104.58115220066306,104.58115220066306
826,t,25.120743976153037,25.98831812582941
827,t,104.58115220066306,104.58115220066306
828,c,21.7549561038827,27.97805222763986
829,c,104.58115220066306,104.58115220066306
830,t,33.78739336827048,37.320880278017334
831,t,104.58115220066306,104.58115220066306
832,t,41.47117793511323,42.06934629212033
833,t,104.58115220066306,104.58115220066306
834,c,104.58115220066306,104.58115220066306
835,t,11.621033501066185,35.224632220969745
836,t,36.19207871665022,36.77284133644134
837,t,104.58115220066306,104.58115220066306
838,t,49.3562808820031,59.56047499283503
839,c,104.58115220066306,104.58115220066306
840,c,104.58115220066306,104.58115220066306
841,t,104.58115220066306,104.58115220066306
842,t,104.58115220066306,104.58115220066306
843,t,104.58115220066306,104.58115220066306
844,c,22.915718444208604,28.709043185871575
845,t,104.58115220066306,104.58115220066306
846,t,39.16466103051769,42.568000028950415
847,c,104.58115220066306,104.58115220066306
848,t,104.58115220066306,104.58115220066306
849,t,104.58115220066306,104.58115220066306
850,c,104.58115220066306,104.58115220066306
851,t,104.58115220066306,104.58115220066306
852,c,11.277403291163614,12.265947004907302
853,na,0,8.970715960213294
854,t,104.58115220066306,104.58115220066306
855,t,104.58115220066306,104.58115220066306
856,t,104.58115220066306,104.58115220066306
857,t,14.396246674926555,15.518535224644625
858,c,11.452651038506552,104.58115220066306
859,t,104.58115220066306,104.58115220066306
860,c,46.32257319704702,48.08054345622189
861,c,104.58115220066306,104.58115220066306
862,t,104.58115220066306,104.58115220066306
863,c,23.4389596917288,23.464820656392185
864,c,104.58115220066306,104.58115220066306
865,c,104.58115220066306,104.58115220066306
866,t,104.58115220066306,104.58115220066306
867,t,16.717584356529596,17.547750207921876
868,t,104.58115220066306,104.58115220066306
869,t,104.58115220066306,104.58115220066306
870,c,11.211593697539962,23.253888060150445
871,c,29.65618233831745,34.00164566724245
872,t,38.06371669819112,38.76089004756525
873,c,104.58115220066306,104.58115220066306
874,c,104.58115220066306,104.58115220066306
875,c,104.58115220066306,104.58115220066306
876,c,104.58115220066306,104.58115220066306
877,t,33.99926999244114,35.30174925973871
878,t,104.58115220066306,104.58115220066306
879,c,4.709422659477624,8.699551610600569
880,c,104.58115220066306,104.58115220066306
881,t,104.58115220066306,104.58115220066306
882,t,104.58115220066306,104.58115220066306
883,c,47.51412220577503,47.707035261392676
884,c,104.58115220066306,104.58115220066306
885,t,104.58115220066306,104.58115220066306
886,c,25.788287248732093,26.66423025606072
887,c,11.955689858468473,18.080690144173378
888,c,9.456681323537639,10.493782532945726
889,t,104.58115220066306,104.58115220066306
890,t,104.58115220066306,104.58115220066306
891,t,104.58115220066306,104.58115220066306
892,c,20.028420546268134,23.741589003871987
893,t,104.58115220066306,104.58115220066306
894,c,35.76307189424704,49.52600539022643
895,c,104.58115220066306,104.58115220066306
896,c,104.58115220066306,104.58115220066306
897,c,104.58115220066306,104.58115220066306
898,c,104.58115220066306,104.58115220066306
899,c,104.58115220066306,104.58115220066306
900,c,104.58115220066306,104.58115220066306
901,c,104.58115220066306,104.58115220066306
902,t,104.58115220066306,104.58115220066306
903,t,21.12945993270342,27.950021104647405
904,na,1.6258150428725466,4.164515547360127
905,t,25.221983794756877,36.57350787640634
906,c,104.58115220066306,104.58115220066306
907,na,6.298054371437236,104.58115220066306
908,c,104.58115220066306,104.58115220066306
909,t,104.58115220066306,104.58115220066306
910,t,104.58115220066306,104.58115220066306
911,c,104.58115220066306,104.58115220066306
912,t,104.58115220066306,104.58115220066306
913,t,104.58115220066306,104.58115220066306
914,c,104.58115220066306,104.58115220066306
915,t,26.52693407494444,27.077844913813713
916,t,104.58115220066306,104.58115220066306
917,c,17.066617843497074,19.78545884349367
918,t,104.58115220066306,104.58115220066306
919,t,104.58115220066306,104.58115220066306
920,c,104.58115220066306,104.58115220066306
921,t,104.58115220066306,104.58115220066306
922,c,104.58115220066306,104.58115220066306
923,c,104.58115220066306,104.58115220066306
924,c,104.58115220066306,104.58115220066306
925,c,51.872112752041666,51.942420365861715
926,c,104.58115220066306,104.58115220066306
927,c,16.445980324371092,104.58115220066306
928,t,104.58115220066306,104.58115220066306
929,t,27.92200287698001,29.485430973997218
930,t,37.21520018227923,37.38034471050055
931,t,104.58115220066306,104.58115220066306
932,t,104.58115220066306,104.58115220066306
933,c,104.58115220066306,104.58115220066306
934,t,104.58115220066306,104.58115220066306
935,t,104.58115220066306,104.58115220066306
936,t,104.58115220066306,104.58115220066306
937,c,24.149328830836325,24.363183926188253
938,c,104.58115220066306,104.58115220066306
939,t,18.156051585229118,23.184841304333677
940,t,104.58115220066306,104.58115220066306
941,c,104.58115220066306,104.58115220066306
942,c,104.58115220066306,104.58115220066306
943,t,104.58115220066306,104.58115220066306
944,t,104.58115220066306,104.58115220066306
945,c,27.8299650372752,31.05326451363443
946,t,104.58115220066306,104.58115220066306
947,c,4.191860211450752,6.7258174258378745
948,c,104.58115220066306,104.58115220066306
949,c,104.58115220066306,104.58115220066306
950,t,104.58115220066306,104.58115220066306
951,t,3.583336044192034,5.425963767655875
952,c,19.935365990232008,31.767299423095693
953,t,104.58115220066306,104.58115220066306
954,t,104.58115220066306,104.58115220066306
955,t,104.58115220066306,104.58115220066306
956,t,104.58115220066306,104.58115220066306
957,t,104.58115220066306,104.58115220066306
958,t,18.15507240550923,19.69754513421736
959,c,24.419803608240734,25.322351377039087
960,t,104.58115220066306,104.58115220066306
961,c,24.822082854019182,34.975310813549626
962,c,104.58115220066306,104.58115220066306
963,c,29.589049195152015,37.1998425398888
964,c,5.270032076411304,104.58115220066306
965,c,55.57857285176679,64.23955470614507
966,c,66.8015649666699,68.96679699371424
967,c,104.58115220066306,104.58115220066306
968,t,104.58115220066306,104.58115220066306
969,c,47.21492554950653,53.690085458044926
970,t,104.58115220066306,104.58115220066306
971,c,51.2503121887706,52.653791050671686
972,c,49.744122620124976,50.27829435044034
973,c,35.5821485299652,38.3210667928779
974,c,31.390397509985178,35.350863985415685
975,c,104.58115220066306,104.58115220066306
976,c,104.58115220066306,104.58115220066306
977,c,104.58115220066306,104.58115220066306
978,c,104.58115220066306,104.58115220066306
979,c,19.090765407011713,20.725708730162204
980,c,104.58115220066306,104.58115220066306
981,c,68.00239376680946,69.34561581735406
982,c,10.78359837340354,16.581093257341625
983,na,2.8404884647332986,7.201872684615988
984,c,104.58115220066306,104.58115220066306
985,t,104.58115220066306,104.58115220066306
986,c,104.58115220066306,104.58115220066306
987,t,104.58115220066306,104.58115220066306
988,t,104.58115220066306,104.58115220066306
989,c,104.58115220066306,104.58115220066306
990,c,104.58115220066306,104.58115220066306
991,t,104.58115220066306,104.58115220066306
992,c,28.268389388899113,36.93635372018577
993,t,104.58115220066306,104.58115220066306
994,na,5.077920670838356,11.131371737214748
995,t,27.974062393195123,32.215431291549
996,c,42.837976160589356,48.27753255521337
997,c,17.18640147904708,104.58115220066306
998,c,43.27559594715784,43.423713162033316
999,t,4.32785074915493,4.618086579255871
