node, assignment, time2inf, time2death
0,na,-1,0
1,na,-1,0
2,na,-1,0
3,na,-1,0
4,c,67.64706070185835,68.16564823559621
5,t,122.41011773028556,122.41011773028556
6,t,31.133555060601648,37.36284132057
7,t,122.41011773028556,122.41011773028556
8,t,122.41011773028556,122.41011773028556
9,t,122.41011773028556,122.41011773028556
10,c,122.41011773028556,122.41011773028556
11,t,122.41011773028556,122.41011773028556
12,c,122.41011773028556,122.41011773028556
13,c,17.952775601290732,22.43582913530609
14,t,122.41011773028556,122.41011773028556
15,t,122.41011773028556,122.41011773028556
16,c,122.41011773028556,122.41011773028556
17,c,122.41011773028556,122.41011773028556
18,na,-1,0
19,t,122.41011773028556,122.41011773028556
20,na,0,10.00395731881253
21,t,122.41011773028556,122.41011773028556
22,c,122.41011773028556,122.41011773028556
23,c,122.41011773028556,122.41011773028556
24,t,23.824951470719164,25.129788635695686
25,t,122.41011773028556,122.41011773028556
26,t,122.41011773028556,122.41011773028556
27,t,122.41011773028556,122.41011773028556
28,t,122.41011773028556,122.41011773028556
29,c,87.24644339129776,94.79192251696342
30,t,122.41011773028556,122.41011773028556
31,c,44.36076667913022,44.36138329745942
32,t,122.41011773028556,122.41011773028556
33,t,122.41011773028556,122.41011773028556
34,c,122.41011773028556,122.41011773028556
35,t,122.41011773028556,122.41011773028556
36,c,122.41011773028556,122.41011773028556
37,c,122.41011773028556,122.41011773028556
38,c,122.41011773028556,122.41011773028556
39,t,52.701626295402576,122.41011773028556
40,c,12.846767331172316,13.009096547416126
41,t,122.41011773028556,122.41011773028556
42,t,40.61042225924433,48.169993292420294
43,t,122.41011773028556,122.41011773028556
44,c,122.41011773028556,122.41011773028556
45,c,122.41011773028556,122.41011773028556
46,c,122.41011773028556,122.41011773028556
47,c,122.41011773028556,122.41011773028556
48,t,122.41011773028556,122.41011773028556
49,c,122.41011773028556,122.41011773028556
50,c,2.7918020488429725,3.344700153728614
51,c,122.41011773028556,122.41011773028556
52,c,122.41011773028556,122.41011773028556
53,c,122.41011773028556,122.41011773028556
54,t,9.581609028237947,13.827290544232357
55,t,20.02749681361773,21.077139440195058
56,c,122.41011773028556,122.41011773028556
57,t,122.41011773028556,122.41011773028556
58,c,122.41011773028556,122.41011773028556
59,c,122.41011773028556,122.41011773028556
60,na,-1,0
61,c,122.41011773028556,122.41011773028556
62,t,39.76765255767521,44.02041220829488
63,c,122.41011773028556,122.41011773028556
64,c,122.41011773028556,122.41011773028556
65,c,122.41011773028556,122.41011773028556
66,t,122.41011773028556,122.41011773028556
67,t,122.41011773028556,122.41011773028556
68,t,122.41011773028556,122.41011773028556
69,t,122.41011773028556,122.41011773028556
70,t,122.41011773028556,122.41011773028556
71,t,19.806332817097374,23.615586022493982
72,t,82.40025315262842,85.29577418920685
73,c,15.687936039918593,20.801675720257744
74,t,52.09646275652016,59.017130974636096
75,t,122.41011773028556,122.41011773028556
76,c,122.41011773028556,122.41011773028556
77,c,122.41011773028556,122.41011773028556
78,t,122.41011773028556,122.41011773028556
79,c,18.036508363261653,122.41011773028556
80,t,122.41011773028556,122.41011773028556
81,c,122.41011773028556,122.41011773028556
82,c,122.41011773028556,122.41011773028556
83,t,122.41011773028556,122.41011773028556
84,c,122.41011773028556,122.41011773028556
85,t,37.17876725631183,41.48429226429184
86,t,122.41011773028556,122.41011773028556
87,t,92.1002990034046,106.11513555037392
88,c,122.41011773028556,122.41011773028556
89,t,122.41011773028556,122.41011773028556
90,c,122.41011773028556,122.41011773028556
91,t,122.41011773028556,122.41011773028556
92,t,122.41011773028556,122.41011773028556
93,t,15.825512494292079,16.25441731093873
94,t,122.41011773028556,122.41011773028556
95,c,122.41011773028556,122.41011773028556
96,c,122.41011773028556,122.41011773028556
97,c,122.41011773028556,122.41011773028556
98,c,122.41011773028556,122.41011773028556
99,c,122.41011773028556,122.41011773028556
100,t,14.296634296606507,21.985317322625587
101,t,29.59392185759278,32.346420587076274
102,c,122.41011773028556,122.41011773028556
103,t,122.41011773028556,122.41011773028556
104,t,122.41011773028556,122.41011773028556
105,t,122.41011773028556,122.41011773028556
106,c,122.41011773028556,122.41011773028556
107,c,122.41011773028556,122.41011773028556
108,c,47.36718297448352,56.497830237287744
109,c,122.41011773028556,122.41011773028556
110,t,43.09103412904084,52.934786127734746
111,t,122.41011773028556,122.41011773028556
112,c,122.41011773028556,122.41011773028556
113,t,122.41011773028556,122.41011773028556
114,t,122.41011773028556,122.41011773028556
115,t,122.41011773028556,122.41011773028556
116,t,122.41011773028556,122.41011773028556
117,c,13.578658972438536,14.583127669839625
118,c,122.41011773028556,122.41011773028556
119,t,122.41011773028556,122.41011773028556
120,c,122.41011773028556,122.41011773028556
121,t,122.41011773028556,122.41011773028556
122,c,122.41011773028556,122.41011773028556
123,c,122.41011773028556,122.41011773028556
124,t,122.41011773028556,122.41011773028556
125,c,122.41011773028556,122.41011773028556
126,t,122.41011773028556,122.41011773028556
127,c,9.11909165509967,13.505643644056613
128,c,122.41011773028556,122.41011773028556
129,c,47.265079643976854,50.042231123021914
130,t,122.41011773028556,122.41011773028556
131,t,122.41011773028556,122.41011773028556
132,t,10.848709047588668,10.940518753806016
133,t,122.41011773028556,122.41011773028556
134,c,122.41011773028556,122.41011773028556
135,c,122.41011773028556,122.41011773028556
136,t,122.41011773028556,122.41011773028556
137,c,122.41011773028556,122.41011773028556
138,t,76.54329871682458,81.74117779628251
139,c,122.41011773028556,122.41011773028556
140,c,122.41011773028556,122.41011773028556
141,t,122.41011773028556,122.41011773028556
142,t,122.41011773028556,122.41011773028556
143,t,122.41011773028556,122.41011773028556
144,c,122.41011773028556,122.41011773028556
145,t,122.41011773028556,122.41011773028556
146,t,20.13906413228947,21.367127150882997
147,t,122.41011773028556,122.41011773028556
148,t,79.45902036033067,80.9910949789163
149,c,122.41011773028556,122.41011773028556
150,t,89.49803439275732,94.7018297823905
151,t,27.32302015281718,32.13177802406327
152,t,122.41011773028556,122.41011773028556
153,c,122.41011773028556,122.41011773028556
154,c,122.41011773028556,122.41011773028556
155,t,14.933695083642188,122.41011773028556
156,t,122.41011773028556,122.41011773028556
157,t,56.02204324007356,57.138421877424875
158,t,122.41011773028556,122.41011773028556
159,c,122.41011773028556,122.41011773028556
160,c,122.41011773028556,122.41011773028556
161,t,122.41011773028556,122.41011773028556
162,c,62.28530445518038,76.15385387242688
163,t,122.41011773028556,122.41011773028556
164,c,122.41011773028556,122.41011773028556
165,c,122.41011773028556,122.41011773028556
166,c,122.41011773028556,122.41011773028556
167,t,122.41011773028556,122.41011773028556
168,t,122.41011773028556,122.41011773028556
169,t,122.41011773028556,122.41011773028556
170,t,122.41011773028556,122.41011773028556
171,t,122.41011773028556,122.41011773028556
172,t,122.41011773028556,122.41011773028556
173,t,122.41011773028556,122.41011773028556
174,t,122.41011773028556,122.41011773028556
175,c,122.41011773028556,122.41011773028556
176,t,122.41011773028556,122.41011773028556
177,c,122.41011773028556,122.41011773028556
178,t,122.41011773028556,122.41011773028556
179,c,122.41011773028556,122.41011773028556
180,t,122.41011773028556,122.41011773028556
181,c,122.41011773028556,122.41011773028556
182,t,122.41011773028556,122.41011773028556
183,c,122.41011773028556,122.41011773028556
184,c,122.41011773028556,122.41011773028556
185,t,8.89391815661534,13.34871356922669
186,c,122.41011773028556,122.41011773028556
187,t,122.41011773028556,122.41011773028556
188,c,122.41011773028556,122.41011773028556
189,c,122.41011773028556,122.41011773028556
190,c,122.41011773028556,122.41011773028556
191,t,122.41011773028556,122.41011773028556
192,c,122.41011773028556,122.41011773028556
193,c,122.41011773028556,122.41011773028556
194,c,122.41011773028556,122.41011773028556
195,c,28.66195767451479,43.96652628644811
196,t,122.41011773028556,122.41011773028556
197,t,122.41011773028556,122.41011773028556
198,c,122.41011773028556,122.41011773028556
199,na,0,4.536375222060534
200,c,22.647386426575537,23.121737067973395
201,c,122.41011773028556,122.41011773028556
202,c,122.41011773028556,122.41011773028556
203,c,122.41011773028556,122.41011773028556
204,c,122.41011773028556,122.41011773028556
205,c,122.41011773028556,122.41011773028556
206,t,122.41011773028556,122.41011773028556
207,t,2.452030003964995,7.146690583911777
208,c,122.41011773028556,122.41011773028556
209,c,122.41011773028556,122.41011773028556
210,c,28.69332640035486,30.235323277541305
211,c,122.41011773028556,122.41011773028556
212,t,62.36954827072298,69.25946124297873
213,c,122.41011773028556,122.41011773028556
214,c,32.20704751594243,35.320960788197624
215,c,122.41011773028556,122.41011773028556
216,c,107.5697554069196,107.64966095527635
217,c,39.87521621517486,40.209967088025536
218,c,122.41011773028556,122.41011773028556
219,c,122.41011773028556,122.41011773028556
220,t,122.41011773028556,122.41011773028556
221,c,122.41011773028556,122.41011773028556
222,c,122.41011773028556,122.41011773028556
223,t,122.41011773028556,122.41011773028556
224,t,74.46699138940991,84.59691544700337
225,t,122.41011773028556,122.41011773028556
226,c,18.169844474860668,19.571031450084682
227,c,42.11723078718145,44.12161536493724
228,t,122.41011773028556,122.41011773028556
229,t,122.41011773028556,122.41011773028556
230,c,122.41011773028556,122.41011773028556
231,t,122.41011773028556,122.41011773028556
232,c,122.41011773028556,122.41011773028556
233,c,122.41011773028556,122.41011773028556
234,c,122.41011773028556,122.41011773028556
235,c,122.41011773028556,122.41011773028556
236,t,122.41011773028556,122.41011773028556
237,c,122.41011773028556,122.41011773028556
238,t,47.337228757612394,47.75164092527724
239,c,122.41011773028556,122.41011773028556
240,c,122.41011773028556,122.41011773028556
241,c,122.41011773028556,122.41011773028556
242,t,54.057880206504166,57.08255798719509
243,t,122.41011773028556,122.41011773028556
244,t,122.41011773028556,122.41011773028556
245,t,122.41011773028556,122.41011773028556
246,c,122.41011773028556,122.41011773028556
247,t,122.41011773028556,122.41011773028556
248,c,122.41011773028556,122.41011773028556
249,c,122.41011773028556,122.41011773028556
250,t,122.41011773028556,122.41011773028556
251,c,122.41011773028556,122.41011773028556
252,t,30.719320232417086,36.87743074101237
253,c,52.693939588703856,53.70246479677709
254,t,122.41011773028556,122.41011773028556
255,na,0.8928596563979099,4.592315654993154
256,t,122.41011773028556,122.41011773028556
257,t,40.442877960390554,41.82446218699877
258,c,75.48626533831874,78.81701495159852
259,c,122.41011773028556,122.41011773028556
260,t,122.41011773028556,122.41011773028556
261,t,122.41011773028556,122.41011773028556
262,t,122.41011773028556,122.41011773028556
263,c,122.41011773028556,122.41011773028556
264,t,122.41011773028556,122.41011773028556
265,t,122.41011773028556,122.41011773028556
266,t,122.41011773028556,122.41011773028556
267,c,122.41011773028556,122.41011773028556
268,t,122.41011773028556,122.41011773028556
269,t,122.41011773028556,122.41011773028556
270,t,40.13727408312342,42.84869683227227
271,c,122.41011773028556,122.41011773028556
272,c,122.41011773028556,122.41011773028556
273,c,122.41011773028556,122.41011773028556
274,c,122.41011773028556,122.41011773028556
275,c,122.41011773028556,122.41011773028556
276,t,122.41011773028556,122.41011773028556
277,t,41.2500190664319,49.11696832350955
278,c,122.41011773028556,122.41011773028556
279,c,122.41011773028556,122.41011773028556
280,t,122.41011773028556,122.41011773028556
281,c,122.41011773028556,122.41011773028556
282,c,122.41011773028556,122.41011773028556
283,c,122.41011773028556,122.41011773028556
284,t,25.527398530977443,27.43859665614615
285,t,122.41011773028556,122.41011773028556
286,c,122.41011773028556,122.41011773028556
287,t,7.540152498685813,16.832438173514824
288,c,122.41011773028556,122.41011773028556
289,c,3.20273224340772,11.192322115489333
290,c,122.41011773028556,122.41011773028556
291,c,122.41011773028556,122.41011773028556
292,t,122.41011773028556,122.41011773028556
293,t,122.41011773028556,122.41011773028556
294,t,122.41011773028556,122.41011773028556
295,t,25.606290287060393,27.856131176512253
296,t,122.41011773028556,122.41011773028556
297,t,122.41011773028556,122.41011773028556
298,c,76.92842757173787,78.65876519824813
299,t,16.37454685442965,19.010028809969988
300,t,122.41011773028556,122.41011773028556
301,t,122.41011773028556,122.41011773028556
302,c,122.41011773028556,122.41011773028556
303,t,122.41011773028556,122.41011773028556
304,t,122.41011773028556,122.41011773028556
305,t,122.41011773028556,122.41011773028556
306,t,45.690997568570175,47.29841931128299
307,t,27.62006985089053,40.14485796626424
308,c,122.41011773028556,122.41011773028556
309,t,122.41011773028556,122.41011773028556
310,c,49.562272858008896,54.21265304255676
311,t,122.41011773028556,122.41011773028556
312,t,9.00611319452955,15.937167994685014
313,c,122.41011773028556,122.41011773028556
314,t,92.5424056865294,122.41011773028556
315,t,59.15728281548225,59.45160703243202
316,c,122.41011773028556,122.41011773028556
317,t,122.41011773028556,122.41011773028556
318,t,122.41011773028556,122.41011773028556
319,c,122.41011773028556,122.41011773028556
320,c,122.41011773028556,122.41011773028556
321,t,122.41011773028556,122.41011773028556
322,t,122.41011773028556,122.41011773028556
323,c,122.41011773028556,122.41011773028556
324,t,93.85382236672571,100.24860610967951
325,t,78.28370666722317,82.79700498518541
326,c,122.41011773028556,122.41011773028556
327,c,6.535424916567073,6.744466479911509
328,t,122.41011773028556,122.41011773028556
329,t,122.41011773028556,122.41011773028556
330,c,81.39621864279626,84.95647970437568
331,c,122.41011773028556,122.41011773028556
332,c,122.41011773028556,122.41011773028556
333,t,122.41011773028556,122.41011773028556
334,t,122.41011773028556,122.41011773028556
335,t,11.911030981298607,12.254703585290661
336,t,122.41011773028556,122.41011773028556
337,c,27.34256608018487,36.38124738231942
338,c,122.41011773028556,122.41011773028556
339,t,122.41011773028556,122.41011773028556
340,t,122.41011773028556,122.41011773028556
341,c,22.78612783599848,23.169703997776644
342,c,122.41011773028556,122.41011773028556
343,t,37.902842243435614,49.66334671650884
344,t,77.6741363636,80.53269089195585
345,t,122.41011773028556,122.41011773028556
346,t,122.41011773028556,122.41011773028556
347,t,122.41011773028556,122.41011773028556
348,t,122.41011773028556,122.41011773028556
349,c,122.41011773028556,122.41011773028556
350,t,122.41011773028556,122.41011773028556
351,t,122.41011773028556,122.41011773028556
352,c,122.41011773028556,122.41011773028556
353,t,122.41011773028556,122.41011773028556
354,c,122.41011773028556,122.41011773028556
355,t,122.41011773028556,122.41011773028556
356,c,122.41011773028556,122.41011773028556
357,t,122.41011773028556,122.41011773028556
358,c,122.41011773028556,122.41011773028556
359,c,122.41011773028556,122.41011773028556
360,c,75.73333913499113,77.02294699519119
361,t,122.41011773028556,122.41011773028556
362,t,122.41011773028556,122.41011773028556
363,t,122.41011773028556,122.41011773028556
364,c,122.41011773028556,122.41011773028556
365,c,122.41011773028556,122.41011773028556
366,t,122.41011773028556,122.41011773028556
367,c,122.41011773028556,122.41011773028556
368,c,122.41011773028556,122.41011773028556
369,c,104.51425157012353,113.00908960165893
370,t,28.602733519027716,32.23323121222594
371,t,122.41011773028556,122.41011773028556
372,t,122.41011773028556,122.41011773028556
373,c,114.25334918583825,116.73351105867897
374,c,12.413689318394628,21.834275393347774
375,t,23.741715321065513,27.410463453491754
376,c,122.41011773028556,122.41011773028556
377,c,122.41011773028556,122.41011773028556
378,c,122.41011773028556,122.41011773028556
379,c,122.41011773028556,122.41011773028556
380,t,122.41011773028556,122.41011773028556
381,c,122.41011773028556,122.41011773028556
382,t,122.41011773028556,122.41011773028556
383,c,25.092041620051777,27.458700721287137
384,c,122.41011773028556,122.41011773028556
385,c,122.41011773028556,122.41011773028556
386,c,122.41011773028556,122.41011773028556
387,t,122.41011773028556,122.41011773028556
388,c,122.41011773028556,122.41011773028556
389,t,122.41011773028556,122.41011773028556
390,c,122.41011773028556,122.41011773028556
391,c,122.41011773028556,122.41011773028556
392,t,122.41011773028556,122.41011773028556
393,c,53.33661720780863,63.28088798319753
394,c,122.41011773028556,122.41011773028556
395,c,122.41011773028556,122.41011773028556
396,c,122.41011773028556,122.41011773028556
397,t,122.41011773028556,122.41011773028556
398,c,122.41011773028556,122.41011773028556
399,t,122.41011773028556,122.41011773028556
400,t,122.41011773028556,122.41011773028556
401,t,122.41011773028556,122.41011773028556
402,c,122.41011773028556,122.41011773028556
403,t,122.41011773028556,122.41011773028556
404,c,122.41011773028556,122.41011773028556
405,c,65.43033785670082,77.30547837175362
406,t,122.41011773028556,122.41011773028556
407,c,65.25621935107266,65.80346209246096
408,c,122.41011773028556,122.41011773028556
409,t,122.41011773028556,122.41011773028556
410,t,122.41011773028556,122.41011773028556
411,t,122.41011773028556,122.41011773028556
412,c,44.71464369139359,51.19604530002989
413,t,122.41011773028556,122.41011773028556
414,t,89.37810259866,93.41181886084951
415,c,122.41011773028556,122.41011773028556
416,c,122.41011773028556,122.41011773028556
417,na,7.482053265885459,9.137745440408368
418,t,122.41011773028556,122.41011773028556
419,t,122.41011773028556,122.41011773028556
420,t,122.41011773028556,122.41011773028556
421,t,122.41011773028556,122.41011773028556
422,c,122.41011773028556,122.41011773028556
423,c,122.41011773028556,122.41011773028556
424,t,122.41011773028556,122.41011773028556
425,c,122.41011773028556,122.41011773028556
426,c,122.41011773028556,122.41011773028556
427,t,122.41011773028556,122.41011773028556
428,c,122.41011773028556,122.41011773028556
429,c,8.229784262845554,8.26732160068579
430,t,122.41011773028556,122.41011773028556
431,t,122.41011773028556,122.41011773028556
432,c,122.41011773028556,122.41011773028556
433,c,122.41011773028556,122.41011773028556
434,c,122.41011773028556,122.41011773028556
435,t,122.41011773028556,122.41011773028556
436,t,122.41011773028556,122.41011773028556
437,c,27.942838383534028,30.87126648361768
438,c,122.41011773028556,122.41011773028556
439,c,122.41011773028556,122.41011773028556
440,t,122.41011773028556,122.41011773028556
441,c,122.41011773028556,122.41011773028556
442,c,122.41011773028556,122.41011773028556
443,t,122.41011773028556,122.41011773028556
444,c,122.41011773028556,122.41011773028556
445,t,122.41011773028556,122.41011773028556
446,t,4.547324521755802,8.543112638055332
447,c,34.9427798274158,40.377814342481564
448,na,0,0.3498789736081477
449,c,122.41011773028556,122.41011773028556
450,t,122.41011773028556,122.41011773028556
451,c,122.41011773028556,122.41011773028556
452,c,122.41011773028556,122.41011773028556
453,c,122.41011773028556,122.41011773028556
454,t,77.38811299720571,80.20811660262581
455,c,34.95647534810646,39.058974658194664
456,c,122.41011773028556,122.41011773028556
457,c,122.41011773028556,122.41011773028556
458,t,95.14581386771013,100.1019210404542
459,c,18.15264974621447,122.41011773028556
460,c,122.41011773028556,122.41011773028556
461,t,122.41011773028556,122.41011773028556
462,t,122.41011773028556,122.41011773028556
463,t,122.41011773028556,122.41011773028556
464,c,122.41011773028556,122.41011773028556
465,t,8.091529912601557,12.57450285581962
466,t,122.41011773028556,122.41011773028556
467,t,122.41011773028556,122.41011773028556
468,t,122.41011773028556,122.41011773028556
469,t,122.41011773028556,122.41011773028556
470,t,122.41011773028556,122.41011773028556
471,c,122.41011773028556,122.41011773028556
472,t,122.41011773028556,122.41011773028556
473,t,122.41011773028556,122.41011773028556
474,c,38.08229154492545,44.44758120726837
475,t,122.41011773028556,122.41011773028556
476,c,100.56029409977987,101.72826995256221
477,c,122.41011773028556,122.41011773028556
478,c,122.41011773028556,122.41011773028556
479,t,27.449140950929,28.055126577780094
480,c,122.41011773028556,122.41011773028556
481,c,122.41011773028556,122.41011773028556
482,c,122.41011773028556,122.41011773028556
483,t,122.41011773028556,122.41011773028556
484,c,122.41011773028556,122.41011773028556
485,t,43.8030105079105,49.80996071377026
486,c,35.844651077095186,40.77738929799932
487,t,122.41011773028556,122.41011773028556
488,c,122.41011773028556,122.41011773028556
489,c,25.408310441672032,26.973227545255853
490,t,122.41011773028556,122.41011773028556
491,t,122.41011773028556,122.41011773028556
492,t,122.41011773028556,122.41011773028556
493,t,122.41011773028556,122.41011773028556
494,c,85.08121736768425,92.10071385532159
495,c,122.41011773028556,122.41011773028556
496,t,122.41011773028556,122.41011773028556
497,t,122.41011773028556,122.41011773028556
498,c,122.41011773028556,122.41011773028556
499,c,122.41011773028556,122.41011773028556
500,c,122.41011773028556,122.41011773028556
501,t,122.41011773028556,122.41011773028556
502,t,122.41011773028556,122.41011773028556
503,c,122.41011773028556,122.41011773028556
504,t,62.30109226663106,70.61545489361959
505,c,122.41011773028556,122.41011773028556
506,c,122.41011773028556,122.41011773028556
507,c,122.41011773028556,122.41011773028556
508,t,122.41011773028556,122.41011773028556
509,t,122.41011773028556,122.41011773028556
510,t,122.41011773028556,122.41011773028556
511,t,122.41011773028556,122.41011773028556
512,t,122.41011773028556,122.41011773028556
513,t,122.41011773028556,122.41011773028556
514,t,122.41011773028556,122.41011773028556
515,t,122.41011773028556,122.41011773028556
516,c,49.01725034615701,50.831492374397314
517,t,21.80979976213356,22.226942759398458
518,t,122.41011773028556,122.41011773028556
519,c,122.41011773028556,122.41011773028556
520,c,8.947570779991905,16.327220813883542
521,c,122.41011773028556,122.41011773028556
522,t,122.41011773028556,122.41011773028556
523,c,122.41011773028556,122.41011773028556
524,t,51.090629711963444,52.849966589061715
525,t,18.934081321258574,20.448029788308848
526,c,122.41011773028556,122.41011773028556
527,t,122.41011773028556,122.41011773028556
528,c,20.472025315429338,22.68472469516954
529,c,122.41011773028556,122.41011773028556
530,c,122.41011773028556,122.41011773028556
531,c,122.41011773028556,122.41011773028556
532,t,122.41011773028556,122.41011773028556
533,c,122.41011773028556,122.41011773028556
534,c,122.41011773028556,122.41011773028556
535,c,122.41011773028556,122.41011773028556
536,c,122.41011773028556,122.41011773028556
537,c,122.41011773028556,122.41011773028556
538,t,36.1107036896571,39.102734743572704
539,t,122.41011773028556,122.41011773028556
540,t,122.41011773028556,122.41011773028556
541,c,122.41011773028556,122.41011773028556
542,c,122.41011773028556,122.41011773028556
543,c,122.41011773028556,122.41011773028556
544,t,122.41011773028556,122.41011773028556
545,c,122.41011773028556,122.41011773028556
546,c,122.41011773028556,122.41011773028556
547,t,122.41011773028556,122.41011773028556
548,c,31.48305787461222,33.05451167957597
549,c,12.764979564638558,13.687936202796829
550,c,122.41011773028556,122.41011773028556
551,c,122.41011773028556,122.41011773028556
552,t,122.41011773028556,122.41011773028556
553,c,38.46557535346442,38.879260222257216
554,t,3.9192161680689326,6.239771234657651
555,t,122.41011773028556,122.41011773028556
556,t,122.41011773028556,122.41011773028556
557,c,122.41011773028556,122.41011773028556
558,t,122.41011773028556,122.41011773028556
559,t,122.41011773028556,122.41011773028556
560,t,122.41011773028556,122.41011773028556
561,c,122.41011773028556,122.41011773028556
562,c,122.41011773028556,122.41011773028556
563,t,122.41011773028556,122.41011773028556
564,c,122.41011773028556,122.41011773028556
565,t,122.41011773028556,122.41011773028556
566,t,17.2258503771668,37.93027492182108
567,t,8.770222398001067,122.41011773028556
568,t,122.41011773028556,122.41011773028556
569,c,122.41011773028556,122.41011773028556
570,t,122.41011773028556,122.41011773028556
571,c,122.41011773028556,122.41011773028556
572,t,122.41011773028556,122.41011773028556
573,c,122.41011773028556,122.41011773028556
574,c,122.41011773028556,122.41011773028556
575,t,122.41011773028556,122.41011773028556
576,c,122.41011773028556,122.41011773028556
577,c,122.41011773028556,122.41011773028556
578,c,122.41011773028556,122.41011773028556
579,t,122.41011773028556,122.41011773028556
580,c,122.41011773028556,122.41011773028556
581,t,22.64335295986507,26.56425091503633
582,t,122.41011773028556,122.41011773028556
583,c,122.41011773028556,122.41011773028556
584,t,122.41011773028556,122.41011773028556
585,c,122.41011773028556,122.41011773028556
586,t,122.41011773028556,122.41011773028556
587,t,122.41011773028556,122.41011773028556
588,t,122.41011773028556,122.41011773028556
589,t,122.41011773028556,122.41011773028556
590,t,122.41011773028556,122.41011773028556
591,t,122.41011773028556,122.41011773028556
592,c,54.784488620261925,60.9775109915377
593,t,122.41011773028556,122.41011773028556
594,c,122.41011773028556,122.41011773028556
595,c,122.41011773028556,122.41011773028556
596,t,26.296503528629998,122.41011773028556
597,t,59.20143611287102,63.41883421383169
598,c,122.41011773028556,122.41011773028556
599,c,122.41011773028556,122.41011773028556
600,na,2.5026521300132267,13.322295578773922
601,t,66.75116911016374,68.86301238153683
602,t,122.41011773028556,122.41011773028556
603,c,122.41011773028556,122.41011773028556
604,c,122.41011773028556,122.41011773028556
605,c,62.62490416774687,65.1078452291927
606,c,122.41011773028556,122.41011773028556
607,c,122.41011773028556,122.41011773028556
608,t,122.41011773028556,122.41011773028556
609,c,122.41011773028556,122.41011773028556
610,c,23.112123942138144,23.87093555532221
611,t,122.41011773028556,122.41011773028556
612,t,122.41011773028556,122.41011773028556
613,t,122.41011773028556,122.41011773028556
614,c,104.25738483417916,104.37794970584521
615,c,122.41011773028556,122.41011773028556
616,na,4.501837953718389,16.974681484613
617,c,122.41011773028556,122.41011773028556
618,t,122.41011773028556,122.41011773028556
619,c,122.41011773028556,122.41011773028556
620,t,122.41011773028556,122.41011773028556
621,t,122.41011773028556,122.41011773028556
622,t,122.41011773028556,122.41011773028556
623,t,122.41011773028556,122.41011773028556
624,c,9.190868411845964,9.708065390242359
625,c,122.41011773028556,122.41011773028556
626,t,122.41011773028556,122.41011773028556
627,t,122.41011773028556,122.41011773028556
628,c,47.495247245946715,48.49692876331016
629,t,122.41011773028556,122.41011773028556
630,t,10.167088942184284,15.633872522604424
631,c,122.41011773028556,122.41011773028556
632,c,122.41011773028556,122.41011773028556
633,c,48.356568207541706,52.06897230023546
634,c,122.41011773028556,122.41011773028556
635,c,122.41011773028556,122.41011773028556
636,t,122.41011773028556,122.41011773028556
637,c,21.032653661425137,23.709867551821247
638,t,122.41011773028556,122.41011773028556
639,c,122.41011773028556,122.41011773028556
640,t,122.41011773028556,122.41011773028556
641,t,122.41011773028556,122.41011773028556
642,c,22.01205501032655,122.41011773028556
643,c,122.41011773028556,122.41011773028556
644,t,122.41011773028556,122.41011773028556
645,t,122.41011773028556,122.41011773028556
646,c,122.41011773028556,122.41011773028556
647,c,50.7888201008646,54.03371347765728
648,t,122.41011773028556,122.41011773028556
649,c,122.41011773028556,122.41011773028556
650,t,122.41011773028556,122.41011773028556
651,c,122.41011773028556,122.41011773028556
652,t,122.41011773028556,122.41011773028556
653,t,122.41011773028556,122.41011773028556
654,c,122.41011773028556,122.41011773028556
655,c,122.41011773028556,122.41011773028556
656,t,122.41011773028556,122.41011773028556
657,c,122.41011773028556,122.41011773028556
658,t,45.67863616137651,47.627134180951
659,t,36.82383124239748,38.63945856779992
660,c,122.41011773028556,122.41011773028556
661,t,94.22062646268469,97.85628795538537
662,c,122.41011773028556,122.41011773028556
663,t,12.588709721421303,15.272673324277614
664,c,122.41011773028556,122.41011773028556
665,c,98.33224493322871,106.62622160330645
666,t,38.337937673276365,40.33096176174683
667,c,122.41011773028556,122.41011773028556
668,t,122.41011773028556,122.41011773028556
669,t,122.41011773028556,122.41011773028556
670,t,122.41011773028556,122.41011773028556
671,c,122.41011773028556,122.41011773028556
672,c,122.41011773028556,122.41011773028556
673,c,122.41011773028556,122.41011773028556
674,c,122.41011773028556,122.41011773028556
675,t,122.41011773028556,122.41011773028556
676,t,122.41011773028556,122.41011773028556
677,t,122.41011773028556,122.41011773028556
678,c,14.410811995345068,22.468505544893343
679,t,122.41011773028556,122.41011773028556
680,t,122.41011773028556,122.41011773028556
681,c,122.41011773028556,122.41011773028556
682,c,6.666154748726454,10.618117091414831
683,c,122.41011773028556,122.41011773028556
684,c,122.41011773028556,122.41011773028556
685,t,122.41011773028556,122.41011773028556
686,t,122.41011773028556,122.41011773028556
687,t,122.41011773028556,122.41011773028556
688,t,56.02856220875205,60.20730506221139
689,t,122.41011773028556,122.41011773028556
690,c,122.41011773028556,122.41011773028556
691,t,56.291676972215406,57.43062193060538
692,c,122.41011773028556,122.41011773028556
693,c,8.986467211997454,9.465272023743236
694,c,122.41011773028556,122.41011773028556
695,c,122.41011773028556,122.41011773028556
696,t,122.41011773028556,122.41011773028556
697,t,46.46921210060157,64.53501993489633
698,c,122.41011773028556,122.41011773028556
699,c,37.88553779830469,45.273303793919844
700,t,122.41011773028556,122.41011773028556
701,c,50.40690755794316,51.10601509642146
702,c,122.41011773028556,122.41011773028556
703,t,122.41011773028556,122.41011773028556
704,c,122.41011773028556,122.41011773028556
705,t,122.41011773028556,122.41011773028556
706,c,122.41011773028556,122.41011773028556
707,t,26.71259455276642,27.91926774941356
708,c,122.41011773028556,122.41011773028556
709,c,122.41011773028556,122.41011773028556
710,c,122.41011773028556,122.41011773028556
711,t,122.41011773028556,122.41011773028556
712,t,122.41011773028556,122.41011773028556
713,t,122.41011773028556,122.41011773028556
714,c,122.41011773028556,122.41011773028556
715,t,122.41011773028556,122.41011773028556
716,c,122.41011773028556,122.41011773028556
717,c,89.96802016774878,93.6906449010426
718,t,122.41011773028556,122.41011773028556
719,t,122.41011773028556,122.41011773028556
720,c,122.41011773028556,122.41011773028556
721,t,122.41011773028556,122.41011773028556
722,c,27.451665260170632,27.75086408621157
723,c,122.41011773028556,122.41011773028556
724,t,122.41011773028556,122.41011773028556
725,t,122.41011773028556,122.41011773028556
726,t,122.41011773028556,122.41011773028556
727,c,122.41011773028556,122.41011773028556
728,c,122.41011773028556,122.41011773028556
729,c,122.41011773028556,122.41011773028556
730,c,88.32551293622382,89.46696984534748
731,t,122.41011773028556,122.41011773028556
732,c,122.41011773028556,122.41011773028556
733,c,18.169848775776494,23.596942119616564
734,t,122.41011773028556,122.41011773028556
735,c,122.41011773028556,122.41011773028556
736,t,122.41011773028556,122.41011773028556
737,t,52.9046242813609,54.04745224769322
738,t,60.65268791523794,63.87706719414602
739,c,122.41011773028556,122.41011773028556
740,t,18.51211866679731,24.938381677707582
741,t,34.58032371438948,37.307702391664456
742,c,33.01330647240153,35.425024004925326
743,c,122.41011773028556,122.41011773028556
744,c,122.41011773028556,122.41011773028556
745,t,30.69742449367559,39.84309697839644
746,c,122.41011773028556,122.41011773028556
747,t,70.39749598987892,77.62053738128454
748,t,122.41011773028556,122.41011773028556
749,c,122.41011773028556,122.41011773028556
750,t,81.03808355761997,82.89059401641242
751,c,122.41011773028556,122.41011773028556
752,t,122.41011773028556,122.41011773028556
753,c,122.41011773028556,122.41011773028556
754,c,122.41011773028556,122.41011773028556
755,c,122.41011773028556,122.41011773028556
756,t,122.41011773028556,122.41011773028556
757,t,122.41011773028556,122.41011773028556
758,t,122.41011773028556,122.41011773028556
759,t,122.41011773028556,122.41011773028556
760,t,122.41011773028556,122.41011773028556
761,t,51.120377374679066,55.91094575271436
762,t,122.41011773028556,122.41011773028556
763,c,122.41011773028556,122.41011773028556
764,c,122.41011773028556,122.41011773028556
765,c,122.41011773028556,122.41011773028556
766,c,24.31468739293524,27.70802430885104
767,t,122.41011773028556,122.41011773028556
768,c,122.41011773028556,122.41011773028556
769,c,122.41011773028556,122.41011773028556
770,t,122.41011773028556,122.41011773028556
771,c,29.040656934194686,30.6384325782948
772,c,122.41011773028556,122.41011773028556
773,t,56.52064257213107,69.49659361287208
774,c,122.41011773028556,122.41011773028556
775,t,122.41011773028556,122.41011773028556
776,t,11.616358848891814,12.324539326517595
777,t,122.41011773028556,122.41011773028556
778,t,122.41011773028556,122.41011773028556
779,c,122.41011773028556,122.41011773028556
780,t,11.33810180515583,13.711545187348639
781,t,122.41011773028556,122.41011773028556
782,t,122.41011773028556,122.41011773028556
783,t,122.41011773028556,122.41011773028556
784,t,6.875245250661413,15.03550707449394
785,c,105.54545131023805,107.41352535948361
786,t,122.41011773028556,122.41011773028556
787,c,122.41011773028556,122.41011773028556
788,c,25.002420010317504,25.944796789711265
789,t,122.41011773028556,122.41011773028556
790,c,122.41011773028556,122.41011773028556
791,t,122.41011773028556,122.41011773028556
792,t,122.41011773028556,122.41011773028556
793,c,39.387429609519415,49.36434386468053
794,c,122.41011773028556,122.41011773028556
795,c,122.41011773028556,122.41011773028556
796,c,122.41011773028556,122.41011773028556
797,t,122.41011773028556,122.41011773028556
798,c,13.013511618432455,14.250586346905347
799,t,122.41011773028556,122.41011773028556
800,t,122.41011773028556,122.41011773028556
801,c,73.37858516155148,74.0683408128904
802,c,122.41011773028556,122.41011773028556
803,t,17.53884411188221,28.381131751060757
804,t,122.41011773028556,122.41011773028556
805,t,122.41011773028556,122.41011773028556
806,c,122.41011773028556,122.41011773028556
807,c,20.659822740949128,24.92236691718343
808,t,122.41011773028556,122.41011773028556
809,c,122.41011773028556,122.41011773028556
810,t,122.41011773028556,122.41011773028556
811,t,122.41011773028556,122.41011773028556
812,c,122.41011773028556,122.41011773028556
813,c,122.41011773028556,122.41011773028556
814,t,122.41011773028556,122.41011773028556
815,na,0,1.7335633195558064
816,t,122.41011773028556,122.41011773028556
817,c,122.41011773028556,122.41011773028556
818,c,49.84226668806762,122.41011773028556
819,c,38.49779668309382,41.38381306220102
820,t,122.41011773028556,122.41011773028556
821,c,122.41011773028556,122.41011773028556
822,c,122.41011773028556,122.41011773028556
823,t,122.41011773028556,122.41011773028556
824,t,122.41011773028556,122.41011773028556
825,c,122.41011773028556,122.41011773028556
826,c,122.41011773028556,122.41011773028556
827,t,101.25899087361005,104.94911654966482
828,c,122.41011773028556,122.41011773028556
829,t,122.41011773028556,122.41011773028556
830,t,29.812665377737392,39.04791263131346
831,c,122.41011773028556,122.41011773028556
832,t,122.41011773028556,122.41011773028556
833,c,122.41011773028556,122.41011773028556
834,t,85.66032964362125,88.10973719481649
835,c,122.41011773028556,122.41011773028556
836,t,122.41011773028556,122.41011773028556
837,c,122.41011773028556,122.41011773028556
838,t,122.41011773028556,122.41011773028556
839,t,122.41011773028556,122.41011773028556
840,c,122.41011773028556,122.41011773028556
841,c,122.41011773028556,122.41011773028556
842,c,122.41011773028556,122.41011773028556
843,c,122.41011773028556,122.41011773028556
844,t,122.41011773028556,122.41011773028556
845,t,122.41011773028556,122.41011773028556
846,c,10.647180668629101,10.966193902317631
847,t,122.41011773028556,122.41011773028556
848,c,122.41011773028556,122.41011773028556
849,c,122.41011773028556,122.41011773028556
850,c,122.41011773028556,122.41011773028556
851,t,122.41011773028556,122.41011773028556
852,t,122.41011773028556,122.41011773028556
853,t,122.41011773028556,122.41011773028556
854,c,122.41011773028556,122.41011773028556
855,t,122.41011773028556,122.41011773028556
856,na,1.8293539688537774,13.258958064090228
857,t,7.622934282860893,8.007160871942565
858,c,122.41011773028556,122.41011773028556
859,na,0,5.993441344952519
860,c,42.434862036375044,51.033957699285985
861,na,0,4.728553110867357
862,c,122.41011773028556,122.41011773028556
863,t,39.29666568889092,48.80720626873602
864,c,79.67462523849919,100.01175164415157
865,c,66.2854696559464,67.72003625427669
866,t,122.41011773028556,122.41011773028556
867,t,122.41011773028556,122.41011773028556
868,t,122.41011773028556,122.41011773028556
869,t,19.476218770315857,21.610899805877864
870,t,122.41011773028556,122.41011773028556
871,t,122.41011773028556,122.41011773028556
872,t,122.41011773028556,122.41011773028556
873,t,122.41011773028556,122.41011773028556
874,t,61.98144269043889,63.38265288666296
875,t,122.41011773028556,122.41011773028556
876,c,66.92769354387958,69.02986198770964
877,c,122.41011773028556,122.41011773028556
878,t,122.41011773028556,122.41011773028556
879,t,33.17496679133237,40.49958439051525
880,t,20.63529432965183,25.513893157496696
881,t,122.41011773028556,122.41011773028556
882,c,122.41011773028556,122.41011773028556
883,c,22.29445993725537,34.97035767834408
884,t,31.16759678846476,33.26083560760487
885,c,122.41011773028556,122.41011773028556
886,t,122.41011773028556,122.41011773028556
887,c,122.41011773028556,122.41011773028556
888,c,122.41011773028556,122.41011773028556
889,c,122.41011773028556,122.41011773028556
890,t,122.41011773028556,122.41011773028556
891,c,122.41011773028556,122.41011773028556
892,c,122.41011773028556,122.41011773028556
893,c,122.41011773028556,122.41011773028556
894,t,122.41011773028556,122.41011773028556
895,c,70.35765118221084,122.41011773028556
896,c,15.548527260826797,17.400111893464743
897,c,122.41011773028556,122.41011773028556
898,c,4.909742850400327,9.717589640890495
899,c,75.57987934928062,77.07763458173558
900,c,122.41011773028556,122.41011773028556
901,t,122.41011773028556,122.41011773028556
902,c,120.81460472390391,122.41011773028556
903,t,122.41011773028556,122.41011773028556
904,t,122.41011773028556,122.41011773028556
905,c,122.41011773028556,122.41011773028556
906,t,122.41011773028556,122.41011773028556
907,c,46.33449537873664,47.0976609799947
908,t,82.95421881596756,83.52836870350062
909,c,102.39302403120777,109.33215916377259
910,t,122.41011773028556,122.41011773028556
911,t,122.41011773028556,122.41011773028556
912,c,122.41011773028556,122.41011773028556
913,c,122.41011773028556,122.41011773028556
914,c,122.41011773028556,122.41011773028556
915,t,122.41011773028556,122.41011773028556
916,c,37.14454038508882,37.71772745557344
917,c,122.41011773028556,122.41011773028556
918,c,122.41011773028556,122.41011773028556
919,c,122.41011773028556,122.41011773028556
920,t,122.41011773028556,122.41011773028556
921,c,122.41011773028556,122.41011773028556
922,t,122.41011773028556,122.41011773028556
923,c,122.41011773028556,122.41011773028556
924,t,122.41011773028556,122.41011773028556
925,c,122.41011773028556,122.41011773028556
926,t,122.41011773028556,122.41011773028556
927,c,122.41011773028556,122.41011773028556
928,t,122.41011773028556,122.41011773028556
929,t,122.41011773028556,122.41011773028556
930,c,22.612123576568134,28.454825307379398
931,t,122.41011773028556,122.41011773028556
932,c,10.827388461212594,19.15674535517478
933,c,122.41011773028556,122.41011773028556
934,t,122.41011773028556,122.41011773028556
935,t,122.41011773028556,122.41011773028556
936,t,122.41011773028556,122.41011773028556
937,c,122.41011773028556,122.41011773028556
938,t,122.41011773028556,122.41011773028556
939,t,69.57091020754207,76.60119257458237
940,t,11.766093488845186,12.935755671774047
941,c,122.41011773028556,122.41011773028556
942,c,36.486898616861346,37.34098604840769
943,t,122.41011773028556,122.41011773028556
944,c,11.029293885348817,11.69536688418741
945,t,122.41011773028556,122.41011773028556
946,t,5.377342513791413,9.229030037317488
947,t,14.734136287668827,14.923920597515234
948,t,122.41011773028556,122.41011773028556
949,c,122.41011773028556,122.41011773028556
950,c,22.17738874122128,23.695840993288108
951,c,122.41011773028556,122.41011773028556
952,c,122.41011773028556,122.41011773028556
953,t,122.41011773028556,122.41011773028556
954,t,122.41011773028556,122.41011773028556
955,t,40.97798790996201,46.01611596906656
956,t,7.19196244125379,122.41011773028556
957,c,122.41011773028556,122.41011773028556
958,t,57.59944328937426,59.124513065403164
959,t,122.41011773028556,122.41011773028556
960,c,33.05552413332611,34.062098783147626
961,c,122.41011773028556,122.41011773028556
962,c,122.41011773028556,122.41011773028556
963,t,122.41011773028556,122.41011773028556
964,c,122.41011773028556,122.41011773028556
965,c,7.717055522114432,11.676339619274376
966,t,122.41011773028556,122.41011773028556
967,c,122.41011773028556,122.41011773028556
968,na,-1,0
969,c,122.41011773028556,122.41011773028556
970,t,122.41011773028556,122.41011773028556
971,t,23.16931170075148,26.306496189326573
972,c,122.41011773028556,122.41011773028556
973,c,122.41011773028556,122.41011773028556
974,c,122.41011773028556,122.41011773028556
975,t,122.41011773028556,122.41011773028556
976,c,122.41011773028556,122.41011773028556
977,c,122.41011773028556,122.41011773028556
978,t,122.41011773028556,122.41011773028556
979,c,24.54833458300958,28.72313242308278
980,t,122.41011773028556,122.41011773028556
981,c,122.41011773028556,122.41011773028556
982,c,122.41011773028556,122.41011773028556
983,t,122.41011773028556,122.41011773028556
984,c,122.41011773028556,122.41011773028556
985,c,122.41011773028556,122.41011773028556
986,c,9.165965416041049,23.033683069167267
987,t,122.41011773028556,122.41011773028556
988,t,122.41011773028556,122.41011773028556
989,t,122.41011773028556,122.41011773028556
990,t,122.41011773028556,122.41011773028556
991,t,122.41011773028556,122.41011773028556
992,c,122.41011773028556,122.41011773028556
993,c,14.626986859191435,23.216238350430142
994,t,122.41011773028556,122.41011773028556
995,t,122.41011773028556,122.41011773028556
996,c,122.41011773028556,122.41011773028556
997,t,122.41011773028556,122.41011773028556
998,c,48.69433828255484,122.41011773028556
999,t,122.41011773028556,122.41011773028556
