node, assignment, time2inf, time2death
0,na,-1,0
1,na,-1,0
2,na,-1,0
3,na,-1,0
4,na,-1,0
5,na,-1,0
6,na,-1,0
7,na,0,0.5521853452993386
8,na,-1,0
9,na,-1,0
10,na,0,4.048997336988315
11,na,-1,0
12,na,-1,0
13,na,-1,0
14,na,-1,0
15,na,-1,0
16,na,-1,0
17,na,-1,0
18,na,-1,0
19,na,-1,0
20,na,-1,0
21,na,0,0.7047185524632752
22,na,-1,0
23,na,0,7.94485194525631
24,na,-1,0
25,na,-1,0
26,na,-1,0
27,na,-1,0
28,na,-1,0
29,na,-1,0
30,na,-1,0
31,na,-1,0
32,na,0,3.1829999384118324
33,na,-1,0
34,na,0,7.512939419330475
35,na,-1,0
36,na,0,0.022254119750898308
37,na,-1,0
38,na,-1,0
39,na,-1,0
40,c,36.24380623575491,36.24380623575491
41,c,36.24380623575491,36.24380623575491
42,c,36.24380623575491,36.24380623575491
43,c,36.24380623575491,36.24380623575491
44,t,36.24380623575491,36.24380623575491
45,c,36.24380623575491,36.24380623575491
46,t,36.24380623575491,36.24380623575491
47,t,36.24380623575491,36.24380623575491
48,t,36.24380623575491,36.24380623575491
49,c,36.24380623575491,36.24380623575491
50,t,36.24380623575491,36.24380623575491
51,c,36.24380623575491,36.24380623575491
52,c,36.24380623575491,36.24380623575491
53,t,36.24380623575491,36.24380623575491
54,c,36.24380623575491,36.24380623575491
55,t,36.24380623575491,36.24380623575491
56,t,36.24380623575491,36.24380623575491
57,c,36.24380623575491,36.24380623575491
58,c,36.24380623575491,36.24380623575491
59,c,36.24380623575491,36.24380623575491
60,t,36.24380623575491,36.24380623575491
61,c,36.24380623575491,36.24380623575491
62,t,36.24380623575491,36.24380623575491
63,t,36.24380623575491,36.24380623575491
64,c,36.24380623575491,36.24380623575491
65,t,36.24380623575491,36.24380623575491
66,t,36.24380623575491,36.24380623575491
67,c,36.24380623575491,36.24380623575491
68,na,-1,0
69,t,36.24380623575491,36.24380623575491
70,t,36.24380623575491,36.24380623575491
71,t,36.24380623575491,36.24380623575491
72,c,36.24380623575491,36.24380623575491
73,t,36.24380623575491,36.24380623575491
74,t,36.24380623575491,36.24380623575491
75,t,36.24380623575491,36.24380623575491
76,t,36.24380623575491,36.24380623575491
77,c,36.24380623575491,36.24380623575491
78,c,36.24380623575491,36.24380623575491
79,t,36.24380623575491,36.24380623575491
80,c,36.24380623575491,36.24380623575491
81,t,36.24380623575491,36.24380623575491
82,t,36.24380623575491,36.24380623575491
83,t,36.24380623575491,36.24380623575491
84,c,36.24380623575491,36.24380623575491
85,c,36.24380623575491,36.24380623575491
86,c,36.24380623575491,36.24380623575491
87,c,36.24380623575491,36.24380623575491
88,c,36.24380623575491,36.24380623575491
89,t,36.24380623575491,36.24380623575491
90,c,36.24380623575491,36.24380623575491
91,c,36.24380623575491,36.24380623575491
92,t,36.24380623575491,36.24380623575491
93,c,36.24380623575491,36.24380623575491
94,t,36.24380623575491,36.24380623575491
95,c,36.24380623575491,36.24380623575491
96,c,36.24380623575491,36.24380623575491
97,c,36.24380623575491,36.24380623575491
98,t,36.24380623575491,36.24380623575491
99,c,36.24380623575491,36.24380623575491
100,c,36.24380623575491,36.24380623575491
101,t,36.24380623575491,36.24380623575491
102,t,36.24380623575491,36.24380623575491
103,c,36.24380623575491,36.24380623575491
104,t,36.24380623575491,36.24380623575491
105,c,36.24380623575491,36.24380623575491
106,c,36.24380623575491,36.24380623575491
107,t,36.24380623575491,36.24380623575491
108,c,36.24380623575491,36.24380623575491
109,t,36.24380623575491,36.24380623575491
110,c,36.24380623575491,36.24380623575491
111,c,36.24380623575491,36.24380623575491
112,t,36.24380623575491,36.24380623575491
113,c,36.24380623575491,36.24380623575491
114,c,36.24380623575491,36.24380623575491
115,t,36.24380623575491,36.24380623575491
116,t,36.24380623575491,36.24380623575491
117,c,36.24380623575491,36.24380623575491
118,c,36.24380623575491,36.24380623575491
119,c,36.24380623575491,36.24380623575491
120,c,36.24380623575491,36.24380623575491
121,t,36.24380623575491,36.24380623575491
122,t,36.24380623575491,36.24380623575491
123,c,36.24380623575491,36.24380623575491
124,t,36.24380623575491,36.24380623575491
125,t,36.24380623575491,36.24380623575491
126,t,36.24380623575491,36.24380623575491
127,c,36.24380623575491,36.24380623575491
128,t,36.24380623575491,36.24380623575491
129,c,36.24380623575491,36.24380623575491
130,c,36.24380623575491,36.24380623575491
131,c,36.24380623575491,36.24380623575491
132,c,36.24380623575491,36.24380623575491
133,t,36.24380623575491,36.24380623575491
134,t,36.24380623575491,36.24380623575491
135,c,36.24380623575491,36.24380623575491
136,t,36.24380623575491,36.24380623575491
137,c,36.24380623575491,36.24380623575491
138,t,36.24380623575491,36.24380623575491
139,t,36.24380623575491,36.24380623575491
140,c,36.24380623575491,36.24380623575491
141,t,36.24380623575491,36.24380623575491
142,c,36.24380623575491,36.24380623575491
143,t,36.24380623575491,36.24380623575491
144,c,36.24380623575491,36.24380623575491
145,t,36.24380623575491,36.24380623575491
146,t,36.24380623575491,36.24380623575491
147,c,36.24380623575491,36.24380623575491
148,c,36.24380623575491,36.24380623575491
149,c,36.24380623575491,36.24380623575491
150,c,36.24380623575491,36.24380623575491
151,t,36.24380623575491,36.24380623575491
152,c,36.24380623575491,36.24380623575491
153,c,36.24380623575491,36.24380623575491
154,t,36.24380623575491,36.24380623575491
155,t,36.24380623575491,36.24380623575491
156,t,36.24380623575491,36.24380623575491
157,t,36.24380623575491,36.24380623575491
158,t,36.24380623575491,36.24380623575491
159,c,36.24380623575491,36.24380623575491
160,t,36.24380623575491,36.24380623575491
161,t,36.24380623575491,36.24380623575491
162,t,36.24380623575491,36.24380623575491
163,t,36.24380623575491,36.24380623575491
164,t,36.24380623575491,36.24380623575491
165,t,36.24380623575491,36.24380623575491
166,t,36.24380623575491,36.24380623575491
167,t,36.24380623575491,36.24380623575491
168,t,36.24380623575491,36.24380623575491
169,c,36.24380623575491,36.24380623575491
170,t,36.24380623575491,36.24380623575491
171,t,36.24380623575491,36.24380623575491
172,t,36.24380623575491,36.24380623575491
173,t,36.24380623575491,36.24380623575491
174,c,36.24380623575491,36.24380623575491
175,c,36.24380623575491,36.24380623575491
176,c,36.24380623575491,36.24380623575491
177,t,36.24380623575491,36.24380623575491
178,c,36.24380623575491,36.24380623575491
179,t,36.24380623575491,36.24380623575491
180,c,36.24380623575491,36.24380623575491
181,t,36.24380623575491,36.24380623575491
182,t,36.24380623575491,36.24380623575491
183,c,36.24380623575491,36.24380623575491
184,t,36.24380623575491,36.24380623575491
185,t,36.24380623575491,36.24380623575491
186,c,36.24380623575491,36.24380623575491
187,c,36.24380623575491,36.24380623575491
188,t,36.24380623575491,36.24380623575491
189,c,36.24380623575491,36.24380623575491
190,c,36.24380623575491,36.24380623575491
191,c,36.24380623575491,36.24380623575491
192,t,36.24380623575491,36.24380623575491
193,c,36.24380623575491,36.24380623575491
194,c,36.24380623575491,36.24380623575491
195,c,36.24380623575491,36.24380623575491
196,t,36.24380623575491,36.24380623575491
197,c,36.24380623575491,36.24380623575491
198,t,36.24380623575491,36.24380623575491
199,t,36.24380623575491,36.24380623575491
200,c,36.24380623575491,36.24380623575491
201,t,36.24380623575491,36.24380623575491
202,t,36.24380623575491,36.24380623575491
203,c,36.24380623575491,36.24380623575491
204,t,36.24380623575491,36.24380623575491
205,c,36.24380623575491,36.24380623575491
206,t,36.24380623575491,36.24380623575491
207,c,36.24380623575491,36.24380623575491
208,c,36.24380623575491,36.24380623575491
209,c,36.24380623575491,36.24380623575491
210,c,36.24380623575491,36.24380623575491
211,t,36.24380623575491,36.24380623575491
212,c,36.24380623575491,36.24380623575491
213,t,36.24380623575491,36.24380623575491
214,t,36.24380623575491,36.24380623575491
215,c,36.24380623575491,36.24380623575491
216,c,36.24380623575491,36.24380623575491
217,c,36.24380623575491,36.24380623575491
218,c,36.24380623575491,36.24380623575491
219,c,36.24380623575491,36.24380623575491
220,c,36.24380623575491,36.24380623575491
221,c,36.24380623575491,36.24380623575491
222,t,36.24380623575491,36.24380623575491
223,t,36.24380623575491,36.24380623575491
224,t,36.24380623575491,36.24380623575491
225,c,36.24380623575491,36.24380623575491
226,na,0,2.9727412992210875
227,c,36.24380623575491,36.24380623575491
228,t,36.24380623575491,36.24380623575491
229,c,36.24380623575491,36.24380623575491
230,c,36.24380623575491,36.24380623575491
231,c,36.24380623575491,36.24380623575491
232,c,36.24380623575491,36.24380623575491
233,t,36.24380623575491,36.24380623575491
234,t,36.24380623575491,36.24380623575491
235,t,36.24380623575491,36.24380623575491
236,t,36.24380623575491,36.24380623575491
237,c,36.24380623575491,36.24380623575491
238,t,36.24380623575491,36.24380623575491
239,t,36.24380623575491,36.24380623575491
240,c,36.24380623575491,36.24380623575491
241,t,36.24380623575491,36.24380623575491
242,t,36.24380623575491,36.24380623575491
243,t,36.24380623575491,36.24380623575491
244,t,36.24380623575491,36.24380623575491
245,c,36.24380623575491,36.24380623575491
246,t,36.24380623575491,36.24380623575491
247,c,36.24380623575491,36.24380623575491
248,t,36.24380623575491,36.24380623575491
249,c,36.24380623575491,36.24380623575491
250,c,36.24380623575491,36.24380623575491
251,c,36.24380623575491,36.24380623575491
252,c,5.250823420157689,6.104851571324886
253,c,36.24380623575491,36.24380623575491
254,c,36.24380623575491,36.24380623575491
255,t,36.24380623575491,36.24380623575491
256,t,36.24380623575491,36.24380623575491
257,t,36.24380623575491,36.24380623575491
258,c,36.24380623575491,36.24380623575491
259,c,36.24380623575491,36.24380623575491
260,t,36.24380623575491,36.24380623575491
261,t,36.24380623575491,36.24380623575491
262,c,36.24380623575491,36.24380623575491
263,c,36.24380623575491,36.24380623575491
264,t,36.24380623575491,36.24380623575491
265,t,36.24380623575491,36.24380623575491
266,c,36.24380623575491,36.24380623575491
267,c,36.24380623575491,36.24380623575491
268,c,36.24380623575491,36.24380623575491
269,t,36.24380623575491,36.24380623575491
270,c,36.24380623575491,36.24380623575491
271,t,36.24380623575491,36.24380623575491
272,c,36.24380623575491,36.24380623575491
273,c,36.24380623575491,36.24380623575491
274,c,36.24380623575491,36.24380623575491
275,c,36.24380623575491,36.24380623575491
276,t,36.24380623575491,36.24380623575491
277,t,36.24380623575491,36.24380623575491
278,c,36.24380623575491,36.24380623575491
279,t,36.24380623575491,36.24380623575491
280,c,36.24380623575491,36.24380623575491
281,t,36.24380623575491,36.24380623575491
282,c,36.24380623575491,36.24380623575491
283,c,36.24380623575491,36.24380623575491
284,t,36.24380623575491,36.24380623575491
285,t,36.24380623575491,36.24380623575491
286,c,36.24380623575491,36.24380623575491
287,c,36.24380623575491,36.24380623575491
288,t,36.24380623575491,36.24380623575491
289,c,36.24380623575491,36.24380623575491
290,c,36.24380623575491,36.24380623575491
291,t,36.24380623575491,36.24380623575491
292,t,36.24380623575491,36.24380623575491
293,c,36.24380623575491,36.24380623575491
294,t,36.24380623575491,36.24380623575491
295,c,36.24380623575491,36.24380623575491
296,na,0.20717712362047835,6.866073132949659
297,c,36.24380623575491,36.24380623575491
298,c,36.24380623575491,36.24380623575491
299,c,36.24380623575491,36.24380623575491
300,t,36.24380623575491,36.24380623575491
301,t,36.24380623575491,36.24380623575491
302,t,36.24380623575491,36.24380623575491
303,t,36.24380623575491,36.24380623575491
304,t,36.24380623575491,36.24380623575491
305,c,36.24380623575491,36.24380623575491
306,c,36.24380623575491,36.24380623575491
307,c,36.24380623575491,36.24380623575491
308,c,36.24380623575491,36.24380623575491
309,c,36.24380623575491,36.24380623575491
310,t,36.24380623575491,36.24380623575491
311,t,36.24380623575491,36.24380623575491
312,t,36.24380623575491,36.24380623575491
313,c,36.24380623575491,36.24380623575491
314,c,36.24380623575491,36.24380623575491
315,c,36.24380623575491,36.24380623575491
316,c,36.24380623575491,36.24380623575491
317,t,36.24380623575491,36.24380623575491
318,t,36.24380623575491,36.24380623575491
319,t,36.24380623575491,36.24380623575491
320,t,36.24380623575491,36.24380623575491
321,c,36.24380623575491,36.24380623575491
322,t,36.24380623575491,36.24380623575491
323,t,36.24380623575491,36.24380623575491
324,c,36.24380623575491,36.24380623575491
325,c,36.24380623575491,36.24380623575491
326,c,36.24380623575491,36.24380623575491
327,c,36.24380623575491,36.24380623575491
328,c,36.24380623575491,36.24380623575491
329,c,36.24380623575491,36.24380623575491
330,c,36.24380623575491,36.24380623575491
331,t,36.24380623575491,36.24380623575491
332,c,36.24380623575491,36.24380623575491
333,t,36.24380623575491,36.24380623575491
334,c,36.24380623575491,36.24380623575491
335,c,36.24380623575491,36.24380623575491
336,t,36.24380623575491,36.24380623575491
337,t,36.24380623575491,36.24380623575491
338,t,36.24380623575491,36.24380623575491
339,t,36.24380623575491,36.24380623575491
340,c,36.24380623575491,36.24380623575491
341,c,36.24380623575491,36.24380623575491
342,c,36.24380623575491,36.24380623575491
343,c,36.24380623575491,36.24380623575491
344,c,36.24380623575491,36.24380623575491
345,t,36.24380623575491,36.24380623575491
346,c,36.24380623575491,36.24380623575491
347,t,36.24380623575491,36.24380623575491
348,c,36.24380623575491,36.24380623575491
349,c,36.24380623575491,36.24380623575491
350,t,36.24380623575491,36.24380623575491
351,c,36.24380623575491,36.24380623575491
352,t,36.24380623575491,36.24380623575491
353,c,36.24380623575491,36.24380623575491
354,t,36.24380623575491,36.24380623575491
355,c,36.24380623575491,36.24380623575491
356,t,36.24380623575491,36.24380623575491
357,t,36.24380623575491,36.24380623575491
358,c,36.24380623575491,36.24380623575491
359,c,36.24380623575491,36.24380623575491
360,c,36.24380623575491,36.24380623575491
361,c,36.24380623575491,36.24380623575491
362,t,36.24380623575491,36.24380623575491
363,c,36.24380623575491,36.24380623575491
364,c,36.24380623575491,36.24380623575491
365,c,36.24380623575491,36.24380623575491
366,t,36.24380623575491,36.24380623575491
367,t,36.24380623575491,36.24380623575491
368,t,36.24380623575491,36.24380623575491
369,na,0,0.5182923959194329
370,c,36.24380623575491,36.24380623575491
371,c,36.24380623575491,36.24380623575491
372,c,36.24380623575491,36.24380623575491
373,t,36.24380623575491,36.24380623575491
374,t,36.24380623575491,36.24380623575491
375,c,36.24380623575491,36.24380623575491
376,t,36.24380623575491,36.24380623575491
377,c,36.24380623575491,36.24380623575491
378,c,36.24380623575491,36.24380623575491
379,t,36.24380623575491,36.24380623575491
380,c,36.24380623575491,36.24380623575491
381,c,36.24380623575491,36.24380623575491
382,c,36.24380623575491,36.24380623575491
383,c,36.24380623575491,36.24380623575491
384,t,36.24380623575491,36.24380623575491
385,c,36.24380623575491,36.24380623575491
386,c,36.24380623575491,36.24380623575491
387,t,36.24380623575491,36.24380623575491
388,c,36.24380623575491,36.24380623575491
389,t,36.24380623575491,36.24380623575491
390,t,36.24380623575491,36.24380623575491
391,c,36.24380623575491,36.24380623575491
392,c,36.24380623575491,36.24380623575491
393,t,36.24380623575491,36.24380623575491
394,t,36.24380623575491,36.24380623575491
395,t,36.24380623575491,36.24380623575491
396,t,36.24380623575491,36.24380623575491
397,c,36.24380623575491,36.24380623575491
398,c,36.24380623575491,36.24380623575491
399,c,36.24380623575491,36.24380623575491
400,c,36.24380623575491,36.24380623575491
401,c,36.24380623575491,36.24380623575491
402,t,36.24380623575491,36.24380623575491
403,c,36.24380623575491,36.24380623575491
404,c,36.24380623575491,36.24380623575491
405,t,36.24380623575491,36.24380623575491
406,c,36.24380623575491,36.24380623575491
407,c,36.24380623575491,36.24380623575491
408,c,36.24380623575491,36.24380623575491
409,t,36.24380623575491,36.24380623575491
410,c,36.24380623575491,36.24380623575491
411,c,36.24380623575491,36.24380623575491
412,c,36.24380623575491,36.24380623575491
413,t,36.24380623575491,36.24380623575491
414,t,36.24380623575491,36.24380623575491
415,t,36.24380623575491,36.24380623575491
416,c,36.24380623575491,36.24380623575491
417,t,36.24380623575491,36.24380623575491
418,c,36.24380623575491,36.24380623575491
419,c,36.24380623575491,36.24380623575491
420,c,36.24380623575491,36.24380623575491
421,c,36.24380623575491,36.24380623575491
422,t,36.24380623575491,36.24380623575491
423,t,36.24380623575491,36.24380623575491
424,c,36.24380623575491,36.24380623575491
425,c,36.24380623575491,36.24380623575491
426,t,36.24380623575491,36.24380623575491
427,c,36.24380623575491,36.24380623575491
428,t,36.24380623575491,36.24380623575491
429,c,36.24380623575491,36.24380623575491
430,t,36.24380623575491,36.24380623575491
431,c,36.24380623575491,36.24380623575491
432,t,36.24380623575491,36.24380623575491
433,t,36.24380623575491,36.24380623575491
434,t,36.24380623575491,36.24380623575491
435,c,36.24380623575491,36.24380623575491
436,c,36.24380623575491,36.24380623575491
437,c,36.24380623575491,36.24380623575491
438,t,36.24380623575491,36.24380623575491
439,c,36.24380623575491,36.24380623575491
440,t,36.24380623575491,36.24380623575491
441,t,36.24380623575491,36.24380623575491
442,t,36.24380623575491,36.24380623575491
443,c,36.24380623575491,36.24380623575491
444,t,36.24380623575491,36.24380623575491
445,t,36.24380623575491,36.24380623575491
446,c,36.24380623575491,36.24380623575491
447,t,36.24380623575491,36.24380623575491
448,t,36.24380623575491,36.24380623575491
449,t,36.24380623575491,36.24380623575491
450,c,36.24380623575491,36.24380623575491
451,c,36.24380623575491,36.24380623575491
452,c,36.24380623575491,36.24380623575491
453,c,36.24380623575491,36.24380623575491
454,t,36.24380623575491,36.24380623575491
455,t,36.24380623575491,36.24380623575491
456,t,36.24380623575491,36.24380623575491
457,t,36.24380623575491,36.24380623575491
458,t,36.24380623575491,36.24380623575491
459,c,36.24380623575491,36.24380623575491
460,c,36.24380623575491,36.24380623575491
461,c,36.24380623575491,36.24380623575491
462,c,36.24380623575491,36.24380623575491
463,c,36.24380623575491,36.24380623575491
464,c,36.24380623575491,36.24380623575491
465,t,36.24380623575491,36.24380623575491
466,c,7.623071779112584,15.996298735067109
467,t,36.24380623575491,36.24380623575491
468,c,36.24380623575491,36.24380623575491
469,t,36.24380623575491,36.24380623575491
470,t,36.24380623575491,36.24380623575491
471,t,36.24380623575491,36.24380623575491
472,t,36.24380623575491,36.24380623575491
473,c,36.24380623575491,36.24380623575491
474,t,36.24380623575491,36.24380623575491
475,c,36.24380623575491,36.24380623575491
476,t,36.24380623575491,36.24380623575491
477,c,36.24380623575491,36.24380623575491
478,c,36.24380623575491,36.24380623575491
479,c,36.24380623575491,36.24380623575491
480,t,36.24380623575491,36.24380623575491
481,c,36.24380623575491,36.24380623575491
482,t,36.24380623575491,36.24380623575491
483,c,36.24380623575491,36.24380623575491
484,t,36.24380623575491,36.24380623575491
485,t,36.24380623575491,36.24380623575491
486,c,36.24380623575491,36.24380623575491
487,c,36.24380623575491,36.24380623575491
488,c,36.24380623575491,36.24380623575491
489,c,36.24380623575491,36.24380623575491
490,c,36.24380623575491,36.24380623575491
491,c,36.24380623575491,36.24380623575491
492,t,36.24380623575491,36.24380623575491
493,c,36.24380623575491,36.24380623575491
494,c,36.24380623575491,36.24380623575491
495,c,36.24380623575491,36.24380623575491
496,t,36.24380623575491,36.24380623575491
497,c,36.24380623575491,36.24380623575491
498,c,36.24380623575491,36.24380623575491
499,t,36.24380623575491,36.24380623575491
500,t,36.24380623575491,36.24380623575491
501,t,36.24380623575491,36.24380623575491
502,c,36.24380623575491,36.24380623575491
503,c,36.24380623575491,36.24380623575491
504,c,36.24380623575491,36.24380623575491
505,c,36.24380623575491,36.24380623575491
506,t,36.24380623575491,36.24380623575491
507,t,36.24380623575491,36.24380623575491
508,t,36.24380623575491,36.24380623575491
509,c,36.24380623575491,36.24380623575491
510,c,36.24380623575491,36.24380623575491
511,c,36.24380623575491,36.24380623575491
512,t,36.24380623575491,36.24380623575491
513,t,36.24380623575491,36.24380623575491
514,c,36.24380623575491,36.24380623575491
515,c,36.24380623575491,36.24380623575491
516,c,36.24380623575491,36.24380623575491
517,c,36.24380623575491,36.24380623575491
518,t,36.24380623575491,36.24380623575491
519,t,36.24380623575491,36.24380623575491
520,t,36.24380623575491,36.24380623575491
521,t,36.24380623575491,36.24380623575491
522,c,36.24380623575491,36.24380623575491
523,t,36.24380623575491,36.24380623575491
524,c,36.24380623575491,36.24380623575491
525,t,36.24380623575491,36.24380623575491
526,c,36.24380623575491,36.24380623575491
527,t,36.24380623575491,36.24380623575491
528,c,36.24380623575491,36.24380623575491
529,c,36.24380623575491,36.24380623575491
530,c,36.24380623575491,36.24380623575491
531,t,36.24380623575491,36.24380623575491
532,c,36.24380623575491,36.24380623575491
533,t,36.24380623575491,36.24380623575491
534,c,36.24380623575491,36.24380623575491
535,t,36.24380623575491,36.24380623575491
536,c,36.24380623575491,36.24380623575491
537,c,36.24380623575491,36.24380623575491
538,t,36.24380623575491,36.24380623575491
539,t,36.24380623575491,36.24380623575491
540,c,36.24380623575491,36.24380623575491
541,c,36.24380623575491,36.24380623575491
542,t,36.24380623575491,36.24380623575491
543,c,36.24380623575491,36.24380623575491
544,c,36.24380623575491,36.24380623575491
545,c,36.24380623575491,36.24380623575491
546,c,36.24380623575491,36.24380623575491
547,t,36.24380623575491,36.24380623575491
548,na,3.7218555481978184,5.691306567928922
549,c,36.24380623575491,36.24380623575491
550,c,36.24380623575491,36.24380623575491
551,c,36.24380623575491,36.24380623575491
552,c,36.24380623575491,36.24380623575491
553,c,36.24380623575491,36.24380623575491
554,c,36.24380623575491,36.24380623575491
555,c,36.24380623575491,36.24380623575491
556,t,36.24380623575491,36.24380623575491
557,c,36.24380623575491,36.24380623575491
558,t,36.24380623575491,36.24380623575491
559,c,36.24380623575491,36.24380623575491
560,t,36.24380623575491,36.24380623575491
561,t,36.24380623575491,36.24380623575491
562,c,36.24380623575491,36.24380623575491
563,t,36.24380623575491,36.24380623575491
564,t,36.24380623575491,36.24380623575491
565,c,36.24380623575491,36.24380623575491
566,c,36.24380623575491,36.24380623575491
567,t,36.24380623575491,36.24380623575491
568,c,36.24380623575491,36.24380623575491
569,t,36.24380623575491,36.24380623575491
570,t,36.24380623575491,36.24380623575491
571,t,36.24380623575491,36.24380623575491
572,c,36.24380623575491,36.24380623575491
573,t,36.24380623575491,36.24380623575491
574,c,36.24380623575491,36.24380623575491
575,c,36.24380623575491,36.24380623575491
576,t,36.24380623575491,36.24380623575491
577,t,36.24380623575491,36.24380623575491
578,c,36.24380623575491,36.24380623575491
579,t,36.24380623575491,36.24380623575491
580,t,36.24380623575491,36.24380623575491
581,c,36.24380623575491,36.24380623575491
582,c,36.24380623575491,36.24380623575491
583,t,36.24380623575491,36.24380623575491
584,c,36.24380623575491,36.24380623575491
585,t,36.24380623575491,36.24380623575491
586,c,36.24380623575491,36.24380623575491
587,c,36.24380623575491,36.24380623575491
588,c,36.24380623575491,36.24380623575491
589,t,36.24380623575491,36.24380623575491
590,t,36.24380623575491,36.24380623575491
591,t,36.24380623575491,36.24380623575491
592,c,36.24380623575491,36.24380623575491
593,t,36.24380623575491,36.24380623575491
594,na,4.808604281523732,7.692526253848103
595,c,36.24380623575491,36.24380623575491
596,t,36.24380623575491,36.24380623575491
597,c,36.24380623575491,36.24380623575491
598,c,36.24380623575491,36.24380623575491
599,t,36.24380623575491,36.24380623575491
600,t,36.24380623575491,36.24380623575491
601,c,36.24380623575491,36.24380623575491
602,t,36.24380623575491,36.24380623575491
603,c,36.24380623575491,36.24380623575491
604,t,36.24380623575491,36.24380623575491
605,t,36.24380623575491,36.24380623575491
606,c,36.24380623575491,36.24380623575491
607,c,36.24380623575491,36.24380623575491
608,c,36.24380623575491,36.24380623575491
609,t,36.24380623575491,36.24380623575491
610,c,36.24380623575491,36.24380623575491
611,c,36.24380623575491,36.24380623575491
612,c,36.24380623575491,36.24380623575491
613,t,36.24380623575491,36.24380623575491
614,t,36.24380623575491,36.24380623575491
615,t,36.24380623575491,36.24380623575491
616,t,36.24380623575491,36.24380623575491
617,c,36.24380623575491,36.24380623575491
618,c,36.24380623575491,36.24380623575491
619,c,36.24380623575491,36.24380623575491
620,c,36.24380623575491,36.24380623575491
621,c,36.24380623575491,36.24380623575491
622,c,36.24380623575491,36.24380623575491
623,t,36.24380623575491,36.24380623575491
624,c,36.24380623575491,36.24380623575491
625,t,36.24380623575491,36.24380623575491
626,c,36.24380623575491,36.24380623575491
627,c,36.24380623575491,36.24380623575491
628,c,36.24380623575491,36.24380623575491
629,t,36.24380623575491,36.24380623575491
630,c,36.24380623575491,36.24380623575491
631,t,36.24380623575491,36.24380623575491
632,t,36.24380623575491,36.24380623575491
633,c,36.24380623575491,36.24380623575491
634,na,6.124726471061377,6.31487797455599
635,t,36.24380623575491,36.24380623575491
636,c,36.24380623575491,36.24380623575491
637,c,36.24380623575491,36.24380623575491
638,t,36.24380623575491,36.24380623575491
639,t,36.24380623575491,36.24380623575491
640,c,36.24380623575491,36.24380623575491
641,c,36.24380623575491,36.24380623575491
642,c,36.24380623575491,36.24380623575491
643,t,36.24380623575491,36.24380623575491
644,t,36.24380623575491,36.24380623575491
645,c,36.24380623575491,36.24380623575491
646,t,36.24380623575491,36.24380623575491
647,c,36.24380623575491,36.24380623575491
648,c,36.24380623575491,36.24380623575491
649,c,36.24380623575491,36.24380623575491
650,t,36.24380623575491,36.24380623575491
651,c,36.24380623575491,36.24380623575491
652,c,36.24380623575491,36.24380623575491
653,t,36.24380623575491,36.24380623575491
654,c,36.24380623575491,36.24380623575491
655,t,36.24380623575491,36.24380623575491
656,t,36.24380623575491,36.24380623575491
657,c,36.24380623575491,36.24380623575491
658,c,36.24380623575491,36.24380623575491
659,c,36.24380623575491,36.24380623575491
660,na,11.665686218614859,14.737207902866087
661,c,36.24380623575491,36.24380623575491
662,t,36.24380623575491,36.24380623575491
663,c,36.24380623575491,36.24380623575491
664,t,36.24380623575491,36.24380623575491
665,c,36.24380623575491,36.24380623575491
666,c,36.24380623575491,36.24380623575491
667,c,36.24380623575491,36.24380623575491
668,c,36.24380623575491,36.24380623575491
669,c,36.24380623575491,36.24380623575491
670,t,36.24380623575491,36.24380623575491
671,t,36.24380623575491,36.24380623575491
672,c,36.24380623575491,36.24380623575491
673,c,36.24380623575491,36.24380623575491
674,t,36.24380623575491,36.24380623575491
675,c,36.24380623575491,36.24380623575491
676,c,36.24380623575491,36.24380623575491
677,c,36.24380623575491,36.24380623575491
678,t,36.24380623575491,36.24380623575491
679,c,36.24380623575491,36.24380623575491
680,c,36.24380623575491,36.24380623575491
681,c,36.24380623575491,36.24380623575491
682,c,36.24380623575491,36.24380623575491
683,c,36.24380623575491,36.24380623575491
684,t,36.24380623575491,36.24380623575491
685,t,36.24380623575491,36.24380623575491
686,c,36.24380623575491,36.24380623575491
687,t,36.24380623575491,36.24380623575491
688,t,36.24380623575491,36.24380623575491
689,t,36.24380623575491,36.24380623575491
690,c,36.24380623575491,36.24380623575491
691,c,36.24380623575491,36.24380623575491
692,t,36.24380623575491,36.24380623575491
693,t,36.24380623575491,36.24380623575491
694,t,36.24380623575491,36.24380623575491
695,c,36.24380623575491,36.24380623575491
696,t,36.24380623575491,36.24380623575491
697,t,36.24380623575491,36.24380623575491
698,c,36.24380623575491,36.24380623575491
699,t,36.24380623575491,36.24380623575491
700,t,36.24380623575491,36.24380623575491
701,t,36.24380623575491,36.24380623575491
702,c,36.24380623575491,36.24380623575491
703,t,36.24380623575491,36.24380623575491
704,c,36.24380623575491,36.24380623575491
705,c,36.24380623575491,36.24380623575491
706,t,36.24380623575491,36.24380623575491
707,t,36.24380623575491,36.24380623575491
708,c,36.24380623575491,36.24380623575491
709,c,36.24380623575491,36.24380623575491
710,c,36.24380623575491,36.24380623575491
711,c,36.24380623575491,36.24380623575491
712,c,36.24380623575491,36.24380623575491
713,t,36.24380623575491,36.24380623575491
714,t,36.24380623575491,36.24380623575491
715,c,36.24380623575491,36.24380623575491
716,c,36.24380623575491,36.24380623575491
717,t,36.24380623575491,36.24380623575491
718,c,36.24380623575491,36.24380623575491
719,c,36.24380623575491,36.24380623575491
720,c,36.24380623575491,36.24380623575491
721,t,36.24380623575491,36.24380623575491
722,c,36.24380623575491,36.24380623575491
723,c,36.24380623575491,36.24380623575491
724,t,36.24380623575491,36.24380623575491
725,t,36.24380623575491,36.24380623575491
726,c,36.24380623575491,36.24380623575491
727,c,36.24380623575491,36.24380623575491
728,c,36.24380623575491,36.24380623575491
729,c,36.24380623575491,36.24380623575491
730,c,36.24380623575491,36.24380623575491
731,t,36.24380623575491,36.24380623575491
732,c,36.24380623575491,36.24380623575491
733,t,36.24380623575491,36.24380623575491
734,t,36.24380623575491,36.24380623575491
735,c,36.24380623575491,36.24380623575491
736,t,36.24380623575491,36.24380623575491
737,c,36.24380623575491,36.24380623575491
738,t,36.24380623575491,36.24380623575491
739,t,36.24380623575491,36.24380623575491
740,c,36.24380623575491,36.24380623575491
741,t,36.24380623575491,36.24380623575491
742,t,36.24380623575491,36.24380623575491
743,t,36.24380623575491,36.24380623575491
744,c,36.24380623575491,36.24380623575491
745,t,36.24380623575491,36.24380623575491
746,t,36.24380623575491,36.24380623575491
747,t,36.24380623575491,36.24380623575491
748,c,36.24380623575491,36.24380623575491
749,c,36.24380623575491,36.24380623575491
750,c,36.24380623575491,36.24380623575491
751,t,36.24380623575491,36.24380623575491
752,c,36.24380623575491,36.24380623575491
753,na,-1,0
754,c,36.24380623575491,36.24380623575491
755,c,36.24380623575491,36.24380623575491
756,t,36.24380623575491,36.24380623575491
757,t,36.24380623575491,36.24380623575491
758,t,36.24380623575491,36.24380623575491
759,t,36.24380623575491,36.24380623575491
760,c,36.24380623575491,36.24380623575491
761,c,36.24380623575491,36.24380623575491
762,c,36.24380623575491,36.24380623575491
763,t,36.24380623575491,36.24380623575491
764,c,36.24380623575491,36.24380623575491
765,c,36.24380623575491,36.24380623575491
766,t,36.24380623575491,36.24380623575491
767,c,36.24380623575491,36.24380623575491
768,t,36.24380623575491,36.24380623575491
769,c,36.24380623575491,36.24380623575491
770,t,36.24380623575491,36.24380623575491
771,t,36.24380623575491,36.24380623575491
772,t,36.24380623575491,36.24380623575491
773,na,11.988532165514037,12.94422432726613
774,t,36.24380623575491,36.24380623575491
775,t,36.24380623575491,36.24380623575491
776,c,36.24380623575491,36.24380623575491
777,c,36.24380623575491,36.24380623575491
778,t,36.24380623575491,36.24380623575491
779,c,36.24380623575491,36.24380623575491
780,t,36.24380623575491,36.24380623575491
781,c,36.24380623575491,36.24380623575491
782,t,36.24380623575491,36.24380623575491
783,c,36.24380623575491,36.24380623575491
784,t,36.24380623575491,36.24380623575491
785,t,36.24380623575491,36.24380623575491
786,t,36.24380623575491,36.24380623575491
787,t,36.24380623575491,36.24380623575491
788,c,36.24380623575491,36.24380623575491
789,t,36.24380623575491,36.24380623575491
790,c,36.24380623575491,36.24380623575491
791,t,36.24380623575491,36.24380623575491
792,t,36.24380623575491,36.24380623575491
793,c,36.24380623575491,36.24380623575491
794,c,36.24380623575491,36.24380623575491
795,t,36.24380623575491,36.24380623575491
796,c,36.24380623575491,36.24380623575491
797,t,36.24380623575491,36.24380623575491
798,c,36.24380623575491,36.24380623575491
799,t,36.24380623575491,36.24380623575491
800,c,36.24380623575491,36.24380623575491
801,c,36.24380623575491,36.24380623575491
802,c,36.24380623575491,36.24380623575491
803,c,36.24380623575491,36.24380623575491
804,t,36.24380623575491,36.24380623575491
805,t,36.24380623575491,36.24380623575491
806,c,36.24380623575491,36.24380623575491
807,t,36.24380623575491,36.24380623575491
808,t,36.24380623575491,36.24380623575491
809,c,36.24380623575491,36.24380623575491
810,c,36.24380623575491,36.24380623575491
811,c,36.24380623575491,36.24380623575491
812,t,36.24380623575491,36.24380623575491
813,c,36.24380623575491,36.24380623575491
814,c,36.24380623575491,36.24380623575491
815,t,36.24380623575491,36.24380623575491
816,t,36.24380623575491,36.24380623575491
817,c,36.24380623575491,36.24380623575491
818,c,36.24380623575491,36.24380623575491
819,t,36.24380623575491,36.24380623575491
820,t,36.24380623575491,36.24380623575491
821,t,36.24380623575491,36.24380623575491
822,c,36.24380623575491,36.24380623575491
823,t,36.24380623575491,36.24380623575491
824,t,36.24380623575491,36.24380623575491
825,c,36.24380623575491,36.24380623575491
826,t,36.24380623575491,36.24380623575491
827,c,36.24380623575491,36.24380623575491
828,c,36.24380623575491,36.24380623575491
829,c,36.24380623575491,36.24380623575491
830,c,36.24380623575491,36.24380623575491
831,c,36.24380623575491,36.24380623575491
832,t,36.24380623575491,36.24380623575491
833,c,36.24380623575491,36.24380623575491
834,t,36.24380623575491,36.24380623575491
835,na,-1,0
836,t,36.24380623575491,36.24380623575491
837,c,36.24380623575491,36.24380623575491
838,t,36.24380623575491,36.24380623575491
839,t,36.24380623575491,36.24380623575491
840,c,36.24380623575491,36.24380623575491
841,c,36.24380623575491,36.24380623575491
842,t,36.24380623575491,36.24380623575491
843,t,36.24380623575491,36.24380623575491
844,t,36.24380623575491,36.24380623575491
845,c,36.24380623575491,36.24380623575491
846,c,36.24380623575491,36.24380623575491
847,t,36.24380623575491,36.24380623575491
848,t,36.24380623575491,36.24380623575491
849,t,36.24380623575491,36.24380623575491
850,t,36.24380623575491,36.24380623575491
851,c,36.24380623575491,36.24380623575491
852,c,36.24380623575491,36.24380623575491
853,c,36.24380623575491,36.24380623575491
854,c,36.24380623575491,36.24380623575491
855,c,36.24380623575491,36.24380623575491
856,c,36.24380623575491,36.24380623575491
857,t,36.24380623575491,36.24380623575491
858,t,36.24380623575491,36.24380623575491
859,t,36.24380623575491,36.24380623575491
860,t,36.24380623575491,36.24380623575491
861,c,36.24380623575491,36.24380623575491
862,c,36.24380623575491,36.24380623575491
863,na,3.6164750338679927,5.1481522202476455
864,t,36.24380623575491,36.24380623575491
865,t,36.24380623575491,36.24380623575491
866,c,36.24380623575491,36.24380623575491
867,t,36.24380623575491,36.24380623575491
868,c,36.24380623575491,36.24380623575491
869,c,36.24380623575491,36.24380623575491
870,t,36.24380623575491,36.24380623575491
871,t,36.24380623575491,36.24380623575491
872,t,36.24380623575491,36.24380623575491
873,t,36.24380623575491,36.24380623575491
874,t,36.24380623575491,36.24380623575491
875,c,36.24380623575491,36.24380623575491
876,c,36.24380623575491,36.24380623575491
877,c,36.24380623575491,36.24380623575491
878,c,36.24380623575491,36.24380623575491
879,c,36.24380623575491,36.24380623575491
880,c,36.24380623575491,36.24380623575491
881,c,36.24380623575491,36.24380623575491
882,t,36.24380623575491,36.24380623575491
883,t,36.24380623575491,36.24380623575491
884,t,36.24380623575491,36.24380623575491
885,t,36.24380623575491,36.24380623575491
886,c,36.24380623575491,36.24380623575491
887,c,36.24380623575491,36.24380623575491
888,c,36.24380623575491,36.24380623575491
889,t,36.24380623575491,36.24380623575491
890,c,36.24380623575491,36.24380623575491
891,t,36.24380623575491,36.24380623575491
892,c,36.24380623575491,36.24380623575491
893,c,36.24380623575491,36.24380623575491
894,t,36.24380623575491,36.24380623575491
895,t,36.24380623575491,36.24380623575491
896,c,36.24380623575491,36.24380623575491
897,t,36.24380623575491,36.24380623575491
898,t,36.24380623575491,36.24380623575491
899,t,36.24380623575491,36.24380623575491
900,t,36.24380623575491,36.24380623575491
901,c,36.24380623575491,36.24380623575491
902,t,36.24380623575491,36.24380623575491
903,c,36.24380623575491,36.24380623575491
904,t,36.24380623575491,36.24380623575491
905,c,36.24380623575491,36.24380623575491
906,c,36.24380623575491,36.24380623575491
907,t,36.24380623575491,36.24380623575491
908,c,36.24380623575491,36.24380623575491
909,c,36.24380623575491,36.24380623575491
910,t,36.24380623575491,36.24380623575491
911,c,36.24380623575491,36.24380623575491
912,t,36.24380623575491,36.24380623575491
913,t,36.24380623575491,36.24380623575491
914,t,36.24380623575491,36.24380623575491
915,t,36.24380623575491,36.24380623575491
916,c,36.24380623575491,36.24380623575491
917,c,36.24380623575491,36.24380623575491
918,c,36.24380623575491,36.24380623575491
919,c,36.24380623575491,36.24380623575491
920,c,36.24380623575491,36.24380623575491
921,t,36.24380623575491,36.24380623575491
922,c,36.24380623575491,36.24380623575491
923,c,36.24380623575491,36.24380623575491
924,t,36.24380623575491,36.24380623575491
925,c,36.24380623575491,36.24380623575491
926,c,36.24380623575491,36.24380623575491
927,t,36.24380623575491,36.24380623575491
928,t,36.24380623575491,36.24380623575491
929,t,36.24380623575491,36.24380623575491
930,c,36.24380623575491,36.24380623575491
931,c,36.24380623575491,36.24380623575491
932,t,36.24380623575491,36.24380623575491
933,c,36.24380623575491,36.24380623575491
934,t,36.24380623575491,36.24380623575491
935,t,36.24380623575491,36.24380623575491
936,c,36.24380623575491,36.24380623575491
937,t,36.24380623575491,36.24380623575491
938,c,36.24380623575491,36.24380623575491
939,t,36.24380623575491,36.24380623575491
940,c,36.24380623575491,36.24380623575491
941,t,36.24380623575491,36.24380623575491
942,c,36.24380623575491,36.24380623575491
943,t,36.24380623575491,36.24380623575491
944,t,36.24380623575491,36.24380623575491
945,t,36.24380623575491,36.24380623575491
946,t,36.24380623575491,36.24380623575491
947,t,36.24380623575491,36.24380623575491
948,c,36.24380623575491,36.24380623575491
949,t,36.24380623575491,36.24380623575491
950,t,36.24380623575491,36.24380623575491
951,t,36.24380623575491,36.24380623575491
952,c,36.24380623575491,36.24380623575491
953,t,36.24380623575491,36.24380623575491
954,t,36.24380623575491,36.24380623575491
955,t,36.24380623575491,36.24380623575491
956,c,36.24380623575491,36.24380623575491
957,c,36.24380623575491,36.24380623575491
958,c,36.24380623575491,36.24380623575491
959,c,36.24380623575491,36.24380623575491
960,t,36.24380623575491,36.24380623575491
961,c,36.24380623575491,36.24380623575491
962,t,36.24380623575491,36.24380623575491
963,t,36.24380623575491,36.24380623575491
964,t,36.24380623575491,36.24380623575491
965,c,36.24380623575491,36.24380623575491
966,c,36.24380623575491,36.24380623575491
967,c,36.24380623575491,36.24380623575491
968,t,36.24380623575491,36.24380623575491
969,t,36.24380623575491,36.24380623575491
970,t,36.24380623575491,36.24380623575491
971,c,36.24380623575491,36.24380623575491
972,c,36.24380623575491,36.24380623575491
973,c,36.24380623575491,36.24380623575491
974,c,36.24380623575491,36.24380623575491
975,c,36.24380623575491,36.24380623575491
976,t,36.24380623575491,36.24380623575491
977,c,36.24380623575491,36.24380623575491
978,c,36.24380623575491,36.24380623575491
979,t,36.24380623575491,36.24380623575491
980,t,36.24380623575491,36.24380623575491
981,c,36.24380623575491,36.24380623575491
982,c,36.24380623575491,36.24380623575491
983,t,36.24380623575491,36.24380623575491
984,t,36.24380623575491,36.24380623575491
985,t,36.24380623575491,36.24380623575491
986,c,36.24380623575491,36.24380623575491
987,c,36.24380623575491,36.24380623575491
988,c,36.24380623575491,36.24380623575491
989,t,36.24380623575491,36.24380623575491
990,c,36.24380623575491,36.24380623575491
991,c,36.24380623575491,36.24380623575491
992,c,36.24380623575491,36.24380623575491
993,t,36.24380623575491,36.24380623575491
994,c,36.24380623575491,36.24380623575491
995,t,36.24380623575491,36.24380623575491
996,t,36.24380623575491,36.24380623575491
997,c,36.24380623575491,36.24380623575491
998,t,36.24380623575491,36.24380623575491
999,c,36.24380623575491,36.24380623575491
1000,t,36.24380623575491,36.24380623575491
1001,t,36.24380623575491,36.24380623575491
1002,t,36.24380623575491,36.24380623575491
1003,c,36.24380623575491,36.24380623575491
1004,t,36.24380623575491,36.24380623575491
1005,c,36.24380623575491,36.24380623575491
1006,c,36.24380623575491,36.24380623575491
1007,t,36.24380623575491,36.24380623575491
1008,t,36.24380623575491,36.24380623575491
1009,c,36.24380623575491,36.24380623575491
1010,c,36.24380623575491,36.24380623575491
1011,c,36.24380623575491,36.24380623575491
1012,c,36.24380623575491,36.24380623575491
1013,c,36.24380623575491,36.24380623575491
1014,c,36.24380623575491,36.24380623575491
1015,c,36.24380623575491,36.24380623575491
1016,t,36.24380623575491,36.24380623575491
1017,t,36.24380623575491,36.24380623575491
1018,t,36.24380623575491,36.24380623575491
1019,t,36.24380623575491,36.24380623575491
1020,t,36.24380623575491,36.24380623575491
1021,c,36.24380623575491,36.24380623575491
1022,c,36.24380623575491,36.24380623575491
1023,t,36.24380623575491,36.24380623575491
1024,t,36.24380623575491,36.24380623575491
1025,c,36.24380623575491,36.24380623575491
1026,t,36.24380623575491,36.24380623575491
1027,c,36.24380623575491,36.24380623575491
1028,t,36.24380623575491,36.24380623575491
1029,t,36.24380623575491,36.24380623575491
1030,t,36.24380623575491,36.24380623575491
1031,c,36.24380623575491,36.24380623575491
1032,c,36.24380623575491,36.24380623575491
1033,c,36.24380623575491,36.24380623575491
1034,na,21.22960638929495,22.1781319777295
1035,t,36.24380623575491,36.24380623575491
1036,c,36.24380623575491,36.24380623575491
1037,c,36.24380623575491,36.24380623575491
1038,t,36.24380623575491,36.24380623575491
1039,c,36.24380623575491,36.24380623575491
1040,na,0,0.9883099844625549
1041,c,36.24380623575491,36.24380623575491
1042,t,36.24380623575491,36.24380623575491
1043,t,36.24380623575491,36.24380623575491
1044,t,36.24380623575491,36.24380623575491
1045,t,36.24380623575491,36.24380623575491
1046,c,36.24380623575491,36.24380623575491
1047,c,36.24380623575491,36.24380623575491
1048,c,36.24380623575491,36.24380623575491
1049,t,36.24380623575491,36.24380623575491
1050,t,36.24380623575491,36.24380623575491
1051,t,36.24380623575491,36.24380623575491
1052,t,36.24380623575491,36.24380623575491
1053,c,36.24380623575491,36.24380623575491
1054,t,36.24380623575491,36.24380623575491
1055,c,36.24380623575491,36.24380623575491
1056,t,36.24380623575491,36.24380623575491
1057,t,36.24380623575491,36.24380623575491
1058,t,36.24380623575491,36.24380623575491
1059,t,36.24380623575491,36.24380623575491
1060,t,36.24380623575491,36.24380623575491
1061,c,36.24380623575491,36.24380623575491
1062,t,36.24380623575491,36.24380623575491
1063,c,36.24380623575491,36.24380623575491
1064,t,36.24380623575491,36.24380623575491
1065,c,36.24380623575491,36.24380623575491
1066,t,36.24380623575491,36.24380623575491
1067,t,36.24380623575491,36.24380623575491
1068,c,36.24380623575491,36.24380623575491
1069,c,36.24380623575491,36.24380623575491
1070,c,36.24380623575491,36.24380623575491
1071,c,36.24380623575491,36.24380623575491
1072,t,36.24380623575491,36.24380623575491
1073,t,36.24380623575491,36.24380623575491
1074,t,36.24380623575491,36.24380623575491
1075,c,36.24380623575491,36.24380623575491
1076,t,36.24380623575491,36.24380623575491
1077,t,36.24380623575491,36.24380623575491
1078,t,36.24380623575491,36.24380623575491
1079,t,36.24380623575491,36.24380623575491
1080,t,36.24380623575491,36.24380623575491
1081,t,36.24380623575491,36.24380623575491
1082,c,36.24380623575491,36.24380623575491
1083,c,36.24380623575491,36.24380623575491
1084,c,36.24380623575491,36.24380623575491
1085,c,36.24380623575491,36.24380623575491
1086,t,36.24380623575491,36.24380623575491
1087,t,36.24380623575491,36.24380623575491
1088,t,36.24380623575491,36.24380623575491
1089,c,36.24380623575491,36.24380623575491
1090,c,36.24380623575491,36.24380623575491
1091,c,36.24380623575491,36.24380623575491
1092,c,36.24380623575491,36.24380623575491
1093,t,36.24380623575491,36.24380623575491
1094,t,36.24380623575491,36.24380623575491
1095,c,36.24380623575491,36.24380623575491
1096,c,36.24380623575491,36.24380623575491
1097,c,36.24380623575491,36.24380623575491
1098,t,36.24380623575491,36.24380623575491
1099,c,36.24380623575491,36.24380623575491
1100,c,36.24380623575491,36.24380623575491
1101,c,36.24380623575491,36.24380623575491
1102,c,36.24380623575491,36.24380623575491
1103,t,36.24380623575491,36.24380623575491
1104,c,36.24380623575491,36.24380623575491
1105,t,36.24380623575491,36.24380623575491
1106,t,36.24380623575491,36.24380623575491
1107,c,36.24380623575491,36.24380623575491
1108,t,36.24380623575491,36.24380623575491
1109,c,36.24380623575491,36.24380623575491
1110,t,36.24380623575491,36.24380623575491
1111,c,36.24380623575491,36.24380623575491
1112,c,36.24380623575491,36.24380623575491
1113,t,36.24380623575491,36.24380623575491
1114,t,36.24380623575491,36.24380623575491
1115,t,36.24380623575491,36.24380623575491
1116,c,36.24380623575491,36.24380623575491
1117,c,36.24380623575491,36.24380623575491
1118,t,36.24380623575491,36.24380623575491
1119,c,36.24380623575491,36.24380623575491
1120,c,36.24380623575491,36.24380623575491
1121,t,36.24380623575491,36.24380623575491
1122,t,36.24380623575491,36.24380623575491
1123,t,36.24380623575491,36.24380623575491
1124,c,36.24380623575491,36.24380623575491
1125,t,36.24380623575491,36.24380623575491
1126,c,36.24380623575491,36.24380623575491
1127,c,36.24380623575491,36.24380623575491
1128,c,36.24380623575491,36.24380623575491
1129,c,36.24380623575491,36.24380623575491
1130,t,36.24380623575491,36.24380623575491
1131,t,36.24380623575491,36.24380623575491
1132,t,36.24380623575491,36.24380623575491
1133,c,36.24380623575491,36.24380623575491
1134,t,36.24380623575491,36.24380623575491
1135,c,36.24380623575491,36.24380623575491
1136,c,36.24380623575491,36.24380623575491
1137,t,36.24380623575491,36.24380623575491
1138,c,36.24380623575491,36.24380623575491
1139,c,36.24380623575491,36.24380623575491
1140,c,36.24380623575491,36.24380623575491
1141,t,36.24380623575491,36.24380623575491
1142,t,36.24380623575491,36.24380623575491
1143,t,36.24380623575491,36.24380623575491
1144,t,36.24380623575491,36.24380623575491
1145,c,36.24380623575491,36.24380623575491
1146,t,36.24380623575491,36.24380623575491
1147,t,36.24380623575491,36.24380623575491
1148,c,36.24380623575491,36.24380623575491
1149,t,36.24380623575491,36.24380623575491
1150,t,36.24380623575491,36.24380623575491
1151,t,36.24380623575491,36.24380623575491
1152,t,36.24380623575491,36.24380623575491
1153,c,36.24380623575491,36.24380623575491
1154,c,36.24380623575491,36.24380623575491
1155,t,36.24380623575491,36.24380623575491
1156,c,36.24380623575491,36.24380623575491
1157,t,36.24380623575491,36.24380623575491
1158,t,36.24380623575491,36.24380623575491
1159,t,36.24380623575491,36.24380623575491
1160,t,36.24380623575491,36.24380623575491
1161,c,36.24380623575491,36.24380623575491
1162,t,36.24380623575491,36.24380623575491
1163,c,36.24380623575491,36.24380623575491
1164,t,36.24380623575491,36.24380623575491
1165,c,36.24380623575491,36.24380623575491
1166,t,36.24380623575491,36.24380623575491
1167,c,36.24380623575491,36.24380623575491
1168,t,36.24380623575491,36.24380623575491
1169,t,36.24380623575491,36.24380623575491
1170,c,36.24380623575491,36.24380623575491
1171,t,36.24380623575491,36.24380623575491
1172,t,36.24380623575491,36.24380623575491
1173,t,36.24380623575491,36.24380623575491
1174,c,36.24380623575491,36.24380623575491
1175,t,36.24380623575491,36.24380623575491
1176,t,36.24380623575491,36.24380623575491
1177,c,36.24380623575491,36.24380623575491
1178,t,36.24380623575491,36.24380623575491
1179,t,36.24380623575491,36.24380623575491
1180,c,36.24380623575491,36.24380623575491
1181,c,36.24380623575491,36.24380623575491
1182,c,36.24380623575491,36.24380623575491
1183,t,36.24380623575491,36.24380623575491
1184,t,36.24380623575491,36.24380623575491
1185,c,36.24380623575491,36.24380623575491
1186,t,36.24380623575491,36.24380623575491
1187,c,36.24380623575491,36.24380623575491
1188,c,36.24380623575491,36.24380623575491
1189,c,36.24380623575491,36.24380623575491
1190,c,36.24380623575491,36.24380623575491
1191,t,36.24380623575491,36.24380623575491
1192,t,36.24380623575491,36.24380623575491
1193,t,36.24380623575491,36.24380623575491
1194,c,36.24380623575491,36.24380623575491
1195,t,36.24380623575491,36.24380623575491
1196,t,36.24380623575491,36.24380623575491
1197,c,36.24380623575491,36.24380623575491
1198,t,36.24380623575491,36.24380623575491
1199,t,36.24380623575491,36.24380623575491
1200,t,36.24380623575491,36.24380623575491
1201,c,36.24380623575491,36.24380623575491
1202,t,36.24380623575491,36.24380623575491
1203,t,36.24380623575491,36.24380623575491
1204,c,36.24380623575491,36.24380623575491
1205,t,36.24380623575491,36.24380623575491
1206,c,36.24380623575491,36.24380623575491
1207,c,36.24380623575491,36.24380623575491
1208,t,36.24380623575491,36.24380623575491
1209,t,36.24380623575491,36.24380623575491
1210,t,36.24380623575491,36.24380623575491
1211,c,36.24380623575491,36.24380623575491
1212,t,36.24380623575491,36.24380623575491
1213,c,36.24380623575491,36.24380623575491
1214,t,36.24380623575491,36.24380623575491
1215,c,36.24380623575491,36.24380623575491
1216,c,36.24380623575491,36.24380623575491
1217,c,36.24380623575491,36.24380623575491
1218,t,36.24380623575491,36.24380623575491
1219,c,36.24380623575491,36.24380623575491
1220,c,36.24380623575491,36.24380623575491
1221,c,36.24380623575491,36.24380623575491
1222,c,36.24380623575491,36.24380623575491
1223,c,36.24380623575491,36.24380623575491
1224,t,36.24380623575491,36.24380623575491
1225,t,36.24380623575491,36.24380623575491
1226,t,36.24380623575491,36.24380623575491
1227,t,36.24380623575491,36.24380623575491
1228,t,36.24380623575491,36.24380623575491
1229,c,36.24380623575491,36.24380623575491
1230,c,36.24380623575491,36.24380623575491
1231,t,36.24380623575491,36.24380623575491
1232,t,36.24380623575491,36.24380623575491
1233,t,36.24380623575491,36.24380623575491
1234,t,36.24380623575491,36.24380623575491
1235,c,36.24380623575491,36.24380623575491
1236,c,36.24380623575491,36.24380623575491
1237,c,36.24380623575491,36.24380623575491
1238,t,36.24380623575491,36.24380623575491
1239,t,36.24380623575491,36.24380623575491
1240,t,36.24380623575491,36.24380623575491
1241,c,36.24380623575491,36.24380623575491
1242,t,36.24380623575491,36.24380623575491
1243,t,36.24380623575491,36.24380623575491
1244,t,36.24380623575491,36.24380623575491
1245,t,36.24380623575491,36.24380623575491
1246,t,36.24380623575491,36.24380623575491
1247,t,36.24380623575491,36.24380623575491
1248,c,36.24380623575491,36.24380623575491
1249,t,36.24380623575491,36.24380623575491
1250,c,36.24380623575491,36.24380623575491
1251,c,36.24380623575491,36.24380623575491
1252,c,36.24380623575491,36.24380623575491
1253,c,36.24380623575491,36.24380623575491
1254,t,36.24380623575491,36.24380623575491
1255,t,36.24380623575491,36.24380623575491
1256,t,36.24380623575491,36.24380623575491
1257,t,36.24380623575491,36.24380623575491
1258,c,36.24380623575491,36.24380623575491
1259,c,36.24380623575491,36.24380623575491
1260,t,36.24380623575491,36.24380623575491
1261,c,18.372977743775543,23.511010135839292
1262,t,36.24380623575491,36.24380623575491
1263,t,36.24380623575491,36.24380623575491
1264,t,36.24380623575491,36.24380623575491
1265,t,36.24380623575491,36.24380623575491
1266,t,36.24380623575491,36.24380623575491
1267,c,36.24380623575491,36.24380623575491
1268,t,36.24380623575491,36.24380623575491
1269,c,36.24380623575491,36.24380623575491
1270,c,36.24380623575491,36.24380623575491
1271,c,36.24380623575491,36.24380623575491
1272,t,36.24380623575491,36.24380623575491
1273,c,36.24380623575491,36.24380623575491
1274,c,36.24380623575491,36.24380623575491
1275,t,36.24380623575491,36.24380623575491
1276,c,36.24380623575491,36.24380623575491
1277,t,36.24380623575491,36.24380623575491
1278,t,36.24380623575491,36.24380623575491
1279,c,36.24380623575491,36.24380623575491
1280,t,36.24380623575491,36.24380623575491
1281,t,36.24380623575491,36.24380623575491
1282,c,36.24380623575491,36.24380623575491
1283,c,36.24380623575491,36.24380623575491
1284,t,36.24380623575491,36.24380623575491
1285,t,36.24380623575491,36.24380623575491
1286,t,36.24380623575491,36.24380623575491
1287,c,36.24380623575491,36.24380623575491
1288,c,36.24380623575491,36.24380623575491
1289,c,36.24380623575491,36.24380623575491
1290,t,36.24380623575491,36.24380623575491
1291,c,36.24380623575491,36.24380623575491
1292,c,36.24380623575491,36.24380623575491
1293,c,36.24380623575491,36.24380623575491
1294,c,36.24380623575491,36.24380623575491
1295,c,36.24380623575491,36.24380623575491
1296,t,36.24380623575491,36.24380623575491
1297,c,36.24380623575491,36.24380623575491
1298,t,36.24380623575491,36.24380623575491
1299,t,36.24380623575491,36.24380623575491
1300,c,36.24380623575491,36.24380623575491
1301,c,36.24380623575491,36.24380623575491
1302,c,36.24380623575491,36.24380623575491
1303,t,36.24380623575491,36.24380623575491
1304,t,36.24380623575491,36.24380623575491
1305,c,36.24380623575491,36.24380623575491
1306,t,36.24380623575491,36.24380623575491
1307,t,36.24380623575491,36.24380623575491
1308,t,36.24380623575491,36.24380623575491
1309,t,36.24380623575491,36.24380623575491
1310,c,36.24380623575491,36.24380623575491
1311,t,36.24380623575491,36.24380623575491
1312,t,36.24380623575491,36.24380623575491
1313,t,36.24380623575491,36.24380623575491
1314,t,36.24380623575491,36.24380623575491
1315,t,36.24380623575491,36.24380623575491
1316,t,36.24380623575491,36.24380623575491
1317,t,36.24380623575491,36.24380623575491
1318,t,36.24380623575491,36.24380623575491
1319,t,36.24380623575491,36.24380623575491
1320,t,36.24380623575491,36.24380623575491
1321,c,36.24380623575491,36.24380623575491
1322,c,36.24380623575491,36.24380623575491
1323,c,36.24380623575491,36.24380623575491
1324,c,36.24380623575491,36.24380623575491
1325,t,36.24380623575491,36.24380623575491
1326,t,36.24380623575491,36.24380623575491
1327,t,36.24380623575491,36.24380623575491
1328,c,36.24380623575491,36.24380623575491
1329,t,36.24380623575491,36.24380623575491
1330,t,36.24380623575491,36.24380623575491
1331,c,36.24380623575491,36.24380623575491
1332,c,36.24380623575491,36.24380623575491
1333,c,36.24380623575491,36.24380623575491
1334,t,36.24380623575491,36.24380623575491
1335,t,36.24380623575491,36.24380623575491
1336,t,36.24380623575491,36.24380623575491
1337,c,36.24380623575491,36.24380623575491
1338,t,36.24380623575491,36.24380623575491
1339,c,36.24380623575491,36.24380623575491
1340,t,36.24380623575491,36.24380623575491
1341,c,36.24380623575491,36.24380623575491
1342,t,36.24380623575491,36.24380623575491
1343,t,36.24380623575491,36.24380623575491
1344,c,36.24380623575491,36.24380623575491
1345,c,36.24380623575491,36.24380623575491
1346,c,36.24380623575491,36.24380623575491
1347,t,36.24380623575491,36.24380623575491
1348,c,36.24380623575491,36.24380623575491
1349,t,36.24380623575491,36.24380623575491
1350,c,36.24380623575491,36.24380623575491
1351,t,36.24380623575491,36.24380623575491
1352,t,36.24380623575491,36.24380623575491
1353,c,36.24380623575491,36.24380623575491
1354,t,36.24380623575491,36.24380623575491
1355,t,36.24380623575491,36.24380623575491
1356,c,36.24380623575491,36.24380623575491
1357,c,36.24380623575491,36.24380623575491
1358,c,36.24380623575491,36.24380623575491
1359,c,36.24380623575491,36.24380623575491
1360,t,36.24380623575491,36.24380623575491
1361,t,36.24380623575491,36.24380623575491
1362,t,36.24380623575491,36.24380623575491
1363,c,36.24380623575491,36.24380623575491
1364,t,36.24380623575491,36.24380623575491
1365,c,36.24380623575491,36.24380623575491
1366,t,36.24380623575491,36.24380623575491
1367,t,36.24380623575491,36.24380623575491
1368,c,36.24380623575491,36.24380623575491
1369,c,36.24380623575491,36.24380623575491
1370,t,36.24380623575491,36.24380623575491
1371,t,36.24380623575491,36.24380623575491
1372,t,36.24380623575491,36.24380623575491
1373,c,36.24380623575491,36.24380623575491
1374,t,36.24380623575491,36.24380623575491
1375,t,36.24380623575491,36.24380623575491
1376,c,36.24380623575491,36.24380623575491
1377,t,36.24380623575491,36.24380623575491
1378,c,36.24380623575491,36.24380623575491
1379,t,36.24380623575491,36.24380623575491
1380,c,36.24380623575491,36.24380623575491
1381,c,36.24380623575491,36.24380623575491
1382,c,36.24380623575491,36.24380623575491
1383,c,36.24380623575491,36.24380623575491
1384,c,36.24380623575491,36.24380623575491
1385,t,36.24380623575491,36.24380623575491
1386,t,36.24380623575491,36.24380623575491
1387,t,36.24380623575491,36.24380623575491
1388,c,36.24380623575491,36.24380623575491
1389,c,36.24380623575491,36.24380623575491
1390,c,36.24380623575491,36.24380623575491
1391,t,36.24380623575491,36.24380623575491
1392,c,36.24380623575491,36.24380623575491
1393,c,36.24380623575491,36.24380623575491
1394,c,36.24380623575491,36.24380623575491
1395,t,36.24380623575491,36.24380623575491
1396,c,36.24380623575491,36.24380623575491
1397,t,36.24380623575491,36.24380623575491
1398,t,36.24380623575491,36.24380623575491
1399,na,-1,0
1400,c,36.24380623575491,36.24380623575491
1401,c,36.24380623575491,36.24380623575491
1402,c,36.24380623575491,36.24380623575491
1403,c,36.24380623575491,36.24380623575491
1404,t,36.24380623575491,36.24380623575491
1405,c,36.24380623575491,36.24380623575491
1406,t,36.24380623575491,36.24380623575491
1407,c,36.24380623575491,36.24380623575491
1408,c,36.24380623575491,36.24380623575491
1409,c,36.24380623575491,36.24380623575491
1410,t,36.24380623575491,36.24380623575491
1411,t,36.24380623575491,36.24380623575491
1412,t,36.24380623575491,36.24380623575491
1413,c,36.24380623575491,36.24380623575491
1414,t,36.24380623575491,36.24380623575491
1415,c,36.24380623575491,36.24380623575491
1416,c,36.24380623575491,36.24380623575491
1417,c,36.24380623575491,36.24380623575491
1418,c,36.24380623575491,36.24380623575491
1419,t,36.24380623575491,36.24380623575491
1420,t,36.24380623575491,36.24380623575491
1421,t,36.24380623575491,36.24380623575491
1422,c,36.24380623575491,36.24380623575491
1423,t,36.24380623575491,36.24380623575491
1424,t,36.24380623575491,36.24380623575491
1425,t,36.24380623575491,36.24380623575491
1426,t,36.24380623575491,36.24380623575491
1427,na,0,2.8618597032467004
1428,c,36.24380623575491,36.24380623575491
1429,na,-1,0
1430,t,36.24380623575491,36.24380623575491
1431,c,36.24380623575491,36.24380623575491
1432,c,36.24380623575491,36.24380623575491
1433,t,36.24380623575491,36.24380623575491
1434,t,36.24380623575491,36.24380623575491
1435,t,36.24380623575491,36.24380623575491
1436,c,36.24380623575491,36.24380623575491
1437,na,3.594470387060409,3.706523991680404
1438,c,36.24380623575491,36.24380623575491
1439,c,36.24380623575491,36.24380623575491
1440,t,36.24380623575491,36.24380623575491
1441,c,36.24380623575491,36.24380623575491
1442,t,36.24380623575491,36.24380623575491
1443,c,36.24380623575491,36.24380623575491
1444,t,36.24380623575491,36.24380623575491
1445,t,36.24380623575491,36.24380623575491
1446,c,36.24380623575491,36.24380623575491
1447,t,36.24380623575491,36.24380623575491
1448,t,36.24380623575491,36.24380623575491
1449,t,36.24380623575491,36.24380623575491
1450,c,36.24380623575491,36.24380623575491
1451,t,36.24380623575491,36.24380623575491
1452,c,36.24380623575491,36.24380623575491
1453,c,36.24380623575491,36.24380623575491
1454,t,36.24380623575491,36.24380623575491
1455,t,36.24380623575491,36.24380623575491
1456,c,36.24380623575491,36.24380623575491
1457,t,36.24380623575491,36.24380623575491
1458,c,36.24380623575491,36.24380623575491
1459,c,36.24380623575491,36.24380623575491
1460,c,36.24380623575491,36.24380623575491
1461,c,36.24380623575491,36.24380623575491
1462,t,36.24380623575491,36.24380623575491
1463,c,36.24380623575491,36.24380623575491
1464,c,36.24380623575491,36.24380623575491
1465,t,36.24380623575491,36.24380623575491
1466,t,36.24380623575491,36.24380623575491
1467,c,36.24380623575491,36.24380623575491
1468,t,36.24380623575491,36.24380623575491
1469,t,36.24380623575491,36.24380623575491
1470,c,36.24380623575491,36.24380623575491
1471,c,36.24380623575491,36.24380623575491
1472,t,36.24380623575491,36.24380623575491
1473,c,36.24380623575491,36.24380623575491
1474,t,36.24380623575491,36.24380623575491
1475,c,36.24380623575491,36.24380623575491
1476,t,36.24380623575491,36.24380623575491
1477,t,36.24380623575491,36.24380623575491
1478,t,36.24380623575491,36.24380623575491
1479,t,36.24380623575491,36.24380623575491
1480,c,36.24380623575491,36.24380623575491
1481,c,36.24380623575491,36.24380623575491
1482,c,36.24380623575491,36.24380623575491
1483,c,36.24380623575491,36.24380623575491
1484,c,36.24380623575491,36.24380623575491
1485,c,36.24380623575491,36.24380623575491
1486,t,36.24380623575491,36.24380623575491
1487,c,36.24380623575491,36.24380623575491
1488,t,36.24380623575491,36.24380623575491
1489,c,36.24380623575491,36.24380623575491
1490,c,36.24380623575491,36.24380623575491
1491,c,36.24380623575491,36.24380623575491
1492,t,36.24380623575491,36.24380623575491
1493,c,36.24380623575491,36.24380623575491
1494,t,36.24380623575491,36.24380623575491
1495,c,36.24380623575491,36.24380623575491
1496,t,36.24380623575491,36.24380623575491
1497,t,36.24380623575491,36.24380623575491
1498,t,36.24380623575491,36.24380623575491
1499,c,36.24380623575491,36.24380623575491
1500,c,36.24380623575491,36.24380623575491
1501,t,36.24380623575491,36.24380623575491
1502,c,36.24380623575491,36.24380623575491
1503,c,36.24380623575491,36.24380623575491
1504,c,36.24380623575491,36.24380623575491
1505,c,36.24380623575491,36.24380623575491
1506,t,36.24380623575491,36.24380623575491
1507,t,36.24380623575491,36.24380623575491
1508,t,36.24380623575491,36.24380623575491
1509,c,36.24380623575491,36.24380623575491
1510,t,36.24380623575491,36.24380623575491
1511,t,36.24380623575491,36.24380623575491
1512,t,36.24380623575491,36.24380623575491
1513,t,36.24380623575491,36.24380623575491
1514,c,36.24380623575491,36.24380623575491
1515,c,36.24380623575491,36.24380623575491
1516,c,36.24380623575491,36.24380623575491
1517,c,36.24380623575491,36.24380623575491
1518,c,36.24380623575491,36.24380623575491
1519,c,36.24380623575491,36.24380623575491
1520,t,36.24380623575491,36.24380623575491
1521,t,36.24380623575491,36.24380623575491
1522,c,36.24380623575491,36.24380623575491
1523,c,36.24380623575491,36.24380623575491
1524,t,36.24380623575491,36.24380623575491
1525,t,36.24380623575491,36.24380623575491
1526,c,36.24380623575491,36.24380623575491
1527,t,36.24380623575491,36.24380623575491
1528,c,36.24380623575491,36.24380623575491
1529,t,36.24380623575491,36.24380623575491
1530,c,36.24380623575491,36.24380623575491
1531,c,36.24380623575491,36.24380623575491
1532,t,36.24380623575491,36.24380623575491
1533,t,36.24380623575491,36.24380623575491
1534,c,36.24380623575491,36.24380623575491
1535,c,36.24380623575491,36.24380623575491
1536,t,36.24380623575491,36.24380623575491
1537,c,36.24380623575491,36.24380623575491
1538,c,36.24380623575491,36.24380623575491
1539,c,36.24380623575491,36.24380623575491
1540,c,36.24380623575491,36.24380623575491
1541,c,36.24380623575491,36.24380623575491
1542,c,36.24380623575491,36.24380623575491
1543,c,36.24380623575491,36.24380623575491
1544,c,36.24380623575491,36.24380623575491
1545,t,36.24380623575491,36.24380623575491
1546,t,36.24380623575491,36.24380623575491
1547,t,36.24380623575491,36.24380623575491
1548,t,36.24380623575491,36.24380623575491
1549,t,36.24380623575491,36.24380623575491
1550,c,36.24380623575491,36.24380623575491
1551,c,36.24380623575491,36.24380623575491
1552,c,36.24380623575491,36.24380623575491
1553,t,36.24380623575491,36.24380623575491
1554,t,36.24380623575491,36.24380623575491
1555,t,36.24380623575491,36.24380623575491
1556,c,36.24380623575491,36.24380623575491
1557,c,36.24380623575491,36.24380623575491
1558,t,36.24380623575491,36.24380623575491
1559,c,36.24380623575491,36.24380623575491
1560,c,36.24380623575491,36.24380623575491
1561,t,36.24380623575491,36.24380623575491
1562,t,36.24380623575491,36.24380623575491
1563,c,36.24380623575491,36.24380623575491
1564,t,36.24380623575491,36.24380623575491
1565,c,36.24380623575491,36.24380623575491
1566,c,36.24380623575491,36.24380623575491
1567,t,36.24380623575491,36.24380623575491
1568,t,36.24380623575491,36.24380623575491
1569,t,36.24380623575491,36.24380623575491
1570,t,36.24380623575491,36.24380623575491
1571,t,36.24380623575491,36.24380623575491
1572,c,36.24380623575491,36.24380623575491
1573,c,36.24380623575491,36.24380623575491
1574,c,36.24380623575491,36.24380623575491
1575,t,36.24380623575491,36.24380623575491
1576,c,36.24380623575491,36.24380623575491
1577,c,36.24380623575491,36.24380623575491
1578,c,36.24380623575491,36.24380623575491
1579,c,36.24380623575491,36.24380623575491
1580,c,36.24380623575491,36.24380623575491
1581,c,36.24380623575491,36.24380623575491
1582,c,36.24380623575491,36.24380623575491
1583,t,36.24380623575491,36.24380623575491
1584,t,36.24380623575491,36.24380623575491
1585,c,36.24380623575491,36.24380623575491
1586,c,36.24380623575491,36.24380623575491
1587,c,36.24380623575491,36.24380623575491
1588,t,36.24380623575491,36.24380623575491
1589,c,36.24380623575491,36.24380623575491
1590,c,36.24380623575491,36.24380623575491
1591,c,36.24380623575491,36.24380623575491
1592,c,36.24380623575491,36.24380623575491
1593,c,36.24380623575491,36.24380623575491
1594,c,36.24380623575491,36.24380623575491
1595,t,36.24380623575491,36.24380623575491
1596,c,36.24380623575491,36.24380623575491
1597,t,36.24380623575491,36.24380623575491
1598,c,36.24380623575491,36.24380623575491
1599,t,36.24380623575491,36.24380623575491
1600,c,36.24380623575491,36.24380623575491
1601,t,36.24380623575491,36.24380623575491
1602,t,36.24380623575491,36.24380623575491
1603,c,36.24380623575491,36.24380623575491
1604,na,10.449183995198029,24.622093441212474
1605,t,36.24380623575491,36.24380623575491
1606,t,36.24380623575491,36.24380623575491
1607,t,36.24380623575491,36.24380623575491
1608,c,36.24380623575491,36.24380623575491
1609,c,36.24380623575491,36.24380623575491
1610,c,36.24380623575491,36.24380623575491
1611,c,36.24380623575491,36.24380623575491
1612,c,36.24380623575491,36.24380623575491
1613,c,36.24380623575491,36.24380623575491
1614,c,36.24380623575491,36.24380623575491
1615,c,36.24380623575491,36.24380623575491
1616,c,36.24380623575491,36.24380623575491
1617,t,36.24380623575491,36.24380623575491
1618,c,36.24380623575491,36.24380623575491
1619,c,36.24380623575491,36.24380623575491
1620,t,36.24380623575491,36.24380623575491
1621,t,36.24380623575491,36.24380623575491
1622,t,36.24380623575491,36.24380623575491
1623,c,36.24380623575491,36.24380623575491
1624,c,7.69092863025064,9.544059683908918
1625,c,36.24380623575491,36.24380623575491
1626,c,36.24380623575491,36.24380623575491
1627,c,36.24380623575491,36.24380623575491
1628,c,36.24380623575491,36.24380623575491
1629,c,36.24380623575491,36.24380623575491
1630,t,36.24380623575491,36.24380623575491
1631,c,36.24380623575491,36.24380623575491
1632,na,4.506920236249714,13.853705184634844
1633,t,36.24380623575491,36.24380623575491
1634,t,36.24380623575491,36.24380623575491
1635,t,36.24380623575491,36.24380623575491
1636,t,36.24380623575491,36.24380623575491
1637,c,36.24380623575491,36.24380623575491
1638,c,36.24380623575491,36.24380623575491
1639,t,36.24380623575491,36.24380623575491
1640,c,36.24380623575491,36.24380623575491
1641,t,36.24380623575491,36.24380623575491
1642,t,36.24380623575491,36.24380623575491
1643,c,36.24380623575491,36.24380623575491
1644,t,36.24380623575491,36.24380623575491
1645,t,36.24380623575491,36.24380623575491
1646,t,36.24380623575491,36.24380623575491
1647,c,36.24380623575491,36.24380623575491
1648,c,36.24380623575491,36.24380623575491
1649,t,36.24380623575491,36.24380623575491
1650,c,36.24380623575491,36.24380623575491
1651,t,36.24380623575491,36.24380623575491
1652,c,36.24380623575491,36.24380623575491
1653,c,36.24380623575491,36.24380623575491
1654,t,36.24380623575491,36.24380623575491
1655,c,36.24380623575491,36.24380623575491
1656,c,36.24380623575491,36.24380623575491
1657,c,36.24380623575491,36.24380623575491
1658,t,36.24380623575491,36.24380623575491
1659,c,36.24380623575491,36.24380623575491
1660,t,36.24380623575491,36.24380623575491
1661,c,36.24380623575491,36.24380623575491
1662,t,36.24380623575491,36.24380623575491
1663,c,36.24380623575491,36.24380623575491
1664,c,36.24380623575491,36.24380623575491
1665,t,36.24380623575491,36.24380623575491
1666,t,36.24380623575491,36.24380623575491
1667,t,36.24380623575491,36.24380623575491
1668,c,36.24380623575491,36.24380623575491
1669,c,36.24380623575491,36.24380623575491
1670,c,36.24380623575491,36.24380623575491
1671,c,36.24380623575491,36.24380623575491
1672,t,36.24380623575491,36.24380623575491
1673,c,36.24380623575491,36.24380623575491
1674,na,-1,0
1675,t,36.24380623575491,36.24380623575491
1676,c,36.24380623575491,36.24380623575491
1677,c,36.24380623575491,36.24380623575491
1678,t,36.24380623575491,36.24380623575491
1679,c,36.24380623575491,36.24380623575491
1680,t,36.24380623575491,36.24380623575491
1681,c,36.24380623575491,36.24380623575491
1682,na,-1,0
1683,c,36.24380623575491,36.24380623575491
1684,t,36.24380623575491,36.24380623575491
1685,na,0,0.07631022758169176
1686,c,36.24380623575491,36.24380623575491
1687,c,36.24380623575491,36.24380623575491
1688,t,36.24380623575491,36.24380623575491
1689,t,36.24380623575491,36.24380623575491
1690,c,36.24380623575491,36.24380623575491
1691,c,36.24380623575491,36.24380623575491
1692,c,36.24380623575491,36.24380623575491
1693,c,36.24380623575491,36.24380623575491
1694,c,36.24380623575491,36.24380623575491
1695,t,36.24380623575491,36.24380623575491
1696,t,36.24380623575491,36.24380623575491
1697,t,36.24380623575491,36.24380623575491
1698,t,36.24380623575491,36.24380623575491
1699,t,36.24380623575491,36.24380623575491
1700,c,36.24380623575491,36.24380623575491
1701,t,36.24380623575491,36.24380623575491
1702,c,36.24380623575491,36.24380623575491
1703,t,36.24380623575491,36.24380623575491
1704,c,36.24380623575491,36.24380623575491
1705,c,36.24380623575491,36.24380623575491
1706,t,36.24380623575491,36.24380623575491
1707,c,36.24380623575491,36.24380623575491
1708,t,36.24380623575491,36.24380623575491
1709,t,36.24380623575491,36.24380623575491
1710,t,36.24380623575491,36.24380623575491
1711,c,36.24380623575491,36.24380623575491
1712,c,36.24380623575491,36.24380623575491
1713,t,36.24380623575491,36.24380623575491
1714,c,36.24380623575491,36.24380623575491
1715,c,36.24380623575491,36.24380623575491
1716,c,36.24380623575491,36.24380623575491
1717,c,36.24380623575491,36.24380623575491
1718,c,36.24380623575491,36.24380623575491
1719,c,36.24380623575491,36.24380623575491
1720,c,36.24380623575491,36.24380623575491
1721,c,36.24380623575491,36.24380623575491
1722,c,36.24380623575491,36.24380623575491
1723,t,36.24380623575491,36.24380623575491
1724,t,36.24380623575491,36.24380623575491
1725,c,6.1946806293016135,9.431157469697766
1726,c,36.24380623575491,36.24380623575491
1727,c,36.24380623575491,36.24380623575491
1728,c,36.24380623575491,36.24380623575491
1729,c,36.24380623575491,36.24380623575491
1730,c,36.24380623575491,36.24380623575491
1731,c,36.24380623575491,36.24380623575491
1732,c,36.24380623575491,36.24380623575491
1733,c,36.24380623575491,36.24380623575491
1734,c,36.24380623575491,36.24380623575491
1735,c,36.24380623575491,36.24380623575491
1736,c,36.24380623575491,36.24380623575491
1737,t,36.24380623575491,36.24380623575491
1738,t,36.24380623575491,36.24380623575491
1739,c,36.24380623575491,36.24380623575491
1740,t,36.24380623575491,36.24380623575491
1741,c,36.24380623575491,36.24380623575491
1742,t,36.24380623575491,36.24380623575491
1743,t,36.24380623575491,36.24380623575491
1744,t,36.24380623575491,36.24380623575491
1745,t,36.24380623575491,36.24380623575491
1746,t,36.24380623575491,36.24380623575491
1747,c,36.24380623575491,36.24380623575491
1748,t,36.24380623575491,36.24380623575491
1749,t,36.24380623575491,36.24380623575491
1750,t,36.24380623575491,36.24380623575491
1751,t,36.24380623575491,36.24380623575491
1752,t,36.24380623575491,36.24380623575491
1753,c,36.24380623575491,36.24380623575491
1754,c,36.24380623575491,36.24380623575491
1755,c,36.24380623575491,36.24380623575491
1756,c,36.24380623575491,36.24380623575491
1757,t,36.24380623575491,36.24380623575491
1758,c,36.24380623575491,36.24380623575491
1759,c,36.24380623575491,36.24380623575491
1760,c,36.24380623575491,36.24380623575491
1761,c,36.24380623575491,36.24380623575491
1762,c,36.24380623575491,36.24380623575491
1763,c,36.24380623575491,36.24380623575491
1764,c,36.24380623575491,36.24380623575491
1765,t,36.24380623575491,36.24380623575491
1766,t,36.24380623575491,36.24380623575491
1767,t,36.24380623575491,36.24380623575491
1768,c,36.24380623575491,36.24380623575491
1769,c,36.24380623575491,36.24380623575491
1770,c,36.24380623575491,36.24380623575491
1771,t,36.24380623575491,36.24380623575491
1772,c,36.24380623575491,36.24380623575491
1773,t,36.24380623575491,36.24380623575491
1774,c,36.24380623575491,36.24380623575491
1775,na,0,2.6579145587861803
1776,t,36.24380623575491,36.24380623575491
1777,c,36.24380623575491,36.24380623575491
1778,t,36.24380623575491,36.24380623575491
1779,t,36.24380623575491,36.24380623575491
1780,c,36.24380623575491,36.24380623575491
1781,c,36.24380623575491,36.24380623575491
1782,t,36.24380623575491,36.24380623575491
1783,c,36.24380623575491,36.24380623575491
1784,t,36.24380623575491,36.24380623575491
1785,c,36.24380623575491,36.24380623575491
1786,t,36.24380623575491,36.24380623575491
1787,t,36.24380623575491,36.24380623575491
1788,t,36.24380623575491,36.24380623575491
1789,c,36.24380623575491,36.24380623575491
1790,c,36.24380623575491,36.24380623575491
1791,c,36.24380623575491,36.24380623575491
1792,t,36.24380623575491,36.24380623575491
1793,c,36.24380623575491,36.24380623575491
1794,t,36.24380623575491,36.24380623575491
1795,c,36.24380623575491,36.24380623575491
1796,c,36.24380623575491,36.24380623575491
1797,t,36.24380623575491,36.24380623575491
1798,t,36.24380623575491,36.24380623575491
1799,t,36.24380623575491,36.24380623575491
1800,t,36.24380623575491,36.24380623575491
1801,c,36.24380623575491,36.24380623575491
1802,c,36.24380623575491,36.24380623575491
1803,t,36.24380623575491,36.24380623575491
1804,t,36.24380623575491,36.24380623575491
1805,c,36.24380623575491,36.24380623575491
1806,c,36.24380623575491,36.24380623575491
1807,c,36.24380623575491,36.24380623575491
1808,c,36.24380623575491,36.24380623575491
1809,c,36.24380623575491,36.24380623575491
1810,t,36.24380623575491,36.24380623575491
1811,t,36.24380623575491,36.24380623575491
1812,t,36.24380623575491,36.24380623575491
1813,c,36.24380623575491,36.24380623575491
1814,t,36.24380623575491,36.24380623575491
1815,c,0.5025790679292266,11.989574317756805
1816,c,36.24380623575491,36.24380623575491
1817,t,36.24380623575491,36.24380623575491
1818,c,36.24380623575491,36.24380623575491
1819,c,36.24380623575491,36.24380623575491
1820,c,36.24380623575491,36.24380623575491
1821,c,36.24380623575491,36.24380623575491
1822,t,36.24380623575491,36.24380623575491
1823,t,36.24380623575491,36.24380623575491
1824,c,36.24380623575491,36.24380623575491
1825,t,36.24380623575491,36.24380623575491
1826,c,36.24380623575491,36.24380623575491
1827,c,36.24380623575491,36.24380623575491
1828,c,36.24380623575491,36.24380623575491
1829,t,36.24380623575491,36.24380623575491
1830,c,36.24380623575491,36.24380623575491
1831,t,36.24380623575491,36.24380623575491
1832,c,36.24380623575491,36.24380623575491
1833,c,36.24380623575491,36.24380623575491
1834,c,36.24380623575491,36.24380623575491
1835,c,36.24380623575491,36.24380623575491
1836,c,36.24380623575491,36.24380623575491
1837,t,36.24380623575491,36.24380623575491
1838,c,36.24380623575491,36.24380623575491
1839,c,36.24380623575491,36.24380623575491
1840,t,36.24380623575491,36.24380623575491
1841,c,36.24380623575491,36.24380623575491
1842,t,36.24380623575491,36.24380623575491
1843,na,4.447730192700298,5.440478513191035
1844,c,36.24380623575491,36.24380623575491
1845,c,36.24380623575491,36.24380623575491
1846,t,36.24380623575491,36.24380623575491
1847,c,36.24380623575491,36.24380623575491
1848,c,36.24380623575491,36.24380623575491
1849,c,36.24380623575491,36.24380623575491
1850,c,36.24380623575491,36.24380623575491
1851,t,36.24380623575491,36.24380623575491
1852,t,36.24380623575491,36.24380623575491
1853,c,36.24380623575491,36.24380623575491
1854,c,36.24380623575491,36.24380623575491
1855,t,36.24380623575491,36.24380623575491
1856,t,36.24380623575491,36.24380623575491
1857,c,36.24380623575491,36.24380623575491
1858,c,36.24380623575491,36.24380623575491
1859,c,36.24380623575491,36.24380623575491
1860,c,36.24380623575491,36.24380623575491
1861,c,36.24380623575491,36.24380623575491
1862,c,36.24380623575491,36.24380623575491
1863,c,36.24380623575491,36.24380623575491
1864,t,36.24380623575491,36.24380623575491
1865,c,36.24380623575491,36.24380623575491
1866,c,36.24380623575491,36.24380623575491
1867,c,36.24380623575491,36.24380623575491
1868,c,36.24380623575491,36.24380623575491
1869,t,36.24380623575491,36.24380623575491
1870,c,36.24380623575491,36.24380623575491
1871,c,36.24380623575491,36.24380623575491
1872,c,36.24380623575491,36.24380623575491
1873,c,36.24380623575491,36.24380623575491
1874,t,36.24380623575491,36.24380623575491
1875,t,36.24380623575491,36.24380623575491
1876,c,36.24380623575491,36.24380623575491
1877,c,36.24380623575491,36.24380623575491
1878,t,36.24380623575491,36.24380623575491
1879,t,36.24380623575491,36.24380623575491
1880,c,36.24380623575491,36.24380623575491
1881,t,36.24380623575491,36.24380623575491
1882,c,36.24380623575491,36.24380623575491
1883,t,36.24380623575491,36.24380623575491
1884,t,36.24380623575491,36.24380623575491
1885,t,36.24380623575491,36.24380623575491
1886,t,36.24380623575491,36.24380623575491
1887,c,36.24380623575491,36.24380623575491
1888,c,36.24380623575491,36.24380623575491
1889,na,-1,0
1890,c,36.24380623575491,36.24380623575491
1891,c,36.24380623575491,36.24380623575491
1892,c,36.24380623575491,36.24380623575491
1893,c,36.24380623575491,36.24380623575491
1894,c,36.24380623575491,36.24380623575491
1895,c,36.24380623575491,36.24380623575491
1896,c,36.24380623575491,36.24380623575491
1897,c,36.24380623575491,36.24380623575491
1898,c,36.24380623575491,36.24380623575491
1899,c,36.24380623575491,36.24380623575491
1900,t,36.24380623575491,36.24380623575491
1901,t,36.24380623575491,36.24380623575491
1902,t,36.24380623575491,36.24380623575491
1903,c,36.24380623575491,36.24380623575491
1904,t,36.24380623575491,36.24380623575491
1905,c,36.24380623575491,36.24380623575491
1906,t,36.24380623575491,36.24380623575491
1907,c,36.24380623575491,36.24380623575491
1908,c,36.24380623575491,36.24380623575491
1909,t,36.24380623575491,36.24380623575491
1910,t,36.24380623575491,36.24380623575491
1911,t,36.24380623575491,36.24380623575491
1912,t,36.24380623575491,36.24380623575491
1913,t,36.24380623575491,36.24380623575491
1914,t,36.24380623575491,36.24380623575491
1915,c,36.24380623575491,36.24380623575491
1916,t,36.24380623575491,36.24380623575491
1917,t,36.24380623575491,36.24380623575491
1918,t,36.24380623575491,36.24380623575491
1919,t,36.24380623575491,36.24380623575491
1920,c,36.24380623575491,36.24380623575491
1921,c,36.24380623575491,36.24380623575491
1922,c,36.24380623575491,36.24380623575491
1923,c,36.24380623575491,36.24380623575491
1924,c,36.24380623575491,36.24380623575491
1925,t,36.24380623575491,36.24380623575491
1926,t,36.24380623575491,36.24380623575491
1927,t,36.24380623575491,36.24380623575491
1928,c,36.24380623575491,36.24380623575491
1929,t,36.24380623575491,36.24380623575491
1930,t,36.24380623575491,36.24380623575491
1931,c,36.24380623575491,36.24380623575491
1932,t,36.24380623575491,36.24380623575491
1933,c,36.24380623575491,36.24380623575491
1934,t,36.24380623575491,36.24380623575491
1935,c,36.24380623575491,36.24380623575491
1936,c,36.24380623575491,36.24380623575491
1937,c,36.24380623575491,36.24380623575491
1938,t,36.24380623575491,36.24380623575491
1939,c,36.24380623575491,36.24380623575491
1940,c,36.24380623575491,36.24380623575491
1941,t,36.24380623575491,36.24380623575491
1942,t,36.24380623575491,36.24380623575491
1943,t,36.24380623575491,36.24380623575491
1944,c,36.24380623575491,36.24380623575491
1945,t,36.24380623575491,36.24380623575491
1946,c,36.24380623575491,36.24380623575491
1947,t,36.24380623575491,36.24380623575491
1948,t,36.24380623575491,36.24380623575491
1949,t,36.24380623575491,36.24380623575491
1950,c,36.24380623575491,36.24380623575491
1951,c,36.24380623575491,36.24380623575491
1952,t,36.24380623575491,36.24380623575491
1953,c,36.24380623575491,36.24380623575491
1954,c,36.24380623575491,36.24380623575491
1955,c,36.24380623575491,36.24380623575491
1956,t,36.24380623575491,36.24380623575491
1957,c,36.24380623575491,36.24380623575491
1958,t,36.24380623575491,36.24380623575491
1959,c,36.24380623575491,36.24380623575491
1960,c,36.24380623575491,36.24380623575491
1961,t,36.24380623575491,36.24380623575491
1962,c,36.24380623575491,36.24380623575491
1963,t,36.24380623575491,36.24380623575491
1964,c,36.24380623575491,36.24380623575491
1965,t,36.24380623575491,36.24380623575491
1966,c,36.24380623575491,36.24380623575491
1967,c,36.24380623575491,36.24380623575491
1968,c,36.24380623575491,36.24380623575491
1969,c,36.24380623575491,36.24380623575491
1970,c,36.24380623575491,36.24380623575491
1971,c,36.24380623575491,36.24380623575491
1972,c,36.24380623575491,36.24380623575491
1973,t,36.24380623575491,36.24380623575491
1974,c,36.24380623575491,36.24380623575491
1975,t,36.24380623575491,36.24380623575491
1976,t,36.24380623575491,36.24380623575491
1977,c,36.24380623575491,36.24380623575491
1978,t,36.24380623575491,36.24380623575491
1979,c,36.24380623575491,36.24380623575491
1980,t,36.24380623575491,36.24380623575491
1981,t,36.24380623575491,36.24380623575491
1982,c,36.24380623575491,36.24380623575491
1983,t,36.24380623575491,36.24380623575491
1984,t,36.24380623575491,36.24380623575491
1985,c,36.24380623575491,36.24380623575491
1986,t,36.24380623575491,36.24380623575491
1987,t,36.24380623575491,36.24380623575491
1988,c,36.24380623575491,36.24380623575491
1989,t,36.24380623575491,36.24380623575491
1990,c,36.24380623575491,36.24380623575491
1991,t,36.24380623575491,36.24380623575491
1992,t,36.24380623575491,36.24380623575491
1993,c,36.24380623575491,36.24380623575491
1994,t,36.24380623575491,36.24380623575491
1995,t,36.24380623575491,36.24380623575491
1996,c,36.24380623575491,36.24380623575491
1997,t,36.24380623575491,36.24380623575491
1998,c,36.24380623575491,36.24380623575491
1999,c,36.24380623575491,36.24380623575491
2000,t,36.24380623575491,36.24380623575491
2001,c,36.24380623575491,36.24380623575491
2002,c,36.24380623575491,36.24380623575491
2003,c,36.24380623575491,36.24380623575491
2004,c,36.24380623575491,36.24380623575491
2005,c,36.24380623575491,36.24380623575491
2006,c,36.24380623575491,36.24380623575491
2007,c,36.24380623575491,36.24380623575491
2008,t,36.24380623575491,36.24380623575491
2009,t,36.24380623575491,36.24380623575491
2010,t,36.24380623575491,36.24380623575491
2011,t,36.24380623575491,36.24380623575491
2012,c,36.24380623575491,36.24380623575491
2013,c,36.24380623575491,36.24380623575491
2014,c,36.24380623575491,36.24380623575491
2015,na,10.691328093779061,36.24380623575491
2016,t,36.24380623575491,36.24380623575491
2017,c,36.24380623575491,36.24380623575491
2018,t,36.24380623575491,36.24380623575491
2019,c,36.24380623575491,36.24380623575491
2020,c,36.24380623575491,36.24380623575491
2021,t,36.24380623575491,36.24380623575491
2022,t,36.24380623575491,36.24380623575491
2023,t,36.24380623575491,36.24380623575491
2024,c,36.24380623575491,36.24380623575491
2025,t,36.24380623575491,36.24380623575491
2026,c,36.24380623575491,36.24380623575491
2027,t,36.24380623575491,36.24380623575491
2028,c,36.24380623575491,36.24380623575491
2029,c,36.24380623575491,36.24380623575491
2030,c,36.24380623575491,36.24380623575491
2031,c,36.24380623575491,36.24380623575491
2032,t,36.24380623575491,36.24380623575491
2033,t,36.24380623575491,36.24380623575491
2034,t,36.24380623575491,36.24380623575491
2035,t,36.24380623575491,36.24380623575491
2036,t,36.24380623575491,36.24380623575491
2037,c,36.24380623575491,36.24380623575491
2038,c,36.24380623575491,36.24380623575491
2039,t,36.24380623575491,36.24380623575491
2040,c,36.24380623575491,36.24380623575491
2041,c,36.24380623575491,36.24380623575491
2042,t,36.24380623575491,36.24380623575491
2043,c,36.24380623575491,36.24380623575491
2044,c,36.24380623575491,36.24380623575491
2045,c,36.24380623575491,36.24380623575491
2046,c,36.24380623575491,36.24380623575491
2047,t,36.24380623575491,36.24380623575491
2048,t,36.24380623575491,36.24380623575491
2049,c,36.24380623575491,36.24380623575491
2050,t,36.24380623575491,36.24380623575491
2051,t,36.24380623575491,36.24380623575491
2052,t,36.24380623575491,36.24380623575491
2053,t,36.24380623575491,36.24380623575491
2054,t,36.24380623575491,36.24380623575491
2055,t,36.24380623575491,36.24380623575491
2056,t,36.24380623575491,36.24380623575491
2057,c,36.24380623575491,36.24380623575491
2058,c,36.24380623575491,36.24380623575491
2059,t,36.24380623575491,36.24380623575491
2060,c,36.24380623575491,36.24380623575491
2061,c,36.24380623575491,36.24380623575491
2062,c,36.24380623575491,36.24380623575491
2063,t,36.24380623575491,36.24380623575491
2064,c,36.24380623575491,36.24380623575491
2065,t,36.24380623575491,36.24380623575491
2066,c,36.24380623575491,36.24380623575491
2067,t,36.24380623575491,36.24380623575491
2068,t,36.24380623575491,36.24380623575491
2069,c,36.24380623575491,36.24380623575491
2070,c,36.24380623575491,36.24380623575491
2071,c,36.24380623575491,36.24380623575491
2072,t,36.24380623575491,36.24380623575491
2073,t,36.24380623575491,36.24380623575491
2074,t,36.24380623575491,36.24380623575491
2075,t,36.24380623575491,36.24380623575491
2076,t,36.24380623575491,36.24380623575491
2077,c,36.24380623575491,36.24380623575491
2078,t,36.24380623575491,36.24380623575491
2079,t,36.24380623575491,36.24380623575491
2080,c,36.24380623575491,36.24380623575491
2081,c,36.24380623575491,36.24380623575491
2082,t,36.24380623575491,36.24380623575491
2083,c,36.24380623575491,36.24380623575491
2084,c,36.24380623575491,36.24380623575491
2085,c,36.24380623575491,36.24380623575491
2086,c,36.24380623575491,36.24380623575491
2087,t,36.24380623575491,36.24380623575491
2088,c,36.24380623575491,36.24380623575491
2089,t,36.24380623575491,36.24380623575491
2090,c,36.24380623575491,36.24380623575491
2091,c,36.24380623575491,36.24380623575491
2092,t,36.24380623575491,36.24380623575491
2093,t,36.24380623575491,36.24380623575491
2094,c,36.24380623575491,36.24380623575491
2095,c,36.24380623575491,36.24380623575491
2096,c,36.24380623575491,36.24380623575491
2097,t,36.24380623575491,36.24380623575491
2098,c,36.24380623575491,36.24380623575491
2099,t,36.24380623575491,36.24380623575491
2100,t,36.24380623575491,36.24380623575491
2101,t,36.24380623575491,36.24380623575491
2102,c,36.24380623575491,36.24380623575491
2103,c,36.24380623575491,36.24380623575491
2104,t,36.24380623575491,36.24380623575491
2105,c,36.24380623575491,36.24380623575491
2106,c,36.24380623575491,36.24380623575491
2107,t,36.24380623575491,36.24380623575491
2108,t,36.24380623575491,36.24380623575491
2109,c,36.24380623575491,36.24380623575491
2110,c,36.24380623575491,36.24380623575491
2111,t,36.24380623575491,36.24380623575491
2112,c,36.24380623575491,36.24380623575491
2113,c,36.24380623575491,36.24380623575491
2114,c,36.24380623575491,36.24380623575491
2115,t,36.24380623575491,36.24380623575491
2116,t,36.24380623575491,36.24380623575491
2117,t,36.24380623575491,36.24380623575491
2118,t,36.24380623575491,36.24380623575491
2119,t,36.24380623575491,36.24380623575491
2120,c,36.24380623575491,36.24380623575491
2121,t,36.24380623575491,36.24380623575491
2122,c,36.24380623575491,36.24380623575491
2123,t,36.24380623575491,36.24380623575491
2124,c,36.24380623575491,36.24380623575491
2125,c,36.24380623575491,36.24380623575491
2126,t,36.24380623575491,36.24380623575491
2127,c,36.24380623575491,36.24380623575491
2128,c,36.24380623575491,36.24380623575491
2129,t,36.24380623575491,36.24380623575491
2130,t,36.24380623575491,36.24380623575491
2131,t,36.24380623575491,36.24380623575491
2132,t,36.24380623575491,36.24380623575491
2133,c,36.24380623575491,36.24380623575491
2134,c,36.24380623575491,36.24380623575491
2135,t,36.24380623575491,36.24380623575491
2136,c,36.24380623575491,36.24380623575491
2137,c,36.24380623575491,36.24380623575491
2138,t,36.24380623575491,36.24380623575491
2139,t,36.24380623575491,36.24380623575491
2140,t,36.24380623575491,36.24380623575491
2141,t,36.24380623575491,36.24380623575491
2142,t,36.24380623575491,36.24380623575491
2143,t,36.24380623575491,36.24380623575491
2144,c,36.24380623575491,36.24380623575491
2145,t,36.24380623575491,36.24380623575491
2146,t,36.24380623575491,36.24380623575491
2147,t,36.24380623575491,36.24380623575491
2148,t,36.24380623575491,36.24380623575491
2149,c,36.24380623575491,36.24380623575491
2150,t,36.24380623575491,36.24380623575491
2151,t,36.24380623575491,36.24380623575491
2152,c,36.24380623575491,36.24380623575491
2153,t,36.24380623575491,36.24380623575491
2154,c,36.24380623575491,36.24380623575491
2155,c,36.24380623575491,36.24380623575491
2156,c,36.24380623575491,36.24380623575491
2157,t,36.24380623575491,36.24380623575491
2158,t,36.24380623575491,36.24380623575491
2159,t,36.24380623575491,36.24380623575491
2160,t,36.24380623575491,36.24380623575491
2161,c,36.24380623575491,36.24380623575491
2162,c,36.24380623575491,36.24380623575491
2163,c,36.24380623575491,36.24380623575491
2164,c,36.24380623575491,36.24380623575491
2165,c,36.24380623575491,36.24380623575491
2166,c,36.24380623575491,36.24380623575491
2167,t,36.24380623575491,36.24380623575491
2168,t,36.24380623575491,36.24380623575491
2169,c,36.24380623575491,36.24380623575491
2170,c,36.24380623575491,36.24380623575491
2171,t,36.24380623575491,36.24380623575491
2172,t,36.24380623575491,36.24380623575491
2173,t,36.24380623575491,36.24380623575491
2174,t,36.24380623575491,36.24380623575491
2175,t,36.24380623575491,36.24380623575491
2176,t,36.24380623575491,36.24380623575491
2177,t,36.24380623575491,36.24380623575491
2178,c,36.24380623575491,36.24380623575491
2179,t,36.24380623575491,36.24380623575491
2180,t,36.24380623575491,36.24380623575491
2181,c,36.24380623575491,36.24380623575491
2182,c,36.24380623575491,36.24380623575491
2183,t,36.24380623575491,36.24380623575491
2184,t,36.24380623575491,36.24380623575491
2185,c,36.24380623575491,36.24380623575491
2186,c,36.24380623575491,36.24380623575491
2187,t,36.24380623575491,36.24380623575491
2188,c,36.24380623575491,36.24380623575491
2189,c,36.24380623575491,36.24380623575491
2190,t,36.24380623575491,36.24380623575491
2191,t,36.24380623575491,36.24380623575491
2192,c,36.24380623575491,36.24380623575491
2193,c,36.24380623575491,36.24380623575491
2194,t,36.24380623575491,36.24380623575491
2195,c,36.24380623575491,36.24380623575491
2196,t,36.24380623575491,36.24380623575491
2197,c,36.24380623575491,36.24380623575491
2198,c,36.24380623575491,36.24380623575491
2199,c,36.24380623575491,36.24380623575491
2200,t,36.24380623575491,36.24380623575491
2201,c,36.24380623575491,36.24380623575491
2202,c,36.24380623575491,36.24380623575491
2203,t,36.24380623575491,36.24380623575491
2204,c,36.24380623575491,36.24380623575491
2205,t,36.24380623575491,36.24380623575491
2206,c,36.24380623575491,36.24380623575491
2207,t,36.24380623575491,36.24380623575491
2208,c,36.24380623575491,36.24380623575491
2209,t,36.24380623575491,36.24380623575491
2210,c,36.24380623575491,36.24380623575491
2211,c,36.24380623575491,36.24380623575491
2212,c,36.24380623575491,36.24380623575491
2213,c,36.24380623575491,36.24380623575491
2214,c,36.24380623575491,36.24380623575491
2215,t,36.24380623575491,36.24380623575491
2216,c,36.24380623575491,36.24380623575491
2217,t,36.24380623575491,36.24380623575491
2218,c,36.24380623575491,36.24380623575491
2219,t,36.24380623575491,36.24380623575491
2220,t,36.24380623575491,36.24380623575491
2221,t,36.24380623575491,36.24380623575491
2222,t,36.24380623575491,36.24380623575491
2223,c,36.24380623575491,36.24380623575491
2224,c,36.24380623575491,36.24380623575491
2225,c,36.24380623575491,36.24380623575491
2226,t,36.24380623575491,36.24380623575491
2227,c,36.24380623575491,36.24380623575491
2228,t,36.24380623575491,36.24380623575491
2229,t,36.24380623575491,36.24380623575491
2230,c,36.24380623575491,36.24380623575491
2231,t,36.24380623575491,36.24380623575491
2232,t,36.24380623575491,36.24380623575491
2233,c,36.24380623575491,36.24380623575491
2234,c,36.24380623575491,36.24380623575491
2235,t,36.24380623575491,36.24380623575491
2236,t,36.24380623575491,36.24380623575491
2237,t,36.24380623575491,36.24380623575491
2238,c,36.24380623575491,36.24380623575491
2239,c,36.24380623575491,36.24380623575491
2240,c,36.24380623575491,36.24380623575491
2241,c,36.24380623575491,36.24380623575491
2242,c,36.24380623575491,36.24380623575491
2243,t,36.24380623575491,36.24380623575491
2244,t,36.24380623575491,36.24380623575491
2245,t,36.24380623575491,36.24380623575491
2246,t,36.24380623575491,36.24380623575491
2247,t,36.24380623575491,36.24380623575491
2248,c,36.24380623575491,36.24380623575491
2249,t,36.24380623575491,36.24380623575491
2250,c,36.24380623575491,36.24380623575491
2251,t,36.24380623575491,36.24380623575491
2252,c,36.24380623575491,36.24380623575491
2253,t,36.24380623575491,36.24380623575491
2254,c,36.24380623575491,36.24380623575491
2255,c,36.24380623575491,36.24380623575491
2256,t,36.24380623575491,36.24380623575491
2257,t,36.24380623575491,36.24380623575491
2258,c,36.24380623575491,36.24380623575491
2259,c,36.24380623575491,36.24380623575491
2260,t,36.24380623575491,36.24380623575491
2261,c,36.24380623575491,36.24380623575491
2262,t,36.24380623575491,36.24380623575491
2263,c,36.24380623575491,36.24380623575491
2264,c,36.24380623575491,36.24380623575491
2265,c,36.24380623575491,36.24380623575491
2266,t,36.24380623575491,36.24380623575491
2267,t,36.24380623575491,36.24380623575491
2268,c,36.24380623575491,36.24380623575491
2269,c,36.24380623575491,36.24380623575491
2270,c,36.24380623575491,36.24380623575491
2271,c,36.24380623575491,36.24380623575491
2272,c,36.24380623575491,36.24380623575491
2273,t,36.24380623575491,36.24380623575491
2274,t,36.24380623575491,36.24380623575491
2275,t,36.24380623575491,36.24380623575491
2276,t,36.24380623575491,36.24380623575491
2277,c,36.24380623575491,36.24380623575491
2278,t,36.24380623575491,36.24380623575491
2279,t,36.24380623575491,36.24380623575491
2280,t,36.24380623575491,36.24380623575491
2281,t,36.24380623575491,36.24380623575491
2282,t,36.24380623575491,36.24380623575491
2283,c,36.24380623575491,36.24380623575491
2284,t,36.24380623575491,36.24380623575491
2285,t,36.24380623575491,36.24380623575491
2286,t,36.24380623575491,36.24380623575491
2287,t,36.24380623575491,36.24380623575491
2288,c,36.24380623575491,36.24380623575491
2289,t,36.24380623575491,36.24380623575491
2290,c,36.24380623575491,36.24380623575491
2291,t,36.24380623575491,36.24380623575491
2292,c,36.24380623575491,36.24380623575491
2293,t,36.24380623575491,36.24380623575491
2294,t,36.24380623575491,36.24380623575491
2295,c,36.24380623575491,36.24380623575491
2296,na,16.52734713459234,36.24380623575491
2297,t,36.24380623575491,36.24380623575491
2298,c,36.24380623575491,36.24380623575491
2299,c,36.24380623575491,36.24380623575491
2300,t,36.24380623575491,36.24380623575491
2301,c,1.5816818798129924,2.8345995931636154
2302,t,36.24380623575491,36.24380623575491
2303,t,36.24380623575491,36.24380623575491
2304,t,36.24380623575491,36.24380623575491
2305,t,36.24380623575491,36.24380623575491
2306,c,36.24380623575491,36.24380623575491
2307,t,36.24380623575491,36.24380623575491
2308,c,36.24380623575491,36.24380623575491
2309,c,36.24380623575491,36.24380623575491
2310,t,36.24380623575491,36.24380623575491
2311,t,36.24380623575491,36.24380623575491
2312,t,36.24380623575491,36.24380623575491
2313,t,36.24380623575491,36.24380623575491
2314,c,36.24380623575491,36.24380623575491
2315,t,36.24380623575491,36.24380623575491
2316,c,36.24380623575491,36.24380623575491
2317,t,36.24380623575491,36.24380623575491
2318,c,36.24380623575491,36.24380623575491
2319,c,36.24380623575491,36.24380623575491
2320,c,36.24380623575491,36.24380623575491
2321,c,36.24380623575491,36.24380623575491
2322,t,36.24380623575491,36.24380623575491
2323,t,36.24380623575491,36.24380623575491
2324,c,36.24380623575491,36.24380623575491
2325,c,36.24380623575491,36.24380623575491
2326,c,36.24380623575491,36.24380623575491
2327,t,36.24380623575491,36.24380623575491
2328,t,36.24380623575491,36.24380623575491
2329,t,36.24380623575491,36.24380623575491
2330,c,36.24380623575491,36.24380623575491
2331,c,36.24380623575491,36.24380623575491
2332,c,36.24380623575491,36.24380623575491
2333,t,36.24380623575491,36.24380623575491
2334,t,36.24380623575491,36.24380623575491
2335,c,36.24380623575491,36.24380623575491
2336,t,36.24380623575491,36.24380623575491
2337,t,36.24380623575491,36.24380623575491
2338,t,36.24380623575491,36.24380623575491
2339,t,36.24380623575491,36.24380623575491
2340,t,36.24380623575491,36.24380623575491
2341,c,36.24380623575491,36.24380623575491
2342,t,36.24380623575491,36.24380623575491
2343,c,36.24380623575491,36.24380623575491
2344,c,36.24380623575491,36.24380623575491
2345,t,36.24380623575491,36.24380623575491
2346,t,36.24380623575491,36.24380623575491
2347,c,36.24380623575491,36.24380623575491
2348,c,36.24380623575491,36.24380623575491
2349,c,36.24380623575491,36.24380623575491
2350,c,36.24380623575491,36.24380623575491
2351,c,36.24380623575491,36.24380623575491
2352,c,36.24380623575491,36.24380623575491
2353,c,36.24380623575491,36.24380623575491
2354,t,36.24380623575491,36.24380623575491
2355,t,36.24380623575491,36.24380623575491
2356,t,36.24380623575491,36.24380623575491
2357,c,36.24380623575491,36.24380623575491
2358,t,36.24380623575491,36.24380623575491
2359,t,36.24380623575491,36.24380623575491
2360,c,36.24380623575491,36.24380623575491
2361,c,36.24380623575491,36.24380623575491
2362,c,36.24380623575491,36.24380623575491
2363,c,36.24380623575491,36.24380623575491
2364,c,36.24380623575491,36.24380623575491
2365,t,36.24380623575491,36.24380623575491
2366,c,36.24380623575491,36.24380623575491
2367,c,36.24380623575491,36.24380623575491
2368,c,36.24380623575491,36.24380623575491
2369,c,36.24380623575491,36.24380623575491
2370,c,36.24380623575491,36.24380623575491
2371,t,36.24380623575491,36.24380623575491
2372,c,36.24380623575491,36.24380623575491
2373,t,36.24380623575491,36.24380623575491
2374,t,36.24380623575491,36.24380623575491
2375,t,36.24380623575491,36.24380623575491
2376,c,36.24380623575491,36.24380623575491
2377,c,36.24380623575491,36.24380623575491
2378,t,36.24380623575491,36.24380623575491
2379,c,36.24380623575491,36.24380623575491
2380,t,36.24380623575491,36.24380623575491
2381,t,36.24380623575491,36.24380623575491
2382,c,36.24380623575491,36.24380623575491
2383,t,36.24380623575491,36.24380623575491
2384,c,36.24380623575491,36.24380623575491
2385,c,36.24380623575491,36.24380623575491
2386,c,36.24380623575491,36.24380623575491
2387,c,36.24380623575491,36.24380623575491
2388,c,36.24380623575491,36.24380623575491
2389,t,36.24380623575491,36.24380623575491
2390,t,36.24380623575491,36.24380623575491
2391,t,36.24380623575491,36.24380623575491
2392,c,36.24380623575491,36.24380623575491
2393,c,36.24380623575491,36.24380623575491
2394,t,36.24380623575491,36.24380623575491
2395,c,36.24380623575491,36.24380623575491
2396,c,36.24380623575491,36.24380623575491
2397,t,36.24380623575491,36.24380623575491
2398,c,36.24380623575491,36.24380623575491
2399,t,36.24380623575491,36.24380623575491
2400,t,36.24380623575491,36.24380623575491
2401,t,36.24380623575491,36.24380623575491
2402,t,36.24380623575491,36.24380623575491
2403,c,36.24380623575491,36.24380623575491
2404,c,36.24380623575491,36.24380623575491
2405,t,36.24380623575491,36.24380623575491
2406,c,36.24380623575491,36.24380623575491
2407,t,36.24380623575491,36.24380623575491
2408,c,36.24380623575491,36.24380623575491
2409,c,36.24380623575491,36.24380623575491
2410,t,36.24380623575491,36.24380623575491
2411,c,36.24380623575491,36.24380623575491
2412,t,36.24380623575491,36.24380623575491
2413,c,36.24380623575491,36.24380623575491
2414,t,36.24380623575491,36.24380623575491
2415,t,36.24380623575491,36.24380623575491
2416,t,36.24380623575491,36.24380623575491
2417,c,36.24380623575491,36.24380623575491
2418,c,36.24380623575491,36.24380623575491
2419,t,36.24380623575491,36.24380623575491
2420,c,36.24380623575491,36.24380623575491
2421,t,36.24380623575491,36.24380623575491
2422,c,36.24380623575491,36.24380623575491
2423,c,36.24380623575491,36.24380623575491
2424,c,36.24380623575491,36.24380623575491
2425,t,36.24380623575491,36.24380623575491
2426,c,36.24380623575491,36.24380623575491
2427,c,36.24380623575491,36.24380623575491
2428,t,36.24380623575491,36.24380623575491
2429,c,36.24380623575491,36.24380623575491
2430,c,36.24380623575491,36.24380623575491
2431,t,36.24380623575491,36.24380623575491
2432,t,36.24380623575491,36.24380623575491
2433,c,36.24380623575491,36.24380623575491
2434,c,36.24380623575491,36.24380623575491
2435,t,36.24380623575491,36.24380623575491
2436,t,36.24380623575491,36.24380623575491
2437,c,36.24380623575491,36.24380623575491
2438,c,36.24380623575491,36.24380623575491
2439,c,36.24380623575491,36.24380623575491
2440,c,36.24380623575491,36.24380623575491
2441,t,36.24380623575491,36.24380623575491
2442,t,36.24380623575491,36.24380623575491
2443,t,36.24380623575491,36.24380623575491
2444,c,36.24380623575491,36.24380623575491
2445,c,36.24380623575491,36.24380623575491
2446,t,36.24380623575491,36.24380623575491
2447,t,36.24380623575491,36.24380623575491
2448,t,36.24380623575491,36.24380623575491
2449,t,36.24380623575491,36.24380623575491
2450,c,36.24380623575491,36.24380623575491
2451,c,36.24380623575491,36.24380623575491
2452,c,36.24380623575491,36.24380623575491
2453,t,36.24380623575491,36.24380623575491
2454,c,36.24380623575491,36.24380623575491
2455,t,36.24380623575491,36.24380623575491
2456,c,36.24380623575491,36.24380623575491
2457,t,36.24380623575491,36.24380623575491
2458,c,36.24380623575491,36.24380623575491
2459,t,36.24380623575491,36.24380623575491
2460,t,36.24380623575491,36.24380623575491
2461,t,36.24380623575491,36.24380623575491
2462,c,36.24380623575491,36.24380623575491
2463,c,36.24380623575491,36.24380623575491
2464,c,36.24380623575491,36.24380623575491
2465,c,36.24380623575491,36.24380623575491
2466,c,36.24380623575491,36.24380623575491
2467,t,36.24380623575491,36.24380623575491
2468,c,36.24380623575491,36.24380623575491
2469,t,36.24380623575491,36.24380623575491
2470,c,36.24380623575491,36.24380623575491
2471,c,36.24380623575491,36.24380623575491
2472,c,36.24380623575491,36.24380623575491
2473,t,36.24380623575491,36.24380623575491
2474,c,36.24380623575491,36.24380623575491
2475,t,36.24380623575491,36.24380623575491
2476,c,36.24380623575491,36.24380623575491
2477,t,36.24380623575491,36.24380623575491
2478,t,36.24380623575491,36.24380623575491
2479,c,36.24380623575491,36.24380623575491
2480,t,36.24380623575491,36.24380623575491
2481,c,36.24380623575491,36.24380623575491
2482,c,36.24380623575491,36.24380623575491
2483,c,36.24380623575491,36.24380623575491
2484,c,36.24380623575491,36.24380623575491
2485,t,36.24380623575491,36.24380623575491
2486,t,36.24380623575491,36.24380623575491
2487,t,36.24380623575491,36.24380623575491
2488,c,36.24380623575491,36.24380623575491
2489,t,36.24380623575491,36.24380623575491
2490,c,36.24380623575491,36.24380623575491
2491,c,36.24380623575491,36.24380623575491
2492,c,36.24380623575491,36.24380623575491
2493,t,36.24380623575491,36.24380623575491
2494,t,36.24380623575491,36.24380623575491
2495,t,36.24380623575491,36.24380623575491
2496,c,36.24380623575491,36.24380623575491
2497,t,36.24380623575491,36.24380623575491
2498,t,36.24380623575491,36.24380623575491
2499,t,36.24380623575491,36.24380623575491
2500,t,36.24380623575491,36.24380623575491
2501,c,36.24380623575491,36.24380623575491
2502,c,36.24380623575491,36.24380623575491
2503,t,36.24380623575491,36.24380623575491
2504,t,36.24380623575491,36.24380623575491
2505,t,36.24380623575491,36.24380623575491
2506,c,36.24380623575491,36.24380623575491
2507,c,36.24380623575491,36.24380623575491
2508,c,36.24380623575491,36.24380623575491
2509,c,36.24380623575491,36.24380623575491
2510,t,36.24380623575491,36.24380623575491
2511,t,36.24380623575491,36.24380623575491
2512,c,36.24380623575491,36.24380623575491
2513,t,36.24380623575491,36.24380623575491
2514,t,36.24380623575491,36.24380623575491
2515,t,36.24380623575491,36.24380623575491
2516,t,36.24380623575491,36.24380623575491
2517,t,36.24380623575491,36.24380623575491
2518,c,36.24380623575491,36.24380623575491
2519,c,36.24380623575491,36.24380623575491
2520,t,36.24380623575491,36.24380623575491
2521,t,36.24380623575491,36.24380623575491
2522,c,36.24380623575491,36.24380623575491
2523,c,36.24380623575491,36.24380623575491
2524,c,36.24380623575491,36.24380623575491
2525,t,36.24380623575491,36.24380623575491
2526,t,36.24380623575491,36.24380623575491
2527,c,36.24380623575491,36.24380623575491
2528,c,36.24380623575491,36.24380623575491
2529,t,36.24380623575491,36.24380623575491
2530,t,36.24380623575491,36.24380623575491
2531,c,36.24380623575491,36.24380623575491
2532,c,36.24380623575491,36.24380623575491
2533,t,36.24380623575491,36.24380623575491
2534,t,36.24380623575491,36.24380623575491
2535,c,36.24380623575491,36.24380623575491
2536,t,36.24380623575491,36.24380623575491
2537,c,36.24380623575491,36.24380623575491
2538,c,36.24380623575491,36.24380623575491
2539,c,36.24380623575491,36.24380623575491
2540,t,36.24380623575491,36.24380623575491
2541,c,19.401378662946776,21.674369992004866
2542,c,36.24380623575491,36.24380623575491
2543,c,36.24380623575491,36.24380623575491
2544,c,36.24380623575491,36.24380623575491
2545,c,36.24380623575491,36.24380623575491
2546,c,36.24380623575491,36.24380623575491
2547,t,36.24380623575491,36.24380623575491
2548,c,36.24380623575491,36.24380623575491
2549,c,36.24380623575491,36.24380623575491
2550,c,36.24380623575491,36.24380623575491
2551,t,36.24380623575491,36.24380623575491
2552,c,36.24380623575491,36.24380623575491
2553,c,36.24380623575491,36.24380623575491
2554,t,36.24380623575491,36.24380623575491
2555,t,36.24380623575491,36.24380623575491
2556,c,36.24380623575491,36.24380623575491
2557,c,36.24380623575491,36.24380623575491
2558,c,36.24380623575491,36.24380623575491
2559,c,36.24380623575491,36.24380623575491
2560,na,0.8003750282092226,1.9506642513608483
2561,na,0,2.5991794479855717
2562,t,36.24380623575491,36.24380623575491
2563,c,36.24380623575491,36.24380623575491
2564,t,36.24380623575491,36.24380623575491
2565,t,36.24380623575491,36.24380623575491
2566,t,36.24380623575491,36.24380623575491
2567,c,36.24380623575491,36.24380623575491
2568,na,-1,0
2569,t,36.24380623575491,36.24380623575491
2570,c,36.24380623575491,36.24380623575491
2571,c,36.24380623575491,36.24380623575491
2572,c,36.24380623575491,36.24380623575491
2573,t,36.24380623575491,36.24380623575491
2574,c,36.24380623575491,36.24380623575491
2575,t,36.24380623575491,36.24380623575491
2576,t,36.24380623575491,36.24380623575491
2577,c,36.24380623575491,36.24380623575491
2578,t,36.24380623575491,36.24380623575491
2579,t,36.24380623575491,36.24380623575491
2580,t,36.24380623575491,36.24380623575491
2581,c,36.24380623575491,36.24380623575491
2582,c,36.24380623575491,36.24380623575491
2583,t,36.24380623575491,36.24380623575491
2584,c,36.24380623575491,36.24380623575491
2585,na,-1,0
2586,t,36.24380623575491,36.24380623575491
2587,c,36.24380623575491,36.24380623575491
2588,c,36.24380623575491,36.24380623575491
2589,t,36.24380623575491,36.24380623575491
2590,c,36.24380623575491,36.24380623575491
2591,t,36.24380623575491,36.24380623575491
2592,t,36.24380623575491,36.24380623575491
2593,t,36.24380623575491,36.24380623575491
2594,t,36.24380623575491,36.24380623575491
2595,c,36.24380623575491,36.24380623575491
2596,c,36.24380623575491,36.24380623575491
2597,c,36.24380623575491,36.24380623575491
2598,t,36.24380623575491,36.24380623575491
2599,t,36.24380623575491,36.24380623575491
2600,c,36.24380623575491,36.24380623575491
2601,c,36.24380623575491,36.24380623575491
2602,c,36.24380623575491,36.24380623575491
2603,c,36.24380623575491,36.24380623575491
2604,t,36.24380623575491,36.24380623575491
2605,c,36.24380623575491,36.24380623575491
2606,c,36.24380623575491,36.24380623575491
2607,c,36.24380623575491,36.24380623575491
2608,t,36.24380623575491,36.24380623575491
2609,t,36.24380623575491,36.24380623575491
2610,t,36.24380623575491,36.24380623575491
2611,c,36.24380623575491,36.24380623575491
2612,t,36.24380623575491,36.24380623575491
2613,t,36.24380623575491,36.24380623575491
2614,c,36.24380623575491,36.24380623575491
2615,t,36.24380623575491,36.24380623575491
2616,c,36.24380623575491,36.24380623575491
2617,t,36.24380623575491,36.24380623575491
2618,t,36.24380623575491,36.24380623575491
2619,t,36.24380623575491,36.24380623575491
2620,t,36.24380623575491,36.24380623575491
2621,c,36.24380623575491,36.24380623575491
2622,c,36.24380623575491,36.24380623575491
2623,t,36.24380623575491,36.24380623575491
2624,c,36.24380623575491,36.24380623575491
2625,na,0,6.945862945020716
2626,t,36.24380623575491,36.24380623575491
2627,c,36.24380623575491,36.24380623575491
2628,c,36.24380623575491,36.24380623575491
2629,c,36.24380623575491,36.24380623575491
2630,c,36.24380623575491,36.24380623575491
2631,t,36.24380623575491,36.24380623575491
2632,t,36.24380623575491,36.24380623575491
2633,t,36.24380623575491,36.24380623575491
2634,c,36.24380623575491,36.24380623575491
2635,c,36.24380623575491,36.24380623575491
2636,t,36.24380623575491,36.24380623575491
2637,t,36.24380623575491,36.24380623575491
2638,t,36.24380623575491,36.24380623575491
2639,c,36.24380623575491,36.24380623575491
2640,c,36.24380623575491,36.24380623575491
2641,na,5.119893775114049,7.380893086011886
2642,c,36.24380623575491,36.24380623575491
2643,t,36.24380623575491,36.24380623575491
2644,c,36.24380623575491,36.24380623575491
2645,t,36.24380623575491,36.24380623575491
2646,t,36.24380623575491,36.24380623575491
2647,t,36.24380623575491,36.24380623575491
2648,t,36.24380623575491,36.24380623575491
2649,c,36.24380623575491,36.24380623575491
2650,c,36.24380623575491,36.24380623575491
2651,c,36.24380623575491,36.24380623575491
2652,t,36.24380623575491,36.24380623575491
2653,c,36.24380623575491,36.24380623575491
2654,c,36.24380623575491,36.24380623575491
2655,c,36.24380623575491,36.24380623575491
2656,t,36.24380623575491,36.24380623575491
2657,c,36.24380623575491,36.24380623575491
2658,t,36.24380623575491,36.24380623575491
2659,t,36.24380623575491,36.24380623575491
2660,t,36.24380623575491,36.24380623575491
2661,c,36.24380623575491,36.24380623575491
2662,c,36.24380623575491,36.24380623575491
2663,na,2.8939889553229325,6.705345277720127
2664,t,36.24380623575491,36.24380623575491
2665,t,36.24380623575491,36.24380623575491
2666,c,36.24380623575491,36.24380623575491
2667,c,36.24380623575491,36.24380623575491
2668,t,36.24380623575491,36.24380623575491
2669,c,36.24380623575491,36.24380623575491
2670,c,36.24380623575491,36.24380623575491
2671,t,36.24380623575491,36.24380623575491
2672,t,36.24380623575491,36.24380623575491
2673,c,36.24380623575491,36.24380623575491
2674,t,36.24380623575491,36.24380623575491
2675,c,36.24380623575491,36.24380623575491
2676,t,36.24380623575491,36.24380623575491
2677,t,36.24380623575491,36.24380623575491
2678,c,36.24380623575491,36.24380623575491
2679,c,36.24380623575491,36.24380623575491
2680,t,36.24380623575491,36.24380623575491
2681,t,36.24380623575491,36.24380623575491
2682,na,36.24380623575491,36.24380623575491
2683,c,36.24380623575491,36.24380623575491
2684,c,36.24380623575491,36.24380623575491
2685,t,36.24380623575491,36.24380623575491
2686,c,36.24380623575491,36.24380623575491
2687,c,36.24380623575491,36.24380623575491
2688,t,36.24380623575491,36.24380623575491
2689,c,36.24380623575491,36.24380623575491
2690,t,36.24380623575491,36.24380623575491
2691,c,36.24380623575491,36.24380623575491
2692,t,36.24380623575491,36.24380623575491
2693,c,36.24380623575491,36.24380623575491
2694,c,36.24380623575491,36.24380623575491
2695,t,36.24380623575491,36.24380623575491
2696,c,36.24380623575491,36.24380623575491
2697,c,36.24380623575491,36.24380623575491
2698,c,36.24380623575491,36.24380623575491
2699,t,36.24380623575491,36.24380623575491
2700,t,36.24380623575491,36.24380623575491
2701,t,36.24380623575491,36.24380623575491
2702,c,36.24380623575491,36.24380623575491
2703,c,36.24380623575491,36.24380623575491
2704,c,36.24380623575491,36.24380623575491
2705,c,36.24380623575491,36.24380623575491
2706,t,36.24380623575491,36.24380623575491
2707,t,36.24380623575491,36.24380623575491
2708,c,36.24380623575491,36.24380623575491
2709,t,36.24380623575491,36.24380623575491
2710,c,36.24380623575491,36.24380623575491
2711,c,36.24380623575491,36.24380623575491
2712,t,36.24380623575491,36.24380623575491
2713,t,36.24380623575491,36.24380623575491
2714,c,36.24380623575491,36.24380623575491
2715,t,36.24380623575491,36.24380623575491
2716,t,36.24380623575491,36.24380623575491
2717,c,36.24380623575491,36.24380623575491
2718,c,36.24380623575491,36.24380623575491
2719,t,36.24380623575491,36.24380623575491
2720,t,36.24380623575491,36.24380623575491
2721,t,36.24380623575491,36.24380623575491
2722,c,36.24380623575491,36.24380623575491
2723,t,36.24380623575491,36.24380623575491
2724,c,36.24380623575491,36.24380623575491
2725,c,36.24380623575491,36.24380623575491
2726,c,36.24380623575491,36.24380623575491
2727,c,36.24380623575491,36.24380623575491
2728,c,36.24380623575491,36.24380623575491
2729,c,36.24380623575491,36.24380623575491
2730,t,36.24380623575491,36.24380623575491
2731,c,36.24380623575491,36.24380623575491
2732,c,36.24380623575491,36.24380623575491
2733,c,36.24380623575491,36.24380623575491
2734,c,36.24380623575491,36.24380623575491
2735,c,36.24380623575491,36.24380623575491
2736,c,36.24380623575491,36.24380623575491
2737,t,36.24380623575491,36.24380623575491
2738,t,36.24380623575491,36.24380623575491
2739,t,36.24380623575491,36.24380623575491
2740,t,36.24380623575491,36.24380623575491
2741,t,36.24380623575491,36.24380623575491
2742,t,36.24380623575491,36.24380623575491
2743,c,36.24380623575491,36.24380623575491
2744,c,36.24380623575491,36.24380623575491
2745,c,36.24380623575491,36.24380623575491
2746,c,36.24380623575491,36.24380623575491
2747,c,36.24380623575491,36.24380623575491
2748,c,36.24380623575491,36.24380623575491
2749,c,36.24380623575491,36.24380623575491
2750,c,36.24380623575491,36.24380623575491
2751,c,36.24380623575491,36.24380623575491
2752,t,36.24380623575491,36.24380623575491
2753,c,36.24380623575491,36.24380623575491
2754,t,36.24380623575491,36.24380623575491
2755,t,36.24380623575491,36.24380623575491
2756,t,36.24380623575491,36.24380623575491
2757,t,36.24380623575491,36.24380623575491
2758,c,36.24380623575491,36.24380623575491
2759,t,36.24380623575491,36.24380623575491
2760,t,36.24380623575491,36.24380623575491
2761,t,36.24380623575491,36.24380623575491
2762,c,36.24380623575491,36.24380623575491
2763,c,36.24380623575491,36.24380623575491
2764,t,36.24380623575491,36.24380623575491
2765,c,36.24380623575491,36.24380623575491
2766,t,36.24380623575491,36.24380623575491
2767,t,36.24380623575491,36.24380623575491
2768,c,36.24380623575491,36.24380623575491
2769,t,36.24380623575491,36.24380623575491
2770,c,36.24380623575491,36.24380623575491
2771,c,36.24380623575491,36.24380623575491
2772,t,36.24380623575491,36.24380623575491
2773,t,36.24380623575491,36.24380623575491
2774,t,36.24380623575491,36.24380623575491
2775,c,36.24380623575491,36.24380623575491
2776,c,36.24380623575491,36.24380623575491
2777,t,36.24380623575491,36.24380623575491
2778,c,36.24380623575491,36.24380623575491
2779,c,36.24380623575491,36.24380623575491
2780,t,36.24380623575491,36.24380623575491
2781,t,36.24380623575491,36.24380623575491
2782,t,36.24380623575491,36.24380623575491
2783,c,36.24380623575491,36.24380623575491
2784,c,36.24380623575491,36.24380623575491
2785,c,36.24380623575491,36.24380623575491
2786,c,36.24380623575491,36.24380623575491
2787,c,36.24380623575491,36.24380623575491
2788,t,36.24380623575491,36.24380623575491
2789,t,36.24380623575491,36.24380623575491
2790,c,36.24380623575491,36.24380623575491
2791,t,36.24380623575491,36.24380623575491
2792,c,36.24380623575491,36.24380623575491
2793,c,36.24380623575491,36.24380623575491
2794,c,36.24380623575491,36.24380623575491
2795,t,36.24380623575491,36.24380623575491
2796,t,36.24380623575491,36.24380623575491
2797,c,36.24380623575491,36.24380623575491
2798,c,36.24380623575491,36.24380623575491
2799,t,36.24380623575491,36.24380623575491
2800,t,36.24380623575491,36.24380623575491
2801,t,36.24380623575491,36.24380623575491
2802,t,36.24380623575491,36.24380623575491
2803,c,36.24380623575491,36.24380623575491
2804,t,36.24380623575491,36.24380623575491
2805,c,36.24380623575491,36.24380623575491
2806,t,36.24380623575491,36.24380623575491
2807,c,36.24380623575491,36.24380623575491
2808,c,36.24380623575491,36.24380623575491
2809,t,36.24380623575491,36.24380623575491
2810,c,36.24380623575491,36.24380623575491
2811,t,36.24380623575491,36.24380623575491
2812,t,36.24380623575491,36.24380623575491
2813,c,36.24380623575491,36.24380623575491
2814,t,36.24380623575491,36.24380623575491
2815,c,36.24380623575491,36.24380623575491
2816,c,36.24380623575491,36.24380623575491
2817,t,36.24380623575491,36.24380623575491
2818,t,36.24380623575491,36.24380623575491
2819,c,36.24380623575491,36.24380623575491
2820,t,36.24380623575491,36.24380623575491
2821,t,36.24380623575491,36.24380623575491
2822,t,36.24380623575491,36.24380623575491
2823,t,36.24380623575491,36.24380623575491
2824,t,36.24380623575491,36.24380623575491
2825,t,36.24380623575491,36.24380623575491
2826,c,36.24380623575491,36.24380623575491
2827,c,36.24380623575491,36.24380623575491
2828,t,36.24380623575491,36.24380623575491
2829,t,36.24380623575491,36.24380623575491
2830,t,36.24380623575491,36.24380623575491
2831,c,36.24380623575491,36.24380623575491
2832,c,36.24380623575491,36.24380623575491
2833,c,36.24380623575491,36.24380623575491
2834,c,36.24380623575491,36.24380623575491
2835,c,36.24380623575491,36.24380623575491
2836,t,36.24380623575491,36.24380623575491
2837,t,36.24380623575491,36.24380623575491
2838,t,36.24380623575491,36.24380623575491
2839,c,36.24380623575491,36.24380623575491
2840,t,36.24380623575491,36.24380623575491
2841,c,36.24380623575491,36.24380623575491
2842,t,36.24380623575491,36.24380623575491
2843,t,36.24380623575491,36.24380623575491
2844,c,36.24380623575491,36.24380623575491
2845,c,36.24380623575491,36.24380623575491
2846,c,36.24380623575491,36.24380623575491
2847,t,36.24380623575491,36.24380623575491
2848,c,36.24380623575491,36.24380623575491
2849,c,36.24380623575491,36.24380623575491
2850,c,36.24380623575491,36.24380623575491
2851,t,36.24380623575491,36.24380623575491
2852,c,36.24380623575491,36.24380623575491
2853,t,36.24380623575491,36.24380623575491
2854,c,36.24380623575491,36.24380623575491
2855,t,36.24380623575491,36.24380623575491
2856,t,36.24380623575491,36.24380623575491
2857,t,36.24380623575491,36.24380623575491
2858,t,36.24380623575491,36.24380623575491
2859,t,36.24380623575491,36.24380623575491
2860,t,36.24380623575491,36.24380623575491
2861,t,36.24380623575491,36.24380623575491
2862,c,36.24380623575491,36.24380623575491
2863,t,36.24380623575491,36.24380623575491
2864,c,36.24380623575491,36.24380623575491
2865,t,36.24380623575491,36.24380623575491
2866,t,36.24380623575491,36.24380623575491
2867,t,36.24380623575491,36.24380623575491
2868,t,36.24380623575491,36.24380623575491
2869,t,36.24380623575491,36.24380623575491
2870,c,36.24380623575491,36.24380623575491
2871,c,36.24380623575491,36.24380623575491
2872,t,36.24380623575491,36.24380623575491
2873,t,36.24380623575491,36.24380623575491
2874,t,36.24380623575491,36.24380623575491
2875,c,36.24380623575491,36.24380623575491
2876,t,36.24380623575491,36.24380623575491
2877,c,36.24380623575491,36.24380623575491
2878,c,36.24380623575491,36.24380623575491
2879,c,36.24380623575491,36.24380623575491
2880,t,36.24380623575491,36.24380623575491
2881,c,36.24380623575491,36.24380623575491
2882,c,36.24380623575491,36.24380623575491
2883,t,36.24380623575491,36.24380623575491
2884,t,36.24380623575491,36.24380623575491
2885,c,36.24380623575491,36.24380623575491
2886,t,36.24380623575491,36.24380623575491
2887,t,36.24380623575491,36.24380623575491
2888,t,36.24380623575491,36.24380623575491
2889,c,36.24380623575491,36.24380623575491
2890,t,36.24380623575491,36.24380623575491
2891,c,36.24380623575491,36.24380623575491
2892,c,36.24380623575491,36.24380623575491
2893,c,36.24380623575491,36.24380623575491
2894,c,36.24380623575491,36.24380623575491
2895,t,36.24380623575491,36.24380623575491
2896,t,36.24380623575491,36.24380623575491
2897,t,36.24380623575491,36.24380623575491
2898,t,36.24380623575491,36.24380623575491
2899,t,36.24380623575491,36.24380623575491
2900,t,36.24380623575491,36.24380623575491
2901,c,36.24380623575491,36.24380623575491
2902,c,36.24380623575491,36.24380623575491
2903,t,36.24380623575491,36.24380623575491
2904,c,36.24380623575491,36.24380623575491
2905,t,36.24380623575491,36.24380623575491
2906,c,36.24380623575491,36.24380623575491
2907,c,36.24380623575491,36.24380623575491
2908,c,36.24380623575491,36.24380623575491
2909,t,36.24380623575491,36.24380623575491
2910,t,36.24380623575491,36.24380623575491
2911,c,36.24380623575491,36.24380623575491
2912,c,36.24380623575491,36.24380623575491
2913,t,36.24380623575491,36.24380623575491
2914,t,36.24380623575491,36.24380623575491
2915,t,36.24380623575491,36.24380623575491
2916,t,36.24380623575491,36.24380623575491
2917,t,36.24380623575491,36.24380623575491
2918,t,36.24380623575491,36.24380623575491
2919,c,36.24380623575491,36.24380623575491
2920,c,36.24380623575491,36.24380623575491
2921,c,36.24380623575491,36.24380623575491
2922,t,36.24380623575491,36.24380623575491
2923,t,36.24380623575491,36.24380623575491
2924,t,36.24380623575491,36.24380623575491
2925,c,36.24380623575491,36.24380623575491
2926,c,36.24380623575491,36.24380623575491
2927,t,36.24380623575491,36.24380623575491
2928,c,36.24380623575491,36.24380623575491
2929,t,36.24380623575491,36.24380623575491
2930,t,36.24380623575491,36.24380623575491
2931,t,36.24380623575491,36.24380623575491
2932,t,36.24380623575491,36.24380623575491
2933,c,36.24380623575491,36.24380623575491
2934,t,36.24380623575491,36.24380623575491
2935,c,36.24380623575491,36.24380623575491
2936,c,36.24380623575491,36.24380623575491
2937,t,36.24380623575491,36.24380623575491
2938,c,36.24380623575491,36.24380623575491
2939,t,36.24380623575491,36.24380623575491
2940,c,36.24380623575491,36.24380623575491
2941,c,36.24380623575491,36.24380623575491
2942,t,36.24380623575491,36.24380623575491
2943,c,36.24380623575491,36.24380623575491
2944,t,36.24380623575491,36.24380623575491
2945,c,36.24380623575491,36.24380623575491
2946,t,36.24380623575491,36.24380623575491
2947,t,36.24380623575491,36.24380623575491
2948,c,36.24380623575491,36.24380623575491
2949,c,36.24380623575491,36.24380623575491
2950,c,36.24380623575491,36.24380623575491
2951,t,36.24380623575491,36.24380623575491
2952,c,36.24380623575491,36.24380623575491
2953,t,36.24380623575491,36.24380623575491
2954,c,36.24380623575491,36.24380623575491
2955,t,36.24380623575491,36.24380623575491
2956,c,36.24380623575491,36.24380623575491
2957,c,36.24380623575491,36.24380623575491
2958,c,36.24380623575491,36.24380623575491
2959,c,36.24380623575491,36.24380623575491
2960,t,36.24380623575491,36.24380623575491
2961,c,36.24380623575491,36.24380623575491
2962,t,36.24380623575491,36.24380623575491
2963,c,36.24380623575491,36.24380623575491
2964,c,36.24380623575491,36.24380623575491
2965,c,36.24380623575491,36.24380623575491
2966,t,36.24380623575491,36.24380623575491
2967,t,36.24380623575491,36.24380623575491
2968,c,36.24380623575491,36.24380623575491
2969,c,36.24380623575491,36.24380623575491
2970,t,36.24380623575491,36.24380623575491
2971,c,36.24380623575491,36.24380623575491
2972,c,36.24380623575491,36.24380623575491
2973,t,36.24380623575491,36.24380623575491
2974,c,36.24380623575491,36.24380623575491
2975,t,36.24380623575491,36.24380623575491
2976,c,36.24380623575491,36.24380623575491
2977,t,36.24380623575491,36.24380623575491
2978,t,36.24380623575491,36.24380623575491
2979,c,36.24380623575491,36.24380623575491
2980,t,36.24380623575491,36.24380623575491
2981,c,36.24380623575491,36.24380623575491
2982,t,36.24380623575491,36.24380623575491
2983,c,36.24380623575491,36.24380623575491
2984,t,36.24380623575491,36.24380623575491
2985,c,36.24380623575491,36.24380623575491
2986,t,36.24380623575491,36.24380623575491
2987,t,36.24380623575491,36.24380623575491
2988,t,36.24380623575491,36.24380623575491
2989,c,36.24380623575491,36.24380623575491
2990,c,36.24380623575491,36.24380623575491
2991,t,36.24380623575491,36.24380623575491
2992,t,36.24380623575491,36.24380623575491
2993,t,36.24380623575491,36.24380623575491
2994,na,0,1.2762274660229147
2995,t,36.24380623575491,36.24380623575491
2996,c,36.24380623575491,36.24380623575491
2997,c,36.24380623575491,36.24380623575491
2998,t,36.24380623575491,36.24380623575491
2999,t,36.24380623575491,36.24380623575491
3000,t,36.24380623575491,36.24380623575491
3001,t,36.24380623575491,36.24380623575491
3002,t,36.24380623575491,36.24380623575491
3003,t,36.24380623575491,36.24380623575491
3004,c,36.24380623575491,36.24380623575491
3005,c,36.24380623575491,36.24380623575491
3006,t,36.24380623575491,36.24380623575491
3007,c,36.24380623575491,36.24380623575491
3008,t,36.24380623575491,36.24380623575491
3009,c,36.24380623575491,36.24380623575491
3010,t,36.24380623575491,36.24380623575491
3011,c,36.24380623575491,36.24380623575491
3012,t,36.24380623575491,36.24380623575491
3013,t,36.24380623575491,36.24380623575491
3014,c,36.24380623575491,36.24380623575491
3015,t,36.24380623575491,36.24380623575491
3016,c,36.24380623575491,36.24380623575491
3017,t,36.24380623575491,36.24380623575491
3018,t,36.24380623575491,36.24380623575491
3019,t,36.24380623575491,36.24380623575491
3020,c,36.24380623575491,36.24380623575491
3021,t,36.24380623575491,36.24380623575491
3022,t,36.24380623575491,36.24380623575491
3023,t,36.24380623575491,36.24380623575491
3024,c,36.24380623575491,36.24380623575491
3025,c,36.24380623575491,36.24380623575491
3026,c,36.24380623575491,36.24380623575491
3027,c,36.24380623575491,36.24380623575491
3028,t,36.24380623575491,36.24380623575491
3029,t,36.24380623575491,36.24380623575491
3030,t,36.24380623575491,36.24380623575491
3031,c,36.24380623575491,36.24380623575491
3032,c,36.24380623575491,36.24380623575491
3033,c,36.24380623575491,36.24380623575491
3034,t,36.24380623575491,36.24380623575491
3035,c,36.24380623575491,36.24380623575491
3036,t,36.24380623575491,36.24380623575491
3037,c,36.24380623575491,36.24380623575491
3038,c,36.24380623575491,36.24380623575491
3039,c,36.24380623575491,36.24380623575491
3040,t,36.24380623575491,36.24380623575491
3041,c,36.24380623575491,36.24380623575491
3042,t,36.24380623575491,36.24380623575491
3043,c,36.24380623575491,36.24380623575491
3044,c,36.24380623575491,36.24380623575491
3045,t,36.24380623575491,36.24380623575491
3046,t,36.24380623575491,36.24380623575491
3047,c,36.24380623575491,36.24380623575491
3048,c,36.24380623575491,36.24380623575491
3049,t,36.24380623575491,36.24380623575491
3050,c,36.24380623575491,36.24380623575491
3051,t,36.24380623575491,36.24380623575491
3052,t,36.24380623575491,36.24380623575491
3053,c,36.24380623575491,36.24380623575491
3054,t,36.24380623575491,36.24380623575491
3055,c,36.24380623575491,36.24380623575491
3056,t,36.24380623575491,36.24380623575491
3057,c,36.24380623575491,36.24380623575491
3058,t,36.24380623575491,36.24380623575491
3059,na,1.9276630126050613,3.8054111189720374
3060,c,36.24380623575491,36.24380623575491
3061,t,36.24380623575491,36.24380623575491
3062,c,36.24380623575491,36.24380623575491
3063,c,36.24380623575491,36.24380623575491
3064,t,36.24380623575491,36.24380623575491
3065,t,36.24380623575491,36.24380623575491
3066,t,36.24380623575491,36.24380623575491
3067,c,36.24380623575491,36.24380623575491
3068,c,36.24380623575491,36.24380623575491
3069,t,36.24380623575491,36.24380623575491
3070,c,36.24380623575491,36.24380623575491
3071,c,36.24380623575491,36.24380623575491
3072,t,36.24380623575491,36.24380623575491
3073,c,36.24380623575491,36.24380623575491
3074,c,36.24380623575491,36.24380623575491
3075,t,36.24380623575491,36.24380623575491
3076,t,36.24380623575491,36.24380623575491
3077,t,36.24380623575491,36.24380623575491
3078,c,36.24380623575491,36.24380623575491
3079,t,36.24380623575491,36.24380623575491
3080,c,36.24380623575491,36.24380623575491
3081,t,36.24380623575491,36.24380623575491
3082,c,36.24380623575491,36.24380623575491
3083,t,36.24380623575491,36.24380623575491
3084,t,36.24380623575491,36.24380623575491
3085,c,36.24380623575491,36.24380623575491
3086,t,36.24380623575491,36.24380623575491
3087,c,36.24380623575491,36.24380623575491
3088,c,36.24380623575491,36.24380623575491
3089,c,36.24380623575491,36.24380623575491
3090,c,36.24380623575491,36.24380623575491
3091,t,36.24380623575491,36.24380623575491
3092,t,36.24380623575491,36.24380623575491
3093,c,36.24380623575491,36.24380623575491
3094,t,36.24380623575491,36.24380623575491
3095,c,36.24380623575491,36.24380623575491
3096,c,36.24380623575491,36.24380623575491
3097,t,36.24380623575491,36.24380623575491
3098,c,7.553141967462366,9.856861999872752
3099,c,36.24380623575491,36.24380623575491
3100,t,36.24380623575491,36.24380623575491
3101,t,36.24380623575491,36.24380623575491
3102,t,36.24380623575491,36.24380623575491
3103,t,36.24380623575491,36.24380623575491
3104,t,36.24380623575491,36.24380623575491
3105,t,36.24380623575491,36.24380623575491
3106,t,36.24380623575491,36.24380623575491
3107,c,36.24380623575491,36.24380623575491
3108,t,36.24380623575491,36.24380623575491
3109,na,-1,0
3110,c,36.24380623575491,36.24380623575491
3111,c,36.24380623575491,36.24380623575491
3112,t,36.24380623575491,36.24380623575491
3113,c,36.24380623575491,36.24380623575491
3114,t,36.24380623575491,36.24380623575491
3115,c,36.24380623575491,36.24380623575491
3116,t,36.24380623575491,36.24380623575491
3117,t,36.24380623575491,36.24380623575491
3118,t,36.24380623575491,36.24380623575491
3119,t,36.24380623575491,36.24380623575491
3120,t,36.24380623575491,36.24380623575491
3121,c,36.24380623575491,36.24380623575491
3122,t,36.24380623575491,36.24380623575491
3123,c,36.24380623575491,36.24380623575491
3124,c,36.24380623575491,36.24380623575491
3125,t,36.24380623575491,36.24380623575491
3126,c,36.24380623575491,36.24380623575491
3127,c,36.24380623575491,36.24380623575491
3128,c,36.24380623575491,36.24380623575491
3129,t,36.24380623575491,36.24380623575491
3130,t,36.24380623575491,36.24380623575491
3131,t,36.24380623575491,36.24380623575491
3132,t,36.24380623575491,36.24380623575491
3133,t,36.24380623575491,36.24380623575491
3134,c,36.24380623575491,36.24380623575491
3135,c,36.24380623575491,36.24380623575491
3136,c,36.24380623575491,36.24380623575491
3137,t,36.24380623575491,36.24380623575491
3138,t,36.24380623575491,36.24380623575491
3139,t,36.24380623575491,36.24380623575491
3140,na,-1,0
3141,c,14.890733881900962,20.80750401814383
3142,t,36.24380623575491,36.24380623575491
3143,t,36.24380623575491,36.24380623575491
3144,c,36.24380623575491,36.24380623575491
3145,t,36.24380623575491,36.24380623575491
3146,t,36.24380623575491,36.24380623575491
3147,t,36.24380623575491,36.24380623575491
3148,c,36.24380623575491,36.24380623575491
3149,c,0.8014879427244109,1.4606751618171367
3150,c,36.24380623575491,36.24380623575491
3151,c,36.24380623575491,36.24380623575491
3152,c,36.24380623575491,36.24380623575491
3153,t,36.24380623575491,36.24380623575491
3154,c,36.24380623575491,36.24380623575491
3155,t,36.24380623575491,36.24380623575491
3156,c,36.24380623575491,36.24380623575491
3157,t,36.24380623575491,36.24380623575491
3158,c,36.24380623575491,36.24380623575491
3159,t,36.24380623575491,36.24380623575491
3160,c,36.24380623575491,36.24380623575491
3161,t,36.24380623575491,36.24380623575491
3162,c,36.24380623575491,36.24380623575491
3163,c,36.24380623575491,36.24380623575491
3164,t,36.24380623575491,36.24380623575491
3165,t,36.24380623575491,36.24380623575491
3166,c,36.24380623575491,36.24380623575491
3167,t,36.24380623575491,36.24380623575491
3168,c,36.24380623575491,36.24380623575491
3169,t,36.24380623575491,36.24380623575491
3170,t,36.24380623575491,36.24380623575491
3171,c,36.24380623575491,36.24380623575491
3172,t,36.24380623575491,36.24380623575491
3173,c,36.24380623575491,36.24380623575491
3174,c,36.24380623575491,36.24380623575491
3175,t,36.24380623575491,36.24380623575491
3176,t,36.24380623575491,36.24380623575491
3177,t,36.24380623575491,36.24380623575491
3178,c,36.24380623575491,36.24380623575491
3179,c,36.24380623575491,36.24380623575491
3180,t,36.24380623575491,36.24380623575491
3181,t,36.24380623575491,36.24380623575491
3182,t,36.24380623575491,36.24380623575491
3183,t,36.24380623575491,36.24380623575491
3184,c,36.24380623575491,36.24380623575491
3185,c,36.24380623575491,36.24380623575491
3186,t,36.24380623575491,36.24380623575491
3187,c,36.24380623575491,36.24380623575491
3188,t,36.24380623575491,36.24380623575491
3189,t,36.24380623575491,36.24380623575491
3190,t,36.24380623575491,36.24380623575491
3191,c,36.24380623575491,36.24380623575491
3192,t,36.24380623575491,36.24380623575491
3193,t,36.24380623575491,36.24380623575491
3194,t,36.24380623575491,36.24380623575491
3195,c,36.24380623575491,36.24380623575491
3196,t,36.24380623575491,36.24380623575491
3197,t,36.24380623575491,36.24380623575491
3198,t,36.24380623575491,36.24380623575491
3199,t,36.24380623575491,36.24380623575491
3200,c,36.24380623575491,36.24380623575491
3201,c,36.24380623575491,36.24380623575491
3202,t,36.24380623575491,36.24380623575491
3203,t,36.24380623575491,36.24380623575491
3204,t,36.24380623575491,36.24380623575491
3205,c,36.24380623575491,36.24380623575491
3206,t,36.24380623575491,36.24380623575491
3207,t,36.24380623575491,36.24380623575491
3208,c,36.24380623575491,36.24380623575491
3209,c,36.24380623575491,36.24380623575491
3210,t,36.24380623575491,36.24380623575491
3211,c,36.24380623575491,36.24380623575491
3212,t,36.24380623575491,36.24380623575491
3213,c,36.24380623575491,36.24380623575491
3214,c,36.24380623575491,36.24380623575491
3215,c,36.24380623575491,36.24380623575491
3216,c,36.24380623575491,36.24380623575491
3217,t,36.24380623575491,36.24380623575491
3218,c,36.24380623575491,36.24380623575491
3219,t,36.24380623575491,36.24380623575491
3220,t,36.24380623575491,36.24380623575491
3221,t,36.24380623575491,36.24380623575491
3222,t,36.24380623575491,36.24380623575491
3223,c,36.24380623575491,36.24380623575491
3224,c,36.24380623575491,36.24380623575491
3225,t,36.24380623575491,36.24380623575491
3226,c,36.24380623575491,36.24380623575491
3227,t,36.24380623575491,36.24380623575491
3228,t,36.24380623575491,36.24380623575491
3229,t,36.24380623575491,36.24380623575491
3230,c,36.24380623575491,36.24380623575491
3231,c,36.24380623575491,36.24380623575491
3232,c,36.24380623575491,36.24380623575491
3233,c,36.24380623575491,36.24380623575491
3234,t,36.24380623575491,36.24380623575491
3235,c,36.24380623575491,36.24380623575491
3236,t,36.24380623575491,36.24380623575491
3237,c,36.24380623575491,36.24380623575491
3238,c,36.24380623575491,36.24380623575491
3239,t,36.24380623575491,36.24380623575491
3240,t,36.24380623575491,36.24380623575491
3241,t,36.24380623575491,36.24380623575491
3242,t,36.24380623575491,36.24380623575491
3243,t,36.24380623575491,36.24380623575491
3244,c,36.24380623575491,36.24380623575491
3245,t,36.24380623575491,36.24380623575491
3246,c,36.24380623575491,36.24380623575491
3247,c,36.24380623575491,36.24380623575491
3248,c,36.24380623575491,36.24380623575491
3249,t,36.24380623575491,36.24380623575491
3250,t,36.24380623575491,36.24380623575491
3251,c,36.24380623575491,36.24380623575491
3252,t,36.24380623575491,36.24380623575491
3253,c,36.24380623575491,36.24380623575491
3254,t,36.24380623575491,36.24380623575491
3255,c,36.24380623575491,36.24380623575491
3256,c,36.24380623575491,36.24380623575491
3257,c,36.24380623575491,36.24380623575491
3258,t,36.24380623575491,36.24380623575491
3259,c,36.24380623575491,36.24380623575491
3260,c,36.24380623575491,36.24380623575491
3261,t,36.24380623575491,36.24380623575491
3262,c,36.24380623575491,36.24380623575491
3263,t,36.24380623575491,36.24380623575491
3264,c,36.24380623575491,36.24380623575491
3265,c,36.24380623575491,36.24380623575491
3266,c,36.24380623575491,36.24380623575491
3267,c,36.24380623575491,36.24380623575491
3268,t,36.24380623575491,36.24380623575491
3269,c,36.24380623575491,36.24380623575491
3270,t,36.24380623575491,36.24380623575491
3271,c,36.24380623575491,36.24380623575491
3272,c,4.752730477948377,7.812119637970208
3273,t,36.24380623575491,36.24380623575491
3274,t,36.24380623575491,36.24380623575491
3275,c,36.24380623575491,36.24380623575491
3276,c,36.24380623575491,36.24380623575491
3277,t,36.24380623575491,36.24380623575491
3278,t,36.24380623575491,36.24380623575491
3279,t,36.24380623575491,36.24380623575491
3280,c,36.24380623575491,36.24380623575491
3281,t,36.24380623575491,36.24380623575491
3282,c,36.24380623575491,36.24380623575491
3283,c,36.24380623575491,36.24380623575491
3284,t,36.24380623575491,36.24380623575491
3285,t,36.24380623575491,36.24380623575491
3286,c,36.24380623575491,36.24380623575491
3287,t,36.24380623575491,36.24380623575491
3288,c,36.24380623575491,36.24380623575491
3289,t,36.24380623575491,36.24380623575491
3290,c,36.24380623575491,36.24380623575491
3291,t,36.24380623575491,36.24380623575491
3292,c,36.24380623575491,36.24380623575491
3293,t,36.24380623575491,36.24380623575491
3294,t,36.24380623575491,36.24380623575491
3295,c,36.24380623575491,36.24380623575491
3296,t,36.24380623575491,36.24380623575491
3297,t,36.24380623575491,36.24380623575491
3298,c,36.24380623575491,36.24380623575491
3299,t,36.24380623575491,36.24380623575491
3300,t,36.24380623575491,36.24380623575491
3301,c,36.24380623575491,36.24380623575491
3302,t,36.24380623575491,36.24380623575491
3303,t,36.24380623575491,36.24380623575491
3304,c,36.24380623575491,36.24380623575491
3305,c,36.24380623575491,36.24380623575491
3306,t,36.24380623575491,36.24380623575491
3307,c,36.24380623575491,36.24380623575491
3308,t,36.24380623575491,36.24380623575491
3309,t,36.24380623575491,36.24380623575491
3310,c,36.24380623575491,36.24380623575491
3311,c,36.24380623575491,36.24380623575491
3312,t,36.24380623575491,36.24380623575491
3313,t,36.24380623575491,36.24380623575491
3314,c,36.24380623575491,36.24380623575491
3315,t,36.24380623575491,36.24380623575491
3316,c,36.24380623575491,36.24380623575491
3317,t,36.24380623575491,36.24380623575491
3318,c,36.24380623575491,36.24380623575491
3319,c,36.24380623575491,36.24380623575491
3320,c,36.24380623575491,36.24380623575491
3321,t,36.24380623575491,36.24380623575491
3322,c,36.24380623575491,36.24380623575491
3323,c,36.24380623575491,36.24380623575491
3324,t,36.24380623575491,36.24380623575491
3325,c,36.24380623575491,36.24380623575491
3326,c,36.24380623575491,36.24380623575491
3327,c,36.24380623575491,36.24380623575491
3328,c,36.24380623575491,36.24380623575491
3329,t,36.24380623575491,36.24380623575491
3330,c,36.24380623575491,36.24380623575491
3331,t,36.24380623575491,36.24380623575491
3332,c,36.24380623575491,36.24380623575491
3333,c,36.24380623575491,36.24380623575491
3334,t,36.24380623575491,36.24380623575491
3335,t,36.24380623575491,36.24380623575491
3336,t,36.24380623575491,36.24380623575491
3337,c,36.24380623575491,36.24380623575491
3338,t,36.24380623575491,36.24380623575491
3339,t,36.24380623575491,36.24380623575491
3340,t,36.24380623575491,36.24380623575491
3341,c,36.24380623575491,36.24380623575491
3342,t,36.24380623575491,36.24380623575491
3343,t,36.24380623575491,36.24380623575491
3344,c,36.24380623575491,36.24380623575491
3345,c,36.24380623575491,36.24380623575491
3346,t,36.24380623575491,36.24380623575491
3347,t,36.24380623575491,36.24380623575491
3348,t,36.24380623575491,36.24380623575491
3349,c,36.24380623575491,36.24380623575491
3350,t,36.24380623575491,36.24380623575491
3351,c,36.24380623575491,36.24380623575491
3352,t,36.24380623575491,36.24380623575491
3353,c,36.24380623575491,36.24380623575491
3354,t,36.24380623575491,36.24380623575491
3355,t,36.24380623575491,36.24380623575491
3356,c,36.24380623575491,36.24380623575491
3357,c,36.24380623575491,36.24380623575491
3358,c,36.24380623575491,36.24380623575491
3359,t,36.24380623575491,36.24380623575491
3360,t,36.24380623575491,36.24380623575491
3361,t,36.24380623575491,36.24380623575491
3362,t,36.24380623575491,36.24380623575491
3363,t,36.24380623575491,36.24380623575491
3364,c,36.24380623575491,36.24380623575491
3365,c,36.24380623575491,36.24380623575491
3366,c,36.24380623575491,36.24380623575491
3367,c,36.24380623575491,36.24380623575491
3368,t,36.24380623575491,36.24380623575491
3369,c,36.24380623575491,36.24380623575491
3370,c,36.24380623575491,36.24380623575491
3371,t,36.24380623575491,36.24380623575491
3372,t,36.24380623575491,36.24380623575491
3373,c,36.24380623575491,36.24380623575491
3374,t,36.24380623575491,36.24380623575491
3375,t,36.24380623575491,36.24380623575491
3376,c,36.24380623575491,36.24380623575491
3377,t,36.24380623575491,36.24380623575491
3378,c,36.24380623575491,36.24380623575491
3379,t,36.24380623575491,36.24380623575491
3380,c,36.24380623575491,36.24380623575491
3381,t,36.24380623575491,36.24380623575491
3382,t,36.24380623575491,36.24380623575491
3383,na,1.9425886176735416,3.0818407362086284
3384,c,36.24380623575491,36.24380623575491
3385,t,36.24380623575491,36.24380623575491
3386,t,36.24380623575491,36.24380623575491
3387,c,36.24380623575491,36.24380623575491
3388,c,36.24380623575491,36.24380623575491
3389,t,36.24380623575491,36.24380623575491
3390,c,36.24380623575491,36.24380623575491
3391,t,36.24380623575491,36.24380623575491
3392,t,36.24380623575491,36.24380623575491
3393,c,36.24380623575491,36.24380623575491
3394,t,36.24380623575491,36.24380623575491
3395,c,36.24380623575491,36.24380623575491
3396,c,36.24380623575491,36.24380623575491
3397,c,36.24380623575491,36.24380623575491
3398,t,36.24380623575491,36.24380623575491
3399,c,36.24380623575491,36.24380623575491
3400,c,36.24380623575491,36.24380623575491
3401,c,36.24380623575491,36.24380623575491
3402,t,36.24380623575491,36.24380623575491
3403,t,36.24380623575491,36.24380623575491
3404,t,36.24380623575491,36.24380623575491
3405,t,36.24380623575491,36.24380623575491
3406,t,36.24380623575491,36.24380623575491
3407,c,36.24380623575491,36.24380623575491
3408,t,36.24380623575491,36.24380623575491
3409,c,36.24380623575491,36.24380623575491
3410,c,36.24380623575491,36.24380623575491
3411,t,36.24380623575491,36.24380623575491
3412,c,36.24380623575491,36.24380623575491
3413,c,36.24380623575491,36.24380623575491
3414,c,36.24380623575491,36.24380623575491
3415,c,36.24380623575491,36.24380623575491
3416,t,36.24380623575491,36.24380623575491
3417,t,36.24380623575491,36.24380623575491
3418,c,36.24380623575491,36.24380623575491
3419,c,36.24380623575491,36.24380623575491
3420,c,36.24380623575491,36.24380623575491
3421,t,36.24380623575491,36.24380623575491
3422,t,36.24380623575491,36.24380623575491
3423,c,36.24380623575491,36.24380623575491
3424,c,36.24380623575491,36.24380623575491
3425,c,36.24380623575491,36.24380623575491
3426,c,36.24380623575491,36.24380623575491
3427,t,36.24380623575491,36.24380623575491
3428,t,36.24380623575491,36.24380623575491
3429,t,36.24380623575491,36.24380623575491
3430,t,36.24380623575491,36.24380623575491
3431,c,36.24380623575491,36.24380623575491
3432,c,36.24380623575491,36.24380623575491
3433,t,36.24380623575491,36.24380623575491
3434,c,36.24380623575491,36.24380623575491
3435,t,36.24380623575491,36.24380623575491
3436,t,36.24380623575491,36.24380623575491
3437,c,36.24380623575491,36.24380623575491
3438,t,36.24380623575491,36.24380623575491
3439,c,36.24380623575491,36.24380623575491
3440,c,36.24380623575491,36.24380623575491
3441,c,36.24380623575491,36.24380623575491
3442,t,36.24380623575491,36.24380623575491
3443,c,2.7562145979205845,3.2299312223361483
3444,c,36.24380623575491,36.24380623575491
3445,t,36.24380623575491,36.24380623575491
3446,c,36.24380623575491,36.24380623575491
3447,t,36.24380623575491,36.24380623575491
3448,c,36.24380623575491,36.24380623575491
3449,c,36.24380623575491,36.24380623575491
3450,t,36.24380623575491,36.24380623575491
3451,c,36.24380623575491,36.24380623575491
3452,t,36.24380623575491,36.24380623575491
3453,t,36.24380623575491,36.24380623575491
3454,t,36.24380623575491,36.24380623575491
3455,c,36.24380623575491,36.24380623575491
3456,t,36.24380623575491,36.24380623575491
3457,c,36.24380623575491,36.24380623575491
3458,t,36.24380623575491,36.24380623575491
3459,c,36.24380623575491,36.24380623575491
3460,t,36.24380623575491,36.24380623575491
3461,t,36.24380623575491,36.24380623575491
3462,c,36.24380623575491,36.24380623575491
3463,c,36.24380623575491,36.24380623575491
3464,t,36.24380623575491,36.24380623575491
3465,t,36.24380623575491,36.24380623575491
3466,t,36.24380623575491,36.24380623575491
3467,t,36.24380623575491,36.24380623575491
3468,c,36.24380623575491,36.24380623575491
3469,t,36.24380623575491,36.24380623575491
3470,t,36.24380623575491,36.24380623575491
3471,t,36.24380623575491,36.24380623575491
3472,t,36.24380623575491,36.24380623575491
3473,c,36.24380623575491,36.24380623575491
3474,c,36.24380623575491,36.24380623575491
3475,t,36.24380623575491,36.24380623575491
3476,c,36.24380623575491,36.24380623575491
3477,t,36.24380623575491,36.24380623575491
3478,t,36.24380623575491,36.24380623575491
3479,t,36.24380623575491,36.24380623575491
3480,c,36.24380623575491,36.24380623575491
3481,t,36.24380623575491,36.24380623575491
3482,t,36.24380623575491,36.24380623575491
3483,t,36.24380623575491,36.24380623575491
3484,c,36.24380623575491,36.24380623575491
3485,c,36.24380623575491,36.24380623575491
3486,c,36.24380623575491,36.24380623575491
3487,t,36.24380623575491,36.24380623575491
3488,c,36.24380623575491,36.24380623575491
3489,c,36.24380623575491,36.24380623575491
3490,t,36.24380623575491,36.24380623575491
3491,t,36.24380623575491,36.24380623575491
3492,c,36.24380623575491,36.24380623575491
3493,t,36.24380623575491,36.24380623575491
3494,t,36.24380623575491,36.24380623575491
3495,t,36.24380623575491,36.24380623575491
3496,t,36.24380623575491,36.24380623575491
3497,c,36.24380623575491,36.24380623575491
3498,t,36.24380623575491,36.24380623575491
3499,t,36.24380623575491,36.24380623575491
3500,t,36.24380623575491,36.24380623575491
3501,t,36.24380623575491,36.24380623575491
3502,c,36.24380623575491,36.24380623575491
3503,c,36.24380623575491,36.24380623575491
3504,c,36.24380623575491,36.24380623575491
3505,t,36.24380623575491,36.24380623575491
3506,c,36.24380623575491,36.24380623575491
3507,t,36.24380623575491,36.24380623575491
3508,c,36.24380623575491,36.24380623575491
3509,t,36.24380623575491,36.24380623575491
3510,t,36.24380623575491,36.24380623575491
3511,c,36.24380623575491,36.24380623575491
3512,c,36.24380623575491,36.24380623575491
3513,c,36.24380623575491,36.24380623575491
3514,t,36.24380623575491,36.24380623575491
3515,c,36.24380623575491,36.24380623575491
3516,c,36.24380623575491,36.24380623575491
3517,t,36.24380623575491,36.24380623575491
3518,t,36.24380623575491,36.24380623575491
3519,na,3.5221479576634622,4.274863803114245
3520,c,36.24380623575491,36.24380623575491
3521,t,36.24380623575491,36.24380623575491
3522,c,36.24380623575491,36.24380623575491
3523,c,36.24380623575491,36.24380623575491
3524,c,36.24380623575491,36.24380623575491
3525,t,36.24380623575491,36.24380623575491
3526,t,36.24380623575491,36.24380623575491
3527,t,36.24380623575491,36.24380623575491
3528,c,36.24380623575491,36.24380623575491
3529,c,36.24380623575491,36.24380623575491
3530,t,36.24380623575491,36.24380623575491
3531,c,36.24380623575491,36.24380623575491
3532,t,36.24380623575491,36.24380623575491
3533,t,36.24380623575491,36.24380623575491
3534,c,36.24380623575491,36.24380623575491
3535,c,36.24380623575491,36.24380623575491
3536,c,36.24380623575491,36.24380623575491
3537,c,36.24380623575491,36.24380623575491
3538,c,36.24380623575491,36.24380623575491
3539,c,36.24380623575491,36.24380623575491
3540,t,36.24380623575491,36.24380623575491
3541,c,36.24380623575491,36.24380623575491
3542,c,36.24380623575491,36.24380623575491
3543,c,36.24380623575491,36.24380623575491
3544,t,36.24380623575491,36.24380623575491
3545,t,36.24380623575491,36.24380623575491
3546,t,36.24380623575491,36.24380623575491
3547,c,36.24380623575491,36.24380623575491
3548,c,36.24380623575491,36.24380623575491
3549,t,36.24380623575491,36.24380623575491
3550,t,36.24380623575491,36.24380623575491
3551,t,36.24380623575491,36.24380623575491
3552,t,36.24380623575491,36.24380623575491
3553,c,36.24380623575491,36.24380623575491
3554,t,36.24380623575491,36.24380623575491
3555,c,36.24380623575491,36.24380623575491
3556,t,36.24380623575491,36.24380623575491
3557,c,36.24380623575491,36.24380623575491
3558,c,36.24380623575491,36.24380623575491
3559,t,36.24380623575491,36.24380623575491
3560,c,36.24380623575491,36.24380623575491
3561,t,36.24380623575491,36.24380623575491
3562,t,36.24380623575491,36.24380623575491
3563,t,36.24380623575491,36.24380623575491
3564,t,36.24380623575491,36.24380623575491
3565,c,36.24380623575491,36.24380623575491
3566,c,36.24380623575491,36.24380623575491
3567,t,36.24380623575491,36.24380623575491
3568,t,36.24380623575491,36.24380623575491
3569,c,36.24380623575491,36.24380623575491
3570,c,36.24380623575491,36.24380623575491
3571,t,36.24380623575491,36.24380623575491
3572,c,36.24380623575491,36.24380623575491
3573,c,36.24380623575491,36.24380623575491
3574,c,36.24380623575491,36.24380623575491
3575,c,36.24380623575491,36.24380623575491
3576,c,36.24380623575491,36.24380623575491
3577,t,36.24380623575491,36.24380623575491
3578,c,36.24380623575491,36.24380623575491
3579,c,36.24380623575491,36.24380623575491
3580,t,36.24380623575491,36.24380623575491
3581,t,36.24380623575491,36.24380623575491
3582,t,36.24380623575491,36.24380623575491
3583,t,36.24380623575491,36.24380623575491
3584,c,36.24380623575491,36.24380623575491
3585,t,36.24380623575491,36.24380623575491
3586,t,36.24380623575491,36.24380623575491
3587,t,36.24380623575491,36.24380623575491
3588,t,36.24380623575491,36.24380623575491
3589,c,36.24380623575491,36.24380623575491
3590,c,36.24380623575491,36.24380623575491
3591,t,36.24380623575491,36.24380623575491
3592,c,36.24380623575491,36.24380623575491
3593,c,36.24380623575491,36.24380623575491
3594,c,36.24380623575491,36.24380623575491
3595,c,36.24380623575491,36.24380623575491
3596,t,36.24380623575491,36.24380623575491
3597,c,36.24380623575491,36.24380623575491
3598,t,36.24380623575491,36.24380623575491
3599,c,36.24380623575491,36.24380623575491
3600,t,36.24380623575491,36.24380623575491
3601,c,36.24380623575491,36.24380623575491
3602,c,36.24380623575491,36.24380623575491
3603,c,36.24380623575491,36.24380623575491
3604,c,36.24380623575491,36.24380623575491
3605,t,36.24380623575491,36.24380623575491
3606,t,36.24380623575491,36.24380623575491
3607,c,36.24380623575491,36.24380623575491
3608,t,36.24380623575491,36.24380623575491
3609,c,36.24380623575491,36.24380623575491
3610,t,36.24380623575491,36.24380623575491
3611,c,36.24380623575491,36.24380623575491
3612,c,36.24380623575491,36.24380623575491
3613,c,36.24380623575491,36.24380623575491
3614,c,36.24380623575491,36.24380623575491
3615,c,36.24380623575491,36.24380623575491
3616,c,36.24380623575491,36.24380623575491
3617,t,36.24380623575491,36.24380623575491
3618,t,36.24380623575491,36.24380623575491
3619,t,36.24380623575491,36.24380623575491
3620,t,36.24380623575491,36.24380623575491
3621,t,36.24380623575491,36.24380623575491
3622,t,36.24380623575491,36.24380623575491
3623,c,36.24380623575491,36.24380623575491
3624,t,36.24380623575491,36.24380623575491
3625,t,36.24380623575491,36.24380623575491
3626,t,36.24380623575491,36.24380623575491
3627,c,36.24380623575491,36.24380623575491
3628,c,36.24380623575491,36.24380623575491
3629,c,36.24380623575491,36.24380623575491
3630,t,36.24380623575491,36.24380623575491
3631,c,36.24380623575491,36.24380623575491
3632,c,36.24380623575491,36.24380623575491
3633,t,36.24380623575491,36.24380623575491
3634,t,36.24380623575491,36.24380623575491
3635,t,36.24380623575491,36.24380623575491
3636,na,6.925456727667672,15.8867223890048
3637,c,36.24380623575491,36.24380623575491
3638,c,36.24380623575491,36.24380623575491
3639,c,36.24380623575491,36.24380623575491
3640,c,36.24380623575491,36.24380623575491
3641,t,36.24380623575491,36.24380623575491
3642,c,36.24380623575491,36.24380623575491
3643,t,36.24380623575491,36.24380623575491
3644,t,36.24380623575491,36.24380623575491
3645,c,36.24380623575491,36.24380623575491
3646,t,36.24380623575491,36.24380623575491
3647,c,36.24380623575491,36.24380623575491
3648,c,36.24380623575491,36.24380623575491
3649,c,36.24380623575491,36.24380623575491
3650,c,36.24380623575491,36.24380623575491
3651,t,36.24380623575491,36.24380623575491
3652,c,36.24380623575491,36.24380623575491
3653,c,36.24380623575491,36.24380623575491
3654,c,36.24380623575491,36.24380623575491
3655,c,36.24380623575491,36.24380623575491
3656,c,36.24380623575491,36.24380623575491
3657,c,36.24380623575491,36.24380623575491
3658,t,36.24380623575491,36.24380623575491
3659,t,36.24380623575491,36.24380623575491
3660,c,36.24380623575491,36.24380623575491
3661,t,36.24380623575491,36.24380623575491
3662,c,36.24380623575491,36.24380623575491
3663,t,36.24380623575491,36.24380623575491
3664,t,36.24380623575491,36.24380623575491
3665,t,36.24380623575491,36.24380623575491
3666,t,36.24380623575491,36.24380623575491
3667,t,36.24380623575491,36.24380623575491
3668,c,36.24380623575491,36.24380623575491
3669,t,36.24380623575491,36.24380623575491
3670,c,36.24380623575491,36.24380623575491
3671,c,36.24380623575491,36.24380623575491
3672,t,36.24380623575491,36.24380623575491
3673,t,36.24380623575491,36.24380623575491
3674,t,36.24380623575491,36.24380623575491
3675,c,36.24380623575491,36.24380623575491
3676,c,36.24380623575491,36.24380623575491
3677,t,36.24380623575491,36.24380623575491
3678,t,36.24380623575491,36.24380623575491
3679,c,36.24380623575491,36.24380623575491
3680,t,36.24380623575491,36.24380623575491
3681,c,36.24380623575491,36.24380623575491
3682,t,36.24380623575491,36.24380623575491
3683,t,36.24380623575491,36.24380623575491
3684,c,36.24380623575491,36.24380623575491
3685,c,36.24380623575491,36.24380623575491
3686,c,36.24380623575491,36.24380623575491
3687,t,36.24380623575491,36.24380623575491
3688,c,36.24380623575491,36.24380623575491
3689,t,36.24380623575491,36.24380623575491
3690,t,36.24380623575491,36.24380623575491
3691,t,36.24380623575491,36.24380623575491
3692,c,36.24380623575491,36.24380623575491
3693,c,36.24380623575491,36.24380623575491
3694,t,36.24380623575491,36.24380623575491
3695,c,36.24380623575491,36.24380623575491
3696,c,36.24380623575491,36.24380623575491
3697,t,36.24380623575491,36.24380623575491
3698,c,36.24380623575491,36.24380623575491
3699,t,36.24380623575491,36.24380623575491
3700,t,36.24380623575491,36.24380623575491
3701,c,36.24380623575491,36.24380623575491
3702,c,36.24380623575491,36.24380623575491
3703,t,36.24380623575491,36.24380623575491
3704,t,36.24380623575491,36.24380623575491
3705,t,36.24380623575491,36.24380623575491
3706,t,36.24380623575491,36.24380623575491
3707,c,36.24380623575491,36.24380623575491
3708,c,36.24380623575491,36.24380623575491
3709,t,36.24380623575491,36.24380623575491
3710,t,36.24380623575491,36.24380623575491
3711,t,36.24380623575491,36.24380623575491
3712,c,36.24380623575491,36.24380623575491
3713,c,36.24380623575491,36.24380623575491
3714,c,36.24380623575491,36.24380623575491
3715,c,36.24380623575491,36.24380623575491
3716,t,36.24380623575491,36.24380623575491
3717,c,36.24380623575491,36.24380623575491
3718,t,36.24380623575491,36.24380623575491
3719,t,36.24380623575491,36.24380623575491
3720,t,36.24380623575491,36.24380623575491
3721,c,36.24380623575491,36.24380623575491
3722,c,36.24380623575491,36.24380623575491
3723,c,36.24380623575491,36.24380623575491
3724,c,36.24380623575491,36.24380623575491
3725,c,36.24380623575491,36.24380623575491
3726,t,36.24380623575491,36.24380623575491
3727,t,36.24380623575491,36.24380623575491
3728,c,36.24380623575491,36.24380623575491
3729,t,36.24380623575491,36.24380623575491
3730,c,36.24380623575491,36.24380623575491
3731,t,36.24380623575491,36.24380623575491
3732,c,36.24380623575491,36.24380623575491
3733,c,36.24380623575491,36.24380623575491
3734,c,36.24380623575491,36.24380623575491
3735,t,36.24380623575491,36.24380623575491
3736,t,36.24380623575491,36.24380623575491
3737,t,36.24380623575491,36.24380623575491
3738,c,36.24380623575491,36.24380623575491
3739,c,36.24380623575491,36.24380623575491
3740,t,36.24380623575491,36.24380623575491
3741,t,36.24380623575491,36.24380623575491
3742,c,36.24380623575491,36.24380623575491
3743,c,36.24380623575491,36.24380623575491
3744,c,36.24380623575491,36.24380623575491
3745,t,36.24380623575491,36.24380623575491
3746,t,36.24380623575491,36.24380623575491
3747,t,36.24380623575491,36.24380623575491
3748,c,36.24380623575491,36.24380623575491
3749,t,36.24380623575491,36.24380623575491
3750,c,36.24380623575491,36.24380623575491
3751,c,36.24380623575491,36.24380623575491
3752,c,36.24380623575491,36.24380623575491
3753,c,36.24380623575491,36.24380623575491
3754,t,36.24380623575491,36.24380623575491
3755,t,36.24380623575491,36.24380623575491
3756,t,36.24380623575491,36.24380623575491
3757,t,36.24380623575491,36.24380623575491
3758,t,36.24380623575491,36.24380623575491
3759,c,36.24380623575491,36.24380623575491
3760,t,36.24380623575491,36.24380623575491
3761,t,36.24380623575491,36.24380623575491
3762,c,36.24380623575491,36.24380623575491
3763,t,36.24380623575491,36.24380623575491
3764,t,36.24380623575491,36.24380623575491
3765,t,36.24380623575491,36.24380623575491
3766,c,36.24380623575491,36.24380623575491
3767,c,36.24380623575491,36.24380623575491
3768,t,36.24380623575491,36.24380623575491
3769,c,36.24380623575491,36.24380623575491
3770,c,36.24380623575491,36.24380623575491
3771,c,36.24380623575491,36.24380623575491
3772,c,36.24380623575491,36.24380623575491
3773,c,36.24380623575491,36.24380623575491
3774,t,36.24380623575491,36.24380623575491
3775,c,36.24380623575491,36.24380623575491
3776,t,36.24380623575491,36.24380623575491
3777,c,36.24380623575491,36.24380623575491
3778,c,36.24380623575491,36.24380623575491
3779,t,36.24380623575491,36.24380623575491
3780,t,36.24380623575491,36.24380623575491
3781,c,36.24380623575491,36.24380623575491
3782,t,36.24380623575491,36.24380623575491
3783,c,36.24380623575491,36.24380623575491
3784,c,36.24380623575491,36.24380623575491
3785,t,36.24380623575491,36.24380623575491
3786,t,36.24380623575491,36.24380623575491
3787,c,36.24380623575491,36.24380623575491
3788,t,36.24380623575491,36.24380623575491
3789,t,36.24380623575491,36.24380623575491
3790,t,36.24380623575491,36.24380623575491
3791,t,36.24380623575491,36.24380623575491
3792,t,36.24380623575491,36.24380623575491
3793,c,36.24380623575491,36.24380623575491
3794,t,36.24380623575491,36.24380623575491
3795,t,36.24380623575491,36.24380623575491
3796,t,36.24380623575491,36.24380623575491
3797,t,36.24380623575491,36.24380623575491
3798,t,36.24380623575491,36.24380623575491
3799,c,36.24380623575491,36.24380623575491
3800,t,36.24380623575491,36.24380623575491
3801,c,36.24380623575491,36.24380623575491
3802,t,36.24380623575491,36.24380623575491
3803,t,36.24380623575491,36.24380623575491
3804,t,36.24380623575491,36.24380623575491
3805,t,36.24380623575491,36.24380623575491
3806,t,36.24380623575491,36.24380623575491
3807,c,36.24380623575491,36.24380623575491
3808,t,36.24380623575491,36.24380623575491
3809,c,36.24380623575491,36.24380623575491
3810,t,36.24380623575491,36.24380623575491
3811,c,36.24380623575491,36.24380623575491
3812,c,36.24380623575491,36.24380623575491
3813,c,36.24380623575491,36.24380623575491
3814,t,36.24380623575491,36.24380623575491
3815,t,36.24380623575491,36.24380623575491
3816,t,36.24380623575491,36.24380623575491
3817,c,36.24380623575491,36.24380623575491
3818,c,36.24380623575491,36.24380623575491
3819,t,36.24380623575491,36.24380623575491
3820,c,36.24380623575491,36.24380623575491
3821,c,36.24380623575491,36.24380623575491
3822,t,36.24380623575491,36.24380623575491
3823,t,36.24380623575491,36.24380623575491
3824,t,36.24380623575491,36.24380623575491
3825,c,36.24380623575491,36.24380623575491
3826,t,36.24380623575491,36.24380623575491
3827,t,36.24380623575491,36.24380623575491
3828,t,36.24380623575491,36.24380623575491
3829,c,36.24380623575491,36.24380623575491
3830,t,36.24380623575491,36.24380623575491
3831,c,36.24380623575491,36.24380623575491
3832,t,36.24380623575491,36.24380623575491
3833,c,36.24380623575491,36.24380623575491
3834,c,36.24380623575491,36.24380623575491
3835,t,36.24380623575491,36.24380623575491
3836,t,36.24380623575491,36.24380623575491
3837,c,36.24380623575491,36.24380623575491
3838,t,36.24380623575491,36.24380623575491
3839,t,36.24380623575491,36.24380623575491
3840,c,36.24380623575491,36.24380623575491
3841,t,36.24380623575491,36.24380623575491
3842,t,36.24380623575491,36.24380623575491
3843,t,36.24380623575491,36.24380623575491
3844,na,0,3.681643906270745
3845,t,36.24380623575491,36.24380623575491
3846,t,36.24380623575491,36.24380623575491
3847,t,36.24380623575491,36.24380623575491
3848,c,36.24380623575491,36.24380623575491
3849,t,36.24380623575491,36.24380623575491
3850,c,36.24380623575491,36.24380623575491
3851,c,36.24380623575491,36.24380623575491
3852,c,36.24380623575491,36.24380623575491
3853,c,36.24380623575491,36.24380623575491
3854,c,36.24380623575491,36.24380623575491
3855,c,36.24380623575491,36.24380623575491
3856,c,36.24380623575491,36.24380623575491
3857,c,36.24380623575491,36.24380623575491
3858,c,36.24380623575491,36.24380623575491
3859,c,36.24380623575491,36.24380623575491
3860,c,36.24380623575491,36.24380623575491
3861,t,36.24380623575491,36.24380623575491
3862,t,36.24380623575491,36.24380623575491
3863,c,36.24380623575491,36.24380623575491
3864,c,36.24380623575491,36.24380623575491
3865,c,36.24380623575491,36.24380623575491
3866,t,36.24380623575491,36.24380623575491
3867,t,36.24380623575491,36.24380623575491
3868,c,36.24380623575491,36.24380623575491
3869,t,36.24380623575491,36.24380623575491
3870,c,36.24380623575491,36.24380623575491
3871,c,36.24380623575491,36.24380623575491
3872,c,36.24380623575491,36.24380623575491
3873,t,36.24380623575491,36.24380623575491
3874,t,36.24380623575491,36.24380623575491
3875,t,36.24380623575491,36.24380623575491
3876,c,36.24380623575491,36.24380623575491
3877,t,36.24380623575491,36.24380623575491
3878,c,36.24380623575491,36.24380623575491
3879,na,10.018109908377856,36.24380623575491
3880,c,36.24380623575491,36.24380623575491
3881,t,36.24380623575491,36.24380623575491
3882,t,36.24380623575491,36.24380623575491
3883,c,36.24380623575491,36.24380623575491
3884,t,36.24380623575491,36.24380623575491
3885,c,36.24380623575491,36.24380623575491
3886,c,36.24380623575491,36.24380623575491
3887,t,36.24380623575491,36.24380623575491
3888,t,36.24380623575491,36.24380623575491
3889,c,36.24380623575491,36.24380623575491
3890,na,5.991901182708637,6.743978801887185
3891,c,36.24380623575491,36.24380623575491
3892,c,36.24380623575491,36.24380623575491
3893,t,36.24380623575491,36.24380623575491
3894,t,36.24380623575491,36.24380623575491
3895,c,36.24380623575491,36.24380623575491
3896,t,36.24380623575491,36.24380623575491
3897,c,36.24380623575491,36.24380623575491
3898,c,36.24380623575491,36.24380623575491
3899,t,36.24380623575491,36.24380623575491
3900,c,36.24380623575491,36.24380623575491
3901,c,36.24380623575491,36.24380623575491
3902,c,36.24380623575491,36.24380623575491
3903,c,8.340902371360066,8.751436272674942
3904,c,36.24380623575491,36.24380623575491
3905,c,36.24380623575491,36.24380623575491
3906,t,36.24380623575491,36.24380623575491
3907,t,36.24380623575491,36.24380623575491
3908,t,36.24380623575491,36.24380623575491
3909,c,36.24380623575491,36.24380623575491
3910,t,36.24380623575491,36.24380623575491
3911,t,36.24380623575491,36.24380623575491
3912,t,36.24380623575491,36.24380623575491
3913,t,36.24380623575491,36.24380623575491
3914,t,36.24380623575491,36.24380623575491
3915,t,36.24380623575491,36.24380623575491
3916,c,36.24380623575491,36.24380623575491
3917,na,0,2.8030153778540745
3918,c,36.24380623575491,36.24380623575491
3919,t,36.24380623575491,36.24380623575491
3920,t,36.24380623575491,36.24380623575491
3921,c,36.24380623575491,36.24380623575491
3922,t,36.24380623575491,36.24380623575491
3923,t,36.24380623575491,36.24380623575491
3924,c,36.24380623575491,36.24380623575491
3925,c,36.24380623575491,36.24380623575491
3926,t,36.24380623575491,36.24380623575491
3927,t,36.24380623575491,36.24380623575491
3928,c,36.24380623575491,36.24380623575491
3929,t,36.24380623575491,36.24380623575491
3930,c,36.24380623575491,36.24380623575491
3931,c,36.24380623575491,36.24380623575491
3932,t,36.24380623575491,36.24380623575491
3933,t,36.24380623575491,36.24380623575491
3934,t,36.24380623575491,36.24380623575491
3935,c,36.24380623575491,36.24380623575491
3936,t,36.24380623575491,36.24380623575491
3937,c,36.24380623575491,36.24380623575491
3938,t,36.24380623575491,36.24380623575491
3939,t,36.24380623575491,36.24380623575491
3940,c,36.24380623575491,36.24380623575491
3941,c,36.24380623575491,36.24380623575491
3942,c,36.24380623575491,36.24380623575491
3943,t,36.24380623575491,36.24380623575491
3944,t,36.24380623575491,36.24380623575491
3945,t,36.24380623575491,36.24380623575491
3946,t,36.24380623575491,36.24380623575491
3947,t,36.24380623575491,36.24380623575491
3948,t,36.24380623575491,36.24380623575491
3949,c,36.24380623575491,36.24380623575491
3950,t,36.24380623575491,36.24380623575491
3951,t,36.24380623575491,36.24380623575491
3952,t,36.24380623575491,36.24380623575491
3953,c,36.24380623575491,36.24380623575491
3954,c,36.24380623575491,36.24380623575491
3955,t,36.24380623575491,36.24380623575491
3956,t,36.24380623575491,36.24380623575491
3957,t,36.24380623575491,36.24380623575491
3958,c,36.24380623575491,36.24380623575491
3959,t,36.24380623575491,36.24380623575491
3960,t,36.24380623575491,36.24380623575491
3961,c,36.24380623575491,36.24380623575491
3962,t,36.24380623575491,36.24380623575491
3963,t,36.24380623575491,36.24380623575491
3964,t,36.24380623575491,36.24380623575491
3965,c,36.24380623575491,36.24380623575491
3966,t,36.24380623575491,36.24380623575491
3967,t,36.24380623575491,36.24380623575491
3968,t,36.24380623575491,36.24380623575491
3969,c,36.24380623575491,36.24380623575491
3970,c,36.24380623575491,36.24380623575491
3971,c,36.24380623575491,36.24380623575491
3972,t,36.24380623575491,36.24380623575491
3973,c,36.24380623575491,36.24380623575491
3974,c,36.24380623575491,36.24380623575491
3975,c,36.24380623575491,36.24380623575491
3976,t,36.24380623575491,36.24380623575491
3977,c,6.919170283581588,11.355936315945739
3978,c,36.24380623575491,36.24380623575491
3979,c,36.24380623575491,36.24380623575491
3980,c,36.24380623575491,36.24380623575491
3981,c,36.24380623575491,36.24380623575491
3982,t,36.24380623575491,36.24380623575491
3983,t,36.24380623575491,36.24380623575491
3984,c,36.24380623575491,36.24380623575491
3985,t,36.24380623575491,36.24380623575491
3986,na,0.44427504569868675,0.48501888825969025
3987,c,36.24380623575491,36.24380623575491
3988,c,36.24380623575491,36.24380623575491
3989,t,36.24380623575491,36.24380623575491
3990,c,36.24380623575491,36.24380623575491
3991,t,36.24380623575491,36.24380623575491
3992,c,36.24380623575491,36.24380623575491
3993,c,36.24380623575491,36.24380623575491
3994,c,36.24380623575491,36.24380623575491
3995,c,36.24380623575491,36.24380623575491
3996,c,36.24380623575491,36.24380623575491
3997,t,36.24380623575491,36.24380623575491
3998,c,36.24380623575491,36.24380623575491
3999,c,36.24380623575491,36.24380623575491
4000,c,36.24380623575491,36.24380623575491
4001,c,36.24380623575491,36.24380623575491
4002,c,36.24380623575491,36.24380623575491
4003,c,36.24380623575491,36.24380623575491
4004,t,36.24380623575491,36.24380623575491
4005,c,36.24380623575491,36.24380623575491
4006,c,36.24380623575491,36.24380623575491
4007,c,36.24380623575491,36.24380623575491
4008,c,36.24380623575491,36.24380623575491
4009,c,36.24380623575491,36.24380623575491
4010,t,36.24380623575491,36.24380623575491
4011,c,36.24380623575491,36.24380623575491
4012,t,36.24380623575491,36.24380623575491
4013,t,36.24380623575491,36.24380623575491
4014,t,36.24380623575491,36.24380623575491
4015,c,36.24380623575491,36.24380623575491
4016,t,36.24380623575491,36.24380623575491
4017,c,36.24380623575491,36.24380623575491
4018,t,36.24380623575491,36.24380623575491
4019,t,36.24380623575491,36.24380623575491
4020,c,36.24380623575491,36.24380623575491
4021,c,36.24380623575491,36.24380623575491
4022,t,36.24380623575491,36.24380623575491
4023,c,36.24380623575491,36.24380623575491
4024,c,6.139803407812201,6.663866041876165
4025,t,36.24380623575491,36.24380623575491
4026,c,36.24380623575491,36.24380623575491
4027,t,36.24380623575491,36.24380623575491
4028,t,36.24380623575491,36.24380623575491
4029,t,36.24380623575491,36.24380623575491
4030,c,36.24380623575491,36.24380623575491
4031,t,36.24380623575491,36.24380623575491
4032,c,36.24380623575491,36.24380623575491
4033,t,36.24380623575491,36.24380623575491
4034,t,36.24380623575491,36.24380623575491
4035,c,36.24380623575491,36.24380623575491
4036,t,36.24380623575491,36.24380623575491
4037,c,36.24380623575491,36.24380623575491
4038,c,36.24380623575491,36.24380623575491
4039,t,36.24380623575491,36.24380623575491
4040,t,36.24380623575491,36.24380623575491
4041,t,36.24380623575491,36.24380623575491
4042,c,36.24380623575491,36.24380623575491
4043,c,36.24380623575491,36.24380623575491
4044,c,36.24380623575491,36.24380623575491
4045,c,36.24380623575491,36.24380623575491
4046,c,36.24380623575491,36.24380623575491
4047,t,36.24380623575491,36.24380623575491
4048,t,36.24380623575491,36.24380623575491
4049,t,36.24380623575491,36.24380623575491
4050,c,36.24380623575491,36.24380623575491
4051,c,36.24380623575491,36.24380623575491
4052,c,36.24380623575491,36.24380623575491
4053,c,36.24380623575491,36.24380623575491
4054,c,36.24380623575491,36.24380623575491
4055,t,36.24380623575491,36.24380623575491
4056,t,36.24380623575491,36.24380623575491
4057,t,36.24380623575491,36.24380623575491
4058,c,36.24380623575491,36.24380623575491
4059,t,36.24380623575491,36.24380623575491
4060,c,36.24380623575491,36.24380623575491
4061,t,36.24380623575491,36.24380623575491
4062,t,36.24380623575491,36.24380623575491
4063,t,36.24380623575491,36.24380623575491
4064,c,36.24380623575491,36.24380623575491
4065,c,36.24380623575491,36.24380623575491
4066,c,36.24380623575491,36.24380623575491
4067,t,36.24380623575491,36.24380623575491
4068,c,36.24380623575491,36.24380623575491
4069,t,36.24380623575491,36.24380623575491
4070,t,36.24380623575491,36.24380623575491
4071,t,36.24380623575491,36.24380623575491
4072,c,36.24380623575491,36.24380623575491
4073,c,36.24380623575491,36.24380623575491
4074,t,36.24380623575491,36.24380623575491
4075,t,36.24380623575491,36.24380623575491
4076,t,36.24380623575491,36.24380623575491
4077,c,36.24380623575491,36.24380623575491
4078,c,36.24380623575491,36.24380623575491
4079,t,36.24380623575491,36.24380623575491
4080,t,36.24380623575491,36.24380623575491
4081,c,36.24380623575491,36.24380623575491
4082,c,36.24380623575491,36.24380623575491
4083,t,36.24380623575491,36.24380623575491
4084,c,36.24380623575491,36.24380623575491
4085,t,36.24380623575491,36.24380623575491
4086,t,36.24380623575491,36.24380623575491
4087,c,36.24380623575491,36.24380623575491
4088,c,36.24380623575491,36.24380623575491
4089,c,36.24380623575491,36.24380623575491
4090,t,36.24380623575491,36.24380623575491
4091,c,36.24380623575491,36.24380623575491
4092,c,36.24380623575491,36.24380623575491
4093,c,36.24380623575491,36.24380623575491
4094,t,36.24380623575491,36.24380623575491
4095,c,36.24380623575491,36.24380623575491
4096,t,36.24380623575491,36.24380623575491
4097,t,36.24380623575491,36.24380623575491
4098,t,36.24380623575491,36.24380623575491
4099,t,36.24380623575491,36.24380623575491
4100,t,36.24380623575491,36.24380623575491
4101,t,36.24380623575491,36.24380623575491
4102,t,36.24380623575491,36.24380623575491
4103,c,36.24380623575491,36.24380623575491
4104,t,36.24380623575491,36.24380623575491
4105,c,36.24380623575491,36.24380623575491
4106,t,36.24380623575491,36.24380623575491
4107,c,36.24380623575491,36.24380623575491
4108,t,36.24380623575491,36.24380623575491
4109,c,9.979016256031773,13.775994452080116
4110,c,36.24380623575491,36.24380623575491
4111,c,36.24380623575491,36.24380623575491
4112,c,36.24380623575491,36.24380623575491
4113,t,36.24380623575491,36.24380623575491
4114,t,36.24380623575491,36.24380623575491
4115,c,36.24380623575491,36.24380623575491
4116,c,36.24380623575491,36.24380623575491
4117,c,36.24380623575491,36.24380623575491
4118,t,36.24380623575491,36.24380623575491
4119,t,36.24380623575491,36.24380623575491
4120,c,36.24380623575491,36.24380623575491
4121,c,36.24380623575491,36.24380623575491
4122,t,36.24380623575491,36.24380623575491
4123,t,36.24380623575491,36.24380623575491
4124,t,36.24380623575491,36.24380623575491
4125,t,36.24380623575491,36.24380623575491
4126,c,36.24380623575491,36.24380623575491
4127,na,0,13.050349923254052
4128,c,36.24380623575491,36.24380623575491
4129,t,36.24380623575491,36.24380623575491
4130,c,36.24380623575491,36.24380623575491
4131,t,36.24380623575491,36.24380623575491
4132,t,36.24380623575491,36.24380623575491
4133,t,36.24380623575491,36.24380623575491
4134,c,36.24380623575491,36.24380623575491
4135,t,36.24380623575491,36.24380623575491
4136,t,36.24380623575491,36.24380623575491
4137,t,36.24380623575491,36.24380623575491
4138,c,36.24380623575491,36.24380623575491
4139,t,36.24380623575491,36.24380623575491
4140,c,36.24380623575491,36.24380623575491
4141,t,36.24380623575491,36.24380623575491
4142,c,36.24380623575491,36.24380623575491
4143,c,36.24380623575491,36.24380623575491
4144,t,36.24380623575491,36.24380623575491
4145,c,36.24380623575491,36.24380623575491
4146,c,36.24380623575491,36.24380623575491
4147,t,36.24380623575491,36.24380623575491
4148,c,36.24380623575491,36.24380623575491
4149,c,36.24380623575491,36.24380623575491
4150,t,36.24380623575491,36.24380623575491
4151,t,36.24380623575491,36.24380623575491
4152,c,36.24380623575491,36.24380623575491
4153,t,36.24380623575491,36.24380623575491
4154,t,36.24380623575491,36.24380623575491
4155,c,36.24380623575491,36.24380623575491
4156,t,36.24380623575491,36.24380623575491
4157,t,36.24380623575491,36.24380623575491
4158,t,36.24380623575491,36.24380623575491
4159,t,36.24380623575491,36.24380623575491
4160,t,36.24380623575491,36.24380623575491
4161,t,36.24380623575491,36.24380623575491
4162,c,36.24380623575491,36.24380623575491
4163,c,36.24380623575491,36.24380623575491
4164,c,36.24380623575491,36.24380623575491
4165,c,36.24380623575491,36.24380623575491
4166,t,36.24380623575491,36.24380623575491
4167,c,36.24380623575491,36.24380623575491
4168,c,36.24380623575491,36.24380623575491
4169,c,2.7311066579087475,3.291915173153752
4170,c,36.24380623575491,36.24380623575491
4171,c,36.24380623575491,36.24380623575491
4172,t,36.24380623575491,36.24380623575491
4173,t,36.24380623575491,36.24380623575491
4174,t,36.24380623575491,36.24380623575491
4175,c,36.24380623575491,36.24380623575491
4176,na,-1,0
4177,t,36.24380623575491,36.24380623575491
4178,c,36.24380623575491,36.24380623575491
4179,t,36.24380623575491,36.24380623575491
4180,t,36.24380623575491,36.24380623575491
4181,t,36.24380623575491,36.24380623575491
4182,c,36.24380623575491,36.24380623575491
4183,t,36.24380623575491,36.24380623575491
4184,t,36.24380623575491,36.24380623575491
4185,c,36.24380623575491,36.24380623575491
4186,t,36.24380623575491,36.24380623575491
4187,na,-1,0
4188,t,36.24380623575491,36.24380623575491
4189,t,36.24380623575491,36.24380623575491
4190,c,36.24380623575491,36.24380623575491
4191,c,36.24380623575491,36.24380623575491
4192,c,36.24380623575491,36.24380623575491
4193,c,36.24380623575491,36.24380623575491
4194,c,36.24380623575491,36.24380623575491
4195,t,36.24380623575491,36.24380623575491
4196,c,36.24380623575491,36.24380623575491
4197,t,36.24380623575491,36.24380623575491
4198,c,36.24380623575491,36.24380623575491
4199,t,36.24380623575491,36.24380623575491
4200,c,36.24380623575491,36.24380623575491
4201,t,36.24380623575491,36.24380623575491
4202,t,36.24380623575491,36.24380623575491
4203,t,36.24380623575491,36.24380623575491
4204,t,36.24380623575491,36.24380623575491
4205,na,0,36.24380623575491
4206,t,36.24380623575491,36.24380623575491
4207,c,36.24380623575491,36.24380623575491
4208,c,36.24380623575491,36.24380623575491
4209,t,36.24380623575491,36.24380623575491
4210,t,36.24380623575491,36.24380623575491
4211,c,36.24380623575491,36.24380623575491
4212,c,36.24380623575491,36.24380623575491
4213,t,36.24380623575491,36.24380623575491
4214,t,36.24380623575491,36.24380623575491
4215,t,36.24380623575491,36.24380623575491
4216,c,36.24380623575491,36.24380623575491
4217,t,36.24380623575491,36.24380623575491
4218,t,36.24380623575491,36.24380623575491
4219,c,36.24380623575491,36.24380623575491
4220,t,36.24380623575491,36.24380623575491
4221,c,36.24380623575491,36.24380623575491
4222,t,36.24380623575491,36.24380623575491
4223,t,36.24380623575491,36.24380623575491
4224,t,36.24380623575491,36.24380623575491
4225,c,36.24380623575491,36.24380623575491
4226,t,36.24380623575491,36.24380623575491
4227,t,36.24380623575491,36.24380623575491
4228,c,36.24380623575491,36.24380623575491
4229,t,36.24380623575491,36.24380623575491
4230,t,36.24380623575491,36.24380623575491
4231,t,36.24380623575491,36.24380623575491
4232,t,36.24380623575491,36.24380623575491
4233,t,36.24380623575491,36.24380623575491
4234,c,36.24380623575491,36.24380623575491
4235,t,36.24380623575491,36.24380623575491
4236,t,36.24380623575491,36.24380623575491
4237,t,36.24380623575491,36.24380623575491
4238,c,36.24380623575491,36.24380623575491
4239,t,36.24380623575491,36.24380623575491
4240,c,36.24380623575491,36.24380623575491
4241,t,36.24380623575491,36.24380623575491
4242,c,36.24380623575491,36.24380623575491
4243,t,36.24380623575491,36.24380623575491
4244,t,36.24380623575491,36.24380623575491
4245,t,36.24380623575491,36.24380623575491
4246,t,36.24380623575491,36.24380623575491
4247,c,36.24380623575491,36.24380623575491
4248,t,36.24380623575491,36.24380623575491
4249,c,36.24380623575491,36.24380623575491
4250,c,36.24380623575491,36.24380623575491
4251,c,36.24380623575491,36.24380623575491
4252,t,36.24380623575491,36.24380623575491
4253,c,36.24380623575491,36.24380623575491
4254,c,36.24380623575491,36.24380623575491
4255,c,36.24380623575491,36.24380623575491
4256,c,36.24380623575491,36.24380623575491
4257,t,36.24380623575491,36.24380623575491
4258,t,36.24380623575491,36.24380623575491
4259,t,36.24380623575491,36.24380623575491
4260,c,36.24380623575491,36.24380623575491
4261,t,36.24380623575491,36.24380623575491
4262,t,36.24380623575491,36.24380623575491
4263,c,20.197311862059664,20.38410571251265
4264,t,36.24380623575491,36.24380623575491
4265,c,36.24380623575491,36.24380623575491
4266,t,36.24380623575491,36.24380623575491
4267,t,36.24380623575491,36.24380623575491
4268,t,36.24380623575491,36.24380623575491
4269,t,36.24380623575491,36.24380623575491
4270,c,36.24380623575491,36.24380623575491
4271,c,36.24380623575491,36.24380623575491
4272,c,36.24380623575491,36.24380623575491
4273,c,36.24380623575491,36.24380623575491
4274,c,36.24380623575491,36.24380623575491
4275,c,36.24380623575491,36.24380623575491
4276,c,36.24380623575491,36.24380623575491
4277,c,36.24380623575491,36.24380623575491
4278,t,36.24380623575491,36.24380623575491
4279,t,36.24380623575491,36.24380623575491
4280,c,36.24380623575491,36.24380623575491
4281,c,36.24380623575491,36.24380623575491
4282,t,36.24380623575491,36.24380623575491
4283,c,36.24380623575491,36.24380623575491
4284,c,36.24380623575491,36.24380623575491
4285,c,36.24380623575491,36.24380623575491
4286,t,36.24380623575491,36.24380623575491
4287,t,36.24380623575491,36.24380623575491
4288,c,36.24380623575491,36.24380623575491
4289,t,36.24380623575491,36.24380623575491
4290,c,36.24380623575491,36.24380623575491
4291,t,36.24380623575491,36.24380623575491
4292,t,36.24380623575491,36.24380623575491
4293,t,36.24380623575491,36.24380623575491
4294,t,36.24380623575491,36.24380623575491
4295,c,36.24380623575491,36.24380623575491
4296,c,36.24380623575491,36.24380623575491
4297,c,36.24380623575491,36.24380623575491
4298,t,36.24380623575491,36.24380623575491
4299,c,36.24380623575491,36.24380623575491
4300,c,36.24380623575491,36.24380623575491
4301,c,36.24380623575491,36.24380623575491
4302,t,36.24380623575491,36.24380623575491
4303,t,36.24380623575491,36.24380623575491
4304,c,36.24380623575491,36.24380623575491
4305,na,0.8014161355985778,2.084799869034889
4306,c,36.24380623575491,36.24380623575491
4307,c,36.24380623575491,36.24380623575491
4308,c,36.24380623575491,36.24380623575491
4309,c,36.24380623575491,36.24380623575491
4310,c,36.24380623575491,36.24380623575491
4311,c,36.24380623575491,36.24380623575491
4312,t,36.24380623575491,36.24380623575491
4313,t,36.24380623575491,36.24380623575491
4314,t,36.24380623575491,36.24380623575491
4315,t,36.24380623575491,36.24380623575491
4316,c,36.24380623575491,36.24380623575491
4317,t,36.24380623575491,36.24380623575491
4318,c,36.24380623575491,36.24380623575491
4319,c,36.24380623575491,36.24380623575491
4320,t,36.24380623575491,36.24380623575491
4321,t,36.24380623575491,36.24380623575491
4322,c,36.24380623575491,36.24380623575491
4323,c,36.24380623575491,36.24380623575491
4324,t,36.24380623575491,36.24380623575491
4325,c,36.24380623575491,36.24380623575491
4326,c,36.24380623575491,36.24380623575491
4327,t,36.24380623575491,36.24380623575491
4328,t,36.24380623575491,36.24380623575491
4329,t,36.24380623575491,36.24380623575491
4330,c,36.24380623575491,36.24380623575491
4331,t,36.24380623575491,36.24380623575491
4332,t,36.24380623575491,36.24380623575491
4333,c,36.24380623575491,36.24380623575491
4334,na,0,7.551983439099288
4335,c,36.24380623575491,36.24380623575491
4336,t,36.24380623575491,36.24380623575491
4337,t,36.24380623575491,36.24380623575491
4338,c,36.24380623575491,36.24380623575491
4339,c,36.24380623575491,36.24380623575491
4340,t,36.24380623575491,36.24380623575491
4341,t,36.24380623575491,36.24380623575491
4342,c,36.24380623575491,36.24380623575491
4343,t,36.24380623575491,36.24380623575491
4344,t,36.24380623575491,36.24380623575491
4345,c,36.24380623575491,36.24380623575491
4346,t,36.24380623575491,36.24380623575491
4347,t,36.24380623575491,36.24380623575491
4348,t,36.24380623575491,36.24380623575491
4349,t,36.24380623575491,36.24380623575491
4350,t,36.24380623575491,36.24380623575491
4351,t,36.24380623575491,36.24380623575491
4352,c,36.24380623575491,36.24380623575491
4353,c,36.24380623575491,36.24380623575491
4354,c,36.24380623575491,36.24380623575491
4355,c,36.24380623575491,36.24380623575491
4356,t,36.24380623575491,36.24380623575491
4357,c,36.24380623575491,36.24380623575491
4358,t,36.24380623575491,36.24380623575491
4359,t,36.24380623575491,36.24380623575491
4360,t,36.24380623575491,36.24380623575491
4361,t,36.24380623575491,36.24380623575491
4362,t,36.24380623575491,36.24380623575491
4363,t,36.24380623575491,36.24380623575491
4364,t,36.24380623575491,36.24380623575491
4365,t,36.24380623575491,36.24380623575491
4366,c,36.24380623575491,36.24380623575491
4367,na,0,36.24380623575491
4368,t,36.24380623575491,36.24380623575491
4369,c,36.24380623575491,36.24380623575491
4370,t,36.24380623575491,36.24380623575491
4371,t,36.24380623575491,36.24380623575491
4372,c,36.24380623575491,36.24380623575491
4373,t,36.24380623575491,36.24380623575491
4374,c,36.24380623575491,36.24380623575491
4375,c,36.24380623575491,36.24380623575491
4376,t,36.24380623575491,36.24380623575491
4377,c,36.24380623575491,36.24380623575491
4378,c,36.24380623575491,36.24380623575491
4379,c,36.24380623575491,36.24380623575491
4380,c,36.24380623575491,36.24380623575491
4381,t,36.24380623575491,36.24380623575491
4382,c,36.24380623575491,36.24380623575491
4383,c,36.24380623575491,36.24380623575491
4384,c,36.24380623575491,36.24380623575491
4385,t,36.24380623575491,36.24380623575491
4386,c,36.24380623575491,36.24380623575491
4387,c,36.24380623575491,36.24380623575491
4388,c,36.24380623575491,36.24380623575491
4389,t,36.24380623575491,36.24380623575491
4390,t,36.24380623575491,36.24380623575491
4391,t,36.24380623575491,36.24380623575491
4392,t,36.24380623575491,36.24380623575491
4393,c,36.24380623575491,36.24380623575491
4394,t,36.24380623575491,36.24380623575491
4395,c,36.24380623575491,36.24380623575491
4396,t,36.24380623575491,36.24380623575491
4397,c,36.24380623575491,36.24380623575491
4398,c,36.24380623575491,36.24380623575491
4399,c,36.24380623575491,36.24380623575491
4400,c,36.24380623575491,36.24380623575491
4401,c,36.24380623575491,36.24380623575491
4402,c,36.24380623575491,36.24380623575491
4403,c,36.24380623575491,36.24380623575491
4404,c,36.24380623575491,36.24380623575491
4405,t,36.24380623575491,36.24380623575491
4406,c,36.24380623575491,36.24380623575491
4407,c,36.24380623575491,36.24380623575491
4408,t,36.24380623575491,36.24380623575491
4409,c,36.24380623575491,36.24380623575491
4410,t,36.24380623575491,36.24380623575491
4411,t,36.24380623575491,36.24380623575491
4412,t,36.24380623575491,36.24380623575491
4413,t,36.24380623575491,36.24380623575491
4414,c,36.24380623575491,36.24380623575491
4415,t,36.24380623575491,36.24380623575491
4416,t,36.24380623575491,36.24380623575491
4417,t,36.24380623575491,36.24380623575491
4418,t,36.24380623575491,36.24380623575491
4419,t,36.24380623575491,36.24380623575491
4420,c,36.24380623575491,36.24380623575491
4421,t,36.24380623575491,36.24380623575491
4422,c,36.24380623575491,36.24380623575491
4423,c,36.24380623575491,36.24380623575491
4424,c,36.24380623575491,36.24380623575491
4425,c,36.24380623575491,36.24380623575491
4426,c,36.24380623575491,36.24380623575491
4427,c,36.24380623575491,36.24380623575491
4428,t,36.24380623575491,36.24380623575491
4429,t,36.24380623575491,36.24380623575491
4430,t,36.24380623575491,36.24380623575491
4431,t,36.24380623575491,36.24380623575491
4432,c,36.24380623575491,36.24380623575491
4433,t,36.24380623575491,36.24380623575491
4434,t,36.24380623575491,36.24380623575491
4435,t,36.24380623575491,36.24380623575491
4436,t,36.24380623575491,36.24380623575491
4437,c,36.24380623575491,36.24380623575491
4438,t,36.24380623575491,36.24380623575491
4439,c,36.24380623575491,36.24380623575491
4440,c,36.24380623575491,36.24380623575491
4441,c,36.24380623575491,36.24380623575491
4442,t,36.24380623575491,36.24380623575491
4443,t,36.24380623575491,36.24380623575491
4444,c,36.24380623575491,36.24380623575491
4445,c,36.24380623575491,36.24380623575491
4446,t,36.24380623575491,36.24380623575491
4447,c,36.24380623575491,36.24380623575491
4448,t,36.24380623575491,36.24380623575491
4449,c,36.24380623575491,36.24380623575491
4450,t,36.24380623575491,36.24380623575491
4451,t,36.24380623575491,36.24380623575491
4452,c,36.24380623575491,36.24380623575491
4453,t,36.24380623575491,36.24380623575491
4454,t,36.24380623575491,36.24380623575491
4455,t,36.24380623575491,36.24380623575491
4456,c,36.24380623575491,36.24380623575491
4457,c,36.24380623575491,36.24380623575491
4458,t,36.24380623575491,36.24380623575491
4459,c,36.24380623575491,36.24380623575491
4460,t,36.24380623575491,36.24380623575491
4461,c,36.24380623575491,36.24380623575491
4462,c,36.24380623575491,36.24380623575491
4463,c,36.24380623575491,36.24380623575491
4464,c,36.24380623575491,36.24380623575491
4465,c,36.24380623575491,36.24380623575491
4466,t,36.24380623575491,36.24380623575491
4467,t,36.24380623575491,36.24380623575491
4468,c,36.24380623575491,36.24380623575491
4469,c,36.24380623575491,36.24380623575491
4470,t,36.24380623575491,36.24380623575491
4471,c,36.24380623575491,36.24380623575491
4472,t,36.24380623575491,36.24380623575491
4473,t,36.24380623575491,36.24380623575491
4474,c,36.24380623575491,36.24380623575491
4475,t,36.24380623575491,36.24380623575491
4476,c,36.24380623575491,36.24380623575491
4477,t,36.24380623575491,36.24380623575491
4478,t,36.24380623575491,36.24380623575491
4479,c,36.24380623575491,36.24380623575491
4480,c,36.24380623575491,36.24380623575491
4481,t,36.24380623575491,36.24380623575491
4482,c,36.24380623575491,36.24380623575491
4483,t,36.24380623575491,36.24380623575491
4484,c,36.24380623575491,36.24380623575491
4485,c,36.24380623575491,36.24380623575491
4486,t,36.24380623575491,36.24380623575491
4487,c,36.24380623575491,36.24380623575491
4488,c,36.24380623575491,36.24380623575491
4489,t,36.24380623575491,36.24380623575491
4490,c,36.24380623575491,36.24380623575491
4491,c,36.24380623575491,36.24380623575491
4492,c,36.24380623575491,36.24380623575491
4493,t,36.24380623575491,36.24380623575491
4494,c,36.24380623575491,36.24380623575491
4495,c,36.24380623575491,36.24380623575491
4496,t,36.24380623575491,36.24380623575491
4497,t,36.24380623575491,36.24380623575491
4498,t,36.24380623575491,36.24380623575491
4499,t,36.24380623575491,36.24380623575491
4500,c,36.24380623575491,36.24380623575491
4501,c,36.24380623575491,36.24380623575491
4502,c,36.24380623575491,36.24380623575491
4503,t,36.24380623575491,36.24380623575491
4504,c,36.24380623575491,36.24380623575491
4505,c,36.24380623575491,36.24380623575491
4506,c,36.24380623575491,36.24380623575491
4507,c,36.24380623575491,36.24380623575491
4508,c,36.24380623575491,36.24380623575491
4509,t,36.24380623575491,36.24380623575491
4510,t,36.24380623575491,36.24380623575491
4511,c,36.24380623575491,36.24380623575491
4512,t,36.24380623575491,36.24380623575491
4513,t,36.24380623575491,36.24380623575491
4514,c,36.24380623575491,36.24380623575491
4515,c,36.24380623575491,36.24380623575491
4516,t,36.24380623575491,36.24380623575491
4517,c,36.24380623575491,36.24380623575491
4518,t,36.24380623575491,36.24380623575491
4519,c,36.24380623575491,36.24380623575491
4520,c,36.24380623575491,36.24380623575491
4521,c,36.24380623575491,36.24380623575491
4522,t,36.24380623575491,36.24380623575491
4523,t,36.24380623575491,36.24380623575491
4524,c,36.24380623575491,36.24380623575491
4525,c,36.24380623575491,36.24380623575491
4526,c,36.24380623575491,36.24380623575491
4527,c,36.24380623575491,36.24380623575491
4528,t,36.24380623575491,36.24380623575491
4529,c,36.24380623575491,36.24380623575491
4530,c,36.24380623575491,36.24380623575491
4531,t,36.24380623575491,36.24380623575491
4532,t,36.24380623575491,36.24380623575491
4533,c,36.24380623575491,36.24380623575491
4534,t,36.24380623575491,36.24380623575491
4535,t,36.24380623575491,36.24380623575491
4536,t,36.24380623575491,36.24380623575491
4537,t,36.24380623575491,36.24380623575491
4538,t,36.24380623575491,36.24380623575491
4539,t,36.24380623575491,36.24380623575491
4540,t,36.24380623575491,36.24380623575491
4541,c,36.24380623575491,36.24380623575491
4542,t,36.24380623575491,36.24380623575491
4543,t,36.24380623575491,36.24380623575491
4544,c,36.24380623575491,36.24380623575491
4545,t,36.24380623575491,36.24380623575491
4546,t,36.24380623575491,36.24380623575491
4547,c,36.24380623575491,36.24380623575491
4548,t,36.24380623575491,36.24380623575491
4549,c,36.24380623575491,36.24380623575491
4550,t,36.24380623575491,36.24380623575491
4551,t,36.24380623575491,36.24380623575491
4552,c,36.24380623575491,36.24380623575491
4553,c,36.24380623575491,36.24380623575491
4554,c,36.24380623575491,36.24380623575491
4555,t,36.24380623575491,36.24380623575491
4556,t,36.24380623575491,36.24380623575491
4557,t,36.24380623575491,36.24380623575491
4558,c,36.24380623575491,36.24380623575491
4559,t,36.24380623575491,36.24380623575491
4560,c,36.24380623575491,36.24380623575491
4561,t,36.24380623575491,36.24380623575491
4562,c,36.24380623575491,36.24380623575491
4563,c,36.24380623575491,36.24380623575491
4564,c,36.24380623575491,36.24380623575491
4565,t,36.24380623575491,36.24380623575491
4566,c,1.9167919557826434,2.2469772964722634
4567,c,36.24380623575491,36.24380623575491
4568,t,36.24380623575491,36.24380623575491
4569,t,36.24380623575491,36.24380623575491
4570,c,36.24380623575491,36.24380623575491
4571,t,36.24380623575491,36.24380623575491
4572,c,36.24380623575491,36.24380623575491
4573,na,0,4.016292088069059
4574,c,36.24380623575491,36.24380623575491
4575,t,36.24380623575491,36.24380623575491
4576,c,36.24380623575491,36.24380623575491
4577,t,36.24380623575491,36.24380623575491
4578,t,36.24380623575491,36.24380623575491
4579,t,36.24380623575491,36.24380623575491
4580,c,36.24380623575491,36.24380623575491
4581,c,36.24380623575491,36.24380623575491
4582,c,36.24380623575491,36.24380623575491
4583,c,36.24380623575491,36.24380623575491
4584,t,36.24380623575491,36.24380623575491
4585,c,36.24380623575491,36.24380623575491
4586,t,36.24380623575491,36.24380623575491
4587,t,36.24380623575491,36.24380623575491
4588,t,36.24380623575491,36.24380623575491
4589,c,36.24380623575491,36.24380623575491
4590,t,36.24380623575491,36.24380623575491
4591,t,36.24380623575491,36.24380623575491
4592,t,36.24380623575491,36.24380623575491
4593,c,36.24380623575491,36.24380623575491
4594,t,36.24380623575491,36.24380623575491
4595,t,36.24380623575491,36.24380623575491
4596,c,36.24380623575491,36.24380623575491
4597,t,36.24380623575491,36.24380623575491
4598,t,36.24380623575491,36.24380623575491
4599,c,36.24380623575491,36.24380623575491
4600,t,36.24380623575491,36.24380623575491
4601,t,36.24380623575491,36.24380623575491
4602,t,36.24380623575491,36.24380623575491
4603,t,36.24380623575491,36.24380623575491
4604,t,36.24380623575491,36.24380623575491
4605,t,36.24380623575491,36.24380623575491
4606,c,36.24380623575491,36.24380623575491
4607,c,36.24380623575491,36.24380623575491
4608,t,36.24380623575491,36.24380623575491
4609,na,6.775686031549003,9.224280878154575
4610,c,36.24380623575491,36.24380623575491
4611,c,36.24380623575491,36.24380623575491
4612,t,36.24380623575491,36.24380623575491
4613,c,36.24380623575491,36.24380623575491
4614,c,36.24380623575491,36.24380623575491
4615,c,36.24380623575491,36.24380623575491
4616,t,36.24380623575491,36.24380623575491
4617,c,36.24380623575491,36.24380623575491
4618,c,36.24380623575491,36.24380623575491
4619,t,36.24380623575491,36.24380623575491
4620,c,36.24380623575491,36.24380623575491
4621,t,36.24380623575491,36.24380623575491
4622,t,36.24380623575491,36.24380623575491
4623,c,36.24380623575491,36.24380623575491
4624,t,36.24380623575491,36.24380623575491
4625,c,36.24380623575491,36.24380623575491
4626,t,36.24380623575491,36.24380623575491
4627,c,36.24380623575491,36.24380623575491
4628,c,36.24380623575491,36.24380623575491
4629,c,36.24380623575491,36.24380623575491
4630,t,36.24380623575491,36.24380623575491
4631,c,36.24380623575491,36.24380623575491
4632,t,36.24380623575491,36.24380623575491
4633,c,36.24380623575491,36.24380623575491
4634,t,36.24380623575491,36.24380623575491
4635,t,36.24380623575491,36.24380623575491
4636,c,36.24380623575491,36.24380623575491
4637,c,36.24380623575491,36.24380623575491
4638,c,36.24380623575491,36.24380623575491
4639,t,36.24380623575491,36.24380623575491
4640,t,36.24380623575491,36.24380623575491
4641,t,36.24380623575491,36.24380623575491
4642,t,36.24380623575491,36.24380623575491
4643,c,36.24380623575491,36.24380623575491
4644,t,36.24380623575491,36.24380623575491
4645,c,36.24380623575491,36.24380623575491
4646,c,36.24380623575491,36.24380623575491
4647,c,36.24380623575491,36.24380623575491
4648,c,36.24380623575491,36.24380623575491
4649,t,36.24380623575491,36.24380623575491
4650,t,36.24380623575491,36.24380623575491
4651,t,36.24380623575491,36.24380623575491
4652,t,36.24380623575491,36.24380623575491
4653,t,36.24380623575491,36.24380623575491
4654,t,36.24380623575491,36.24380623575491
4655,c,36.24380623575491,36.24380623575491
4656,t,36.24380623575491,36.24380623575491
4657,t,36.24380623575491,36.24380623575491
4658,t,36.24380623575491,36.24380623575491
4659,t,36.24380623575491,36.24380623575491
4660,t,36.24380623575491,36.24380623575491
4661,t,36.24380623575491,36.24380623575491
4662,c,36.24380623575491,36.24380623575491
4663,t,36.24380623575491,36.24380623575491
4664,c,36.24380623575491,36.24380623575491
4665,c,36.24380623575491,36.24380623575491
4666,t,36.24380623575491,36.24380623575491
4667,c,36.24380623575491,36.24380623575491
4668,c,36.24380623575491,36.24380623575491
4669,t,36.24380623575491,36.24380623575491
4670,c,36.24380623575491,36.24380623575491
4671,t,36.24380623575491,36.24380623575491
4672,t,36.24380623575491,36.24380623575491
4673,t,36.24380623575491,36.24380623575491
4674,t,36.24380623575491,36.24380623575491
4675,c,36.24380623575491,36.24380623575491
4676,c,36.24380623575491,36.24380623575491
4677,t,36.24380623575491,36.24380623575491
4678,t,36.24380623575491,36.24380623575491
4679,c,36.24380623575491,36.24380623575491
4680,t,36.24380623575491,36.24380623575491
4681,c,36.24380623575491,36.24380623575491
4682,t,36.24380623575491,36.24380623575491
4683,t,36.24380623575491,36.24380623575491
4684,t,36.24380623575491,36.24380623575491
4685,c,36.24380623575491,36.24380623575491
4686,t,36.24380623575491,36.24380623575491
4687,c,36.24380623575491,36.24380623575491
4688,c,36.24380623575491,36.24380623575491
4689,t,36.24380623575491,36.24380623575491
4690,t,36.24380623575491,36.24380623575491
4691,t,36.24380623575491,36.24380623575491
4692,c,36.24380623575491,36.24380623575491
4693,c,36.24380623575491,36.24380623575491
4694,c,36.24380623575491,36.24380623575491
4695,t,36.24380623575491,36.24380623575491
4696,c,36.24380623575491,36.24380623575491
4697,c,36.24380623575491,36.24380623575491
4698,t,36.24380623575491,36.24380623575491
4699,c,36.24380623575491,36.24380623575491
4700,t,36.24380623575491,36.24380623575491
4701,t,36.24380623575491,36.24380623575491
4702,c,36.24380623575491,36.24380623575491
4703,c,36.24380623575491,36.24380623575491
4704,t,36.24380623575491,36.24380623575491
4705,c,36.24380623575491,36.24380623575491
4706,c,36.24380623575491,36.24380623575491
4707,c,36.24380623575491,36.24380623575491
4708,t,36.24380623575491,36.24380623575491
4709,t,36.24380623575491,36.24380623575491
4710,t,36.24380623575491,36.24380623575491
4711,c,36.24380623575491,36.24380623575491
4712,c,36.24380623575491,36.24380623575491
4713,t,36.24380623575491,36.24380623575491
4714,c,36.24380623575491,36.24380623575491
4715,c,36.24380623575491,36.24380623575491
4716,t,36.24380623575491,36.24380623575491
4717,t,36.24380623575491,36.24380623575491
4718,t,36.24380623575491,36.24380623575491
4719,t,36.24380623575491,36.24380623575491
4720,t,36.24380623575491,36.24380623575491
4721,t,36.24380623575491,36.24380623575491
4722,c,36.24380623575491,36.24380623575491
4723,c,36.24380623575491,36.24380623575491
4724,c,36.24380623575491,36.24380623575491
4725,t,36.24380623575491,36.24380623575491
4726,t,36.24380623575491,36.24380623575491
4727,t,36.24380623575491,36.24380623575491
4728,t,36.24380623575491,36.24380623575491
4729,t,36.24380623575491,36.24380623575491
4730,t,36.24380623575491,36.24380623575491
4731,c,36.24380623575491,36.24380623575491
4732,c,36.24380623575491,36.24380623575491
4733,c,36.24380623575491,36.24380623575491
4734,t,36.24380623575491,36.24380623575491
4735,t,36.24380623575491,36.24380623575491
4736,t,36.24380623575491,36.24380623575491
4737,c,36.24380623575491,36.24380623575491
4738,t,36.24380623575491,36.24380623575491
4739,t,36.24380623575491,36.24380623575491
4740,t,36.24380623575491,36.24380623575491
4741,t,36.24380623575491,36.24380623575491
4742,t,36.24380623575491,36.24380623575491
4743,c,36.24380623575491,36.24380623575491
4744,t,36.24380623575491,36.24380623575491
4745,c,36.24380623575491,36.24380623575491
4746,c,36.24380623575491,36.24380623575491
4747,t,36.24380623575491,36.24380623575491
4748,t,36.24380623575491,36.24380623575491
4749,t,36.24380623575491,36.24380623575491
4750,c,36.24380623575491,36.24380623575491
4751,c,36.24380623575491,36.24380623575491
4752,c,36.24380623575491,36.24380623575491
4753,t,36.24380623575491,36.24380623575491
4754,t,36.24380623575491,36.24380623575491
4755,t,36.24380623575491,36.24380623575491
4756,c,36.24380623575491,36.24380623575491
4757,c,36.24380623575491,36.24380623575491
4758,t,36.24380623575491,36.24380623575491
4759,t,36.24380623575491,36.24380623575491
4760,c,36.24380623575491,36.24380623575491
4761,t,36.24380623575491,36.24380623575491
4762,t,36.24380623575491,36.24380623575491
4763,c,36.24380623575491,36.24380623575491
4764,t,36.24380623575491,36.24380623575491
4765,t,36.24380623575491,36.24380623575491
4766,na,0,0.16698626018885668
4767,c,36.24380623575491,36.24380623575491
4768,c,36.24380623575491,36.24380623575491
4769,c,36.24380623575491,36.24380623575491
4770,t,36.24380623575491,36.24380623575491
4771,c,36.24380623575491,36.24380623575491
4772,c,36.24380623575491,36.24380623575491
4773,t,36.24380623575491,36.24380623575491
4774,t,36.24380623575491,36.24380623575491
4775,c,36.24380623575491,36.24380623575491
4776,t,36.24380623575491,36.24380623575491
4777,c,36.24380623575491,36.24380623575491
4778,t,36.24380623575491,36.24380623575491
4779,t,36.24380623575491,36.24380623575491
4780,c,36.24380623575491,36.24380623575491
4781,c,36.24380623575491,36.24380623575491
4782,t,36.24380623575491,36.24380623575491
4783,c,36.24380623575491,36.24380623575491
4784,t,36.24380623575491,36.24380623575491
4785,c,36.24380623575491,36.24380623575491
4786,t,36.24380623575491,36.24380623575491
4787,t,36.24380623575491,36.24380623575491
4788,c,36.24380623575491,36.24380623575491
4789,t,36.24380623575491,36.24380623575491
4790,t,36.24380623575491,36.24380623575491
4791,c,36.24380623575491,36.24380623575491
4792,c,36.24380623575491,36.24380623575491
4793,c,36.24380623575491,36.24380623575491
4794,c,36.24380623575491,36.24380623575491
4795,c,36.24380623575491,36.24380623575491
4796,c,36.24380623575491,36.24380623575491
4797,na,0,5.219664922754547
4798,c,36.24380623575491,36.24380623575491
4799,c,36.24380623575491,36.24380623575491
4800,t,36.24380623575491,36.24380623575491
4801,t,36.24380623575491,36.24380623575491
4802,t,36.24380623575491,36.24380623575491
4803,c,36.24380623575491,36.24380623575491
4804,t,36.24380623575491,36.24380623575491
4805,t,36.24380623575491,36.24380623575491
4806,t,36.24380623575491,36.24380623575491
4807,t,36.24380623575491,36.24380623575491
4808,t,36.24380623575491,36.24380623575491
4809,t,36.24380623575491,36.24380623575491
4810,t,36.24380623575491,36.24380623575491
4811,t,36.24380623575491,36.24380623575491
4812,t,36.24380623575491,36.24380623575491
4813,t,36.24380623575491,36.24380623575491
4814,c,36.24380623575491,36.24380623575491
4815,c,36.24380623575491,36.24380623575491
4816,t,36.24380623575491,36.24380623575491
4817,t,36.24380623575491,36.24380623575491
4818,c,36.24380623575491,36.24380623575491
4819,t,36.24380623575491,36.24380623575491
4820,c,36.24380623575491,36.24380623575491
4821,na,1.9506950584434497,36.24380623575491
4822,t,36.24380623575491,36.24380623575491
4823,c,36.24380623575491,36.24380623575491
4824,c,36.24380623575491,36.24380623575491
4825,t,36.24380623575491,36.24380623575491
4826,t,36.24380623575491,36.24380623575491
4827,t,36.24380623575491,36.24380623575491
4828,t,36.24380623575491,36.24380623575491
4829,c,36.24380623575491,36.24380623575491
4830,t,36.24380623575491,36.24380623575491
4831,c,36.24380623575491,36.24380623575491
4832,t,36.24380623575491,36.24380623575491
4833,t,36.24380623575491,36.24380623575491
4834,c,36.24380623575491,36.24380623575491
4835,c,36.24380623575491,36.24380623575491
4836,c,36.24380623575491,36.24380623575491
4837,c,36.24380623575491,36.24380623575491
4838,c,36.24380623575491,36.24380623575491
4839,t,36.24380623575491,36.24380623575491
4840,c,36.24380623575491,36.24380623575491
4841,c,36.24380623575491,36.24380623575491
4842,t,36.24380623575491,36.24380623575491
4843,t,36.24380623575491,36.24380623575491
4844,c,36.24380623575491,36.24380623575491
4845,t,36.24380623575491,36.24380623575491
4846,c,36.24380623575491,36.24380623575491
4847,t,36.24380623575491,36.24380623575491
4848,c,36.24380623575491,36.24380623575491
4849,c,36.24380623575491,36.24380623575491
4850,t,36.24380623575491,36.24380623575491
4851,c,36.24380623575491,36.24380623575491
4852,na,2.644806259326088,3.2358281563170097
4853,t,36.24380623575491,36.24380623575491
4854,t,36.24380623575491,36.24380623575491
4855,t,36.24380623575491,36.24380623575491
4856,t,36.24380623575491,36.24380623575491
4857,c,36.24380623575491,36.24380623575491
4858,t,36.24380623575491,36.24380623575491
4859,c,36.24380623575491,36.24380623575491
4860,c,36.24380623575491,36.24380623575491
4861,t,36.24380623575491,36.24380623575491
4862,t,36.24380623575491,36.24380623575491
4863,c,36.24380623575491,36.24380623575491
4864,c,36.24380623575491,36.24380623575491
4865,c,36.24380623575491,36.24380623575491
4866,c,36.24380623575491,36.24380623575491
4867,c,36.24380623575491,36.24380623575491
4868,t,36.24380623575491,36.24380623575491
4869,c,36.24380623575491,36.24380623575491
4870,t,36.24380623575491,36.24380623575491
4871,c,36.24380623575491,36.24380623575491
4872,t,36.24380623575491,36.24380623575491
4873,t,36.24380623575491,36.24380623575491
4874,c,36.24380623575491,36.24380623575491
4875,t,36.24380623575491,36.24380623575491
4876,t,36.24380623575491,36.24380623575491
4877,c,36.24380623575491,36.24380623575491
4878,t,36.24380623575491,36.24380623575491
4879,c,36.24380623575491,36.24380623575491
4880,c,36.24380623575491,36.24380623575491
4881,t,36.24380623575491,36.24380623575491
4882,t,36.24380623575491,36.24380623575491
4883,c,36.24380623575491,36.24380623575491
4884,c,36.24380623575491,36.24380623575491
4885,c,36.24380623575491,36.24380623575491
4886,c,36.24380623575491,36.24380623575491
4887,t,36.24380623575491,36.24380623575491
4888,c,36.24380623575491,36.24380623575491
4889,t,36.24380623575491,36.24380623575491
4890,c,36.24380623575491,36.24380623575491
4891,c,36.24380623575491,36.24380623575491
4892,c,36.24380623575491,36.24380623575491
4893,c,36.24380623575491,36.24380623575491
4894,c,36.24380623575491,36.24380623575491
4895,t,36.24380623575491,36.24380623575491
4896,t,36.24380623575491,36.24380623575491
4897,t,36.24380623575491,36.24380623575491
4898,c,36.24380623575491,36.24380623575491
4899,c,36.24380623575491,36.24380623575491
4900,t,36.24380623575491,36.24380623575491
4901,t,36.24380623575491,36.24380623575491
4902,t,36.24380623575491,36.24380623575491
4903,t,36.24380623575491,36.24380623575491
4904,c,36.24380623575491,36.24380623575491
4905,t,36.24380623575491,36.24380623575491
4906,c,36.24380623575491,36.24380623575491
4907,c,36.24380623575491,36.24380623575491
4908,c,36.24380623575491,36.24380623575491
4909,c,36.24380623575491,36.24380623575491
4910,c,36.24380623575491,36.24380623575491
4911,t,36.24380623575491,36.24380623575491
4912,c,36.24380623575491,36.24380623575491
4913,c,36.24380623575491,36.24380623575491
4914,c,36.24380623575491,36.24380623575491
4915,c,36.24380623575491,36.24380623575491
4916,c,36.24380623575491,36.24380623575491
4917,t,36.24380623575491,36.24380623575491
4918,c,36.24380623575491,36.24380623575491
4919,c,36.24380623575491,36.24380623575491
4920,c,36.24380623575491,36.24380623575491
4921,c,36.24380623575491,36.24380623575491
4922,c,36.24380623575491,36.24380623575491
4923,c,36.24380623575491,36.24380623575491
4924,t,36.24380623575491,36.24380623575491
4925,t,36.24380623575491,36.24380623575491
4926,t,36.24380623575491,36.24380623575491
4927,t,36.24380623575491,36.24380623575491
4928,t,36.24380623575491,36.24380623575491
4929,c,36.24380623575491,36.24380623575491
4930,t,36.24380623575491,36.24380623575491
4931,c,36.24380623575491,36.24380623575491
4932,c,36.24380623575491,36.24380623575491
4933,t,36.24380623575491,36.24380623575491
4934,t,36.24380623575491,36.24380623575491
4935,t,36.24380623575491,36.24380623575491
4936,c,36.24380623575491,36.24380623575491
4937,c,36.24380623575491,36.24380623575491
4938,c,36.24380623575491,36.24380623575491
4939,t,36.24380623575491,36.24380623575491
4940,c,36.24380623575491,36.24380623575491
4941,c,36.24380623575491,36.24380623575491
4942,c,36.24380623575491,36.24380623575491
4943,c,36.24380623575491,36.24380623575491
4944,t,36.24380623575491,36.24380623575491
4945,t,36.24380623575491,36.24380623575491
4946,t,36.24380623575491,36.24380623575491
4947,c,36.24380623575491,36.24380623575491
4948,c,36.24380623575491,36.24380623575491
4949,c,36.24380623575491,36.24380623575491
4950,c,36.24380623575491,36.24380623575491
4951,t,36.24380623575491,36.24380623575491
4952,t,36.24380623575491,36.24380623575491
4953,t,36.24380623575491,36.24380623575491
4954,t,36.24380623575491,36.24380623575491
4955,t,36.24380623575491,36.24380623575491
4956,t,36.24380623575491,36.24380623575491
4957,c,36.24380623575491,36.24380623575491
4958,t,36.24380623575491,36.24380623575491
4959,t,36.24380623575491,36.24380623575491
4960,t,36.24380623575491,36.24380623575491
4961,t,36.24380623575491,36.24380623575491
4962,c,36.24380623575491,36.24380623575491
4963,c,36.24380623575491,36.24380623575491
4964,c,36.24380623575491,36.24380623575491
4965,c,36.24380623575491,36.24380623575491
4966,na,4.78846563900903,6.6617678728604846
4967,c,36.24380623575491,36.24380623575491
4968,t,36.24380623575491,36.24380623575491
4969,c,36.24380623575491,36.24380623575491
4970,c,36.24380623575491,36.24380623575491
4971,t,36.24380623575491,36.24380623575491
4972,t,36.24380623575491,36.24380623575491
4973,t,36.24380623575491,36.24380623575491
4974,t,36.24380623575491,36.24380623575491
4975,c,36.24380623575491,36.24380623575491
4976,c,36.24380623575491,36.24380623575491
4977,c,36.24380623575491,36.24380623575491
4978,t,36.24380623575491,36.24380623575491
4979,c,36.24380623575491,36.24380623575491
4980,c,36.24380623575491,36.24380623575491
4981,c,36.24380623575491,36.24380623575491
4982,c,36.24380623575491,36.24380623575491
4983,t,36.24380623575491,36.24380623575491
4984,c,36.24380623575491,36.24380623575491
4985,na,6.385916155613625,14.623450862800434
4986,t,36.24380623575491,36.24380623575491
4987,t,36.24380623575491,36.24380623575491
4988,c,36.24380623575491,36.24380623575491
4989,t,36.24380623575491,36.24380623575491
4990,t,36.24380623575491,36.24380623575491
4991,t,36.24380623575491,36.24380623575491
4992,c,36.24380623575491,36.24380623575491
4993,c,36.24380623575491,36.24380623575491
4994,t,36.24380623575491,36.24380623575491
4995,t,36.24380623575491,36.24380623575491
4996,c,36.24380623575491,36.24380623575491
4997,c,36.24380623575491,36.24380623575491
4998,c,36.24380623575491,36.24380623575491
4999,t,36.24380623575491,36.24380623575491
5000,t,36.24380623575491,36.24380623575491
5001,c,36.24380623575491,36.24380623575491
5002,t,36.24380623575491,36.24380623575491
5003,na,-1,0
5004,c,36.24380623575491,36.24380623575491
5005,t,36.24380623575491,36.24380623575491
5006,c,36.24380623575491,36.24380623575491
5007,t,36.24380623575491,36.24380623575491
5008,t,36.24380623575491,36.24380623575491
5009,c,36.24380623575491,36.24380623575491
5010,c,36.24380623575491,36.24380623575491
5011,t,36.24380623575491,36.24380623575491
5012,c,36.24380623575491,36.24380623575491
5013,t,36.24380623575491,36.24380623575491
5014,t,36.24380623575491,36.24380623575491
5015,c,36.24380623575491,36.24380623575491
5016,c,36.24380623575491,36.24380623575491
5017,t,36.24380623575491,36.24380623575491
5018,c,36.24380623575491,36.24380623575491
5019,c,36.24380623575491,36.24380623575491
5020,c,36.24380623575491,36.24380623575491
5021,t,36.24380623575491,36.24380623575491
5022,c,36.24380623575491,36.24380623575491
5023,t,36.24380623575491,36.24380623575491
5024,t,36.24380623575491,36.24380623575491
5025,c,36.24380623575491,36.24380623575491
5026,c,36.24380623575491,36.24380623575491
5027,t,36.24380623575491,36.24380623575491
5028,t,36.24380623575491,36.24380623575491
5029,t,36.24380623575491,36.24380623575491
5030,t,36.24380623575491,36.24380623575491
5031,c,36.24380623575491,36.24380623575491
5032,t,36.24380623575491,36.24380623575491
5033,t,36.24380623575491,36.24380623575491
5034,c,36.24380623575491,36.24380623575491
5035,t,36.24380623575491,36.24380623575491
5036,t,36.24380623575491,36.24380623575491
5037,t,36.24380623575491,36.24380623575491
5038,t,36.24380623575491,36.24380623575491
5039,t,36.24380623575491,36.24380623575491
5040,t,36.24380623575491,36.24380623575491
5041,t,36.24380623575491,36.24380623575491
5042,c,36.24380623575491,36.24380623575491
5043,c,36.24380623575491,36.24380623575491
5044,c,36.24380623575491,36.24380623575491
5045,t,36.24380623575491,36.24380623575491
5046,t,36.24380623575491,36.24380623575491
5047,c,36.24380623575491,36.24380623575491
5048,t,36.24380623575491,36.24380623575491
5049,c,36.24380623575491,36.24380623575491
5050,c,36.24380623575491,36.24380623575491
5051,t,36.24380623575491,36.24380623575491
5052,c,36.24380623575491,36.24380623575491
5053,c,36.24380623575491,36.24380623575491
5054,c,36.24380623575491,36.24380623575491
5055,t,36.24380623575491,36.24380623575491
5056,t,36.24380623575491,36.24380623575491
5057,c,36.24380623575491,36.24380623575491
5058,c,36.24380623575491,36.24380623575491
5059,t,36.24380623575491,36.24380623575491
5060,t,36.24380623575491,36.24380623575491
5061,c,36.24380623575491,36.24380623575491
5062,c,36.24380623575491,36.24380623575491
5063,t,36.24380623575491,36.24380623575491
5064,t,36.24380623575491,36.24380623575491
5065,c,36.24380623575491,36.24380623575491
5066,c,36.24380623575491,36.24380623575491
5067,t,36.24380623575491,36.24380623575491
5068,t,36.24380623575491,36.24380623575491
5069,c,36.24380623575491,36.24380623575491
5070,t,36.24380623575491,36.24380623575491
5071,na,-1,0
5072,t,36.24380623575491,36.24380623575491
5073,t,36.24380623575491,36.24380623575491
5074,c,36.24380623575491,36.24380623575491
5075,c,36.24380623575491,36.24380623575491
5076,c,36.24380623575491,36.24380623575491
5077,t,36.24380623575491,36.24380623575491
5078,t,36.24380623575491,36.24380623575491
5079,t,36.24380623575491,36.24380623575491
5080,t,36.24380623575491,36.24380623575491
5081,c,36.24380623575491,36.24380623575491
5082,t,36.24380623575491,36.24380623575491
5083,t,36.24380623575491,36.24380623575491
5084,t,36.24380623575491,36.24380623575491
5085,t,36.24380623575491,36.24380623575491
5086,c,36.24380623575491,36.24380623575491
5087,c,36.24380623575491,36.24380623575491
5088,c,36.24380623575491,36.24380623575491
5089,t,36.24380623575491,36.24380623575491
5090,t,36.24380623575491,36.24380623575491
5091,t,36.24380623575491,36.24380623575491
5092,c,36.24380623575491,36.24380623575491
5093,t,36.24380623575491,36.24380623575491
5094,t,36.24380623575491,36.24380623575491
5095,c,36.24380623575491,36.24380623575491
5096,c,36.24380623575491,36.24380623575491
5097,c,36.24380623575491,36.24380623575491
5098,c,36.24380623575491,36.24380623575491
5099,t,36.24380623575491,36.24380623575491
5100,c,36.24380623575491,36.24380623575491
5101,t,36.24380623575491,36.24380623575491
5102,c,36.24380623575491,36.24380623575491
5103,c,36.24380623575491,36.24380623575491
5104,c,36.24380623575491,36.24380623575491
5105,c,36.24380623575491,36.24380623575491
5106,c,36.24380623575491,36.24380623575491
5107,c,36.24380623575491,36.24380623575491
5108,t,36.24380623575491,36.24380623575491
5109,c,36.24380623575491,36.24380623575491
5110,c,36.24380623575491,36.24380623575491
5111,c,36.24380623575491,36.24380623575491
5112,t,36.24380623575491,36.24380623575491
5113,c,36.24380623575491,36.24380623575491
5114,t,36.24380623575491,36.24380623575491
5115,c,36.24380623575491,36.24380623575491
5116,t,36.24380623575491,36.24380623575491
5117,t,36.24380623575491,36.24380623575491
5118,c,36.24380623575491,36.24380623575491
5119,c,36.24380623575491,36.24380623575491
5120,c,36.24380623575491,36.24380623575491
5121,c,36.24380623575491,36.24380623575491
5122,t,36.24380623575491,36.24380623575491
5123,c,36.24380623575491,36.24380623575491
5124,c,36.24380623575491,36.24380623575491
5125,t,36.24380623575491,36.24380623575491
5126,t,36.24380623575491,36.24380623575491
5127,c,36.24380623575491,36.24380623575491
5128,c,36.24380623575491,36.24380623575491
5129,c,36.24380623575491,36.24380623575491
5130,t,36.24380623575491,36.24380623575491
5131,t,36.24380623575491,36.24380623575491
5132,c,36.24380623575491,36.24380623575491
5133,c,36.24380623575491,36.24380623575491
5134,t,36.24380623575491,36.24380623575491
5135,t,36.24380623575491,36.24380623575491
5136,t,36.24380623575491,36.24380623575491
5137,t,36.24380623575491,36.24380623575491
5138,c,36.24380623575491,36.24380623575491
5139,c,36.24380623575491,36.24380623575491
5140,c,36.24380623575491,36.24380623575491
5141,c,36.24380623575491,36.24380623575491
5142,c,36.24380623575491,36.24380623575491
5143,c,36.24380623575491,36.24380623575491
5144,t,36.24380623575491,36.24380623575491
5145,c,36.24380623575491,36.24380623575491
5146,t,36.24380623575491,36.24380623575491
5147,c,36.24380623575491,36.24380623575491
5148,t,36.24380623575491,36.24380623575491
5149,t,36.24380623575491,36.24380623575491
5150,t,36.24380623575491,36.24380623575491
5151,t,36.24380623575491,36.24380623575491
5152,t,36.24380623575491,36.24380623575491
5153,t,36.24380623575491,36.24380623575491
5154,t,36.24380623575491,36.24380623575491
5155,c,36.24380623575491,36.24380623575491
5156,c,36.24380623575491,36.24380623575491
5157,t,36.24380623575491,36.24380623575491
5158,t,36.24380623575491,36.24380623575491
5159,c,36.24380623575491,36.24380623575491
5160,c,36.24380623575491,36.24380623575491
5161,c,36.24380623575491,36.24380623575491
5162,t,36.24380623575491,36.24380623575491
5163,t,36.24380623575491,36.24380623575491
5164,c,36.24380623575491,36.24380623575491
5165,c,36.24380623575491,36.24380623575491
5166,t,36.24380623575491,36.24380623575491
5167,c,36.24380623575491,36.24380623575491
5168,t,36.24380623575491,36.24380623575491
5169,t,36.24380623575491,36.24380623575491
5170,t,36.24380623575491,36.24380623575491
5171,c,36.24380623575491,36.24380623575491
5172,c,36.24380623575491,36.24380623575491
5173,c,36.24380623575491,36.24380623575491
5174,t,36.24380623575491,36.24380623575491
5175,t,36.24380623575491,36.24380623575491
5176,c,36.24380623575491,36.24380623575491
5177,c,36.24380623575491,36.24380623575491
5178,t,36.24380623575491,36.24380623575491
5179,t,36.24380623575491,36.24380623575491
5180,c,36.24380623575491,36.24380623575491
5181,t,36.24380623575491,36.24380623575491
5182,t,36.24380623575491,36.24380623575491
5183,t,36.24380623575491,36.24380623575491
5184,c,36.24380623575491,36.24380623575491
5185,c,36.24380623575491,36.24380623575491
5186,t,36.24380623575491,36.24380623575491
5187,c,36.24380623575491,36.24380623575491
5188,t,36.24380623575491,36.24380623575491
5189,c,36.24380623575491,36.24380623575491
5190,c,36.24380623575491,36.24380623575491
5191,t,36.24380623575491,36.24380623575491
5192,t,36.24380623575491,36.24380623575491
5193,t,36.24380623575491,36.24380623575491
5194,t,36.24380623575491,36.24380623575491
5195,c,36.24380623575491,36.24380623575491
5196,t,36.24380623575491,36.24380623575491
5197,c,36.24380623575491,36.24380623575491
5198,t,36.24380623575491,36.24380623575491
5199,t,36.24380623575491,36.24380623575491
5200,c,36.24380623575491,36.24380623575491
5201,na,-1,0
5202,c,36.24380623575491,36.24380623575491
5203,t,36.24380623575491,36.24380623575491
5204,c,36.24380623575491,36.24380623575491
5205,c,36.24380623575491,36.24380623575491
5206,c,36.24380623575491,36.24380623575491
5207,c,36.24380623575491,36.24380623575491
5208,t,36.24380623575491,36.24380623575491
5209,c,36.24380623575491,36.24380623575491
5210,na,2.3293362055429236,2.430921885495986
5211,c,36.24380623575491,36.24380623575491
5212,t,36.24380623575491,36.24380623575491
5213,c,36.24380623575491,36.24380623575491
5214,c,36.24380623575491,36.24380623575491
5215,t,36.24380623575491,36.24380623575491
5216,c,36.24380623575491,36.24380623575491
5217,c,36.24380623575491,36.24380623575491
5218,c,36.24380623575491,36.24380623575491
5219,c,36.24380623575491,36.24380623575491
5220,t,36.24380623575491,36.24380623575491
5221,na,0,4.0598588104443465
5222,t,36.24380623575491,36.24380623575491
5223,c,36.24380623575491,36.24380623575491
5224,c,36.24380623575491,36.24380623575491
5225,t,36.24380623575491,36.24380623575491
5226,c,36.24380623575491,36.24380623575491
5227,t,36.24380623575491,36.24380623575491
5228,c,36.24380623575491,36.24380623575491
5229,c,36.24380623575491,36.24380623575491
5230,t,36.24380623575491,36.24380623575491
5231,t,36.24380623575491,36.24380623575491
5232,c,36.24380623575491,36.24380623575491
5233,c,36.24380623575491,36.24380623575491
5234,c,36.24380623575491,36.24380623575491
5235,c,36.24380623575491,36.24380623575491
5236,t,36.24380623575491,36.24380623575491
5237,c,36.24380623575491,36.24380623575491
5238,c,36.24380623575491,36.24380623575491
5239,t,36.24380623575491,36.24380623575491
5240,c,36.24380623575491,36.24380623575491
5241,c,36.24380623575491,36.24380623575491
5242,t,36.24380623575491,36.24380623575491
5243,c,36.24380623575491,36.24380623575491
5244,t,36.24380623575491,36.24380623575491
5245,t,36.24380623575491,36.24380623575491
5246,t,36.24380623575491,36.24380623575491
5247,t,36.24380623575491,36.24380623575491
5248,c,36.24380623575491,36.24380623575491
5249,t,36.24380623575491,36.24380623575491
5250,t,36.24380623575491,36.24380623575491
5251,c,36.24380623575491,36.24380623575491
5252,t,36.24380623575491,36.24380623575491
5253,c,36.24380623575491,36.24380623575491
5254,c,36.24380623575491,36.24380623575491
5255,c,36.24380623575491,36.24380623575491
5256,t,36.24380623575491,36.24380623575491
5257,t,36.24380623575491,36.24380623575491
5258,c,36.24380623575491,36.24380623575491
5259,t,36.24380623575491,36.24380623575491
5260,t,36.24380623575491,36.24380623575491
5261,c,36.24380623575491,36.24380623575491
5262,c,36.24380623575491,36.24380623575491
5263,t,36.24380623575491,36.24380623575491
5264,t,36.24380623575491,36.24380623575491
5265,c,36.24380623575491,36.24380623575491
5266,t,36.24380623575491,36.24380623575491
5267,c,36.24380623575491,36.24380623575491
5268,t,36.24380623575491,36.24380623575491
5269,t,36.24380623575491,36.24380623575491
5270,t,36.24380623575491,36.24380623575491
5271,c,8.513814857945537,36.24380623575491
5272,t,36.24380623575491,36.24380623575491
5273,c,36.24380623575491,36.24380623575491
5274,c,36.24380623575491,36.24380623575491
5275,t,36.24380623575491,36.24380623575491
5276,c,36.24380623575491,36.24380623575491
5277,c,36.24380623575491,36.24380623575491
5278,c,36.24380623575491,36.24380623575491
5279,t,36.24380623575491,36.24380623575491
5280,c,36.24380623575491,36.24380623575491
5281,t,36.24380623575491,36.24380623575491
5282,t,36.24380623575491,36.24380623575491
5283,c,36.24380623575491,36.24380623575491
5284,t,36.24380623575491,36.24380623575491
5285,t,36.24380623575491,36.24380623575491
5286,c,36.24380623575491,36.24380623575491
5287,c,36.24380623575491,36.24380623575491
5288,c,36.24380623575491,36.24380623575491
5289,t,36.24380623575491,36.24380623575491
5290,c,36.24380623575491,36.24380623575491
5291,t,36.24380623575491,36.24380623575491
5292,c,36.24380623575491,36.24380623575491
5293,t,36.24380623575491,36.24380623575491
5294,c,36.24380623575491,36.24380623575491
5295,t,36.24380623575491,36.24380623575491
5296,t,36.24380623575491,36.24380623575491
5297,t,36.24380623575491,36.24380623575491
5298,c,36.24380623575491,36.24380623575491
5299,c,36.24380623575491,36.24380623575491
5300,c,36.24380623575491,36.24380623575491
5301,c,36.24380623575491,36.24380623575491
5302,t,36.24380623575491,36.24380623575491
5303,c,36.24380623575491,36.24380623575491
5304,c,36.24380623575491,36.24380623575491
5305,c,36.24380623575491,36.24380623575491
5306,t,36.24380623575491,36.24380623575491
5307,c,36.24380623575491,36.24380623575491
5308,c,36.24380623575491,36.24380623575491
5309,t,36.24380623575491,36.24380623575491
5310,c,36.24380623575491,36.24380623575491
5311,c,36.24380623575491,36.24380623575491
5312,c,36.24380623575491,36.24380623575491
5313,t,36.24380623575491,36.24380623575491
5314,t,36.24380623575491,36.24380623575491
5315,t,36.24380623575491,36.24380623575491
5316,t,36.24380623575491,36.24380623575491
5317,t,36.24380623575491,36.24380623575491
5318,c,36.24380623575491,36.24380623575491
5319,c,36.24380623575491,36.24380623575491
5320,c,36.24380623575491,36.24380623575491
5321,t,36.24380623575491,36.24380623575491
5322,c,36.24380623575491,36.24380623575491
5323,t,36.24380623575491,36.24380623575491
5324,t,36.24380623575491,36.24380623575491
5325,c,36.24380623575491,36.24380623575491
5326,t,36.24380623575491,36.24380623575491
5327,t,36.24380623575491,36.24380623575491
5328,c,36.24380623575491,36.24380623575491
5329,c,36.24380623575491,36.24380623575491
5330,na,-1,0
5331,na,0,5.030134851545861
5332,c,5.855235283589035,11.469534693950225
5333,c,36.24380623575491,36.24380623575491
5334,c,36.24380623575491,36.24380623575491
5335,c,36.24380623575491,36.24380623575491
5336,c,36.24380623575491,36.24380623575491
5337,t,36.24380623575491,36.24380623575491
5338,t,36.24380623575491,36.24380623575491
5339,t,36.24380623575491,36.24380623575491
5340,t,36.24380623575491,36.24380623575491
5341,t,36.24380623575491,36.24380623575491
5342,t,36.24380623575491,36.24380623575491
5343,t,36.24380623575491,36.24380623575491
5344,t,36.24380623575491,36.24380623575491
5345,c,36.24380623575491,36.24380623575491
5346,c,36.24380623575491,36.24380623575491
5347,t,36.24380623575491,36.24380623575491
5348,t,36.24380623575491,36.24380623575491
5349,t,36.24380623575491,36.24380623575491
5350,c,36.24380623575491,36.24380623575491
5351,t,36.24380623575491,36.24380623575491
5352,t,36.24380623575491,36.24380623575491
5353,t,36.24380623575491,36.24380623575491
5354,c,36.24380623575491,36.24380623575491
5355,c,36.24380623575491,36.24380623575491
5356,c,36.24380623575491,36.24380623575491
5357,c,36.24380623575491,36.24380623575491
5358,t,36.24380623575491,36.24380623575491
5359,c,36.24380623575491,36.24380623575491
5360,t,36.24380623575491,36.24380623575491
5361,t,36.24380623575491,36.24380623575491
5362,c,36.24380623575491,36.24380623575491
5363,c,36.24380623575491,36.24380623575491
5364,t,36.24380623575491,36.24380623575491
5365,t,36.24380623575491,36.24380623575491
5366,c,36.24380623575491,36.24380623575491
5367,t,36.24380623575491,36.24380623575491
5368,t,36.24380623575491,36.24380623575491
5369,t,36.24380623575491,36.24380623575491
5370,t,36.24380623575491,36.24380623575491
5371,c,36.24380623575491,36.24380623575491
5372,t,36.24380623575491,36.24380623575491
5373,c,36.24380623575491,36.24380623575491
5374,t,36.24380623575491,36.24380623575491
5375,c,36.24380623575491,36.24380623575491
5376,t,36.24380623575491,36.24380623575491
5377,c,36.24380623575491,36.24380623575491
5378,c,36.24380623575491,36.24380623575491
5379,t,36.24380623575491,36.24380623575491
5380,c,36.24380623575491,36.24380623575491
5381,t,36.24380623575491,36.24380623575491
5382,t,36.24380623575491,36.24380623575491
5383,c,36.24380623575491,36.24380623575491
5384,c,36.24380623575491,36.24380623575491
5385,c,36.24380623575491,36.24380623575491
5386,c,36.24380623575491,36.24380623575491
5387,t,36.24380623575491,36.24380623575491
5388,t,36.24380623575491,36.24380623575491
5389,c,36.24380623575491,36.24380623575491
5390,t,36.24380623575491,36.24380623575491
5391,c,36.24380623575491,36.24380623575491
5392,c,36.24380623575491,36.24380623575491
5393,c,36.24380623575491,36.24380623575491
5394,c,36.24380623575491,36.24380623575491
5395,c,36.24380623575491,36.24380623575491
5396,t,36.24380623575491,36.24380623575491
5397,t,36.24380623575491,36.24380623575491
5398,c,36.24380623575491,36.24380623575491
5399,c,36.24380623575491,36.24380623575491
5400,t,36.24380623575491,36.24380623575491
5401,c,36.24380623575491,36.24380623575491
5402,c,36.24380623575491,36.24380623575491
5403,t,36.24380623575491,36.24380623575491
5404,c,36.24380623575491,36.24380623575491
5405,c,36.24380623575491,36.24380623575491
5406,c,36.24380623575491,36.24380623575491
5407,t,36.24380623575491,36.24380623575491
5408,c,36.24380623575491,36.24380623575491
5409,c,36.24380623575491,36.24380623575491
5410,t,36.24380623575491,36.24380623575491
5411,t,36.24380623575491,36.24380623575491
5412,c,36.24380623575491,36.24380623575491
5413,c,36.24380623575491,36.24380623575491
5414,t,36.24380623575491,36.24380623575491
5415,t,36.24380623575491,36.24380623575491
5416,c,36.24380623575491,36.24380623575491
5417,c,36.24380623575491,36.24380623575491
5418,t,36.24380623575491,36.24380623575491
5419,c,36.24380623575491,36.24380623575491
5420,c,36.24380623575491,36.24380623575491
5421,c,36.24380623575491,36.24380623575491
5422,t,36.24380623575491,36.24380623575491
5423,t,36.24380623575491,36.24380623575491
5424,c,36.24380623575491,36.24380623575491
5425,t,36.24380623575491,36.24380623575491
5426,t,36.24380623575491,36.24380623575491
5427,t,36.24380623575491,36.24380623575491
5428,c,36.24380623575491,36.24380623575491
5429,c,36.24380623575491,36.24380623575491
5430,c,36.24380623575491,36.24380623575491
5431,c,36.24380623575491,36.24380623575491
5432,c,36.24380623575491,36.24380623575491
5433,t,36.24380623575491,36.24380623575491
5434,c,36.24380623575491,36.24380623575491
5435,t,36.24380623575491,36.24380623575491
5436,c,36.24380623575491,36.24380623575491
5437,t,36.24380623575491,36.24380623575491
5438,t,36.24380623575491,36.24380623575491
5439,c,36.24380623575491,36.24380623575491
5440,c,36.24380623575491,36.24380623575491
5441,c,36.24380623575491,36.24380623575491
5442,c,36.24380623575491,36.24380623575491
5443,t,36.24380623575491,36.24380623575491
5444,c,36.24380623575491,36.24380623575491
5445,t,36.24380623575491,36.24380623575491
5446,c,36.24380623575491,36.24380623575491
5447,c,36.24380623575491,36.24380623575491
5448,c,36.24380623575491,36.24380623575491
5449,t,36.24380623575491,36.24380623575491
5450,c,36.24380623575491,36.24380623575491
5451,c,36.24380623575491,36.24380623575491
5452,t,36.24380623575491,36.24380623575491
5453,c,36.24380623575491,36.24380623575491
5454,c,36.24380623575491,36.24380623575491
5455,t,36.24380623575491,36.24380623575491
5456,t,36.24380623575491,36.24380623575491
5457,c,36.24380623575491,36.24380623575491
5458,c,36.24380623575491,36.24380623575491
5459,c,36.24380623575491,36.24380623575491
5460,c,36.24380623575491,36.24380623575491
5461,t,36.24380623575491,36.24380623575491
5462,t,36.24380623575491,36.24380623575491
5463,c,36.24380623575491,36.24380623575491
5464,t,36.24380623575491,36.24380623575491
5465,c,36.24380623575491,36.24380623575491
5466,t,36.24380623575491,36.24380623575491
5467,c,36.24380623575491,36.24380623575491
5468,c,36.24380623575491,36.24380623575491
5469,t,36.24380623575491,36.24380623575491
5470,t,36.24380623575491,36.24380623575491
5471,c,36.24380623575491,36.24380623575491
5472,c,36.24380623575491,36.24380623575491
5473,t,36.24380623575491,36.24380623575491
5474,t,36.24380623575491,36.24380623575491
5475,c,36.24380623575491,36.24380623575491
5476,t,36.24380623575491,36.24380623575491
5477,c,36.24380623575491,36.24380623575491
5478,c,36.24380623575491,36.24380623575491
5479,t,36.24380623575491,36.24380623575491
5480,c,36.24380623575491,36.24380623575491
5481,t,36.24380623575491,36.24380623575491
5482,t,36.24380623575491,36.24380623575491
5483,c,36.24380623575491,36.24380623575491
5484,t,36.24380623575491,36.24380623575491
5485,c,36.24380623575491,36.24380623575491
5486,c,36.24380623575491,36.24380623575491
5487,t,36.24380623575491,36.24380623575491
5488,c,36.24380623575491,36.24380623575491
5489,c,36.24380623575491,36.24380623575491
5490,c,36.24380623575491,36.24380623575491
5491,t,36.24380623575491,36.24380623575491
5492,c,36.24380623575491,36.24380623575491
5493,t,36.24380623575491,36.24380623575491
5494,c,36.24380623575491,36.24380623575491
5495,t,36.24380623575491,36.24380623575491
5496,c,36.24380623575491,36.24380623575491
5497,c,36.24380623575491,36.24380623575491
5498,t,36.24380623575491,36.24380623575491
5499,t,36.24380623575491,36.24380623575491
5500,t,36.24380623575491,36.24380623575491
5501,t,36.24380623575491,36.24380623575491
5502,t,36.24380623575491,36.24380623575491
5503,c,36.24380623575491,36.24380623575491
5504,t,36.24380623575491,36.24380623575491
5505,c,36.24380623575491,36.24380623575491
5506,c,36.24380623575491,36.24380623575491
5507,t,36.24380623575491,36.24380623575491
5508,c,36.24380623575491,36.24380623575491
5509,t,36.24380623575491,36.24380623575491
5510,c,36.24380623575491,36.24380623575491
5511,t,36.24380623575491,36.24380623575491
5512,t,36.24380623575491,36.24380623575491
5513,t,36.24380623575491,36.24380623575491
5514,t,36.24380623575491,36.24380623575491
5515,t,36.24380623575491,36.24380623575491
5516,c,36.24380623575491,36.24380623575491
5517,c,36.24380623575491,36.24380623575491
5518,c,36.24380623575491,36.24380623575491
5519,c,36.24380623575491,36.24380623575491
5520,c,36.24380623575491,36.24380623575491
5521,t,36.24380623575491,36.24380623575491
5522,t,36.24380623575491,36.24380623575491
5523,c,36.24380623575491,36.24380623575491
5524,t,36.24380623575491,36.24380623575491
5525,t,36.24380623575491,36.24380623575491
5526,t,36.24380623575491,36.24380623575491
5527,c,36.24380623575491,36.24380623575491
5528,t,36.24380623575491,36.24380623575491
5529,t,36.24380623575491,36.24380623575491
5530,t,36.24380623575491,36.24380623575491
5531,c,36.24380623575491,36.24380623575491
5532,t,36.24380623575491,36.24380623575491
5533,t,36.24380623575491,36.24380623575491
5534,c,36.24380623575491,36.24380623575491
5535,na,15.227144172606518,19.555190743786895
5536,c,36.24380623575491,36.24380623575491
5537,c,36.24380623575491,36.24380623575491
5538,t,36.24380623575491,36.24380623575491
5539,t,36.24380623575491,36.24380623575491
5540,c,36.24380623575491,36.24380623575491
5541,t,36.24380623575491,36.24380623575491
5542,c,36.24380623575491,36.24380623575491
5543,t,36.24380623575491,36.24380623575491
5544,t,36.24380623575491,36.24380623575491
5545,c,36.24380623575491,36.24380623575491
5546,na,-1,0
5547,c,36.24380623575491,36.24380623575491
5548,c,36.24380623575491,36.24380623575491
5549,t,36.24380623575491,36.24380623575491
5550,t,36.24380623575491,36.24380623575491
5551,c,36.24380623575491,36.24380623575491
5552,c,36.24380623575491,36.24380623575491
5553,t,36.24380623575491,36.24380623575491
5554,t,36.24380623575491,36.24380623575491
5555,c,36.24380623575491,36.24380623575491
5556,t,36.24380623575491,36.24380623575491
5557,t,36.24380623575491,36.24380623575491
5558,na,0,1.3861580788390535
5559,c,36.24380623575491,36.24380623575491
5560,t,36.24380623575491,36.24380623575491
5561,t,36.24380623575491,36.24380623575491
5562,t,36.24380623575491,36.24380623575491
5563,c,36.24380623575491,36.24380623575491
5564,t,36.24380623575491,36.24380623575491
5565,c,36.24380623575491,36.24380623575491
5566,c,36.24380623575491,36.24380623575491
5567,t,36.24380623575491,36.24380623575491
5568,c,36.24380623575491,36.24380623575491
5569,na,-1,0
5570,c,36.24380623575491,36.24380623575491
5571,c,36.24380623575491,36.24380623575491
5572,c,36.24380623575491,36.24380623575491
5573,t,36.24380623575491,36.24380623575491
5574,c,36.24380623575491,36.24380623575491
5575,t,36.24380623575491,36.24380623575491
5576,c,36.24380623575491,36.24380623575491
5577,c,36.24380623575491,36.24380623575491
5578,t,36.24380623575491,36.24380623575491
5579,t,36.24380623575491,36.24380623575491
5580,c,36.24380623575491,36.24380623575491
5581,t,36.24380623575491,36.24380623575491
5582,c,36.24380623575491,36.24380623575491
5583,t,36.24380623575491,36.24380623575491
5584,t,36.24380623575491,36.24380623575491
5585,c,36.24380623575491,36.24380623575491
5586,c,36.24380623575491,36.24380623575491
5587,c,36.24380623575491,36.24380623575491
5588,c,36.24380623575491,36.24380623575491
5589,c,36.24380623575491,36.24380623575491
5590,t,36.24380623575491,36.24380623575491
5591,c,36.24380623575491,36.24380623575491
5592,t,36.24380623575491,36.24380623575491
5593,t,36.24380623575491,36.24380623575491
5594,c,36.24380623575491,36.24380623575491
5595,t,36.24380623575491,36.24380623575491
5596,t,36.24380623575491,36.24380623575491
5597,c,36.24380623575491,36.24380623575491
5598,c,36.24380623575491,36.24380623575491
5599,t,36.24380623575491,36.24380623575491
5600,t,36.24380623575491,36.24380623575491
5601,t,36.24380623575491,36.24380623575491
5602,t,36.24380623575491,36.24380623575491
5603,t,36.24380623575491,36.24380623575491
5604,t,36.24380623575491,36.24380623575491
5605,na,-1,0
5606,c,36.24380623575491,36.24380623575491
5607,t,36.24380623575491,36.24380623575491
5608,c,36.24380623575491,36.24380623575491
5609,t,36.24380623575491,36.24380623575491
5610,t,36.24380623575491,36.24380623575491
5611,c,36.24380623575491,36.24380623575491
5612,t,36.24380623575491,36.24380623575491
5613,t,36.24380623575491,36.24380623575491
5614,c,36.24380623575491,36.24380623575491
5615,c,36.24380623575491,36.24380623575491
5616,t,36.24380623575491,36.24380623575491
5617,c,36.24380623575491,36.24380623575491
5618,t,36.24380623575491,36.24380623575491
5619,t,36.24380623575491,36.24380623575491
5620,t,36.24380623575491,36.24380623575491
5621,t,36.24380623575491,36.24380623575491
5622,c,36.24380623575491,36.24380623575491
5623,t,36.24380623575491,36.24380623575491
5624,t,36.24380623575491,36.24380623575491
5625,t,36.24380623575491,36.24380623575491
5626,c,36.24380623575491,36.24380623575491
5627,t,36.24380623575491,36.24380623575491
5628,t,36.24380623575491,36.24380623575491
5629,t,36.24380623575491,36.24380623575491
5630,c,36.24380623575491,36.24380623575491
5631,na,-1,0
5632,c,36.24380623575491,36.24380623575491
5633,c,36.24380623575491,36.24380623575491
5634,c,36.24380623575491,36.24380623575491
5635,t,36.24380623575491,36.24380623575491
5636,t,36.24380623575491,36.24380623575491
5637,c,36.24380623575491,36.24380623575491
5638,t,36.24380623575491,36.24380623575491
5639,t,36.24380623575491,36.24380623575491
5640,c,36.24380623575491,36.24380623575491
5641,na,3.080321646069111,5.6329791504385875
5642,t,36.24380623575491,36.24380623575491
5643,c,36.24380623575491,36.24380623575491
5644,t,36.24380623575491,36.24380623575491
5645,c,36.24380623575491,36.24380623575491
5646,c,36.24380623575491,36.24380623575491
5647,t,36.24380623575491,36.24380623575491
5648,c,36.24380623575491,36.24380623575491
5649,t,36.24380623575491,36.24380623575491
5650,c,36.24380623575491,36.24380623575491
5651,t,36.24380623575491,36.24380623575491
5652,t,36.24380623575491,36.24380623575491
5653,c,36.24380623575491,36.24380623575491
5654,c,36.24380623575491,36.24380623575491
5655,t,36.24380623575491,36.24380623575491
5656,t,36.24380623575491,36.24380623575491
5657,na,0,3.2424550554517544
5658,t,36.24380623575491,36.24380623575491
5659,c,36.24380623575491,36.24380623575491
5660,c,36.24380623575491,36.24380623575491
5661,t,36.24380623575491,36.24380623575491
5662,c,36.24380623575491,36.24380623575491
5663,c,36.24380623575491,36.24380623575491
5664,t,36.24380623575491,36.24380623575491
5665,c,36.24380623575491,36.24380623575491
5666,t,36.24380623575491,36.24380623575491
5667,t,36.24380623575491,36.24380623575491
5668,c,36.24380623575491,36.24380623575491
5669,t,36.24380623575491,36.24380623575491
5670,t,36.24380623575491,36.24380623575491
5671,t,36.24380623575491,36.24380623575491
5672,c,36.24380623575491,36.24380623575491
5673,t,36.24380623575491,36.24380623575491
5674,c,36.24380623575491,36.24380623575491
5675,t,36.24380623575491,36.24380623575491
5676,t,36.24380623575491,36.24380623575491
5677,t,36.24380623575491,36.24380623575491
5678,t,36.24380623575491,36.24380623575491
5679,t,36.24380623575491,36.24380623575491
5680,t,36.24380623575491,36.24380623575491
5681,t,36.24380623575491,36.24380623575491
5682,c,36.24380623575491,36.24380623575491
5683,t,36.24380623575491,36.24380623575491
5684,c,36.24380623575491,36.24380623575491
5685,t,36.24380623575491,36.24380623575491
5686,t,36.24380623575491,36.24380623575491
5687,t,36.24380623575491,36.24380623575491
5688,c,36.24380623575491,36.24380623575491
5689,c,36.24380623575491,36.24380623575491
5690,c,36.24380623575491,36.24380623575491
5691,c,36.24380623575491,36.24380623575491
5692,t,36.24380623575491,36.24380623575491
5693,c,36.24380623575491,36.24380623575491
5694,t,36.24380623575491,36.24380623575491
5695,t,36.24380623575491,36.24380623575491
5696,c,36.24380623575491,36.24380623575491
5697,c,36.24380623575491,36.24380623575491
5698,c,36.24380623575491,36.24380623575491
5699,t,36.24380623575491,36.24380623575491
5700,c,36.24380623575491,36.24380623575491
5701,t,36.24380623575491,36.24380623575491
5702,c,36.24380623575491,36.24380623575491
5703,t,36.24380623575491,36.24380623575491
5704,t,36.24380623575491,36.24380623575491
5705,c,36.24380623575491,36.24380623575491
5706,c,36.24380623575491,36.24380623575491
5707,t,36.24380623575491,36.24380623575491
5708,t,36.24380623575491,36.24380623575491
5709,c,36.24380623575491,36.24380623575491
5710,t,36.24380623575491,36.24380623575491
5711,t,36.24380623575491,36.24380623575491
5712,t,36.24380623575491,36.24380623575491
5713,c,36.24380623575491,36.24380623575491
5714,t,36.24380623575491,36.24380623575491
5715,c,36.24380623575491,36.24380623575491
5716,t,36.24380623575491,36.24380623575491
5717,c,36.24380623575491,36.24380623575491
5718,t,36.24380623575491,36.24380623575491
5719,t,36.24380623575491,36.24380623575491
5720,c,36.24380623575491,36.24380623575491
5721,c,36.24380623575491,36.24380623575491
5722,t,36.24380623575491,36.24380623575491
5723,c,36.24380623575491,36.24380623575491
5724,t,36.24380623575491,36.24380623575491
5725,c,36.24380623575491,36.24380623575491
5726,t,36.24380623575491,36.24380623575491
5727,c,36.24380623575491,36.24380623575491
5728,t,36.24380623575491,36.24380623575491
5729,t,36.24380623575491,36.24380623575491
5730,c,36.24380623575491,36.24380623575491
5731,t,36.24380623575491,36.24380623575491
5732,c,36.24380623575491,36.24380623575491
5733,t,36.24380623575491,36.24380623575491
5734,c,36.24380623575491,36.24380623575491
5735,t,36.24380623575491,36.24380623575491
5736,c,36.24380623575491,36.24380623575491
5737,c,36.24380623575491,36.24380623575491
5738,t,36.24380623575491,36.24380623575491
5739,c,36.24380623575491,36.24380623575491
5740,t,36.24380623575491,36.24380623575491
5741,t,36.24380623575491,36.24380623575491
5742,t,36.24380623575491,36.24380623575491
5743,c,36.24380623575491,36.24380623575491
5744,t,36.24380623575491,36.24380623575491
5745,c,36.24380623575491,36.24380623575491
5746,c,36.24380623575491,36.24380623575491
5747,t,36.24380623575491,36.24380623575491
5748,c,11.745130422250773,20.27802045145051
5749,c,36.24380623575491,36.24380623575491
5750,t,36.24380623575491,36.24380623575491
5751,c,36.24380623575491,36.24380623575491
5752,c,36.24380623575491,36.24380623575491
5753,t,36.24380623575491,36.24380623575491
5754,c,36.24380623575491,36.24380623575491
5755,t,36.24380623575491,36.24380623575491
5756,t,36.24380623575491,36.24380623575491
5757,c,36.24380623575491,36.24380623575491
5758,c,36.24380623575491,36.24380623575491
5759,c,36.24380623575491,36.24380623575491
5760,t,36.24380623575491,36.24380623575491
5761,c,36.24380623575491,36.24380623575491
5762,t,36.24380623575491,36.24380623575491
5763,c,36.24380623575491,36.24380623575491
5764,c,36.24380623575491,36.24380623575491
5765,c,36.24380623575491,36.24380623575491
5766,c,36.24380623575491,36.24380623575491
5767,t,36.24380623575491,36.24380623575491
5768,t,36.24380623575491,36.24380623575491
5769,c,36.24380623575491,36.24380623575491
5770,t,36.24380623575491,36.24380623575491
5771,t,36.24380623575491,36.24380623575491
5772,t,36.24380623575491,36.24380623575491
5773,t,36.24380623575491,36.24380623575491
5774,t,36.24380623575491,36.24380623575491
5775,c,36.24380623575491,36.24380623575491
5776,t,36.24380623575491,36.24380623575491
5777,c,36.24380623575491,36.24380623575491
5778,c,36.24380623575491,36.24380623575491
5779,c,36.24380623575491,36.24380623575491
5780,t,36.24380623575491,36.24380623575491
5781,t,36.24380623575491,36.24380623575491
5782,c,36.24380623575491,36.24380623575491
5783,t,36.24380623575491,36.24380623575491
5784,c,36.24380623575491,36.24380623575491
5785,t,36.24380623575491,36.24380623575491
5786,t,36.24380623575491,36.24380623575491
5787,c,36.24380623575491,36.24380623575491
5788,c,36.24380623575491,36.24380623575491
5789,t,36.24380623575491,36.24380623575491
5790,c,36.24380623575491,36.24380623575491
5791,t,36.24380623575491,36.24380623575491
5792,c,36.24380623575491,36.24380623575491
5793,c,36.24380623575491,36.24380623575491
5794,t,36.24380623575491,36.24380623575491
5795,t,36.24380623575491,36.24380623575491
5796,c,36.24380623575491,36.24380623575491
5797,c,36.24380623575491,36.24380623575491
5798,t,36.24380623575491,36.24380623575491
5799,t,36.24380623575491,36.24380623575491
5800,t,36.24380623575491,36.24380623575491
5801,c,36.24380623575491,36.24380623575491
5802,c,36.24380623575491,36.24380623575491
5803,t,36.24380623575491,36.24380623575491
5804,c,36.24380623575491,36.24380623575491
5805,c,36.24380623575491,36.24380623575491
5806,c,36.24380623575491,36.24380623575491
5807,t,36.24380623575491,36.24380623575491
5808,c,36.24380623575491,36.24380623575491
5809,t,36.24380623575491,36.24380623575491
5810,t,36.24380623575491,36.24380623575491
5811,c,36.24380623575491,36.24380623575491
5812,c,36.24380623575491,36.24380623575491
5813,t,36.24380623575491,36.24380623575491
5814,c,36.24380623575491,36.24380623575491
5815,c,36.24380623575491,36.24380623575491
5816,c,36.24380623575491,36.24380623575491
5817,t,36.24380623575491,36.24380623575491
5818,c,36.24380623575491,36.24380623575491
5819,c,36.24380623575491,36.24380623575491
5820,c,36.24380623575491,36.24380623575491
5821,c,36.24380623575491,36.24380623575491
5822,c,36.24380623575491,36.24380623575491
5823,c,36.24380623575491,36.24380623575491
5824,t,36.24380623575491,36.24380623575491
5825,t,36.24380623575491,36.24380623575491
5826,t,36.24380623575491,36.24380623575491
5827,c,36.24380623575491,36.24380623575491
5828,t,36.24380623575491,36.24380623575491
5829,t,36.24380623575491,36.24380623575491
5830,t,36.24380623575491,36.24380623575491
5831,t,36.24380623575491,36.24380623575491
5832,t,36.24380623575491,36.24380623575491
5833,t,36.24380623575491,36.24380623575491
5834,c,36.24380623575491,36.24380623575491
5835,c,36.24380623575491,36.24380623575491
5836,t,36.24380623575491,36.24380623575491
5837,t,36.24380623575491,36.24380623575491
5838,c,36.24380623575491,36.24380623575491
5839,c,36.24380623575491,36.24380623575491
5840,c,36.24380623575491,36.24380623575491
5841,t,36.24380623575491,36.24380623575491
5842,t,36.24380623575491,36.24380623575491
5843,t,36.24380623575491,36.24380623575491
5844,t,36.24380623575491,36.24380623575491
5845,c,36.24380623575491,36.24380623575491
5846,na,2.9099424455819394,5.589477582399492
5847,t,36.24380623575491,36.24380623575491
5848,t,36.24380623575491,36.24380623575491
5849,t,36.24380623575491,36.24380623575491
5850,c,36.24380623575491,36.24380623575491
5851,t,36.24380623575491,36.24380623575491
5852,t,36.24380623575491,36.24380623575491
5853,t,36.24380623575491,36.24380623575491
5854,t,36.24380623575491,36.24380623575491
5855,t,36.24380623575491,36.24380623575491
5856,c,36.24380623575491,36.24380623575491
5857,c,36.24380623575491,36.24380623575491
5858,c,36.24380623575491,36.24380623575491
5859,c,36.24380623575491,36.24380623575491
5860,t,36.24380623575491,36.24380623575491
5861,c,36.24380623575491,36.24380623575491
5862,t,36.24380623575491,36.24380623575491
5863,c,36.24380623575491,36.24380623575491
5864,t,36.24380623575491,36.24380623575491
5865,t,36.24380623575491,36.24380623575491
5866,t,36.24380623575491,36.24380623575491
5867,t,36.24380623575491,36.24380623575491
5868,t,36.24380623575491,36.24380623575491
5869,c,36.24380623575491,36.24380623575491
5870,c,36.24380623575491,36.24380623575491
5871,t,36.24380623575491,36.24380623575491
5872,c,36.24380623575491,36.24380623575491
5873,t,36.24380623575491,36.24380623575491
5874,c,36.24380623575491,36.24380623575491
5875,t,36.24380623575491,36.24380623575491
5876,c,36.24380623575491,36.24380623575491
5877,c,36.24380623575491,36.24380623575491
5878,c,36.24380623575491,36.24380623575491
5879,t,36.24380623575491,36.24380623575491
5880,c,36.24380623575491,36.24380623575491
5881,t,36.24380623575491,36.24380623575491
5882,c,36.24380623575491,36.24380623575491
5883,c,36.24380623575491,36.24380623575491
5884,t,36.24380623575491,36.24380623575491
5885,c,36.24380623575491,36.24380623575491
5886,t,36.24380623575491,36.24380623575491
5887,t,36.24380623575491,36.24380623575491
5888,t,36.24380623575491,36.24380623575491
5889,c,36.24380623575491,36.24380623575491
5890,t,36.24380623575491,36.24380623575491
5891,t,36.24380623575491,36.24380623575491
5892,t,36.24380623575491,36.24380623575491
5893,c,36.24380623575491,36.24380623575491
5894,c,36.24380623575491,36.24380623575491
5895,c,36.24380623575491,36.24380623575491
5896,t,36.24380623575491,36.24380623575491
5897,t,36.24380623575491,36.24380623575491
5898,t,36.24380623575491,36.24380623575491
5899,c,36.24380623575491,36.24380623575491
5900,t,36.24380623575491,36.24380623575491
5901,t,36.24380623575491,36.24380623575491
5902,t,36.24380623575491,36.24380623575491
5903,t,36.24380623575491,36.24380623575491
5904,c,36.24380623575491,36.24380623575491
5905,c,36.24380623575491,36.24380623575491
5906,t,36.24380623575491,36.24380623575491
5907,t,36.24380623575491,36.24380623575491
5908,t,36.24380623575491,36.24380623575491
5909,t,36.24380623575491,36.24380623575491
5910,c,36.24380623575491,36.24380623575491
5911,c,36.24380623575491,36.24380623575491
5912,t,36.24380623575491,36.24380623575491
5913,c,36.24380623575491,36.24380623575491
5914,t,36.24380623575491,36.24380623575491
5915,t,36.24380623575491,36.24380623575491
5916,t,36.24380623575491,36.24380623575491
5917,t,36.24380623575491,36.24380623575491
5918,t,36.24380623575491,36.24380623575491
5919,c,36.24380623575491,36.24380623575491
5920,t,36.24380623575491,36.24380623575491
5921,c,36.24380623575491,36.24380623575491
5922,c,36.24380623575491,36.24380623575491
5923,c,36.24380623575491,36.24380623575491
5924,c,36.24380623575491,36.24380623575491
5925,c,36.24380623575491,36.24380623575491
5926,c,36.24380623575491,36.24380623575491
5927,t,36.24380623575491,36.24380623575491
5928,c,36.24380623575491,36.24380623575491
5929,t,36.24380623575491,36.24380623575491
5930,t,36.24380623575491,36.24380623575491
5931,t,36.24380623575491,36.24380623575491
5932,c,36.24380623575491,36.24380623575491
5933,t,36.24380623575491,36.24380623575491
5934,t,36.24380623575491,36.24380623575491
5935,t,36.24380623575491,36.24380623575491
5936,t,36.24380623575491,36.24380623575491
5937,c,36.24380623575491,36.24380623575491
5938,c,36.24380623575491,36.24380623575491
5939,na,-1,0
5940,t,36.24380623575491,36.24380623575491
5941,c,36.24380623575491,36.24380623575491
5942,c,36.24380623575491,36.24380623575491
5943,t,36.24380623575491,36.24380623575491
5944,c,36.24380623575491,36.24380623575491
5945,c,36.24380623575491,36.24380623575491
5946,na,0,16.52003586565354
5947,c,36.24380623575491,36.24380623575491
5948,t,36.24380623575491,36.24380623575491
5949,t,36.24380623575491,36.24380623575491
5950,c,36.24380623575491,36.24380623575491
5951,c,36.24380623575491,36.24380623575491
5952,c,36.24380623575491,36.24380623575491
5953,c,36.24380623575491,36.24380623575491
5954,c,36.24380623575491,36.24380623575491
5955,t,36.24380623575491,36.24380623575491
5956,t,36.24380623575491,36.24380623575491
5957,c,36.24380623575491,36.24380623575491
5958,c,36.24380623575491,36.24380623575491
5959,c,36.24380623575491,36.24380623575491
5960,t,36.24380623575491,36.24380623575491
5961,c,36.24380623575491,36.24380623575491
5962,t,36.24380623575491,36.24380623575491
5963,c,36.24380623575491,36.24380623575491
5964,c,36.24380623575491,36.24380623575491
5965,c,36.24380623575491,36.24380623575491
5966,t,36.24380623575491,36.24380623575491
5967,c,36.24380623575491,36.24380623575491
5968,t,36.24380623575491,36.24380623575491
5969,t,36.24380623575491,36.24380623575491
5970,c,36.24380623575491,36.24380623575491
5971,c,36.24380623575491,36.24380623575491
5972,t,36.24380623575491,36.24380623575491
5973,t,36.24380623575491,36.24380623575491
5974,c,36.24380623575491,36.24380623575491
5975,c,36.24380623575491,36.24380623575491
5976,t,36.24380623575491,36.24380623575491
5977,c,36.24380623575491,36.24380623575491
5978,c,36.24380623575491,36.24380623575491
5979,c,36.24380623575491,36.24380623575491
5980,c,36.24380623575491,36.24380623575491
5981,c,36.24380623575491,36.24380623575491
5982,t,36.24380623575491,36.24380623575491
5983,c,36.24380623575491,36.24380623575491
5984,t,36.24380623575491,36.24380623575491
5985,c,36.24380623575491,36.24380623575491
5986,c,36.24380623575491,36.24380623575491
5987,c,36.24380623575491,36.24380623575491
5988,t,36.24380623575491,36.24380623575491
5989,c,36.24380623575491,36.24380623575491
5990,c,36.24380623575491,36.24380623575491
5991,c,36.24380623575491,36.24380623575491
5992,t,36.24380623575491,36.24380623575491
5993,c,36.24380623575491,36.24380623575491
5994,t,36.24380623575491,36.24380623575491
5995,c,36.24380623575491,36.24380623575491
5996,t,36.24380623575491,36.24380623575491
5997,t,36.24380623575491,36.24380623575491
5998,t,36.24380623575491,36.24380623575491
5999,t,36.24380623575491,36.24380623575491
6000,t,36.24380623575491,36.24380623575491
6001,c,36.24380623575491,36.24380623575491
6002,t,36.24380623575491,36.24380623575491
6003,t,36.24380623575491,36.24380623575491
6004,t,36.24380623575491,36.24380623575491
6005,c,36.24380623575491,36.24380623575491
6006,t,36.24380623575491,36.24380623575491
6007,t,36.24380623575491,36.24380623575491
6008,c,36.24380623575491,36.24380623575491
6009,c,36.24380623575491,36.24380623575491
6010,c,36.24380623575491,36.24380623575491
6011,t,36.24380623575491,36.24380623575491
6012,c,13.67189816547981,14.773254194365663
6013,t,36.24380623575491,36.24380623575491
6014,t,36.24380623575491,36.24380623575491
6015,t,36.24380623575491,36.24380623575491
6016,t,36.24380623575491,36.24380623575491
6017,t,36.24380623575491,36.24380623575491
6018,c,36.24380623575491,36.24380623575491
6019,c,36.24380623575491,36.24380623575491
6020,t,36.24380623575491,36.24380623575491
6021,t,36.24380623575491,36.24380623575491
6022,c,36.24380623575491,36.24380623575491
6023,c,36.24380623575491,36.24380623575491
6024,c,36.24380623575491,36.24380623575491
6025,t,36.24380623575491,36.24380623575491
6026,t,36.24380623575491,36.24380623575491
6027,t,36.24380623575491,36.24380623575491
6028,t,36.24380623575491,36.24380623575491
6029,t,36.24380623575491,36.24380623575491
6030,t,36.24380623575491,36.24380623575491
6031,c,36.24380623575491,36.24380623575491
6032,t,36.24380623575491,36.24380623575491
6033,c,36.24380623575491,36.24380623575491
6034,t,36.24380623575491,36.24380623575491
6035,t,36.24380623575491,36.24380623575491
6036,t,36.24380623575491,36.24380623575491
6037,c,36.24380623575491,36.24380623575491
6038,c,36.24380623575491,36.24380623575491
6039,c,36.24380623575491,36.24380623575491
6040,t,36.24380623575491,36.24380623575491
6041,t,36.24380623575491,36.24380623575491
6042,t,36.24380623575491,36.24380623575491
6043,c,36.24380623575491,36.24380623575491
6044,t,36.24380623575491,36.24380623575491
6045,t,36.24380623575491,36.24380623575491
6046,c,36.24380623575491,36.24380623575491
6047,t,36.24380623575491,36.24380623575491
6048,t,36.24380623575491,36.24380623575491
6049,t,36.24380623575491,36.24380623575491
6050,t,36.24380623575491,36.24380623575491
6051,na,16.30186428390594,27.3109910965599
6052,c,36.24380623575491,36.24380623575491
6053,t,36.24380623575491,36.24380623575491
6054,c,36.24380623575491,36.24380623575491
6055,t,36.24380623575491,36.24380623575491
6056,c,36.24380623575491,36.24380623575491
6057,c,36.24380623575491,36.24380623575491
6058,t,36.24380623575491,36.24380623575491
6059,t,36.24380623575491,36.24380623575491
6060,c,36.24380623575491,36.24380623575491
6061,c,36.24380623575491,36.24380623575491
6062,c,36.24380623575491,36.24380623575491
6063,c,36.24380623575491,36.24380623575491
6064,c,36.24380623575491,36.24380623575491
6065,c,36.24380623575491,36.24380623575491
6066,c,36.24380623575491,36.24380623575491
6067,t,36.24380623575491,36.24380623575491
6068,c,36.24380623575491,36.24380623575491
6069,t,36.24380623575491,36.24380623575491
6070,t,36.24380623575491,36.24380623575491
6071,t,36.24380623575491,36.24380623575491
6072,t,36.24380623575491,36.24380623575491
6073,c,36.24380623575491,36.24380623575491
6074,c,36.24380623575491,36.24380623575491
6075,c,36.24380623575491,36.24380623575491
6076,na,6.136645262347191,32.52743514343612
6077,t,36.24380623575491,36.24380623575491
6078,t,36.24380623575491,36.24380623575491
6079,t,36.24380623575491,36.24380623575491
6080,t,36.24380623575491,36.24380623575491
6081,na,10.01584876212042,11.087080046569204
6082,t,36.24380623575491,36.24380623575491
6083,c,36.24380623575491,36.24380623575491
6084,t,36.24380623575491,36.24380623575491
6085,t,36.24380623575491,36.24380623575491
6086,t,36.24380623575491,36.24380623575491
6087,c,36.24380623575491,36.24380623575491
6088,t,36.24380623575491,36.24380623575491
6089,c,36.24380623575491,36.24380623575491
6090,t,36.24380623575491,36.24380623575491
6091,t,36.24380623575491,36.24380623575491
6092,t,36.24380623575491,36.24380623575491
6093,c,36.24380623575491,36.24380623575491
6094,t,36.24380623575491,36.24380623575491
6095,t,36.24380623575491,36.24380623575491
6096,c,36.24380623575491,36.24380623575491
6097,c,36.24380623575491,36.24380623575491
6098,c,36.24380623575491,36.24380623575491
6099,t,36.24380623575491,36.24380623575491
6100,t,36.24380623575491,36.24380623575491
6101,t,36.24380623575491,36.24380623575491
6102,c,36.24380623575491,36.24380623575491
6103,t,36.24380623575491,36.24380623575491
6104,c,36.24380623575491,36.24380623575491
6105,c,36.24380623575491,36.24380623575491
6106,t,36.24380623575491,36.24380623575491
6107,c,36.24380623575491,36.24380623575491
6108,t,36.24380623575491,36.24380623575491
6109,t,36.24380623575491,36.24380623575491
6110,c,36.24380623575491,36.24380623575491
6111,c,36.24380623575491,36.24380623575491
6112,t,36.24380623575491,36.24380623575491
6113,c,36.24380623575491,36.24380623575491
6114,t,36.24380623575491,36.24380623575491
6115,t,36.24380623575491,36.24380623575491
6116,c,36.24380623575491,36.24380623575491
6117,c,36.24380623575491,36.24380623575491
6118,c,36.24380623575491,36.24380623575491
6119,t,36.24380623575491,36.24380623575491
6120,t,36.24380623575491,36.24380623575491
6121,t,36.24380623575491,36.24380623575491
6122,t,36.24380623575491,36.24380623575491
6123,t,36.24380623575491,36.24380623575491
6124,c,36.24380623575491,36.24380623575491
6125,t,36.24380623575491,36.24380623575491
6126,t,36.24380623575491,36.24380623575491
6127,c,36.24380623575491,36.24380623575491
6128,c,36.24380623575491,36.24380623575491
6129,t,36.24380623575491,36.24380623575491
6130,c,36.24380623575491,36.24380623575491
6131,na,2.886983418791477,23.60948873338633
6132,t,36.24380623575491,36.24380623575491
6133,t,36.24380623575491,36.24380623575491
6134,c,36.24380623575491,36.24380623575491
6135,c,36.24380623575491,36.24380623575491
6136,na,-1,0
6137,c,36.24380623575491,36.24380623575491
6138,t,36.24380623575491,36.24380623575491
6139,c,36.24380623575491,36.24380623575491
6140,t,36.24380623575491,36.24380623575491
6141,c,36.24380623575491,36.24380623575491
6142,c,36.24380623575491,36.24380623575491
6143,c,36.24380623575491,36.24380623575491
6144,c,36.24380623575491,36.24380623575491
6145,t,36.24380623575491,36.24380623575491
6146,c,36.24380623575491,36.24380623575491
6147,c,36.24380623575491,36.24380623575491
6148,t,36.24380623575491,36.24380623575491
6149,c,36.24380623575491,36.24380623575491
6150,c,36.24380623575491,36.24380623575491
6151,t,36.24380623575491,36.24380623575491
6152,c,36.24380623575491,36.24380623575491
6153,t,36.24380623575491,36.24380623575491
6154,t,36.24380623575491,36.24380623575491
6155,t,36.24380623575491,36.24380623575491
6156,t,36.24380623575491,36.24380623575491
6157,t,36.24380623575491,36.24380623575491
6158,t,36.24380623575491,36.24380623575491
6159,t,36.24380623575491,36.24380623575491
6160,c,36.24380623575491,36.24380623575491
6161,c,36.24380623575491,36.24380623575491
6162,c,36.24380623575491,36.24380623575491
6163,c,36.24380623575491,36.24380623575491
6164,c,36.24380623575491,36.24380623575491
6165,t,36.24380623575491,36.24380623575491
6166,na,-1,0
6167,c,36.24380623575491,36.24380623575491
6168,c,36.24380623575491,36.24380623575491
6169,t,36.24380623575491,36.24380623575491
6170,t,36.24380623575491,36.24380623575491
6171,c,36.24380623575491,36.24380623575491
6172,c,36.24380623575491,36.24380623575491
6173,t,36.24380623575491,36.24380623575491
6174,t,36.24380623575491,36.24380623575491
6175,c,36.24380623575491,36.24380623575491
6176,c,36.24380623575491,36.24380623575491
6177,c,36.24380623575491,36.24380623575491
6178,c,36.24380623575491,36.24380623575491
6179,c,36.24380623575491,36.24380623575491
6180,c,36.24380623575491,36.24380623575491
6181,t,36.24380623575491,36.24380623575491
6182,t,36.24380623575491,36.24380623575491
6183,t,36.24380623575491,36.24380623575491
6184,c,36.24380623575491,36.24380623575491
6185,c,36.24380623575491,36.24380623575491
6186,c,36.24380623575491,36.24380623575491
6187,t,36.24380623575491,36.24380623575491
6188,c,36.24380623575491,36.24380623575491
6189,t,36.24380623575491,36.24380623575491
6190,c,36.24380623575491,36.24380623575491
6191,c,36.24380623575491,36.24380623575491
6192,t,36.24380623575491,36.24380623575491
6193,c,36.24380623575491,36.24380623575491
6194,c,36.24380623575491,36.24380623575491
6195,t,36.24380623575491,36.24380623575491
6196,c,36.24380623575491,36.24380623575491
6197,t,36.24380623575491,36.24380623575491
6198,c,36.24380623575491,36.24380623575491
6199,t,36.24380623575491,36.24380623575491
6200,t,36.24380623575491,36.24380623575491
6201,t,36.24380623575491,36.24380623575491
6202,c,36.24380623575491,36.24380623575491
6203,t,36.24380623575491,36.24380623575491
6204,t,36.24380623575491,36.24380623575491
6205,c,36.24380623575491,36.24380623575491
6206,c,36.24380623575491,36.24380623575491
6207,t,36.24380623575491,36.24380623575491
6208,c,36.24380623575491,36.24380623575491
6209,t,36.24380623575491,36.24380623575491
6210,t,36.24380623575491,36.24380623575491
6211,c,36.24380623575491,36.24380623575491
6212,t,36.24380623575491,36.24380623575491
6213,c,36.24380623575491,36.24380623575491
6214,c,36.24380623575491,36.24380623575491
6215,c,36.24380623575491,36.24380623575491
6216,t,36.24380623575491,36.24380623575491
6217,c,36.24380623575491,36.24380623575491
6218,c,36.24380623575491,36.24380623575491
6219,t,36.24380623575491,36.24380623575491
6220,t,36.24380623575491,36.24380623575491
6221,c,36.24380623575491,36.24380623575491
6222,t,36.24380623575491,36.24380623575491
6223,t,36.24380623575491,36.24380623575491
6224,t,36.24380623575491,36.24380623575491
6225,c,36.24380623575491,36.24380623575491
6226,t,36.24380623575491,36.24380623575491
6227,t,36.24380623575491,36.24380623575491
6228,t,36.24380623575491,36.24380623575491
6229,c,36.24380623575491,36.24380623575491
6230,t,36.24380623575491,36.24380623575491
6231,t,36.24380623575491,36.24380623575491
6232,c,36.24380623575491,36.24380623575491
6233,c,36.24380623575491,36.24380623575491
6234,t,36.24380623575491,36.24380623575491
6235,t,36.24380623575491,36.24380623575491
6236,t,36.24380623575491,36.24380623575491
6237,t,36.24380623575491,36.24380623575491
6238,t,36.24380623575491,36.24380623575491
6239,c,36.24380623575491,36.24380623575491
6240,c,36.24380623575491,36.24380623575491
6241,t,36.24380623575491,36.24380623575491
6242,c,36.24380623575491,36.24380623575491
6243,c,36.24380623575491,36.24380623575491
6244,c,36.24380623575491,36.24380623575491
6245,c,36.24380623575491,36.24380623575491
6246,t,36.24380623575491,36.24380623575491
6247,t,36.24380623575491,36.24380623575491
6248,t,36.24380623575491,36.24380623575491
6249,c,36.24380623575491,36.24380623575491
6250,c,36.24380623575491,36.24380623575491
6251,c,36.24380623575491,36.24380623575491
6252,t,36.24380623575491,36.24380623575491
6253,c,36.24380623575491,36.24380623575491
6254,c,36.24380623575491,36.24380623575491
6255,c,36.24380623575491,36.24380623575491
6256,c,36.24380623575491,36.24380623575491
6257,t,36.24380623575491,36.24380623575491
6258,c,36.24380623575491,36.24380623575491
6259,c,36.24380623575491,36.24380623575491
6260,c,36.24380623575491,36.24380623575491
6261,t,36.24380623575491,36.24380623575491
6262,t,36.24380623575491,36.24380623575491
6263,t,36.24380623575491,36.24380623575491
6264,c,36.24380623575491,36.24380623575491
6265,c,36.24380623575491,36.24380623575491
6266,c,36.24380623575491,36.24380623575491
6267,c,36.24380623575491,36.24380623575491
6268,t,36.24380623575491,36.24380623575491
6269,t,36.24380623575491,36.24380623575491
6270,c,36.24380623575491,36.24380623575491
6271,c,36.24380623575491,36.24380623575491
6272,c,36.24380623575491,36.24380623575491
6273,c,36.24380623575491,36.24380623575491
6274,t,36.24380623575491,36.24380623575491
6275,c,36.24380623575491,36.24380623575491
6276,c,36.24380623575491,36.24380623575491
6277,t,36.24380623575491,36.24380623575491
6278,t,36.24380623575491,36.24380623575491
6279,t,36.24380623575491,36.24380623575491
6280,t,36.24380623575491,36.24380623575491
6281,c,36.24380623575491,36.24380623575491
6282,t,36.24380623575491,36.24380623575491
6283,c,36.24380623575491,36.24380623575491
6284,c,36.24380623575491,36.24380623575491
6285,t,36.24380623575491,36.24380623575491
6286,t,36.24380623575491,36.24380623575491
6287,c,36.24380623575491,36.24380623575491
6288,c,36.24380623575491,36.24380623575491
6289,t,36.24380623575491,36.24380623575491
6290,na,36.24380623575491,36.24380623575491
6291,c,36.24380623575491,36.24380623575491
6292,t,36.24380623575491,36.24380623575491
6293,t,36.24380623575491,36.24380623575491
6294,c,36.24380623575491,36.24380623575491
6295,c,36.24380623575491,36.24380623575491
6296,c,36.24380623575491,36.24380623575491
6297,t,36.24380623575491,36.24380623575491
6298,c,36.24380623575491,36.24380623575491
6299,c,36.24380623575491,36.24380623575491
6300,c,36.24380623575491,36.24380623575491
6301,t,36.24380623575491,36.24380623575491
6302,c,36.24380623575491,36.24380623575491
6303,c,36.24380623575491,36.24380623575491
6304,t,36.24380623575491,36.24380623575491
6305,c,36.24380623575491,36.24380623575491
6306,t,36.24380623575491,36.24380623575491
6307,t,36.24380623575491,36.24380623575491
6308,c,36.24380623575491,36.24380623575491
6309,c,36.24380623575491,36.24380623575491
6310,c,36.24380623575491,36.24380623575491
6311,t,36.24380623575491,36.24380623575491
6312,t,36.24380623575491,36.24380623575491
6313,t,36.24380623575491,36.24380623575491
6314,c,36.24380623575491,36.24380623575491
6315,t,36.24380623575491,36.24380623575491
6316,t,36.24380623575491,36.24380623575491
6317,c,36.24380623575491,36.24380623575491
6318,t,36.24380623575491,36.24380623575491
6319,c,36.24380623575491,36.24380623575491
6320,c,36.24380623575491,36.24380623575491
6321,c,36.24380623575491,36.24380623575491
6322,c,36.24380623575491,36.24380623575491
6323,c,36.24380623575491,36.24380623575491
6324,t,36.24380623575491,36.24380623575491
6325,t,36.24380623575491,36.24380623575491
6326,t,36.24380623575491,36.24380623575491
6327,t,36.24380623575491,36.24380623575491
6328,c,36.24380623575491,36.24380623575491
6329,t,36.24380623575491,36.24380623575491
6330,c,36.24380623575491,36.24380623575491
6331,c,36.24380623575491,36.24380623575491
6332,t,36.24380623575491,36.24380623575491
6333,c,36.24380623575491,36.24380623575491
6334,t,36.24380623575491,36.24380623575491
6335,c,36.24380623575491,36.24380623575491
6336,c,36.24380623575491,36.24380623575491
6337,c,36.24380623575491,36.24380623575491
6338,t,36.24380623575491,36.24380623575491
6339,c,36.24380623575491,36.24380623575491
6340,t,36.24380623575491,36.24380623575491
6341,t,36.24380623575491,36.24380623575491
6342,t,36.24380623575491,36.24380623575491
6343,c,36.24380623575491,36.24380623575491
6344,t,36.24380623575491,36.24380623575491
6345,t,36.24380623575491,36.24380623575491
6346,t,36.24380623575491,36.24380623575491
6347,t,36.24380623575491,36.24380623575491
6348,c,36.24380623575491,36.24380623575491
6349,c,36.24380623575491,36.24380623575491
6350,c,36.24380623575491,36.24380623575491
6351,c,36.24380623575491,36.24380623575491
6352,c,36.24380623575491,36.24380623575491
6353,t,36.24380623575491,36.24380623575491
6354,t,36.24380623575491,36.24380623575491
6355,t,36.24380623575491,36.24380623575491
6356,c,36.24380623575491,36.24380623575491
6357,t,36.24380623575491,36.24380623575491
6358,t,36.24380623575491,36.24380623575491
6359,c,36.24380623575491,36.24380623575491
6360,t,36.24380623575491,36.24380623575491
6361,c,36.24380623575491,36.24380623575491
6362,c,36.24380623575491,36.24380623575491
6363,t,36.24380623575491,36.24380623575491
6364,t,36.24380623575491,36.24380623575491
6365,c,36.24380623575491,36.24380623575491
6366,c,36.24380623575491,36.24380623575491
6367,t,36.24380623575491,36.24380623575491
6368,c,36.24380623575491,36.24380623575491
6369,t,36.24380623575491,36.24380623575491
6370,t,36.24380623575491,36.24380623575491
6371,c,36.24380623575491,36.24380623575491
6372,c,36.24380623575491,36.24380623575491
6373,t,36.24380623575491,36.24380623575491
6374,t,36.24380623575491,36.24380623575491
6375,t,36.24380623575491,36.24380623575491
6376,c,36.24380623575491,36.24380623575491
6377,c,36.24380623575491,36.24380623575491
6378,c,36.24380623575491,36.24380623575491
6379,t,36.24380623575491,36.24380623575491
6380,c,36.24380623575491,36.24380623575491
6381,c,36.24380623575491,36.24380623575491
6382,c,36.24380623575491,36.24380623575491
6383,t,36.24380623575491,36.24380623575491
6384,c,36.24380623575491,36.24380623575491
6385,t,36.24380623575491,36.24380623575491
6386,t,36.24380623575491,36.24380623575491
6387,t,36.24380623575491,36.24380623575491
6388,c,36.24380623575491,36.24380623575491
6389,t,36.24380623575491,36.24380623575491
6390,c,36.24380623575491,36.24380623575491
6391,t,36.24380623575491,36.24380623575491
6392,t,36.24380623575491,36.24380623575491
6393,c,36.24380623575491,36.24380623575491
6394,t,36.24380623575491,36.24380623575491
6395,c,36.24380623575491,36.24380623575491
6396,t,36.24380623575491,36.24380623575491
6397,c,36.24380623575491,36.24380623575491
6398,c,36.24380623575491,36.24380623575491
6399,t,36.24380623575491,36.24380623575491
6400,c,36.24380623575491,36.24380623575491
6401,c,36.24380623575491,36.24380623575491
6402,t,36.24380623575491,36.24380623575491
6403,t,36.24380623575491,36.24380623575491
6404,c,36.24380623575491,36.24380623575491
6405,t,36.24380623575491,36.24380623575491
6406,t,36.24380623575491,36.24380623575491
6407,t,36.24380623575491,36.24380623575491
6408,t,36.24380623575491,36.24380623575491
6409,t,36.24380623575491,36.24380623575491
6410,t,36.24380623575491,36.24380623575491
6411,t,36.24380623575491,36.24380623575491
6412,c,36.24380623575491,36.24380623575491
6413,t,36.24380623575491,36.24380623575491
6414,c,36.24380623575491,36.24380623575491
6415,c,36.24380623575491,36.24380623575491
6416,t,36.24380623575491,36.24380623575491
6417,t,36.24380623575491,36.24380623575491
6418,c,36.24380623575491,36.24380623575491
6419,c,36.24380623575491,36.24380623575491
6420,t,36.24380623575491,36.24380623575491
6421,c,36.24380623575491,36.24380623575491
6422,c,36.24380623575491,36.24380623575491
6423,c,36.24380623575491,36.24380623575491
6424,t,36.24380623575491,36.24380623575491
6425,c,36.24380623575491,36.24380623575491
6426,c,36.24380623575491,36.24380623575491
6427,c,36.24380623575491,36.24380623575491
6428,c,36.24380623575491,36.24380623575491
6429,t,36.24380623575491,36.24380623575491
6430,c,36.24380623575491,36.24380623575491
6431,c,36.24380623575491,36.24380623575491
6432,t,36.24380623575491,36.24380623575491
6433,c,36.24380623575491,36.24380623575491
6434,t,36.24380623575491,36.24380623575491
6435,t,36.24380623575491,36.24380623575491
6436,c,36.24380623575491,36.24380623575491
6437,t,36.24380623575491,36.24380623575491
6438,t,36.24380623575491,36.24380623575491
6439,c,36.24380623575491,36.24380623575491
6440,t,36.24380623575491,36.24380623575491
6441,c,36.24380623575491,36.24380623575491
6442,c,36.24380623575491,36.24380623575491
6443,c,36.24380623575491,36.24380623575491
6444,t,36.24380623575491,36.24380623575491
6445,t,36.24380623575491,36.24380623575491
6446,t,36.24380623575491,36.24380623575491
6447,c,36.24380623575491,36.24380623575491
6448,t,36.24380623575491,36.24380623575491
6449,t,36.24380623575491,36.24380623575491
6450,c,36.24380623575491,36.24380623575491
6451,c,36.24380623575491,36.24380623575491
6452,c,36.24380623575491,36.24380623575491
6453,t,36.24380623575491,36.24380623575491
6454,c,36.24380623575491,36.24380623575491
6455,t,36.24380623575491,36.24380623575491
6456,t,36.24380623575491,36.24380623575491
6457,c,36.24380623575491,36.24380623575491
6458,t,36.24380623575491,36.24380623575491
6459,t,36.24380623575491,36.24380623575491
6460,t,36.24380623575491,36.24380623575491
6461,c,36.24380623575491,36.24380623575491
6462,c,36.24380623575491,36.24380623575491
6463,t,36.24380623575491,36.24380623575491
6464,t,36.24380623575491,36.24380623575491
6465,t,36.24380623575491,36.24380623575491
6466,t,36.24380623575491,36.24380623575491
6467,c,36.24380623575491,36.24380623575491
6468,c,36.24380623575491,36.24380623575491
6469,t,36.24380623575491,36.24380623575491
6470,c,36.24380623575491,36.24380623575491
6471,t,36.24380623575491,36.24380623575491
6472,c,14.09829495495581,20.178731844877376
6473,c,36.24380623575491,36.24380623575491
6474,c,36.24380623575491,36.24380623575491
6475,t,36.24380623575491,36.24380623575491
6476,c,36.24380623575491,36.24380623575491
6477,t,36.24380623575491,36.24380623575491
6478,t,36.24380623575491,36.24380623575491
6479,t,36.24380623575491,36.24380623575491
6480,t,36.24380623575491,36.24380623575491
6481,c,36.24380623575491,36.24380623575491
6482,t,36.24380623575491,36.24380623575491
6483,c,36.24380623575491,36.24380623575491
6484,t,36.24380623575491,36.24380623575491
6485,c,36.24380623575491,36.24380623575491
6486,t,36.24380623575491,36.24380623575491
6487,c,36.24380623575491,36.24380623575491
6488,c,36.24380623575491,36.24380623575491
6489,t,36.24380623575491,36.24380623575491
6490,t,36.24380623575491,36.24380623575491
6491,t,36.24380623575491,36.24380623575491
6492,c,36.24380623575491,36.24380623575491
6493,c,36.24380623575491,36.24380623575491
6494,c,36.24380623575491,36.24380623575491
6495,c,36.24380623575491,36.24380623575491
6496,c,36.24380623575491,36.24380623575491
6497,c,36.24380623575491,36.24380623575491
6498,c,36.24380623575491,36.24380623575491
6499,t,36.24380623575491,36.24380623575491
6500,c,36.24380623575491,36.24380623575491
6501,t,36.24380623575491,36.24380623575491
6502,c,36.24380623575491,36.24380623575491
6503,c,36.24380623575491,36.24380623575491
6504,t,36.24380623575491,36.24380623575491
6505,t,36.24380623575491,36.24380623575491
6506,c,36.24380623575491,36.24380623575491
6507,t,36.24380623575491,36.24380623575491
6508,c,36.24380623575491,36.24380623575491
6509,c,36.24380623575491,36.24380623575491
6510,t,36.24380623575491,36.24380623575491
6511,c,36.24380623575491,36.24380623575491
6512,t,36.24380623575491,36.24380623575491
6513,t,36.24380623575491,36.24380623575491
6514,c,36.24380623575491,36.24380623575491
6515,c,36.24380623575491,36.24380623575491
6516,c,36.24380623575491,36.24380623575491
6517,t,36.24380623575491,36.24380623575491
6518,t,36.24380623575491,36.24380623575491
6519,t,36.24380623575491,36.24380623575491
6520,t,36.24380623575491,36.24380623575491
6521,t,36.24380623575491,36.24380623575491
6522,c,36.24380623575491,36.24380623575491
6523,c,36.24380623575491,36.24380623575491
6524,t,36.24380623575491,36.24380623575491
6525,t,36.24380623575491,36.24380623575491
6526,t,36.24380623575491,36.24380623575491
6527,c,36.24380623575491,36.24380623575491
6528,c,36.24380623575491,36.24380623575491
6529,t,36.24380623575491,36.24380623575491
6530,t,36.24380623575491,36.24380623575491
6531,t,36.24380623575491,36.24380623575491
6532,t,36.24380623575491,36.24380623575491
6533,c,36.24380623575491,36.24380623575491
6534,c,36.24380623575491,36.24380623575491
6535,c,36.24380623575491,36.24380623575491
6536,t,36.24380623575491,36.24380623575491
6537,t,36.24380623575491,36.24380623575491
6538,c,36.24380623575491,36.24380623575491
6539,t,36.24380623575491,36.24380623575491
6540,c,36.24380623575491,36.24380623575491
6541,c,36.24380623575491,36.24380623575491
6542,t,36.24380623575491,36.24380623575491
6543,t,36.24380623575491,36.24380623575491
6544,t,36.24380623575491,36.24380623575491
6545,t,36.24380623575491,36.24380623575491
6546,c,36.24380623575491,36.24380623575491
6547,c,36.24380623575491,36.24380623575491
6548,c,36.24380623575491,36.24380623575491
6549,t,36.24380623575491,36.24380623575491
6550,t,36.24380623575491,36.24380623575491
6551,c,36.24380623575491,36.24380623575491
6552,c,36.24380623575491,36.24380623575491
6553,c,36.24380623575491,36.24380623575491
6554,c,36.24380623575491,36.24380623575491
6555,t,36.24380623575491,36.24380623575491
6556,t,36.24380623575491,36.24380623575491
6557,t,36.24380623575491,36.24380623575491
6558,t,36.24380623575491,36.24380623575491
6559,c,36.24380623575491,36.24380623575491
6560,c,36.24380623575491,36.24380623575491
6561,t,36.24380623575491,36.24380623575491
6562,c,36.24380623575491,36.24380623575491
6563,t,36.24380623575491,36.24380623575491
6564,t,36.24380623575491,36.24380623575491
6565,c,36.24380623575491,36.24380623575491
6566,c,36.24380623575491,36.24380623575491
6567,c,36.24380623575491,36.24380623575491
6568,t,36.24380623575491,36.24380623575491
6569,t,36.24380623575491,36.24380623575491
6570,t,36.24380623575491,36.24380623575491
6571,t,36.24380623575491,36.24380623575491
6572,t,36.24380623575491,36.24380623575491
6573,c,36.24380623575491,36.24380623575491
6574,t,36.24380623575491,36.24380623575491
6575,t,36.24380623575491,36.24380623575491
6576,c,36.24380623575491,36.24380623575491
6577,t,36.24380623575491,36.24380623575491
6578,t,36.24380623575491,36.24380623575491
6579,t,36.24380623575491,36.24380623575491
6580,t,36.24380623575491,36.24380623575491
6581,c,36.24380623575491,36.24380623575491
6582,t,36.24380623575491,36.24380623575491
6583,t,36.24380623575491,36.24380623575491
6584,c,36.24380623575491,36.24380623575491
6585,c,36.24380623575491,36.24380623575491
6586,t,36.24380623575491,36.24380623575491
6587,c,36.24380623575491,36.24380623575491
6588,c,36.24380623575491,36.24380623575491
6589,c,36.24380623575491,36.24380623575491
6590,t,36.24380623575491,36.24380623575491
6591,c,36.24380623575491,36.24380623575491
6592,c,36.24380623575491,36.24380623575491
6593,t,36.24380623575491,36.24380623575491
6594,t,36.24380623575491,36.24380623575491
6595,t,36.24380623575491,36.24380623575491
6596,c,36.24380623575491,36.24380623575491
6597,c,36.24380623575491,36.24380623575491
6598,c,36.24380623575491,36.24380623575491
6599,t,36.24380623575491,36.24380623575491
6600,c,36.24380623575491,36.24380623575491
6601,t,36.24380623575491,36.24380623575491
6602,t,36.24380623575491,36.24380623575491
6603,t,36.24380623575491,36.24380623575491
6604,c,36.24380623575491,36.24380623575491
6605,c,36.24380623575491,36.24380623575491
6606,c,36.24380623575491,36.24380623575491
6607,c,36.24380623575491,36.24380623575491
6608,t,36.24380623575491,36.24380623575491
6609,c,36.24380623575491,36.24380623575491
6610,c,36.24380623575491,36.24380623575491
6611,c,36.24380623575491,36.24380623575491
6612,c,36.24380623575491,36.24380623575491
6613,t,36.24380623575491,36.24380623575491
6614,t,36.24380623575491,36.24380623575491
6615,c,36.24380623575491,36.24380623575491
6616,c,36.24380623575491,36.24380623575491
6617,c,36.24380623575491,36.24380623575491
6618,c,36.24380623575491,36.24380623575491
6619,t,36.24380623575491,36.24380623575491
6620,t,36.24380623575491,36.24380623575491
6621,c,36.24380623575491,36.24380623575491
6622,c,36.24380623575491,36.24380623575491
6623,c,36.24380623575491,36.24380623575491
6624,c,36.24380623575491,36.24380623575491
6625,c,36.24380623575491,36.24380623575491
6626,t,36.24380623575491,36.24380623575491
6627,t,36.24380623575491,36.24380623575491
6628,c,5.637129642634259,8.531152045897796
6629,c,36.24380623575491,36.24380623575491
6630,c,36.24380623575491,36.24380623575491
6631,c,36.24380623575491,36.24380623575491
6632,c,36.24380623575491,36.24380623575491
6633,c,36.24380623575491,36.24380623575491
6634,c,36.24380623575491,36.24380623575491
6635,t,36.24380623575491,36.24380623575491
6636,c,36.24380623575491,36.24380623575491
6637,t,36.24380623575491,36.24380623575491
6638,c,36.24380623575491,36.24380623575491
6639,c,36.24380623575491,36.24380623575491
6640,c,36.24380623575491,36.24380623575491
6641,c,36.24380623575491,36.24380623575491
6642,c,36.24380623575491,36.24380623575491
6643,c,36.24380623575491,36.24380623575491
6644,c,36.24380623575491,36.24380623575491
6645,t,36.24380623575491,36.24380623575491
6646,c,36.24380623575491,36.24380623575491
6647,t,36.24380623575491,36.24380623575491
6648,t,36.24380623575491,36.24380623575491
6649,c,36.24380623575491,36.24380623575491
6650,t,36.24380623575491,36.24380623575491
6651,t,36.24380623575491,36.24380623575491
6652,c,36.24380623575491,36.24380623575491
6653,t,36.24380623575491,36.24380623575491
6654,c,36.24380623575491,36.24380623575491
6655,t,36.24380623575491,36.24380623575491
6656,t,36.24380623575491,36.24380623575491
6657,t,36.24380623575491,36.24380623575491
6658,c,36.24380623575491,36.24380623575491
6659,c,36.24380623575491,36.24380623575491
6660,na,5.91164809773281,7.628456313174291
6661,c,36.24380623575491,36.24380623575491
6662,t,36.24380623575491,36.24380623575491
6663,c,36.24380623575491,36.24380623575491
6664,t,36.24380623575491,36.24380623575491
6665,c,36.24380623575491,36.24380623575491
6666,na,-1,0
6667,c,36.24380623575491,36.24380623575491
6668,t,36.24380623575491,36.24380623575491
6669,c,5.487931384700446,5.976997337520919
6670,t,36.24380623575491,36.24380623575491
6671,t,36.24380623575491,36.24380623575491
6672,c,36.24380623575491,36.24380623575491
6673,t,36.24380623575491,36.24380623575491
6674,c,36.24380623575491,36.24380623575491
6675,t,36.24380623575491,36.24380623575491
6676,c,36.24380623575491,36.24380623575491
6677,t,36.24380623575491,36.24380623575491
6678,t,36.24380623575491,36.24380623575491
6679,t,36.24380623575491,36.24380623575491
6680,c,36.24380623575491,36.24380623575491
6681,c,36.24380623575491,36.24380623575491
6682,t,36.24380623575491,36.24380623575491
6683,c,36.24380623575491,36.24380623575491
6684,c,36.24380623575491,36.24380623575491
6685,t,36.24380623575491,36.24380623575491
6686,t,36.24380623575491,36.24380623575491
6687,t,36.24380623575491,36.24380623575491
6688,t,36.24380623575491,36.24380623575491
6689,c,36.24380623575491,36.24380623575491
6690,t,36.24380623575491,36.24380623575491
6691,c,36.24380623575491,36.24380623575491
6692,c,36.24380623575491,36.24380623575491
6693,c,36.24380623575491,36.24380623575491
6694,t,36.24380623575491,36.24380623575491
6695,c,36.24380623575491,36.24380623575491
6696,c,36.24380623575491,36.24380623575491
6697,t,36.24380623575491,36.24380623575491
6698,t,36.24380623575491,36.24380623575491
6699,t,36.24380623575491,36.24380623575491
6700,c,36.24380623575491,36.24380623575491
6701,c,36.24380623575491,36.24380623575491
6702,c,36.24380623575491,36.24380623575491
6703,c,36.24380623575491,36.24380623575491
6704,c,36.24380623575491,36.24380623575491
6705,t,36.24380623575491,36.24380623575491
6706,c,36.24380623575491,36.24380623575491
6707,c,36.24380623575491,36.24380623575491
6708,na,3.60934860244565,36.24380623575491
6709,t,36.24380623575491,36.24380623575491
6710,c,14.097949213368207,14.363818621952786
6711,t,36.24380623575491,36.24380623575491
6712,c,36.24380623575491,36.24380623575491
6713,t,36.24380623575491,36.24380623575491
6714,t,36.24380623575491,36.24380623575491
6715,t,36.24380623575491,36.24380623575491
6716,c,36.24380623575491,36.24380623575491
6717,t,36.24380623575491,36.24380623575491
6718,t,36.24380623575491,36.24380623575491
6719,t,36.24380623575491,36.24380623575491
6720,t,36.24380623575491,36.24380623575491
6721,c,36.24380623575491,36.24380623575491
6722,c,36.24380623575491,36.24380623575491
6723,t,36.24380623575491,36.24380623575491
6724,t,36.24380623575491,36.24380623575491
6725,t,36.24380623575491,36.24380623575491
6726,c,36.24380623575491,36.24380623575491
6727,t,36.24380623575491,36.24380623575491
6728,t,36.24380623575491,36.24380623575491
6729,t,36.24380623575491,36.24380623575491
6730,t,36.24380623575491,36.24380623575491
6731,c,36.24380623575491,36.24380623575491
6732,c,36.24380623575491,36.24380623575491
6733,t,36.24380623575491,36.24380623575491
6734,na,-1,0
6735,t,36.24380623575491,36.24380623575491
6736,c,36.24380623575491,36.24380623575491
6737,t,36.24380623575491,36.24380623575491
6738,c,36.24380623575491,36.24380623575491
6739,c,36.24380623575491,36.24380623575491
6740,c,36.24380623575491,36.24380623575491
6741,t,36.24380623575491,36.24380623575491
6742,c,36.24380623575491,36.24380623575491
6743,c,36.24380623575491,36.24380623575491
6744,t,36.24380623575491,36.24380623575491
6745,t,36.24380623575491,36.24380623575491
6746,t,36.24380623575491,36.24380623575491
6747,t,36.24380623575491,36.24380623575491
6748,c,36.24380623575491,36.24380623575491
6749,t,36.24380623575491,36.24380623575491
6750,c,36.24380623575491,36.24380623575491
6751,c,36.24380623575491,36.24380623575491
6752,c,36.24380623575491,36.24380623575491
6753,t,36.24380623575491,36.24380623575491
6754,c,36.24380623575491,36.24380623575491
6755,t,36.24380623575491,36.24380623575491
6756,t,36.24380623575491,36.24380623575491
6757,c,36.24380623575491,36.24380623575491
6758,c,36.24380623575491,36.24380623575491
6759,t,36.24380623575491,36.24380623575491
6760,t,36.24380623575491,36.24380623575491
6761,t,36.24380623575491,36.24380623575491
6762,t,36.24380623575491,36.24380623575491
6763,t,36.24380623575491,36.24380623575491
6764,t,36.24380623575491,36.24380623575491
6765,t,36.24380623575491,36.24380623575491
6766,c,36.24380623575491,36.24380623575491
6767,c,36.24380623575491,36.24380623575491
6768,t,36.24380623575491,36.24380623575491
6769,t,36.24380623575491,36.24380623575491
6770,c,36.24380623575491,36.24380623575491
6771,t,36.24380623575491,36.24380623575491
6772,c,36.24380623575491,36.24380623575491
6773,t,36.24380623575491,36.24380623575491
6774,c,36.24380623575491,36.24380623575491
6775,t,36.24380623575491,36.24380623575491
6776,c,36.24380623575491,36.24380623575491
6777,t,36.24380623575491,36.24380623575491
6778,t,36.24380623575491,36.24380623575491
6779,t,36.24380623575491,36.24380623575491
6780,c,36.24380623575491,36.24380623575491
6781,c,36.24380623575491,36.24380623575491
6782,t,36.24380623575491,36.24380623575491
6783,c,36.24380623575491,36.24380623575491
6784,c,36.24380623575491,36.24380623575491
6785,t,36.24380623575491,36.24380623575491
6786,c,36.24380623575491,36.24380623575491
6787,t,36.24380623575491,36.24380623575491
6788,t,36.24380623575491,36.24380623575491
6789,t,36.24380623575491,36.24380623575491
6790,c,36.24380623575491,36.24380623575491
6791,t,36.24380623575491,36.24380623575491
6792,c,36.24380623575491,36.24380623575491
6793,t,36.24380623575491,36.24380623575491
6794,c,36.24380623575491,36.24380623575491
6795,t,36.24380623575491,36.24380623575491
6796,t,36.24380623575491,36.24380623575491
6797,c,36.24380623575491,36.24380623575491
6798,c,36.24380623575491,36.24380623575491
6799,t,36.24380623575491,36.24380623575491
6800,t,36.24380623575491,36.24380623575491
6801,t,36.24380623575491,36.24380623575491
6802,t,36.24380623575491,36.24380623575491
6803,c,36.24380623575491,36.24380623575491
6804,t,36.24380623575491,36.24380623575491
6805,t,36.24380623575491,36.24380623575491
6806,c,36.24380623575491,36.24380623575491
6807,t,36.24380623575491,36.24380623575491
6808,t,36.24380623575491,36.24380623575491
6809,t,36.24380623575491,36.24380623575491
6810,t,36.24380623575491,36.24380623575491
6811,c,36.24380623575491,36.24380623575491
6812,t,36.24380623575491,36.24380623575491
6813,c,36.24380623575491,36.24380623575491
6814,t,36.24380623575491,36.24380623575491
6815,t,36.24380623575491,36.24380623575491
6816,c,36.24380623575491,36.24380623575491
6817,t,36.24380623575491,36.24380623575491
6818,t,36.24380623575491,36.24380623575491
6819,c,36.24380623575491,36.24380623575491
6820,t,36.24380623575491,36.24380623575491
6821,c,36.24380623575491,36.24380623575491
6822,c,36.24380623575491,36.24380623575491
6823,t,36.24380623575491,36.24380623575491
6824,t,36.24380623575491,36.24380623575491
6825,c,36.24380623575491,36.24380623575491
6826,c,36.24380623575491,36.24380623575491
6827,t,36.24380623575491,36.24380623575491
6828,c,36.24380623575491,36.24380623575491
6829,c,36.24380623575491,36.24380623575491
6830,c,36.24380623575491,36.24380623575491
6831,t,36.24380623575491,36.24380623575491
6832,t,36.24380623575491,36.24380623575491
6833,c,36.24380623575491,36.24380623575491
6834,c,36.24380623575491,36.24380623575491
6835,t,36.24380623575491,36.24380623575491
6836,c,36.24380623575491,36.24380623575491
6837,t,36.24380623575491,36.24380623575491
6838,t,36.24380623575491,36.24380623575491
6839,t,36.24380623575491,36.24380623575491
6840,c,36.24380623575491,36.24380623575491
6841,t,36.24380623575491,36.24380623575491
6842,t,36.24380623575491,36.24380623575491
6843,c,10.716304932013964,15.859315217450318
6844,t,36.24380623575491,36.24380623575491
6845,c,36.24380623575491,36.24380623575491
6846,c,36.24380623575491,36.24380623575491
6847,c,36.24380623575491,36.24380623575491
6848,c,36.24380623575491,36.24380623575491
6849,c,36.24380623575491,36.24380623575491
6850,c,36.24380623575491,36.24380623575491
6851,c,36.24380623575491,36.24380623575491
6852,t,36.24380623575491,36.24380623575491
6853,c,36.24380623575491,36.24380623575491
6854,t,36.24380623575491,36.24380623575491
6855,t,36.24380623575491,36.24380623575491
6856,t,36.24380623575491,36.24380623575491
6857,t,36.24380623575491,36.24380623575491
6858,c,36.24380623575491,36.24380623575491
6859,t,36.24380623575491,36.24380623575491
6860,t,36.24380623575491,36.24380623575491
6861,t,36.24380623575491,36.24380623575491
6862,c,36.24380623575491,36.24380623575491
6863,c,36.24380623575491,36.24380623575491
6864,t,36.24380623575491,36.24380623575491
6865,t,36.24380623575491,36.24380623575491
6866,c,36.24380623575491,36.24380623575491
6867,t,36.24380623575491,36.24380623575491
6868,c,36.24380623575491,36.24380623575491
6869,t,36.24380623575491,36.24380623575491
6870,t,36.24380623575491,36.24380623575491
6871,t,36.24380623575491,36.24380623575491
6872,c,36.24380623575491,36.24380623575491
6873,t,36.24380623575491,36.24380623575491
6874,c,36.24380623575491,36.24380623575491
6875,c,36.24380623575491,36.24380623575491
6876,c,36.24380623575491,36.24380623575491
6877,c,36.24380623575491,36.24380623575491
6878,c,36.24380623575491,36.24380623575491
6879,c,36.24380623575491,36.24380623575491
6880,t,36.24380623575491,36.24380623575491
6881,c,36.24380623575491,36.24380623575491
6882,t,36.24380623575491,36.24380623575491
6883,c,36.24380623575491,36.24380623575491
6884,c,36.24380623575491,36.24380623575491
6885,c,36.24380623575491,36.24380623575491
6886,c,36.24380623575491,36.24380623575491
6887,t,36.24380623575491,36.24380623575491
6888,c,36.24380623575491,36.24380623575491
6889,t,36.24380623575491,36.24380623575491
6890,t,36.24380623575491,36.24380623575491
6891,t,36.24380623575491,36.24380623575491
6892,c,36.24380623575491,36.24380623575491
6893,c,36.24380623575491,36.24380623575491
6894,t,36.24380623575491,36.24380623575491
6895,t,36.24380623575491,36.24380623575491
6896,t,36.24380623575491,36.24380623575491
6897,t,36.24380623575491,36.24380623575491
6898,t,36.24380623575491,36.24380623575491
6899,c,36.24380623575491,36.24380623575491
6900,c,36.24380623575491,36.24380623575491
6901,c,36.24380623575491,36.24380623575491
6902,c,36.24380623575491,36.24380623575491
6903,t,36.24380623575491,36.24380623575491
6904,c,36.24380623575491,36.24380623575491
6905,t,36.24380623575491,36.24380623575491
6906,c,36.24380623575491,36.24380623575491
6907,t,36.24380623575491,36.24380623575491
6908,c,36.24380623575491,36.24380623575491
6909,t,36.24380623575491,36.24380623575491
6910,c,36.24380623575491,36.24380623575491
6911,c,36.24380623575491,36.24380623575491
6912,c,36.24380623575491,36.24380623575491
6913,t,36.24380623575491,36.24380623575491
6914,t,36.24380623575491,36.24380623575491
6915,c,36.24380623575491,36.24380623575491
6916,c,36.24380623575491,36.24380623575491
6917,t,36.24380623575491,36.24380623575491
6918,c,36.24380623575491,36.24380623575491
6919,t,36.24380623575491,36.24380623575491
6920,c,36.24380623575491,36.24380623575491
6921,c,36.24380623575491,36.24380623575491
6922,c,36.24380623575491,36.24380623575491
6923,c,36.24380623575491,36.24380623575491
6924,c,36.24380623575491,36.24380623575491
6925,c,36.24380623575491,36.24380623575491
6926,c,36.24380623575491,36.24380623575491
6927,c,36.24380623575491,36.24380623575491
6928,c,36.24380623575491,36.24380623575491
6929,t,36.24380623575491,36.24380623575491
6930,t,36.24380623575491,36.24380623575491
6931,c,36.24380623575491,36.24380623575491
6932,c,36.24380623575491,36.24380623575491
6933,c,36.24380623575491,36.24380623575491
6934,c,36.24380623575491,36.24380623575491
6935,t,36.24380623575491,36.24380623575491
6936,c,36.24380623575491,36.24380623575491
6937,c,36.24380623575491,36.24380623575491
6938,c,36.24380623575491,36.24380623575491
6939,t,36.24380623575491,36.24380623575491
6940,t,36.24380623575491,36.24380623575491
6941,t,36.24380623575491,36.24380623575491
6942,t,36.24380623575491,36.24380623575491
6943,t,36.24380623575491,36.24380623575491
6944,c,36.24380623575491,36.24380623575491
6945,t,36.24380623575491,36.24380623575491
6946,c,36.24380623575491,36.24380623575491
6947,c,36.24380623575491,36.24380623575491
6948,c,36.24380623575491,36.24380623575491
6949,t,36.24380623575491,36.24380623575491
6950,c,36.24380623575491,36.24380623575491
6951,c,36.24380623575491,36.24380623575491
6952,t,36.24380623575491,36.24380623575491
6953,c,36.24380623575491,36.24380623575491
6954,t,36.24380623575491,36.24380623575491
6955,c,36.24380623575491,36.24380623575491
6956,c,36.24380623575491,36.24380623575491
6957,c,36.24380623575491,36.24380623575491
6958,c,36.24380623575491,36.24380623575491
6959,c,36.24380623575491,36.24380623575491
6960,t,36.24380623575491,36.24380623575491
6961,c,36.24380623575491,36.24380623575491
6962,t,36.24380623575491,36.24380623575491
6963,t,36.24380623575491,36.24380623575491
6964,c,36.24380623575491,36.24380623575491
6965,c,36.24380623575491,36.24380623575491
6966,c,36.24380623575491,36.24380623575491
6967,t,36.24380623575491,36.24380623575491
6968,c,36.24380623575491,36.24380623575491
6969,c,36.24380623575491,36.24380623575491
6970,c,36.24380623575491,36.24380623575491
6971,t,36.24380623575491,36.24380623575491
6972,c,36.24380623575491,36.24380623575491
6973,t,36.24380623575491,36.24380623575491
6974,c,36.24380623575491,36.24380623575491
6975,c,36.24380623575491,36.24380623575491
6976,c,36.24380623575491,36.24380623575491
6977,t,36.24380623575491,36.24380623575491
6978,t,36.24380623575491,36.24380623575491
6979,t,36.24380623575491,36.24380623575491
6980,c,36.24380623575491,36.24380623575491
6981,c,36.24380623575491,36.24380623575491
6982,c,36.24380623575491,36.24380623575491
6983,na,2.4913946577185433,3.4645957290468026
6984,t,36.24380623575491,36.24380623575491
6985,c,36.24380623575491,36.24380623575491
6986,c,36.24380623575491,36.24380623575491
6987,t,36.24380623575491,36.24380623575491
6988,c,36.24380623575491,36.24380623575491
6989,t,36.24380623575491,36.24380623575491
6990,t,36.24380623575491,36.24380623575491
6991,c,36.24380623575491,36.24380623575491
6992,c,36.24380623575491,36.24380623575491
6993,c,36.24380623575491,36.24380623575491
6994,c,36.24380623575491,36.24380623575491
6995,t,36.24380623575491,36.24380623575491
6996,c,36.24380623575491,36.24380623575491
6997,c,36.24380623575491,36.24380623575491
6998,c,36.24380623575491,36.24380623575491
6999,c,36.24380623575491,36.24380623575491
7000,c,36.24380623575491,36.24380623575491
7001,t,36.24380623575491,36.24380623575491
7002,c,36.24380623575491,36.24380623575491
7003,c,36.24380623575491,36.24380623575491
7004,t,36.24380623575491,36.24380623575491
7005,c,36.24380623575491,36.24380623575491
7006,c,36.24380623575491,36.24380623575491
7007,t,36.24380623575491,36.24380623575491
7008,c,36.24380623575491,36.24380623575491
7009,c,36.24380623575491,36.24380623575491
7010,c,36.24380623575491,36.24380623575491
7011,c,36.24380623575491,36.24380623575491
7012,t,36.24380623575491,36.24380623575491
7013,c,36.24380623575491,36.24380623575491
7014,c,36.24380623575491,36.24380623575491
7015,c,36.24380623575491,36.24380623575491
7016,c,36.24380623575491,36.24380623575491
7017,t,36.24380623575491,36.24380623575491
7018,c,36.24380623575491,36.24380623575491
7019,t,36.24380623575491,36.24380623575491
7020,c,36.24380623575491,36.24380623575491
7021,c,36.24380623575491,36.24380623575491
7022,t,36.24380623575491,36.24380623575491
7023,c,36.24380623575491,36.24380623575491
7024,t,36.24380623575491,36.24380623575491
7025,t,36.24380623575491,36.24380623575491
7026,c,36.24380623575491,36.24380623575491
7027,t,36.24380623575491,36.24380623575491
7028,c,36.24380623575491,36.24380623575491
7029,t,36.24380623575491,36.24380623575491
7030,t,36.24380623575491,36.24380623575491
7031,c,36.24380623575491,36.24380623575491
7032,t,36.24380623575491,36.24380623575491
7033,c,36.24380623575491,36.24380623575491
7034,c,36.24380623575491,36.24380623575491
7035,t,36.24380623575491,36.24380623575491
7036,c,36.24380623575491,36.24380623575491
7037,t,36.24380623575491,36.24380623575491
7038,t,36.24380623575491,36.24380623575491
7039,c,36.24380623575491,36.24380623575491
7040,t,36.24380623575491,36.24380623575491
7041,c,36.24380623575491,36.24380623575491
7042,t,36.24380623575491,36.24380623575491
7043,c,36.24380623575491,36.24380623575491
7044,t,36.24380623575491,36.24380623575491
7045,c,36.24380623575491,36.24380623575491
7046,t,36.24380623575491,36.24380623575491
7047,t,36.24380623575491,36.24380623575491
7048,c,36.24380623575491,36.24380623575491
7049,c,36.24380623575491,36.24380623575491
7050,t,36.24380623575491,36.24380623575491
7051,t,36.24380623575491,36.24380623575491
7052,t,36.24380623575491,36.24380623575491
7053,c,36.24380623575491,36.24380623575491
7054,c,36.24380623575491,36.24380623575491
7055,t,36.24380623575491,36.24380623575491
7056,t,36.24380623575491,36.24380623575491
7057,t,36.24380623575491,36.24380623575491
7058,t,36.24380623575491,36.24380623575491
7059,c,36.24380623575491,36.24380623575491
7060,c,36.24380623575491,36.24380623575491
7061,c,36.24380623575491,36.24380623575491
7062,c,36.24380623575491,36.24380623575491
7063,t,36.24380623575491,36.24380623575491
7064,t,36.24380623575491,36.24380623575491
7065,c,36.24380623575491,36.24380623575491
7066,c,36.24380623575491,36.24380623575491
7067,t,36.24380623575491,36.24380623575491
7068,t,36.24380623575491,36.24380623575491
7069,t,36.24380623575491,36.24380623575491
7070,t,36.24380623575491,36.24380623575491
7071,t,36.24380623575491,36.24380623575491
7072,c,36.24380623575491,36.24380623575491
7073,t,36.24380623575491,36.24380623575491
7074,c,36.24380623575491,36.24380623575491
7075,t,36.24380623575491,36.24380623575491
7076,t,36.24380623575491,36.24380623575491
7077,c,36.24380623575491,36.24380623575491
7078,c,36.24380623575491,36.24380623575491
7079,t,36.24380623575491,36.24380623575491
7080,c,36.24380623575491,36.24380623575491
7081,t,36.24380623575491,36.24380623575491
7082,c,36.24380623575491,36.24380623575491
7083,c,36.24380623575491,36.24380623575491
7084,t,36.24380623575491,36.24380623575491
7085,c,36.24380623575491,36.24380623575491
7086,t,36.24380623575491,36.24380623575491
7087,c,36.24380623575491,36.24380623575491
7088,t,36.24380623575491,36.24380623575491
7089,c,36.24380623575491,36.24380623575491
7090,c,36.24380623575491,36.24380623575491
7091,t,36.24380623575491,36.24380623575491
7092,c,36.24380623575491,36.24380623575491
7093,t,36.24380623575491,36.24380623575491
7094,t,36.24380623575491,36.24380623575491
7095,t,36.24380623575491,36.24380623575491
7096,c,36.24380623575491,36.24380623575491
7097,t,36.24380623575491,36.24380623575491
7098,c,36.24380623575491,36.24380623575491
7099,c,36.24380623575491,36.24380623575491
7100,t,36.24380623575491,36.24380623575491
7101,c,36.24380623575491,36.24380623575491
7102,t,36.24380623575491,36.24380623575491
7103,c,36.24380623575491,36.24380623575491
7104,c,36.24380623575491,36.24380623575491
7105,t,36.24380623575491,36.24380623575491
7106,t,36.24380623575491,36.24380623575491
7107,c,36.24380623575491,36.24380623575491
7108,c,36.24380623575491,36.24380623575491
7109,c,36.24380623575491,36.24380623575491
7110,t,36.24380623575491,36.24380623575491
7111,c,36.24380623575491,36.24380623575491
7112,t,36.24380623575491,36.24380623575491
7113,c,36.24380623575491,36.24380623575491
7114,t,36.24380623575491,36.24380623575491
7115,c,36.24380623575491,36.24380623575491
7116,t,36.24380623575491,36.24380623575491
7117,c,36.24380623575491,36.24380623575491
7118,c,16.51315088313163,18.201552415809594
7119,t,36.24380623575491,36.24380623575491
7120,c,36.24380623575491,36.24380623575491
7121,c,8.630255722328789,36.24380623575491
7122,c,36.24380623575491,36.24380623575491
7123,c,36.24380623575491,36.24380623575491
7124,c,36.24380623575491,36.24380623575491
7125,c,36.24380623575491,36.24380623575491
7126,c,36.24380623575491,36.24380623575491
7127,c,36.24380623575491,36.24380623575491
7128,c,36.24380623575491,36.24380623575491
7129,t,36.24380623575491,36.24380623575491
7130,c,36.24380623575491,36.24380623575491
7131,c,36.24380623575491,36.24380623575491
7132,t,36.24380623575491,36.24380623575491
7133,c,36.24380623575491,36.24380623575491
7134,c,36.24380623575491,36.24380623575491
7135,t,36.24380623575491,36.24380623575491
7136,t,36.24380623575491,36.24380623575491
7137,t,36.24380623575491,36.24380623575491
7138,t,36.24380623575491,36.24380623575491
7139,t,36.24380623575491,36.24380623575491
7140,c,36.24380623575491,36.24380623575491
7141,c,36.24380623575491,36.24380623575491
7142,c,36.24380623575491,36.24380623575491
7143,c,36.24380623575491,36.24380623575491
7144,c,36.24380623575491,36.24380623575491
7145,t,36.24380623575491,36.24380623575491
7146,c,36.24380623575491,36.24380623575491
7147,t,36.24380623575491,36.24380623575491
7148,c,36.24380623575491,36.24380623575491
7149,t,36.24380623575491,36.24380623575491
7150,c,36.24380623575491,36.24380623575491
7151,t,36.24380623575491,36.24380623575491
7152,t,36.24380623575491,36.24380623575491
7153,c,36.24380623575491,36.24380623575491
7154,c,36.24380623575491,36.24380623575491
7155,t,36.24380623575491,36.24380623575491
7156,c,36.24380623575491,36.24380623575491
7157,c,36.24380623575491,36.24380623575491
7158,c,36.24380623575491,36.24380623575491
7159,c,36.24380623575491,36.24380623575491
7160,na,3.843042121080637,5.791714845412982
7161,c,36.24380623575491,36.24380623575491
7162,t,36.24380623575491,36.24380623575491
7163,c,36.24380623575491,36.24380623575491
7164,c,36.24380623575491,36.24380623575491
7165,c,36.24380623575491,36.24380623575491
7166,c,36.24380623575491,36.24380623575491
7167,c,36.24380623575491,36.24380623575491
7168,t,36.24380623575491,36.24380623575491
7169,t,36.24380623575491,36.24380623575491
7170,c,36.24380623575491,36.24380623575491
7171,c,36.24380623575491,36.24380623575491
7172,c,36.24380623575491,36.24380623575491
7173,t,36.24380623575491,36.24380623575491
7174,c,36.24380623575491,36.24380623575491
7175,t,36.24380623575491,36.24380623575491
7176,c,36.24380623575491,36.24380623575491
7177,t,36.24380623575491,36.24380623575491
7178,t,36.24380623575491,36.24380623575491
7179,c,36.24380623575491,36.24380623575491
7180,c,36.24380623575491,36.24380623575491
7181,c,36.24380623575491,36.24380623575491
7182,t,36.24380623575491,36.24380623575491
7183,c,36.24380623575491,36.24380623575491
7184,t,36.24380623575491,36.24380623575491
7185,t,36.24380623575491,36.24380623575491
7186,c,36.24380623575491,36.24380623575491
7187,t,36.24380623575491,36.24380623575491
7188,t,36.24380623575491,36.24380623575491
7189,t,36.24380623575491,36.24380623575491
7190,na,0,0.3195740456397605
7191,t,36.24380623575491,36.24380623575491
7192,c,36.24380623575491,36.24380623575491
7193,c,36.24380623575491,36.24380623575491
7194,c,36.24380623575491,36.24380623575491
7195,c,36.24380623575491,36.24380623575491
7196,t,36.24380623575491,36.24380623575491
7197,t,36.24380623575491,36.24380623575491
7198,c,36.24380623575491,36.24380623575491
7199,t,36.24380623575491,36.24380623575491
7200,t,36.24380623575491,36.24380623575491
7201,c,36.24380623575491,36.24380623575491
7202,c,36.24380623575491,36.24380623575491
7203,c,36.24380623575491,36.24380623575491
7204,t,36.24380623575491,36.24380623575491
7205,t,36.24380623575491,36.24380623575491
7206,c,36.24380623575491,36.24380623575491
7207,t,36.24380623575491,36.24380623575491
7208,t,36.24380623575491,36.24380623575491
7209,t,36.24380623575491,36.24380623575491
7210,t,36.24380623575491,36.24380623575491
7211,t,36.24380623575491,36.24380623575491
7212,c,36.24380623575491,36.24380623575491
7213,t,36.24380623575491,36.24380623575491
7214,c,36.24380623575491,36.24380623575491
7215,c,36.24380623575491,36.24380623575491
7216,t,36.24380623575491,36.24380623575491
7217,t,36.24380623575491,36.24380623575491
7218,t,36.24380623575491,36.24380623575491
7219,c,36.24380623575491,36.24380623575491
7220,t,36.24380623575491,36.24380623575491
7221,t,36.24380623575491,36.24380623575491
7222,t,36.24380623575491,36.24380623575491
7223,c,36.24380623575491,36.24380623575491
7224,t,36.24380623575491,36.24380623575491
7225,c,36.24380623575491,36.24380623575491
7226,t,36.24380623575491,36.24380623575491
7227,t,36.24380623575491,36.24380623575491
7228,t,36.24380623575491,36.24380623575491
7229,c,36.24380623575491,36.24380623575491
7230,t,36.24380623575491,36.24380623575491
7231,c,36.24380623575491,36.24380623575491
7232,t,36.24380623575491,36.24380623575491
7233,t,36.24380623575491,36.24380623575491
7234,c,36.24380623575491,36.24380623575491
7235,c,36.24380623575491,36.24380623575491
7236,c,36.24380623575491,36.24380623575491
7237,t,36.24380623575491,36.24380623575491
7238,c,36.24380623575491,36.24380623575491
7239,t,36.24380623575491,36.24380623575491
7240,t,36.24380623575491,36.24380623575491
7241,t,36.24380623575491,36.24380623575491
7242,c,36.24380623575491,36.24380623575491
7243,t,36.24380623575491,36.24380623575491
7244,c,36.24380623575491,36.24380623575491
7245,c,36.24380623575491,36.24380623575491
7246,t,36.24380623575491,36.24380623575491
7247,t,36.24380623575491,36.24380623575491
7248,t,36.24380623575491,36.24380623575491
7249,c,36.24380623575491,36.24380623575491
7250,t,36.24380623575491,36.24380623575491
7251,t,36.24380623575491,36.24380623575491
7252,c,36.24380623575491,36.24380623575491
7253,c,36.24380623575491,36.24380623575491
7254,t,36.24380623575491,36.24380623575491
7255,c,36.24380623575491,36.24380623575491
7256,t,36.24380623575491,36.24380623575491
7257,t,36.24380623575491,36.24380623575491
7258,t,36.24380623575491,36.24380623575491
7259,c,36.24380623575491,36.24380623575491
7260,t,36.24380623575491,36.24380623575491
7261,t,36.24380623575491,36.24380623575491
7262,c,36.24380623575491,36.24380623575491
7263,c,36.24380623575491,36.24380623575491
7264,c,36.24380623575491,36.24380623575491
7265,c,36.24380623575491,36.24380623575491
7266,c,36.24380623575491,36.24380623575491
7267,c,36.24380623575491,36.24380623575491
7268,t,36.24380623575491,36.24380623575491
7269,c,36.24380623575491,36.24380623575491
7270,t,36.24380623575491,36.24380623575491
7271,t,36.24380623575491,36.24380623575491
7272,c,36.24380623575491,36.24380623575491
7273,t,36.24380623575491,36.24380623575491
7274,t,36.24380623575491,36.24380623575491
7275,na,9.444228135001715,10.518376354616757
7276,t,36.24380623575491,36.24380623575491
7277,c,36.24380623575491,36.24380623575491
7278,c,36.24380623575491,36.24380623575491
7279,t,36.24380623575491,36.24380623575491
7280,c,36.24380623575491,36.24380623575491
7281,c,36.24380623575491,36.24380623575491
7282,t,36.24380623575491,36.24380623575491
7283,t,36.24380623575491,36.24380623575491
7284,t,36.24380623575491,36.24380623575491
7285,c,36.24380623575491,36.24380623575491
7286,t,36.24380623575491,36.24380623575491
7287,c,36.24380623575491,36.24380623575491
7288,t,36.24380623575491,36.24380623575491
7289,c,36.24380623575491,36.24380623575491
7290,c,36.24380623575491,36.24380623575491
7291,t,36.24380623575491,36.24380623575491
7292,t,36.24380623575491,36.24380623575491
7293,t,36.24380623575491,36.24380623575491
7294,c,36.24380623575491,36.24380623575491
7295,t,36.24380623575491,36.24380623575491
7296,t,36.24380623575491,36.24380623575491
7297,c,36.24380623575491,36.24380623575491
7298,t,36.24380623575491,36.24380623575491
7299,c,36.24380623575491,36.24380623575491
7300,t,36.24380623575491,36.24380623575491
7301,t,36.24380623575491,36.24380623575491
7302,t,36.24380623575491,36.24380623575491
7303,t,36.24380623575491,36.24380623575491
7304,t,36.24380623575491,36.24380623575491
7305,t,36.24380623575491,36.24380623575491
7306,t,36.24380623575491,36.24380623575491
7307,c,36.24380623575491,36.24380623575491
7308,t,36.24380623575491,36.24380623575491
7309,t,36.24380623575491,36.24380623575491
7310,t,36.24380623575491,36.24380623575491
7311,t,36.24380623575491,36.24380623575491
7312,t,36.24380623575491,36.24380623575491
7313,t,36.24380623575491,36.24380623575491
7314,t,36.24380623575491,36.24380623575491
7315,c,36.24380623575491,36.24380623575491
7316,t,36.24380623575491,36.24380623575491
7317,c,36.24380623575491,36.24380623575491
7318,c,36.24380623575491,36.24380623575491
7319,t,36.24380623575491,36.24380623575491
7320,t,36.24380623575491,36.24380623575491
7321,c,36.24380623575491,36.24380623575491
7322,t,36.24380623575491,36.24380623575491
7323,t,36.24380623575491,36.24380623575491
7324,t,36.24380623575491,36.24380623575491
7325,c,36.24380623575491,36.24380623575491
7326,c,36.24380623575491,36.24380623575491
7327,c,36.24380623575491,36.24380623575491
7328,t,36.24380623575491,36.24380623575491
7329,c,36.24380623575491,36.24380623575491
7330,t,36.24380623575491,36.24380623575491
7331,c,36.24380623575491,36.24380623575491
7332,t,36.24380623575491,36.24380623575491
7333,t,36.24380623575491,36.24380623575491
7334,t,36.24380623575491,36.24380623575491
7335,t,36.24380623575491,36.24380623575491
7336,t,36.24380623575491,36.24380623575491
7337,t,36.24380623575491,36.24380623575491
7338,t,36.24380623575491,36.24380623575491
7339,t,36.24380623575491,36.24380623575491
7340,t,36.24380623575491,36.24380623575491
7341,t,36.24380623575491,36.24380623575491
7342,c,36.24380623575491,36.24380623575491
7343,t,36.24380623575491,36.24380623575491
7344,c,36.24380623575491,36.24380623575491
7345,t,36.24380623575491,36.24380623575491
7346,c,36.24380623575491,36.24380623575491
7347,c,36.24380623575491,36.24380623575491
7348,t,36.24380623575491,36.24380623575491
7349,c,36.24380623575491,36.24380623575491
7350,c,36.24380623575491,36.24380623575491
7351,c,36.24380623575491,36.24380623575491
7352,t,36.24380623575491,36.24380623575491
7353,t,36.24380623575491,36.24380623575491
7354,c,36.24380623575491,36.24380623575491
7355,c,36.24380623575491,36.24380623575491
7356,c,36.24380623575491,36.24380623575491
7357,t,36.24380623575491,36.24380623575491
7358,c,36.24380623575491,36.24380623575491
7359,t,36.24380623575491,36.24380623575491
7360,t,36.24380623575491,36.24380623575491
7361,t,36.24380623575491,36.24380623575491
7362,t,36.24380623575491,36.24380623575491
7363,t,36.24380623575491,36.24380623575491
7364,c,36.24380623575491,36.24380623575491
7365,c,36.24380623575491,36.24380623575491
7366,t,36.24380623575491,36.24380623575491
7367,t,36.24380623575491,36.24380623575491
7368,c,36.24380623575491,36.24380623575491
7369,t,36.24380623575491,36.24380623575491
7370,c,36.24380623575491,36.24380623575491
7371,t,36.24380623575491,36.24380623575491
7372,c,36.24380623575491,36.24380623575491
7373,c,36.24380623575491,36.24380623575491
7374,t,36.24380623575491,36.24380623575491
7375,c,36.24380623575491,36.24380623575491
7376,t,36.24380623575491,36.24380623575491
7377,t,36.24380623575491,36.24380623575491
7378,c,36.24380623575491,36.24380623575491
7379,na,0,2.719396712407598
7380,c,36.24380623575491,36.24380623575491
7381,t,36.24380623575491,36.24380623575491
7382,c,36.24380623575491,36.24380623575491
7383,t,36.24380623575491,36.24380623575491
7384,t,36.24380623575491,36.24380623575491
7385,c,36.24380623575491,36.24380623575491
7386,t,36.24380623575491,36.24380623575491
7387,c,36.24380623575491,36.24380623575491
7388,c,36.24380623575491,36.24380623575491
7389,t,36.24380623575491,36.24380623575491
7390,t,36.24380623575491,36.24380623575491
7391,t,36.24380623575491,36.24380623575491
7392,t,36.24380623575491,36.24380623575491
7393,na,9.836543206408429,15.732265492661062
7394,c,36.24380623575491,36.24380623575491
7395,c,36.24380623575491,36.24380623575491
7396,c,36.24380623575491,36.24380623575491
7397,t,36.24380623575491,36.24380623575491
7398,t,36.24380623575491,36.24380623575491
7399,c,36.24380623575491,36.24380623575491
7400,t,36.24380623575491,36.24380623575491
7401,c,36.24380623575491,36.24380623575491
7402,t,36.24380623575491,36.24380623575491
7403,c,36.24380623575491,36.24380623575491
7404,t,36.24380623575491,36.24380623575491
7405,t,36.24380623575491,36.24380623575491
7406,c,36.24380623575491,36.24380623575491
7407,t,36.24380623575491,36.24380623575491
7408,t,36.24380623575491,36.24380623575491
7409,c,36.24380623575491,36.24380623575491
7410,c,36.24380623575491,36.24380623575491
7411,t,36.24380623575491,36.24380623575491
7412,c,36.24380623575491,36.24380623575491
7413,c,36.24380623575491,36.24380623575491
7414,c,36.24380623575491,36.24380623575491
7415,c,36.24380623575491,36.24380623575491
7416,t,36.24380623575491,36.24380623575491
7417,c,36.24380623575491,36.24380623575491
7418,c,36.24380623575491,36.24380623575491
7419,c,36.24380623575491,36.24380623575491
7420,t,36.24380623575491,36.24380623575491
7421,c,36.24380623575491,36.24380623575491
7422,t,36.24380623575491,36.24380623575491
7423,t,36.24380623575491,36.24380623575491
7424,c,36.24380623575491,36.24380623575491
7425,c,36.24380623575491,36.24380623575491
7426,c,36.24380623575491,36.24380623575491
7427,t,36.24380623575491,36.24380623575491
7428,t,36.24380623575491,36.24380623575491
7429,c,36.24380623575491,36.24380623575491
7430,t,36.24380623575491,36.24380623575491
7431,t,36.24380623575491,36.24380623575491
7432,c,36.24380623575491,36.24380623575491
7433,c,36.24380623575491,36.24380623575491
7434,c,36.24380623575491,36.24380623575491
7435,t,36.24380623575491,36.24380623575491
7436,t,36.24380623575491,36.24380623575491
7437,c,36.24380623575491,36.24380623575491
7438,c,36.24380623575491,36.24380623575491
7439,t,36.24380623575491,36.24380623575491
7440,c,36.24380623575491,36.24380623575491
7441,c,36.24380623575491,36.24380623575491
7442,c,36.24380623575491,36.24380623575491
7443,t,36.24380623575491,36.24380623575491
7444,na,-1,0
7445,c,36.24380623575491,36.24380623575491
7446,t,36.24380623575491,36.24380623575491
7447,t,36.24380623575491,36.24380623575491
7448,c,36.24380623575491,36.24380623575491
7449,t,36.24380623575491,36.24380623575491
7450,c,36.24380623575491,36.24380623575491
7451,t,36.24380623575491,36.24380623575491
7452,c,36.24380623575491,36.24380623575491
7453,t,36.24380623575491,36.24380623575491
7454,t,36.24380623575491,36.24380623575491
7455,t,36.24380623575491,36.24380623575491
7456,t,36.24380623575491,36.24380623575491
7457,c,36.24380623575491,36.24380623575491
7458,t,36.24380623575491,36.24380623575491
7459,t,36.24380623575491,36.24380623575491
7460,c,36.24380623575491,36.24380623575491
7461,t,36.24380623575491,36.24380623575491
7462,c,36.24380623575491,36.24380623575491
7463,c,36.24380623575491,36.24380623575491
7464,t,36.24380623575491,36.24380623575491
7465,t,36.24380623575491,36.24380623575491
7466,t,36.24380623575491,36.24380623575491
7467,c,36.24380623575491,36.24380623575491
7468,t,36.24380623575491,36.24380623575491
7469,c,36.24380623575491,36.24380623575491
7470,c,36.24380623575491,36.24380623575491
7471,c,36.24380623575491,36.24380623575491
7472,t,36.24380623575491,36.24380623575491
7473,t,36.24380623575491,36.24380623575491
7474,t,36.24380623575491,36.24380623575491
7475,c,36.24380623575491,36.24380623575491
7476,t,36.24380623575491,36.24380623575491
7477,c,36.24380623575491,36.24380623575491
7478,t,36.24380623575491,36.24380623575491
7479,t,36.24380623575491,36.24380623575491
7480,t,36.24380623575491,36.24380623575491
7481,c,36.24380623575491,36.24380623575491
7482,c,36.24380623575491,36.24380623575491
7483,t,36.24380623575491,36.24380623575491
7484,c,36.24380623575491,36.24380623575491
7485,c,36.24380623575491,36.24380623575491
7486,t,36.24380623575491,36.24380623575491
7487,c,36.24380623575491,36.24380623575491
7488,t,36.24380623575491,36.24380623575491
7489,t,36.24380623575491,36.24380623575491
7490,c,36.24380623575491,36.24380623575491
7491,t,36.24380623575491,36.24380623575491
7492,c,36.24380623575491,36.24380623575491
7493,t,36.24380623575491,36.24380623575491
7494,c,36.24380623575491,36.24380623575491
7495,c,36.24380623575491,36.24380623575491
7496,t,36.24380623575491,36.24380623575491
7497,c,36.24380623575491,36.24380623575491
7498,t,36.24380623575491,36.24380623575491
7499,t,36.24380623575491,36.24380623575491
7500,c,36.24380623575491,36.24380623575491
7501,c,36.24380623575491,36.24380623575491
7502,c,36.24380623575491,36.24380623575491
7503,c,36.24380623575491,36.24380623575491
7504,na,0,2.8702035513505395
7505,t,36.24380623575491,36.24380623575491
7506,c,36.24380623575491,36.24380623575491
7507,c,36.24380623575491,36.24380623575491
7508,t,36.24380623575491,36.24380623575491
7509,c,36.24380623575491,36.24380623575491
7510,c,36.24380623575491,36.24380623575491
7511,t,36.24380623575491,36.24380623575491
7512,c,36.24380623575491,36.24380623575491
7513,t,36.24380623575491,36.24380623575491
7514,t,36.24380623575491,36.24380623575491
7515,t,36.24380623575491,36.24380623575491
7516,c,36.24380623575491,36.24380623575491
7517,t,36.24380623575491,36.24380623575491
7518,t,36.24380623575491,36.24380623575491
7519,c,36.24380623575491,36.24380623575491
7520,c,36.24380623575491,36.24380623575491
7521,t,36.24380623575491,36.24380623575491
7522,t,36.24380623575491,36.24380623575491
7523,c,36.24380623575491,36.24380623575491
7524,t,36.24380623575491,36.24380623575491
7525,c,36.24380623575491,36.24380623575491
7526,na,6.497378332442983,10.338162386112666
7527,t,36.24380623575491,36.24380623575491
7528,t,36.24380623575491,36.24380623575491
7529,t,36.24380623575491,36.24380623575491
7530,t,36.24380623575491,36.24380623575491
7531,c,36.24380623575491,36.24380623575491
7532,c,8.847670662758816,11.97468869092978
7533,t,36.24380623575491,36.24380623575491
7534,t,36.24380623575491,36.24380623575491
7535,t,36.24380623575491,36.24380623575491
7536,c,36.24380623575491,36.24380623575491
7537,t,36.24380623575491,36.24380623575491
7538,c,36.24380623575491,36.24380623575491
7539,t,36.24380623575491,36.24380623575491
7540,c,36.24380623575491,36.24380623575491
7541,t,36.24380623575491,36.24380623575491
7542,c,36.24380623575491,36.24380623575491
7543,t,36.24380623575491,36.24380623575491
7544,t,36.24380623575491,36.24380623575491
7545,na,1.441117482866945,4.4626398742827105
7546,c,36.24380623575491,36.24380623575491
7547,t,36.24380623575491,36.24380623575491
7548,t,36.24380623575491,36.24380623575491
7549,t,36.24380623575491,36.24380623575491
7550,na,36.24380623575491,36.24380623575491
7551,t,36.24380623575491,36.24380623575491
7552,t,36.24380623575491,36.24380623575491
7553,c,36.24380623575491,36.24380623575491
7554,t,36.24380623575491,36.24380623575491
7555,t,36.24380623575491,36.24380623575491
7556,t,36.24380623575491,36.24380623575491
7557,c,36.24380623575491,36.24380623575491
7558,c,36.24380623575491,36.24380623575491
7559,c,36.24380623575491,36.24380623575491
7560,t,36.24380623575491,36.24380623575491
7561,t,36.24380623575491,36.24380623575491
7562,c,36.24380623575491,36.24380623575491
7563,t,36.24380623575491,36.24380623575491
7564,t,36.24380623575491,36.24380623575491
7565,t,36.24380623575491,36.24380623575491
7566,t,36.24380623575491,36.24380623575491
7567,c,36.24380623575491,36.24380623575491
7568,c,36.24380623575491,36.24380623575491
7569,t,36.24380623575491,36.24380623575491
7570,t,36.24380623575491,36.24380623575491
7571,t,36.24380623575491,36.24380623575491
7572,t,36.24380623575491,36.24380623575491
7573,c,36.24380623575491,36.24380623575491
7574,c,36.24380623575491,36.24380623575491
7575,t,36.24380623575491,36.24380623575491
7576,t,36.24380623575491,36.24380623575491
7577,c,36.24380623575491,36.24380623575491
7578,t,36.24380623575491,36.24380623575491
7579,t,36.24380623575491,36.24380623575491
7580,c,36.24380623575491,36.24380623575491
7581,t,36.24380623575491,36.24380623575491
7582,c,36.24380623575491,36.24380623575491
7583,c,36.24380623575491,36.24380623575491
7584,t,36.24380623575491,36.24380623575491
7585,c,36.24380623575491,36.24380623575491
7586,t,36.24380623575491,36.24380623575491
7587,c,36.24380623575491,36.24380623575491
7588,t,36.24380623575491,36.24380623575491
7589,t,36.24380623575491,36.24380623575491
7590,t,36.24380623575491,36.24380623575491
7591,t,36.24380623575491,36.24380623575491
7592,c,36.24380623575491,36.24380623575491
7593,t,36.24380623575491,36.24380623575491
7594,t,36.24380623575491,36.24380623575491
7595,t,36.24380623575491,36.24380623575491
7596,t,36.24380623575491,36.24380623575491
7597,c,36.24380623575491,36.24380623575491
7598,c,36.24380623575491,36.24380623575491
7599,c,36.24380623575491,36.24380623575491
7600,c,36.24380623575491,36.24380623575491
7601,t,36.24380623575491,36.24380623575491
7602,t,36.24380623575491,36.24380623575491
7603,c,36.24380623575491,36.24380623575491
7604,t,36.24380623575491,36.24380623575491
7605,c,36.24380623575491,36.24380623575491
7606,t,36.24380623575491,36.24380623575491
7607,t,36.24380623575491,36.24380623575491
7608,c,36.24380623575491,36.24380623575491
7609,t,36.24380623575491,36.24380623575491
7610,c,36.24380623575491,36.24380623575491
7611,c,36.24380623575491,36.24380623575491
7612,t,36.24380623575491,36.24380623575491
7613,t,36.24380623575491,36.24380623575491
7614,c,36.24380623575491,36.24380623575491
7615,t,36.24380623575491,36.24380623575491
7616,t,36.24380623575491,36.24380623575491
7617,t,36.24380623575491,36.24380623575491
7618,c,36.24380623575491,36.24380623575491
7619,c,36.24380623575491,36.24380623575491
7620,t,36.24380623575491,36.24380623575491
7621,c,36.24380623575491,36.24380623575491
7622,c,36.24380623575491,36.24380623575491
7623,c,36.24380623575491,36.24380623575491
7624,c,36.24380623575491,36.24380623575491
7625,c,36.24380623575491,36.24380623575491
7626,t,36.24380623575491,36.24380623575491
7627,c,36.24380623575491,36.24380623575491
7628,c,36.24380623575491,36.24380623575491
7629,c,36.24380623575491,36.24380623575491
7630,t,36.24380623575491,36.24380623575491
7631,t,36.24380623575491,36.24380623575491
7632,c,36.24380623575491,36.24380623575491
7633,t,36.24380623575491,36.24380623575491
7634,t,36.24380623575491,36.24380623575491
7635,t,36.24380623575491,36.24380623575491
7636,c,36.24380623575491,36.24380623575491
7637,c,36.24380623575491,36.24380623575491
7638,c,36.24380623575491,36.24380623575491
7639,t,36.24380623575491,36.24380623575491
7640,t,36.24380623575491,36.24380623575491
7641,t,36.24380623575491,36.24380623575491
7642,c,36.24380623575491,36.24380623575491
7643,t,36.24380623575491,36.24380623575491
7644,t,36.24380623575491,36.24380623575491
7645,t,36.24380623575491,36.24380623575491
7646,t,36.24380623575491,36.24380623575491
7647,c,36.24380623575491,36.24380623575491
7648,c,36.24380623575491,36.24380623575491
7649,c,36.24380623575491,36.24380623575491
7650,c,36.24380623575491,36.24380623575491
7651,c,36.24380623575491,36.24380623575491
7652,t,36.24380623575491,36.24380623575491
7653,c,36.24380623575491,36.24380623575491
7654,t,36.24380623575491,36.24380623575491
7655,t,36.24380623575491,36.24380623575491
7656,t,36.24380623575491,36.24380623575491
7657,c,36.24380623575491,36.24380623575491
7658,c,36.24380623575491,36.24380623575491
7659,c,36.24380623575491,36.24380623575491
7660,c,36.24380623575491,36.24380623575491
7661,c,36.24380623575491,36.24380623575491
7662,c,36.24380623575491,36.24380623575491
7663,t,36.24380623575491,36.24380623575491
7664,na,5.0854903030445335,11.172092342874878
7665,t,36.24380623575491,36.24380623575491
7666,t,36.24380623575491,36.24380623575491
7667,t,36.24380623575491,36.24380623575491
7668,c,36.24380623575491,36.24380623575491
7669,c,36.24380623575491,36.24380623575491
7670,t,36.24380623575491,36.24380623575491
7671,c,36.24380623575491,36.24380623575491
7672,c,36.24380623575491,36.24380623575491
7673,c,36.24380623575491,36.24380623575491
7674,t,36.24380623575491,36.24380623575491
7675,t,36.24380623575491,36.24380623575491
7676,c,36.24380623575491,36.24380623575491
7677,t,36.24380623575491,36.24380623575491
7678,t,36.24380623575491,36.24380623575491
7679,c,36.24380623575491,36.24380623575491
7680,t,36.24380623575491,36.24380623575491
7681,c,36.24380623575491,36.24380623575491
7682,t,36.24380623575491,36.24380623575491
7683,c,36.24380623575491,36.24380623575491
7684,c,36.24380623575491,36.24380623575491
7685,t,36.24380623575491,36.24380623575491
7686,t,36.24380623575491,36.24380623575491
7687,c,36.24380623575491,36.24380623575491
7688,t,36.24380623575491,36.24380623575491
7689,t,36.24380623575491,36.24380623575491
7690,c,36.24380623575491,36.24380623575491
7691,t,36.24380623575491,36.24380623575491
7692,t,36.24380623575491,36.24380623575491
7693,t,36.24380623575491,36.24380623575491
7694,t,36.24380623575491,36.24380623575491
7695,t,36.24380623575491,36.24380623575491
7696,c,36.24380623575491,36.24380623575491
7697,c,36.24380623575491,36.24380623575491
7698,c,36.24380623575491,36.24380623575491
7699,t,36.24380623575491,36.24380623575491
7700,t,36.24380623575491,36.24380623575491
7701,c,36.24380623575491,36.24380623575491
7702,t,36.24380623575491,36.24380623575491
7703,t,36.24380623575491,36.24380623575491
7704,t,36.24380623575491,36.24380623575491
7705,c,36.24380623575491,36.24380623575491
7706,c,36.24380623575491,36.24380623575491
7707,t,36.24380623575491,36.24380623575491
7708,t,36.24380623575491,36.24380623575491
7709,t,36.24380623575491,36.24380623575491
7710,c,36.24380623575491,36.24380623575491
7711,t,36.24380623575491,36.24380623575491
7712,t,36.24380623575491,36.24380623575491
7713,c,36.24380623575491,36.24380623575491
7714,c,36.24380623575491,36.24380623575491
7715,c,36.24380623575491,36.24380623575491
7716,c,36.24380623575491,36.24380623575491
7717,c,36.24380623575491,36.24380623575491
7718,t,36.24380623575491,36.24380623575491
7719,t,36.24380623575491,36.24380623575491
7720,c,36.24380623575491,36.24380623575491
7721,c,36.24380623575491,36.24380623575491
7722,c,36.24380623575491,36.24380623575491
7723,t,36.24380623575491,36.24380623575491
7724,t,36.24380623575491,36.24380623575491
7725,t,36.24380623575491,36.24380623575491
7726,t,36.24380623575491,36.24380623575491
7727,c,36.24380623575491,36.24380623575491
7728,c,36.24380623575491,36.24380623575491
7729,t,36.24380623575491,36.24380623575491
7730,t,36.24380623575491,36.24380623575491
7731,t,36.24380623575491,36.24380623575491
7732,c,36.24380623575491,36.24380623575491
7733,c,36.24380623575491,36.24380623575491
7734,t,36.24380623575491,36.24380623575491
7735,t,36.24380623575491,36.24380623575491
7736,t,36.24380623575491,36.24380623575491
7737,c,36.24380623575491,36.24380623575491
7738,c,36.24380623575491,36.24380623575491
7739,t,36.24380623575491,36.24380623575491
7740,c,36.24380623575491,36.24380623575491
7741,t,36.24380623575491,36.24380623575491
7742,t,36.24380623575491,36.24380623575491
7743,c,36.24380623575491,36.24380623575491
7744,t,36.24380623575491,36.24380623575491
7745,t,36.24380623575491,36.24380623575491
7746,c,36.24380623575491,36.24380623575491
7747,c,36.24380623575491,36.24380623575491
7748,c,36.24380623575491,36.24380623575491
7749,t,36.24380623575491,36.24380623575491
7750,c,36.24380623575491,36.24380623575491
7751,t,36.24380623575491,36.24380623575491
7752,t,36.24380623575491,36.24380623575491
7753,c,36.24380623575491,36.24380623575491
7754,c,36.24380623575491,36.24380623575491
7755,c,36.24380623575491,36.24380623575491
7756,c,36.24380623575491,36.24380623575491
7757,c,36.24380623575491,36.24380623575491
7758,c,36.24380623575491,36.24380623575491
7759,t,36.24380623575491,36.24380623575491
7760,c,36.24380623575491,36.24380623575491
7761,c,36.24380623575491,36.24380623575491
7762,c,36.24380623575491,36.24380623575491
7763,t,36.24380623575491,36.24380623575491
7764,t,36.24380623575491,36.24380623575491
7765,t,36.24380623575491,36.24380623575491
7766,c,36.24380623575491,36.24380623575491
7767,t,36.24380623575491,36.24380623575491
7768,c,36.24380623575491,36.24380623575491
7769,t,36.24380623575491,36.24380623575491
7770,t,36.24380623575491,36.24380623575491
7771,c,36.24380623575491,36.24380623575491
7772,t,36.24380623575491,36.24380623575491
7773,c,36.24380623575491,36.24380623575491
7774,c,36.24380623575491,36.24380623575491
7775,c,36.24380623575491,36.24380623575491
7776,t,36.24380623575491,36.24380623575491
7777,t,36.24380623575491,36.24380623575491
7778,c,36.24380623575491,36.24380623575491
7779,c,36.24380623575491,36.24380623575491
7780,t,36.24380623575491,36.24380623575491
7781,t,36.24380623575491,36.24380623575491
7782,t,36.24380623575491,36.24380623575491
7783,c,36.24380623575491,36.24380623575491
7784,c,36.24380623575491,36.24380623575491
7785,c,36.24380623575491,36.24380623575491
7786,c,36.24380623575491,36.24380623575491
7787,c,36.24380623575491,36.24380623575491
7788,c,36.24380623575491,36.24380623575491
7789,c,36.24380623575491,36.24380623575491
7790,t,36.24380623575491,36.24380623575491
7791,c,36.24380623575491,36.24380623575491
7792,c,36.24380623575491,36.24380623575491
7793,t,36.24380623575491,36.24380623575491
7794,t,36.24380623575491,36.24380623575491
7795,c,36.24380623575491,36.24380623575491
7796,c,36.24380623575491,36.24380623575491
7797,c,36.24380623575491,36.24380623575491
7798,t,36.24380623575491,36.24380623575491
7799,t,36.24380623575491,36.24380623575491
7800,t,36.24380623575491,36.24380623575491
7801,t,36.24380623575491,36.24380623575491
7802,t,36.24380623575491,36.24380623575491
7803,c,36.24380623575491,36.24380623575491
7804,t,36.24380623575491,36.24380623575491
7805,t,36.24380623575491,36.24380623575491
7806,t,36.24380623575491,36.24380623575491
7807,c,36.24380623575491,36.24380623575491
7808,c,36.24380623575491,36.24380623575491
7809,t,36.24380623575491,36.24380623575491
7810,c,36.24380623575491,36.24380623575491
7811,t,36.24380623575491,36.24380623575491
7812,t,36.24380623575491,36.24380623575491
7813,t,36.24380623575491,36.24380623575491
7814,c,36.24380623575491,36.24380623575491
7815,t,36.24380623575491,36.24380623575491
7816,t,36.24380623575491,36.24380623575491
7817,t,36.24380623575491,36.24380623575491
7818,c,36.24380623575491,36.24380623575491
7819,c,36.24380623575491,36.24380623575491
7820,t,36.24380623575491,36.24380623575491
7821,c,36.24380623575491,36.24380623575491
7822,c,36.24380623575491,36.24380623575491
7823,c,36.24380623575491,36.24380623575491
7824,c,36.24380623575491,36.24380623575491
7825,c,36.24380623575491,36.24380623575491
7826,t,36.24380623575491,36.24380623575491
7827,c,36.24380623575491,36.24380623575491
7828,c,36.24380623575491,36.24380623575491
7829,c,36.24380623575491,36.24380623575491
7830,t,36.24380623575491,36.24380623575491
7831,c,36.24380623575491,36.24380623575491
7832,t,36.24380623575491,36.24380623575491
7833,c,36.24380623575491,36.24380623575491
7834,c,36.24380623575491,36.24380623575491
7835,t,36.24380623575491,36.24380623575491
7836,t,36.24380623575491,36.24380623575491
7837,c,36.24380623575491,36.24380623575491
7838,t,36.24380623575491,36.24380623575491
7839,t,36.24380623575491,36.24380623575491
7840,c,36.24380623575491,36.24380623575491
7841,t,36.24380623575491,36.24380623575491
7842,c,36.24380623575491,36.24380623575491
7843,c,36.24380623575491,36.24380623575491
7844,c,36.24380623575491,36.24380623575491
7845,c,36.24380623575491,36.24380623575491
7846,t,36.24380623575491,36.24380623575491
7847,t,36.24380623575491,36.24380623575491
7848,t,36.24380623575491,36.24380623575491
7849,c,36.24380623575491,36.24380623575491
7850,t,36.24380623575491,36.24380623575491
7851,c,36.24380623575491,36.24380623575491
7852,t,36.24380623575491,36.24380623575491
7853,t,36.24380623575491,36.24380623575491
7854,c,36.24380623575491,36.24380623575491
7855,t,36.24380623575491,36.24380623575491
7856,t,36.24380623575491,36.24380623575491
7857,t,36.24380623575491,36.24380623575491
7858,t,36.24380623575491,36.24380623575491
7859,c,36.24380623575491,36.24380623575491
7860,c,36.24380623575491,36.24380623575491
7861,t,36.24380623575491,36.24380623575491
7862,c,36.24380623575491,36.24380623575491
7863,t,36.24380623575491,36.24380623575491
7864,t,36.24380623575491,36.24380623575491
7865,t,36.24380623575491,36.24380623575491
7866,t,36.24380623575491,36.24380623575491
7867,t,36.24380623575491,36.24380623575491
7868,t,36.24380623575491,36.24380623575491
7869,t,36.24380623575491,36.24380623575491
7870,c,36.24380623575491,36.24380623575491
7871,c,36.24380623575491,36.24380623575491
7872,na,0,1.979375924240246
7873,t,36.24380623575491,36.24380623575491
7874,c,36.24380623575491,36.24380623575491
7875,t,36.24380623575491,36.24380623575491
7876,t,36.24380623575491,36.24380623575491
7877,c,36.24380623575491,36.24380623575491
7878,t,36.24380623575491,36.24380623575491
7879,t,36.24380623575491,36.24380623575491
7880,t,36.24380623575491,36.24380623575491
7881,t,36.24380623575491,36.24380623575491
7882,t,36.24380623575491,36.24380623575491
7883,c,36.24380623575491,36.24380623575491
7884,t,36.24380623575491,36.24380623575491
7885,c,36.24380623575491,36.24380623575491
7886,t,36.24380623575491,36.24380623575491
7887,c,36.24380623575491,36.24380623575491
7888,t,36.24380623575491,36.24380623575491
7889,c,36.24380623575491,36.24380623575491
7890,t,36.24380623575491,36.24380623575491
7891,c,36.24380623575491,36.24380623575491
7892,t,36.24380623575491,36.24380623575491
7893,c,36.24380623575491,36.24380623575491
7894,c,36.24380623575491,36.24380623575491
7895,t,36.24380623575491,36.24380623575491
7896,t,36.24380623575491,36.24380623575491
7897,c,36.24380623575491,36.24380623575491
7898,c,36.24380623575491,36.24380623575491
7899,t,36.24380623575491,36.24380623575491
7900,c,36.24380623575491,36.24380623575491
7901,c,36.24380623575491,36.24380623575491
7902,t,36.24380623575491,36.24380623575491
7903,t,36.24380623575491,36.24380623575491
7904,c,36.24380623575491,36.24380623575491
7905,t,36.24380623575491,36.24380623575491
7906,c,36.24380623575491,36.24380623575491
7907,c,36.24380623575491,36.24380623575491
7908,c,36.24380623575491,36.24380623575491
7909,t,36.24380623575491,36.24380623575491
7910,c,36.24380623575491,36.24380623575491
7911,c,36.24380623575491,36.24380623575491
7912,t,36.24380623575491,36.24380623575491
7913,t,36.24380623575491,36.24380623575491
7914,t,36.24380623575491,36.24380623575491
7915,t,36.24380623575491,36.24380623575491
7916,c,36.24380623575491,36.24380623575491
7917,t,36.24380623575491,36.24380623575491
7918,t,36.24380623575491,36.24380623575491
7919,c,36.24380623575491,36.24380623575491
7920,t,36.24380623575491,36.24380623575491
7921,t,36.24380623575491,36.24380623575491
7922,c,36.24380623575491,36.24380623575491
7923,c,36.24380623575491,36.24380623575491
7924,t,36.24380623575491,36.24380623575491
7925,t,36.24380623575491,36.24380623575491
7926,c,36.24380623575491,36.24380623575491
7927,t,36.24380623575491,36.24380623575491
7928,c,36.24380623575491,36.24380623575491
7929,c,36.24380623575491,36.24380623575491
7930,t,36.24380623575491,36.24380623575491
7931,t,36.24380623575491,36.24380623575491
7932,t,36.24380623575491,36.24380623575491
7933,c,36.24380623575491,36.24380623575491
7934,t,36.24380623575491,36.24380623575491
7935,c,36.24380623575491,36.24380623575491
7936,t,36.24380623575491,36.24380623575491
7937,c,36.24380623575491,36.24380623575491
7938,c,36.24380623575491,36.24380623575491
7939,t,36.24380623575491,36.24380623575491
7940,c,36.24380623575491,36.24380623575491
7941,c,36.24380623575491,36.24380623575491
7942,t,36.24380623575491,36.24380623575491
7943,c,36.24380623575491,36.24380623575491
7944,t,36.24380623575491,36.24380623575491
7945,c,36.24380623575491,36.24380623575491
7946,t,36.24380623575491,36.24380623575491
7947,t,36.24380623575491,36.24380623575491
7948,t,36.24380623575491,36.24380623575491
7949,c,36.24380623575491,36.24380623575491
7950,c,36.24380623575491,36.24380623575491
7951,c,36.24380623575491,36.24380623575491
7952,c,36.24380623575491,36.24380623575491
7953,t,36.24380623575491,36.24380623575491
7954,c,36.24380623575491,36.24380623575491
7955,t,36.24380623575491,36.24380623575491
7956,t,36.24380623575491,36.24380623575491
7957,c,36.24380623575491,36.24380623575491
7958,t,36.24380623575491,36.24380623575491
7959,c,36.24380623575491,36.24380623575491
7960,t,36.24380623575491,36.24380623575491
7961,c,36.24380623575491,36.24380623575491
7962,c,36.24380623575491,36.24380623575491
7963,c,36.24380623575491,36.24380623575491
7964,t,36.24380623575491,36.24380623575491
7965,c,36.24380623575491,36.24380623575491
7966,c,36.24380623575491,36.24380623575491
7967,t,36.24380623575491,36.24380623575491
7968,t,36.24380623575491,36.24380623575491
7969,t,36.24380623575491,36.24380623575491
7970,t,36.24380623575491,36.24380623575491
7971,t,36.24380623575491,36.24380623575491
7972,c,36.24380623575491,36.24380623575491
7973,c,36.24380623575491,36.24380623575491
7974,c,36.24380623575491,36.24380623575491
7975,t,36.24380623575491,36.24380623575491
7976,t,36.24380623575491,36.24380623575491
7977,c,36.24380623575491,36.24380623575491
7978,c,36.24380623575491,36.24380623575491
7979,t,36.24380623575491,36.24380623575491
7980,c,36.24380623575491,36.24380623575491
7981,c,36.24380623575491,36.24380623575491
7982,t,36.24380623575491,36.24380623575491
7983,c,36.24380623575491,36.24380623575491
7984,c,36.24380623575491,36.24380623575491
7985,na,3.794544889606463,4.387648536358485
7986,c,36.24380623575491,36.24380623575491
7987,c,36.24380623575491,36.24380623575491
7988,t,36.24380623575491,36.24380623575491
7989,c,36.24380623575491,36.24380623575491
7990,c,36.24380623575491,36.24380623575491
7991,t,36.24380623575491,36.24380623575491
7992,t,36.24380623575491,36.24380623575491
7993,t,36.24380623575491,36.24380623575491
7994,c,36.24380623575491,36.24380623575491
7995,t,36.24380623575491,36.24380623575491
7996,t,36.24380623575491,36.24380623575491
7997,t,36.24380623575491,36.24380623575491
7998,t,36.24380623575491,36.24380623575491
7999,t,36.24380623575491,36.24380623575491
8000,t,36.24380623575491,36.24380623575491
8001,c,36.24380623575491,36.24380623575491
8002,t,36.24380623575491,36.24380623575491
8003,c,36.24380623575491,36.24380623575491
8004,t,36.24380623575491,36.24380623575491
8005,t,36.24380623575491,36.24380623575491
8006,c,36.24380623575491,36.24380623575491
8007,t,36.24380623575491,36.24380623575491
8008,t,36.24380623575491,36.24380623575491
8009,t,36.24380623575491,36.24380623575491
8010,t,36.24380623575491,36.24380623575491
8011,t,36.24380623575491,36.24380623575491
8012,t,36.24380623575491,36.24380623575491
8013,t,36.24380623575491,36.24380623575491
8014,c,36.24380623575491,36.24380623575491
8015,t,36.24380623575491,36.24380623575491
8016,t,36.24380623575491,36.24380623575491
8017,c,36.24380623575491,36.24380623575491
8018,c,36.24380623575491,36.24380623575491
8019,t,36.24380623575491,36.24380623575491
8020,t,36.24380623575491,36.24380623575491
8021,t,36.24380623575491,36.24380623575491
8022,t,36.24380623575491,36.24380623575491
8023,t,36.24380623575491,36.24380623575491
8024,t,36.24380623575491,36.24380623575491
8025,c,36.24380623575491,36.24380623575491
8026,t,36.24380623575491,36.24380623575491
8027,t,36.24380623575491,36.24380623575491
8028,t,36.24380623575491,36.24380623575491
8029,t,36.24380623575491,36.24380623575491
8030,t,36.24380623575491,36.24380623575491
8031,c,36.24380623575491,36.24380623575491
8032,c,36.24380623575491,36.24380623575491
8033,t,36.24380623575491,36.24380623575491
8034,t,36.24380623575491,36.24380623575491
8035,t,36.24380623575491,36.24380623575491
8036,c,36.24380623575491,36.24380623575491
8037,t,36.24380623575491,36.24380623575491
8038,t,36.24380623575491,36.24380623575491
8039,t,36.24380623575491,36.24380623575491
8040,c,36.24380623575491,36.24380623575491
8041,c,36.24380623575491,36.24380623575491
8042,c,36.24380623575491,36.24380623575491
8043,t,36.24380623575491,36.24380623575491
8044,c,36.24380623575491,36.24380623575491
8045,t,36.24380623575491,36.24380623575491
8046,c,36.24380623575491,36.24380623575491
8047,t,36.24380623575491,36.24380623575491
8048,t,36.24380623575491,36.24380623575491
8049,t,36.24380623575491,36.24380623575491
8050,t,36.24380623575491,36.24380623575491
8051,c,36.24380623575491,36.24380623575491
8052,t,36.24380623575491,36.24380623575491
8053,t,36.24380623575491,36.24380623575491
8054,t,36.24380623575491,36.24380623575491
8055,t,36.24380623575491,36.24380623575491
8056,t,36.24380623575491,36.24380623575491
8057,t,36.24380623575491,36.24380623575491
8058,t,36.24380623575491,36.24380623575491
8059,c,36.24380623575491,36.24380623575491
8060,t,36.24380623575491,36.24380623575491
8061,c,36.24380623575491,36.24380623575491
8062,c,36.24380623575491,36.24380623575491
8063,t,36.24380623575491,36.24380623575491
8064,t,36.24380623575491,36.24380623575491
8065,t,36.24380623575491,36.24380623575491
8066,t,36.24380623575491,36.24380623575491
8067,t,36.24380623575491,36.24380623575491
8068,t,36.24380623575491,36.24380623575491
8069,c,22.729734922330877,36.24380623575491
8070,c,36.24380623575491,36.24380623575491
8071,c,36.24380623575491,36.24380623575491
8072,t,36.24380623575491,36.24380623575491
8073,t,36.24380623575491,36.24380623575491
8074,t,36.24380623575491,36.24380623575491
8075,t,36.24380623575491,36.24380623575491
8076,t,36.24380623575491,36.24380623575491
8077,c,36.24380623575491,36.24380623575491
8078,c,36.24380623575491,36.24380623575491
8079,c,36.24380623575491,36.24380623575491
8080,t,36.24380623575491,36.24380623575491
8081,c,36.24380623575491,36.24380623575491
8082,c,36.24380623575491,36.24380623575491
8083,c,36.24380623575491,36.24380623575491
8084,t,36.24380623575491,36.24380623575491
8085,t,36.24380623575491,36.24380623575491
8086,c,36.24380623575491,36.24380623575491
8087,c,36.24380623575491,36.24380623575491
8088,t,36.24380623575491,36.24380623575491
8089,t,36.24380623575491,36.24380623575491
8090,c,36.24380623575491,36.24380623575491
8091,t,36.24380623575491,36.24380623575491
8092,c,36.24380623575491,36.24380623575491
8093,t,36.24380623575491,36.24380623575491
8094,t,36.24380623575491,36.24380623575491
8095,t,36.24380623575491,36.24380623575491
8096,t,36.24380623575491,36.24380623575491
8097,t,36.24380623575491,36.24380623575491
8098,c,36.24380623575491,36.24380623575491
8099,c,36.24380623575491,36.24380623575491
8100,t,36.24380623575491,36.24380623575491
8101,c,36.24380623575491,36.24380623575491
8102,t,36.24380623575491,36.24380623575491
8103,c,36.24380623575491,36.24380623575491
8104,t,36.24380623575491,36.24380623575491
8105,t,36.24380623575491,36.24380623575491
8106,t,36.24380623575491,36.24380623575491
8107,c,36.24380623575491,36.24380623575491
8108,c,36.24380623575491,36.24380623575491
8109,na,0,5.511089374455299
8110,t,36.24380623575491,36.24380623575491
8111,c,36.24380623575491,36.24380623575491
8112,t,36.24380623575491,36.24380623575491
8113,c,36.24380623575491,36.24380623575491
8114,t,36.24380623575491,36.24380623575491
8115,t,36.24380623575491,36.24380623575491
8116,t,36.24380623575491,36.24380623575491
8117,t,36.24380623575491,36.24380623575491
8118,c,36.24380623575491,36.24380623575491
8119,t,36.24380623575491,36.24380623575491
8120,t,36.24380623575491,36.24380623575491
8121,t,36.24380623575491,36.24380623575491
8122,t,36.24380623575491,36.24380623575491
8123,t,36.24380623575491,36.24380623575491
8124,c,36.24380623575491,36.24380623575491
8125,c,36.24380623575491,36.24380623575491
8126,c,36.24380623575491,36.24380623575491
8127,t,36.24380623575491,36.24380623575491
8128,c,36.24380623575491,36.24380623575491
8129,c,36.24380623575491,36.24380623575491
8130,t,36.24380623575491,36.24380623575491
8131,c,36.24380623575491,36.24380623575491
8132,c,36.24380623575491,36.24380623575491
8133,c,36.24380623575491,36.24380623575491
8134,c,36.24380623575491,36.24380623575491
8135,t,36.24380623575491,36.24380623575491
8136,c,36.24380623575491,36.24380623575491
8137,t,36.24380623575491,36.24380623575491
8138,t,36.24380623575491,36.24380623575491
8139,c,36.24380623575491,36.24380623575491
8140,c,36.24380623575491,36.24380623575491
8141,c,36.24380623575491,36.24380623575491
8142,t,36.24380623575491,36.24380623575491
8143,c,36.24380623575491,36.24380623575491
8144,c,36.24380623575491,36.24380623575491
8145,t,36.24380623575491,36.24380623575491
8146,t,36.24380623575491,36.24380623575491
8147,c,36.24380623575491,36.24380623575491
8148,t,36.24380623575491,36.24380623575491
8149,c,36.24380623575491,36.24380623575491
8150,t,36.24380623575491,36.24380623575491
8151,c,36.24380623575491,36.24380623575491
8152,c,36.24380623575491,36.24380623575491
8153,c,36.24380623575491,36.24380623575491
8154,t,36.24380623575491,36.24380623575491
8155,t,36.24380623575491,36.24380623575491
8156,t,36.24380623575491,36.24380623575491
8157,c,36.24380623575491,36.24380623575491
8158,t,36.24380623575491,36.24380623575491
8159,c,36.24380623575491,36.24380623575491
8160,t,36.24380623575491,36.24380623575491
8161,t,36.24380623575491,36.24380623575491
8162,t,36.24380623575491,36.24380623575491
8163,t,36.24380623575491,36.24380623575491
8164,t,36.24380623575491,36.24380623575491
8165,c,36.24380623575491,36.24380623575491
8166,t,36.24380623575491,36.24380623575491
8167,t,36.24380623575491,36.24380623575491
8168,c,36.24380623575491,36.24380623575491
8169,c,36.24380623575491,36.24380623575491
8170,t,36.24380623575491,36.24380623575491
8171,c,36.24380623575491,36.24380623575491
8172,t,36.24380623575491,36.24380623575491
8173,t,36.24380623575491,36.24380623575491
8174,t,36.24380623575491,36.24380623575491
8175,c,36.24380623575491,36.24380623575491
8176,t,36.24380623575491,36.24380623575491
8177,t,36.24380623575491,36.24380623575491
8178,c,15.461689647327924,19.6961837982553
8179,c,36.24380623575491,36.24380623575491
8180,c,36.24380623575491,36.24380623575491
8181,t,36.24380623575491,36.24380623575491
8182,c,36.24380623575491,36.24380623575491
8183,t,36.24380623575491,36.24380623575491
8184,t,36.24380623575491,36.24380623575491
8185,c,36.24380623575491,36.24380623575491
8186,t,36.24380623575491,36.24380623575491
8187,c,36.24380623575491,36.24380623575491
8188,c,36.24380623575491,36.24380623575491
8189,t,36.24380623575491,36.24380623575491
8190,c,36.24380623575491,36.24380623575491
8191,t,36.24380623575491,36.24380623575491
8192,c,36.24380623575491,36.24380623575491
8193,c,36.24380623575491,36.24380623575491
8194,t,36.24380623575491,36.24380623575491
8195,t,36.24380623575491,36.24380623575491
8196,t,36.24380623575491,36.24380623575491
8197,t,36.24380623575491,36.24380623575491
8198,c,36.24380623575491,36.24380623575491
8199,t,36.24380623575491,36.24380623575491
8200,c,36.24380623575491,36.24380623575491
8201,t,36.24380623575491,36.24380623575491
8202,t,36.24380623575491,36.24380623575491
8203,c,36.24380623575491,36.24380623575491
8204,t,36.24380623575491,36.24380623575491
8205,t,36.24380623575491,36.24380623575491
8206,t,36.24380623575491,36.24380623575491
8207,c,36.24380623575491,36.24380623575491
8208,c,36.24380623575491,36.24380623575491
8209,c,36.24380623575491,36.24380623575491
8210,t,36.24380623575491,36.24380623575491
8211,c,36.24380623575491,36.24380623575491
8212,t,36.24380623575491,36.24380623575491
8213,t,36.24380623575491,36.24380623575491
8214,c,36.24380623575491,36.24380623575491
8215,t,36.24380623575491,36.24380623575491
8216,c,36.24380623575491,36.24380623575491
8217,c,36.24380623575491,36.24380623575491
8218,t,36.24380623575491,36.24380623575491
8219,t,36.24380623575491,36.24380623575491
8220,t,36.24380623575491,36.24380623575491
8221,c,36.24380623575491,36.24380623575491
8222,t,36.24380623575491,36.24380623575491
8223,t,36.24380623575491,36.24380623575491
8224,c,36.24380623575491,36.24380623575491
8225,t,36.24380623575491,36.24380623575491
8226,c,36.24380623575491,36.24380623575491
8227,c,36.24380623575491,36.24380623575491
8228,t,36.24380623575491,36.24380623575491
8229,t,36.24380623575491,36.24380623575491
8230,c,36.24380623575491,36.24380623575491
8231,t,36.24380623575491,36.24380623575491
8232,c,36.24380623575491,36.24380623575491
8233,c,36.24380623575491,36.24380623575491
8234,t,36.24380623575491,36.24380623575491
8235,t,36.24380623575491,36.24380623575491
8236,t,36.24380623575491,36.24380623575491
8237,t,36.24380623575491,36.24380623575491
8238,t,36.24380623575491,36.24380623575491
8239,t,36.24380623575491,36.24380623575491
8240,c,36.24380623575491,36.24380623575491
8241,c,36.24380623575491,36.24380623575491
8242,c,36.24380623575491,36.24380623575491
8243,c,36.24380623575491,36.24380623575491
8244,c,36.24380623575491,36.24380623575491
8245,c,36.24380623575491,36.24380623575491
8246,c,21.938466488362,28.210218340485177
8247,t,36.24380623575491,36.24380623575491
8248,t,36.24380623575491,36.24380623575491
8249,t,36.24380623575491,36.24380623575491
8250,t,36.24380623575491,36.24380623575491
8251,c,36.24380623575491,36.24380623575491
8252,t,36.24380623575491,36.24380623575491
8253,t,36.24380623575491,36.24380623575491
8254,c,36.24380623575491,36.24380623575491
8255,c,36.24380623575491,36.24380623575491
8256,t,36.24380623575491,36.24380623575491
8257,c,36.24380623575491,36.24380623575491
8258,c,36.24380623575491,36.24380623575491
8259,t,36.24380623575491,36.24380623575491
8260,c,36.24380623575491,36.24380623575491
8261,t,36.24380623575491,36.24380623575491
8262,t,36.24380623575491,36.24380623575491
8263,t,36.24380623575491,36.24380623575491
8264,c,36.24380623575491,36.24380623575491
8265,c,36.24380623575491,36.24380623575491
8266,na,-1,0
8267,t,36.24380623575491,36.24380623575491
8268,c,36.24380623575491,36.24380623575491
8269,c,36.24380623575491,36.24380623575491
8270,t,36.24380623575491,36.24380623575491
8271,t,36.24380623575491,36.24380623575491
8272,c,36.24380623575491,36.24380623575491
8273,c,36.24380623575491,36.24380623575491
8274,c,36.24380623575491,36.24380623575491
8275,t,36.24380623575491,36.24380623575491
8276,c,36.24380623575491,36.24380623575491
8277,c,36.24380623575491,36.24380623575491
8278,t,36.24380623575491,36.24380623575491
8279,t,36.24380623575491,36.24380623575491
8280,c,36.24380623575491,36.24380623575491
8281,c,36.24380623575491,36.24380623575491
8282,c,36.24380623575491,36.24380623575491
8283,t,36.24380623575491,36.24380623575491
8284,c,36.24380623575491,36.24380623575491
8285,t,36.24380623575491,36.24380623575491
8286,t,36.24380623575491,36.24380623575491
8287,t,36.24380623575491,36.24380623575491
8288,c,36.24380623575491,36.24380623575491
8289,t,36.24380623575491,36.24380623575491
8290,t,36.24380623575491,36.24380623575491
8291,t,36.24380623575491,36.24380623575491
8292,t,36.24380623575491,36.24380623575491
8293,t,36.24380623575491,36.24380623575491
8294,t,36.24380623575491,36.24380623575491
8295,c,36.24380623575491,36.24380623575491
8296,c,36.24380623575491,36.24380623575491
8297,c,36.24380623575491,36.24380623575491
8298,t,36.24380623575491,36.24380623575491
8299,c,36.24380623575491,36.24380623575491
8300,t,36.24380623575491,36.24380623575491
8301,c,36.24380623575491,36.24380623575491
8302,t,36.24380623575491,36.24380623575491
8303,t,36.24380623575491,36.24380623575491
8304,t,36.24380623575491,36.24380623575491
8305,c,36.24380623575491,36.24380623575491
8306,t,36.24380623575491,36.24380623575491
8307,t,36.24380623575491,36.24380623575491
8308,t,36.24380623575491,36.24380623575491
8309,t,36.24380623575491,36.24380623575491
8310,c,36.24380623575491,36.24380623575491
8311,c,36.24380623575491,36.24380623575491
8312,t,36.24380623575491,36.24380623575491
8313,c,36.24380623575491,36.24380623575491
8314,t,36.24380623575491,36.24380623575491
8315,t,36.24380623575491,36.24380623575491
8316,t,36.24380623575491,36.24380623575491
8317,t,36.24380623575491,36.24380623575491
8318,t,36.24380623575491,36.24380623575491
8319,c,36.24380623575491,36.24380623575491
8320,t,36.24380623575491,36.24380623575491
8321,c,36.24380623575491,36.24380623575491
8322,t,36.24380623575491,36.24380623575491
8323,t,36.24380623575491,36.24380623575491
8324,t,36.24380623575491,36.24380623575491
8325,t,36.24380623575491,36.24380623575491
8326,c,36.24380623575491,36.24380623575491
8327,c,36.24380623575491,36.24380623575491
8328,t,36.24380623575491,36.24380623575491
8329,c,36.24380623575491,36.24380623575491
8330,t,36.24380623575491,36.24380623575491
8331,t,36.24380623575491,36.24380623575491
8332,c,36.24380623575491,36.24380623575491
8333,c,36.24380623575491,36.24380623575491
8334,t,36.24380623575491,36.24380623575491
8335,c,36.24380623575491,36.24380623575491
8336,c,36.24380623575491,36.24380623575491
8337,c,36.24380623575491,36.24380623575491
8338,t,36.24380623575491,36.24380623575491
8339,t,36.24380623575491,36.24380623575491
8340,t,36.24380623575491,36.24380623575491
8341,t,36.24380623575491,36.24380623575491
8342,t,36.24380623575491,36.24380623575491
8343,c,36.24380623575491,36.24380623575491
8344,t,36.24380623575491,36.24380623575491
8345,t,36.24380623575491,36.24380623575491
8346,c,36.24380623575491,36.24380623575491
8347,c,36.24380623575491,36.24380623575491
8348,t,36.24380623575491,36.24380623575491
8349,t,36.24380623575491,36.24380623575491
8350,t,36.24380623575491,36.24380623575491
8351,t,36.24380623575491,36.24380623575491
8352,c,36.24380623575491,36.24380623575491
8353,t,36.24380623575491,36.24380623575491
8354,c,36.24380623575491,36.24380623575491
8355,c,36.24380623575491,36.24380623575491
8356,na,0,0.4127534922487588
8357,t,36.24380623575491,36.24380623575491
8358,t,36.24380623575491,36.24380623575491
8359,t,36.24380623575491,36.24380623575491
8360,t,36.24380623575491,36.24380623575491
8361,c,36.24380623575491,36.24380623575491
8362,c,36.24380623575491,36.24380623575491
8363,c,36.24380623575491,36.24380623575491
8364,t,36.24380623575491,36.24380623575491
8365,t,36.24380623575491,36.24380623575491
8366,c,36.24380623575491,36.24380623575491
8367,c,36.24380623575491,36.24380623575491
8368,t,36.24380623575491,36.24380623575491
8369,c,36.24380623575491,36.24380623575491
8370,t,36.24380623575491,36.24380623575491
8371,c,36.24380623575491,36.24380623575491
8372,c,36.24380623575491,36.24380623575491
8373,t,36.24380623575491,36.24380623575491
8374,c,36.24380623575491,36.24380623575491
8375,c,36.24380623575491,36.24380623575491
8376,t,36.24380623575491,36.24380623575491
8377,c,36.24380623575491,36.24380623575491
8378,c,36.24380623575491,36.24380623575491
8379,t,36.24380623575491,36.24380623575491
8380,c,36.24380623575491,36.24380623575491
8381,c,36.24380623575491,36.24380623575491
8382,t,36.24380623575491,36.24380623575491
8383,t,36.24380623575491,36.24380623575491
8384,c,36.24380623575491,36.24380623575491
8385,c,36.24380623575491,36.24380623575491
8386,c,36.24380623575491,36.24380623575491
8387,t,36.24380623575491,36.24380623575491
8388,c,36.24380623575491,36.24380623575491
8389,c,36.24380623575491,36.24380623575491
8390,t,36.24380623575491,36.24380623575491
8391,c,36.24380623575491,36.24380623575491
8392,c,36.24380623575491,36.24380623575491
8393,c,36.24380623575491,36.24380623575491
8394,t,36.24380623575491,36.24380623575491
8395,t,36.24380623575491,36.24380623575491
8396,c,36.24380623575491,36.24380623575491
8397,c,36.24380623575491,36.24380623575491
8398,t,36.24380623575491,36.24380623575491
8399,t,36.24380623575491,36.24380623575491
8400,t,36.24380623575491,36.24380623575491
8401,c,36.24380623575491,36.24380623575491
8402,c,36.24380623575491,36.24380623575491
8403,t,36.24380623575491,36.24380623575491
8404,c,36.24380623575491,36.24380623575491
8405,c,36.24380623575491,36.24380623575491
8406,t,36.24380623575491,36.24380623575491
8407,c,36.24380623575491,36.24380623575491
8408,c,36.24380623575491,36.24380623575491
8409,t,36.24380623575491,36.24380623575491
8410,t,36.24380623575491,36.24380623575491
8411,c,36.24380623575491,36.24380623575491
8412,t,36.24380623575491,36.24380623575491
8413,c,36.24380623575491,36.24380623575491
8414,t,36.24380623575491,36.24380623575491
8415,c,36.24380623575491,36.24380623575491
8416,t,36.24380623575491,36.24380623575491
8417,c,36.24380623575491,36.24380623575491
8418,c,36.24380623575491,36.24380623575491
8419,c,36.24380623575491,36.24380623575491
8420,c,36.24380623575491,36.24380623575491
8421,t,36.24380623575491,36.24380623575491
8422,t,36.24380623575491,36.24380623575491
8423,c,36.24380623575491,36.24380623575491
8424,t,36.24380623575491,36.24380623575491
8425,c,36.24380623575491,36.24380623575491
8426,c,36.24380623575491,36.24380623575491
8427,c,36.24380623575491,36.24380623575491
8428,c,36.24380623575491,36.24380623575491
8429,t,36.24380623575491,36.24380623575491
8430,t,36.24380623575491,36.24380623575491
8431,c,36.24380623575491,36.24380623575491
8432,t,36.24380623575491,36.24380623575491
8433,c,36.24380623575491,36.24380623575491
8434,c,36.24380623575491,36.24380623575491
8435,t,36.24380623575491,36.24380623575491
8436,t,36.24380623575491,36.24380623575491
8437,t,36.24380623575491,36.24380623575491
8438,c,36.24380623575491,36.24380623575491
8439,t,36.24380623575491,36.24380623575491
8440,c,36.24380623575491,36.24380623575491
8441,t,36.24380623575491,36.24380623575491
8442,t,36.24380623575491,36.24380623575491
8443,c,36.24380623575491,36.24380623575491
8444,t,36.24380623575491,36.24380623575491
8445,t,36.24380623575491,36.24380623575491
8446,t,36.24380623575491,36.24380623575491
8447,t,36.24380623575491,36.24380623575491
8448,t,36.24380623575491,36.24380623575491
8449,c,36.24380623575491,36.24380623575491
8450,c,36.24380623575491,36.24380623575491
8451,t,36.24380623575491,36.24380623575491
8452,c,36.24380623575491,36.24380623575491
8453,t,36.24380623575491,36.24380623575491
8454,t,36.24380623575491,36.24380623575491
8455,t,36.24380623575491,36.24380623575491
8456,t,36.24380623575491,36.24380623575491
8457,c,36.24380623575491,36.24380623575491
8458,t,36.24380623575491,36.24380623575491
8459,t,36.24380623575491,36.24380623575491
8460,t,36.24380623575491,36.24380623575491
8461,c,36.24380623575491,36.24380623575491
8462,t,36.24380623575491,36.24380623575491
8463,t,36.24380623575491,36.24380623575491
8464,t,36.24380623575491,36.24380623575491
8465,c,36.24380623575491,36.24380623575491
8466,t,36.24380623575491,36.24380623575491
8467,c,36.24380623575491,36.24380623575491
8468,t,36.24380623575491,36.24380623575491
8469,t,36.24380623575491,36.24380623575491
8470,c,36.24380623575491,36.24380623575491
8471,t,36.24380623575491,36.24380623575491
8472,c,36.24380623575491,36.24380623575491
8473,t,36.24380623575491,36.24380623575491
8474,c,36.24380623575491,36.24380623575491
8475,c,36.24380623575491,36.24380623575491
8476,c,36.24380623575491,36.24380623575491
8477,c,36.24380623575491,36.24380623575491
8478,c,36.24380623575491,36.24380623575491
8479,c,36.24380623575491,36.24380623575491
8480,c,36.24380623575491,36.24380623575491
8481,c,36.24380623575491,36.24380623575491
8482,c,36.24380623575491,36.24380623575491
8483,c,36.24380623575491,36.24380623575491
8484,t,36.24380623575491,36.24380623575491
8485,c,36.24380623575491,36.24380623575491
8486,c,36.24380623575491,36.24380623575491
8487,c,36.24380623575491,36.24380623575491
8488,c,36.24380623575491,36.24380623575491
8489,c,36.24380623575491,36.24380623575491
8490,c,36.24380623575491,36.24380623575491
8491,c,36.24380623575491,36.24380623575491
8492,c,36.24380623575491,36.24380623575491
8493,c,36.24380623575491,36.24380623575491
8494,c,36.24380623575491,36.24380623575491
8495,c,36.24380623575491,36.24380623575491
8496,t,36.24380623575491,36.24380623575491
8497,c,36.24380623575491,36.24380623575491
8498,c,36.24380623575491,36.24380623575491
8499,t,36.24380623575491,36.24380623575491
8500,c,36.24380623575491,36.24380623575491
8501,c,36.24380623575491,36.24380623575491
8502,c,36.24380623575491,36.24380623575491
8503,c,36.24380623575491,36.24380623575491
8504,t,36.24380623575491,36.24380623575491
8505,c,36.24380623575491,36.24380623575491
8506,c,36.24380623575491,36.24380623575491
8507,c,36.24380623575491,36.24380623575491
8508,c,36.24380623575491,36.24380623575491
8509,c,36.24380623575491,36.24380623575491
8510,t,36.24380623575491,36.24380623575491
8511,c,36.24380623575491,36.24380623575491
8512,c,36.24380623575491,36.24380623575491
8513,t,36.24380623575491,36.24380623575491
8514,t,36.24380623575491,36.24380623575491
8515,c,36.24380623575491,36.24380623575491
8516,c,36.24380623575491,36.24380623575491
8517,c,36.24380623575491,36.24380623575491
8518,c,36.24380623575491,36.24380623575491
8519,t,36.24380623575491,36.24380623575491
8520,t,36.24380623575491,36.24380623575491
8521,c,36.24380623575491,36.24380623575491
8522,c,36.24380623575491,36.24380623575491
8523,c,36.24380623575491,36.24380623575491
8524,t,36.24380623575491,36.24380623575491
8525,t,36.24380623575491,36.24380623575491
8526,t,36.24380623575491,36.24380623575491
8527,t,36.24380623575491,36.24380623575491
8528,t,36.24380623575491,36.24380623575491
8529,c,36.24380623575491,36.24380623575491
8530,c,36.24380623575491,36.24380623575491
8531,c,36.24380623575491,36.24380623575491
8532,c,36.24380623575491,36.24380623575491
8533,c,36.24380623575491,36.24380623575491
8534,c,36.24380623575491,36.24380623575491
8535,t,36.24380623575491,36.24380623575491
8536,t,36.24380623575491,36.24380623575491
8537,t,36.24380623575491,36.24380623575491
8538,t,36.24380623575491,36.24380623575491
8539,c,36.24380623575491,36.24380623575491
8540,c,36.24380623575491,36.24380623575491
8541,na,5.133564613053305,6.655875607208254
8542,c,36.24380623575491,36.24380623575491
8543,c,36.24380623575491,36.24380623575491
8544,t,36.24380623575491,36.24380623575491
8545,c,36.24380623575491,36.24380623575491
8546,t,36.24380623575491,36.24380623575491
8547,c,36.24380623575491,36.24380623575491
8548,c,36.24380623575491,36.24380623575491
8549,t,36.24380623575491,36.24380623575491
8550,t,36.24380623575491,36.24380623575491
8551,t,36.24380623575491,36.24380623575491
8552,c,36.24380623575491,36.24380623575491
8553,c,36.24380623575491,36.24380623575491
8554,c,36.24380623575491,36.24380623575491
8555,c,36.24380623575491,36.24380623575491
8556,c,36.24380623575491,36.24380623575491
8557,t,36.24380623575491,36.24380623575491
8558,t,36.24380623575491,36.24380623575491
8559,t,36.24380623575491,36.24380623575491
8560,t,36.24380623575491,36.24380623575491
8561,c,36.24380623575491,36.24380623575491
8562,c,36.24380623575491,36.24380623575491
8563,c,36.24380623575491,36.24380623575491
8564,c,36.24380623575491,36.24380623575491
8565,c,36.24380623575491,36.24380623575491
8566,c,36.24380623575491,36.24380623575491
8567,c,36.24380623575491,36.24380623575491
8568,t,36.24380623575491,36.24380623575491
8569,t,36.24380623575491,36.24380623575491
8570,c,36.24380623575491,36.24380623575491
8571,t,36.24380623575491,36.24380623575491
8572,t,36.24380623575491,36.24380623575491
8573,c,36.24380623575491,36.24380623575491
8574,t,36.24380623575491,36.24380623575491
8575,c,36.24380623575491,36.24380623575491
8576,t,36.24380623575491,36.24380623575491
8577,c,36.24380623575491,36.24380623575491
8578,t,36.24380623575491,36.24380623575491
8579,c,36.24380623575491,36.24380623575491
8580,c,36.24380623575491,36.24380623575491
8581,c,36.24380623575491,36.24380623575491
8582,t,36.24380623575491,36.24380623575491
8583,t,36.24380623575491,36.24380623575491
8584,t,36.24380623575491,36.24380623575491
8585,t,36.24380623575491,36.24380623575491
8586,c,36.24380623575491,36.24380623575491
8587,c,36.24380623575491,36.24380623575491
8588,c,36.24380623575491,36.24380623575491
8589,c,36.24380623575491,36.24380623575491
8590,c,36.24380623575491,36.24380623575491
8591,c,36.24380623575491,36.24380623575491
8592,c,36.24380623575491,36.24380623575491
8593,c,36.24380623575491,36.24380623575491
8594,c,36.24380623575491,36.24380623575491
8595,t,36.24380623575491,36.24380623575491
8596,c,36.24380623575491,36.24380623575491
8597,t,36.24380623575491,36.24380623575491
8598,c,36.24380623575491,36.24380623575491
8599,c,36.24380623575491,36.24380623575491
8600,t,36.24380623575491,36.24380623575491
8601,c,36.24380623575491,36.24380623575491
8602,t,36.24380623575491,36.24380623575491
8603,c,36.24380623575491,36.24380623575491
8604,c,36.24380623575491,36.24380623575491
8605,t,36.24380623575491,36.24380623575491
8606,t,36.24380623575491,36.24380623575491
8607,c,36.24380623575491,36.24380623575491
8608,c,36.24380623575491,36.24380623575491
8609,t,36.24380623575491,36.24380623575491
8610,c,36.24380623575491,36.24380623575491
8611,c,15.044489084118798,36.24380623575491
8612,t,36.24380623575491,36.24380623575491
8613,t,36.24380623575491,36.24380623575491
8614,c,36.24380623575491,36.24380623575491
8615,t,36.24380623575491,36.24380623575491
8616,c,36.24380623575491,36.24380623575491
8617,c,36.24380623575491,36.24380623575491
8618,t,36.24380623575491,36.24380623575491
8619,t,36.24380623575491,36.24380623575491
8620,c,36.24380623575491,36.24380623575491
8621,t,36.24380623575491,36.24380623575491
8622,c,36.24380623575491,36.24380623575491
8623,t,36.24380623575491,36.24380623575491
8624,t,36.24380623575491,36.24380623575491
8625,t,36.24380623575491,36.24380623575491
8626,t,36.24380623575491,36.24380623575491
8627,t,36.24380623575491,36.24380623575491
8628,t,36.24380623575491,36.24380623575491
8629,c,36.24380623575491,36.24380623575491
8630,c,9.058058785360178,36.24380623575491
8631,c,36.24380623575491,36.24380623575491
8632,t,36.24380623575491,36.24380623575491
8633,na,4.782796851282817,10.193822225403293
8634,t,36.24380623575491,36.24380623575491
8635,c,36.24380623575491,36.24380623575491
8636,t,36.24380623575491,36.24380623575491
8637,t,36.24380623575491,36.24380623575491
8638,c,36.24380623575491,36.24380623575491
8639,t,36.24380623575491,36.24380623575491
8640,t,36.24380623575491,36.24380623575491
8641,t,36.24380623575491,36.24380623575491
8642,t,36.24380623575491,36.24380623575491
8643,t,36.24380623575491,36.24380623575491
8644,c,36.24380623575491,36.24380623575491
8645,t,36.24380623575491,36.24380623575491
8646,t,36.24380623575491,36.24380623575491
8647,t,36.24380623575491,36.24380623575491
8648,t,36.24380623575491,36.24380623575491
8649,c,36.24380623575491,36.24380623575491
8650,c,36.24380623575491,36.24380623575491
8651,c,36.24380623575491,36.24380623575491
8652,c,36.24380623575491,36.24380623575491
8653,c,36.24380623575491,36.24380623575491
8654,c,36.24380623575491,36.24380623575491
8655,t,36.24380623575491,36.24380623575491
8656,c,36.24380623575491,36.24380623575491
8657,t,36.24380623575491,36.24380623575491
8658,t,36.24380623575491,36.24380623575491
8659,c,36.24380623575491,36.24380623575491
8660,t,36.24380623575491,36.24380623575491
8661,c,36.24380623575491,36.24380623575491
8662,t,36.24380623575491,36.24380623575491
8663,t,36.24380623575491,36.24380623575491
8664,c,36.24380623575491,36.24380623575491
8665,t,36.24380623575491,36.24380623575491
8666,c,36.24380623575491,36.24380623575491
8667,c,36.24380623575491,36.24380623575491
8668,t,36.24380623575491,36.24380623575491
8669,c,36.24380623575491,36.24380623575491
8670,c,36.24380623575491,36.24380623575491
8671,t,36.24380623575491,36.24380623575491
8672,c,36.24380623575491,36.24380623575491
8673,t,36.24380623575491,36.24380623575491
8674,na,0,36.24380623575491
8675,t,36.24380623575491,36.24380623575491
8676,c,36.24380623575491,36.24380623575491
8677,t,36.24380623575491,36.24380623575491
8678,c,36.24380623575491,36.24380623575491
8679,c,36.24380623575491,36.24380623575491
8680,c,36.24380623575491,36.24380623575491
8681,c,36.24380623575491,36.24380623575491
8682,c,36.24380623575491,36.24380623575491
8683,t,36.24380623575491,36.24380623575491
8684,t,36.24380623575491,36.24380623575491
8685,t,36.24380623575491,36.24380623575491
8686,c,36.24380623575491,36.24380623575491
8687,c,36.24380623575491,36.24380623575491
8688,c,36.24380623575491,36.24380623575491
8689,t,36.24380623575491,36.24380623575491
8690,c,36.24380623575491,36.24380623575491
8691,t,36.24380623575491,36.24380623575491
8692,t,36.24380623575491,36.24380623575491
8693,c,36.24380623575491,36.24380623575491
8694,t,36.24380623575491,36.24380623575491
8695,t,36.24380623575491,36.24380623575491
8696,c,36.24380623575491,36.24380623575491
8697,c,36.24380623575491,36.24380623575491
8698,c,36.24380623575491,36.24380623575491
8699,c,36.24380623575491,36.24380623575491
8700,t,36.24380623575491,36.24380623575491
8701,t,36.24380623575491,36.24380623575491
8702,t,36.24380623575491,36.24380623575491
8703,c,36.24380623575491,36.24380623575491
8704,c,36.24380623575491,36.24380623575491
8705,c,36.24380623575491,36.24380623575491
8706,c,36.24380623575491,36.24380623575491
8707,c,36.24380623575491,36.24380623575491
8708,t,36.24380623575491,36.24380623575491
8709,c,36.24380623575491,36.24380623575491
8710,t,36.24380623575491,36.24380623575491
8711,t,36.24380623575491,36.24380623575491
8712,c,36.24380623575491,36.24380623575491
8713,t,36.24380623575491,36.24380623575491
8714,t,36.24380623575491,36.24380623575491
8715,t,36.24380623575491,36.24380623575491
8716,c,36.24380623575491,36.24380623575491
8717,t,36.24380623575491,36.24380623575491
8718,t,36.24380623575491,36.24380623575491
8719,t,36.24380623575491,36.24380623575491
8720,c,36.24380623575491,36.24380623575491
8721,c,36.24380623575491,36.24380623575491
8722,t,36.24380623575491,36.24380623575491
8723,c,36.24380623575491,36.24380623575491
8724,t,36.24380623575491,36.24380623575491
8725,c,36.24380623575491,36.24380623575491
8726,t,36.24380623575491,36.24380623575491
8727,t,36.24380623575491,36.24380623575491
8728,t,36.24380623575491,36.24380623575491
8729,t,36.24380623575491,36.24380623575491
8730,c,36.24380623575491,36.24380623575491
8731,c,36.24380623575491,36.24380623575491
8732,c,36.24380623575491,36.24380623575491
8733,c,36.24380623575491,36.24380623575491
8734,t,36.24380623575491,36.24380623575491
8735,t,36.24380623575491,36.24380623575491
8736,c,36.24380623575491,36.24380623575491
8737,t,36.24380623575491,36.24380623575491
8738,c,36.24380623575491,36.24380623575491
8739,t,36.24380623575491,36.24380623575491
8740,t,36.24380623575491,36.24380623575491
8741,c,36.24380623575491,36.24380623575491
8742,c,36.24380623575491,36.24380623575491
8743,t,36.24380623575491,36.24380623575491
8744,t,36.24380623575491,36.24380623575491
8745,t,36.24380623575491,36.24380623575491
8746,t,36.24380623575491,36.24380623575491
8747,t,36.24380623575491,36.24380623575491
8748,t,36.24380623575491,36.24380623575491
8749,c,36.24380623575491,36.24380623575491
8750,t,36.24380623575491,36.24380623575491
8751,c,36.24380623575491,36.24380623575491
8752,t,36.24380623575491,36.24380623575491
8753,c,36.24380623575491,36.24380623575491
8754,c,36.24380623575491,36.24380623575491
8755,c,36.24380623575491,36.24380623575491
8756,t,36.24380623575491,36.24380623575491
8757,c,36.24380623575491,36.24380623575491
8758,t,36.24380623575491,36.24380623575491
8759,c,36.24380623575491,36.24380623575491
8760,t,36.24380623575491,36.24380623575491
8761,c,36.24380623575491,36.24380623575491
8762,c,36.24380623575491,36.24380623575491
8763,t,36.24380623575491,36.24380623575491
8764,c,36.24380623575491,36.24380623575491
8765,t,36.24380623575491,36.24380623575491
8766,t,36.24380623575491,36.24380623575491
8767,t,36.24380623575491,36.24380623575491
8768,c,36.24380623575491,36.24380623575491
8769,t,36.24380623575491,36.24380623575491
8770,t,36.24380623575491,36.24380623575491
8771,c,36.24380623575491,36.24380623575491
8772,c,36.24380623575491,36.24380623575491
8773,t,36.24380623575491,36.24380623575491
8774,t,36.24380623575491,36.24380623575491
8775,c,36.24380623575491,36.24380623575491
8776,t,36.24380623575491,36.24380623575491
8777,t,36.24380623575491,36.24380623575491
8778,t,36.24380623575491,36.24380623575491
8779,c,36.24380623575491,36.24380623575491
8780,t,36.24380623575491,36.24380623575491
8781,c,36.24380623575491,36.24380623575491
8782,t,36.24380623575491,36.24380623575491
8783,t,36.24380623575491,36.24380623575491
8784,t,36.24380623575491,36.24380623575491
8785,c,36.24380623575491,36.24380623575491
8786,c,36.24380623575491,36.24380623575491
8787,c,36.24380623575491,36.24380623575491
8788,c,36.24380623575491,36.24380623575491
8789,t,36.24380623575491,36.24380623575491
8790,c,36.24380623575491,36.24380623575491
8791,c,36.24380623575491,36.24380623575491
8792,c,36.24380623575491,36.24380623575491
8793,t,36.24380623575491,36.24380623575491
8794,c,36.24380623575491,36.24380623575491
8795,c,36.24380623575491,36.24380623575491
8796,c,36.24380623575491,36.24380623575491
8797,t,36.24380623575491,36.24380623575491
8798,c,36.24380623575491,36.24380623575491
8799,t,36.24380623575491,36.24380623575491
8800,c,36.24380623575491,36.24380623575491
8801,c,36.24380623575491,36.24380623575491
8802,c,36.24380623575491,36.24380623575491
8803,c,36.24380623575491,36.24380623575491
8804,t,36.24380623575491,36.24380623575491
8805,t,36.24380623575491,36.24380623575491
8806,t,36.24380623575491,36.24380623575491
8807,t,36.24380623575491,36.24380623575491
8808,t,36.24380623575491,36.24380623575491
8809,t,36.24380623575491,36.24380623575491
8810,t,36.24380623575491,36.24380623575491
8811,t,36.24380623575491,36.24380623575491
8812,t,36.24380623575491,36.24380623575491
8813,c,36.24380623575491,36.24380623575491
8814,c,36.24380623575491,36.24380623575491
8815,t,36.24380623575491,36.24380623575491
8816,na,-1,0
8817,c,36.24380623575491,36.24380623575491
8818,c,36.24380623575491,36.24380623575491
8819,t,36.24380623575491,36.24380623575491
8820,c,36.24380623575491,36.24380623575491
8821,t,36.24380623575491,36.24380623575491
8822,t,36.24380623575491,36.24380623575491
8823,t,36.24380623575491,36.24380623575491
8824,t,36.24380623575491,36.24380623575491
8825,c,36.24380623575491,36.24380623575491
8826,c,36.24380623575491,36.24380623575491
8827,c,36.24380623575491,36.24380623575491
8828,c,36.24380623575491,36.24380623575491
8829,t,36.24380623575491,36.24380623575491
8830,c,36.24380623575491,36.24380623575491
8831,t,36.24380623575491,36.24380623575491
8832,t,36.24380623575491,36.24380623575491
8833,t,36.24380623575491,36.24380623575491
8834,c,36.24380623575491,36.24380623575491
8835,c,36.24380623575491,36.24380623575491
8836,t,36.24380623575491,36.24380623575491
8837,t,36.24380623575491,36.24380623575491
8838,c,36.24380623575491,36.24380623575491
8839,t,36.24380623575491,36.24380623575491
8840,c,36.24380623575491,36.24380623575491
8841,c,36.24380623575491,36.24380623575491
8842,c,36.24380623575491,36.24380623575491
8843,t,36.24380623575491,36.24380623575491
8844,c,36.24380623575491,36.24380623575491
8845,c,36.24380623575491,36.24380623575491
8846,t,36.24380623575491,36.24380623575491
8847,t,36.24380623575491,36.24380623575491
8848,c,36.24380623575491,36.24380623575491
8849,t,36.24380623575491,36.24380623575491
8850,c,36.24380623575491,36.24380623575491
8851,t,36.24380623575491,36.24380623575491
8852,t,36.24380623575491,36.24380623575491
8853,t,36.24380623575491,36.24380623575491
8854,c,36.24380623575491,36.24380623575491
8855,t,36.24380623575491,36.24380623575491
8856,t,36.24380623575491,36.24380623575491
8857,c,36.24380623575491,36.24380623575491
8858,c,36.24380623575491,36.24380623575491
8859,t,36.24380623575491,36.24380623575491
8860,t,36.24380623575491,36.24380623575491
8861,c,36.24380623575491,36.24380623575491
8862,t,36.24380623575491,36.24380623575491
8863,c,36.24380623575491,36.24380623575491
8864,t,36.24380623575491,36.24380623575491
8865,t,36.24380623575491,36.24380623575491
8866,c,36.24380623575491,36.24380623575491
8867,c,36.24380623575491,36.24380623575491
8868,t,36.24380623575491,36.24380623575491
8869,c,36.24380623575491,36.24380623575491
8870,c,36.24380623575491,36.24380623575491
8871,t,36.24380623575491,36.24380623575491
8872,t,36.24380623575491,36.24380623575491
8873,t,36.24380623575491,36.24380623575491
8874,c,36.24380623575491,36.24380623575491
8875,t,36.24380623575491,36.24380623575491
8876,c,36.24380623575491,36.24380623575491
8877,c,36.24380623575491,36.24380623575491
8878,t,36.24380623575491,36.24380623575491
8879,t,36.24380623575491,36.24380623575491
8880,t,36.24380623575491,36.24380623575491
8881,t,36.24380623575491,36.24380623575491
8882,c,36.24380623575491,36.24380623575491
8883,t,36.24380623575491,36.24380623575491
8884,c,36.24380623575491,36.24380623575491
8885,t,36.24380623575491,36.24380623575491
8886,c,36.24380623575491,36.24380623575491
8887,c,36.24380623575491,36.24380623575491
8888,c,36.24380623575491,36.24380623575491
8889,c,36.24380623575491,36.24380623575491
8890,c,36.24380623575491,36.24380623575491
8891,t,36.24380623575491,36.24380623575491
8892,c,36.24380623575491,36.24380623575491
8893,t,36.24380623575491,36.24380623575491
8894,c,36.24380623575491,36.24380623575491
8895,t,36.24380623575491,36.24380623575491
8896,c,36.24380623575491,36.24380623575491
8897,c,36.24380623575491,36.24380623575491
8898,c,36.24380623575491,36.24380623575491
8899,t,36.24380623575491,36.24380623575491
8900,t,36.24380623575491,36.24380623575491
8901,c,36.24380623575491,36.24380623575491
8902,c,36.24380623575491,36.24380623575491
8903,c,36.24380623575491,36.24380623575491
8904,c,36.24380623575491,36.24380623575491
8905,c,36.24380623575491,36.24380623575491
8906,c,36.24380623575491,36.24380623575491
8907,c,36.24380623575491,36.24380623575491
8908,t,36.24380623575491,36.24380623575491
8909,c,36.24380623575491,36.24380623575491
8910,t,36.24380623575491,36.24380623575491
8911,c,36.24380623575491,36.24380623575491
8912,t,36.24380623575491,36.24380623575491
8913,c,36.24380623575491,36.24380623575491
8914,t,36.24380623575491,36.24380623575491
8915,t,36.24380623575491,36.24380623575491
8916,t,36.24380623575491,36.24380623575491
8917,t,36.24380623575491,36.24380623575491
8918,t,36.24380623575491,36.24380623575491
8919,t,36.24380623575491,36.24380623575491
8920,t,36.24380623575491,36.24380623575491
8921,t,36.24380623575491,36.24380623575491
8922,t,36.24380623575491,36.24380623575491
8923,c,36.24380623575491,36.24380623575491
8924,c,36.24380623575491,36.24380623575491
8925,c,36.24380623575491,36.24380623575491
8926,c,36.24380623575491,36.24380623575491
8927,t,36.24380623575491,36.24380623575491
8928,c,36.24380623575491,36.24380623575491
8929,c,36.24380623575491,36.24380623575491
8930,c,36.24380623575491,36.24380623575491
8931,c,36.24380623575491,36.24380623575491
8932,t,36.24380623575491,36.24380623575491
8933,t,36.24380623575491,36.24380623575491
8934,t,36.24380623575491,36.24380623575491
8935,t,36.24380623575491,36.24380623575491
8936,c,36.24380623575491,36.24380623575491
8937,c,36.24380623575491,36.24380623575491
8938,c,36.24380623575491,36.24380623575491
8939,t,36.24380623575491,36.24380623575491
8940,t,36.24380623575491,36.24380623575491
8941,t,36.24380623575491,36.24380623575491
8942,t,36.24380623575491,36.24380623575491
8943,c,36.24380623575491,36.24380623575491
8944,c,36.24380623575491,36.24380623575491
8945,t,36.24380623575491,36.24380623575491
8946,t,36.24380623575491,36.24380623575491
8947,t,36.24380623575491,36.24380623575491
8948,c,36.24380623575491,36.24380623575491
8949,t,36.24380623575491,36.24380623575491
8950,c,36.24380623575491,36.24380623575491
8951,t,36.24380623575491,36.24380623575491
8952,c,36.24380623575491,36.24380623575491
8953,c,36.24380623575491,36.24380623575491
8954,c,36.24380623575491,36.24380623575491
8955,c,36.24380623575491,36.24380623575491
8956,c,36.24380623575491,36.24380623575491
8957,t,36.24380623575491,36.24380623575491
8958,c,36.24380623575491,36.24380623575491
8959,t,36.24380623575491,36.24380623575491
8960,t,36.24380623575491,36.24380623575491
8961,c,36.24380623575491,36.24380623575491
8962,c,36.24380623575491,36.24380623575491
8963,t,36.24380623575491,36.24380623575491
8964,t,36.24380623575491,36.24380623575491
8965,t,36.24380623575491,36.24380623575491
8966,c,36.24380623575491,36.24380623575491
8967,c,36.24380623575491,36.24380623575491
8968,c,36.24380623575491,36.24380623575491
8969,t,36.24380623575491,36.24380623575491
8970,c,36.24380623575491,36.24380623575491
8971,t,36.24380623575491,36.24380623575491
8972,t,36.24380623575491,36.24380623575491
8973,t,36.24380623575491,36.24380623575491
8974,c,36.24380623575491,36.24380623575491
8975,t,36.24380623575491,36.24380623575491
8976,c,36.24380623575491,36.24380623575491
8977,c,36.24380623575491,36.24380623575491
8978,t,36.24380623575491,36.24380623575491
8979,t,36.24380623575491,36.24380623575491
8980,t,36.24380623575491,36.24380623575491
8981,c,36.24380623575491,36.24380623575491
8982,c,36.24380623575491,36.24380623575491
8983,t,36.24380623575491,36.24380623575491
8984,t,36.24380623575491,36.24380623575491
8985,t,36.24380623575491,36.24380623575491
8986,c,36.24380623575491,36.24380623575491
8987,c,36.24380623575491,36.24380623575491
8988,t,36.24380623575491,36.24380623575491
8989,t,36.24380623575491,36.24380623575491
8990,c,36.24380623575491,36.24380623575491
8991,c,36.24380623575491,36.24380623575491
8992,c,36.24380623575491,36.24380623575491
8993,t,36.24380623575491,36.24380623575491
8994,c,36.24380623575491,36.24380623575491
8995,c,36.24380623575491,36.24380623575491
8996,c,36.24380623575491,36.24380623575491
8997,c,36.24380623575491,36.24380623575491
8998,t,36.24380623575491,36.24380623575491
8999,c,36.24380623575491,36.24380623575491
9000,t,36.24380623575491,36.24380623575491
9001,c,36.24380623575491,36.24380623575491
9002,c,36.24380623575491,36.24380623575491
9003,c,36.24380623575491,36.24380623575491
9004,c,36.24380623575491,36.24380623575491
9005,t,36.24380623575491,36.24380623575491
9006,c,36.24380623575491,36.24380623575491
9007,t,36.24380623575491,36.24380623575491
9008,t,36.24380623575491,36.24380623575491
9009,t,36.24380623575491,36.24380623575491
9010,t,36.24380623575491,36.24380623575491
9011,c,36.24380623575491,36.24380623575491
9012,c,36.24380623575491,36.24380623575491
9013,t,36.24380623575491,36.24380623575491
9014,t,36.24380623575491,36.24380623575491
9015,t,36.24380623575491,36.24380623575491
9016,c,36.24380623575491,36.24380623575491
9017,c,36.24380623575491,36.24380623575491
9018,t,36.24380623575491,36.24380623575491
9019,c,36.24380623575491,36.24380623575491
9020,c,36.24380623575491,36.24380623575491
9021,c,36.24380623575491,36.24380623575491
9022,c,36.24380623575491,36.24380623575491
9023,t,36.24380623575491,36.24380623575491
9024,c,14.74785380040884,18.169163690693665
9025,c,36.24380623575491,36.24380623575491
9026,t,36.24380623575491,36.24380623575491
9027,c,36.24380623575491,36.24380623575491
9028,t,36.24380623575491,36.24380623575491
9029,t,36.24380623575491,36.24380623575491
9030,t,36.24380623575491,36.24380623575491
9031,t,36.24380623575491,36.24380623575491
9032,t,36.24380623575491,36.24380623575491
9033,t,36.24380623575491,36.24380623575491
9034,t,36.24380623575491,36.24380623575491
9035,c,36.24380623575491,36.24380623575491
9036,c,36.24380623575491,36.24380623575491
9037,t,36.24380623575491,36.24380623575491
9038,c,36.24380623575491,36.24380623575491
9039,c,36.24380623575491,36.24380623575491
9040,t,36.24380623575491,36.24380623575491
9041,c,36.24380623575491,36.24380623575491
9042,t,36.24380623575491,36.24380623575491
9043,t,36.24380623575491,36.24380623575491
9044,t,36.24380623575491,36.24380623575491
9045,c,36.24380623575491,36.24380623575491
9046,t,36.24380623575491,36.24380623575491
9047,c,36.24380623575491,36.24380623575491
9048,t,36.24380623575491,36.24380623575491
9049,t,36.24380623575491,36.24380623575491
9050,c,36.24380623575491,36.24380623575491
9051,t,36.24380623575491,36.24380623575491
9052,c,36.24380623575491,36.24380623575491
9053,t,36.24380623575491,36.24380623575491
9054,c,36.24380623575491,36.24380623575491
9055,t,36.24380623575491,36.24380623575491
9056,c,36.24380623575491,36.24380623575491
9057,t,36.24380623575491,36.24380623575491
9058,c,36.24380623575491,36.24380623575491
9059,t,36.24380623575491,36.24380623575491
9060,c,36.24380623575491,36.24380623575491
9061,c,36.24380623575491,36.24380623575491
9062,c,36.24380623575491,36.24380623575491
9063,c,36.24380623575491,36.24380623575491
9064,c,36.24380623575491,36.24380623575491
9065,c,36.24380623575491,36.24380623575491
9066,t,36.24380623575491,36.24380623575491
9067,t,36.24380623575491,36.24380623575491
9068,t,36.24380623575491,36.24380623575491
9069,c,36.24380623575491,36.24380623575491
9070,c,36.24380623575491,36.24380623575491
9071,t,36.24380623575491,36.24380623575491
9072,t,36.24380623575491,36.24380623575491
9073,c,36.24380623575491,36.24380623575491
9074,t,36.24380623575491,36.24380623575491
9075,c,36.24380623575491,36.24380623575491
9076,t,36.24380623575491,36.24380623575491
9077,t,36.24380623575491,36.24380623575491
9078,c,36.24380623575491,36.24380623575491
9079,c,36.24380623575491,36.24380623575491
9080,c,36.24380623575491,36.24380623575491
9081,t,36.24380623575491,36.24380623575491
9082,t,36.24380623575491,36.24380623575491
9083,t,36.24380623575491,36.24380623575491
9084,t,36.24380623575491,36.24380623575491
9085,c,36.24380623575491,36.24380623575491
9086,c,36.24380623575491,36.24380623575491
9087,t,36.24380623575491,36.24380623575491
9088,c,36.24380623575491,36.24380623575491
9089,t,36.24380623575491,36.24380623575491
9090,c,36.24380623575491,36.24380623575491
9091,t,36.24380623575491,36.24380623575491
9092,t,36.24380623575491,36.24380623575491
9093,t,36.24380623575491,36.24380623575491
9094,c,36.24380623575491,36.24380623575491
9095,t,36.24380623575491,36.24380623575491
9096,c,36.24380623575491,36.24380623575491
9097,t,36.24380623575491,36.24380623575491
9098,t,36.24380623575491,36.24380623575491
9099,t,36.24380623575491,36.24380623575491
9100,t,36.24380623575491,36.24380623575491
9101,c,36.24380623575491,36.24380623575491
9102,t,36.24380623575491,36.24380623575491
9103,c,36.24380623575491,36.24380623575491
9104,t,36.24380623575491,36.24380623575491
9105,c,36.24380623575491,36.24380623575491
9106,t,36.24380623575491,36.24380623575491
9107,t,36.24380623575491,36.24380623575491
9108,t,36.24380623575491,36.24380623575491
9109,t,36.24380623575491,36.24380623575491
9110,t,36.24380623575491,36.24380623575491
9111,t,36.24380623575491,36.24380623575491
9112,t,36.24380623575491,36.24380623575491
9113,t,36.24380623575491,36.24380623575491
9114,c,36.24380623575491,36.24380623575491
9115,c,36.24380623575491,36.24380623575491
9116,c,36.24380623575491,36.24380623575491
9117,c,36.24380623575491,36.24380623575491
9118,t,36.24380623575491,36.24380623575491
9119,c,36.24380623575491,36.24380623575491
9120,t,36.24380623575491,36.24380623575491
9121,c,36.24380623575491,36.24380623575491
9122,t,36.24380623575491,36.24380623575491
9123,c,36.24380623575491,36.24380623575491
9124,c,36.24380623575491,36.24380623575491
9125,c,36.24380623575491,36.24380623575491
9126,t,36.24380623575491,36.24380623575491
9127,t,36.24380623575491,36.24380623575491
9128,c,36.24380623575491,36.24380623575491
9129,c,36.24380623575491,36.24380623575491
9130,na,0,6.972400321554013
9131,c,36.24380623575491,36.24380623575491
9132,c,36.24380623575491,36.24380623575491
9133,t,36.24380623575491,36.24380623575491
9134,t,36.24380623575491,36.24380623575491
9135,c,36.24380623575491,36.24380623575491
9136,c,36.24380623575491,36.24380623575491
9137,t,36.24380623575491,36.24380623575491
9138,t,36.24380623575491,36.24380623575491
9139,t,36.24380623575491,36.24380623575491
9140,t,36.24380623575491,36.24380623575491
9141,t,36.24380623575491,36.24380623575491
9142,c,36.24380623575491,36.24380623575491
9143,c,36.24380623575491,36.24380623575491
9144,c,36.24380623575491,36.24380623575491
9145,c,36.24380623575491,36.24380623575491
9146,c,36.24380623575491,36.24380623575491
9147,c,36.24380623575491,36.24380623575491
9148,c,36.24380623575491,36.24380623575491
9149,c,36.24380623575491,36.24380623575491
9150,t,36.24380623575491,36.24380623575491
9151,c,36.24380623575491,36.24380623575491
9152,t,36.24380623575491,36.24380623575491
9153,t,36.24380623575491,36.24380623575491
9154,t,36.24380623575491,36.24380623575491
9155,c,36.24380623575491,36.24380623575491
9156,c,36.24380623575491,36.24380623575491
9157,t,36.24380623575491,36.24380623575491
9158,t,36.24380623575491,36.24380623575491
9159,c,36.24380623575491,36.24380623575491
9160,t,36.24380623575491,36.24380623575491
9161,t,36.24380623575491,36.24380623575491
9162,c,36.24380623575491,36.24380623575491
9163,t,36.24380623575491,36.24380623575491
9164,t,36.24380623575491,36.24380623575491
9165,t,36.24380623575491,36.24380623575491
9166,c,36.24380623575491,36.24380623575491
9167,c,36.24380623575491,36.24380623575491
9168,c,36.24380623575491,36.24380623575491
9169,c,36.24380623575491,36.24380623575491
9170,t,36.24380623575491,36.24380623575491
9171,c,36.24380623575491,36.24380623575491
9172,t,36.24380623575491,36.24380623575491
9173,t,36.24380623575491,36.24380623575491
9174,t,36.24380623575491,36.24380623575491
9175,t,36.24380623575491,36.24380623575491
9176,c,36.24380623575491,36.24380623575491
9177,c,36.24380623575491,36.24380623575491
9178,t,36.24380623575491,36.24380623575491
9179,t,36.24380623575491,36.24380623575491
9180,c,36.24380623575491,36.24380623575491
9181,t,36.24380623575491,36.24380623575491
9182,t,36.24380623575491,36.24380623575491
9183,c,36.24380623575491,36.24380623575491
9184,c,36.24380623575491,36.24380623575491
9185,c,36.24380623575491,36.24380623575491
9186,c,36.24380623575491,36.24380623575491
9187,c,36.24380623575491,36.24380623575491
9188,c,36.24380623575491,36.24380623575491
9189,t,36.24380623575491,36.24380623575491
9190,t,36.24380623575491,36.24380623575491
9191,c,36.24380623575491,36.24380623575491
9192,t,36.24380623575491,36.24380623575491
9193,c,36.24380623575491,36.24380623575491
9194,c,36.24380623575491,36.24380623575491
9195,c,36.24380623575491,36.24380623575491
9196,t,36.24380623575491,36.24380623575491
9197,t,36.24380623575491,36.24380623575491
9198,t,36.24380623575491,36.24380623575491
9199,t,36.24380623575491,36.24380623575491
9200,c,36.24380623575491,36.24380623575491
9201,t,36.24380623575491,36.24380623575491
9202,t,36.24380623575491,36.24380623575491
9203,t,36.24380623575491,36.24380623575491
9204,c,36.24380623575491,36.24380623575491
9205,t,36.24380623575491,36.24380623575491
9206,t,36.24380623575491,36.24380623575491
9207,t,36.24380623575491,36.24380623575491
9208,t,36.24380623575491,36.24380623575491
9209,c,36.24380623575491,36.24380623575491
9210,c,36.24380623575491,36.24380623575491
9211,c,36.24380623575491,36.24380623575491
9212,t,36.24380623575491,36.24380623575491
9213,c,36.24380623575491,36.24380623575491
9214,t,36.24380623575491,36.24380623575491
9215,t,36.24380623575491,36.24380623575491
9216,t,36.24380623575491,36.24380623575491
9217,t,36.24380623575491,36.24380623575491
9218,t,36.24380623575491,36.24380623575491
9219,t,36.24380623575491,36.24380623575491
9220,c,36.24380623575491,36.24380623575491
9221,t,36.24380623575491,36.24380623575491
9222,c,36.24380623575491,36.24380623575491
9223,t,36.24380623575491,36.24380623575491
9224,c,36.24380623575491,36.24380623575491
9225,t,36.24380623575491,36.24380623575491
9226,c,36.24380623575491,36.24380623575491
9227,c,36.24380623575491,36.24380623575491
9228,t,36.24380623575491,36.24380623575491
9229,t,36.24380623575491,36.24380623575491
9230,t,36.24380623575491,36.24380623575491
9231,t,36.24380623575491,36.24380623575491
9232,t,36.24380623575491,36.24380623575491
9233,c,36.24380623575491,36.24380623575491
9234,t,36.24380623575491,36.24380623575491
9235,t,36.24380623575491,36.24380623575491
9236,t,36.24380623575491,36.24380623575491
9237,t,36.24380623575491,36.24380623575491
9238,c,36.24380623575491,36.24380623575491
9239,t,36.24380623575491,36.24380623575491
9240,c,36.24380623575491,36.24380623575491
9241,c,36.24380623575491,36.24380623575491
9242,t,36.24380623575491,36.24380623575491
9243,t,36.24380623575491,36.24380623575491
9244,c,36.24380623575491,36.24380623575491
9245,t,36.24380623575491,36.24380623575491
9246,t,36.24380623575491,36.24380623575491
9247,c,36.24380623575491,36.24380623575491
9248,t,36.24380623575491,36.24380623575491
9249,t,36.24380623575491,36.24380623575491
9250,c,36.24380623575491,36.24380623575491
9251,t,36.24380623575491,36.24380623575491
9252,t,36.24380623575491,36.24380623575491
9253,t,36.24380623575491,36.24380623575491
9254,na,9.882564823090444,12.234613836679465
9255,c,36.24380623575491,36.24380623575491
9256,c,36.24380623575491,36.24380623575491
9257,t,36.24380623575491,36.24380623575491
9258,t,36.24380623575491,36.24380623575491
9259,c,36.24380623575491,36.24380623575491
9260,t,36.24380623575491,36.24380623575491
9261,c,36.24380623575491,36.24380623575491
9262,c,36.24380623575491,36.24380623575491
9263,c,36.24380623575491,36.24380623575491
9264,t,36.24380623575491,36.24380623575491
9265,c,36.24380623575491,36.24380623575491
9266,c,36.24380623575491,36.24380623575491
9267,c,36.24380623575491,36.24380623575491
9268,c,36.24380623575491,36.24380623575491
9269,t,36.24380623575491,36.24380623575491
9270,t,36.24380623575491,36.24380623575491
9271,t,36.24380623575491,36.24380623575491
9272,t,36.24380623575491,36.24380623575491
9273,t,36.24380623575491,36.24380623575491
9274,c,36.24380623575491,36.24380623575491
9275,t,36.24380623575491,36.24380623575491
9276,c,36.24380623575491,36.24380623575491
9277,t,36.24380623575491,36.24380623575491
9278,t,36.24380623575491,36.24380623575491
9279,t,36.24380623575491,36.24380623575491
9280,c,36.24380623575491,36.24380623575491
9281,t,36.24380623575491,36.24380623575491
9282,t,36.24380623575491,36.24380623575491
9283,c,36.24380623575491,36.24380623575491
9284,c,36.24380623575491,36.24380623575491
9285,c,36.24380623575491,36.24380623575491
9286,c,36.24380623575491,36.24380623575491
9287,c,36.24380623575491,36.24380623575491
9288,t,36.24380623575491,36.24380623575491
9289,c,36.24380623575491,36.24380623575491
9290,t,36.24380623575491,36.24380623575491
9291,t,36.24380623575491,36.24380623575491
9292,c,36.24380623575491,36.24380623575491
9293,c,36.24380623575491,36.24380623575491
9294,c,36.24380623575491,36.24380623575491
9295,t,36.24380623575491,36.24380623575491
9296,t,36.24380623575491,36.24380623575491
9297,t,36.24380623575491,36.24380623575491
9298,t,36.24380623575491,36.24380623575491
9299,t,36.24380623575491,36.24380623575491
9300,c,36.24380623575491,36.24380623575491
9301,t,36.24380623575491,36.24380623575491
9302,c,36.24380623575491,36.24380623575491
9303,t,36.24380623575491,36.24380623575491
9304,t,36.24380623575491,36.24380623575491
9305,t,36.24380623575491,36.24380623575491
9306,c,36.24380623575491,36.24380623575491
9307,c,36.24380623575491,36.24380623575491
9308,t,36.24380623575491,36.24380623575491
9309,t,36.24380623575491,36.24380623575491
9310,t,36.24380623575491,36.24380623575491
9311,t,36.24380623575491,36.24380623575491
9312,t,36.24380623575491,36.24380623575491
9313,c,36.24380623575491,36.24380623575491
9314,c,36.24380623575491,36.24380623575491
9315,t,36.24380623575491,36.24380623575491
9316,t,36.24380623575491,36.24380623575491
9317,c,36.24380623575491,36.24380623575491
9318,c,36.24380623575491,36.24380623575491
9319,c,36.24380623575491,36.24380623575491
9320,c,36.24380623575491,36.24380623575491
9321,c,36.24380623575491,36.24380623575491
9322,t,36.24380623575491,36.24380623575491
9323,t,36.24380623575491,36.24380623575491
9324,c,36.24380623575491,36.24380623575491
9325,c,36.24380623575491,36.24380623575491
9326,c,36.24380623575491,36.24380623575491
9327,t,36.24380623575491,36.24380623575491
9328,c,36.24380623575491,36.24380623575491
9329,t,36.24380623575491,36.24380623575491
9330,t,36.24380623575491,36.24380623575491
9331,c,36.24380623575491,36.24380623575491
9332,c,36.24380623575491,36.24380623575491
9333,t,36.24380623575491,36.24380623575491
9334,t,36.24380623575491,36.24380623575491
9335,c,36.24380623575491,36.24380623575491
9336,t,36.24380623575491,36.24380623575491
9337,na,-1,0
9338,c,36.24380623575491,36.24380623575491
9339,t,36.24380623575491,36.24380623575491
9340,t,36.24380623575491,36.24380623575491
9341,c,36.24380623575491,36.24380623575491
9342,t,36.24380623575491,36.24380623575491
9343,c,36.24380623575491,36.24380623575491
9344,c,36.24380623575491,36.24380623575491
9345,c,36.24380623575491,36.24380623575491
9346,c,36.24380623575491,36.24380623575491
9347,t,36.24380623575491,36.24380623575491
9348,t,36.24380623575491,36.24380623575491
9349,t,36.24380623575491,36.24380623575491
9350,t,36.24380623575491,36.24380623575491
9351,t,36.24380623575491,36.24380623575491
9352,t,36.24380623575491,36.24380623575491
9353,c,36.24380623575491,36.24380623575491
9354,c,36.24380623575491,36.24380623575491
9355,t,36.24380623575491,36.24380623575491
9356,c,36.24380623575491,36.24380623575491
9357,t,36.24380623575491,36.24380623575491
9358,c,36.24380623575491,36.24380623575491
9359,t,36.24380623575491,36.24380623575491
9360,c,36.24380623575491,36.24380623575491
9361,c,36.24380623575491,36.24380623575491
9362,t,36.24380623575491,36.24380623575491
9363,t,36.24380623575491,36.24380623575491
9364,t,36.24380623575491,36.24380623575491
9365,t,36.24380623575491,36.24380623575491
9366,c,36.24380623575491,36.24380623575491
9367,t,36.24380623575491,36.24380623575491
9368,t,36.24380623575491,36.24380623575491
9369,c,36.24380623575491,36.24380623575491
9370,c,36.24380623575491,36.24380623575491
9371,t,36.24380623575491,36.24380623575491
9372,t,36.24380623575491,36.24380623575491
9373,c,36.24380623575491,36.24380623575491
9374,c,36.24380623575491,36.24380623575491
9375,t,36.24380623575491,36.24380623575491
9376,c,36.24380623575491,36.24380623575491
9377,c,36.24380623575491,36.24380623575491
9378,c,36.24380623575491,36.24380623575491
9379,t,36.24380623575491,36.24380623575491
9380,t,36.24380623575491,36.24380623575491
9381,t,36.24380623575491,36.24380623575491
9382,c,36.24380623575491,36.24380623575491
9383,t,36.24380623575491,36.24380623575491
9384,t,36.24380623575491,36.24380623575491
9385,t,36.24380623575491,36.24380623575491
9386,t,36.24380623575491,36.24380623575491
9387,c,36.24380623575491,36.24380623575491
9388,c,36.24380623575491,36.24380623575491
9389,c,36.24380623575491,36.24380623575491
9390,c,8.04999571199979,12.075305172057053
9391,c,36.24380623575491,36.24380623575491
9392,c,36.24380623575491,36.24380623575491
9393,t,36.24380623575491,36.24380623575491
9394,t,36.24380623575491,36.24380623575491
9395,c,36.24380623575491,36.24380623575491
9396,c,36.24380623575491,36.24380623575491
9397,t,36.24380623575491,36.24380623575491
9398,t,36.24380623575491,36.24380623575491
9399,c,36.24380623575491,36.24380623575491
9400,t,36.24380623575491,36.24380623575491
9401,t,36.24380623575491,36.24380623575491
9402,t,36.24380623575491,36.24380623575491
9403,c,36.24380623575491,36.24380623575491
9404,c,36.24380623575491,36.24380623575491
9405,c,36.24380623575491,36.24380623575491
9406,c,36.24380623575491,36.24380623575491
9407,c,36.24380623575491,36.24380623575491
9408,c,36.24380623575491,36.24380623575491
9409,c,36.24380623575491,36.24380623575491
9410,c,36.24380623575491,36.24380623575491
9411,t,36.24380623575491,36.24380623575491
9412,t,36.24380623575491,36.24380623575491
9413,c,36.24380623575491,36.24380623575491
9414,t,36.24380623575491,36.24380623575491
9415,c,36.24380623575491,36.24380623575491
9416,t,36.24380623575491,36.24380623575491
9417,c,36.24380623575491,36.24380623575491
9418,c,36.24380623575491,36.24380623575491
9419,c,36.24380623575491,36.24380623575491
9420,c,36.24380623575491,36.24380623575491
9421,c,36.24380623575491,36.24380623575491
9422,c,36.24380623575491,36.24380623575491
9423,c,36.24380623575491,36.24380623575491
9424,c,36.24380623575491,36.24380623575491
9425,t,36.24380623575491,36.24380623575491
9426,t,36.24380623575491,36.24380623575491
9427,c,36.24380623575491,36.24380623575491
9428,t,36.24380623575491,36.24380623575491
9429,t,36.24380623575491,36.24380623575491
9430,c,36.24380623575491,36.24380623575491
9431,c,36.24380623575491,36.24380623575491
9432,c,36.24380623575491,36.24380623575491
9433,t,36.24380623575491,36.24380623575491
9434,c,36.24380623575491,36.24380623575491
9435,t,36.24380623575491,36.24380623575491
9436,t,36.24380623575491,36.24380623575491
9437,c,36.24380623575491,36.24380623575491
9438,t,36.24380623575491,36.24380623575491
9439,c,36.24380623575491,36.24380623575491
9440,t,36.24380623575491,36.24380623575491
9441,t,36.24380623575491,36.24380623575491
9442,c,36.24380623575491,36.24380623575491
9443,c,36.24380623575491,36.24380623575491
9444,t,36.24380623575491,36.24380623575491
9445,t,36.24380623575491,36.24380623575491
9446,c,36.24380623575491,36.24380623575491
9447,t,36.24380623575491,36.24380623575491
9448,c,36.24380623575491,36.24380623575491
9449,t,36.24380623575491,36.24380623575491
9450,t,36.24380623575491,36.24380623575491
9451,c,36.24380623575491,36.24380623575491
9452,c,36.24380623575491,36.24380623575491
9453,t,36.24380623575491,36.24380623575491
9454,c,36.24380623575491,36.24380623575491
9455,t,36.24380623575491,36.24380623575491
9456,na,1.984803208726124,6.458560151264538
9457,t,36.24380623575491,36.24380623575491
9458,t,36.24380623575491,36.24380623575491
9459,t,36.24380623575491,36.24380623575491
9460,t,36.24380623575491,36.24380623575491
9461,c,36.24380623575491,36.24380623575491
9462,t,36.24380623575491,36.24380623575491
9463,t,36.24380623575491,36.24380623575491
9464,c,36.24380623575491,36.24380623575491
9465,t,36.24380623575491,36.24380623575491
9466,t,36.24380623575491,36.24380623575491
9467,c,36.24380623575491,36.24380623575491
9468,na,5.279981973049317,6.312733307025106
9469,c,36.24380623575491,36.24380623575491
9470,t,36.24380623575491,36.24380623575491
9471,c,36.24380623575491,36.24380623575491
9472,t,36.24380623575491,36.24380623575491
9473,t,36.24380623575491,36.24380623575491
9474,c,36.24380623575491,36.24380623575491
9475,t,36.24380623575491,36.24380623575491
9476,t,36.24380623575491,36.24380623575491
9477,t,36.24380623575491,36.24380623575491
9478,t,36.24380623575491,36.24380623575491
9479,t,36.24380623575491,36.24380623575491
9480,c,36.24380623575491,36.24380623575491
9481,t,36.24380623575491,36.24380623575491
9482,t,36.24380623575491,36.24380623575491
9483,c,36.24380623575491,36.24380623575491
9484,c,36.24380623575491,36.24380623575491
9485,c,36.24380623575491,36.24380623575491
9486,c,36.24380623575491,36.24380623575491
9487,t,36.24380623575491,36.24380623575491
9488,c,36.24380623575491,36.24380623575491
9489,c,36.24380623575491,36.24380623575491
9490,c,36.24380623575491,36.24380623575491
9491,c,36.24380623575491,36.24380623575491
9492,c,36.24380623575491,36.24380623575491
9493,t,36.24380623575491,36.24380623575491
9494,t,36.24380623575491,36.24380623575491
9495,c,36.24380623575491,36.24380623575491
9496,t,36.24380623575491,36.24380623575491
9497,c,36.24380623575491,36.24380623575491
9498,t,36.24380623575491,36.24380623575491
9499,t,36.24380623575491,36.24380623575491
9500,t,36.24380623575491,36.24380623575491
9501,t,36.24380623575491,36.24380623575491
9502,c,36.24380623575491,36.24380623575491
9503,t,36.24380623575491,36.24380623575491
9504,t,36.24380623575491,36.24380623575491
9505,t,36.24380623575491,36.24380623575491
9506,t,36.24380623575491,36.24380623575491
9507,t,36.24380623575491,36.24380623575491
9508,na,-1,0
9509,c,36.24380623575491,36.24380623575491
9510,c,36.24380623575491,36.24380623575491
9511,na,4.634024079127732,9.131339507113509
9512,c,36.24380623575491,36.24380623575491
9513,c,36.24380623575491,36.24380623575491
9514,t,36.24380623575491,36.24380623575491
9515,c,36.24380623575491,36.24380623575491
9516,t,36.24380623575491,36.24380623575491
9517,t,36.24380623575491,36.24380623575491
9518,t,36.24380623575491,36.24380623575491
9519,t,36.24380623575491,36.24380623575491
9520,t,36.24380623575491,36.24380623575491
9521,c,36.24380623575491,36.24380623575491
9522,t,36.24380623575491,36.24380623575491
9523,t,36.24380623575491,36.24380623575491
9524,t,36.24380623575491,36.24380623575491
9525,c,36.24380623575491,36.24380623575491
9526,t,36.24380623575491,36.24380623575491
9527,c,36.24380623575491,36.24380623575491
9528,t,36.24380623575491,36.24380623575491
9529,t,36.24380623575491,36.24380623575491
9530,t,36.24380623575491,36.24380623575491
9531,t,36.24380623575491,36.24380623575491
9532,c,36.24380623575491,36.24380623575491
9533,t,36.24380623575491,36.24380623575491
9534,c,36.24380623575491,36.24380623575491
9535,t,36.24380623575491,36.24380623575491
9536,c,36.24380623575491,36.24380623575491
9537,c,36.24380623575491,36.24380623575491
9538,t,36.24380623575491,36.24380623575491
9539,t,36.24380623575491,36.24380623575491
9540,t,36.24380623575491,36.24380623575491
9541,c,36.24380623575491,36.24380623575491
9542,t,36.24380623575491,36.24380623575491
9543,c,36.24380623575491,36.24380623575491
9544,t,36.24380623575491,36.24380623575491
9545,c,36.24380623575491,36.24380623575491
9546,t,36.24380623575491,36.24380623575491
9547,c,36.24380623575491,36.24380623575491
9548,t,36.24380623575491,36.24380623575491
9549,t,36.24380623575491,36.24380623575491
9550,c,36.24380623575491,36.24380623575491
9551,c,36.24380623575491,36.24380623575491
9552,t,36.24380623575491,36.24380623575491
9553,c,36.24380623575491,36.24380623575491
9554,t,36.24380623575491,36.24380623575491
9555,t,36.24380623575491,36.24380623575491
9556,t,36.24380623575491,36.24380623575491
9557,c,36.24380623575491,36.24380623575491
9558,t,36.24380623575491,36.24380623575491
9559,t,36.24380623575491,36.24380623575491
9560,t,36.24380623575491,36.24380623575491
9561,t,36.24380623575491,36.24380623575491
9562,c,36.24380623575491,36.24380623575491
9563,t,36.24380623575491,36.24380623575491
9564,c,36.24380623575491,36.24380623575491
9565,t,36.24380623575491,36.24380623575491
9566,t,36.24380623575491,36.24380623575491
9567,t,36.24380623575491,36.24380623575491
9568,c,36.24380623575491,36.24380623575491
9569,c,36.24380623575491,36.24380623575491
9570,c,36.24380623575491,36.24380623575491
9571,c,36.24380623575491,36.24380623575491
9572,t,36.24380623575491,36.24380623575491
9573,t,36.24380623575491,36.24380623575491
9574,t,36.24380623575491,36.24380623575491
9575,t,36.24380623575491,36.24380623575491
9576,t,36.24380623575491,36.24380623575491
9577,t,36.24380623575491,36.24380623575491
9578,t,36.24380623575491,36.24380623575491
9579,t,36.24380623575491,36.24380623575491
9580,t,36.24380623575491,36.24380623575491
9581,t,36.24380623575491,36.24380623575491
9582,t,36.24380623575491,36.24380623575491
9583,t,36.24380623575491,36.24380623575491
9584,t,36.24380623575491,36.24380623575491
9585,t,36.24380623575491,36.24380623575491
9586,t,36.24380623575491,36.24380623575491
9587,t,36.24380623575491,36.24380623575491
9588,t,36.24380623575491,36.24380623575491
9589,t,36.24380623575491,36.24380623575491
9590,c,36.24380623575491,36.24380623575491
9591,t,36.24380623575491,36.24380623575491
9592,c,36.24380623575491,36.24380623575491
9593,t,36.24380623575491,36.24380623575491
9594,c,36.24380623575491,36.24380623575491
9595,t,36.24380623575491,36.24380623575491
9596,c,36.24380623575491,36.24380623575491
9597,c,36.24380623575491,36.24380623575491
9598,t,36.24380623575491,36.24380623575491
9599,t,36.24380623575491,36.24380623575491
9600,t,36.24380623575491,36.24380623575491
9601,c,36.24380623575491,36.24380623575491
9602,c,36.24380623575491,36.24380623575491
9603,t,36.24380623575491,36.24380623575491
9604,t,36.24380623575491,36.24380623575491
9605,t,36.24380623575491,36.24380623575491
9606,c,36.24380623575491,36.24380623575491
9607,t,36.24380623575491,36.24380623575491
9608,c,36.24380623575491,36.24380623575491
9609,c,36.24380623575491,36.24380623575491
9610,t,36.24380623575491,36.24380623575491
9611,t,36.24380623575491,36.24380623575491
9612,c,36.24380623575491,36.24380623575491
9613,c,36.24380623575491,36.24380623575491
9614,t,36.24380623575491,36.24380623575491
9615,t,36.24380623575491,36.24380623575491
9616,c,36.24380623575491,36.24380623575491
9617,t,36.24380623575491,36.24380623575491
9618,c,36.24380623575491,36.24380623575491
9619,c,36.24380623575491,36.24380623575491
9620,c,36.24380623575491,36.24380623575491
9621,t,36.24380623575491,36.24380623575491
9622,t,36.24380623575491,36.24380623575491
9623,c,36.24380623575491,36.24380623575491
9624,c,36.24380623575491,36.24380623575491
9625,c,36.24380623575491,36.24380623575491
9626,t,36.24380623575491,36.24380623575491
9627,t,36.24380623575491,36.24380623575491
9628,na,4.619594920830311,6.312298696993535
9629,t,36.24380623575491,36.24380623575491
9630,c,36.24380623575491,36.24380623575491
9631,t,36.24380623575491,36.24380623575491
9632,c,36.24380623575491,36.24380623575491
9633,t,36.24380623575491,36.24380623575491
9634,c,36.24380623575491,36.24380623575491
9635,c,36.24380623575491,36.24380623575491
9636,t,36.24380623575491,36.24380623575491
9637,c,36.24380623575491,36.24380623575491
9638,c,36.24380623575491,36.24380623575491
9639,t,36.24380623575491,36.24380623575491
9640,t,36.24380623575491,36.24380623575491
9641,t,36.24380623575491,36.24380623575491
9642,c,36.24380623575491,36.24380623575491
9643,c,36.24380623575491,36.24380623575491
9644,t,36.24380623575491,36.24380623575491
9645,c,36.24380623575491,36.24380623575491
9646,c,36.24380623575491,36.24380623575491
9647,t,36.24380623575491,36.24380623575491
9648,c,36.24380623575491,36.24380623575491
9649,c,36.24380623575491,36.24380623575491
9650,c,36.24380623575491,36.24380623575491
9651,c,36.24380623575491,36.24380623575491
9652,t,36.24380623575491,36.24380623575491
9653,t,36.24380623575491,36.24380623575491
9654,t,36.24380623575491,36.24380623575491
9655,t,36.24380623575491,36.24380623575491
9656,c,36.24380623575491,36.24380623575491
9657,t,36.24380623575491,36.24380623575491
9658,t,36.24380623575491,36.24380623575491
9659,c,36.24380623575491,36.24380623575491
9660,t,36.24380623575491,36.24380623575491
9661,c,36.24380623575491,36.24380623575491
9662,c,36.24380623575491,36.24380623575491
9663,c,36.24380623575491,36.24380623575491
9664,c,36.24380623575491,36.24380623575491
9665,t,36.24380623575491,36.24380623575491
9666,t,36.24380623575491,36.24380623575491
9667,c,36.24380623575491,36.24380623575491
9668,t,36.24380623575491,36.24380623575491
9669,c,36.24380623575491,36.24380623575491
9670,c,36.24380623575491,36.24380623575491
9671,c,36.24380623575491,36.24380623575491
9672,c,36.24380623575491,36.24380623575491
9673,t,36.24380623575491,36.24380623575491
9674,c,36.24380623575491,36.24380623575491
9675,t,36.24380623575491,36.24380623575491
9676,t,36.24380623575491,36.24380623575491
9677,c,36.24380623575491,36.24380623575491
9678,t,36.24380623575491,36.24380623575491
9679,c,36.24380623575491,36.24380623575491
9680,t,36.24380623575491,36.24380623575491
9681,c,36.24380623575491,36.24380623575491
9682,c,20.46556696565727,21.974709053103446
9683,t,36.24380623575491,36.24380623575491
9684,t,36.24380623575491,36.24380623575491
9685,t,36.24380623575491,36.24380623575491
9686,t,36.24380623575491,36.24380623575491
9687,t,36.24380623575491,36.24380623575491
9688,t,36.24380623575491,36.24380623575491
9689,c,36.24380623575491,36.24380623575491
9690,t,36.24380623575491,36.24380623575491
9691,t,36.24380623575491,36.24380623575491
9692,t,36.24380623575491,36.24380623575491
9693,t,36.24380623575491,36.24380623575491
9694,c,36.24380623575491,36.24380623575491
9695,t,36.24380623575491,36.24380623575491
9696,c,36.24380623575491,36.24380623575491
9697,c,36.24380623575491,36.24380623575491
9698,c,36.24380623575491,36.24380623575491
9699,c,36.24380623575491,36.24380623575491
9700,t,36.24380623575491,36.24380623575491
9701,c,36.24380623575491,36.24380623575491
9702,t,36.24380623575491,36.24380623575491
9703,c,9.337326452087938,14.316428233799902
9704,t,36.24380623575491,36.24380623575491
9705,c,36.24380623575491,36.24380623575491
9706,c,36.24380623575491,36.24380623575491
9707,c,36.24380623575491,36.24380623575491
9708,t,36.24380623575491,36.24380623575491
9709,c,36.24380623575491,36.24380623575491
9710,c,36.24380623575491,36.24380623575491
9711,c,36.24380623575491,36.24380623575491
9712,t,36.24380623575491,36.24380623575491
9713,t,36.24380623575491,36.24380623575491
9714,t,36.24380623575491,36.24380623575491
9715,c,36.24380623575491,36.24380623575491
9716,t,36.24380623575491,36.24380623575491
9717,c,36.24380623575491,36.24380623575491
9718,c,36.24380623575491,36.24380623575491
9719,t,36.24380623575491,36.24380623575491
9720,c,36.24380623575491,36.24380623575491
9721,c,36.24380623575491,36.24380623575491
9722,c,36.24380623575491,36.24380623575491
9723,c,36.24380623575491,36.24380623575491
9724,c,36.24380623575491,36.24380623575491
9725,c,36.24380623575491,36.24380623575491
9726,c,36.24380623575491,36.24380623575491
9727,c,36.24380623575491,36.24380623575491
9728,t,36.24380623575491,36.24380623575491
9729,t,36.24380623575491,36.24380623575491
9730,c,36.24380623575491,36.24380623575491
9731,t,36.24380623575491,36.24380623575491
9732,c,36.24380623575491,36.24380623575491
9733,c,36.24380623575491,36.24380623575491
9734,t,36.24380623575491,36.24380623575491
9735,c,36.24380623575491,36.24380623575491
9736,c,36.24380623575491,36.24380623575491
9737,c,36.24380623575491,36.24380623575491
9738,t,36.24380623575491,36.24380623575491
9739,t,36.24380623575491,36.24380623575491
9740,c,36.24380623575491,36.24380623575491
9741,c,36.24380623575491,36.24380623575491
9742,c,36.24380623575491,36.24380623575491
9743,t,36.24380623575491,36.24380623575491
9744,t,36.24380623575491,36.24380623575491
9745,t,36.24380623575491,36.24380623575491
9746,c,36.24380623575491,36.24380623575491
9747,c,36.24380623575491,36.24380623575491
9748,c,36.24380623575491,36.24380623575491
9749,t,36.24380623575491,36.24380623575491
9750,c,36.24380623575491,36.24380623575491
9751,c,36.24380623575491,36.24380623575491
9752,c,36.24380623575491,36.24380623575491
9753,c,36.24380623575491,36.24380623575491
9754,c,36.24380623575491,36.24380623575491
9755,c,36.24380623575491,36.24380623575491
9756,t,36.24380623575491,36.24380623575491
9757,t,36.24380623575491,36.24380623575491
9758,c,36.24380623575491,36.24380623575491
9759,t,36.24380623575491,36.24380623575491
9760,c,36.24380623575491,36.24380623575491
9761,t,36.24380623575491,36.24380623575491
9762,t,36.24380623575491,36.24380623575491
9763,t,36.24380623575491,36.24380623575491
9764,t,36.24380623575491,36.24380623575491
9765,t,36.24380623575491,36.24380623575491
9766,c,36.24380623575491,36.24380623575491
9767,c,11.882250069953304,13.927097688247507
9768,c,36.24380623575491,36.24380623575491
9769,c,36.24380623575491,36.24380623575491
9770,c,36.24380623575491,36.24380623575491
9771,t,36.24380623575491,36.24380623575491
9772,c,36.24380623575491,36.24380623575491
9773,c,36.24380623575491,36.24380623575491
9774,t,36.24380623575491,36.24380623575491
9775,c,36.24380623575491,36.24380623575491
9776,c,36.24380623575491,36.24380623575491
9777,c,36.24380623575491,36.24380623575491
9778,c,36.24380623575491,36.24380623575491
9779,c,36.24380623575491,36.24380623575491
9780,c,36.24380623575491,36.24380623575491
9781,c,36.24380623575491,36.24380623575491
9782,c,36.24380623575491,36.24380623575491
9783,c,36.24380623575491,36.24380623575491
9784,t,36.24380623575491,36.24380623575491
9785,t,36.24380623575491,36.24380623575491
9786,c,36.24380623575491,36.24380623575491
9787,t,36.24380623575491,36.24380623575491
9788,t,36.24380623575491,36.24380623575491
9789,c,36.24380623575491,36.24380623575491
9790,c,36.24380623575491,36.24380623575491
9791,t,36.24380623575491,36.24380623575491
9792,c,36.24380623575491,36.24380623575491
9793,c,36.24380623575491,36.24380623575491
9794,c,36.24380623575491,36.24380623575491
9795,t,36.24380623575491,36.24380623575491
9796,t,36.24380623575491,36.24380623575491
9797,c,36.24380623575491,36.24380623575491
9798,c,36.24380623575491,36.24380623575491
9799,c,36.24380623575491,36.24380623575491
9800,c,36.24380623575491,36.24380623575491
9801,t,36.24380623575491,36.24380623575491
9802,c,36.24380623575491,36.24380623575491
9803,t,36.24380623575491,36.24380623575491
9804,t,36.24380623575491,36.24380623575491
9805,c,36.24380623575491,36.24380623575491
9806,t,36.24380623575491,36.24380623575491
9807,c,36.24380623575491,36.24380623575491
9808,c,36.24380623575491,36.24380623575491
9809,t,36.24380623575491,36.24380623575491
9810,c,36.24380623575491,36.24380623575491
9811,c,36.24380623575491,36.24380623575491
9812,c,36.24380623575491,36.24380623575491
9813,t,36.24380623575491,36.24380623575491
9814,c,36.24380623575491,36.24380623575491
9815,c,36.24380623575491,36.24380623575491
9816,c,36.24380623575491,36.24380623575491
9817,t,36.24380623575491,36.24380623575491
9818,c,36.24380623575491,36.24380623575491
9819,c,36.24380623575491,36.24380623575491
9820,c,36.24380623575491,36.24380623575491
9821,t,36.24380623575491,36.24380623575491
9822,t,36.24380623575491,36.24380623575491
9823,c,36.24380623575491,36.24380623575491
9824,t,36.24380623575491,36.24380623575491
9825,c,36.24380623575491,36.24380623575491
9826,t,36.24380623575491,36.24380623575491
9827,c,7.491178152313273,8.320883999326
9828,c,36.24380623575491,36.24380623575491
9829,t,36.24380623575491,36.24380623575491
9830,t,36.24380623575491,36.24380623575491
9831,t,36.24380623575491,36.24380623575491
9832,c,36.24380623575491,36.24380623575491
9833,c,36.24380623575491,36.24380623575491
9834,c,36.24380623575491,36.24380623575491
9835,t,36.24380623575491,36.24380623575491
9836,t,36.24380623575491,36.24380623575491
9837,t,36.24380623575491,36.24380623575491
9838,c,36.24380623575491,36.24380623575491
9839,c,36.24380623575491,36.24380623575491
9840,c,36.24380623575491,36.24380623575491
9841,t,36.24380623575491,36.24380623575491
9842,c,36.24380623575491,36.24380623575491
9843,c,36.24380623575491,36.24380623575491
9844,t,36.24380623575491,36.24380623575491
9845,c,36.24380623575491,36.24380623575491
9846,c,36.24380623575491,36.24380623575491
9847,c,36.24380623575491,36.24380623575491
9848,t,36.24380623575491,36.24380623575491
9849,c,36.24380623575491,36.24380623575491
9850,t,36.24380623575491,36.24380623575491
9851,c,36.24380623575491,36.24380623575491
9852,c,36.24380623575491,36.24380623575491
9853,t,36.24380623575491,36.24380623575491
9854,c,36.24380623575491,36.24380623575491
9855,c,36.24380623575491,36.24380623575491
9856,t,36.24380623575491,36.24380623575491
9857,c,36.24380623575491,36.24380623575491
9858,t,36.24380623575491,36.24380623575491
9859,t,36.24380623575491,36.24380623575491
9860,t,36.24380623575491,36.24380623575491
9861,t,36.24380623575491,36.24380623575491
9862,na,2.3264189381034117,2.6069067839596616
9863,c,36.24380623575491,36.24380623575491
9864,t,36.24380623575491,36.24380623575491
9865,c,36.24380623575491,36.24380623575491
9866,t,36.24380623575491,36.24380623575491
9867,t,36.24380623575491,36.24380623575491
9868,t,36.24380623575491,36.24380623575491
9869,t,36.24380623575491,36.24380623575491
9870,c,36.24380623575491,36.24380623575491
9871,t,36.24380623575491,36.24380623575491
9872,c,36.24380623575491,36.24380623575491
9873,c,36.24380623575491,36.24380623575491
9874,t,36.24380623575491,36.24380623575491
9875,c,36.24380623575491,36.24380623575491
9876,t,36.24380623575491,36.24380623575491
9877,t,36.24380623575491,36.24380623575491
9878,t,36.24380623575491,36.24380623575491
9879,c,36.24380623575491,36.24380623575491
9880,c,36.24380623575491,36.24380623575491
9881,c,36.24380623575491,36.24380623575491
9882,t,36.24380623575491,36.24380623575491
9883,t,36.24380623575491,36.24380623575491
9884,t,36.24380623575491,36.24380623575491
9885,t,36.24380623575491,36.24380623575491
9886,c,36.24380623575491,36.24380623575491
9887,c,36.24380623575491,36.24380623575491
9888,t,36.24380623575491,36.24380623575491
9889,t,36.24380623575491,36.24380623575491
9890,t,36.24380623575491,36.24380623575491
9891,c,36.24380623575491,36.24380623575491
9892,t,36.24380623575491,36.24380623575491
9893,t,36.24380623575491,36.24380623575491
9894,t,36.24380623575491,36.24380623575491
9895,c,36.24380623575491,36.24380623575491
9896,t,36.24380623575491,36.24380623575491
9897,t,36.24380623575491,36.24380623575491
9898,t,36.24380623575491,36.24380623575491
9899,c,36.24380623575491,36.24380623575491
9900,t,36.24380623575491,36.24380623575491
9901,c,36.24380623575491,36.24380623575491
9902,c,36.24380623575491,36.24380623575491
9903,c,36.24380623575491,36.24380623575491
9904,c,36.24380623575491,36.24380623575491
9905,t,36.24380623575491,36.24380623575491
9906,t,36.24380623575491,36.24380623575491
9907,t,36.24380623575491,36.24380623575491
9908,t,36.24380623575491,36.24380623575491
9909,t,36.24380623575491,36.24380623575491
9910,t,36.24380623575491,36.24380623575491
9911,na,3.7674713820692265,5.4507025577349095
9912,c,36.24380623575491,36.24380623575491
9913,t,36.24380623575491,36.24380623575491
9914,c,36.24380623575491,36.24380623575491
9915,t,36.24380623575491,36.24380623575491
9916,t,36.24380623575491,36.24380623575491
9917,t,36.24380623575491,36.24380623575491
9918,na,-1,0
9919,t,36.24380623575491,36.24380623575491
9920,c,36.24380623575491,36.24380623575491
9921,c,36.24380623575491,36.24380623575491
9922,c,36.24380623575491,36.24380623575491
9923,t,36.24380623575491,36.24380623575491
9924,na,0,2.7358350195632823
9925,c,36.24380623575491,36.24380623575491
9926,c,36.24380623575491,36.24380623575491
9927,c,36.24380623575491,36.24380623575491
9928,c,36.24380623575491,36.24380623575491
9929,c,36.24380623575491,36.24380623575491
9930,t,36.24380623575491,36.24380623575491
9931,c,36.24380623575491,36.24380623575491
9932,c,36.24380623575491,36.24380623575491
9933,t,36.24380623575491,36.24380623575491
9934,t,36.24380623575491,36.24380623575491
9935,t,36.24380623575491,36.24380623575491
9936,c,36.24380623575491,36.24380623575491
9937,c,36.24380623575491,36.24380623575491
9938,c,36.24380623575491,36.24380623575491
9939,t,36.24380623575491,36.24380623575491
9940,t,36.24380623575491,36.24380623575491
9941,t,36.24380623575491,36.24380623575491
9942,c,36.24380623575491,36.24380623575491
9943,c,36.24380623575491,36.24380623575491
9944,c,36.24380623575491,36.24380623575491
9945,c,36.24380623575491,36.24380623575491
9946,t,36.24380623575491,36.24380623575491
9947,c,36.24380623575491,36.24380623575491
9948,t,36.24380623575491,36.24380623575491
9949,c,36.24380623575491,36.24380623575491
9950,t,36.24380623575491,36.24380623575491
9951,t,36.24380623575491,36.24380623575491
9952,t,36.24380623575491,36.24380623575491
9953,t,36.24380623575491,36.24380623575491
9954,t,36.24380623575491,36.24380623575491
9955,t,36.24380623575491,36.24380623575491
9956,t,36.24380623575491,36.24380623575491
9957,c,36.24380623575491,36.24380623575491
9958,t,36.24380623575491,36.24380623575491
9959,t,36.24380623575491,36.24380623575491
9960,c,36.24380623575491,36.24380623575491
9961,t,36.24380623575491,36.24380623575491
9962,c,36.24380623575491,36.24380623575491
9963,c,36.24380623575491,36.24380623575491
9964,c,36.24380623575491,36.24380623575491
9965,t,36.24380623575491,36.24380623575491
9966,t,36.24380623575491,36.24380623575491
9967,c,36.24380623575491,36.24380623575491
9968,c,36.24380623575491,36.24380623575491
9969,t,36.24380623575491,36.24380623575491
9970,c,36.24380623575491,36.24380623575491
9971,t,36.24380623575491,36.24380623575491
9972,t,36.24380623575491,36.24380623575491
9973,c,36.24380623575491,36.24380623575491
9974,c,36.24380623575491,36.24380623575491
9975,c,36.24380623575491,36.24380623575491
9976,t,36.24380623575491,36.24380623575491
9977,t,36.24380623575491,36.24380623575491
9978,c,36.24380623575491,36.24380623575491
9979,t,36.24380623575491,36.24380623575491
9980,t,36.24380623575491,36.24380623575491
9981,t,36.24380623575491,36.24380623575491
9982,t,36.24380623575491,36.24380623575491
9983,t,36.24380623575491,36.24380623575491
9984,t,36.24380623575491,36.24380623575491
9985,c,36.24380623575491,36.24380623575491
9986,t,36.24380623575491,36.24380623575491
9987,c,36.24380623575491,36.24380623575491
9988,c,36.24380623575491,36.24380623575491
9989,c,36.24380623575491,36.24380623575491
9990,t,36.24380623575491,36.24380623575491
9991,c,36.24380623575491,36.24380623575491
9992,t,36.24380623575491,36.24380623575491
9993,c,36.24380623575491,36.24380623575491
9994,t,36.24380623575491,36.24380623575491
9995,na,-1,0
9996,c,36.24380623575491,36.24380623575491
9997,t,36.24380623575491,36.24380623575491
9998,c,36.24380623575491,36.24380623575491
9999,t,36.24380623575491,36.24380623575491
