node, assignment, time2inf, time2death
0,na,0,3.5354144142797987
1,na,-1,0
2,na,-1,0
3,na,-1,0
4,na,43.25503064936304,43.25503064936304
5,na,-1,0
6,na,-1,0
7,na,-1,0
8,na,-1,0
9,na,0,0.6085837194161977
10,na,-1,0
11,na,-1,0
12,na,-1,0
13,na,-1,0
14,na,-1,0
15,na,-1,0
16,na,-1,0
17,na,-1,0
18,na,0,0.24589789293792683
19,na,0,5.33968980574124
20,na,-1,0
21,na,0,20.682593376437353
22,na,-1,0
23,na,-1,0
24,na,-1,0
25,na,-1,0
26,na,-1,0
27,na,0,6.673826750160812
28,na,-1,0
29,na,-1,0
30,na,-1,0
31,na,0,2.8331324490163365
32,na,-1,0
33,na,0,4.493773960444799
34,na,-1,0
35,na,-1,0
36,na,0,19.569077328731744
37,na,-1,0
38,na,43.25503064936304,43.25503064936304
39,na,-1,0
40,t,43.25503064936304,43.25503064936304
41,t,43.25503064936304,43.25503064936304
42,t,43.25503064936304,43.25503064936304
43,c,43.25503064936304,43.25503064936304
44,c,43.25503064936304,43.25503064936304
45,c,43.25503064936304,43.25503064936304
46,t,43.25503064936304,43.25503064936304
47,c,43.25503064936304,43.25503064936304
48,c,43.25503064936304,43.25503064936304
49,c,43.25503064936304,43.25503064936304
50,t,43.25503064936304,43.25503064936304
51,c,43.25503064936304,43.25503064936304
52,t,43.25503064936304,43.25503064936304
53,c,43.25503064936304,43.25503064936304
54,c,43.25503064936304,43.25503064936304
55,t,43.25503064936304,43.25503064936304
56,c,43.25503064936304,43.25503064936304
57,c,43.25503064936304,43.25503064936304
58,c,43.25503064936304,43.25503064936304
59,c,43.25503064936304,43.25503064936304
60,c,43.25503064936304,43.25503064936304
61,c,43.25503064936304,43.25503064936304
62,c,43.25503064936304,43.25503064936304
63,c,43.25503064936304,43.25503064936304
64,c,43.25503064936304,43.25503064936304
65,c,43.25503064936304,43.25503064936304
66,c,43.25503064936304,43.25503064936304
67,t,43.25503064936304,43.25503064936304
68,c,43.25503064936304,43.25503064936304
69,c,43.25503064936304,43.25503064936304
70,c,43.25503064936304,43.25503064936304
71,c,43.25503064936304,43.25503064936304
72,c,43.25503064936304,43.25503064936304
73,c,43.25503064936304,43.25503064936304
74,c,43.25503064936304,43.25503064936304
75,t,43.25503064936304,43.25503064936304
76,t,43.25503064936304,43.25503064936304
77,t,43.25503064936304,43.25503064936304
78,t,43.25503064936304,43.25503064936304
79,c,43.25503064936304,43.25503064936304
80,c,43.25503064936304,43.25503064936304
81,c,43.25503064936304,43.25503064936304
82,t,43.25503064936304,43.25503064936304
83,c,43.25503064936304,43.25503064936304
84,na,0,9.058856576324578
85,t,43.25503064936304,43.25503064936304
86,c,43.25503064936304,43.25503064936304
87,c,43.25503064936304,43.25503064936304
88,c,43.25503064936304,43.25503064936304
89,t,43.25503064936304,43.25503064936304
90,c,43.25503064936304,43.25503064936304
91,c,43.25503064936304,43.25503064936304
92,c,43.25503064936304,43.25503064936304
93,c,43.25503064936304,43.25503064936304
94,c,43.25503064936304,43.25503064936304
95,c,43.25503064936304,43.25503064936304
96,c,43.25503064936304,43.25503064936304
97,c,43.25503064936304,43.25503064936304
98,na,0,0.5568067068284241
99,c,43.25503064936304,43.25503064936304
100,t,43.25503064936304,43.25503064936304
101,c,43.25503064936304,43.25503064936304
102,c,43.25503064936304,43.25503064936304
103,c,43.25503064936304,43.25503064936304
104,c,43.25503064936304,43.25503064936304
105,c,43.25503064936304,43.25503064936304
106,t,43.25503064936304,43.25503064936304
107,t,43.25503064936304,43.25503064936304
108,c,43.25503064936304,43.25503064936304
109,c,43.25503064936304,43.25503064936304
110,c,43.25503064936304,43.25503064936304
111,c,43.25503064936304,43.25503064936304
112,c,43.25503064936304,43.25503064936304
113,c,43.25503064936304,43.25503064936304
114,c,43.25503064936304,43.25503064936304
115,c,13.295660879159742,17.85770808881531
116,c,43.25503064936304,43.25503064936304
117,c,43.25503064936304,43.25503064936304
118,c,43.25503064936304,43.25503064936304
119,c,43.25503064936304,43.25503064936304
120,c,43.25503064936304,43.25503064936304
121,t,43.25503064936304,43.25503064936304
122,c,43.25503064936304,43.25503064936304
123,t,43.25503064936304,43.25503064936304
124,c,43.25503064936304,43.25503064936304
125,t,43.25503064936304,43.25503064936304
126,c,43.25503064936304,43.25503064936304
127,t,43.25503064936304,43.25503064936304
128,c,43.25503064936304,43.25503064936304
129,c,43.25503064936304,43.25503064936304
130,c,43.25503064936304,43.25503064936304
131,c,43.25503064936304,43.25503064936304
132,t,43.25503064936304,43.25503064936304
133,c,43.25503064936304,43.25503064936304
134,c,43.25503064936304,43.25503064936304
135,c,43.25503064936304,43.25503064936304
136,c,43.25503064936304,43.25503064936304
137,c,14.103797165842098,19.206062330664963
138,c,43.25503064936304,43.25503064936304
139,c,43.25503064936304,43.25503064936304
140,c,43.25503064936304,43.25503064936304
141,c,43.25503064936304,43.25503064936304
142,c,43.25503064936304,43.25503064936304
143,t,43.25503064936304,43.25503064936304
144,c,43.25503064936304,43.25503064936304
145,c,43.25503064936304,43.25503064936304
146,c,43.25503064936304,43.25503064936304
147,c,43.25503064936304,43.25503064936304
148,c,43.25503064936304,43.25503064936304
149,c,43.25503064936304,43.25503064936304
150,c,43.25503064936304,43.25503064936304
151,c,43.25503064936304,43.25503064936304
152,c,43.25503064936304,43.25503064936304
153,c,43.25503064936304,43.25503064936304
154,c,43.25503064936304,43.25503064936304
155,t,43.25503064936304,43.25503064936304
156,c,43.25503064936304,43.25503064936304
157,t,43.25503064936304,43.25503064936304
158,c,43.25503064936304,43.25503064936304
159,c,43.25503064936304,43.25503064936304
160,c,43.25503064936304,43.25503064936304
161,c,43.25503064936304,43.25503064936304
162,c,43.25503064936304,43.25503064936304
163,c,43.25503064936304,43.25503064936304
164,t,43.25503064936304,43.25503064936304
165,t,43.25503064936304,43.25503064936304
166,c,43.25503064936304,43.25503064936304
167,c,43.25503064936304,43.25503064936304
168,c,43.25503064936304,43.25503064936304
169,c,43.25503064936304,43.25503064936304
170,c,43.25503064936304,43.25503064936304
171,c,43.25503064936304,43.25503064936304
172,c,43.25503064936304,43.25503064936304
173,c,43.25503064936304,43.25503064936304
174,c,43.25503064936304,43.25503064936304
175,c,43.25503064936304,43.25503064936304
176,c,43.25503064936304,43.25503064936304
177,t,43.25503064936304,43.25503064936304
178,c,43.25503064936304,43.25503064936304
179,c,43.25503064936304,43.25503064936304
180,c,43.25503064936304,43.25503064936304
181,c,43.25503064936304,43.25503064936304
182,c,43.25503064936304,43.25503064936304
183,c,43.25503064936304,43.25503064936304
184,c,43.25503064936304,43.25503064936304
185,na,-1,0
186,t,43.25503064936304,43.25503064936304
187,c,43.25503064936304,43.25503064936304
188,t,43.25503064936304,43.25503064936304
189,c,43.25503064936304,43.25503064936304
190,c,43.25503064936304,43.25503064936304
191,t,43.25503064936304,43.25503064936304
192,c,43.25503064936304,43.25503064936304
193,c,43.25503064936304,43.25503064936304
194,c,43.25503064936304,43.25503064936304
195,t,43.25503064936304,43.25503064936304
196,c,43.25503064936304,43.25503064936304
197,c,43.25503064936304,43.25503064936304
198,c,43.25503064936304,43.25503064936304
199,c,43.25503064936304,43.25503064936304
200,t,43.25503064936304,43.25503064936304
201,t,43.25503064936304,43.25503064936304
202,c,43.25503064936304,43.25503064936304
203,c,43.25503064936304,43.25503064936304
204,c,43.25503064936304,43.25503064936304
205,c,43.25503064936304,43.25503064936304
206,c,43.25503064936304,43.25503064936304
207,c,43.25503064936304,43.25503064936304
208,c,43.25503064936304,43.25503064936304
209,c,43.25503064936304,43.25503064936304
210,t,43.25503064936304,43.25503064936304
211,c,43.25503064936304,43.25503064936304
212,c,43.25503064936304,43.25503064936304
213,c,43.25503064936304,43.25503064936304
214,c,43.25503064936304,43.25503064936304
215,t,43.25503064936304,43.25503064936304
216,c,43.25503064936304,43.25503064936304
217,c,43.25503064936304,43.25503064936304
218,c,43.25503064936304,43.25503064936304
219,c,43.25503064936304,43.25503064936304
220,c,43.25503064936304,43.25503064936304
221,c,43.25503064936304,43.25503064936304
222,c,43.25503064936304,43.25503064936304
223,c,43.25503064936304,43.25503064936304
224,c,43.25503064936304,43.25503064936304
225,c,43.25503064936304,43.25503064936304
226,c,43.25503064936304,43.25503064936304
227,c,43.25503064936304,43.25503064936304
228,c,43.25503064936304,43.25503064936304
229,c,43.25503064936304,43.25503064936304
230,c,43.25503064936304,43.25503064936304
231,c,43.25503064936304,43.25503064936304
232,c,43.25503064936304,43.25503064936304
233,c,43.25503064936304,43.25503064936304
234,c,43.25503064936304,43.25503064936304
235,c,43.25503064936304,43.25503064936304
236,c,43.25503064936304,43.25503064936304
237,c,43.25503064936304,43.25503064936304
238,t,43.25503064936304,43.25503064936304
239,c,43.25503064936304,43.25503064936304
240,c,43.25503064936304,43.25503064936304
241,c,43.25503064936304,43.25503064936304
242,c,43.25503064936304,43.25503064936304
243,c,43.25503064936304,43.25503064936304
244,c,43.25503064936304,43.25503064936304
245,c,43.25503064936304,43.25503064936304
246,c,43.25503064936304,43.25503064936304
247,c,43.25503064936304,43.25503064936304
248,c,43.25503064936304,43.25503064936304
249,c,43.25503064936304,43.25503064936304
250,c,43.25503064936304,43.25503064936304
251,c,43.25503064936304,43.25503064936304
252,c,43.25503064936304,43.25503064936304
253,t,43.25503064936304,43.25503064936304
254,c,43.25503064936304,43.25503064936304
255,c,43.25503064936304,43.25503064936304
256,c,43.25503064936304,43.25503064936304
257,c,43.25503064936304,43.25503064936304
258,c,43.25503064936304,43.25503064936304
259,c,43.25503064936304,43.25503064936304
260,t,43.25503064936304,43.25503064936304
261,c,43.25503064936304,43.25503064936304
262,c,43.25503064936304,43.25503064936304
263,c,43.25503064936304,43.25503064936304
264,c,43.25503064936304,43.25503064936304
265,c,43.25503064936304,43.25503064936304
266,c,43.25503064936304,43.25503064936304
267,c,43.25503064936304,43.25503064936304
268,c,43.25503064936304,43.25503064936304
269,c,43.25503064936304,43.25503064936304
270,c,43.25503064936304,43.25503064936304
271,c,43.25503064936304,43.25503064936304
272,c,43.25503064936304,43.25503064936304
273,t,43.25503064936304,43.25503064936304
274,t,43.25503064936304,43.25503064936304
275,c,43.25503064936304,43.25503064936304
276,t,43.25503064936304,43.25503064936304
277,c,43.25503064936304,43.25503064936304
278,c,43.25503064936304,43.25503064936304
279,c,43.25503064936304,43.25503064936304
280,c,43.25503064936304,43.25503064936304
281,t,43.25503064936304,43.25503064936304
282,c,43.25503064936304,43.25503064936304
283,c,15.48373337193,17.624607636998984
284,c,43.25503064936304,43.25503064936304
285,c,43.25503064936304,43.25503064936304
286,c,43.25503064936304,43.25503064936304
287,t,43.25503064936304,43.25503064936304
288,c,43.25503064936304,43.25503064936304
289,c,43.25503064936304,43.25503064936304
290,c,43.25503064936304,43.25503064936304
291,c,43.25503064936304,43.25503064936304
292,c,43.25503064936304,43.25503064936304
293,c,43.25503064936304,43.25503064936304
294,c,43.25503064936304,43.25503064936304
295,c,43.25503064936304,43.25503064936304
296,c,43.25503064936304,43.25503064936304
297,t,43.25503064936304,43.25503064936304
298,c,43.25503064936304,43.25503064936304
299,c,43.25503064936304,43.25503064936304
300,c,43.25503064936304,43.25503064936304
301,c,43.25503064936304,43.25503064936304
302,c,43.25503064936304,43.25503064936304
303,c,43.25503064936304,43.25503064936304
304,c,43.25503064936304,43.25503064936304
305,c,43.25503064936304,43.25503064936304
306,t,43.25503064936304,43.25503064936304
307,c,43.25503064936304,43.25503064936304
308,c,43.25503064936304,43.25503064936304
309,c,43.25503064936304,43.25503064936304
310,c,43.25503064936304,43.25503064936304
311,c,43.25503064936304,43.25503064936304
312,c,43.25503064936304,43.25503064936304
313,c,43.25503064936304,43.25503064936304
314,c,43.25503064936304,43.25503064936304
315,c,43.25503064936304,43.25503064936304
316,t,43.25503064936304,43.25503064936304
317,c,43.25503064936304,43.25503064936304
318,c,43.25503064936304,43.25503064936304
319,t,43.25503064936304,43.25503064936304
320,c,43.25503064936304,43.25503064936304
321,c,43.25503064936304,43.25503064936304
322,c,43.25503064936304,43.25503064936304
323,t,43.25503064936304,43.25503064936304
324,c,43.25503064936304,43.25503064936304
325,t,43.25503064936304,43.25503064936304
326,c,43.25503064936304,43.25503064936304
327,t,43.25503064936304,43.25503064936304
328,c,43.25503064936304,43.25503064936304
329,t,43.25503064936304,43.25503064936304
330,c,43.25503064936304,43.25503064936304
331,c,43.25503064936304,43.25503064936304
332,c,43.25503064936304,43.25503064936304
333,c,43.25503064936304,43.25503064936304
334,c,43.25503064936304,43.25503064936304
335,c,43.25503064936304,43.25503064936304
336,c,43.25503064936304,43.25503064936304
337,c,43.25503064936304,43.25503064936304
338,c,43.25503064936304,43.25503064936304
339,c,43.25503064936304,43.25503064936304
340,c,43.25503064936304,43.25503064936304
341,c,43.25503064936304,43.25503064936304
342,c,43.25503064936304,43.25503064936304
343,t,43.25503064936304,43.25503064936304
344,c,43.25503064936304,43.25503064936304
345,c,43.25503064936304,43.25503064936304
346,c,43.25503064936304,43.25503064936304
347,t,43.25503064936304,43.25503064936304
348,c,43.25503064936304,43.25503064936304
349,c,43.25503064936304,43.25503064936304
350,c,43.25503064936304,43.25503064936304
351,c,43.25503064936304,43.25503064936304
352,c,43.25503064936304,43.25503064936304
353,t,43.25503064936304,43.25503064936304
354,t,43.25503064936304,43.25503064936304
355,c,43.25503064936304,43.25503064936304
356,c,43.25503064936304,43.25503064936304
357,c,43.25503064936304,43.25503064936304
358,c,43.25503064936304,43.25503064936304
359,c,43.25503064936304,43.25503064936304
360,c,43.25503064936304,43.25503064936304
361,c,43.25503064936304,43.25503064936304
362,c,43.25503064936304,43.25503064936304
363,c,43.25503064936304,43.25503064936304
364,t,43.25503064936304,43.25503064936304
365,c,43.25503064936304,43.25503064936304
366,c,43.25503064936304,43.25503064936304
367,c,43.25503064936304,43.25503064936304
368,c,43.25503064936304,43.25503064936304
369,t,43.25503064936304,43.25503064936304
370,c,43.25503064936304,43.25503064936304
371,c,43.25503064936304,43.25503064936304
372,c,43.25503064936304,43.25503064936304
373,c,43.25503064936304,43.25503064936304
374,c,43.25503064936304,43.25503064936304
375,c,43.25503064936304,43.25503064936304
376,c,43.25503064936304,43.25503064936304
377,t,43.25503064936304,43.25503064936304
378,t,43.25503064936304,43.25503064936304
379,c,43.25503064936304,43.25503064936304
380,c,43.25503064936304,43.25503064936304
381,c,43.25503064936304,43.25503064936304
382,c,43.25503064936304,43.25503064936304
383,c,43.25503064936304,43.25503064936304
384,c,43.25503064936304,43.25503064936304
385,c,43.25503064936304,43.25503064936304
386,c,43.25503064936304,43.25503064936304
387,c,43.25503064936304,43.25503064936304
388,c,43.25503064936304,43.25503064936304
389,c,43.25503064936304,43.25503064936304
390,t,43.25503064936304,43.25503064936304
391,c,43.25503064936304,43.25503064936304
392,c,43.25503064936304,43.25503064936304
393,c,43.25503064936304,43.25503064936304
394,c,43.25503064936304,43.25503064936304
395,c,43.25503064936304,43.25503064936304
396,c,43.25503064936304,43.25503064936304
397,c,43.25503064936304,43.25503064936304
398,c,43.25503064936304,43.25503064936304
399,c,43.25503064936304,43.25503064936304
400,t,43.25503064936304,43.25503064936304
401,c,43.25503064936304,43.25503064936304
402,c,43.25503064936304,43.25503064936304
403,c,43.25503064936304,43.25503064936304
404,c,43.25503064936304,43.25503064936304
405,c,43.25503064936304,43.25503064936304
406,c,43.25503064936304,43.25503064936304
407,na,7.856642665185261,9.861444329620989
408,c,43.25503064936304,43.25503064936304
409,t,43.25503064936304,43.25503064936304
410,c,43.25503064936304,43.25503064936304
411,c,43.25503064936304,43.25503064936304
412,c,43.25503064936304,43.25503064936304
413,c,43.25503064936304,43.25503064936304
414,c,43.25503064936304,43.25503064936304
415,c,43.25503064936304,43.25503064936304
416,c,43.25503064936304,43.25503064936304
417,c,43.25503064936304,43.25503064936304
418,c,6.296168808380379,8.960814963843442
419,c,43.25503064936304,43.25503064936304
420,c,43.25503064936304,43.25503064936304
421,t,43.25503064936304,43.25503064936304
422,c,43.25503064936304,43.25503064936304
423,c,43.25503064936304,43.25503064936304
424,c,43.25503064936304,43.25503064936304
425,c,43.25503064936304,43.25503064936304
426,c,43.25503064936304,43.25503064936304
427,c,43.25503064936304,43.25503064936304
428,c,43.25503064936304,43.25503064936304
429,c,43.25503064936304,43.25503064936304
430,c,43.25503064936304,43.25503064936304
431,c,43.25503064936304,43.25503064936304
432,c,43.25503064936304,43.25503064936304
433,c,43.25503064936304,43.25503064936304
434,c,43.25503064936304,43.25503064936304
435,t,43.25503064936304,43.25503064936304
436,c,43.25503064936304,43.25503064936304
437,c,43.25503064936304,43.25503064936304
438,c,43.25503064936304,43.25503064936304
439,c,43.25503064936304,43.25503064936304
440,c,43.25503064936304,43.25503064936304
441,c,43.25503064936304,43.25503064936304
442,c,43.25503064936304,43.25503064936304
443,c,43.25503064936304,43.25503064936304
444,t,43.25503064936304,43.25503064936304
445,c,43.25503064936304,43.25503064936304
446,t,43.25503064936304,43.25503064936304
447,c,43.25503064936304,43.25503064936304
448,c,43.25503064936304,43.25503064936304
449,t,43.25503064936304,43.25503064936304
450,c,43.25503064936304,43.25503064936304
451,t,43.25503064936304,43.25503064936304
452,c,43.25503064936304,43.25503064936304
453,c,43.25503064936304,43.25503064936304
454,c,43.25503064936304,43.25503064936304
455,c,43.25503064936304,43.25503064936304
456,c,22.878505537211183,31.27428185771095
457,c,43.25503064936304,43.25503064936304
458,c,43.25503064936304,43.25503064936304
459,c,43.25503064936304,43.25503064936304
460,c,43.25503064936304,43.25503064936304
461,c,43.25503064936304,43.25503064936304
462,c,43.25503064936304,43.25503064936304
463,t,43.25503064936304,43.25503064936304
464,c,43.25503064936304,43.25503064936304
465,c,43.25503064936304,43.25503064936304
466,c,43.25503064936304,43.25503064936304
467,c,43.25503064936304,43.25503064936304
468,c,43.25503064936304,43.25503064936304
469,t,43.25503064936304,43.25503064936304
470,c,43.25503064936304,43.25503064936304
471,c,43.25503064936304,43.25503064936304
472,c,43.25503064936304,43.25503064936304
473,c,43.25503064936304,43.25503064936304
474,c,43.25503064936304,43.25503064936304
475,c,43.25503064936304,43.25503064936304
476,t,43.25503064936304,43.25503064936304
477,t,43.25503064936304,43.25503064936304
478,c,43.25503064936304,43.25503064936304
479,t,43.25503064936304,43.25503064936304
480,t,43.25503064936304,43.25503064936304
481,c,43.25503064936304,43.25503064936304
482,c,43.25503064936304,43.25503064936304
483,c,43.25503064936304,43.25503064936304
484,c,43.25503064936304,43.25503064936304
485,c,43.25503064936304,43.25503064936304
486,c,43.25503064936304,43.25503064936304
487,t,43.25503064936304,43.25503064936304
488,c,43.25503064936304,43.25503064936304
489,c,43.25503064936304,43.25503064936304
490,t,43.25503064936304,43.25503064936304
491,c,43.25503064936304,43.25503064936304
492,c,43.25503064936304,43.25503064936304
493,c,43.25503064936304,43.25503064936304
494,t,43.25503064936304,43.25503064936304
495,t,43.25503064936304,43.25503064936304
496,c,43.25503064936304,43.25503064936304
497,c,43.25503064936304,43.25503064936304
498,t,43.25503064936304,43.25503064936304
499,t,43.25503064936304,43.25503064936304
500,c,43.25503064936304,43.25503064936304
501,c,23.102585357391735,30.11778957581532
502,c,43.25503064936304,43.25503064936304
503,c,43.25503064936304,43.25503064936304
504,c,43.25503064936304,43.25503064936304
505,c,43.25503064936304,43.25503064936304
506,c,43.25503064936304,43.25503064936304
507,c,43.25503064936304,43.25503064936304
508,c,43.25503064936304,43.25503064936304
509,c,43.25503064936304,43.25503064936304
510,c,43.25503064936304,43.25503064936304
511,c,43.25503064936304,43.25503064936304
512,c,43.25503064936304,43.25503064936304
513,c,43.25503064936304,43.25503064936304
514,c,43.25503064936304,43.25503064936304
515,c,43.25503064936304,43.25503064936304
516,c,43.25503064936304,43.25503064936304
517,c,43.25503064936304,43.25503064936304
518,c,43.25503064936304,43.25503064936304
519,c,43.25503064936304,43.25503064936304
520,c,43.25503064936304,43.25503064936304
521,c,43.25503064936304,43.25503064936304
522,c,43.25503064936304,43.25503064936304
523,c,43.25503064936304,43.25503064936304
524,c,43.25503064936304,43.25503064936304
525,c,43.25503064936304,43.25503064936304
526,c,43.25503064936304,43.25503064936304
527,c,43.25503064936304,43.25503064936304
528,c,43.25503064936304,43.25503064936304
529,c,43.25503064936304,43.25503064936304
530,c,43.25503064936304,43.25503064936304
531,c,43.25503064936304,43.25503064936304
532,c,43.25503064936304,43.25503064936304
533,c,43.25503064936304,43.25503064936304
534,c,43.25503064936304,43.25503064936304
535,c,43.25503064936304,43.25503064936304
536,c,43.25503064936304,43.25503064936304
537,c,13.680454860628819,14.016385967436719
538,c,43.25503064936304,43.25503064936304
539,c,43.25503064936304,43.25503064936304
540,c,43.25503064936304,43.25503064936304
541,c,43.25503064936304,43.25503064936304
542,c,43.25503064936304,43.25503064936304
543,t,43.25503064936304,43.25503064936304
544,t,43.25503064936304,43.25503064936304
545,c,43.25503064936304,43.25503064936304
546,c,43.25503064936304,43.25503064936304
547,t,43.25503064936304,43.25503064936304
548,c,43.25503064936304,43.25503064936304
549,t,43.25503064936304,43.25503064936304
550,c,43.25503064936304,43.25503064936304
551,c,43.25503064936304,43.25503064936304
552,c,43.25503064936304,43.25503064936304
553,c,43.25503064936304,43.25503064936304
554,c,43.25503064936304,43.25503064936304
555,na,1.0272432771366597,4.6231898159452784
556,c,4.587306797216604,6.832902389795761
557,t,43.25503064936304,43.25503064936304
558,c,43.25503064936304,43.25503064936304
559,c,43.25503064936304,43.25503064936304
560,c,43.25503064936304,43.25503064936304
561,c,43.25503064936304,43.25503064936304
562,t,43.25503064936304,43.25503064936304
563,c,43.25503064936304,43.25503064936304
564,t,43.25503064936304,43.25503064936304
565,t,43.25503064936304,43.25503064936304
566,t,43.25503064936304,43.25503064936304
567,c,43.25503064936304,43.25503064936304
568,c,43.25503064936304,43.25503064936304
569,c,43.25503064936304,43.25503064936304
570,c,43.25503064936304,43.25503064936304
571,na,-1,0
572,c,43.25503064936304,43.25503064936304
573,c,43.25503064936304,43.25503064936304
574,c,43.25503064936304,43.25503064936304
575,c,43.25503064936304,43.25503064936304
576,c,43.25503064936304,43.25503064936304
577,c,43.25503064936304,43.25503064936304
578,c,43.25503064936304,43.25503064936304
579,c,43.25503064936304,43.25503064936304
580,c,43.25503064936304,43.25503064936304
581,c,43.25503064936304,43.25503064936304
582,na,7.79032899435029,43.25503064936304
583,c,43.25503064936304,43.25503064936304
584,c,43.25503064936304,43.25503064936304
585,c,43.25503064936304,43.25503064936304
586,c,43.25503064936304,43.25503064936304
587,t,43.25503064936304,43.25503064936304
588,c,43.25503064936304,43.25503064936304
589,c,43.25503064936304,43.25503064936304
590,c,43.25503064936304,43.25503064936304
591,c,43.25503064936304,43.25503064936304
592,c,43.25503064936304,43.25503064936304
593,t,43.25503064936304,43.25503064936304
594,c,43.25503064936304,43.25503064936304
595,c,43.25503064936304,43.25503064936304
596,c,43.25503064936304,43.25503064936304
597,c,43.25503064936304,43.25503064936304
598,t,43.25503064936304,43.25503064936304
599,c,43.25503064936304,43.25503064936304
600,c,43.25503064936304,43.25503064936304
601,t,43.25503064936304,43.25503064936304
602,t,43.25503064936304,43.25503064936304
603,c,43.25503064936304,43.25503064936304
604,c,43.25503064936304,43.25503064936304
605,c,43.25503064936304,43.25503064936304
606,t,43.25503064936304,43.25503064936304
607,c,43.25503064936304,43.25503064936304
608,c,43.25503064936304,43.25503064936304
609,c,43.25503064936304,43.25503064936304
610,t,43.25503064936304,43.25503064936304
611,t,43.25503064936304,43.25503064936304
612,c,43.25503064936304,43.25503064936304
613,c,43.25503064936304,43.25503064936304
614,c,43.25503064936304,43.25503064936304
615,c,43.25503064936304,43.25503064936304
616,t,43.25503064936304,43.25503064936304
617,c,43.25503064936304,43.25503064936304
618,c,43.25503064936304,43.25503064936304
619,t,43.25503064936304,43.25503064936304
620,c,43.25503064936304,43.25503064936304
621,c,43.25503064936304,43.25503064936304
622,c,43.25503064936304,43.25503064936304
623,c,43.25503064936304,43.25503064936304
624,c,43.25503064936304,43.25503064936304
625,c,43.25503064936304,43.25503064936304
626,c,43.25503064936304,43.25503064936304
627,c,43.25503064936304,43.25503064936304
628,t,43.25503064936304,43.25503064936304
629,t,43.25503064936304,43.25503064936304
630,c,43.25503064936304,43.25503064936304
631,c,43.25503064936304,43.25503064936304
632,c,43.25503064936304,43.25503064936304
633,c,43.25503064936304,43.25503064936304
634,c,43.25503064936304,43.25503064936304
635,c,43.25503064936304,43.25503064936304
636,c,43.25503064936304,43.25503064936304
637,c,43.25503064936304,43.25503064936304
638,t,43.25503064936304,43.25503064936304
639,c,43.25503064936304,43.25503064936304
640,t,43.25503064936304,43.25503064936304
641,t,43.25503064936304,43.25503064936304
642,c,43.25503064936304,43.25503064936304
643,c,43.25503064936304,43.25503064936304
644,c,43.25503064936304,43.25503064936304
645,c,43.25503064936304,43.25503064936304
646,t,43.25503064936304,43.25503064936304
647,c,43.25503064936304,43.25503064936304
648,t,43.25503064936304,43.25503064936304
649,c,43.25503064936304,43.25503064936304
650,t,43.25503064936304,43.25503064936304
651,c,43.25503064936304,43.25503064936304
652,t,43.25503064936304,43.25503064936304
653,t,43.25503064936304,43.25503064936304
654,c,43.25503064936304,43.25503064936304
655,c,43.25503064936304,43.25503064936304
656,c,43.25503064936304,43.25503064936304
657,c,43.25503064936304,43.25503064936304
658,c,43.25503064936304,43.25503064936304
659,t,43.25503064936304,43.25503064936304
660,c,43.25503064936304,43.25503064936304
661,c,43.25503064936304,43.25503064936304
662,c,43.25503064936304,43.25503064936304
663,c,15.942182986406703,32.13820925169469
664,c,43.25503064936304,43.25503064936304
665,t,43.25503064936304,43.25503064936304
666,t,43.25503064936304,43.25503064936304
667,c,43.25503064936304,43.25503064936304
668,t,43.25503064936304,43.25503064936304
669,t,43.25503064936304,43.25503064936304
670,c,43.25503064936304,43.25503064936304
671,t,43.25503064936304,43.25503064936304
672,t,43.25503064936304,43.25503064936304
673,c,43.25503064936304,43.25503064936304
674,t,43.25503064936304,43.25503064936304
675,c,43.25503064936304,43.25503064936304
676,c,43.25503064936304,43.25503064936304
677,t,43.25503064936304,43.25503064936304
678,c,43.25503064936304,43.25503064936304
679,c,43.25503064936304,43.25503064936304
680,t,43.25503064936304,43.25503064936304
681,c,43.25503064936304,43.25503064936304
682,c,43.25503064936304,43.25503064936304
683,c,43.25503064936304,43.25503064936304
684,c,43.25503064936304,43.25503064936304
685,c,43.25503064936304,43.25503064936304
686,c,43.25503064936304,43.25503064936304
687,c,43.25503064936304,43.25503064936304
688,t,43.25503064936304,43.25503064936304
689,t,43.25503064936304,43.25503064936304
690,t,43.25503064936304,43.25503064936304
691,c,43.25503064936304,43.25503064936304
692,c,43.25503064936304,43.25503064936304
693,c,43.25503064936304,43.25503064936304
694,c,43.25503064936304,43.25503064936304
695,c,43.25503064936304,43.25503064936304
696,t,43.25503064936304,43.25503064936304
697,c,43.25503064936304,43.25503064936304
698,c,43.25503064936304,43.25503064936304
699,c,43.25503064936304,43.25503064936304
700,c,43.25503064936304,43.25503064936304
701,t,43.25503064936304,43.25503064936304
702,c,43.25503064936304,43.25503064936304
703,c,43.25503064936304,43.25503064936304
704,c,43.25503064936304,43.25503064936304
705,c,43.25503064936304,43.25503064936304
706,c,43.25503064936304,43.25503064936304
707,c,43.25503064936304,43.25503064936304
708,c,43.25503064936304,43.25503064936304
709,t,43.25503064936304,43.25503064936304
710,c,43.25503064936304,43.25503064936304
711,t,43.25503064936304,43.25503064936304
712,c,43.25503064936304,43.25503064936304
713,t,43.25503064936304,43.25503064936304
714,c,43.25503064936304,43.25503064936304
715,c,43.25503064936304,43.25503064936304
716,na,0,0.3896475545689612
717,c,43.25503064936304,43.25503064936304
718,c,43.25503064936304,43.25503064936304
719,c,43.25503064936304,43.25503064936304
720,c,43.25503064936304,43.25503064936304
721,c,43.25503064936304,43.25503064936304
722,c,43.25503064936304,43.25503064936304
723,c,43.25503064936304,43.25503064936304
724,c,43.25503064936304,43.25503064936304
725,c,43.25503064936304,43.25503064936304
726,c,43.25503064936304,43.25503064936304
727,t,43.25503064936304,43.25503064936304
728,c,43.25503064936304,43.25503064936304
729,t,43.25503064936304,43.25503064936304
730,c,43.25503064936304,43.25503064936304
731,c,43.25503064936304,43.25503064936304
732,c,43.25503064936304,43.25503064936304
733,c,43.25503064936304,43.25503064936304
734,c,43.25503064936304,43.25503064936304
735,c,43.25503064936304,43.25503064936304
736,c,43.25503064936304,43.25503064936304
737,c,43.25503064936304,43.25503064936304
738,c,43.25503064936304,43.25503064936304
739,c,43.25503064936304,43.25503064936304
740,t,43.25503064936304,43.25503064936304
741,c,43.25503064936304,43.25503064936304
742,c,43.25503064936304,43.25503064936304
743,c,43.25503064936304,43.25503064936304
744,c,43.25503064936304,43.25503064936304
745,c,43.25503064936304,43.25503064936304
746,c,43.25503064936304,43.25503064936304
747,t,43.25503064936304,43.25503064936304
748,c,43.25503064936304,43.25503064936304
749,c,43.25503064936304,43.25503064936304
750,c,43.25503064936304,43.25503064936304
751,c,43.25503064936304,43.25503064936304
752,c,43.25503064936304,43.25503064936304
753,c,43.25503064936304,43.25503064936304
754,c,43.25503064936304,43.25503064936304
755,c,43.25503064936304,43.25503064936304
756,c,43.25503064936304,43.25503064936304
757,c,43.25503064936304,43.25503064936304
758,c,43.25503064936304,43.25503064936304
759,t,43.25503064936304,43.25503064936304
760,t,43.25503064936304,43.25503064936304
761,c,43.25503064936304,43.25503064936304
762,t,43.25503064936304,43.25503064936304
763,c,43.25503064936304,43.25503064936304
764,t,43.25503064936304,43.25503064936304
765,t,43.25503064936304,43.25503064936304
766,c,43.25503064936304,43.25503064936304
767,c,3.7895409245314093,8.916496026382132
768,c,43.25503064936304,43.25503064936304
769,c,43.25503064936304,43.25503064936304
770,c,43.25503064936304,43.25503064936304
771,c,43.25503064936304,43.25503064936304
772,c,43.25503064936304,43.25503064936304
773,c,43.25503064936304,43.25503064936304
774,c,43.25503064936304,43.25503064936304
775,t,43.25503064936304,43.25503064936304
776,t,43.25503064936304,43.25503064936304
777,c,43.25503064936304,43.25503064936304
778,c,43.25503064936304,43.25503064936304
779,c,11.785534366988353,16.12790793897012
780,c,43.25503064936304,43.25503064936304
781,c,43.25503064936304,43.25503064936304
782,c,43.25503064936304,43.25503064936304
783,c,43.25503064936304,43.25503064936304
784,c,43.25503064936304,43.25503064936304
785,c,43.25503064936304,43.25503064936304
786,c,43.25503064936304,43.25503064936304
787,c,43.25503064936304,43.25503064936304
788,c,43.25503064936304,43.25503064936304
789,t,43.25503064936304,43.25503064936304
790,c,43.25503064936304,43.25503064936304
791,c,43.25503064936304,43.25503064936304
792,t,43.25503064936304,43.25503064936304
793,c,43.25503064936304,43.25503064936304
794,c,43.25503064936304,43.25503064936304
795,c,43.25503064936304,43.25503064936304
796,t,43.25503064936304,43.25503064936304
797,c,43.25503064936304,43.25503064936304
798,c,43.25503064936304,43.25503064936304
799,c,43.25503064936304,43.25503064936304
800,c,43.25503064936304,43.25503064936304
801,c,43.25503064936304,43.25503064936304
802,c,43.25503064936304,43.25503064936304
803,c,43.25503064936304,43.25503064936304
804,c,43.25503064936304,43.25503064936304
805,na,14.267389770150615,23.009643542203474
806,c,43.25503064936304,43.25503064936304
807,c,43.25503064936304,43.25503064936304
808,c,43.25503064936304,43.25503064936304
809,c,43.25503064936304,43.25503064936304
810,c,43.25503064936304,43.25503064936304
811,c,43.25503064936304,43.25503064936304
812,c,43.25503064936304,43.25503064936304
813,c,43.25503064936304,43.25503064936304
814,c,43.25503064936304,43.25503064936304
815,c,43.25503064936304,43.25503064936304
816,c,43.25503064936304,43.25503064936304
817,c,43.25503064936304,43.25503064936304
818,c,43.25503064936304,43.25503064936304
819,c,43.25503064936304,43.25503064936304
820,c,8.74036729484942,13.017632689127916
821,c,43.25503064936304,43.25503064936304
822,c,43.25503064936304,43.25503064936304
823,c,43.25503064936304,43.25503064936304
824,c,43.25503064936304,43.25503064936304
825,c,43.25503064936304,43.25503064936304
826,c,43.25503064936304,43.25503064936304
827,c,43.25503064936304,43.25503064936304
828,c,43.25503064936304,43.25503064936304
829,c,43.25503064936304,43.25503064936304
830,c,43.25503064936304,43.25503064936304
831,t,43.25503064936304,43.25503064936304
832,c,43.25503064936304,43.25503064936304
833,c,43.25503064936304,43.25503064936304
834,t,43.25503064936304,43.25503064936304
835,c,43.25503064936304,43.25503064936304
836,c,43.25503064936304,43.25503064936304
837,c,43.25503064936304,43.25503064936304
838,t,43.25503064936304,43.25503064936304
839,c,43.25503064936304,43.25503064936304
840,c,43.25503064936304,43.25503064936304
841,t,43.25503064936304,43.25503064936304
842,t,43.25503064936304,43.25503064936304
843,c,43.25503064936304,43.25503064936304
844,c,43.25503064936304,43.25503064936304
845,c,43.25503064936304,43.25503064936304
846,t,43.25503064936304,43.25503064936304
847,t,43.25503064936304,43.25503064936304
848,c,43.25503064936304,43.25503064936304
849,t,43.25503064936304,43.25503064936304
850,c,43.25503064936304,43.25503064936304
851,c,43.25503064936304,43.25503064936304
852,c,43.25503064936304,43.25503064936304
853,c,43.25503064936304,43.25503064936304
854,c,43.25503064936304,43.25503064936304
855,c,43.25503064936304,43.25503064936304
856,c,43.25503064936304,43.25503064936304
857,c,43.25503064936304,43.25503064936304
858,c,43.25503064936304,43.25503064936304
859,t,43.25503064936304,43.25503064936304
860,c,43.25503064936304,43.25503064936304
861,c,43.25503064936304,43.25503064936304
862,c,43.25503064936304,43.25503064936304
863,c,43.25503064936304,43.25503064936304
864,t,43.25503064936304,43.25503064936304
865,na,-1,0
866,c,43.25503064936304,43.25503064936304
867,c,43.25503064936304,43.25503064936304
868,t,43.25503064936304,43.25503064936304
869,c,43.25503064936304,43.25503064936304
870,c,43.25503064936304,43.25503064936304
871,c,43.25503064936304,43.25503064936304
872,c,43.25503064936304,43.25503064936304
873,c,43.25503064936304,43.25503064936304
874,c,43.25503064936304,43.25503064936304
875,c,43.25503064936304,43.25503064936304
876,c,43.25503064936304,43.25503064936304
877,c,43.25503064936304,43.25503064936304
878,c,43.25503064936304,43.25503064936304
879,t,43.25503064936304,43.25503064936304
880,c,43.25503064936304,43.25503064936304
881,c,43.25503064936304,43.25503064936304
882,c,43.25503064936304,43.25503064936304
883,t,43.25503064936304,43.25503064936304
884,t,43.25503064936304,43.25503064936304
885,c,43.25503064936304,43.25503064936304
886,t,43.25503064936304,43.25503064936304
887,c,43.25503064936304,43.25503064936304
888,c,43.25503064936304,43.25503064936304
889,c,43.25503064936304,43.25503064936304
890,c,43.25503064936304,43.25503064936304
891,c,43.25503064936304,43.25503064936304
892,c,43.25503064936304,43.25503064936304
893,c,43.25503064936304,43.25503064936304
894,c,43.25503064936304,43.25503064936304
895,c,43.25503064936304,43.25503064936304
896,c,43.25503064936304,43.25503064936304
897,c,43.25503064936304,43.25503064936304
898,c,43.25503064936304,43.25503064936304
899,c,43.25503064936304,43.25503064936304
900,c,43.25503064936304,43.25503064936304
901,c,43.25503064936304,43.25503064936304
902,t,43.25503064936304,43.25503064936304
903,c,43.25503064936304,43.25503064936304
904,c,43.25503064936304,43.25503064936304
905,c,43.25503064936304,43.25503064936304
906,c,43.25503064936304,43.25503064936304
907,c,43.25503064936304,43.25503064936304
908,c,43.25503064936304,43.25503064936304
909,c,43.25503064936304,43.25503064936304
910,c,43.25503064936304,43.25503064936304
911,c,43.25503064936304,43.25503064936304
912,c,43.25503064936304,43.25503064936304
913,c,43.25503064936304,43.25503064936304
914,c,43.25503064936304,43.25503064936304
915,c,43.25503064936304,43.25503064936304
916,t,43.25503064936304,43.25503064936304
917,c,43.25503064936304,43.25503064936304
918,t,43.25503064936304,43.25503064936304
919,c,43.25503064936304,43.25503064936304
920,c,43.25503064936304,43.25503064936304
921,c,43.25503064936304,43.25503064936304
922,t,43.25503064936304,43.25503064936304
923,t,43.25503064936304,43.25503064936304
924,c,43.25503064936304,43.25503064936304
925,c,43.25503064936304,43.25503064936304
926,c,43.25503064936304,43.25503064936304
927,c,43.25503064936304,43.25503064936304
928,t,43.25503064936304,43.25503064936304
929,c,43.25503064936304,43.25503064936304
930,c,43.25503064936304,43.25503064936304
931,c,43.25503064936304,43.25503064936304
932,c,43.25503064936304,43.25503064936304
933,c,43.25503064936304,43.25503064936304
934,c,43.25503064936304,43.25503064936304
935,t,43.25503064936304,43.25503064936304
936,c,43.25503064936304,43.25503064936304
937,c,43.25503064936304,43.25503064936304
938,c,43.25503064936304,43.25503064936304
939,c,43.25503064936304,43.25503064936304
940,c,43.25503064936304,43.25503064936304
941,c,43.25503064936304,43.25503064936304
942,c,43.25503064936304,43.25503064936304
943,c,43.25503064936304,43.25503064936304
944,c,43.25503064936304,43.25503064936304
945,c,43.25503064936304,43.25503064936304
946,c,43.25503064936304,43.25503064936304
947,c,43.25503064936304,43.25503064936304
948,t,43.25503064936304,43.25503064936304
949,c,43.25503064936304,43.25503064936304
950,c,43.25503064936304,43.25503064936304
951,c,43.25503064936304,43.25503064936304
952,c,43.25503064936304,43.25503064936304
953,c,43.25503064936304,43.25503064936304
954,c,43.25503064936304,43.25503064936304
955,c,43.25503064936304,43.25503064936304
956,c,43.25503064936304,43.25503064936304
957,t,43.25503064936304,43.25503064936304
958,c,43.25503064936304,43.25503064936304
959,c,43.25503064936304,43.25503064936304
960,c,43.25503064936304,43.25503064936304
961,c,43.25503064936304,43.25503064936304
962,t,43.25503064936304,43.25503064936304
963,c,43.25503064936304,43.25503064936304
964,c,43.25503064936304,43.25503064936304
965,c,43.25503064936304,43.25503064936304
966,c,43.25503064936304,43.25503064936304
967,c,43.25503064936304,43.25503064936304
968,c,43.25503064936304,43.25503064936304
969,c,43.25503064936304,43.25503064936304
970,t,43.25503064936304,43.25503064936304
971,c,43.25503064936304,43.25503064936304
972,c,43.25503064936304,43.25503064936304
973,c,43.25503064936304,43.25503064936304
974,c,43.25503064936304,43.25503064936304
975,c,43.25503064936304,43.25503064936304
976,c,43.25503064936304,43.25503064936304
977,c,19.790814649522886,43.25503064936304
978,c,43.25503064936304,43.25503064936304
979,c,43.25503064936304,43.25503064936304
980,c,43.25503064936304,43.25503064936304
981,c,43.25503064936304,43.25503064936304
982,t,43.25503064936304,43.25503064936304
983,t,43.25503064936304,43.25503064936304
984,c,43.25503064936304,43.25503064936304
985,c,43.25503064936304,43.25503064936304
986,c,43.25503064936304,43.25503064936304
987,c,43.25503064936304,43.25503064936304
988,c,43.25503064936304,43.25503064936304
989,t,43.25503064936304,43.25503064936304
990,c,22.227577949544013,23.76924118935595
991,c,43.25503064936304,43.25503064936304
992,c,43.25503064936304,43.25503064936304
993,c,43.25503064936304,43.25503064936304
994,c,43.25503064936304,43.25503064936304
995,c,43.25503064936304,43.25503064936304
996,c,43.25503064936304,43.25503064936304
997,c,43.25503064936304,43.25503064936304
998,t,43.25503064936304,43.25503064936304
999,c,43.25503064936304,43.25503064936304
1000,c,43.25503064936304,43.25503064936304
1001,c,43.25503064936304,43.25503064936304
1002,c,43.25503064936304,43.25503064936304
1003,c,43.25503064936304,43.25503064936304
1004,c,43.25503064936304,43.25503064936304
1005,c,43.25503064936304,43.25503064936304
1006,c,43.25503064936304,43.25503064936304
1007,c,43.25503064936304,43.25503064936304
1008,c,43.25503064936304,43.25503064936304
1009,c,43.25503064936304,43.25503064936304
1010,c,43.25503064936304,43.25503064936304
1011,c,43.25503064936304,43.25503064936304
1012,c,43.25503064936304,43.25503064936304
1013,c,43.25503064936304,43.25503064936304
1014,c,43.25503064936304,43.25503064936304
1015,c,43.25503064936304,43.25503064936304
1016,c,43.25503064936304,43.25503064936304
1017,c,43.25503064936304,43.25503064936304
1018,t,43.25503064936304,43.25503064936304
1019,c,43.25503064936304,43.25503064936304
1020,c,43.25503064936304,43.25503064936304
1021,t,43.25503064936304,43.25503064936304
1022,c,43.25503064936304,43.25503064936304
1023,c,43.25503064936304,43.25503064936304
1024,c,43.25503064936304,43.25503064936304
1025,na,5.239056618576121,7.353814180400754
1026,c,43.25503064936304,43.25503064936304
1027,c,43.25503064936304,43.25503064936304
1028,t,43.25503064936304,43.25503064936304
1029,t,43.25503064936304,43.25503064936304
1030,t,43.25503064936304,43.25503064936304
1031,c,43.25503064936304,43.25503064936304
1032,c,43.25503064936304,43.25503064936304
1033,t,43.25503064936304,43.25503064936304
1034,t,43.25503064936304,43.25503064936304
1035,c,43.25503064936304,43.25503064936304
1036,c,43.25503064936304,43.25503064936304
1037,c,43.25503064936304,43.25503064936304
1038,t,43.25503064936304,43.25503064936304
1039,c,43.25503064936304,43.25503064936304
1040,c,43.25503064936304,43.25503064936304
1041,c,43.25503064936304,43.25503064936304
1042,t,43.25503064936304,43.25503064936304
1043,c,6.161647041653656,10.081595799959409
1044,c,43.25503064936304,43.25503064936304
1045,c,43.25503064936304,43.25503064936304
1046,c,43.25503064936304,43.25503064936304
1047,t,43.25503064936304,43.25503064936304
1048,c,43.25503064936304,43.25503064936304
1049,c,43.25503064936304,43.25503064936304
1050,c,43.25503064936304,43.25503064936304
1051,c,43.25503064936304,43.25503064936304
1052,c,43.25503064936304,43.25503064936304
1053,c,43.25503064936304,43.25503064936304
1054,c,43.25503064936304,43.25503064936304
1055,c,43.25503064936304,43.25503064936304
1056,c,43.25503064936304,43.25503064936304
1057,c,43.25503064936304,43.25503064936304
1058,c,43.25503064936304,43.25503064936304
1059,t,43.25503064936304,43.25503064936304
1060,c,43.25503064936304,43.25503064936304
1061,c,43.25503064936304,43.25503064936304
1062,c,43.25503064936304,43.25503064936304
1063,c,43.25503064936304,43.25503064936304
1064,c,43.25503064936304,43.25503064936304
1065,c,43.25503064936304,43.25503064936304
1066,c,43.25503064936304,43.25503064936304
1067,t,43.25503064936304,43.25503064936304
1068,c,43.25503064936304,43.25503064936304
1069,c,43.25503064936304,43.25503064936304
1070,c,43.25503064936304,43.25503064936304
1071,c,43.25503064936304,43.25503064936304
1072,c,43.25503064936304,43.25503064936304
1073,c,43.25503064936304,43.25503064936304
1074,t,43.25503064936304,43.25503064936304
1075,c,43.25503064936304,43.25503064936304
1076,c,43.25503064936304,43.25503064936304
1077,c,43.25503064936304,43.25503064936304
1078,c,43.25503064936304,43.25503064936304
1079,t,43.25503064936304,43.25503064936304
1080,c,43.25503064936304,43.25503064936304
1081,c,43.25503064936304,43.25503064936304
1082,c,43.25503064936304,43.25503064936304
1083,c,43.25503064936304,43.25503064936304
1084,c,43.25503064936304,43.25503064936304
1085,c,43.25503064936304,43.25503064936304
1086,c,43.25503064936304,43.25503064936304
1087,c,43.25503064936304,43.25503064936304
1088,t,43.25503064936304,43.25503064936304
1089,c,43.25503064936304,43.25503064936304
1090,c,43.25503064936304,43.25503064936304
1091,c,43.25503064936304,43.25503064936304
1092,c,43.25503064936304,43.25503064936304
1093,t,43.25503064936304,43.25503064936304
1094,t,43.25503064936304,43.25503064936304
1095,c,43.25503064936304,43.25503064936304
1096,c,43.25503064936304,43.25503064936304
1097,c,43.25503064936304,43.25503064936304
1098,c,43.25503064936304,43.25503064936304
1099,c,43.25503064936304,43.25503064936304
1100,c,43.25503064936304,43.25503064936304
1101,c,43.25503064936304,43.25503064936304
1102,t,43.25503064936304,43.25503064936304
1103,c,43.25503064936304,43.25503064936304
1104,c,43.25503064936304,43.25503064936304
1105,c,43.25503064936304,43.25503064936304
1106,c,43.25503064936304,43.25503064936304
1107,c,43.25503064936304,43.25503064936304
1108,c,43.25503064936304,43.25503064936304
1109,t,43.25503064936304,43.25503064936304
1110,c,43.25503064936304,43.25503064936304
1111,t,43.25503064936304,43.25503064936304
1112,t,43.25503064936304,43.25503064936304
1113,t,43.25503064936304,43.25503064936304
1114,c,43.25503064936304,43.25503064936304
1115,c,43.25503064936304,43.25503064936304
1116,c,43.25503064936304,43.25503064936304
1117,c,43.25503064936304,43.25503064936304
1118,c,43.25503064936304,43.25503064936304
1119,c,43.25503064936304,43.25503064936304
1120,c,43.25503064936304,43.25503064936304
1121,c,43.25503064936304,43.25503064936304
1122,c,43.25503064936304,43.25503064936304
1123,c,43.25503064936304,43.25503064936304
1124,c,43.25503064936304,43.25503064936304
1125,c,43.25503064936304,43.25503064936304
1126,c,43.25503064936304,43.25503064936304
1127,c,43.25503064936304,43.25503064936304
1128,c,43.25503064936304,43.25503064936304
1129,c,43.25503064936304,43.25503064936304
1130,c,43.25503064936304,43.25503064936304
1131,c,43.25503064936304,43.25503064936304
1132,na,0,11.524703188740148
1133,c,43.25503064936304,43.25503064936304
1134,c,43.25503064936304,43.25503064936304
1135,c,43.25503064936304,43.25503064936304
1136,c,43.25503064936304,43.25503064936304
1137,c,43.25503064936304,43.25503064936304
1138,t,43.25503064936304,43.25503064936304
1139,c,43.25503064936304,43.25503064936304
1140,c,43.25503064936304,43.25503064936304
1141,t,43.25503064936304,43.25503064936304
1142,c,43.25503064936304,43.25503064936304
1143,c,43.25503064936304,43.25503064936304
1144,c,43.25503064936304,43.25503064936304
1145,t,43.25503064936304,43.25503064936304
1146,c,43.25503064936304,43.25503064936304
1147,c,43.25503064936304,43.25503064936304
1148,t,43.25503064936304,43.25503064936304
1149,c,43.25503064936304,43.25503064936304
1150,na,0,0.2992234079627821
1151,c,43.25503064936304,43.25503064936304
1152,na,0,7.761024321434528
1153,c,43.25503064936304,43.25503064936304
1154,c,43.25503064936304,43.25503064936304
1155,c,43.25503064936304,43.25503064936304
1156,t,43.25503064936304,43.25503064936304
1157,c,43.25503064936304,43.25503064936304
1158,c,43.25503064936304,43.25503064936304
1159,c,43.25503064936304,43.25503064936304
1160,c,43.25503064936304,43.25503064936304
1161,c,43.25503064936304,43.25503064936304
1162,c,11.287170259719499,13.673282800061427
1163,c,43.25503064936304,43.25503064936304
1164,c,43.25503064936304,43.25503064936304
1165,c,5.813693563870132,6.453229899324608
1166,t,43.25503064936304,43.25503064936304
1167,t,43.25503064936304,43.25503064936304
1168,c,43.25503064936304,43.25503064936304
1169,c,43.25503064936304,43.25503064936304
1170,t,43.25503064936304,43.25503064936304
1171,c,43.25503064936304,43.25503064936304
1172,c,43.25503064936304,43.25503064936304
1173,c,43.25503064936304,43.25503064936304
1174,c,43.25503064936304,43.25503064936304
1175,na,8.445802670585122,8.622513556531452
1176,c,43.25503064936304,43.25503064936304
1177,c,43.25503064936304,43.25503064936304
1178,c,43.25503064936304,43.25503064936304
1179,c,43.25503064936304,43.25503064936304
1180,t,43.25503064936304,43.25503064936304
1181,c,43.25503064936304,43.25503064936304
1182,c,43.25503064936304,43.25503064936304
1183,c,43.25503064936304,43.25503064936304
1184,c,43.25503064936304,43.25503064936304
1185,c,43.25503064936304,43.25503064936304
1186,c,43.25503064936304,43.25503064936304
1187,c,43.25503064936304,43.25503064936304
1188,c,43.25503064936304,43.25503064936304
1189,c,43.25503064936304,43.25503064936304
1190,t,43.25503064936304,43.25503064936304
1191,t,43.25503064936304,43.25503064936304
1192,t,43.25503064936304,43.25503064936304
1193,c,43.25503064936304,43.25503064936304
1194,c,43.25503064936304,43.25503064936304
1195,c,43.25503064936304,43.25503064936304
1196,c,43.25503064936304,43.25503064936304
1197,c,43.25503064936304,43.25503064936304
1198,t,43.25503064936304,43.25503064936304
1199,c,43.25503064936304,43.25503064936304
1200,c,43.25503064936304,43.25503064936304
1201,c,43.25503064936304,43.25503064936304
1202,c,43.25503064936304,43.25503064936304
1203,c,43.25503064936304,43.25503064936304
1204,c,43.25503064936304,43.25503064936304
1205,c,43.25503064936304,43.25503064936304
1206,c,43.25503064936304,43.25503064936304
1207,t,43.25503064936304,43.25503064936304
1208,c,43.25503064936304,43.25503064936304
1209,t,43.25503064936304,43.25503064936304
1210,t,43.25503064936304,43.25503064936304
1211,c,43.25503064936304,43.25503064936304
1212,c,43.25503064936304,43.25503064936304
1213,t,43.25503064936304,43.25503064936304
1214,c,43.25503064936304,43.25503064936304
1215,t,43.25503064936304,43.25503064936304
1216,c,43.25503064936304,43.25503064936304
1217,c,43.25503064936304,43.25503064936304
1218,c,43.25503064936304,43.25503064936304
1219,c,43.25503064936304,43.25503064936304
1220,c,43.25503064936304,43.25503064936304
1221,t,43.25503064936304,43.25503064936304
1222,t,43.25503064936304,43.25503064936304
1223,c,43.25503064936304,43.25503064936304
1224,c,43.25503064936304,43.25503064936304
1225,c,43.25503064936304,43.25503064936304
1226,c,43.25503064936304,43.25503064936304
1227,t,43.25503064936304,43.25503064936304
1228,c,43.25503064936304,43.25503064936304
1229,c,43.25503064936304,43.25503064936304
1230,c,43.25503064936304,43.25503064936304
1231,c,43.25503064936304,43.25503064936304
1232,c,43.25503064936304,43.25503064936304
1233,c,43.25503064936304,43.25503064936304
1234,c,43.25503064936304,43.25503064936304
1235,c,43.25503064936304,43.25503064936304
1236,c,43.25503064936304,43.25503064936304
1237,c,43.25503064936304,43.25503064936304
1238,c,43.25503064936304,43.25503064936304
1239,c,43.25503064936304,43.25503064936304
1240,c,43.25503064936304,43.25503064936304
1241,c,43.25503064936304,43.25503064936304
1242,t,43.25503064936304,43.25503064936304
1243,c,43.25503064936304,43.25503064936304
1244,t,43.25503064936304,43.25503064936304
1245,c,43.25503064936304,43.25503064936304
1246,c,43.25503064936304,43.25503064936304
1247,t,43.25503064936304,43.25503064936304
1248,c,43.25503064936304,43.25503064936304
1249,c,43.25503064936304,43.25503064936304
1250,c,43.25503064936304,43.25503064936304
1251,c,43.25503064936304,43.25503064936304
1252,c,43.25503064936304,43.25503064936304
1253,c,43.25503064936304,43.25503064936304
1254,c,43.25503064936304,43.25503064936304
1255,c,43.25503064936304,43.25503064936304
1256,c,43.25503064936304,43.25503064936304
1257,t,43.25503064936304,43.25503064936304
1258,c,43.25503064936304,43.25503064936304
1259,c,43.25503064936304,43.25503064936304
1260,c,43.25503064936304,43.25503064936304
1261,t,43.25503064936304,43.25503064936304
1262,c,43.25503064936304,43.25503064936304
1263,c,43.25503064936304,43.25503064936304
1264,c,43.25503064936304,43.25503064936304
1265,t,43.25503064936304,43.25503064936304
1266,c,43.25503064936304,43.25503064936304
1267,c,43.25503064936304,43.25503064936304
1268,c,43.25503064936304,43.25503064936304
1269,c,43.25503064936304,43.25503064936304
1270,c,43.25503064936304,43.25503064936304
1271,c,43.25503064936304,43.25503064936304
1272,c,43.25503064936304,43.25503064936304
1273,t,43.25503064936304,43.25503064936304
1274,c,43.25503064936304,43.25503064936304
1275,c,43.25503064936304,43.25503064936304
1276,c,43.25503064936304,43.25503064936304
1277,c,43.25503064936304,43.25503064936304
1278,t,43.25503064936304,43.25503064936304
1279,t,43.25503064936304,43.25503064936304
1280,t,43.25503064936304,43.25503064936304
1281,c,43.25503064936304,43.25503064936304
1282,c,43.25503064936304,43.25503064936304
1283,c,43.25503064936304,43.25503064936304
1284,t,43.25503064936304,43.25503064936304
1285,c,43.25503064936304,43.25503064936304
1286,t,43.25503064936304,43.25503064936304
1287,c,43.25503064936304,43.25503064936304
1288,c,43.25503064936304,43.25503064936304
1289,c,43.25503064936304,43.25503064936304
1290,na,4.304487425471592,43.25503064936304
1291,c,43.25503064936304,43.25503064936304
1292,na,0,2.2703286767438855
1293,c,43.25503064936304,43.25503064936304
1294,c,43.25503064936304,43.25503064936304
1295,c,43.25503064936304,43.25503064936304
1296,na,-1,0
1297,c,43.25503064936304,43.25503064936304
1298,c,2.997436647720891,3.0688382169038277
1299,c,43.25503064936304,43.25503064936304
1300,c,43.25503064936304,43.25503064936304
1301,t,43.25503064936304,43.25503064936304
1302,c,43.25503064936304,43.25503064936304
1303,c,43.25503064936304,43.25503064936304
1304,c,43.25503064936304,43.25503064936304
1305,t,43.25503064936304,43.25503064936304
1306,t,43.25503064936304,43.25503064936304
1307,c,43.25503064936304,43.25503064936304
1308,c,43.25503064936304,43.25503064936304
1309,c,43.25503064936304,43.25503064936304
1310,c,43.25503064936304,43.25503064936304
1311,c,43.25503064936304,43.25503064936304
1312,c,43.25503064936304,43.25503064936304
1313,c,43.25503064936304,43.25503064936304
1314,c,43.25503064936304,43.25503064936304
1315,t,43.25503064936304,43.25503064936304
1316,t,43.25503064936304,43.25503064936304
1317,t,43.25503064936304,43.25503064936304
1318,c,43.25503064936304,43.25503064936304
1319,c,43.25503064936304,43.25503064936304
1320,c,43.25503064936304,43.25503064936304
1321,c,43.25503064936304,43.25503064936304
1322,t,43.25503064936304,43.25503064936304
1323,c,43.25503064936304,43.25503064936304
1324,c,43.25503064936304,43.25503064936304
1325,c,43.25503064936304,43.25503064936304
1326,t,43.25503064936304,43.25503064936304
1327,c,43.25503064936304,43.25503064936304
1328,c,43.25503064936304,43.25503064936304
1329,c,43.25503064936304,43.25503064936304
1330,c,43.25503064936304,43.25503064936304
1331,c,43.25503064936304,43.25503064936304
1332,c,43.25503064936304,43.25503064936304
1333,c,43.25503064936304,43.25503064936304
1334,c,43.25503064936304,43.25503064936304
1335,c,43.25503064936304,43.25503064936304
1336,c,43.25503064936304,43.25503064936304
1337,c,43.25503064936304,43.25503064936304
1338,c,43.25503064936304,43.25503064936304
1339,t,43.25503064936304,43.25503064936304
1340,t,43.25503064936304,43.25503064936304
1341,c,43.25503064936304,43.25503064936304
1342,c,43.25503064936304,43.25503064936304
1343,c,43.25503064936304,43.25503064936304
1344,c,43.25503064936304,43.25503064936304
1345,c,43.25503064936304,43.25503064936304
1346,c,43.25503064936304,43.25503064936304
1347,c,43.25503064936304,43.25503064936304
1348,c,43.25503064936304,43.25503064936304
1349,t,43.25503064936304,43.25503064936304
1350,c,43.25503064936304,43.25503064936304
1351,t,43.25503064936304,43.25503064936304
1352,c,43.25503064936304,43.25503064936304
1353,c,43.25503064936304,43.25503064936304
1354,c,43.25503064936304,43.25503064936304
1355,c,43.25503064936304,43.25503064936304
1356,c,43.25503064936304,43.25503064936304
1357,c,43.25503064936304,43.25503064936304
1358,t,43.25503064936304,43.25503064936304
1359,c,43.25503064936304,43.25503064936304
1360,c,43.25503064936304,43.25503064936304
1361,c,43.25503064936304,43.25503064936304
1362,t,43.25503064936304,43.25503064936304
1363,c,43.25503064936304,43.25503064936304
1364,c,43.25503064936304,43.25503064936304
1365,c,43.25503064936304,43.25503064936304
1366,c,43.25503064936304,43.25503064936304
1367,c,43.25503064936304,43.25503064936304
1368,c,43.25503064936304,43.25503064936304
1369,c,43.25503064936304,43.25503064936304
1370,t,43.25503064936304,43.25503064936304
1371,c,43.25503064936304,43.25503064936304
1372,c,43.25503064936304,43.25503064936304
1373,t,43.25503064936304,43.25503064936304
1374,c,15.551718665891588,15.72316854767987
1375,c,43.25503064936304,43.25503064936304
1376,c,43.25503064936304,43.25503064936304
1377,c,43.25503064936304,43.25503064936304
1378,c,43.25503064936304,43.25503064936304
1379,c,43.25503064936304,43.25503064936304
1380,c,43.25503064936304,43.25503064936304
1381,c,43.25503064936304,43.25503064936304
1382,c,43.25503064936304,43.25503064936304
1383,t,43.25503064936304,43.25503064936304
1384,c,43.25503064936304,43.25503064936304
1385,c,43.25503064936304,43.25503064936304
1386,c,43.25503064936304,43.25503064936304
1387,c,43.25503064936304,43.25503064936304
1388,c,43.25503064936304,43.25503064936304
1389,t,43.25503064936304,43.25503064936304
1390,t,43.25503064936304,43.25503064936304
1391,c,43.25503064936304,43.25503064936304
1392,c,43.25503064936304,43.25503064936304
1393,c,43.25503064936304,43.25503064936304
1394,c,43.25503064936304,43.25503064936304
1395,c,43.25503064936304,43.25503064936304
1396,c,43.25503064936304,43.25503064936304
1397,c,43.25503064936304,43.25503064936304
1398,c,43.25503064936304,43.25503064936304
1399,c,43.25503064936304,43.25503064936304
1400,c,43.25503064936304,43.25503064936304
1401,t,43.25503064936304,43.25503064936304
1402,c,43.25503064936304,43.25503064936304
1403,t,43.25503064936304,43.25503064936304
1404,c,43.25503064936304,43.25503064936304
1405,t,43.25503064936304,43.25503064936304
1406,c,43.25503064936304,43.25503064936304
1407,c,43.25503064936304,43.25503064936304
1408,c,43.25503064936304,43.25503064936304
1409,c,43.25503064936304,43.25503064936304
1410,c,43.25503064936304,43.25503064936304
1411,t,43.25503064936304,43.25503064936304
1412,t,43.25503064936304,43.25503064936304
1413,c,43.25503064936304,43.25503064936304
1414,c,43.25503064936304,43.25503064936304
1415,t,43.25503064936304,43.25503064936304
1416,t,43.25503064936304,43.25503064936304
1417,c,43.25503064936304,43.25503064936304
1418,c,43.25503064936304,43.25503064936304
1419,c,43.25503064936304,43.25503064936304
1420,c,4.018070082316771,4.062919768471947
1421,t,43.25503064936304,43.25503064936304
1422,c,17.04674769614507,25.71381065989835
1423,c,43.25503064936304,43.25503064936304
1424,c,43.25503064936304,43.25503064936304
1425,c,43.25503064936304,43.25503064936304
1426,t,43.25503064936304,43.25503064936304
1427,c,43.25503064936304,43.25503064936304
1428,c,43.25503064936304,43.25503064936304
1429,t,43.25503064936304,43.25503064936304
1430,c,43.25503064936304,43.25503064936304
1431,c,43.25503064936304,43.25503064936304
1432,c,43.25503064936304,43.25503064936304
1433,c,43.25503064936304,43.25503064936304
1434,c,43.25503064936304,43.25503064936304
1435,t,43.25503064936304,43.25503064936304
1436,c,43.25503064936304,43.25503064936304
1437,c,43.25503064936304,43.25503064936304
1438,c,43.25503064936304,43.25503064936304
1439,c,43.25503064936304,43.25503064936304
1440,c,43.25503064936304,43.25503064936304
1441,c,43.25503064936304,43.25503064936304
1442,c,43.25503064936304,43.25503064936304
1443,c,43.25503064936304,43.25503064936304
1444,c,43.25503064936304,43.25503064936304
1445,t,43.25503064936304,43.25503064936304
1446,t,43.25503064936304,43.25503064936304
1447,t,43.25503064936304,43.25503064936304
1448,c,43.25503064936304,43.25503064936304
1449,t,43.25503064936304,43.25503064936304
1450,na,0.004039002739635228,1.235141466234293
1451,c,43.25503064936304,43.25503064936304
1452,c,43.25503064936304,43.25503064936304
1453,c,43.25503064936304,43.25503064936304
1454,c,43.25503064936304,43.25503064936304
1455,t,43.25503064936304,43.25503064936304
1456,c,43.25503064936304,43.25503064936304
1457,c,43.25503064936304,43.25503064936304
1458,c,43.25503064936304,43.25503064936304
1459,t,43.25503064936304,43.25503064936304
1460,c,43.25503064936304,43.25503064936304
1461,c,43.25503064936304,43.25503064936304
1462,c,43.25503064936304,43.25503064936304
1463,c,43.25503064936304,43.25503064936304
1464,t,43.25503064936304,43.25503064936304
1465,t,43.25503064936304,43.25503064936304
1466,c,43.25503064936304,43.25503064936304
1467,c,43.25503064936304,43.25503064936304
1468,na,-1,0
1469,c,43.25503064936304,43.25503064936304
1470,c,43.25503064936304,43.25503064936304
1471,c,43.25503064936304,43.25503064936304
1472,t,43.25503064936304,43.25503064936304
1473,c,43.25503064936304,43.25503064936304
1474,c,43.25503064936304,43.25503064936304
1475,c,43.25503064936304,43.25503064936304
1476,c,43.25503064936304,43.25503064936304
1477,t,43.25503064936304,43.25503064936304
1478,c,43.25503064936304,43.25503064936304
1479,c,43.25503064936304,43.25503064936304
1480,c,43.25503064936304,43.25503064936304
1481,c,43.25503064936304,43.25503064936304
1482,c,43.25503064936304,43.25503064936304
1483,c,43.25503064936304,43.25503064936304
1484,c,43.25503064936304,43.25503064936304
1485,na,-1,0
1486,c,43.25503064936304,43.25503064936304
1487,t,43.25503064936304,43.25503064936304
1488,c,43.25503064936304,43.25503064936304
1489,c,43.25503064936304,43.25503064936304
1490,c,43.25503064936304,43.25503064936304
1491,c,43.25503064936304,43.25503064936304
1492,c,43.25503064936304,43.25503064936304
1493,c,43.25503064936304,43.25503064936304
1494,c,43.25503064936304,43.25503064936304
1495,c,43.25503064936304,43.25503064936304
1496,c,43.25503064936304,43.25503064936304
1497,c,43.25503064936304,43.25503064936304
1498,c,3.5573931096377263,5.396130318149237
1499,c,43.25503064936304,43.25503064936304
1500,c,43.25503064936304,43.25503064936304
1501,t,43.25503064936304,43.25503064936304
1502,c,43.25503064936304,43.25503064936304
1503,t,43.25503064936304,43.25503064936304
1504,c,43.25503064936304,43.25503064936304
1505,c,43.25503064936304,43.25503064936304
1506,t,43.25503064936304,43.25503064936304
1507,c,43.25503064936304,43.25503064936304
1508,c,43.25503064936304,43.25503064936304
1509,c,43.25503064936304,43.25503064936304
1510,t,43.25503064936304,43.25503064936304
1511,c,43.25503064936304,43.25503064936304
1512,c,43.25503064936304,43.25503064936304
1513,c,43.25503064936304,43.25503064936304
1514,c,43.25503064936304,43.25503064936304
1515,c,43.25503064936304,43.25503064936304
1516,c,43.25503064936304,43.25503064936304
1517,c,43.25503064936304,43.25503064936304
1518,c,43.25503064936304,43.25503064936304
1519,c,43.25503064936304,43.25503064936304
1520,c,43.25503064936304,43.25503064936304
1521,t,43.25503064936304,43.25503064936304
1522,c,43.25503064936304,43.25503064936304
1523,c,43.25503064936304,43.25503064936304
1524,c,43.25503064936304,43.25503064936304
1525,t,43.25503064936304,43.25503064936304
1526,c,43.25503064936304,43.25503064936304
1527,c,43.25503064936304,43.25503064936304
1528,c,43.25503064936304,43.25503064936304
1529,c,43.25503064936304,43.25503064936304
1530,c,43.25503064936304,43.25503064936304
1531,c,43.25503064936304,43.25503064936304
1532,c,43.25503064936304,43.25503064936304
1533,t,43.25503064936304,43.25503064936304
1534,c,43.25503064936304,43.25503064936304
1535,c,43.25503064936304,43.25503064936304
1536,c,43.25503064936304,43.25503064936304
1537,c,43.25503064936304,43.25503064936304
1538,c,43.25503064936304,43.25503064936304
1539,c,43.25503064936304,43.25503064936304
1540,c,43.25503064936304,43.25503064936304
1541,c,43.25503064936304,43.25503064936304
1542,c,43.25503064936304,43.25503064936304
1543,c,43.25503064936304,43.25503064936304
1544,c,43.25503064936304,43.25503064936304
1545,c,43.25503064936304,43.25503064936304
1546,c,43.25503064936304,43.25503064936304
1547,t,43.25503064936304,43.25503064936304
1548,c,43.25503064936304,43.25503064936304
1549,c,43.25503064936304,43.25503064936304
1550,t,43.25503064936304,43.25503064936304
1551,c,43.25503064936304,43.25503064936304
1552,c,43.25503064936304,43.25503064936304
1553,c,43.25503064936304,43.25503064936304
1554,c,43.25503064936304,43.25503064936304
1555,c,43.25503064936304,43.25503064936304
1556,c,43.25503064936304,43.25503064936304
1557,c,43.25503064936304,43.25503064936304
1558,c,43.25503064936304,43.25503064936304
1559,c,43.25503064936304,43.25503064936304
1560,c,43.25503064936304,43.25503064936304
1561,c,43.25503064936304,43.25503064936304
1562,c,43.25503064936304,43.25503064936304
1563,c,43.25503064936304,43.25503064936304
1564,c,43.25503064936304,43.25503064936304
1565,c,43.25503064936304,43.25503064936304
1566,c,43.25503064936304,43.25503064936304
1567,c,43.25503064936304,43.25503064936304
1568,c,43.25503064936304,43.25503064936304
1569,t,43.25503064936304,43.25503064936304
1570,c,43.25503064936304,43.25503064936304
1571,t,43.25503064936304,43.25503064936304
1572,c,43.25503064936304,43.25503064936304
1573,c,43.25503064936304,43.25503064936304
1574,c,43.25503064936304,43.25503064936304
1575,c,43.25503064936304,43.25503064936304
1576,c,43.25503064936304,43.25503064936304
1577,c,43.25503064936304,43.25503064936304
1578,c,43.25503064936304,43.25503064936304
1579,t,43.25503064936304,43.25503064936304
1580,t,43.25503064936304,43.25503064936304
1581,t,43.25503064936304,43.25503064936304
1582,c,43.25503064936304,43.25503064936304
1583,c,43.25503064936304,43.25503064936304
1584,c,43.25503064936304,43.25503064936304
1585,t,43.25503064936304,43.25503064936304
1586,c,43.25503064936304,43.25503064936304
1587,c,43.25503064936304,43.25503064936304
1588,c,43.25503064936304,43.25503064936304
1589,c,43.25503064936304,43.25503064936304
1590,c,43.25503064936304,43.25503064936304
1591,c,43.25503064936304,43.25503064936304
1592,c,43.25503064936304,43.25503064936304
1593,c,43.25503064936304,43.25503064936304
1594,c,43.25503064936304,43.25503064936304
1595,c,43.25503064936304,43.25503064936304
1596,c,43.25503064936304,43.25503064936304
1597,c,43.25503064936304,43.25503064936304
1598,t,43.25503064936304,43.25503064936304
1599,c,43.25503064936304,43.25503064936304
1600,c,43.25503064936304,43.25503064936304
1601,t,43.25503064936304,43.25503064936304
1602,c,43.25503064936304,43.25503064936304
1603,t,43.25503064936304,43.25503064936304
1604,c,43.25503064936304,43.25503064936304
1605,t,43.25503064936304,43.25503064936304
1606,t,43.25503064936304,43.25503064936304
1607,t,43.25503064936304,43.25503064936304
1608,t,43.25503064936304,43.25503064936304
1609,t,43.25503064936304,43.25503064936304
1610,c,43.25503064936304,43.25503064936304
1611,na,0.32727854841689286,12.370078439969301
1612,c,43.25503064936304,43.25503064936304
1613,c,43.25503064936304,43.25503064936304
1614,c,43.25503064936304,43.25503064936304
1615,c,43.25503064936304,43.25503064936304
1616,t,43.25503064936304,43.25503064936304
1617,c,43.25503064936304,43.25503064936304
1618,c,43.25503064936304,43.25503064936304
1619,c,43.25503064936304,43.25503064936304
1620,c,43.25503064936304,43.25503064936304
1621,t,43.25503064936304,43.25503064936304
1622,c,43.25503064936304,43.25503064936304
1623,c,43.25503064936304,43.25503064936304
1624,c,43.25503064936304,43.25503064936304
1625,c,43.25503064936304,43.25503064936304
1626,c,43.25503064936304,43.25503064936304
1627,c,43.25503064936304,43.25503064936304
1628,c,43.25503064936304,43.25503064936304
1629,t,43.25503064936304,43.25503064936304
1630,c,43.25503064936304,43.25503064936304
1631,t,43.25503064936304,43.25503064936304
1632,t,43.25503064936304,43.25503064936304
1633,c,43.25503064936304,43.25503064936304
1634,c,43.25503064936304,43.25503064936304
1635,t,43.25503064936304,43.25503064936304
1636,c,43.25503064936304,43.25503064936304
1637,c,43.25503064936304,43.25503064936304
1638,c,43.25503064936304,43.25503064936304
1639,t,43.25503064936304,43.25503064936304
1640,t,43.25503064936304,43.25503064936304
1641,c,43.25503064936304,43.25503064936304
1642,c,43.25503064936304,43.25503064936304
1643,c,43.25503064936304,43.25503064936304
1644,c,43.25503064936304,43.25503064936304
1645,c,43.25503064936304,43.25503064936304
1646,c,43.25503064936304,43.25503064936304
1647,c,43.25503064936304,43.25503064936304
1648,c,43.25503064936304,43.25503064936304
1649,c,43.25503064936304,43.25503064936304
1650,na,-1,0
1651,c,43.25503064936304,43.25503064936304
1652,c,43.25503064936304,43.25503064936304
1653,c,43.25503064936304,43.25503064936304
1654,c,43.25503064936304,43.25503064936304
1655,c,43.25503064936304,43.25503064936304
1656,t,43.25503064936304,43.25503064936304
1657,t,43.25503064936304,43.25503064936304
1658,c,43.25503064936304,43.25503064936304
1659,c,43.25503064936304,43.25503064936304
1660,c,43.25503064936304,43.25503064936304
1661,c,43.25503064936304,43.25503064936304
1662,c,43.25503064936304,43.25503064936304
1663,t,43.25503064936304,43.25503064936304
1664,t,43.25503064936304,43.25503064936304
1665,c,43.25503064936304,43.25503064936304
1666,c,43.25503064936304,43.25503064936304
1667,c,43.25503064936304,43.25503064936304
1668,c,43.25503064936304,43.25503064936304
1669,t,43.25503064936304,43.25503064936304
1670,c,43.25503064936304,43.25503064936304
1671,c,43.25503064936304,43.25503064936304
1672,c,43.25503064936304,43.25503064936304
1673,t,43.25503064936304,43.25503064936304
1674,c,43.25503064936304,43.25503064936304
1675,t,43.25503064936304,43.25503064936304
1676,c,43.25503064936304,43.25503064936304
1677,t,43.25503064936304,43.25503064936304
1678,c,43.25503064936304,43.25503064936304
1679,c,43.25503064936304,43.25503064936304
1680,c,43.25503064936304,43.25503064936304
1681,c,43.25503064936304,43.25503064936304
1682,c,43.25503064936304,43.25503064936304
1683,t,43.25503064936304,43.25503064936304
1684,t,43.25503064936304,43.25503064936304
1685,c,43.25503064936304,43.25503064936304
1686,c,43.25503064936304,43.25503064936304
1687,c,43.25503064936304,43.25503064936304
1688,c,43.25503064936304,43.25503064936304
1689,t,43.25503064936304,43.25503064936304
1690,t,43.25503064936304,43.25503064936304
1691,c,43.25503064936304,43.25503064936304
1692,c,43.25503064936304,43.25503064936304
1693,t,43.25503064936304,43.25503064936304
1694,t,43.25503064936304,43.25503064936304
1695,t,43.25503064936304,43.25503064936304
1696,c,43.25503064936304,43.25503064936304
1697,t,43.25503064936304,43.25503064936304
1698,c,43.25503064936304,43.25503064936304
1699,c,43.25503064936304,43.25503064936304
1700,c,43.25503064936304,43.25503064936304
1701,c,43.25503064936304,43.25503064936304
1702,c,43.25503064936304,43.25503064936304
1703,c,43.25503064936304,43.25503064936304
1704,t,43.25503064936304,43.25503064936304
1705,c,43.25503064936304,43.25503064936304
1706,t,43.25503064936304,43.25503064936304
1707,c,43.25503064936304,43.25503064936304
1708,c,43.25503064936304,43.25503064936304
1709,c,43.25503064936304,43.25503064936304
1710,c,43.25503064936304,43.25503064936304
1711,t,43.25503064936304,43.25503064936304
1712,c,43.25503064936304,43.25503064936304
1713,c,43.25503064936304,43.25503064936304
1714,t,43.25503064936304,43.25503064936304
1715,t,43.25503064936304,43.25503064936304
1716,c,43.25503064936304,43.25503064936304
1717,t,43.25503064936304,43.25503064936304
1718,c,43.25503064936304,43.25503064936304
1719,c,43.25503064936304,43.25503064936304
1720,c,43.25503064936304,43.25503064936304
1721,t,43.25503064936304,43.25503064936304
1722,c,43.25503064936304,43.25503064936304
1723,t,43.25503064936304,43.25503064936304
1724,c,43.25503064936304,43.25503064936304
1725,c,43.25503064936304,43.25503064936304
1726,c,43.25503064936304,43.25503064936304
1727,c,43.25503064936304,43.25503064936304
1728,c,43.25503064936304,43.25503064936304
1729,t,43.25503064936304,43.25503064936304
1730,c,43.25503064936304,43.25503064936304
1731,t,43.25503064936304,43.25503064936304
1732,t,43.25503064936304,43.25503064936304
1733,t,43.25503064936304,43.25503064936304
1734,c,43.25503064936304,43.25503064936304
1735,c,43.25503064936304,43.25503064936304
1736,c,43.25503064936304,43.25503064936304
1737,c,43.25503064936304,43.25503064936304
1738,c,43.25503064936304,43.25503064936304
1739,c,43.25503064936304,43.25503064936304
1740,c,43.25503064936304,43.25503064936304
1741,c,43.25503064936304,43.25503064936304
1742,c,43.25503064936304,43.25503064936304
1743,c,43.25503064936304,43.25503064936304
1744,c,43.25503064936304,43.25503064936304
1745,t,43.25503064936304,43.25503064936304
1746,t,43.25503064936304,43.25503064936304
1747,t,43.25503064936304,43.25503064936304
1748,c,43.25503064936304,43.25503064936304
1749,t,43.25503064936304,43.25503064936304
1750,c,43.25503064936304,43.25503064936304
1751,c,43.25503064936304,43.25503064936304
1752,t,43.25503064936304,43.25503064936304
1753,c,43.25503064936304,43.25503064936304
1754,c,43.25503064936304,43.25503064936304
1755,c,43.25503064936304,43.25503064936304
1756,c,43.25503064936304,43.25503064936304
1757,c,43.25503064936304,43.25503064936304
1758,c,43.25503064936304,43.25503064936304
1759,c,43.25503064936304,43.25503064936304
1760,c,43.25503064936304,43.25503064936304
1761,c,43.25503064936304,43.25503064936304
1762,c,43.25503064936304,43.25503064936304
1763,c,43.25503064936304,43.25503064936304
1764,c,43.25503064936304,43.25503064936304
1765,c,43.25503064936304,43.25503064936304
1766,c,43.25503064936304,43.25503064936304
1767,c,43.25503064936304,43.25503064936304
1768,c,43.25503064936304,43.25503064936304
1769,c,43.25503064936304,43.25503064936304
1770,c,43.25503064936304,43.25503064936304
1771,c,43.25503064936304,43.25503064936304
1772,t,43.25503064936304,43.25503064936304
1773,t,43.25503064936304,43.25503064936304
1774,c,43.25503064936304,43.25503064936304
1775,c,43.25503064936304,43.25503064936304
1776,t,43.25503064936304,43.25503064936304
1777,t,43.25503064936304,43.25503064936304
1778,c,43.25503064936304,43.25503064936304
1779,c,43.25503064936304,43.25503064936304
1780,c,43.25503064936304,43.25503064936304
1781,t,43.25503064936304,43.25503064936304
1782,t,43.25503064936304,43.25503064936304
1783,c,43.25503064936304,43.25503064936304
1784,c,43.25503064936304,43.25503064936304
1785,c,43.25503064936304,43.25503064936304
1786,t,43.25503064936304,43.25503064936304
1787,c,43.25503064936304,43.25503064936304
1788,c,43.25503064936304,43.25503064936304
1789,c,43.25503064936304,43.25503064936304
1790,c,43.25503064936304,43.25503064936304
1791,c,43.25503064936304,43.25503064936304
1792,t,43.25503064936304,43.25503064936304
1793,c,43.25503064936304,43.25503064936304
1794,c,43.25503064936304,43.25503064936304
1795,c,43.25503064936304,43.25503064936304
1796,c,43.25503064936304,43.25503064936304
1797,c,43.25503064936304,43.25503064936304
1798,t,43.25503064936304,43.25503064936304
1799,c,43.25503064936304,43.25503064936304
1800,c,43.25503064936304,43.25503064936304
1801,c,43.25503064936304,43.25503064936304
1802,c,43.25503064936304,43.25503064936304
1803,c,43.25503064936304,43.25503064936304
1804,c,43.25503064936304,43.25503064936304
1805,c,43.25503064936304,43.25503064936304
1806,c,43.25503064936304,43.25503064936304
1807,c,43.25503064936304,43.25503064936304
1808,c,43.25503064936304,43.25503064936304
1809,t,43.25503064936304,43.25503064936304
1810,c,43.25503064936304,43.25503064936304
1811,c,43.25503064936304,43.25503064936304
1812,c,43.25503064936304,43.25503064936304
1813,t,43.25503064936304,43.25503064936304
1814,c,43.25503064936304,43.25503064936304
1815,c,43.25503064936304,43.25503064936304
1816,c,43.25503064936304,43.25503064936304
1817,c,43.25503064936304,43.25503064936304
1818,c,43.25503064936304,43.25503064936304
1819,t,43.25503064936304,43.25503064936304
1820,t,43.25503064936304,43.25503064936304
1821,c,43.25503064936304,43.25503064936304
1822,c,43.25503064936304,43.25503064936304
1823,c,43.25503064936304,43.25503064936304
1824,c,43.25503064936304,43.25503064936304
1825,c,43.25503064936304,43.25503064936304
1826,c,43.25503064936304,43.25503064936304
1827,c,43.25503064936304,43.25503064936304
1828,c,43.25503064936304,43.25503064936304
1829,t,43.25503064936304,43.25503064936304
1830,t,43.25503064936304,43.25503064936304
1831,t,43.25503064936304,43.25503064936304
1832,c,43.25503064936304,43.25503064936304
1833,c,43.25503064936304,43.25503064936304
1834,c,43.25503064936304,43.25503064936304
1835,c,43.25503064936304,43.25503064936304
1836,c,43.25503064936304,43.25503064936304
1837,c,43.25503064936304,43.25503064936304
1838,c,43.25503064936304,43.25503064936304
1839,c,43.25503064936304,43.25503064936304
1840,c,43.25503064936304,43.25503064936304
1841,c,43.25503064936304,43.25503064936304
1842,c,43.25503064936304,43.25503064936304
1843,c,43.25503064936304,43.25503064936304
1844,c,43.25503064936304,43.25503064936304
1845,t,43.25503064936304,43.25503064936304
1846,c,43.25503064936304,43.25503064936304
1847,c,43.25503064936304,43.25503064936304
1848,c,43.25503064936304,43.25503064936304
1849,c,43.25503064936304,43.25503064936304
1850,c,43.25503064936304,43.25503064936304
1851,c,43.25503064936304,43.25503064936304
1852,c,43.25503064936304,43.25503064936304
1853,c,43.25503064936304,43.25503064936304
1854,c,43.25503064936304,43.25503064936304
1855,c,43.25503064936304,43.25503064936304
1856,c,43.25503064936304,43.25503064936304
1857,c,43.25503064936304,43.25503064936304
1858,t,43.25503064936304,43.25503064936304
1859,c,43.25503064936304,43.25503064936304
1860,c,43.25503064936304,43.25503064936304
1861,c,43.25503064936304,43.25503064936304
1862,c,43.25503064936304,43.25503064936304
1863,c,43.25503064936304,43.25503064936304
1864,c,43.25503064936304,43.25503064936304
1865,t,43.25503064936304,43.25503064936304
1866,t,43.25503064936304,43.25503064936304
1867,c,43.25503064936304,43.25503064936304
1868,c,43.25503064936304,43.25503064936304
1869,t,43.25503064936304,43.25503064936304
1870,c,43.25503064936304,43.25503064936304
1871,c,43.25503064936304,43.25503064936304
1872,c,43.25503064936304,43.25503064936304
1873,c,43.25503064936304,43.25503064936304
1874,t,43.25503064936304,43.25503064936304
1875,c,43.25503064936304,43.25503064936304
1876,c,43.25503064936304,43.25503064936304
1877,c,43.25503064936304,43.25503064936304
1878,c,43.25503064936304,43.25503064936304
1879,c,43.25503064936304,43.25503064936304
1880,t,43.25503064936304,43.25503064936304
1881,c,4.898620864052658,43.25503064936304
1882,c,43.25503064936304,43.25503064936304
1883,c,43.25503064936304,43.25503064936304
1884,t,43.25503064936304,43.25503064936304
1885,t,43.25503064936304,43.25503064936304
1886,c,43.25503064936304,43.25503064936304
1887,c,43.25503064936304,43.25503064936304
1888,t,43.25503064936304,43.25503064936304
1889,c,43.25503064936304,43.25503064936304
1890,c,43.25503064936304,43.25503064936304
1891,c,43.25503064936304,43.25503064936304
1892,c,43.25503064936304,43.25503064936304
1893,c,43.25503064936304,43.25503064936304
1894,c,43.25503064936304,43.25503064936304
1895,c,43.25503064936304,43.25503064936304
1896,c,43.25503064936304,43.25503064936304
1897,c,43.25503064936304,43.25503064936304
1898,c,43.25503064936304,43.25503064936304
1899,c,43.25503064936304,43.25503064936304
1900,c,43.25503064936304,43.25503064936304
1901,c,43.25503064936304,43.25503064936304
1902,c,43.25503064936304,43.25503064936304
1903,t,43.25503064936304,43.25503064936304
1904,c,43.25503064936304,43.25503064936304
1905,c,43.25503064936304,43.25503064936304
1906,t,43.25503064936304,43.25503064936304
1907,c,43.25503064936304,43.25503064936304
1908,c,43.25503064936304,43.25503064936304
1909,t,43.25503064936304,43.25503064936304
1910,t,43.25503064936304,43.25503064936304
1911,c,43.25503064936304,43.25503064936304
1912,t,43.25503064936304,43.25503064936304
1913,c,43.25503064936304,43.25503064936304
1914,t,43.25503064936304,43.25503064936304
1915,c,43.25503064936304,43.25503064936304
1916,c,43.25503064936304,43.25503064936304
1917,c,43.25503064936304,43.25503064936304
1918,c,43.25503064936304,43.25503064936304
1919,c,43.25503064936304,43.25503064936304
1920,c,43.25503064936304,43.25503064936304
1921,t,43.25503064936304,43.25503064936304
1922,c,43.25503064936304,43.25503064936304
1923,c,43.25503064936304,43.25503064936304
1924,c,43.25503064936304,43.25503064936304
1925,c,43.25503064936304,43.25503064936304
1926,t,43.25503064936304,43.25503064936304
1927,c,43.25503064936304,43.25503064936304
1928,c,43.25503064936304,43.25503064936304
1929,c,43.25503064936304,43.25503064936304
1930,c,43.25503064936304,43.25503064936304
1931,c,43.25503064936304,43.25503064936304
1932,c,43.25503064936304,43.25503064936304
1933,c,43.25503064936304,43.25503064936304
1934,c,43.25503064936304,43.25503064936304
1935,c,43.25503064936304,43.25503064936304
1936,c,43.25503064936304,43.25503064936304
1937,c,43.25503064936304,43.25503064936304
1938,c,43.25503064936304,43.25503064936304
1939,c,43.25503064936304,43.25503064936304
1940,c,43.25503064936304,43.25503064936304
1941,c,43.25503064936304,43.25503064936304
1942,c,43.25503064936304,43.25503064936304
1943,c,43.25503064936304,43.25503064936304
1944,c,43.25503064936304,43.25503064936304
1945,c,43.25503064936304,43.25503064936304
1946,c,43.25503064936304,43.25503064936304
1947,c,43.25503064936304,43.25503064936304
1948,c,43.25503064936304,43.25503064936304
1949,c,43.25503064936304,43.25503064936304
1950,c,43.25503064936304,43.25503064936304
1951,c,43.25503064936304,43.25503064936304
1952,c,43.25503064936304,43.25503064936304
1953,c,43.25503064936304,43.25503064936304
1954,c,43.25503064936304,43.25503064936304
1955,t,43.25503064936304,43.25503064936304
1956,c,6.867679388586875,7.352355043998762
1957,t,43.25503064936304,43.25503064936304
1958,c,43.25503064936304,43.25503064936304
1959,c,43.25503064936304,43.25503064936304
1960,c,43.25503064936304,43.25503064936304
1961,c,43.25503064936304,43.25503064936304
1962,c,43.25503064936304,43.25503064936304
1963,c,43.25503064936304,43.25503064936304
1964,c,43.25503064936304,43.25503064936304
1965,c,43.25503064936304,43.25503064936304
1966,c,43.25503064936304,43.25503064936304
1967,c,43.25503064936304,43.25503064936304
1968,c,43.25503064936304,43.25503064936304
1969,c,43.25503064936304,43.25503064936304
1970,c,43.25503064936304,43.25503064936304
1971,c,43.25503064936304,43.25503064936304
1972,c,43.25503064936304,43.25503064936304
1973,c,4.99871427150168,6.355608475717044
1974,t,43.25503064936304,43.25503064936304
1975,t,43.25503064936304,43.25503064936304
1976,c,43.25503064936304,43.25503064936304
1977,c,43.25503064936304,43.25503064936304
1978,c,43.25503064936304,43.25503064936304
1979,c,43.25503064936304,43.25503064936304
1980,c,43.25503064936304,43.25503064936304
1981,c,43.25503064936304,43.25503064936304
1982,c,43.25503064936304,43.25503064936304
1983,c,43.25503064936304,43.25503064936304
1984,t,43.25503064936304,43.25503064936304
1985,t,43.25503064936304,43.25503064936304
1986,c,43.25503064936304,43.25503064936304
1987,c,43.25503064936304,43.25503064936304
1988,c,43.25503064936304,43.25503064936304
1989,c,43.25503064936304,43.25503064936304
1990,c,43.25503064936304,43.25503064936304
1991,t,43.25503064936304,43.25503064936304
1992,c,43.25503064936304,43.25503064936304
1993,t,43.25503064936304,43.25503064936304
1994,c,43.25503064936304,43.25503064936304
1995,t,43.25503064936304,43.25503064936304
1996,c,43.25503064936304,43.25503064936304
1997,t,43.25503064936304,43.25503064936304
1998,c,43.25503064936304,43.25503064936304
1999,c,43.25503064936304,43.25503064936304
2000,c,43.25503064936304,43.25503064936304
2001,c,43.25503064936304,43.25503064936304
2002,t,43.25503064936304,43.25503064936304
2003,t,43.25503064936304,43.25503064936304
2004,t,43.25503064936304,43.25503064936304
2005,c,43.25503064936304,43.25503064936304
2006,c,43.25503064936304,43.25503064936304
2007,c,43.25503064936304,43.25503064936304
2008,c,43.25503064936304,43.25503064936304
2009,t,43.25503064936304,43.25503064936304
2010,c,43.25503064936304,43.25503064936304
2011,c,43.25503064936304,43.25503064936304
2012,c,43.25503064936304,43.25503064936304
2013,c,43.25503064936304,43.25503064936304
2014,t,43.25503064936304,43.25503064936304
2015,c,43.25503064936304,43.25503064936304
2016,c,43.25503064936304,43.25503064936304
2017,c,43.25503064936304,43.25503064936304
2018,na,0.9233882652035422,1.8696764936460115
2019,c,43.25503064936304,43.25503064936304
2020,na,2.1144529637725022,4.337332390561119
2021,c,43.25503064936304,43.25503064936304
2022,c,43.25503064936304,43.25503064936304
2023,c,43.25503064936304,43.25503064936304
2024,c,43.25503064936304,43.25503064936304
2025,c,43.25503064936304,43.25503064936304
2026,c,43.25503064936304,43.25503064936304
2027,c,43.25503064936304,43.25503064936304
2028,c,43.25503064936304,43.25503064936304
2029,c,43.25503064936304,43.25503064936304
2030,c,43.25503064936304,43.25503064936304
2031,c,43.25503064936304,43.25503064936304
2032,c,43.25503064936304,43.25503064936304
2033,t,43.25503064936304,43.25503064936304
2034,c,43.25503064936304,43.25503064936304
2035,c,43.25503064936304,43.25503064936304
2036,c,43.25503064936304,43.25503064936304
2037,c,43.25503064936304,43.25503064936304
2038,t,43.25503064936304,43.25503064936304
2039,c,43.25503064936304,43.25503064936304
2040,c,7.576740855189183,10.723531008541137
2041,c,43.25503064936304,43.25503064936304
2042,c,43.25503064936304,43.25503064936304
2043,c,43.25503064936304,43.25503064936304
2044,c,43.25503064936304,43.25503064936304
2045,na,10.744472704949697,11.113347220966503
2046,c,43.25503064936304,43.25503064936304
2047,c,43.25503064936304,43.25503064936304
2048,t,43.25503064936304,43.25503064936304
2049,c,43.25503064936304,43.25503064936304
2050,c,43.25503064936304,43.25503064936304
2051,c,43.25503064936304,43.25503064936304
2052,c,43.25503064936304,43.25503064936304
2053,c,43.25503064936304,43.25503064936304
2054,c,43.25503064936304,43.25503064936304
2055,c,43.25503064936304,43.25503064936304
2056,c,43.25503064936304,43.25503064936304
2057,c,43.25503064936304,43.25503064936304
2058,t,43.25503064936304,43.25503064936304
2059,c,43.25503064936304,43.25503064936304
2060,c,43.25503064936304,43.25503064936304
2061,c,43.25503064936304,43.25503064936304
2062,t,43.25503064936304,43.25503064936304
2063,c,43.25503064936304,43.25503064936304
2064,c,43.25503064936304,43.25503064936304
2065,c,43.25503064936304,43.25503064936304
2066,c,43.25503064936304,43.25503064936304
2067,c,43.25503064936304,43.25503064936304
2068,c,43.25503064936304,43.25503064936304
2069,c,43.25503064936304,43.25503064936304
2070,c,43.25503064936304,43.25503064936304
2071,t,43.25503064936304,43.25503064936304
2072,c,43.25503064936304,43.25503064936304
2073,t,43.25503064936304,43.25503064936304
2074,c,43.25503064936304,43.25503064936304
2075,c,43.25503064936304,43.25503064936304
2076,c,43.25503064936304,43.25503064936304
2077,c,43.25503064936304,43.25503064936304
2078,c,43.25503064936304,43.25503064936304
2079,t,43.25503064936304,43.25503064936304
2080,t,43.25503064936304,43.25503064936304
2081,c,43.25503064936304,43.25503064936304
2082,c,43.25503064936304,43.25503064936304
2083,c,43.25503064936304,43.25503064936304
2084,c,43.25503064936304,43.25503064936304
2085,c,43.25503064936304,43.25503064936304
2086,c,43.25503064936304,43.25503064936304
2087,c,43.25503064936304,43.25503064936304
2088,c,43.25503064936304,43.25503064936304
2089,c,43.25503064936304,43.25503064936304
2090,c,13.554534781770688,16.381607268817312
2091,c,43.25503064936304,43.25503064936304
2092,c,43.25503064936304,43.25503064936304
2093,c,43.25503064936304,43.25503064936304
2094,c,43.25503064936304,43.25503064936304
2095,t,43.25503064936304,43.25503064936304
2096,c,43.25503064936304,43.25503064936304
2097,c,43.25503064936304,43.25503064936304
2098,c,43.25503064936304,43.25503064936304
2099,c,43.25503064936304,43.25503064936304
2100,c,43.25503064936304,43.25503064936304
2101,c,43.25503064936304,43.25503064936304
2102,c,43.25503064936304,43.25503064936304
2103,c,43.25503064936304,43.25503064936304
2104,c,43.25503064936304,43.25503064936304
2105,c,6.756412681159853,7.590857190986591
2106,na,-1,0
2107,c,43.25503064936304,43.25503064936304
2108,c,5.528650524254019,7.5314747296395685
2109,na,0,43.25503064936304
2110,c,43.25503064936304,43.25503064936304
2111,t,43.25503064936304,43.25503064936304
2112,c,43.25503064936304,43.25503064936304
2113,c,43.25503064936304,43.25503064936304
2114,c,43.25503064936304,43.25503064936304
2115,c,43.25503064936304,43.25503064936304
2116,c,43.25503064936304,43.25503064936304
2117,c,43.25503064936304,43.25503064936304
2118,c,43.25503064936304,43.25503064936304
2119,c,43.25503064936304,43.25503064936304
2120,t,43.25503064936304,43.25503064936304
2121,c,43.25503064936304,43.25503064936304
2122,c,43.25503064936304,43.25503064936304
2123,c,43.25503064936304,43.25503064936304
2124,c,43.25503064936304,43.25503064936304
2125,c,43.25503064936304,43.25503064936304
2126,c,43.25503064936304,43.25503064936304
2127,c,43.25503064936304,43.25503064936304
2128,c,43.25503064936304,43.25503064936304
2129,c,43.25503064936304,43.25503064936304
2130,t,43.25503064936304,43.25503064936304
2131,c,43.25503064936304,43.25503064936304
2132,c,43.25503064936304,43.25503064936304
2133,t,43.25503064936304,43.25503064936304
2134,c,43.25503064936304,43.25503064936304
2135,c,43.25503064936304,43.25503064936304
2136,c,43.25503064936304,43.25503064936304
2137,c,43.25503064936304,43.25503064936304
2138,c,43.25503064936304,43.25503064936304
2139,c,43.25503064936304,43.25503064936304
2140,c,43.25503064936304,43.25503064936304
2141,c,43.25503064936304,43.25503064936304
2142,c,43.25503064936304,43.25503064936304
2143,c,43.25503064936304,43.25503064936304
2144,c,43.25503064936304,43.25503064936304
2145,c,23.62396415016037,23.636049799690532
2146,c,43.25503064936304,43.25503064936304
2147,c,43.25503064936304,43.25503064936304
2148,c,43.25503064936304,43.25503064936304
2149,c,43.25503064936304,43.25503064936304
2150,c,43.25503064936304,43.25503064936304
2151,t,43.25503064936304,43.25503064936304
2152,c,43.25503064936304,43.25503064936304
2153,t,43.25503064936304,43.25503064936304
2154,c,43.25503064936304,43.25503064936304
2155,c,43.25503064936304,43.25503064936304
2156,c,43.25503064936304,43.25503064936304
2157,c,43.25503064936304,43.25503064936304
2158,c,43.25503064936304,43.25503064936304
2159,c,43.25503064936304,43.25503064936304
2160,c,43.25503064936304,43.25503064936304
2161,t,43.25503064936304,43.25503064936304
2162,c,43.25503064936304,43.25503064936304
2163,c,43.25503064936304,43.25503064936304
2164,c,43.25503064936304,43.25503064936304
2165,c,43.25503064936304,43.25503064936304
2166,t,43.25503064936304,43.25503064936304
2167,c,43.25503064936304,43.25503064936304
2168,c,43.25503064936304,43.25503064936304
2169,t,43.25503064936304,43.25503064936304
2170,c,43.25503064936304,43.25503064936304
2171,c,43.25503064936304,43.25503064936304
2172,t,43.25503064936304,43.25503064936304
2173,c,43.25503064936304,43.25503064936304
2174,t,43.25503064936304,43.25503064936304
2175,t,43.25503064936304,43.25503064936304
2176,t,43.25503064936304,43.25503064936304
2177,t,43.25503064936304,43.25503064936304
2178,c,43.25503064936304,43.25503064936304
2179,c,43.25503064936304,43.25503064936304
2180,c,43.25503064936304,43.25503064936304
2181,t,43.25503064936304,43.25503064936304
2182,c,43.25503064936304,43.25503064936304
2183,c,43.25503064936304,43.25503064936304
2184,c,43.25503064936304,43.25503064936304
2185,c,43.25503064936304,43.25503064936304
2186,c,43.25503064936304,43.25503064936304
2187,c,43.25503064936304,43.25503064936304
2188,c,43.25503064936304,43.25503064936304
2189,c,43.25503064936304,43.25503064936304
2190,t,43.25503064936304,43.25503064936304
2191,c,43.25503064936304,43.25503064936304
2192,t,43.25503064936304,43.25503064936304
2193,t,43.25503064936304,43.25503064936304
2194,t,43.25503064936304,43.25503064936304
2195,c,43.25503064936304,43.25503064936304
2196,c,43.25503064936304,43.25503064936304
2197,c,43.25503064936304,43.25503064936304
2198,c,43.25503064936304,43.25503064936304
2199,c,43.25503064936304,43.25503064936304
2200,c,43.25503064936304,43.25503064936304
2201,c,43.25503064936304,43.25503064936304
2202,c,43.25503064936304,43.25503064936304
2203,c,43.25503064936304,43.25503064936304
2204,c,43.25503064936304,43.25503064936304
2205,c,43.25503064936304,43.25503064936304
2206,c,43.25503064936304,43.25503064936304
2207,c,43.25503064936304,43.25503064936304
2208,t,43.25503064936304,43.25503064936304
2209,t,43.25503064936304,43.25503064936304
2210,c,43.25503064936304,43.25503064936304
2211,c,43.25503064936304,43.25503064936304
2212,c,43.25503064936304,43.25503064936304
2213,c,43.25503064936304,43.25503064936304
2214,c,43.25503064936304,43.25503064936304
2215,c,43.25503064936304,43.25503064936304
2216,c,6.3419187869978355,7.647757119459792
2217,c,43.25503064936304,43.25503064936304
2218,t,43.25503064936304,43.25503064936304
2219,c,43.25503064936304,43.25503064936304
2220,c,43.25503064936304,43.25503064936304
2221,c,43.25503064936304,43.25503064936304
2222,c,43.25503064936304,43.25503064936304
2223,t,43.25503064936304,43.25503064936304
2224,c,43.25503064936304,43.25503064936304
2225,t,43.25503064936304,43.25503064936304
2226,c,43.25503064936304,43.25503064936304
2227,c,43.25503064936304,43.25503064936304
2228,t,43.25503064936304,43.25503064936304
2229,c,43.25503064936304,43.25503064936304
2230,c,43.25503064936304,43.25503064936304
2231,c,43.25503064936304,43.25503064936304
2232,t,43.25503064936304,43.25503064936304
2233,c,43.25503064936304,43.25503064936304
2234,c,43.25503064936304,43.25503064936304
2235,t,43.25503064936304,43.25503064936304
2236,c,43.25503064936304,43.25503064936304
2237,c,43.25503064936304,43.25503064936304
2238,c,43.25503064936304,43.25503064936304
2239,c,43.25503064936304,43.25503064936304
2240,c,43.25503064936304,43.25503064936304
2241,c,43.25503064936304,43.25503064936304
2242,t,43.25503064936304,43.25503064936304
2243,c,43.25503064936304,43.25503064936304
2244,c,43.25503064936304,43.25503064936304
2245,c,43.25503064936304,43.25503064936304
2246,c,43.25503064936304,43.25503064936304
2247,c,43.25503064936304,43.25503064936304
2248,c,43.25503064936304,43.25503064936304
2249,c,43.25503064936304,43.25503064936304
2250,c,43.25503064936304,43.25503064936304
2251,c,43.25503064936304,43.25503064936304
2252,c,43.25503064936304,43.25503064936304
2253,c,43.25503064936304,43.25503064936304
2254,c,43.25503064936304,43.25503064936304
2255,c,43.25503064936304,43.25503064936304
2256,t,43.25503064936304,43.25503064936304
2257,c,43.25503064936304,43.25503064936304
2258,c,43.25503064936304,43.25503064936304
2259,c,43.25503064936304,43.25503064936304
2260,c,43.25503064936304,43.25503064936304
2261,c,43.25503064936304,43.25503064936304
2262,c,43.25503064936304,43.25503064936304
2263,c,43.25503064936304,43.25503064936304
2264,c,43.25503064936304,43.25503064936304
2265,c,43.25503064936304,43.25503064936304
2266,c,43.25503064936304,43.25503064936304
2267,c,43.25503064936304,43.25503064936304
2268,c,43.25503064936304,43.25503064936304
2269,t,43.25503064936304,43.25503064936304
2270,c,43.25503064936304,43.25503064936304
2271,c,43.25503064936304,43.25503064936304
2272,c,43.25503064936304,43.25503064936304
2273,t,43.25503064936304,43.25503064936304
2274,c,43.25503064936304,43.25503064936304
2275,c,43.25503064936304,43.25503064936304
2276,na,13.515145293352697,22.36409894458257
2277,c,43.25503064936304,43.25503064936304
2278,c,43.25503064936304,43.25503064936304
2279,c,43.25503064936304,43.25503064936304
2280,c,43.25503064936304,43.25503064936304
2281,c,43.25503064936304,43.25503064936304
2282,t,43.25503064936304,43.25503064936304
2283,c,43.25503064936304,43.25503064936304
2284,c,43.25503064936304,43.25503064936304
2285,t,43.25503064936304,43.25503064936304
2286,c,43.25503064936304,43.25503064936304
2287,c,43.25503064936304,43.25503064936304
2288,t,43.25503064936304,43.25503064936304
2289,c,43.25503064936304,43.25503064936304
2290,c,43.25503064936304,43.25503064936304
2291,t,43.25503064936304,43.25503064936304
2292,t,43.25503064936304,43.25503064936304
2293,c,43.25503064936304,43.25503064936304
2294,c,43.25503064936304,43.25503064936304
2295,c,43.25503064936304,43.25503064936304
2296,c,43.25503064936304,43.25503064936304
2297,t,43.25503064936304,43.25503064936304
2298,c,43.25503064936304,43.25503064936304
2299,c,43.25503064936304,43.25503064936304
2300,t,43.25503064936304,43.25503064936304
2301,c,43.25503064936304,43.25503064936304
2302,c,43.25503064936304,43.25503064936304
2303,c,43.25503064936304,43.25503064936304
2304,c,43.25503064936304,43.25503064936304
2305,c,43.25503064936304,43.25503064936304
2306,c,43.25503064936304,43.25503064936304
2307,c,43.25503064936304,43.25503064936304
2308,c,43.25503064936304,43.25503064936304
2309,c,43.25503064936304,43.25503064936304
2310,c,43.25503064936304,43.25503064936304
2311,c,43.25503064936304,43.25503064936304
2312,c,43.25503064936304,43.25503064936304
2313,c,43.25503064936304,43.25503064936304
2314,c,43.25503064936304,43.25503064936304
2315,c,43.25503064936304,43.25503064936304
2316,na,-1,0
2317,c,14.187248334048201,15.342885493724971
2318,t,43.25503064936304,43.25503064936304
2319,t,43.25503064936304,43.25503064936304
2320,c,43.25503064936304,43.25503064936304
2321,c,43.25503064936304,43.25503064936304
2322,c,43.25503064936304,43.25503064936304
2323,c,43.25503064936304,43.25503064936304
2324,t,43.25503064936304,43.25503064936304
2325,c,43.25503064936304,43.25503064936304
2326,c,43.25503064936304,43.25503064936304
2327,t,43.25503064936304,43.25503064936304
2328,t,43.25503064936304,43.25503064936304
2329,c,43.25503064936304,43.25503064936304
2330,t,43.25503064936304,43.25503064936304
2331,c,43.25503064936304,43.25503064936304
2332,c,43.25503064936304,43.25503064936304
2333,c,43.25503064936304,43.25503064936304
2334,c,43.25503064936304,43.25503064936304
2335,c,43.25503064936304,43.25503064936304
2336,c,43.25503064936304,43.25503064936304
2337,c,43.25503064936304,43.25503064936304
2338,c,43.25503064936304,43.25503064936304
2339,c,43.25503064936304,43.25503064936304
2340,c,4.51534851512161,5.227790875049504
2341,c,43.25503064936304,43.25503064936304
2342,c,43.25503064936304,43.25503064936304
2343,c,43.25503064936304,43.25503064936304
2344,c,43.25503064936304,43.25503064936304
2345,c,43.25503064936304,43.25503064936304
2346,c,43.25503064936304,43.25503064936304
2347,c,43.25503064936304,43.25503064936304
2348,c,43.25503064936304,43.25503064936304
2349,c,43.25503064936304,43.25503064936304
2350,c,43.25503064936304,43.25503064936304
2351,t,43.25503064936304,43.25503064936304
2352,c,43.25503064936304,43.25503064936304
2353,c,43.25503064936304,43.25503064936304
2354,c,43.25503064936304,43.25503064936304
2355,c,43.25503064936304,43.25503064936304
2356,c,43.25503064936304,43.25503064936304
2357,t,43.25503064936304,43.25503064936304
2358,c,43.25503064936304,43.25503064936304
2359,t,43.25503064936304,43.25503064936304
2360,c,6.110581550331347,8.24484988432319
2361,na,3.1375621216347,10.52153523182929
2362,t,43.25503064936304,43.25503064936304
2363,c,43.25503064936304,43.25503064936304
2364,c,43.25503064936304,43.25503064936304
2365,c,43.25503064936304,43.25503064936304
2366,t,43.25503064936304,43.25503064936304
2367,c,43.25503064936304,43.25503064936304
2368,t,43.25503064936304,43.25503064936304
2369,c,43.25503064936304,43.25503064936304
2370,c,43.25503064936304,43.25503064936304
2371,t,43.25503064936304,43.25503064936304
2372,c,43.25503064936304,43.25503064936304
2373,c,14.911451746156096,23.00322938230068
2374,c,43.25503064936304,43.25503064936304
2375,c,43.25503064936304,43.25503064936304
2376,c,43.25503064936304,43.25503064936304
2377,c,43.25503064936304,43.25503064936304
2378,t,43.25503064936304,43.25503064936304
2379,c,43.25503064936304,43.25503064936304
2380,c,43.25503064936304,43.25503064936304
2381,c,43.25503064936304,43.25503064936304
2382,c,43.25503064936304,43.25503064936304
2383,c,43.25503064936304,43.25503064936304
2384,c,43.25503064936304,43.25503064936304
2385,c,43.25503064936304,43.25503064936304
2386,c,43.25503064936304,43.25503064936304
2387,c,43.25503064936304,43.25503064936304
2388,c,43.25503064936304,43.25503064936304
2389,c,43.25503064936304,43.25503064936304
2390,t,43.25503064936304,43.25503064936304
2391,c,43.25503064936304,43.25503064936304
2392,c,43.25503064936304,43.25503064936304
2393,c,43.25503064936304,43.25503064936304
2394,c,43.25503064936304,43.25503064936304
2395,c,43.25503064936304,43.25503064936304
2396,c,43.25503064936304,43.25503064936304
2397,c,43.25503064936304,43.25503064936304
2398,c,43.25503064936304,43.25503064936304
2399,c,43.25503064936304,43.25503064936304
2400,c,43.25503064936304,43.25503064936304
2401,c,43.25503064936304,43.25503064936304
2402,c,43.25503064936304,43.25503064936304
2403,c,43.25503064936304,43.25503064936304
2404,c,43.25503064936304,43.25503064936304
2405,c,43.25503064936304,43.25503064936304
2406,c,43.25503064936304,43.25503064936304
2407,c,43.25503064936304,43.25503064936304
2408,c,43.25503064936304,43.25503064936304
2409,t,43.25503064936304,43.25503064936304
2410,c,43.25503064936304,43.25503064936304
2411,c,43.25503064936304,43.25503064936304
2412,t,43.25503064936304,43.25503064936304
2413,c,43.25503064936304,43.25503064936304
2414,c,43.25503064936304,43.25503064936304
2415,c,43.25503064936304,43.25503064936304
2416,c,43.25503064936304,43.25503064936304
2417,c,7.639848056390383,13.521322878070196
2418,c,43.25503064936304,43.25503064936304
2419,c,43.25503064936304,43.25503064936304
2420,c,43.25503064936304,43.25503064936304
2421,c,11.911042798086598,12.34929739794872
2422,t,43.25503064936304,43.25503064936304
2423,c,43.25503064936304,43.25503064936304
2424,c,43.25503064936304,43.25503064936304
2425,c,43.25503064936304,43.25503064936304
2426,c,43.25503064936304,43.25503064936304
2427,c,43.25503064936304,43.25503064936304
2428,c,43.25503064936304,43.25503064936304
2429,c,43.25503064936304,43.25503064936304
2430,c,43.25503064936304,43.25503064936304
2431,t,43.25503064936304,43.25503064936304
2432,c,43.25503064936304,43.25503064936304
2433,c,43.25503064936304,43.25503064936304
2434,c,43.25503064936304,43.25503064936304
2435,c,43.25503064936304,43.25503064936304
2436,c,43.25503064936304,43.25503064936304
2437,c,43.25503064936304,43.25503064936304
2438,c,43.25503064936304,43.25503064936304
2439,t,43.25503064936304,43.25503064936304
2440,c,43.25503064936304,43.25503064936304
2441,c,43.25503064936304,43.25503064936304
2442,t,43.25503064936304,43.25503064936304
2443,c,43.25503064936304,43.25503064936304
2444,c,43.25503064936304,43.25503064936304
2445,c,43.25503064936304,43.25503064936304
2446,t,43.25503064936304,43.25503064936304
2447,c,43.25503064936304,43.25503064936304
2448,c,43.25503064936304,43.25503064936304
2449,t,43.25503064936304,43.25503064936304
2450,t,43.25503064936304,43.25503064936304
2451,t,43.25503064936304,43.25503064936304
2452,c,43.25503064936304,43.25503064936304
2453,c,43.25503064936304,43.25503064936304
2454,c,43.25503064936304,43.25503064936304
2455,t,43.25503064936304,43.25503064936304
2456,c,43.25503064936304,43.25503064936304
2457,t,43.25503064936304,43.25503064936304
2458,c,43.25503064936304,43.25503064936304
2459,c,43.25503064936304,43.25503064936304
2460,c,43.25503064936304,43.25503064936304
2461,c,43.25503064936304,43.25503064936304
2462,t,43.25503064936304,43.25503064936304
2463,t,43.25503064936304,43.25503064936304
2464,c,43.25503064936304,43.25503064936304
2465,c,43.25503064936304,43.25503064936304
2466,t,43.25503064936304,43.25503064936304
2467,t,43.25503064936304,43.25503064936304
2468,t,43.25503064936304,43.25503064936304
2469,t,43.25503064936304,43.25503064936304
2470,c,43.25503064936304,43.25503064936304
2471,c,43.25503064936304,43.25503064936304
2472,c,43.25503064936304,43.25503064936304
2473,c,43.25503064936304,43.25503064936304
2474,c,43.25503064936304,43.25503064936304
2475,c,43.25503064936304,43.25503064936304
2476,c,43.25503064936304,43.25503064936304
2477,c,43.25503064936304,43.25503064936304
2478,t,43.25503064936304,43.25503064936304
2479,c,43.25503064936304,43.25503064936304
2480,c,43.25503064936304,43.25503064936304
2481,c,43.25503064936304,43.25503064936304
2482,c,43.25503064936304,43.25503064936304
2483,c,43.25503064936304,43.25503064936304
2484,c,43.25503064936304,43.25503064936304
2485,t,43.25503064936304,43.25503064936304
2486,c,43.25503064936304,43.25503064936304
2487,c,43.25503064936304,43.25503064936304
2488,c,43.25503064936304,43.25503064936304
2489,t,43.25503064936304,43.25503064936304
2490,t,43.25503064936304,43.25503064936304
2491,c,43.25503064936304,43.25503064936304
2492,c,43.25503064936304,43.25503064936304
2493,c,43.25503064936304,43.25503064936304
2494,c,43.25503064936304,43.25503064936304
2495,t,43.25503064936304,43.25503064936304
2496,c,43.25503064936304,43.25503064936304
2497,c,43.25503064936304,43.25503064936304
2498,c,43.25503064936304,43.25503064936304
2499,t,43.25503064936304,43.25503064936304
2500,c,43.25503064936304,43.25503064936304
2501,t,43.25503064936304,43.25503064936304
2502,c,43.25503064936304,43.25503064936304
2503,c,43.25503064936304,43.25503064936304
2504,c,43.25503064936304,43.25503064936304
2505,c,43.25503064936304,43.25503064936304
2506,c,43.25503064936304,43.25503064936304
2507,c,43.25503064936304,43.25503064936304
2508,c,43.25503064936304,43.25503064936304
2509,t,43.25503064936304,43.25503064936304
2510,c,43.25503064936304,43.25503064936304
2511,c,43.25503064936304,43.25503064936304
2512,c,43.25503064936304,43.25503064936304
2513,c,43.25503064936304,43.25503064936304
2514,c,43.25503064936304,43.25503064936304
2515,c,43.25503064936304,43.25503064936304
2516,c,43.25503064936304,43.25503064936304
2517,c,43.25503064936304,43.25503064936304
2518,t,43.25503064936304,43.25503064936304
2519,c,43.25503064936304,43.25503064936304
2520,c,43.25503064936304,43.25503064936304
2521,c,43.25503064936304,43.25503064936304
2522,c,43.25503064936304,43.25503064936304
2523,c,43.25503064936304,43.25503064936304
2524,c,43.25503064936304,43.25503064936304
2525,t,43.25503064936304,43.25503064936304
2526,c,43.25503064936304,43.25503064936304
2527,c,43.25503064936304,43.25503064936304
2528,c,43.25503064936304,43.25503064936304
2529,t,43.25503064936304,43.25503064936304
2530,c,43.25503064936304,43.25503064936304
2531,c,43.25503064936304,43.25503064936304
2532,c,43.25503064936304,43.25503064936304
2533,c,43.25503064936304,43.25503064936304
2534,c,43.25503064936304,43.25503064936304
2535,c,43.25503064936304,43.25503064936304
2536,c,43.25503064936304,43.25503064936304
2537,t,43.25503064936304,43.25503064936304
2538,t,43.25503064936304,43.25503064936304
2539,t,43.25503064936304,43.25503064936304
2540,t,43.25503064936304,43.25503064936304
2541,c,43.25503064936304,43.25503064936304
2542,c,43.25503064936304,43.25503064936304
2543,c,43.25503064936304,43.25503064936304
2544,t,43.25503064936304,43.25503064936304
2545,c,43.25503064936304,43.25503064936304
2546,c,43.25503064936304,43.25503064936304
2547,c,43.25503064936304,43.25503064936304
2548,c,43.25503064936304,43.25503064936304
2549,c,43.25503064936304,43.25503064936304
2550,t,43.25503064936304,43.25503064936304
2551,c,2.7518666236851588,2.778792921473512
2552,c,43.25503064936304,43.25503064936304
2553,c,43.25503064936304,43.25503064936304
2554,t,43.25503064936304,43.25503064936304
2555,t,43.25503064936304,43.25503064936304
2556,c,43.25503064936304,43.25503064936304
2557,c,43.25503064936304,43.25503064936304
2558,c,43.25503064936304,43.25503064936304
2559,c,43.25503064936304,43.25503064936304
2560,c,43.25503064936304,43.25503064936304
2561,c,43.25503064936304,43.25503064936304
2562,c,43.25503064936304,43.25503064936304
2563,t,43.25503064936304,43.25503064936304
2564,c,43.25503064936304,43.25503064936304
2565,t,43.25503064936304,43.25503064936304
2566,t,43.25503064936304,43.25503064936304
2567,c,43.25503064936304,43.25503064936304
2568,t,43.25503064936304,43.25503064936304
2569,c,43.25503064936304,43.25503064936304
2570,c,43.25503064936304,43.25503064936304
2571,t,43.25503064936304,43.25503064936304
2572,t,43.25503064936304,43.25503064936304
2573,c,43.25503064936304,43.25503064936304
2574,c,43.25503064936304,43.25503064936304
2575,c,43.25503064936304,43.25503064936304
2576,t,43.25503064936304,43.25503064936304
2577,c,43.25503064936304,43.25503064936304
2578,c,43.25503064936304,43.25503064936304
2579,t,43.25503064936304,43.25503064936304
2580,c,43.25503064936304,43.25503064936304
2581,c,43.25503064936304,43.25503064936304
2582,t,43.25503064936304,43.25503064936304
2583,c,43.25503064936304,43.25503064936304
2584,c,43.25503064936304,43.25503064936304
2585,c,43.25503064936304,43.25503064936304
2586,c,43.25503064936304,43.25503064936304
2587,c,43.25503064936304,43.25503064936304
2588,c,43.25503064936304,43.25503064936304
2589,t,43.25503064936304,43.25503064936304
2590,c,43.25503064936304,43.25503064936304
2591,c,43.25503064936304,43.25503064936304
2592,c,43.25503064936304,43.25503064936304
2593,c,43.25503064936304,43.25503064936304
2594,c,43.25503064936304,43.25503064936304
2595,c,43.25503064936304,43.25503064936304
2596,c,43.25503064936304,43.25503064936304
2597,c,43.25503064936304,43.25503064936304
2598,t,43.25503064936304,43.25503064936304
2599,c,43.25503064936304,43.25503064936304
2600,c,43.25503064936304,43.25503064936304
2601,c,43.25503064936304,43.25503064936304
2602,c,43.25503064936304,43.25503064936304
2603,c,43.25503064936304,43.25503064936304
2604,c,43.25503064936304,43.25503064936304
2605,c,43.25503064936304,43.25503064936304
2606,t,43.25503064936304,43.25503064936304
2607,c,43.25503064936304,43.25503064936304
2608,c,43.25503064936304,43.25503064936304
2609,c,43.25503064936304,43.25503064936304
2610,c,43.25503064936304,43.25503064936304
2611,t,43.25503064936304,43.25503064936304
2612,na,0.12996000494868068,0.9218035398252995
2613,c,43.25503064936304,43.25503064936304
2614,t,43.25503064936304,43.25503064936304
2615,c,43.25503064936304,43.25503064936304
2616,c,43.25503064936304,43.25503064936304
2617,c,43.25503064936304,43.25503064936304
2618,c,3.4666824851847284,7.08592887551202
2619,t,43.25503064936304,43.25503064936304
2620,c,43.25503064936304,43.25503064936304
2621,c,43.25503064936304,43.25503064936304
2622,t,43.25503064936304,43.25503064936304
2623,c,43.25503064936304,43.25503064936304
2624,c,43.25503064936304,43.25503064936304
2625,c,4.226336289672074,8.098870885872334
2626,c,43.25503064936304,43.25503064936304
2627,t,43.25503064936304,43.25503064936304
2628,c,43.25503064936304,43.25503064936304
2629,c,43.25503064936304,43.25503064936304
2630,c,43.25503064936304,43.25503064936304
2631,c,43.25503064936304,43.25503064936304
2632,c,43.25503064936304,43.25503064936304
2633,t,43.25503064936304,43.25503064936304
2634,c,43.25503064936304,43.25503064936304
2635,t,43.25503064936304,43.25503064936304
2636,t,43.25503064936304,43.25503064936304
2637,t,43.25503064936304,43.25503064936304
2638,t,43.25503064936304,43.25503064936304
2639,c,43.25503064936304,43.25503064936304
2640,c,43.25503064936304,43.25503064936304
2641,c,43.25503064936304,43.25503064936304
2642,c,43.25503064936304,43.25503064936304
2643,c,43.25503064936304,43.25503064936304
2644,c,43.25503064936304,43.25503064936304
2645,c,43.25503064936304,43.25503064936304
2646,c,43.25503064936304,43.25503064936304
2647,t,43.25503064936304,43.25503064936304
2648,t,43.25503064936304,43.25503064936304
2649,c,43.25503064936304,43.25503064936304
2650,t,43.25503064936304,43.25503064936304
2651,t,43.25503064936304,43.25503064936304
2652,t,43.25503064936304,43.25503064936304
2653,c,43.25503064936304,43.25503064936304
2654,c,43.25503064936304,43.25503064936304
2655,c,43.25503064936304,43.25503064936304
2656,c,43.25503064936304,43.25503064936304
2657,c,43.25503064936304,43.25503064936304
2658,c,43.25503064936304,43.25503064936304
2659,c,43.25503064936304,43.25503064936304
2660,c,43.25503064936304,43.25503064936304
2661,c,43.25503064936304,43.25503064936304
2662,c,43.25503064936304,43.25503064936304
2663,c,43.25503064936304,43.25503064936304
2664,c,43.25503064936304,43.25503064936304
2665,c,43.25503064936304,43.25503064936304
2666,c,43.25503064936304,43.25503064936304
2667,c,43.25503064936304,43.25503064936304
2668,c,43.25503064936304,43.25503064936304
2669,c,43.25503064936304,43.25503064936304
2670,c,43.25503064936304,43.25503064936304
2671,t,43.25503064936304,43.25503064936304
2672,c,43.25503064936304,43.25503064936304
2673,c,43.25503064936304,43.25503064936304
2674,t,43.25503064936304,43.25503064936304
2675,c,43.25503064936304,43.25503064936304
2676,c,43.25503064936304,43.25503064936304
2677,c,43.25503064936304,43.25503064936304
2678,c,43.25503064936304,43.25503064936304
2679,c,43.25503064936304,43.25503064936304
2680,t,43.25503064936304,43.25503064936304
2681,t,43.25503064936304,43.25503064936304
2682,c,43.25503064936304,43.25503064936304
2683,c,43.25503064936304,43.25503064936304
2684,t,43.25503064936304,43.25503064936304
2685,c,43.25503064936304,43.25503064936304
2686,c,43.25503064936304,43.25503064936304
2687,t,43.25503064936304,43.25503064936304
2688,c,43.25503064936304,43.25503064936304
2689,c,4.26442037552133,9.93135319454313
2690,c,43.25503064936304,43.25503064936304
2691,c,43.25503064936304,43.25503064936304
2692,c,43.25503064936304,43.25503064936304
2693,c,43.25503064936304,43.25503064936304
2694,c,43.25503064936304,43.25503064936304
2695,c,43.25503064936304,43.25503064936304
2696,c,7.172683328611041,43.25503064936304
2697,c,43.25503064936304,43.25503064936304
2698,c,13.46624024961111,15.375369681755537
2699,c,43.25503064936304,43.25503064936304
2700,c,43.25503064936304,43.25503064936304
2701,c,43.25503064936304,43.25503064936304
2702,c,43.25503064936304,43.25503064936304
2703,c,43.25503064936304,43.25503064936304
2704,c,43.25503064936304,43.25503064936304
2705,t,43.25503064936304,43.25503064936304
2706,t,43.25503064936304,43.25503064936304
2707,c,43.25503064936304,43.25503064936304
2708,c,43.25503064936304,43.25503064936304
2709,c,43.25503064936304,43.25503064936304
2710,c,43.25503064936304,43.25503064936304
2711,c,43.25503064936304,43.25503064936304
2712,t,43.25503064936304,43.25503064936304
2713,t,43.25503064936304,43.25503064936304
2714,c,43.25503064936304,43.25503064936304
2715,c,43.25503064936304,43.25503064936304
2716,c,43.25503064936304,43.25503064936304
2717,t,43.25503064936304,43.25503064936304
2718,c,43.25503064936304,43.25503064936304
2719,c,43.25503064936304,43.25503064936304
2720,t,43.25503064936304,43.25503064936304
2721,c,43.25503064936304,43.25503064936304
2722,c,43.25503064936304,43.25503064936304
2723,c,43.25503064936304,43.25503064936304
2724,na,0,2.4343376737752043
2725,t,43.25503064936304,43.25503064936304
2726,t,43.25503064936304,43.25503064936304
2727,c,43.25503064936304,43.25503064936304
2728,c,43.25503064936304,43.25503064936304
2729,t,43.25503064936304,43.25503064936304
2730,c,43.25503064936304,43.25503064936304
2731,c,43.25503064936304,43.25503064936304
2732,c,43.25503064936304,43.25503064936304
2733,c,43.25503064936304,43.25503064936304
2734,c,43.25503064936304,43.25503064936304
2735,t,43.25503064936304,43.25503064936304
2736,c,43.25503064936304,43.25503064936304
2737,c,43.25503064936304,43.25503064936304
2738,t,43.25503064936304,43.25503064936304
2739,c,43.25503064936304,43.25503064936304
2740,c,43.25503064936304,43.25503064936304
2741,c,43.25503064936304,43.25503064936304
2742,c,43.25503064936304,43.25503064936304
2743,c,43.25503064936304,43.25503064936304
2744,c,43.25503064936304,43.25503064936304
2745,c,43.25503064936304,43.25503064936304
2746,c,43.25503064936304,43.25503064936304
2747,c,43.25503064936304,43.25503064936304
2748,c,43.25503064936304,43.25503064936304
2749,c,43.25503064936304,43.25503064936304
2750,c,43.25503064936304,43.25503064936304
2751,c,43.25503064936304,43.25503064936304
2752,c,43.25503064936304,43.25503064936304
2753,t,43.25503064936304,43.25503064936304
2754,c,43.25503064936304,43.25503064936304
2755,c,43.25503064936304,43.25503064936304
2756,c,43.25503064936304,43.25503064936304
2757,c,43.25503064936304,43.25503064936304
2758,t,43.25503064936304,43.25503064936304
2759,t,43.25503064936304,43.25503064936304
2760,t,43.25503064936304,43.25503064936304
2761,c,43.25503064936304,43.25503064936304
2762,t,43.25503064936304,43.25503064936304
2763,c,43.25503064936304,43.25503064936304
2764,c,43.25503064936304,43.25503064936304
2765,na,1.6787877663465716,1.9343963849911932
2766,c,43.25503064936304,43.25503064936304
2767,c,11.17822703431646,17.186846232188163
2768,t,43.25503064936304,43.25503064936304
2769,t,43.25503064936304,43.25503064936304
2770,c,43.25503064936304,43.25503064936304
2771,c,43.25503064936304,43.25503064936304
2772,c,43.25503064936304,43.25503064936304
2773,c,43.25503064936304,43.25503064936304
2774,c,43.25503064936304,43.25503064936304
2775,t,43.25503064936304,43.25503064936304
2776,c,43.25503064936304,43.25503064936304
2777,c,43.25503064936304,43.25503064936304
2778,c,43.25503064936304,43.25503064936304
2779,c,43.25503064936304,43.25503064936304
2780,t,43.25503064936304,43.25503064936304
2781,c,43.25503064936304,43.25503064936304
2782,c,43.25503064936304,43.25503064936304
2783,c,43.25503064936304,43.25503064936304
2784,t,43.25503064936304,43.25503064936304
2785,c,43.25503064936304,43.25503064936304
2786,c,43.25503064936304,43.25503064936304
2787,c,43.25503064936304,43.25503064936304
2788,c,43.25503064936304,43.25503064936304
2789,c,43.25503064936304,43.25503064936304
2790,c,43.25503064936304,43.25503064936304
2791,t,43.25503064936304,43.25503064936304
2792,c,43.25503064936304,43.25503064936304
2793,t,43.25503064936304,43.25503064936304
2794,c,43.25503064936304,43.25503064936304
2795,c,43.25503064936304,43.25503064936304
2796,c,43.25503064936304,43.25503064936304
2797,c,43.25503064936304,43.25503064936304
2798,c,43.25503064936304,43.25503064936304
2799,c,43.25503064936304,43.25503064936304
2800,t,43.25503064936304,43.25503064936304
2801,c,43.25503064936304,43.25503064936304
2802,c,43.25503064936304,43.25503064936304
2803,c,43.25503064936304,43.25503064936304
2804,c,43.25503064936304,43.25503064936304
2805,t,43.25503064936304,43.25503064936304
2806,c,43.25503064936304,43.25503064936304
2807,t,43.25503064936304,43.25503064936304
2808,c,43.25503064936304,43.25503064936304
2809,c,43.25503064936304,43.25503064936304
2810,c,43.25503064936304,43.25503064936304
2811,c,43.25503064936304,43.25503064936304
2812,c,43.25503064936304,43.25503064936304
2813,c,43.25503064936304,43.25503064936304
2814,c,43.25503064936304,43.25503064936304
2815,t,43.25503064936304,43.25503064936304
2816,t,43.25503064936304,43.25503064936304
2817,c,43.25503064936304,43.25503064936304
2818,t,43.25503064936304,43.25503064936304
2819,c,43.25503064936304,43.25503064936304
2820,t,43.25503064936304,43.25503064936304
2821,c,43.25503064936304,43.25503064936304
2822,c,43.25503064936304,43.25503064936304
2823,c,15.042838802229191,23.48150467351891
2824,c,43.25503064936304,43.25503064936304
2825,c,43.25503064936304,43.25503064936304
2826,c,43.25503064936304,43.25503064936304
2827,t,43.25503064936304,43.25503064936304
2828,c,43.25503064936304,43.25503064936304
2829,c,43.25503064936304,43.25503064936304
2830,t,43.25503064936304,43.25503064936304
2831,c,43.25503064936304,43.25503064936304
2832,t,43.25503064936304,43.25503064936304
2833,t,43.25503064936304,43.25503064936304
2834,c,43.25503064936304,43.25503064936304
2835,t,43.25503064936304,43.25503064936304
2836,c,43.25503064936304,43.25503064936304
2837,c,43.25503064936304,43.25503064936304
2838,c,43.25503064936304,43.25503064936304
2839,c,43.25503064936304,43.25503064936304
2840,c,43.25503064936304,43.25503064936304
2841,c,43.25503064936304,43.25503064936304
2842,c,43.25503064936304,43.25503064936304
2843,t,43.25503064936304,43.25503064936304
2844,t,43.25503064936304,43.25503064936304
2845,c,43.25503064936304,43.25503064936304
2846,c,43.25503064936304,43.25503064936304
2847,t,43.25503064936304,43.25503064936304
2848,c,43.25503064936304,43.25503064936304
2849,c,43.25503064936304,43.25503064936304
2850,c,43.25503064936304,43.25503064936304
2851,t,43.25503064936304,43.25503064936304
2852,c,43.25503064936304,43.25503064936304
2853,t,43.25503064936304,43.25503064936304
2854,t,43.25503064936304,43.25503064936304
2855,t,43.25503064936304,43.25503064936304
2856,c,43.25503064936304,43.25503064936304
2857,c,43.25503064936304,43.25503064936304
2858,c,43.25503064936304,43.25503064936304
2859,t,43.25503064936304,43.25503064936304
2860,c,43.25503064936304,43.25503064936304
2861,c,43.25503064936304,43.25503064936304
2862,c,20.07520982683563,20.905511263038466
2863,c,43.25503064936304,43.25503064936304
2864,c,43.25503064936304,43.25503064936304
2865,t,43.25503064936304,43.25503064936304
2866,c,43.25503064936304,43.25503064936304
2867,c,43.25503064936304,43.25503064936304
2868,t,43.25503064936304,43.25503064936304
2869,c,43.25503064936304,43.25503064936304
2870,c,43.25503064936304,43.25503064936304
2871,c,43.25503064936304,43.25503064936304
2872,c,43.25503064936304,43.25503064936304
2873,c,43.25503064936304,43.25503064936304
2874,t,43.25503064936304,43.25503064936304
2875,c,43.25503064936304,43.25503064936304
2876,c,43.25503064936304,43.25503064936304
2877,c,43.25503064936304,43.25503064936304
2878,t,43.25503064936304,43.25503064936304
2879,c,43.25503064936304,43.25503064936304
2880,c,43.25503064936304,43.25503064936304
2881,c,43.25503064936304,43.25503064936304
2882,c,43.25503064936304,43.25503064936304
2883,c,43.25503064936304,43.25503064936304
2884,c,4.78106626576572,9.2004943327223
2885,t,43.25503064936304,43.25503064936304
2886,t,43.25503064936304,43.25503064936304
2887,c,43.25503064936304,43.25503064936304
2888,c,43.25503064936304,43.25503064936304
2889,c,43.25503064936304,43.25503064936304
2890,t,43.25503064936304,43.25503064936304
2891,c,43.25503064936304,43.25503064936304
2892,t,43.25503064936304,43.25503064936304
2893,t,43.25503064936304,43.25503064936304
2894,c,43.25503064936304,43.25503064936304
2895,c,43.25503064936304,43.25503064936304
2896,c,43.25503064936304,43.25503064936304
2897,c,43.25503064936304,43.25503064936304
2898,c,43.25503064936304,43.25503064936304
2899,c,43.25503064936304,43.25503064936304
2900,c,43.25503064936304,43.25503064936304
2901,c,43.25503064936304,43.25503064936304
2902,c,43.25503064936304,43.25503064936304
2903,c,43.25503064936304,43.25503064936304
2904,c,43.25503064936304,43.25503064936304
2905,c,43.25503064936304,43.25503064936304
2906,c,43.25503064936304,43.25503064936304
2907,c,43.25503064936304,43.25503064936304
2908,c,43.25503064936304,43.25503064936304
2909,c,43.25503064936304,43.25503064936304
2910,t,43.25503064936304,43.25503064936304
2911,c,43.25503064936304,43.25503064936304
2912,c,43.25503064936304,43.25503064936304
2913,c,43.25503064936304,43.25503064936304
2914,c,43.25503064936304,43.25503064936304
2915,c,43.25503064936304,43.25503064936304
2916,c,43.25503064936304,43.25503064936304
2917,c,43.25503064936304,43.25503064936304
2918,c,43.25503064936304,43.25503064936304
2919,t,43.25503064936304,43.25503064936304
2920,c,43.25503064936304,43.25503064936304
2921,c,43.25503064936304,43.25503064936304
2922,c,43.25503064936304,43.25503064936304
2923,c,43.25503064936304,43.25503064936304
2924,c,43.25503064936304,43.25503064936304
2925,c,43.25503064936304,43.25503064936304
2926,c,43.25503064936304,43.25503064936304
2927,t,43.25503064936304,43.25503064936304
2928,c,43.25503064936304,43.25503064936304
2929,c,43.25503064936304,43.25503064936304
2930,c,43.25503064936304,43.25503064936304
2931,t,43.25503064936304,43.25503064936304
2932,c,43.25503064936304,43.25503064936304
2933,c,43.25503064936304,43.25503064936304
2934,c,43.25503064936304,43.25503064936304
2935,t,43.25503064936304,43.25503064936304
2936,t,43.25503064936304,43.25503064936304
2937,t,43.25503064936304,43.25503064936304
2938,c,43.25503064936304,43.25503064936304
2939,t,43.25503064936304,43.25503064936304
2940,c,43.25503064936304,43.25503064936304
2941,c,43.25503064936304,43.25503064936304
2942,c,43.25503064936304,43.25503064936304
2943,c,43.25503064936304,43.25503064936304
2944,c,43.25503064936304,43.25503064936304
2945,c,43.25503064936304,43.25503064936304
2946,c,43.25503064936304,43.25503064936304
2947,c,43.25503064936304,43.25503064936304
2948,t,43.25503064936304,43.25503064936304
2949,c,43.25503064936304,43.25503064936304
2950,c,43.25503064936304,43.25503064936304
2951,c,43.25503064936304,43.25503064936304
2952,c,43.25503064936304,43.25503064936304
2953,t,43.25503064936304,43.25503064936304
2954,c,43.25503064936304,43.25503064936304
2955,c,43.25503064936304,43.25503064936304
2956,c,43.25503064936304,43.25503064936304
2957,c,43.25503064936304,43.25503064936304
2958,t,43.25503064936304,43.25503064936304
2959,c,43.25503064936304,43.25503064936304
2960,t,43.25503064936304,43.25503064936304
2961,c,43.25503064936304,43.25503064936304
2962,c,43.25503064936304,43.25503064936304
2963,c,43.25503064936304,43.25503064936304
2964,c,43.25503064936304,43.25503064936304
2965,t,43.25503064936304,43.25503064936304
2966,c,43.25503064936304,43.25503064936304
2967,t,43.25503064936304,43.25503064936304
2968,c,43.25503064936304,43.25503064936304
2969,c,43.25503064936304,43.25503064936304
2970,c,43.25503064936304,43.25503064936304
2971,c,43.25503064936304,43.25503064936304
2972,c,43.25503064936304,43.25503064936304
2973,c,43.25503064936304,43.25503064936304
2974,c,43.25503064936304,43.25503064936304
2975,c,43.25503064936304,43.25503064936304
2976,c,43.25503064936304,43.25503064936304
2977,c,43.25503064936304,43.25503064936304
2978,c,43.25503064936304,43.25503064936304
2979,c,43.25503064936304,43.25503064936304
2980,c,43.25503064936304,43.25503064936304
2981,c,43.25503064936304,43.25503064936304
2982,t,43.25503064936304,43.25503064936304
2983,c,43.25503064936304,43.25503064936304
2984,c,43.25503064936304,43.25503064936304
2985,t,43.25503064936304,43.25503064936304
2986,c,5.568891163065836,11.938139003435497
2987,t,43.25503064936304,43.25503064936304
2988,t,43.25503064936304,43.25503064936304
2989,c,43.25503064936304,43.25503064936304
2990,c,43.25503064936304,43.25503064936304
2991,c,43.25503064936304,43.25503064936304
2992,c,43.25503064936304,43.25503064936304
2993,c,43.25503064936304,43.25503064936304
2994,c,43.25503064936304,43.25503064936304
2995,na,0,0.8727464977748617
2996,t,43.25503064936304,43.25503064936304
2997,c,43.25503064936304,43.25503064936304
2998,c,43.25503064936304,43.25503064936304
2999,c,43.25503064936304,43.25503064936304
3000,c,43.25503064936304,43.25503064936304
3001,c,43.25503064936304,43.25503064936304
3002,c,43.25503064936304,43.25503064936304
3003,c,43.25503064936304,43.25503064936304
3004,c,43.25503064936304,43.25503064936304
3005,c,43.25503064936304,43.25503064936304
3006,t,43.25503064936304,43.25503064936304
3007,c,43.25503064936304,43.25503064936304
3008,c,7.223909532304893,8.435843770772143
3009,t,43.25503064936304,43.25503064936304
3010,c,43.25503064936304,43.25503064936304
3011,c,43.25503064936304,43.25503064936304
3012,c,43.25503064936304,43.25503064936304
3013,c,43.25503064936304,43.25503064936304
3014,c,43.25503064936304,43.25503064936304
3015,c,43.25503064936304,43.25503064936304
3016,c,43.25503064936304,43.25503064936304
3017,t,43.25503064936304,43.25503064936304
3018,c,43.25503064936304,43.25503064936304
3019,c,43.25503064936304,43.25503064936304
3020,c,43.25503064936304,43.25503064936304
3021,c,27.72125031436828,31.896476675867472
3022,c,43.25503064936304,43.25503064936304
3023,c,43.25503064936304,43.25503064936304
3024,t,43.25503064936304,43.25503064936304
3025,t,43.25503064936304,43.25503064936304
3026,t,43.25503064936304,43.25503064936304
3027,t,43.25503064936304,43.25503064936304
3028,c,43.25503064936304,43.25503064936304
3029,c,43.25503064936304,43.25503064936304
3030,c,43.25503064936304,43.25503064936304
3031,c,43.25503064936304,43.25503064936304
3032,c,43.25503064936304,43.25503064936304
3033,t,43.25503064936304,43.25503064936304
3034,c,43.25503064936304,43.25503064936304
3035,t,43.25503064936304,43.25503064936304
3036,t,43.25503064936304,43.25503064936304
3037,t,43.25503064936304,43.25503064936304
3038,t,43.25503064936304,43.25503064936304
3039,c,43.25503064936304,43.25503064936304
3040,t,43.25503064936304,43.25503064936304
3041,c,43.25503064936304,43.25503064936304
3042,c,43.25503064936304,43.25503064936304
3043,t,43.25503064936304,43.25503064936304
3044,c,43.25503064936304,43.25503064936304
3045,c,43.25503064936304,43.25503064936304
3046,c,43.25503064936304,43.25503064936304
3047,c,43.25503064936304,43.25503064936304
3048,c,43.25503064936304,43.25503064936304
3049,c,43.25503064936304,43.25503064936304
3050,c,43.25503064936304,43.25503064936304
3051,c,43.25503064936304,43.25503064936304
3052,c,43.25503064936304,43.25503064936304
3053,t,43.25503064936304,43.25503064936304
3054,t,43.25503064936304,43.25503064936304
3055,c,43.25503064936304,43.25503064936304
3056,c,43.25503064936304,43.25503064936304
3057,c,43.25503064936304,43.25503064936304
3058,c,43.25503064936304,43.25503064936304
3059,c,43.25503064936304,43.25503064936304
3060,t,43.25503064936304,43.25503064936304
3061,c,43.25503064936304,43.25503064936304
3062,t,43.25503064936304,43.25503064936304
3063,c,43.25503064936304,43.25503064936304
3064,c,43.25503064936304,43.25503064936304
3065,t,43.25503064936304,43.25503064936304
3066,c,43.25503064936304,43.25503064936304
3067,c,43.25503064936304,43.25503064936304
3068,c,43.25503064936304,43.25503064936304
3069,c,43.25503064936304,43.25503064936304
3070,c,43.25503064936304,43.25503064936304
3071,t,43.25503064936304,43.25503064936304
3072,c,43.25503064936304,43.25503064936304
3073,c,43.25503064936304,43.25503064936304
3074,c,43.25503064936304,43.25503064936304
3075,c,43.25503064936304,43.25503064936304
3076,t,43.25503064936304,43.25503064936304
3077,c,43.25503064936304,43.25503064936304
3078,c,43.25503064936304,43.25503064936304
3079,c,43.25503064936304,43.25503064936304
3080,c,43.25503064936304,43.25503064936304
3081,t,43.25503064936304,43.25503064936304
3082,c,43.25503064936304,43.25503064936304
3083,c,43.25503064936304,43.25503064936304
3084,t,43.25503064936304,43.25503064936304
3085,c,43.25503064936304,43.25503064936304
3086,c,43.25503064936304,43.25503064936304
3087,c,43.25503064936304,43.25503064936304
3088,c,43.25503064936304,43.25503064936304
3089,c,43.25503064936304,43.25503064936304
3090,t,43.25503064936304,43.25503064936304
3091,na,-1,0
3092,t,43.25503064936304,43.25503064936304
3093,c,43.25503064936304,43.25503064936304
3094,c,43.25503064936304,43.25503064936304
3095,c,43.25503064936304,43.25503064936304
3096,c,43.25503064936304,43.25503064936304
3097,c,43.25503064936304,43.25503064936304
3098,c,43.25503064936304,43.25503064936304
3099,c,43.25503064936304,43.25503064936304
3100,c,43.25503064936304,43.25503064936304
3101,c,43.25503064936304,43.25503064936304
3102,t,43.25503064936304,43.25503064936304
3103,c,43.25503064936304,43.25503064936304
3104,c,43.25503064936304,43.25503064936304
3105,c,43.25503064936304,43.25503064936304
3106,c,43.25503064936304,43.25503064936304
3107,c,43.25503064936304,43.25503064936304
3108,c,43.25503064936304,43.25503064936304
3109,c,43.25503064936304,43.25503064936304
3110,c,43.25503064936304,43.25503064936304
3111,c,43.25503064936304,43.25503064936304
3112,c,43.25503064936304,43.25503064936304
3113,c,43.25503064936304,43.25503064936304
3114,c,43.25503064936304,43.25503064936304
3115,c,43.25503064936304,43.25503064936304
3116,c,43.25503064936304,43.25503064936304
3117,c,43.25503064936304,43.25503064936304
3118,c,43.25503064936304,43.25503064936304
3119,c,43.25503064936304,43.25503064936304
3120,c,43.25503064936304,43.25503064936304
3121,c,43.25503064936304,43.25503064936304
3122,t,43.25503064936304,43.25503064936304
3123,c,43.25503064936304,43.25503064936304
3124,t,43.25503064936304,43.25503064936304
3125,c,43.25503064936304,43.25503064936304
3126,t,43.25503064936304,43.25503064936304
3127,c,43.25503064936304,43.25503064936304
3128,c,43.25503064936304,43.25503064936304
3129,c,43.25503064936304,43.25503064936304
3130,t,43.25503064936304,43.25503064936304
3131,t,43.25503064936304,43.25503064936304
3132,c,43.25503064936304,43.25503064936304
3133,c,43.25503064936304,43.25503064936304
3134,c,43.25503064936304,43.25503064936304
3135,t,43.25503064936304,43.25503064936304
3136,t,43.25503064936304,43.25503064936304
3137,c,43.25503064936304,43.25503064936304
3138,c,43.25503064936304,43.25503064936304
3139,c,43.25503064936304,43.25503064936304
3140,c,28.42252502941535,28.78652448329272
3141,c,43.25503064936304,43.25503064936304
3142,c,43.25503064936304,43.25503064936304
3143,t,43.25503064936304,43.25503064936304
3144,t,43.25503064936304,43.25503064936304
3145,t,43.25503064936304,43.25503064936304
3146,c,43.25503064936304,43.25503064936304
3147,c,43.25503064936304,43.25503064936304
3148,c,43.25503064936304,43.25503064936304
3149,t,43.25503064936304,43.25503064936304
3150,t,43.25503064936304,43.25503064936304
3151,c,43.25503064936304,43.25503064936304
3152,c,43.25503064936304,43.25503064936304
3153,t,43.25503064936304,43.25503064936304
3154,c,43.25503064936304,43.25503064936304
3155,c,43.25503064936304,43.25503064936304
3156,c,43.25503064936304,43.25503064936304
3157,c,43.25503064936304,43.25503064936304
3158,c,43.25503064936304,43.25503064936304
3159,c,43.25503064936304,43.25503064936304
3160,c,43.25503064936304,43.25503064936304
3161,t,43.25503064936304,43.25503064936304
3162,c,43.25503064936304,43.25503064936304
3163,na,4.392381286759073,4.952010495566844
3164,c,43.25503064936304,43.25503064936304
3165,c,43.25503064936304,43.25503064936304
3166,c,43.25503064936304,43.25503064936304
3167,c,43.25503064936304,43.25503064936304
3168,c,43.25503064936304,43.25503064936304
3169,c,43.25503064936304,43.25503064936304
3170,t,43.25503064936304,43.25503064936304
3171,na,0,1.85405095878721
3172,c,43.25503064936304,43.25503064936304
3173,c,43.25503064936304,43.25503064936304
3174,c,43.25503064936304,43.25503064936304
3175,c,43.25503064936304,43.25503064936304
3176,c,43.25503064936304,43.25503064936304
3177,c,43.25503064936304,43.25503064936304
3178,c,43.25503064936304,43.25503064936304
3179,c,43.25503064936304,43.25503064936304
3180,c,43.25503064936304,43.25503064936304
3181,c,43.25503064936304,43.25503064936304
3182,c,43.25503064936304,43.25503064936304
3183,c,43.25503064936304,43.25503064936304
3184,t,43.25503064936304,43.25503064936304
3185,c,43.25503064936304,43.25503064936304
3186,c,43.25503064936304,43.25503064936304
3187,c,43.25503064936304,43.25503064936304
3188,c,43.25503064936304,43.25503064936304
3189,t,43.25503064936304,43.25503064936304
3190,c,43.25503064936304,43.25503064936304
3191,c,43.25503064936304,43.25503064936304
3192,c,43.25503064936304,43.25503064936304
3193,t,43.25503064936304,43.25503064936304
3194,c,43.25503064936304,43.25503064936304
3195,c,43.25503064936304,43.25503064936304
3196,c,43.25503064936304,43.25503064936304
3197,c,43.25503064936304,43.25503064936304
3198,c,43.25503064936304,43.25503064936304
3199,c,43.25503064936304,43.25503064936304
3200,t,43.25503064936304,43.25503064936304
3201,t,43.25503064936304,43.25503064936304
3202,c,43.25503064936304,43.25503064936304
3203,c,43.25503064936304,43.25503064936304
3204,c,43.25503064936304,43.25503064936304
3205,c,43.25503064936304,43.25503064936304
3206,c,43.25503064936304,43.25503064936304
3207,c,43.25503064936304,43.25503064936304
3208,t,43.25503064936304,43.25503064936304
3209,c,43.25503064936304,43.25503064936304
3210,t,43.25503064936304,43.25503064936304
3211,c,43.25503064936304,43.25503064936304
3212,c,43.25503064936304,43.25503064936304
3213,c,43.25503064936304,43.25503064936304
3214,c,43.25503064936304,43.25503064936304
3215,c,43.25503064936304,43.25503064936304
3216,c,43.25503064936304,43.25503064936304
3217,t,43.25503064936304,43.25503064936304
3218,c,43.25503064936304,43.25503064936304
3219,c,43.25503064936304,43.25503064936304
3220,c,43.25503064936304,43.25503064936304
3221,c,43.25503064936304,43.25503064936304
3222,c,43.25503064936304,43.25503064936304
3223,t,43.25503064936304,43.25503064936304
3224,t,43.25503064936304,43.25503064936304
3225,t,43.25503064936304,43.25503064936304
3226,c,43.25503064936304,43.25503064936304
3227,t,43.25503064936304,43.25503064936304
3228,c,43.25503064936304,43.25503064936304
3229,c,43.25503064936304,43.25503064936304
3230,c,43.25503064936304,43.25503064936304
3231,t,43.25503064936304,43.25503064936304
3232,c,43.25503064936304,43.25503064936304
3233,c,43.25503064936304,43.25503064936304
3234,c,43.25503064936304,43.25503064936304
3235,c,43.25503064936304,43.25503064936304
3236,c,43.25503064936304,43.25503064936304
3237,c,43.25503064936304,43.25503064936304
3238,c,43.25503064936304,43.25503064936304
3239,c,43.25503064936304,43.25503064936304
3240,na,12.715571076873667,14.081510962647
3241,t,43.25503064936304,43.25503064936304
3242,c,43.25503064936304,43.25503064936304
3243,na,2.175252994199093,2.822190642430838
3244,c,43.25503064936304,43.25503064936304
3245,c,43.25503064936304,43.25503064936304
3246,t,43.25503064936304,43.25503064936304
3247,c,43.25503064936304,43.25503064936304
3248,c,43.25503064936304,43.25503064936304
3249,c,43.25503064936304,43.25503064936304
3250,c,43.25503064936304,43.25503064936304
3251,t,43.25503064936304,43.25503064936304
3252,t,43.25503064936304,43.25503064936304
3253,c,43.25503064936304,43.25503064936304
3254,c,43.25503064936304,43.25503064936304
3255,na,0,1.2051365916275392
3256,c,43.25503064936304,43.25503064936304
3257,c,43.25503064936304,43.25503064936304
3258,c,43.25503064936304,43.25503064936304
3259,c,43.25503064936304,43.25503064936304
3260,c,43.25503064936304,43.25503064936304
3261,na,0,0.5676196412426631
3262,c,43.25503064936304,43.25503064936304
3263,t,43.25503064936304,43.25503064936304
3264,c,43.25503064936304,43.25503064936304
3265,t,43.25503064936304,43.25503064936304
3266,c,43.25503064936304,43.25503064936304
3267,c,43.25503064936304,43.25503064936304
3268,t,43.25503064936304,43.25503064936304
3269,c,43.25503064936304,43.25503064936304
3270,c,43.25503064936304,43.25503064936304
3271,t,43.25503064936304,43.25503064936304
3272,c,43.25503064936304,43.25503064936304
3273,c,43.25503064936304,43.25503064936304
3274,t,43.25503064936304,43.25503064936304
3275,t,43.25503064936304,43.25503064936304
3276,c,43.25503064936304,43.25503064936304
3277,c,43.25503064936304,43.25503064936304
3278,t,43.25503064936304,43.25503064936304
3279,c,43.25503064936304,43.25503064936304
3280,c,43.25503064936304,43.25503064936304
3281,c,43.25503064936304,43.25503064936304
3282,c,43.25503064936304,43.25503064936304
3283,t,43.25503064936304,43.25503064936304
3284,c,43.25503064936304,43.25503064936304
3285,c,43.25503064936304,43.25503064936304
3286,c,43.25503064936304,43.25503064936304
3287,c,43.25503064936304,43.25503064936304
3288,t,43.25503064936304,43.25503064936304
3289,c,43.25503064936304,43.25503064936304
3290,c,43.25503064936304,43.25503064936304
3291,c,43.25503064936304,43.25503064936304
3292,c,43.25503064936304,43.25503064936304
3293,c,43.25503064936304,43.25503064936304
3294,c,43.25503064936304,43.25503064936304
3295,c,43.25503064936304,43.25503064936304
3296,c,43.25503064936304,43.25503064936304
3297,t,43.25503064936304,43.25503064936304
3298,c,43.25503064936304,43.25503064936304
3299,t,43.25503064936304,43.25503064936304
3300,c,43.25503064936304,43.25503064936304
3301,c,43.25503064936304,43.25503064936304
3302,c,43.25503064936304,43.25503064936304
3303,c,43.25503064936304,43.25503064936304
3304,t,43.25503064936304,43.25503064936304
3305,c,43.25503064936304,43.25503064936304
3306,c,43.25503064936304,43.25503064936304
3307,c,43.25503064936304,43.25503064936304
3308,c,43.25503064936304,43.25503064936304
3309,t,43.25503064936304,43.25503064936304
3310,c,43.25503064936304,43.25503064936304
3311,c,43.25503064936304,43.25503064936304
3312,c,43.25503064936304,43.25503064936304
3313,t,43.25503064936304,43.25503064936304
3314,t,43.25503064936304,43.25503064936304
3315,t,43.25503064936304,43.25503064936304
3316,t,43.25503064936304,43.25503064936304
3317,c,43.25503064936304,43.25503064936304
3318,c,43.25503064936304,43.25503064936304
3319,c,43.25503064936304,43.25503064936304
3320,c,43.25503064936304,43.25503064936304
3321,c,43.25503064936304,43.25503064936304
3322,c,43.25503064936304,43.25503064936304
3323,c,43.25503064936304,43.25503064936304
3324,t,43.25503064936304,43.25503064936304
3325,c,43.25503064936304,43.25503064936304
3326,c,43.25503064936304,43.25503064936304
3327,c,43.25503064936304,43.25503064936304
3328,c,43.25503064936304,43.25503064936304
3329,c,43.25503064936304,43.25503064936304
3330,c,43.25503064936304,43.25503064936304
3331,c,43.25503064936304,43.25503064936304
3332,c,43.25503064936304,43.25503064936304
3333,c,5.134570388025462,6.77809763805266
3334,c,43.25503064936304,43.25503064936304
3335,t,43.25503064936304,43.25503064936304
3336,c,43.25503064936304,43.25503064936304
3337,c,43.25503064936304,43.25503064936304
3338,t,43.25503064936304,43.25503064936304
3339,c,43.25503064936304,43.25503064936304
3340,c,43.25503064936304,43.25503064936304
3341,t,43.25503064936304,43.25503064936304
3342,c,43.25503064936304,43.25503064936304
3343,c,43.25503064936304,43.25503064936304
3344,t,43.25503064936304,43.25503064936304
3345,c,43.25503064936304,43.25503064936304
3346,c,43.25503064936304,43.25503064936304
3347,c,43.25503064936304,43.25503064936304
3348,c,43.25503064936304,43.25503064936304
3349,c,43.25503064936304,43.25503064936304
3350,c,43.25503064936304,43.25503064936304
3351,c,43.25503064936304,43.25503064936304
3352,c,43.25503064936304,43.25503064936304
3353,t,43.25503064936304,43.25503064936304
3354,c,43.25503064936304,43.25503064936304
3355,c,43.25503064936304,43.25503064936304
3356,c,43.25503064936304,43.25503064936304
3357,c,43.25503064936304,43.25503064936304
3358,c,43.25503064936304,43.25503064936304
3359,c,43.25503064936304,43.25503064936304
3360,t,43.25503064936304,43.25503064936304
3361,c,43.25503064936304,43.25503064936304
3362,c,43.25503064936304,43.25503064936304
3363,c,43.25503064936304,43.25503064936304
3364,c,43.25503064936304,43.25503064936304
3365,c,43.25503064936304,43.25503064936304
3366,t,43.25503064936304,43.25503064936304
3367,c,43.25503064936304,43.25503064936304
3368,c,43.25503064936304,43.25503064936304
3369,c,43.25503064936304,43.25503064936304
3370,t,43.25503064936304,43.25503064936304
3371,c,43.25503064936304,43.25503064936304
3372,c,43.25503064936304,43.25503064936304
3373,c,43.25503064936304,43.25503064936304
3374,t,43.25503064936304,43.25503064936304
3375,c,43.25503064936304,43.25503064936304
3376,c,43.25503064936304,43.25503064936304
3377,c,43.25503064936304,43.25503064936304
3378,t,43.25503064936304,43.25503064936304
3379,c,43.25503064936304,43.25503064936304
3380,c,43.25503064936304,43.25503064936304
3381,t,43.25503064936304,43.25503064936304
3382,c,43.25503064936304,43.25503064936304
3383,c,43.25503064936304,43.25503064936304
3384,c,43.25503064936304,43.25503064936304
3385,t,43.25503064936304,43.25503064936304
3386,c,43.25503064936304,43.25503064936304
3387,c,43.25503064936304,43.25503064936304
3388,c,43.25503064936304,43.25503064936304
3389,c,43.25503064936304,43.25503064936304
3390,c,43.25503064936304,43.25503064936304
3391,c,43.25503064936304,43.25503064936304
3392,c,43.25503064936304,43.25503064936304
3393,c,43.25503064936304,43.25503064936304
3394,c,43.25503064936304,43.25503064936304
3395,c,43.25503064936304,43.25503064936304
3396,c,43.25503064936304,43.25503064936304
3397,c,43.25503064936304,43.25503064936304
3398,t,43.25503064936304,43.25503064936304
3399,c,43.25503064936304,43.25503064936304
3400,c,43.25503064936304,43.25503064936304
3401,c,43.25503064936304,43.25503064936304
3402,t,43.25503064936304,43.25503064936304
3403,c,43.25503064936304,43.25503064936304
3404,c,43.25503064936304,43.25503064936304
3405,c,43.25503064936304,43.25503064936304
3406,c,43.25503064936304,43.25503064936304
3407,c,43.25503064936304,43.25503064936304
3408,t,43.25503064936304,43.25503064936304
3409,c,43.25503064936304,43.25503064936304
3410,c,43.25503064936304,43.25503064936304
3411,c,43.25503064936304,43.25503064936304
3412,c,43.25503064936304,43.25503064936304
3413,c,43.25503064936304,43.25503064936304
3414,c,43.25503064936304,43.25503064936304
3415,c,43.25503064936304,43.25503064936304
3416,c,43.25503064936304,43.25503064936304
3417,t,43.25503064936304,43.25503064936304
3418,t,43.25503064936304,43.25503064936304
3419,c,43.25503064936304,43.25503064936304
3420,c,43.25503064936304,43.25503064936304
3421,t,43.25503064936304,43.25503064936304
3422,c,43.25503064936304,43.25503064936304
3423,c,43.25503064936304,43.25503064936304
3424,c,43.25503064936304,43.25503064936304
3425,c,43.25503064936304,43.25503064936304
3426,c,43.25503064936304,43.25503064936304
3427,c,43.25503064936304,43.25503064936304
3428,c,43.25503064936304,43.25503064936304
3429,c,43.25503064936304,43.25503064936304
3430,c,43.25503064936304,43.25503064936304
3431,c,43.25503064936304,43.25503064936304
3432,c,43.25503064936304,43.25503064936304
3433,c,43.25503064936304,43.25503064936304
3434,c,43.25503064936304,43.25503064936304
3435,c,43.25503064936304,43.25503064936304
3436,c,43.25503064936304,43.25503064936304
3437,c,43.25503064936304,43.25503064936304
3438,c,43.25503064936304,43.25503064936304
3439,t,43.25503064936304,43.25503064936304
3440,c,43.25503064936304,43.25503064936304
3441,c,43.25503064936304,43.25503064936304
3442,t,43.25503064936304,43.25503064936304
3443,c,43.25503064936304,43.25503064936304
3444,c,43.25503064936304,43.25503064936304
3445,c,43.25503064936304,43.25503064936304
3446,c,43.25503064936304,43.25503064936304
3447,c,43.25503064936304,43.25503064936304
3448,c,43.25503064936304,43.25503064936304
3449,c,43.25503064936304,43.25503064936304
3450,c,43.25503064936304,43.25503064936304
3451,c,43.25503064936304,43.25503064936304
3452,c,43.25503064936304,43.25503064936304
3453,c,43.25503064936304,43.25503064936304
3454,c,43.25503064936304,43.25503064936304
3455,c,43.25503064936304,43.25503064936304
3456,t,43.25503064936304,43.25503064936304
3457,c,43.25503064936304,43.25503064936304
3458,c,43.25503064936304,43.25503064936304
3459,c,43.25503064936304,43.25503064936304
3460,c,43.25503064936304,43.25503064936304
3461,c,43.25503064936304,43.25503064936304
3462,c,43.25503064936304,43.25503064936304
3463,c,43.25503064936304,43.25503064936304
3464,t,43.25503064936304,43.25503064936304
3465,na,0,43.25503064936304
3466,t,43.25503064936304,43.25503064936304
3467,c,43.25503064936304,43.25503064936304
3468,c,43.25503064936304,43.25503064936304
3469,c,43.25503064936304,43.25503064936304
3470,c,43.25503064936304,43.25503064936304
3471,t,43.25503064936304,43.25503064936304
3472,c,43.25503064936304,43.25503064936304
3473,c,43.25503064936304,43.25503064936304
3474,c,43.25503064936304,43.25503064936304
3475,c,43.25503064936304,43.25503064936304
3476,c,43.25503064936304,43.25503064936304
3477,c,43.25503064936304,43.25503064936304
3478,c,43.25503064936304,43.25503064936304
3479,c,43.25503064936304,43.25503064936304
3480,c,43.25503064936304,43.25503064936304
3481,c,43.25503064936304,43.25503064936304
3482,t,43.25503064936304,43.25503064936304
3483,c,43.25503064936304,43.25503064936304
3484,c,43.25503064936304,43.25503064936304
3485,t,43.25503064936304,43.25503064936304
3486,c,43.25503064936304,43.25503064936304
3487,c,43.25503064936304,43.25503064936304
3488,c,43.25503064936304,43.25503064936304
3489,c,43.25503064936304,43.25503064936304
3490,c,43.25503064936304,43.25503064936304
3491,c,43.25503064936304,43.25503064936304
3492,c,43.25503064936304,43.25503064936304
3493,c,43.25503064936304,43.25503064936304
3494,c,43.25503064936304,43.25503064936304
3495,t,43.25503064936304,43.25503064936304
3496,c,43.25503064936304,43.25503064936304
3497,c,43.25503064936304,43.25503064936304
3498,na,0,0.19581190159287495
3499,c,43.25503064936304,43.25503064936304
3500,c,43.25503064936304,43.25503064936304
3501,c,43.25503064936304,43.25503064936304
3502,c,43.25503064936304,43.25503064936304
3503,c,43.25503064936304,43.25503064936304
3504,t,43.25503064936304,43.25503064936304
3505,c,43.25503064936304,43.25503064936304
3506,c,43.25503064936304,43.25503064936304
3507,c,43.25503064936304,43.25503064936304
3508,t,43.25503064936304,43.25503064936304
3509,c,43.25503064936304,43.25503064936304
3510,c,43.25503064936304,43.25503064936304
3511,c,43.25503064936304,43.25503064936304
3512,t,43.25503064936304,43.25503064936304
3513,t,43.25503064936304,43.25503064936304
3514,t,43.25503064936304,43.25503064936304
3515,c,43.25503064936304,43.25503064936304
3516,t,43.25503064936304,43.25503064936304
3517,c,43.25503064936304,43.25503064936304
3518,t,43.25503064936304,43.25503064936304
3519,c,43.25503064936304,43.25503064936304
3520,c,43.25503064936304,43.25503064936304
3521,t,43.25503064936304,43.25503064936304
3522,c,43.25503064936304,43.25503064936304
3523,c,43.25503064936304,43.25503064936304
3524,c,43.25503064936304,43.25503064936304
3525,c,43.25503064936304,43.25503064936304
3526,t,43.25503064936304,43.25503064936304
3527,c,43.25503064936304,43.25503064936304
3528,c,43.25503064936304,43.25503064936304
3529,t,43.25503064936304,43.25503064936304
3530,c,43.25503064936304,43.25503064936304
3531,c,43.25503064936304,43.25503064936304
3532,c,43.25503064936304,43.25503064936304
3533,c,43.25503064936304,43.25503064936304
3534,c,43.25503064936304,43.25503064936304
3535,t,43.25503064936304,43.25503064936304
3536,c,43.25503064936304,43.25503064936304
3537,t,43.25503064936304,43.25503064936304
3538,t,43.25503064936304,43.25503064936304
3539,c,43.25503064936304,43.25503064936304
3540,c,43.25503064936304,43.25503064936304
3541,c,43.25503064936304,43.25503064936304
3542,c,43.25503064936304,43.25503064936304
3543,c,43.25503064936304,43.25503064936304
3544,c,43.25503064936304,43.25503064936304
3545,c,43.25503064936304,43.25503064936304
3546,c,43.25503064936304,43.25503064936304
3547,t,43.25503064936304,43.25503064936304
3548,c,43.25503064936304,43.25503064936304
3549,c,43.25503064936304,43.25503064936304
3550,c,43.25503064936304,43.25503064936304
3551,c,43.25503064936304,43.25503064936304
3552,c,43.25503064936304,43.25503064936304
3553,c,43.25503064936304,43.25503064936304
3554,c,43.25503064936304,43.25503064936304
3555,c,43.25503064936304,43.25503064936304
3556,c,43.25503064936304,43.25503064936304
3557,c,43.25503064936304,43.25503064936304
3558,c,43.25503064936304,43.25503064936304
3559,c,43.25503064936304,43.25503064936304
3560,c,43.25503064936304,43.25503064936304
3561,c,43.25503064936304,43.25503064936304
3562,c,43.25503064936304,43.25503064936304
3563,c,43.25503064936304,43.25503064936304
3564,c,43.25503064936304,43.25503064936304
3565,c,43.25503064936304,43.25503064936304
3566,c,43.25503064936304,43.25503064936304
3567,c,43.25503064936304,43.25503064936304
3568,t,43.25503064936304,43.25503064936304
3569,c,43.25503064936304,43.25503064936304
3570,c,43.25503064936304,43.25503064936304
3571,c,43.25503064936304,43.25503064936304
3572,c,43.25503064936304,43.25503064936304
3573,c,43.25503064936304,43.25503064936304
3574,c,43.25503064936304,43.25503064936304
3575,c,43.25503064936304,43.25503064936304
3576,c,43.25503064936304,43.25503064936304
3577,c,43.25503064936304,43.25503064936304
3578,c,43.25503064936304,43.25503064936304
3579,c,43.25503064936304,43.25503064936304
3580,c,43.25503064936304,43.25503064936304
3581,c,43.25503064936304,43.25503064936304
3582,c,43.25503064936304,43.25503064936304
3583,t,43.25503064936304,43.25503064936304
3584,c,43.25503064936304,43.25503064936304
3585,c,43.25503064936304,43.25503064936304
3586,t,43.25503064936304,43.25503064936304
3587,t,43.25503064936304,43.25503064936304
3588,c,43.25503064936304,43.25503064936304
3589,c,43.25503064936304,43.25503064936304
3590,t,43.25503064936304,43.25503064936304
3591,c,43.25503064936304,43.25503064936304
3592,t,43.25503064936304,43.25503064936304
3593,c,43.25503064936304,43.25503064936304
3594,c,43.25503064936304,43.25503064936304
3595,t,43.25503064936304,43.25503064936304
3596,c,43.25503064936304,43.25503064936304
3597,c,43.25503064936304,43.25503064936304
3598,c,43.25503064936304,43.25503064936304
3599,c,43.25503064936304,43.25503064936304
3600,c,43.25503064936304,43.25503064936304
3601,c,43.25503064936304,43.25503064936304
3602,c,43.25503064936304,43.25503064936304
3603,c,43.25503064936304,43.25503064936304
3604,t,43.25503064936304,43.25503064936304
3605,t,43.25503064936304,43.25503064936304
3606,c,43.25503064936304,43.25503064936304
3607,c,43.25503064936304,43.25503064936304
3608,c,43.25503064936304,43.25503064936304
3609,c,43.25503064936304,43.25503064936304
3610,c,43.25503064936304,43.25503064936304
3611,c,43.25503064936304,43.25503064936304
3612,c,43.25503064936304,43.25503064936304
3613,c,43.25503064936304,43.25503064936304
3614,c,43.25503064936304,43.25503064936304
3615,c,43.25503064936304,43.25503064936304
3616,c,43.25503064936304,43.25503064936304
3617,t,43.25503064936304,43.25503064936304
3618,c,43.25503064936304,43.25503064936304
3619,c,43.25503064936304,43.25503064936304
3620,c,43.25503064936304,43.25503064936304
3621,c,43.25503064936304,43.25503064936304
3622,c,43.25503064936304,43.25503064936304
3623,c,43.25503064936304,43.25503064936304
3624,t,43.25503064936304,43.25503064936304
3625,t,43.25503064936304,43.25503064936304
3626,c,43.25503064936304,43.25503064936304
3627,c,43.25503064936304,43.25503064936304
3628,c,43.25503064936304,43.25503064936304
3629,t,43.25503064936304,43.25503064936304
3630,c,43.25503064936304,43.25503064936304
3631,c,43.25503064936304,43.25503064936304
3632,c,43.25503064936304,43.25503064936304
3633,t,43.25503064936304,43.25503064936304
3634,c,43.25503064936304,43.25503064936304
3635,c,43.25503064936304,43.25503064936304
3636,c,43.25503064936304,43.25503064936304
3637,c,43.25503064936304,43.25503064936304
3638,t,43.25503064936304,43.25503064936304
3639,c,43.25503064936304,43.25503064936304
3640,t,43.25503064936304,43.25503064936304
3641,c,43.25503064936304,43.25503064936304
3642,c,43.25503064936304,43.25503064936304
3643,t,43.25503064936304,43.25503064936304
3644,c,43.25503064936304,43.25503064936304
3645,c,43.25503064936304,43.25503064936304
3646,c,43.25503064936304,43.25503064936304
3647,c,12.63658685513903,12.748193570261039
3648,c,43.25503064936304,43.25503064936304
3649,c,43.25503064936304,43.25503064936304
3650,t,43.25503064936304,43.25503064936304
3651,c,43.25503064936304,43.25503064936304
3652,t,43.25503064936304,43.25503064936304
3653,c,43.25503064936304,43.25503064936304
3654,t,43.25503064936304,43.25503064936304
3655,c,43.25503064936304,43.25503064936304
3656,c,43.25503064936304,43.25503064936304
3657,c,43.25503064936304,43.25503064936304
3658,c,9.549055750838471,12.135722228853897
3659,c,43.25503064936304,43.25503064936304
3660,t,43.25503064936304,43.25503064936304
3661,t,43.25503064936304,43.25503064936304
3662,c,43.25503064936304,43.25503064936304
3663,c,43.25503064936304,43.25503064936304
3664,c,43.25503064936304,43.25503064936304
3665,c,43.25503064936304,43.25503064936304
3666,c,43.25503064936304,43.25503064936304
3667,c,43.25503064936304,43.25503064936304
3668,t,43.25503064936304,43.25503064936304
3669,c,43.25503064936304,43.25503064936304
3670,c,43.25503064936304,43.25503064936304
3671,t,43.25503064936304,43.25503064936304
3672,t,43.25503064936304,43.25503064936304
3673,t,43.25503064936304,43.25503064936304
3674,c,43.25503064936304,43.25503064936304
3675,t,43.25503064936304,43.25503064936304
3676,c,43.25503064936304,43.25503064936304
3677,c,43.25503064936304,43.25503064936304
3678,c,43.25503064936304,43.25503064936304
3679,c,43.25503064936304,43.25503064936304
3680,c,43.25503064936304,43.25503064936304
3681,t,43.25503064936304,43.25503064936304
3682,t,43.25503064936304,43.25503064936304
3683,c,43.25503064936304,43.25503064936304
3684,c,43.25503064936304,43.25503064936304
3685,c,43.25503064936304,43.25503064936304
3686,na,6.571078554583088,7.150201060778281
3687,t,43.25503064936304,43.25503064936304
3688,t,43.25503064936304,43.25503064936304
3689,na,-1,0
3690,c,43.25503064936304,43.25503064936304
3691,c,43.25503064936304,43.25503064936304
3692,c,43.25503064936304,43.25503064936304
3693,c,43.25503064936304,43.25503064936304
3694,t,43.25503064936304,43.25503064936304
3695,c,43.25503064936304,43.25503064936304
3696,c,43.25503064936304,43.25503064936304
3697,c,43.25503064936304,43.25503064936304
3698,c,43.25503064936304,43.25503064936304
3699,c,43.25503064936304,43.25503064936304
3700,c,43.25503064936304,43.25503064936304
3701,c,43.25503064936304,43.25503064936304
3702,c,43.25503064936304,43.25503064936304
3703,c,43.25503064936304,43.25503064936304
3704,c,43.25503064936304,43.25503064936304
3705,c,43.25503064936304,43.25503064936304
3706,c,43.25503064936304,43.25503064936304
3707,c,43.25503064936304,43.25503064936304
3708,c,43.25503064936304,43.25503064936304
3709,c,43.25503064936304,43.25503064936304
3710,c,43.25503064936304,43.25503064936304
3711,c,43.25503064936304,43.25503064936304
3712,t,43.25503064936304,43.25503064936304
3713,t,43.25503064936304,43.25503064936304
3714,c,43.25503064936304,43.25503064936304
3715,c,43.25503064936304,43.25503064936304
3716,t,43.25503064936304,43.25503064936304
3717,c,43.25503064936304,43.25503064936304
3718,c,43.25503064936304,43.25503064936304
3719,c,43.25503064936304,43.25503064936304
3720,c,43.25503064936304,43.25503064936304
3721,c,43.25503064936304,43.25503064936304
3722,c,43.25503064936304,43.25503064936304
3723,t,43.25503064936304,43.25503064936304
3724,c,43.25503064936304,43.25503064936304
3725,c,43.25503064936304,43.25503064936304
3726,c,43.25503064936304,43.25503064936304
3727,c,43.25503064936304,43.25503064936304
3728,t,43.25503064936304,43.25503064936304
3729,c,43.25503064936304,43.25503064936304
3730,c,43.25503064936304,43.25503064936304
3731,c,43.25503064936304,43.25503064936304
3732,c,43.25503064936304,43.25503064936304
3733,c,43.25503064936304,43.25503064936304
3734,c,43.25503064936304,43.25503064936304
3735,c,43.25503064936304,43.25503064936304
3736,c,43.25503064936304,43.25503064936304
3737,c,43.25503064936304,43.25503064936304
3738,c,43.25503064936304,43.25503064936304
3739,na,0,0.5088310468246013
3740,c,43.25503064936304,43.25503064936304
3741,c,43.25503064936304,43.25503064936304
3742,na,-1,0
3743,c,43.25503064936304,43.25503064936304
3744,c,19.257759993569998,21.788224009409383
3745,c,43.25503064936304,43.25503064936304
3746,c,43.25503064936304,43.25503064936304
3747,t,43.25503064936304,43.25503064936304
3748,c,43.25503064936304,43.25503064936304
3749,t,43.25503064936304,43.25503064936304
3750,c,43.25503064936304,43.25503064936304
3751,c,43.25503064936304,43.25503064936304
3752,c,43.25503064936304,43.25503064936304
3753,c,43.25503064936304,43.25503064936304
3754,t,43.25503064936304,43.25503064936304
3755,c,43.25503064936304,43.25503064936304
3756,c,43.25503064936304,43.25503064936304
3757,c,43.25503064936304,43.25503064936304
3758,c,43.25503064936304,43.25503064936304
3759,c,43.25503064936304,43.25503064936304
3760,c,43.25503064936304,43.25503064936304
3761,c,13.619030776731668,15.737035904188732
3762,c,43.25503064936304,43.25503064936304
3763,c,43.25503064936304,43.25503064936304
3764,c,43.25503064936304,43.25503064936304
3765,c,43.25503064936304,43.25503064936304
3766,c,43.25503064936304,43.25503064936304
3767,t,43.25503064936304,43.25503064936304
3768,c,43.25503064936304,43.25503064936304
3769,c,43.25503064936304,43.25503064936304
3770,c,43.25503064936304,43.25503064936304
3771,c,43.25503064936304,43.25503064936304
3772,c,43.25503064936304,43.25503064936304
3773,c,43.25503064936304,43.25503064936304
3774,c,43.25503064936304,43.25503064936304
3775,c,43.25503064936304,43.25503064936304
3776,c,43.25503064936304,43.25503064936304
3777,t,43.25503064936304,43.25503064936304
3778,c,43.25503064936304,43.25503064936304
3779,t,43.25503064936304,43.25503064936304
3780,c,43.25503064936304,43.25503064936304
3781,c,43.25503064936304,43.25503064936304
3782,c,43.25503064936304,43.25503064936304
3783,c,43.25503064936304,43.25503064936304
3784,c,43.25503064936304,43.25503064936304
3785,c,43.25503064936304,43.25503064936304
3786,t,43.25503064936304,43.25503064936304
3787,t,43.25503064936304,43.25503064936304
3788,c,43.25503064936304,43.25503064936304
3789,c,43.25503064936304,43.25503064936304
3790,c,43.25503064936304,43.25503064936304
3791,t,43.25503064936304,43.25503064936304
3792,c,43.25503064936304,43.25503064936304
3793,c,43.25503064936304,43.25503064936304
3794,t,43.25503064936304,43.25503064936304
3795,c,43.25503064936304,43.25503064936304
3796,c,43.25503064936304,43.25503064936304
3797,c,43.25503064936304,43.25503064936304
3798,t,43.25503064936304,43.25503064936304
3799,c,43.25503064936304,43.25503064936304
3800,t,43.25503064936304,43.25503064936304
3801,c,43.25503064936304,43.25503064936304
3802,t,43.25503064936304,43.25503064936304
3803,c,43.25503064936304,43.25503064936304
3804,c,43.25503064936304,43.25503064936304
3805,c,43.25503064936304,43.25503064936304
3806,c,43.25503064936304,43.25503064936304
3807,c,43.25503064936304,43.25503064936304
3808,c,43.25503064936304,43.25503064936304
3809,t,43.25503064936304,43.25503064936304
3810,c,43.25503064936304,43.25503064936304
3811,c,43.25503064936304,43.25503064936304
3812,c,43.25503064936304,43.25503064936304
3813,t,43.25503064936304,43.25503064936304
3814,t,43.25503064936304,43.25503064936304
3815,c,43.25503064936304,43.25503064936304
3816,t,43.25503064936304,43.25503064936304
3817,t,43.25503064936304,43.25503064936304
3818,c,43.25503064936304,43.25503064936304
3819,c,43.25503064936304,43.25503064936304
3820,c,43.25503064936304,43.25503064936304
3821,c,43.25503064936304,43.25503064936304
3822,c,43.25503064936304,43.25503064936304
3823,c,43.25503064936304,43.25503064936304
3824,c,43.25503064936304,43.25503064936304
3825,c,43.25503064936304,43.25503064936304
3826,c,43.25503064936304,43.25503064936304
3827,c,43.25503064936304,43.25503064936304
3828,c,43.25503064936304,43.25503064936304
3829,c,43.25503064936304,43.25503064936304
3830,c,43.25503064936304,43.25503064936304
3831,c,43.25503064936304,43.25503064936304
3832,c,43.25503064936304,43.25503064936304
3833,c,43.25503064936304,43.25503064936304
3834,c,43.25503064936304,43.25503064936304
3835,c,43.25503064936304,43.25503064936304
3836,c,43.25503064936304,43.25503064936304
3837,c,43.25503064936304,43.25503064936304
3838,c,43.25503064936304,43.25503064936304
3839,t,43.25503064936304,43.25503064936304
3840,c,43.25503064936304,43.25503064936304
3841,c,43.25503064936304,43.25503064936304
3842,c,43.25503064936304,43.25503064936304
3843,c,43.25503064936304,43.25503064936304
3844,c,43.25503064936304,43.25503064936304
3845,c,43.25503064936304,43.25503064936304
3846,c,43.25503064936304,43.25503064936304
3847,c,43.25503064936304,43.25503064936304
3848,c,43.25503064936304,43.25503064936304
3849,c,43.25503064936304,43.25503064936304
3850,c,43.25503064936304,43.25503064936304
3851,c,43.25503064936304,43.25503064936304
3852,c,43.25503064936304,43.25503064936304
3853,c,43.25503064936304,43.25503064936304
3854,c,43.25503064936304,43.25503064936304
3855,c,43.25503064936304,43.25503064936304
3856,c,43.25503064936304,43.25503064936304
3857,c,43.25503064936304,43.25503064936304
3858,t,43.25503064936304,43.25503064936304
3859,c,43.25503064936304,43.25503064936304
3860,c,43.25503064936304,43.25503064936304
3861,c,43.25503064936304,43.25503064936304
3862,c,43.25503064936304,43.25503064936304
3863,c,43.25503064936304,43.25503064936304
3864,c,43.25503064936304,43.25503064936304
3865,c,43.25503064936304,43.25503064936304
3866,c,43.25503064936304,43.25503064936304
3867,c,43.25503064936304,43.25503064936304
3868,c,43.25503064936304,43.25503064936304
3869,c,43.25503064936304,43.25503064936304
3870,c,43.25503064936304,43.25503064936304
3871,c,43.25503064936304,43.25503064936304
3872,c,43.25503064936304,43.25503064936304
3873,c,43.25503064936304,43.25503064936304
3874,c,43.25503064936304,43.25503064936304
3875,c,43.25503064936304,43.25503064936304
3876,c,43.25503064936304,43.25503064936304
3877,c,43.25503064936304,43.25503064936304
3878,c,43.25503064936304,43.25503064936304
3879,c,43.25503064936304,43.25503064936304
3880,c,43.25503064936304,43.25503064936304
3881,c,43.25503064936304,43.25503064936304
3882,t,43.25503064936304,43.25503064936304
3883,t,43.25503064936304,43.25503064936304
3884,c,43.25503064936304,43.25503064936304
3885,c,43.25503064936304,43.25503064936304
3886,c,43.25503064936304,43.25503064936304
3887,c,43.25503064936304,43.25503064936304
3888,c,43.25503064936304,43.25503064936304
3889,t,43.25503064936304,43.25503064936304
3890,c,43.25503064936304,43.25503064936304
3891,c,43.25503064936304,43.25503064936304
3892,t,43.25503064936304,43.25503064936304
3893,c,43.25503064936304,43.25503064936304
3894,t,43.25503064936304,43.25503064936304
3895,t,43.25503064936304,43.25503064936304
3896,c,43.25503064936304,43.25503064936304
3897,c,43.25503064936304,43.25503064936304
3898,c,43.25503064936304,43.25503064936304
3899,t,43.25503064936304,43.25503064936304
3900,c,43.25503064936304,43.25503064936304
3901,c,43.25503064936304,43.25503064936304
3902,c,43.25503064936304,43.25503064936304
3903,c,43.25503064936304,43.25503064936304
3904,c,43.25503064936304,43.25503064936304
3905,c,43.25503064936304,43.25503064936304
3906,c,5.85454278456414,7.390589654488438
3907,t,43.25503064936304,43.25503064936304
3908,t,43.25503064936304,43.25503064936304
3909,c,43.25503064936304,43.25503064936304
3910,c,43.25503064936304,43.25503064936304
3911,c,43.25503064936304,43.25503064936304
3912,c,43.25503064936304,43.25503064936304
3913,c,43.25503064936304,43.25503064936304
3914,t,43.25503064936304,43.25503064936304
3915,c,43.25503064936304,43.25503064936304
3916,c,43.25503064936304,43.25503064936304
3917,c,43.25503064936304,43.25503064936304
3918,c,43.25503064936304,43.25503064936304
3919,c,43.25503064936304,43.25503064936304
3920,c,43.25503064936304,43.25503064936304
3921,c,9.176862726356775,12.488426751042613
3922,c,43.25503064936304,43.25503064936304
3923,c,43.25503064936304,43.25503064936304
3924,c,43.25503064936304,43.25503064936304
3925,t,43.25503064936304,43.25503064936304
3926,c,43.25503064936304,43.25503064936304
3927,t,43.25503064936304,43.25503064936304
3928,c,43.25503064936304,43.25503064936304
3929,t,43.25503064936304,43.25503064936304
3930,t,43.25503064936304,43.25503064936304
3931,c,43.25503064936304,43.25503064936304
3932,c,43.25503064936304,43.25503064936304
3933,c,43.25503064936304,43.25503064936304
3934,c,43.25503064936304,43.25503064936304
3935,c,43.25503064936304,43.25503064936304
3936,c,43.25503064936304,43.25503064936304
3937,c,43.25503064936304,43.25503064936304
3938,c,43.25503064936304,43.25503064936304
3939,c,43.25503064936304,43.25503064936304
3940,c,43.25503064936304,43.25503064936304
3941,c,43.25503064936304,43.25503064936304
3942,c,43.25503064936304,43.25503064936304
3943,c,43.25503064936304,43.25503064936304
3944,c,43.25503064936304,43.25503064936304
3945,c,43.25503064936304,43.25503064936304
3946,c,43.25503064936304,43.25503064936304
3947,c,43.25503064936304,43.25503064936304
3948,t,43.25503064936304,43.25503064936304
3949,c,43.25503064936304,43.25503064936304
3950,c,43.25503064936304,43.25503064936304
3951,c,43.25503064936304,43.25503064936304
3952,c,43.25503064936304,43.25503064936304
3953,c,43.25503064936304,43.25503064936304
3954,c,43.25503064936304,43.25503064936304
3955,c,43.25503064936304,43.25503064936304
3956,na,12.422424933549044,14.64651614384431
3957,t,43.25503064936304,43.25503064936304
3958,c,43.25503064936304,43.25503064936304
3959,c,43.25503064936304,43.25503064936304
3960,c,43.25503064936304,43.25503064936304
3961,c,43.25503064936304,43.25503064936304
3962,c,43.25503064936304,43.25503064936304
3963,c,43.25503064936304,43.25503064936304
3964,t,43.25503064936304,43.25503064936304
3965,c,43.25503064936304,43.25503064936304
3966,c,43.25503064936304,43.25503064936304
3967,c,43.25503064936304,43.25503064936304
3968,t,43.25503064936304,43.25503064936304
3969,c,43.25503064936304,43.25503064936304
3970,t,43.25503064936304,43.25503064936304
3971,c,43.25503064936304,43.25503064936304
3972,t,43.25503064936304,43.25503064936304
3973,c,43.25503064936304,43.25503064936304
3974,t,43.25503064936304,43.25503064936304
3975,c,43.25503064936304,43.25503064936304
3976,c,43.25503064936304,43.25503064936304
3977,c,43.25503064936304,43.25503064936304
3978,c,43.25503064936304,43.25503064936304
3979,c,43.25503064936304,43.25503064936304
3980,c,43.25503064936304,43.25503064936304
3981,c,43.25503064936304,43.25503064936304
3982,c,43.25503064936304,43.25503064936304
3983,c,43.25503064936304,43.25503064936304
3984,c,43.25503064936304,43.25503064936304
3985,c,43.25503064936304,43.25503064936304
3986,t,43.25503064936304,43.25503064936304
3987,c,43.25503064936304,43.25503064936304
3988,c,43.25503064936304,43.25503064936304
3989,t,43.25503064936304,43.25503064936304
3990,t,43.25503064936304,43.25503064936304
3991,c,43.25503064936304,43.25503064936304
3992,c,43.25503064936304,43.25503064936304
3993,c,43.25503064936304,43.25503064936304
3994,c,43.25503064936304,43.25503064936304
3995,c,43.25503064936304,43.25503064936304
3996,c,43.25503064936304,43.25503064936304
3997,c,43.25503064936304,43.25503064936304
3998,c,43.25503064936304,43.25503064936304
3999,t,43.25503064936304,43.25503064936304
4000,c,43.25503064936304,43.25503064936304
4001,c,43.25503064936304,43.25503064936304
4002,c,17.70964441743202,32.40596119873485
4003,t,43.25503064936304,43.25503064936304
4004,c,43.25503064936304,43.25503064936304
4005,c,43.25503064936304,43.25503064936304
4006,c,43.25503064936304,43.25503064936304
4007,c,43.25503064936304,43.25503064936304
4008,t,43.25503064936304,43.25503064936304
4009,t,43.25503064936304,43.25503064936304
4010,c,43.25503064936304,43.25503064936304
4011,c,43.25503064936304,43.25503064936304
4012,c,9.348397530395744,9.465854799924294
4013,c,43.25503064936304,43.25503064936304
4014,c,43.25503064936304,43.25503064936304
4015,t,43.25503064936304,43.25503064936304
4016,c,43.25503064936304,43.25503064936304
4017,c,43.25503064936304,43.25503064936304
4018,c,43.25503064936304,43.25503064936304
4019,c,43.25503064936304,43.25503064936304
4020,c,43.25503064936304,43.25503064936304
4021,c,43.25503064936304,43.25503064936304
4022,t,43.25503064936304,43.25503064936304
4023,t,43.25503064936304,43.25503064936304
4024,c,43.25503064936304,43.25503064936304
4025,t,43.25503064936304,43.25503064936304
4026,t,43.25503064936304,43.25503064936304
4027,c,43.25503064936304,43.25503064936304
4028,c,43.25503064936304,43.25503064936304
4029,t,43.25503064936304,43.25503064936304
4030,c,43.25503064936304,43.25503064936304
4031,c,43.25503064936304,43.25503064936304
4032,c,43.25503064936304,43.25503064936304
4033,c,43.25503064936304,43.25503064936304
4034,t,43.25503064936304,43.25503064936304
4035,c,43.25503064936304,43.25503064936304
4036,c,43.25503064936304,43.25503064936304
4037,c,43.25503064936304,43.25503064936304
4038,c,43.25503064936304,43.25503064936304
4039,t,43.25503064936304,43.25503064936304
4040,c,43.25503064936304,43.25503064936304
4041,c,43.25503064936304,43.25503064936304
4042,c,43.25503064936304,43.25503064936304
4043,c,43.25503064936304,43.25503064936304
4044,t,43.25503064936304,43.25503064936304
4045,c,43.25503064936304,43.25503064936304
4046,t,43.25503064936304,43.25503064936304
4047,c,43.25503064936304,43.25503064936304
4048,c,43.25503064936304,43.25503064936304
4049,t,43.25503064936304,43.25503064936304
4050,c,43.25503064936304,43.25503064936304
4051,c,43.25503064936304,43.25503064936304
4052,t,43.25503064936304,43.25503064936304
4053,c,43.25503064936304,43.25503064936304
4054,c,43.25503064936304,43.25503064936304
4055,c,43.25503064936304,43.25503064936304
4056,c,43.25503064936304,43.25503064936304
4057,c,43.25503064936304,43.25503064936304
4058,c,43.25503064936304,43.25503064936304
4059,c,43.25503064936304,43.25503064936304
4060,c,43.25503064936304,43.25503064936304
4061,t,43.25503064936304,43.25503064936304
4062,c,43.25503064936304,43.25503064936304
4063,c,43.25503064936304,43.25503064936304
4064,c,43.25503064936304,43.25503064936304
4065,c,43.25503064936304,43.25503064936304
4066,t,43.25503064936304,43.25503064936304
4067,t,43.25503064936304,43.25503064936304
4068,c,5.3042815019243585,5.610292793767568
4069,c,43.25503064936304,43.25503064936304
4070,c,43.25503064936304,43.25503064936304
4071,c,43.25503064936304,43.25503064936304
4072,c,43.25503064936304,43.25503064936304
4073,t,43.25503064936304,43.25503064936304
4074,t,43.25503064936304,43.25503064936304
4075,c,43.25503064936304,43.25503064936304
4076,c,43.25503064936304,43.25503064936304
4077,t,43.25503064936304,43.25503064936304
4078,c,43.25503064936304,43.25503064936304
4079,na,3.212181987595652,4.0889844341232
4080,c,43.25503064936304,43.25503064936304
4081,c,43.25503064936304,43.25503064936304
4082,c,43.25503064936304,43.25503064936304
4083,c,12.270291412225424,21.592760655624105
4084,c,43.25503064936304,43.25503064936304
4085,c,43.25503064936304,43.25503064936304
4086,c,43.25503064936304,43.25503064936304
4087,c,43.25503064936304,43.25503064936304
4088,c,43.25503064936304,43.25503064936304
4089,c,43.25503064936304,43.25503064936304
4090,c,43.25503064936304,43.25503064936304
4091,c,43.25503064936304,43.25503064936304
4092,c,43.25503064936304,43.25503064936304
4093,t,43.25503064936304,43.25503064936304
4094,c,43.25503064936304,43.25503064936304
4095,c,14.418240646900523,14.480060669135964
4096,c,43.25503064936304,43.25503064936304
4097,c,43.25503064936304,43.25503064936304
4098,t,43.25503064936304,43.25503064936304
4099,c,43.25503064936304,43.25503064936304
4100,c,43.25503064936304,43.25503064936304
4101,c,43.25503064936304,43.25503064936304
4102,c,43.25503064936304,43.25503064936304
4103,c,43.25503064936304,43.25503064936304
4104,c,43.25503064936304,43.25503064936304
4105,c,43.25503064936304,43.25503064936304
4106,c,43.25503064936304,43.25503064936304
4107,c,43.25503064936304,43.25503064936304
4108,c,43.25503064936304,43.25503064936304
4109,c,43.25503064936304,43.25503064936304
4110,t,43.25503064936304,43.25503064936304
4111,t,43.25503064936304,43.25503064936304
4112,c,3.710738879699235,5.221228601693043
4113,t,43.25503064936304,43.25503064936304
4114,c,43.25503064936304,43.25503064936304
4115,c,43.25503064936304,43.25503064936304
4116,c,43.25503064936304,43.25503064936304
4117,c,43.25503064936304,43.25503064936304
4118,c,43.25503064936304,43.25503064936304
4119,t,43.25503064936304,43.25503064936304
4120,c,43.25503064936304,43.25503064936304
4121,c,43.25503064936304,43.25503064936304
4122,c,43.25503064936304,43.25503064936304
4123,c,43.25503064936304,43.25503064936304
4124,c,43.25503064936304,43.25503064936304
4125,c,43.25503064936304,43.25503064936304
4126,c,43.25503064936304,43.25503064936304
4127,t,43.25503064936304,43.25503064936304
4128,c,43.25503064936304,43.25503064936304
4129,c,43.25503064936304,43.25503064936304
4130,c,43.25503064936304,43.25503064936304
4131,c,43.25503064936304,43.25503064936304
4132,t,43.25503064936304,43.25503064936304
4133,t,43.25503064936304,43.25503064936304
4134,t,43.25503064936304,43.25503064936304
4135,c,43.25503064936304,43.25503064936304
4136,t,43.25503064936304,43.25503064936304
4137,c,43.25503064936304,43.25503064936304
4138,c,43.25503064936304,43.25503064936304
4139,c,43.25503064936304,43.25503064936304
4140,c,43.25503064936304,43.25503064936304
4141,c,43.25503064936304,43.25503064936304
4142,c,43.25503064936304,43.25503064936304
4143,c,43.25503064936304,43.25503064936304
4144,t,43.25503064936304,43.25503064936304
4145,c,43.25503064936304,43.25503064936304
4146,c,43.25503064936304,43.25503064936304
4147,c,43.25503064936304,43.25503064936304
4148,t,43.25503064936304,43.25503064936304
4149,c,43.25503064936304,43.25503064936304
4150,c,43.25503064936304,43.25503064936304
4151,t,43.25503064936304,43.25503064936304
4152,c,43.25503064936304,43.25503064936304
4153,c,43.25503064936304,43.25503064936304
4154,c,43.25503064936304,43.25503064936304
4155,c,43.25503064936304,43.25503064936304
4156,c,43.25503064936304,43.25503064936304
4157,c,43.25503064936304,43.25503064936304
4158,t,43.25503064936304,43.25503064936304
4159,c,43.25503064936304,43.25503064936304
4160,c,43.25503064936304,43.25503064936304
4161,c,43.25503064936304,43.25503064936304
4162,c,43.25503064936304,43.25503064936304
4163,c,43.25503064936304,43.25503064936304
4164,t,43.25503064936304,43.25503064936304
4165,c,43.25503064936304,43.25503064936304
4166,t,43.25503064936304,43.25503064936304
4167,c,43.25503064936304,43.25503064936304
4168,c,43.25503064936304,43.25503064936304
4169,c,43.25503064936304,43.25503064936304
4170,c,43.25503064936304,43.25503064936304
4171,t,43.25503064936304,43.25503064936304
4172,c,43.25503064936304,43.25503064936304
4173,c,43.25503064936304,43.25503064936304
4174,na,0,1.2438253763353149
4175,c,43.25503064936304,43.25503064936304
4176,c,43.25503064936304,43.25503064936304
4177,c,43.25503064936304,43.25503064936304
4178,c,43.25503064936304,43.25503064936304
4179,c,43.25503064936304,43.25503064936304
4180,t,43.25503064936304,43.25503064936304
4181,c,43.25503064936304,43.25503064936304
4182,c,43.25503064936304,43.25503064936304
4183,t,43.25503064936304,43.25503064936304
4184,c,43.25503064936304,43.25503064936304
4185,c,43.25503064936304,43.25503064936304
4186,c,43.25503064936304,43.25503064936304
4187,c,43.25503064936304,43.25503064936304
4188,c,43.25503064936304,43.25503064936304
4189,c,43.25503064936304,43.25503064936304
4190,t,43.25503064936304,43.25503064936304
4191,c,43.25503064936304,43.25503064936304
4192,c,43.25503064936304,43.25503064936304
4193,c,43.25503064936304,43.25503064936304
4194,t,43.25503064936304,43.25503064936304
4195,c,43.25503064936304,43.25503064936304
4196,c,43.25503064936304,43.25503064936304
4197,c,43.25503064936304,43.25503064936304
4198,c,43.25503064936304,43.25503064936304
4199,c,43.25503064936304,43.25503064936304
4200,c,43.25503064936304,43.25503064936304
4201,c,43.25503064936304,43.25503064936304
4202,c,43.25503064936304,43.25503064936304
4203,c,43.25503064936304,43.25503064936304
4204,c,43.25503064936304,43.25503064936304
4205,c,43.25503064936304,43.25503064936304
4206,c,43.25503064936304,43.25503064936304
4207,c,43.25503064936304,43.25503064936304
4208,c,43.25503064936304,43.25503064936304
4209,c,43.25503064936304,43.25503064936304
4210,c,43.25503064936304,43.25503064936304
4211,c,43.25503064936304,43.25503064936304
4212,c,43.25503064936304,43.25503064936304
4213,c,43.25503064936304,43.25503064936304
4214,c,43.25503064936304,43.25503064936304
4215,c,43.25503064936304,43.25503064936304
4216,c,43.25503064936304,43.25503064936304
4217,c,43.25503064936304,43.25503064936304
4218,c,43.25503064936304,43.25503064936304
4219,c,43.25503064936304,43.25503064936304
4220,c,43.25503064936304,43.25503064936304
4221,c,43.25503064936304,43.25503064936304
4222,c,43.25503064936304,43.25503064936304
4223,c,43.25503064936304,43.25503064936304
4224,c,10.790565462898348,33.59713717305594
4225,c,43.25503064936304,43.25503064936304
4226,t,43.25503064936304,43.25503064936304
4227,c,43.25503064936304,43.25503064936304
4228,c,43.25503064936304,43.25503064936304
4229,t,43.25503064936304,43.25503064936304
4230,t,43.25503064936304,43.25503064936304
4231,c,43.25503064936304,43.25503064936304
4232,c,43.25503064936304,43.25503064936304
4233,t,43.25503064936304,43.25503064936304
4234,c,43.25503064936304,43.25503064936304
4235,c,43.25503064936304,43.25503064936304
4236,c,43.25503064936304,43.25503064936304
4237,c,43.25503064936304,43.25503064936304
4238,t,43.25503064936304,43.25503064936304
4239,t,43.25503064936304,43.25503064936304
4240,c,43.25503064936304,43.25503064936304
4241,c,43.25503064936304,43.25503064936304
4242,c,43.25503064936304,43.25503064936304
4243,na,0,19.815006385489614
4244,c,43.25503064936304,43.25503064936304
4245,c,43.25503064936304,43.25503064936304
4246,c,14.070973259532755,15.951464647627786
4247,c,43.25503064936304,43.25503064936304
4248,c,43.25503064936304,43.25503064936304
4249,c,43.25503064936304,43.25503064936304
4250,t,43.25503064936304,43.25503064936304
4251,t,43.25503064936304,43.25503064936304
4252,c,43.25503064936304,43.25503064936304
4253,t,43.25503064936304,43.25503064936304
4254,c,43.25503064936304,43.25503064936304
4255,c,43.25503064936304,43.25503064936304
4256,c,43.25503064936304,43.25503064936304
4257,c,6.1149774647609085,12.74619844659509
4258,t,43.25503064936304,43.25503064936304
4259,c,43.25503064936304,43.25503064936304
4260,t,43.25503064936304,43.25503064936304
4261,c,43.25503064936304,43.25503064936304
4262,t,43.25503064936304,43.25503064936304
4263,c,43.25503064936304,43.25503064936304
4264,t,43.25503064936304,43.25503064936304
4265,c,43.25503064936304,43.25503064936304
4266,t,43.25503064936304,43.25503064936304
4267,c,43.25503064936304,43.25503064936304
4268,c,43.25503064936304,43.25503064936304
4269,c,43.25503064936304,43.25503064936304
4270,c,43.25503064936304,43.25503064936304
4271,t,43.25503064936304,43.25503064936304
4272,c,43.25503064936304,43.25503064936304
4273,c,43.25503064936304,43.25503064936304
4274,t,43.25503064936304,43.25503064936304
4275,c,43.25503064936304,43.25503064936304
4276,c,43.25503064936304,43.25503064936304
4277,t,43.25503064936304,43.25503064936304
4278,c,43.25503064936304,43.25503064936304
4279,c,43.25503064936304,43.25503064936304
4280,c,43.25503064936304,43.25503064936304
4281,t,43.25503064936304,43.25503064936304
4282,c,43.25503064936304,43.25503064936304
4283,c,43.25503064936304,43.25503064936304
4284,t,43.25503064936304,43.25503064936304
4285,c,43.25503064936304,43.25503064936304
4286,c,43.25503064936304,43.25503064936304
4287,c,4.607564660115425,43.25503064936304
4288,c,43.25503064936304,43.25503064936304
4289,c,43.25503064936304,43.25503064936304
4290,c,43.25503064936304,43.25503064936304
4291,c,43.25503064936304,43.25503064936304
4292,c,43.25503064936304,43.25503064936304
4293,c,43.25503064936304,43.25503064936304
4294,c,43.25503064936304,43.25503064936304
4295,c,43.25503064936304,43.25503064936304
4296,c,43.25503064936304,43.25503064936304
4297,c,43.25503064936304,43.25503064936304
4298,c,43.25503064936304,43.25503064936304
4299,t,43.25503064936304,43.25503064936304
4300,c,43.25503064936304,43.25503064936304
4301,c,43.25503064936304,43.25503064936304
4302,c,43.25503064936304,43.25503064936304
4303,c,43.25503064936304,43.25503064936304
4304,c,43.25503064936304,43.25503064936304
4305,c,43.25503064936304,43.25503064936304
4306,c,43.25503064936304,43.25503064936304
4307,c,43.25503064936304,43.25503064936304
4308,t,43.25503064936304,43.25503064936304
4309,c,43.25503064936304,43.25503064936304
4310,c,43.25503064936304,43.25503064936304
4311,c,43.25503064936304,43.25503064936304
4312,t,43.25503064936304,43.25503064936304
4313,t,43.25503064936304,43.25503064936304
4314,c,43.25503064936304,43.25503064936304
4315,t,43.25503064936304,43.25503064936304
4316,c,43.25503064936304,43.25503064936304
4317,t,43.25503064936304,43.25503064936304
4318,c,43.25503064936304,43.25503064936304
4319,t,43.25503064936304,43.25503064936304
4320,c,43.25503064936304,43.25503064936304
4321,c,43.25503064936304,43.25503064936304
4322,t,43.25503064936304,43.25503064936304
4323,t,43.25503064936304,43.25503064936304
4324,c,43.25503064936304,43.25503064936304
4325,c,43.25503064936304,43.25503064936304
4326,c,43.25503064936304,43.25503064936304
4327,t,43.25503064936304,43.25503064936304
4328,c,43.25503064936304,43.25503064936304
4329,c,6.173019663705807,11.72728691001546
4330,c,43.25503064936304,43.25503064936304
4331,c,43.25503064936304,43.25503064936304
4332,c,43.25503064936304,43.25503064936304
4333,c,43.25503064936304,43.25503064936304
4334,c,43.25503064936304,43.25503064936304
4335,c,43.25503064936304,43.25503064936304
4336,c,43.25503064936304,43.25503064936304
4337,c,43.25503064936304,43.25503064936304
4338,c,43.25503064936304,43.25503064936304
4339,t,43.25503064936304,43.25503064936304
4340,c,43.25503064936304,43.25503064936304
4341,c,43.25503064936304,43.25503064936304
4342,c,11.549156598787613,13.713829086134469
4343,c,43.25503064936304,43.25503064936304
4344,c,43.25503064936304,43.25503064936304
4345,c,43.25503064936304,43.25503064936304
4346,c,43.25503064936304,43.25503064936304
4347,c,43.25503064936304,43.25503064936304
4348,c,43.25503064936304,43.25503064936304
4349,t,43.25503064936304,43.25503064936304
4350,t,43.25503064936304,43.25503064936304
4351,c,43.25503064936304,43.25503064936304
4352,c,43.25503064936304,43.25503064936304
4353,c,43.25503064936304,43.25503064936304
4354,c,43.25503064936304,43.25503064936304
4355,c,43.25503064936304,43.25503064936304
4356,c,43.25503064936304,43.25503064936304
4357,c,43.25503064936304,43.25503064936304
4358,c,43.25503064936304,43.25503064936304
4359,c,43.25503064936304,43.25503064936304
4360,t,43.25503064936304,43.25503064936304
4361,c,43.25503064936304,43.25503064936304
4362,c,43.25503064936304,43.25503064936304
4363,t,43.25503064936304,43.25503064936304
4364,c,43.25503064936304,43.25503064936304
4365,c,43.25503064936304,43.25503064936304
4366,c,43.25503064936304,43.25503064936304
4367,c,43.25503064936304,43.25503064936304
4368,c,43.25503064936304,43.25503064936304
4369,c,43.25503064936304,43.25503064936304
4370,t,43.25503064936304,43.25503064936304
4371,c,43.25503064936304,43.25503064936304
4372,c,43.25503064936304,43.25503064936304
4373,t,43.25503064936304,43.25503064936304
4374,c,43.25503064936304,43.25503064936304
4375,c,43.25503064936304,43.25503064936304
4376,c,43.25503064936304,43.25503064936304
4377,c,43.25503064936304,43.25503064936304
4378,c,43.25503064936304,43.25503064936304
4379,c,43.25503064936304,43.25503064936304
4380,c,43.25503064936304,43.25503064936304
4381,c,43.25503064936304,43.25503064936304
4382,c,43.25503064936304,43.25503064936304
4383,c,43.25503064936304,43.25503064936304
4384,t,43.25503064936304,43.25503064936304
4385,c,43.25503064936304,43.25503064936304
4386,t,43.25503064936304,43.25503064936304
4387,c,43.25503064936304,43.25503064936304
4388,t,43.25503064936304,43.25503064936304
4389,c,43.25503064936304,43.25503064936304
4390,c,43.25503064936304,43.25503064936304
4391,c,43.25503064936304,43.25503064936304
4392,c,43.25503064936304,43.25503064936304
4393,c,43.25503064936304,43.25503064936304
4394,c,43.25503064936304,43.25503064936304
4395,c,43.25503064936304,43.25503064936304
4396,c,43.25503064936304,43.25503064936304
4397,c,43.25503064936304,43.25503064936304
4398,t,43.25503064936304,43.25503064936304
4399,t,43.25503064936304,43.25503064936304
4400,c,43.25503064936304,43.25503064936304
4401,c,43.25503064936304,43.25503064936304
4402,c,43.25503064936304,43.25503064936304
4403,c,43.25503064936304,43.25503064936304
4404,c,43.25503064936304,43.25503064936304
4405,t,43.25503064936304,43.25503064936304
4406,c,43.25503064936304,43.25503064936304
4407,c,43.25503064936304,43.25503064936304
4408,c,43.25503064936304,43.25503064936304
4409,c,43.25503064936304,43.25503064936304
4410,c,43.25503064936304,43.25503064936304
4411,t,43.25503064936304,43.25503064936304
4412,c,43.25503064936304,43.25503064936304
4413,c,43.25503064936304,43.25503064936304
4414,c,12.821845187326165,29.492679250478997
4415,c,43.25503064936304,43.25503064936304
4416,c,43.25503064936304,43.25503064936304
4417,c,43.25503064936304,43.25503064936304
4418,c,43.25503064936304,43.25503064936304
4419,c,43.25503064936304,43.25503064936304
4420,c,43.25503064936304,43.25503064936304
4421,t,43.25503064936304,43.25503064936304
4422,c,43.25503064936304,43.25503064936304
4423,c,43.25503064936304,43.25503064936304
4424,c,43.25503064936304,43.25503064936304
4425,c,11.972325008318958,43.25503064936304
4426,t,43.25503064936304,43.25503064936304
4427,c,43.25503064936304,43.25503064936304
4428,t,43.25503064936304,43.25503064936304
4429,t,43.25503064936304,43.25503064936304
4430,c,43.25503064936304,43.25503064936304
4431,c,43.25503064936304,43.25503064936304
4432,t,43.25503064936304,43.25503064936304
4433,c,43.25503064936304,43.25503064936304
4434,c,43.25503064936304,43.25503064936304
4435,c,43.25503064936304,43.25503064936304
4436,t,43.25503064936304,43.25503064936304
4437,c,43.25503064936304,43.25503064936304
4438,c,43.25503064936304,43.25503064936304
4439,c,43.25503064936304,43.25503064936304
4440,c,43.25503064936304,43.25503064936304
4441,c,43.25503064936304,43.25503064936304
4442,c,43.25503064936304,43.25503064936304
4443,c,43.25503064936304,43.25503064936304
4444,t,43.25503064936304,43.25503064936304
4445,t,43.25503064936304,43.25503064936304
4446,c,43.25503064936304,43.25503064936304
4447,c,43.25503064936304,43.25503064936304
4448,na,-1,0
4449,c,43.25503064936304,43.25503064936304
4450,t,43.25503064936304,43.25503064936304
4451,t,43.25503064936304,43.25503064936304
4452,c,43.25503064936304,43.25503064936304
4453,c,43.25503064936304,43.25503064936304
4454,c,43.25503064936304,43.25503064936304
4455,c,43.25503064936304,43.25503064936304
4456,c,43.25503064936304,43.25503064936304
4457,t,43.25503064936304,43.25503064936304
4458,t,43.25503064936304,43.25503064936304
4459,c,43.25503064936304,43.25503064936304
4460,c,43.25503064936304,43.25503064936304
4461,c,43.25503064936304,43.25503064936304
4462,c,43.25503064936304,43.25503064936304
4463,c,43.25503064936304,43.25503064936304
4464,c,43.25503064936304,43.25503064936304
4465,c,43.25503064936304,43.25503064936304
4466,t,43.25503064936304,43.25503064936304
4467,c,43.25503064936304,43.25503064936304
4468,c,9.064599559288208,11.083196578613297
4469,c,43.25503064936304,43.25503064936304
4470,c,43.25503064936304,43.25503064936304
4471,na,-1,0
4472,t,43.25503064936304,43.25503064936304
4473,c,43.25503064936304,43.25503064936304
4474,c,43.25503064936304,43.25503064936304
4475,c,43.25503064936304,43.25503064936304
4476,t,43.25503064936304,43.25503064936304
4477,c,43.25503064936304,43.25503064936304
4478,c,43.25503064936304,43.25503064936304
4479,c,43.25503064936304,43.25503064936304
4480,c,43.25503064936304,43.25503064936304
4481,t,43.25503064936304,43.25503064936304
4482,c,43.25503064936304,43.25503064936304
4483,c,43.25503064936304,43.25503064936304
4484,c,43.25503064936304,43.25503064936304
4485,c,43.25503064936304,43.25503064936304
4486,c,43.25503064936304,43.25503064936304
4487,c,43.25503064936304,43.25503064936304
4488,c,43.25503064936304,43.25503064936304
4489,c,43.25503064936304,43.25503064936304
4490,c,43.25503064936304,43.25503064936304
4491,c,43.25503064936304,43.25503064936304
4492,c,43.25503064936304,43.25503064936304
4493,c,43.25503064936304,43.25503064936304
4494,c,43.25503064936304,43.25503064936304
4495,c,43.25503064936304,43.25503064936304
4496,c,43.25503064936304,43.25503064936304
4497,c,43.25503064936304,43.25503064936304
4498,c,43.25503064936304,43.25503064936304
4499,c,43.25503064936304,43.25503064936304
4500,c,43.25503064936304,43.25503064936304
4501,t,43.25503064936304,43.25503064936304
4502,c,43.25503064936304,43.25503064936304
4503,c,43.25503064936304,43.25503064936304
4504,c,43.25503064936304,43.25503064936304
4505,c,43.25503064936304,43.25503064936304
4506,c,43.25503064936304,43.25503064936304
4507,t,43.25503064936304,43.25503064936304
4508,c,43.25503064936304,43.25503064936304
4509,c,43.25503064936304,43.25503064936304
4510,t,43.25503064936304,43.25503064936304
4511,t,43.25503064936304,43.25503064936304
4512,c,43.25503064936304,43.25503064936304
4513,c,43.25503064936304,43.25503064936304
4514,c,43.25503064936304,43.25503064936304
4515,c,43.25503064936304,43.25503064936304
4516,t,43.25503064936304,43.25503064936304
4517,t,43.25503064936304,43.25503064936304
4518,c,43.25503064936304,43.25503064936304
4519,c,43.25503064936304,43.25503064936304
4520,t,43.25503064936304,43.25503064936304
4521,t,43.25503064936304,43.25503064936304
4522,c,43.25503064936304,43.25503064936304
4523,c,43.25503064936304,43.25503064936304
4524,c,43.25503064936304,43.25503064936304
4525,t,43.25503064936304,43.25503064936304
4526,c,43.25503064936304,43.25503064936304
4527,c,43.25503064936304,43.25503064936304
4528,c,43.25503064936304,43.25503064936304
4529,t,43.25503064936304,43.25503064936304
4530,c,43.25503064936304,43.25503064936304
4531,c,43.25503064936304,43.25503064936304
4532,c,10.795904152225248,29.626902102896015
4533,c,43.25503064936304,43.25503064936304
4534,c,43.25503064936304,43.25503064936304
4535,t,43.25503064936304,43.25503064936304
4536,c,43.25503064936304,43.25503064936304
4537,c,43.25503064936304,43.25503064936304
4538,c,43.25503064936304,43.25503064936304
4539,c,43.25503064936304,43.25503064936304
4540,c,43.25503064936304,43.25503064936304
4541,na,2.3247223388549023,4.365415776892288
4542,c,43.25503064936304,43.25503064936304
4543,t,43.25503064936304,43.25503064936304
4544,c,43.25503064936304,43.25503064936304
4545,c,43.25503064936304,43.25503064936304
4546,c,43.25503064936304,43.25503064936304
4547,c,43.25503064936304,43.25503064936304
4548,c,43.25503064936304,43.25503064936304
4549,c,43.25503064936304,43.25503064936304
4550,c,43.25503064936304,43.25503064936304
4551,c,43.25503064936304,43.25503064936304
4552,c,8.864591138358898,12.766208438789235
4553,c,43.25503064936304,43.25503064936304
4554,c,43.25503064936304,43.25503064936304
4555,c,43.25503064936304,43.25503064936304
4556,c,43.25503064936304,43.25503064936304
4557,c,43.25503064936304,43.25503064936304
4558,c,43.25503064936304,43.25503064936304
4559,c,43.25503064936304,43.25503064936304
4560,c,43.25503064936304,43.25503064936304
4561,c,43.25503064936304,43.25503064936304
4562,t,43.25503064936304,43.25503064936304
4563,c,43.25503064936304,43.25503064936304
4564,c,43.25503064936304,43.25503064936304
4565,c,43.25503064936304,43.25503064936304
4566,t,43.25503064936304,43.25503064936304
4567,c,43.25503064936304,43.25503064936304
4568,t,43.25503064936304,43.25503064936304
4569,c,43.25503064936304,43.25503064936304
4570,c,43.25503064936304,43.25503064936304
4571,c,43.25503064936304,43.25503064936304
4572,c,43.25503064936304,43.25503064936304
4573,c,43.25503064936304,43.25503064936304
4574,c,43.25503064936304,43.25503064936304
4575,c,43.25503064936304,43.25503064936304
4576,c,43.25503064936304,43.25503064936304
4577,t,43.25503064936304,43.25503064936304
4578,c,43.25503064936304,43.25503064936304
4579,c,43.25503064936304,43.25503064936304
4580,t,43.25503064936304,43.25503064936304
4581,t,43.25503064936304,43.25503064936304
4582,c,43.25503064936304,43.25503064936304
4583,c,43.25503064936304,43.25503064936304
4584,c,43.25503064936304,43.25503064936304
4585,c,13.059938498827794,28.91636412063874
4586,c,43.25503064936304,43.25503064936304
4587,c,43.25503064936304,43.25503064936304
4588,t,43.25503064936304,43.25503064936304
4589,c,43.25503064936304,43.25503064936304
4590,c,43.25503064936304,43.25503064936304
4591,c,43.25503064936304,43.25503064936304
4592,c,43.25503064936304,43.25503064936304
4593,t,43.25503064936304,43.25503064936304
4594,c,43.25503064936304,43.25503064936304
4595,c,43.25503064936304,43.25503064936304
4596,t,43.25503064936304,43.25503064936304
4597,c,43.25503064936304,43.25503064936304
4598,c,43.25503064936304,43.25503064936304
4599,t,43.25503064936304,43.25503064936304
4600,t,43.25503064936304,43.25503064936304
4601,c,43.25503064936304,43.25503064936304
4602,c,43.25503064936304,43.25503064936304
4603,t,43.25503064936304,43.25503064936304
4604,c,43.25503064936304,43.25503064936304
4605,c,43.25503064936304,43.25503064936304
4606,c,43.25503064936304,43.25503064936304
4607,c,43.25503064936304,43.25503064936304
4608,c,43.25503064936304,43.25503064936304
4609,c,43.25503064936304,43.25503064936304
4610,c,43.25503064936304,43.25503064936304
4611,c,43.25503064936304,43.25503064936304
4612,c,43.25503064936304,43.25503064936304
4613,c,43.25503064936304,43.25503064936304
4614,c,43.25503064936304,43.25503064936304
4615,c,43.25503064936304,43.25503064936304
4616,c,43.25503064936304,43.25503064936304
4617,t,43.25503064936304,43.25503064936304
4618,t,43.25503064936304,43.25503064936304
4619,c,43.25503064936304,43.25503064936304
4620,c,43.25503064936304,43.25503064936304
4621,c,43.25503064936304,43.25503064936304
4622,t,43.25503064936304,43.25503064936304
4623,c,43.25503064936304,43.25503064936304
4624,t,43.25503064936304,43.25503064936304
4625,c,43.25503064936304,43.25503064936304
4626,c,43.25503064936304,43.25503064936304
4627,c,43.25503064936304,43.25503064936304
4628,c,43.25503064936304,43.25503064936304
4629,c,43.25503064936304,43.25503064936304
4630,t,43.25503064936304,43.25503064936304
4631,c,43.25503064936304,43.25503064936304
4632,c,43.25503064936304,43.25503064936304
4633,c,43.25503064936304,43.25503064936304
4634,c,43.25503064936304,43.25503064936304
4635,c,43.25503064936304,43.25503064936304
4636,c,43.25503064936304,43.25503064936304
4637,c,43.25503064936304,43.25503064936304
4638,c,43.25503064936304,43.25503064936304
4639,c,43.25503064936304,43.25503064936304
4640,c,43.25503064936304,43.25503064936304
4641,c,43.25503064936304,43.25503064936304
4642,c,43.25503064936304,43.25503064936304
4643,c,43.25503064936304,43.25503064936304
4644,t,43.25503064936304,43.25503064936304
4645,t,43.25503064936304,43.25503064936304
4646,c,43.25503064936304,43.25503064936304
4647,c,43.25503064936304,43.25503064936304
4648,t,43.25503064936304,43.25503064936304
4649,c,43.25503064936304,43.25503064936304
4650,c,43.25503064936304,43.25503064936304
4651,c,43.25503064936304,43.25503064936304
4652,c,43.25503064936304,43.25503064936304
4653,c,43.25503064936304,43.25503064936304
4654,c,43.25503064936304,43.25503064936304
4655,c,43.25503064936304,43.25503064936304
4656,c,43.25503064936304,43.25503064936304
4657,c,43.25503064936304,43.25503064936304
4658,c,43.25503064936304,43.25503064936304
4659,c,43.25503064936304,43.25503064936304
4660,c,43.25503064936304,43.25503064936304
4661,c,43.25503064936304,43.25503064936304
4662,t,43.25503064936304,43.25503064936304
4663,c,43.25503064936304,43.25503064936304
4664,c,43.25503064936304,43.25503064936304
4665,c,43.25503064936304,43.25503064936304
4666,c,43.25503064936304,43.25503064936304
4667,c,43.25503064936304,43.25503064936304
4668,c,43.25503064936304,43.25503064936304
4669,c,43.25503064936304,43.25503064936304
4670,c,43.25503064936304,43.25503064936304
4671,c,43.25503064936304,43.25503064936304
4672,c,43.25503064936304,43.25503064936304
4673,c,43.25503064936304,43.25503064936304
4674,c,43.25503064936304,43.25503064936304
4675,c,43.25503064936304,43.25503064936304
4676,c,43.25503064936304,43.25503064936304
4677,c,43.25503064936304,43.25503064936304
4678,c,43.25503064936304,43.25503064936304
4679,c,43.25503064936304,43.25503064936304
4680,c,43.25503064936304,43.25503064936304
4681,c,43.25503064936304,43.25503064936304
4682,c,43.25503064936304,43.25503064936304
4683,na,2.731233520622085,9.16012375955248
4684,c,43.25503064936304,43.25503064936304
4685,c,43.25503064936304,43.25503064936304
4686,t,43.25503064936304,43.25503064936304
4687,c,43.25503064936304,43.25503064936304
4688,t,43.25503064936304,43.25503064936304
4689,c,43.25503064936304,43.25503064936304
4690,c,43.25503064936304,43.25503064936304
4691,c,43.25503064936304,43.25503064936304
4692,c,43.25503064936304,43.25503064936304
4693,t,43.25503064936304,43.25503064936304
4694,c,43.25503064936304,43.25503064936304
4695,t,43.25503064936304,43.25503064936304
4696,t,43.25503064936304,43.25503064936304
4697,c,43.25503064936304,43.25503064936304
4698,c,43.25503064936304,43.25503064936304
4699,c,43.25503064936304,43.25503064936304
4700,t,43.25503064936304,43.25503064936304
4701,c,43.25503064936304,43.25503064936304
4702,c,43.25503064936304,43.25503064936304
4703,c,43.25503064936304,43.25503064936304
4704,c,43.25503064936304,43.25503064936304
4705,c,43.25503064936304,43.25503064936304
4706,c,43.25503064936304,43.25503064936304
4707,c,43.25503064936304,43.25503064936304
4708,c,43.25503064936304,43.25503064936304
4709,c,43.25503064936304,43.25503064936304
4710,c,43.25503064936304,43.25503064936304
4711,t,43.25503064936304,43.25503064936304
4712,c,43.25503064936304,43.25503064936304
4713,c,43.25503064936304,43.25503064936304
4714,t,43.25503064936304,43.25503064936304
4715,c,43.25503064936304,43.25503064936304
4716,c,9.011514183995143,10.400821260101067
4717,c,43.25503064936304,43.25503064936304
4718,c,43.25503064936304,43.25503064936304
4719,c,43.25503064936304,43.25503064936304
4720,c,9.36300048900177,13.781858553201108
4721,c,43.25503064936304,43.25503064936304
4722,c,43.25503064936304,43.25503064936304
4723,t,43.25503064936304,43.25503064936304
4724,c,43.25503064936304,43.25503064936304
4725,c,43.25503064936304,43.25503064936304
4726,c,43.25503064936304,43.25503064936304
4727,c,43.25503064936304,43.25503064936304
4728,c,43.25503064936304,43.25503064936304
4729,c,43.25503064936304,43.25503064936304
4730,c,43.25503064936304,43.25503064936304
4731,c,43.25503064936304,43.25503064936304
4732,c,43.25503064936304,43.25503064936304
4733,t,43.25503064936304,43.25503064936304
4734,c,43.25503064936304,43.25503064936304
4735,c,43.25503064936304,43.25503064936304
4736,c,43.25503064936304,43.25503064936304
4737,c,43.25503064936304,43.25503064936304
4738,c,43.25503064936304,43.25503064936304
4739,c,43.25503064936304,43.25503064936304
4740,t,43.25503064936304,43.25503064936304
4741,c,43.25503064936304,43.25503064936304
4742,c,43.25503064936304,43.25503064936304
4743,c,43.25503064936304,43.25503064936304
4744,c,43.25503064936304,43.25503064936304
4745,t,43.25503064936304,43.25503064936304
4746,c,43.25503064936304,43.25503064936304
4747,c,43.25503064936304,43.25503064936304
4748,c,43.25503064936304,43.25503064936304
4749,c,43.25503064936304,43.25503064936304
4750,c,43.25503064936304,43.25503064936304
4751,c,43.25503064936304,43.25503064936304
4752,c,43.25503064936304,43.25503064936304
4753,t,43.25503064936304,43.25503064936304
4754,c,43.25503064936304,43.25503064936304
4755,c,43.25503064936304,43.25503064936304
4756,c,4.407435225134813,11.290411127100832
4757,c,43.25503064936304,43.25503064936304
4758,c,43.25503064936304,43.25503064936304
4759,c,43.25503064936304,43.25503064936304
4760,t,43.25503064936304,43.25503064936304
4761,c,43.25503064936304,43.25503064936304
4762,t,43.25503064936304,43.25503064936304
4763,t,43.25503064936304,43.25503064936304
4764,c,43.25503064936304,43.25503064936304
4765,c,43.25503064936304,43.25503064936304
4766,c,43.25503064936304,43.25503064936304
4767,c,43.25503064936304,43.25503064936304
4768,c,43.25503064936304,43.25503064936304
4769,c,43.25503064936304,43.25503064936304
4770,c,43.25503064936304,43.25503064936304
4771,c,43.25503064936304,43.25503064936304
4772,c,43.25503064936304,43.25503064936304
4773,c,43.25503064936304,43.25503064936304
4774,c,43.25503064936304,43.25503064936304
4775,t,43.25503064936304,43.25503064936304
4776,c,43.25503064936304,43.25503064936304
4777,c,43.25503064936304,43.25503064936304
4778,c,43.25503064936304,43.25503064936304
4779,c,43.25503064936304,43.25503064936304
4780,c,43.25503064936304,43.25503064936304
4781,t,43.25503064936304,43.25503064936304
4782,c,43.25503064936304,43.25503064936304
4783,na,2.8252413557176816,43.25503064936304
4784,c,43.25503064936304,43.25503064936304
4785,t,43.25503064936304,43.25503064936304
4786,c,43.25503064936304,43.25503064936304
4787,t,43.25503064936304,43.25503064936304
4788,c,43.25503064936304,43.25503064936304
4789,c,43.25503064936304,43.25503064936304
4790,c,43.25503064936304,43.25503064936304
4791,c,43.25503064936304,43.25503064936304
4792,c,3.936779918223791,4.203148964987769
4793,c,43.25503064936304,43.25503064936304
4794,t,43.25503064936304,43.25503064936304
4795,c,43.25503064936304,43.25503064936304
4796,c,43.25503064936304,43.25503064936304
4797,c,43.25503064936304,43.25503064936304
4798,t,43.25503064936304,43.25503064936304
4799,t,43.25503064936304,43.25503064936304
4800,c,43.25503064936304,43.25503064936304
4801,c,43.25503064936304,43.25503064936304
4802,c,43.25503064936304,43.25503064936304
4803,c,43.25503064936304,43.25503064936304
4804,c,43.25503064936304,43.25503064936304
4805,c,43.25503064936304,43.25503064936304
4806,c,43.25503064936304,43.25503064936304
4807,c,43.25503064936304,43.25503064936304
4808,c,43.25503064936304,43.25503064936304
4809,c,43.25503064936304,43.25503064936304
4810,c,43.25503064936304,43.25503064936304
4811,c,43.25503064936304,43.25503064936304
4812,c,43.25503064936304,43.25503064936304
4813,c,43.25503064936304,43.25503064936304
4814,c,43.25503064936304,43.25503064936304
4815,t,43.25503064936304,43.25503064936304
4816,c,43.25503064936304,43.25503064936304
4817,t,43.25503064936304,43.25503064936304
4818,c,43.25503064936304,43.25503064936304
4819,t,43.25503064936304,43.25503064936304
4820,c,43.25503064936304,43.25503064936304
4821,t,43.25503064936304,43.25503064936304
4822,c,43.25503064936304,43.25503064936304
4823,c,43.25503064936304,43.25503064936304
4824,c,43.25503064936304,43.25503064936304
4825,t,43.25503064936304,43.25503064936304
4826,c,43.25503064936304,43.25503064936304
4827,c,43.25503064936304,43.25503064936304
4828,c,43.25503064936304,43.25503064936304
4829,c,43.25503064936304,43.25503064936304
4830,c,43.25503064936304,43.25503064936304
4831,c,43.25503064936304,43.25503064936304
4832,c,43.25503064936304,43.25503064936304
4833,na,-1,0
4834,c,43.25503064936304,43.25503064936304
4835,c,43.25503064936304,43.25503064936304
4836,c,43.25503064936304,43.25503064936304
4837,c,43.25503064936304,43.25503064936304
4838,c,43.25503064936304,43.25503064936304
4839,c,43.25503064936304,43.25503064936304
4840,t,43.25503064936304,43.25503064936304
4841,c,43.25503064936304,43.25503064936304
4842,c,43.25503064936304,43.25503064936304
4843,c,43.25503064936304,43.25503064936304
4844,c,43.25503064936304,43.25503064936304
4845,c,43.25503064936304,43.25503064936304
4846,t,43.25503064936304,43.25503064936304
4847,c,43.25503064936304,43.25503064936304
4848,c,43.25503064936304,43.25503064936304
4849,t,43.25503064936304,43.25503064936304
4850,c,43.25503064936304,43.25503064936304
4851,c,43.25503064936304,43.25503064936304
4852,c,43.25503064936304,43.25503064936304
4853,c,43.25503064936304,43.25503064936304
4854,c,43.25503064936304,43.25503064936304
4855,c,43.25503064936304,43.25503064936304
4856,na,6.482667841133856,8.80264388032275
4857,c,43.25503064936304,43.25503064936304
4858,c,43.25503064936304,43.25503064936304
4859,c,43.25503064936304,43.25503064936304
4860,c,43.25503064936304,43.25503064936304
4861,c,43.25503064936304,43.25503064936304
4862,t,43.25503064936304,43.25503064936304
4863,c,43.25503064936304,43.25503064936304
4864,c,43.25503064936304,43.25503064936304
4865,c,43.25503064936304,43.25503064936304
4866,c,43.25503064936304,43.25503064936304
4867,t,43.25503064936304,43.25503064936304
4868,c,43.25503064936304,43.25503064936304
4869,c,43.25503064936304,43.25503064936304
4870,c,43.25503064936304,43.25503064936304
4871,c,43.25503064936304,43.25503064936304
4872,t,43.25503064936304,43.25503064936304
4873,na,1.9378297201096615,2.7764405846886984
4874,c,43.25503064936304,43.25503064936304
4875,c,43.25503064936304,43.25503064936304
4876,c,43.25503064936304,43.25503064936304
4877,c,43.25503064936304,43.25503064936304
4878,t,43.25503064936304,43.25503064936304
4879,c,43.25503064936304,43.25503064936304
4880,c,43.25503064936304,43.25503064936304
4881,c,43.25503064936304,43.25503064936304
4882,c,43.25503064936304,43.25503064936304
4883,c,43.25503064936304,43.25503064936304
4884,c,43.25503064936304,43.25503064936304
4885,c,43.25503064936304,43.25503064936304
4886,c,43.25503064936304,43.25503064936304
4887,c,43.25503064936304,43.25503064936304
4888,c,43.25503064936304,43.25503064936304
4889,c,43.25503064936304,43.25503064936304
4890,c,43.25503064936304,43.25503064936304
4891,c,43.25503064936304,43.25503064936304
4892,t,43.25503064936304,43.25503064936304
4893,c,43.25503064936304,43.25503064936304
4894,c,43.25503064936304,43.25503064936304
4895,c,43.25503064936304,43.25503064936304
4896,t,43.25503064936304,43.25503064936304
4897,t,43.25503064936304,43.25503064936304
4898,c,43.25503064936304,43.25503064936304
4899,c,43.25503064936304,43.25503064936304
4900,t,43.25503064936304,43.25503064936304
4901,c,43.25503064936304,43.25503064936304
4902,c,43.25503064936304,43.25503064936304
4903,t,43.25503064936304,43.25503064936304
4904,c,3.5670670859327314,4.245241002361453
4905,t,43.25503064936304,43.25503064936304
4906,t,43.25503064936304,43.25503064936304
4907,c,43.25503064936304,43.25503064936304
4908,c,43.25503064936304,43.25503064936304
4909,t,43.25503064936304,43.25503064936304
4910,c,43.25503064936304,43.25503064936304
4911,t,43.25503064936304,43.25503064936304
4912,c,43.25503064936304,43.25503064936304
4913,t,43.25503064936304,43.25503064936304
4914,c,43.25503064936304,43.25503064936304
4915,c,43.25503064936304,43.25503064936304
4916,t,43.25503064936304,43.25503064936304
4917,c,43.25503064936304,43.25503064936304
4918,c,43.25503064936304,43.25503064936304
4919,c,43.25503064936304,43.25503064936304
4920,t,43.25503064936304,43.25503064936304
4921,c,43.25503064936304,43.25503064936304
4922,c,43.25503064936304,43.25503064936304
4923,c,43.25503064936304,43.25503064936304
4924,c,43.25503064936304,43.25503064936304
4925,c,43.25503064936304,43.25503064936304
4926,c,43.25503064936304,43.25503064936304
4927,t,43.25503064936304,43.25503064936304
4928,c,43.25503064936304,43.25503064936304
4929,c,43.25503064936304,43.25503064936304
4930,c,43.25503064936304,43.25503064936304
4931,c,43.25503064936304,43.25503064936304
4932,t,43.25503064936304,43.25503064936304
4933,t,43.25503064936304,43.25503064936304
4934,c,43.25503064936304,43.25503064936304
4935,c,43.25503064936304,43.25503064936304
4936,t,43.25503064936304,43.25503064936304
4937,c,43.25503064936304,43.25503064936304
4938,c,43.25503064936304,43.25503064936304
4939,c,43.25503064936304,43.25503064936304
4940,t,43.25503064936304,43.25503064936304
4941,c,43.25503064936304,43.25503064936304
4942,t,43.25503064936304,43.25503064936304
4943,c,43.25503064936304,43.25503064936304
4944,c,43.25503064936304,43.25503064936304
4945,c,43.25503064936304,43.25503064936304
4946,c,43.25503064936304,43.25503064936304
4947,c,43.25503064936304,43.25503064936304
4948,t,43.25503064936304,43.25503064936304
4949,c,43.25503064936304,43.25503064936304
4950,c,43.25503064936304,43.25503064936304
4951,c,43.25503064936304,43.25503064936304
4952,c,43.25503064936304,43.25503064936304
4953,na,14.192196401835181,16.154603197129216
4954,c,43.25503064936304,43.25503064936304
4955,c,43.25503064936304,43.25503064936304
4956,c,43.25503064936304,43.25503064936304
4957,c,43.25503064936304,43.25503064936304
4958,c,43.25503064936304,43.25503064936304
4959,c,43.25503064936304,43.25503064936304
4960,c,43.25503064936304,43.25503064936304
4961,c,43.25503064936304,43.25503064936304
4962,c,43.25503064936304,43.25503064936304
4963,c,43.25503064936304,43.25503064936304
4964,c,43.25503064936304,43.25503064936304
4965,c,43.25503064936304,43.25503064936304
4966,c,43.25503064936304,43.25503064936304
4967,c,43.25503064936304,43.25503064936304
4968,c,43.25503064936304,43.25503064936304
4969,t,43.25503064936304,43.25503064936304
4970,c,43.25503064936304,43.25503064936304
4971,c,43.25503064936304,43.25503064936304
4972,t,43.25503064936304,43.25503064936304
4973,c,43.25503064936304,43.25503064936304
4974,c,43.25503064936304,43.25503064936304
4975,c,43.25503064936304,43.25503064936304
4976,t,43.25503064936304,43.25503064936304
4977,t,43.25503064936304,43.25503064936304
4978,c,43.25503064936304,43.25503064936304
4979,c,43.25503064936304,43.25503064936304
4980,c,43.25503064936304,43.25503064936304
4981,t,43.25503064936304,43.25503064936304
4982,t,43.25503064936304,43.25503064936304
4983,t,43.25503064936304,43.25503064936304
4984,c,43.25503064936304,43.25503064936304
4985,c,43.25503064936304,43.25503064936304
4986,t,43.25503064936304,43.25503064936304
4987,c,43.25503064936304,43.25503064936304
4988,c,43.25503064936304,43.25503064936304
4989,c,10.224272421259602,16.059516843724765
4990,c,43.25503064936304,43.25503064936304
4991,c,43.25503064936304,43.25503064936304
4992,t,43.25503064936304,43.25503064936304
4993,c,43.25503064936304,43.25503064936304
4994,c,43.25503064936304,43.25503064936304
4995,c,43.25503064936304,43.25503064936304
4996,c,43.25503064936304,43.25503064936304
4997,c,43.25503064936304,43.25503064936304
4998,c,43.25503064936304,43.25503064936304
4999,c,43.25503064936304,43.25503064936304
5000,c,43.25503064936304,43.25503064936304
5001,c,43.25503064936304,43.25503064936304
5002,c,43.25503064936304,43.25503064936304
5003,t,43.25503064936304,43.25503064936304
5004,c,43.25503064936304,43.25503064936304
5005,t,43.25503064936304,43.25503064936304
5006,c,43.25503064936304,43.25503064936304
5007,c,43.25503064936304,43.25503064936304
5008,c,43.25503064936304,43.25503064936304
5009,c,43.25503064936304,43.25503064936304
5010,c,43.25503064936304,43.25503064936304
5011,c,43.25503064936304,43.25503064936304
5012,c,43.25503064936304,43.25503064936304
5013,c,43.25503064936304,43.25503064936304
5014,c,43.25503064936304,43.25503064936304
5015,c,43.25503064936304,43.25503064936304
5016,c,43.25503064936304,43.25503064936304
5017,c,43.25503064936304,43.25503064936304
5018,c,43.25503064936304,43.25503064936304
5019,na,0.24437912119448002,43.25503064936304
5020,c,43.25503064936304,43.25503064936304
5021,na,-1,0
5022,c,43.25503064936304,43.25503064936304
5023,c,43.25503064936304,43.25503064936304
5024,c,43.25503064936304,43.25503064936304
5025,c,43.25503064936304,43.25503064936304
5026,c,43.25503064936304,43.25503064936304
5027,na,0,4.011124803493502
5028,c,43.25503064936304,43.25503064936304
5029,c,43.25503064936304,43.25503064936304
5030,c,43.25503064936304,43.25503064936304
5031,c,43.25503064936304,43.25503064936304
5032,c,43.25503064936304,43.25503064936304
5033,t,43.25503064936304,43.25503064936304
5034,c,43.25503064936304,43.25503064936304
5035,c,43.25503064936304,43.25503064936304
5036,na,2.6777686655089488,22.234825256553254
5037,c,43.25503064936304,43.25503064936304
5038,c,43.25503064936304,43.25503064936304
5039,c,43.25503064936304,43.25503064936304
5040,c,43.25503064936304,43.25503064936304
5041,c,43.25503064936304,43.25503064936304
5042,c,43.25503064936304,43.25503064936304
5043,t,43.25503064936304,43.25503064936304
5044,t,43.25503064936304,43.25503064936304
5045,c,43.25503064936304,43.25503064936304
5046,c,43.25503064936304,43.25503064936304
5047,c,43.25503064936304,43.25503064936304
5048,c,43.25503064936304,43.25503064936304
5049,c,43.25503064936304,43.25503064936304
5050,c,43.25503064936304,43.25503064936304
5051,c,43.25503064936304,43.25503064936304
5052,c,43.25503064936304,43.25503064936304
5053,c,43.25503064936304,43.25503064936304
5054,t,43.25503064936304,43.25503064936304
5055,t,43.25503064936304,43.25503064936304
5056,c,43.25503064936304,43.25503064936304
5057,c,43.25503064936304,43.25503064936304
5058,c,43.25503064936304,43.25503064936304
5059,t,43.25503064936304,43.25503064936304
5060,c,43.25503064936304,43.25503064936304
5061,c,43.25503064936304,43.25503064936304
5062,c,43.25503064936304,43.25503064936304
5063,t,43.25503064936304,43.25503064936304
5064,c,43.25503064936304,43.25503064936304
5065,c,43.25503064936304,43.25503064936304
5066,c,43.25503064936304,43.25503064936304
5067,c,43.25503064936304,43.25503064936304
5068,c,4.976415117156139,7.942071963465564
5069,c,43.25503064936304,43.25503064936304
5070,c,43.25503064936304,43.25503064936304
5071,t,43.25503064936304,43.25503064936304
5072,c,43.25503064936304,43.25503064936304
5073,c,43.25503064936304,43.25503064936304
5074,c,43.25503064936304,43.25503064936304
5075,c,43.25503064936304,43.25503064936304
5076,c,43.25503064936304,43.25503064936304
5077,c,43.25503064936304,43.25503064936304
5078,c,43.25503064936304,43.25503064936304
5079,c,43.25503064936304,43.25503064936304
5080,t,43.25503064936304,43.25503064936304
5081,c,43.25503064936304,43.25503064936304
5082,t,43.25503064936304,43.25503064936304
5083,c,43.25503064936304,43.25503064936304
5084,t,43.25503064936304,43.25503064936304
5085,t,43.25503064936304,43.25503064936304
5086,c,20.52878081486374,22.002508098751314
5087,c,43.25503064936304,43.25503064936304
5088,t,43.25503064936304,43.25503064936304
5089,c,43.25503064936304,43.25503064936304
5090,c,43.25503064936304,43.25503064936304
5091,c,43.25503064936304,43.25503064936304
5092,c,43.25503064936304,43.25503064936304
5093,c,43.25503064936304,43.25503064936304
5094,c,43.25503064936304,43.25503064936304
5095,c,43.25503064936304,43.25503064936304
5096,c,43.25503064936304,43.25503064936304
5097,c,43.25503064936304,43.25503064936304
5098,c,43.25503064936304,43.25503064936304
5099,c,43.25503064936304,43.25503064936304
5100,c,8.858225871557531,10.913685242373205
5101,c,43.25503064936304,43.25503064936304
5102,t,43.25503064936304,43.25503064936304
5103,c,43.25503064936304,43.25503064936304
5104,c,43.25503064936304,43.25503064936304
5105,c,43.25503064936304,43.25503064936304
5106,c,43.25503064936304,43.25503064936304
5107,t,43.25503064936304,43.25503064936304
5108,c,43.25503064936304,43.25503064936304
5109,c,43.25503064936304,43.25503064936304
5110,t,43.25503064936304,43.25503064936304
5111,c,43.25503064936304,43.25503064936304
5112,c,43.25503064936304,43.25503064936304
5113,c,43.25503064936304,43.25503064936304
5114,t,43.25503064936304,43.25503064936304
5115,c,43.25503064936304,43.25503064936304
5116,c,43.25503064936304,43.25503064936304
5117,c,43.25503064936304,43.25503064936304
5118,c,43.25503064936304,43.25503064936304
5119,c,43.25503064936304,43.25503064936304
5120,c,43.25503064936304,43.25503064936304
5121,c,43.25503064936304,43.25503064936304
5122,c,43.25503064936304,43.25503064936304
5123,t,43.25503064936304,43.25503064936304
5124,c,43.25503064936304,43.25503064936304
5125,c,43.25503064936304,43.25503064936304
5126,c,43.25503064936304,43.25503064936304
5127,c,43.25503064936304,43.25503064936304
5128,t,43.25503064936304,43.25503064936304
5129,c,43.25503064936304,43.25503064936304
5130,t,43.25503064936304,43.25503064936304
5131,c,43.25503064936304,43.25503064936304
5132,t,43.25503064936304,43.25503064936304
5133,c,43.25503064936304,43.25503064936304
5134,c,43.25503064936304,43.25503064936304
5135,t,43.25503064936304,43.25503064936304
5136,c,43.25503064936304,43.25503064936304
5137,c,43.25503064936304,43.25503064936304
5138,c,43.25503064936304,43.25503064936304
5139,c,43.25503064936304,43.25503064936304
5140,c,2.483763942725156,8.283842210233628
5141,t,43.25503064936304,43.25503064936304
5142,c,43.25503064936304,43.25503064936304
5143,t,43.25503064936304,43.25503064936304
5144,c,43.25503064936304,43.25503064936304
5145,c,43.25503064936304,43.25503064936304
5146,t,43.25503064936304,43.25503064936304
5147,c,43.25503064936304,43.25503064936304
5148,c,43.25503064936304,43.25503064936304
5149,c,43.25503064936304,43.25503064936304
5150,t,43.25503064936304,43.25503064936304
5151,c,43.25503064936304,43.25503064936304
5152,c,43.25503064936304,43.25503064936304
5153,c,43.25503064936304,43.25503064936304
5154,c,43.25503064936304,43.25503064936304
5155,c,43.25503064936304,43.25503064936304
5156,c,43.25503064936304,43.25503064936304
5157,c,43.25503064936304,43.25503064936304
5158,t,43.25503064936304,43.25503064936304
5159,c,43.25503064936304,43.25503064936304
5160,t,43.25503064936304,43.25503064936304
5161,c,43.25503064936304,43.25503064936304
5162,c,43.25503064936304,43.25503064936304
5163,c,43.25503064936304,43.25503064936304
5164,c,43.25503064936304,43.25503064936304
5165,c,43.25503064936304,43.25503064936304
5166,c,43.25503064936304,43.25503064936304
5167,c,43.25503064936304,43.25503064936304
5168,c,43.25503064936304,43.25503064936304
5169,c,43.25503064936304,43.25503064936304
5170,t,43.25503064936304,43.25503064936304
5171,c,43.25503064936304,43.25503064936304
5172,c,43.25503064936304,43.25503064936304
5173,t,43.25503064936304,43.25503064936304
5174,c,43.25503064936304,43.25503064936304
5175,c,43.25503064936304,43.25503064936304
5176,t,43.25503064936304,43.25503064936304
5177,c,43.25503064936304,43.25503064936304
5178,c,43.25503064936304,43.25503064936304
5179,c,43.25503064936304,43.25503064936304
5180,c,43.25503064936304,43.25503064936304
5181,c,43.25503064936304,43.25503064936304
5182,c,43.25503064936304,43.25503064936304
5183,c,43.25503064936304,43.25503064936304
5184,c,43.25503064936304,43.25503064936304
5185,c,43.25503064936304,43.25503064936304
5186,c,43.25503064936304,43.25503064936304
5187,c,43.25503064936304,43.25503064936304
5188,c,43.25503064936304,43.25503064936304
5189,c,43.25503064936304,43.25503064936304
5190,c,43.25503064936304,43.25503064936304
5191,t,43.25503064936304,43.25503064936304
5192,t,43.25503064936304,43.25503064936304
5193,c,43.25503064936304,43.25503064936304
5194,t,43.25503064936304,43.25503064936304
5195,t,43.25503064936304,43.25503064936304
5196,c,43.25503064936304,43.25503064936304
5197,c,10.195743819633563,21.363767668987624
5198,c,43.25503064936304,43.25503064936304
5199,c,43.25503064936304,43.25503064936304
5200,c,43.25503064936304,43.25503064936304
5201,c,43.25503064936304,43.25503064936304
5202,c,43.25503064936304,43.25503064936304
5203,c,43.25503064936304,43.25503064936304
5204,t,43.25503064936304,43.25503064936304
5205,c,43.25503064936304,43.25503064936304
5206,c,43.25503064936304,43.25503064936304
5207,t,43.25503064936304,43.25503064936304
5208,c,43.25503064936304,43.25503064936304
5209,c,43.25503064936304,43.25503064936304
5210,c,43.25503064936304,43.25503064936304
5211,c,43.25503064936304,43.25503064936304
5212,c,43.25503064936304,43.25503064936304
5213,c,43.25503064936304,43.25503064936304
5214,c,43.25503064936304,43.25503064936304
5215,c,43.25503064936304,43.25503064936304
5216,c,43.25503064936304,43.25503064936304
5217,c,43.25503064936304,43.25503064936304
5218,c,43.25503064936304,43.25503064936304
5219,c,43.25503064936304,43.25503064936304
5220,c,43.25503064936304,43.25503064936304
5221,c,43.25503064936304,43.25503064936304
5222,c,12.597841917904178,16.842817789691487
5223,c,43.25503064936304,43.25503064936304
5224,c,43.25503064936304,43.25503064936304
5225,c,43.25503064936304,43.25503064936304
5226,c,43.25503064936304,43.25503064936304
5227,c,43.25503064936304,43.25503064936304
5228,t,43.25503064936304,43.25503064936304
5229,c,43.25503064936304,43.25503064936304
5230,c,43.25503064936304,43.25503064936304
5231,c,43.25503064936304,43.25503064936304
5232,c,43.25503064936304,43.25503064936304
5233,c,43.25503064936304,43.25503064936304
5234,c,43.25503064936304,43.25503064936304
5235,c,43.25503064936304,43.25503064936304
5236,t,43.25503064936304,43.25503064936304
5237,t,43.25503064936304,43.25503064936304
5238,c,43.25503064936304,43.25503064936304
5239,c,43.25503064936304,43.25503064936304
5240,c,43.25503064936304,43.25503064936304
5241,t,43.25503064936304,43.25503064936304
5242,c,43.25503064936304,43.25503064936304
5243,c,43.25503064936304,43.25503064936304
5244,c,43.25503064936304,43.25503064936304
5245,c,43.25503064936304,43.25503064936304
5246,c,43.25503064936304,43.25503064936304
5247,c,43.25503064936304,43.25503064936304
5248,c,43.25503064936304,43.25503064936304
5249,c,43.25503064936304,43.25503064936304
5250,c,43.25503064936304,43.25503064936304
5251,t,43.25503064936304,43.25503064936304
5252,c,43.25503064936304,43.25503064936304
5253,c,43.25503064936304,43.25503064936304
5254,c,43.25503064936304,43.25503064936304
5255,t,43.25503064936304,43.25503064936304
5256,t,43.25503064936304,43.25503064936304
5257,c,43.25503064936304,43.25503064936304
5258,t,43.25503064936304,43.25503064936304
5259,c,43.25503064936304,43.25503064936304
5260,t,43.25503064936304,43.25503064936304
5261,c,43.25503064936304,43.25503064936304
5262,c,43.25503064936304,43.25503064936304
5263,c,43.25503064936304,43.25503064936304
5264,t,43.25503064936304,43.25503064936304
5265,c,43.25503064936304,43.25503064936304
5266,c,43.25503064936304,43.25503064936304
5267,c,43.25503064936304,43.25503064936304
5268,c,43.25503064936304,43.25503064936304
5269,c,43.25503064936304,43.25503064936304
5270,c,43.25503064936304,43.25503064936304
5271,c,43.25503064936304,43.25503064936304
5272,c,43.25503064936304,43.25503064936304
5273,c,43.25503064936304,43.25503064936304
5274,c,43.25503064936304,43.25503064936304
5275,c,43.25503064936304,43.25503064936304
5276,c,43.25503064936304,43.25503064936304
5277,c,43.25503064936304,43.25503064936304
5278,c,43.25503064936304,43.25503064936304
5279,t,43.25503064936304,43.25503064936304
5280,c,43.25503064936304,43.25503064936304
5281,c,43.25503064936304,43.25503064936304
5282,t,43.25503064936304,43.25503064936304
5283,c,43.25503064936304,43.25503064936304
5284,c,43.25503064936304,43.25503064936304
5285,c,43.25503064936304,43.25503064936304
5286,c,43.25503064936304,43.25503064936304
5287,t,43.25503064936304,43.25503064936304
5288,c,43.25503064936304,43.25503064936304
5289,t,43.25503064936304,43.25503064936304
5290,t,43.25503064936304,43.25503064936304
5291,c,43.25503064936304,43.25503064936304
5292,c,43.25503064936304,43.25503064936304
5293,c,43.25503064936304,43.25503064936304
5294,na,-1,0
5295,c,43.25503064936304,43.25503064936304
5296,c,43.25503064936304,43.25503064936304
5297,c,43.25503064936304,43.25503064936304
5298,c,43.25503064936304,43.25503064936304
5299,c,43.25503064936304,43.25503064936304
5300,c,43.25503064936304,43.25503064936304
5301,c,15.912869778885185,18.290544357945993
5302,c,43.25503064936304,43.25503064936304
5303,c,43.25503064936304,43.25503064936304
5304,c,43.25503064936304,43.25503064936304
5305,c,43.25503064936304,43.25503064936304
5306,c,43.25503064936304,43.25503064936304
5307,c,43.25503064936304,43.25503064936304
5308,c,43.25503064936304,43.25503064936304
5309,c,43.25503064936304,43.25503064936304
5310,c,43.25503064936304,43.25503064936304
5311,c,43.25503064936304,43.25503064936304
5312,c,43.25503064936304,43.25503064936304
5313,c,43.25503064936304,43.25503064936304
5314,c,43.25503064936304,43.25503064936304
5315,t,43.25503064936304,43.25503064936304
5316,t,43.25503064936304,43.25503064936304
5317,t,43.25503064936304,43.25503064936304
5318,c,43.25503064936304,43.25503064936304
5319,t,43.25503064936304,43.25503064936304
5320,c,43.25503064936304,43.25503064936304
5321,na,0,7.685391104605847
5322,c,43.25503064936304,43.25503064936304
5323,c,43.25503064936304,43.25503064936304
5324,c,43.25503064936304,43.25503064936304
5325,c,6.229383227005506,7.783115446370822
5326,c,43.25503064936304,43.25503064936304
5327,t,43.25503064936304,43.25503064936304
5328,c,43.25503064936304,43.25503064936304
5329,c,43.25503064936304,43.25503064936304
5330,c,43.25503064936304,43.25503064936304
5331,c,43.25503064936304,43.25503064936304
5332,t,43.25503064936304,43.25503064936304
5333,c,43.25503064936304,43.25503064936304
5334,c,43.25503064936304,43.25503064936304
5335,t,43.25503064936304,43.25503064936304
5336,c,43.25503064936304,43.25503064936304
5337,t,43.25503064936304,43.25503064936304
5338,t,43.25503064936304,43.25503064936304
5339,c,43.25503064936304,43.25503064936304
5340,c,43.25503064936304,43.25503064936304
5341,c,43.25503064936304,43.25503064936304
5342,c,43.25503064936304,43.25503064936304
5343,c,43.25503064936304,43.25503064936304
5344,c,43.25503064936304,43.25503064936304
5345,c,43.25503064936304,43.25503064936304
5346,c,43.25503064936304,43.25503064936304
5347,c,43.25503064936304,43.25503064936304
5348,t,43.25503064936304,43.25503064936304
5349,t,43.25503064936304,43.25503064936304
5350,t,43.25503064936304,43.25503064936304
5351,c,43.25503064936304,43.25503064936304
5352,c,43.25503064936304,43.25503064936304
5353,c,43.25503064936304,43.25503064936304
5354,c,43.25503064936304,43.25503064936304
5355,c,43.25503064936304,43.25503064936304
5356,c,43.25503064936304,43.25503064936304
5357,c,43.25503064936304,43.25503064936304
5358,c,43.25503064936304,43.25503064936304
5359,c,43.25503064936304,43.25503064936304
5360,c,43.25503064936304,43.25503064936304
5361,c,43.25503064936304,43.25503064936304
5362,c,43.25503064936304,43.25503064936304
5363,c,43.25503064936304,43.25503064936304
5364,c,43.25503064936304,43.25503064936304
5365,c,43.25503064936304,43.25503064936304
5366,c,43.25503064936304,43.25503064936304
5367,c,43.25503064936304,43.25503064936304
5368,t,43.25503064936304,43.25503064936304
5369,c,43.25503064936304,43.25503064936304
5370,c,43.25503064936304,43.25503064936304
5371,c,43.25503064936304,43.25503064936304
5372,c,43.25503064936304,43.25503064936304
5373,c,43.25503064936304,43.25503064936304
5374,c,43.25503064936304,43.25503064936304
5375,c,43.25503064936304,43.25503064936304
5376,t,43.25503064936304,43.25503064936304
5377,c,43.25503064936304,43.25503064936304
5378,c,43.25503064936304,43.25503064936304
5379,t,43.25503064936304,43.25503064936304
5380,c,43.25503064936304,43.25503064936304
5381,c,43.25503064936304,43.25503064936304
5382,t,43.25503064936304,43.25503064936304
5383,c,43.25503064936304,43.25503064936304
5384,c,43.25503064936304,43.25503064936304
5385,c,43.25503064936304,43.25503064936304
5386,c,43.25503064936304,43.25503064936304
5387,c,43.25503064936304,43.25503064936304
5388,c,43.25503064936304,43.25503064936304
5389,c,43.25503064936304,43.25503064936304
5390,c,43.25503064936304,43.25503064936304
5391,c,43.25503064936304,43.25503064936304
5392,c,43.25503064936304,43.25503064936304
5393,c,43.25503064936304,43.25503064936304
5394,t,43.25503064936304,43.25503064936304
5395,t,43.25503064936304,43.25503064936304
5396,t,43.25503064936304,43.25503064936304
5397,c,43.25503064936304,43.25503064936304
5398,c,43.25503064936304,43.25503064936304
5399,t,43.25503064936304,43.25503064936304
5400,t,43.25503064936304,43.25503064936304
5401,c,43.25503064936304,43.25503064936304
5402,c,43.25503064936304,43.25503064936304
5403,t,43.25503064936304,43.25503064936304
5404,c,43.25503064936304,43.25503064936304
5405,c,43.25503064936304,43.25503064936304
5406,c,43.25503064936304,43.25503064936304
5407,t,43.25503064936304,43.25503064936304
5408,t,43.25503064936304,43.25503064936304
5409,c,43.25503064936304,43.25503064936304
5410,c,43.25503064936304,43.25503064936304
5411,c,43.25503064936304,43.25503064936304
5412,t,43.25503064936304,43.25503064936304
5413,c,43.25503064936304,43.25503064936304
5414,c,43.25503064936304,43.25503064936304
5415,t,43.25503064936304,43.25503064936304
5416,c,43.25503064936304,43.25503064936304
5417,t,43.25503064936304,43.25503064936304
5418,t,43.25503064936304,43.25503064936304
5419,c,43.25503064936304,43.25503064936304
5420,c,43.25503064936304,43.25503064936304
5421,c,43.25503064936304,43.25503064936304
5422,c,9.782511783287033,10.456052203345685
5423,c,43.25503064936304,43.25503064936304
5424,c,43.25503064936304,43.25503064936304
5425,c,43.25503064936304,43.25503064936304
5426,c,43.25503064936304,43.25503064936304
5427,c,43.25503064936304,43.25503064936304
5428,c,43.25503064936304,43.25503064936304
5429,t,43.25503064936304,43.25503064936304
5430,c,43.25503064936304,43.25503064936304
5431,c,43.25503064936304,43.25503064936304
5432,c,43.25503064936304,43.25503064936304
5433,c,43.25503064936304,43.25503064936304
5434,c,43.25503064936304,43.25503064936304
5435,t,43.25503064936304,43.25503064936304
5436,c,43.25503064936304,43.25503064936304
5437,c,43.25503064936304,43.25503064936304
5438,c,43.25503064936304,43.25503064936304
5439,c,43.25503064936304,43.25503064936304
5440,c,43.25503064936304,43.25503064936304
5441,c,43.25503064936304,43.25503064936304
5442,c,43.25503064936304,43.25503064936304
5443,c,43.25503064936304,43.25503064936304
5444,c,43.25503064936304,43.25503064936304
5445,t,43.25503064936304,43.25503064936304
5446,c,43.25503064936304,43.25503064936304
5447,c,43.25503064936304,43.25503064936304
5448,c,43.25503064936304,43.25503064936304
5449,c,43.25503064936304,43.25503064936304
5450,t,43.25503064936304,43.25503064936304
5451,c,43.25503064936304,43.25503064936304
5452,c,43.25503064936304,43.25503064936304
5453,na,0,0.5251567278879403
5454,c,43.25503064936304,43.25503064936304
5455,t,43.25503064936304,43.25503064936304
5456,c,43.25503064936304,43.25503064936304
5457,c,43.25503064936304,43.25503064936304
5458,c,43.25503064936304,43.25503064936304
5459,c,43.25503064936304,43.25503064936304
5460,t,43.25503064936304,43.25503064936304
5461,t,43.25503064936304,43.25503064936304
5462,c,43.25503064936304,43.25503064936304
5463,c,6.714520146505709,7.600190627903131
5464,c,43.25503064936304,43.25503064936304
5465,c,43.25503064936304,43.25503064936304
5466,c,43.25503064936304,43.25503064936304
5467,c,43.25503064936304,43.25503064936304
5468,t,43.25503064936304,43.25503064936304
5469,t,43.25503064936304,43.25503064936304
5470,c,43.25503064936304,43.25503064936304
5471,c,43.25503064936304,43.25503064936304
5472,c,43.25503064936304,43.25503064936304
5473,c,43.25503064936304,43.25503064936304
5474,c,43.25503064936304,43.25503064936304
5475,c,43.25503064936304,43.25503064936304
5476,t,43.25503064936304,43.25503064936304
5477,c,43.25503064936304,43.25503064936304
5478,t,43.25503064936304,43.25503064936304
5479,c,43.25503064936304,43.25503064936304
5480,c,43.25503064936304,43.25503064936304
5481,c,43.25503064936304,43.25503064936304
5482,c,43.25503064936304,43.25503064936304
5483,c,43.25503064936304,43.25503064936304
5484,t,43.25503064936304,43.25503064936304
5485,c,43.25503064936304,43.25503064936304
5486,c,43.25503064936304,43.25503064936304
5487,c,43.25503064936304,43.25503064936304
5488,c,43.25503064936304,43.25503064936304
5489,c,43.25503064936304,43.25503064936304
5490,c,43.25503064936304,43.25503064936304
5491,c,43.25503064936304,43.25503064936304
5492,c,43.25503064936304,43.25503064936304
5493,c,30.462259371689786,43.25503064936304
5494,c,43.25503064936304,43.25503064936304
5495,c,43.25503064936304,43.25503064936304
5496,c,43.25503064936304,43.25503064936304
5497,c,43.25503064936304,43.25503064936304
5498,c,43.25503064936304,43.25503064936304
5499,c,43.25503064936304,43.25503064936304
5500,c,43.25503064936304,43.25503064936304
5501,t,43.25503064936304,43.25503064936304
5502,c,43.25503064936304,43.25503064936304
5503,t,43.25503064936304,43.25503064936304
5504,t,43.25503064936304,43.25503064936304
5505,c,43.25503064936304,43.25503064936304
5506,c,43.25503064936304,43.25503064936304
5507,c,43.25503064936304,43.25503064936304
5508,c,43.25503064936304,43.25503064936304
5509,c,43.25503064936304,43.25503064936304
5510,c,43.25503064936304,43.25503064936304
5511,c,43.25503064936304,43.25503064936304
5512,c,11.068960712006199,13.856168919182062
5513,c,43.25503064936304,43.25503064936304
5514,c,43.25503064936304,43.25503064936304
5515,c,43.25503064936304,43.25503064936304
5516,na,5.128167474455707,7.4110135807445
5517,t,43.25503064936304,43.25503064936304
5518,c,43.25503064936304,43.25503064936304
5519,c,43.25503064936304,43.25503064936304
5520,c,43.25503064936304,43.25503064936304
5521,c,43.25503064936304,43.25503064936304
5522,t,43.25503064936304,43.25503064936304
5523,t,43.25503064936304,43.25503064936304
5524,c,43.25503064936304,43.25503064936304
5525,c,43.25503064936304,43.25503064936304
5526,c,43.25503064936304,43.25503064936304
5527,t,43.25503064936304,43.25503064936304
5528,c,43.25503064936304,43.25503064936304
5529,c,43.25503064936304,43.25503064936304
5530,c,43.25503064936304,43.25503064936304
5531,c,43.25503064936304,43.25503064936304
5532,c,43.25503064936304,43.25503064936304
5533,c,43.25503064936304,43.25503064936304
5534,c,43.25503064936304,43.25503064936304
5535,t,43.25503064936304,43.25503064936304
5536,c,43.25503064936304,43.25503064936304
5537,c,43.25503064936304,43.25503064936304
5538,t,43.25503064936304,43.25503064936304
5539,t,43.25503064936304,43.25503064936304
5540,c,43.25503064936304,43.25503064936304
5541,c,43.25503064936304,43.25503064936304
5542,t,43.25503064936304,43.25503064936304
5543,t,43.25503064936304,43.25503064936304
5544,c,43.25503064936304,43.25503064936304
5545,c,43.25503064936304,43.25503064936304
5546,t,43.25503064936304,43.25503064936304
5547,c,43.25503064936304,43.25503064936304
5548,c,43.25503064936304,43.25503064936304
5549,c,43.25503064936304,43.25503064936304
5550,na,3.517176384057519,7.467904059299783
5551,c,43.25503064936304,43.25503064936304
5552,c,43.25503064936304,43.25503064936304
5553,c,18.244515482046246,20.304344232172287
5554,c,43.25503064936304,43.25503064936304
5555,c,43.25503064936304,43.25503064936304
5556,c,43.25503064936304,43.25503064936304
5557,c,43.25503064936304,43.25503064936304
5558,t,43.25503064936304,43.25503064936304
5559,c,43.25503064936304,43.25503064936304
5560,t,43.25503064936304,43.25503064936304
5561,t,43.25503064936304,43.25503064936304
5562,t,43.25503064936304,43.25503064936304
5563,c,43.25503064936304,43.25503064936304
5564,c,43.25503064936304,43.25503064936304
5565,t,43.25503064936304,43.25503064936304
5566,t,43.25503064936304,43.25503064936304
5567,c,43.25503064936304,43.25503064936304
5568,c,43.25503064936304,43.25503064936304
5569,c,43.25503064936304,43.25503064936304
5570,c,43.25503064936304,43.25503064936304
5571,c,43.25503064936304,43.25503064936304
5572,c,43.25503064936304,43.25503064936304
5573,c,43.25503064936304,43.25503064936304
5574,c,43.25503064936304,43.25503064936304
5575,c,43.25503064936304,43.25503064936304
5576,c,43.25503064936304,43.25503064936304
5577,c,43.25503064936304,43.25503064936304
5578,t,43.25503064936304,43.25503064936304
5579,c,43.25503064936304,43.25503064936304
5580,t,43.25503064936304,43.25503064936304
5581,c,43.25503064936304,43.25503064936304
5582,c,43.25503064936304,43.25503064936304
5583,t,43.25503064936304,43.25503064936304
5584,t,43.25503064936304,43.25503064936304
5585,c,43.25503064936304,43.25503064936304
5586,c,43.25503064936304,43.25503064936304
5587,t,43.25503064936304,43.25503064936304
5588,c,43.25503064936304,43.25503064936304
5589,c,43.25503064936304,43.25503064936304
5590,c,43.25503064936304,43.25503064936304
5591,c,43.25503064936304,43.25503064936304
5592,c,43.25503064936304,43.25503064936304
5593,c,43.25503064936304,43.25503064936304
5594,c,43.25503064936304,43.25503064936304
5595,c,43.25503064936304,43.25503064936304
5596,t,43.25503064936304,43.25503064936304
5597,t,43.25503064936304,43.25503064936304
5598,c,43.25503064936304,43.25503064936304
5599,c,43.25503064936304,43.25503064936304
5600,t,43.25503064936304,43.25503064936304
5601,c,43.25503064936304,43.25503064936304
5602,c,43.25503064936304,43.25503064936304
5603,c,43.25503064936304,43.25503064936304
5604,t,43.25503064936304,43.25503064936304
5605,c,43.25503064936304,43.25503064936304
5606,c,43.25503064936304,43.25503064936304
5607,c,43.25503064936304,43.25503064936304
5608,t,43.25503064936304,43.25503064936304
5609,t,43.25503064936304,43.25503064936304
5610,c,43.25503064936304,43.25503064936304
5611,c,43.25503064936304,43.25503064936304
5612,c,43.25503064936304,43.25503064936304
5613,c,43.25503064936304,43.25503064936304
5614,c,43.25503064936304,43.25503064936304
5615,t,43.25503064936304,43.25503064936304
5616,c,43.25503064936304,43.25503064936304
5617,c,43.25503064936304,43.25503064936304
5618,c,43.25503064936304,43.25503064936304
5619,c,43.25503064936304,43.25503064936304
5620,t,43.25503064936304,43.25503064936304
5621,t,43.25503064936304,43.25503064936304
5622,c,43.25503064936304,43.25503064936304
5623,t,43.25503064936304,43.25503064936304
5624,c,43.25503064936304,43.25503064936304
5625,c,43.25503064936304,43.25503064936304
5626,c,43.25503064936304,43.25503064936304
5627,t,43.25503064936304,43.25503064936304
5628,t,43.25503064936304,43.25503064936304
5629,t,43.25503064936304,43.25503064936304
5630,t,43.25503064936304,43.25503064936304
5631,c,43.25503064936304,43.25503064936304
5632,c,43.25503064936304,43.25503064936304
5633,t,43.25503064936304,43.25503064936304
5634,t,43.25503064936304,43.25503064936304
5635,c,43.25503064936304,43.25503064936304
5636,c,43.25503064936304,43.25503064936304
5637,c,43.25503064936304,43.25503064936304
5638,t,43.25503064936304,43.25503064936304
5639,c,43.25503064936304,43.25503064936304
5640,c,43.25503064936304,43.25503064936304
5641,c,43.25503064936304,43.25503064936304
5642,c,43.25503064936304,43.25503064936304
5643,c,43.25503064936304,43.25503064936304
5644,c,43.25503064936304,43.25503064936304
5645,c,43.25503064936304,43.25503064936304
5646,c,43.25503064936304,43.25503064936304
5647,c,43.25503064936304,43.25503064936304
5648,c,43.25503064936304,43.25503064936304
5649,c,43.25503064936304,43.25503064936304
5650,c,43.25503064936304,43.25503064936304
5651,c,43.25503064936304,43.25503064936304
5652,c,43.25503064936304,43.25503064936304
5653,t,43.25503064936304,43.25503064936304
5654,c,43.25503064936304,43.25503064936304
5655,c,43.25503064936304,43.25503064936304
5656,c,43.25503064936304,43.25503064936304
5657,c,43.25503064936304,43.25503064936304
5658,c,43.25503064936304,43.25503064936304
5659,c,43.25503064936304,43.25503064936304
5660,c,43.25503064936304,43.25503064936304
5661,c,43.25503064936304,43.25503064936304
5662,c,43.25503064936304,43.25503064936304
5663,c,43.25503064936304,43.25503064936304
5664,c,43.25503064936304,43.25503064936304
5665,c,43.25503064936304,43.25503064936304
5666,c,43.25503064936304,43.25503064936304
5667,t,43.25503064936304,43.25503064936304
5668,t,43.25503064936304,43.25503064936304
5669,t,43.25503064936304,43.25503064936304
5670,c,43.25503064936304,43.25503064936304
5671,c,43.25503064936304,43.25503064936304
5672,c,43.25503064936304,43.25503064936304
5673,c,43.25503064936304,43.25503064936304
5674,c,43.25503064936304,43.25503064936304
5675,c,43.25503064936304,43.25503064936304
5676,c,43.25503064936304,43.25503064936304
5677,c,43.25503064936304,43.25503064936304
5678,t,43.25503064936304,43.25503064936304
5679,c,43.25503064936304,43.25503064936304
5680,c,43.25503064936304,43.25503064936304
5681,c,43.25503064936304,43.25503064936304
5682,c,43.25503064936304,43.25503064936304
5683,c,43.25503064936304,43.25503064936304
5684,c,43.25503064936304,43.25503064936304
5685,c,43.25503064936304,43.25503064936304
5686,c,43.25503064936304,43.25503064936304
5687,c,43.25503064936304,43.25503064936304
5688,c,43.25503064936304,43.25503064936304
5689,c,43.25503064936304,43.25503064936304
5690,c,43.25503064936304,43.25503064936304
5691,na,2.6181750286329657,8.841588072231067
5692,c,43.25503064936304,43.25503064936304
5693,c,43.25503064936304,43.25503064936304
5694,t,43.25503064936304,43.25503064936304
5695,c,43.25503064936304,43.25503064936304
5696,c,43.25503064936304,43.25503064936304
5697,c,43.25503064936304,43.25503064936304
5698,c,43.25503064936304,43.25503064936304
5699,c,43.25503064936304,43.25503064936304
5700,c,43.25503064936304,43.25503064936304
5701,c,43.25503064936304,43.25503064936304
5702,t,43.25503064936304,43.25503064936304
5703,c,43.25503064936304,43.25503064936304
5704,c,43.25503064936304,43.25503064936304
5705,c,43.25503064936304,43.25503064936304
5706,t,43.25503064936304,43.25503064936304
5707,c,43.25503064936304,43.25503064936304
5708,c,43.25503064936304,43.25503064936304
5709,c,43.25503064936304,43.25503064936304
5710,c,43.25503064936304,43.25503064936304
5711,t,43.25503064936304,43.25503064936304
5712,c,43.25503064936304,43.25503064936304
5713,c,43.25503064936304,43.25503064936304
5714,c,43.25503064936304,43.25503064936304
5715,c,43.25503064936304,43.25503064936304
5716,c,43.25503064936304,43.25503064936304
5717,c,43.25503064936304,43.25503064936304
5718,c,43.25503064936304,43.25503064936304
5719,c,43.25503064936304,43.25503064936304
5720,c,17.19814246185122,17.82998297851164
5721,c,43.25503064936304,43.25503064936304
5722,c,43.25503064936304,43.25503064936304
5723,c,43.25503064936304,43.25503064936304
5724,c,43.25503064936304,43.25503064936304
5725,c,43.25503064936304,43.25503064936304
5726,t,43.25503064936304,43.25503064936304
5727,c,43.25503064936304,43.25503064936304
5728,t,43.25503064936304,43.25503064936304
5729,t,43.25503064936304,43.25503064936304
5730,t,43.25503064936304,43.25503064936304
5731,c,43.25503064936304,43.25503064936304
5732,c,43.25503064936304,43.25503064936304
5733,c,43.25503064936304,43.25503064936304
5734,c,43.25503064936304,43.25503064936304
5735,c,43.25503064936304,43.25503064936304
5736,c,43.25503064936304,43.25503064936304
5737,c,43.25503064936304,43.25503064936304
5738,c,43.25503064936304,43.25503064936304
5739,c,43.25503064936304,43.25503064936304
5740,t,43.25503064936304,43.25503064936304
5741,t,43.25503064936304,43.25503064936304
5742,c,43.25503064936304,43.25503064936304
5743,t,43.25503064936304,43.25503064936304
5744,c,43.25503064936304,43.25503064936304
5745,c,43.25503064936304,43.25503064936304
5746,c,43.25503064936304,43.25503064936304
5747,c,43.25503064936304,43.25503064936304
5748,c,43.25503064936304,43.25503064936304
5749,c,43.25503064936304,43.25503064936304
5750,c,43.25503064936304,43.25503064936304
5751,na,-1,0
5752,c,43.25503064936304,43.25503064936304
5753,c,43.25503064936304,43.25503064936304
5754,c,43.25503064936304,43.25503064936304
5755,t,43.25503064936304,43.25503064936304
5756,c,43.25503064936304,43.25503064936304
5757,c,43.25503064936304,43.25503064936304
5758,c,43.25503064936304,43.25503064936304
5759,c,43.25503064936304,43.25503064936304
5760,c,43.25503064936304,43.25503064936304
5761,c,43.25503064936304,43.25503064936304
5762,c,43.25503064936304,43.25503064936304
5763,c,43.25503064936304,43.25503064936304
5764,t,43.25503064936304,43.25503064936304
5765,c,43.25503064936304,43.25503064936304
5766,c,43.25503064936304,43.25503064936304
5767,t,43.25503064936304,43.25503064936304
5768,c,43.25503064936304,43.25503064936304
5769,t,43.25503064936304,43.25503064936304
5770,c,43.25503064936304,43.25503064936304
5771,c,43.25503064936304,43.25503064936304
5772,c,13.598002122404987,20.104160173054286
5773,c,43.25503064936304,43.25503064936304
5774,c,43.25503064936304,43.25503064936304
5775,c,43.25503064936304,43.25503064936304
5776,c,43.25503064936304,43.25503064936304
5777,t,43.25503064936304,43.25503064936304
5778,c,43.25503064936304,43.25503064936304
5779,c,43.25503064936304,43.25503064936304
5780,t,43.25503064936304,43.25503064936304
5781,c,43.25503064936304,43.25503064936304
5782,t,43.25503064936304,43.25503064936304
5783,c,43.25503064936304,43.25503064936304
5784,c,43.25503064936304,43.25503064936304
5785,c,43.25503064936304,43.25503064936304
5786,c,43.25503064936304,43.25503064936304
5787,c,43.25503064936304,43.25503064936304
5788,c,43.25503064936304,43.25503064936304
5789,c,43.25503064936304,43.25503064936304
5790,c,43.25503064936304,43.25503064936304
5791,c,43.25503064936304,43.25503064936304
5792,c,43.25503064936304,43.25503064936304
5793,c,43.25503064936304,43.25503064936304
5794,c,43.25503064936304,43.25503064936304
5795,c,43.25503064936304,43.25503064936304
5796,t,43.25503064936304,43.25503064936304
5797,c,43.25503064936304,43.25503064936304
5798,c,43.25503064936304,43.25503064936304
5799,c,43.25503064936304,43.25503064936304
5800,t,43.25503064936304,43.25503064936304
5801,c,43.25503064936304,43.25503064936304
5802,c,43.25503064936304,43.25503064936304
5803,c,43.25503064936304,43.25503064936304
5804,t,43.25503064936304,43.25503064936304
5805,c,43.25503064936304,43.25503064936304
5806,c,43.25503064936304,43.25503064936304
5807,c,43.25503064936304,43.25503064936304
5808,t,43.25503064936304,43.25503064936304
5809,t,43.25503064936304,43.25503064936304
5810,c,43.25503064936304,43.25503064936304
5811,c,43.25503064936304,43.25503064936304
5812,c,43.25503064936304,43.25503064936304
5813,t,43.25503064936304,43.25503064936304
5814,c,43.25503064936304,43.25503064936304
5815,t,43.25503064936304,43.25503064936304
5816,t,43.25503064936304,43.25503064936304
5817,t,43.25503064936304,43.25503064936304
5818,c,43.25503064936304,43.25503064936304
5819,t,43.25503064936304,43.25503064936304
5820,c,43.25503064936304,43.25503064936304
5821,c,43.25503064936304,43.25503064936304
5822,c,43.25503064936304,43.25503064936304
5823,t,43.25503064936304,43.25503064936304
5824,c,43.25503064936304,43.25503064936304
5825,c,43.25503064936304,43.25503064936304
5826,t,43.25503064936304,43.25503064936304
5827,c,43.25503064936304,43.25503064936304
5828,t,43.25503064936304,43.25503064936304
5829,t,43.25503064936304,43.25503064936304
5830,t,43.25503064936304,43.25503064936304
5831,c,43.25503064936304,43.25503064936304
5832,t,43.25503064936304,43.25503064936304
5833,t,43.25503064936304,43.25503064936304
5834,c,43.25503064936304,43.25503064936304
5835,t,43.25503064936304,43.25503064936304
5836,t,43.25503064936304,43.25503064936304
5837,t,43.25503064936304,43.25503064936304
5838,c,43.25503064936304,43.25503064936304
5839,t,43.25503064936304,43.25503064936304
5840,t,43.25503064936304,43.25503064936304
5841,c,43.25503064936304,43.25503064936304
5842,c,43.25503064936304,43.25503064936304
5843,c,43.25503064936304,43.25503064936304
5844,t,43.25503064936304,43.25503064936304
5845,c,43.25503064936304,43.25503064936304
5846,c,43.25503064936304,43.25503064936304
5847,c,43.25503064936304,43.25503064936304
5848,c,43.25503064936304,43.25503064936304
5849,c,43.25503064936304,43.25503064936304
5850,t,43.25503064936304,43.25503064936304
5851,c,43.25503064936304,43.25503064936304
5852,c,43.25503064936304,43.25503064936304
5853,c,43.25503064936304,43.25503064936304
5854,t,43.25503064936304,43.25503064936304
5855,c,43.25503064936304,43.25503064936304
5856,t,43.25503064936304,43.25503064936304
5857,c,43.25503064936304,43.25503064936304
5858,c,43.25503064936304,43.25503064936304
5859,c,43.25503064936304,43.25503064936304
5860,c,43.25503064936304,43.25503064936304
5861,c,43.25503064936304,43.25503064936304
5862,c,43.25503064936304,43.25503064936304
5863,t,43.25503064936304,43.25503064936304
5864,t,43.25503064936304,43.25503064936304
5865,c,43.25503064936304,43.25503064936304
5866,c,43.25503064936304,43.25503064936304
5867,c,43.25503064936304,43.25503064936304
5868,c,43.25503064936304,43.25503064936304
5869,c,43.25503064936304,43.25503064936304
5870,t,43.25503064936304,43.25503064936304
5871,c,43.25503064936304,43.25503064936304
5872,c,43.25503064936304,43.25503064936304
5873,c,43.25503064936304,43.25503064936304
5874,t,43.25503064936304,43.25503064936304
5875,t,43.25503064936304,43.25503064936304
5876,c,43.25503064936304,43.25503064936304
5877,c,43.25503064936304,43.25503064936304
5878,t,43.25503064936304,43.25503064936304
5879,c,43.25503064936304,43.25503064936304
5880,c,43.25503064936304,43.25503064936304
5881,c,43.25503064936304,43.25503064936304
5882,c,43.25503064936304,43.25503064936304
5883,c,43.25503064936304,43.25503064936304
5884,c,43.25503064936304,43.25503064936304
5885,c,43.25503064936304,43.25503064936304
5886,c,43.25503064936304,43.25503064936304
5887,c,43.25503064936304,43.25503064936304
5888,t,43.25503064936304,43.25503064936304
5889,t,43.25503064936304,43.25503064936304
5890,c,43.25503064936304,43.25503064936304
5891,c,43.25503064936304,43.25503064936304
5892,t,43.25503064936304,43.25503064936304
5893,c,10.112726425380233,12.278184642456303
5894,c,43.25503064936304,43.25503064936304
5895,c,43.25503064936304,43.25503064936304
5896,c,43.25503064936304,43.25503064936304
5897,c,43.25503064936304,43.25503064936304
5898,c,43.25503064936304,43.25503064936304
5899,c,43.25503064936304,43.25503064936304
5900,c,43.25503064936304,43.25503064936304
5901,c,43.25503064936304,43.25503064936304
5902,c,43.25503064936304,43.25503064936304
5903,c,43.25503064936304,43.25503064936304
5904,t,43.25503064936304,43.25503064936304
5905,c,43.25503064936304,43.25503064936304
5906,t,43.25503064936304,43.25503064936304
5907,t,43.25503064936304,43.25503064936304
5908,c,43.25503064936304,43.25503064936304
5909,c,43.25503064936304,43.25503064936304
5910,c,43.25503064936304,43.25503064936304
5911,c,43.25503064936304,43.25503064936304
5912,c,43.25503064936304,43.25503064936304
5913,t,43.25503064936304,43.25503064936304
5914,c,43.25503064936304,43.25503064936304
5915,c,43.25503064936304,43.25503064936304
5916,c,43.25503064936304,43.25503064936304
5917,c,43.25503064936304,43.25503064936304
5918,c,43.25503064936304,43.25503064936304
5919,c,43.25503064936304,43.25503064936304
5920,c,43.25503064936304,43.25503064936304
5921,c,43.25503064936304,43.25503064936304
5922,c,43.25503064936304,43.25503064936304
5923,t,43.25503064936304,43.25503064936304
5924,c,43.25503064936304,43.25503064936304
5925,c,43.25503064936304,43.25503064936304
5926,c,43.25503064936304,43.25503064936304
5927,t,43.25503064936304,43.25503064936304
5928,c,43.25503064936304,43.25503064936304
5929,c,43.25503064936304,43.25503064936304
5930,c,43.25503064936304,43.25503064936304
5931,t,43.25503064936304,43.25503064936304
5932,t,43.25503064936304,43.25503064936304
5933,t,43.25503064936304,43.25503064936304
5934,c,43.25503064936304,43.25503064936304
5935,c,43.25503064936304,43.25503064936304
5936,c,43.25503064936304,43.25503064936304
5937,c,43.25503064936304,43.25503064936304
5938,c,43.25503064936304,43.25503064936304
5939,c,43.25503064936304,43.25503064936304
5940,c,43.25503064936304,43.25503064936304
5941,t,43.25503064936304,43.25503064936304
5942,c,43.25503064936304,43.25503064936304
5943,c,43.25503064936304,43.25503064936304
5944,c,43.25503064936304,43.25503064936304
5945,t,43.25503064936304,43.25503064936304
5946,c,43.25503064936304,43.25503064936304
5947,c,43.25503064936304,43.25503064936304
5948,c,43.25503064936304,43.25503064936304
5949,c,43.25503064936304,43.25503064936304
5950,c,43.25503064936304,43.25503064936304
5951,t,43.25503064936304,43.25503064936304
5952,c,43.25503064936304,43.25503064936304
5953,c,43.25503064936304,43.25503064936304
5954,c,43.25503064936304,43.25503064936304
5955,c,43.25503064936304,43.25503064936304
5956,c,43.25503064936304,43.25503064936304
5957,t,43.25503064936304,43.25503064936304
5958,c,43.25503064936304,43.25503064936304
5959,c,43.25503064936304,43.25503064936304
5960,c,43.25503064936304,43.25503064936304
5961,c,43.25503064936304,43.25503064936304
5962,c,43.25503064936304,43.25503064936304
5963,c,43.25503064936304,43.25503064936304
5964,c,43.25503064936304,43.25503064936304
5965,c,43.25503064936304,43.25503064936304
5966,t,43.25503064936304,43.25503064936304
5967,t,43.25503064936304,43.25503064936304
5968,c,43.25503064936304,43.25503064936304
5969,c,43.25503064936304,43.25503064936304
5970,c,43.25503064936304,43.25503064936304
5971,c,43.25503064936304,43.25503064936304
5972,c,43.25503064936304,43.25503064936304
5973,t,43.25503064936304,43.25503064936304
5974,c,43.25503064936304,43.25503064936304
5975,c,43.25503064936304,43.25503064936304
5976,c,43.25503064936304,43.25503064936304
5977,c,43.25503064936304,43.25503064936304
5978,c,43.25503064936304,43.25503064936304
5979,c,43.25503064936304,43.25503064936304
5980,t,43.25503064936304,43.25503064936304
5981,c,43.25503064936304,43.25503064936304
5982,c,43.25503064936304,43.25503064936304
5983,t,43.25503064936304,43.25503064936304
5984,c,43.25503064936304,43.25503064936304
5985,t,43.25503064936304,43.25503064936304
5986,c,43.25503064936304,43.25503064936304
5987,c,43.25503064936304,43.25503064936304
5988,c,43.25503064936304,43.25503064936304
5989,c,43.25503064936304,43.25503064936304
5990,c,43.25503064936304,43.25503064936304
5991,c,43.25503064936304,43.25503064936304
5992,c,29.780253825321505,30.513385981809574
5993,c,43.25503064936304,43.25503064936304
5994,c,43.25503064936304,43.25503064936304
5995,c,43.25503064936304,43.25503064936304
5996,c,43.25503064936304,43.25503064936304
5997,c,43.25503064936304,43.25503064936304
5998,na,2.305596011348549,3.8204519744742234
5999,t,43.25503064936304,43.25503064936304
6000,c,43.25503064936304,43.25503064936304
6001,c,43.25503064936304,43.25503064936304
6002,c,43.25503064936304,43.25503064936304
6003,t,43.25503064936304,43.25503064936304
6004,t,43.25503064936304,43.25503064936304
6005,t,43.25503064936304,43.25503064936304
6006,c,43.25503064936304,43.25503064936304
6007,c,43.25503064936304,43.25503064936304
6008,c,43.25503064936304,43.25503064936304
6009,c,43.25503064936304,43.25503064936304
6010,t,43.25503064936304,43.25503064936304
6011,c,43.25503064936304,43.25503064936304
6012,t,43.25503064936304,43.25503064936304
6013,t,43.25503064936304,43.25503064936304
6014,c,43.25503064936304,43.25503064936304
6015,c,43.25503064936304,43.25503064936304
6016,c,43.25503064936304,43.25503064936304
6017,c,43.25503064936304,43.25503064936304
6018,c,43.25503064936304,43.25503064936304
6019,c,43.25503064936304,43.25503064936304
6020,c,43.25503064936304,43.25503064936304
6021,c,43.25503064936304,43.25503064936304
6022,c,43.25503064936304,43.25503064936304
6023,c,43.25503064936304,43.25503064936304
6024,c,43.25503064936304,43.25503064936304
6025,c,43.25503064936304,43.25503064936304
6026,c,43.25503064936304,43.25503064936304
6027,c,43.25503064936304,43.25503064936304
6028,c,43.25503064936304,43.25503064936304
6029,c,43.25503064936304,43.25503064936304
6030,c,43.25503064936304,43.25503064936304
6031,t,43.25503064936304,43.25503064936304
6032,c,43.25503064936304,43.25503064936304
6033,t,43.25503064936304,43.25503064936304
6034,t,43.25503064936304,43.25503064936304
6035,c,43.25503064936304,43.25503064936304
6036,t,43.25503064936304,43.25503064936304
6037,c,43.25503064936304,43.25503064936304
6038,t,43.25503064936304,43.25503064936304
6039,c,43.25503064936304,43.25503064936304
6040,c,43.25503064936304,43.25503064936304
6041,c,43.25503064936304,43.25503064936304
6042,c,43.25503064936304,43.25503064936304
6043,c,7.126084981877059,9.933657327344799
6044,c,43.25503064936304,43.25503064936304
6045,c,43.25503064936304,43.25503064936304
6046,c,43.25503064936304,43.25503064936304
6047,c,43.25503064936304,43.25503064936304
6048,c,43.25503064936304,43.25503064936304
6049,c,43.25503064936304,43.25503064936304
6050,c,43.25503064936304,43.25503064936304
6051,c,43.25503064936304,43.25503064936304
6052,t,43.25503064936304,43.25503064936304
6053,c,43.25503064936304,43.25503064936304
6054,c,24.493006317147984,24.805773285696578
6055,c,43.25503064936304,43.25503064936304
6056,t,43.25503064936304,43.25503064936304
6057,c,43.25503064936304,43.25503064936304
6058,c,43.25503064936304,43.25503064936304
6059,t,43.25503064936304,43.25503064936304
6060,c,17.910261284806033,21.922268801305773
6061,c,43.25503064936304,43.25503064936304
6062,c,43.25503064936304,43.25503064936304
6063,t,43.25503064936304,43.25503064936304
6064,c,43.25503064936304,43.25503064936304
6065,t,43.25503064936304,43.25503064936304
6066,c,43.25503064936304,43.25503064936304
6067,c,43.25503064936304,43.25503064936304
6068,t,43.25503064936304,43.25503064936304
6069,c,43.25503064936304,43.25503064936304
6070,t,43.25503064936304,43.25503064936304
6071,c,43.25503064936304,43.25503064936304
6072,t,43.25503064936304,43.25503064936304
6073,c,43.25503064936304,43.25503064936304
6074,c,43.25503064936304,43.25503064936304
6075,c,43.25503064936304,43.25503064936304
6076,t,43.25503064936304,43.25503064936304
6077,c,43.25503064936304,43.25503064936304
6078,c,43.25503064936304,43.25503064936304
6079,c,43.25503064936304,43.25503064936304
6080,c,43.25503064936304,43.25503064936304
6081,c,43.25503064936304,43.25503064936304
6082,c,43.25503064936304,43.25503064936304
6083,t,43.25503064936304,43.25503064936304
6084,t,43.25503064936304,43.25503064936304
6085,t,43.25503064936304,43.25503064936304
6086,c,43.25503064936304,43.25503064936304
6087,c,43.25503064936304,43.25503064936304
6088,c,43.25503064936304,43.25503064936304
6089,c,43.25503064936304,43.25503064936304
6090,c,43.25503064936304,43.25503064936304
6091,c,43.25503064936304,43.25503064936304
6092,c,43.25503064936304,43.25503064936304
6093,c,43.25503064936304,43.25503064936304
6094,c,43.25503064936304,43.25503064936304
6095,c,43.25503064936304,43.25503064936304
6096,c,43.25503064936304,43.25503064936304
6097,c,43.25503064936304,43.25503064936304
6098,c,43.25503064936304,43.25503064936304
6099,t,43.25503064936304,43.25503064936304
6100,c,43.25503064936304,43.25503064936304
6101,c,43.25503064936304,43.25503064936304
6102,c,43.25503064936304,43.25503064936304
6103,c,43.25503064936304,43.25503064936304
6104,c,43.25503064936304,43.25503064936304
6105,c,43.25503064936304,43.25503064936304
6106,c,43.25503064936304,43.25503064936304
6107,c,43.25503064936304,43.25503064936304
6108,c,43.25503064936304,43.25503064936304
6109,c,43.25503064936304,43.25503064936304
6110,c,43.25503064936304,43.25503064936304
6111,c,43.25503064936304,43.25503064936304
6112,c,43.25503064936304,43.25503064936304
6113,c,43.25503064936304,43.25503064936304
6114,c,43.25503064936304,43.25503064936304
6115,c,43.25503064936304,43.25503064936304
6116,c,43.25503064936304,43.25503064936304
6117,c,43.25503064936304,43.25503064936304
6118,t,43.25503064936304,43.25503064936304
6119,c,43.25503064936304,43.25503064936304
6120,c,43.25503064936304,43.25503064936304
6121,c,43.25503064936304,43.25503064936304
6122,c,43.25503064936304,43.25503064936304
6123,c,43.25503064936304,43.25503064936304
6124,c,43.25503064936304,43.25503064936304
6125,c,43.25503064936304,43.25503064936304
6126,c,43.25503064936304,43.25503064936304
6127,c,43.25503064936304,43.25503064936304
6128,t,43.25503064936304,43.25503064936304
6129,c,43.25503064936304,43.25503064936304
6130,c,43.25503064936304,43.25503064936304
6131,c,43.25503064936304,43.25503064936304
6132,t,43.25503064936304,43.25503064936304
6133,c,43.25503064936304,43.25503064936304
6134,c,43.25503064936304,43.25503064936304
6135,c,43.25503064936304,43.25503064936304
6136,t,43.25503064936304,43.25503064936304
6137,c,43.25503064936304,43.25503064936304
6138,c,43.25503064936304,43.25503064936304
6139,c,43.25503064936304,43.25503064936304
6140,t,43.25503064936304,43.25503064936304
6141,c,43.25503064936304,43.25503064936304
6142,t,43.25503064936304,43.25503064936304
6143,c,43.25503064936304,43.25503064936304
6144,c,43.25503064936304,43.25503064936304
6145,c,43.25503064936304,43.25503064936304
6146,c,43.25503064936304,43.25503064936304
6147,c,43.25503064936304,43.25503064936304
6148,c,43.25503064936304,43.25503064936304
6149,c,43.25503064936304,43.25503064936304
6150,c,43.25503064936304,43.25503064936304
6151,c,43.25503064936304,43.25503064936304
6152,t,43.25503064936304,43.25503064936304
6153,c,43.25503064936304,43.25503064936304
6154,t,43.25503064936304,43.25503064936304
6155,c,43.25503064936304,43.25503064936304
6156,c,43.25503064936304,43.25503064936304
6157,c,43.25503064936304,43.25503064936304
6158,c,43.25503064936304,43.25503064936304
6159,c,43.25503064936304,43.25503064936304
6160,c,43.25503064936304,43.25503064936304
6161,t,43.25503064936304,43.25503064936304
6162,c,43.25503064936304,43.25503064936304
6163,c,43.25503064936304,43.25503064936304
6164,c,43.25503064936304,43.25503064936304
6165,c,43.25503064936304,43.25503064936304
6166,c,43.25503064936304,43.25503064936304
6167,c,43.25503064936304,43.25503064936304
6168,t,43.25503064936304,43.25503064936304
6169,t,43.25503064936304,43.25503064936304
6170,c,43.25503064936304,43.25503064936304
6171,t,43.25503064936304,43.25503064936304
6172,c,43.25503064936304,43.25503064936304
6173,c,43.25503064936304,43.25503064936304
6174,c,43.25503064936304,43.25503064936304
6175,c,43.25503064936304,43.25503064936304
6176,t,43.25503064936304,43.25503064936304
6177,t,43.25503064936304,43.25503064936304
6178,t,43.25503064936304,43.25503064936304
6179,c,43.25503064936304,43.25503064936304
6180,c,43.25503064936304,43.25503064936304
6181,c,43.25503064936304,43.25503064936304
6182,c,43.25503064936304,43.25503064936304
6183,c,43.25503064936304,43.25503064936304
6184,t,43.25503064936304,43.25503064936304
6185,c,43.25503064936304,43.25503064936304
6186,c,43.25503064936304,43.25503064936304
6187,c,43.25503064936304,43.25503064936304
6188,c,43.25503064936304,43.25503064936304
6189,t,43.25503064936304,43.25503064936304
6190,c,43.25503064936304,43.25503064936304
6191,c,43.25503064936304,43.25503064936304
6192,c,43.25503064936304,43.25503064936304
6193,c,43.25503064936304,43.25503064936304
6194,c,43.25503064936304,43.25503064936304
6195,c,43.25503064936304,43.25503064936304
6196,c,43.25503064936304,43.25503064936304
6197,c,43.25503064936304,43.25503064936304
6198,c,43.25503064936304,43.25503064936304
6199,t,43.25503064936304,43.25503064936304
6200,c,43.25503064936304,43.25503064936304
6201,c,43.25503064936304,43.25503064936304
6202,c,43.25503064936304,43.25503064936304
6203,c,43.25503064936304,43.25503064936304
6204,c,43.25503064936304,43.25503064936304
6205,c,43.25503064936304,43.25503064936304
6206,c,43.25503064936304,43.25503064936304
6207,c,43.25503064936304,43.25503064936304
6208,c,43.25503064936304,43.25503064936304
6209,t,43.25503064936304,43.25503064936304
6210,c,43.25503064936304,43.25503064936304
6211,t,43.25503064936304,43.25503064936304
6212,c,43.25503064936304,43.25503064936304
6213,c,43.25503064936304,43.25503064936304
6214,c,43.25503064936304,43.25503064936304
6215,c,43.25503064936304,43.25503064936304
6216,c,43.25503064936304,43.25503064936304
6217,c,43.25503064936304,43.25503064936304
6218,c,43.25503064936304,43.25503064936304
6219,c,43.25503064936304,43.25503064936304
6220,c,43.25503064936304,43.25503064936304
6221,c,43.25503064936304,43.25503064936304
6222,c,43.25503064936304,43.25503064936304
6223,c,43.25503064936304,43.25503064936304
6224,c,43.25503064936304,43.25503064936304
6225,c,43.25503064936304,43.25503064936304
6226,c,43.25503064936304,43.25503064936304
6227,c,43.25503064936304,43.25503064936304
6228,t,43.25503064936304,43.25503064936304
6229,c,43.25503064936304,43.25503064936304
6230,t,43.25503064936304,43.25503064936304
6231,c,43.25503064936304,43.25503064936304
6232,c,43.25503064936304,43.25503064936304
6233,t,43.25503064936304,43.25503064936304
6234,c,9.884547709853688,13.536576744288169
6235,t,43.25503064936304,43.25503064936304
6236,c,43.25503064936304,43.25503064936304
6237,c,43.25503064936304,43.25503064936304
6238,c,43.25503064936304,43.25503064936304
6239,c,43.25503064936304,43.25503064936304
6240,c,4.454736265041412,9.724809528330091
6241,c,43.25503064936304,43.25503064936304
6242,c,43.25503064936304,43.25503064936304
6243,c,43.25503064936304,43.25503064936304
6244,c,43.25503064936304,43.25503064936304
6245,c,43.25503064936304,43.25503064936304
6246,c,43.25503064936304,43.25503064936304
6247,t,43.25503064936304,43.25503064936304
6248,c,43.25503064936304,43.25503064936304
6249,t,43.25503064936304,43.25503064936304
6250,c,43.25503064936304,43.25503064936304
6251,c,43.25503064936304,43.25503064936304
6252,c,43.25503064936304,43.25503064936304
6253,c,43.25503064936304,43.25503064936304
6254,t,43.25503064936304,43.25503064936304
6255,t,43.25503064936304,43.25503064936304
6256,c,43.25503064936304,43.25503064936304
6257,c,43.25503064936304,43.25503064936304
6258,c,43.25503064936304,43.25503064936304
6259,c,43.25503064936304,43.25503064936304
6260,c,43.25503064936304,43.25503064936304
6261,t,43.25503064936304,43.25503064936304
6262,c,43.25503064936304,43.25503064936304
6263,c,43.25503064936304,43.25503064936304
6264,c,43.25503064936304,43.25503064936304
6265,c,43.25503064936304,43.25503064936304
6266,t,43.25503064936304,43.25503064936304
6267,t,43.25503064936304,43.25503064936304
6268,c,43.25503064936304,43.25503064936304
6269,t,43.25503064936304,43.25503064936304
6270,c,43.25503064936304,43.25503064936304
6271,c,43.25503064936304,43.25503064936304
6272,c,43.25503064936304,43.25503064936304
6273,c,43.25503064936304,43.25503064936304
6274,t,43.25503064936304,43.25503064936304
6275,c,43.25503064936304,43.25503064936304
6276,c,43.25503064936304,43.25503064936304
6277,c,43.25503064936304,43.25503064936304
6278,t,43.25503064936304,43.25503064936304
6279,c,43.25503064936304,43.25503064936304
6280,c,43.25503064936304,43.25503064936304
6281,c,43.25503064936304,43.25503064936304
6282,c,43.25503064936304,43.25503064936304
6283,c,43.25503064936304,43.25503064936304
6284,t,43.25503064936304,43.25503064936304
6285,c,43.25503064936304,43.25503064936304
6286,c,43.25503064936304,43.25503064936304
6287,c,43.25503064936304,43.25503064936304
6288,c,43.25503064936304,43.25503064936304
6289,c,43.25503064936304,43.25503064936304
6290,c,43.25503064936304,43.25503064936304
6291,t,43.25503064936304,43.25503064936304
6292,c,43.25503064936304,43.25503064936304
6293,t,43.25503064936304,43.25503064936304
6294,c,43.25503064936304,43.25503064936304
6295,c,43.25503064936304,43.25503064936304
6296,t,43.25503064936304,43.25503064936304
6297,c,43.25503064936304,43.25503064936304
6298,c,43.25503064936304,43.25503064936304
6299,c,43.25503064936304,43.25503064936304
6300,c,43.25503064936304,43.25503064936304
6301,c,43.25503064936304,43.25503064936304
6302,t,43.25503064936304,43.25503064936304
6303,c,43.25503064936304,43.25503064936304
6304,t,43.25503064936304,43.25503064936304
6305,c,43.25503064936304,43.25503064936304
6306,c,43.25503064936304,43.25503064936304
6307,c,43.25503064936304,43.25503064936304
6308,t,43.25503064936304,43.25503064936304
6309,t,43.25503064936304,43.25503064936304
6310,c,43.25503064936304,43.25503064936304
6311,c,43.25503064936304,43.25503064936304
6312,c,43.25503064936304,43.25503064936304
6313,c,43.25503064936304,43.25503064936304
6314,t,43.25503064936304,43.25503064936304
6315,c,43.25503064936304,43.25503064936304
6316,c,43.25503064936304,43.25503064936304
6317,c,43.25503064936304,43.25503064936304
6318,c,43.25503064936304,43.25503064936304
6319,c,43.25503064936304,43.25503064936304
6320,c,43.25503064936304,43.25503064936304
6321,c,43.25503064936304,43.25503064936304
6322,c,43.25503064936304,43.25503064936304
6323,c,43.25503064936304,43.25503064936304
6324,t,43.25503064936304,43.25503064936304
6325,c,43.25503064936304,43.25503064936304
6326,c,43.25503064936304,43.25503064936304
6327,c,43.25503064936304,43.25503064936304
6328,t,43.25503064936304,43.25503064936304
6329,na,7.017239549385652,11.928999662101628
6330,c,5.212758151830305,11.92768228954332
6331,c,43.25503064936304,43.25503064936304
6332,c,43.25503064936304,43.25503064936304
6333,t,43.25503064936304,43.25503064936304
6334,c,43.25503064936304,43.25503064936304
6335,c,43.25503064936304,43.25503064936304
6336,c,43.25503064936304,43.25503064936304
6337,c,43.25503064936304,43.25503064936304
6338,c,43.25503064936304,43.25503064936304
6339,c,43.25503064936304,43.25503064936304
6340,c,43.25503064936304,43.25503064936304
6341,c,43.25503064936304,43.25503064936304
6342,c,43.25503064936304,43.25503064936304
6343,c,43.25503064936304,43.25503064936304
6344,c,43.25503064936304,43.25503064936304
6345,c,43.25503064936304,43.25503064936304
6346,c,43.25503064936304,43.25503064936304
6347,c,43.25503064936304,43.25503064936304
6348,c,43.25503064936304,43.25503064936304
6349,c,43.25503064936304,43.25503064936304
6350,c,43.25503064936304,43.25503064936304
6351,c,43.25503064936304,43.25503064936304
6352,c,43.25503064936304,43.25503064936304
6353,c,43.25503064936304,43.25503064936304
6354,c,43.25503064936304,43.25503064936304
6355,c,43.25503064936304,43.25503064936304
6356,c,43.25503064936304,43.25503064936304
6357,c,43.25503064936304,43.25503064936304
6358,c,43.25503064936304,43.25503064936304
6359,t,43.25503064936304,43.25503064936304
6360,c,43.25503064936304,43.25503064936304
6361,c,43.25503064936304,43.25503064936304
6362,t,43.25503064936304,43.25503064936304
6363,c,43.25503064936304,43.25503064936304
6364,c,43.25503064936304,43.25503064936304
6365,c,43.25503064936304,43.25503064936304
6366,c,43.25503064936304,43.25503064936304
6367,c,43.25503064936304,43.25503064936304
6368,c,43.25503064936304,43.25503064936304
6369,c,43.25503064936304,43.25503064936304
6370,t,43.25503064936304,43.25503064936304
6371,c,43.25503064936304,43.25503064936304
6372,c,43.25503064936304,43.25503064936304
6373,c,43.25503064936304,43.25503064936304
6374,c,43.25503064936304,43.25503064936304
6375,t,43.25503064936304,43.25503064936304
6376,t,43.25503064936304,43.25503064936304
6377,c,43.25503064936304,43.25503064936304
6378,c,43.25503064936304,43.25503064936304
6379,c,43.25503064936304,43.25503064936304
6380,c,43.25503064936304,43.25503064936304
6381,c,43.25503064936304,43.25503064936304
6382,c,43.25503064936304,43.25503064936304
6383,c,43.25503064936304,43.25503064936304
6384,c,43.25503064936304,43.25503064936304
6385,c,43.25503064936304,43.25503064936304
6386,c,9.8266267642918,15.513129607846649
6387,c,43.25503064936304,43.25503064936304
6388,na,-1,0
6389,c,43.25503064936304,43.25503064936304
6390,t,43.25503064936304,43.25503064936304
6391,c,43.25503064936304,43.25503064936304
6392,c,43.25503064936304,43.25503064936304
6393,t,43.25503064936304,43.25503064936304
6394,c,43.25503064936304,43.25503064936304
6395,c,43.25503064936304,43.25503064936304
6396,c,43.25503064936304,43.25503064936304
6397,c,43.25503064936304,43.25503064936304
6398,c,43.25503064936304,43.25503064936304
6399,c,43.25503064936304,43.25503064936304
6400,c,43.25503064936304,43.25503064936304
6401,c,43.25503064936304,43.25503064936304
6402,c,43.25503064936304,43.25503064936304
6403,c,43.25503064936304,43.25503064936304
6404,c,43.25503064936304,43.25503064936304
6405,c,43.25503064936304,43.25503064936304
6406,t,43.25503064936304,43.25503064936304
6407,c,43.25503064936304,43.25503064936304
6408,c,43.25503064936304,43.25503064936304
6409,c,43.25503064936304,43.25503064936304
6410,c,43.25503064936304,43.25503064936304
6411,c,43.25503064936304,43.25503064936304
6412,c,43.25503064936304,43.25503064936304
6413,c,43.25503064936304,43.25503064936304
6414,c,43.25503064936304,43.25503064936304
6415,c,43.25503064936304,43.25503064936304
6416,c,43.25503064936304,43.25503064936304
6417,c,11.216595997585882,13.796317160776011
6418,c,43.25503064936304,43.25503064936304
6419,c,43.25503064936304,43.25503064936304
6420,t,43.25503064936304,43.25503064936304
6421,t,43.25503064936304,43.25503064936304
6422,c,43.25503064936304,43.25503064936304
6423,c,43.25503064936304,43.25503064936304
6424,c,43.25503064936304,43.25503064936304
6425,c,43.25503064936304,43.25503064936304
6426,t,43.25503064936304,43.25503064936304
6427,c,16.35523931092448,18.789402637272968
6428,c,43.25503064936304,43.25503064936304
6429,c,43.25503064936304,43.25503064936304
6430,t,43.25503064936304,43.25503064936304
6431,c,43.25503064936304,43.25503064936304
6432,c,11.601626745721193,15.264094293483426
6433,c,43.25503064936304,43.25503064936304
6434,c,43.25503064936304,43.25503064936304
6435,c,43.25503064936304,43.25503064936304
6436,c,43.25503064936304,43.25503064936304
6437,c,43.25503064936304,43.25503064936304
6438,c,43.25503064936304,43.25503064936304
6439,c,43.25503064936304,43.25503064936304
6440,c,43.25503064936304,43.25503064936304
6441,c,43.25503064936304,43.25503064936304
6442,c,43.25503064936304,43.25503064936304
6443,t,43.25503064936304,43.25503064936304
6444,c,43.25503064936304,43.25503064936304
6445,c,43.25503064936304,43.25503064936304
6446,c,43.25503064936304,43.25503064936304
6447,t,43.25503064936304,43.25503064936304
6448,t,43.25503064936304,43.25503064936304
6449,c,43.25503064936304,43.25503064936304
6450,c,43.25503064936304,43.25503064936304
6451,c,43.25503064936304,43.25503064936304
6452,c,6.609759430539732,14.0164288701326
6453,c,43.25503064936304,43.25503064936304
6454,c,43.25503064936304,43.25503064936304
6455,c,43.25503064936304,43.25503064936304
6456,c,43.25503064936304,43.25503064936304
6457,c,43.25503064936304,43.25503064936304
6458,c,43.25503064936304,43.25503064936304
6459,c,43.25503064936304,43.25503064936304
6460,c,43.25503064936304,43.25503064936304
6461,t,43.25503064936304,43.25503064936304
6462,t,43.25503064936304,43.25503064936304
6463,c,43.25503064936304,43.25503064936304
6464,c,43.25503064936304,43.25503064936304
6465,c,43.25503064936304,43.25503064936304
6466,c,43.25503064936304,43.25503064936304
6467,c,43.25503064936304,43.25503064936304
6468,t,43.25503064936304,43.25503064936304
6469,t,43.25503064936304,43.25503064936304
6470,c,43.25503064936304,43.25503064936304
6471,c,43.25503064936304,43.25503064936304
6472,c,43.25503064936304,43.25503064936304
6473,c,43.25503064936304,43.25503064936304
6474,c,43.25503064936304,43.25503064936304
6475,c,43.25503064936304,43.25503064936304
6476,c,43.25503064936304,43.25503064936304
6477,c,43.25503064936304,43.25503064936304
6478,t,43.25503064936304,43.25503064936304
6479,c,43.25503064936304,43.25503064936304
6480,c,43.25503064936304,43.25503064936304
6481,c,43.25503064936304,43.25503064936304
6482,c,43.25503064936304,43.25503064936304
6483,t,43.25503064936304,43.25503064936304
6484,c,43.25503064936304,43.25503064936304
6485,t,43.25503064936304,43.25503064936304
6486,c,43.25503064936304,43.25503064936304
6487,c,43.25503064936304,43.25503064936304
6488,c,43.25503064936304,43.25503064936304
6489,t,43.25503064936304,43.25503064936304
6490,c,43.25503064936304,43.25503064936304
6491,c,43.25503064936304,43.25503064936304
6492,t,43.25503064936304,43.25503064936304
6493,c,43.25503064936304,43.25503064936304
6494,c,43.25503064936304,43.25503064936304
6495,c,43.25503064936304,43.25503064936304
6496,t,43.25503064936304,43.25503064936304
6497,c,43.25503064936304,43.25503064936304
6498,c,43.25503064936304,43.25503064936304
6499,c,43.25503064936304,43.25503064936304
6500,c,43.25503064936304,43.25503064936304
6501,c,43.25503064936304,43.25503064936304
6502,na,-1,0
6503,c,43.25503064936304,43.25503064936304
6504,c,43.25503064936304,43.25503064936304
6505,t,43.25503064936304,43.25503064936304
6506,c,43.25503064936304,43.25503064936304
6507,c,43.25503064936304,43.25503064936304
6508,c,43.25503064936304,43.25503064936304
6509,na,6.78217026780781,43.25503064936304
6510,c,43.25503064936304,43.25503064936304
6511,c,43.25503064936304,43.25503064936304
6512,c,43.25503064936304,43.25503064936304
6513,t,43.25503064936304,43.25503064936304
6514,c,43.25503064936304,43.25503064936304
6515,c,43.25503064936304,43.25503064936304
6516,c,43.25503064936304,43.25503064936304
6517,c,43.25503064936304,43.25503064936304
6518,c,43.25503064936304,43.25503064936304
6519,c,43.25503064936304,43.25503064936304
6520,c,43.25503064936304,43.25503064936304
6521,c,43.25503064936304,43.25503064936304
6522,c,43.25503064936304,43.25503064936304
6523,c,43.25503064936304,43.25503064936304
6524,c,43.25503064936304,43.25503064936304
6525,c,43.25503064936304,43.25503064936304
6526,c,43.25503064936304,43.25503064936304
6527,c,43.25503064936304,43.25503064936304
6528,t,43.25503064936304,43.25503064936304
6529,c,43.25503064936304,43.25503064936304
6530,c,43.25503064936304,43.25503064936304
6531,c,43.25503064936304,43.25503064936304
6532,c,43.25503064936304,43.25503064936304
6533,c,43.25503064936304,43.25503064936304
6534,c,43.25503064936304,43.25503064936304
6535,t,43.25503064936304,43.25503064936304
6536,c,43.25503064936304,43.25503064936304
6537,c,43.25503064936304,43.25503064936304
6538,c,43.25503064936304,43.25503064936304
6539,c,43.25503064936304,43.25503064936304
6540,t,43.25503064936304,43.25503064936304
6541,c,43.25503064936304,43.25503064936304
6542,c,43.25503064936304,43.25503064936304
6543,c,43.25503064936304,43.25503064936304
6544,c,43.25503064936304,43.25503064936304
6545,c,43.25503064936304,43.25503064936304
6546,c,43.25503064936304,43.25503064936304
6547,c,43.25503064936304,43.25503064936304
6548,c,43.25503064936304,43.25503064936304
6549,c,43.25503064936304,43.25503064936304
6550,c,43.25503064936304,43.25503064936304
6551,c,43.25503064936304,43.25503064936304
6552,c,43.25503064936304,43.25503064936304
6553,c,43.25503064936304,43.25503064936304
6554,c,43.25503064936304,43.25503064936304
6555,c,43.25503064936304,43.25503064936304
6556,c,43.25503064936304,43.25503064936304
6557,t,43.25503064936304,43.25503064936304
6558,c,43.25503064936304,43.25503064936304
6559,c,43.25503064936304,43.25503064936304
6560,c,43.25503064936304,43.25503064936304
6561,c,43.25503064936304,43.25503064936304
6562,c,43.25503064936304,43.25503064936304
6563,c,43.25503064936304,43.25503064936304
6564,c,43.25503064936304,43.25503064936304
6565,c,43.25503064936304,43.25503064936304
6566,c,43.25503064936304,43.25503064936304
6567,c,43.25503064936304,43.25503064936304
6568,na,-1,0
6569,t,43.25503064936304,43.25503064936304
6570,c,12.112278407706553,22.43278693218439
6571,c,43.25503064936304,43.25503064936304
6572,t,43.25503064936304,43.25503064936304
6573,c,43.25503064936304,43.25503064936304
6574,c,43.25503064936304,43.25503064936304
6575,c,43.25503064936304,43.25503064936304
6576,c,4.133249072400153,10.062537184844661
6577,t,43.25503064936304,43.25503064936304
6578,t,43.25503064936304,43.25503064936304
6579,c,43.25503064936304,43.25503064936304
6580,c,43.25503064936304,43.25503064936304
6581,t,43.25503064936304,43.25503064936304
6582,c,43.25503064936304,43.25503064936304
6583,c,43.25503064936304,43.25503064936304
6584,c,43.25503064936304,43.25503064936304
6585,c,43.25503064936304,43.25503064936304
6586,c,43.25503064936304,43.25503064936304
6587,c,43.25503064936304,43.25503064936304
6588,c,43.25503064936304,43.25503064936304
6589,t,43.25503064936304,43.25503064936304
6590,c,43.25503064936304,43.25503064936304
6591,c,43.25503064936304,43.25503064936304
6592,c,43.25503064936304,43.25503064936304
6593,c,43.25503064936304,43.25503064936304
6594,c,43.25503064936304,43.25503064936304
6595,c,43.25503064936304,43.25503064936304
6596,c,43.25503064936304,43.25503064936304
6597,t,43.25503064936304,43.25503064936304
6598,c,43.25503064936304,43.25503064936304
6599,t,43.25503064936304,43.25503064936304
6600,c,43.25503064936304,43.25503064936304
6601,c,43.25503064936304,43.25503064936304
6602,c,43.25503064936304,43.25503064936304
6603,c,43.25503064936304,43.25503064936304
6604,c,43.25503064936304,43.25503064936304
6605,t,43.25503064936304,43.25503064936304
6606,t,43.25503064936304,43.25503064936304
6607,c,14.910178814403286,15.32713840509964
6608,t,43.25503064936304,43.25503064936304
6609,c,43.25503064936304,43.25503064936304
6610,t,43.25503064936304,43.25503064936304
6611,c,43.25503064936304,43.25503064936304
6612,c,43.25503064936304,43.25503064936304
6613,c,43.25503064936304,43.25503064936304
6614,c,43.25503064936304,43.25503064936304
6615,c,43.25503064936304,43.25503064936304
6616,t,43.25503064936304,43.25503064936304
6617,c,43.25503064936304,43.25503064936304
6618,c,43.25503064936304,43.25503064936304
6619,c,43.25503064936304,43.25503064936304
6620,c,43.25503064936304,43.25503064936304
6621,c,43.25503064936304,43.25503064936304
6622,c,43.25503064936304,43.25503064936304
6623,c,43.25503064936304,43.25503064936304
6624,c,43.25503064936304,43.25503064936304
6625,t,43.25503064936304,43.25503064936304
6626,c,43.25503064936304,43.25503064936304
6627,t,43.25503064936304,43.25503064936304
6628,c,43.25503064936304,43.25503064936304
6629,c,43.25503064936304,43.25503064936304
6630,t,43.25503064936304,43.25503064936304
6631,c,43.25503064936304,43.25503064936304
6632,c,43.25503064936304,43.25503064936304
6633,c,43.25503064936304,43.25503064936304
6634,c,43.25503064936304,43.25503064936304
6635,c,43.25503064936304,43.25503064936304
6636,c,43.25503064936304,43.25503064936304
6637,c,43.25503064936304,43.25503064936304
6638,t,43.25503064936304,43.25503064936304
6639,c,43.25503064936304,43.25503064936304
6640,c,43.25503064936304,43.25503064936304
6641,c,43.25503064936304,43.25503064936304
6642,c,43.25503064936304,43.25503064936304
6643,c,43.25503064936304,43.25503064936304
6644,c,43.25503064936304,43.25503064936304
6645,c,43.25503064936304,43.25503064936304
6646,c,43.25503064936304,43.25503064936304
6647,c,43.25503064936304,43.25503064936304
6648,c,43.25503064936304,43.25503064936304
6649,c,43.25503064936304,43.25503064936304
6650,c,43.25503064936304,43.25503064936304
6651,c,43.25503064936304,43.25503064936304
6652,c,43.25503064936304,43.25503064936304
6653,c,43.25503064936304,43.25503064936304
6654,c,43.25503064936304,43.25503064936304
6655,c,43.25503064936304,43.25503064936304
6656,c,43.25503064936304,43.25503064936304
6657,c,43.25503064936304,43.25503064936304
6658,c,43.25503064936304,43.25503064936304
6659,c,43.25503064936304,43.25503064936304
6660,c,43.25503064936304,43.25503064936304
6661,c,43.25503064936304,43.25503064936304
6662,c,43.25503064936304,43.25503064936304
6663,c,43.25503064936304,43.25503064936304
6664,c,43.25503064936304,43.25503064936304
6665,c,43.25503064936304,43.25503064936304
6666,c,43.25503064936304,43.25503064936304
6667,c,43.25503064936304,43.25503064936304
6668,c,43.25503064936304,43.25503064936304
6669,t,43.25503064936304,43.25503064936304
6670,c,43.25503064936304,43.25503064936304
6671,t,43.25503064936304,43.25503064936304
6672,c,43.25503064936304,43.25503064936304
6673,c,43.25503064936304,43.25503064936304
6674,c,43.25503064936304,43.25503064936304
6675,na,0,7.180203163942332
6676,t,43.25503064936304,43.25503064936304
6677,c,43.25503064936304,43.25503064936304
6678,t,43.25503064936304,43.25503064936304
6679,c,43.25503064936304,43.25503064936304
6680,t,43.25503064936304,43.25503064936304
6681,c,43.25503064936304,43.25503064936304
6682,c,43.25503064936304,43.25503064936304
6683,na,0,0.0266556538165343
6684,c,43.25503064936304,43.25503064936304
6685,c,43.25503064936304,43.25503064936304
6686,c,5.291716565916255,5.4913840215710925
6687,c,43.25503064936304,43.25503064936304
6688,t,43.25503064936304,43.25503064936304
6689,c,43.25503064936304,43.25503064936304
6690,c,43.25503064936304,43.25503064936304
6691,c,43.25503064936304,43.25503064936304
6692,t,43.25503064936304,43.25503064936304
6693,c,43.25503064936304,43.25503064936304
6694,c,43.25503064936304,43.25503064936304
6695,c,43.25503064936304,43.25503064936304
6696,t,43.25503064936304,43.25503064936304
6697,c,43.25503064936304,43.25503064936304
6698,c,43.25503064936304,43.25503064936304
6699,t,43.25503064936304,43.25503064936304
6700,c,43.25503064936304,43.25503064936304
6701,c,43.25503064936304,43.25503064936304
6702,c,43.25503064936304,43.25503064936304
6703,c,43.25503064936304,43.25503064936304
6704,c,43.25503064936304,43.25503064936304
6705,c,43.25503064936304,43.25503064936304
6706,c,43.25503064936304,43.25503064936304
6707,c,43.25503064936304,43.25503064936304
6708,c,43.25503064936304,43.25503064936304
6709,c,43.25503064936304,43.25503064936304
6710,t,43.25503064936304,43.25503064936304
6711,c,43.25503064936304,43.25503064936304
6712,c,43.25503064936304,43.25503064936304
6713,c,43.25503064936304,43.25503064936304
6714,c,43.25503064936304,43.25503064936304
6715,c,43.25503064936304,43.25503064936304
6716,c,43.25503064936304,43.25503064936304
6717,t,43.25503064936304,43.25503064936304
6718,c,43.25503064936304,43.25503064936304
6719,c,43.25503064936304,43.25503064936304
6720,c,43.25503064936304,43.25503064936304
6721,c,43.25503064936304,43.25503064936304
6722,c,43.25503064936304,43.25503064936304
6723,t,43.25503064936304,43.25503064936304
6724,c,43.25503064936304,43.25503064936304
6725,c,43.25503064936304,43.25503064936304
6726,c,43.25503064936304,43.25503064936304
6727,c,43.25503064936304,43.25503064936304
6728,t,43.25503064936304,43.25503064936304
6729,t,43.25503064936304,43.25503064936304
6730,c,43.25503064936304,43.25503064936304
6731,c,43.25503064936304,43.25503064936304
6732,c,43.25503064936304,43.25503064936304
6733,c,43.25503064936304,43.25503064936304
6734,t,43.25503064936304,43.25503064936304
6735,t,43.25503064936304,43.25503064936304
6736,c,43.25503064936304,43.25503064936304
6737,c,43.25503064936304,43.25503064936304
6738,t,43.25503064936304,43.25503064936304
6739,c,43.25503064936304,43.25503064936304
6740,c,43.25503064936304,43.25503064936304
6741,t,43.25503064936304,43.25503064936304
6742,c,43.25503064936304,43.25503064936304
6743,c,43.25503064936304,43.25503064936304
6744,t,43.25503064936304,43.25503064936304
6745,c,43.25503064936304,43.25503064936304
6746,t,43.25503064936304,43.25503064936304
6747,c,43.25503064936304,43.25503064936304
6748,t,43.25503064936304,43.25503064936304
6749,c,43.25503064936304,43.25503064936304
6750,c,43.25503064936304,43.25503064936304
6751,t,43.25503064936304,43.25503064936304
6752,c,43.25503064936304,43.25503064936304
6753,c,43.25503064936304,43.25503064936304
6754,c,43.25503064936304,43.25503064936304
6755,c,43.25503064936304,43.25503064936304
6756,c,43.25503064936304,43.25503064936304
6757,c,43.25503064936304,43.25503064936304
6758,c,43.25503064936304,43.25503064936304
6759,c,43.25503064936304,43.25503064936304
6760,c,43.25503064936304,43.25503064936304
6761,c,43.25503064936304,43.25503064936304
6762,c,43.25503064936304,43.25503064936304
6763,c,43.25503064936304,43.25503064936304
6764,c,43.25503064936304,43.25503064936304
6765,c,43.25503064936304,43.25503064936304
6766,c,43.25503064936304,43.25503064936304
6767,c,43.25503064936304,43.25503064936304
6768,c,43.25503064936304,43.25503064936304
6769,t,43.25503064936304,43.25503064936304
6770,c,43.25503064936304,43.25503064936304
6771,c,43.25503064936304,43.25503064936304
6772,c,43.25503064936304,43.25503064936304
6773,c,13.247411825087179,13.811405144976613
6774,c,43.25503064936304,43.25503064936304
6775,c,43.25503064936304,43.25503064936304
6776,t,43.25503064936304,43.25503064936304
6777,c,43.25503064936304,43.25503064936304
6778,c,43.25503064936304,43.25503064936304
6779,t,43.25503064936304,43.25503064936304
6780,c,43.25503064936304,43.25503064936304
6781,c,43.25503064936304,43.25503064936304
6782,t,43.25503064936304,43.25503064936304
6783,c,43.25503064936304,43.25503064936304
6784,c,43.25503064936304,43.25503064936304
6785,c,43.25503064936304,43.25503064936304
6786,c,43.25503064936304,43.25503064936304
6787,c,43.25503064936304,43.25503064936304
6788,c,43.25503064936304,43.25503064936304
6789,c,43.25503064936304,43.25503064936304
6790,c,43.25503064936304,43.25503064936304
6791,c,43.25503064936304,43.25503064936304
6792,c,43.25503064936304,43.25503064936304
6793,t,43.25503064936304,43.25503064936304
6794,na,1.287298432010753,1.5397177069023666
6795,c,43.25503064936304,43.25503064936304
6796,t,43.25503064936304,43.25503064936304
6797,c,43.25503064936304,43.25503064936304
6798,c,43.25503064936304,43.25503064936304
6799,c,43.25503064936304,43.25503064936304
6800,c,43.25503064936304,43.25503064936304
6801,c,43.25503064936304,43.25503064936304
6802,c,43.25503064936304,43.25503064936304
6803,c,43.25503064936304,43.25503064936304
6804,c,43.25503064936304,43.25503064936304
6805,c,43.25503064936304,43.25503064936304
6806,c,43.25503064936304,43.25503064936304
6807,c,43.25503064936304,43.25503064936304
6808,t,43.25503064936304,43.25503064936304
6809,t,43.25503064936304,43.25503064936304
6810,t,43.25503064936304,43.25503064936304
6811,t,43.25503064936304,43.25503064936304
6812,c,43.25503064936304,43.25503064936304
6813,c,43.25503064936304,43.25503064936304
6814,c,43.25503064936304,43.25503064936304
6815,c,43.25503064936304,43.25503064936304
6816,c,43.25503064936304,43.25503064936304
6817,c,43.25503064936304,43.25503064936304
6818,c,43.25503064936304,43.25503064936304
6819,c,43.25503064936304,43.25503064936304
6820,c,43.25503064936304,43.25503064936304
6821,c,43.25503064936304,43.25503064936304
6822,c,43.25503064936304,43.25503064936304
6823,c,43.25503064936304,43.25503064936304
6824,c,43.25503064936304,43.25503064936304
6825,c,43.25503064936304,43.25503064936304
6826,t,43.25503064936304,43.25503064936304
6827,c,43.25503064936304,43.25503064936304
6828,t,43.25503064936304,43.25503064936304
6829,c,43.25503064936304,43.25503064936304
6830,t,43.25503064936304,43.25503064936304
6831,c,43.25503064936304,43.25503064936304
6832,t,43.25503064936304,43.25503064936304
6833,c,43.25503064936304,43.25503064936304
6834,c,43.25503064936304,43.25503064936304
6835,c,43.25503064936304,43.25503064936304
6836,c,43.25503064936304,43.25503064936304
6837,t,43.25503064936304,43.25503064936304
6838,t,43.25503064936304,43.25503064936304
6839,c,43.25503064936304,43.25503064936304
6840,t,43.25503064936304,43.25503064936304
6841,c,43.25503064936304,43.25503064936304
6842,t,43.25503064936304,43.25503064936304
6843,c,43.25503064936304,43.25503064936304
6844,c,43.25503064936304,43.25503064936304
6845,c,43.25503064936304,43.25503064936304
6846,c,43.25503064936304,43.25503064936304
6847,c,43.25503064936304,43.25503064936304
6848,c,43.25503064936304,43.25503064936304
6849,c,43.25503064936304,43.25503064936304
6850,c,43.25503064936304,43.25503064936304
6851,c,43.25503064936304,43.25503064936304
6852,c,43.25503064936304,43.25503064936304
6853,c,43.25503064936304,43.25503064936304
6854,t,43.25503064936304,43.25503064936304
6855,c,43.25503064936304,43.25503064936304
6856,c,43.25503064936304,43.25503064936304
6857,c,43.25503064936304,43.25503064936304
6858,c,43.25503064936304,43.25503064936304
6859,c,43.25503064936304,43.25503064936304
6860,t,43.25503064936304,43.25503064936304
6861,t,43.25503064936304,43.25503064936304
6862,c,43.25503064936304,43.25503064936304
6863,c,43.25503064936304,43.25503064936304
6864,c,43.25503064936304,43.25503064936304
6865,c,43.25503064936304,43.25503064936304
6866,c,43.25503064936304,43.25503064936304
6867,c,43.25503064936304,43.25503064936304
6868,c,43.25503064936304,43.25503064936304
6869,c,43.25503064936304,43.25503064936304
6870,c,43.25503064936304,43.25503064936304
6871,c,43.25503064936304,43.25503064936304
6872,c,43.25503064936304,43.25503064936304
6873,c,43.25503064936304,43.25503064936304
6874,c,43.25503064936304,43.25503064936304
6875,c,43.25503064936304,43.25503064936304
6876,c,43.25503064936304,43.25503064936304
6877,c,43.25503064936304,43.25503064936304
6878,t,43.25503064936304,43.25503064936304
6879,c,43.25503064936304,43.25503064936304
6880,c,43.25503064936304,43.25503064936304
6881,c,43.25503064936304,43.25503064936304
6882,c,43.25503064936304,43.25503064936304
6883,t,43.25503064936304,43.25503064936304
6884,c,43.25503064936304,43.25503064936304
6885,c,43.25503064936304,43.25503064936304
6886,c,43.25503064936304,43.25503064936304
6887,c,43.25503064936304,43.25503064936304
6888,c,43.25503064936304,43.25503064936304
6889,c,43.25503064936304,43.25503064936304
6890,t,43.25503064936304,43.25503064936304
6891,t,43.25503064936304,43.25503064936304
6892,c,43.25503064936304,43.25503064936304
6893,c,43.25503064936304,43.25503064936304
6894,t,43.25503064936304,43.25503064936304
6895,c,43.25503064936304,43.25503064936304
6896,c,43.25503064936304,43.25503064936304
6897,c,43.25503064936304,43.25503064936304
6898,c,43.25503064936304,43.25503064936304
6899,c,43.25503064936304,43.25503064936304
6900,c,43.25503064936304,43.25503064936304
6901,c,43.25503064936304,43.25503064936304
6902,c,43.25503064936304,43.25503064936304
6903,c,43.25503064936304,43.25503064936304
6904,c,43.25503064936304,43.25503064936304
6905,t,43.25503064936304,43.25503064936304
6906,c,43.25503064936304,43.25503064936304
6907,c,43.25503064936304,43.25503064936304
6908,c,43.25503064936304,43.25503064936304
6909,c,43.25503064936304,43.25503064936304
6910,c,43.25503064936304,43.25503064936304
6911,c,43.25503064936304,43.25503064936304
6912,c,43.25503064936304,43.25503064936304
6913,c,43.25503064936304,43.25503064936304
6914,c,43.25503064936304,43.25503064936304
6915,t,43.25503064936304,43.25503064936304
6916,c,43.25503064936304,43.25503064936304
6917,c,43.25503064936304,43.25503064936304
6918,c,43.25503064936304,43.25503064936304
6919,c,43.25503064936304,43.25503064936304
6920,c,43.25503064936304,43.25503064936304
6921,c,43.25503064936304,43.25503064936304
6922,c,43.25503064936304,43.25503064936304
6923,c,43.25503064936304,43.25503064936304
6924,c,43.25503064936304,43.25503064936304
6925,c,43.25503064936304,43.25503064936304
6926,c,43.25503064936304,43.25503064936304
6927,c,43.25503064936304,43.25503064936304
6928,c,43.25503064936304,43.25503064936304
6929,c,43.25503064936304,43.25503064936304
6930,c,43.25503064936304,43.25503064936304
6931,c,43.25503064936304,43.25503064936304
6932,c,43.25503064936304,43.25503064936304
6933,c,43.25503064936304,43.25503064936304
6934,c,43.25503064936304,43.25503064936304
6935,c,43.25503064936304,43.25503064936304
6936,c,43.25503064936304,43.25503064936304
6937,c,43.25503064936304,43.25503064936304
6938,c,43.25503064936304,43.25503064936304
6939,c,43.25503064936304,43.25503064936304
6940,t,43.25503064936304,43.25503064936304
6941,c,43.25503064936304,43.25503064936304
6942,c,43.25503064936304,43.25503064936304
6943,c,43.25503064936304,43.25503064936304
6944,t,43.25503064936304,43.25503064936304
6945,t,43.25503064936304,43.25503064936304
6946,c,43.25503064936304,43.25503064936304
6947,c,43.25503064936304,43.25503064936304
6948,c,43.25503064936304,43.25503064936304
6949,c,43.25503064936304,43.25503064936304
6950,c,43.25503064936304,43.25503064936304
6951,c,43.25503064936304,43.25503064936304
6952,c,43.25503064936304,43.25503064936304
6953,c,43.25503064936304,43.25503064936304
6954,c,43.25503064936304,43.25503064936304
6955,c,43.25503064936304,43.25503064936304
6956,c,43.25503064936304,43.25503064936304
6957,t,43.25503064936304,43.25503064936304
6958,c,43.25503064936304,43.25503064936304
6959,c,43.25503064936304,43.25503064936304
6960,c,43.25503064936304,43.25503064936304
6961,c,43.25503064936304,43.25503064936304
6962,na,-1,0
6963,c,43.25503064936304,43.25503064936304
6964,c,43.25503064936304,43.25503064936304
6965,t,43.25503064936304,43.25503064936304
6966,c,43.25503064936304,43.25503064936304
6967,c,43.25503064936304,43.25503064936304
6968,c,43.25503064936304,43.25503064936304
6969,t,43.25503064936304,43.25503064936304
6970,c,14.134060017782417,14.52553834909521
6971,c,43.25503064936304,43.25503064936304
6972,c,43.25503064936304,43.25503064936304
6973,c,43.25503064936304,43.25503064936304
6974,c,43.25503064936304,43.25503064936304
6975,c,43.25503064936304,43.25503064936304
6976,c,43.25503064936304,43.25503064936304
6977,t,43.25503064936304,43.25503064936304
6978,c,43.25503064936304,43.25503064936304
6979,c,43.25503064936304,43.25503064936304
6980,c,43.25503064936304,43.25503064936304
6981,c,43.25503064936304,43.25503064936304
6982,c,43.25503064936304,43.25503064936304
6983,c,43.25503064936304,43.25503064936304
6984,c,43.25503064936304,43.25503064936304
6985,c,43.25503064936304,43.25503064936304
6986,c,43.25503064936304,43.25503064936304
6987,c,43.25503064936304,43.25503064936304
6988,c,43.25503064936304,43.25503064936304
6989,c,43.25503064936304,43.25503064936304
6990,c,43.25503064936304,43.25503064936304
6991,t,43.25503064936304,43.25503064936304
6992,c,43.25503064936304,43.25503064936304
6993,c,43.25503064936304,43.25503064936304
6994,c,43.25503064936304,43.25503064936304
6995,c,43.25503064936304,43.25503064936304
6996,c,43.25503064936304,43.25503064936304
6997,c,43.25503064936304,43.25503064936304
6998,c,43.25503064936304,43.25503064936304
6999,c,43.25503064936304,43.25503064936304
7000,c,43.25503064936304,43.25503064936304
7001,c,43.25503064936304,43.25503064936304
7002,c,43.25503064936304,43.25503064936304
7003,c,43.25503064936304,43.25503064936304
7004,c,43.25503064936304,43.25503064936304
7005,c,43.25503064936304,43.25503064936304
7006,c,43.25503064936304,43.25503064936304
7007,c,43.25503064936304,43.25503064936304
7008,c,43.25503064936304,43.25503064936304
7009,c,43.25503064936304,43.25503064936304
7010,c,43.25503064936304,43.25503064936304
7011,c,43.25503064936304,43.25503064936304
7012,c,43.25503064936304,43.25503064936304
7013,c,43.25503064936304,43.25503064936304
7014,c,43.25503064936304,43.25503064936304
7015,c,43.25503064936304,43.25503064936304
7016,c,43.25503064936304,43.25503064936304
7017,c,43.25503064936304,43.25503064936304
7018,c,43.25503064936304,43.25503064936304
7019,c,43.25503064936304,43.25503064936304
7020,t,43.25503064936304,43.25503064936304
7021,c,43.25503064936304,43.25503064936304
7022,c,43.25503064936304,43.25503064936304
7023,t,43.25503064936304,43.25503064936304
7024,c,43.25503064936304,43.25503064936304
7025,t,43.25503064936304,43.25503064936304
7026,c,43.25503064936304,43.25503064936304
7027,c,43.25503064936304,43.25503064936304
7028,t,43.25503064936304,43.25503064936304
7029,t,43.25503064936304,43.25503064936304
7030,c,43.25503064936304,43.25503064936304
7031,c,43.25503064936304,43.25503064936304
7032,c,43.25503064936304,43.25503064936304
7033,c,43.25503064936304,43.25503064936304
7034,c,43.25503064936304,43.25503064936304
7035,c,43.25503064936304,43.25503064936304
7036,t,43.25503064936304,43.25503064936304
7037,t,43.25503064936304,43.25503064936304
7038,c,43.25503064936304,43.25503064936304
7039,c,43.25503064936304,43.25503064936304
7040,c,43.25503064936304,43.25503064936304
7041,c,43.25503064936304,43.25503064936304
7042,c,43.25503064936304,43.25503064936304
7043,c,43.25503064936304,43.25503064936304
7044,t,43.25503064936304,43.25503064936304
7045,c,43.25503064936304,43.25503064936304
7046,t,43.25503064936304,43.25503064936304
7047,c,43.25503064936304,43.25503064936304
7048,c,43.25503064936304,43.25503064936304
7049,c,43.25503064936304,43.25503064936304
7050,c,43.25503064936304,43.25503064936304
7051,c,43.25503064936304,43.25503064936304
7052,c,43.25503064936304,43.25503064936304
7053,c,43.25503064936304,43.25503064936304
7054,c,43.25503064936304,43.25503064936304
7055,c,43.25503064936304,43.25503064936304
7056,t,43.25503064936304,43.25503064936304
7057,c,43.25503064936304,43.25503064936304
7058,c,43.25503064936304,43.25503064936304
7059,c,43.25503064936304,43.25503064936304
7060,c,43.25503064936304,43.25503064936304
7061,c,43.25503064936304,43.25503064936304
7062,c,43.25503064936304,43.25503064936304
7063,t,43.25503064936304,43.25503064936304
7064,t,43.25503064936304,43.25503064936304
7065,c,43.25503064936304,43.25503064936304
7066,c,43.25503064936304,43.25503064936304
7067,c,43.25503064936304,43.25503064936304
7068,c,43.25503064936304,43.25503064936304
7069,c,43.25503064936304,43.25503064936304
7070,c,43.25503064936304,43.25503064936304
7071,c,43.25503064936304,43.25503064936304
7072,c,43.25503064936304,43.25503064936304
7073,c,43.25503064936304,43.25503064936304
7074,c,43.25503064936304,43.25503064936304
7075,c,43.25503064936304,43.25503064936304
7076,c,43.25503064936304,43.25503064936304
7077,c,43.25503064936304,43.25503064936304
7078,c,43.25503064936304,43.25503064936304
7079,t,43.25503064936304,43.25503064936304
7080,c,43.25503064936304,43.25503064936304
7081,c,43.25503064936304,43.25503064936304
7082,c,43.25503064936304,43.25503064936304
7083,c,43.25503064936304,43.25503064936304
7084,c,43.25503064936304,43.25503064936304
7085,t,43.25503064936304,43.25503064936304
7086,c,43.25503064936304,43.25503064936304
7087,t,43.25503064936304,43.25503064936304
7088,c,43.25503064936304,43.25503064936304
7089,c,43.25503064936304,43.25503064936304
7090,c,43.25503064936304,43.25503064936304
7091,c,43.25503064936304,43.25503064936304
7092,c,43.25503064936304,43.25503064936304
7093,c,43.25503064936304,43.25503064936304
7094,c,43.25503064936304,43.25503064936304
7095,c,43.25503064936304,43.25503064936304
7096,c,43.25503064936304,43.25503064936304
7097,c,43.25503064936304,43.25503064936304
7098,c,43.25503064936304,43.25503064936304
7099,c,43.25503064936304,43.25503064936304
7100,t,43.25503064936304,43.25503064936304
7101,c,43.25503064936304,43.25503064936304
7102,c,43.25503064936304,43.25503064936304
7103,c,43.25503064936304,43.25503064936304
7104,c,43.25503064936304,43.25503064936304
7105,t,43.25503064936304,43.25503064936304
7106,c,43.25503064936304,43.25503064936304
7107,c,43.25503064936304,43.25503064936304
7108,c,43.25503064936304,43.25503064936304
7109,c,43.25503064936304,43.25503064936304
7110,c,43.25503064936304,43.25503064936304
7111,c,43.25503064936304,43.25503064936304
7112,t,43.25503064936304,43.25503064936304
7113,c,43.25503064936304,43.25503064936304
7114,c,43.25503064936304,43.25503064936304
7115,c,43.25503064936304,43.25503064936304
7116,c,43.25503064936304,43.25503064936304
7117,c,43.25503064936304,43.25503064936304
7118,t,43.25503064936304,43.25503064936304
7119,c,43.25503064936304,43.25503064936304
7120,t,43.25503064936304,43.25503064936304
7121,c,43.25503064936304,43.25503064936304
7122,c,43.25503064936304,43.25503064936304
7123,c,43.25503064936304,43.25503064936304
7124,c,43.25503064936304,43.25503064936304
7125,t,43.25503064936304,43.25503064936304
7126,c,43.25503064936304,43.25503064936304
7127,c,43.25503064936304,43.25503064936304
7128,t,43.25503064936304,43.25503064936304
7129,c,43.25503064936304,43.25503064936304
7130,t,43.25503064936304,43.25503064936304
7131,c,43.25503064936304,43.25503064936304
7132,t,43.25503064936304,43.25503064936304
7133,c,43.25503064936304,43.25503064936304
7134,c,43.25503064936304,43.25503064936304
7135,c,4.606141389940117,8.05477200216948
7136,c,43.25503064936304,43.25503064936304
7137,c,43.25503064936304,43.25503064936304
7138,c,43.25503064936304,43.25503064936304
7139,c,43.25503064936304,43.25503064936304
7140,c,43.25503064936304,43.25503064936304
7141,c,43.25503064936304,43.25503064936304
7142,c,43.25503064936304,43.25503064936304
7143,c,43.25503064936304,43.25503064936304
7144,t,43.25503064936304,43.25503064936304
7145,c,43.25503064936304,43.25503064936304
7146,c,43.25503064936304,43.25503064936304
7147,t,43.25503064936304,43.25503064936304
7148,c,43.25503064936304,43.25503064936304
7149,c,43.25503064936304,43.25503064936304
7150,c,43.25503064936304,43.25503064936304
7151,c,43.25503064936304,43.25503064936304
7152,c,43.25503064936304,43.25503064936304
7153,t,43.25503064936304,43.25503064936304
7154,t,43.25503064936304,43.25503064936304
7155,c,43.25503064936304,43.25503064936304
7156,c,43.25503064936304,43.25503064936304
7157,c,43.25503064936304,43.25503064936304
7158,c,43.25503064936304,43.25503064936304
7159,c,43.25503064936304,43.25503064936304
7160,c,43.25503064936304,43.25503064936304
7161,t,43.25503064936304,43.25503064936304
7162,c,43.25503064936304,43.25503064936304
7163,c,43.25503064936304,43.25503064936304
7164,t,43.25503064936304,43.25503064936304
7165,t,43.25503064936304,43.25503064936304
7166,c,43.25503064936304,43.25503064936304
7167,c,43.25503064936304,43.25503064936304
7168,c,43.25503064936304,43.25503064936304
7169,c,43.25503064936304,43.25503064936304
7170,t,43.25503064936304,43.25503064936304
7171,c,43.25503064936304,43.25503064936304
7172,c,43.25503064936304,43.25503064936304
7173,c,43.25503064936304,43.25503064936304
7174,c,43.25503064936304,43.25503064936304
7175,c,43.25503064936304,43.25503064936304
7176,t,43.25503064936304,43.25503064936304
7177,c,43.25503064936304,43.25503064936304
7178,c,43.25503064936304,43.25503064936304
7179,c,43.25503064936304,43.25503064936304
7180,t,43.25503064936304,43.25503064936304
7181,t,43.25503064936304,43.25503064936304
7182,t,43.25503064936304,43.25503064936304
7183,t,43.25503064936304,43.25503064936304
7184,c,43.25503064936304,43.25503064936304
7185,c,43.25503064936304,43.25503064936304
7186,t,43.25503064936304,43.25503064936304
7187,c,43.25503064936304,43.25503064936304
7188,c,43.25503064936304,43.25503064936304
7189,c,21.653550700793126,22.589490801813163
7190,c,43.25503064936304,43.25503064936304
7191,t,43.25503064936304,43.25503064936304
7192,c,43.25503064936304,43.25503064936304
7193,c,43.25503064936304,43.25503064936304
7194,c,43.25503064936304,43.25503064936304
7195,t,43.25503064936304,43.25503064936304
7196,c,43.25503064936304,43.25503064936304
7197,c,43.25503064936304,43.25503064936304
7198,c,43.25503064936304,43.25503064936304
7199,c,43.25503064936304,43.25503064936304
7200,t,43.25503064936304,43.25503064936304
7201,t,43.25503064936304,43.25503064936304
7202,c,43.25503064936304,43.25503064936304
7203,t,43.25503064936304,43.25503064936304
7204,c,43.25503064936304,43.25503064936304
7205,t,43.25503064936304,43.25503064936304
7206,c,43.25503064936304,43.25503064936304
7207,c,43.25503064936304,43.25503064936304
7208,t,43.25503064936304,43.25503064936304
7209,t,43.25503064936304,43.25503064936304
7210,c,43.25503064936304,43.25503064936304
7211,t,43.25503064936304,43.25503064936304
7212,c,43.25503064936304,43.25503064936304
7213,c,43.25503064936304,43.25503064936304
7214,c,43.25503064936304,43.25503064936304
7215,t,43.25503064936304,43.25503064936304
7216,t,43.25503064936304,43.25503064936304
7217,t,43.25503064936304,43.25503064936304
7218,c,43.25503064936304,43.25503064936304
7219,t,43.25503064936304,43.25503064936304
7220,c,43.25503064936304,43.25503064936304
7221,c,43.25503064936304,43.25503064936304
7222,c,43.25503064936304,43.25503064936304
7223,t,43.25503064936304,43.25503064936304
7224,t,43.25503064936304,43.25503064936304
7225,c,43.25503064936304,43.25503064936304
7226,c,43.25503064936304,43.25503064936304
7227,c,43.25503064936304,43.25503064936304
7228,c,43.25503064936304,43.25503064936304
7229,c,43.25503064936304,43.25503064936304
7230,t,43.25503064936304,43.25503064936304
7231,c,43.25503064936304,43.25503064936304
7232,c,43.25503064936304,43.25503064936304
7233,c,43.25503064936304,43.25503064936304
7234,t,43.25503064936304,43.25503064936304
7235,na,-1,0
7236,t,43.25503064936304,43.25503064936304
7237,c,43.25503064936304,43.25503064936304
7238,c,43.25503064936304,43.25503064936304
7239,t,43.25503064936304,43.25503064936304
7240,c,43.25503064936304,43.25503064936304
7241,c,43.25503064936304,43.25503064936304
7242,c,43.25503064936304,43.25503064936304
7243,c,43.25503064936304,43.25503064936304
7244,c,43.25503064936304,43.25503064936304
7245,c,43.25503064936304,43.25503064936304
7246,c,43.25503064936304,43.25503064936304
7247,t,43.25503064936304,43.25503064936304
7248,c,43.25503064936304,43.25503064936304
7249,c,43.25503064936304,43.25503064936304
7250,c,43.25503064936304,43.25503064936304
7251,c,43.25503064936304,43.25503064936304
7252,c,43.25503064936304,43.25503064936304
7253,c,5.035831680455465,10.6657107701067
7254,c,43.25503064936304,43.25503064936304
7255,c,43.25503064936304,43.25503064936304
7256,t,43.25503064936304,43.25503064936304
7257,c,43.25503064936304,43.25503064936304
7258,c,43.25503064936304,43.25503064936304
7259,t,43.25503064936304,43.25503064936304
7260,c,43.25503064936304,43.25503064936304
7261,c,43.25503064936304,43.25503064936304
7262,t,43.25503064936304,43.25503064936304
7263,c,43.25503064936304,43.25503064936304
7264,c,43.25503064936304,43.25503064936304
7265,c,43.25503064936304,43.25503064936304
7266,c,43.25503064936304,43.25503064936304
7267,c,43.25503064936304,43.25503064936304
7268,na,2.4892450716760286,2.818287248856129
7269,c,43.25503064936304,43.25503064936304
7270,c,43.25503064936304,43.25503064936304
7271,c,43.25503064936304,43.25503064936304
7272,t,43.25503064936304,43.25503064936304
7273,t,43.25503064936304,43.25503064936304
7274,na,5.427391674327198,7.646794600358257
7275,c,43.25503064936304,43.25503064936304
7276,t,43.25503064936304,43.25503064936304
7277,c,43.25503064936304,43.25503064936304
7278,c,43.25503064936304,43.25503064936304
7279,c,43.25503064936304,43.25503064936304
7280,t,43.25503064936304,43.25503064936304
7281,c,43.25503064936304,43.25503064936304
7282,c,43.25503064936304,43.25503064936304
7283,t,43.25503064936304,43.25503064936304
7284,c,43.25503064936304,43.25503064936304
7285,c,43.25503064936304,43.25503064936304
7286,t,43.25503064936304,43.25503064936304
7287,c,43.25503064936304,43.25503064936304
7288,c,43.25503064936304,43.25503064936304
7289,t,43.25503064936304,43.25503064936304
7290,c,43.25503064936304,43.25503064936304
7291,c,43.25503064936304,43.25503064936304
7292,c,43.25503064936304,43.25503064936304
7293,c,43.25503064936304,43.25503064936304
7294,c,43.25503064936304,43.25503064936304
7295,c,43.25503064936304,43.25503064936304
7296,c,43.25503064936304,43.25503064936304
7297,c,43.25503064936304,43.25503064936304
7298,c,43.25503064936304,43.25503064936304
7299,c,43.25503064936304,43.25503064936304
7300,c,43.25503064936304,43.25503064936304
7301,t,43.25503064936304,43.25503064936304
7302,t,43.25503064936304,43.25503064936304
7303,t,43.25503064936304,43.25503064936304
7304,c,43.25503064936304,43.25503064936304
7305,c,43.25503064936304,43.25503064936304
7306,c,43.25503064936304,43.25503064936304
7307,t,43.25503064936304,43.25503064936304
7308,c,43.25503064936304,43.25503064936304
7309,c,43.25503064936304,43.25503064936304
7310,c,43.25503064936304,43.25503064936304
7311,c,43.25503064936304,43.25503064936304
7312,t,43.25503064936304,43.25503064936304
7313,t,43.25503064936304,43.25503064936304
7314,c,43.25503064936304,43.25503064936304
7315,c,43.25503064936304,43.25503064936304
7316,c,43.25503064936304,43.25503064936304
7317,t,43.25503064936304,43.25503064936304
7318,c,43.25503064936304,43.25503064936304
7319,c,43.25503064936304,43.25503064936304
7320,c,43.25503064936304,43.25503064936304
7321,c,43.25503064936304,43.25503064936304
7322,na,2.8224023561173266,43.25503064936304
7323,t,43.25503064936304,43.25503064936304
7324,t,43.25503064936304,43.25503064936304
7325,c,43.25503064936304,43.25503064936304
7326,c,43.25503064936304,43.25503064936304
7327,c,43.25503064936304,43.25503064936304
7328,c,43.25503064936304,43.25503064936304
7329,c,43.25503064936304,43.25503064936304
7330,c,43.25503064936304,43.25503064936304
7331,c,43.25503064936304,43.25503064936304
7332,c,43.25503064936304,43.25503064936304
7333,c,43.25503064936304,43.25503064936304
7334,c,43.25503064936304,43.25503064936304
7335,c,43.25503064936304,43.25503064936304
7336,c,43.25503064936304,43.25503064936304
7337,c,43.25503064936304,43.25503064936304
7338,na,0,1.9985400670949527
7339,c,43.25503064936304,43.25503064936304
7340,c,43.25503064936304,43.25503064936304
7341,c,43.25503064936304,43.25503064936304
7342,t,43.25503064936304,43.25503064936304
7343,c,43.25503064936304,43.25503064936304
7344,t,43.25503064936304,43.25503064936304
7345,c,43.25503064936304,43.25503064936304
7346,c,43.25503064936304,43.25503064936304
7347,c,43.25503064936304,43.25503064936304
7348,c,43.25503064936304,43.25503064936304
7349,c,43.25503064936304,43.25503064936304
7350,c,43.25503064936304,43.25503064936304
7351,c,43.25503064936304,43.25503064936304
7352,c,43.25503064936304,43.25503064936304
7353,c,43.25503064936304,43.25503064936304
7354,c,43.25503064936304,43.25503064936304
7355,t,43.25503064936304,43.25503064936304
7356,c,43.25503064936304,43.25503064936304
7357,c,43.25503064936304,43.25503064936304
7358,c,43.25503064936304,43.25503064936304
7359,c,43.25503064936304,43.25503064936304
7360,c,43.25503064936304,43.25503064936304
7361,c,43.25503064936304,43.25503064936304
7362,c,43.25503064936304,43.25503064936304
7363,c,43.25503064936304,43.25503064936304
7364,c,43.25503064936304,43.25503064936304
7365,c,4.927247442577031,5.8352973978726395
7366,c,43.25503064936304,43.25503064936304
7367,c,43.25503064936304,43.25503064936304
7368,c,43.25503064936304,43.25503064936304
7369,c,43.25503064936304,43.25503064936304
7370,c,43.25503064936304,43.25503064936304
7371,c,43.25503064936304,43.25503064936304
7372,c,43.25503064936304,43.25503064936304
7373,c,43.25503064936304,43.25503064936304
7374,c,43.25503064936304,43.25503064936304
7375,na,9.423546408044599,13.816485072991934
7376,c,43.25503064936304,43.25503064936304
7377,c,43.25503064936304,43.25503064936304
7378,t,43.25503064936304,43.25503064936304
7379,c,43.25503064936304,43.25503064936304
7380,t,43.25503064936304,43.25503064936304
7381,c,43.25503064936304,43.25503064936304
7382,c,43.25503064936304,43.25503064936304
7383,c,43.25503064936304,43.25503064936304
7384,c,43.25503064936304,43.25503064936304
7385,c,43.25503064936304,43.25503064936304
7386,c,43.25503064936304,43.25503064936304
7387,c,43.25503064936304,43.25503064936304
7388,c,43.25503064936304,43.25503064936304
7389,c,43.25503064936304,43.25503064936304
7390,t,43.25503064936304,43.25503064936304
7391,c,43.25503064936304,43.25503064936304
7392,c,43.25503064936304,43.25503064936304
7393,c,43.25503064936304,43.25503064936304
7394,c,43.25503064936304,43.25503064936304
7395,t,43.25503064936304,43.25503064936304
7396,c,43.25503064936304,43.25503064936304
7397,c,43.25503064936304,43.25503064936304
7398,c,43.25503064936304,43.25503064936304
7399,t,43.25503064936304,43.25503064936304
7400,c,43.25503064936304,43.25503064936304
7401,t,43.25503064936304,43.25503064936304
7402,c,43.25503064936304,43.25503064936304
7403,c,43.25503064936304,43.25503064936304
7404,c,43.25503064936304,43.25503064936304
7405,c,43.25503064936304,43.25503064936304
7406,t,43.25503064936304,43.25503064936304
7407,c,43.25503064936304,43.25503064936304
7408,c,43.25503064936304,43.25503064936304
7409,c,43.25503064936304,43.25503064936304
7410,c,43.25503064936304,43.25503064936304
7411,c,43.25503064936304,43.25503064936304
7412,c,43.25503064936304,43.25503064936304
7413,c,43.25503064936304,43.25503064936304
7414,c,43.25503064936304,43.25503064936304
7415,c,43.25503064936304,43.25503064936304
7416,c,43.25503064936304,43.25503064936304
7417,c,43.25503064936304,43.25503064936304
7418,c,43.25503064936304,43.25503064936304
7419,c,43.25503064936304,43.25503064936304
7420,c,43.25503064936304,43.25503064936304
7421,c,43.25503064936304,43.25503064936304
7422,c,43.25503064936304,43.25503064936304
7423,t,43.25503064936304,43.25503064936304
7424,c,43.25503064936304,43.25503064936304
7425,c,43.25503064936304,43.25503064936304
7426,c,15.478755521049031,18.162751121118287
7427,c,43.25503064936304,43.25503064936304
7428,t,43.25503064936304,43.25503064936304
7429,c,43.25503064936304,43.25503064936304
7430,t,43.25503064936304,43.25503064936304
7431,c,43.25503064936304,43.25503064936304
7432,t,43.25503064936304,43.25503064936304
7433,c,43.25503064936304,43.25503064936304
7434,c,43.25503064936304,43.25503064936304
7435,c,43.25503064936304,43.25503064936304
7436,t,43.25503064936304,43.25503064936304
7437,c,43.25503064936304,43.25503064936304
7438,c,43.25503064936304,43.25503064936304
7439,t,43.25503064936304,43.25503064936304
7440,c,43.25503064936304,43.25503064936304
7441,c,43.25503064936304,43.25503064936304
7442,c,43.25503064936304,43.25503064936304
7443,c,9.007416818812782,24.314374886045854
7444,c,43.25503064936304,43.25503064936304
7445,c,43.25503064936304,43.25503064936304
7446,t,43.25503064936304,43.25503064936304
7447,c,43.25503064936304,43.25503064936304
7448,c,43.25503064936304,43.25503064936304
7449,c,43.25503064936304,43.25503064936304
7450,c,43.25503064936304,43.25503064936304
7451,c,43.25503064936304,43.25503064936304
7452,c,43.25503064936304,43.25503064936304
7453,t,43.25503064936304,43.25503064936304
7454,c,43.25503064936304,43.25503064936304
7455,c,43.25503064936304,43.25503064936304
7456,c,43.25503064936304,43.25503064936304
7457,na,0.21964339926333826,0.6325119435428622
7458,c,43.25503064936304,43.25503064936304
7459,c,43.25503064936304,43.25503064936304
7460,c,43.25503064936304,43.25503064936304
7461,c,43.25503064936304,43.25503064936304
7462,t,43.25503064936304,43.25503064936304
7463,t,43.25503064936304,43.25503064936304
7464,c,43.25503064936304,43.25503064936304
7465,c,43.25503064936304,43.25503064936304
7466,t,43.25503064936304,43.25503064936304
7467,c,43.25503064936304,43.25503064936304
7468,c,43.25503064936304,43.25503064936304
7469,c,43.25503064936304,43.25503064936304
7470,c,43.25503064936304,43.25503064936304
7471,c,43.25503064936304,43.25503064936304
7472,c,43.25503064936304,43.25503064936304
7473,c,43.25503064936304,43.25503064936304
7474,c,43.25503064936304,43.25503064936304
7475,c,43.25503064936304,43.25503064936304
7476,t,43.25503064936304,43.25503064936304
7477,c,43.25503064936304,43.25503064936304
7478,c,43.25503064936304,43.25503064936304
7479,c,43.25503064936304,43.25503064936304
7480,c,43.25503064936304,43.25503064936304
7481,c,43.25503064936304,43.25503064936304
7482,c,43.25503064936304,43.25503064936304
7483,c,43.25503064936304,43.25503064936304
7484,c,43.25503064936304,43.25503064936304
7485,c,43.25503064936304,43.25503064936304
7486,c,43.25503064936304,43.25503064936304
7487,c,43.25503064936304,43.25503064936304
7488,c,43.25503064936304,43.25503064936304
7489,t,43.25503064936304,43.25503064936304
7490,c,43.25503064936304,43.25503064936304
7491,c,43.25503064936304,43.25503064936304
7492,c,43.25503064936304,43.25503064936304
7493,t,43.25503064936304,43.25503064936304
7494,c,43.25503064936304,43.25503064936304
7495,t,43.25503064936304,43.25503064936304
7496,c,43.25503064936304,43.25503064936304
7497,c,43.25503064936304,43.25503064936304
7498,c,43.25503064936304,43.25503064936304
7499,t,43.25503064936304,43.25503064936304
7500,c,43.25503064936304,43.25503064936304
7501,c,43.25503064936304,43.25503064936304
7502,c,43.25503064936304,43.25503064936304
7503,c,43.25503064936304,43.25503064936304
7504,c,43.25503064936304,43.25503064936304
7505,t,43.25503064936304,43.25503064936304
7506,c,43.25503064936304,43.25503064936304
7507,c,14.771523408947946,18.135071737311982
7508,c,43.25503064936304,43.25503064936304
7509,c,43.25503064936304,43.25503064936304
7510,c,43.25503064936304,43.25503064936304
7511,c,43.25503064936304,43.25503064936304
7512,c,43.25503064936304,43.25503064936304
7513,t,43.25503064936304,43.25503064936304
7514,c,43.25503064936304,43.25503064936304
7515,c,43.25503064936304,43.25503064936304
7516,c,43.25503064936304,43.25503064936304
7517,c,43.25503064936304,43.25503064936304
7518,t,43.25503064936304,43.25503064936304
7519,c,43.25503064936304,43.25503064936304
7520,c,43.25503064936304,43.25503064936304
7521,c,43.25503064936304,43.25503064936304
7522,c,43.25503064936304,43.25503064936304
7523,c,43.25503064936304,43.25503064936304
7524,c,43.25503064936304,43.25503064936304
7525,c,43.25503064936304,43.25503064936304
7526,c,43.25503064936304,43.25503064936304
7527,t,43.25503064936304,43.25503064936304
7528,c,43.25503064936304,43.25503064936304
7529,c,43.25503064936304,43.25503064936304
7530,c,43.25503064936304,43.25503064936304
7531,c,43.25503064936304,43.25503064936304
7532,c,43.25503064936304,43.25503064936304
7533,c,43.25503064936304,43.25503064936304
7534,c,43.25503064936304,43.25503064936304
7535,c,43.25503064936304,43.25503064936304
7536,c,43.25503064936304,43.25503064936304
7537,c,43.25503064936304,43.25503064936304
7538,c,43.25503064936304,43.25503064936304
7539,t,43.25503064936304,43.25503064936304
7540,t,43.25503064936304,43.25503064936304
7541,c,43.25503064936304,43.25503064936304
7542,c,43.25503064936304,43.25503064936304
7543,c,43.25503064936304,43.25503064936304
7544,c,43.25503064936304,43.25503064936304
7545,c,43.25503064936304,43.25503064936304
7546,c,43.25503064936304,43.25503064936304
7547,c,43.25503064936304,43.25503064936304
7548,c,43.25503064936304,43.25503064936304
7549,c,43.25503064936304,43.25503064936304
7550,c,43.25503064936304,43.25503064936304
7551,c,43.25503064936304,43.25503064936304
7552,c,43.25503064936304,43.25503064936304
7553,c,43.25503064936304,43.25503064936304
7554,c,43.25503064936304,43.25503064936304
7555,c,43.25503064936304,43.25503064936304
7556,c,43.25503064936304,43.25503064936304
7557,c,43.25503064936304,43.25503064936304
7558,c,43.25503064936304,43.25503064936304
7559,c,43.25503064936304,43.25503064936304
7560,c,43.25503064936304,43.25503064936304
7561,c,43.25503064936304,43.25503064936304
7562,c,43.25503064936304,43.25503064936304
7563,c,43.25503064936304,43.25503064936304
7564,t,43.25503064936304,43.25503064936304
7565,c,43.25503064936304,43.25503064936304
7566,c,43.25503064936304,43.25503064936304
7567,c,43.25503064936304,43.25503064936304
7568,c,43.25503064936304,43.25503064936304
7569,c,43.25503064936304,43.25503064936304
7570,c,43.25503064936304,43.25503064936304
7571,na,-1,0
7572,c,43.25503064936304,43.25503064936304
7573,c,43.25503064936304,43.25503064936304
7574,c,43.25503064936304,43.25503064936304
7575,c,43.25503064936304,43.25503064936304
7576,c,43.25503064936304,43.25503064936304
7577,c,43.25503064936304,43.25503064936304
7578,t,43.25503064936304,43.25503064936304
7579,c,43.25503064936304,43.25503064936304
7580,t,43.25503064936304,43.25503064936304
7581,t,43.25503064936304,43.25503064936304
7582,c,43.25503064936304,43.25503064936304
7583,c,43.25503064936304,43.25503064936304
7584,c,43.25503064936304,43.25503064936304
7585,t,43.25503064936304,43.25503064936304
7586,c,43.25503064936304,43.25503064936304
7587,na,8.461446410968076,17.453572938504255
7588,c,43.25503064936304,43.25503064936304
7589,t,43.25503064936304,43.25503064936304
7590,c,43.25503064936304,43.25503064936304
7591,c,43.25503064936304,43.25503064936304
7592,c,43.25503064936304,43.25503064936304
7593,t,43.25503064936304,43.25503064936304
7594,c,43.25503064936304,43.25503064936304
7595,c,43.25503064936304,43.25503064936304
7596,c,43.25503064936304,43.25503064936304
7597,c,43.25503064936304,43.25503064936304
7598,t,43.25503064936304,43.25503064936304
7599,c,43.25503064936304,43.25503064936304
7600,c,43.25503064936304,43.25503064936304
7601,c,43.25503064936304,43.25503064936304
7602,t,43.25503064936304,43.25503064936304
7603,c,43.25503064936304,43.25503064936304
7604,c,43.25503064936304,43.25503064936304
7605,c,43.25503064936304,43.25503064936304
7606,c,43.25503064936304,43.25503064936304
7607,c,43.25503064936304,43.25503064936304
7608,t,43.25503064936304,43.25503064936304
7609,c,43.25503064936304,43.25503064936304
7610,t,43.25503064936304,43.25503064936304
7611,c,43.25503064936304,43.25503064936304
7612,c,43.25503064936304,43.25503064936304
7613,c,43.25503064936304,43.25503064936304
7614,c,43.25503064936304,43.25503064936304
7615,c,43.25503064936304,43.25503064936304
7616,t,43.25503064936304,43.25503064936304
7617,c,43.25503064936304,43.25503064936304
7618,c,43.25503064936304,43.25503064936304
7619,c,43.25503064936304,43.25503064936304
7620,c,43.25503064936304,43.25503064936304
7621,c,43.25503064936304,43.25503064936304
7622,t,43.25503064936304,43.25503064936304
7623,c,43.25503064936304,43.25503064936304
7624,c,43.25503064936304,43.25503064936304
7625,c,43.25503064936304,43.25503064936304
7626,c,12.615046137822903,13.447883354815517
7627,t,43.25503064936304,43.25503064936304
7628,c,43.25503064936304,43.25503064936304
7629,t,43.25503064936304,43.25503064936304
7630,c,43.25503064936304,43.25503064936304
7631,c,43.25503064936304,43.25503064936304
7632,c,43.25503064936304,43.25503064936304
7633,c,43.25503064936304,43.25503064936304
7634,c,43.25503064936304,43.25503064936304
7635,c,43.25503064936304,43.25503064936304
7636,c,43.25503064936304,43.25503064936304
7637,c,43.25503064936304,43.25503064936304
7638,t,43.25503064936304,43.25503064936304
7639,c,43.25503064936304,43.25503064936304
7640,c,43.25503064936304,43.25503064936304
7641,c,43.25503064936304,43.25503064936304
7642,c,43.25503064936304,43.25503064936304
7643,t,43.25503064936304,43.25503064936304
7644,c,43.25503064936304,43.25503064936304
7645,c,43.25503064936304,43.25503064936304
7646,c,43.25503064936304,43.25503064936304
7647,c,43.25503064936304,43.25503064936304
7648,c,43.25503064936304,43.25503064936304
7649,c,43.25503064936304,43.25503064936304
7650,c,43.25503064936304,43.25503064936304
7651,t,43.25503064936304,43.25503064936304
7652,t,43.25503064936304,43.25503064936304
7653,t,43.25503064936304,43.25503064936304
7654,c,43.25503064936304,43.25503064936304
7655,c,43.25503064936304,43.25503064936304
7656,c,43.25503064936304,43.25503064936304
7657,c,43.25503064936304,43.25503064936304
7658,c,43.25503064936304,43.25503064936304
7659,c,43.25503064936304,43.25503064936304
7660,c,43.25503064936304,43.25503064936304
7661,c,43.25503064936304,43.25503064936304
7662,c,43.25503064936304,43.25503064936304
7663,c,43.25503064936304,43.25503064936304
7664,t,43.25503064936304,43.25503064936304
7665,c,43.25503064936304,43.25503064936304
7666,c,43.25503064936304,43.25503064936304
7667,t,43.25503064936304,43.25503064936304
7668,c,43.25503064936304,43.25503064936304
7669,c,43.25503064936304,43.25503064936304
7670,c,43.25503064936304,43.25503064936304
7671,c,43.25503064936304,43.25503064936304
7672,c,43.25503064936304,43.25503064936304
7673,c,43.25503064936304,43.25503064936304
7674,c,43.25503064936304,43.25503064936304
7675,c,43.25503064936304,43.25503064936304
7676,c,43.25503064936304,43.25503064936304
7677,c,43.25503064936304,43.25503064936304
7678,c,43.25503064936304,43.25503064936304
7679,c,43.25503064936304,43.25503064936304
7680,na,3.4964653031311737,5.555749624276568
7681,c,43.25503064936304,43.25503064936304
7682,c,43.25503064936304,43.25503064936304
7683,c,43.25503064936304,43.25503064936304
7684,t,43.25503064936304,43.25503064936304
7685,c,43.25503064936304,43.25503064936304
7686,c,43.25503064936304,43.25503064936304
7687,c,43.25503064936304,43.25503064936304
7688,c,43.25503064936304,43.25503064936304
7689,t,43.25503064936304,43.25503064936304
7690,c,43.25503064936304,43.25503064936304
7691,c,43.25503064936304,43.25503064936304
7692,c,43.25503064936304,43.25503064936304
7693,c,43.25503064936304,43.25503064936304
7694,c,43.25503064936304,43.25503064936304
7695,c,43.25503064936304,43.25503064936304
7696,c,43.25503064936304,43.25503064936304
7697,c,43.25503064936304,43.25503064936304
7698,c,43.25503064936304,43.25503064936304
7699,t,43.25503064936304,43.25503064936304
7700,c,43.25503064936304,43.25503064936304
7701,c,43.25503064936304,43.25503064936304
7702,c,43.25503064936304,43.25503064936304
7703,c,43.25503064936304,43.25503064936304
7704,c,43.25503064936304,43.25503064936304
7705,c,43.25503064936304,43.25503064936304
7706,t,43.25503064936304,43.25503064936304
7707,c,43.25503064936304,43.25503064936304
7708,c,43.25503064936304,43.25503064936304
7709,c,43.25503064936304,43.25503064936304
7710,c,15.321834653062723,43.25503064936304
7711,c,43.25503064936304,43.25503064936304
7712,t,43.25503064936304,43.25503064936304
7713,c,43.25503064936304,43.25503064936304
7714,c,43.25503064936304,43.25503064936304
7715,c,43.25503064936304,43.25503064936304
7716,c,43.25503064936304,43.25503064936304
7717,c,43.25503064936304,43.25503064936304
7718,t,43.25503064936304,43.25503064936304
7719,t,43.25503064936304,43.25503064936304
7720,c,43.25503064936304,43.25503064936304
7721,c,43.25503064936304,43.25503064936304
7722,c,43.25503064936304,43.25503064936304
7723,c,43.25503064936304,43.25503064936304
7724,c,43.25503064936304,43.25503064936304
7725,c,43.25503064936304,43.25503064936304
7726,c,43.25503064936304,43.25503064936304
7727,c,43.25503064936304,43.25503064936304
7728,c,43.25503064936304,43.25503064936304
7729,c,43.25503064936304,43.25503064936304
7730,c,43.25503064936304,43.25503064936304
7731,c,43.25503064936304,43.25503064936304
7732,c,43.25503064936304,43.25503064936304
7733,c,43.25503064936304,43.25503064936304
7734,c,43.25503064936304,43.25503064936304
7735,c,43.25503064936304,43.25503064936304
7736,c,43.25503064936304,43.25503064936304
7737,c,43.25503064936304,43.25503064936304
7738,t,43.25503064936304,43.25503064936304
7739,t,43.25503064936304,43.25503064936304
7740,c,43.25503064936304,43.25503064936304
7741,c,43.25503064936304,43.25503064936304
7742,t,43.25503064936304,43.25503064936304
7743,c,43.25503064936304,43.25503064936304
7744,c,43.25503064936304,43.25503064936304
7745,c,43.25503064936304,43.25503064936304
7746,c,43.25503064936304,43.25503064936304
7747,c,43.25503064936304,43.25503064936304
7748,c,43.25503064936304,43.25503064936304
7749,t,43.25503064936304,43.25503064936304
7750,c,43.25503064936304,43.25503064936304
7751,t,43.25503064936304,43.25503064936304
7752,c,43.25503064936304,43.25503064936304
7753,c,43.25503064936304,43.25503064936304
7754,t,43.25503064936304,43.25503064936304
7755,c,43.25503064936304,43.25503064936304
7756,c,43.25503064936304,43.25503064936304
7757,c,43.25503064936304,43.25503064936304
7758,c,43.25503064936304,43.25503064936304
7759,c,43.25503064936304,43.25503064936304
7760,c,43.25503064936304,43.25503064936304
7761,t,43.25503064936304,43.25503064936304
7762,t,43.25503064936304,43.25503064936304
7763,t,43.25503064936304,43.25503064936304
7764,c,43.25503064936304,43.25503064936304
7765,t,43.25503064936304,43.25503064936304
7766,t,43.25503064936304,43.25503064936304
7767,c,43.25503064936304,43.25503064936304
7768,c,43.25503064936304,43.25503064936304
7769,c,43.25503064936304,43.25503064936304
7770,c,43.25503064936304,43.25503064936304
7771,t,43.25503064936304,43.25503064936304
7772,c,43.25503064936304,43.25503064936304
7773,c,43.25503064936304,43.25503064936304
7774,t,43.25503064936304,43.25503064936304
7775,c,43.25503064936304,43.25503064936304
7776,t,43.25503064936304,43.25503064936304
7777,c,43.25503064936304,43.25503064936304
7778,c,43.25503064936304,43.25503064936304
7779,c,43.25503064936304,43.25503064936304
7780,c,43.25503064936304,43.25503064936304
7781,c,43.25503064936304,43.25503064936304
7782,c,43.25503064936304,43.25503064936304
7783,c,43.25503064936304,43.25503064936304
7784,c,43.25503064936304,43.25503064936304
7785,c,43.25503064936304,43.25503064936304
7786,c,43.25503064936304,43.25503064936304
7787,c,43.25503064936304,43.25503064936304
7788,t,43.25503064936304,43.25503064936304
7789,c,43.25503064936304,43.25503064936304
7790,c,43.25503064936304,43.25503064936304
7791,c,43.25503064936304,43.25503064936304
7792,c,43.25503064936304,43.25503064936304
7793,c,43.25503064936304,43.25503064936304
7794,c,43.25503064936304,43.25503064936304
7795,c,43.25503064936304,43.25503064936304
7796,t,43.25503064936304,43.25503064936304
7797,c,43.25503064936304,43.25503064936304
7798,c,43.25503064936304,43.25503064936304
7799,c,43.25503064936304,43.25503064936304
7800,c,43.25503064936304,43.25503064936304
7801,c,43.25503064936304,43.25503064936304
7802,c,43.25503064936304,43.25503064936304
7803,c,43.25503064936304,43.25503064936304
7804,c,43.25503064936304,43.25503064936304
7805,c,43.25503064936304,43.25503064936304
7806,c,43.25503064936304,43.25503064936304
7807,c,43.25503064936304,43.25503064936304
7808,c,43.25503064936304,43.25503064936304
7809,c,43.25503064936304,43.25503064936304
7810,c,43.25503064936304,43.25503064936304
7811,t,43.25503064936304,43.25503064936304
7812,c,43.25503064936304,43.25503064936304
7813,c,43.25503064936304,43.25503064936304
7814,t,43.25503064936304,43.25503064936304
7815,c,43.25503064936304,43.25503064936304
7816,t,43.25503064936304,43.25503064936304
7817,c,43.25503064936304,43.25503064936304
7818,c,43.25503064936304,43.25503064936304
7819,c,43.25503064936304,43.25503064936304
7820,c,43.25503064936304,43.25503064936304
7821,c,43.25503064936304,43.25503064936304
7822,c,43.25503064936304,43.25503064936304
7823,c,43.25503064936304,43.25503064936304
7824,c,43.25503064936304,43.25503064936304
7825,c,43.25503064936304,43.25503064936304
7826,c,6.653857728959623,11.013539104086124
7827,c,23.963577607878275,24.856442784146733
7828,c,43.25503064936304,43.25503064936304
7829,t,43.25503064936304,43.25503064936304
7830,c,43.25503064936304,43.25503064936304
7831,c,43.25503064936304,43.25503064936304
7832,c,43.25503064936304,43.25503064936304
7833,c,43.25503064936304,43.25503064936304
7834,c,43.25503064936304,43.25503064936304
7835,c,43.25503064936304,43.25503064936304
7836,c,43.25503064936304,43.25503064936304
7837,c,43.25503064936304,43.25503064936304
7838,c,43.25503064936304,43.25503064936304
7839,c,43.25503064936304,43.25503064936304
7840,c,43.25503064936304,43.25503064936304
7841,c,43.25503064936304,43.25503064936304
7842,c,43.25503064936304,43.25503064936304
7843,c,43.25503064936304,43.25503064936304
7844,t,43.25503064936304,43.25503064936304
7845,t,43.25503064936304,43.25503064936304
7846,c,43.25503064936304,43.25503064936304
7847,c,43.25503064936304,43.25503064936304
7848,c,43.25503064936304,43.25503064936304
7849,c,43.25503064936304,43.25503064936304
7850,c,43.25503064936304,43.25503064936304
7851,c,43.25503064936304,43.25503064936304
7852,c,43.25503064936304,43.25503064936304
7853,c,43.25503064936304,43.25503064936304
7854,c,43.25503064936304,43.25503064936304
7855,c,43.25503064936304,43.25503064936304
7856,c,43.25503064936304,43.25503064936304
7857,c,43.25503064936304,43.25503064936304
7858,c,43.25503064936304,43.25503064936304
7859,c,43.25503064936304,43.25503064936304
7860,c,43.25503064936304,43.25503064936304
7861,c,43.25503064936304,43.25503064936304
7862,t,43.25503064936304,43.25503064936304
7863,c,43.25503064936304,43.25503064936304
7864,t,43.25503064936304,43.25503064936304
7865,c,43.25503064936304,43.25503064936304
7866,t,43.25503064936304,43.25503064936304
7867,c,43.25503064936304,43.25503064936304
7868,c,43.25503064936304,43.25503064936304
7869,c,43.25503064936304,43.25503064936304
7870,t,43.25503064936304,43.25503064936304
7871,c,43.25503064936304,43.25503064936304
7872,t,43.25503064936304,43.25503064936304
7873,c,43.25503064936304,43.25503064936304
7874,c,43.25503064936304,43.25503064936304
7875,t,43.25503064936304,43.25503064936304
7876,c,43.25503064936304,43.25503064936304
7877,c,43.25503064936304,43.25503064936304
7878,c,43.25503064936304,43.25503064936304
7879,c,43.25503064936304,43.25503064936304
7880,c,43.25503064936304,43.25503064936304
7881,c,43.25503064936304,43.25503064936304
7882,t,43.25503064936304,43.25503064936304
7883,c,43.25503064936304,43.25503064936304
7884,t,43.25503064936304,43.25503064936304
7885,c,43.25503064936304,43.25503064936304
7886,c,43.25503064936304,43.25503064936304
7887,t,43.25503064936304,43.25503064936304
7888,c,43.25503064936304,43.25503064936304
7889,c,43.25503064936304,43.25503064936304
7890,c,43.25503064936304,43.25503064936304
7891,c,43.25503064936304,43.25503064936304
7892,t,43.25503064936304,43.25503064936304
7893,c,43.25503064936304,43.25503064936304
7894,t,43.25503064936304,43.25503064936304
7895,c,43.25503064936304,43.25503064936304
7896,c,43.25503064936304,43.25503064936304
7897,c,43.25503064936304,43.25503064936304
7898,c,43.25503064936304,43.25503064936304
7899,t,43.25503064936304,43.25503064936304
7900,c,43.25503064936304,43.25503064936304
7901,t,43.25503064936304,43.25503064936304
7902,c,43.25503064936304,43.25503064936304
7903,c,43.25503064936304,43.25503064936304
7904,c,43.25503064936304,43.25503064936304
7905,c,43.25503064936304,43.25503064936304
7906,t,43.25503064936304,43.25503064936304
7907,c,43.25503064936304,43.25503064936304
7908,c,43.25503064936304,43.25503064936304
7909,c,43.25503064936304,43.25503064936304
7910,c,43.25503064936304,43.25503064936304
7911,c,43.25503064936304,43.25503064936304
7912,t,43.25503064936304,43.25503064936304
7913,c,43.25503064936304,43.25503064936304
7914,c,43.25503064936304,43.25503064936304
7915,c,43.25503064936304,43.25503064936304
7916,c,6.081072323846357,16.10177047937942
7917,t,43.25503064936304,43.25503064936304
7918,c,43.25503064936304,43.25503064936304
7919,c,43.25503064936304,43.25503064936304
7920,c,43.25503064936304,43.25503064936304
7921,c,43.25503064936304,43.25503064936304
7922,c,43.25503064936304,43.25503064936304
7923,c,43.25503064936304,43.25503064936304
7924,c,43.25503064936304,43.25503064936304
7925,c,43.25503064936304,43.25503064936304
7926,c,43.25503064936304,43.25503064936304
7927,c,43.25503064936304,43.25503064936304
7928,c,43.25503064936304,43.25503064936304
7929,c,43.25503064936304,43.25503064936304
7930,na,0.21094531564145025,4.393451035738561
7931,na,-1,0
7932,c,43.25503064936304,43.25503064936304
7933,c,43.25503064936304,43.25503064936304
7934,t,43.25503064936304,43.25503064936304
7935,c,43.25503064936304,43.25503064936304
7936,c,43.25503064936304,43.25503064936304
7937,c,43.25503064936304,43.25503064936304
7938,t,43.25503064936304,43.25503064936304
7939,c,43.25503064936304,43.25503064936304
7940,c,43.25503064936304,43.25503064936304
7941,c,43.25503064936304,43.25503064936304
7942,t,43.25503064936304,43.25503064936304
7943,t,43.25503064936304,43.25503064936304
7944,c,43.25503064936304,43.25503064936304
7945,c,43.25503064936304,43.25503064936304
7946,c,43.25503064936304,43.25503064936304
7947,t,43.25503064936304,43.25503064936304
7948,c,43.25503064936304,43.25503064936304
7949,c,43.25503064936304,43.25503064936304
7950,c,43.25503064936304,43.25503064936304
7951,c,43.25503064936304,43.25503064936304
7952,t,43.25503064936304,43.25503064936304
7953,c,43.25503064936304,43.25503064936304
7954,c,43.25503064936304,43.25503064936304
7955,c,43.25503064936304,43.25503064936304
7956,t,43.25503064936304,43.25503064936304
7957,c,43.25503064936304,43.25503064936304
7958,c,43.25503064936304,43.25503064936304
7959,na,4.600005568089481,10.19611623086908
7960,c,43.25503064936304,43.25503064936304
7961,c,43.25503064936304,43.25503064936304
7962,t,43.25503064936304,43.25503064936304
7963,c,43.25503064936304,43.25503064936304
7964,c,43.25503064936304,43.25503064936304
7965,c,43.25503064936304,43.25503064936304
7966,c,43.25503064936304,43.25503064936304
7967,c,43.25503064936304,43.25503064936304
7968,c,43.25503064936304,43.25503064936304
7969,c,43.25503064936304,43.25503064936304
7970,c,43.25503064936304,43.25503064936304
7971,c,43.25503064936304,43.25503064936304
7972,c,43.25503064936304,43.25503064936304
7973,c,43.25503064936304,43.25503064936304
7974,t,43.25503064936304,43.25503064936304
7975,c,43.25503064936304,43.25503064936304
7976,t,43.25503064936304,43.25503064936304
7977,c,43.25503064936304,43.25503064936304
7978,c,43.25503064936304,43.25503064936304
7979,c,43.25503064936304,43.25503064936304
7980,c,43.25503064936304,43.25503064936304
7981,c,43.25503064936304,43.25503064936304
7982,c,43.25503064936304,43.25503064936304
7983,t,43.25503064936304,43.25503064936304
7984,c,43.25503064936304,43.25503064936304
7985,c,43.25503064936304,43.25503064936304
7986,c,43.25503064936304,43.25503064936304
7987,c,1.830490258222329,1.9161405199183876
7988,t,43.25503064936304,43.25503064936304
7989,t,43.25503064936304,43.25503064936304
7990,t,43.25503064936304,43.25503064936304
7991,t,43.25503064936304,43.25503064936304
7992,c,43.25503064936304,43.25503064936304
7993,c,43.25503064936304,43.25503064936304
7994,c,43.25503064936304,43.25503064936304
7995,c,43.25503064936304,43.25503064936304
7996,t,43.25503064936304,43.25503064936304
7997,c,43.25503064936304,43.25503064936304
7998,c,43.25503064936304,43.25503064936304
7999,c,43.25503064936304,43.25503064936304
8000,t,43.25503064936304,43.25503064936304
8001,c,43.25503064936304,43.25503064936304
8002,t,43.25503064936304,43.25503064936304
8003,c,43.25503064936304,43.25503064936304
8004,c,43.25503064936304,43.25503064936304
8005,c,43.25503064936304,43.25503064936304
8006,c,43.25503064936304,43.25503064936304
8007,c,43.25503064936304,43.25503064936304
8008,c,43.25503064936304,43.25503064936304
8009,c,24.94465624533205,26.55872556922141
8010,c,43.25503064936304,43.25503064936304
8011,t,43.25503064936304,43.25503064936304
8012,c,43.25503064936304,43.25503064936304
8013,t,43.25503064936304,43.25503064936304
8014,t,43.25503064936304,43.25503064936304
8015,c,43.25503064936304,43.25503064936304
8016,c,43.25503064936304,43.25503064936304
8017,c,43.25503064936304,43.25503064936304
8018,t,43.25503064936304,43.25503064936304
8019,t,43.25503064936304,43.25503064936304
8020,c,43.25503064936304,43.25503064936304
8021,t,43.25503064936304,43.25503064936304
8022,c,43.25503064936304,43.25503064936304
8023,c,43.25503064936304,43.25503064936304
8024,c,43.25503064936304,43.25503064936304
8025,c,43.25503064936304,43.25503064936304
8026,c,43.25503064936304,43.25503064936304
8027,c,43.25503064936304,43.25503064936304
8028,c,43.25503064936304,43.25503064936304
8029,c,43.25503064936304,43.25503064936304
8030,c,43.25503064936304,43.25503064936304
8031,c,43.25503064936304,43.25503064936304
8032,c,43.25503064936304,43.25503064936304
8033,c,43.25503064936304,43.25503064936304
8034,c,43.25503064936304,43.25503064936304
8035,c,43.25503064936304,43.25503064936304
8036,c,43.25503064936304,43.25503064936304
8037,c,43.25503064936304,43.25503064936304
8038,t,43.25503064936304,43.25503064936304
8039,c,43.25503064936304,43.25503064936304
8040,t,43.25503064936304,43.25503064936304
8041,c,43.25503064936304,43.25503064936304
8042,c,43.25503064936304,43.25503064936304
8043,c,43.25503064936304,43.25503064936304
8044,c,43.25503064936304,43.25503064936304
8045,c,43.25503064936304,43.25503064936304
8046,c,43.25503064936304,43.25503064936304
8047,t,43.25503064936304,43.25503064936304
8048,c,43.25503064936304,43.25503064936304
8049,c,43.25503064936304,43.25503064936304
8050,c,43.25503064936304,43.25503064936304
8051,c,43.25503064936304,43.25503064936304
8052,c,43.25503064936304,43.25503064936304
8053,c,43.25503064936304,43.25503064936304
8054,t,43.25503064936304,43.25503064936304
8055,c,43.25503064936304,43.25503064936304
8056,c,43.25503064936304,43.25503064936304
8057,t,43.25503064936304,43.25503064936304
8058,t,43.25503064936304,43.25503064936304
8059,c,43.25503064936304,43.25503064936304
8060,c,43.25503064936304,43.25503064936304
8061,c,43.25503064936304,43.25503064936304
8062,na,11.317688456661422,11.886645934584566
8063,c,43.25503064936304,43.25503064936304
8064,c,43.25503064936304,43.25503064936304
8065,c,43.25503064936304,43.25503064936304
8066,c,43.25503064936304,43.25503064936304
8067,c,43.25503064936304,43.25503064936304
8068,c,43.25503064936304,43.25503064936304
8069,c,43.25503064936304,43.25503064936304
8070,na,3.0838518249969504,7.467220103499247
8071,t,43.25503064936304,43.25503064936304
8072,na,7.443987675104987,7.63023443168949
8073,c,43.25503064936304,43.25503064936304
8074,t,43.25503064936304,43.25503064936304
8075,c,43.25503064936304,43.25503064936304
8076,t,43.25503064936304,43.25503064936304
8077,t,43.25503064936304,43.25503064936304
8078,c,43.25503064936304,43.25503064936304
8079,c,43.25503064936304,43.25503064936304
8080,c,43.25503064936304,43.25503064936304
8081,c,43.25503064936304,43.25503064936304
8082,t,43.25503064936304,43.25503064936304
8083,t,43.25503064936304,43.25503064936304
8084,c,43.25503064936304,43.25503064936304
8085,c,43.25503064936304,43.25503064936304
8086,c,43.25503064936304,43.25503064936304
8087,c,43.25503064936304,43.25503064936304
8088,c,43.25503064936304,43.25503064936304
8089,c,43.25503064936304,43.25503064936304
8090,t,43.25503064936304,43.25503064936304
8091,c,43.25503064936304,43.25503064936304
8092,c,43.25503064936304,43.25503064936304
8093,c,43.25503064936304,43.25503064936304
8094,c,43.25503064936304,43.25503064936304
8095,c,43.25503064936304,43.25503064936304
8096,t,43.25503064936304,43.25503064936304
8097,c,43.25503064936304,43.25503064936304
8098,c,43.25503064936304,43.25503064936304
8099,c,43.25503064936304,43.25503064936304
8100,c,43.25503064936304,43.25503064936304
8101,c,43.25503064936304,43.25503064936304
8102,c,43.25503064936304,43.25503064936304
8103,c,43.25503064936304,43.25503064936304
8104,t,43.25503064936304,43.25503064936304
8105,t,43.25503064936304,43.25503064936304
8106,c,43.25503064936304,43.25503064936304
8107,c,43.25503064936304,43.25503064936304
8108,c,43.25503064936304,43.25503064936304
8109,t,43.25503064936304,43.25503064936304
8110,c,43.25503064936304,43.25503064936304
8111,c,43.25503064936304,43.25503064936304
8112,c,43.25503064936304,43.25503064936304
8113,c,43.25503064936304,43.25503064936304
8114,t,43.25503064936304,43.25503064936304
8115,c,43.25503064936304,43.25503064936304
8116,t,43.25503064936304,43.25503064936304
8117,c,43.25503064936304,43.25503064936304
8118,c,43.25503064936304,43.25503064936304
8119,t,43.25503064936304,43.25503064936304
8120,c,43.25503064936304,43.25503064936304
8121,t,43.25503064936304,43.25503064936304
8122,c,43.25503064936304,43.25503064936304
8123,c,43.25503064936304,43.25503064936304
8124,c,43.25503064936304,43.25503064936304
8125,t,43.25503064936304,43.25503064936304
8126,c,43.25503064936304,43.25503064936304
8127,c,43.25503064936304,43.25503064936304
8128,c,43.25503064936304,43.25503064936304
8129,c,43.25503064936304,43.25503064936304
8130,c,43.25503064936304,43.25503064936304
8131,c,18.809228112078507,21.552416677059302
8132,c,43.25503064936304,43.25503064936304
8133,c,43.25503064936304,43.25503064936304
8134,c,43.25503064936304,43.25503064936304
8135,c,43.25503064936304,43.25503064936304
8136,c,43.25503064936304,43.25503064936304
8137,c,43.25503064936304,43.25503064936304
8138,t,43.25503064936304,43.25503064936304
8139,c,43.25503064936304,43.25503064936304
8140,t,43.25503064936304,43.25503064936304
8141,c,4.308979477455811,6.0939177186979245
8142,c,43.25503064936304,43.25503064936304
8143,c,20.043778656313734,25.72096419868931
8144,c,43.25503064936304,43.25503064936304
8145,c,43.25503064936304,43.25503064936304
8146,c,43.25503064936304,43.25503064936304
8147,c,43.25503064936304,43.25503064936304
8148,t,43.25503064936304,43.25503064936304
8149,c,43.25503064936304,43.25503064936304
8150,c,43.25503064936304,43.25503064936304
8151,c,43.25503064936304,43.25503064936304
8152,c,43.25503064936304,43.25503064936304
8153,c,43.25503064936304,43.25503064936304
8154,c,43.25503064936304,43.25503064936304
8155,c,43.25503064936304,43.25503064936304
8156,c,43.25503064936304,43.25503064936304
8157,c,43.25503064936304,43.25503064936304
8158,t,43.25503064936304,43.25503064936304
8159,c,43.25503064936304,43.25503064936304
8160,c,43.25503064936304,43.25503064936304
8161,c,43.25503064936304,43.25503064936304
8162,c,43.25503064936304,43.25503064936304
8163,c,43.25503064936304,43.25503064936304
8164,c,43.25503064936304,43.25503064936304
8165,t,43.25503064936304,43.25503064936304
8166,c,43.25503064936304,43.25503064936304
8167,t,43.25503064936304,43.25503064936304
8168,c,43.25503064936304,43.25503064936304
8169,c,43.25503064936304,43.25503064936304
8170,c,43.25503064936304,43.25503064936304
8171,c,43.25503064936304,43.25503064936304
8172,t,43.25503064936304,43.25503064936304
8173,c,43.25503064936304,43.25503064936304
8174,c,43.25503064936304,43.25503064936304
8175,t,43.25503064936304,43.25503064936304
8176,t,43.25503064936304,43.25503064936304
8177,t,43.25503064936304,43.25503064936304
8178,c,43.25503064936304,43.25503064936304
8179,c,43.25503064936304,43.25503064936304
8180,c,43.25503064936304,43.25503064936304
8181,c,43.25503064936304,43.25503064936304
8182,t,43.25503064936304,43.25503064936304
8183,t,43.25503064936304,43.25503064936304
8184,c,43.25503064936304,43.25503064936304
8185,c,43.25503064936304,43.25503064936304
8186,c,43.25503064936304,43.25503064936304
8187,c,43.25503064936304,43.25503064936304
8188,c,43.25503064936304,43.25503064936304
8189,c,12.415061984345039,24.209822343602085
8190,c,43.25503064936304,43.25503064936304
8191,c,43.25503064936304,43.25503064936304
8192,c,43.25503064936304,43.25503064936304
8193,c,43.25503064936304,43.25503064936304
8194,c,43.25503064936304,43.25503064936304
8195,c,43.25503064936304,43.25503064936304
8196,t,43.25503064936304,43.25503064936304
8197,c,43.25503064936304,43.25503064936304
8198,c,43.25503064936304,43.25503064936304
8199,t,43.25503064936304,43.25503064936304
8200,c,43.25503064936304,43.25503064936304
8201,c,43.25503064936304,43.25503064936304
8202,c,43.25503064936304,43.25503064936304
8203,t,43.25503064936304,43.25503064936304
8204,c,43.25503064936304,43.25503064936304
8205,c,43.25503064936304,43.25503064936304
8206,t,43.25503064936304,43.25503064936304
8207,t,43.25503064936304,43.25503064936304
8208,c,43.25503064936304,43.25503064936304
8209,c,43.25503064936304,43.25503064936304
8210,c,43.25503064936304,43.25503064936304
8211,t,43.25503064936304,43.25503064936304
8212,c,43.25503064936304,43.25503064936304
8213,c,43.25503064936304,43.25503064936304
8214,t,43.25503064936304,43.25503064936304
8215,c,43.25503064936304,43.25503064936304
8216,c,43.25503064936304,43.25503064936304
8217,c,43.25503064936304,43.25503064936304
8218,c,43.25503064936304,43.25503064936304
8219,c,43.25503064936304,43.25503064936304
8220,c,43.25503064936304,43.25503064936304
8221,t,43.25503064936304,43.25503064936304
8222,c,43.25503064936304,43.25503064936304
8223,c,43.25503064936304,43.25503064936304
8224,c,43.25503064936304,43.25503064936304
8225,c,43.25503064936304,43.25503064936304
8226,c,43.25503064936304,43.25503064936304
8227,c,43.25503064936304,43.25503064936304
8228,c,43.25503064936304,43.25503064936304
8229,c,43.25503064936304,43.25503064936304
8230,c,43.25503064936304,43.25503064936304
8231,t,43.25503064936304,43.25503064936304
8232,t,43.25503064936304,43.25503064936304
8233,t,43.25503064936304,43.25503064936304
8234,c,43.25503064936304,43.25503064936304
8235,c,43.25503064936304,43.25503064936304
8236,t,43.25503064936304,43.25503064936304
8237,c,43.25503064936304,43.25503064936304
8238,c,43.25503064936304,43.25503064936304
8239,t,43.25503064936304,43.25503064936304
8240,c,43.25503064936304,43.25503064936304
8241,c,43.25503064936304,43.25503064936304
8242,c,43.25503064936304,43.25503064936304
8243,t,43.25503064936304,43.25503064936304
8244,c,43.25503064936304,43.25503064936304
8245,c,43.25503064936304,43.25503064936304
8246,c,43.25503064936304,43.25503064936304
8247,t,43.25503064936304,43.25503064936304
8248,t,43.25503064936304,43.25503064936304
8249,c,43.25503064936304,43.25503064936304
8250,c,43.25503064936304,43.25503064936304
8251,c,43.25503064936304,43.25503064936304
8252,c,43.25503064936304,43.25503064936304
8253,c,43.25503064936304,43.25503064936304
8254,c,43.25503064936304,43.25503064936304
8255,c,20.01117080366027,25.544874589445175
8256,c,43.25503064936304,43.25503064936304
8257,c,43.25503064936304,43.25503064936304
8258,c,43.25503064936304,43.25503064936304
8259,c,43.25503064936304,43.25503064936304
8260,c,43.25503064936304,43.25503064936304
8261,c,43.25503064936304,43.25503064936304
8262,c,43.25503064936304,43.25503064936304
8263,c,43.25503064936304,43.25503064936304
8264,t,43.25503064936304,43.25503064936304
8265,c,43.25503064936304,43.25503064936304
8266,t,43.25503064936304,43.25503064936304
8267,c,43.25503064936304,43.25503064936304
8268,c,43.25503064936304,43.25503064936304
8269,t,43.25503064936304,43.25503064936304
8270,c,43.25503064936304,43.25503064936304
8271,t,43.25503064936304,43.25503064936304
8272,c,43.25503064936304,43.25503064936304
8273,c,43.25503064936304,43.25503064936304
8274,c,43.25503064936304,43.25503064936304
8275,t,43.25503064936304,43.25503064936304
8276,c,43.25503064936304,43.25503064936304
8277,c,43.25503064936304,43.25503064936304
8278,t,43.25503064936304,43.25503064936304
8279,t,43.25503064936304,43.25503064936304
8280,c,43.25503064936304,43.25503064936304
8281,c,43.25503064936304,43.25503064936304
8282,c,43.25503064936304,43.25503064936304
8283,c,43.25503064936304,43.25503064936304
8284,c,43.25503064936304,43.25503064936304
8285,t,43.25503064936304,43.25503064936304
8286,c,43.25503064936304,43.25503064936304
8287,c,43.25503064936304,43.25503064936304
8288,c,20.901083571447582,30.681034936550304
8289,c,43.25503064936304,43.25503064936304
8290,c,43.25503064936304,43.25503064936304
8291,c,43.25503064936304,43.25503064936304
8292,c,43.25503064936304,43.25503064936304
8293,t,43.25503064936304,43.25503064936304
8294,c,43.25503064936304,43.25503064936304
8295,c,43.25503064936304,43.25503064936304
8296,c,43.25503064936304,43.25503064936304
8297,t,43.25503064936304,43.25503064936304
8298,t,43.25503064936304,43.25503064936304
8299,c,43.25503064936304,43.25503064936304
8300,c,43.25503064936304,43.25503064936304
8301,c,43.25503064936304,43.25503064936304
8302,c,43.25503064936304,43.25503064936304
8303,t,43.25503064936304,43.25503064936304
8304,t,43.25503064936304,43.25503064936304
8305,t,43.25503064936304,43.25503064936304
8306,c,43.25503064936304,43.25503064936304
8307,t,43.25503064936304,43.25503064936304
8308,t,43.25503064936304,43.25503064936304
8309,t,43.25503064936304,43.25503064936304
8310,c,43.25503064936304,43.25503064936304
8311,c,43.25503064936304,43.25503064936304
8312,t,43.25503064936304,43.25503064936304
8313,c,43.25503064936304,43.25503064936304
8314,c,43.25503064936304,43.25503064936304
8315,c,43.25503064936304,43.25503064936304
8316,t,43.25503064936304,43.25503064936304
8317,c,43.25503064936304,43.25503064936304
8318,c,43.25503064936304,43.25503064936304
8319,c,43.25503064936304,43.25503064936304
8320,c,43.25503064936304,43.25503064936304
8321,c,43.25503064936304,43.25503064936304
8322,c,43.25503064936304,43.25503064936304
8323,c,43.25503064936304,43.25503064936304
8324,t,43.25503064936304,43.25503064936304
8325,c,43.25503064936304,43.25503064936304
8326,c,43.25503064936304,43.25503064936304
8327,c,43.25503064936304,43.25503064936304
8328,t,43.25503064936304,43.25503064936304
8329,na,7.3714839045197795,16.186012280371138
8330,c,43.25503064936304,43.25503064936304
8331,c,43.25503064936304,43.25503064936304
8332,c,43.25503064936304,43.25503064936304
8333,c,43.25503064936304,43.25503064936304
8334,c,43.25503064936304,43.25503064936304
8335,t,43.25503064936304,43.25503064936304
8336,c,43.25503064936304,43.25503064936304
8337,c,43.25503064936304,43.25503064936304
8338,c,43.25503064936304,43.25503064936304
8339,c,43.25503064936304,43.25503064936304
8340,c,43.25503064936304,43.25503064936304
8341,t,43.25503064936304,43.25503064936304
8342,c,43.25503064936304,43.25503064936304
8343,c,43.25503064936304,43.25503064936304
8344,c,43.25503064936304,43.25503064936304
8345,t,43.25503064936304,43.25503064936304
8346,c,43.25503064936304,43.25503064936304
8347,c,43.25503064936304,43.25503064936304
8348,c,43.25503064936304,43.25503064936304
8349,t,43.25503064936304,43.25503064936304
8350,c,43.25503064936304,43.25503064936304
8351,c,43.25503064936304,43.25503064936304
8352,c,43.25503064936304,43.25503064936304
8353,t,43.25503064936304,43.25503064936304
8354,c,43.25503064936304,43.25503064936304
8355,c,43.25503064936304,43.25503064936304
8356,c,43.25503064936304,43.25503064936304
8357,c,43.25503064936304,43.25503064936304
8358,c,43.25503064936304,43.25503064936304
8359,c,43.25503064936304,43.25503064936304
8360,t,43.25503064936304,43.25503064936304
8361,t,43.25503064936304,43.25503064936304
8362,c,43.25503064936304,43.25503064936304
8363,c,43.25503064936304,43.25503064936304
8364,t,43.25503064936304,43.25503064936304
8365,c,2.5004624252210346,6.995122613715909
8366,t,43.25503064936304,43.25503064936304
8367,c,43.25503064936304,43.25503064936304
8368,c,43.25503064936304,43.25503064936304
8369,t,43.25503064936304,43.25503064936304
8370,t,43.25503064936304,43.25503064936304
8371,c,43.25503064936304,43.25503064936304
8372,na,0,15.969303694787984
8373,c,43.25503064936304,43.25503064936304
8374,t,43.25503064936304,43.25503064936304
8375,c,43.25503064936304,43.25503064936304
8376,c,43.25503064936304,43.25503064936304
8377,c,43.25503064936304,43.25503064936304
8378,c,43.25503064936304,43.25503064936304
8379,c,43.25503064936304,43.25503064936304
8380,t,43.25503064936304,43.25503064936304
8381,c,43.25503064936304,43.25503064936304
8382,c,43.25503064936304,43.25503064936304
8383,c,43.25503064936304,43.25503064936304
8384,c,43.25503064936304,43.25503064936304
8385,t,43.25503064936304,43.25503064936304
8386,c,43.25503064936304,43.25503064936304
8387,c,43.25503064936304,43.25503064936304
8388,t,43.25503064936304,43.25503064936304
8389,c,43.25503064936304,43.25503064936304
8390,c,43.25503064936304,43.25503064936304
8391,c,43.25503064936304,43.25503064936304
8392,c,43.25503064936304,43.25503064936304
8393,c,43.25503064936304,43.25503064936304
8394,c,43.25503064936304,43.25503064936304
8395,c,43.25503064936304,43.25503064936304
8396,c,43.25503064936304,43.25503064936304
8397,c,43.25503064936304,43.25503064936304
8398,c,43.25503064936304,43.25503064936304
8399,t,43.25503064936304,43.25503064936304
8400,c,43.25503064936304,43.25503064936304
8401,c,43.25503064936304,43.25503064936304
8402,c,43.25503064936304,43.25503064936304
8403,c,43.25503064936304,43.25503064936304
8404,c,43.25503064936304,43.25503064936304
8405,t,43.25503064936304,43.25503064936304
8406,c,43.25503064936304,43.25503064936304
8407,t,43.25503064936304,43.25503064936304
8408,c,43.25503064936304,43.25503064936304
8409,c,43.25503064936304,43.25503064936304
8410,c,43.25503064936304,43.25503064936304
8411,c,43.25503064936304,43.25503064936304
8412,c,43.25503064936304,43.25503064936304
8413,t,43.25503064936304,43.25503064936304
8414,t,43.25503064936304,43.25503064936304
8415,t,43.25503064936304,43.25503064936304
8416,c,43.25503064936304,43.25503064936304
8417,t,43.25503064936304,43.25503064936304
8418,t,43.25503064936304,43.25503064936304
8419,c,43.25503064936304,43.25503064936304
8420,c,43.25503064936304,43.25503064936304
8421,t,43.25503064936304,43.25503064936304
8422,c,43.25503064936304,43.25503064936304
8423,c,43.25503064936304,43.25503064936304
8424,c,43.25503064936304,43.25503064936304
8425,c,43.25503064936304,43.25503064936304
8426,c,43.25503064936304,43.25503064936304
8427,t,43.25503064936304,43.25503064936304
8428,c,43.25503064936304,43.25503064936304
8429,c,43.25503064936304,43.25503064936304
8430,c,43.25503064936304,43.25503064936304
8431,c,43.25503064936304,43.25503064936304
8432,c,43.25503064936304,43.25503064936304
8433,c,43.25503064936304,43.25503064936304
8434,c,43.25503064936304,43.25503064936304
8435,c,43.25503064936304,43.25503064936304
8436,c,43.25503064936304,43.25503064936304
8437,t,43.25503064936304,43.25503064936304
8438,c,43.25503064936304,43.25503064936304
8439,c,43.25503064936304,43.25503064936304
8440,na,0.7262768590011642,4.399842342815768
8441,c,43.25503064936304,43.25503064936304
8442,c,43.25503064936304,43.25503064936304
8443,t,43.25503064936304,43.25503064936304
8444,c,43.25503064936304,43.25503064936304
8445,t,43.25503064936304,43.25503064936304
8446,c,43.25503064936304,43.25503064936304
8447,c,43.25503064936304,43.25503064936304
8448,c,43.25503064936304,43.25503064936304
8449,c,43.25503064936304,43.25503064936304
8450,na,-1,0
8451,c,43.25503064936304,43.25503064936304
8452,c,43.25503064936304,43.25503064936304
8453,c,43.25503064936304,43.25503064936304
8454,t,43.25503064936304,43.25503064936304
8455,c,43.25503064936304,43.25503064936304
8456,c,43.25503064936304,43.25503064936304
8457,c,43.25503064936304,43.25503064936304
8458,c,43.25503064936304,43.25503064936304
8459,c,43.25503064936304,43.25503064936304
8460,t,43.25503064936304,43.25503064936304
8461,c,43.25503064936304,43.25503064936304
8462,c,43.25503064936304,43.25503064936304
8463,c,43.25503064936304,43.25503064936304
8464,t,43.25503064936304,43.25503064936304
8465,t,43.25503064936304,43.25503064936304
8466,c,43.25503064936304,43.25503064936304
8467,c,43.25503064936304,43.25503064936304
8468,c,43.25503064936304,43.25503064936304
8469,t,43.25503064936304,43.25503064936304
8470,c,43.25503064936304,43.25503064936304
8471,c,43.25503064936304,43.25503064936304
8472,c,43.25503064936304,43.25503064936304
8473,t,43.25503064936304,43.25503064936304
8474,t,43.25503064936304,43.25503064936304
8475,c,43.25503064936304,43.25503064936304
8476,c,43.25503064936304,43.25503064936304
8477,c,43.25503064936304,43.25503064936304
8478,c,43.25503064936304,43.25503064936304
8479,c,43.25503064936304,43.25503064936304
8480,c,43.25503064936304,43.25503064936304
8481,c,43.25503064936304,43.25503064936304
8482,c,43.25503064936304,43.25503064936304
8483,c,43.25503064936304,43.25503064936304
8484,c,43.25503064936304,43.25503064936304
8485,t,43.25503064936304,43.25503064936304
8486,c,43.25503064936304,43.25503064936304
8487,c,43.25503064936304,43.25503064936304
8488,c,43.25503064936304,43.25503064936304
8489,c,43.25503064936304,43.25503064936304
8490,c,43.25503064936304,43.25503064936304
8491,t,43.25503064936304,43.25503064936304
8492,c,43.25503064936304,43.25503064936304
8493,c,43.25503064936304,43.25503064936304
8494,c,43.25503064936304,43.25503064936304
8495,c,43.25503064936304,43.25503064936304
8496,c,43.25503064936304,43.25503064936304
8497,c,43.25503064936304,43.25503064936304
8498,c,43.25503064936304,43.25503064936304
8499,c,43.25503064936304,43.25503064936304
8500,c,43.25503064936304,43.25503064936304
8501,c,43.25503064936304,43.25503064936304
8502,c,43.25503064936304,43.25503064936304
8503,c,43.25503064936304,43.25503064936304
8504,c,43.25503064936304,43.25503064936304
8505,c,43.25503064936304,43.25503064936304
8506,c,43.25503064936304,43.25503064936304
8507,c,43.25503064936304,43.25503064936304
8508,c,43.25503064936304,43.25503064936304
8509,c,43.25503064936304,43.25503064936304
8510,c,43.25503064936304,43.25503064936304
8511,c,43.25503064936304,43.25503064936304
8512,c,43.25503064936304,43.25503064936304
8513,c,43.25503064936304,43.25503064936304
8514,c,43.25503064936304,43.25503064936304
8515,t,43.25503064936304,43.25503064936304
8516,c,43.25503064936304,43.25503064936304
8517,c,43.25503064936304,43.25503064936304
8518,c,43.25503064936304,43.25503064936304
8519,t,43.25503064936304,43.25503064936304
8520,c,43.25503064936304,43.25503064936304
8521,c,43.25503064936304,43.25503064936304
8522,c,32.26654476354383,36.08526378608651
8523,c,43.25503064936304,43.25503064936304
8524,c,43.25503064936304,43.25503064936304
8525,c,43.25503064936304,43.25503064936304
8526,t,43.25503064936304,43.25503064936304
8527,t,43.25503064936304,43.25503064936304
8528,c,43.25503064936304,43.25503064936304
8529,c,43.25503064936304,43.25503064936304
8530,c,43.25503064936304,43.25503064936304
8531,c,43.25503064936304,43.25503064936304
8532,c,43.25503064936304,43.25503064936304
8533,c,43.25503064936304,43.25503064936304
8534,c,43.25503064936304,43.25503064936304
8535,c,43.25503064936304,43.25503064936304
8536,c,43.25503064936304,43.25503064936304
8537,c,43.25503064936304,43.25503064936304
8538,c,43.25503064936304,43.25503064936304
8539,c,43.25503064936304,43.25503064936304
8540,t,43.25503064936304,43.25503064936304
8541,c,43.25503064936304,43.25503064936304
8542,c,43.25503064936304,43.25503064936304
8543,t,43.25503064936304,43.25503064936304
8544,c,4.6845821023289105,43.25503064936304
8545,c,43.25503064936304,43.25503064936304
8546,t,43.25503064936304,43.25503064936304
8547,c,43.25503064936304,43.25503064936304
8548,t,43.25503064936304,43.25503064936304
8549,c,43.25503064936304,43.25503064936304
8550,c,43.25503064936304,43.25503064936304
8551,c,43.25503064936304,43.25503064936304
8552,c,43.25503064936304,43.25503064936304
8553,c,43.25503064936304,43.25503064936304
8554,c,43.25503064936304,43.25503064936304
8555,c,43.25503064936304,43.25503064936304
8556,c,43.25503064936304,43.25503064936304
8557,c,43.25503064936304,43.25503064936304
8558,c,43.25503064936304,43.25503064936304
8559,c,43.25503064936304,43.25503064936304
8560,c,10.28382429543618,11.446205127629423
8561,c,43.25503064936304,43.25503064936304
8562,t,43.25503064936304,43.25503064936304
8563,c,43.25503064936304,43.25503064936304
8564,c,43.25503064936304,43.25503064936304
8565,c,43.25503064936304,43.25503064936304
8566,t,43.25503064936304,43.25503064936304
8567,c,43.25503064936304,43.25503064936304
8568,c,43.25503064936304,43.25503064936304
8569,c,43.25503064936304,43.25503064936304
8570,t,43.25503064936304,43.25503064936304
8571,c,43.25503064936304,43.25503064936304
8572,t,43.25503064936304,43.25503064936304
8573,t,43.25503064936304,43.25503064936304
8574,c,9.703685138328808,13.46081110827067
8575,c,43.25503064936304,43.25503064936304
8576,c,43.25503064936304,43.25503064936304
8577,c,43.25503064936304,43.25503064936304
8578,c,43.25503064936304,43.25503064936304
8579,c,43.25503064936304,43.25503064936304
8580,c,43.25503064936304,43.25503064936304
8581,c,43.25503064936304,43.25503064936304
8582,c,43.25503064936304,43.25503064936304
8583,c,43.25503064936304,43.25503064936304
8584,c,43.25503064936304,43.25503064936304
8585,c,43.25503064936304,43.25503064936304
8586,c,0.9356429053772147,21.194936771143183
8587,c,43.25503064936304,43.25503064936304
8588,c,43.25503064936304,43.25503064936304
8589,c,43.25503064936304,43.25503064936304
8590,c,43.25503064936304,43.25503064936304
8591,c,43.25503064936304,43.25503064936304
8592,c,43.25503064936304,43.25503064936304
8593,c,43.25503064936304,43.25503064936304
8594,c,43.25503064936304,43.25503064936304
8595,t,43.25503064936304,43.25503064936304
8596,c,43.25503064936304,43.25503064936304
8597,c,43.25503064936304,43.25503064936304
8598,t,43.25503064936304,43.25503064936304
8599,t,43.25503064936304,43.25503064936304
8600,c,43.25503064936304,43.25503064936304
8601,c,12.464546913135514,22.80783318184563
8602,c,43.25503064936304,43.25503064936304
8603,c,43.25503064936304,43.25503064936304
8604,c,43.25503064936304,43.25503064936304
8605,c,43.25503064936304,43.25503064936304
8606,c,43.25503064936304,43.25503064936304
8607,c,43.25503064936304,43.25503064936304
8608,c,43.25503064936304,43.25503064936304
8609,c,43.25503064936304,43.25503064936304
8610,c,43.25503064936304,43.25503064936304
8611,c,43.25503064936304,43.25503064936304
8612,c,43.25503064936304,43.25503064936304
8613,c,43.25503064936304,43.25503064936304
8614,t,43.25503064936304,43.25503064936304
8615,c,43.25503064936304,43.25503064936304
8616,c,43.25503064936304,43.25503064936304
8617,c,43.25503064936304,43.25503064936304
8618,c,43.25503064936304,43.25503064936304
8619,t,43.25503064936304,43.25503064936304
8620,c,43.25503064936304,43.25503064936304
8621,c,43.25503064936304,43.25503064936304
8622,c,43.25503064936304,43.25503064936304
8623,c,43.25503064936304,43.25503064936304
8624,c,43.25503064936304,43.25503064936304
8625,t,43.25503064936304,43.25503064936304
8626,c,43.25503064936304,43.25503064936304
8627,c,43.25503064936304,43.25503064936304
8628,c,43.25503064936304,43.25503064936304
8629,c,43.25503064936304,43.25503064936304
8630,c,43.25503064936304,43.25503064936304
8631,c,43.25503064936304,43.25503064936304
8632,c,43.25503064936304,43.25503064936304
8633,c,43.25503064936304,43.25503064936304
8634,c,43.25503064936304,43.25503064936304
8635,c,43.25503064936304,43.25503064936304
8636,c,43.25503064936304,43.25503064936304
8637,c,43.25503064936304,43.25503064936304
8638,c,43.25503064936304,43.25503064936304
8639,c,43.25503064936304,43.25503064936304
8640,c,43.25503064936304,43.25503064936304
8641,c,43.25503064936304,43.25503064936304
8642,c,43.25503064936304,43.25503064936304
8643,c,43.25503064936304,43.25503064936304
8644,t,43.25503064936304,43.25503064936304
8645,t,43.25503064936304,43.25503064936304
8646,c,43.25503064936304,43.25503064936304
8647,t,43.25503064936304,43.25503064936304
8648,c,43.25503064936304,43.25503064936304
8649,c,43.25503064936304,43.25503064936304
8650,c,43.25503064936304,43.25503064936304
8651,c,43.25503064936304,43.25503064936304
8652,c,43.25503064936304,43.25503064936304
8653,t,43.25503064936304,43.25503064936304
8654,c,43.25503064936304,43.25503064936304
8655,c,43.25503064936304,43.25503064936304
8656,c,43.25503064936304,43.25503064936304
8657,c,43.25503064936304,43.25503064936304
8658,c,43.25503064936304,43.25503064936304
8659,t,43.25503064936304,43.25503064936304
8660,c,43.25503064936304,43.25503064936304
8661,c,43.25503064936304,43.25503064936304
8662,c,43.25503064936304,43.25503064936304
8663,c,43.25503064936304,43.25503064936304
8664,c,43.25503064936304,43.25503064936304
8665,c,43.25503064936304,43.25503064936304
8666,c,43.25503064936304,43.25503064936304
8667,c,43.25503064936304,43.25503064936304
8668,c,43.25503064936304,43.25503064936304
8669,c,43.25503064936304,43.25503064936304
8670,c,43.25503064936304,43.25503064936304
8671,c,43.25503064936304,43.25503064936304
8672,c,43.25503064936304,43.25503064936304
8673,c,43.25503064936304,43.25503064936304
8674,c,43.25503064936304,43.25503064936304
8675,c,43.25503064936304,43.25503064936304
8676,c,43.25503064936304,43.25503064936304
8677,c,43.25503064936304,43.25503064936304
8678,t,43.25503064936304,43.25503064936304
8679,na,0,0.28202487181187047
8680,c,43.25503064936304,43.25503064936304
8681,c,43.25503064936304,43.25503064936304
8682,c,43.25503064936304,43.25503064936304
8683,c,43.25503064936304,43.25503064936304
8684,c,43.25503064936304,43.25503064936304
8685,c,43.25503064936304,43.25503064936304
8686,c,43.25503064936304,43.25503064936304
8687,c,43.25503064936304,43.25503064936304
8688,t,43.25503064936304,43.25503064936304
8689,c,43.25503064936304,43.25503064936304
8690,t,43.25503064936304,43.25503064936304
8691,c,43.25503064936304,43.25503064936304
8692,c,43.25503064936304,43.25503064936304
8693,c,43.25503064936304,43.25503064936304
8694,c,43.25503064936304,43.25503064936304
8695,c,43.25503064936304,43.25503064936304
8696,c,43.25503064936304,43.25503064936304
8697,c,43.25503064936304,43.25503064936304
8698,c,6.2472058225755145,7.670884997921048
8699,c,43.25503064936304,43.25503064936304
8700,c,43.25503064936304,43.25503064936304
8701,c,43.25503064936304,43.25503064936304
8702,t,43.25503064936304,43.25503064936304
8703,c,43.25503064936304,43.25503064936304
8704,c,43.25503064936304,43.25503064936304
8705,c,43.25503064936304,43.25503064936304
8706,c,43.25503064936304,43.25503064936304
8707,c,43.25503064936304,43.25503064936304
8708,c,43.25503064936304,43.25503064936304
8709,t,43.25503064936304,43.25503064936304
8710,c,43.25503064936304,43.25503064936304
8711,c,43.25503064936304,43.25503064936304
8712,c,43.25503064936304,43.25503064936304
8713,t,43.25503064936304,43.25503064936304
8714,c,43.25503064936304,43.25503064936304
8715,t,43.25503064936304,43.25503064936304
8716,c,43.25503064936304,43.25503064936304
8717,t,43.25503064936304,43.25503064936304
8718,t,43.25503064936304,43.25503064936304
8719,c,43.25503064936304,43.25503064936304
8720,t,43.25503064936304,43.25503064936304
8721,c,43.25503064936304,43.25503064936304
8722,c,43.25503064936304,43.25503064936304
8723,c,2.8318602059753295,6.546997266558562
8724,c,43.25503064936304,43.25503064936304
8725,t,43.25503064936304,43.25503064936304
8726,c,43.25503064936304,43.25503064936304
8727,c,43.25503064936304,43.25503064936304
8728,c,43.25503064936304,43.25503064936304
8729,c,43.25503064936304,43.25503064936304
8730,c,43.25503064936304,43.25503064936304
8731,c,43.25503064936304,43.25503064936304
8732,c,43.25503064936304,43.25503064936304
8733,c,43.25503064936304,43.25503064936304
8734,c,43.25503064936304,43.25503064936304
8735,c,43.25503064936304,43.25503064936304
8736,c,43.25503064936304,43.25503064936304
8737,c,43.25503064936304,43.25503064936304
8738,c,43.25503064936304,43.25503064936304
8739,t,43.25503064936304,43.25503064936304
8740,c,43.25503064936304,43.25503064936304
8741,c,43.25503064936304,43.25503064936304
8742,c,43.25503064936304,43.25503064936304
8743,c,43.25503064936304,43.25503064936304
8744,c,43.25503064936304,43.25503064936304
8745,c,43.25503064936304,43.25503064936304
8746,c,43.25503064936304,43.25503064936304
8747,c,43.25503064936304,43.25503064936304
8748,c,43.25503064936304,43.25503064936304
8749,c,43.25503064936304,43.25503064936304
8750,c,43.25503064936304,43.25503064936304
8751,c,43.25503064936304,43.25503064936304
8752,c,43.25503064936304,43.25503064936304
8753,c,43.25503064936304,43.25503064936304
8754,c,43.25503064936304,43.25503064936304
8755,c,43.25503064936304,43.25503064936304
8756,c,43.25503064936304,43.25503064936304
8757,c,43.25503064936304,43.25503064936304
8758,c,43.25503064936304,43.25503064936304
8759,c,43.25503064936304,43.25503064936304
8760,c,43.25503064936304,43.25503064936304
8761,t,43.25503064936304,43.25503064936304
8762,c,43.25503064936304,43.25503064936304
8763,c,43.25503064936304,43.25503064936304
8764,t,43.25503064936304,43.25503064936304
8765,c,43.25503064936304,43.25503064936304
8766,c,43.25503064936304,43.25503064936304
8767,c,43.25503064936304,43.25503064936304
8768,c,43.25503064936304,43.25503064936304
8769,c,43.25503064936304,43.25503064936304
8770,c,43.25503064936304,43.25503064936304
8771,c,43.25503064936304,43.25503064936304
8772,c,43.25503064936304,43.25503064936304
8773,na,0,1.3655980278586768
8774,c,43.25503064936304,43.25503064936304
8775,c,43.25503064936304,43.25503064936304
8776,c,18.605651067864393,20.17381081725057
8777,c,43.25503064936304,43.25503064936304
8778,c,43.25503064936304,43.25503064936304
8779,c,43.25503064936304,43.25503064936304
8780,c,43.25503064936304,43.25503064936304
8781,c,43.25503064936304,43.25503064936304
8782,c,43.25503064936304,43.25503064936304
8783,c,43.25503064936304,43.25503064936304
8784,t,43.25503064936304,43.25503064936304
8785,t,43.25503064936304,43.25503064936304
8786,c,43.25503064936304,43.25503064936304
8787,c,43.25503064936304,43.25503064936304
8788,c,43.25503064936304,43.25503064936304
8789,t,43.25503064936304,43.25503064936304
8790,t,43.25503064936304,43.25503064936304
8791,c,43.25503064936304,43.25503064936304
8792,c,43.25503064936304,43.25503064936304
8793,t,43.25503064936304,43.25503064936304
8794,c,43.25503064936304,43.25503064936304
8795,t,43.25503064936304,43.25503064936304
8796,c,43.25503064936304,43.25503064936304
8797,c,43.25503064936304,43.25503064936304
8798,c,43.25503064936304,43.25503064936304
8799,c,43.25503064936304,43.25503064936304
8800,c,43.25503064936304,43.25503064936304
8801,c,43.25503064936304,43.25503064936304
8802,t,43.25503064936304,43.25503064936304
8803,c,43.25503064936304,43.25503064936304
8804,c,43.25503064936304,43.25503064936304
8805,c,43.25503064936304,43.25503064936304
8806,c,43.25503064936304,43.25503064936304
8807,c,43.25503064936304,43.25503064936304
8808,c,43.25503064936304,43.25503064936304
8809,c,43.25503064936304,43.25503064936304
8810,t,43.25503064936304,43.25503064936304
8811,c,43.25503064936304,43.25503064936304
8812,c,43.25503064936304,43.25503064936304
8813,c,43.25503064936304,43.25503064936304
8814,c,43.25503064936304,43.25503064936304
8815,c,43.25503064936304,43.25503064936304
8816,t,43.25503064936304,43.25503064936304
8817,t,43.25503064936304,43.25503064936304
8818,c,43.25503064936304,43.25503064936304
8819,c,43.25503064936304,43.25503064936304
8820,c,43.25503064936304,43.25503064936304
8821,c,43.25503064936304,43.25503064936304
8822,c,43.25503064936304,43.25503064936304
8823,t,43.25503064936304,43.25503064936304
8824,c,43.25503064936304,43.25503064936304
8825,c,43.25503064936304,43.25503064936304
8826,c,43.25503064936304,43.25503064936304
8827,c,43.25503064936304,43.25503064936304
8828,c,43.25503064936304,43.25503064936304
8829,c,43.25503064936304,43.25503064936304
8830,c,43.25503064936304,43.25503064936304
8831,c,43.25503064936304,43.25503064936304
8832,c,43.25503064936304,43.25503064936304
8833,c,43.25503064936304,43.25503064936304
8834,c,43.25503064936304,43.25503064936304
8835,c,43.25503064936304,43.25503064936304
8836,t,43.25503064936304,43.25503064936304
8837,c,43.25503064936304,43.25503064936304
8838,c,43.25503064936304,43.25503064936304
8839,c,43.25503064936304,43.25503064936304
8840,c,43.25503064936304,43.25503064936304
8841,c,43.25503064936304,43.25503064936304
8842,c,43.25503064936304,43.25503064936304
8843,c,43.25503064936304,43.25503064936304
8844,c,43.25503064936304,43.25503064936304
8845,t,43.25503064936304,43.25503064936304
8846,c,43.25503064936304,43.25503064936304
8847,t,43.25503064936304,43.25503064936304
8848,c,43.25503064936304,43.25503064936304
8849,c,43.25503064936304,43.25503064936304
8850,c,43.25503064936304,43.25503064936304
8851,c,43.25503064936304,43.25503064936304
8852,t,43.25503064936304,43.25503064936304
8853,c,43.25503064936304,43.25503064936304
8854,t,43.25503064936304,43.25503064936304
8855,c,43.25503064936304,43.25503064936304
8856,c,43.25503064936304,43.25503064936304
8857,c,43.25503064936304,43.25503064936304
8858,c,43.25503064936304,43.25503064936304
8859,c,43.25503064936304,43.25503064936304
8860,c,43.25503064936304,43.25503064936304
8861,c,43.25503064936304,43.25503064936304
8862,t,43.25503064936304,43.25503064936304
8863,c,43.25503064936304,43.25503064936304
8864,c,43.25503064936304,43.25503064936304
8865,c,43.25503064936304,43.25503064936304
8866,c,43.25503064936304,43.25503064936304
8867,c,43.25503064936304,43.25503064936304
8868,c,43.25503064936304,43.25503064936304
8869,c,43.25503064936304,43.25503064936304
8870,c,43.25503064936304,43.25503064936304
8871,c,43.25503064936304,43.25503064936304
8872,c,43.25503064936304,43.25503064936304
8873,c,43.25503064936304,43.25503064936304
8874,c,43.25503064936304,43.25503064936304
8875,c,43.25503064936304,43.25503064936304
8876,c,43.25503064936304,43.25503064936304
8877,c,43.25503064936304,43.25503064936304
8878,c,43.25503064936304,43.25503064936304
8879,c,43.25503064936304,43.25503064936304
8880,c,43.25503064936304,43.25503064936304
8881,c,43.25503064936304,43.25503064936304
8882,c,43.25503064936304,43.25503064936304
8883,t,43.25503064936304,43.25503064936304
8884,c,43.25503064936304,43.25503064936304
8885,c,43.25503064936304,43.25503064936304
8886,c,43.25503064936304,43.25503064936304
8887,t,43.25503064936304,43.25503064936304
8888,c,43.25503064936304,43.25503064936304
8889,c,43.25503064936304,43.25503064936304
8890,c,43.25503064936304,43.25503064936304
8891,c,43.25503064936304,43.25503064936304
8892,c,43.25503064936304,43.25503064936304
8893,c,43.25503064936304,43.25503064936304
8894,c,43.25503064936304,43.25503064936304
8895,c,43.25503064936304,43.25503064936304
8896,c,43.25503064936304,43.25503064936304
8897,c,43.25503064936304,43.25503064936304
8898,c,43.25503064936304,43.25503064936304
8899,c,43.25503064936304,43.25503064936304
8900,c,43.25503064936304,43.25503064936304
8901,c,43.25503064936304,43.25503064936304
8902,c,43.25503064936304,43.25503064936304
8903,c,43.25503064936304,43.25503064936304
8904,c,43.25503064936304,43.25503064936304
8905,c,43.25503064936304,43.25503064936304
8906,c,43.25503064936304,43.25503064936304
8907,c,43.25503064936304,43.25503064936304
8908,c,43.25503064936304,43.25503064936304
8909,c,43.25503064936304,43.25503064936304
8910,c,43.25503064936304,43.25503064936304
8911,c,43.25503064936304,43.25503064936304
8912,c,43.25503064936304,43.25503064936304
8913,c,43.25503064936304,43.25503064936304
8914,c,43.25503064936304,43.25503064936304
8915,t,43.25503064936304,43.25503064936304
8916,c,43.25503064936304,43.25503064936304
8917,c,43.25503064936304,43.25503064936304
8918,c,43.25503064936304,43.25503064936304
8919,t,43.25503064936304,43.25503064936304
8920,c,43.25503064936304,43.25503064936304
8921,c,43.25503064936304,43.25503064936304
8922,c,43.25503064936304,43.25503064936304
8923,c,43.25503064936304,43.25503064936304
8924,t,43.25503064936304,43.25503064936304
8925,c,43.25503064936304,43.25503064936304
8926,t,43.25503064936304,43.25503064936304
8927,c,43.25503064936304,43.25503064936304
8928,c,43.25503064936304,43.25503064936304
8929,t,43.25503064936304,43.25503064936304
8930,c,43.25503064936304,43.25503064936304
8931,t,43.25503064936304,43.25503064936304
8932,t,43.25503064936304,43.25503064936304
8933,c,43.25503064936304,43.25503064936304
8934,c,43.25503064936304,43.25503064936304
8935,c,43.25503064936304,43.25503064936304
8936,c,43.25503064936304,43.25503064936304
8937,c,43.25503064936304,43.25503064936304
8938,c,43.25503064936304,43.25503064936304
8939,t,43.25503064936304,43.25503064936304
8940,t,43.25503064936304,43.25503064936304
8941,c,10.374914632860445,11.00137717249565
8942,c,43.25503064936304,43.25503064936304
8943,c,43.25503064936304,43.25503064936304
8944,c,43.25503064936304,43.25503064936304
8945,c,43.25503064936304,43.25503064936304
8946,c,43.25503064936304,43.25503064936304
8947,c,43.25503064936304,43.25503064936304
8948,c,43.25503064936304,43.25503064936304
8949,c,43.25503064936304,43.25503064936304
8950,c,43.25503064936304,43.25503064936304
8951,c,43.25503064936304,43.25503064936304
8952,c,43.25503064936304,43.25503064936304
8953,c,43.25503064936304,43.25503064936304
8954,c,43.25503064936304,43.25503064936304
8955,c,43.25503064936304,43.25503064936304
8956,c,43.25503064936304,43.25503064936304
8957,t,43.25503064936304,43.25503064936304
8958,c,43.25503064936304,43.25503064936304
8959,c,43.25503064936304,43.25503064936304
8960,c,43.25503064936304,43.25503064936304
8961,t,43.25503064936304,43.25503064936304
8962,c,43.25503064936304,43.25503064936304
8963,t,43.25503064936304,43.25503064936304
8964,t,43.25503064936304,43.25503064936304
8965,c,43.25503064936304,43.25503064936304
8966,t,43.25503064936304,43.25503064936304
8967,c,43.25503064936304,43.25503064936304
8968,t,43.25503064936304,43.25503064936304
8969,c,43.25503064936304,43.25503064936304
8970,c,43.25503064936304,43.25503064936304
8971,c,43.25503064936304,43.25503064936304
8972,t,43.25503064936304,43.25503064936304
8973,c,43.25503064936304,43.25503064936304
8974,c,43.25503064936304,43.25503064936304
8975,c,43.25503064936304,43.25503064936304
8976,c,43.25503064936304,43.25503064936304
8977,c,43.25503064936304,43.25503064936304
8978,c,43.25503064936304,43.25503064936304
8979,t,43.25503064936304,43.25503064936304
8980,t,43.25503064936304,43.25503064936304
8981,c,43.25503064936304,43.25503064936304
8982,c,43.25503064936304,43.25503064936304
8983,c,43.25503064936304,43.25503064936304
8984,c,43.25503064936304,43.25503064936304
8985,c,43.25503064936304,43.25503064936304
8986,c,21.708354474543015,22.85423692735929
8987,c,43.25503064936304,43.25503064936304
8988,c,43.25503064936304,43.25503064936304
8989,t,43.25503064936304,43.25503064936304
8990,c,43.25503064936304,43.25503064936304
8991,c,43.25503064936304,43.25503064936304
8992,c,43.25503064936304,43.25503064936304
8993,c,43.25503064936304,43.25503064936304
8994,c,43.25503064936304,43.25503064936304
8995,c,43.25503064936304,43.25503064936304
8996,c,43.25503064936304,43.25503064936304
8997,c,43.25503064936304,43.25503064936304
8998,na,4.315738909969322,9.999324884967672
8999,c,43.25503064936304,43.25503064936304
9000,c,43.25503064936304,43.25503064936304
9001,t,43.25503064936304,43.25503064936304
9002,c,43.25503064936304,43.25503064936304
9003,c,43.25503064936304,43.25503064936304
9004,c,43.25503064936304,43.25503064936304
9005,t,43.25503064936304,43.25503064936304
9006,c,43.25503064936304,43.25503064936304
9007,c,43.25503064936304,43.25503064936304
9008,t,43.25503064936304,43.25503064936304
9009,t,43.25503064936304,43.25503064936304
9010,c,43.25503064936304,43.25503064936304
9011,c,43.25503064936304,43.25503064936304
9012,c,43.25503064936304,43.25503064936304
9013,c,43.25503064936304,43.25503064936304
9014,c,43.25503064936304,43.25503064936304
9015,c,43.25503064936304,43.25503064936304
9016,c,43.25503064936304,43.25503064936304
9017,c,43.25503064936304,43.25503064936304
9018,t,43.25503064936304,43.25503064936304
9019,c,43.25503064936304,43.25503064936304
9020,t,43.25503064936304,43.25503064936304
9021,c,43.25503064936304,43.25503064936304
9022,c,43.25503064936304,43.25503064936304
9023,c,43.25503064936304,43.25503064936304
9024,c,43.25503064936304,43.25503064936304
9025,t,43.25503064936304,43.25503064936304
9026,c,43.25503064936304,43.25503064936304
9027,t,43.25503064936304,43.25503064936304
9028,t,43.25503064936304,43.25503064936304
9029,c,13.059481199256227,24.595378456638702
9030,c,43.25503064936304,43.25503064936304
9031,t,43.25503064936304,43.25503064936304
9032,t,43.25503064936304,43.25503064936304
9033,t,43.25503064936304,43.25503064936304
9034,c,43.25503064936304,43.25503064936304
9035,c,43.25503064936304,43.25503064936304
9036,c,43.25503064936304,43.25503064936304
9037,c,43.25503064936304,43.25503064936304
9038,c,43.25503064936304,43.25503064936304
9039,c,43.25503064936304,43.25503064936304
9040,c,43.25503064936304,43.25503064936304
9041,c,43.25503064936304,43.25503064936304
9042,c,43.25503064936304,43.25503064936304
9043,c,43.25503064936304,43.25503064936304
9044,c,43.25503064936304,43.25503064936304
9045,c,43.25503064936304,43.25503064936304
9046,c,43.25503064936304,43.25503064936304
9047,c,43.25503064936304,43.25503064936304
9048,c,43.25503064936304,43.25503064936304
9049,t,43.25503064936304,43.25503064936304
9050,c,43.25503064936304,43.25503064936304
9051,c,43.25503064936304,43.25503064936304
9052,c,43.25503064936304,43.25503064936304
9053,t,43.25503064936304,43.25503064936304
9054,c,7.298358808163616,43.25503064936304
9055,c,43.25503064936304,43.25503064936304
9056,c,43.25503064936304,43.25503064936304
9057,c,43.25503064936304,43.25503064936304
9058,c,43.25503064936304,43.25503064936304
9059,t,43.25503064936304,43.25503064936304
9060,t,43.25503064936304,43.25503064936304
9061,c,43.25503064936304,43.25503064936304
9062,t,43.25503064936304,43.25503064936304
9063,c,43.25503064936304,43.25503064936304
9064,c,43.25503064936304,43.25503064936304
9065,c,43.25503064936304,43.25503064936304
9066,c,43.25503064936304,43.25503064936304
9067,t,43.25503064936304,43.25503064936304
9068,c,43.25503064936304,43.25503064936304
9069,c,43.25503064936304,43.25503064936304
9070,t,43.25503064936304,43.25503064936304
9071,c,43.25503064936304,43.25503064936304
9072,t,43.25503064936304,43.25503064936304
9073,t,43.25503064936304,43.25503064936304
9074,c,43.25503064936304,43.25503064936304
9075,c,43.25503064936304,43.25503064936304
9076,c,43.25503064936304,43.25503064936304
9077,t,43.25503064936304,43.25503064936304
9078,c,43.25503064936304,43.25503064936304
9079,t,43.25503064936304,43.25503064936304
9080,c,43.25503064936304,43.25503064936304
9081,c,43.25503064936304,43.25503064936304
9082,c,43.25503064936304,43.25503064936304
9083,t,43.25503064936304,43.25503064936304
9084,t,43.25503064936304,43.25503064936304
9085,c,43.25503064936304,43.25503064936304
9086,t,43.25503064936304,43.25503064936304
9087,c,43.25503064936304,43.25503064936304
9088,c,43.25503064936304,43.25503064936304
9089,c,43.25503064936304,43.25503064936304
9090,c,43.25503064936304,43.25503064936304
9091,c,43.25503064936304,43.25503064936304
9092,c,43.25503064936304,43.25503064936304
9093,c,43.25503064936304,43.25503064936304
9094,c,43.25503064936304,43.25503064936304
9095,c,43.25503064936304,43.25503064936304
9096,t,43.25503064936304,43.25503064936304
9097,t,43.25503064936304,43.25503064936304
9098,t,43.25503064936304,43.25503064936304
9099,na,4.260131857015271,5.47557514541777
9100,t,43.25503064936304,43.25503064936304
9101,c,43.25503064936304,43.25503064936304
9102,c,43.25503064936304,43.25503064936304
9103,c,43.25503064936304,43.25503064936304
9104,c,43.25503064936304,43.25503064936304
9105,c,43.25503064936304,43.25503064936304
9106,c,43.25503064936304,43.25503064936304
9107,c,43.25503064936304,43.25503064936304
9108,c,43.25503064936304,43.25503064936304
9109,c,43.25503064936304,43.25503064936304
9110,c,43.25503064936304,43.25503064936304
9111,c,43.25503064936304,43.25503064936304
9112,c,43.25503064936304,43.25503064936304
9113,t,43.25503064936304,43.25503064936304
9114,c,43.25503064936304,43.25503064936304
9115,t,43.25503064936304,43.25503064936304
9116,c,43.25503064936304,43.25503064936304
9117,c,43.25503064936304,43.25503064936304
9118,c,43.25503064936304,43.25503064936304
9119,c,43.25503064936304,43.25503064936304
9120,c,43.25503064936304,43.25503064936304
9121,t,43.25503064936304,43.25503064936304
9122,t,43.25503064936304,43.25503064936304
9123,c,43.25503064936304,43.25503064936304
9124,c,43.25503064936304,43.25503064936304
9125,c,43.25503064936304,43.25503064936304
9126,c,43.25503064936304,43.25503064936304
9127,c,43.25503064936304,43.25503064936304
9128,t,43.25503064936304,43.25503064936304
9129,t,43.25503064936304,43.25503064936304
9130,t,43.25503064936304,43.25503064936304
9131,c,43.25503064936304,43.25503064936304
9132,c,43.25503064936304,43.25503064936304
9133,c,43.25503064936304,43.25503064936304
9134,c,43.25503064936304,43.25503064936304
9135,c,43.25503064936304,43.25503064936304
9136,c,43.25503064936304,43.25503064936304
9137,c,43.25503064936304,43.25503064936304
9138,c,43.25503064936304,43.25503064936304
9139,c,43.25503064936304,43.25503064936304
9140,c,43.25503064936304,43.25503064936304
9141,c,43.25503064936304,43.25503064936304
9142,c,43.25503064936304,43.25503064936304
9143,c,43.25503064936304,43.25503064936304
9144,c,43.25503064936304,43.25503064936304
9145,c,43.25503064936304,43.25503064936304
9146,c,43.25503064936304,43.25503064936304
9147,c,43.25503064936304,43.25503064936304
9148,c,43.25503064936304,43.25503064936304
9149,c,43.25503064936304,43.25503064936304
9150,c,43.25503064936304,43.25503064936304
9151,c,43.25503064936304,43.25503064936304
9152,c,43.25503064936304,43.25503064936304
9153,c,43.25503064936304,43.25503064936304
9154,c,43.25503064936304,43.25503064936304
9155,c,43.25503064936304,43.25503064936304
9156,c,43.25503064936304,43.25503064936304
9157,t,43.25503064936304,43.25503064936304
9158,c,43.25503064936304,43.25503064936304
9159,c,43.25503064936304,43.25503064936304
9160,c,43.25503064936304,43.25503064936304
9161,c,43.25503064936304,43.25503064936304
9162,c,43.25503064936304,43.25503064936304
9163,c,43.25503064936304,43.25503064936304
9164,t,43.25503064936304,43.25503064936304
9165,c,43.25503064936304,43.25503064936304
9166,c,43.25503064936304,43.25503064936304
9167,c,43.25503064936304,43.25503064936304
9168,c,43.25503064936304,43.25503064936304
9169,t,43.25503064936304,43.25503064936304
9170,c,43.25503064936304,43.25503064936304
9171,c,43.25503064936304,43.25503064936304
9172,c,43.25503064936304,43.25503064936304
9173,c,43.25503064936304,43.25503064936304
9174,t,43.25503064936304,43.25503064936304
9175,t,43.25503064936304,43.25503064936304
9176,c,43.25503064936304,43.25503064936304
9177,c,43.25503064936304,43.25503064936304
9178,c,43.25503064936304,43.25503064936304
9179,c,43.25503064936304,43.25503064936304
9180,c,43.25503064936304,43.25503064936304
9181,c,43.25503064936304,43.25503064936304
9182,c,43.25503064936304,43.25503064936304
9183,c,43.25503064936304,43.25503064936304
9184,c,43.25503064936304,43.25503064936304
9185,t,43.25503064936304,43.25503064936304
9186,na,-1,0
9187,c,43.25503064936304,43.25503064936304
9188,c,43.25503064936304,43.25503064936304
9189,c,43.25503064936304,43.25503064936304
9190,c,43.25503064936304,43.25503064936304
9191,t,43.25503064936304,43.25503064936304
9192,c,43.25503064936304,43.25503064936304
9193,c,43.25503064936304,43.25503064936304
9194,t,43.25503064936304,43.25503064936304
9195,c,43.25503064936304,43.25503064936304
9196,c,43.25503064936304,43.25503064936304
9197,c,43.25503064936304,43.25503064936304
9198,c,43.25503064936304,43.25503064936304
9199,c,43.25503064936304,43.25503064936304
9200,t,43.25503064936304,43.25503064936304
9201,t,43.25503064936304,43.25503064936304
9202,c,43.25503064936304,43.25503064936304
9203,t,43.25503064936304,43.25503064936304
9204,t,43.25503064936304,43.25503064936304
9205,c,43.25503064936304,43.25503064936304
9206,c,43.25503064936304,43.25503064936304
9207,t,43.25503064936304,43.25503064936304
9208,c,43.25503064936304,43.25503064936304
9209,t,43.25503064936304,43.25503064936304
9210,c,43.25503064936304,43.25503064936304
9211,c,43.25503064936304,43.25503064936304
9212,c,43.25503064936304,43.25503064936304
9213,c,43.25503064936304,43.25503064936304
9214,c,43.25503064936304,43.25503064936304
9215,c,43.25503064936304,43.25503064936304
9216,c,43.25503064936304,43.25503064936304
9217,c,43.25503064936304,43.25503064936304
9218,c,43.25503064936304,43.25503064936304
9219,c,43.25503064936304,43.25503064936304
9220,c,43.25503064936304,43.25503064936304
9221,c,43.25503064936304,43.25503064936304
9222,c,43.25503064936304,43.25503064936304
9223,c,43.25503064936304,43.25503064936304
9224,c,43.25503064936304,43.25503064936304
9225,c,43.25503064936304,43.25503064936304
9226,c,43.25503064936304,43.25503064936304
9227,c,43.25503064936304,43.25503064936304
9228,t,43.25503064936304,43.25503064936304
9229,c,43.25503064936304,43.25503064936304
9230,c,43.25503064936304,43.25503064936304
9231,c,43.25503064936304,43.25503064936304
9232,c,43.25503064936304,43.25503064936304
9233,c,13.461228946314732,14.907605650035238
9234,c,43.25503064936304,43.25503064936304
9235,c,43.25503064936304,43.25503064936304
9236,c,43.25503064936304,43.25503064936304
9237,c,43.25503064936304,43.25503064936304
9238,c,43.25503064936304,43.25503064936304
9239,c,43.25503064936304,43.25503064936304
9240,c,43.25503064936304,43.25503064936304
9241,t,43.25503064936304,43.25503064936304
9242,c,43.25503064936304,43.25503064936304
9243,c,43.25503064936304,43.25503064936304
9244,c,43.25503064936304,43.25503064936304
9245,c,43.25503064936304,43.25503064936304
9246,t,43.25503064936304,43.25503064936304
9247,c,43.25503064936304,43.25503064936304
9248,t,43.25503064936304,43.25503064936304
9249,c,43.25503064936304,43.25503064936304
9250,c,43.25503064936304,43.25503064936304
9251,c,43.25503064936304,43.25503064936304
9252,c,43.25503064936304,43.25503064936304
9253,c,43.25503064936304,43.25503064936304
9254,t,43.25503064936304,43.25503064936304
9255,t,43.25503064936304,43.25503064936304
9256,c,43.25503064936304,43.25503064936304
9257,c,43.25503064936304,43.25503064936304
9258,c,43.25503064936304,43.25503064936304
9259,c,43.25503064936304,43.25503064936304
9260,c,43.25503064936304,43.25503064936304
9261,t,43.25503064936304,43.25503064936304
9262,c,43.25503064936304,43.25503064936304
9263,c,43.25503064936304,43.25503064936304
9264,c,43.25503064936304,43.25503064936304
9265,c,43.25503064936304,43.25503064936304
9266,c,43.25503064936304,43.25503064936304
9267,c,43.25503064936304,43.25503064936304
9268,c,43.25503064936304,43.25503064936304
9269,c,43.25503064936304,43.25503064936304
9270,c,43.25503064936304,43.25503064936304
9271,c,43.25503064936304,43.25503064936304
9272,c,43.25503064936304,43.25503064936304
9273,c,43.25503064936304,43.25503064936304
9274,c,43.25503064936304,43.25503064936304
9275,c,43.25503064936304,43.25503064936304
9276,c,43.25503064936304,43.25503064936304
9277,t,43.25503064936304,43.25503064936304
9278,c,43.25503064936304,43.25503064936304
9279,c,43.25503064936304,43.25503064936304
9280,c,43.25503064936304,43.25503064936304
9281,c,43.25503064936304,43.25503064936304
9282,t,43.25503064936304,43.25503064936304
9283,c,43.25503064936304,43.25503064936304
9284,t,43.25503064936304,43.25503064936304
9285,c,43.25503064936304,43.25503064936304
9286,c,43.25503064936304,43.25503064936304
9287,c,43.25503064936304,43.25503064936304
9288,c,43.25503064936304,43.25503064936304
9289,c,43.25503064936304,43.25503064936304
9290,c,43.25503064936304,43.25503064936304
9291,c,43.25503064936304,43.25503064936304
9292,c,43.25503064936304,43.25503064936304
9293,t,43.25503064936304,43.25503064936304
9294,c,43.25503064936304,43.25503064936304
9295,c,43.25503064936304,43.25503064936304
9296,c,43.25503064936304,43.25503064936304
9297,t,43.25503064936304,43.25503064936304
9298,c,43.25503064936304,43.25503064936304
9299,c,43.25503064936304,43.25503064936304
9300,c,43.25503064936304,43.25503064936304
9301,c,43.25503064936304,43.25503064936304
9302,c,43.25503064936304,43.25503064936304
9303,t,43.25503064936304,43.25503064936304
9304,t,43.25503064936304,43.25503064936304
9305,c,43.25503064936304,43.25503064936304
9306,c,43.25503064936304,43.25503064936304
9307,t,43.25503064936304,43.25503064936304
9308,c,43.25503064936304,43.25503064936304
9309,c,43.25503064936304,43.25503064936304
9310,t,43.25503064936304,43.25503064936304
9311,c,43.25503064936304,43.25503064936304
9312,c,43.25503064936304,43.25503064936304
9313,c,43.25503064936304,43.25503064936304
9314,c,43.25503064936304,43.25503064936304
9315,c,43.25503064936304,43.25503064936304
9316,c,43.25503064936304,43.25503064936304
9317,c,43.25503064936304,43.25503064936304
9318,c,43.25503064936304,43.25503064936304
9319,c,43.25503064936304,43.25503064936304
9320,c,43.25503064936304,43.25503064936304
9321,c,43.25503064936304,43.25503064936304
9322,t,43.25503064936304,43.25503064936304
9323,t,43.25503064936304,43.25503064936304
9324,t,43.25503064936304,43.25503064936304
9325,c,43.25503064936304,43.25503064936304
9326,c,43.25503064936304,43.25503064936304
9327,c,43.25503064936304,43.25503064936304
9328,c,43.25503064936304,43.25503064936304
9329,c,43.25503064936304,43.25503064936304
9330,c,43.25503064936304,43.25503064936304
9331,c,43.25503064936304,43.25503064936304
9332,c,43.25503064936304,43.25503064936304
9333,c,43.25503064936304,43.25503064936304
9334,t,43.25503064936304,43.25503064936304
9335,c,43.25503064936304,43.25503064936304
9336,t,43.25503064936304,43.25503064936304
9337,c,43.25503064936304,43.25503064936304
9338,c,43.25503064936304,43.25503064936304
9339,c,43.25503064936304,43.25503064936304
9340,t,43.25503064936304,43.25503064936304
9341,c,43.25503064936304,43.25503064936304
9342,c,43.25503064936304,43.25503064936304
9343,c,43.25503064936304,43.25503064936304
9344,c,43.25503064936304,43.25503064936304
9345,c,43.25503064936304,43.25503064936304
9346,c,43.25503064936304,43.25503064936304
9347,c,43.25503064936304,43.25503064936304
9348,t,43.25503064936304,43.25503064936304
9349,c,43.25503064936304,43.25503064936304
9350,c,43.25503064936304,43.25503064936304
9351,c,43.25503064936304,43.25503064936304
9352,t,43.25503064936304,43.25503064936304
9353,c,43.25503064936304,43.25503064936304
9354,c,43.25503064936304,43.25503064936304
9355,c,43.25503064936304,43.25503064936304
9356,c,43.25503064936304,43.25503064936304
9357,c,43.25503064936304,43.25503064936304
9358,c,43.25503064936304,43.25503064936304
9359,c,43.25503064936304,43.25503064936304
9360,t,43.25503064936304,43.25503064936304
9361,c,43.25503064936304,43.25503064936304
9362,c,9.961790491294003,15.271126339635485
9363,t,43.25503064936304,43.25503064936304
9364,c,43.25503064936304,43.25503064936304
9365,t,43.25503064936304,43.25503064936304
9366,c,43.25503064936304,43.25503064936304
9367,c,43.25503064936304,43.25503064936304
9368,c,43.25503064936304,43.25503064936304
9369,c,43.25503064936304,43.25503064936304
9370,c,43.25503064936304,43.25503064936304
9371,c,43.25503064936304,43.25503064936304
9372,c,43.25503064936304,43.25503064936304
9373,c,43.25503064936304,43.25503064936304
9374,c,43.25503064936304,43.25503064936304
9375,c,43.25503064936304,43.25503064936304
9376,c,43.25503064936304,43.25503064936304
9377,t,43.25503064936304,43.25503064936304
9378,c,43.25503064936304,43.25503064936304
9379,c,43.25503064936304,43.25503064936304
9380,t,43.25503064936304,43.25503064936304
9381,c,43.25503064936304,43.25503064936304
9382,c,43.25503064936304,43.25503064936304
9383,c,43.25503064936304,43.25503064936304
9384,c,43.25503064936304,43.25503064936304
9385,c,43.25503064936304,43.25503064936304
9386,c,43.25503064936304,43.25503064936304
9387,t,43.25503064936304,43.25503064936304
9388,t,43.25503064936304,43.25503064936304
9389,c,43.25503064936304,43.25503064936304
9390,c,43.25503064936304,43.25503064936304
9391,c,43.25503064936304,43.25503064936304
9392,c,43.25503064936304,43.25503064936304
9393,c,43.25503064936304,43.25503064936304
9394,c,43.25503064936304,43.25503064936304
9395,t,43.25503064936304,43.25503064936304
9396,c,43.25503064936304,43.25503064936304
9397,t,43.25503064936304,43.25503064936304
9398,c,43.25503064936304,43.25503064936304
9399,c,43.25503064936304,43.25503064936304
9400,c,43.25503064936304,43.25503064936304
9401,c,43.25503064936304,43.25503064936304
9402,t,43.25503064936304,43.25503064936304
9403,c,43.25503064936304,43.25503064936304
9404,c,43.25503064936304,43.25503064936304
9405,c,43.25503064936304,43.25503064936304
9406,t,43.25503064936304,43.25503064936304
9407,c,43.25503064936304,43.25503064936304
9408,c,43.25503064936304,43.25503064936304
9409,t,43.25503064936304,43.25503064936304
9410,c,43.25503064936304,43.25503064936304
9411,c,43.25503064936304,43.25503064936304
9412,c,43.25503064936304,43.25503064936304
9413,t,43.25503064936304,43.25503064936304
9414,c,43.25503064936304,43.25503064936304
9415,c,43.25503064936304,43.25503064936304
9416,c,43.25503064936304,43.25503064936304
9417,t,43.25503064936304,43.25503064936304
9418,c,43.25503064936304,43.25503064936304
9419,t,43.25503064936304,43.25503064936304
9420,c,43.25503064936304,43.25503064936304
9421,c,6.300557702992305,7.080407806929966
9422,c,43.25503064936304,43.25503064936304
9423,c,43.25503064936304,43.25503064936304
9424,c,43.25503064936304,43.25503064936304
9425,c,43.25503064936304,43.25503064936304
9426,c,43.25503064936304,43.25503064936304
9427,t,43.25503064936304,43.25503064936304
9428,c,43.25503064936304,43.25503064936304
9429,t,43.25503064936304,43.25503064936304
9430,c,43.25503064936304,43.25503064936304
9431,c,43.25503064936304,43.25503064936304
9432,c,43.25503064936304,43.25503064936304
9433,t,43.25503064936304,43.25503064936304
9434,c,43.25503064936304,43.25503064936304
9435,c,43.25503064936304,43.25503064936304
9436,c,43.25503064936304,43.25503064936304
9437,t,43.25503064936304,43.25503064936304
9438,c,43.25503064936304,43.25503064936304
9439,t,43.25503064936304,43.25503064936304
9440,c,43.25503064936304,43.25503064936304
9441,c,43.25503064936304,43.25503064936304
9442,na,0,3.9128935837318086
9443,t,43.25503064936304,43.25503064936304
9444,na,0,2.2727652382101207
9445,c,43.25503064936304,43.25503064936304
9446,c,43.25503064936304,43.25503064936304
9447,c,43.25503064936304,43.25503064936304
9448,c,43.25503064936304,43.25503064936304
9449,c,43.25503064936304,43.25503064936304
9450,c,43.25503064936304,43.25503064936304
9451,c,43.25503064936304,43.25503064936304
9452,c,43.25503064936304,43.25503064936304
9453,c,43.25503064936304,43.25503064936304
9454,c,43.25503064936304,43.25503064936304
9455,c,43.25503064936304,43.25503064936304
9456,t,43.25503064936304,43.25503064936304
9457,t,43.25503064936304,43.25503064936304
9458,c,43.25503064936304,43.25503064936304
9459,t,43.25503064936304,43.25503064936304
9460,c,43.25503064936304,43.25503064936304
9461,t,43.25503064936304,43.25503064936304
9462,c,43.25503064936304,43.25503064936304
9463,t,43.25503064936304,43.25503064936304
9464,c,43.25503064936304,43.25503064936304
9465,c,43.25503064936304,43.25503064936304
9466,c,43.25503064936304,43.25503064936304
9467,t,43.25503064936304,43.25503064936304
9468,c,43.25503064936304,43.25503064936304
9469,c,43.25503064936304,43.25503064936304
9470,c,43.25503064936304,43.25503064936304
9471,c,43.25503064936304,43.25503064936304
9472,t,43.25503064936304,43.25503064936304
9473,c,43.25503064936304,43.25503064936304
9474,c,43.25503064936304,43.25503064936304
9475,c,43.25503064936304,43.25503064936304
9476,c,43.25503064936304,43.25503064936304
9477,c,43.25503064936304,43.25503064936304
9478,c,43.25503064936304,43.25503064936304
9479,c,43.25503064936304,43.25503064936304
9480,t,43.25503064936304,43.25503064936304
9481,c,43.25503064936304,43.25503064936304
9482,c,43.25503064936304,43.25503064936304
9483,t,43.25503064936304,43.25503064936304
9484,c,43.25503064936304,43.25503064936304
9485,c,43.25503064936304,43.25503064936304
9486,c,43.25503064936304,43.25503064936304
9487,c,43.25503064936304,43.25503064936304
9488,c,43.25503064936304,43.25503064936304
9489,c,43.25503064936304,43.25503064936304
9490,c,43.25503064936304,43.25503064936304
9491,c,43.25503064936304,43.25503064936304
9492,c,43.25503064936304,43.25503064936304
9493,c,43.25503064936304,43.25503064936304
9494,c,43.25503064936304,43.25503064936304
9495,t,43.25503064936304,43.25503064936304
9496,c,43.25503064936304,43.25503064936304
9497,c,43.25503064936304,43.25503064936304
9498,c,43.25503064936304,43.25503064936304
9499,c,43.25503064936304,43.25503064936304
9500,t,43.25503064936304,43.25503064936304
9501,t,43.25503064936304,43.25503064936304
9502,t,43.25503064936304,43.25503064936304
9503,c,43.25503064936304,43.25503064936304
9504,t,43.25503064936304,43.25503064936304
9505,c,43.25503064936304,43.25503064936304
9506,t,43.25503064936304,43.25503064936304
9507,c,43.25503064936304,43.25503064936304
9508,t,43.25503064936304,43.25503064936304
9509,t,43.25503064936304,43.25503064936304
9510,c,43.25503064936304,43.25503064936304
9511,c,43.25503064936304,43.25503064936304
9512,c,43.25503064936304,43.25503064936304
9513,c,43.25503064936304,43.25503064936304
9514,c,43.25503064936304,43.25503064936304
9515,c,43.25503064936304,43.25503064936304
9516,c,43.25503064936304,43.25503064936304
9517,t,43.25503064936304,43.25503064936304
9518,t,43.25503064936304,43.25503064936304
9519,c,43.25503064936304,43.25503064936304
9520,c,43.25503064936304,43.25503064936304
9521,t,43.25503064936304,43.25503064936304
9522,c,43.25503064936304,43.25503064936304
9523,c,43.25503064936304,43.25503064936304
9524,c,43.25503064936304,43.25503064936304
9525,c,43.25503064936304,43.25503064936304
9526,t,43.25503064936304,43.25503064936304
9527,t,43.25503064936304,43.25503064936304
9528,c,43.25503064936304,43.25503064936304
9529,c,43.25503064936304,43.25503064936304
9530,c,43.25503064936304,43.25503064936304
9531,c,43.25503064936304,43.25503064936304
9532,c,43.25503064936304,43.25503064936304
9533,c,43.25503064936304,43.25503064936304
9534,c,43.25503064936304,43.25503064936304
9535,c,43.25503064936304,43.25503064936304
9536,c,43.25503064936304,43.25503064936304
9537,c,43.25503064936304,43.25503064936304
9538,c,43.25503064936304,43.25503064936304
9539,c,43.25503064936304,43.25503064936304
9540,c,43.25503064936304,43.25503064936304
9541,t,43.25503064936304,43.25503064936304
9542,t,43.25503064936304,43.25503064936304
9543,t,43.25503064936304,43.25503064936304
9544,c,43.25503064936304,43.25503064936304
9545,c,43.25503064936304,43.25503064936304
9546,t,43.25503064936304,43.25503064936304
9547,c,43.25503064936304,43.25503064936304
9548,c,43.25503064936304,43.25503064936304
9549,c,43.25503064936304,43.25503064936304
9550,c,43.25503064936304,43.25503064936304
9551,c,43.25503064936304,43.25503064936304
9552,c,43.25503064936304,43.25503064936304
9553,c,43.25503064936304,43.25503064936304
9554,c,43.25503064936304,43.25503064936304
9555,c,43.25503064936304,43.25503064936304
9556,c,43.25503064936304,43.25503064936304
9557,c,43.25503064936304,43.25503064936304
9558,c,43.25503064936304,43.25503064936304
9559,c,43.25503064936304,43.25503064936304
9560,c,43.25503064936304,43.25503064936304
9561,c,43.25503064936304,43.25503064936304
9562,c,43.25503064936304,43.25503064936304
9563,c,43.25503064936304,43.25503064936304
9564,t,43.25503064936304,43.25503064936304
9565,c,43.25503064936304,43.25503064936304
9566,c,43.25503064936304,43.25503064936304
9567,c,43.25503064936304,43.25503064936304
9568,t,43.25503064936304,43.25503064936304
9569,c,43.25503064936304,43.25503064936304
9570,c,43.25503064936304,43.25503064936304
9571,c,43.25503064936304,43.25503064936304
9572,c,43.25503064936304,43.25503064936304
9573,t,43.25503064936304,43.25503064936304
9574,c,43.25503064936304,43.25503064936304
9575,c,43.25503064936304,43.25503064936304
9576,c,43.25503064936304,43.25503064936304
9577,c,43.25503064936304,43.25503064936304
9578,c,43.25503064936304,43.25503064936304
9579,c,43.25503064936304,43.25503064936304
9580,c,43.25503064936304,43.25503064936304
9581,t,43.25503064936304,43.25503064936304
9582,c,43.25503064936304,43.25503064936304
9583,t,43.25503064936304,43.25503064936304
9584,t,43.25503064936304,43.25503064936304
9585,c,43.25503064936304,43.25503064936304
9586,c,43.25503064936304,43.25503064936304
9587,c,43.25503064936304,43.25503064936304
9588,c,43.25503064936304,43.25503064936304
9589,c,43.25503064936304,43.25503064936304
9590,c,43.25503064936304,43.25503064936304
9591,t,43.25503064936304,43.25503064936304
9592,c,43.25503064936304,43.25503064936304
9593,c,43.25503064936304,43.25503064936304
9594,c,43.25503064936304,43.25503064936304
9595,c,43.25503064936304,43.25503064936304
9596,c,43.25503064936304,43.25503064936304
9597,t,43.25503064936304,43.25503064936304
9598,c,43.25503064936304,43.25503064936304
9599,c,43.25503064936304,43.25503064936304
9600,c,43.25503064936304,43.25503064936304
9601,c,43.25503064936304,43.25503064936304
9602,c,43.25503064936304,43.25503064936304
9603,t,43.25503064936304,43.25503064936304
9604,c,43.25503064936304,43.25503064936304
9605,c,43.25503064936304,43.25503064936304
9606,t,43.25503064936304,43.25503064936304
9607,c,43.25503064936304,43.25503064936304
9608,na,0,5.575370329305614
9609,c,43.25503064936304,43.25503064936304
9610,c,43.25503064936304,43.25503064936304
9611,c,43.25503064936304,43.25503064936304
9612,c,43.25503064936304,43.25503064936304
9613,c,43.25503064936304,43.25503064936304
9614,c,43.25503064936304,43.25503064936304
9615,c,43.25503064936304,43.25503064936304
9616,c,43.25503064936304,43.25503064936304
9617,c,43.25503064936304,43.25503064936304
9618,c,43.25503064936304,43.25503064936304
9619,t,43.25503064936304,43.25503064936304
9620,c,43.25503064936304,43.25503064936304
9621,c,43.25503064936304,43.25503064936304
9622,c,43.25503064936304,43.25503064936304
9623,c,43.25503064936304,43.25503064936304
9624,c,43.25503064936304,43.25503064936304
9625,c,43.25503064936304,43.25503064936304
9626,c,43.25503064936304,43.25503064936304
9627,c,43.25503064936304,43.25503064936304
9628,na,0,18.70559323597368
9629,c,43.25503064936304,43.25503064936304
9630,t,43.25503064936304,43.25503064936304
9631,t,43.25503064936304,43.25503064936304
9632,c,43.25503064936304,43.25503064936304
9633,c,43.25503064936304,43.25503064936304
9634,c,43.25503064936304,43.25503064936304
9635,t,43.25503064936304,43.25503064936304
9636,c,43.25503064936304,43.25503064936304
9637,c,43.25503064936304,43.25503064936304
9638,c,43.25503064936304,43.25503064936304
9639,c,43.25503064936304,43.25503064936304
9640,c,43.25503064936304,43.25503064936304
9641,t,43.25503064936304,43.25503064936304
9642,c,43.25503064936304,43.25503064936304
9643,c,43.25503064936304,43.25503064936304
9644,t,43.25503064936304,43.25503064936304
9645,c,43.25503064936304,43.25503064936304
9646,c,43.25503064936304,43.25503064936304
9647,c,43.25503064936304,43.25503064936304
9648,c,43.25503064936304,43.25503064936304
9649,c,43.25503064936304,43.25503064936304
9650,c,43.25503064936304,43.25503064936304
9651,c,43.25503064936304,43.25503064936304
9652,t,43.25503064936304,43.25503064936304
9653,c,43.25503064936304,43.25503064936304
9654,t,43.25503064936304,43.25503064936304
9655,t,43.25503064936304,43.25503064936304
9656,c,43.25503064936304,43.25503064936304
9657,c,43.25503064936304,43.25503064936304
9658,c,43.25503064936304,43.25503064936304
9659,c,43.25503064936304,43.25503064936304
9660,c,43.25503064936304,43.25503064936304
9661,t,43.25503064936304,43.25503064936304
9662,c,43.25503064936304,43.25503064936304
9663,c,43.25503064936304,43.25503064936304
9664,c,43.25503064936304,43.25503064936304
9665,c,43.25503064936304,43.25503064936304
9666,c,43.25503064936304,43.25503064936304
9667,c,43.25503064936304,43.25503064936304
9668,t,43.25503064936304,43.25503064936304
9669,c,43.25503064936304,43.25503064936304
9670,c,43.25503064936304,43.25503064936304
9671,c,43.25503064936304,43.25503064936304
9672,c,43.25503064936304,43.25503064936304
9673,t,43.25503064936304,43.25503064936304
9674,c,43.25503064936304,43.25503064936304
9675,t,43.25503064936304,43.25503064936304
9676,c,43.25503064936304,43.25503064936304
9677,c,43.25503064936304,43.25503064936304
9678,c,43.25503064936304,43.25503064936304
9679,c,43.25503064936304,43.25503064936304
9680,t,43.25503064936304,43.25503064936304
9681,c,43.25503064936304,43.25503064936304
9682,c,43.25503064936304,43.25503064936304
9683,c,43.25503064936304,43.25503064936304
9684,c,43.25503064936304,43.25503064936304
9685,c,43.25503064936304,43.25503064936304
9686,c,43.25503064936304,43.25503064936304
9687,t,43.25503064936304,43.25503064936304
9688,c,43.25503064936304,43.25503064936304
9689,c,43.25503064936304,43.25503064936304
9690,c,43.25503064936304,43.25503064936304
9691,c,43.25503064936304,43.25503064936304
9692,c,43.25503064936304,43.25503064936304
9693,c,43.25503064936304,43.25503064936304
9694,t,43.25503064936304,43.25503064936304
9695,t,43.25503064936304,43.25503064936304
9696,c,43.25503064936304,43.25503064936304
9697,t,43.25503064936304,43.25503064936304
9698,c,43.25503064936304,43.25503064936304
9699,c,43.25503064936304,43.25503064936304
9700,c,43.25503064936304,43.25503064936304
9701,c,43.25503064936304,43.25503064936304
9702,c,43.25503064936304,43.25503064936304
9703,c,43.25503064936304,43.25503064936304
9704,t,43.25503064936304,43.25503064936304
9705,c,16.697014954457234,22.67478645437479
9706,t,43.25503064936304,43.25503064936304
9707,t,43.25503064936304,43.25503064936304
9708,c,43.25503064936304,43.25503064936304
9709,c,43.25503064936304,43.25503064936304
9710,t,43.25503064936304,43.25503064936304
9711,c,43.25503064936304,43.25503064936304
9712,c,43.25503064936304,43.25503064936304
9713,c,43.25503064936304,43.25503064936304
9714,c,43.25503064936304,43.25503064936304
9715,c,43.25503064936304,43.25503064936304
9716,c,43.25503064936304,43.25503064936304
9717,c,43.25503064936304,43.25503064936304
9718,t,43.25503064936304,43.25503064936304
9719,c,43.25503064936304,43.25503064936304
9720,c,43.25503064936304,43.25503064936304
9721,t,43.25503064936304,43.25503064936304
9722,t,43.25503064936304,43.25503064936304
9723,c,43.25503064936304,43.25503064936304
9724,c,43.25503064936304,43.25503064936304
9725,c,43.25503064936304,43.25503064936304
9726,c,43.25503064936304,43.25503064936304
9727,c,43.25503064936304,43.25503064936304
9728,t,43.25503064936304,43.25503064936304
9729,c,43.25503064936304,43.25503064936304
9730,t,43.25503064936304,43.25503064936304
9731,c,43.25503064936304,43.25503064936304
9732,t,43.25503064936304,43.25503064936304
9733,t,43.25503064936304,43.25503064936304
9734,c,43.25503064936304,43.25503064936304
9735,c,43.25503064936304,43.25503064936304
9736,c,43.25503064936304,43.25503064936304
9737,na,-1,0
9738,c,43.25503064936304,43.25503064936304
9739,c,43.25503064936304,43.25503064936304
9740,c,43.25503064936304,43.25503064936304
9741,c,43.25503064936304,43.25503064936304
9742,c,43.25503064936304,43.25503064936304
9743,c,43.25503064936304,43.25503064936304
9744,c,43.25503064936304,43.25503064936304
9745,c,43.25503064936304,43.25503064936304
9746,c,5.64464411351644,14.185352268537262
9747,t,43.25503064936304,43.25503064936304
9748,c,43.25503064936304,43.25503064936304
9749,c,43.25503064936304,43.25503064936304
9750,c,11.185707778151459,43.25503064936304
9751,c,43.25503064936304,43.25503064936304
9752,c,43.25503064936304,43.25503064936304
9753,c,43.25503064936304,43.25503064936304
9754,c,43.25503064936304,43.25503064936304
9755,c,43.25503064936304,43.25503064936304
9756,c,43.25503064936304,43.25503064936304
9757,t,43.25503064936304,43.25503064936304
9758,c,43.25503064936304,43.25503064936304
9759,c,43.25503064936304,43.25503064936304
9760,c,43.25503064936304,43.25503064936304
9761,c,43.25503064936304,43.25503064936304
9762,c,43.25503064936304,43.25503064936304
9763,t,43.25503064936304,43.25503064936304
9764,c,43.25503064936304,43.25503064936304
9765,t,43.25503064936304,43.25503064936304
9766,c,43.25503064936304,43.25503064936304
9767,t,43.25503064936304,43.25503064936304
9768,c,43.25503064936304,43.25503064936304
9769,c,43.25503064936304,43.25503064936304
9770,c,43.25503064936304,43.25503064936304
9771,c,43.25503064936304,43.25503064936304
9772,c,43.25503064936304,43.25503064936304
9773,c,43.25503064936304,43.25503064936304
9774,c,43.25503064936304,43.25503064936304
9775,t,43.25503064936304,43.25503064936304
9776,c,43.25503064936304,43.25503064936304
9777,c,43.25503064936304,43.25503064936304
9778,na,1.8596998797543185,3.2990083198449
9779,t,43.25503064936304,43.25503064936304
9780,c,43.25503064936304,43.25503064936304
9781,c,43.25503064936304,43.25503064936304
9782,c,43.25503064936304,43.25503064936304
9783,c,43.25503064936304,43.25503064936304
9784,t,43.25503064936304,43.25503064936304
9785,c,43.25503064936304,43.25503064936304
9786,c,43.25503064936304,43.25503064936304
9787,c,43.25503064936304,43.25503064936304
9788,c,43.25503064936304,43.25503064936304
9789,c,43.25503064936304,43.25503064936304
9790,c,43.25503064936304,43.25503064936304
9791,c,43.25503064936304,43.25503064936304
9792,c,43.25503064936304,43.25503064936304
9793,c,43.25503064936304,43.25503064936304
9794,c,43.25503064936304,43.25503064936304
9795,c,43.25503064936304,43.25503064936304
9796,t,43.25503064936304,43.25503064936304
9797,c,43.25503064936304,43.25503064936304
9798,na,-1,0
9799,c,43.25503064936304,43.25503064936304
9800,t,43.25503064936304,43.25503064936304
9801,c,43.25503064936304,43.25503064936304
9802,c,43.25503064936304,43.25503064936304
9803,c,43.25503064936304,43.25503064936304
9804,c,43.25503064936304,43.25503064936304
9805,c,43.25503064936304,43.25503064936304
9806,c,43.25503064936304,43.25503064936304
9807,c,43.25503064936304,43.25503064936304
9808,c,43.25503064936304,43.25503064936304
9809,c,43.25503064936304,43.25503064936304
9810,c,43.25503064936304,43.25503064936304
9811,c,43.25503064936304,43.25503064936304
9812,c,43.25503064936304,43.25503064936304
9813,c,43.25503064936304,43.25503064936304
9814,c,43.25503064936304,43.25503064936304
9815,c,43.25503064936304,43.25503064936304
9816,c,43.25503064936304,43.25503064936304
9817,c,43.25503064936304,43.25503064936304
9818,c,43.25503064936304,43.25503064936304
9819,c,43.25503064936304,43.25503064936304
9820,c,43.25503064936304,43.25503064936304
9821,c,43.25503064936304,43.25503064936304
9822,c,43.25503064936304,43.25503064936304
9823,t,43.25503064936304,43.25503064936304
9824,c,43.25503064936304,43.25503064936304
9825,c,43.25503064936304,43.25503064936304
9826,c,43.25503064936304,43.25503064936304
9827,c,43.25503064936304,43.25503064936304
9828,c,43.25503064936304,43.25503064936304
9829,c,43.25503064936304,43.25503064936304
9830,c,43.25503064936304,43.25503064936304
9831,c,43.25503064936304,43.25503064936304
9832,c,43.25503064936304,43.25503064936304
9833,c,43.25503064936304,43.25503064936304
9834,t,43.25503064936304,43.25503064936304
9835,t,43.25503064936304,43.25503064936304
9836,c,43.25503064936304,43.25503064936304
9837,c,43.25503064936304,43.25503064936304
9838,t,43.25503064936304,43.25503064936304
9839,c,43.25503064936304,43.25503064936304
9840,c,43.25503064936304,43.25503064936304
9841,t,43.25503064936304,43.25503064936304
9842,c,43.25503064936304,43.25503064936304
9843,c,43.25503064936304,43.25503064936304
9844,t,43.25503064936304,43.25503064936304
9845,c,43.25503064936304,43.25503064936304
9846,c,43.25503064936304,43.25503064936304
9847,c,43.25503064936304,43.25503064936304
9848,c,43.25503064936304,43.25503064936304
9849,c,43.25503064936304,43.25503064936304
9850,c,43.25503064936304,43.25503064936304
9851,c,43.25503064936304,43.25503064936304
9852,t,43.25503064936304,43.25503064936304
9853,t,43.25503064936304,43.25503064936304
9854,c,43.25503064936304,43.25503064936304
9855,c,43.25503064936304,43.25503064936304
9856,t,43.25503064936304,43.25503064936304
9857,c,43.25503064936304,43.25503064936304
9858,c,43.25503064936304,43.25503064936304
9859,c,43.25503064936304,43.25503064936304
9860,t,43.25503064936304,43.25503064936304
9861,c,43.25503064936304,43.25503064936304
9862,c,43.25503064936304,43.25503064936304
9863,t,43.25503064936304,43.25503064936304
9864,t,43.25503064936304,43.25503064936304
9865,c,43.25503064936304,43.25503064936304
9866,c,43.25503064936304,43.25503064936304
9867,c,43.25503064936304,43.25503064936304
9868,t,43.25503064936304,43.25503064936304
9869,c,43.25503064936304,43.25503064936304
9870,c,43.25503064936304,43.25503064936304
9871,c,43.25503064936304,43.25503064936304
9872,t,43.25503064936304,43.25503064936304
9873,t,43.25503064936304,43.25503064936304
9874,c,43.25503064936304,43.25503064936304
9875,c,43.25503064936304,43.25503064936304
9876,c,43.25503064936304,43.25503064936304
9877,c,43.25503064936304,43.25503064936304
9878,c,43.25503064936304,43.25503064936304
9879,c,43.25503064936304,43.25503064936304
9880,t,43.25503064936304,43.25503064936304
9881,c,43.25503064936304,43.25503064936304
9882,c,43.25503064936304,43.25503064936304
9883,t,43.25503064936304,43.25503064936304
9884,t,43.25503064936304,43.25503064936304
9885,c,43.25503064936304,43.25503064936304
9886,c,43.25503064936304,43.25503064936304
9887,c,43.25503064936304,43.25503064936304
9888,c,43.25503064936304,43.25503064936304
9889,c,43.25503064936304,43.25503064936304
9890,c,43.25503064936304,43.25503064936304
9891,c,43.25503064936304,43.25503064936304
9892,c,5.914157512428326,7.347804061652213
9893,c,43.25503064936304,43.25503064936304
9894,c,43.25503064936304,43.25503064936304
9895,c,43.25503064936304,43.25503064936304
9896,t,43.25503064936304,43.25503064936304
9897,c,43.25503064936304,43.25503064936304
9898,c,43.25503064936304,43.25503064936304
9899,c,43.25503064936304,43.25503064936304
9900,c,43.25503064936304,43.25503064936304
9901,t,43.25503064936304,43.25503064936304
9902,c,43.25503064936304,43.25503064936304
9903,t,43.25503064936304,43.25503064936304
9904,c,43.25503064936304,43.25503064936304
9905,c,43.25503064936304,43.25503064936304
9906,c,43.25503064936304,43.25503064936304
9907,c,43.25503064936304,43.25503064936304
9908,c,43.25503064936304,43.25503064936304
9909,c,43.25503064936304,43.25503064936304
9910,c,43.25503064936304,43.25503064936304
9911,c,43.25503064936304,43.25503064936304
9912,c,43.25503064936304,43.25503064936304
9913,c,43.25503064936304,43.25503064936304
9914,c,43.25503064936304,43.25503064936304
9915,c,43.25503064936304,43.25503064936304
9916,t,43.25503064936304,43.25503064936304
9917,c,43.25503064936304,43.25503064936304
9918,c,43.25503064936304,43.25503064936304
9919,t,43.25503064936304,43.25503064936304
9920,t,43.25503064936304,43.25503064936304
9921,c,43.25503064936304,43.25503064936304
9922,c,43.25503064936304,43.25503064936304
9923,c,43.25503064936304,43.25503064936304
9924,t,43.25503064936304,43.25503064936304
9925,c,43.25503064936304,43.25503064936304
9926,c,43.25503064936304,43.25503064936304
9927,t,43.25503064936304,43.25503064936304
9928,c,43.25503064936304,43.25503064936304
9929,t,43.25503064936304,43.25503064936304
9930,c,43.25503064936304,43.25503064936304
9931,c,43.25503064936304,43.25503064936304
9932,t,43.25503064936304,43.25503064936304
9933,c,43.25503064936304,43.25503064936304
9934,c,43.25503064936304,43.25503064936304
9935,c,43.25503064936304,43.25503064936304
9936,c,43.25503064936304,43.25503064936304
9937,c,43.25503064936304,43.25503064936304
9938,c,43.25503064936304,43.25503064936304
9939,c,43.25503064936304,43.25503064936304
9940,c,43.25503064936304,43.25503064936304
9941,c,43.25503064936304,43.25503064936304
9942,c,43.25503064936304,43.25503064936304
9943,c,43.25503064936304,43.25503064936304
9944,c,43.25503064936304,43.25503064936304
9945,c,43.25503064936304,43.25503064936304
9946,c,43.25503064936304,43.25503064936304
9947,c,43.25503064936304,43.25503064936304
9948,c,17.036047863516192,28.8809890205714
9949,c,43.25503064936304,43.25503064936304
9950,c,43.25503064936304,43.25503064936304
9951,c,43.25503064936304,43.25503064936304
9952,c,43.25503064936304,43.25503064936304
9953,c,43.25503064936304,43.25503064936304
9954,c,43.25503064936304,43.25503064936304
9955,c,43.25503064936304,43.25503064936304
9956,c,43.25503064936304,43.25503064936304
9957,c,43.25503064936304,43.25503064936304
9958,t,43.25503064936304,43.25503064936304
9959,c,43.25503064936304,43.25503064936304
9960,t,43.25503064936304,43.25503064936304
9961,c,43.25503064936304,43.25503064936304
9962,t,43.25503064936304,43.25503064936304
9963,c,43.25503064936304,43.25503064936304
9964,c,43.25503064936304,43.25503064936304
9965,c,43.25503064936304,43.25503064936304
9966,c,43.25503064936304,43.25503064936304
9967,c,43.25503064936304,43.25503064936304
9968,t,43.25503064936304,43.25503064936304
9969,c,43.25503064936304,43.25503064936304
9970,c,43.25503064936304,43.25503064936304
9971,c,43.25503064936304,43.25503064936304
9972,t,43.25503064936304,43.25503064936304
9973,c,43.25503064936304,43.25503064936304
9974,t,43.25503064936304,43.25503064936304
9975,na,-1,0
9976,t,43.25503064936304,43.25503064936304
9977,t,43.25503064936304,43.25503064936304
9978,c,43.25503064936304,43.25503064936304
9979,t,43.25503064936304,43.25503064936304
9980,c,43.25503064936304,43.25503064936304
9981,t,43.25503064936304,43.25503064936304
9982,t,43.25503064936304,43.25503064936304
9983,t,43.25503064936304,43.25503064936304
9984,c,43.25503064936304,43.25503064936304
9985,c,43.25503064936304,43.25503064936304
9986,c,43.25503064936304,43.25503064936304
9987,c,43.25503064936304,43.25503064936304
9988,c,43.25503064936304,43.25503064936304
9989,t,43.25503064936304,43.25503064936304
9990,c,43.25503064936304,43.25503064936304
9991,c,43.25503064936304,43.25503064936304
9992,c,43.25503064936304,43.25503064936304
9993,c,43.25503064936304,43.25503064936304
9994,t,43.25503064936304,43.25503064936304
9995,c,43.25503064936304,43.25503064936304
9996,c,43.25503064936304,43.25503064936304
9997,c,43.25503064936304,43.25503064936304
9998,c,43.25503064936304,43.25503064936304
9999,c,43.25503064936304,43.25503064936304
