node, assignment, time2inf, time2death
0,na,38.39998397602031,38.39998397602031
1,na,-1,0
2,na,-1,0
3,na,-1,0
4,na,-1,0
5,na,-1,0
6,na,-1,0
7,na,-1,0
8,na,-1,0
9,na,-1,0
10,na,-1,0
11,na,-1,0
12,na,-1,0
13,na,0,0.2125928419270566
14,na,-1,0
15,na,-1,0
16,na,-1,0
17,na,-1,0
18,na,-1,0
19,na,-1,0
20,na,-1,0
21,na,0,0.960907726542176
22,na,0,0.03601415984623748
23,na,-1,0
24,na,-1,0
25,na,-1,0
26,na,-1,0
27,na,38.39998397602031,38.39998397602031
28,na,-1,0
29,na,-1,0
30,na,-1,0
31,na,-1,0
32,na,0,1.5200820529140802
33,na,-1,0
34,na,-1,0
35,na,-1,0
36,na,0,2.413591531779123
37,na,38.39998397602031,38.39998397602031
38,na,-1,0
39,na,38.39998397602031,38.39998397602031
40,c,38.39998397602031,38.39998397602031
41,c,38.39998397602031,38.39998397602031
42,c,38.39998397602031,38.39998397602031
43,t,38.39998397602031,38.39998397602031
44,t,38.39998397602031,38.39998397602031
45,c,38.39998397602031,38.39998397602031
46,c,38.39998397602031,38.39998397602031
47,t,38.39998397602031,38.39998397602031
48,t,38.39998397602031,38.39998397602031
49,t,38.39998397602031,38.39998397602031
50,t,38.39998397602031,38.39998397602031
51,t,38.39998397602031,38.39998397602031
52,c,38.39998397602031,38.39998397602031
53,c,6.672194566356304,13.922098470082458
54,t,38.39998397602031,38.39998397602031
55,t,38.39998397602031,38.39998397602031
56,c,38.39998397602031,38.39998397602031
57,t,38.39998397602031,38.39998397602031
58,t,38.39998397602031,38.39998397602031
59,t,38.39998397602031,38.39998397602031
60,c,38.39998397602031,38.39998397602031
61,t,38.39998397602031,38.39998397602031
62,t,38.39998397602031,38.39998397602031
63,c,38.39998397602031,38.39998397602031
64,c,38.39998397602031,38.39998397602031
65,c,38.39998397602031,38.39998397602031
66,t,38.39998397602031,38.39998397602031
67,c,38.39998397602031,38.39998397602031
68,t,38.39998397602031,38.39998397602031
69,c,38.39998397602031,38.39998397602031
70,c,38.39998397602031,38.39998397602031
71,t,38.39998397602031,38.39998397602031
72,c,38.39998397602031,38.39998397602031
73,c,38.39998397602031,38.39998397602031
74,t,38.39998397602031,38.39998397602031
75,t,38.39998397602031,38.39998397602031
76,t,38.39998397602031,38.39998397602031
77,c,38.39998397602031,38.39998397602031
78,t,38.39998397602031,38.39998397602031
79,c,38.39998397602031,38.39998397602031
80,c,38.39998397602031,38.39998397602031
81,t,38.39998397602031,38.39998397602031
82,c,38.39998397602031,38.39998397602031
83,c,38.39998397602031,38.39998397602031
84,t,38.39998397602031,38.39998397602031
85,t,38.39998397602031,38.39998397602031
86,c,38.39998397602031,38.39998397602031
87,t,38.39998397602031,38.39998397602031
88,t,38.39998397602031,38.39998397602031
89,t,38.39998397602031,38.39998397602031
90,t,38.39998397602031,38.39998397602031
91,c,38.39998397602031,38.39998397602031
92,c,38.39998397602031,38.39998397602031
93,c,38.39998397602031,38.39998397602031
94,c,38.39998397602031,38.39998397602031
95,c,38.39998397602031,38.39998397602031
96,c,38.39998397602031,38.39998397602031
97,t,38.39998397602031,38.39998397602031
98,t,38.39998397602031,38.39998397602031
99,t,38.39998397602031,38.39998397602031
100,c,38.39998397602031,38.39998397602031
101,t,38.39998397602031,38.39998397602031
102,c,38.39998397602031,38.39998397602031
103,c,38.39998397602031,38.39998397602031
104,c,38.39998397602031,38.39998397602031
105,c,38.39998397602031,38.39998397602031
106,c,38.39998397602031,38.39998397602031
107,t,38.39998397602031,38.39998397602031
108,c,38.39998397602031,38.39998397602031
109,c,38.39998397602031,38.39998397602031
110,c,38.39998397602031,38.39998397602031
111,c,38.39998397602031,38.39998397602031
112,c,38.39998397602031,38.39998397602031
113,t,38.39998397602031,38.39998397602031
114,t,38.39998397602031,38.39998397602031
115,t,38.39998397602031,38.39998397602031
116,t,38.39998397602031,38.39998397602031
117,c,38.39998397602031,38.39998397602031
118,na,0.7980416573444546,11.654040194455531
119,c,38.39998397602031,38.39998397602031
120,c,38.39998397602031,38.39998397602031
121,t,38.39998397602031,38.39998397602031
122,c,38.39998397602031,38.39998397602031
123,c,38.39998397602031,38.39998397602031
124,t,38.39998397602031,38.39998397602031
125,c,38.39998397602031,38.39998397602031
126,t,38.39998397602031,38.39998397602031
127,c,38.39998397602031,38.39998397602031
128,c,38.39998397602031,38.39998397602031
129,t,38.39998397602031,38.39998397602031
130,c,38.39998397602031,38.39998397602031
131,t,38.39998397602031,38.39998397602031
132,t,38.39998397602031,38.39998397602031
133,c,38.39998397602031,38.39998397602031
134,t,38.39998397602031,38.39998397602031
135,c,38.39998397602031,38.39998397602031
136,t,38.39998397602031,38.39998397602031
137,c,38.39998397602031,38.39998397602031
138,t,38.39998397602031,38.39998397602031
139,t,38.39998397602031,38.39998397602031
140,t,38.39998397602031,38.39998397602031
141,t,38.39998397602031,38.39998397602031
142,t,38.39998397602031,38.39998397602031
143,c,38.39998397602031,38.39998397602031
144,t,38.39998397602031,38.39998397602031
145,t,38.39998397602031,38.39998397602031
146,c,38.39998397602031,38.39998397602031
147,c,38.39998397602031,38.39998397602031
148,c,38.39998397602031,38.39998397602031
149,t,38.39998397602031,38.39998397602031
150,c,38.39998397602031,38.39998397602031
151,c,38.39998397602031,38.39998397602031
152,c,38.39998397602031,38.39998397602031
153,t,38.39998397602031,38.39998397602031
154,c,38.39998397602031,38.39998397602031
155,t,38.39998397602031,38.39998397602031
156,t,38.39998397602031,38.39998397602031
157,c,38.39998397602031,38.39998397602031
158,t,38.39998397602031,38.39998397602031
159,t,38.39998397602031,38.39998397602031
160,c,38.39998397602031,38.39998397602031
161,c,38.39998397602031,38.39998397602031
162,t,38.39998397602031,38.39998397602031
163,t,38.39998397602031,38.39998397602031
164,t,38.39998397602031,38.39998397602031
165,c,38.39998397602031,38.39998397602031
166,t,38.39998397602031,38.39998397602031
167,t,38.39998397602031,38.39998397602031
168,c,38.39998397602031,38.39998397602031
169,c,38.39998397602031,38.39998397602031
170,c,38.39998397602031,38.39998397602031
171,c,38.39998397602031,38.39998397602031
172,c,38.39998397602031,38.39998397602031
173,t,38.39998397602031,38.39998397602031
174,t,38.39998397602031,38.39998397602031
175,t,38.39998397602031,38.39998397602031
176,t,38.39998397602031,38.39998397602031
177,t,38.39998397602031,38.39998397602031
178,c,38.39998397602031,38.39998397602031
179,t,38.39998397602031,38.39998397602031
180,t,38.39998397602031,38.39998397602031
181,c,38.39998397602031,38.39998397602031
182,c,38.39998397602031,38.39998397602031
183,t,38.39998397602031,38.39998397602031
184,t,38.39998397602031,38.39998397602031
185,c,38.39998397602031,38.39998397602031
186,c,38.39998397602031,38.39998397602031
187,t,38.39998397602031,38.39998397602031
188,c,38.39998397602031,38.39998397602031
189,t,38.39998397602031,38.39998397602031
190,t,38.39998397602031,38.39998397602031
191,t,38.39998397602031,38.39998397602031
192,c,38.39998397602031,38.39998397602031
193,t,38.39998397602031,38.39998397602031
194,c,38.39998397602031,38.39998397602031
195,t,38.39998397602031,38.39998397602031
196,c,38.39998397602031,38.39998397602031
197,t,38.39998397602031,38.39998397602031
198,c,38.39998397602031,38.39998397602031
199,t,38.39998397602031,38.39998397602031
200,c,38.39998397602031,38.39998397602031
201,c,38.39998397602031,38.39998397602031
202,c,38.39998397602031,38.39998397602031
203,c,12.886927972765628,20.166065100616386
204,c,38.39998397602031,38.39998397602031
205,t,38.39998397602031,38.39998397602031
206,t,38.39998397602031,38.39998397602031
207,t,38.39998397602031,38.39998397602031
208,t,38.39998397602031,38.39998397602031
209,t,38.39998397602031,38.39998397602031
210,c,38.39998397602031,38.39998397602031
211,c,38.39998397602031,38.39998397602031
212,c,38.39998397602031,38.39998397602031
213,t,38.39998397602031,38.39998397602031
214,c,38.39998397602031,38.39998397602031
215,t,38.39998397602031,38.39998397602031
216,na,1.7593950382518824,2.3415265141625627
217,t,38.39998397602031,38.39998397602031
218,t,38.39998397602031,38.39998397602031
219,c,38.39998397602031,38.39998397602031
220,c,38.39998397602031,38.39998397602031
221,c,38.39998397602031,38.39998397602031
222,t,38.39998397602031,38.39998397602031
223,c,38.39998397602031,38.39998397602031
224,t,38.39998397602031,38.39998397602031
225,t,38.39998397602031,38.39998397602031
226,t,38.39998397602031,38.39998397602031
227,t,38.39998397602031,38.39998397602031
228,t,38.39998397602031,38.39998397602031
229,c,38.39998397602031,38.39998397602031
230,t,38.39998397602031,38.39998397602031
231,c,38.39998397602031,38.39998397602031
232,c,38.39998397602031,38.39998397602031
233,t,38.39998397602031,38.39998397602031
234,c,38.39998397602031,38.39998397602031
235,t,38.39998397602031,38.39998397602031
236,c,38.39998397602031,38.39998397602031
237,t,38.39998397602031,38.39998397602031
238,c,38.39998397602031,38.39998397602031
239,t,38.39998397602031,38.39998397602031
240,c,38.39998397602031,38.39998397602031
241,c,38.39998397602031,38.39998397602031
242,c,38.39998397602031,38.39998397602031
243,t,38.39998397602031,38.39998397602031
244,t,38.39998397602031,38.39998397602031
245,t,38.39998397602031,38.39998397602031
246,c,38.39998397602031,38.39998397602031
247,t,38.39998397602031,38.39998397602031
248,t,38.39998397602031,38.39998397602031
249,t,38.39998397602031,38.39998397602031
250,c,38.39998397602031,38.39998397602031
251,t,38.39998397602031,38.39998397602031
252,t,38.39998397602031,38.39998397602031
253,c,38.39998397602031,38.39998397602031
254,c,38.39998397602031,38.39998397602031
255,c,38.39998397602031,38.39998397602031
256,c,38.39998397602031,38.39998397602031
257,t,38.39998397602031,38.39998397602031
258,t,38.39998397602031,38.39998397602031
259,t,38.39998397602031,38.39998397602031
260,c,38.39998397602031,38.39998397602031
261,t,38.39998397602031,38.39998397602031
262,t,38.39998397602031,38.39998397602031
263,c,38.39998397602031,38.39998397602031
264,na,4.27241375545083,10.40997846361413
265,t,38.39998397602031,38.39998397602031
266,t,38.39998397602031,38.39998397602031
267,c,38.39998397602031,38.39998397602031
268,c,38.39998397602031,38.39998397602031
269,t,38.39998397602031,38.39998397602031
270,c,38.39998397602031,38.39998397602031
271,c,38.39998397602031,38.39998397602031
272,t,38.39998397602031,38.39998397602031
273,c,38.39998397602031,38.39998397602031
274,t,38.39998397602031,38.39998397602031
275,c,38.39998397602031,38.39998397602031
276,t,38.39998397602031,38.39998397602031
277,t,38.39998397602031,38.39998397602031
278,t,38.39998397602031,38.39998397602031
279,c,38.39998397602031,38.39998397602031
280,c,38.39998397602031,38.39998397602031
281,t,38.39998397602031,38.39998397602031
282,t,38.39998397602031,38.39998397602031
283,t,38.39998397602031,38.39998397602031
284,t,38.39998397602031,38.39998397602031
285,t,38.39998397602031,38.39998397602031
286,c,38.39998397602031,38.39998397602031
287,t,38.39998397602031,38.39998397602031
288,c,38.39998397602031,38.39998397602031
289,t,38.39998397602031,38.39998397602031
290,c,38.39998397602031,38.39998397602031
291,t,38.39998397602031,38.39998397602031
292,t,38.39998397602031,38.39998397602031
293,t,38.39998397602031,38.39998397602031
294,t,38.39998397602031,38.39998397602031
295,t,38.39998397602031,38.39998397602031
296,t,38.39998397602031,38.39998397602031
297,t,38.39998397602031,38.39998397602031
298,t,38.39998397602031,38.39998397602031
299,t,38.39998397602031,38.39998397602031
300,c,38.39998397602031,38.39998397602031
301,c,38.39998397602031,38.39998397602031
302,t,38.39998397602031,38.39998397602031
303,t,38.39998397602031,38.39998397602031
304,c,38.39998397602031,38.39998397602031
305,c,38.39998397602031,38.39998397602031
306,c,38.39998397602031,38.39998397602031
307,t,38.39998397602031,38.39998397602031
308,t,38.39998397602031,38.39998397602031
309,t,38.39998397602031,38.39998397602031
310,c,38.39998397602031,38.39998397602031
311,t,38.39998397602031,38.39998397602031
312,t,38.39998397602031,38.39998397602031
313,c,38.39998397602031,38.39998397602031
314,c,38.39998397602031,38.39998397602031
315,na,0.27437042968605024,4.670038021406074
316,c,38.39998397602031,38.39998397602031
317,t,38.39998397602031,38.39998397602031
318,c,38.39998397602031,38.39998397602031
319,t,38.39998397602031,38.39998397602031
320,t,38.39998397602031,38.39998397602031
321,t,38.39998397602031,38.39998397602031
322,c,38.39998397602031,38.39998397602031
323,t,38.39998397602031,38.39998397602031
324,t,38.39998397602031,38.39998397602031
325,c,38.39998397602031,38.39998397602031
326,c,3.2165657584599905,16.012670173885855
327,c,38.39998397602031,38.39998397602031
328,t,38.39998397602031,38.39998397602031
329,c,38.39998397602031,38.39998397602031
330,t,38.39998397602031,38.39998397602031
331,t,38.39998397602031,38.39998397602031
332,t,38.39998397602031,38.39998397602031
333,c,38.39998397602031,38.39998397602031
334,c,38.39998397602031,38.39998397602031
335,t,38.39998397602031,38.39998397602031
336,t,38.39998397602031,38.39998397602031
337,t,38.39998397602031,38.39998397602031
338,t,38.39998397602031,38.39998397602031
339,t,38.39998397602031,38.39998397602031
340,t,38.39998397602031,38.39998397602031
341,t,38.39998397602031,38.39998397602031
342,c,38.39998397602031,38.39998397602031
343,c,38.39998397602031,38.39998397602031
344,t,38.39998397602031,38.39998397602031
345,c,38.39998397602031,38.39998397602031
346,c,38.39998397602031,38.39998397602031
347,c,38.39998397602031,38.39998397602031
348,t,38.39998397602031,38.39998397602031
349,c,38.39998397602031,38.39998397602031
350,t,38.39998397602031,38.39998397602031
351,t,38.39998397602031,38.39998397602031
352,c,38.39998397602031,38.39998397602031
353,t,38.39998397602031,38.39998397602031
354,c,38.39998397602031,38.39998397602031
355,c,38.39998397602031,38.39998397602031
356,c,38.39998397602031,38.39998397602031
357,c,38.39998397602031,38.39998397602031
358,t,38.39998397602031,38.39998397602031
359,t,38.39998397602031,38.39998397602031
360,t,38.39998397602031,38.39998397602031
361,t,38.39998397602031,38.39998397602031
362,t,38.39998397602031,38.39998397602031
363,c,38.39998397602031,38.39998397602031
364,c,38.39998397602031,38.39998397602031
365,t,38.39998397602031,38.39998397602031
366,t,38.39998397602031,38.39998397602031
367,t,38.39998397602031,38.39998397602031
368,t,38.39998397602031,38.39998397602031
369,t,38.39998397602031,38.39998397602031
370,t,38.39998397602031,38.39998397602031
371,c,38.39998397602031,38.39998397602031
372,t,38.39998397602031,38.39998397602031
373,t,38.39998397602031,38.39998397602031
374,c,38.39998397602031,38.39998397602031
375,c,38.39998397602031,38.39998397602031
376,t,38.39998397602031,38.39998397602031
377,t,38.39998397602031,38.39998397602031
378,c,38.39998397602031,38.39998397602031
379,t,38.39998397602031,38.39998397602031
380,t,38.39998397602031,38.39998397602031
381,t,38.39998397602031,38.39998397602031
382,t,38.39998397602031,38.39998397602031
383,c,38.39998397602031,38.39998397602031
384,t,38.39998397602031,38.39998397602031
385,t,38.39998397602031,38.39998397602031
386,c,38.39998397602031,38.39998397602031
387,t,38.39998397602031,38.39998397602031
388,c,38.39998397602031,38.39998397602031
389,t,38.39998397602031,38.39998397602031
390,t,38.39998397602031,38.39998397602031
391,t,38.39998397602031,38.39998397602031
392,t,38.39998397602031,38.39998397602031
393,t,38.39998397602031,38.39998397602031
394,t,38.39998397602031,38.39998397602031
395,c,38.39998397602031,38.39998397602031
396,t,38.39998397602031,38.39998397602031
397,c,38.39998397602031,38.39998397602031
398,t,38.39998397602031,38.39998397602031
399,t,38.39998397602031,38.39998397602031
400,c,38.39998397602031,38.39998397602031
401,c,38.39998397602031,38.39998397602031
402,c,38.39998397602031,38.39998397602031
403,c,38.39998397602031,38.39998397602031
404,c,38.39998397602031,38.39998397602031
405,c,38.39998397602031,38.39998397602031
406,c,38.39998397602031,38.39998397602031
407,t,38.39998397602031,38.39998397602031
408,t,38.39998397602031,38.39998397602031
409,c,38.39998397602031,38.39998397602031
410,t,38.39998397602031,38.39998397602031
411,c,38.39998397602031,38.39998397602031
412,c,38.39998397602031,38.39998397602031
413,t,38.39998397602031,38.39998397602031
414,c,38.39998397602031,38.39998397602031
415,t,38.39998397602031,38.39998397602031
416,t,38.39998397602031,38.39998397602031
417,t,38.39998397602031,38.39998397602031
418,t,38.39998397602031,38.39998397602031
419,t,38.39998397602031,38.39998397602031
420,c,38.39998397602031,38.39998397602031
421,t,38.39998397602031,38.39998397602031
422,t,38.39998397602031,38.39998397602031
423,t,38.39998397602031,38.39998397602031
424,c,38.39998397602031,38.39998397602031
425,c,38.39998397602031,38.39998397602031
426,t,38.39998397602031,38.39998397602031
427,t,38.39998397602031,38.39998397602031
428,t,38.39998397602031,38.39998397602031
429,t,38.39998397602031,38.39998397602031
430,t,38.39998397602031,38.39998397602031
431,t,38.39998397602031,38.39998397602031
432,c,38.39998397602031,38.39998397602031
433,t,38.39998397602031,38.39998397602031
434,c,38.39998397602031,38.39998397602031
435,c,38.39998397602031,38.39998397602031
436,t,38.39998397602031,38.39998397602031
437,c,38.39998397602031,38.39998397602031
438,t,38.39998397602031,38.39998397602031
439,t,38.39998397602031,38.39998397602031
440,t,38.39998397602031,38.39998397602031
441,t,38.39998397602031,38.39998397602031
442,c,38.39998397602031,38.39998397602031
443,c,38.39998397602031,38.39998397602031
444,c,38.39998397602031,38.39998397602031
445,c,38.39998397602031,38.39998397602031
446,c,38.39998397602031,38.39998397602031
447,c,38.39998397602031,38.39998397602031
448,t,38.39998397602031,38.39998397602031
449,t,38.39998397602031,38.39998397602031
450,t,38.39998397602031,38.39998397602031
451,t,38.39998397602031,38.39998397602031
452,c,38.39998397602031,38.39998397602031
453,t,38.39998397602031,38.39998397602031
454,t,38.39998397602031,38.39998397602031
455,t,38.39998397602031,38.39998397602031
456,t,38.39998397602031,38.39998397602031
457,c,38.39998397602031,38.39998397602031
458,c,38.39998397602031,38.39998397602031
459,c,38.39998397602031,38.39998397602031
460,t,38.39998397602031,38.39998397602031
461,c,38.39998397602031,38.39998397602031
462,t,38.39998397602031,38.39998397602031
463,t,38.39998397602031,38.39998397602031
464,c,38.39998397602031,38.39998397602031
465,t,38.39998397602031,38.39998397602031
466,c,38.39998397602031,38.39998397602031
467,c,38.39998397602031,38.39998397602031
468,t,38.39998397602031,38.39998397602031
469,c,38.39998397602031,38.39998397602031
470,t,38.39998397602031,38.39998397602031
471,c,38.39998397602031,38.39998397602031
472,t,38.39998397602031,38.39998397602031
473,t,38.39998397602031,38.39998397602031
474,c,38.39998397602031,38.39998397602031
475,c,38.39998397602031,38.39998397602031
476,t,38.39998397602031,38.39998397602031
477,t,38.39998397602031,38.39998397602031
478,c,38.39998397602031,38.39998397602031
479,t,38.39998397602031,38.39998397602031
480,c,38.39998397602031,38.39998397602031
481,t,38.39998397602031,38.39998397602031
482,t,38.39998397602031,38.39998397602031
483,t,38.39998397602031,38.39998397602031
484,c,38.39998397602031,38.39998397602031
485,t,38.39998397602031,38.39998397602031
486,c,38.39998397602031,38.39998397602031
487,t,38.39998397602031,38.39998397602031
488,c,38.39998397602031,38.39998397602031
489,t,38.39998397602031,38.39998397602031
490,t,38.39998397602031,38.39998397602031
491,c,38.39998397602031,38.39998397602031
492,c,38.39998397602031,38.39998397602031
493,t,38.39998397602031,38.39998397602031
494,t,38.39998397602031,38.39998397602031
495,t,38.39998397602031,38.39998397602031
496,c,38.39998397602031,38.39998397602031
497,c,38.39998397602031,38.39998397602031
498,c,38.39998397602031,38.39998397602031
499,c,38.39998397602031,38.39998397602031
500,t,38.39998397602031,38.39998397602031
501,c,38.39998397602031,38.39998397602031
502,t,38.39998397602031,38.39998397602031
503,t,38.39998397602031,38.39998397602031
504,t,38.39998397602031,38.39998397602031
505,t,38.39998397602031,38.39998397602031
506,t,38.39998397602031,38.39998397602031
507,c,38.39998397602031,38.39998397602031
508,t,38.39998397602031,38.39998397602031
509,c,38.39998397602031,38.39998397602031
510,t,38.39998397602031,38.39998397602031
511,c,38.39998397602031,38.39998397602031
512,t,38.39998397602031,38.39998397602031
513,t,38.39998397602031,38.39998397602031
514,t,38.39998397602031,38.39998397602031
515,t,38.39998397602031,38.39998397602031
516,t,38.39998397602031,38.39998397602031
517,c,38.39998397602031,38.39998397602031
518,c,38.39998397602031,38.39998397602031
519,c,38.39998397602031,38.39998397602031
520,t,38.39998397602031,38.39998397602031
521,c,38.39998397602031,38.39998397602031
522,t,38.39998397602031,38.39998397602031
523,c,38.39998397602031,38.39998397602031
524,c,38.39998397602031,38.39998397602031
525,c,38.39998397602031,38.39998397602031
526,t,38.39998397602031,38.39998397602031
527,c,38.39998397602031,38.39998397602031
528,c,38.39998397602031,38.39998397602031
529,c,38.39998397602031,38.39998397602031
530,c,38.39998397602031,38.39998397602031
531,t,38.39998397602031,38.39998397602031
532,t,38.39998397602031,38.39998397602031
533,c,38.39998397602031,38.39998397602031
534,c,38.39998397602031,38.39998397602031
535,c,10.853750642563481,17.677500054523147
536,t,38.39998397602031,38.39998397602031
537,c,38.39998397602031,38.39998397602031
538,c,38.39998397602031,38.39998397602031
539,c,38.39998397602031,38.39998397602031
540,t,38.39998397602031,38.39998397602031
541,c,38.39998397602031,38.39998397602031
542,t,38.39998397602031,38.39998397602031
543,t,38.39998397602031,38.39998397602031
544,t,38.39998397602031,38.39998397602031
545,t,38.39998397602031,38.39998397602031
546,t,38.39998397602031,38.39998397602031
547,c,38.39998397602031,38.39998397602031
548,t,38.39998397602031,38.39998397602031
549,t,38.39998397602031,38.39998397602031
550,c,38.39998397602031,38.39998397602031
551,t,38.39998397602031,38.39998397602031
552,c,38.39998397602031,38.39998397602031
553,t,38.39998397602031,38.39998397602031
554,c,38.39998397602031,38.39998397602031
555,t,38.39998397602031,38.39998397602031
556,c,38.39998397602031,38.39998397602031
557,t,38.39998397602031,38.39998397602031
558,t,38.39998397602031,38.39998397602031
559,t,38.39998397602031,38.39998397602031
560,t,38.39998397602031,38.39998397602031
561,c,38.39998397602031,38.39998397602031
562,c,38.39998397602031,38.39998397602031
563,c,38.39998397602031,38.39998397602031
564,c,38.39998397602031,38.39998397602031
565,c,38.39998397602031,38.39998397602031
566,t,38.39998397602031,38.39998397602031
567,c,38.39998397602031,38.39998397602031
568,na,-1,0
569,c,38.39998397602031,38.39998397602031
570,c,38.39998397602031,38.39998397602031
571,c,38.39998397602031,38.39998397602031
572,t,38.39998397602031,38.39998397602031
573,t,38.39998397602031,38.39998397602031
574,t,38.39998397602031,38.39998397602031
575,t,38.39998397602031,38.39998397602031
576,c,38.39998397602031,38.39998397602031
577,c,38.39998397602031,38.39998397602031
578,c,38.39998397602031,38.39998397602031
579,c,38.39998397602031,38.39998397602031
580,c,38.39998397602031,38.39998397602031
581,t,38.39998397602031,38.39998397602031
582,c,38.39998397602031,38.39998397602031
583,c,38.39998397602031,38.39998397602031
584,t,38.39998397602031,38.39998397602031
585,t,38.39998397602031,38.39998397602031
586,t,38.39998397602031,38.39998397602031
587,t,38.39998397602031,38.39998397602031
588,t,38.39998397602031,38.39998397602031
589,c,38.39998397602031,38.39998397602031
590,t,38.39998397602031,38.39998397602031
591,c,38.39998397602031,38.39998397602031
592,t,38.39998397602031,38.39998397602031
593,c,38.39998397602031,38.39998397602031
594,t,38.39998397602031,38.39998397602031
595,c,38.39998397602031,38.39998397602031
596,t,38.39998397602031,38.39998397602031
597,t,38.39998397602031,38.39998397602031
598,c,38.39998397602031,38.39998397602031
599,c,38.39998397602031,38.39998397602031
600,t,38.39998397602031,38.39998397602031
601,t,38.39998397602031,38.39998397602031
602,t,38.39998397602031,38.39998397602031
603,t,38.39998397602031,38.39998397602031
604,t,38.39998397602031,38.39998397602031
605,c,11.341417771711193,13.841261769898566
606,c,38.39998397602031,38.39998397602031
607,t,38.39998397602031,38.39998397602031
608,c,38.39998397602031,38.39998397602031
609,t,38.39998397602031,38.39998397602031
610,c,38.39998397602031,38.39998397602031
611,c,38.39998397602031,38.39998397602031
612,t,38.39998397602031,38.39998397602031
613,c,38.39998397602031,38.39998397602031
614,t,38.39998397602031,38.39998397602031
615,t,38.39998397602031,38.39998397602031
616,c,38.39998397602031,38.39998397602031
617,c,38.39998397602031,38.39998397602031
618,t,38.39998397602031,38.39998397602031
619,c,38.39998397602031,38.39998397602031
620,t,38.39998397602031,38.39998397602031
621,c,38.39998397602031,38.39998397602031
622,c,38.39998397602031,38.39998397602031
623,c,38.39998397602031,38.39998397602031
624,t,38.39998397602031,38.39998397602031
625,t,38.39998397602031,38.39998397602031
626,c,38.39998397602031,38.39998397602031
627,t,38.39998397602031,38.39998397602031
628,c,38.39998397602031,38.39998397602031
629,c,38.39998397602031,38.39998397602031
630,t,38.39998397602031,38.39998397602031
631,c,38.39998397602031,38.39998397602031
632,t,38.39998397602031,38.39998397602031
633,c,38.39998397602031,38.39998397602031
634,c,7.795973166147092,8.981637545065045
635,t,38.39998397602031,38.39998397602031
636,t,38.39998397602031,38.39998397602031
637,t,38.39998397602031,38.39998397602031
638,c,10.480147179779879,10.847555577674129
639,c,38.39998397602031,38.39998397602031
640,t,38.39998397602031,38.39998397602031
641,t,38.39998397602031,38.39998397602031
642,c,38.39998397602031,38.39998397602031
643,c,38.39998397602031,38.39998397602031
644,na,1.0623549384843607,7.137865086514192
645,t,38.39998397602031,38.39998397602031
646,c,38.39998397602031,38.39998397602031
647,t,38.39998397602031,38.39998397602031
648,t,38.39998397602031,38.39998397602031
649,c,38.39998397602031,38.39998397602031
650,t,38.39998397602031,38.39998397602031
651,t,38.39998397602031,38.39998397602031
652,t,38.39998397602031,38.39998397602031
653,t,38.39998397602031,38.39998397602031
654,t,38.39998397602031,38.39998397602031
655,c,38.39998397602031,38.39998397602031
656,t,38.39998397602031,38.39998397602031
657,c,38.39998397602031,38.39998397602031
658,c,38.39998397602031,38.39998397602031
659,c,38.39998397602031,38.39998397602031
660,t,38.39998397602031,38.39998397602031
661,t,38.39998397602031,38.39998397602031
662,t,38.39998397602031,38.39998397602031
663,c,38.39998397602031,38.39998397602031
664,c,38.39998397602031,38.39998397602031
665,c,38.39998397602031,38.39998397602031
666,t,38.39998397602031,38.39998397602031
667,t,38.39998397602031,38.39998397602031
668,c,38.39998397602031,38.39998397602031
669,c,38.39998397602031,38.39998397602031
670,c,38.39998397602031,38.39998397602031
671,c,38.39998397602031,38.39998397602031
672,c,38.39998397602031,38.39998397602031
673,t,38.39998397602031,38.39998397602031
674,c,38.39998397602031,38.39998397602031
675,t,38.39998397602031,38.39998397602031
676,c,38.39998397602031,38.39998397602031
677,c,38.39998397602031,38.39998397602031
678,na,2.1844923661397955,6.23769734877537
679,c,38.39998397602031,38.39998397602031
680,t,38.39998397602031,38.39998397602031
681,c,38.39998397602031,38.39998397602031
682,t,38.39998397602031,38.39998397602031
683,t,38.39998397602031,38.39998397602031
684,t,38.39998397602031,38.39998397602031
685,t,38.39998397602031,38.39998397602031
686,c,38.39998397602031,38.39998397602031
687,t,38.39998397602031,38.39998397602031
688,t,38.39998397602031,38.39998397602031
689,t,38.39998397602031,38.39998397602031
690,t,38.39998397602031,38.39998397602031
691,c,38.39998397602031,38.39998397602031
692,t,38.39998397602031,38.39998397602031
693,c,38.39998397602031,38.39998397602031
694,t,38.39998397602031,38.39998397602031
695,t,38.39998397602031,38.39998397602031
696,c,38.39998397602031,38.39998397602031
697,t,38.39998397602031,38.39998397602031
698,t,38.39998397602031,38.39998397602031
699,t,38.39998397602031,38.39998397602031
700,c,38.39998397602031,38.39998397602031
701,c,38.39998397602031,38.39998397602031
702,t,38.39998397602031,38.39998397602031
703,c,38.39998397602031,38.39998397602031
704,t,38.39998397602031,38.39998397602031
705,c,38.39998397602031,38.39998397602031
706,t,38.39998397602031,38.39998397602031
707,c,38.39998397602031,38.39998397602031
708,c,38.39998397602031,38.39998397602031
709,t,38.39998397602031,38.39998397602031
710,t,38.39998397602031,38.39998397602031
711,c,14.048363993764564,38.39998397602031
712,c,38.39998397602031,38.39998397602031
713,t,38.39998397602031,38.39998397602031
714,t,38.39998397602031,38.39998397602031
715,t,38.39998397602031,38.39998397602031
716,c,38.39998397602031,38.39998397602031
717,t,38.39998397602031,38.39998397602031
718,t,38.39998397602031,38.39998397602031
719,t,38.39998397602031,38.39998397602031
720,c,38.39998397602031,38.39998397602031
721,c,38.39998397602031,38.39998397602031
722,c,38.39998397602031,38.39998397602031
723,t,38.39998397602031,38.39998397602031
724,t,38.39998397602031,38.39998397602031
725,t,38.39998397602031,38.39998397602031
726,t,38.39998397602031,38.39998397602031
727,t,38.39998397602031,38.39998397602031
728,t,38.39998397602031,38.39998397602031
729,t,38.39998397602031,38.39998397602031
730,t,38.39998397602031,38.39998397602031
731,t,38.39998397602031,38.39998397602031
732,t,38.39998397602031,38.39998397602031
733,t,38.39998397602031,38.39998397602031
734,c,38.39998397602031,38.39998397602031
735,t,38.39998397602031,38.39998397602031
736,t,38.39998397602031,38.39998397602031
737,t,38.39998397602031,38.39998397602031
738,c,38.39998397602031,38.39998397602031
739,c,38.39998397602031,38.39998397602031
740,t,38.39998397602031,38.39998397602031
741,c,38.39998397602031,38.39998397602031
742,t,38.39998397602031,38.39998397602031
743,t,38.39998397602031,38.39998397602031
744,c,38.39998397602031,38.39998397602031
745,t,38.39998397602031,38.39998397602031
746,c,38.39998397602031,38.39998397602031
747,c,38.39998397602031,38.39998397602031
748,na,0,2.898564275279699
749,c,38.39998397602031,38.39998397602031
750,t,38.39998397602031,38.39998397602031
751,c,38.39998397602031,38.39998397602031
752,t,38.39998397602031,38.39998397602031
753,c,38.39998397602031,38.39998397602031
754,t,38.39998397602031,38.39998397602031
755,t,38.39998397602031,38.39998397602031
756,t,38.39998397602031,38.39998397602031
757,c,38.39998397602031,38.39998397602031
758,t,38.39998397602031,38.39998397602031
759,t,38.39998397602031,38.39998397602031
760,t,38.39998397602031,38.39998397602031
761,t,38.39998397602031,38.39998397602031
762,c,38.39998397602031,38.39998397602031
763,t,38.39998397602031,38.39998397602031
764,t,38.39998397602031,38.39998397602031
765,t,38.39998397602031,38.39998397602031
766,c,38.39998397602031,38.39998397602031
767,t,38.39998397602031,38.39998397602031
768,t,38.39998397602031,38.39998397602031
769,c,38.39998397602031,38.39998397602031
770,c,38.39998397602031,38.39998397602031
771,c,38.39998397602031,38.39998397602031
772,t,38.39998397602031,38.39998397602031
773,t,38.39998397602031,38.39998397602031
774,t,38.39998397602031,38.39998397602031
775,c,38.39998397602031,38.39998397602031
776,t,38.39998397602031,38.39998397602031
777,t,38.39998397602031,38.39998397602031
778,t,38.39998397602031,38.39998397602031
779,c,38.39998397602031,38.39998397602031
780,c,38.39998397602031,38.39998397602031
781,c,38.39998397602031,38.39998397602031
782,c,38.39998397602031,38.39998397602031
783,t,38.39998397602031,38.39998397602031
784,t,38.39998397602031,38.39998397602031
785,t,38.39998397602031,38.39998397602031
786,t,38.39998397602031,38.39998397602031
787,c,38.39998397602031,38.39998397602031
788,c,38.39998397602031,38.39998397602031
789,c,38.39998397602031,38.39998397602031
790,c,38.39998397602031,38.39998397602031
791,c,38.39998397602031,38.39998397602031
792,c,38.39998397602031,38.39998397602031
793,t,38.39998397602031,38.39998397602031
794,c,38.39998397602031,38.39998397602031
795,c,38.39998397602031,38.39998397602031
796,t,38.39998397602031,38.39998397602031
797,t,38.39998397602031,38.39998397602031
798,c,38.39998397602031,38.39998397602031
799,c,38.39998397602031,38.39998397602031
800,t,38.39998397602031,38.39998397602031
801,c,38.39998397602031,38.39998397602031
802,c,38.39998397602031,38.39998397602031
803,t,38.39998397602031,38.39998397602031
804,t,38.39998397602031,38.39998397602031
805,c,38.39998397602031,38.39998397602031
806,t,38.39998397602031,38.39998397602031
807,t,38.39998397602031,38.39998397602031
808,t,38.39998397602031,38.39998397602031
809,c,38.39998397602031,38.39998397602031
810,c,38.39998397602031,38.39998397602031
811,t,38.39998397602031,38.39998397602031
812,c,38.39998397602031,38.39998397602031
813,t,38.39998397602031,38.39998397602031
814,c,38.39998397602031,38.39998397602031
815,t,38.39998397602031,38.39998397602031
816,t,38.39998397602031,38.39998397602031
817,t,38.39998397602031,38.39998397602031
818,c,38.39998397602031,38.39998397602031
819,t,38.39998397602031,38.39998397602031
820,t,38.39998397602031,38.39998397602031
821,t,38.39998397602031,38.39998397602031
822,t,38.39998397602031,38.39998397602031
823,t,38.39998397602031,38.39998397602031
824,c,38.39998397602031,38.39998397602031
825,c,38.39998397602031,38.39998397602031
826,c,38.39998397602031,38.39998397602031
827,c,38.39998397602031,38.39998397602031
828,t,38.39998397602031,38.39998397602031
829,c,38.39998397602031,38.39998397602031
830,t,38.39998397602031,38.39998397602031
831,c,38.39998397602031,38.39998397602031
832,t,38.39998397602031,38.39998397602031
833,c,38.39998397602031,38.39998397602031
834,c,38.39998397602031,38.39998397602031
835,t,38.39998397602031,38.39998397602031
836,t,38.39998397602031,38.39998397602031
837,t,38.39998397602031,38.39998397602031
838,c,38.39998397602031,38.39998397602031
839,c,38.39998397602031,38.39998397602031
840,t,38.39998397602031,38.39998397602031
841,c,38.39998397602031,38.39998397602031
842,c,38.39998397602031,38.39998397602031
843,t,38.39998397602031,38.39998397602031
844,c,38.39998397602031,38.39998397602031
845,t,38.39998397602031,38.39998397602031
846,t,38.39998397602031,38.39998397602031
847,c,38.39998397602031,38.39998397602031
848,c,38.39998397602031,38.39998397602031
849,c,38.39998397602031,38.39998397602031
850,t,38.39998397602031,38.39998397602031
851,c,38.39998397602031,38.39998397602031
852,c,38.39998397602031,38.39998397602031
853,t,38.39998397602031,38.39998397602031
854,t,38.39998397602031,38.39998397602031
855,t,38.39998397602031,38.39998397602031
856,t,38.39998397602031,38.39998397602031
857,t,38.39998397602031,38.39998397602031
858,c,38.39998397602031,38.39998397602031
859,c,38.39998397602031,38.39998397602031
860,na,2.976995274816005,13.994664255991012
861,t,38.39998397602031,38.39998397602031
862,t,38.39998397602031,38.39998397602031
863,t,38.39998397602031,38.39998397602031
864,c,38.39998397602031,38.39998397602031
865,c,38.39998397602031,38.39998397602031
866,c,38.39998397602031,38.39998397602031
867,t,38.39998397602031,38.39998397602031
868,c,38.39998397602031,38.39998397602031
869,c,38.39998397602031,38.39998397602031
870,t,38.39998397602031,38.39998397602031
871,t,38.39998397602031,38.39998397602031
872,c,38.39998397602031,38.39998397602031
873,t,38.39998397602031,38.39998397602031
874,t,38.39998397602031,38.39998397602031
875,t,38.39998397602031,38.39998397602031
876,c,38.39998397602031,38.39998397602031
877,c,38.39998397602031,38.39998397602031
878,t,38.39998397602031,38.39998397602031
879,c,38.39998397602031,38.39998397602031
880,c,38.39998397602031,38.39998397602031
881,t,38.39998397602031,38.39998397602031
882,t,38.39998397602031,38.39998397602031
883,t,38.39998397602031,38.39998397602031
884,t,38.39998397602031,38.39998397602031
885,c,38.39998397602031,38.39998397602031
886,t,38.39998397602031,38.39998397602031
887,t,38.39998397602031,38.39998397602031
888,c,38.39998397602031,38.39998397602031
889,c,38.39998397602031,38.39998397602031
890,c,38.39998397602031,38.39998397602031
891,t,38.39998397602031,38.39998397602031
892,c,38.39998397602031,38.39998397602031
893,c,38.39998397602031,38.39998397602031
894,c,38.39998397602031,38.39998397602031
895,c,38.39998397602031,38.39998397602031
896,t,38.39998397602031,38.39998397602031
897,t,38.39998397602031,38.39998397602031
898,t,38.39998397602031,38.39998397602031
899,t,38.39998397602031,38.39998397602031
900,t,38.39998397602031,38.39998397602031
901,t,38.39998397602031,38.39998397602031
902,c,38.39998397602031,38.39998397602031
903,c,38.39998397602031,38.39998397602031
904,c,38.39998397602031,38.39998397602031
905,t,38.39998397602031,38.39998397602031
906,c,38.39998397602031,38.39998397602031
907,c,38.39998397602031,38.39998397602031
908,t,38.39998397602031,38.39998397602031
909,c,38.39998397602031,38.39998397602031
910,t,38.39998397602031,38.39998397602031
911,c,38.39998397602031,38.39998397602031
912,c,38.39998397602031,38.39998397602031
913,t,38.39998397602031,38.39998397602031
914,t,38.39998397602031,38.39998397602031
915,t,38.39998397602031,38.39998397602031
916,t,38.39998397602031,38.39998397602031
917,c,38.39998397602031,38.39998397602031
918,t,38.39998397602031,38.39998397602031
919,c,38.39998397602031,38.39998397602031
920,c,38.39998397602031,38.39998397602031
921,t,38.39998397602031,38.39998397602031
922,t,38.39998397602031,38.39998397602031
923,c,38.39998397602031,38.39998397602031
924,c,38.39998397602031,38.39998397602031
925,c,0.8838975211130435,3.073129346369437
926,c,38.39998397602031,38.39998397602031
927,c,38.39998397602031,38.39998397602031
928,t,38.39998397602031,38.39998397602031
929,c,38.39998397602031,38.39998397602031
930,t,38.39998397602031,38.39998397602031
931,c,38.39998397602031,38.39998397602031
932,c,38.39998397602031,38.39998397602031
933,c,38.39998397602031,38.39998397602031
934,t,38.39998397602031,38.39998397602031
935,c,38.39998397602031,38.39998397602031
936,t,38.39998397602031,38.39998397602031
937,c,38.39998397602031,38.39998397602031
938,t,38.39998397602031,38.39998397602031
939,t,38.39998397602031,38.39998397602031
940,c,38.39998397602031,38.39998397602031
941,t,38.39998397602031,38.39998397602031
942,c,38.39998397602031,38.39998397602031
943,t,38.39998397602031,38.39998397602031
944,c,38.39998397602031,38.39998397602031
945,t,38.39998397602031,38.39998397602031
946,c,38.39998397602031,38.39998397602031
947,t,38.39998397602031,38.39998397602031
948,t,38.39998397602031,38.39998397602031
949,c,38.39998397602031,38.39998397602031
950,c,38.39998397602031,38.39998397602031
951,c,38.39998397602031,38.39998397602031
952,t,38.39998397602031,38.39998397602031
953,c,38.39998397602031,38.39998397602031
954,t,38.39998397602031,38.39998397602031
955,t,38.39998397602031,38.39998397602031
956,t,38.39998397602031,38.39998397602031
957,c,38.39998397602031,38.39998397602031
958,t,38.39998397602031,38.39998397602031
959,c,38.39998397602031,38.39998397602031
960,c,38.39998397602031,38.39998397602031
961,t,38.39998397602031,38.39998397602031
962,t,38.39998397602031,38.39998397602031
963,c,38.39998397602031,38.39998397602031
964,t,38.39998397602031,38.39998397602031
965,t,38.39998397602031,38.39998397602031
966,c,38.39998397602031,38.39998397602031
967,c,38.39998397602031,38.39998397602031
968,c,38.39998397602031,38.39998397602031
969,c,38.39998397602031,38.39998397602031
970,t,38.39998397602031,38.39998397602031
971,t,38.39998397602031,38.39998397602031
972,t,38.39998397602031,38.39998397602031
973,c,38.39998397602031,38.39998397602031
974,t,38.39998397602031,38.39998397602031
975,na,0,2.2073588535627264
976,t,38.39998397602031,38.39998397602031
977,t,38.39998397602031,38.39998397602031
978,c,38.39998397602031,38.39998397602031
979,t,38.39998397602031,38.39998397602031
980,t,38.39998397602031,38.39998397602031
981,c,38.39998397602031,38.39998397602031
982,t,38.39998397602031,38.39998397602031
983,t,38.39998397602031,38.39998397602031
984,t,38.39998397602031,38.39998397602031
985,c,38.39998397602031,38.39998397602031
986,c,38.39998397602031,38.39998397602031
987,c,38.39998397602031,38.39998397602031
988,t,38.39998397602031,38.39998397602031
989,t,38.39998397602031,38.39998397602031
990,c,38.39998397602031,38.39998397602031
991,c,38.39998397602031,38.39998397602031
992,t,38.39998397602031,38.39998397602031
993,c,38.39998397602031,38.39998397602031
994,c,38.39998397602031,38.39998397602031
995,c,38.39998397602031,38.39998397602031
996,t,38.39998397602031,38.39998397602031
997,t,38.39998397602031,38.39998397602031
998,t,38.39998397602031,38.39998397602031
999,t,38.39998397602031,38.39998397602031
1000,c,38.39998397602031,38.39998397602031
1001,c,38.39998397602031,38.39998397602031
1002,c,38.39998397602031,38.39998397602031
1003,t,38.39998397602031,38.39998397602031
1004,c,38.39998397602031,38.39998397602031
1005,t,38.39998397602031,38.39998397602031
1006,t,38.39998397602031,38.39998397602031
1007,t,38.39998397602031,38.39998397602031
1008,t,38.39998397602031,38.39998397602031
1009,t,38.39998397602031,38.39998397602031
1010,t,38.39998397602031,38.39998397602031
1011,t,38.39998397602031,38.39998397602031
1012,c,38.39998397602031,38.39998397602031
1013,c,38.39998397602031,38.39998397602031
1014,t,38.39998397602031,38.39998397602031
1015,c,38.39998397602031,38.39998397602031
1016,t,38.39998397602031,38.39998397602031
1017,t,38.39998397602031,38.39998397602031
1018,t,38.39998397602031,38.39998397602031
1019,t,38.39998397602031,38.39998397602031
1020,c,38.39998397602031,38.39998397602031
1021,t,38.39998397602031,38.39998397602031
1022,c,38.39998397602031,38.39998397602031
1023,na,5.818446248800168,7.493965247682832
1024,c,38.39998397602031,38.39998397602031
1025,t,38.39998397602031,38.39998397602031
1026,t,38.39998397602031,38.39998397602031
1027,t,38.39998397602031,38.39998397602031
1028,c,38.39998397602031,38.39998397602031
1029,t,38.39998397602031,38.39998397602031
1030,c,38.39998397602031,38.39998397602031
1031,c,38.39998397602031,38.39998397602031
1032,t,38.39998397602031,38.39998397602031
1033,t,38.39998397602031,38.39998397602031
1034,c,38.39998397602031,38.39998397602031
1035,t,38.39998397602031,38.39998397602031
1036,t,38.39998397602031,38.39998397602031
1037,t,38.39998397602031,38.39998397602031
1038,t,38.39998397602031,38.39998397602031
1039,c,38.39998397602031,38.39998397602031
1040,t,38.39998397602031,38.39998397602031
1041,t,38.39998397602031,38.39998397602031
1042,t,38.39998397602031,38.39998397602031
1043,t,38.39998397602031,38.39998397602031
1044,c,38.39998397602031,38.39998397602031
1045,c,38.39998397602031,38.39998397602031
1046,t,38.39998397602031,38.39998397602031
1047,t,38.39998397602031,38.39998397602031
1048,c,38.39998397602031,38.39998397602031
1049,t,38.39998397602031,38.39998397602031
1050,c,38.39998397602031,38.39998397602031
1051,c,38.39998397602031,38.39998397602031
1052,c,38.39998397602031,38.39998397602031
1053,t,38.39998397602031,38.39998397602031
1054,c,38.39998397602031,38.39998397602031
1055,c,38.39998397602031,38.39998397602031
1056,t,38.39998397602031,38.39998397602031
1057,t,38.39998397602031,38.39998397602031
1058,t,38.39998397602031,38.39998397602031
1059,t,38.39998397602031,38.39998397602031
1060,c,38.39998397602031,38.39998397602031
1061,c,38.39998397602031,38.39998397602031
1062,t,38.39998397602031,38.39998397602031
1063,c,38.39998397602031,38.39998397602031
1064,t,38.39998397602031,38.39998397602031
1065,c,38.39998397602031,38.39998397602031
1066,c,38.39998397602031,38.39998397602031
1067,c,38.39998397602031,38.39998397602031
1068,c,38.39998397602031,38.39998397602031
1069,t,38.39998397602031,38.39998397602031
1070,c,38.39998397602031,38.39998397602031
1071,c,38.39998397602031,38.39998397602031
1072,c,38.39998397602031,38.39998397602031
1073,t,38.39998397602031,38.39998397602031
1074,c,38.39998397602031,38.39998397602031
1075,c,38.39998397602031,38.39998397602031
1076,t,38.39998397602031,38.39998397602031
1077,t,38.39998397602031,38.39998397602031
1078,c,38.39998397602031,38.39998397602031
1079,c,38.39998397602031,38.39998397602031
1080,c,38.39998397602031,38.39998397602031
1081,c,38.39998397602031,38.39998397602031
1082,t,38.39998397602031,38.39998397602031
1083,t,38.39998397602031,38.39998397602031
1084,c,38.39998397602031,38.39998397602031
1085,t,38.39998397602031,38.39998397602031
1086,t,38.39998397602031,38.39998397602031
1087,c,38.39998397602031,38.39998397602031
1088,c,38.39998397602031,38.39998397602031
1089,c,38.39998397602031,38.39998397602031
1090,t,38.39998397602031,38.39998397602031
1091,c,38.39998397602031,38.39998397602031
1092,c,38.39998397602031,38.39998397602031
1093,t,38.39998397602031,38.39998397602031
1094,c,38.39998397602031,38.39998397602031
1095,c,3.6433060091891094,3.8232566790008047
1096,t,38.39998397602031,38.39998397602031
1097,c,38.39998397602031,38.39998397602031
1098,c,38.39998397602031,38.39998397602031
1099,t,38.39998397602031,38.39998397602031
1100,c,38.39998397602031,38.39998397602031
1101,c,38.39998397602031,38.39998397602031
1102,t,38.39998397602031,38.39998397602031
1103,c,38.39998397602031,38.39998397602031
1104,t,38.39998397602031,38.39998397602031
1105,t,38.39998397602031,38.39998397602031
1106,t,38.39998397602031,38.39998397602031
1107,t,38.39998397602031,38.39998397602031
1108,c,38.39998397602031,38.39998397602031
1109,t,38.39998397602031,38.39998397602031
1110,c,38.39998397602031,38.39998397602031
1111,c,38.39998397602031,38.39998397602031
1112,t,38.39998397602031,38.39998397602031
1113,t,38.39998397602031,38.39998397602031
1114,t,38.39998397602031,38.39998397602031
1115,t,38.39998397602031,38.39998397602031
1116,t,38.39998397602031,38.39998397602031
1117,c,38.39998397602031,38.39998397602031
1118,c,38.39998397602031,38.39998397602031
1119,t,38.39998397602031,38.39998397602031
1120,t,38.39998397602031,38.39998397602031
1121,t,38.39998397602031,38.39998397602031
1122,c,38.39998397602031,38.39998397602031
1123,c,38.39998397602031,38.39998397602031
1124,c,38.39998397602031,38.39998397602031
1125,c,38.39998397602031,38.39998397602031
1126,t,38.39998397602031,38.39998397602031
1127,c,38.39998397602031,38.39998397602031
1128,c,38.39998397602031,38.39998397602031
1129,c,38.39998397602031,38.39998397602031
1130,t,38.39998397602031,38.39998397602031
1131,c,38.39998397602031,38.39998397602031
1132,c,38.39998397602031,38.39998397602031
1133,t,38.39998397602031,38.39998397602031
1134,t,38.39998397602031,38.39998397602031
1135,c,38.39998397602031,38.39998397602031
1136,c,38.39998397602031,38.39998397602031
1137,c,38.39998397602031,38.39998397602031
1138,c,38.39998397602031,38.39998397602031
1139,t,38.39998397602031,38.39998397602031
1140,c,38.39998397602031,38.39998397602031
1141,t,38.39998397602031,38.39998397602031
1142,t,38.39998397602031,38.39998397602031
1143,t,38.39998397602031,38.39998397602031
1144,c,38.39998397602031,38.39998397602031
1145,t,38.39998397602031,38.39998397602031
1146,t,38.39998397602031,38.39998397602031
1147,t,38.39998397602031,38.39998397602031
1148,t,38.39998397602031,38.39998397602031
1149,t,38.39998397602031,38.39998397602031
1150,t,38.39998397602031,38.39998397602031
1151,c,38.39998397602031,38.39998397602031
1152,t,38.39998397602031,38.39998397602031
1153,t,38.39998397602031,38.39998397602031
1154,t,38.39998397602031,38.39998397602031
1155,t,38.39998397602031,38.39998397602031
1156,t,38.39998397602031,38.39998397602031
1157,c,38.39998397602031,38.39998397602031
1158,c,38.39998397602031,38.39998397602031
1159,t,38.39998397602031,38.39998397602031
1160,c,38.39998397602031,38.39998397602031
1161,c,38.39998397602031,38.39998397602031
1162,t,38.39998397602031,38.39998397602031
1163,c,38.39998397602031,38.39998397602031
1164,t,38.39998397602031,38.39998397602031
1165,c,38.39998397602031,38.39998397602031
1166,c,38.39998397602031,38.39998397602031
1167,t,38.39998397602031,38.39998397602031
1168,t,38.39998397602031,38.39998397602031
1169,c,38.39998397602031,38.39998397602031
1170,na,-1,0
1171,na,0,5.70555850641654
1172,c,38.39998397602031,38.39998397602031
1173,t,38.39998397602031,38.39998397602031
1174,c,38.39998397602031,38.39998397602031
1175,t,38.39998397602031,38.39998397602031
1176,t,38.39998397602031,38.39998397602031
1177,t,38.39998397602031,38.39998397602031
1178,c,38.39998397602031,38.39998397602031
1179,c,38.39998397602031,38.39998397602031
1180,c,38.39998397602031,38.39998397602031
1181,c,38.39998397602031,38.39998397602031
1182,c,38.39998397602031,38.39998397602031
1183,t,38.39998397602031,38.39998397602031
1184,c,38.39998397602031,38.39998397602031
1185,t,38.39998397602031,38.39998397602031
1186,c,38.39998397602031,38.39998397602031
1187,t,38.39998397602031,38.39998397602031
1188,t,38.39998397602031,38.39998397602031
1189,t,38.39998397602031,38.39998397602031
1190,t,38.39998397602031,38.39998397602031
1191,t,38.39998397602031,38.39998397602031
1192,c,38.39998397602031,38.39998397602031
1193,c,38.39998397602031,38.39998397602031
1194,t,38.39998397602031,38.39998397602031
1195,t,38.39998397602031,38.39998397602031
1196,t,38.39998397602031,38.39998397602031
1197,c,38.39998397602031,38.39998397602031
1198,c,38.39998397602031,38.39998397602031
1199,t,38.39998397602031,38.39998397602031
1200,t,38.39998397602031,38.39998397602031
1201,c,38.39998397602031,38.39998397602031
1202,na,1.620693057546813,1.7385316497093222
1203,c,38.39998397602031,38.39998397602031
1204,t,38.39998397602031,38.39998397602031
1205,t,38.39998397602031,38.39998397602031
1206,t,38.39998397602031,38.39998397602031
1207,t,38.39998397602031,38.39998397602031
1208,t,38.39998397602031,38.39998397602031
1209,t,38.39998397602031,38.39998397602031
1210,t,38.39998397602031,38.39998397602031
1211,t,38.39998397602031,38.39998397602031
1212,t,38.39998397602031,38.39998397602031
1213,c,38.39998397602031,38.39998397602031
1214,t,38.39998397602031,38.39998397602031
1215,t,38.39998397602031,38.39998397602031
1216,c,38.39998397602031,38.39998397602031
1217,t,38.39998397602031,38.39998397602031
1218,c,38.39998397602031,38.39998397602031
1219,t,38.39998397602031,38.39998397602031
1220,c,38.39998397602031,38.39998397602031
1221,c,38.39998397602031,38.39998397602031
1222,c,38.39998397602031,38.39998397602031
1223,c,38.39998397602031,38.39998397602031
1224,c,38.39998397602031,38.39998397602031
1225,c,38.39998397602031,38.39998397602031
1226,t,38.39998397602031,38.39998397602031
1227,t,38.39998397602031,38.39998397602031
1228,t,38.39998397602031,38.39998397602031
1229,c,38.39998397602031,38.39998397602031
1230,t,38.39998397602031,38.39998397602031
1231,t,38.39998397602031,38.39998397602031
1232,c,38.39998397602031,38.39998397602031
1233,t,38.39998397602031,38.39998397602031
1234,c,38.39998397602031,38.39998397602031
1235,t,38.39998397602031,38.39998397602031
1236,c,38.39998397602031,38.39998397602031
1237,t,38.39998397602031,38.39998397602031
1238,c,38.39998397602031,38.39998397602031
1239,t,38.39998397602031,38.39998397602031
1240,c,38.39998397602031,38.39998397602031
1241,t,38.39998397602031,38.39998397602031
1242,na,5.0709065924551835,6.341659310497383
1243,t,38.39998397602031,38.39998397602031
1244,t,38.39998397602031,38.39998397602031
1245,t,38.39998397602031,38.39998397602031
1246,t,38.39998397602031,38.39998397602031
1247,t,38.39998397602031,38.39998397602031
1248,c,38.39998397602031,38.39998397602031
1249,t,38.39998397602031,38.39998397602031
1250,c,38.39998397602031,38.39998397602031
1251,c,38.39998397602031,38.39998397602031
1252,t,38.39998397602031,38.39998397602031
1253,t,38.39998397602031,38.39998397602031
1254,t,38.39998397602031,38.39998397602031
1255,t,38.39998397602031,38.39998397602031
1256,c,38.39998397602031,38.39998397602031
1257,c,38.39998397602031,38.39998397602031
1258,c,38.39998397602031,38.39998397602031
1259,c,38.39998397602031,38.39998397602031
1260,t,38.39998397602031,38.39998397602031
1261,t,38.39998397602031,38.39998397602031
1262,c,38.39998397602031,38.39998397602031
1263,t,38.39998397602031,38.39998397602031
1264,t,38.39998397602031,38.39998397602031
1265,c,38.39998397602031,38.39998397602031
1266,c,38.39998397602031,38.39998397602031
1267,t,38.39998397602031,38.39998397602031
1268,t,38.39998397602031,38.39998397602031
1269,t,38.39998397602031,38.39998397602031
1270,c,38.39998397602031,38.39998397602031
1271,c,38.39998397602031,38.39998397602031
1272,c,38.39998397602031,38.39998397602031
1273,c,38.39998397602031,38.39998397602031
1274,c,38.39998397602031,38.39998397602031
1275,c,38.39998397602031,38.39998397602031
1276,t,38.39998397602031,38.39998397602031
1277,t,38.39998397602031,38.39998397602031
1278,t,38.39998397602031,38.39998397602031
1279,t,38.39998397602031,38.39998397602031
1280,c,38.39998397602031,38.39998397602031
1281,c,38.39998397602031,38.39998397602031
1282,t,38.39998397602031,38.39998397602031
1283,t,38.39998397602031,38.39998397602031
1284,t,38.39998397602031,38.39998397602031
1285,t,38.39998397602031,38.39998397602031
1286,t,38.39998397602031,38.39998397602031
1287,c,38.39998397602031,38.39998397602031
1288,c,38.39998397602031,38.39998397602031
1289,c,38.39998397602031,38.39998397602031
1290,t,38.39998397602031,38.39998397602031
1291,c,38.39998397602031,38.39998397602031
1292,na,11.766285951019062,14.097382448586979
1293,c,38.39998397602031,38.39998397602031
1294,t,38.39998397602031,38.39998397602031
1295,t,38.39998397602031,38.39998397602031
1296,t,38.39998397602031,38.39998397602031
1297,c,38.39998397602031,38.39998397602031
1298,t,38.39998397602031,38.39998397602031
1299,c,38.39998397602031,38.39998397602031
1300,c,38.39998397602031,38.39998397602031
1301,c,38.39998397602031,38.39998397602031
1302,c,38.39998397602031,38.39998397602031
1303,t,38.39998397602031,38.39998397602031
1304,c,38.39998397602031,38.39998397602031
1305,c,38.39998397602031,38.39998397602031
1306,t,38.39998397602031,38.39998397602031
1307,t,38.39998397602031,38.39998397602031
1308,t,38.39998397602031,38.39998397602031
1309,t,38.39998397602031,38.39998397602031
1310,c,38.39998397602031,38.39998397602031
1311,t,38.39998397602031,38.39998397602031
1312,t,38.39998397602031,38.39998397602031
1313,t,38.39998397602031,38.39998397602031
1314,t,38.39998397602031,38.39998397602031
1315,c,38.39998397602031,38.39998397602031
1316,c,38.39998397602031,38.39998397602031
1317,c,38.39998397602031,38.39998397602031
1318,c,38.39998397602031,38.39998397602031
1319,t,38.39998397602031,38.39998397602031
1320,c,38.39998397602031,38.39998397602031
1321,c,38.39998397602031,38.39998397602031
1322,t,38.39998397602031,38.39998397602031
1323,t,38.39998397602031,38.39998397602031
1324,t,38.39998397602031,38.39998397602031
1325,c,38.39998397602031,38.39998397602031
1326,c,38.39998397602031,38.39998397602031
1327,c,38.39998397602031,38.39998397602031
1328,c,38.39998397602031,38.39998397602031
1329,t,38.39998397602031,38.39998397602031
1330,t,38.39998397602031,38.39998397602031
1331,t,38.39998397602031,38.39998397602031
1332,c,38.39998397602031,38.39998397602031
1333,t,38.39998397602031,38.39998397602031
1334,c,38.39998397602031,38.39998397602031
1335,c,38.39998397602031,38.39998397602031
1336,t,38.39998397602031,38.39998397602031
1337,c,38.39998397602031,38.39998397602031
1338,t,38.39998397602031,38.39998397602031
1339,t,38.39998397602031,38.39998397602031
1340,t,38.39998397602031,38.39998397602031
1341,t,38.39998397602031,38.39998397602031
1342,c,38.39998397602031,38.39998397602031
1343,c,38.39998397602031,38.39998397602031
1344,t,38.39998397602031,38.39998397602031
1345,c,38.39998397602031,38.39998397602031
1346,c,38.39998397602031,38.39998397602031
1347,c,38.39998397602031,38.39998397602031
1348,t,38.39998397602031,38.39998397602031
1349,t,38.39998397602031,38.39998397602031
1350,c,38.39998397602031,38.39998397602031
1351,t,38.39998397602031,38.39998397602031
1352,c,38.39998397602031,38.39998397602031
1353,t,38.39998397602031,38.39998397602031
1354,c,38.39998397602031,38.39998397602031
1355,t,38.39998397602031,38.39998397602031
1356,c,38.39998397602031,38.39998397602031
1357,c,38.39998397602031,38.39998397602031
1358,t,38.39998397602031,38.39998397602031
1359,c,38.39998397602031,38.39998397602031
1360,c,38.39998397602031,38.39998397602031
1361,t,38.39998397602031,38.39998397602031
1362,c,38.39998397602031,38.39998397602031
1363,c,38.39998397602031,38.39998397602031
1364,t,38.39998397602031,38.39998397602031
1365,c,38.39998397602031,38.39998397602031
1366,t,38.39998397602031,38.39998397602031
1367,t,38.39998397602031,38.39998397602031
1368,t,38.39998397602031,38.39998397602031
1369,t,38.39998397602031,38.39998397602031
1370,t,38.39998397602031,38.39998397602031
1371,t,38.39998397602031,38.39998397602031
1372,t,38.39998397602031,38.39998397602031
1373,t,38.39998397602031,38.39998397602031
1374,c,38.39998397602031,38.39998397602031
1375,t,38.39998397602031,38.39998397602031
1376,t,38.39998397602031,38.39998397602031
1377,t,38.39998397602031,38.39998397602031
1378,c,38.39998397602031,38.39998397602031
1379,t,38.39998397602031,38.39998397602031
1380,t,38.39998397602031,38.39998397602031
1381,t,38.39998397602031,38.39998397602031
1382,c,38.39998397602031,38.39998397602031
1383,c,38.39998397602031,38.39998397602031
1384,t,38.39998397602031,38.39998397602031
1385,c,38.39998397602031,38.39998397602031
1386,t,38.39998397602031,38.39998397602031
1387,t,38.39998397602031,38.39998397602031
1388,t,38.39998397602031,38.39998397602031
1389,t,38.39998397602031,38.39998397602031
1390,t,38.39998397602031,38.39998397602031
1391,t,38.39998397602031,38.39998397602031
1392,c,38.39998397602031,38.39998397602031
1393,c,38.39998397602031,38.39998397602031
1394,c,38.39998397602031,38.39998397602031
1395,c,38.39998397602031,38.39998397602031
1396,c,38.39998397602031,38.39998397602031
1397,c,38.39998397602031,38.39998397602031
1398,c,38.39998397602031,38.39998397602031
1399,t,38.39998397602031,38.39998397602031
1400,c,38.39998397602031,38.39998397602031
1401,c,38.39998397602031,38.39998397602031
1402,t,38.39998397602031,38.39998397602031
1403,c,38.39998397602031,38.39998397602031
1404,t,38.39998397602031,38.39998397602031
1405,c,38.39998397602031,38.39998397602031
1406,c,38.39998397602031,38.39998397602031
1407,t,38.39998397602031,38.39998397602031
1408,c,38.39998397602031,38.39998397602031
1409,t,38.39998397602031,38.39998397602031
1410,t,38.39998397602031,38.39998397602031
1411,t,38.39998397602031,38.39998397602031
1412,c,11.967329406112958,21.50719383617041
1413,t,38.39998397602031,38.39998397602031
1414,t,38.39998397602031,38.39998397602031
1415,c,38.39998397602031,38.39998397602031
1416,t,38.39998397602031,38.39998397602031
1417,t,38.39998397602031,38.39998397602031
1418,t,38.39998397602031,38.39998397602031
1419,c,38.39998397602031,38.39998397602031
1420,t,38.39998397602031,38.39998397602031
1421,t,38.39998397602031,38.39998397602031
1422,t,38.39998397602031,38.39998397602031
1423,t,38.39998397602031,38.39998397602031
1424,t,38.39998397602031,38.39998397602031
1425,t,38.39998397602031,38.39998397602031
1426,t,38.39998397602031,38.39998397602031
1427,t,38.39998397602031,38.39998397602031
1428,c,38.39998397602031,38.39998397602031
1429,c,38.39998397602031,38.39998397602031
1430,t,38.39998397602031,38.39998397602031
1431,c,38.39998397602031,38.39998397602031
1432,c,38.39998397602031,38.39998397602031
1433,t,38.39998397602031,38.39998397602031
1434,t,38.39998397602031,38.39998397602031
1435,t,38.39998397602031,38.39998397602031
1436,t,38.39998397602031,38.39998397602031
1437,c,38.39998397602031,38.39998397602031
1438,t,38.39998397602031,38.39998397602031
1439,t,38.39998397602031,38.39998397602031
1440,t,38.39998397602031,38.39998397602031
1441,t,38.39998397602031,38.39998397602031
1442,c,38.39998397602031,38.39998397602031
1443,t,38.39998397602031,38.39998397602031
1444,c,38.39998397602031,38.39998397602031
1445,c,38.39998397602031,38.39998397602031
1446,c,38.39998397602031,38.39998397602031
1447,c,38.39998397602031,38.39998397602031
1448,t,38.39998397602031,38.39998397602031
1449,t,38.39998397602031,38.39998397602031
1450,c,38.39998397602031,38.39998397602031
1451,c,38.39998397602031,38.39998397602031
1452,c,38.39998397602031,38.39998397602031
1453,c,38.39998397602031,38.39998397602031
1454,t,38.39998397602031,38.39998397602031
1455,c,38.39998397602031,38.39998397602031
1456,t,38.39998397602031,38.39998397602031
1457,t,38.39998397602031,38.39998397602031
1458,c,38.39998397602031,38.39998397602031
1459,c,38.39998397602031,38.39998397602031
1460,c,38.39998397602031,38.39998397602031
1461,t,38.39998397602031,38.39998397602031
1462,t,38.39998397602031,38.39998397602031
1463,t,38.39998397602031,38.39998397602031
1464,t,38.39998397602031,38.39998397602031
1465,c,38.39998397602031,38.39998397602031
1466,c,38.39998397602031,38.39998397602031
1467,t,38.39998397602031,38.39998397602031
1468,c,11.981842527505014,14.622714051027906
1469,c,38.39998397602031,38.39998397602031
1470,t,38.39998397602031,38.39998397602031
1471,t,38.39998397602031,38.39998397602031
1472,t,38.39998397602031,38.39998397602031
1473,c,38.39998397602031,38.39998397602031
1474,na,0,9.34194027894192
1475,c,38.39998397602031,38.39998397602031
1476,c,38.39998397602031,38.39998397602031
1477,c,38.39998397602031,38.39998397602031
1478,c,38.39998397602031,38.39998397602031
1479,t,38.39998397602031,38.39998397602031
1480,c,38.39998397602031,38.39998397602031
1481,c,38.39998397602031,38.39998397602031
1482,t,38.39998397602031,38.39998397602031
1483,c,3.3084303468024765,5.398039918775871
1484,c,38.39998397602031,38.39998397602031
1485,c,38.39998397602031,38.39998397602031
1486,t,38.39998397602031,38.39998397602031
1487,t,38.39998397602031,38.39998397602031
1488,t,38.39998397602031,38.39998397602031
1489,c,38.39998397602031,38.39998397602031
1490,c,38.39998397602031,38.39998397602031
1491,c,38.39998397602031,38.39998397602031
1492,c,38.39998397602031,38.39998397602031
1493,c,38.39998397602031,38.39998397602031
1494,t,38.39998397602031,38.39998397602031
1495,t,38.39998397602031,38.39998397602031
1496,t,38.39998397602031,38.39998397602031
1497,c,38.39998397602031,38.39998397602031
1498,c,38.39998397602031,38.39998397602031
1499,c,38.39998397602031,38.39998397602031
1500,t,38.39998397602031,38.39998397602031
1501,c,38.39998397602031,38.39998397602031
1502,t,38.39998397602031,38.39998397602031
1503,c,38.39998397602031,38.39998397602031
1504,c,38.39998397602031,38.39998397602031
1505,t,38.39998397602031,38.39998397602031
1506,t,38.39998397602031,38.39998397602031
1507,t,38.39998397602031,38.39998397602031
1508,t,38.39998397602031,38.39998397602031
1509,t,38.39998397602031,38.39998397602031
1510,c,38.39998397602031,38.39998397602031
1511,c,38.39998397602031,38.39998397602031
1512,c,38.39998397602031,38.39998397602031
1513,c,38.39998397602031,38.39998397602031
1514,c,38.39998397602031,38.39998397602031
1515,t,38.39998397602031,38.39998397602031
1516,t,38.39998397602031,38.39998397602031
1517,c,4.914185411774896,10.83354164628442
1518,c,38.39998397602031,38.39998397602031
1519,c,38.39998397602031,38.39998397602031
1520,c,38.39998397602031,38.39998397602031
1521,t,38.39998397602031,38.39998397602031
1522,c,38.39998397602031,38.39998397602031
1523,t,38.39998397602031,38.39998397602031
1524,c,38.39998397602031,38.39998397602031
1525,t,38.39998397602031,38.39998397602031
1526,c,38.39998397602031,38.39998397602031
1527,t,38.39998397602031,38.39998397602031
1528,t,38.39998397602031,38.39998397602031
1529,c,38.39998397602031,38.39998397602031
1530,c,38.39998397602031,38.39998397602031
1531,t,38.39998397602031,38.39998397602031
1532,t,38.39998397602031,38.39998397602031
1533,c,38.39998397602031,38.39998397602031
1534,t,38.39998397602031,38.39998397602031
1535,t,38.39998397602031,38.39998397602031
1536,t,38.39998397602031,38.39998397602031
1537,c,6.119537651765375,10.813465653971509
1538,c,38.39998397602031,38.39998397602031
1539,t,38.39998397602031,38.39998397602031
1540,t,38.39998397602031,38.39998397602031
1541,c,38.39998397602031,38.39998397602031
1542,c,38.39998397602031,38.39998397602031
1543,t,38.39998397602031,38.39998397602031
1544,t,38.39998397602031,38.39998397602031
1545,c,38.39998397602031,38.39998397602031
1546,t,38.39998397602031,38.39998397602031
1547,c,38.39998397602031,38.39998397602031
1548,t,38.39998397602031,38.39998397602031
1549,c,38.39998397602031,38.39998397602031
1550,c,38.39998397602031,38.39998397602031
1551,t,38.39998397602031,38.39998397602031
1552,t,38.39998397602031,38.39998397602031
1553,t,38.39998397602031,38.39998397602031
1554,c,38.39998397602031,38.39998397602031
1555,t,38.39998397602031,38.39998397602031
1556,c,38.39998397602031,38.39998397602031
1557,c,38.39998397602031,38.39998397602031
1558,na,28.68541652753666,33.582942879447245
1559,t,38.39998397602031,38.39998397602031
1560,c,38.39998397602031,38.39998397602031
1561,t,38.39998397602031,38.39998397602031
1562,c,38.39998397602031,38.39998397602031
1563,c,38.39998397602031,38.39998397602031
1564,t,38.39998397602031,38.39998397602031
1565,na,0,2.9462679029370964
1566,c,38.39998397602031,38.39998397602031
1567,c,38.39998397602031,38.39998397602031
1568,t,38.39998397602031,38.39998397602031
1569,na,-1,0
1570,na,0,38.39998397602031
1571,c,38.39998397602031,38.39998397602031
1572,na,0,2.2555746729281645
1573,t,38.39998397602031,38.39998397602031
1574,c,38.39998397602031,38.39998397602031
1575,c,38.39998397602031,38.39998397602031
1576,c,38.39998397602031,38.39998397602031
1577,t,38.39998397602031,38.39998397602031
1578,t,38.39998397602031,38.39998397602031
1579,t,38.39998397602031,38.39998397602031
1580,c,38.39998397602031,38.39998397602031
1581,t,38.39998397602031,38.39998397602031
1582,na,-1,0
1583,t,38.39998397602031,38.39998397602031
1584,t,38.39998397602031,38.39998397602031
1585,t,38.39998397602031,38.39998397602031
1586,t,38.39998397602031,38.39998397602031
1587,c,38.39998397602031,38.39998397602031
1588,c,38.39998397602031,38.39998397602031
1589,t,38.39998397602031,38.39998397602031
1590,c,38.39998397602031,38.39998397602031
1591,t,38.39998397602031,38.39998397602031
1592,t,38.39998397602031,38.39998397602031
1593,t,38.39998397602031,38.39998397602031
1594,t,38.39998397602031,38.39998397602031
1595,c,38.39998397602031,38.39998397602031
1596,t,38.39998397602031,38.39998397602031
1597,c,38.39998397602031,38.39998397602031
1598,c,38.39998397602031,38.39998397602031
1599,na,1.9216579261736915,5.335802114590403
1600,t,38.39998397602031,38.39998397602031
1601,t,38.39998397602031,38.39998397602031
1602,t,38.39998397602031,38.39998397602031
1603,c,38.39998397602031,38.39998397602031
1604,c,38.39998397602031,38.39998397602031
1605,c,38.39998397602031,38.39998397602031
1606,t,38.39998397602031,38.39998397602031
1607,c,38.39998397602031,38.39998397602031
1608,c,38.39998397602031,38.39998397602031
1609,t,38.39998397602031,38.39998397602031
1610,t,38.39998397602031,38.39998397602031
1611,na,-1,0
1612,t,38.39998397602031,38.39998397602031
1613,c,38.39998397602031,38.39998397602031
1614,t,38.39998397602031,38.39998397602031
1615,c,38.39998397602031,38.39998397602031
1616,c,38.39998397602031,38.39998397602031
1617,c,38.39998397602031,38.39998397602031
1618,t,38.39998397602031,38.39998397602031
1619,t,38.39998397602031,38.39998397602031
1620,c,38.39998397602031,38.39998397602031
1621,c,38.39998397602031,38.39998397602031
1622,t,38.39998397602031,38.39998397602031
1623,t,38.39998397602031,38.39998397602031
1624,t,38.39998397602031,38.39998397602031
1625,t,38.39998397602031,38.39998397602031
1626,c,38.39998397602031,38.39998397602031
1627,c,38.39998397602031,38.39998397602031
1628,t,38.39998397602031,38.39998397602031
1629,t,38.39998397602031,38.39998397602031
1630,c,38.39998397602031,38.39998397602031
1631,t,38.39998397602031,38.39998397602031
1632,t,38.39998397602031,38.39998397602031
1633,c,38.39998397602031,38.39998397602031
1634,c,38.39998397602031,38.39998397602031
1635,c,38.39998397602031,38.39998397602031
1636,t,38.39998397602031,38.39998397602031
1637,c,38.39998397602031,38.39998397602031
1638,c,38.39998397602031,38.39998397602031
1639,t,38.39998397602031,38.39998397602031
1640,c,38.39998397602031,38.39998397602031
1641,c,38.39998397602031,38.39998397602031
1642,t,38.39998397602031,38.39998397602031
1643,c,38.39998397602031,38.39998397602031
1644,c,38.39998397602031,38.39998397602031
1645,t,38.39998397602031,38.39998397602031
1646,c,38.39998397602031,38.39998397602031
1647,c,38.39998397602031,38.39998397602031
1648,t,38.39998397602031,38.39998397602031
1649,t,38.39998397602031,38.39998397602031
1650,t,38.39998397602031,38.39998397602031
1651,c,38.39998397602031,38.39998397602031
1652,t,38.39998397602031,38.39998397602031
1653,c,38.39998397602031,38.39998397602031
1654,c,38.39998397602031,38.39998397602031
1655,t,38.39998397602031,38.39998397602031
1656,t,38.39998397602031,38.39998397602031
1657,t,38.39998397602031,38.39998397602031
1658,c,38.39998397602031,38.39998397602031
1659,c,38.39998397602031,38.39998397602031
1660,t,38.39998397602031,38.39998397602031
1661,t,38.39998397602031,38.39998397602031
1662,t,38.39998397602031,38.39998397602031
1663,t,38.39998397602031,38.39998397602031
1664,t,38.39998397602031,38.39998397602031
1665,t,38.39998397602031,38.39998397602031
1666,c,38.39998397602031,38.39998397602031
1667,c,38.39998397602031,38.39998397602031
1668,t,38.39998397602031,38.39998397602031
1669,na,-1,0
1670,t,38.39998397602031,38.39998397602031
1671,t,38.39998397602031,38.39998397602031
1672,c,38.39998397602031,38.39998397602031
1673,t,38.39998397602031,38.39998397602031
1674,t,38.39998397602031,38.39998397602031
1675,t,38.39998397602031,38.39998397602031
1676,t,38.39998397602031,38.39998397602031
1677,t,38.39998397602031,38.39998397602031
1678,t,38.39998397602031,38.39998397602031
1679,na,-1,0
1680,t,38.39998397602031,38.39998397602031
1681,c,38.39998397602031,38.39998397602031
1682,c,38.39998397602031,38.39998397602031
1683,na,3.5224087143179843,5.66918952540413
1684,t,38.39998397602031,38.39998397602031
1685,t,38.39998397602031,38.39998397602031
1686,c,38.39998397602031,38.39998397602031
1687,t,38.39998397602031,38.39998397602031
1688,c,38.39998397602031,38.39998397602031
1689,t,38.39998397602031,38.39998397602031
1690,t,38.39998397602031,38.39998397602031
1691,c,38.39998397602031,38.39998397602031
1692,c,38.39998397602031,38.39998397602031
1693,t,38.39998397602031,38.39998397602031
1694,t,38.39998397602031,38.39998397602031
1695,t,38.39998397602031,38.39998397602031
1696,c,38.39998397602031,38.39998397602031
1697,t,38.39998397602031,38.39998397602031
1698,c,38.39998397602031,38.39998397602031
1699,c,38.39998397602031,38.39998397602031
1700,c,38.39998397602031,38.39998397602031
1701,c,38.39998397602031,38.39998397602031
1702,c,38.39998397602031,38.39998397602031
1703,t,38.39998397602031,38.39998397602031
1704,t,38.39998397602031,38.39998397602031
1705,t,38.39998397602031,38.39998397602031
1706,t,38.39998397602031,38.39998397602031
1707,t,38.39998397602031,38.39998397602031
1708,c,38.39998397602031,38.39998397602031
1709,c,38.39998397602031,38.39998397602031
1710,t,38.39998397602031,38.39998397602031
1711,t,38.39998397602031,38.39998397602031
1712,t,38.39998397602031,38.39998397602031
1713,c,38.39998397602031,38.39998397602031
1714,c,38.39998397602031,38.39998397602031
1715,c,38.39998397602031,38.39998397602031
1716,c,38.39998397602031,38.39998397602031
1717,t,38.39998397602031,38.39998397602031
1718,c,38.39998397602031,38.39998397602031
1719,c,38.39998397602031,38.39998397602031
1720,c,38.39998397602031,38.39998397602031
1721,t,38.39998397602031,38.39998397602031
1722,c,38.39998397602031,38.39998397602031
1723,t,38.39998397602031,38.39998397602031
1724,t,38.39998397602031,38.39998397602031
1725,c,38.39998397602031,38.39998397602031
1726,c,38.39998397602031,38.39998397602031
1727,t,38.39998397602031,38.39998397602031
1728,c,38.39998397602031,38.39998397602031
1729,c,38.39998397602031,38.39998397602031
1730,c,38.39998397602031,38.39998397602031
1731,c,38.39998397602031,38.39998397602031
1732,c,38.39998397602031,38.39998397602031
1733,t,38.39998397602031,38.39998397602031
1734,t,38.39998397602031,38.39998397602031
1735,t,38.39998397602031,38.39998397602031
1736,c,38.39998397602031,38.39998397602031
1737,c,38.39998397602031,38.39998397602031
1738,c,38.39998397602031,38.39998397602031
1739,t,38.39998397602031,38.39998397602031
1740,t,38.39998397602031,38.39998397602031
1741,c,38.39998397602031,38.39998397602031
1742,c,38.39998397602031,38.39998397602031
1743,t,38.39998397602031,38.39998397602031
1744,c,38.39998397602031,38.39998397602031
1745,t,38.39998397602031,38.39998397602031
1746,t,38.39998397602031,38.39998397602031
1747,t,38.39998397602031,38.39998397602031
1748,c,38.39998397602031,38.39998397602031
1749,c,38.39998397602031,38.39998397602031
1750,c,38.39998397602031,38.39998397602031
1751,c,38.39998397602031,38.39998397602031
1752,t,38.39998397602031,38.39998397602031
1753,t,38.39998397602031,38.39998397602031
1754,na,3.3289314362143054,4.001627843947126
1755,c,38.39998397602031,38.39998397602031
1756,t,38.39998397602031,38.39998397602031
1757,c,38.39998397602031,38.39998397602031
1758,t,38.39998397602031,38.39998397602031
1759,c,38.39998397602031,38.39998397602031
1760,t,38.39998397602031,38.39998397602031
1761,c,38.39998397602031,38.39998397602031
1762,t,38.39998397602031,38.39998397602031
1763,t,38.39998397602031,38.39998397602031
1764,t,38.39998397602031,38.39998397602031
1765,t,38.39998397602031,38.39998397602031
1766,t,38.39998397602031,38.39998397602031
1767,t,38.39998397602031,38.39998397602031
1768,t,38.39998397602031,38.39998397602031
1769,t,38.39998397602031,38.39998397602031
1770,c,38.39998397602031,38.39998397602031
1771,t,38.39998397602031,38.39998397602031
1772,c,38.39998397602031,38.39998397602031
1773,t,38.39998397602031,38.39998397602031
1774,c,38.39998397602031,38.39998397602031
1775,t,38.39998397602031,38.39998397602031
1776,t,38.39998397602031,38.39998397602031
1777,c,38.39998397602031,38.39998397602031
1778,c,38.39998397602031,38.39998397602031
1779,c,38.39998397602031,38.39998397602031
1780,t,38.39998397602031,38.39998397602031
1781,t,38.39998397602031,38.39998397602031
1782,c,38.39998397602031,38.39998397602031
1783,t,38.39998397602031,38.39998397602031
1784,t,38.39998397602031,38.39998397602031
1785,c,38.39998397602031,38.39998397602031
1786,c,38.39998397602031,38.39998397602031
1787,t,38.39998397602031,38.39998397602031
1788,t,38.39998397602031,38.39998397602031
1789,c,38.39998397602031,38.39998397602031
1790,t,38.39998397602031,38.39998397602031
1791,c,38.39998397602031,38.39998397602031
1792,c,38.39998397602031,38.39998397602031
1793,t,38.39998397602031,38.39998397602031
1794,c,38.39998397602031,38.39998397602031
1795,t,38.39998397602031,38.39998397602031
1796,t,38.39998397602031,38.39998397602031
1797,t,38.39998397602031,38.39998397602031
1798,c,38.39998397602031,38.39998397602031
1799,t,38.39998397602031,38.39998397602031
1800,c,6.393186375119405,8.640574617465907
1801,t,38.39998397602031,38.39998397602031
1802,c,38.39998397602031,38.39998397602031
1803,c,38.39998397602031,38.39998397602031
1804,t,38.39998397602031,38.39998397602031
1805,t,38.39998397602031,38.39998397602031
1806,c,38.39998397602031,38.39998397602031
1807,c,38.39998397602031,38.39998397602031
1808,t,38.39998397602031,38.39998397602031
1809,t,38.39998397602031,38.39998397602031
1810,t,38.39998397602031,38.39998397602031
1811,t,38.39998397602031,38.39998397602031
1812,t,38.39998397602031,38.39998397602031
1813,c,38.39998397602031,38.39998397602031
1814,c,38.39998397602031,38.39998397602031
1815,t,38.39998397602031,38.39998397602031
1816,t,38.39998397602031,38.39998397602031
1817,t,38.39998397602031,38.39998397602031
1818,t,38.39998397602031,38.39998397602031
1819,t,38.39998397602031,38.39998397602031
1820,c,38.39998397602031,38.39998397602031
1821,c,38.39998397602031,38.39998397602031
1822,na,-1,0
1823,t,38.39998397602031,38.39998397602031
1824,t,38.39998397602031,38.39998397602031
1825,t,38.39998397602031,38.39998397602031
1826,t,38.39998397602031,38.39998397602031
1827,t,38.39998397602031,38.39998397602031
1828,t,38.39998397602031,38.39998397602031
1829,t,38.39998397602031,38.39998397602031
1830,c,38.39998397602031,38.39998397602031
1831,t,38.39998397602031,38.39998397602031
1832,t,38.39998397602031,38.39998397602031
1833,t,38.39998397602031,38.39998397602031
1834,c,38.39998397602031,38.39998397602031
1835,t,38.39998397602031,38.39998397602031
1836,c,38.39998397602031,38.39998397602031
1837,t,38.39998397602031,38.39998397602031
1838,c,38.39998397602031,38.39998397602031
1839,na,18.4173951475827,21.84227090501419
1840,t,38.39998397602031,38.39998397602031
1841,t,38.39998397602031,38.39998397602031
1842,t,38.39998397602031,38.39998397602031
1843,t,38.39998397602031,38.39998397602031
1844,t,38.39998397602031,38.39998397602031
1845,c,38.39998397602031,38.39998397602031
1846,t,38.39998397602031,38.39998397602031
1847,t,38.39998397602031,38.39998397602031
1848,t,38.39998397602031,38.39998397602031
1849,t,38.39998397602031,38.39998397602031
1850,c,38.39998397602031,38.39998397602031
1851,t,38.39998397602031,38.39998397602031
1852,t,38.39998397602031,38.39998397602031
1853,t,38.39998397602031,38.39998397602031
1854,t,38.39998397602031,38.39998397602031
1855,c,38.39998397602031,38.39998397602031
1856,c,38.39998397602031,38.39998397602031
1857,c,2.0105950702685407,5.112082771054285
1858,c,38.39998397602031,38.39998397602031
1859,t,38.39998397602031,38.39998397602031
1860,t,38.39998397602031,38.39998397602031
1861,t,38.39998397602031,38.39998397602031
1862,c,38.39998397602031,38.39998397602031
1863,c,38.39998397602031,38.39998397602031
1864,c,38.39998397602031,38.39998397602031
1865,c,38.39998397602031,38.39998397602031
1866,c,38.39998397602031,38.39998397602031
1867,c,38.39998397602031,38.39998397602031
1868,t,38.39998397602031,38.39998397602031
1869,t,38.39998397602031,38.39998397602031
1870,c,38.39998397602031,38.39998397602031
1871,t,38.39998397602031,38.39998397602031
1872,c,38.39998397602031,38.39998397602031
1873,t,38.39998397602031,38.39998397602031
1874,c,38.39998397602031,38.39998397602031
1875,t,38.39998397602031,38.39998397602031
1876,c,38.39998397602031,38.39998397602031
1877,c,38.39998397602031,38.39998397602031
1878,c,38.39998397602031,38.39998397602031
1879,t,38.39998397602031,38.39998397602031
1880,c,24.57547513777964,38.39998397602031
1881,c,38.39998397602031,38.39998397602031
1882,t,38.39998397602031,38.39998397602031
1883,c,38.39998397602031,38.39998397602031
1884,t,38.39998397602031,38.39998397602031
1885,t,38.39998397602031,38.39998397602031
1886,c,38.39998397602031,38.39998397602031
1887,c,38.39998397602031,38.39998397602031
1888,t,38.39998397602031,38.39998397602031
1889,c,38.39998397602031,38.39998397602031
1890,c,38.39998397602031,38.39998397602031
1891,c,38.39998397602031,38.39998397602031
1892,c,38.39998397602031,38.39998397602031
1893,c,38.39998397602031,38.39998397602031
1894,t,38.39998397602031,38.39998397602031
1895,c,38.39998397602031,38.39998397602031
1896,c,38.39998397602031,38.39998397602031
1897,c,38.39998397602031,38.39998397602031
1898,t,38.39998397602031,38.39998397602031
1899,t,38.39998397602031,38.39998397602031
1900,c,38.39998397602031,38.39998397602031
1901,c,38.39998397602031,38.39998397602031
1902,c,38.39998397602031,38.39998397602031
1903,c,38.39998397602031,38.39998397602031
1904,t,38.39998397602031,38.39998397602031
1905,t,38.39998397602031,38.39998397602031
1906,t,38.39998397602031,38.39998397602031
1907,t,38.39998397602031,38.39998397602031
1908,c,38.39998397602031,38.39998397602031
1909,t,38.39998397602031,38.39998397602031
1910,t,38.39998397602031,38.39998397602031
1911,c,38.39998397602031,38.39998397602031
1912,t,38.39998397602031,38.39998397602031
1913,t,38.39998397602031,38.39998397602031
1914,t,38.39998397602031,38.39998397602031
1915,c,38.39998397602031,38.39998397602031
1916,t,38.39998397602031,38.39998397602031
1917,t,38.39998397602031,38.39998397602031
1918,t,38.39998397602031,38.39998397602031
1919,t,38.39998397602031,38.39998397602031
1920,t,38.39998397602031,38.39998397602031
1921,t,38.39998397602031,38.39998397602031
1922,t,38.39998397602031,38.39998397602031
1923,c,38.39998397602031,38.39998397602031
1924,t,38.39998397602031,38.39998397602031
1925,c,38.39998397602031,38.39998397602031
1926,na,0,6.878551431470248
1927,c,38.39998397602031,38.39998397602031
1928,t,38.39998397602031,38.39998397602031
1929,t,38.39998397602031,38.39998397602031
1930,c,38.39998397602031,38.39998397602031
1931,t,38.39998397602031,38.39998397602031
1932,c,17.271127307671257,20.329147894253385
1933,t,38.39998397602031,38.39998397602031
1934,t,38.39998397602031,38.39998397602031
1935,c,38.39998397602031,38.39998397602031
1936,c,38.39998397602031,38.39998397602031
1937,c,38.39998397602031,38.39998397602031
1938,c,38.39998397602031,38.39998397602031
1939,c,38.39998397602031,38.39998397602031
1940,t,38.39998397602031,38.39998397602031
1941,c,38.39998397602031,38.39998397602031
1942,t,38.39998397602031,38.39998397602031
1943,c,38.39998397602031,38.39998397602031
1944,c,38.39998397602031,38.39998397602031
1945,c,38.39998397602031,38.39998397602031
1946,c,38.39998397602031,38.39998397602031
1947,t,38.39998397602031,38.39998397602031
1948,c,38.39998397602031,38.39998397602031
1949,c,38.39998397602031,38.39998397602031
1950,c,38.39998397602031,38.39998397602031
1951,t,38.39998397602031,38.39998397602031
1952,t,38.39998397602031,38.39998397602031
1953,c,38.39998397602031,38.39998397602031
1954,t,38.39998397602031,38.39998397602031
1955,t,38.39998397602031,38.39998397602031
1956,t,38.39998397602031,38.39998397602031
1957,c,38.39998397602031,38.39998397602031
1958,c,38.39998397602031,38.39998397602031
1959,t,38.39998397602031,38.39998397602031
1960,t,38.39998397602031,38.39998397602031
1961,t,38.39998397602031,38.39998397602031
1962,c,38.39998397602031,38.39998397602031
1963,c,38.39998397602031,38.39998397602031
1964,c,38.39998397602031,38.39998397602031
1965,t,38.39998397602031,38.39998397602031
1966,c,38.39998397602031,38.39998397602031
1967,t,38.39998397602031,38.39998397602031
1968,t,38.39998397602031,38.39998397602031
1969,c,38.39998397602031,38.39998397602031
1970,c,38.39998397602031,38.39998397602031
1971,c,38.39998397602031,38.39998397602031
1972,t,38.39998397602031,38.39998397602031
1973,t,38.39998397602031,38.39998397602031
1974,t,38.39998397602031,38.39998397602031
1975,c,38.39998397602031,38.39998397602031
1976,c,38.39998397602031,38.39998397602031
1977,t,38.39998397602031,38.39998397602031
1978,c,38.39998397602031,38.39998397602031
1979,t,38.39998397602031,38.39998397602031
1980,t,38.39998397602031,38.39998397602031
1981,t,38.39998397602031,38.39998397602031
1982,c,38.39998397602031,38.39998397602031
1983,t,38.39998397602031,38.39998397602031
1984,t,38.39998397602031,38.39998397602031
1985,c,38.39998397602031,38.39998397602031
1986,c,38.39998397602031,38.39998397602031
1987,c,38.39998397602031,38.39998397602031
1988,c,38.39998397602031,38.39998397602031
1989,c,38.39998397602031,38.39998397602031
1990,t,38.39998397602031,38.39998397602031
1991,c,38.39998397602031,38.39998397602031
1992,t,38.39998397602031,38.39998397602031
1993,c,38.39998397602031,38.39998397602031
1994,c,38.39998397602031,38.39998397602031
1995,c,38.39998397602031,38.39998397602031
1996,c,38.39998397602031,38.39998397602031
1997,c,38.39998397602031,38.39998397602031
1998,c,38.39998397602031,38.39998397602031
1999,c,38.39998397602031,38.39998397602031
2000,t,38.39998397602031,38.39998397602031
2001,c,38.39998397602031,38.39998397602031
2002,c,38.39998397602031,38.39998397602031
2003,c,38.39998397602031,38.39998397602031
2004,t,38.39998397602031,38.39998397602031
2005,t,38.39998397602031,38.39998397602031
2006,t,38.39998397602031,38.39998397602031
2007,c,38.39998397602031,38.39998397602031
2008,c,38.39998397602031,38.39998397602031
2009,c,38.39998397602031,38.39998397602031
2010,t,38.39998397602031,38.39998397602031
2011,t,38.39998397602031,38.39998397602031
2012,c,38.39998397602031,38.39998397602031
2013,t,38.39998397602031,38.39998397602031
2014,t,38.39998397602031,38.39998397602031
2015,t,38.39998397602031,38.39998397602031
2016,c,38.39998397602031,38.39998397602031
2017,c,38.39998397602031,38.39998397602031
2018,t,38.39998397602031,38.39998397602031
2019,t,38.39998397602031,38.39998397602031
2020,c,38.39998397602031,38.39998397602031
2021,t,38.39998397602031,38.39998397602031
2022,t,38.39998397602031,38.39998397602031
2023,c,38.39998397602031,38.39998397602031
2024,t,38.39998397602031,38.39998397602031
2025,c,38.39998397602031,38.39998397602031
2026,t,38.39998397602031,38.39998397602031
2027,c,38.39998397602031,38.39998397602031
2028,t,38.39998397602031,38.39998397602031
2029,t,38.39998397602031,38.39998397602031
2030,t,38.39998397602031,38.39998397602031
2031,t,38.39998397602031,38.39998397602031
2032,c,38.39998397602031,38.39998397602031
2033,c,38.39998397602031,38.39998397602031
2034,t,38.39998397602031,38.39998397602031
2035,t,38.39998397602031,38.39998397602031
2036,t,38.39998397602031,38.39998397602031
2037,c,38.39998397602031,38.39998397602031
2038,c,38.39998397602031,38.39998397602031
2039,c,38.39998397602031,38.39998397602031
2040,t,38.39998397602031,38.39998397602031
2041,t,38.39998397602031,38.39998397602031
2042,c,38.39998397602031,38.39998397602031
2043,t,38.39998397602031,38.39998397602031
2044,t,38.39998397602031,38.39998397602031
2045,t,38.39998397602031,38.39998397602031
2046,t,38.39998397602031,38.39998397602031
2047,t,38.39998397602031,38.39998397602031
2048,t,38.39998397602031,38.39998397602031
2049,t,38.39998397602031,38.39998397602031
2050,t,38.39998397602031,38.39998397602031
2051,t,38.39998397602031,38.39998397602031
2052,c,38.39998397602031,38.39998397602031
2053,t,38.39998397602031,38.39998397602031
2054,t,38.39998397602031,38.39998397602031
2055,c,38.39998397602031,38.39998397602031
2056,t,38.39998397602031,38.39998397602031
2057,t,38.39998397602031,38.39998397602031
2058,c,38.39998397602031,38.39998397602031
2059,c,38.39998397602031,38.39998397602031
2060,t,38.39998397602031,38.39998397602031
2061,t,38.39998397602031,38.39998397602031
2062,c,38.39998397602031,38.39998397602031
2063,c,38.39998397602031,38.39998397602031
2064,c,38.39998397602031,38.39998397602031
2065,c,38.39998397602031,38.39998397602031
2066,t,38.39998397602031,38.39998397602031
2067,c,38.39998397602031,38.39998397602031
2068,t,38.39998397602031,38.39998397602031
2069,c,38.39998397602031,38.39998397602031
2070,c,38.39998397602031,38.39998397602031
2071,c,38.39998397602031,38.39998397602031
2072,c,38.39998397602031,38.39998397602031
2073,c,10.778611611515496,15.687692380373806
2074,c,38.39998397602031,38.39998397602031
2075,na,2.8524845189565515,10.925876862614812
2076,c,38.39998397602031,38.39998397602031
2077,t,38.39998397602031,38.39998397602031
2078,na,0,9.240871358229064
2079,c,38.39998397602031,38.39998397602031
2080,t,38.39998397602031,38.39998397602031
2081,t,38.39998397602031,38.39998397602031
2082,c,38.39998397602031,38.39998397602031
2083,c,38.39998397602031,38.39998397602031
2084,c,38.39998397602031,38.39998397602031
2085,t,38.39998397602031,38.39998397602031
2086,c,38.39998397602031,38.39998397602031
2087,t,38.39998397602031,38.39998397602031
2088,t,38.39998397602031,38.39998397602031
2089,c,38.39998397602031,38.39998397602031
2090,c,38.39998397602031,38.39998397602031
2091,t,38.39998397602031,38.39998397602031
2092,t,38.39998397602031,38.39998397602031
2093,c,38.39998397602031,38.39998397602031
2094,t,38.39998397602031,38.39998397602031
2095,c,38.39998397602031,38.39998397602031
2096,c,38.39998397602031,38.39998397602031
2097,c,38.39998397602031,38.39998397602031
2098,t,38.39998397602031,38.39998397602031
2099,c,38.39998397602031,38.39998397602031
2100,c,38.39998397602031,38.39998397602031
2101,t,38.39998397602031,38.39998397602031
2102,t,38.39998397602031,38.39998397602031
2103,t,38.39998397602031,38.39998397602031
2104,c,38.39998397602031,38.39998397602031
2105,c,38.39998397602031,38.39998397602031
2106,t,38.39998397602031,38.39998397602031
2107,c,38.39998397602031,38.39998397602031
2108,t,38.39998397602031,38.39998397602031
2109,c,38.39998397602031,38.39998397602031
2110,t,38.39998397602031,38.39998397602031
2111,t,38.39998397602031,38.39998397602031
2112,t,38.39998397602031,38.39998397602031
2113,t,38.39998397602031,38.39998397602031
2114,t,38.39998397602031,38.39998397602031
2115,na,-1,0
2116,t,38.39998397602031,38.39998397602031
2117,c,38.39998397602031,38.39998397602031
2118,c,38.39998397602031,38.39998397602031
2119,c,38.39998397602031,38.39998397602031
2120,t,38.39998397602031,38.39998397602031
2121,c,38.39998397602031,38.39998397602031
2122,t,38.39998397602031,38.39998397602031
2123,t,38.39998397602031,38.39998397602031
2124,c,38.39998397602031,38.39998397602031
2125,t,38.39998397602031,38.39998397602031
2126,c,38.39998397602031,38.39998397602031
2127,c,38.39998397602031,38.39998397602031
2128,t,38.39998397602031,38.39998397602031
2129,t,38.39998397602031,38.39998397602031
2130,c,38.39998397602031,38.39998397602031
2131,c,38.39998397602031,38.39998397602031
2132,c,38.39998397602031,38.39998397602031
2133,c,38.39998397602031,38.39998397602031
2134,t,38.39998397602031,38.39998397602031
2135,t,38.39998397602031,38.39998397602031
2136,c,38.39998397602031,38.39998397602031
2137,c,38.39998397602031,38.39998397602031
2138,t,38.39998397602031,38.39998397602031
2139,c,38.39998397602031,38.39998397602031
2140,t,38.39998397602031,38.39998397602031
2141,c,38.39998397602031,38.39998397602031
2142,t,38.39998397602031,38.39998397602031
2143,t,38.39998397602031,38.39998397602031
2144,t,38.39998397602031,38.39998397602031
2145,t,38.39998397602031,38.39998397602031
2146,t,38.39998397602031,38.39998397602031
2147,c,38.39998397602031,38.39998397602031
2148,c,38.39998397602031,38.39998397602031
2149,c,38.39998397602031,38.39998397602031
2150,t,38.39998397602031,38.39998397602031
2151,t,38.39998397602031,38.39998397602031
2152,t,38.39998397602031,38.39998397602031
2153,t,38.39998397602031,38.39998397602031
2154,c,38.39998397602031,38.39998397602031
2155,t,38.39998397602031,38.39998397602031
2156,c,38.39998397602031,38.39998397602031
2157,c,38.39998397602031,38.39998397602031
2158,c,38.39998397602031,38.39998397602031
2159,c,38.39998397602031,38.39998397602031
2160,t,38.39998397602031,38.39998397602031
2161,t,38.39998397602031,38.39998397602031
2162,t,38.39998397602031,38.39998397602031
2163,c,38.39998397602031,38.39998397602031
2164,c,38.39998397602031,38.39998397602031
2165,c,38.39998397602031,38.39998397602031
2166,t,38.39998397602031,38.39998397602031
2167,c,38.39998397602031,38.39998397602031
2168,c,38.39998397602031,38.39998397602031
2169,c,38.39998397602031,38.39998397602031
2170,t,38.39998397602031,38.39998397602031
2171,t,38.39998397602031,38.39998397602031
2172,t,38.39998397602031,38.39998397602031
2173,t,38.39998397602031,38.39998397602031
2174,t,38.39998397602031,38.39998397602031
2175,c,38.39998397602031,38.39998397602031
2176,t,38.39998397602031,38.39998397602031
2177,t,38.39998397602031,38.39998397602031
2178,t,38.39998397602031,38.39998397602031
2179,t,38.39998397602031,38.39998397602031
2180,c,38.39998397602031,38.39998397602031
2181,t,38.39998397602031,38.39998397602031
2182,c,38.39998397602031,38.39998397602031
2183,t,38.39998397602031,38.39998397602031
2184,t,38.39998397602031,38.39998397602031
2185,c,38.39998397602031,38.39998397602031
2186,c,38.39998397602031,38.39998397602031
2187,c,38.39998397602031,38.39998397602031
2188,c,38.39998397602031,38.39998397602031
2189,c,38.39998397602031,38.39998397602031
2190,c,38.39998397602031,38.39998397602031
2191,c,38.39998397602031,38.39998397602031
2192,c,38.39998397602031,38.39998397602031
2193,t,38.39998397602031,38.39998397602031
2194,t,38.39998397602031,38.39998397602031
2195,t,38.39998397602031,38.39998397602031
2196,t,38.39998397602031,38.39998397602031
2197,c,38.39998397602031,38.39998397602031
2198,c,38.39998397602031,38.39998397602031
2199,c,38.39998397602031,38.39998397602031
2200,t,38.39998397602031,38.39998397602031
2201,t,38.39998397602031,38.39998397602031
2202,c,38.39998397602031,38.39998397602031
2203,c,38.39998397602031,38.39998397602031
2204,c,38.39998397602031,38.39998397602031
2205,c,38.39998397602031,38.39998397602031
2206,t,38.39998397602031,38.39998397602031
2207,t,38.39998397602031,38.39998397602031
2208,c,38.39998397602031,38.39998397602031
2209,c,38.39998397602031,38.39998397602031
2210,c,38.39998397602031,38.39998397602031
2211,t,38.39998397602031,38.39998397602031
2212,c,38.39998397602031,38.39998397602031
2213,c,38.39998397602031,38.39998397602031
2214,c,38.39998397602031,38.39998397602031
2215,c,38.39998397602031,38.39998397602031
2216,c,38.39998397602031,38.39998397602031
2217,c,38.39998397602031,38.39998397602031
2218,c,38.39998397602031,38.39998397602031
2219,t,38.39998397602031,38.39998397602031
2220,c,38.39998397602031,38.39998397602031
2221,c,38.39998397602031,38.39998397602031
2222,c,38.39998397602031,38.39998397602031
2223,c,38.39998397602031,38.39998397602031
2224,c,38.39998397602031,38.39998397602031
2225,c,38.39998397602031,38.39998397602031
2226,c,38.39998397602031,38.39998397602031
2227,t,38.39998397602031,38.39998397602031
2228,c,38.39998397602031,38.39998397602031
2229,t,38.39998397602031,38.39998397602031
2230,c,38.39998397602031,38.39998397602031
2231,t,38.39998397602031,38.39998397602031
2232,t,38.39998397602031,38.39998397602031
2233,c,38.39998397602031,38.39998397602031
2234,t,38.39998397602031,38.39998397602031
2235,c,38.39998397602031,38.39998397602031
2236,c,38.39998397602031,38.39998397602031
2237,t,38.39998397602031,38.39998397602031
2238,c,38.39998397602031,38.39998397602031
2239,t,38.39998397602031,38.39998397602031
2240,t,38.39998397602031,38.39998397602031
2241,c,38.39998397602031,38.39998397602031
2242,c,38.39998397602031,38.39998397602031
2243,c,38.39998397602031,38.39998397602031
2244,c,38.39998397602031,38.39998397602031
2245,t,38.39998397602031,38.39998397602031
2246,c,38.39998397602031,38.39998397602031
2247,t,38.39998397602031,38.39998397602031
2248,c,38.39998397602031,38.39998397602031
2249,c,38.39998397602031,38.39998397602031
2250,t,38.39998397602031,38.39998397602031
2251,c,38.39998397602031,38.39998397602031
2252,t,38.39998397602031,38.39998397602031
2253,t,38.39998397602031,38.39998397602031
2254,t,38.39998397602031,38.39998397602031
2255,c,38.39998397602031,38.39998397602031
2256,t,38.39998397602031,38.39998397602031
2257,c,38.39998397602031,38.39998397602031
2258,t,38.39998397602031,38.39998397602031
2259,c,38.39998397602031,38.39998397602031
2260,t,38.39998397602031,38.39998397602031
2261,t,38.39998397602031,38.39998397602031
2262,c,38.39998397602031,38.39998397602031
2263,c,38.39998397602031,38.39998397602031
2264,t,38.39998397602031,38.39998397602031
2265,t,38.39998397602031,38.39998397602031
2266,t,38.39998397602031,38.39998397602031
2267,t,38.39998397602031,38.39998397602031
2268,t,38.39998397602031,38.39998397602031
2269,t,38.39998397602031,38.39998397602031
2270,c,38.39998397602031,38.39998397602031
2271,c,38.39998397602031,38.39998397602031
2272,c,38.39998397602031,38.39998397602031
2273,t,38.39998397602031,38.39998397602031
2274,t,38.39998397602031,38.39998397602031
2275,c,38.39998397602031,38.39998397602031
2276,c,38.39998397602031,38.39998397602031
2277,t,38.39998397602031,38.39998397602031
2278,t,38.39998397602031,38.39998397602031
2279,c,38.39998397602031,38.39998397602031
2280,t,38.39998397602031,38.39998397602031
2281,c,38.39998397602031,38.39998397602031
2282,c,38.39998397602031,38.39998397602031
2283,c,38.39998397602031,38.39998397602031
2284,t,38.39998397602031,38.39998397602031
2285,c,38.39998397602031,38.39998397602031
2286,t,38.39998397602031,38.39998397602031
2287,t,38.39998397602031,38.39998397602031
2288,t,38.39998397602031,38.39998397602031
2289,t,38.39998397602031,38.39998397602031
2290,c,38.39998397602031,38.39998397602031
2291,c,38.39998397602031,38.39998397602031
2292,t,38.39998397602031,38.39998397602031
2293,c,38.39998397602031,38.39998397602031
2294,t,38.39998397602031,38.39998397602031
2295,c,38.39998397602031,38.39998397602031
2296,t,38.39998397602031,38.39998397602031
2297,t,38.39998397602031,38.39998397602031
2298,t,38.39998397602031,38.39998397602031
2299,c,38.39998397602031,38.39998397602031
2300,t,38.39998397602031,38.39998397602031
2301,c,38.39998397602031,38.39998397602031
2302,t,38.39998397602031,38.39998397602031
2303,c,38.39998397602031,38.39998397602031
2304,t,38.39998397602031,38.39998397602031
2305,c,38.39998397602031,38.39998397602031
2306,c,38.39998397602031,38.39998397602031
2307,t,38.39998397602031,38.39998397602031
2308,c,38.39998397602031,38.39998397602031
2309,t,38.39998397602031,38.39998397602031
2310,t,38.39998397602031,38.39998397602031
2311,t,38.39998397602031,38.39998397602031
2312,t,38.39998397602031,38.39998397602031
2313,t,38.39998397602031,38.39998397602031
2314,t,38.39998397602031,38.39998397602031
2315,t,38.39998397602031,38.39998397602031
2316,c,38.39998397602031,38.39998397602031
2317,t,38.39998397602031,38.39998397602031
2318,c,38.39998397602031,38.39998397602031
2319,t,38.39998397602031,38.39998397602031
2320,c,38.39998397602031,38.39998397602031
2321,c,38.39998397602031,38.39998397602031
2322,c,38.39998397602031,38.39998397602031
2323,c,38.39998397602031,38.39998397602031
2324,c,38.39998397602031,38.39998397602031
2325,c,38.39998397602031,38.39998397602031
2326,c,38.39998397602031,38.39998397602031
2327,c,38.39998397602031,38.39998397602031
2328,t,38.39998397602031,38.39998397602031
2329,t,38.39998397602031,38.39998397602031
2330,c,38.39998397602031,38.39998397602031
2331,c,38.39998397602031,38.39998397602031
2332,c,38.39998397602031,38.39998397602031
2333,c,38.39998397602031,38.39998397602031
2334,t,38.39998397602031,38.39998397602031
2335,c,38.39998397602031,38.39998397602031
2336,t,38.39998397602031,38.39998397602031
2337,t,38.39998397602031,38.39998397602031
2338,t,38.39998397602031,38.39998397602031
2339,c,38.39998397602031,38.39998397602031
2340,c,38.39998397602031,38.39998397602031
2341,t,38.39998397602031,38.39998397602031
2342,c,38.39998397602031,38.39998397602031
2343,c,38.39998397602031,38.39998397602031
2344,t,38.39998397602031,38.39998397602031
2345,c,38.39998397602031,38.39998397602031
2346,t,38.39998397602031,38.39998397602031
2347,c,38.39998397602031,38.39998397602031
2348,t,38.39998397602031,38.39998397602031
2349,t,38.39998397602031,38.39998397602031
2350,c,38.39998397602031,38.39998397602031
2351,t,38.39998397602031,38.39998397602031
2352,t,38.39998397602031,38.39998397602031
2353,na,0,6.387250451160708
2354,t,38.39998397602031,38.39998397602031
2355,t,38.39998397602031,38.39998397602031
2356,t,38.39998397602031,38.39998397602031
2357,c,38.39998397602031,38.39998397602031
2358,c,38.39998397602031,38.39998397602031
2359,t,38.39998397602031,38.39998397602031
2360,t,38.39998397602031,38.39998397602031
2361,c,38.39998397602031,38.39998397602031
2362,c,38.39998397602031,38.39998397602031
2363,t,38.39998397602031,38.39998397602031
2364,t,38.39998397602031,38.39998397602031
2365,t,38.39998397602031,38.39998397602031
2366,c,38.39998397602031,38.39998397602031
2367,c,38.39998397602031,38.39998397602031
2368,c,38.39998397602031,38.39998397602031
2369,c,38.39998397602031,38.39998397602031
2370,t,38.39998397602031,38.39998397602031
2371,t,38.39998397602031,38.39998397602031
2372,c,38.39998397602031,38.39998397602031
2373,c,38.39998397602031,38.39998397602031
2374,t,38.39998397602031,38.39998397602031
2375,t,38.39998397602031,38.39998397602031
2376,c,38.39998397602031,38.39998397602031
2377,t,38.39998397602031,38.39998397602031
2378,c,38.39998397602031,38.39998397602031
2379,t,38.39998397602031,38.39998397602031
2380,c,38.39998397602031,38.39998397602031
2381,c,38.39998397602031,38.39998397602031
2382,t,38.39998397602031,38.39998397602031
2383,c,38.39998397602031,38.39998397602031
2384,na,-1,0
2385,t,38.39998397602031,38.39998397602031
2386,t,38.39998397602031,38.39998397602031
2387,c,38.39998397602031,38.39998397602031
2388,t,38.39998397602031,38.39998397602031
2389,t,38.39998397602031,38.39998397602031
2390,t,38.39998397602031,38.39998397602031
2391,t,38.39998397602031,38.39998397602031
2392,t,38.39998397602031,38.39998397602031
2393,c,38.39998397602031,38.39998397602031
2394,t,38.39998397602031,38.39998397602031
2395,t,38.39998397602031,38.39998397602031
2396,t,38.39998397602031,38.39998397602031
2397,t,38.39998397602031,38.39998397602031
2398,c,38.39998397602031,38.39998397602031
2399,t,38.39998397602031,38.39998397602031
2400,t,38.39998397602031,38.39998397602031
2401,c,38.39998397602031,38.39998397602031
2402,c,38.39998397602031,38.39998397602031
2403,c,38.39998397602031,38.39998397602031
2404,c,38.39998397602031,38.39998397602031
2405,c,38.39998397602031,38.39998397602031
2406,c,38.39998397602031,38.39998397602031
2407,c,38.39998397602031,38.39998397602031
2408,c,38.39998397602031,38.39998397602031
2409,c,38.39998397602031,38.39998397602031
2410,t,38.39998397602031,38.39998397602031
2411,c,38.39998397602031,38.39998397602031
2412,c,38.39998397602031,38.39998397602031
2413,c,38.39998397602031,38.39998397602031
2414,c,38.39998397602031,38.39998397602031
2415,c,38.39998397602031,38.39998397602031
2416,c,38.39998397602031,38.39998397602031
2417,c,38.39998397602031,38.39998397602031
2418,t,38.39998397602031,38.39998397602031
2419,c,38.39998397602031,38.39998397602031
2420,na,-1,0
2421,t,38.39998397602031,38.39998397602031
2422,t,38.39998397602031,38.39998397602031
2423,c,38.39998397602031,38.39998397602031
2424,t,38.39998397602031,38.39998397602031
2425,t,38.39998397602031,38.39998397602031
2426,c,38.39998397602031,38.39998397602031
2427,t,38.39998397602031,38.39998397602031
2428,t,38.39998397602031,38.39998397602031
2429,t,38.39998397602031,38.39998397602031
2430,c,38.39998397602031,38.39998397602031
2431,c,38.39998397602031,38.39998397602031
2432,t,38.39998397602031,38.39998397602031
2433,t,38.39998397602031,38.39998397602031
2434,c,38.39998397602031,38.39998397602031
2435,t,38.39998397602031,38.39998397602031
2436,c,38.39998397602031,38.39998397602031
2437,t,38.39998397602031,38.39998397602031
2438,c,38.39998397602031,38.39998397602031
2439,c,38.39998397602031,38.39998397602031
2440,c,38.39998397602031,38.39998397602031
2441,t,38.39998397602031,38.39998397602031
2442,t,38.39998397602031,38.39998397602031
2443,c,38.39998397602031,38.39998397602031
2444,c,38.39998397602031,38.39998397602031
2445,t,38.39998397602031,38.39998397602031
2446,c,9.903095949348906,13.041979119804969
2447,c,38.39998397602031,38.39998397602031
2448,c,38.39998397602031,38.39998397602031
2449,c,38.39998397602031,38.39998397602031
2450,t,38.39998397602031,38.39998397602031
2451,c,38.39998397602031,38.39998397602031
2452,c,38.39998397602031,38.39998397602031
2453,t,38.39998397602031,38.39998397602031
2454,c,38.39998397602031,38.39998397602031
2455,t,38.39998397602031,38.39998397602031
2456,c,38.39998397602031,38.39998397602031
2457,t,38.39998397602031,38.39998397602031
2458,c,38.39998397602031,38.39998397602031
2459,na,7.8201747266072275,11.283333745104837
2460,t,38.39998397602031,38.39998397602031
2461,t,38.39998397602031,38.39998397602031
2462,c,38.39998397602031,38.39998397602031
2463,t,38.39998397602031,38.39998397602031
2464,t,38.39998397602031,38.39998397602031
2465,c,38.39998397602031,38.39998397602031
2466,c,38.39998397602031,38.39998397602031
2467,t,38.39998397602031,38.39998397602031
2468,c,38.39998397602031,38.39998397602031
2469,c,38.39998397602031,38.39998397602031
2470,t,38.39998397602031,38.39998397602031
2471,t,38.39998397602031,38.39998397602031
2472,c,38.39998397602031,38.39998397602031
2473,c,38.39998397602031,38.39998397602031
2474,c,38.39998397602031,38.39998397602031
2475,c,38.39998397602031,38.39998397602031
2476,t,38.39998397602031,38.39998397602031
2477,t,38.39998397602031,38.39998397602031
2478,t,38.39998397602031,38.39998397602031
2479,t,38.39998397602031,38.39998397602031
2480,c,38.39998397602031,38.39998397602031
2481,na,0,0.6004976866028742
2482,c,38.39998397602031,38.39998397602031
2483,c,38.39998397602031,38.39998397602031
2484,t,38.39998397602031,38.39998397602031
2485,t,38.39998397602031,38.39998397602031
2486,c,38.39998397602031,38.39998397602031
2487,c,38.39998397602031,38.39998397602031
2488,na,14.408619260382544,16.957667020756247
2489,t,38.39998397602031,38.39998397602031
2490,c,38.39998397602031,38.39998397602031
2491,t,38.39998397602031,38.39998397602031
2492,c,38.39998397602031,38.39998397602031
2493,t,38.39998397602031,38.39998397602031
2494,t,38.39998397602031,38.39998397602031
2495,t,38.39998397602031,38.39998397602031
2496,t,38.39998397602031,38.39998397602031
2497,t,38.39998397602031,38.39998397602031
2498,t,38.39998397602031,38.39998397602031
2499,c,38.39998397602031,38.39998397602031
2500,t,38.39998397602031,38.39998397602031
2501,t,38.39998397602031,38.39998397602031
2502,c,38.39998397602031,38.39998397602031
2503,t,38.39998397602031,38.39998397602031
2504,c,38.39998397602031,38.39998397602031
2505,c,38.39998397602031,38.39998397602031
2506,c,38.39998397602031,38.39998397602031
2507,t,38.39998397602031,38.39998397602031
2508,c,38.39998397602031,38.39998397602031
2509,t,38.39998397602031,38.39998397602031
2510,c,38.39998397602031,38.39998397602031
2511,t,38.39998397602031,38.39998397602031
2512,t,38.39998397602031,38.39998397602031
2513,c,38.39998397602031,38.39998397602031
2514,c,38.39998397602031,38.39998397602031
2515,c,38.39998397602031,38.39998397602031
2516,c,38.39998397602031,38.39998397602031
2517,c,38.39998397602031,38.39998397602031
2518,t,38.39998397602031,38.39998397602031
2519,c,38.39998397602031,38.39998397602031
2520,c,38.39998397602031,38.39998397602031
2521,c,38.39998397602031,38.39998397602031
2522,t,38.39998397602031,38.39998397602031
2523,t,38.39998397602031,38.39998397602031
2524,c,38.39998397602031,38.39998397602031
2525,c,38.39998397602031,38.39998397602031
2526,t,38.39998397602031,38.39998397602031
2527,c,38.39998397602031,38.39998397602031
2528,t,38.39998397602031,38.39998397602031
2529,t,38.39998397602031,38.39998397602031
2530,t,38.39998397602031,38.39998397602031
2531,c,38.39998397602031,38.39998397602031
2532,c,38.39998397602031,38.39998397602031
2533,c,38.39998397602031,38.39998397602031
2534,c,38.39998397602031,38.39998397602031
2535,c,38.39998397602031,38.39998397602031
2536,c,38.39998397602031,38.39998397602031
2537,t,38.39998397602031,38.39998397602031
2538,c,38.39998397602031,38.39998397602031
2539,t,38.39998397602031,38.39998397602031
2540,t,38.39998397602031,38.39998397602031
2541,c,38.39998397602031,38.39998397602031
2542,c,38.39998397602031,38.39998397602031
2543,t,38.39998397602031,38.39998397602031
2544,c,38.39998397602031,38.39998397602031
2545,t,38.39998397602031,38.39998397602031
2546,na,0,15.11969239091447
2547,t,38.39998397602031,38.39998397602031
2548,t,38.39998397602031,38.39998397602031
2549,t,38.39998397602031,38.39998397602031
2550,t,38.39998397602031,38.39998397602031
2551,c,38.39998397602031,38.39998397602031
2552,c,38.39998397602031,38.39998397602031
2553,c,38.39998397602031,38.39998397602031
2554,c,38.39998397602031,38.39998397602031
2555,c,38.39998397602031,38.39998397602031
2556,t,38.39998397602031,38.39998397602031
2557,t,38.39998397602031,38.39998397602031
2558,t,38.39998397602031,38.39998397602031
2559,t,38.39998397602031,38.39998397602031
2560,t,38.39998397602031,38.39998397602031
2561,c,38.39998397602031,38.39998397602031
2562,c,38.39998397602031,38.39998397602031
2563,t,38.39998397602031,38.39998397602031
2564,t,38.39998397602031,38.39998397602031
2565,c,38.39998397602031,38.39998397602031
2566,t,38.39998397602031,38.39998397602031
2567,t,38.39998397602031,38.39998397602031
2568,t,38.39998397602031,38.39998397602031
2569,t,38.39998397602031,38.39998397602031
2570,c,38.39998397602031,38.39998397602031
2571,c,38.39998397602031,38.39998397602031
2572,c,38.39998397602031,38.39998397602031
2573,c,38.39998397602031,38.39998397602031
2574,c,38.39998397602031,38.39998397602031
2575,t,38.39998397602031,38.39998397602031
2576,t,38.39998397602031,38.39998397602031
2577,c,38.39998397602031,38.39998397602031
2578,t,38.39998397602031,38.39998397602031
2579,c,38.39998397602031,38.39998397602031
2580,c,38.39998397602031,38.39998397602031
2581,t,38.39998397602031,38.39998397602031
2582,t,38.39998397602031,38.39998397602031
2583,c,38.39998397602031,38.39998397602031
2584,t,38.39998397602031,38.39998397602031
2585,t,38.39998397602031,38.39998397602031
2586,t,38.39998397602031,38.39998397602031
2587,c,38.39998397602031,38.39998397602031
2588,c,38.39998397602031,38.39998397602031
2589,t,38.39998397602031,38.39998397602031
2590,c,38.39998397602031,38.39998397602031
2591,c,38.39998397602031,38.39998397602031
2592,t,38.39998397602031,38.39998397602031
2593,t,38.39998397602031,38.39998397602031
2594,c,38.39998397602031,38.39998397602031
2595,t,38.39998397602031,38.39998397602031
2596,t,38.39998397602031,38.39998397602031
2597,t,38.39998397602031,38.39998397602031
2598,t,38.39998397602031,38.39998397602031
2599,c,38.39998397602031,38.39998397602031
2600,t,38.39998397602031,38.39998397602031
2601,c,38.39998397602031,38.39998397602031
2602,c,38.39998397602031,38.39998397602031
2603,t,38.39998397602031,38.39998397602031
2604,t,38.39998397602031,38.39998397602031
2605,c,38.39998397602031,38.39998397602031
2606,t,38.39998397602031,38.39998397602031
2607,t,38.39998397602031,38.39998397602031
2608,t,38.39998397602031,38.39998397602031
2609,c,38.39998397602031,38.39998397602031
2610,t,38.39998397602031,38.39998397602031
2611,c,38.39998397602031,38.39998397602031
2612,t,38.39998397602031,38.39998397602031
2613,t,38.39998397602031,38.39998397602031
2614,c,38.39998397602031,38.39998397602031
2615,t,38.39998397602031,38.39998397602031
2616,c,38.39998397602031,38.39998397602031
2617,t,38.39998397602031,38.39998397602031
2618,c,38.39998397602031,38.39998397602031
2619,c,38.39998397602031,38.39998397602031
2620,c,38.39998397602031,38.39998397602031
2621,c,38.39998397602031,38.39998397602031
2622,t,38.39998397602031,38.39998397602031
2623,t,38.39998397602031,38.39998397602031
2624,c,38.39998397602031,38.39998397602031
2625,t,38.39998397602031,38.39998397602031
2626,t,38.39998397602031,38.39998397602031
2627,c,38.39998397602031,38.39998397602031
2628,c,38.39998397602031,38.39998397602031
2629,c,38.39998397602031,38.39998397602031
2630,t,38.39998397602031,38.39998397602031
2631,c,38.39998397602031,38.39998397602031
2632,t,38.39998397602031,38.39998397602031
2633,c,38.39998397602031,38.39998397602031
2634,c,38.39998397602031,38.39998397602031
2635,c,38.39998397602031,38.39998397602031
2636,t,38.39998397602031,38.39998397602031
2637,c,38.39998397602031,38.39998397602031
2638,c,38.39998397602031,38.39998397602031
2639,t,38.39998397602031,38.39998397602031
2640,c,38.39998397602031,38.39998397602031
2641,c,38.39998397602031,38.39998397602031
2642,c,38.39998397602031,38.39998397602031
2643,t,38.39998397602031,38.39998397602031
2644,t,38.39998397602031,38.39998397602031
2645,c,38.39998397602031,38.39998397602031
2646,t,38.39998397602031,38.39998397602031
2647,t,38.39998397602031,38.39998397602031
2648,t,38.39998397602031,38.39998397602031
2649,c,38.39998397602031,38.39998397602031
2650,c,38.39998397602031,38.39998397602031
2651,c,38.39998397602031,38.39998397602031
2652,c,38.39998397602031,38.39998397602031
2653,t,38.39998397602031,38.39998397602031
2654,c,38.39998397602031,38.39998397602031
2655,c,38.39998397602031,38.39998397602031
2656,c,38.39998397602031,38.39998397602031
2657,c,38.39998397602031,38.39998397602031
2658,t,38.39998397602031,38.39998397602031
2659,c,38.39998397602031,38.39998397602031
2660,t,38.39998397602031,38.39998397602031
2661,t,38.39998397602031,38.39998397602031
2662,c,38.39998397602031,38.39998397602031
2663,t,38.39998397602031,38.39998397602031
2664,t,38.39998397602031,38.39998397602031
2665,c,38.39998397602031,38.39998397602031
2666,t,38.39998397602031,38.39998397602031
2667,c,38.39998397602031,38.39998397602031
2668,t,38.39998397602031,38.39998397602031
2669,c,38.39998397602031,38.39998397602031
2670,c,38.39998397602031,38.39998397602031
2671,t,38.39998397602031,38.39998397602031
2672,t,38.39998397602031,38.39998397602031
2673,c,38.39998397602031,38.39998397602031
2674,t,38.39998397602031,38.39998397602031
2675,t,38.39998397602031,38.39998397602031
2676,t,38.39998397602031,38.39998397602031
2677,c,38.39998397602031,38.39998397602031
2678,t,38.39998397602031,38.39998397602031
2679,t,38.39998397602031,38.39998397602031
2680,t,38.39998397602031,38.39998397602031
2681,c,38.39998397602031,38.39998397602031
2682,t,38.39998397602031,38.39998397602031
2683,t,38.39998397602031,38.39998397602031
2684,c,38.39998397602031,38.39998397602031
2685,c,38.39998397602031,38.39998397602031
2686,t,38.39998397602031,38.39998397602031
2687,t,38.39998397602031,38.39998397602031
2688,c,38.39998397602031,38.39998397602031
2689,t,38.39998397602031,38.39998397602031
2690,t,38.39998397602031,38.39998397602031
2691,c,38.39998397602031,38.39998397602031
2692,c,38.39998397602031,38.39998397602031
2693,t,38.39998397602031,38.39998397602031
2694,t,38.39998397602031,38.39998397602031
2695,c,38.39998397602031,38.39998397602031
2696,t,38.39998397602031,38.39998397602031
2697,t,38.39998397602031,38.39998397602031
2698,c,38.39998397602031,38.39998397602031
2699,c,38.39998397602031,38.39998397602031
2700,t,38.39998397602031,38.39998397602031
2701,t,38.39998397602031,38.39998397602031
2702,t,38.39998397602031,38.39998397602031
2703,t,38.39998397602031,38.39998397602031
2704,t,38.39998397602031,38.39998397602031
2705,c,38.39998397602031,38.39998397602031
2706,t,38.39998397602031,38.39998397602031
2707,c,38.39998397602031,38.39998397602031
2708,t,38.39998397602031,38.39998397602031
2709,c,38.39998397602031,38.39998397602031
2710,t,38.39998397602031,38.39998397602031
2711,t,38.39998397602031,38.39998397602031
2712,t,38.39998397602031,38.39998397602031
2713,c,38.39998397602031,38.39998397602031
2714,c,38.39998397602031,38.39998397602031
2715,t,38.39998397602031,38.39998397602031
2716,t,38.39998397602031,38.39998397602031
2717,t,38.39998397602031,38.39998397602031
2718,c,38.39998397602031,38.39998397602031
2719,t,38.39998397602031,38.39998397602031
2720,t,38.39998397602031,38.39998397602031
2721,c,38.39998397602031,38.39998397602031
2722,c,38.39998397602031,38.39998397602031
2723,c,38.39998397602031,38.39998397602031
2724,c,38.39998397602031,38.39998397602031
2725,na,0,1.9795110544345078
2726,c,38.39998397602031,38.39998397602031
2727,t,38.39998397602031,38.39998397602031
2728,t,38.39998397602031,38.39998397602031
2729,t,38.39998397602031,38.39998397602031
2730,c,38.39998397602031,38.39998397602031
2731,c,38.39998397602031,38.39998397602031
2732,c,38.39998397602031,38.39998397602031
2733,t,38.39998397602031,38.39998397602031
2734,c,38.39998397602031,38.39998397602031
2735,c,38.39998397602031,38.39998397602031
2736,t,38.39998397602031,38.39998397602031
2737,c,38.39998397602031,38.39998397602031
2738,c,38.39998397602031,38.39998397602031
2739,t,38.39998397602031,38.39998397602031
2740,t,38.39998397602031,38.39998397602031
2741,c,38.39998397602031,38.39998397602031
2742,c,38.39998397602031,38.39998397602031
2743,t,38.39998397602031,38.39998397602031
2744,c,38.39998397602031,38.39998397602031
2745,c,38.39998397602031,38.39998397602031
2746,t,38.39998397602031,38.39998397602031
2747,c,38.39998397602031,38.39998397602031
2748,t,38.39998397602031,38.39998397602031
2749,c,38.39998397602031,38.39998397602031
2750,c,38.39998397602031,38.39998397602031
2751,c,38.39998397602031,38.39998397602031
2752,c,38.39998397602031,38.39998397602031
2753,c,38.39998397602031,38.39998397602031
2754,t,38.39998397602031,38.39998397602031
2755,t,38.39998397602031,38.39998397602031
2756,c,38.39998397602031,38.39998397602031
2757,c,38.39998397602031,38.39998397602031
2758,c,38.39998397602031,38.39998397602031
2759,c,38.39998397602031,38.39998397602031
2760,c,38.39998397602031,38.39998397602031
2761,c,38.39998397602031,38.39998397602031
2762,c,38.39998397602031,38.39998397602031
2763,t,38.39998397602031,38.39998397602031
2764,c,38.39998397602031,38.39998397602031
2765,c,38.39998397602031,38.39998397602031
2766,na,0.1401684588948591,7.871181239444897
2767,t,38.39998397602031,38.39998397602031
2768,c,38.39998397602031,38.39998397602031
2769,t,38.39998397602031,38.39998397602031
2770,t,38.39998397602031,38.39998397602031
2771,c,38.39998397602031,38.39998397602031
2772,t,38.39998397602031,38.39998397602031
2773,c,38.39998397602031,38.39998397602031
2774,t,38.39998397602031,38.39998397602031
2775,t,38.39998397602031,38.39998397602031
2776,c,38.39998397602031,38.39998397602031
2777,c,38.39998397602031,38.39998397602031
2778,c,38.39998397602031,38.39998397602031
2779,t,38.39998397602031,38.39998397602031
2780,c,38.39998397602031,38.39998397602031
2781,t,38.39998397602031,38.39998397602031
2782,t,38.39998397602031,38.39998397602031
2783,c,38.39998397602031,38.39998397602031
2784,t,38.39998397602031,38.39998397602031
2785,c,38.39998397602031,38.39998397602031
2786,c,38.39998397602031,38.39998397602031
2787,t,38.39998397602031,38.39998397602031
2788,t,38.39998397602031,38.39998397602031
2789,c,38.39998397602031,38.39998397602031
2790,t,38.39998397602031,38.39998397602031
2791,t,38.39998397602031,38.39998397602031
2792,c,38.39998397602031,38.39998397602031
2793,c,38.39998397602031,38.39998397602031
2794,c,38.39998397602031,38.39998397602031
2795,c,38.39998397602031,38.39998397602031
2796,c,38.39998397602031,38.39998397602031
2797,t,38.39998397602031,38.39998397602031
2798,t,38.39998397602031,38.39998397602031
2799,t,38.39998397602031,38.39998397602031
2800,c,38.39998397602031,38.39998397602031
2801,t,38.39998397602031,38.39998397602031
2802,t,38.39998397602031,38.39998397602031
2803,c,38.39998397602031,38.39998397602031
2804,c,38.39998397602031,38.39998397602031
2805,t,38.39998397602031,38.39998397602031
2806,c,38.39998397602031,38.39998397602031
2807,t,38.39998397602031,38.39998397602031
2808,t,38.39998397602031,38.39998397602031
2809,t,38.39998397602031,38.39998397602031
2810,c,38.39998397602031,38.39998397602031
2811,t,38.39998397602031,38.39998397602031
2812,t,38.39998397602031,38.39998397602031
2813,c,38.39998397602031,38.39998397602031
2814,c,38.39998397602031,38.39998397602031
2815,t,38.39998397602031,38.39998397602031
2816,c,38.39998397602031,38.39998397602031
2817,c,38.39998397602031,38.39998397602031
2818,c,38.39998397602031,38.39998397602031
2819,t,38.39998397602031,38.39998397602031
2820,c,38.39998397602031,38.39998397602031
2821,c,38.39998397602031,38.39998397602031
2822,c,38.39998397602031,38.39998397602031
2823,c,38.39998397602031,38.39998397602031
2824,c,38.39998397602031,38.39998397602031
2825,c,38.39998397602031,38.39998397602031
2826,t,38.39998397602031,38.39998397602031
2827,t,38.39998397602031,38.39998397602031
2828,t,38.39998397602031,38.39998397602031
2829,c,38.39998397602031,38.39998397602031
2830,c,38.39998397602031,38.39998397602031
2831,t,38.39998397602031,38.39998397602031
2832,t,38.39998397602031,38.39998397602031
2833,c,38.39998397602031,38.39998397602031
2834,t,38.39998397602031,38.39998397602031
2835,c,38.39998397602031,38.39998397602031
2836,na,3.643515266023763,10.019526631659383
2837,c,38.39998397602031,38.39998397602031
2838,c,38.39998397602031,38.39998397602031
2839,c,38.39998397602031,38.39998397602031
2840,t,38.39998397602031,38.39998397602031
2841,c,38.39998397602031,38.39998397602031
2842,t,38.39998397602031,38.39998397602031
2843,t,38.39998397602031,38.39998397602031
2844,c,38.39998397602031,38.39998397602031
2845,t,38.39998397602031,38.39998397602031
2846,c,38.39998397602031,38.39998397602031
2847,c,38.39998397602031,38.39998397602031
2848,c,38.39998397602031,38.39998397602031
2849,c,38.39998397602031,38.39998397602031
2850,c,38.39998397602031,38.39998397602031
2851,c,38.39998397602031,38.39998397602031
2852,t,38.39998397602031,38.39998397602031
2853,c,38.39998397602031,38.39998397602031
2854,c,38.39998397602031,38.39998397602031
2855,t,38.39998397602031,38.39998397602031
2856,t,38.39998397602031,38.39998397602031
2857,t,38.39998397602031,38.39998397602031
2858,c,38.39998397602031,38.39998397602031
2859,t,38.39998397602031,38.39998397602031
2860,c,38.39998397602031,38.39998397602031
2861,t,38.39998397602031,38.39998397602031
2862,t,38.39998397602031,38.39998397602031
2863,c,38.39998397602031,38.39998397602031
2864,c,38.39998397602031,38.39998397602031
2865,t,38.39998397602031,38.39998397602031
2866,c,38.39998397602031,38.39998397602031
2867,t,38.39998397602031,38.39998397602031
2868,t,38.39998397602031,38.39998397602031
2869,t,38.39998397602031,38.39998397602031
2870,t,38.39998397602031,38.39998397602031
2871,c,38.39998397602031,38.39998397602031
2872,t,38.39998397602031,38.39998397602031
2873,c,38.39998397602031,38.39998397602031
2874,t,38.39998397602031,38.39998397602031
2875,na,6.120608158833005,8.10107329463716
2876,na,3.3310276043707137,14.308321027036955
2877,t,38.39998397602031,38.39998397602031
2878,t,38.39998397602031,38.39998397602031
2879,c,38.39998397602031,38.39998397602031
2880,c,38.39998397602031,38.39998397602031
2881,t,38.39998397602031,38.39998397602031
2882,c,38.39998397602031,38.39998397602031
2883,t,38.39998397602031,38.39998397602031
2884,c,38.39998397602031,38.39998397602031
2885,c,38.39998397602031,38.39998397602031
2886,c,38.39998397602031,38.39998397602031
2887,t,38.39998397602031,38.39998397602031
2888,c,38.39998397602031,38.39998397602031
2889,c,38.39998397602031,38.39998397602031
2890,t,38.39998397602031,38.39998397602031
2891,c,38.39998397602031,38.39998397602031
2892,c,38.39998397602031,38.39998397602031
2893,c,38.39998397602031,38.39998397602031
2894,c,38.39998397602031,38.39998397602031
2895,c,38.39998397602031,38.39998397602031
2896,t,38.39998397602031,38.39998397602031
2897,c,38.39998397602031,38.39998397602031
2898,c,38.39998397602031,38.39998397602031
2899,c,38.39998397602031,38.39998397602031
2900,t,38.39998397602031,38.39998397602031
2901,t,38.39998397602031,38.39998397602031
2902,na,0,4.919191566147268
2903,t,38.39998397602031,38.39998397602031
2904,t,38.39998397602031,38.39998397602031
2905,c,38.39998397602031,38.39998397602031
2906,t,38.39998397602031,38.39998397602031
2907,c,38.39998397602031,38.39998397602031
2908,t,38.39998397602031,38.39998397602031
2909,t,38.39998397602031,38.39998397602031
2910,t,38.39998397602031,38.39998397602031
2911,t,38.39998397602031,38.39998397602031
2912,t,38.39998397602031,38.39998397602031
2913,t,38.39998397602031,38.39998397602031
2914,c,38.39998397602031,38.39998397602031
2915,t,38.39998397602031,38.39998397602031
2916,c,38.39998397602031,38.39998397602031
2917,c,38.39998397602031,38.39998397602031
2918,t,38.39998397602031,38.39998397602031
2919,t,38.39998397602031,38.39998397602031
2920,t,38.39998397602031,38.39998397602031
2921,t,38.39998397602031,38.39998397602031
2922,t,38.39998397602031,38.39998397602031
2923,t,38.39998397602031,38.39998397602031
2924,c,38.39998397602031,38.39998397602031
2925,c,38.39998397602031,38.39998397602031
2926,c,38.39998397602031,38.39998397602031
2927,t,38.39998397602031,38.39998397602031
2928,t,38.39998397602031,38.39998397602031
2929,c,38.39998397602031,38.39998397602031
2930,t,38.39998397602031,38.39998397602031
2931,t,38.39998397602031,38.39998397602031
2932,c,38.39998397602031,38.39998397602031
2933,t,38.39998397602031,38.39998397602031
2934,t,38.39998397602031,38.39998397602031
2935,t,38.39998397602031,38.39998397602031
2936,t,38.39998397602031,38.39998397602031
2937,c,38.39998397602031,38.39998397602031
2938,t,38.39998397602031,38.39998397602031
2939,t,38.39998397602031,38.39998397602031
2940,t,38.39998397602031,38.39998397602031
2941,c,38.39998397602031,38.39998397602031
2942,t,38.39998397602031,38.39998397602031
2943,c,38.39998397602031,38.39998397602031
2944,c,38.39998397602031,38.39998397602031
2945,c,38.39998397602031,38.39998397602031
2946,t,38.39998397602031,38.39998397602031
2947,c,38.39998397602031,38.39998397602031
2948,t,38.39998397602031,38.39998397602031
2949,c,38.39998397602031,38.39998397602031
2950,t,38.39998397602031,38.39998397602031
2951,t,38.39998397602031,38.39998397602031
2952,c,38.39998397602031,38.39998397602031
2953,c,38.39998397602031,38.39998397602031
2954,c,38.39998397602031,38.39998397602031
2955,c,38.39998397602031,38.39998397602031
2956,t,38.39998397602031,38.39998397602031
2957,t,38.39998397602031,38.39998397602031
2958,c,38.39998397602031,38.39998397602031
2959,c,38.39998397602031,38.39998397602031
2960,t,38.39998397602031,38.39998397602031
2961,t,38.39998397602031,38.39998397602031
2962,t,38.39998397602031,38.39998397602031
2963,c,38.39998397602031,38.39998397602031
2964,c,38.39998397602031,38.39998397602031
2965,t,38.39998397602031,38.39998397602031
2966,c,38.39998397602031,38.39998397602031
2967,t,38.39998397602031,38.39998397602031
2968,c,38.39998397602031,38.39998397602031
2969,t,38.39998397602031,38.39998397602031
2970,t,38.39998397602031,38.39998397602031
2971,t,38.39998397602031,38.39998397602031
2972,t,38.39998397602031,38.39998397602031
2973,t,38.39998397602031,38.39998397602031
2974,t,38.39998397602031,38.39998397602031
2975,c,38.39998397602031,38.39998397602031
2976,t,38.39998397602031,38.39998397602031
2977,t,38.39998397602031,38.39998397602031
2978,t,38.39998397602031,38.39998397602031
2979,c,38.39998397602031,38.39998397602031
2980,t,38.39998397602031,38.39998397602031
2981,t,38.39998397602031,38.39998397602031
2982,t,38.39998397602031,38.39998397602031
2983,t,38.39998397602031,38.39998397602031
2984,t,38.39998397602031,38.39998397602031
2985,t,38.39998397602031,38.39998397602031
2986,c,38.39998397602031,38.39998397602031
2987,c,38.39998397602031,38.39998397602031
2988,t,38.39998397602031,38.39998397602031
2989,c,38.39998397602031,38.39998397602031
2990,t,38.39998397602031,38.39998397602031
2991,t,38.39998397602031,38.39998397602031
2992,c,38.39998397602031,38.39998397602031
2993,t,38.39998397602031,38.39998397602031
2994,c,38.39998397602031,38.39998397602031
2995,t,38.39998397602031,38.39998397602031
2996,c,38.39998397602031,38.39998397602031
2997,c,38.39998397602031,38.39998397602031
2998,c,38.39998397602031,38.39998397602031
2999,t,38.39998397602031,38.39998397602031
3000,c,38.39998397602031,38.39998397602031
3001,t,38.39998397602031,38.39998397602031
3002,t,38.39998397602031,38.39998397602031
3003,t,38.39998397602031,38.39998397602031
3004,t,38.39998397602031,38.39998397602031
3005,t,38.39998397602031,38.39998397602031
3006,c,38.39998397602031,38.39998397602031
3007,c,38.39998397602031,38.39998397602031
3008,c,38.39998397602031,38.39998397602031
3009,c,38.39998397602031,38.39998397602031
3010,t,38.39998397602031,38.39998397602031
3011,t,38.39998397602031,38.39998397602031
3012,t,38.39998397602031,38.39998397602031
3013,t,38.39998397602031,38.39998397602031
3014,c,38.39998397602031,38.39998397602031
3015,t,38.39998397602031,38.39998397602031
3016,c,38.39998397602031,38.39998397602031
3017,t,38.39998397602031,38.39998397602031
3018,t,38.39998397602031,38.39998397602031
3019,t,38.39998397602031,38.39998397602031
3020,t,38.39998397602031,38.39998397602031
3021,t,38.39998397602031,38.39998397602031
3022,c,38.39998397602031,38.39998397602031
3023,c,38.39998397602031,38.39998397602031
3024,c,38.39998397602031,38.39998397602031
3025,t,38.39998397602031,38.39998397602031
3026,t,38.39998397602031,38.39998397602031
3027,c,38.39998397602031,38.39998397602031
3028,t,38.39998397602031,38.39998397602031
3029,c,38.39998397602031,38.39998397602031
3030,t,38.39998397602031,38.39998397602031
3031,t,38.39998397602031,38.39998397602031
3032,t,38.39998397602031,38.39998397602031
3033,na,0.8932267480557188,10.596235922383341
3034,c,38.39998397602031,38.39998397602031
3035,t,38.39998397602031,38.39998397602031
3036,c,38.39998397602031,38.39998397602031
3037,c,38.39998397602031,38.39998397602031
3038,t,38.39998397602031,38.39998397602031
3039,t,38.39998397602031,38.39998397602031
3040,t,38.39998397602031,38.39998397602031
3041,c,38.39998397602031,38.39998397602031
3042,t,38.39998397602031,38.39998397602031
3043,c,38.39998397602031,38.39998397602031
3044,c,38.39998397602031,38.39998397602031
3045,t,38.39998397602031,38.39998397602031
3046,c,38.39998397602031,38.39998397602031
3047,c,38.39998397602031,38.39998397602031
3048,c,38.39998397602031,38.39998397602031
3049,c,38.39998397602031,38.39998397602031
3050,c,38.39998397602031,38.39998397602031
3051,t,38.39998397602031,38.39998397602031
3052,c,38.39998397602031,38.39998397602031
3053,c,38.39998397602031,38.39998397602031
3054,t,38.39998397602031,38.39998397602031
3055,c,38.39998397602031,38.39998397602031
3056,c,38.39998397602031,38.39998397602031
3057,t,38.39998397602031,38.39998397602031
3058,c,38.39998397602031,38.39998397602031
3059,c,38.39998397602031,38.39998397602031
3060,t,38.39998397602031,38.39998397602031
3061,t,38.39998397602031,38.39998397602031
3062,c,38.39998397602031,38.39998397602031
3063,t,38.39998397602031,38.39998397602031
3064,c,38.39998397602031,38.39998397602031
3065,c,38.39998397602031,38.39998397602031
3066,t,38.39998397602031,38.39998397602031
3067,c,38.39998397602031,38.39998397602031
3068,c,38.39998397602031,38.39998397602031
3069,t,38.39998397602031,38.39998397602031
3070,c,38.39998397602031,38.39998397602031
3071,c,38.39998397602031,38.39998397602031
3072,t,38.39998397602031,38.39998397602031
3073,t,38.39998397602031,38.39998397602031
3074,c,38.39998397602031,38.39998397602031
3075,t,38.39998397602031,38.39998397602031
3076,t,38.39998397602031,38.39998397602031
3077,t,38.39998397602031,38.39998397602031
3078,c,11.362232290768537,15.937072761885371
3079,t,38.39998397602031,38.39998397602031
3080,c,38.39998397602031,38.39998397602031
3081,c,38.39998397602031,38.39998397602031
3082,t,38.39998397602031,38.39998397602031
3083,t,38.39998397602031,38.39998397602031
3084,t,38.39998397602031,38.39998397602031
3085,c,38.39998397602031,38.39998397602031
3086,t,38.39998397602031,38.39998397602031
3087,t,38.39998397602031,38.39998397602031
3088,c,38.39998397602031,38.39998397602031
3089,c,38.39998397602031,38.39998397602031
3090,c,38.39998397602031,38.39998397602031
3091,t,38.39998397602031,38.39998397602031
3092,t,38.39998397602031,38.39998397602031
3093,t,38.39998397602031,38.39998397602031
3094,c,38.39998397602031,38.39998397602031
3095,t,38.39998397602031,38.39998397602031
3096,na,0,5.5961621310704
3097,t,38.39998397602031,38.39998397602031
3098,t,38.39998397602031,38.39998397602031
3099,t,38.39998397602031,38.39998397602031
3100,c,38.39998397602031,38.39998397602031
3101,t,38.39998397602031,38.39998397602031
3102,c,38.39998397602031,38.39998397602031
3103,t,38.39998397602031,38.39998397602031
3104,c,38.39998397602031,38.39998397602031
3105,t,38.39998397602031,38.39998397602031
3106,t,38.39998397602031,38.39998397602031
3107,c,38.39998397602031,38.39998397602031
3108,c,38.39998397602031,38.39998397602031
3109,c,38.39998397602031,38.39998397602031
3110,t,38.39998397602031,38.39998397602031
3111,c,38.39998397602031,38.39998397602031
3112,t,38.39998397602031,38.39998397602031
3113,c,38.39998397602031,38.39998397602031
3114,c,38.39998397602031,38.39998397602031
3115,c,38.39998397602031,38.39998397602031
3116,t,38.39998397602031,38.39998397602031
3117,t,38.39998397602031,38.39998397602031
3118,t,38.39998397602031,38.39998397602031
3119,c,38.39998397602031,38.39998397602031
3120,t,38.39998397602031,38.39998397602031
3121,t,38.39998397602031,38.39998397602031
3122,c,38.39998397602031,38.39998397602031
3123,t,38.39998397602031,38.39998397602031
3124,c,38.39998397602031,38.39998397602031
3125,c,38.39998397602031,38.39998397602031
3126,c,38.39998397602031,38.39998397602031
3127,c,38.39998397602031,38.39998397602031
3128,c,38.39998397602031,38.39998397602031
3129,c,38.39998397602031,38.39998397602031
3130,c,38.39998397602031,38.39998397602031
3131,c,38.39998397602031,38.39998397602031
3132,t,38.39998397602031,38.39998397602031
3133,c,38.39998397602031,38.39998397602031
3134,c,38.39998397602031,38.39998397602031
3135,t,38.39998397602031,38.39998397602031
3136,t,38.39998397602031,38.39998397602031
3137,t,38.39998397602031,38.39998397602031
3138,t,38.39998397602031,38.39998397602031
3139,c,38.39998397602031,38.39998397602031
3140,c,38.39998397602031,38.39998397602031
3141,c,38.39998397602031,38.39998397602031
3142,c,38.39998397602031,38.39998397602031
3143,c,38.39998397602031,38.39998397602031
3144,c,38.39998397602031,38.39998397602031
3145,t,38.39998397602031,38.39998397602031
3146,t,38.39998397602031,38.39998397602031
3147,c,38.39998397602031,38.39998397602031
3148,t,38.39998397602031,38.39998397602031
3149,c,38.39998397602031,38.39998397602031
3150,t,38.39998397602031,38.39998397602031
3151,t,38.39998397602031,38.39998397602031
3152,t,38.39998397602031,38.39998397602031
3153,t,38.39998397602031,38.39998397602031
3154,t,38.39998397602031,38.39998397602031
3155,t,38.39998397602031,38.39998397602031
3156,c,38.39998397602031,38.39998397602031
3157,c,38.39998397602031,38.39998397602031
3158,t,38.39998397602031,38.39998397602031
3159,t,38.39998397602031,38.39998397602031
3160,t,38.39998397602031,38.39998397602031
3161,c,38.39998397602031,38.39998397602031
3162,t,38.39998397602031,38.39998397602031
3163,c,38.39998397602031,38.39998397602031
3164,c,38.39998397602031,38.39998397602031
3165,c,38.39998397602031,38.39998397602031
3166,c,38.39998397602031,38.39998397602031
3167,c,38.39998397602031,38.39998397602031
3168,c,38.39998397602031,38.39998397602031
3169,t,38.39998397602031,38.39998397602031
3170,c,38.39998397602031,38.39998397602031
3171,c,38.39998397602031,38.39998397602031
3172,t,38.39998397602031,38.39998397602031
3173,t,38.39998397602031,38.39998397602031
3174,t,38.39998397602031,38.39998397602031
3175,t,38.39998397602031,38.39998397602031
3176,t,38.39998397602031,38.39998397602031
3177,t,38.39998397602031,38.39998397602031
3178,t,38.39998397602031,38.39998397602031
3179,t,38.39998397602031,38.39998397602031
3180,c,38.39998397602031,38.39998397602031
3181,c,38.39998397602031,38.39998397602031
3182,c,38.39998397602031,38.39998397602031
3183,t,38.39998397602031,38.39998397602031
3184,c,38.39998397602031,38.39998397602031
3185,c,38.39998397602031,38.39998397602031
3186,c,38.39998397602031,38.39998397602031
3187,c,38.39998397602031,38.39998397602031
3188,c,38.39998397602031,38.39998397602031
3189,c,38.39998397602031,38.39998397602031
3190,t,38.39998397602031,38.39998397602031
3191,t,38.39998397602031,38.39998397602031
3192,t,38.39998397602031,38.39998397602031
3193,c,38.39998397602031,38.39998397602031
3194,t,38.39998397602031,38.39998397602031
3195,t,38.39998397602031,38.39998397602031
3196,t,38.39998397602031,38.39998397602031
3197,c,38.39998397602031,38.39998397602031
3198,t,38.39998397602031,38.39998397602031
3199,c,38.39998397602031,38.39998397602031
3200,t,38.39998397602031,38.39998397602031
3201,t,38.39998397602031,38.39998397602031
3202,t,38.39998397602031,38.39998397602031
3203,t,38.39998397602031,38.39998397602031
3204,c,38.39998397602031,38.39998397602031
3205,c,38.39998397602031,38.39998397602031
3206,c,38.39998397602031,38.39998397602031
3207,t,38.39998397602031,38.39998397602031
3208,c,38.39998397602031,38.39998397602031
3209,c,38.39998397602031,38.39998397602031
3210,t,38.39998397602031,38.39998397602031
3211,c,38.39998397602031,38.39998397602031
3212,t,38.39998397602031,38.39998397602031
3213,t,38.39998397602031,38.39998397602031
3214,t,38.39998397602031,38.39998397602031
3215,t,38.39998397602031,38.39998397602031
3216,c,38.39998397602031,38.39998397602031
3217,c,38.39998397602031,38.39998397602031
3218,t,38.39998397602031,38.39998397602031
3219,c,38.39998397602031,38.39998397602031
3220,c,38.39998397602031,38.39998397602031
3221,t,38.39998397602031,38.39998397602031
3222,t,38.39998397602031,38.39998397602031
3223,t,38.39998397602031,38.39998397602031
3224,c,38.39998397602031,38.39998397602031
3225,c,38.39998397602031,38.39998397602031
3226,t,38.39998397602031,38.39998397602031
3227,t,38.39998397602031,38.39998397602031
3228,t,38.39998397602031,38.39998397602031
3229,c,38.39998397602031,38.39998397602031
3230,t,38.39998397602031,38.39998397602031
3231,c,38.39998397602031,38.39998397602031
3232,c,38.39998397602031,38.39998397602031
3233,c,38.39998397602031,38.39998397602031
3234,c,38.39998397602031,38.39998397602031
3235,t,38.39998397602031,38.39998397602031
3236,t,38.39998397602031,38.39998397602031
3237,c,38.39998397602031,38.39998397602031
3238,c,38.39998397602031,38.39998397602031
3239,c,38.39998397602031,38.39998397602031
3240,t,38.39998397602031,38.39998397602031
3241,t,38.39998397602031,38.39998397602031
3242,t,38.39998397602031,38.39998397602031
3243,t,38.39998397602031,38.39998397602031
3244,c,38.39998397602031,38.39998397602031
3245,c,38.39998397602031,38.39998397602031
3246,c,38.39998397602031,38.39998397602031
3247,t,38.39998397602031,38.39998397602031
3248,t,38.39998397602031,38.39998397602031
3249,t,38.39998397602031,38.39998397602031
3250,c,38.39998397602031,38.39998397602031
3251,t,38.39998397602031,38.39998397602031
3252,c,38.39998397602031,38.39998397602031
3253,t,38.39998397602031,38.39998397602031
3254,na,3.3577154785484917,6.7543374271352885
3255,t,38.39998397602031,38.39998397602031
3256,t,38.39998397602031,38.39998397602031
3257,c,38.39998397602031,38.39998397602031
3258,t,38.39998397602031,38.39998397602031
3259,t,38.39998397602031,38.39998397602031
3260,c,38.39998397602031,38.39998397602031
3261,c,38.39998397602031,38.39998397602031
3262,c,38.39998397602031,38.39998397602031
3263,t,38.39998397602031,38.39998397602031
3264,t,38.39998397602031,38.39998397602031
3265,c,38.39998397602031,38.39998397602031
3266,c,38.39998397602031,38.39998397602031
3267,c,38.39998397602031,38.39998397602031
3268,t,38.39998397602031,38.39998397602031
3269,c,38.39998397602031,38.39998397602031
3270,c,38.39998397602031,38.39998397602031
3271,t,38.39998397602031,38.39998397602031
3272,t,38.39998397602031,38.39998397602031
3273,t,38.39998397602031,38.39998397602031
3274,t,38.39998397602031,38.39998397602031
3275,c,38.39998397602031,38.39998397602031
3276,t,38.39998397602031,38.39998397602031
3277,t,38.39998397602031,38.39998397602031
3278,c,38.39998397602031,38.39998397602031
3279,t,38.39998397602031,38.39998397602031
3280,c,38.39998397602031,38.39998397602031
3281,c,38.39998397602031,38.39998397602031
3282,c,38.39998397602031,38.39998397602031
3283,c,38.39998397602031,38.39998397602031
3284,c,38.39998397602031,38.39998397602031
3285,c,38.39998397602031,38.39998397602031
3286,c,38.39998397602031,38.39998397602031
3287,c,38.39998397602031,38.39998397602031
3288,c,38.39998397602031,38.39998397602031
3289,t,38.39998397602031,38.39998397602031
3290,c,38.39998397602031,38.39998397602031
3291,c,38.39998397602031,38.39998397602031
3292,c,38.39998397602031,38.39998397602031
3293,t,38.39998397602031,38.39998397602031
3294,c,38.39998397602031,38.39998397602031
3295,c,38.39998397602031,38.39998397602031
3296,t,38.39998397602031,38.39998397602031
3297,t,38.39998397602031,38.39998397602031
3298,c,38.39998397602031,38.39998397602031
3299,t,38.39998397602031,38.39998397602031
3300,t,38.39998397602031,38.39998397602031
3301,t,38.39998397602031,38.39998397602031
3302,c,38.39998397602031,38.39998397602031
3303,c,38.39998397602031,38.39998397602031
3304,c,38.39998397602031,38.39998397602031
3305,t,38.39998397602031,38.39998397602031
3306,c,38.39998397602031,38.39998397602031
3307,c,38.39998397602031,38.39998397602031
3308,t,38.39998397602031,38.39998397602031
3309,t,38.39998397602031,38.39998397602031
3310,c,38.39998397602031,38.39998397602031
3311,c,38.39998397602031,38.39998397602031
3312,c,38.39998397602031,38.39998397602031
3313,t,38.39998397602031,38.39998397602031
3314,t,38.39998397602031,38.39998397602031
3315,t,38.39998397602031,38.39998397602031
3316,c,38.39998397602031,38.39998397602031
3317,c,38.39998397602031,38.39998397602031
3318,t,38.39998397602031,38.39998397602031
3319,t,38.39998397602031,38.39998397602031
3320,c,38.39998397602031,38.39998397602031
3321,t,38.39998397602031,38.39998397602031
3322,t,38.39998397602031,38.39998397602031
3323,c,38.39998397602031,38.39998397602031
3324,t,38.39998397602031,38.39998397602031
3325,t,38.39998397602031,38.39998397602031
3326,t,38.39998397602031,38.39998397602031
3327,c,38.39998397602031,38.39998397602031
3328,c,38.39998397602031,38.39998397602031
3329,c,38.39998397602031,38.39998397602031
3330,t,38.39998397602031,38.39998397602031
3331,t,38.39998397602031,38.39998397602031
3332,t,38.39998397602031,38.39998397602031
3333,t,38.39998397602031,38.39998397602031
3334,na,5.184467318189946,10.226969040981524
3335,t,38.39998397602031,38.39998397602031
3336,c,38.39998397602031,38.39998397602031
3337,c,38.39998397602031,38.39998397602031
3338,c,38.39998397602031,38.39998397602031
3339,c,38.39998397602031,38.39998397602031
3340,c,38.39998397602031,38.39998397602031
3341,t,38.39998397602031,38.39998397602031
3342,c,38.39998397602031,38.39998397602031
3343,t,38.39998397602031,38.39998397602031
3344,c,38.39998397602031,38.39998397602031
3345,c,38.39998397602031,38.39998397602031
3346,c,38.39998397602031,38.39998397602031
3347,c,38.39998397602031,38.39998397602031
3348,t,38.39998397602031,38.39998397602031
3349,t,38.39998397602031,38.39998397602031
3350,c,38.39998397602031,38.39998397602031
3351,t,38.39998397602031,38.39998397602031
3352,c,38.39998397602031,38.39998397602031
3353,c,38.39998397602031,38.39998397602031
3354,t,38.39998397602031,38.39998397602031
3355,c,38.39998397602031,38.39998397602031
3356,c,38.39998397602031,38.39998397602031
3357,c,38.39998397602031,38.39998397602031
3358,c,38.39998397602031,38.39998397602031
3359,t,38.39998397602031,38.39998397602031
3360,c,38.39998397602031,38.39998397602031
3361,c,38.39998397602031,38.39998397602031
3362,t,38.39998397602031,38.39998397602031
3363,c,38.39998397602031,38.39998397602031
3364,t,38.39998397602031,38.39998397602031
3365,t,38.39998397602031,38.39998397602031
3366,c,38.39998397602031,38.39998397602031
3367,c,38.39998397602031,38.39998397602031
3368,t,38.39998397602031,38.39998397602031
3369,t,38.39998397602031,38.39998397602031
3370,t,38.39998397602031,38.39998397602031
3371,t,38.39998397602031,38.39998397602031
3372,t,38.39998397602031,38.39998397602031
3373,c,38.39998397602031,38.39998397602031
3374,t,38.39998397602031,38.39998397602031
3375,t,38.39998397602031,38.39998397602031
3376,t,38.39998397602031,38.39998397602031
3377,c,38.39998397602031,38.39998397602031
3378,c,38.39998397602031,38.39998397602031
3379,t,38.39998397602031,38.39998397602031
3380,t,38.39998397602031,38.39998397602031
3381,t,38.39998397602031,38.39998397602031
3382,c,38.39998397602031,38.39998397602031
3383,c,38.39998397602031,38.39998397602031
3384,t,38.39998397602031,38.39998397602031
3385,t,38.39998397602031,38.39998397602031
3386,t,38.39998397602031,38.39998397602031
3387,c,38.39998397602031,38.39998397602031
3388,c,38.39998397602031,38.39998397602031
3389,c,38.39998397602031,38.39998397602031
3390,t,38.39998397602031,38.39998397602031
3391,t,38.39998397602031,38.39998397602031
3392,t,38.39998397602031,38.39998397602031
3393,c,6.681679644673152,38.39998397602031
3394,c,38.39998397602031,38.39998397602031
3395,t,38.39998397602031,38.39998397602031
3396,t,38.39998397602031,38.39998397602031
3397,t,38.39998397602031,38.39998397602031
3398,c,38.39998397602031,38.39998397602031
3399,c,38.39998397602031,38.39998397602031
3400,t,38.39998397602031,38.39998397602031
3401,t,38.39998397602031,38.39998397602031
3402,c,38.39998397602031,38.39998397602031
3403,t,38.39998397602031,38.39998397602031
3404,t,38.39998397602031,38.39998397602031
3405,c,38.39998397602031,38.39998397602031
3406,t,38.39998397602031,38.39998397602031
3407,t,38.39998397602031,38.39998397602031
3408,c,38.39998397602031,38.39998397602031
3409,t,38.39998397602031,38.39998397602031
3410,c,38.39998397602031,38.39998397602031
3411,c,38.39998397602031,38.39998397602031
3412,t,38.39998397602031,38.39998397602031
3413,c,38.39998397602031,38.39998397602031
3414,c,38.39998397602031,38.39998397602031
3415,t,38.39998397602031,38.39998397602031
3416,c,5.342704922191267,8.716671355465532
3417,t,38.39998397602031,38.39998397602031
3418,t,38.39998397602031,38.39998397602031
3419,t,38.39998397602031,38.39998397602031
3420,c,38.39998397602031,38.39998397602031
3421,c,38.39998397602031,38.39998397602031
3422,t,38.39998397602031,38.39998397602031
3423,c,38.39998397602031,38.39998397602031
3424,t,38.39998397602031,38.39998397602031
3425,c,38.39998397602031,38.39998397602031
3426,c,38.39998397602031,38.39998397602031
3427,t,38.39998397602031,38.39998397602031
3428,c,38.39998397602031,38.39998397602031
3429,c,38.39998397602031,38.39998397602031
3430,c,38.39998397602031,38.39998397602031
3431,c,38.39998397602031,38.39998397602031
3432,c,38.39998397602031,38.39998397602031
3433,c,38.39998397602031,38.39998397602031
3434,t,38.39998397602031,38.39998397602031
3435,t,38.39998397602031,38.39998397602031
3436,c,38.39998397602031,38.39998397602031
3437,c,38.39998397602031,38.39998397602031
3438,c,38.39998397602031,38.39998397602031
3439,c,38.39998397602031,38.39998397602031
3440,na,0,2.0989939570410687
3441,c,38.39998397602031,38.39998397602031
3442,na,21.447198799394485,24.645513830455755
3443,c,38.39998397602031,38.39998397602031
3444,t,38.39998397602031,38.39998397602031
3445,t,38.39998397602031,38.39998397602031
3446,t,38.39998397602031,38.39998397602031
3447,t,38.39998397602031,38.39998397602031
3448,t,38.39998397602031,38.39998397602031
3449,c,38.39998397602031,38.39998397602031
3450,c,38.39998397602031,38.39998397602031
3451,c,38.39998397602031,38.39998397602031
3452,t,38.39998397602031,38.39998397602031
3453,t,38.39998397602031,38.39998397602031
3454,c,38.39998397602031,38.39998397602031
3455,c,38.39998397602031,38.39998397602031
3456,c,38.39998397602031,38.39998397602031
3457,t,38.39998397602031,38.39998397602031
3458,t,38.39998397602031,38.39998397602031
3459,t,38.39998397602031,38.39998397602031
3460,t,38.39998397602031,38.39998397602031
3461,t,38.39998397602031,38.39998397602031
3462,c,38.39998397602031,38.39998397602031
3463,t,38.39998397602031,38.39998397602031
3464,c,38.39998397602031,38.39998397602031
3465,t,38.39998397602031,38.39998397602031
3466,c,38.39998397602031,38.39998397602031
3467,c,38.39998397602031,38.39998397602031
3468,t,38.39998397602031,38.39998397602031
3469,t,38.39998397602031,38.39998397602031
3470,t,38.39998397602031,38.39998397602031
3471,c,38.39998397602031,38.39998397602031
3472,t,38.39998397602031,38.39998397602031
3473,t,38.39998397602031,38.39998397602031
3474,c,38.39998397602031,38.39998397602031
3475,c,38.39998397602031,38.39998397602031
3476,t,38.39998397602031,38.39998397602031
3477,t,38.39998397602031,38.39998397602031
3478,c,38.39998397602031,38.39998397602031
3479,c,38.39998397602031,38.39998397602031
3480,t,38.39998397602031,38.39998397602031
3481,c,38.39998397602031,38.39998397602031
3482,c,38.39998397602031,38.39998397602031
3483,c,38.39998397602031,38.39998397602031
3484,c,38.39998397602031,38.39998397602031
3485,t,38.39998397602031,38.39998397602031
3486,t,38.39998397602031,38.39998397602031
3487,t,38.39998397602031,38.39998397602031
3488,t,38.39998397602031,38.39998397602031
3489,c,38.39998397602031,38.39998397602031
3490,c,38.39998397602031,38.39998397602031
3491,c,38.39998397602031,38.39998397602031
3492,t,38.39998397602031,38.39998397602031
3493,t,38.39998397602031,38.39998397602031
3494,c,38.39998397602031,38.39998397602031
3495,t,38.39998397602031,38.39998397602031
3496,c,38.39998397602031,38.39998397602031
3497,c,38.39998397602031,38.39998397602031
3498,c,38.39998397602031,38.39998397602031
3499,t,38.39998397602031,38.39998397602031
3500,t,38.39998397602031,38.39998397602031
3501,t,38.39998397602031,38.39998397602031
3502,t,38.39998397602031,38.39998397602031
3503,t,38.39998397602031,38.39998397602031
3504,c,38.39998397602031,38.39998397602031
3505,t,38.39998397602031,38.39998397602031
3506,c,38.39998397602031,38.39998397602031
3507,c,38.39998397602031,38.39998397602031
3508,t,38.39998397602031,38.39998397602031
3509,t,38.39998397602031,38.39998397602031
3510,t,38.39998397602031,38.39998397602031
3511,t,38.39998397602031,38.39998397602031
3512,c,38.39998397602031,38.39998397602031
3513,t,38.39998397602031,38.39998397602031
3514,c,38.39998397602031,38.39998397602031
3515,c,38.39998397602031,38.39998397602031
3516,c,5.543596262865107,14.183559126254023
3517,t,38.39998397602031,38.39998397602031
3518,t,38.39998397602031,38.39998397602031
3519,c,38.39998397602031,38.39998397602031
3520,c,38.39998397602031,38.39998397602031
3521,t,38.39998397602031,38.39998397602031
3522,t,38.39998397602031,38.39998397602031
3523,t,38.39998397602031,38.39998397602031
3524,t,38.39998397602031,38.39998397602031
3525,t,38.39998397602031,38.39998397602031
3526,t,38.39998397602031,38.39998397602031
3527,c,38.39998397602031,38.39998397602031
3528,c,38.39998397602031,38.39998397602031
3529,c,38.39998397602031,38.39998397602031
3530,t,38.39998397602031,38.39998397602031
3531,c,38.39998397602031,38.39998397602031
3532,t,38.39998397602031,38.39998397602031
3533,c,38.39998397602031,38.39998397602031
3534,t,38.39998397602031,38.39998397602031
3535,t,38.39998397602031,38.39998397602031
3536,c,38.39998397602031,38.39998397602031
3537,c,38.39998397602031,38.39998397602031
3538,na,0,4.733496117065236
3539,c,38.39998397602031,38.39998397602031
3540,t,38.39998397602031,38.39998397602031
3541,c,38.39998397602031,38.39998397602031
3542,c,38.39998397602031,38.39998397602031
3543,c,38.39998397602031,38.39998397602031
3544,c,38.39998397602031,38.39998397602031
3545,t,38.39998397602031,38.39998397602031
3546,t,38.39998397602031,38.39998397602031
3547,t,38.39998397602031,38.39998397602031
3548,c,38.39998397602031,38.39998397602031
3549,t,38.39998397602031,38.39998397602031
3550,t,38.39998397602031,38.39998397602031
3551,c,38.39998397602031,38.39998397602031
3552,c,38.39998397602031,38.39998397602031
3553,c,38.39998397602031,38.39998397602031
3554,t,38.39998397602031,38.39998397602031
3555,t,38.39998397602031,38.39998397602031
3556,t,38.39998397602031,38.39998397602031
3557,t,38.39998397602031,38.39998397602031
3558,c,38.39998397602031,38.39998397602031
3559,t,38.39998397602031,38.39998397602031
3560,t,38.39998397602031,38.39998397602031
3561,t,38.39998397602031,38.39998397602031
3562,t,38.39998397602031,38.39998397602031
3563,c,38.39998397602031,38.39998397602031
3564,c,38.39998397602031,38.39998397602031
3565,t,38.39998397602031,38.39998397602031
3566,c,38.39998397602031,38.39998397602031
3567,c,38.39998397602031,38.39998397602031
3568,c,38.39998397602031,38.39998397602031
3569,c,38.39998397602031,38.39998397602031
3570,c,38.39998397602031,38.39998397602031
3571,t,38.39998397602031,38.39998397602031
3572,t,38.39998397602031,38.39998397602031
3573,t,38.39998397602031,38.39998397602031
3574,c,38.39998397602031,38.39998397602031
3575,c,38.39998397602031,38.39998397602031
3576,t,38.39998397602031,38.39998397602031
3577,c,38.39998397602031,38.39998397602031
3578,t,38.39998397602031,38.39998397602031
3579,t,38.39998397602031,38.39998397602031
3580,c,38.39998397602031,38.39998397602031
3581,c,38.39998397602031,38.39998397602031
3582,c,38.39998397602031,38.39998397602031
3583,t,38.39998397602031,38.39998397602031
3584,t,38.39998397602031,38.39998397602031
3585,c,38.39998397602031,38.39998397602031
3586,c,38.39998397602031,38.39998397602031
3587,c,38.39998397602031,38.39998397602031
3588,c,38.39998397602031,38.39998397602031
3589,c,38.39998397602031,38.39998397602031
3590,t,38.39998397602031,38.39998397602031
3591,t,38.39998397602031,38.39998397602031
3592,c,38.39998397602031,38.39998397602031
3593,c,38.39998397602031,38.39998397602031
3594,t,38.39998397602031,38.39998397602031
3595,t,38.39998397602031,38.39998397602031
3596,t,38.39998397602031,38.39998397602031
3597,c,38.39998397602031,38.39998397602031
3598,c,38.39998397602031,38.39998397602031
3599,c,38.39998397602031,38.39998397602031
3600,t,38.39998397602031,38.39998397602031
3601,c,38.39998397602031,38.39998397602031
3602,c,38.39998397602031,38.39998397602031
3603,c,38.39998397602031,38.39998397602031
3604,t,38.39998397602031,38.39998397602031
3605,c,38.39998397602031,38.39998397602031
3606,t,38.39998397602031,38.39998397602031
3607,t,38.39998397602031,38.39998397602031
3608,t,38.39998397602031,38.39998397602031
3609,t,38.39998397602031,38.39998397602031
3610,t,38.39998397602031,38.39998397602031
3611,c,38.39998397602031,38.39998397602031
3612,c,38.39998397602031,38.39998397602031
3613,t,38.39998397602031,38.39998397602031
3614,t,38.39998397602031,38.39998397602031
3615,t,38.39998397602031,38.39998397602031
3616,c,38.39998397602031,38.39998397602031
3617,t,38.39998397602031,38.39998397602031
3618,t,38.39998397602031,38.39998397602031
3619,c,38.39998397602031,38.39998397602031
3620,c,38.39998397602031,38.39998397602031
3621,t,38.39998397602031,38.39998397602031
3622,t,38.39998397602031,38.39998397602031
3623,t,38.39998397602031,38.39998397602031
3624,c,38.39998397602031,38.39998397602031
3625,t,38.39998397602031,38.39998397602031
3626,c,38.39998397602031,38.39998397602031
3627,t,38.39998397602031,38.39998397602031
3628,c,38.39998397602031,38.39998397602031
3629,c,38.39998397602031,38.39998397602031
3630,c,38.39998397602031,38.39998397602031
3631,c,38.39998397602031,38.39998397602031
3632,c,7.533550165009102,8.044316347166257
3633,c,38.39998397602031,38.39998397602031
3634,c,38.39998397602031,38.39998397602031
3635,c,38.39998397602031,38.39998397602031
3636,c,38.39998397602031,38.39998397602031
3637,t,38.39998397602031,38.39998397602031
3638,t,38.39998397602031,38.39998397602031
3639,t,38.39998397602031,38.39998397602031
3640,t,38.39998397602031,38.39998397602031
3641,c,38.39998397602031,38.39998397602031
3642,c,38.39998397602031,38.39998397602031
3643,c,38.39998397602031,38.39998397602031
3644,c,38.39998397602031,38.39998397602031
3645,c,38.39998397602031,38.39998397602031
3646,t,38.39998397602031,38.39998397602031
3647,t,38.39998397602031,38.39998397602031
3648,t,38.39998397602031,38.39998397602031
3649,t,38.39998397602031,38.39998397602031
3650,c,38.39998397602031,38.39998397602031
3651,c,38.39998397602031,38.39998397602031
3652,t,38.39998397602031,38.39998397602031
3653,c,38.39998397602031,38.39998397602031
3654,c,38.39998397602031,38.39998397602031
3655,t,38.39998397602031,38.39998397602031
3656,c,38.39998397602031,38.39998397602031
3657,na,22.159349867694047,32.134746823958174
3658,c,38.39998397602031,38.39998397602031
3659,c,38.39998397602031,38.39998397602031
3660,c,38.39998397602031,38.39998397602031
3661,c,38.39998397602031,38.39998397602031
3662,t,38.39998397602031,38.39998397602031
3663,t,38.39998397602031,38.39998397602031
3664,c,38.39998397602031,38.39998397602031
3665,t,38.39998397602031,38.39998397602031
3666,t,38.39998397602031,38.39998397602031
3667,c,38.39998397602031,38.39998397602031
3668,c,38.39998397602031,38.39998397602031
3669,c,38.39998397602031,38.39998397602031
3670,t,38.39998397602031,38.39998397602031
3671,c,38.39998397602031,38.39998397602031
3672,c,38.39998397602031,38.39998397602031
3673,c,38.39998397602031,38.39998397602031
3674,c,38.39998397602031,38.39998397602031
3675,t,38.39998397602031,38.39998397602031
3676,c,38.39998397602031,38.39998397602031
3677,c,38.39998397602031,38.39998397602031
3678,c,38.39998397602031,38.39998397602031
3679,t,38.39998397602031,38.39998397602031
3680,t,38.39998397602031,38.39998397602031
3681,c,38.39998397602031,38.39998397602031
3682,t,38.39998397602031,38.39998397602031
3683,c,38.39998397602031,38.39998397602031
3684,t,38.39998397602031,38.39998397602031
3685,c,38.39998397602031,38.39998397602031
3686,c,38.39998397602031,38.39998397602031
3687,t,38.39998397602031,38.39998397602031
3688,t,38.39998397602031,38.39998397602031
3689,t,38.39998397602031,38.39998397602031
3690,t,38.39998397602031,38.39998397602031
3691,c,38.39998397602031,38.39998397602031
3692,c,38.39998397602031,38.39998397602031
3693,na,0,2.54587690077308
3694,c,38.39998397602031,38.39998397602031
3695,c,38.39998397602031,38.39998397602031
3696,t,38.39998397602031,38.39998397602031
3697,c,38.39998397602031,38.39998397602031
3698,t,38.39998397602031,38.39998397602031
3699,c,38.39998397602031,38.39998397602031
3700,t,38.39998397602031,38.39998397602031
3701,c,38.39998397602031,38.39998397602031
3702,t,38.39998397602031,38.39998397602031
3703,c,38.39998397602031,38.39998397602031
3704,t,38.39998397602031,38.39998397602031
3705,c,38.39998397602031,38.39998397602031
3706,t,38.39998397602031,38.39998397602031
3707,c,38.39998397602031,38.39998397602031
3708,c,38.39998397602031,38.39998397602031
3709,na,0,5.187974767130896
3710,t,38.39998397602031,38.39998397602031
3711,t,38.39998397602031,38.39998397602031
3712,na,19.547087901924982,19.797233397672727
3713,t,38.39998397602031,38.39998397602031
3714,c,38.39998397602031,38.39998397602031
3715,t,38.39998397602031,38.39998397602031
3716,c,38.39998397602031,38.39998397602031
3717,t,38.39998397602031,38.39998397602031
3718,t,38.39998397602031,38.39998397602031
3719,c,38.39998397602031,38.39998397602031
3720,t,38.39998397602031,38.39998397602031
3721,c,38.39998397602031,38.39998397602031
3722,c,38.39998397602031,38.39998397602031
3723,c,38.39998397602031,38.39998397602031
3724,c,38.39998397602031,38.39998397602031
3725,c,38.39998397602031,38.39998397602031
3726,c,38.39998397602031,38.39998397602031
3727,t,38.39998397602031,38.39998397602031
3728,c,38.39998397602031,38.39998397602031
3729,t,38.39998397602031,38.39998397602031
3730,t,38.39998397602031,38.39998397602031
3731,t,38.39998397602031,38.39998397602031
3732,c,38.39998397602031,38.39998397602031
3733,t,38.39998397602031,38.39998397602031
3734,t,38.39998397602031,38.39998397602031
3735,t,38.39998397602031,38.39998397602031
3736,c,38.39998397602031,38.39998397602031
3737,t,38.39998397602031,38.39998397602031
3738,c,38.39998397602031,38.39998397602031
3739,t,38.39998397602031,38.39998397602031
3740,c,38.39998397602031,38.39998397602031
3741,t,38.39998397602031,38.39998397602031
3742,t,38.39998397602031,38.39998397602031
3743,c,38.39998397602031,38.39998397602031
3744,c,38.39998397602031,38.39998397602031
3745,t,38.39998397602031,38.39998397602031
3746,t,38.39998397602031,38.39998397602031
3747,t,38.39998397602031,38.39998397602031
3748,c,38.39998397602031,38.39998397602031
3749,c,38.39998397602031,38.39998397602031
3750,c,38.39998397602031,38.39998397602031
3751,t,38.39998397602031,38.39998397602031
3752,t,38.39998397602031,38.39998397602031
3753,t,38.39998397602031,38.39998397602031
3754,t,38.39998397602031,38.39998397602031
3755,c,38.39998397602031,38.39998397602031
3756,c,38.39998397602031,38.39998397602031
3757,c,38.39998397602031,38.39998397602031
3758,c,38.39998397602031,38.39998397602031
3759,c,38.39998397602031,38.39998397602031
3760,c,38.39998397602031,38.39998397602031
3761,c,38.39998397602031,38.39998397602031
3762,t,38.39998397602031,38.39998397602031
3763,t,38.39998397602031,38.39998397602031
3764,t,38.39998397602031,38.39998397602031
3765,t,38.39998397602031,38.39998397602031
3766,t,38.39998397602031,38.39998397602031
3767,t,38.39998397602031,38.39998397602031
3768,t,38.39998397602031,38.39998397602031
3769,t,38.39998397602031,38.39998397602031
3770,c,38.39998397602031,38.39998397602031
3771,t,38.39998397602031,38.39998397602031
3772,t,38.39998397602031,38.39998397602031
3773,c,38.39998397602031,38.39998397602031
3774,c,38.39998397602031,38.39998397602031
3775,c,38.39998397602031,38.39998397602031
3776,t,38.39998397602031,38.39998397602031
3777,t,38.39998397602031,38.39998397602031
3778,c,38.39998397602031,38.39998397602031
3779,t,38.39998397602031,38.39998397602031
3780,c,38.39998397602031,38.39998397602031
3781,t,38.39998397602031,38.39998397602031
3782,c,38.39998397602031,38.39998397602031
3783,t,38.39998397602031,38.39998397602031
3784,c,38.39998397602031,38.39998397602031
3785,c,38.39998397602031,38.39998397602031
3786,c,38.39998397602031,38.39998397602031
3787,c,38.39998397602031,38.39998397602031
3788,t,38.39998397602031,38.39998397602031
3789,c,38.39998397602031,38.39998397602031
3790,t,38.39998397602031,38.39998397602031
3791,c,38.39998397602031,38.39998397602031
3792,t,38.39998397602031,38.39998397602031
3793,c,38.39998397602031,38.39998397602031
3794,c,6.616070910857582,13.409061578506025
3795,c,38.39998397602031,38.39998397602031
3796,t,38.39998397602031,38.39998397602031
3797,t,38.39998397602031,38.39998397602031
3798,t,38.39998397602031,38.39998397602031
3799,t,38.39998397602031,38.39998397602031
3800,c,38.39998397602031,38.39998397602031
3801,t,38.39998397602031,38.39998397602031
3802,c,38.39998397602031,38.39998397602031
3803,c,38.39998397602031,38.39998397602031
3804,c,38.39998397602031,38.39998397602031
3805,c,38.39998397602031,38.39998397602031
3806,t,38.39998397602031,38.39998397602031
3807,t,38.39998397602031,38.39998397602031
3808,t,38.39998397602031,38.39998397602031
3809,t,38.39998397602031,38.39998397602031
3810,t,38.39998397602031,38.39998397602031
3811,t,38.39998397602031,38.39998397602031
3812,t,38.39998397602031,38.39998397602031
3813,c,38.39998397602031,38.39998397602031
3814,c,38.39998397602031,38.39998397602031
3815,c,38.39998397602031,38.39998397602031
3816,t,38.39998397602031,38.39998397602031
3817,c,38.39998397602031,38.39998397602031
3818,t,38.39998397602031,38.39998397602031
3819,t,38.39998397602031,38.39998397602031
3820,t,38.39998397602031,38.39998397602031
3821,t,38.39998397602031,38.39998397602031
3822,t,38.39998397602031,38.39998397602031
3823,t,38.39998397602031,38.39998397602031
3824,t,38.39998397602031,38.39998397602031
3825,c,38.39998397602031,38.39998397602031
3826,t,38.39998397602031,38.39998397602031
3827,t,38.39998397602031,38.39998397602031
3828,c,38.39998397602031,38.39998397602031
3829,c,38.39998397602031,38.39998397602031
3830,t,38.39998397602031,38.39998397602031
3831,c,38.39998397602031,38.39998397602031
3832,t,38.39998397602031,38.39998397602031
3833,t,38.39998397602031,38.39998397602031
3834,t,38.39998397602031,38.39998397602031
3835,t,38.39998397602031,38.39998397602031
3836,c,38.39998397602031,38.39998397602031
3837,c,38.39998397602031,38.39998397602031
3838,t,38.39998397602031,38.39998397602031
3839,t,38.39998397602031,38.39998397602031
3840,c,38.39998397602031,38.39998397602031
3841,c,14.21239905769011,18.216662588452248
3842,c,38.39998397602031,38.39998397602031
3843,c,38.39998397602031,38.39998397602031
3844,t,38.39998397602031,38.39998397602031
3845,c,38.39998397602031,38.39998397602031
3846,t,38.39998397602031,38.39998397602031
3847,c,38.39998397602031,38.39998397602031
3848,t,38.39998397602031,38.39998397602031
3849,c,38.39998397602031,38.39998397602031
3850,c,38.39998397602031,38.39998397602031
3851,c,38.39998397602031,38.39998397602031
3852,c,38.39998397602031,38.39998397602031
3853,t,38.39998397602031,38.39998397602031
3854,c,38.39998397602031,38.39998397602031
3855,t,38.39998397602031,38.39998397602031
3856,c,38.39998397602031,38.39998397602031
3857,t,38.39998397602031,38.39998397602031
3858,c,38.39998397602031,38.39998397602031
3859,c,38.39998397602031,38.39998397602031
3860,c,38.39998397602031,38.39998397602031
3861,t,38.39998397602031,38.39998397602031
3862,t,38.39998397602031,38.39998397602031
3863,t,38.39998397602031,38.39998397602031
3864,t,38.39998397602031,38.39998397602031
3865,t,38.39998397602031,38.39998397602031
3866,t,38.39998397602031,38.39998397602031
3867,t,38.39998397602031,38.39998397602031
3868,c,38.39998397602031,38.39998397602031
3869,c,38.39998397602031,38.39998397602031
3870,c,38.39998397602031,38.39998397602031
3871,c,38.39998397602031,38.39998397602031
3872,c,38.39998397602031,38.39998397602031
3873,c,38.39998397602031,38.39998397602031
3874,t,38.39998397602031,38.39998397602031
3875,t,38.39998397602031,38.39998397602031
3876,t,38.39998397602031,38.39998397602031
3877,c,38.39998397602031,38.39998397602031
3878,c,38.39998397602031,38.39998397602031
3879,t,38.39998397602031,38.39998397602031
3880,c,38.39998397602031,38.39998397602031
3881,t,38.39998397602031,38.39998397602031
3882,t,38.39998397602031,38.39998397602031
3883,t,38.39998397602031,38.39998397602031
3884,c,38.39998397602031,38.39998397602031
3885,t,38.39998397602031,38.39998397602031
3886,t,38.39998397602031,38.39998397602031
3887,t,38.39998397602031,38.39998397602031
3888,t,38.39998397602031,38.39998397602031
3889,t,38.39998397602031,38.39998397602031
3890,c,38.39998397602031,38.39998397602031
3891,t,38.39998397602031,38.39998397602031
3892,t,38.39998397602031,38.39998397602031
3893,t,38.39998397602031,38.39998397602031
3894,c,38.39998397602031,38.39998397602031
3895,t,38.39998397602031,38.39998397602031
3896,c,38.39998397602031,38.39998397602031
3897,c,38.39998397602031,38.39998397602031
3898,t,38.39998397602031,38.39998397602031
3899,c,38.39998397602031,38.39998397602031
3900,c,38.39998397602031,38.39998397602031
3901,t,38.39998397602031,38.39998397602031
3902,c,38.39998397602031,38.39998397602031
3903,t,38.39998397602031,38.39998397602031
3904,t,38.39998397602031,38.39998397602031
3905,c,38.39998397602031,38.39998397602031
3906,c,38.39998397602031,38.39998397602031
3907,t,38.39998397602031,38.39998397602031
3908,c,38.39998397602031,38.39998397602031
3909,c,38.39998397602031,38.39998397602031
3910,c,38.39998397602031,38.39998397602031
3911,c,38.39998397602031,38.39998397602031
3912,t,38.39998397602031,38.39998397602031
3913,c,38.39998397602031,38.39998397602031
3914,c,38.39998397602031,38.39998397602031
3915,c,38.39998397602031,38.39998397602031
3916,t,38.39998397602031,38.39998397602031
3917,c,38.39998397602031,38.39998397602031
3918,c,38.39998397602031,38.39998397602031
3919,c,38.39998397602031,38.39998397602031
3920,c,38.39998397602031,38.39998397602031
3921,c,38.39998397602031,38.39998397602031
3922,c,38.39998397602031,38.39998397602031
3923,c,38.39998397602031,38.39998397602031
3924,c,38.39998397602031,38.39998397602031
3925,c,38.39998397602031,38.39998397602031
3926,t,38.39998397602031,38.39998397602031
3927,t,38.39998397602031,38.39998397602031
3928,t,38.39998397602031,38.39998397602031
3929,t,38.39998397602031,38.39998397602031
3930,c,38.39998397602031,38.39998397602031
3931,c,38.39998397602031,38.39998397602031
3932,t,38.39998397602031,38.39998397602031
3933,t,38.39998397602031,38.39998397602031
3934,c,38.39998397602031,38.39998397602031
3935,t,38.39998397602031,38.39998397602031
3936,t,38.39998397602031,38.39998397602031
3937,c,38.39998397602031,38.39998397602031
3938,c,38.39998397602031,38.39998397602031
3939,c,38.39998397602031,38.39998397602031
3940,c,38.39998397602031,38.39998397602031
3941,t,38.39998397602031,38.39998397602031
3942,c,38.39998397602031,38.39998397602031
3943,c,38.39998397602031,38.39998397602031
3944,c,38.39998397602031,38.39998397602031
3945,t,38.39998397602031,38.39998397602031
3946,c,38.39998397602031,38.39998397602031
3947,c,38.39998397602031,38.39998397602031
3948,c,38.39998397602031,38.39998397602031
3949,c,38.39998397602031,38.39998397602031
3950,c,38.39998397602031,38.39998397602031
3951,t,38.39998397602031,38.39998397602031
3952,c,38.39998397602031,38.39998397602031
3953,t,38.39998397602031,38.39998397602031
3954,t,38.39998397602031,38.39998397602031
3955,c,38.39998397602031,38.39998397602031
3956,c,38.39998397602031,38.39998397602031
3957,c,38.39998397602031,38.39998397602031
3958,t,38.39998397602031,38.39998397602031
3959,c,38.39998397602031,38.39998397602031
3960,c,38.39998397602031,38.39998397602031
3961,c,38.39998397602031,38.39998397602031
3962,t,38.39998397602031,38.39998397602031
3963,t,38.39998397602031,38.39998397602031
3964,c,38.39998397602031,38.39998397602031
3965,c,38.39998397602031,38.39998397602031
3966,t,38.39998397602031,38.39998397602031
3967,c,38.39998397602031,38.39998397602031
3968,t,38.39998397602031,38.39998397602031
3969,c,38.39998397602031,38.39998397602031
3970,t,38.39998397602031,38.39998397602031
3971,c,38.39998397602031,38.39998397602031
3972,t,38.39998397602031,38.39998397602031
3973,t,38.39998397602031,38.39998397602031
3974,c,38.39998397602031,38.39998397602031
3975,c,38.39998397602031,38.39998397602031
3976,t,38.39998397602031,38.39998397602031
3977,c,38.39998397602031,38.39998397602031
3978,c,38.39998397602031,38.39998397602031
3979,c,38.39998397602031,38.39998397602031
3980,c,38.39998397602031,38.39998397602031
3981,t,38.39998397602031,38.39998397602031
3982,t,38.39998397602031,38.39998397602031
3983,t,38.39998397602031,38.39998397602031
3984,c,38.39998397602031,38.39998397602031
3985,t,38.39998397602031,38.39998397602031
3986,c,38.39998397602031,38.39998397602031
3987,t,38.39998397602031,38.39998397602031
3988,c,38.39998397602031,38.39998397602031
3989,c,38.39998397602031,38.39998397602031
3990,na,0,0.2810398150770041
3991,t,38.39998397602031,38.39998397602031
3992,c,38.39998397602031,38.39998397602031
3993,t,38.39998397602031,38.39998397602031
3994,t,38.39998397602031,38.39998397602031
3995,c,38.39998397602031,38.39998397602031
3996,c,38.39998397602031,38.39998397602031
3997,t,38.39998397602031,38.39998397602031
3998,c,38.39998397602031,38.39998397602031
3999,c,38.39998397602031,38.39998397602031
4000,c,38.39998397602031,38.39998397602031
4001,c,38.39998397602031,38.39998397602031
4002,c,38.39998397602031,38.39998397602031
4003,t,38.39998397602031,38.39998397602031
4004,c,38.39998397602031,38.39998397602031
4005,t,38.39998397602031,38.39998397602031
4006,c,38.39998397602031,38.39998397602031
4007,c,38.39998397602031,38.39998397602031
4008,t,38.39998397602031,38.39998397602031
4009,t,38.39998397602031,38.39998397602031
4010,t,38.39998397602031,38.39998397602031
4011,na,0,4.1233815669749925
4012,c,38.39998397602031,38.39998397602031
4013,c,38.39998397602031,38.39998397602031
4014,t,38.39998397602031,38.39998397602031
4015,t,38.39998397602031,38.39998397602031
4016,t,38.39998397602031,38.39998397602031
4017,t,38.39998397602031,38.39998397602031
4018,c,38.39998397602031,38.39998397602031
4019,t,38.39998397602031,38.39998397602031
4020,c,38.39998397602031,38.39998397602031
4021,c,38.39998397602031,38.39998397602031
4022,t,38.39998397602031,38.39998397602031
4023,c,38.39998397602031,38.39998397602031
4024,c,38.39998397602031,38.39998397602031
4025,t,38.39998397602031,38.39998397602031
4026,t,38.39998397602031,38.39998397602031
4027,c,38.39998397602031,38.39998397602031
4028,t,38.39998397602031,38.39998397602031
4029,c,38.39998397602031,38.39998397602031
4030,t,38.39998397602031,38.39998397602031
4031,c,38.39998397602031,38.39998397602031
4032,c,38.39998397602031,38.39998397602031
4033,t,38.39998397602031,38.39998397602031
4034,c,38.39998397602031,38.39998397602031
4035,t,38.39998397602031,38.39998397602031
4036,c,38.39998397602031,38.39998397602031
4037,t,38.39998397602031,38.39998397602031
4038,c,38.39998397602031,38.39998397602031
4039,c,38.39998397602031,38.39998397602031
4040,c,38.39998397602031,38.39998397602031
4041,c,38.39998397602031,38.39998397602031
4042,t,38.39998397602031,38.39998397602031
4043,t,38.39998397602031,38.39998397602031
4044,t,38.39998397602031,38.39998397602031
4045,t,38.39998397602031,38.39998397602031
4046,t,38.39998397602031,38.39998397602031
4047,t,38.39998397602031,38.39998397602031
4048,t,38.39998397602031,38.39998397602031
4049,t,38.39998397602031,38.39998397602031
4050,c,38.39998397602031,38.39998397602031
4051,t,38.39998397602031,38.39998397602031
4052,t,38.39998397602031,38.39998397602031
4053,c,38.39998397602031,38.39998397602031
4054,c,38.39998397602031,38.39998397602031
4055,c,38.39998397602031,38.39998397602031
4056,c,38.39998397602031,38.39998397602031
4057,c,38.39998397602031,38.39998397602031
4058,c,38.39998397602031,38.39998397602031
4059,c,38.39998397602031,38.39998397602031
4060,t,38.39998397602031,38.39998397602031
4061,c,38.39998397602031,38.39998397602031
4062,c,38.39998397602031,38.39998397602031
4063,t,38.39998397602031,38.39998397602031
4064,t,38.39998397602031,38.39998397602031
4065,t,38.39998397602031,38.39998397602031
4066,c,38.39998397602031,38.39998397602031
4067,c,38.39998397602031,38.39998397602031
4068,c,38.39998397602031,38.39998397602031
4069,c,38.39998397602031,38.39998397602031
4070,t,38.39998397602031,38.39998397602031
4071,t,38.39998397602031,38.39998397602031
4072,t,38.39998397602031,38.39998397602031
4073,t,38.39998397602031,38.39998397602031
4074,c,38.39998397602031,38.39998397602031
4075,t,38.39998397602031,38.39998397602031
4076,c,38.39998397602031,38.39998397602031
4077,t,38.39998397602031,38.39998397602031
4078,c,38.39998397602031,38.39998397602031
4079,c,38.39998397602031,38.39998397602031
4080,c,38.39998397602031,38.39998397602031
4081,t,38.39998397602031,38.39998397602031
4082,t,38.39998397602031,38.39998397602031
4083,c,38.39998397602031,38.39998397602031
4084,c,38.39998397602031,38.39998397602031
4085,t,38.39998397602031,38.39998397602031
4086,t,38.39998397602031,38.39998397602031
4087,t,38.39998397602031,38.39998397602031
4088,t,38.39998397602031,38.39998397602031
4089,t,38.39998397602031,38.39998397602031
4090,t,38.39998397602031,38.39998397602031
4091,t,38.39998397602031,38.39998397602031
4092,t,38.39998397602031,38.39998397602031
4093,t,38.39998397602031,38.39998397602031
4094,c,38.39998397602031,38.39998397602031
4095,t,38.39998397602031,38.39998397602031
4096,t,38.39998397602031,38.39998397602031
4097,t,38.39998397602031,38.39998397602031
4098,c,38.39998397602031,38.39998397602031
4099,t,38.39998397602031,38.39998397602031
4100,t,38.39998397602031,38.39998397602031
4101,t,38.39998397602031,38.39998397602031
4102,c,38.39998397602031,38.39998397602031
4103,c,38.39998397602031,38.39998397602031
4104,c,38.39998397602031,38.39998397602031
4105,t,38.39998397602031,38.39998397602031
4106,c,38.39998397602031,38.39998397602031
4107,c,38.39998397602031,38.39998397602031
4108,c,38.39998397602031,38.39998397602031
4109,t,38.39998397602031,38.39998397602031
4110,t,38.39998397602031,38.39998397602031
4111,t,38.39998397602031,38.39998397602031
4112,t,38.39998397602031,38.39998397602031
4113,c,38.39998397602031,38.39998397602031
4114,c,38.39998397602031,38.39998397602031
4115,t,38.39998397602031,38.39998397602031
4116,c,38.39998397602031,38.39998397602031
4117,t,38.39998397602031,38.39998397602031
4118,c,38.39998397602031,38.39998397602031
4119,t,38.39998397602031,38.39998397602031
4120,c,38.39998397602031,38.39998397602031
4121,t,38.39998397602031,38.39998397602031
4122,t,38.39998397602031,38.39998397602031
4123,t,38.39998397602031,38.39998397602031
4124,t,38.39998397602031,38.39998397602031
4125,t,38.39998397602031,38.39998397602031
4126,c,38.39998397602031,38.39998397602031
4127,t,38.39998397602031,38.39998397602031
4128,t,38.39998397602031,38.39998397602031
4129,c,38.39998397602031,38.39998397602031
4130,c,38.39998397602031,38.39998397602031
4131,t,38.39998397602031,38.39998397602031
4132,c,38.39998397602031,38.39998397602031
4133,t,38.39998397602031,38.39998397602031
4134,c,38.39998397602031,38.39998397602031
4135,t,38.39998397602031,38.39998397602031
4136,c,38.39998397602031,38.39998397602031
4137,t,38.39998397602031,38.39998397602031
4138,t,38.39998397602031,38.39998397602031
4139,t,38.39998397602031,38.39998397602031
4140,c,38.39998397602031,38.39998397602031
4141,c,38.39998397602031,38.39998397602031
4142,t,38.39998397602031,38.39998397602031
4143,t,38.39998397602031,38.39998397602031
4144,c,38.39998397602031,38.39998397602031
4145,t,38.39998397602031,38.39998397602031
4146,t,38.39998397602031,38.39998397602031
4147,t,38.39998397602031,38.39998397602031
4148,c,38.39998397602031,38.39998397602031
4149,t,38.39998397602031,38.39998397602031
4150,t,38.39998397602031,38.39998397602031
4151,c,38.39998397602031,38.39998397602031
4152,t,38.39998397602031,38.39998397602031
4153,t,38.39998397602031,38.39998397602031
4154,t,38.39998397602031,38.39998397602031
4155,c,38.39998397602031,38.39998397602031
4156,t,38.39998397602031,38.39998397602031
4157,c,38.39998397602031,38.39998397602031
4158,t,38.39998397602031,38.39998397602031
4159,t,38.39998397602031,38.39998397602031
4160,na,22.755724113100257,31.319378656853917
4161,t,38.39998397602031,38.39998397602031
4162,c,38.39998397602031,38.39998397602031
4163,t,38.39998397602031,38.39998397602031
4164,c,38.39998397602031,38.39998397602031
4165,t,38.39998397602031,38.39998397602031
4166,t,38.39998397602031,38.39998397602031
4167,t,38.39998397602031,38.39998397602031
4168,t,38.39998397602031,38.39998397602031
4169,c,38.39998397602031,38.39998397602031
4170,c,38.39998397602031,38.39998397602031
4171,t,38.39998397602031,38.39998397602031
4172,t,38.39998397602031,38.39998397602031
4173,t,38.39998397602031,38.39998397602031
4174,c,38.39998397602031,38.39998397602031
4175,c,38.39998397602031,38.39998397602031
4176,c,38.39998397602031,38.39998397602031
4177,c,38.39998397602031,38.39998397602031
4178,c,38.39998397602031,38.39998397602031
4179,c,38.39998397602031,38.39998397602031
4180,c,38.39998397602031,38.39998397602031
4181,t,38.39998397602031,38.39998397602031
4182,t,38.39998397602031,38.39998397602031
4183,t,38.39998397602031,38.39998397602031
4184,c,38.39998397602031,38.39998397602031
4185,t,38.39998397602031,38.39998397602031
4186,c,38.39998397602031,38.39998397602031
4187,c,38.39998397602031,38.39998397602031
4188,t,38.39998397602031,38.39998397602031
4189,c,38.39998397602031,38.39998397602031
4190,c,38.39998397602031,38.39998397602031
4191,c,38.39998397602031,38.39998397602031
4192,c,14.755864980583164,15.58073659285252
4193,t,38.39998397602031,38.39998397602031
4194,t,38.39998397602031,38.39998397602031
4195,t,38.39998397602031,38.39998397602031
4196,c,38.39998397602031,38.39998397602031
4197,t,38.39998397602031,38.39998397602031
4198,t,38.39998397602031,38.39998397602031
4199,t,38.39998397602031,38.39998397602031
4200,c,38.39998397602031,38.39998397602031
4201,t,38.39998397602031,38.39998397602031
4202,c,38.39998397602031,38.39998397602031
4203,c,38.39998397602031,38.39998397602031
4204,t,38.39998397602031,38.39998397602031
4205,c,38.39998397602031,38.39998397602031
4206,c,38.39998397602031,38.39998397602031
4207,t,38.39998397602031,38.39998397602031
4208,t,38.39998397602031,38.39998397602031
4209,c,38.39998397602031,38.39998397602031
4210,t,38.39998397602031,38.39998397602031
4211,c,38.39998397602031,38.39998397602031
4212,c,38.39998397602031,38.39998397602031
4213,t,38.39998397602031,38.39998397602031
4214,c,38.39998397602031,38.39998397602031
4215,t,38.39998397602031,38.39998397602031
4216,t,38.39998397602031,38.39998397602031
4217,t,38.39998397602031,38.39998397602031
4218,c,38.39998397602031,38.39998397602031
4219,c,38.39998397602031,38.39998397602031
4220,t,38.39998397602031,38.39998397602031
4221,t,38.39998397602031,38.39998397602031
4222,t,38.39998397602031,38.39998397602031
4223,c,38.39998397602031,38.39998397602031
4224,c,38.39998397602031,38.39998397602031
4225,c,38.39998397602031,38.39998397602031
4226,t,38.39998397602031,38.39998397602031
4227,c,38.39998397602031,38.39998397602031
4228,c,38.39998397602031,38.39998397602031
4229,c,38.39998397602031,38.39998397602031
4230,c,38.39998397602031,38.39998397602031
4231,c,38.39998397602031,38.39998397602031
4232,t,38.39998397602031,38.39998397602031
4233,t,38.39998397602031,38.39998397602031
4234,c,38.39998397602031,38.39998397602031
4235,t,38.39998397602031,38.39998397602031
4236,c,38.39998397602031,38.39998397602031
4237,t,38.39998397602031,38.39998397602031
4238,c,38.39998397602031,38.39998397602031
4239,t,38.39998397602031,38.39998397602031
4240,t,38.39998397602031,38.39998397602031
4241,c,38.39998397602031,38.39998397602031
4242,c,38.39998397602031,38.39998397602031
4243,t,38.39998397602031,38.39998397602031
4244,t,38.39998397602031,38.39998397602031
4245,t,38.39998397602031,38.39998397602031
4246,c,38.39998397602031,38.39998397602031
4247,c,38.39998397602031,38.39998397602031
4248,c,38.39998397602031,38.39998397602031
4249,t,38.39998397602031,38.39998397602031
4250,t,38.39998397602031,38.39998397602031
4251,t,38.39998397602031,38.39998397602031
4252,t,38.39998397602031,38.39998397602031
4253,t,38.39998397602031,38.39998397602031
4254,c,38.39998397602031,38.39998397602031
4255,t,38.39998397602031,38.39998397602031
4256,t,38.39998397602031,38.39998397602031
4257,t,38.39998397602031,38.39998397602031
4258,t,38.39998397602031,38.39998397602031
4259,c,38.39998397602031,38.39998397602031
4260,t,38.39998397602031,38.39998397602031
4261,t,38.39998397602031,38.39998397602031
4262,t,38.39998397602031,38.39998397602031
4263,c,38.39998397602031,38.39998397602031
4264,c,38.39998397602031,38.39998397602031
4265,t,38.39998397602031,38.39998397602031
4266,c,38.39998397602031,38.39998397602031
4267,t,38.39998397602031,38.39998397602031
4268,c,38.39998397602031,38.39998397602031
4269,t,38.39998397602031,38.39998397602031
4270,t,38.39998397602031,38.39998397602031
4271,t,38.39998397602031,38.39998397602031
4272,t,38.39998397602031,38.39998397602031
4273,c,38.39998397602031,38.39998397602031
4274,t,38.39998397602031,38.39998397602031
4275,c,38.39998397602031,38.39998397602031
4276,t,38.39998397602031,38.39998397602031
4277,t,38.39998397602031,38.39998397602031
4278,t,38.39998397602031,38.39998397602031
4279,t,38.39998397602031,38.39998397602031
4280,c,38.39998397602031,38.39998397602031
4281,t,38.39998397602031,38.39998397602031
4282,t,38.39998397602031,38.39998397602031
4283,c,38.39998397602031,38.39998397602031
4284,t,38.39998397602031,38.39998397602031
4285,t,38.39998397602031,38.39998397602031
4286,t,38.39998397602031,38.39998397602031
4287,t,38.39998397602031,38.39998397602031
4288,t,38.39998397602031,38.39998397602031
4289,t,38.39998397602031,38.39998397602031
4290,c,38.39998397602031,38.39998397602031
4291,t,38.39998397602031,38.39998397602031
4292,t,38.39998397602031,38.39998397602031
4293,c,38.39998397602031,38.39998397602031
4294,t,38.39998397602031,38.39998397602031
4295,t,38.39998397602031,38.39998397602031
4296,c,38.39998397602031,38.39998397602031
4297,t,38.39998397602031,38.39998397602031
4298,t,38.39998397602031,38.39998397602031
4299,c,38.39998397602031,38.39998397602031
4300,c,38.39998397602031,38.39998397602031
4301,c,38.39998397602031,38.39998397602031
4302,c,38.39998397602031,38.39998397602031
4303,t,38.39998397602031,38.39998397602031
4304,c,38.39998397602031,38.39998397602031
4305,na,0,2.1580357637584613
4306,c,38.39998397602031,38.39998397602031
4307,t,38.39998397602031,38.39998397602031
4308,t,38.39998397602031,38.39998397602031
4309,c,38.39998397602031,38.39998397602031
4310,c,38.39998397602031,38.39998397602031
4311,t,38.39998397602031,38.39998397602031
4312,c,38.39998397602031,38.39998397602031
4313,c,38.39998397602031,38.39998397602031
4314,c,38.39998397602031,38.39998397602031
4315,c,38.39998397602031,38.39998397602031
4316,t,38.39998397602031,38.39998397602031
4317,na,0,2.219408292340625
4318,t,38.39998397602031,38.39998397602031
4319,c,38.39998397602031,38.39998397602031
4320,c,38.39998397602031,38.39998397602031
4321,c,4.805016052397828,19.481161696873098
4322,t,38.39998397602031,38.39998397602031
4323,c,38.39998397602031,38.39998397602031
4324,c,38.39998397602031,38.39998397602031
4325,t,38.39998397602031,38.39998397602031
4326,c,38.39998397602031,38.39998397602031
4327,t,38.39998397602031,38.39998397602031
4328,c,4.740016196886211,38.39998397602031
4329,c,38.39998397602031,38.39998397602031
4330,c,38.39998397602031,38.39998397602031
4331,t,38.39998397602031,38.39998397602031
4332,t,38.39998397602031,38.39998397602031
4333,t,38.39998397602031,38.39998397602031
4334,c,38.39998397602031,38.39998397602031
4335,t,38.39998397602031,38.39998397602031
4336,c,38.39998397602031,38.39998397602031
4337,t,38.39998397602031,38.39998397602031
4338,t,38.39998397602031,38.39998397602031
4339,t,38.39998397602031,38.39998397602031
4340,na,0,2.302863496220028
4341,c,38.39998397602031,38.39998397602031
4342,t,38.39998397602031,38.39998397602031
4343,c,38.39998397602031,38.39998397602031
4344,t,38.39998397602031,38.39998397602031
4345,t,38.39998397602031,38.39998397602031
4346,c,38.39998397602031,38.39998397602031
4347,c,38.39998397602031,38.39998397602031
4348,c,38.39998397602031,38.39998397602031
4349,t,38.39998397602031,38.39998397602031
4350,t,38.39998397602031,38.39998397602031
4351,c,38.39998397602031,38.39998397602031
4352,t,38.39998397602031,38.39998397602031
4353,c,38.39998397602031,38.39998397602031
4354,t,38.39998397602031,38.39998397602031
4355,c,38.39998397602031,38.39998397602031
4356,c,38.39998397602031,38.39998397602031
4357,t,38.39998397602031,38.39998397602031
4358,t,38.39998397602031,38.39998397602031
4359,c,38.39998397602031,38.39998397602031
4360,c,38.39998397602031,38.39998397602031
4361,c,38.39998397602031,38.39998397602031
4362,t,38.39998397602031,38.39998397602031
4363,t,38.39998397602031,38.39998397602031
4364,t,38.39998397602031,38.39998397602031
4365,t,38.39998397602031,38.39998397602031
4366,c,38.39998397602031,38.39998397602031
4367,t,38.39998397602031,38.39998397602031
4368,c,38.39998397602031,38.39998397602031
4369,t,38.39998397602031,38.39998397602031
4370,c,38.39998397602031,38.39998397602031
4371,c,38.39998397602031,38.39998397602031
4372,c,38.39998397602031,38.39998397602031
4373,c,38.39998397602031,38.39998397602031
4374,c,38.39998397602031,38.39998397602031
4375,c,38.39998397602031,38.39998397602031
4376,c,38.39998397602031,38.39998397602031
4377,t,38.39998397602031,38.39998397602031
4378,c,38.39998397602031,38.39998397602031
4379,t,38.39998397602031,38.39998397602031
4380,t,38.39998397602031,38.39998397602031
4381,c,38.39998397602031,38.39998397602031
4382,t,38.39998397602031,38.39998397602031
4383,c,38.39998397602031,38.39998397602031
4384,c,38.39998397602031,38.39998397602031
4385,t,38.39998397602031,38.39998397602031
4386,t,38.39998397602031,38.39998397602031
4387,c,38.39998397602031,38.39998397602031
4388,t,38.39998397602031,38.39998397602031
4389,t,38.39998397602031,38.39998397602031
4390,c,38.39998397602031,38.39998397602031
4391,t,38.39998397602031,38.39998397602031
4392,c,38.39998397602031,38.39998397602031
4393,t,38.39998397602031,38.39998397602031
4394,t,38.39998397602031,38.39998397602031
4395,c,38.39998397602031,38.39998397602031
4396,c,38.39998397602031,38.39998397602031
4397,c,38.39998397602031,38.39998397602031
4398,c,38.39998397602031,38.39998397602031
4399,c,38.39998397602031,38.39998397602031
4400,t,38.39998397602031,38.39998397602031
4401,t,38.39998397602031,38.39998397602031
4402,t,38.39998397602031,38.39998397602031
4403,t,38.39998397602031,38.39998397602031
4404,c,38.39998397602031,38.39998397602031
4405,c,38.39998397602031,38.39998397602031
4406,t,38.39998397602031,38.39998397602031
4407,t,38.39998397602031,38.39998397602031
4408,t,38.39998397602031,38.39998397602031
4409,c,38.39998397602031,38.39998397602031
4410,c,38.39998397602031,38.39998397602031
4411,t,38.39998397602031,38.39998397602031
4412,c,38.39998397602031,38.39998397602031
4413,c,38.39998397602031,38.39998397602031
4414,t,38.39998397602031,38.39998397602031
4415,t,38.39998397602031,38.39998397602031
4416,t,38.39998397602031,38.39998397602031
4417,t,38.39998397602031,38.39998397602031
4418,c,38.39998397602031,38.39998397602031
4419,c,38.39998397602031,38.39998397602031
4420,t,38.39998397602031,38.39998397602031
4421,t,38.39998397602031,38.39998397602031
4422,c,38.39998397602031,38.39998397602031
4423,c,38.39998397602031,38.39998397602031
4424,c,38.39998397602031,38.39998397602031
4425,c,38.39998397602031,38.39998397602031
4426,t,38.39998397602031,38.39998397602031
4427,c,38.39998397602031,38.39998397602031
4428,na,38.39998397602031,38.39998397602031
4429,t,38.39998397602031,38.39998397602031
4430,c,6.109058532979444,7.450348548185887
4431,t,38.39998397602031,38.39998397602031
4432,c,38.39998397602031,38.39998397602031
4433,t,38.39998397602031,38.39998397602031
4434,c,38.39998397602031,38.39998397602031
4435,c,38.39998397602031,38.39998397602031
4436,na,-1,0
4437,t,38.39998397602031,38.39998397602031
4438,c,38.39998397602031,38.39998397602031
4439,t,38.39998397602031,38.39998397602031
4440,t,38.39998397602031,38.39998397602031
4441,t,38.39998397602031,38.39998397602031
4442,t,38.39998397602031,38.39998397602031
4443,t,38.39998397602031,38.39998397602031
4444,c,38.39998397602031,38.39998397602031
4445,c,38.39998397602031,38.39998397602031
4446,c,38.39998397602031,38.39998397602031
4447,t,38.39998397602031,38.39998397602031
4448,c,38.39998397602031,38.39998397602031
4449,c,38.39998397602031,38.39998397602031
4450,c,38.39998397602031,38.39998397602031
4451,c,38.39998397602031,38.39998397602031
4452,c,38.39998397602031,38.39998397602031
4453,t,38.39998397602031,38.39998397602031
4454,c,38.39998397602031,38.39998397602031
4455,t,38.39998397602031,38.39998397602031
4456,t,38.39998397602031,38.39998397602031
4457,c,38.39998397602031,38.39998397602031
4458,c,38.39998397602031,38.39998397602031
4459,c,38.39998397602031,38.39998397602031
4460,c,38.39998397602031,38.39998397602031
4461,c,38.39998397602031,38.39998397602031
4462,t,38.39998397602031,38.39998397602031
4463,t,38.39998397602031,38.39998397602031
4464,t,38.39998397602031,38.39998397602031
4465,t,38.39998397602031,38.39998397602031
4466,c,38.39998397602031,38.39998397602031
4467,t,38.39998397602031,38.39998397602031
4468,t,38.39998397602031,38.39998397602031
4469,c,38.39998397602031,38.39998397602031
4470,t,38.39998397602031,38.39998397602031
4471,c,38.39998397602031,38.39998397602031
4472,t,38.39998397602031,38.39998397602031
4473,t,38.39998397602031,38.39998397602031
4474,t,38.39998397602031,38.39998397602031
4475,c,38.39998397602031,38.39998397602031
4476,c,38.39998397602031,38.39998397602031
4477,c,38.39998397602031,38.39998397602031
4478,c,38.39998397602031,38.39998397602031
4479,t,38.39998397602031,38.39998397602031
4480,t,38.39998397602031,38.39998397602031
4481,t,38.39998397602031,38.39998397602031
4482,t,38.39998397602031,38.39998397602031
4483,t,38.39998397602031,38.39998397602031
4484,t,38.39998397602031,38.39998397602031
4485,t,38.39998397602031,38.39998397602031
4486,c,38.39998397602031,38.39998397602031
4487,c,38.39998397602031,38.39998397602031
4488,t,38.39998397602031,38.39998397602031
4489,t,38.39998397602031,38.39998397602031
4490,c,38.39998397602031,38.39998397602031
4491,na,3.4133522721561484,5.349603589447314
4492,t,38.39998397602031,38.39998397602031
4493,c,38.39998397602031,38.39998397602031
4494,na,0,2.478355480677233
4495,c,38.39998397602031,38.39998397602031
4496,t,38.39998397602031,38.39998397602031
4497,t,38.39998397602031,38.39998397602031
4498,t,38.39998397602031,38.39998397602031
4499,c,38.39998397602031,38.39998397602031
4500,t,38.39998397602031,38.39998397602031
4501,t,38.39998397602031,38.39998397602031
4502,c,38.39998397602031,38.39998397602031
4503,t,38.39998397602031,38.39998397602031
4504,c,38.39998397602031,38.39998397602031
4505,t,38.39998397602031,38.39998397602031
4506,c,38.39998397602031,38.39998397602031
4507,t,38.39998397602031,38.39998397602031
4508,t,38.39998397602031,38.39998397602031
4509,c,38.39998397602031,38.39998397602031
4510,c,38.39998397602031,38.39998397602031
4511,c,38.39998397602031,38.39998397602031
4512,t,38.39998397602031,38.39998397602031
4513,c,38.39998397602031,38.39998397602031
4514,c,38.39998397602031,38.39998397602031
4515,na,0,38.39998397602031
4516,c,38.39998397602031,38.39998397602031
4517,c,38.39998397602031,38.39998397602031
4518,t,38.39998397602031,38.39998397602031
4519,t,38.39998397602031,38.39998397602031
4520,t,38.39998397602031,38.39998397602031
4521,c,38.39998397602031,38.39998397602031
4522,t,38.39998397602031,38.39998397602031
4523,t,38.39998397602031,38.39998397602031
4524,t,38.39998397602031,38.39998397602031
4525,c,38.39998397602031,38.39998397602031
4526,t,38.39998397602031,38.39998397602031
4527,t,38.39998397602031,38.39998397602031
4528,c,38.39998397602031,38.39998397602031
4529,c,38.39998397602031,38.39998397602031
4530,t,38.39998397602031,38.39998397602031
4531,c,38.39998397602031,38.39998397602031
4532,c,38.39998397602031,38.39998397602031
4533,na,0,1.0832660388612247
4534,c,38.39998397602031,38.39998397602031
4535,c,38.39998397602031,38.39998397602031
4536,c,38.39998397602031,38.39998397602031
4537,na,-1,0
4538,c,38.39998397602031,38.39998397602031
4539,c,38.39998397602031,38.39998397602031
4540,c,38.39998397602031,38.39998397602031
4541,t,38.39998397602031,38.39998397602031
4542,t,38.39998397602031,38.39998397602031
4543,t,38.39998397602031,38.39998397602031
4544,t,38.39998397602031,38.39998397602031
4545,c,38.39998397602031,38.39998397602031
4546,t,38.39998397602031,38.39998397602031
4547,c,38.39998397602031,38.39998397602031
4548,c,38.39998397602031,38.39998397602031
4549,c,38.39998397602031,38.39998397602031
4550,t,38.39998397602031,38.39998397602031
4551,c,38.39998397602031,38.39998397602031
4552,t,38.39998397602031,38.39998397602031
4553,c,38.39998397602031,38.39998397602031
4554,t,38.39998397602031,38.39998397602031
4555,t,38.39998397602031,38.39998397602031
4556,c,38.39998397602031,38.39998397602031
4557,t,38.39998397602031,38.39998397602031
4558,t,38.39998397602031,38.39998397602031
4559,c,38.39998397602031,38.39998397602031
4560,c,38.39998397602031,38.39998397602031
4561,t,38.39998397602031,38.39998397602031
4562,c,38.39998397602031,38.39998397602031
4563,na,0,38.39998397602031
4564,c,38.39998397602031,38.39998397602031
4565,t,38.39998397602031,38.39998397602031
4566,t,38.39998397602031,38.39998397602031
4567,c,38.39998397602031,38.39998397602031
4568,t,38.39998397602031,38.39998397602031
4569,t,38.39998397602031,38.39998397602031
4570,t,38.39998397602031,38.39998397602031
4571,na,0,5.630490664698626
4572,t,38.39998397602031,38.39998397602031
4573,c,38.39998397602031,38.39998397602031
4574,c,38.39998397602031,38.39998397602031
4575,t,38.39998397602031,38.39998397602031
4576,c,38.39998397602031,38.39998397602031
4577,t,38.39998397602031,38.39998397602031
4578,c,38.39998397602031,38.39998397602031
4579,t,38.39998397602031,38.39998397602031
4580,t,38.39998397602031,38.39998397602031
4581,t,38.39998397602031,38.39998397602031
4582,t,38.39998397602031,38.39998397602031
4583,c,3.1998594440257278,6.189181397398397
4584,c,38.39998397602031,38.39998397602031
4585,c,38.39998397602031,38.39998397602031
4586,c,38.39998397602031,38.39998397602031
4587,t,38.39998397602031,38.39998397602031
4588,c,38.39998397602031,38.39998397602031
4589,c,38.39998397602031,38.39998397602031
4590,c,38.39998397602031,38.39998397602031
4591,c,38.39998397602031,38.39998397602031
4592,c,38.39998397602031,38.39998397602031
4593,t,38.39998397602031,38.39998397602031
4594,t,38.39998397602031,38.39998397602031
4595,t,38.39998397602031,38.39998397602031
4596,t,38.39998397602031,38.39998397602031
4597,c,38.39998397602031,38.39998397602031
4598,c,38.39998397602031,38.39998397602031
4599,c,38.39998397602031,38.39998397602031
4600,c,38.39998397602031,38.39998397602031
4601,c,38.39998397602031,38.39998397602031
4602,c,38.39998397602031,38.39998397602031
4603,c,38.39998397602031,38.39998397602031
4604,c,38.39998397602031,38.39998397602031
4605,c,38.39998397602031,38.39998397602031
4606,c,38.39998397602031,38.39998397602031
4607,t,38.39998397602031,38.39998397602031
4608,c,38.39998397602031,38.39998397602031
4609,t,38.39998397602031,38.39998397602031
4610,t,38.39998397602031,38.39998397602031
4611,t,38.39998397602031,38.39998397602031
4612,c,38.39998397602031,38.39998397602031
4613,t,38.39998397602031,38.39998397602031
4614,t,38.39998397602031,38.39998397602031
4615,t,38.39998397602031,38.39998397602031
4616,t,38.39998397602031,38.39998397602031
4617,t,38.39998397602031,38.39998397602031
4618,c,38.39998397602031,38.39998397602031
4619,c,38.39998397602031,38.39998397602031
4620,c,38.39998397602031,38.39998397602031
4621,c,38.39998397602031,38.39998397602031
4622,c,38.39998397602031,38.39998397602031
4623,t,38.39998397602031,38.39998397602031
4624,t,38.39998397602031,38.39998397602031
4625,c,38.39998397602031,38.39998397602031
4626,c,38.39998397602031,38.39998397602031
4627,t,38.39998397602031,38.39998397602031
4628,c,38.39998397602031,38.39998397602031
4629,c,38.39998397602031,38.39998397602031
4630,t,38.39998397602031,38.39998397602031
4631,t,38.39998397602031,38.39998397602031
4632,c,38.39998397602031,38.39998397602031
4633,c,38.39998397602031,38.39998397602031
4634,c,38.39998397602031,38.39998397602031
4635,t,38.39998397602031,38.39998397602031
4636,t,38.39998397602031,38.39998397602031
4637,c,38.39998397602031,38.39998397602031
4638,c,38.39998397602031,38.39998397602031
4639,t,38.39998397602031,38.39998397602031
4640,t,38.39998397602031,38.39998397602031
4641,c,6.065435342844134,11.047310822657433
4642,t,38.39998397602031,38.39998397602031
4643,c,38.39998397602031,38.39998397602031
4644,t,38.39998397602031,38.39998397602031
4645,c,38.39998397602031,38.39998397602031
4646,c,38.39998397602031,38.39998397602031
4647,t,38.39998397602031,38.39998397602031
4648,c,38.39998397602031,38.39998397602031
4649,c,38.39998397602031,38.39998397602031
4650,c,38.39998397602031,38.39998397602031
4651,c,38.39998397602031,38.39998397602031
4652,t,38.39998397602031,38.39998397602031
4653,c,38.39998397602031,38.39998397602031
4654,c,38.39998397602031,38.39998397602031
4655,t,38.39998397602031,38.39998397602031
4656,c,38.39998397602031,38.39998397602031
4657,c,38.39998397602031,38.39998397602031
4658,t,38.39998397602031,38.39998397602031
4659,c,38.39998397602031,38.39998397602031
4660,c,38.39998397602031,38.39998397602031
4661,t,38.39998397602031,38.39998397602031
4662,t,38.39998397602031,38.39998397602031
4663,t,38.39998397602031,38.39998397602031
4664,t,38.39998397602031,38.39998397602031
4665,t,38.39998397602031,38.39998397602031
4666,c,38.39998397602031,38.39998397602031
4667,t,38.39998397602031,38.39998397602031
4668,t,38.39998397602031,38.39998397602031
4669,c,38.39998397602031,38.39998397602031
4670,c,38.39998397602031,38.39998397602031
4671,c,38.39998397602031,38.39998397602031
4672,t,38.39998397602031,38.39998397602031
4673,c,38.39998397602031,38.39998397602031
4674,c,14.252496231718581,19.48704093013043
4675,c,38.39998397602031,38.39998397602031
4676,c,38.39998397602031,38.39998397602031
4677,t,38.39998397602031,38.39998397602031
4678,t,38.39998397602031,38.39998397602031
4679,t,38.39998397602031,38.39998397602031
4680,c,38.39998397602031,38.39998397602031
4681,t,38.39998397602031,38.39998397602031
4682,t,38.39998397602031,38.39998397602031
4683,c,38.39998397602031,38.39998397602031
4684,t,38.39998397602031,38.39998397602031
4685,c,38.39998397602031,38.39998397602031
4686,t,38.39998397602031,38.39998397602031
4687,c,38.39998397602031,38.39998397602031
4688,t,38.39998397602031,38.39998397602031
4689,t,38.39998397602031,38.39998397602031
4690,t,38.39998397602031,38.39998397602031
4691,c,38.39998397602031,38.39998397602031
4692,c,38.39998397602031,38.39998397602031
4693,c,38.39998397602031,38.39998397602031
4694,c,38.39998397602031,38.39998397602031
4695,t,38.39998397602031,38.39998397602031
4696,c,38.39998397602031,38.39998397602031
4697,na,0.3467306830016194,2.094590802656912
4698,t,38.39998397602031,38.39998397602031
4699,t,38.39998397602031,38.39998397602031
4700,c,38.39998397602031,38.39998397602031
4701,t,38.39998397602031,38.39998397602031
4702,c,38.39998397602031,38.39998397602031
4703,t,38.39998397602031,38.39998397602031
4704,t,38.39998397602031,38.39998397602031
4705,t,38.39998397602031,38.39998397602031
4706,t,38.39998397602031,38.39998397602031
4707,c,38.39998397602031,38.39998397602031
4708,t,38.39998397602031,38.39998397602031
4709,t,38.39998397602031,38.39998397602031
4710,t,38.39998397602031,38.39998397602031
4711,t,38.39998397602031,38.39998397602031
4712,c,38.39998397602031,38.39998397602031
4713,c,38.39998397602031,38.39998397602031
4714,c,38.39998397602031,38.39998397602031
4715,c,38.39998397602031,38.39998397602031
4716,t,38.39998397602031,38.39998397602031
4717,t,38.39998397602031,38.39998397602031
4718,c,38.39998397602031,38.39998397602031
4719,t,38.39998397602031,38.39998397602031
4720,t,38.39998397602031,38.39998397602031
4721,c,38.39998397602031,38.39998397602031
4722,c,38.39998397602031,38.39998397602031
4723,c,38.39998397602031,38.39998397602031
4724,t,38.39998397602031,38.39998397602031
4725,t,38.39998397602031,38.39998397602031
4726,c,38.39998397602031,38.39998397602031
4727,t,38.39998397602031,38.39998397602031
4728,c,38.39998397602031,38.39998397602031
4729,t,38.39998397602031,38.39998397602031
4730,t,38.39998397602031,38.39998397602031
4731,na,0,9.428276609162829
4732,c,38.39998397602031,38.39998397602031
4733,c,38.39998397602031,38.39998397602031
4734,c,1.725178903711483,5.654859598540077
4735,c,38.39998397602031,38.39998397602031
4736,t,38.39998397602031,38.39998397602031
4737,t,38.39998397602031,38.39998397602031
4738,c,38.39998397602031,38.39998397602031
4739,t,38.39998397602031,38.39998397602031
4740,t,38.39998397602031,38.39998397602031
4741,t,38.39998397602031,38.39998397602031
4742,t,38.39998397602031,38.39998397602031
4743,c,38.39998397602031,38.39998397602031
4744,t,38.39998397602031,38.39998397602031
4745,c,38.39998397602031,38.39998397602031
4746,c,38.39998397602031,38.39998397602031
4747,t,38.39998397602031,38.39998397602031
4748,c,38.39998397602031,38.39998397602031
4749,t,38.39998397602031,38.39998397602031
4750,t,38.39998397602031,38.39998397602031
4751,t,38.39998397602031,38.39998397602031
4752,t,38.39998397602031,38.39998397602031
4753,t,38.39998397602031,38.39998397602031
4754,c,38.39998397602031,38.39998397602031
4755,t,38.39998397602031,38.39998397602031
4756,t,38.39998397602031,38.39998397602031
4757,t,38.39998397602031,38.39998397602031
4758,t,38.39998397602031,38.39998397602031
4759,c,38.39998397602031,38.39998397602031
4760,c,38.39998397602031,38.39998397602031
4761,t,38.39998397602031,38.39998397602031
4762,c,38.39998397602031,38.39998397602031
4763,c,38.39998397602031,38.39998397602031
4764,c,38.39998397602031,38.39998397602031
4765,c,38.39998397602031,38.39998397602031
4766,c,38.39998397602031,38.39998397602031
4767,t,38.39998397602031,38.39998397602031
4768,t,38.39998397602031,38.39998397602031
4769,c,38.39998397602031,38.39998397602031
4770,t,38.39998397602031,38.39998397602031
4771,t,38.39998397602031,38.39998397602031
4772,c,38.39998397602031,38.39998397602031
4773,t,38.39998397602031,38.39998397602031
4774,c,38.39998397602031,38.39998397602031
4775,c,38.39998397602031,38.39998397602031
4776,t,38.39998397602031,38.39998397602031
4777,c,38.39998397602031,38.39998397602031
4778,t,38.39998397602031,38.39998397602031
4779,t,38.39998397602031,38.39998397602031
4780,t,38.39998397602031,38.39998397602031
4781,t,38.39998397602031,38.39998397602031
4782,c,38.39998397602031,38.39998397602031
4783,c,38.39998397602031,38.39998397602031
4784,t,38.39998397602031,38.39998397602031
4785,c,38.39998397602031,38.39998397602031
4786,t,38.39998397602031,38.39998397602031
4787,c,38.39998397602031,38.39998397602031
4788,c,38.39998397602031,38.39998397602031
4789,t,38.39998397602031,38.39998397602031
4790,c,38.39998397602031,38.39998397602031
4791,c,38.39998397602031,38.39998397602031
4792,na,-1,0
4793,c,38.39998397602031,38.39998397602031
4794,t,38.39998397602031,38.39998397602031
4795,c,38.39998397602031,38.39998397602031
4796,t,38.39998397602031,38.39998397602031
4797,c,38.39998397602031,38.39998397602031
4798,c,38.39998397602031,38.39998397602031
4799,t,38.39998397602031,38.39998397602031
4800,c,38.39998397602031,38.39998397602031
4801,t,38.39998397602031,38.39998397602031
4802,t,38.39998397602031,38.39998397602031
4803,c,38.39998397602031,38.39998397602031
4804,c,38.39998397602031,38.39998397602031
4805,t,38.39998397602031,38.39998397602031
4806,c,38.39998397602031,38.39998397602031
4807,c,38.39998397602031,38.39998397602031
4808,c,38.39998397602031,38.39998397602031
4809,c,38.39998397602031,38.39998397602031
4810,na,-1,0
4811,c,38.39998397602031,38.39998397602031
4812,c,38.39998397602031,38.39998397602031
4813,t,38.39998397602031,38.39998397602031
4814,c,38.39998397602031,38.39998397602031
4815,t,38.39998397602031,38.39998397602031
4816,c,38.39998397602031,38.39998397602031
4817,c,38.39998397602031,38.39998397602031
4818,c,38.39998397602031,38.39998397602031
4819,t,38.39998397602031,38.39998397602031
4820,t,38.39998397602031,38.39998397602031
4821,c,38.39998397602031,38.39998397602031
4822,t,38.39998397602031,38.39998397602031
4823,c,38.39998397602031,38.39998397602031
4824,c,38.39998397602031,38.39998397602031
4825,t,38.39998397602031,38.39998397602031
4826,c,38.39998397602031,38.39998397602031
4827,c,38.39998397602031,38.39998397602031
4828,t,38.39998397602031,38.39998397602031
4829,t,38.39998397602031,38.39998397602031
4830,t,38.39998397602031,38.39998397602031
4831,t,38.39998397602031,38.39998397602031
4832,t,38.39998397602031,38.39998397602031
4833,c,38.39998397602031,38.39998397602031
4834,c,38.39998397602031,38.39998397602031
4835,t,38.39998397602031,38.39998397602031
4836,t,38.39998397602031,38.39998397602031
4837,c,38.39998397602031,38.39998397602031
4838,c,38.39998397602031,38.39998397602031
4839,t,38.39998397602031,38.39998397602031
4840,t,38.39998397602031,38.39998397602031
4841,t,38.39998397602031,38.39998397602031
4842,c,38.39998397602031,38.39998397602031
4843,c,38.39998397602031,38.39998397602031
4844,na,-1,0
4845,t,38.39998397602031,38.39998397602031
4846,c,38.39998397602031,38.39998397602031
4847,c,38.39998397602031,38.39998397602031
4848,c,38.39998397602031,38.39998397602031
4849,c,38.39998397602031,38.39998397602031
4850,t,38.39998397602031,38.39998397602031
4851,c,38.39998397602031,38.39998397602031
4852,t,38.39998397602031,38.39998397602031
4853,c,38.39998397602031,38.39998397602031
4854,t,38.39998397602031,38.39998397602031
4855,c,38.39998397602031,38.39998397602031
4856,c,38.39998397602031,38.39998397602031
4857,c,38.39998397602031,38.39998397602031
4858,c,38.39998397602031,38.39998397602031
4859,c,38.39998397602031,38.39998397602031
4860,c,38.39998397602031,38.39998397602031
4861,t,38.39998397602031,38.39998397602031
4862,c,38.39998397602031,38.39998397602031
4863,t,38.39998397602031,38.39998397602031
4864,c,38.39998397602031,38.39998397602031
4865,t,38.39998397602031,38.39998397602031
4866,t,38.39998397602031,38.39998397602031
4867,t,38.39998397602031,38.39998397602031
4868,t,38.39998397602031,38.39998397602031
4869,c,38.39998397602031,38.39998397602031
4870,t,38.39998397602031,38.39998397602031
4871,t,38.39998397602031,38.39998397602031
4872,t,38.39998397602031,38.39998397602031
4873,t,38.39998397602031,38.39998397602031
4874,t,38.39998397602031,38.39998397602031
4875,t,38.39998397602031,38.39998397602031
4876,c,38.39998397602031,38.39998397602031
4877,c,38.39998397602031,38.39998397602031
4878,t,38.39998397602031,38.39998397602031
4879,t,38.39998397602031,38.39998397602031
4880,c,38.39998397602031,38.39998397602031
4881,t,38.39998397602031,38.39998397602031
4882,t,38.39998397602031,38.39998397602031
4883,t,38.39998397602031,38.39998397602031
4884,c,38.39998397602031,38.39998397602031
4885,c,38.39998397602031,38.39998397602031
4886,t,38.39998397602031,38.39998397602031
4887,t,38.39998397602031,38.39998397602031
4888,c,38.39998397602031,38.39998397602031
4889,c,38.39998397602031,38.39998397602031
4890,c,38.39998397602031,38.39998397602031
4891,t,38.39998397602031,38.39998397602031
4892,t,38.39998397602031,38.39998397602031
4893,c,38.39998397602031,38.39998397602031
4894,c,38.39998397602031,38.39998397602031
4895,c,38.39998397602031,38.39998397602031
4896,t,38.39998397602031,38.39998397602031
4897,t,38.39998397602031,38.39998397602031
4898,c,38.39998397602031,38.39998397602031
4899,t,38.39998397602031,38.39998397602031
4900,t,38.39998397602031,38.39998397602031
4901,c,38.39998397602031,38.39998397602031
4902,t,38.39998397602031,38.39998397602031
4903,t,38.39998397602031,38.39998397602031
4904,t,38.39998397602031,38.39998397602031
4905,t,38.39998397602031,38.39998397602031
4906,c,38.39998397602031,38.39998397602031
4907,t,38.39998397602031,38.39998397602031
4908,c,38.39998397602031,38.39998397602031
4909,t,38.39998397602031,38.39998397602031
4910,t,38.39998397602031,38.39998397602031
4911,t,38.39998397602031,38.39998397602031
4912,t,38.39998397602031,38.39998397602031
4913,c,38.39998397602031,38.39998397602031
4914,c,38.39998397602031,38.39998397602031
4915,t,38.39998397602031,38.39998397602031
4916,t,38.39998397602031,38.39998397602031
4917,t,38.39998397602031,38.39998397602031
4918,t,38.39998397602031,38.39998397602031
4919,t,38.39998397602031,38.39998397602031
4920,c,38.39998397602031,38.39998397602031
4921,c,38.39998397602031,38.39998397602031
4922,t,38.39998397602031,38.39998397602031
4923,t,38.39998397602031,38.39998397602031
4924,c,38.39998397602031,38.39998397602031
4925,t,38.39998397602031,38.39998397602031
4926,t,38.39998397602031,38.39998397602031
4927,c,38.39998397602031,38.39998397602031
4928,c,38.39998397602031,38.39998397602031
4929,c,38.39998397602031,38.39998397602031
4930,t,38.39998397602031,38.39998397602031
4931,c,38.39998397602031,38.39998397602031
4932,t,38.39998397602031,38.39998397602031
4933,c,38.39998397602031,38.39998397602031
4934,c,38.39998397602031,38.39998397602031
4935,t,38.39998397602031,38.39998397602031
4936,c,38.39998397602031,38.39998397602031
4937,t,38.39998397602031,38.39998397602031
4938,t,38.39998397602031,38.39998397602031
4939,c,38.39998397602031,38.39998397602031
4940,t,38.39998397602031,38.39998397602031
4941,c,38.39998397602031,38.39998397602031
4942,t,38.39998397602031,38.39998397602031
4943,c,38.39998397602031,38.39998397602031
4944,t,38.39998397602031,38.39998397602031
4945,t,38.39998397602031,38.39998397602031
4946,t,38.39998397602031,38.39998397602031
4947,c,38.39998397602031,38.39998397602031
4948,t,38.39998397602031,38.39998397602031
4949,t,38.39998397602031,38.39998397602031
4950,t,38.39998397602031,38.39998397602031
4951,t,38.39998397602031,38.39998397602031
4952,t,38.39998397602031,38.39998397602031
4953,c,38.39998397602031,38.39998397602031
4954,t,38.39998397602031,38.39998397602031
4955,t,38.39998397602031,38.39998397602031
4956,t,38.39998397602031,38.39998397602031
4957,c,38.39998397602031,38.39998397602031
4958,c,38.39998397602031,38.39998397602031
4959,t,38.39998397602031,38.39998397602031
4960,c,38.39998397602031,38.39998397602031
4961,c,38.39998397602031,38.39998397602031
4962,c,38.39998397602031,38.39998397602031
4963,c,38.39998397602031,38.39998397602031
4964,t,38.39998397602031,38.39998397602031
4965,t,38.39998397602031,38.39998397602031
4966,t,38.39998397602031,38.39998397602031
4967,t,38.39998397602031,38.39998397602031
4968,c,38.39998397602031,38.39998397602031
4969,t,38.39998397602031,38.39998397602031
4970,c,38.39998397602031,38.39998397602031
4971,c,38.39998397602031,38.39998397602031
4972,c,38.39998397602031,38.39998397602031
4973,t,38.39998397602031,38.39998397602031
4974,t,38.39998397602031,38.39998397602031
4975,c,38.39998397602031,38.39998397602031
4976,t,38.39998397602031,38.39998397602031
4977,t,38.39998397602031,38.39998397602031
4978,t,38.39998397602031,38.39998397602031
4979,c,38.39998397602031,38.39998397602031
4980,t,38.39998397602031,38.39998397602031
4981,t,38.39998397602031,38.39998397602031
4982,c,38.39998397602031,38.39998397602031
4983,c,38.39998397602031,38.39998397602031
4984,c,38.39998397602031,38.39998397602031
4985,t,38.39998397602031,38.39998397602031
4986,t,38.39998397602031,38.39998397602031
4987,t,38.39998397602031,38.39998397602031
4988,c,38.39998397602031,38.39998397602031
4989,t,38.39998397602031,38.39998397602031
4990,c,38.39998397602031,38.39998397602031
4991,c,38.39998397602031,38.39998397602031
4992,c,38.39998397602031,38.39998397602031
4993,t,38.39998397602031,38.39998397602031
4994,c,38.39998397602031,38.39998397602031
4995,c,38.39998397602031,38.39998397602031
4996,t,38.39998397602031,38.39998397602031
4997,t,38.39998397602031,38.39998397602031
4998,c,38.39998397602031,38.39998397602031
4999,c,38.39998397602031,38.39998397602031
5000,c,38.39998397602031,38.39998397602031
5001,c,38.39998397602031,38.39998397602031
5002,c,38.39998397602031,38.39998397602031
5003,t,38.39998397602031,38.39998397602031
5004,t,38.39998397602031,38.39998397602031
5005,c,38.39998397602031,38.39998397602031
5006,t,38.39998397602031,38.39998397602031
5007,c,38.39998397602031,38.39998397602031
5008,t,38.39998397602031,38.39998397602031
5009,c,38.39998397602031,38.39998397602031
5010,c,38.39998397602031,38.39998397602031
5011,t,38.39998397602031,38.39998397602031
5012,c,38.39998397602031,38.39998397602031
5013,c,38.39998397602031,38.39998397602031
5014,t,38.39998397602031,38.39998397602031
5015,c,38.39998397602031,38.39998397602031
5016,c,38.39998397602031,38.39998397602031
5017,c,38.39998397602031,38.39998397602031
5018,t,38.39998397602031,38.39998397602031
5019,c,38.39998397602031,38.39998397602031
5020,c,38.39998397602031,38.39998397602031
5021,c,38.39998397602031,38.39998397602031
5022,t,38.39998397602031,38.39998397602031
5023,c,38.39998397602031,38.39998397602031
5024,c,38.39998397602031,38.39998397602031
5025,t,38.39998397602031,38.39998397602031
5026,c,38.39998397602031,38.39998397602031
5027,c,38.39998397602031,38.39998397602031
5028,c,38.39998397602031,38.39998397602031
5029,c,38.39998397602031,38.39998397602031
5030,t,38.39998397602031,38.39998397602031
5031,c,38.39998397602031,38.39998397602031
5032,t,38.39998397602031,38.39998397602031
5033,t,38.39998397602031,38.39998397602031
5034,c,38.39998397602031,38.39998397602031
5035,c,38.39998397602031,38.39998397602031
5036,c,38.39998397602031,38.39998397602031
5037,c,38.39998397602031,38.39998397602031
5038,c,38.39998397602031,38.39998397602031
5039,c,38.39998397602031,38.39998397602031
5040,t,38.39998397602031,38.39998397602031
5041,t,38.39998397602031,38.39998397602031
5042,t,38.39998397602031,38.39998397602031
5043,c,38.39998397602031,38.39998397602031
5044,c,38.39998397602031,38.39998397602031
5045,c,38.39998397602031,38.39998397602031
5046,t,38.39998397602031,38.39998397602031
5047,t,38.39998397602031,38.39998397602031
5048,t,38.39998397602031,38.39998397602031
5049,c,38.39998397602031,38.39998397602031
5050,t,38.39998397602031,38.39998397602031
5051,t,38.39998397602031,38.39998397602031
5052,t,38.39998397602031,38.39998397602031
5053,t,38.39998397602031,38.39998397602031
5054,c,38.39998397602031,38.39998397602031
5055,c,38.39998397602031,38.39998397602031
5056,t,38.39998397602031,38.39998397602031
5057,c,38.39998397602031,38.39998397602031
5058,c,38.39998397602031,38.39998397602031
5059,t,38.39998397602031,38.39998397602031
5060,t,38.39998397602031,38.39998397602031
5061,t,38.39998397602031,38.39998397602031
5062,t,38.39998397602031,38.39998397602031
5063,t,38.39998397602031,38.39998397602031
5064,c,38.39998397602031,38.39998397602031
5065,t,38.39998397602031,38.39998397602031
5066,c,38.39998397602031,38.39998397602031
5067,c,38.39998397602031,38.39998397602031
5068,c,38.39998397602031,38.39998397602031
5069,t,38.39998397602031,38.39998397602031
5070,t,38.39998397602031,38.39998397602031
5071,c,38.39998397602031,38.39998397602031
5072,c,38.39998397602031,38.39998397602031
5073,c,38.39998397602031,38.39998397602031
5074,c,38.39998397602031,38.39998397602031
5075,t,38.39998397602031,38.39998397602031
5076,c,38.39998397602031,38.39998397602031
5077,t,38.39998397602031,38.39998397602031
5078,c,38.39998397602031,38.39998397602031
5079,c,38.39998397602031,38.39998397602031
5080,t,38.39998397602031,38.39998397602031
5081,t,38.39998397602031,38.39998397602031
5082,c,38.39998397602031,38.39998397602031
5083,t,38.39998397602031,38.39998397602031
5084,c,38.39998397602031,38.39998397602031
5085,c,38.39998397602031,38.39998397602031
5086,c,38.39998397602031,38.39998397602031
5087,t,38.39998397602031,38.39998397602031
5088,c,38.39998397602031,38.39998397602031
5089,c,38.39998397602031,38.39998397602031
5090,c,38.39998397602031,38.39998397602031
5091,c,38.39998397602031,38.39998397602031
5092,c,38.39998397602031,38.39998397602031
5093,t,38.39998397602031,38.39998397602031
5094,c,38.39998397602031,38.39998397602031
5095,c,38.39998397602031,38.39998397602031
5096,c,38.39998397602031,38.39998397602031
5097,t,38.39998397602031,38.39998397602031
5098,c,38.39998397602031,38.39998397602031
5099,c,38.39998397602031,38.39998397602031
5100,c,38.39998397602031,38.39998397602031
5101,c,38.39998397602031,38.39998397602031
5102,c,38.39998397602031,38.39998397602031
5103,t,38.39998397602031,38.39998397602031
5104,c,38.39998397602031,38.39998397602031
5105,c,38.39998397602031,38.39998397602031
5106,t,38.39998397602031,38.39998397602031
5107,t,38.39998397602031,38.39998397602031
5108,t,38.39998397602031,38.39998397602031
5109,c,38.39998397602031,38.39998397602031
5110,t,38.39998397602031,38.39998397602031
5111,c,38.39998397602031,38.39998397602031
5112,c,38.39998397602031,38.39998397602031
5113,c,38.39998397602031,38.39998397602031
5114,c,38.39998397602031,38.39998397602031
5115,c,38.39998397602031,38.39998397602031
5116,c,38.39998397602031,38.39998397602031
5117,c,38.39998397602031,38.39998397602031
5118,c,38.39998397602031,38.39998397602031
5119,t,38.39998397602031,38.39998397602031
5120,c,38.39998397602031,38.39998397602031
5121,na,8.547398486017148,11.373209722030788
5122,t,38.39998397602031,38.39998397602031
5123,c,38.39998397602031,38.39998397602031
5124,t,38.39998397602031,38.39998397602031
5125,t,38.39998397602031,38.39998397602031
5126,t,38.39998397602031,38.39998397602031
5127,c,38.39998397602031,38.39998397602031
5128,c,38.39998397602031,38.39998397602031
5129,t,38.39998397602031,38.39998397602031
5130,t,38.39998397602031,38.39998397602031
5131,t,38.39998397602031,38.39998397602031
5132,c,38.39998397602031,38.39998397602031
5133,c,38.39998397602031,38.39998397602031
5134,c,38.39998397602031,38.39998397602031
5135,c,38.39998397602031,38.39998397602031
5136,t,38.39998397602031,38.39998397602031
5137,c,38.39998397602031,38.39998397602031
5138,c,38.39998397602031,38.39998397602031
5139,c,38.39998397602031,38.39998397602031
5140,t,38.39998397602031,38.39998397602031
5141,c,38.39998397602031,38.39998397602031
5142,t,38.39998397602031,38.39998397602031
5143,c,38.39998397602031,38.39998397602031
5144,c,38.39998397602031,38.39998397602031
5145,c,38.39998397602031,38.39998397602031
5146,t,38.39998397602031,38.39998397602031
5147,t,38.39998397602031,38.39998397602031
5148,t,38.39998397602031,38.39998397602031
5149,t,38.39998397602031,38.39998397602031
5150,t,38.39998397602031,38.39998397602031
5151,c,38.39998397602031,38.39998397602031
5152,c,38.39998397602031,38.39998397602031
5153,c,38.39998397602031,38.39998397602031
5154,c,38.39998397602031,38.39998397602031
5155,c,38.39998397602031,38.39998397602031
5156,t,38.39998397602031,38.39998397602031
5157,c,38.39998397602031,38.39998397602031
5158,t,38.39998397602031,38.39998397602031
5159,c,38.39998397602031,38.39998397602031
5160,t,38.39998397602031,38.39998397602031
5161,c,38.39998397602031,38.39998397602031
5162,c,38.39998397602031,38.39998397602031
5163,t,38.39998397602031,38.39998397602031
5164,t,38.39998397602031,38.39998397602031
5165,t,38.39998397602031,38.39998397602031
5166,c,38.39998397602031,38.39998397602031
5167,t,38.39998397602031,38.39998397602031
5168,c,38.39998397602031,38.39998397602031
5169,t,38.39998397602031,38.39998397602031
5170,c,38.39998397602031,38.39998397602031
5171,c,38.39998397602031,38.39998397602031
5172,c,38.39998397602031,38.39998397602031
5173,c,38.39998397602031,38.39998397602031
5174,c,38.39998397602031,38.39998397602031
5175,c,38.39998397602031,38.39998397602031
5176,c,38.39998397602031,38.39998397602031
5177,c,38.39998397602031,38.39998397602031
5178,c,38.39998397602031,38.39998397602031
5179,c,38.39998397602031,38.39998397602031
5180,c,38.39998397602031,38.39998397602031
5181,t,38.39998397602031,38.39998397602031
5182,t,38.39998397602031,38.39998397602031
5183,c,38.39998397602031,38.39998397602031
5184,c,38.39998397602031,38.39998397602031
5185,t,38.39998397602031,38.39998397602031
5186,t,38.39998397602031,38.39998397602031
5187,c,38.39998397602031,38.39998397602031
5188,t,38.39998397602031,38.39998397602031
5189,t,38.39998397602031,38.39998397602031
5190,t,38.39998397602031,38.39998397602031
5191,t,38.39998397602031,38.39998397602031
5192,t,38.39998397602031,38.39998397602031
5193,t,38.39998397602031,38.39998397602031
5194,c,38.39998397602031,38.39998397602031
5195,t,38.39998397602031,38.39998397602031
5196,c,38.39998397602031,38.39998397602031
5197,c,38.39998397602031,38.39998397602031
5198,t,38.39998397602031,38.39998397602031
5199,c,38.39998397602031,38.39998397602031
5200,c,38.39998397602031,38.39998397602031
5201,c,38.39998397602031,38.39998397602031
5202,c,38.39998397602031,38.39998397602031
5203,t,38.39998397602031,38.39998397602031
5204,c,38.39998397602031,38.39998397602031
5205,t,38.39998397602031,38.39998397602031
5206,c,38.39998397602031,38.39998397602031
5207,t,38.39998397602031,38.39998397602031
5208,t,38.39998397602031,38.39998397602031
5209,t,38.39998397602031,38.39998397602031
5210,t,38.39998397602031,38.39998397602031
5211,c,38.39998397602031,38.39998397602031
5212,c,38.39998397602031,38.39998397602031
5213,c,38.39998397602031,38.39998397602031
5214,c,38.39998397602031,38.39998397602031
5215,c,38.39998397602031,38.39998397602031
5216,na,0,3.740677706249132
5217,c,38.39998397602031,38.39998397602031
5218,c,38.39998397602031,38.39998397602031
5219,t,38.39998397602031,38.39998397602031
5220,c,38.39998397602031,38.39998397602031
5221,c,38.39998397602031,38.39998397602031
5222,c,38.39998397602031,38.39998397602031
5223,t,38.39998397602031,38.39998397602031
5224,t,38.39998397602031,38.39998397602031
5225,na,-1,0
5226,t,38.39998397602031,38.39998397602031
5227,t,38.39998397602031,38.39998397602031
5228,na,0,16.57459227253633
5229,c,38.39998397602031,38.39998397602031
5230,c,38.39998397602031,38.39998397602031
5231,c,38.39998397602031,38.39998397602031
5232,t,38.39998397602031,38.39998397602031
5233,c,38.39998397602031,38.39998397602031
5234,c,38.39998397602031,38.39998397602031
5235,t,38.39998397602031,38.39998397602031
5236,c,7.259870012816244,18.871492789233656
5237,c,38.39998397602031,38.39998397602031
5238,c,38.39998397602031,38.39998397602031
5239,c,38.39998397602031,38.39998397602031
5240,t,38.39998397602031,38.39998397602031
5241,c,38.39998397602031,38.39998397602031
5242,t,38.39998397602031,38.39998397602031
5243,t,38.39998397602031,38.39998397602031
5244,c,38.39998397602031,38.39998397602031
5245,c,38.39998397602031,38.39998397602031
5246,c,38.39998397602031,38.39998397602031
5247,c,38.39998397602031,38.39998397602031
5248,t,38.39998397602031,38.39998397602031
5249,c,38.39998397602031,38.39998397602031
5250,c,38.39998397602031,38.39998397602031
5251,c,38.39998397602031,38.39998397602031
5252,t,38.39998397602031,38.39998397602031
5253,t,38.39998397602031,38.39998397602031
5254,t,38.39998397602031,38.39998397602031
5255,t,38.39998397602031,38.39998397602031
5256,t,38.39998397602031,38.39998397602031
5257,t,38.39998397602031,38.39998397602031
5258,c,38.39998397602031,38.39998397602031
5259,t,38.39998397602031,38.39998397602031
5260,t,38.39998397602031,38.39998397602031
5261,c,38.39998397602031,38.39998397602031
5262,t,38.39998397602031,38.39998397602031
5263,c,38.39998397602031,38.39998397602031
5264,t,38.39998397602031,38.39998397602031
5265,t,38.39998397602031,38.39998397602031
5266,c,38.39998397602031,38.39998397602031
5267,t,38.39998397602031,38.39998397602031
5268,c,38.39998397602031,38.39998397602031
5269,t,38.39998397602031,38.39998397602031
5270,c,38.39998397602031,38.39998397602031
5271,t,38.39998397602031,38.39998397602031
5272,c,38.39998397602031,38.39998397602031
5273,t,38.39998397602031,38.39998397602031
5274,t,38.39998397602031,38.39998397602031
5275,t,38.39998397602031,38.39998397602031
5276,c,38.39998397602031,38.39998397602031
5277,c,38.39998397602031,38.39998397602031
5278,t,38.39998397602031,38.39998397602031
5279,t,38.39998397602031,38.39998397602031
5280,c,38.39998397602031,38.39998397602031
5281,c,38.39998397602031,38.39998397602031
5282,t,38.39998397602031,38.39998397602031
5283,t,38.39998397602031,38.39998397602031
5284,c,38.39998397602031,38.39998397602031
5285,t,38.39998397602031,38.39998397602031
5286,t,38.39998397602031,38.39998397602031
5287,t,38.39998397602031,38.39998397602031
5288,t,38.39998397602031,38.39998397602031
5289,t,38.39998397602031,38.39998397602031
5290,c,38.39998397602031,38.39998397602031
5291,c,38.39998397602031,38.39998397602031
5292,c,38.39998397602031,38.39998397602031
5293,c,38.39998397602031,38.39998397602031
5294,c,38.39998397602031,38.39998397602031
5295,c,38.39998397602031,38.39998397602031
5296,c,38.39998397602031,38.39998397602031
5297,c,38.39998397602031,38.39998397602031
5298,c,38.39998397602031,38.39998397602031
5299,c,38.39998397602031,38.39998397602031
5300,t,38.39998397602031,38.39998397602031
5301,c,38.39998397602031,38.39998397602031
5302,c,38.39998397602031,38.39998397602031
5303,c,38.39998397602031,38.39998397602031
5304,t,38.39998397602031,38.39998397602031
5305,c,38.39998397602031,38.39998397602031
5306,t,38.39998397602031,38.39998397602031
5307,t,38.39998397602031,38.39998397602031
5308,c,38.39998397602031,38.39998397602031
5309,c,38.39998397602031,38.39998397602031
5310,t,38.39998397602031,38.39998397602031
5311,c,38.39998397602031,38.39998397602031
5312,c,38.39998397602031,38.39998397602031
5313,t,38.39998397602031,38.39998397602031
5314,c,38.39998397602031,38.39998397602031
5315,c,38.39998397602031,38.39998397602031
5316,c,38.39998397602031,38.39998397602031
5317,c,38.39998397602031,38.39998397602031
5318,c,38.39998397602031,38.39998397602031
5319,c,2.246648017874109,3.902186979283332
5320,c,38.39998397602031,38.39998397602031
5321,c,38.39998397602031,38.39998397602031
5322,c,38.39998397602031,38.39998397602031
5323,t,38.39998397602031,38.39998397602031
5324,t,38.39998397602031,38.39998397602031
5325,t,38.39998397602031,38.39998397602031
5326,t,38.39998397602031,38.39998397602031
5327,t,38.39998397602031,38.39998397602031
5328,t,38.39998397602031,38.39998397602031
5329,t,38.39998397602031,38.39998397602031
5330,t,38.39998397602031,38.39998397602031
5331,c,38.39998397602031,38.39998397602031
5332,t,38.39998397602031,38.39998397602031
5333,c,38.39998397602031,38.39998397602031
5334,t,38.39998397602031,38.39998397602031
5335,t,38.39998397602031,38.39998397602031
5336,t,38.39998397602031,38.39998397602031
5337,t,38.39998397602031,38.39998397602031
5338,c,38.39998397602031,38.39998397602031
5339,c,1.8620675260300976,9.735873158062
5340,c,38.39998397602031,38.39998397602031
5341,t,38.39998397602031,38.39998397602031
5342,c,38.39998397602031,38.39998397602031
5343,t,38.39998397602031,38.39998397602031
5344,c,38.39998397602031,38.39998397602031
5345,c,38.39998397602031,38.39998397602031
5346,c,38.39998397602031,38.39998397602031
5347,c,38.39998397602031,38.39998397602031
5348,c,38.39998397602031,38.39998397602031
5349,c,38.39998397602031,38.39998397602031
5350,t,38.39998397602031,38.39998397602031
5351,t,38.39998397602031,38.39998397602031
5352,c,38.39998397602031,38.39998397602031
5353,t,38.39998397602031,38.39998397602031
5354,c,38.39998397602031,38.39998397602031
5355,t,38.39998397602031,38.39998397602031
5356,t,38.39998397602031,38.39998397602031
5357,c,38.39998397602031,38.39998397602031
5358,t,38.39998397602031,38.39998397602031
5359,t,38.39998397602031,38.39998397602031
5360,t,38.39998397602031,38.39998397602031
5361,t,38.39998397602031,38.39998397602031
5362,t,38.39998397602031,38.39998397602031
5363,c,38.39998397602031,38.39998397602031
5364,t,38.39998397602031,38.39998397602031
5365,t,38.39998397602031,38.39998397602031
5366,t,38.39998397602031,38.39998397602031
5367,c,38.39998397602031,38.39998397602031
5368,t,38.39998397602031,38.39998397602031
5369,c,38.39998397602031,38.39998397602031
5370,c,38.39998397602031,38.39998397602031
5371,t,38.39998397602031,38.39998397602031
5372,t,38.39998397602031,38.39998397602031
5373,c,38.39998397602031,38.39998397602031
5374,c,38.39998397602031,38.39998397602031
5375,c,38.39998397602031,38.39998397602031
5376,t,38.39998397602031,38.39998397602031
5377,c,38.39998397602031,38.39998397602031
5378,t,38.39998397602031,38.39998397602031
5379,t,38.39998397602031,38.39998397602031
5380,c,38.39998397602031,38.39998397602031
5381,c,38.39998397602031,38.39998397602031
5382,t,38.39998397602031,38.39998397602031
5383,t,38.39998397602031,38.39998397602031
5384,t,38.39998397602031,38.39998397602031
5385,c,38.39998397602031,38.39998397602031
5386,c,38.39998397602031,38.39998397602031
5387,c,38.39998397602031,38.39998397602031
5388,c,38.39998397602031,38.39998397602031
5389,c,38.39998397602031,38.39998397602031
5390,t,38.39998397602031,38.39998397602031
5391,c,38.39998397602031,38.39998397602031
5392,t,38.39998397602031,38.39998397602031
5393,c,38.39998397602031,38.39998397602031
5394,c,38.39998397602031,38.39998397602031
5395,t,38.39998397602031,38.39998397602031
5396,t,38.39998397602031,38.39998397602031
5397,na,5.438368135438905,7.771042072485124
5398,t,38.39998397602031,38.39998397602031
5399,t,38.39998397602031,38.39998397602031
5400,c,38.39998397602031,38.39998397602031
5401,c,38.39998397602031,38.39998397602031
5402,c,38.39998397602031,38.39998397602031
5403,c,38.39998397602031,38.39998397602031
5404,t,38.39998397602031,38.39998397602031
5405,c,1.3138134083603232,1.5291091874446843
5406,c,38.39998397602031,38.39998397602031
5407,t,38.39998397602031,38.39998397602031
5408,t,38.39998397602031,38.39998397602031
5409,c,38.39998397602031,38.39998397602031
5410,c,38.39998397602031,38.39998397602031
5411,t,38.39998397602031,38.39998397602031
5412,t,38.39998397602031,38.39998397602031
5413,c,38.39998397602031,38.39998397602031
5414,t,38.39998397602031,38.39998397602031
5415,t,38.39998397602031,38.39998397602031
5416,c,38.39998397602031,38.39998397602031
5417,na,0,3.954411425088138
5418,c,38.39998397602031,38.39998397602031
5419,t,38.39998397602031,38.39998397602031
5420,t,38.39998397602031,38.39998397602031
5421,t,38.39998397602031,38.39998397602031
5422,c,38.39998397602031,38.39998397602031
5423,c,38.39998397602031,38.39998397602031
5424,c,38.39998397602031,38.39998397602031
5425,t,38.39998397602031,38.39998397602031
5426,c,38.39998397602031,38.39998397602031
5427,t,38.39998397602031,38.39998397602031
5428,c,38.39998397602031,38.39998397602031
5429,c,38.39998397602031,38.39998397602031
5430,c,38.39998397602031,38.39998397602031
5431,t,38.39998397602031,38.39998397602031
5432,t,38.39998397602031,38.39998397602031
5433,c,38.39998397602031,38.39998397602031
5434,c,38.39998397602031,38.39998397602031
5435,c,38.39998397602031,38.39998397602031
5436,na,15.160639917413505,38.39998397602031
5437,t,38.39998397602031,38.39998397602031
5438,t,38.39998397602031,38.39998397602031
5439,t,38.39998397602031,38.39998397602031
5440,t,38.39998397602031,38.39998397602031
5441,c,38.39998397602031,38.39998397602031
5442,t,38.39998397602031,38.39998397602031
5443,t,38.39998397602031,38.39998397602031
5444,c,38.39998397602031,38.39998397602031
5445,t,38.39998397602031,38.39998397602031
5446,t,38.39998397602031,38.39998397602031
5447,t,38.39998397602031,38.39998397602031
5448,c,38.39998397602031,38.39998397602031
5449,t,38.39998397602031,38.39998397602031
5450,c,38.39998397602031,38.39998397602031
5451,t,38.39998397602031,38.39998397602031
5452,c,38.39998397602031,38.39998397602031
5453,t,38.39998397602031,38.39998397602031
5454,c,38.39998397602031,38.39998397602031
5455,c,38.39998397602031,38.39998397602031
5456,c,38.39998397602031,38.39998397602031
5457,t,38.39998397602031,38.39998397602031
5458,t,38.39998397602031,38.39998397602031
5459,c,38.39998397602031,38.39998397602031
5460,c,38.39998397602031,38.39998397602031
5461,c,38.39998397602031,38.39998397602031
5462,t,38.39998397602031,38.39998397602031
5463,t,38.39998397602031,38.39998397602031
5464,c,38.39998397602031,38.39998397602031
5465,t,38.39998397602031,38.39998397602031
5466,c,38.39998397602031,38.39998397602031
5467,c,38.39998397602031,38.39998397602031
5468,c,38.39998397602031,38.39998397602031
5469,c,38.39998397602031,38.39998397602031
5470,c,38.39998397602031,38.39998397602031
5471,t,38.39998397602031,38.39998397602031
5472,t,38.39998397602031,38.39998397602031
5473,t,38.39998397602031,38.39998397602031
5474,t,38.39998397602031,38.39998397602031
5475,c,38.39998397602031,38.39998397602031
5476,t,38.39998397602031,38.39998397602031
5477,c,38.39998397602031,38.39998397602031
5478,t,38.39998397602031,38.39998397602031
5479,t,38.39998397602031,38.39998397602031
5480,c,38.39998397602031,38.39998397602031
5481,c,38.39998397602031,38.39998397602031
5482,c,38.39998397602031,38.39998397602031
5483,c,38.39998397602031,38.39998397602031
5484,c,38.39998397602031,38.39998397602031
5485,t,38.39998397602031,38.39998397602031
5486,c,38.39998397602031,38.39998397602031
5487,t,38.39998397602031,38.39998397602031
5488,t,38.39998397602031,38.39998397602031
5489,c,38.39998397602031,38.39998397602031
5490,t,38.39998397602031,38.39998397602031
5491,c,38.39998397602031,38.39998397602031
5492,t,38.39998397602031,38.39998397602031
5493,t,38.39998397602031,38.39998397602031
5494,t,38.39998397602031,38.39998397602031
5495,t,38.39998397602031,38.39998397602031
5496,c,38.39998397602031,38.39998397602031
5497,c,38.39998397602031,38.39998397602031
5498,c,38.39998397602031,38.39998397602031
5499,c,38.39998397602031,38.39998397602031
5500,t,38.39998397602031,38.39998397602031
5501,c,38.39998397602031,38.39998397602031
5502,t,38.39998397602031,38.39998397602031
5503,c,38.39998397602031,38.39998397602031
5504,t,38.39998397602031,38.39998397602031
5505,c,38.39998397602031,38.39998397602031
5506,c,38.39998397602031,38.39998397602031
5507,t,38.39998397602031,38.39998397602031
5508,c,38.39998397602031,38.39998397602031
5509,c,38.39998397602031,38.39998397602031
5510,t,38.39998397602031,38.39998397602031
5511,t,38.39998397602031,38.39998397602031
5512,t,38.39998397602031,38.39998397602031
5513,t,38.39998397602031,38.39998397602031
5514,c,38.39998397602031,38.39998397602031
5515,c,38.39998397602031,38.39998397602031
5516,t,38.39998397602031,38.39998397602031
5517,c,38.39998397602031,38.39998397602031
5518,c,38.39998397602031,38.39998397602031
5519,c,38.39998397602031,38.39998397602031
5520,t,38.39998397602031,38.39998397602031
5521,t,38.39998397602031,38.39998397602031
5522,c,38.39998397602031,38.39998397602031
5523,c,38.39998397602031,38.39998397602031
5524,t,38.39998397602031,38.39998397602031
5525,c,38.39998397602031,38.39998397602031
5526,c,38.39998397602031,38.39998397602031
5527,c,38.39998397602031,38.39998397602031
5528,c,38.39998397602031,38.39998397602031
5529,c,38.39998397602031,38.39998397602031
5530,t,38.39998397602031,38.39998397602031
5531,c,38.39998397602031,38.39998397602031
5532,c,38.39998397602031,38.39998397602031
5533,c,6.05176197387593,12.810124959319925
5534,c,38.39998397602031,38.39998397602031
5535,c,38.39998397602031,38.39998397602031
5536,t,38.39998397602031,38.39998397602031
5537,c,38.39998397602031,38.39998397602031
5538,c,38.39998397602031,38.39998397602031
5539,c,38.39998397602031,38.39998397602031
5540,c,38.39998397602031,38.39998397602031
5541,c,38.39998397602031,38.39998397602031
5542,t,38.39998397602031,38.39998397602031
5543,t,38.39998397602031,38.39998397602031
5544,t,38.39998397602031,38.39998397602031
5545,c,38.39998397602031,38.39998397602031
5546,c,38.39998397602031,38.39998397602031
5547,t,38.39998397602031,38.39998397602031
5548,na,0.1251660445538302,5.186322847217367
5549,t,38.39998397602031,38.39998397602031
5550,c,38.39998397602031,38.39998397602031
5551,c,38.39998397602031,38.39998397602031
5552,c,38.39998397602031,38.39998397602031
5553,c,38.39998397602031,38.39998397602031
5554,c,38.39998397602031,38.39998397602031
5555,t,38.39998397602031,38.39998397602031
5556,c,38.39998397602031,38.39998397602031
5557,t,38.39998397602031,38.39998397602031
5558,t,38.39998397602031,38.39998397602031
5559,t,38.39998397602031,38.39998397602031
5560,c,38.39998397602031,38.39998397602031
5561,c,38.39998397602031,38.39998397602031
5562,c,38.39998397602031,38.39998397602031
5563,c,38.39998397602031,38.39998397602031
5564,t,38.39998397602031,38.39998397602031
5565,c,38.39998397602031,38.39998397602031
5566,t,38.39998397602031,38.39998397602031
5567,c,38.39998397602031,38.39998397602031
5568,t,38.39998397602031,38.39998397602031
5569,c,38.39998397602031,38.39998397602031
5570,c,38.39998397602031,38.39998397602031
5571,t,38.39998397602031,38.39998397602031
5572,c,38.39998397602031,38.39998397602031
5573,t,38.39998397602031,38.39998397602031
5574,c,38.39998397602031,38.39998397602031
5575,c,38.39998397602031,38.39998397602031
5576,c,38.39998397602031,38.39998397602031
5577,c,38.39998397602031,38.39998397602031
5578,t,38.39998397602031,38.39998397602031
5579,t,38.39998397602031,38.39998397602031
5580,t,38.39998397602031,38.39998397602031
5581,t,38.39998397602031,38.39998397602031
5582,t,38.39998397602031,38.39998397602031
5583,c,38.39998397602031,38.39998397602031
5584,t,38.39998397602031,38.39998397602031
5585,c,38.39998397602031,38.39998397602031
5586,c,38.39998397602031,38.39998397602031
5587,c,38.39998397602031,38.39998397602031
5588,t,38.39998397602031,38.39998397602031
5589,c,6.519511091011788,9.874818031573648
5590,c,38.39998397602031,38.39998397602031
5591,na,1.5866401403977648,2.4023810844648534
5592,c,38.39998397602031,38.39998397602031
5593,c,38.39998397602031,38.39998397602031
5594,c,38.39998397602031,38.39998397602031
5595,t,38.39998397602031,38.39998397602031
5596,c,38.39998397602031,38.39998397602031
5597,t,38.39998397602031,38.39998397602031
5598,t,38.39998397602031,38.39998397602031
5599,na,4.45237496745334,8.430917599173524
5600,c,38.39998397602031,38.39998397602031
5601,t,38.39998397602031,38.39998397602031
5602,c,38.39998397602031,38.39998397602031
5603,t,38.39998397602031,38.39998397602031
5604,c,38.39998397602031,38.39998397602031
5605,c,38.39998397602031,38.39998397602031
5606,t,38.39998397602031,38.39998397602031
5607,t,38.39998397602031,38.39998397602031
5608,c,38.39998397602031,38.39998397602031
5609,t,38.39998397602031,38.39998397602031
5610,t,38.39998397602031,38.39998397602031
5611,t,38.39998397602031,38.39998397602031
5612,t,38.39998397602031,38.39998397602031
5613,c,38.39998397602031,38.39998397602031
5614,t,38.39998397602031,38.39998397602031
5615,c,38.39998397602031,38.39998397602031
5616,t,38.39998397602031,38.39998397602031
5617,t,38.39998397602031,38.39998397602031
5618,t,38.39998397602031,38.39998397602031
5619,c,38.39998397602031,38.39998397602031
5620,c,38.39998397602031,38.39998397602031
5621,c,38.39998397602031,38.39998397602031
5622,c,38.39998397602031,38.39998397602031
5623,c,38.39998397602031,38.39998397602031
5624,c,38.39998397602031,38.39998397602031
5625,t,38.39998397602031,38.39998397602031
5626,t,38.39998397602031,38.39998397602031
5627,c,38.39998397602031,38.39998397602031
5628,c,38.39998397602031,38.39998397602031
5629,c,38.39998397602031,38.39998397602031
5630,t,38.39998397602031,38.39998397602031
5631,t,38.39998397602031,38.39998397602031
5632,t,38.39998397602031,38.39998397602031
5633,t,38.39998397602031,38.39998397602031
5634,t,38.39998397602031,38.39998397602031
5635,t,38.39998397602031,38.39998397602031
5636,c,38.39998397602031,38.39998397602031
5637,c,38.39998397602031,38.39998397602031
5638,t,38.39998397602031,38.39998397602031
5639,c,38.39998397602031,38.39998397602031
5640,c,38.39998397602031,38.39998397602031
5641,c,38.39998397602031,38.39998397602031
5642,c,38.39998397602031,38.39998397602031
5643,t,38.39998397602031,38.39998397602031
5644,t,38.39998397602031,38.39998397602031
5645,t,38.39998397602031,38.39998397602031
5646,t,38.39998397602031,38.39998397602031
5647,c,38.39998397602031,38.39998397602031
5648,c,38.39998397602031,38.39998397602031
5649,t,38.39998397602031,38.39998397602031
5650,t,38.39998397602031,38.39998397602031
5651,c,38.39998397602031,38.39998397602031
5652,c,38.39998397602031,38.39998397602031
5653,t,38.39998397602031,38.39998397602031
5654,c,38.39998397602031,38.39998397602031
5655,t,38.39998397602031,38.39998397602031
5656,c,38.39998397602031,38.39998397602031
5657,c,38.39998397602031,38.39998397602031
5658,c,38.39998397602031,38.39998397602031
5659,t,38.39998397602031,38.39998397602031
5660,t,38.39998397602031,38.39998397602031
5661,t,38.39998397602031,38.39998397602031
5662,t,38.39998397602031,38.39998397602031
5663,t,38.39998397602031,38.39998397602031
5664,t,38.39998397602031,38.39998397602031
5665,c,38.39998397602031,38.39998397602031
5666,t,38.39998397602031,38.39998397602031
5667,c,38.39998397602031,38.39998397602031
5668,t,38.39998397602031,38.39998397602031
5669,c,38.39998397602031,38.39998397602031
5670,c,38.39998397602031,38.39998397602031
5671,t,38.39998397602031,38.39998397602031
5672,c,38.39998397602031,38.39998397602031
5673,t,38.39998397602031,38.39998397602031
5674,c,38.39998397602031,38.39998397602031
5675,t,38.39998397602031,38.39998397602031
5676,t,38.39998397602031,38.39998397602031
5677,t,38.39998397602031,38.39998397602031
5678,t,38.39998397602031,38.39998397602031
5679,t,38.39998397602031,38.39998397602031
5680,t,38.39998397602031,38.39998397602031
5681,c,38.39998397602031,38.39998397602031
5682,t,38.39998397602031,38.39998397602031
5683,c,38.39998397602031,38.39998397602031
5684,t,38.39998397602031,38.39998397602031
5685,t,38.39998397602031,38.39998397602031
5686,t,38.39998397602031,38.39998397602031
5687,t,38.39998397602031,38.39998397602031
5688,t,38.39998397602031,38.39998397602031
5689,c,38.39998397602031,38.39998397602031
5690,t,38.39998397602031,38.39998397602031
5691,t,38.39998397602031,38.39998397602031
5692,c,38.39998397602031,38.39998397602031
5693,c,38.39998397602031,38.39998397602031
5694,t,38.39998397602031,38.39998397602031
5695,c,38.39998397602031,38.39998397602031
5696,t,38.39998397602031,38.39998397602031
5697,t,38.39998397602031,38.39998397602031
5698,t,38.39998397602031,38.39998397602031
5699,t,38.39998397602031,38.39998397602031
5700,c,38.39998397602031,38.39998397602031
5701,c,38.39998397602031,38.39998397602031
5702,c,38.39998397602031,38.39998397602031
5703,na,3.4782957209281906,4.604978578569351
5704,t,38.39998397602031,38.39998397602031
5705,t,38.39998397602031,38.39998397602031
5706,t,38.39998397602031,38.39998397602031
5707,t,38.39998397602031,38.39998397602031
5708,t,38.39998397602031,38.39998397602031
5709,t,38.39998397602031,38.39998397602031
5710,c,38.39998397602031,38.39998397602031
5711,c,38.39998397602031,38.39998397602031
5712,c,38.39998397602031,38.39998397602031
5713,c,38.39998397602031,38.39998397602031
5714,c,38.39998397602031,38.39998397602031
5715,c,38.39998397602031,38.39998397602031
5716,c,38.39998397602031,38.39998397602031
5717,c,38.39998397602031,38.39998397602031
5718,c,38.39998397602031,38.39998397602031
5719,c,38.39998397602031,38.39998397602031
5720,t,38.39998397602031,38.39998397602031
5721,t,38.39998397602031,38.39998397602031
5722,c,38.39998397602031,38.39998397602031
5723,t,38.39998397602031,38.39998397602031
5724,c,38.39998397602031,38.39998397602031
5725,t,38.39998397602031,38.39998397602031
5726,c,38.39998397602031,38.39998397602031
5727,c,38.39998397602031,38.39998397602031
5728,c,38.39998397602031,38.39998397602031
5729,c,38.39998397602031,38.39998397602031
5730,t,38.39998397602031,38.39998397602031
5731,t,38.39998397602031,38.39998397602031
5732,t,38.39998397602031,38.39998397602031
5733,c,38.39998397602031,38.39998397602031
5734,c,38.39998397602031,38.39998397602031
5735,t,38.39998397602031,38.39998397602031
5736,t,38.39998397602031,38.39998397602031
5737,t,38.39998397602031,38.39998397602031
5738,c,38.39998397602031,38.39998397602031
5739,c,38.39998397602031,38.39998397602031
5740,c,38.39998397602031,38.39998397602031
5741,c,38.39998397602031,38.39998397602031
5742,c,38.39998397602031,38.39998397602031
5743,na,4.466618841904554,5.054306391424579
5744,c,38.39998397602031,38.39998397602031
5745,t,38.39998397602031,38.39998397602031
5746,t,38.39998397602031,38.39998397602031
5747,c,38.39998397602031,38.39998397602031
5748,c,38.39998397602031,38.39998397602031
5749,c,38.39998397602031,38.39998397602031
5750,t,38.39998397602031,38.39998397602031
5751,t,38.39998397602031,38.39998397602031
5752,c,38.39998397602031,38.39998397602031
5753,c,38.39998397602031,38.39998397602031
5754,t,38.39998397602031,38.39998397602031
5755,c,38.39998397602031,38.39998397602031
5756,c,38.39998397602031,38.39998397602031
5757,c,38.39998397602031,38.39998397602031
5758,t,38.39998397602031,38.39998397602031
5759,c,38.39998397602031,38.39998397602031
5760,t,38.39998397602031,38.39998397602031
5761,c,38.39998397602031,38.39998397602031
5762,t,38.39998397602031,38.39998397602031
5763,c,38.39998397602031,38.39998397602031
5764,c,38.39998397602031,38.39998397602031
5765,t,38.39998397602031,38.39998397602031
5766,t,38.39998397602031,38.39998397602031
5767,c,38.39998397602031,38.39998397602031
5768,t,38.39998397602031,38.39998397602031
5769,c,0.6865070067849725,3.464583394642591
5770,na,2.0393216116403536,2.083499950026386
5771,na,-1,0
5772,t,38.39998397602031,38.39998397602031
5773,t,38.39998397602031,38.39998397602031
5774,c,38.39998397602031,38.39998397602031
5775,c,38.39998397602031,38.39998397602031
5776,t,38.39998397602031,38.39998397602031
5777,t,38.39998397602031,38.39998397602031
5778,t,38.39998397602031,38.39998397602031
5779,t,38.39998397602031,38.39998397602031
5780,c,38.39998397602031,38.39998397602031
5781,c,38.39998397602031,38.39998397602031
5782,c,21.975651798648677,27.639072503038445
5783,c,38.39998397602031,38.39998397602031
5784,c,38.39998397602031,38.39998397602031
5785,t,38.39998397602031,38.39998397602031
5786,t,38.39998397602031,38.39998397602031
5787,c,38.39998397602031,38.39998397602031
5788,t,38.39998397602031,38.39998397602031
5789,t,38.39998397602031,38.39998397602031
5790,t,38.39998397602031,38.39998397602031
5791,c,38.39998397602031,38.39998397602031
5792,t,38.39998397602031,38.39998397602031
5793,t,38.39998397602031,38.39998397602031
5794,c,38.39998397602031,38.39998397602031
5795,t,38.39998397602031,38.39998397602031
5796,t,38.39998397602031,38.39998397602031
5797,c,38.39998397602031,38.39998397602031
5798,t,38.39998397602031,38.39998397602031
5799,t,38.39998397602031,38.39998397602031
5800,c,38.39998397602031,38.39998397602031
5801,t,38.39998397602031,38.39998397602031
5802,c,38.39998397602031,38.39998397602031
5803,c,38.39998397602031,38.39998397602031
5804,c,38.39998397602031,38.39998397602031
5805,c,38.39998397602031,38.39998397602031
5806,t,38.39998397602031,38.39998397602031
5807,t,38.39998397602031,38.39998397602031
5808,t,38.39998397602031,38.39998397602031
5809,c,38.39998397602031,38.39998397602031
5810,c,38.39998397602031,38.39998397602031
5811,t,38.39998397602031,38.39998397602031
5812,t,38.39998397602031,38.39998397602031
5813,t,38.39998397602031,38.39998397602031
5814,c,38.39998397602031,38.39998397602031
5815,c,38.39998397602031,38.39998397602031
5816,c,38.39998397602031,38.39998397602031
5817,na,1.6233248287807267,9.619023882317734
5818,c,38.39998397602031,38.39998397602031
5819,t,38.39998397602031,38.39998397602031
5820,c,38.39998397602031,38.39998397602031
5821,t,38.39998397602031,38.39998397602031
5822,c,38.39998397602031,38.39998397602031
5823,c,38.39998397602031,38.39998397602031
5824,t,38.39998397602031,38.39998397602031
5825,c,38.39998397602031,38.39998397602031
5826,t,38.39998397602031,38.39998397602031
5827,t,38.39998397602031,38.39998397602031
5828,t,38.39998397602031,38.39998397602031
5829,t,38.39998397602031,38.39998397602031
5830,t,38.39998397602031,38.39998397602031
5831,t,38.39998397602031,38.39998397602031
5832,c,38.39998397602031,38.39998397602031
5833,t,38.39998397602031,38.39998397602031
5834,t,38.39998397602031,38.39998397602031
5835,c,38.39998397602031,38.39998397602031
5836,c,38.39998397602031,38.39998397602031
5837,t,38.39998397602031,38.39998397602031
5838,t,38.39998397602031,38.39998397602031
5839,c,38.39998397602031,38.39998397602031
5840,t,38.39998397602031,38.39998397602031
5841,t,38.39998397602031,38.39998397602031
5842,t,38.39998397602031,38.39998397602031
5843,t,38.39998397602031,38.39998397602031
5844,t,38.39998397602031,38.39998397602031
5845,t,38.39998397602031,38.39998397602031
5846,c,38.39998397602031,38.39998397602031
5847,t,38.39998397602031,38.39998397602031
5848,c,38.39998397602031,38.39998397602031
5849,t,38.39998397602031,38.39998397602031
5850,c,38.39998397602031,38.39998397602031
5851,t,38.39998397602031,38.39998397602031
5852,t,38.39998397602031,38.39998397602031
5853,t,38.39998397602031,38.39998397602031
5854,c,38.39998397602031,38.39998397602031
5855,t,38.39998397602031,38.39998397602031
5856,t,38.39998397602031,38.39998397602031
5857,t,38.39998397602031,38.39998397602031
5858,t,38.39998397602031,38.39998397602031
5859,t,38.39998397602031,38.39998397602031
5860,t,38.39998397602031,38.39998397602031
5861,t,38.39998397602031,38.39998397602031
5862,c,38.39998397602031,38.39998397602031
5863,c,38.39998397602031,38.39998397602031
5864,t,38.39998397602031,38.39998397602031
5865,c,38.39998397602031,38.39998397602031
5866,c,38.39998397602031,38.39998397602031
5867,t,38.39998397602031,38.39998397602031
5868,c,38.39998397602031,38.39998397602031
5869,c,38.39998397602031,38.39998397602031
5870,c,38.39998397602031,38.39998397602031
5871,c,38.39998397602031,38.39998397602031
5872,na,0.8638144836613355,1.2009862939083202
5873,t,38.39998397602031,38.39998397602031
5874,t,38.39998397602031,38.39998397602031
5875,c,38.39998397602031,38.39998397602031
5876,t,38.39998397602031,38.39998397602031
5877,c,38.39998397602031,38.39998397602031
5878,t,38.39998397602031,38.39998397602031
5879,t,38.39998397602031,38.39998397602031
5880,c,38.39998397602031,38.39998397602031
5881,t,38.39998397602031,38.39998397602031
5882,c,38.39998397602031,38.39998397602031
5883,c,38.39998397602031,38.39998397602031
5884,t,38.39998397602031,38.39998397602031
5885,c,38.39998397602031,38.39998397602031
5886,c,38.39998397602031,38.39998397602031
5887,t,38.39998397602031,38.39998397602031
5888,c,38.39998397602031,38.39998397602031
5889,c,38.39998397602031,38.39998397602031
5890,c,38.39998397602031,38.39998397602031
5891,c,38.39998397602031,38.39998397602031
5892,t,38.39998397602031,38.39998397602031
5893,t,38.39998397602031,38.39998397602031
5894,t,38.39998397602031,38.39998397602031
5895,c,38.39998397602031,38.39998397602031
5896,c,38.39998397602031,38.39998397602031
5897,t,38.39998397602031,38.39998397602031
5898,t,38.39998397602031,38.39998397602031
5899,t,38.39998397602031,38.39998397602031
5900,c,38.39998397602031,38.39998397602031
5901,t,38.39998397602031,38.39998397602031
5902,c,38.39998397602031,38.39998397602031
5903,c,38.39998397602031,38.39998397602031
5904,c,38.39998397602031,38.39998397602031
5905,t,38.39998397602031,38.39998397602031
5906,t,38.39998397602031,38.39998397602031
5907,t,38.39998397602031,38.39998397602031
5908,t,38.39998397602031,38.39998397602031
5909,t,38.39998397602031,38.39998397602031
5910,c,38.39998397602031,38.39998397602031
5911,c,38.39998397602031,38.39998397602031
5912,c,38.39998397602031,38.39998397602031
5913,t,38.39998397602031,38.39998397602031
5914,c,38.39998397602031,38.39998397602031
5915,c,38.39998397602031,38.39998397602031
5916,c,38.39998397602031,38.39998397602031
5917,c,38.39998397602031,38.39998397602031
5918,t,38.39998397602031,38.39998397602031
5919,t,38.39998397602031,38.39998397602031
5920,t,38.39998397602031,38.39998397602031
5921,t,38.39998397602031,38.39998397602031
5922,na,0.9205331198128119,7.867028896999943
5923,c,38.39998397602031,38.39998397602031
5924,c,38.39998397602031,38.39998397602031
5925,c,38.39998397602031,38.39998397602031
5926,t,38.39998397602031,38.39998397602031
5927,t,38.39998397602031,38.39998397602031
5928,t,38.39998397602031,38.39998397602031
5929,t,38.39998397602031,38.39998397602031
5930,c,38.39998397602031,38.39998397602031
5931,c,38.39998397602031,38.39998397602031
5932,t,38.39998397602031,38.39998397602031
5933,t,38.39998397602031,38.39998397602031
5934,c,38.39998397602031,38.39998397602031
5935,c,38.39998397602031,38.39998397602031
5936,c,38.39998397602031,38.39998397602031
5937,c,38.39998397602031,38.39998397602031
5938,t,38.39998397602031,38.39998397602031
5939,c,38.39998397602031,38.39998397602031
5940,c,38.39998397602031,38.39998397602031
5941,c,38.39998397602031,38.39998397602031
5942,t,38.39998397602031,38.39998397602031
5943,c,38.39998397602031,38.39998397602031
5944,t,38.39998397602031,38.39998397602031
5945,t,38.39998397602031,38.39998397602031
5946,t,38.39998397602031,38.39998397602031
5947,c,38.39998397602031,38.39998397602031
5948,c,38.39998397602031,38.39998397602031
5949,c,38.39998397602031,38.39998397602031
5950,t,38.39998397602031,38.39998397602031
5951,t,38.39998397602031,38.39998397602031
5952,t,38.39998397602031,38.39998397602031
5953,c,38.39998397602031,38.39998397602031
5954,c,38.39998397602031,38.39998397602031
5955,c,38.39998397602031,38.39998397602031
5956,c,38.39998397602031,38.39998397602031
5957,t,38.39998397602031,38.39998397602031
5958,t,38.39998397602031,38.39998397602031
5959,t,38.39998397602031,38.39998397602031
5960,t,38.39998397602031,38.39998397602031
5961,c,38.39998397602031,38.39998397602031
5962,c,38.39998397602031,38.39998397602031
5963,c,38.39998397602031,38.39998397602031
5964,c,38.39998397602031,38.39998397602031
5965,t,38.39998397602031,38.39998397602031
5966,c,38.39998397602031,38.39998397602031
5967,c,38.39998397602031,38.39998397602031
5968,t,38.39998397602031,38.39998397602031
5969,t,38.39998397602031,38.39998397602031
5970,t,38.39998397602031,38.39998397602031
5971,c,38.39998397602031,38.39998397602031
5972,c,38.39998397602031,38.39998397602031
5973,c,38.39998397602031,38.39998397602031
5974,t,38.39998397602031,38.39998397602031
5975,c,38.39998397602031,38.39998397602031
5976,t,38.39998397602031,38.39998397602031
5977,c,38.39998397602031,38.39998397602031
5978,c,38.39998397602031,38.39998397602031
5979,c,38.39998397602031,38.39998397602031
5980,t,38.39998397602031,38.39998397602031
5981,c,38.39998397602031,38.39998397602031
5982,t,38.39998397602031,38.39998397602031
5983,t,38.39998397602031,38.39998397602031
5984,t,38.39998397602031,38.39998397602031
5985,c,38.39998397602031,38.39998397602031
5986,t,38.39998397602031,38.39998397602031
5987,t,38.39998397602031,38.39998397602031
5988,c,38.39998397602031,38.39998397602031
5989,t,38.39998397602031,38.39998397602031
5990,c,38.39998397602031,38.39998397602031
5991,c,38.39998397602031,38.39998397602031
5992,c,38.39998397602031,38.39998397602031
5993,c,38.39998397602031,38.39998397602031
5994,t,38.39998397602031,38.39998397602031
5995,c,38.39998397602031,38.39998397602031
5996,c,38.39998397602031,38.39998397602031
5997,c,38.39998397602031,38.39998397602031
5998,t,38.39998397602031,38.39998397602031
5999,c,38.39998397602031,38.39998397602031
6000,c,38.39998397602031,38.39998397602031
6001,c,38.39998397602031,38.39998397602031
6002,t,38.39998397602031,38.39998397602031
6003,c,38.39998397602031,38.39998397602031
6004,t,38.39998397602031,38.39998397602031
6005,t,38.39998397602031,38.39998397602031
6006,t,38.39998397602031,38.39998397602031
6007,c,38.39998397602031,38.39998397602031
6008,c,38.39998397602031,38.39998397602031
6009,t,38.39998397602031,38.39998397602031
6010,t,38.39998397602031,38.39998397602031
6011,c,38.39998397602031,38.39998397602031
6012,c,38.39998397602031,38.39998397602031
6013,t,38.39998397602031,38.39998397602031
6014,t,38.39998397602031,38.39998397602031
6015,t,38.39998397602031,38.39998397602031
6016,c,38.39998397602031,38.39998397602031
6017,t,38.39998397602031,38.39998397602031
6018,c,38.39998397602031,38.39998397602031
6019,c,38.39998397602031,38.39998397602031
6020,c,38.39998397602031,38.39998397602031
6021,t,38.39998397602031,38.39998397602031
6022,t,38.39998397602031,38.39998397602031
6023,t,38.39998397602031,38.39998397602031
6024,t,38.39998397602031,38.39998397602031
6025,c,38.39998397602031,38.39998397602031
6026,c,38.39998397602031,38.39998397602031
6027,c,38.39998397602031,38.39998397602031
6028,t,38.39998397602031,38.39998397602031
6029,c,38.39998397602031,38.39998397602031
6030,c,38.39998397602031,38.39998397602031
6031,c,38.39998397602031,38.39998397602031
6032,t,38.39998397602031,38.39998397602031
6033,c,38.39998397602031,38.39998397602031
6034,c,38.39998397602031,38.39998397602031
6035,c,38.39998397602031,38.39998397602031
6036,t,38.39998397602031,38.39998397602031
6037,c,38.39998397602031,38.39998397602031
6038,na,-1,0
6039,c,38.39998397602031,38.39998397602031
6040,t,38.39998397602031,38.39998397602031
6041,c,38.39998397602031,38.39998397602031
6042,c,38.39998397602031,38.39998397602031
6043,c,38.39998397602031,38.39998397602031
6044,t,38.39998397602031,38.39998397602031
6045,c,38.39998397602031,38.39998397602031
6046,c,38.39998397602031,38.39998397602031
6047,c,38.39998397602031,38.39998397602031
6048,c,38.39998397602031,38.39998397602031
6049,c,38.39998397602031,38.39998397602031
6050,t,38.39998397602031,38.39998397602031
6051,c,38.39998397602031,38.39998397602031
6052,c,38.39998397602031,38.39998397602031
6053,c,38.39998397602031,38.39998397602031
6054,t,38.39998397602031,38.39998397602031
6055,t,38.39998397602031,38.39998397602031
6056,c,38.39998397602031,38.39998397602031
6057,t,38.39998397602031,38.39998397602031
6058,t,38.39998397602031,38.39998397602031
6059,c,38.39998397602031,38.39998397602031
6060,c,38.39998397602031,38.39998397602031
6061,t,38.39998397602031,38.39998397602031
6062,t,38.39998397602031,38.39998397602031
6063,c,38.39998397602031,38.39998397602031
6064,c,38.39998397602031,38.39998397602031
6065,c,38.39998397602031,38.39998397602031
6066,t,38.39998397602031,38.39998397602031
6067,c,38.39998397602031,38.39998397602031
6068,t,38.39998397602031,38.39998397602031
6069,t,38.39998397602031,38.39998397602031
6070,c,38.39998397602031,38.39998397602031
6071,t,38.39998397602031,38.39998397602031
6072,c,38.39998397602031,38.39998397602031
6073,t,38.39998397602031,38.39998397602031
6074,c,38.39998397602031,38.39998397602031
6075,t,38.39998397602031,38.39998397602031
6076,t,38.39998397602031,38.39998397602031
6077,t,38.39998397602031,38.39998397602031
6078,c,38.39998397602031,38.39998397602031
6079,c,38.39998397602031,38.39998397602031
6080,t,38.39998397602031,38.39998397602031
6081,t,38.39998397602031,38.39998397602031
6082,t,38.39998397602031,38.39998397602031
6083,c,38.39998397602031,38.39998397602031
6084,c,38.39998397602031,38.39998397602031
6085,t,38.39998397602031,38.39998397602031
6086,c,38.39998397602031,38.39998397602031
6087,t,38.39998397602031,38.39998397602031
6088,c,38.39998397602031,38.39998397602031
6089,t,38.39998397602031,38.39998397602031
6090,t,38.39998397602031,38.39998397602031
6091,t,38.39998397602031,38.39998397602031
6092,c,38.39998397602031,38.39998397602031
6093,c,38.39998397602031,38.39998397602031
6094,t,38.39998397602031,38.39998397602031
6095,t,38.39998397602031,38.39998397602031
6096,t,38.39998397602031,38.39998397602031
6097,t,38.39998397602031,38.39998397602031
6098,t,38.39998397602031,38.39998397602031
6099,c,38.39998397602031,38.39998397602031
6100,t,38.39998397602031,38.39998397602031
6101,c,38.39998397602031,38.39998397602031
6102,c,38.39998397602031,38.39998397602031
6103,na,0,38.39998397602031
6104,t,38.39998397602031,38.39998397602031
6105,t,38.39998397602031,38.39998397602031
6106,t,38.39998397602031,38.39998397602031
6107,t,38.39998397602031,38.39998397602031
6108,c,38.39998397602031,38.39998397602031
6109,c,38.39998397602031,38.39998397602031
6110,c,38.39998397602031,38.39998397602031
6111,c,38.39998397602031,38.39998397602031
6112,c,38.39998397602031,38.39998397602031
6113,c,38.39998397602031,38.39998397602031
6114,c,38.39998397602031,38.39998397602031
6115,c,38.39998397602031,38.39998397602031
6116,c,38.39998397602031,38.39998397602031
6117,c,38.39998397602031,38.39998397602031
6118,t,38.39998397602031,38.39998397602031
6119,t,38.39998397602031,38.39998397602031
6120,c,38.39998397602031,38.39998397602031
6121,c,38.39998397602031,38.39998397602031
6122,t,38.39998397602031,38.39998397602031
6123,c,38.39998397602031,38.39998397602031
6124,c,38.39998397602031,38.39998397602031
6125,c,38.39998397602031,38.39998397602031
6126,c,38.39998397602031,38.39998397602031
6127,c,38.39998397602031,38.39998397602031
6128,t,38.39998397602031,38.39998397602031
6129,c,38.39998397602031,38.39998397602031
6130,t,38.39998397602031,38.39998397602031
6131,t,38.39998397602031,38.39998397602031
6132,c,38.39998397602031,38.39998397602031
6133,c,38.39998397602031,38.39998397602031
6134,t,38.39998397602031,38.39998397602031
6135,c,38.39998397602031,38.39998397602031
6136,c,38.39998397602031,38.39998397602031
6137,na,8.659206809508005,9.223260102202065
6138,c,38.39998397602031,38.39998397602031
6139,c,38.39998397602031,38.39998397602031
6140,c,38.39998397602031,38.39998397602031
6141,c,38.39998397602031,38.39998397602031
6142,t,38.39998397602031,38.39998397602031
6143,c,38.39998397602031,38.39998397602031
6144,c,38.39998397602031,38.39998397602031
6145,c,38.39998397602031,38.39998397602031
6146,t,38.39998397602031,38.39998397602031
6147,c,38.39998397602031,38.39998397602031
6148,c,38.39998397602031,38.39998397602031
6149,t,38.39998397602031,38.39998397602031
6150,t,38.39998397602031,38.39998397602031
6151,t,38.39998397602031,38.39998397602031
6152,c,38.39998397602031,38.39998397602031
6153,c,38.39998397602031,38.39998397602031
6154,t,38.39998397602031,38.39998397602031
6155,c,38.39998397602031,38.39998397602031
6156,t,38.39998397602031,38.39998397602031
6157,c,38.39998397602031,38.39998397602031
6158,c,38.39998397602031,38.39998397602031
6159,c,38.39998397602031,38.39998397602031
6160,c,38.39998397602031,38.39998397602031
6161,t,38.39998397602031,38.39998397602031
6162,t,38.39998397602031,38.39998397602031
6163,t,38.39998397602031,38.39998397602031
6164,c,38.39998397602031,38.39998397602031
6165,c,38.39998397602031,38.39998397602031
6166,c,38.39998397602031,38.39998397602031
6167,c,38.39998397602031,38.39998397602031
6168,t,38.39998397602031,38.39998397602031
6169,t,38.39998397602031,38.39998397602031
6170,t,38.39998397602031,38.39998397602031
6171,c,38.39998397602031,38.39998397602031
6172,c,38.39998397602031,38.39998397602031
6173,c,38.39998397602031,38.39998397602031
6174,c,38.39998397602031,38.39998397602031
6175,t,38.39998397602031,38.39998397602031
6176,c,38.39998397602031,38.39998397602031
6177,t,38.39998397602031,38.39998397602031
6178,t,38.39998397602031,38.39998397602031
6179,t,38.39998397602031,38.39998397602031
6180,t,38.39998397602031,38.39998397602031
6181,c,38.39998397602031,38.39998397602031
6182,c,38.39998397602031,38.39998397602031
6183,c,38.39998397602031,38.39998397602031
6184,t,38.39998397602031,38.39998397602031
6185,c,38.39998397602031,38.39998397602031
6186,c,38.39998397602031,38.39998397602031
6187,t,38.39998397602031,38.39998397602031
6188,t,38.39998397602031,38.39998397602031
6189,t,38.39998397602031,38.39998397602031
6190,t,38.39998397602031,38.39998397602031
6191,t,38.39998397602031,38.39998397602031
6192,c,38.39998397602031,38.39998397602031
6193,c,38.39998397602031,38.39998397602031
6194,t,38.39998397602031,38.39998397602031
6195,t,38.39998397602031,38.39998397602031
6196,t,38.39998397602031,38.39998397602031
6197,c,38.39998397602031,38.39998397602031
6198,c,38.39998397602031,38.39998397602031
6199,t,38.39998397602031,38.39998397602031
6200,c,38.39998397602031,38.39998397602031
6201,c,38.39998397602031,38.39998397602031
6202,c,38.39998397602031,38.39998397602031
6203,c,38.39998397602031,38.39998397602031
6204,c,38.39998397602031,38.39998397602031
6205,c,38.39998397602031,38.39998397602031
6206,c,38.39998397602031,38.39998397602031
6207,c,38.39998397602031,38.39998397602031
6208,c,38.39998397602031,38.39998397602031
6209,t,38.39998397602031,38.39998397602031
6210,t,38.39998397602031,38.39998397602031
6211,t,38.39998397602031,38.39998397602031
6212,c,38.39998397602031,38.39998397602031
6213,t,38.39998397602031,38.39998397602031
6214,t,38.39998397602031,38.39998397602031
6215,t,38.39998397602031,38.39998397602031
6216,t,38.39998397602031,38.39998397602031
6217,c,38.39998397602031,38.39998397602031
6218,c,38.39998397602031,38.39998397602031
6219,c,38.39998397602031,38.39998397602031
6220,t,38.39998397602031,38.39998397602031
6221,t,38.39998397602031,38.39998397602031
6222,c,38.39998397602031,38.39998397602031
6223,c,38.39998397602031,38.39998397602031
6224,c,38.39998397602031,38.39998397602031
6225,c,38.39998397602031,38.39998397602031
6226,c,38.39998397602031,38.39998397602031
6227,c,38.39998397602031,38.39998397602031
6228,c,38.39998397602031,38.39998397602031
6229,t,38.39998397602031,38.39998397602031
6230,c,38.39998397602031,38.39998397602031
6231,c,38.39998397602031,38.39998397602031
6232,c,38.39998397602031,38.39998397602031
6233,c,38.39998397602031,38.39998397602031
6234,c,38.39998397602031,38.39998397602031
6235,t,38.39998397602031,38.39998397602031
6236,c,38.39998397602031,38.39998397602031
6237,c,38.39998397602031,38.39998397602031
6238,t,38.39998397602031,38.39998397602031
6239,t,38.39998397602031,38.39998397602031
6240,t,38.39998397602031,38.39998397602031
6241,t,38.39998397602031,38.39998397602031
6242,c,38.39998397602031,38.39998397602031
6243,c,38.39998397602031,38.39998397602031
6244,c,38.39998397602031,38.39998397602031
6245,c,38.39998397602031,38.39998397602031
6246,t,38.39998397602031,38.39998397602031
6247,c,38.39998397602031,38.39998397602031
6248,t,38.39998397602031,38.39998397602031
6249,c,38.39998397602031,38.39998397602031
6250,c,38.39998397602031,38.39998397602031
6251,t,38.39998397602031,38.39998397602031
6252,c,38.39998397602031,38.39998397602031
6253,t,38.39998397602031,38.39998397602031
6254,c,38.39998397602031,38.39998397602031
6255,t,38.39998397602031,38.39998397602031
6256,t,38.39998397602031,38.39998397602031
6257,c,38.39998397602031,38.39998397602031
6258,t,38.39998397602031,38.39998397602031
6259,t,38.39998397602031,38.39998397602031
6260,t,38.39998397602031,38.39998397602031
6261,t,38.39998397602031,38.39998397602031
6262,c,38.39998397602031,38.39998397602031
6263,c,38.39998397602031,38.39998397602031
6264,t,38.39998397602031,38.39998397602031
6265,c,38.39998397602031,38.39998397602031
6266,t,38.39998397602031,38.39998397602031
6267,c,38.39998397602031,38.39998397602031
6268,t,38.39998397602031,38.39998397602031
6269,c,38.39998397602031,38.39998397602031
6270,c,38.39998397602031,38.39998397602031
6271,c,38.39998397602031,38.39998397602031
6272,c,38.39998397602031,38.39998397602031
6273,c,38.39998397602031,38.39998397602031
6274,t,38.39998397602031,38.39998397602031
6275,c,38.39998397602031,38.39998397602031
6276,c,38.39998397602031,38.39998397602031
6277,t,38.39998397602031,38.39998397602031
6278,t,38.39998397602031,38.39998397602031
6279,t,38.39998397602031,38.39998397602031
6280,t,38.39998397602031,38.39998397602031
6281,c,38.39998397602031,38.39998397602031
6282,t,38.39998397602031,38.39998397602031
6283,c,38.39998397602031,38.39998397602031
6284,t,38.39998397602031,38.39998397602031
6285,t,38.39998397602031,38.39998397602031
6286,c,38.39998397602031,38.39998397602031
6287,c,38.39998397602031,38.39998397602031
6288,t,38.39998397602031,38.39998397602031
6289,t,38.39998397602031,38.39998397602031
6290,c,38.39998397602031,38.39998397602031
6291,t,38.39998397602031,38.39998397602031
6292,t,38.39998397602031,38.39998397602031
6293,t,38.39998397602031,38.39998397602031
6294,t,38.39998397602031,38.39998397602031
6295,t,38.39998397602031,38.39998397602031
6296,c,38.39998397602031,38.39998397602031
6297,c,38.39998397602031,38.39998397602031
6298,t,38.39998397602031,38.39998397602031
6299,t,38.39998397602031,38.39998397602031
6300,c,4.339600994913799,10.16710388684941
6301,c,38.39998397602031,38.39998397602031
6302,t,38.39998397602031,38.39998397602031
6303,t,38.39998397602031,38.39998397602031
6304,t,38.39998397602031,38.39998397602031
6305,t,38.39998397602031,38.39998397602031
6306,t,38.39998397602031,38.39998397602031
6307,c,38.39998397602031,38.39998397602031
6308,t,38.39998397602031,38.39998397602031
6309,c,38.39998397602031,38.39998397602031
6310,c,38.39998397602031,38.39998397602031
6311,c,38.39998397602031,38.39998397602031
6312,c,38.39998397602031,38.39998397602031
6313,t,38.39998397602031,38.39998397602031
6314,t,38.39998397602031,38.39998397602031
6315,t,38.39998397602031,38.39998397602031
6316,t,38.39998397602031,38.39998397602031
6317,c,38.39998397602031,38.39998397602031
6318,t,38.39998397602031,38.39998397602031
6319,t,38.39998397602031,38.39998397602031
6320,t,38.39998397602031,38.39998397602031
6321,c,38.39998397602031,38.39998397602031
6322,c,38.39998397602031,38.39998397602031
6323,t,38.39998397602031,38.39998397602031
6324,t,38.39998397602031,38.39998397602031
6325,c,38.39998397602031,38.39998397602031
6326,t,38.39998397602031,38.39998397602031
6327,c,38.39998397602031,38.39998397602031
6328,t,38.39998397602031,38.39998397602031
6329,t,38.39998397602031,38.39998397602031
6330,c,38.39998397602031,38.39998397602031
6331,t,38.39998397602031,38.39998397602031
6332,t,38.39998397602031,38.39998397602031
6333,c,38.39998397602031,38.39998397602031
6334,c,38.39998397602031,38.39998397602031
6335,c,38.39998397602031,38.39998397602031
6336,c,38.39998397602031,38.39998397602031
6337,t,38.39998397602031,38.39998397602031
6338,t,38.39998397602031,38.39998397602031
6339,t,38.39998397602031,38.39998397602031
6340,t,38.39998397602031,38.39998397602031
6341,t,38.39998397602031,38.39998397602031
6342,c,38.39998397602031,38.39998397602031
6343,c,38.39998397602031,38.39998397602031
6344,c,38.39998397602031,38.39998397602031
6345,t,38.39998397602031,38.39998397602031
6346,t,38.39998397602031,38.39998397602031
6347,t,38.39998397602031,38.39998397602031
6348,t,38.39998397602031,38.39998397602031
6349,c,38.39998397602031,38.39998397602031
6350,t,38.39998397602031,38.39998397602031
6351,t,38.39998397602031,38.39998397602031
6352,c,38.39998397602031,38.39998397602031
6353,c,38.39998397602031,38.39998397602031
6354,t,38.39998397602031,38.39998397602031
6355,t,38.39998397602031,38.39998397602031
6356,c,38.39998397602031,38.39998397602031
6357,c,38.39998397602031,38.39998397602031
6358,t,38.39998397602031,38.39998397602031
6359,c,38.39998397602031,38.39998397602031
6360,c,38.39998397602031,38.39998397602031
6361,t,38.39998397602031,38.39998397602031
6362,t,38.39998397602031,38.39998397602031
6363,c,38.39998397602031,38.39998397602031
6364,c,38.39998397602031,38.39998397602031
6365,t,38.39998397602031,38.39998397602031
6366,c,38.39998397602031,38.39998397602031
6367,c,38.39998397602031,38.39998397602031
6368,c,38.39998397602031,38.39998397602031
6369,t,38.39998397602031,38.39998397602031
6370,t,38.39998397602031,38.39998397602031
6371,c,38.39998397602031,38.39998397602031
6372,c,38.39998397602031,38.39998397602031
6373,t,38.39998397602031,38.39998397602031
6374,c,38.39998397602031,38.39998397602031
6375,c,38.39998397602031,38.39998397602031
6376,t,38.39998397602031,38.39998397602031
6377,c,38.39998397602031,38.39998397602031
6378,t,38.39998397602031,38.39998397602031
6379,c,38.39998397602031,38.39998397602031
6380,c,38.39998397602031,38.39998397602031
6381,c,38.39998397602031,38.39998397602031
6382,c,38.39998397602031,38.39998397602031
6383,t,38.39998397602031,38.39998397602031
6384,t,38.39998397602031,38.39998397602031
6385,c,38.39998397602031,38.39998397602031
6386,t,38.39998397602031,38.39998397602031
6387,c,38.39998397602031,38.39998397602031
6388,t,38.39998397602031,38.39998397602031
6389,t,38.39998397602031,38.39998397602031
6390,c,38.39998397602031,38.39998397602031
6391,t,38.39998397602031,38.39998397602031
6392,t,38.39998397602031,38.39998397602031
6393,c,38.39998397602031,38.39998397602031
6394,c,38.39998397602031,38.39998397602031
6395,t,38.39998397602031,38.39998397602031
6396,t,38.39998397602031,38.39998397602031
6397,c,38.39998397602031,38.39998397602031
6398,t,38.39998397602031,38.39998397602031
6399,c,38.39998397602031,38.39998397602031
6400,t,38.39998397602031,38.39998397602031
6401,t,38.39998397602031,38.39998397602031
6402,c,38.39998397602031,38.39998397602031
6403,t,38.39998397602031,38.39998397602031
6404,c,38.39998397602031,38.39998397602031
6405,c,38.39998397602031,38.39998397602031
6406,t,38.39998397602031,38.39998397602031
6407,t,38.39998397602031,38.39998397602031
6408,t,38.39998397602031,38.39998397602031
6409,t,38.39998397602031,38.39998397602031
6410,c,38.39998397602031,38.39998397602031
6411,t,38.39998397602031,38.39998397602031
6412,t,38.39998397602031,38.39998397602031
6413,t,38.39998397602031,38.39998397602031
6414,c,38.39998397602031,38.39998397602031
6415,t,38.39998397602031,38.39998397602031
6416,t,38.39998397602031,38.39998397602031
6417,t,38.39998397602031,38.39998397602031
6418,c,38.39998397602031,38.39998397602031
6419,t,38.39998397602031,38.39998397602031
6420,t,38.39998397602031,38.39998397602031
6421,c,38.39998397602031,38.39998397602031
6422,c,38.39998397602031,38.39998397602031
6423,t,38.39998397602031,38.39998397602031
6424,t,38.39998397602031,38.39998397602031
6425,c,38.39998397602031,38.39998397602031
6426,t,38.39998397602031,38.39998397602031
6427,t,38.39998397602031,38.39998397602031
6428,t,38.39998397602031,38.39998397602031
6429,c,38.39998397602031,38.39998397602031
6430,t,38.39998397602031,38.39998397602031
6431,c,38.39998397602031,38.39998397602031
6432,c,38.39998397602031,38.39998397602031
6433,t,38.39998397602031,38.39998397602031
6434,c,38.39998397602031,38.39998397602031
6435,c,38.39998397602031,38.39998397602031
6436,t,38.39998397602031,38.39998397602031
6437,c,38.39998397602031,38.39998397602031
6438,c,38.39998397602031,38.39998397602031
6439,t,38.39998397602031,38.39998397602031
6440,c,38.39998397602031,38.39998397602031
6441,c,38.39998397602031,38.39998397602031
6442,t,38.39998397602031,38.39998397602031
6443,t,38.39998397602031,38.39998397602031
6444,c,38.39998397602031,38.39998397602031
6445,t,38.39998397602031,38.39998397602031
6446,t,38.39998397602031,38.39998397602031
6447,c,38.39998397602031,38.39998397602031
6448,c,38.39998397602031,38.39998397602031
6449,c,38.39998397602031,38.39998397602031
6450,c,38.39998397602031,38.39998397602031
6451,t,38.39998397602031,38.39998397602031
6452,t,38.39998397602031,38.39998397602031
6453,t,38.39998397602031,38.39998397602031
6454,c,38.39998397602031,38.39998397602031
6455,t,38.39998397602031,38.39998397602031
6456,c,38.39998397602031,38.39998397602031
6457,t,38.39998397602031,38.39998397602031
6458,c,38.39998397602031,38.39998397602031
6459,c,38.39998397602031,38.39998397602031
6460,c,38.39998397602031,38.39998397602031
6461,t,38.39998397602031,38.39998397602031
6462,t,38.39998397602031,38.39998397602031
6463,c,38.39998397602031,38.39998397602031
6464,t,38.39998397602031,38.39998397602031
6465,c,38.39998397602031,38.39998397602031
6466,c,38.39998397602031,38.39998397602031
6467,c,38.39998397602031,38.39998397602031
6468,t,38.39998397602031,38.39998397602031
6469,c,38.39998397602031,38.39998397602031
6470,t,38.39998397602031,38.39998397602031
6471,t,38.39998397602031,38.39998397602031
6472,c,38.39998397602031,38.39998397602031
6473,c,38.39998397602031,38.39998397602031
6474,c,38.39998397602031,38.39998397602031
6475,c,38.39998397602031,38.39998397602031
6476,t,38.39998397602031,38.39998397602031
6477,c,38.39998397602031,38.39998397602031
6478,c,38.39998397602031,38.39998397602031
6479,c,38.39998397602031,38.39998397602031
6480,t,38.39998397602031,38.39998397602031
6481,c,38.39998397602031,38.39998397602031
6482,c,38.39998397602031,38.39998397602031
6483,c,38.39998397602031,38.39998397602031
6484,c,38.39998397602031,38.39998397602031
6485,t,38.39998397602031,38.39998397602031
6486,t,38.39998397602031,38.39998397602031
6487,t,38.39998397602031,38.39998397602031
6488,t,38.39998397602031,38.39998397602031
6489,t,38.39998397602031,38.39998397602031
6490,c,38.39998397602031,38.39998397602031
6491,c,38.39998397602031,38.39998397602031
6492,t,38.39998397602031,38.39998397602031
6493,t,38.39998397602031,38.39998397602031
6494,t,38.39998397602031,38.39998397602031
6495,t,38.39998397602031,38.39998397602031
6496,t,38.39998397602031,38.39998397602031
6497,c,38.39998397602031,38.39998397602031
6498,c,38.39998397602031,38.39998397602031
6499,t,38.39998397602031,38.39998397602031
6500,c,38.39998397602031,38.39998397602031
6501,t,38.39998397602031,38.39998397602031
6502,t,38.39998397602031,38.39998397602031
6503,t,38.39998397602031,38.39998397602031
6504,c,38.39998397602031,38.39998397602031
6505,t,38.39998397602031,38.39998397602031
6506,t,38.39998397602031,38.39998397602031
6507,t,38.39998397602031,38.39998397602031
6508,c,38.39998397602031,38.39998397602031
6509,t,38.39998397602031,38.39998397602031
6510,c,38.39998397602031,38.39998397602031
6511,c,38.39998397602031,38.39998397602031
6512,t,38.39998397602031,38.39998397602031
6513,t,38.39998397602031,38.39998397602031
6514,t,38.39998397602031,38.39998397602031
6515,t,38.39998397602031,38.39998397602031
6516,c,38.39998397602031,38.39998397602031
6517,t,38.39998397602031,38.39998397602031
6518,t,38.39998397602031,38.39998397602031
6519,c,38.39998397602031,38.39998397602031
6520,c,38.39998397602031,38.39998397602031
6521,c,38.39998397602031,38.39998397602031
6522,c,38.39998397602031,38.39998397602031
6523,c,38.39998397602031,38.39998397602031
6524,c,38.39998397602031,38.39998397602031
6525,t,38.39998397602031,38.39998397602031
6526,t,38.39998397602031,38.39998397602031
6527,na,-1,0
6528,t,38.39998397602031,38.39998397602031
6529,c,38.39998397602031,38.39998397602031
6530,c,38.39998397602031,38.39998397602031
6531,t,38.39998397602031,38.39998397602031
6532,c,38.39998397602031,38.39998397602031
6533,t,38.39998397602031,38.39998397602031
6534,c,38.39998397602031,38.39998397602031
6535,t,38.39998397602031,38.39998397602031
6536,c,38.39998397602031,38.39998397602031
6537,t,38.39998397602031,38.39998397602031
6538,c,38.39998397602031,38.39998397602031
6539,t,38.39998397602031,38.39998397602031
6540,t,38.39998397602031,38.39998397602031
6541,t,38.39998397602031,38.39998397602031
6542,t,38.39998397602031,38.39998397602031
6543,t,38.39998397602031,38.39998397602031
6544,t,38.39998397602031,38.39998397602031
6545,c,38.39998397602031,38.39998397602031
6546,c,38.39998397602031,38.39998397602031
6547,t,38.39998397602031,38.39998397602031
6548,c,38.39998397602031,38.39998397602031
6549,t,38.39998397602031,38.39998397602031
6550,t,38.39998397602031,38.39998397602031
6551,c,6.07353937464839,8.571062031241357
6552,t,38.39998397602031,38.39998397602031
6553,c,38.39998397602031,38.39998397602031
6554,c,38.39998397602031,38.39998397602031
6555,t,38.39998397602031,38.39998397602031
6556,c,38.39998397602031,38.39998397602031
6557,c,38.39998397602031,38.39998397602031
6558,c,38.39998397602031,38.39998397602031
6559,c,38.39998397602031,38.39998397602031
6560,t,38.39998397602031,38.39998397602031
6561,c,38.39998397602031,38.39998397602031
6562,t,38.39998397602031,38.39998397602031
6563,t,38.39998397602031,38.39998397602031
6564,c,38.39998397602031,38.39998397602031
6565,t,38.39998397602031,38.39998397602031
6566,c,38.39998397602031,38.39998397602031
6567,t,38.39998397602031,38.39998397602031
6568,c,38.39998397602031,38.39998397602031
6569,c,38.39998397602031,38.39998397602031
6570,c,38.39998397602031,38.39998397602031
6571,c,38.39998397602031,38.39998397602031
6572,t,38.39998397602031,38.39998397602031
6573,t,38.39998397602031,38.39998397602031
6574,c,17.49145192495067,17.93463033816368
6575,c,38.39998397602031,38.39998397602031
6576,t,38.39998397602031,38.39998397602031
6577,t,38.39998397602031,38.39998397602031
6578,c,38.39998397602031,38.39998397602031
6579,c,38.39998397602031,38.39998397602031
6580,c,38.39998397602031,38.39998397602031
6581,c,38.39998397602031,38.39998397602031
6582,c,38.39998397602031,38.39998397602031
6583,t,38.39998397602031,38.39998397602031
6584,t,38.39998397602031,38.39998397602031
6585,c,38.39998397602031,38.39998397602031
6586,t,38.39998397602031,38.39998397602031
6587,t,38.39998397602031,38.39998397602031
6588,na,8.316816205274122,12.294022610000988
6589,c,38.39998397602031,38.39998397602031
6590,t,38.39998397602031,38.39998397602031
6591,t,38.39998397602031,38.39998397602031
6592,c,38.39998397602031,38.39998397602031
6593,t,38.39998397602031,38.39998397602031
6594,t,38.39998397602031,38.39998397602031
6595,c,38.39998397602031,38.39998397602031
6596,c,38.39998397602031,38.39998397602031
6597,c,38.39998397602031,38.39998397602031
6598,c,38.39998397602031,38.39998397602031
6599,c,38.39998397602031,38.39998397602031
6600,t,38.39998397602031,38.39998397602031
6601,t,38.39998397602031,38.39998397602031
6602,t,38.39998397602031,38.39998397602031
6603,t,38.39998397602031,38.39998397602031
6604,c,38.39998397602031,38.39998397602031
6605,c,38.39998397602031,38.39998397602031
6606,t,38.39998397602031,38.39998397602031
6607,t,38.39998397602031,38.39998397602031
6608,t,38.39998397602031,38.39998397602031
6609,c,38.39998397602031,38.39998397602031
6610,na,4.19821094972514,6.719885049551203
6611,c,38.39998397602031,38.39998397602031
6612,t,38.39998397602031,38.39998397602031
6613,t,38.39998397602031,38.39998397602031
6614,c,38.39998397602031,38.39998397602031
6615,c,38.39998397602031,38.39998397602031
6616,t,38.39998397602031,38.39998397602031
6617,t,38.39998397602031,38.39998397602031
6618,t,38.39998397602031,38.39998397602031
6619,t,38.39998397602031,38.39998397602031
6620,t,38.39998397602031,38.39998397602031
6621,t,38.39998397602031,38.39998397602031
6622,c,38.39998397602031,38.39998397602031
6623,t,38.39998397602031,38.39998397602031
6624,c,38.39998397602031,38.39998397602031
6625,t,38.39998397602031,38.39998397602031
6626,na,0,2.432306172473798
6627,c,38.39998397602031,38.39998397602031
6628,t,38.39998397602031,38.39998397602031
6629,c,38.39998397602031,38.39998397602031
6630,c,38.39998397602031,38.39998397602031
6631,t,38.39998397602031,38.39998397602031
6632,t,38.39998397602031,38.39998397602031
6633,c,38.39998397602031,38.39998397602031
6634,t,38.39998397602031,38.39998397602031
6635,c,38.39998397602031,38.39998397602031
6636,c,38.39998397602031,38.39998397602031
6637,c,38.39998397602031,38.39998397602031
6638,c,38.39998397602031,38.39998397602031
6639,t,38.39998397602031,38.39998397602031
6640,c,38.39998397602031,38.39998397602031
6641,c,38.39998397602031,38.39998397602031
6642,t,38.39998397602031,38.39998397602031
6643,t,38.39998397602031,38.39998397602031
6644,t,38.39998397602031,38.39998397602031
6645,c,38.39998397602031,38.39998397602031
6646,c,38.39998397602031,38.39998397602031
6647,c,38.39998397602031,38.39998397602031
6648,t,38.39998397602031,38.39998397602031
6649,t,38.39998397602031,38.39998397602031
6650,t,38.39998397602031,38.39998397602031
6651,c,38.39998397602031,38.39998397602031
6652,c,38.39998397602031,38.39998397602031
6653,t,38.39998397602031,38.39998397602031
6654,t,38.39998397602031,38.39998397602031
6655,c,38.39998397602031,38.39998397602031
6656,t,38.39998397602031,38.39998397602031
6657,t,38.39998397602031,38.39998397602031
6658,c,38.39998397602031,38.39998397602031
6659,c,38.39998397602031,38.39998397602031
6660,c,38.39998397602031,38.39998397602031
6661,t,38.39998397602031,38.39998397602031
6662,c,38.39998397602031,38.39998397602031
6663,t,38.39998397602031,38.39998397602031
6664,t,38.39998397602031,38.39998397602031
6665,c,38.39998397602031,38.39998397602031
6666,c,38.39998397602031,38.39998397602031
6667,t,38.39998397602031,38.39998397602031
6668,t,38.39998397602031,38.39998397602031
6669,c,38.39998397602031,38.39998397602031
6670,t,38.39998397602031,38.39998397602031
6671,t,38.39998397602031,38.39998397602031
6672,t,38.39998397602031,38.39998397602031
6673,t,38.39998397602031,38.39998397602031
6674,c,38.39998397602031,38.39998397602031
6675,c,38.39998397602031,38.39998397602031
6676,t,38.39998397602031,38.39998397602031
6677,t,38.39998397602031,38.39998397602031
6678,c,38.39998397602031,38.39998397602031
6679,c,38.39998397602031,38.39998397602031
6680,c,38.39998397602031,38.39998397602031
6681,na,-1,0
6682,c,38.39998397602031,38.39998397602031
6683,c,38.39998397602031,38.39998397602031
6684,c,38.39998397602031,38.39998397602031
6685,c,38.39998397602031,38.39998397602031
6686,c,38.39998397602031,38.39998397602031
6687,t,38.39998397602031,38.39998397602031
6688,t,38.39998397602031,38.39998397602031
6689,c,38.39998397602031,38.39998397602031
6690,c,38.39998397602031,38.39998397602031
6691,c,38.39998397602031,38.39998397602031
6692,t,38.39998397602031,38.39998397602031
6693,t,38.39998397602031,38.39998397602031
6694,t,38.39998397602031,38.39998397602031
6695,t,38.39998397602031,38.39998397602031
6696,t,38.39998397602031,38.39998397602031
6697,c,38.39998397602031,38.39998397602031
6698,t,38.39998397602031,38.39998397602031
6699,t,38.39998397602031,38.39998397602031
6700,c,38.39998397602031,38.39998397602031
6701,t,38.39998397602031,38.39998397602031
6702,c,38.39998397602031,38.39998397602031
6703,t,38.39998397602031,38.39998397602031
6704,c,38.39998397602031,38.39998397602031
6705,t,38.39998397602031,38.39998397602031
6706,t,38.39998397602031,38.39998397602031
6707,na,10.034159705905688,17.860296994283125
6708,c,38.39998397602031,38.39998397602031
6709,c,38.39998397602031,38.39998397602031
6710,t,38.39998397602031,38.39998397602031
6711,t,38.39998397602031,38.39998397602031
6712,c,38.39998397602031,38.39998397602031
6713,t,38.39998397602031,38.39998397602031
6714,t,38.39998397602031,38.39998397602031
6715,t,38.39998397602031,38.39998397602031
6716,t,38.39998397602031,38.39998397602031
6717,t,38.39998397602031,38.39998397602031
6718,t,38.39998397602031,38.39998397602031
6719,t,38.39998397602031,38.39998397602031
6720,t,38.39998397602031,38.39998397602031
6721,c,38.39998397602031,38.39998397602031
6722,c,38.39998397602031,38.39998397602031
6723,t,38.39998397602031,38.39998397602031
6724,t,38.39998397602031,38.39998397602031
6725,t,38.39998397602031,38.39998397602031
6726,t,38.39998397602031,38.39998397602031
6727,t,38.39998397602031,38.39998397602031
6728,c,38.39998397602031,38.39998397602031
6729,t,38.39998397602031,38.39998397602031
6730,c,38.39998397602031,38.39998397602031
6731,c,38.39998397602031,38.39998397602031
6732,c,38.39998397602031,38.39998397602031
6733,t,38.39998397602031,38.39998397602031
6734,t,38.39998397602031,38.39998397602031
6735,t,38.39998397602031,38.39998397602031
6736,t,38.39998397602031,38.39998397602031
6737,t,38.39998397602031,38.39998397602031
6738,t,38.39998397602031,38.39998397602031
6739,c,38.39998397602031,38.39998397602031
6740,c,38.39998397602031,38.39998397602031
6741,t,38.39998397602031,38.39998397602031
6742,c,38.39998397602031,38.39998397602031
6743,c,38.39998397602031,38.39998397602031
6744,c,38.39998397602031,38.39998397602031
6745,c,38.39998397602031,38.39998397602031
6746,t,38.39998397602031,38.39998397602031
6747,c,38.39998397602031,38.39998397602031
6748,c,38.39998397602031,38.39998397602031
6749,c,38.39998397602031,38.39998397602031
6750,t,38.39998397602031,38.39998397602031
6751,c,38.39998397602031,38.39998397602031
6752,t,38.39998397602031,38.39998397602031
6753,c,38.39998397602031,38.39998397602031
6754,t,38.39998397602031,38.39998397602031
6755,c,38.39998397602031,38.39998397602031
6756,t,38.39998397602031,38.39998397602031
6757,c,38.39998397602031,38.39998397602031
6758,t,38.39998397602031,38.39998397602031
6759,t,38.39998397602031,38.39998397602031
6760,t,38.39998397602031,38.39998397602031
6761,c,38.39998397602031,38.39998397602031
6762,t,38.39998397602031,38.39998397602031
6763,c,38.39998397602031,38.39998397602031
6764,t,38.39998397602031,38.39998397602031
6765,c,38.39998397602031,38.39998397602031
6766,c,38.39998397602031,38.39998397602031
6767,c,38.39998397602031,38.39998397602031
6768,c,38.39998397602031,38.39998397602031
6769,c,38.39998397602031,38.39998397602031
6770,c,38.39998397602031,38.39998397602031
6771,t,38.39998397602031,38.39998397602031
6772,c,38.39998397602031,38.39998397602031
6773,c,38.39998397602031,38.39998397602031
6774,t,38.39998397602031,38.39998397602031
6775,t,38.39998397602031,38.39998397602031
6776,t,38.39998397602031,38.39998397602031
6777,t,38.39998397602031,38.39998397602031
6778,c,38.39998397602031,38.39998397602031
6779,c,38.39998397602031,38.39998397602031
6780,c,38.39998397602031,38.39998397602031
6781,t,38.39998397602031,38.39998397602031
6782,c,38.39998397602031,38.39998397602031
6783,c,38.39998397602031,38.39998397602031
6784,t,38.39998397602031,38.39998397602031
6785,c,38.39998397602031,38.39998397602031
6786,t,38.39998397602031,38.39998397602031
6787,c,38.39998397602031,38.39998397602031
6788,t,38.39998397602031,38.39998397602031
6789,t,38.39998397602031,38.39998397602031
6790,t,38.39998397602031,38.39998397602031
6791,t,38.39998397602031,38.39998397602031
6792,t,38.39998397602031,38.39998397602031
6793,c,38.39998397602031,38.39998397602031
6794,t,38.39998397602031,38.39998397602031
6795,c,38.39998397602031,38.39998397602031
6796,t,38.39998397602031,38.39998397602031
6797,c,38.39998397602031,38.39998397602031
6798,t,38.39998397602031,38.39998397602031
6799,t,38.39998397602031,38.39998397602031
6800,c,38.39998397602031,38.39998397602031
6801,c,38.39998397602031,38.39998397602031
6802,t,38.39998397602031,38.39998397602031
6803,t,38.39998397602031,38.39998397602031
6804,c,38.39998397602031,38.39998397602031
6805,t,38.39998397602031,38.39998397602031
6806,t,38.39998397602031,38.39998397602031
6807,t,38.39998397602031,38.39998397602031
6808,c,38.39998397602031,38.39998397602031
6809,c,38.39998397602031,38.39998397602031
6810,t,38.39998397602031,38.39998397602031
6811,c,38.39998397602031,38.39998397602031
6812,c,38.39998397602031,38.39998397602031
6813,c,38.39998397602031,38.39998397602031
6814,t,38.39998397602031,38.39998397602031
6815,t,38.39998397602031,38.39998397602031
6816,c,38.39998397602031,38.39998397602031
6817,t,38.39998397602031,38.39998397602031
6818,t,38.39998397602031,38.39998397602031
6819,c,38.39998397602031,38.39998397602031
6820,t,38.39998397602031,38.39998397602031
6821,c,38.39998397602031,38.39998397602031
6822,c,38.39998397602031,38.39998397602031
6823,c,38.39998397602031,38.39998397602031
6824,t,38.39998397602031,38.39998397602031
6825,t,38.39998397602031,38.39998397602031
6826,t,38.39998397602031,38.39998397602031
6827,c,38.39998397602031,38.39998397602031
6828,c,38.39998397602031,38.39998397602031
6829,c,38.39998397602031,38.39998397602031
6830,c,38.39998397602031,38.39998397602031
6831,t,38.39998397602031,38.39998397602031
6832,c,38.39998397602031,38.39998397602031
6833,c,38.39998397602031,38.39998397602031
6834,c,38.39998397602031,38.39998397602031
6835,t,38.39998397602031,38.39998397602031
6836,t,38.39998397602031,38.39998397602031
6837,c,38.39998397602031,38.39998397602031
6838,t,38.39998397602031,38.39998397602031
6839,t,38.39998397602031,38.39998397602031
6840,t,38.39998397602031,38.39998397602031
6841,c,38.39998397602031,38.39998397602031
6842,t,38.39998397602031,38.39998397602031
6843,t,38.39998397602031,38.39998397602031
6844,c,38.39998397602031,38.39998397602031
6845,t,38.39998397602031,38.39998397602031
6846,c,38.39998397602031,38.39998397602031
6847,c,38.39998397602031,38.39998397602031
6848,t,38.39998397602031,38.39998397602031
6849,c,38.39998397602031,38.39998397602031
6850,t,38.39998397602031,38.39998397602031
6851,na,1.4870823020040955,6.713303993891873
6852,t,38.39998397602031,38.39998397602031
6853,t,38.39998397602031,38.39998397602031
6854,c,38.39998397602031,38.39998397602031
6855,t,38.39998397602031,38.39998397602031
6856,c,38.39998397602031,38.39998397602031
6857,c,38.39998397602031,38.39998397602031
6858,c,38.39998397602031,38.39998397602031
6859,c,38.39998397602031,38.39998397602031
6860,c,38.39998397602031,38.39998397602031
6861,t,38.39998397602031,38.39998397602031
6862,c,38.39998397602031,38.39998397602031
6863,t,38.39998397602031,38.39998397602031
6864,c,38.39998397602031,38.39998397602031
6865,t,38.39998397602031,38.39998397602031
6866,c,38.39998397602031,38.39998397602031
6867,c,38.39998397602031,38.39998397602031
6868,c,38.39998397602031,38.39998397602031
6869,c,38.39998397602031,38.39998397602031
6870,t,38.39998397602031,38.39998397602031
6871,c,38.39998397602031,38.39998397602031
6872,c,38.39998397602031,38.39998397602031
6873,t,38.39998397602031,38.39998397602031
6874,c,38.39998397602031,38.39998397602031
6875,c,38.39998397602031,38.39998397602031
6876,c,38.39998397602031,38.39998397602031
6877,c,38.39998397602031,38.39998397602031
6878,c,38.39998397602031,38.39998397602031
6879,t,38.39998397602031,38.39998397602031
6880,t,38.39998397602031,38.39998397602031
6881,t,38.39998397602031,38.39998397602031
6882,c,38.39998397602031,38.39998397602031
6883,t,38.39998397602031,38.39998397602031
6884,c,38.39998397602031,38.39998397602031
6885,t,38.39998397602031,38.39998397602031
6886,t,38.39998397602031,38.39998397602031
6887,t,38.39998397602031,38.39998397602031
6888,c,38.39998397602031,38.39998397602031
6889,t,38.39998397602031,38.39998397602031
6890,c,38.39998397602031,38.39998397602031
6891,t,38.39998397602031,38.39998397602031
6892,t,38.39998397602031,38.39998397602031
6893,t,38.39998397602031,38.39998397602031
6894,t,38.39998397602031,38.39998397602031
6895,c,38.39998397602031,38.39998397602031
6896,t,38.39998397602031,38.39998397602031
6897,c,38.39998397602031,38.39998397602031
6898,t,38.39998397602031,38.39998397602031
6899,c,38.39998397602031,38.39998397602031
6900,t,38.39998397602031,38.39998397602031
6901,c,38.39998397602031,38.39998397602031
6902,c,38.39998397602031,38.39998397602031
6903,t,38.39998397602031,38.39998397602031
6904,c,38.39998397602031,38.39998397602031
6905,c,38.39998397602031,38.39998397602031
6906,c,38.39998397602031,38.39998397602031
6907,t,38.39998397602031,38.39998397602031
6908,t,38.39998397602031,38.39998397602031
6909,c,38.39998397602031,38.39998397602031
6910,c,38.39998397602031,38.39998397602031
6911,t,38.39998397602031,38.39998397602031
6912,t,38.39998397602031,38.39998397602031
6913,c,38.39998397602031,38.39998397602031
6914,c,38.39998397602031,38.39998397602031
6915,t,38.39998397602031,38.39998397602031
6916,c,38.39998397602031,38.39998397602031
6917,t,38.39998397602031,38.39998397602031
6918,c,38.39998397602031,38.39998397602031
6919,t,38.39998397602031,38.39998397602031
6920,c,38.39998397602031,38.39998397602031
6921,c,38.39998397602031,38.39998397602031
6922,c,38.39998397602031,38.39998397602031
6923,t,38.39998397602031,38.39998397602031
6924,t,38.39998397602031,38.39998397602031
6925,c,38.39998397602031,38.39998397602031
6926,t,38.39998397602031,38.39998397602031
6927,t,38.39998397602031,38.39998397602031
6928,t,38.39998397602031,38.39998397602031
6929,t,38.39998397602031,38.39998397602031
6930,c,38.39998397602031,38.39998397602031
6931,t,38.39998397602031,38.39998397602031
6932,t,38.39998397602031,38.39998397602031
6933,c,38.39998397602031,38.39998397602031
6934,c,38.39998397602031,38.39998397602031
6935,t,38.39998397602031,38.39998397602031
6936,t,38.39998397602031,38.39998397602031
6937,t,38.39998397602031,38.39998397602031
6938,c,38.39998397602031,38.39998397602031
6939,t,38.39998397602031,38.39998397602031
6940,c,38.39998397602031,38.39998397602031
6941,c,38.39998397602031,38.39998397602031
6942,c,38.39998397602031,38.39998397602031
6943,c,38.39998397602031,38.39998397602031
6944,c,38.39998397602031,38.39998397602031
6945,c,38.39998397602031,38.39998397602031
6946,c,38.39998397602031,38.39998397602031
6947,c,38.39998397602031,38.39998397602031
6948,c,38.39998397602031,38.39998397602031
6949,c,38.39998397602031,38.39998397602031
6950,c,38.39998397602031,38.39998397602031
6951,c,38.39998397602031,38.39998397602031
6952,c,4.910082494522584,8.490513385596682
6953,t,38.39998397602031,38.39998397602031
6954,c,38.39998397602031,38.39998397602031
6955,t,38.39998397602031,38.39998397602031
6956,c,38.39998397602031,38.39998397602031
6957,c,38.39998397602031,38.39998397602031
6958,na,0,6.580254718562389
6959,t,38.39998397602031,38.39998397602031
6960,c,38.39998397602031,38.39998397602031
6961,t,38.39998397602031,38.39998397602031
6962,c,38.39998397602031,38.39998397602031
6963,c,38.39998397602031,38.39998397602031
6964,c,38.39998397602031,38.39998397602031
6965,c,38.39998397602031,38.39998397602031
6966,t,38.39998397602031,38.39998397602031
6967,c,38.39998397602031,38.39998397602031
6968,t,38.39998397602031,38.39998397602031
6969,t,38.39998397602031,38.39998397602031
6970,c,38.39998397602031,38.39998397602031
6971,t,38.39998397602031,38.39998397602031
6972,t,38.39998397602031,38.39998397602031
6973,c,38.39998397602031,38.39998397602031
6974,c,38.39998397602031,38.39998397602031
6975,t,38.39998397602031,38.39998397602031
6976,t,38.39998397602031,38.39998397602031
6977,t,38.39998397602031,38.39998397602031
6978,c,38.39998397602031,38.39998397602031
6979,c,38.39998397602031,38.39998397602031
6980,c,38.39998397602031,38.39998397602031
6981,c,38.39998397602031,38.39998397602031
6982,t,38.39998397602031,38.39998397602031
6983,t,38.39998397602031,38.39998397602031
6984,t,38.39998397602031,38.39998397602031
6985,t,38.39998397602031,38.39998397602031
6986,c,38.39998397602031,38.39998397602031
6987,na,2.091306645988353,9.378971654921695
6988,t,38.39998397602031,38.39998397602031
6989,t,38.39998397602031,38.39998397602031
6990,t,38.39998397602031,38.39998397602031
6991,t,38.39998397602031,38.39998397602031
6992,c,38.39998397602031,38.39998397602031
6993,t,38.39998397602031,38.39998397602031
6994,t,38.39998397602031,38.39998397602031
6995,t,38.39998397602031,38.39998397602031
6996,c,38.39998397602031,38.39998397602031
6997,c,38.39998397602031,38.39998397602031
6998,t,38.39998397602031,38.39998397602031
6999,c,38.39998397602031,38.39998397602031
7000,t,38.39998397602031,38.39998397602031
7001,c,38.39998397602031,38.39998397602031
7002,c,38.39998397602031,38.39998397602031
7003,c,38.39998397602031,38.39998397602031
7004,t,38.39998397602031,38.39998397602031
7005,t,38.39998397602031,38.39998397602031
7006,c,38.39998397602031,38.39998397602031
7007,t,38.39998397602031,38.39998397602031
7008,t,38.39998397602031,38.39998397602031
7009,t,38.39998397602031,38.39998397602031
7010,c,38.39998397602031,38.39998397602031
7011,t,38.39998397602031,38.39998397602031
7012,c,38.39998397602031,38.39998397602031
7013,c,38.39998397602031,38.39998397602031
7014,t,38.39998397602031,38.39998397602031
7015,t,38.39998397602031,38.39998397602031
7016,t,38.39998397602031,38.39998397602031
7017,t,38.39998397602031,38.39998397602031
7018,c,38.39998397602031,38.39998397602031
7019,c,38.39998397602031,38.39998397602031
7020,c,38.39998397602031,38.39998397602031
7021,t,38.39998397602031,38.39998397602031
7022,t,38.39998397602031,38.39998397602031
7023,c,38.39998397602031,38.39998397602031
7024,t,38.39998397602031,38.39998397602031
7025,t,38.39998397602031,38.39998397602031
7026,t,38.39998397602031,38.39998397602031
7027,c,38.39998397602031,38.39998397602031
7028,t,38.39998397602031,38.39998397602031
7029,t,38.39998397602031,38.39998397602031
7030,t,38.39998397602031,38.39998397602031
7031,c,38.39998397602031,38.39998397602031
7032,t,38.39998397602031,38.39998397602031
7033,t,38.39998397602031,38.39998397602031
7034,c,38.39998397602031,38.39998397602031
7035,t,38.39998397602031,38.39998397602031
7036,t,38.39998397602031,38.39998397602031
7037,t,38.39998397602031,38.39998397602031
7038,c,38.39998397602031,38.39998397602031
7039,t,38.39998397602031,38.39998397602031
7040,c,38.39998397602031,38.39998397602031
7041,c,38.39998397602031,38.39998397602031
7042,t,38.39998397602031,38.39998397602031
7043,c,38.39998397602031,38.39998397602031
7044,c,38.39998397602031,38.39998397602031
7045,c,38.39998397602031,38.39998397602031
7046,t,38.39998397602031,38.39998397602031
7047,c,38.39998397602031,38.39998397602031
7048,t,38.39998397602031,38.39998397602031
7049,t,38.39998397602031,38.39998397602031
7050,c,38.39998397602031,38.39998397602031
7051,c,38.39998397602031,38.39998397602031
7052,na,2.404103734999927,4.5069182448429075
7053,t,38.39998397602031,38.39998397602031
7054,t,38.39998397602031,38.39998397602031
7055,t,38.39998397602031,38.39998397602031
7056,t,38.39998397602031,38.39998397602031
7057,c,38.39998397602031,38.39998397602031
7058,c,38.39998397602031,38.39998397602031
7059,t,38.39998397602031,38.39998397602031
7060,t,38.39998397602031,38.39998397602031
7061,c,38.39998397602031,38.39998397602031
7062,na,-1,0
7063,t,38.39998397602031,38.39998397602031
7064,t,38.39998397602031,38.39998397602031
7065,c,38.39998397602031,38.39998397602031
7066,t,38.39998397602031,38.39998397602031
7067,t,38.39998397602031,38.39998397602031
7068,t,38.39998397602031,38.39998397602031
7069,c,38.39998397602031,38.39998397602031
7070,t,38.39998397602031,38.39998397602031
7071,c,38.39998397602031,38.39998397602031
7072,c,38.39998397602031,38.39998397602031
7073,t,38.39998397602031,38.39998397602031
7074,c,38.39998397602031,38.39998397602031
7075,c,38.39998397602031,38.39998397602031
7076,c,38.39998397602031,38.39998397602031
7077,c,38.39998397602031,38.39998397602031
7078,c,38.39998397602031,38.39998397602031
7079,c,38.39998397602031,38.39998397602031
7080,t,38.39998397602031,38.39998397602031
7081,c,38.39998397602031,38.39998397602031
7082,c,38.39998397602031,38.39998397602031
7083,t,38.39998397602031,38.39998397602031
7084,c,38.39998397602031,38.39998397602031
7085,t,38.39998397602031,38.39998397602031
7086,c,38.39998397602031,38.39998397602031
7087,t,38.39998397602031,38.39998397602031
7088,c,38.39998397602031,38.39998397602031
7089,t,38.39998397602031,38.39998397602031
7090,c,38.39998397602031,38.39998397602031
7091,c,38.39998397602031,38.39998397602031
7092,t,38.39998397602031,38.39998397602031
7093,c,38.39998397602031,38.39998397602031
7094,t,38.39998397602031,38.39998397602031
7095,c,38.39998397602031,38.39998397602031
7096,t,38.39998397602031,38.39998397602031
7097,t,38.39998397602031,38.39998397602031
7098,c,38.39998397602031,38.39998397602031
7099,t,38.39998397602031,38.39998397602031
7100,c,38.39998397602031,38.39998397602031
7101,t,38.39998397602031,38.39998397602031
7102,t,38.39998397602031,38.39998397602031
7103,t,38.39998397602031,38.39998397602031
7104,t,38.39998397602031,38.39998397602031
7105,t,38.39998397602031,38.39998397602031
7106,t,38.39998397602031,38.39998397602031
7107,c,38.39998397602031,38.39998397602031
7108,c,38.39998397602031,38.39998397602031
7109,t,38.39998397602031,38.39998397602031
7110,c,38.39998397602031,38.39998397602031
7111,t,38.39998397602031,38.39998397602031
7112,c,38.39998397602031,38.39998397602031
7113,t,38.39998397602031,38.39998397602031
7114,c,38.39998397602031,38.39998397602031
7115,na,-1,0
7116,t,38.39998397602031,38.39998397602031
7117,t,38.39998397602031,38.39998397602031
7118,c,38.39998397602031,38.39998397602031
7119,t,38.39998397602031,38.39998397602031
7120,t,38.39998397602031,38.39998397602031
7121,c,38.39998397602031,38.39998397602031
7122,c,38.39998397602031,38.39998397602031
7123,c,38.39998397602031,38.39998397602031
7124,c,38.39998397602031,38.39998397602031
7125,c,38.39998397602031,38.39998397602031
7126,c,38.39998397602031,38.39998397602031
7127,t,38.39998397602031,38.39998397602031
7128,t,38.39998397602031,38.39998397602031
7129,c,38.39998397602031,38.39998397602031
7130,c,38.39998397602031,38.39998397602031
7131,t,38.39998397602031,38.39998397602031
7132,c,38.39998397602031,38.39998397602031
7133,c,38.39998397602031,38.39998397602031
7134,t,38.39998397602031,38.39998397602031
7135,c,38.39998397602031,38.39998397602031
7136,t,38.39998397602031,38.39998397602031
7137,t,38.39998397602031,38.39998397602031
7138,c,38.39998397602031,38.39998397602031
7139,t,38.39998397602031,38.39998397602031
7140,na,11.334300812329484,14.133488424688338
7141,c,38.39998397602031,38.39998397602031
7142,t,38.39998397602031,38.39998397602031
7143,c,38.39998397602031,38.39998397602031
7144,c,38.39998397602031,38.39998397602031
7145,t,38.39998397602031,38.39998397602031
7146,t,38.39998397602031,38.39998397602031
7147,c,38.39998397602031,38.39998397602031
7148,c,38.39998397602031,38.39998397602031
7149,c,38.39998397602031,38.39998397602031
7150,t,38.39998397602031,38.39998397602031
7151,c,38.39998397602031,38.39998397602031
7152,t,38.39998397602031,38.39998397602031
7153,c,38.39998397602031,38.39998397602031
7154,t,38.39998397602031,38.39998397602031
7155,c,38.39998397602031,38.39998397602031
7156,t,38.39998397602031,38.39998397602031
7157,c,38.39998397602031,38.39998397602031
7158,c,38.39998397602031,38.39998397602031
7159,t,38.39998397602031,38.39998397602031
7160,c,38.39998397602031,38.39998397602031
7161,c,38.39998397602031,38.39998397602031
7162,c,38.39998397602031,38.39998397602031
7163,na,0,6.912984595780197
7164,c,38.39998397602031,38.39998397602031
7165,t,38.39998397602031,38.39998397602031
7166,t,38.39998397602031,38.39998397602031
7167,c,38.39998397602031,38.39998397602031
7168,t,38.39998397602031,38.39998397602031
7169,c,38.39998397602031,38.39998397602031
7170,c,38.39998397602031,38.39998397602031
7171,c,38.39998397602031,38.39998397602031
7172,c,38.39998397602031,38.39998397602031
7173,t,38.39998397602031,38.39998397602031
7174,c,38.39998397602031,38.39998397602031
7175,c,38.39998397602031,38.39998397602031
7176,c,38.39998397602031,38.39998397602031
7177,c,38.39998397602031,38.39998397602031
7178,c,38.39998397602031,38.39998397602031
7179,t,38.39998397602031,38.39998397602031
7180,c,38.39998397602031,38.39998397602031
7181,t,38.39998397602031,38.39998397602031
7182,t,38.39998397602031,38.39998397602031
7183,c,38.39998397602031,38.39998397602031
7184,t,38.39998397602031,38.39998397602031
7185,c,38.39998397602031,38.39998397602031
7186,t,38.39998397602031,38.39998397602031
7187,c,38.39998397602031,38.39998397602031
7188,t,38.39998397602031,38.39998397602031
7189,t,38.39998397602031,38.39998397602031
7190,t,38.39998397602031,38.39998397602031
7191,c,38.39998397602031,38.39998397602031
7192,c,38.39998397602031,38.39998397602031
7193,t,38.39998397602031,38.39998397602031
7194,t,38.39998397602031,38.39998397602031
7195,t,38.39998397602031,38.39998397602031
7196,c,38.39998397602031,38.39998397602031
7197,t,38.39998397602031,38.39998397602031
7198,c,38.39998397602031,38.39998397602031
7199,c,38.39998397602031,38.39998397602031
7200,t,38.39998397602031,38.39998397602031
7201,na,38.39998397602031,38.39998397602031
7202,c,38.39998397602031,38.39998397602031
7203,t,38.39998397602031,38.39998397602031
7204,t,38.39998397602031,38.39998397602031
7205,c,38.39998397602031,38.39998397602031
7206,t,38.39998397602031,38.39998397602031
7207,t,38.39998397602031,38.39998397602031
7208,t,38.39998397602031,38.39998397602031
7209,t,38.39998397602031,38.39998397602031
7210,c,38.39998397602031,38.39998397602031
7211,na,0,8.34086306264815
7212,c,38.39998397602031,38.39998397602031
7213,c,38.39998397602031,38.39998397602031
7214,t,38.39998397602031,38.39998397602031
7215,c,38.39998397602031,38.39998397602031
7216,c,38.39998397602031,38.39998397602031
7217,c,38.39998397602031,38.39998397602031
7218,t,38.39998397602031,38.39998397602031
7219,t,38.39998397602031,38.39998397602031
7220,c,38.39998397602031,38.39998397602031
7221,t,38.39998397602031,38.39998397602031
7222,c,38.39998397602031,38.39998397602031
7223,t,38.39998397602031,38.39998397602031
7224,t,38.39998397602031,38.39998397602031
7225,c,38.39998397602031,38.39998397602031
7226,t,38.39998397602031,38.39998397602031
7227,t,38.39998397602031,38.39998397602031
7228,t,38.39998397602031,38.39998397602031
7229,c,38.39998397602031,38.39998397602031
7230,c,38.39998397602031,38.39998397602031
7231,c,38.39998397602031,38.39998397602031
7232,c,38.39998397602031,38.39998397602031
7233,t,38.39998397602031,38.39998397602031
7234,c,38.39998397602031,38.39998397602031
7235,t,38.39998397602031,38.39998397602031
7236,t,38.39998397602031,38.39998397602031
7237,t,38.39998397602031,38.39998397602031
7238,c,38.39998397602031,38.39998397602031
7239,t,38.39998397602031,38.39998397602031
7240,c,38.39998397602031,38.39998397602031
7241,t,38.39998397602031,38.39998397602031
7242,c,38.39998397602031,38.39998397602031
7243,t,38.39998397602031,38.39998397602031
7244,t,38.39998397602031,38.39998397602031
7245,c,38.39998397602031,38.39998397602031
7246,c,38.39998397602031,38.39998397602031
7247,c,38.39998397602031,38.39998397602031
7248,t,38.39998397602031,38.39998397602031
7249,t,38.39998397602031,38.39998397602031
7250,c,38.39998397602031,38.39998397602031
7251,t,38.39998397602031,38.39998397602031
7252,c,38.39998397602031,38.39998397602031
7253,c,38.39998397602031,38.39998397602031
7254,t,38.39998397602031,38.39998397602031
7255,t,38.39998397602031,38.39998397602031
7256,c,38.39998397602031,38.39998397602031
7257,t,38.39998397602031,38.39998397602031
7258,t,38.39998397602031,38.39998397602031
7259,t,38.39998397602031,38.39998397602031
7260,t,38.39998397602031,38.39998397602031
7261,c,38.39998397602031,38.39998397602031
7262,c,38.39998397602031,38.39998397602031
7263,t,38.39998397602031,38.39998397602031
7264,c,38.39998397602031,38.39998397602031
7265,c,38.39998397602031,38.39998397602031
7266,t,38.39998397602031,38.39998397602031
7267,c,38.39998397602031,38.39998397602031
7268,t,38.39998397602031,38.39998397602031
7269,t,38.39998397602031,38.39998397602031
7270,t,38.39998397602031,38.39998397602031
7271,t,38.39998397602031,38.39998397602031
7272,c,38.39998397602031,38.39998397602031
7273,c,38.39998397602031,38.39998397602031
7274,c,38.39998397602031,38.39998397602031
7275,c,38.39998397602031,38.39998397602031
7276,c,38.39998397602031,38.39998397602031
7277,t,38.39998397602031,38.39998397602031
7278,c,38.39998397602031,38.39998397602031
7279,t,38.39998397602031,38.39998397602031
7280,c,38.39998397602031,38.39998397602031
7281,c,38.39998397602031,38.39998397602031
7282,c,38.39998397602031,38.39998397602031
7283,t,38.39998397602031,38.39998397602031
7284,t,38.39998397602031,38.39998397602031
7285,t,38.39998397602031,38.39998397602031
7286,t,38.39998397602031,38.39998397602031
7287,t,38.39998397602031,38.39998397602031
7288,na,0,4.006882074178698
7289,t,38.39998397602031,38.39998397602031
7290,t,38.39998397602031,38.39998397602031
7291,t,38.39998397602031,38.39998397602031
7292,t,38.39998397602031,38.39998397602031
7293,c,38.39998397602031,38.39998397602031
7294,t,38.39998397602031,38.39998397602031
7295,t,38.39998397602031,38.39998397602031
7296,c,38.39998397602031,38.39998397602031
7297,c,38.39998397602031,38.39998397602031
7298,t,38.39998397602031,38.39998397602031
7299,c,38.39998397602031,38.39998397602031
7300,c,38.39998397602031,38.39998397602031
7301,t,38.39998397602031,38.39998397602031
7302,c,38.39998397602031,38.39998397602031
7303,c,38.39998397602031,38.39998397602031
7304,c,38.39998397602031,38.39998397602031
7305,t,38.39998397602031,38.39998397602031
7306,c,38.39998397602031,38.39998397602031
7307,t,38.39998397602031,38.39998397602031
7308,c,38.39998397602031,38.39998397602031
7309,t,38.39998397602031,38.39998397602031
7310,t,38.39998397602031,38.39998397602031
7311,c,38.39998397602031,38.39998397602031
7312,c,38.39998397602031,38.39998397602031
7313,c,38.39998397602031,38.39998397602031
7314,t,38.39998397602031,38.39998397602031
7315,c,38.39998397602031,38.39998397602031
7316,t,38.39998397602031,38.39998397602031
7317,c,38.39998397602031,38.39998397602031
7318,t,38.39998397602031,38.39998397602031
7319,t,38.39998397602031,38.39998397602031
7320,na,0.6067777146434777,1.0868029219385311
7321,t,38.39998397602031,38.39998397602031
7322,t,38.39998397602031,38.39998397602031
7323,t,38.39998397602031,38.39998397602031
7324,t,38.39998397602031,38.39998397602031
7325,c,38.39998397602031,38.39998397602031
7326,t,38.39998397602031,38.39998397602031
7327,t,38.39998397602031,38.39998397602031
7328,c,38.39998397602031,38.39998397602031
7329,c,38.39998397602031,38.39998397602031
7330,t,38.39998397602031,38.39998397602031
7331,c,38.39998397602031,38.39998397602031
7332,c,38.39998397602031,38.39998397602031
7333,t,38.39998397602031,38.39998397602031
7334,t,38.39998397602031,38.39998397602031
7335,c,38.39998397602031,38.39998397602031
7336,c,38.39998397602031,38.39998397602031
7337,c,38.39998397602031,38.39998397602031
7338,t,38.39998397602031,38.39998397602031
7339,t,38.39998397602031,38.39998397602031
7340,t,38.39998397602031,38.39998397602031
7341,c,2.1598244031097438,6.859677260052829
7342,c,38.39998397602031,38.39998397602031
7343,t,38.39998397602031,38.39998397602031
7344,t,38.39998397602031,38.39998397602031
7345,t,38.39998397602031,38.39998397602031
7346,c,38.39998397602031,38.39998397602031
7347,t,38.39998397602031,38.39998397602031
7348,t,38.39998397602031,38.39998397602031
7349,t,38.39998397602031,38.39998397602031
7350,t,38.39998397602031,38.39998397602031
7351,t,38.39998397602031,38.39998397602031
7352,c,38.39998397602031,38.39998397602031
7353,t,38.39998397602031,38.39998397602031
7354,c,38.39998397602031,38.39998397602031
7355,t,38.39998397602031,38.39998397602031
7356,c,38.39998397602031,38.39998397602031
7357,c,38.39998397602031,38.39998397602031
7358,c,38.39998397602031,38.39998397602031
7359,c,38.39998397602031,38.39998397602031
7360,t,38.39998397602031,38.39998397602031
7361,t,38.39998397602031,38.39998397602031
7362,t,38.39998397602031,38.39998397602031
7363,na,7.454954091362748,8.713256727550334
7364,t,38.39998397602031,38.39998397602031
7365,c,38.39998397602031,38.39998397602031
7366,c,38.39998397602031,38.39998397602031
7367,t,38.39998397602031,38.39998397602031
7368,c,38.39998397602031,38.39998397602031
7369,c,38.39998397602031,38.39998397602031
7370,c,38.39998397602031,38.39998397602031
7371,c,38.39998397602031,38.39998397602031
7372,c,38.39998397602031,38.39998397602031
7373,t,38.39998397602031,38.39998397602031
7374,c,38.39998397602031,38.39998397602031
7375,c,38.39998397602031,38.39998397602031
7376,t,38.39998397602031,38.39998397602031
7377,c,38.39998397602031,38.39998397602031
7378,t,38.39998397602031,38.39998397602031
7379,t,38.39998397602031,38.39998397602031
7380,c,38.39998397602031,38.39998397602031
7381,c,38.39998397602031,38.39998397602031
7382,c,38.39998397602031,38.39998397602031
7383,t,38.39998397602031,38.39998397602031
7384,c,38.39998397602031,38.39998397602031
7385,t,38.39998397602031,38.39998397602031
7386,c,38.39998397602031,38.39998397602031
7387,t,38.39998397602031,38.39998397602031
7388,t,38.39998397602031,38.39998397602031
7389,t,38.39998397602031,38.39998397602031
7390,na,1.730773891994207,8.28923802401527
7391,c,38.39998397602031,38.39998397602031
7392,t,38.39998397602031,38.39998397602031
7393,c,38.39998397602031,38.39998397602031
7394,c,38.39998397602031,38.39998397602031
7395,c,38.39998397602031,38.39998397602031
7396,t,38.39998397602031,38.39998397602031
7397,t,38.39998397602031,38.39998397602031
7398,t,38.39998397602031,38.39998397602031
7399,c,38.39998397602031,38.39998397602031
7400,t,38.39998397602031,38.39998397602031
7401,c,38.39998397602031,38.39998397602031
7402,c,38.39998397602031,38.39998397602031
7403,c,38.39998397602031,38.39998397602031
7404,t,38.39998397602031,38.39998397602031
7405,c,38.39998397602031,38.39998397602031
7406,c,38.39998397602031,38.39998397602031
7407,t,38.39998397602031,38.39998397602031
7408,c,38.39998397602031,38.39998397602031
7409,c,38.39998397602031,38.39998397602031
7410,t,38.39998397602031,38.39998397602031
7411,t,38.39998397602031,38.39998397602031
7412,c,38.39998397602031,38.39998397602031
7413,t,38.39998397602031,38.39998397602031
7414,c,38.39998397602031,38.39998397602031
7415,c,38.39998397602031,38.39998397602031
7416,t,38.39998397602031,38.39998397602031
7417,c,38.39998397602031,38.39998397602031
7418,t,38.39998397602031,38.39998397602031
7419,t,38.39998397602031,38.39998397602031
7420,t,38.39998397602031,38.39998397602031
7421,t,38.39998397602031,38.39998397602031
7422,t,38.39998397602031,38.39998397602031
7423,c,38.39998397602031,38.39998397602031
7424,t,38.39998397602031,38.39998397602031
7425,t,38.39998397602031,38.39998397602031
7426,c,38.39998397602031,38.39998397602031
7427,c,38.39998397602031,38.39998397602031
7428,t,38.39998397602031,38.39998397602031
7429,t,38.39998397602031,38.39998397602031
7430,c,38.39998397602031,38.39998397602031
7431,c,38.39998397602031,38.39998397602031
7432,c,38.39998397602031,38.39998397602031
7433,c,38.39998397602031,38.39998397602031
7434,c,38.39998397602031,38.39998397602031
7435,t,38.39998397602031,38.39998397602031
7436,t,38.39998397602031,38.39998397602031
7437,c,38.39998397602031,38.39998397602031
7438,c,38.39998397602031,38.39998397602031
7439,c,38.39998397602031,38.39998397602031
7440,c,38.39998397602031,38.39998397602031
7441,t,38.39998397602031,38.39998397602031
7442,c,38.39998397602031,38.39998397602031
7443,t,38.39998397602031,38.39998397602031
7444,c,38.39998397602031,38.39998397602031
7445,t,38.39998397602031,38.39998397602031
7446,t,38.39998397602031,38.39998397602031
7447,c,38.39998397602031,38.39998397602031
7448,c,38.39998397602031,38.39998397602031
7449,c,38.39998397602031,38.39998397602031
7450,t,38.39998397602031,38.39998397602031
7451,t,38.39998397602031,38.39998397602031
7452,na,1.18931950196987,1.8227322711941267
7453,c,38.39998397602031,38.39998397602031
7454,c,38.39998397602031,38.39998397602031
7455,c,38.39998397602031,38.39998397602031
7456,t,38.39998397602031,38.39998397602031
7457,c,38.39998397602031,38.39998397602031
7458,t,38.39998397602031,38.39998397602031
7459,t,38.39998397602031,38.39998397602031
7460,t,38.39998397602031,38.39998397602031
7461,t,38.39998397602031,38.39998397602031
7462,t,38.39998397602031,38.39998397602031
7463,c,38.39998397602031,38.39998397602031
7464,t,38.39998397602031,38.39998397602031
7465,t,38.39998397602031,38.39998397602031
7466,t,38.39998397602031,38.39998397602031
7467,c,38.39998397602031,38.39998397602031
7468,c,38.39998397602031,38.39998397602031
7469,t,38.39998397602031,38.39998397602031
7470,t,38.39998397602031,38.39998397602031
7471,c,38.39998397602031,38.39998397602031
7472,t,38.39998397602031,38.39998397602031
7473,t,38.39998397602031,38.39998397602031
7474,t,38.39998397602031,38.39998397602031
7475,c,38.39998397602031,38.39998397602031
7476,t,38.39998397602031,38.39998397602031
7477,t,38.39998397602031,38.39998397602031
7478,c,38.39998397602031,38.39998397602031
7479,t,38.39998397602031,38.39998397602031
7480,c,38.39998397602031,38.39998397602031
7481,t,38.39998397602031,38.39998397602031
7482,t,38.39998397602031,38.39998397602031
7483,t,38.39998397602031,38.39998397602031
7484,t,38.39998397602031,38.39998397602031
7485,c,38.39998397602031,38.39998397602031
7486,c,38.39998397602031,38.39998397602031
7487,t,38.39998397602031,38.39998397602031
7488,t,38.39998397602031,38.39998397602031
7489,c,38.39998397602031,38.39998397602031
7490,c,38.39998397602031,38.39998397602031
7491,c,38.39998397602031,38.39998397602031
7492,c,38.39998397602031,38.39998397602031
7493,t,38.39998397602031,38.39998397602031
7494,c,38.39998397602031,38.39998397602031
7495,t,38.39998397602031,38.39998397602031
7496,c,38.39998397602031,38.39998397602031
7497,t,38.39998397602031,38.39998397602031
7498,t,38.39998397602031,38.39998397602031
7499,c,38.39998397602031,38.39998397602031
7500,c,38.39998397602031,38.39998397602031
7501,t,38.39998397602031,38.39998397602031
7502,t,38.39998397602031,38.39998397602031
7503,t,38.39998397602031,38.39998397602031
7504,c,38.39998397602031,38.39998397602031
7505,t,38.39998397602031,38.39998397602031
7506,c,38.39998397602031,38.39998397602031
7507,c,38.39998397602031,38.39998397602031
7508,t,38.39998397602031,38.39998397602031
7509,c,38.39998397602031,38.39998397602031
7510,t,38.39998397602031,38.39998397602031
7511,t,38.39998397602031,38.39998397602031
7512,t,38.39998397602031,38.39998397602031
7513,c,38.39998397602031,38.39998397602031
7514,c,38.39998397602031,38.39998397602031
7515,c,38.39998397602031,38.39998397602031
7516,t,38.39998397602031,38.39998397602031
7517,c,38.39998397602031,38.39998397602031
7518,t,38.39998397602031,38.39998397602031
7519,c,38.39998397602031,38.39998397602031
7520,c,38.39998397602031,38.39998397602031
7521,c,38.39998397602031,38.39998397602031
7522,c,38.39998397602031,38.39998397602031
7523,t,38.39998397602031,38.39998397602031
7524,c,38.39998397602031,38.39998397602031
7525,c,38.39998397602031,38.39998397602031
7526,t,38.39998397602031,38.39998397602031
7527,c,38.39998397602031,38.39998397602031
7528,t,38.39998397602031,38.39998397602031
7529,t,38.39998397602031,38.39998397602031
7530,t,38.39998397602031,38.39998397602031
7531,t,38.39998397602031,38.39998397602031
7532,c,38.39998397602031,38.39998397602031
7533,c,38.39998397602031,38.39998397602031
7534,t,38.39998397602031,38.39998397602031
7535,t,38.39998397602031,38.39998397602031
7536,t,38.39998397602031,38.39998397602031
7537,t,38.39998397602031,38.39998397602031
7538,t,38.39998397602031,38.39998397602031
7539,t,38.39998397602031,38.39998397602031
7540,c,38.39998397602031,38.39998397602031
7541,c,38.39998397602031,38.39998397602031
7542,na,6.066140353054116,6.990832557537087
7543,c,38.39998397602031,38.39998397602031
7544,t,38.39998397602031,38.39998397602031
7545,c,38.39998397602031,38.39998397602031
7546,t,38.39998397602031,38.39998397602031
7547,t,38.39998397602031,38.39998397602031
7548,t,38.39998397602031,38.39998397602031
7549,c,38.39998397602031,38.39998397602031
7550,t,38.39998397602031,38.39998397602031
7551,c,38.39998397602031,38.39998397602031
7552,c,38.39998397602031,38.39998397602031
7553,c,38.39998397602031,38.39998397602031
7554,c,38.39998397602031,38.39998397602031
7555,t,38.39998397602031,38.39998397602031
7556,c,38.39998397602031,38.39998397602031
7557,c,38.39998397602031,38.39998397602031
7558,c,38.39998397602031,38.39998397602031
7559,c,38.39998397602031,38.39998397602031
7560,c,38.39998397602031,38.39998397602031
7561,t,38.39998397602031,38.39998397602031
7562,t,38.39998397602031,38.39998397602031
7563,c,38.39998397602031,38.39998397602031
7564,t,38.39998397602031,38.39998397602031
7565,t,38.39998397602031,38.39998397602031
7566,t,38.39998397602031,38.39998397602031
7567,c,38.39998397602031,38.39998397602031
7568,c,38.39998397602031,38.39998397602031
7569,na,2.848796847111377,4.405390005846027
7570,c,38.39998397602031,38.39998397602031
7571,c,38.39998397602031,38.39998397602031
7572,c,38.39998397602031,38.39998397602031
7573,c,38.39998397602031,38.39998397602031
7574,t,38.39998397602031,38.39998397602031
7575,c,38.39998397602031,38.39998397602031
7576,t,38.39998397602031,38.39998397602031
7577,c,38.39998397602031,38.39998397602031
7578,t,38.39998397602031,38.39998397602031
7579,c,38.39998397602031,38.39998397602031
7580,c,38.39998397602031,38.39998397602031
7581,c,38.39998397602031,38.39998397602031
7582,c,38.39998397602031,38.39998397602031
7583,t,38.39998397602031,38.39998397602031
7584,na,4.155007672911922,19.99303463395813
7585,c,38.39998397602031,38.39998397602031
7586,na,-1,0
7587,t,38.39998397602031,38.39998397602031
7588,t,38.39998397602031,38.39998397602031
7589,t,38.39998397602031,38.39998397602031
7590,c,38.39998397602031,38.39998397602031
7591,t,38.39998397602031,38.39998397602031
7592,t,38.39998397602031,38.39998397602031
7593,t,38.39998397602031,38.39998397602031
7594,t,38.39998397602031,38.39998397602031
7595,c,38.39998397602031,38.39998397602031
7596,t,38.39998397602031,38.39998397602031
7597,c,38.39998397602031,38.39998397602031
7598,t,38.39998397602031,38.39998397602031
7599,t,38.39998397602031,38.39998397602031
7600,t,38.39998397602031,38.39998397602031
7601,c,38.39998397602031,38.39998397602031
7602,c,38.39998397602031,38.39998397602031
7603,t,38.39998397602031,38.39998397602031
7604,c,38.39998397602031,38.39998397602031
7605,t,38.39998397602031,38.39998397602031
7606,c,38.39998397602031,38.39998397602031
7607,c,38.39998397602031,38.39998397602031
7608,c,38.39998397602031,38.39998397602031
7609,na,0,2.575234223718634
7610,t,38.39998397602031,38.39998397602031
7611,c,38.39998397602031,38.39998397602031
7612,t,38.39998397602031,38.39998397602031
7613,t,38.39998397602031,38.39998397602031
7614,c,38.39998397602031,38.39998397602031
7615,c,38.39998397602031,38.39998397602031
7616,c,38.39998397602031,38.39998397602031
7617,t,38.39998397602031,38.39998397602031
7618,c,38.39998397602031,38.39998397602031
7619,c,38.39998397602031,38.39998397602031
7620,t,38.39998397602031,38.39998397602031
7621,c,38.39998397602031,38.39998397602031
7622,c,38.39998397602031,38.39998397602031
7623,c,38.39998397602031,38.39998397602031
7624,t,38.39998397602031,38.39998397602031
7625,t,38.39998397602031,38.39998397602031
7626,c,38.39998397602031,38.39998397602031
7627,c,38.39998397602031,38.39998397602031
7628,t,38.39998397602031,38.39998397602031
7629,t,38.39998397602031,38.39998397602031
7630,t,38.39998397602031,38.39998397602031
7631,c,38.39998397602031,38.39998397602031
7632,t,38.39998397602031,38.39998397602031
7633,c,38.39998397602031,38.39998397602031
7634,c,38.39998397602031,38.39998397602031
7635,c,38.39998397602031,38.39998397602031
7636,t,38.39998397602031,38.39998397602031
7637,t,38.39998397602031,38.39998397602031
7638,t,38.39998397602031,38.39998397602031
7639,c,38.39998397602031,38.39998397602031
7640,na,2.6892910451293384,14.364789445319264
7641,t,38.39998397602031,38.39998397602031
7642,t,38.39998397602031,38.39998397602031
7643,c,38.39998397602031,38.39998397602031
7644,c,38.39998397602031,38.39998397602031
7645,t,38.39998397602031,38.39998397602031
7646,t,38.39998397602031,38.39998397602031
7647,t,38.39998397602031,38.39998397602031
7648,t,38.39998397602031,38.39998397602031
7649,c,38.39998397602031,38.39998397602031
7650,c,38.39998397602031,38.39998397602031
7651,c,38.39998397602031,38.39998397602031
7652,c,38.39998397602031,38.39998397602031
7653,na,13.225236620732455,15.008924322848252
7654,c,38.39998397602031,38.39998397602031
7655,c,38.39998397602031,38.39998397602031
7656,c,38.39998397602031,38.39998397602031
7657,c,38.39998397602031,38.39998397602031
7658,c,38.39998397602031,38.39998397602031
7659,t,38.39998397602031,38.39998397602031
7660,t,38.39998397602031,38.39998397602031
7661,t,38.39998397602031,38.39998397602031
7662,c,38.39998397602031,38.39998397602031
7663,t,38.39998397602031,38.39998397602031
7664,c,38.39998397602031,38.39998397602031
7665,t,38.39998397602031,38.39998397602031
7666,c,38.39998397602031,38.39998397602031
7667,t,38.39998397602031,38.39998397602031
7668,t,38.39998397602031,38.39998397602031
7669,c,38.39998397602031,38.39998397602031
7670,t,38.39998397602031,38.39998397602031
7671,c,38.39998397602031,38.39998397602031
7672,t,38.39998397602031,38.39998397602031
7673,t,38.39998397602031,38.39998397602031
7674,c,38.39998397602031,38.39998397602031
7675,c,38.39998397602031,38.39998397602031
7676,c,38.39998397602031,38.39998397602031
7677,c,38.39998397602031,38.39998397602031
7678,c,38.39998397602031,38.39998397602031
7679,c,38.39998397602031,38.39998397602031
7680,t,38.39998397602031,38.39998397602031
7681,c,38.39998397602031,38.39998397602031
7682,t,38.39998397602031,38.39998397602031
7683,t,38.39998397602031,38.39998397602031
7684,t,38.39998397602031,38.39998397602031
7685,c,38.39998397602031,38.39998397602031
7686,c,38.39998397602031,38.39998397602031
7687,t,38.39998397602031,38.39998397602031
7688,c,38.39998397602031,38.39998397602031
7689,t,38.39998397602031,38.39998397602031
7690,t,38.39998397602031,38.39998397602031
7691,c,38.39998397602031,38.39998397602031
7692,c,38.39998397602031,38.39998397602031
7693,t,38.39998397602031,38.39998397602031
7694,t,38.39998397602031,38.39998397602031
7695,c,38.39998397602031,38.39998397602031
7696,t,38.39998397602031,38.39998397602031
7697,c,38.39998397602031,38.39998397602031
7698,c,38.39998397602031,38.39998397602031
7699,t,38.39998397602031,38.39998397602031
7700,t,38.39998397602031,38.39998397602031
7701,t,38.39998397602031,38.39998397602031
7702,t,38.39998397602031,38.39998397602031
7703,t,38.39998397602031,38.39998397602031
7704,c,38.39998397602031,38.39998397602031
7705,c,38.39998397602031,38.39998397602031
7706,t,38.39998397602031,38.39998397602031
7707,c,38.39998397602031,38.39998397602031
7708,t,38.39998397602031,38.39998397602031
7709,c,38.39998397602031,38.39998397602031
7710,t,38.39998397602031,38.39998397602031
7711,c,38.39998397602031,38.39998397602031
7712,c,38.39998397602031,38.39998397602031
7713,t,38.39998397602031,38.39998397602031
7714,c,38.39998397602031,38.39998397602031
7715,t,38.39998397602031,38.39998397602031
7716,c,38.39998397602031,38.39998397602031
7717,c,38.39998397602031,38.39998397602031
7718,c,38.39998397602031,38.39998397602031
7719,t,38.39998397602031,38.39998397602031
7720,c,38.39998397602031,38.39998397602031
7721,c,38.39998397602031,38.39998397602031
7722,t,38.39998397602031,38.39998397602031
7723,t,38.39998397602031,38.39998397602031
7724,c,38.39998397602031,38.39998397602031
7725,c,38.39998397602031,38.39998397602031
7726,t,38.39998397602031,38.39998397602031
7727,c,38.39998397602031,38.39998397602031
7728,t,38.39998397602031,38.39998397602031
7729,t,38.39998397602031,38.39998397602031
7730,c,38.39998397602031,38.39998397602031
7731,c,38.39998397602031,38.39998397602031
7732,t,38.39998397602031,38.39998397602031
7733,t,38.39998397602031,38.39998397602031
7734,t,38.39998397602031,38.39998397602031
7735,t,38.39998397602031,38.39998397602031
7736,t,38.39998397602031,38.39998397602031
7737,t,38.39998397602031,38.39998397602031
7738,c,38.39998397602031,38.39998397602031
7739,t,38.39998397602031,38.39998397602031
7740,c,38.39998397602031,38.39998397602031
7741,t,38.39998397602031,38.39998397602031
7742,t,38.39998397602031,38.39998397602031
7743,t,38.39998397602031,38.39998397602031
7744,c,38.39998397602031,38.39998397602031
7745,t,38.39998397602031,38.39998397602031
7746,c,3.825650195564105,4.484940332435168
7747,t,38.39998397602031,38.39998397602031
7748,t,38.39998397602031,38.39998397602031
7749,c,38.39998397602031,38.39998397602031
7750,c,38.39998397602031,38.39998397602031
7751,t,38.39998397602031,38.39998397602031
7752,t,38.39998397602031,38.39998397602031
7753,c,38.39998397602031,38.39998397602031
7754,c,38.39998397602031,38.39998397602031
7755,c,38.39998397602031,38.39998397602031
7756,t,38.39998397602031,38.39998397602031
7757,c,38.39998397602031,38.39998397602031
7758,c,38.39998397602031,38.39998397602031
7759,t,38.39998397602031,38.39998397602031
7760,t,38.39998397602031,38.39998397602031
7761,c,38.39998397602031,38.39998397602031
7762,na,-1,0
7763,t,38.39998397602031,38.39998397602031
7764,c,38.39998397602031,38.39998397602031
7765,c,38.39998397602031,38.39998397602031
7766,t,38.39998397602031,38.39998397602031
7767,na,0,2.08987909731898
7768,c,38.39998397602031,38.39998397602031
7769,c,38.39998397602031,38.39998397602031
7770,c,38.39998397602031,38.39998397602031
7771,t,38.39998397602031,38.39998397602031
7772,t,38.39998397602031,38.39998397602031
7773,c,38.39998397602031,38.39998397602031
7774,t,38.39998397602031,38.39998397602031
7775,c,38.39998397602031,38.39998397602031
7776,t,38.39998397602031,38.39998397602031
7777,t,38.39998397602031,38.39998397602031
7778,t,38.39998397602031,38.39998397602031
7779,t,38.39998397602031,38.39998397602031
7780,t,38.39998397602031,38.39998397602031
7781,c,38.39998397602031,38.39998397602031
7782,t,38.39998397602031,38.39998397602031
7783,c,38.39998397602031,38.39998397602031
7784,c,38.39998397602031,38.39998397602031
7785,c,38.39998397602031,38.39998397602031
7786,c,38.39998397602031,38.39998397602031
7787,t,38.39998397602031,38.39998397602031
7788,t,38.39998397602031,38.39998397602031
7789,c,38.39998397602031,38.39998397602031
7790,t,38.39998397602031,38.39998397602031
7791,t,38.39998397602031,38.39998397602031
7792,c,38.39998397602031,38.39998397602031
7793,c,38.39998397602031,38.39998397602031
7794,t,38.39998397602031,38.39998397602031
7795,t,38.39998397602031,38.39998397602031
7796,c,38.39998397602031,38.39998397602031
7797,c,38.39998397602031,38.39998397602031
7798,t,38.39998397602031,38.39998397602031
7799,c,38.39998397602031,38.39998397602031
7800,t,38.39998397602031,38.39998397602031
7801,c,38.39998397602031,38.39998397602031
7802,c,38.39998397602031,38.39998397602031
7803,c,38.39998397602031,38.39998397602031
7804,c,38.39998397602031,38.39998397602031
7805,t,38.39998397602031,38.39998397602031
7806,c,38.39998397602031,38.39998397602031
7807,t,38.39998397602031,38.39998397602031
7808,c,38.39998397602031,38.39998397602031
7809,c,38.39998397602031,38.39998397602031
7810,t,38.39998397602031,38.39998397602031
7811,c,38.39998397602031,38.39998397602031
7812,t,38.39998397602031,38.39998397602031
7813,t,38.39998397602031,38.39998397602031
7814,t,38.39998397602031,38.39998397602031
7815,t,38.39998397602031,38.39998397602031
7816,c,38.39998397602031,38.39998397602031
7817,c,38.39998397602031,38.39998397602031
7818,c,38.39998397602031,38.39998397602031
7819,c,38.39998397602031,38.39998397602031
7820,c,38.39998397602031,38.39998397602031
7821,t,38.39998397602031,38.39998397602031
7822,t,38.39998397602031,38.39998397602031
7823,c,38.39998397602031,38.39998397602031
7824,t,38.39998397602031,38.39998397602031
7825,c,38.39998397602031,38.39998397602031
7826,t,38.39998397602031,38.39998397602031
7827,c,38.39998397602031,38.39998397602031
7828,c,38.39998397602031,38.39998397602031
7829,t,38.39998397602031,38.39998397602031
7830,t,38.39998397602031,38.39998397602031
7831,c,38.39998397602031,38.39998397602031
7832,t,38.39998397602031,38.39998397602031
7833,t,38.39998397602031,38.39998397602031
7834,c,38.39998397602031,38.39998397602031
7835,t,38.39998397602031,38.39998397602031
7836,c,38.39998397602031,38.39998397602031
7837,c,38.39998397602031,38.39998397602031
7838,t,38.39998397602031,38.39998397602031
7839,t,38.39998397602031,38.39998397602031
7840,c,38.39998397602031,38.39998397602031
7841,c,38.39998397602031,38.39998397602031
7842,t,38.39998397602031,38.39998397602031
7843,t,38.39998397602031,38.39998397602031
7844,c,38.39998397602031,38.39998397602031
7845,c,38.39998397602031,38.39998397602031
7846,c,38.39998397602031,38.39998397602031
7847,t,38.39998397602031,38.39998397602031
7848,c,38.39998397602031,38.39998397602031
7849,t,38.39998397602031,38.39998397602031
7850,t,38.39998397602031,38.39998397602031
7851,c,38.39998397602031,38.39998397602031
7852,c,3.44263595382915,15.259062962169132
7853,t,38.39998397602031,38.39998397602031
7854,t,38.39998397602031,38.39998397602031
7855,c,38.39998397602031,38.39998397602031
7856,t,38.39998397602031,38.39998397602031
7857,t,38.39998397602031,38.39998397602031
7858,c,38.39998397602031,38.39998397602031
7859,c,38.39998397602031,38.39998397602031
7860,t,38.39998397602031,38.39998397602031
7861,t,38.39998397602031,38.39998397602031
7862,t,38.39998397602031,38.39998397602031
7863,t,38.39998397602031,38.39998397602031
7864,c,38.39998397602031,38.39998397602031
7865,c,38.39998397602031,38.39998397602031
7866,c,38.39998397602031,38.39998397602031
7867,t,38.39998397602031,38.39998397602031
7868,c,38.39998397602031,38.39998397602031
7869,t,38.39998397602031,38.39998397602031
7870,t,38.39998397602031,38.39998397602031
7871,t,38.39998397602031,38.39998397602031
7872,c,38.39998397602031,38.39998397602031
7873,t,38.39998397602031,38.39998397602031
7874,c,38.39998397602031,38.39998397602031
7875,t,38.39998397602031,38.39998397602031
7876,t,38.39998397602031,38.39998397602031
7877,c,38.39998397602031,38.39998397602031
7878,t,38.39998397602031,38.39998397602031
7879,c,38.39998397602031,38.39998397602031
7880,c,38.39998397602031,38.39998397602031
7881,t,38.39998397602031,38.39998397602031
7882,c,38.39998397602031,38.39998397602031
7883,c,38.39998397602031,38.39998397602031
7884,c,38.39998397602031,38.39998397602031
7885,t,38.39998397602031,38.39998397602031
7886,c,38.39998397602031,38.39998397602031
7887,t,38.39998397602031,38.39998397602031
7888,t,38.39998397602031,38.39998397602031
7889,t,38.39998397602031,38.39998397602031
7890,c,38.39998397602031,38.39998397602031
7891,c,5.415882164475347,8.601239922452185
7892,t,38.39998397602031,38.39998397602031
7893,c,38.39998397602031,38.39998397602031
7894,t,38.39998397602031,38.39998397602031
7895,t,38.39998397602031,38.39998397602031
7896,t,38.39998397602031,38.39998397602031
7897,c,38.39998397602031,38.39998397602031
7898,t,38.39998397602031,38.39998397602031
7899,t,38.39998397602031,38.39998397602031
7900,t,38.39998397602031,38.39998397602031
7901,t,38.39998397602031,38.39998397602031
7902,c,38.39998397602031,38.39998397602031
7903,c,38.39998397602031,38.39998397602031
7904,t,38.39998397602031,38.39998397602031
7905,c,38.39998397602031,38.39998397602031
7906,t,38.39998397602031,38.39998397602031
7907,c,38.39998397602031,38.39998397602031
7908,t,38.39998397602031,38.39998397602031
7909,t,38.39998397602031,38.39998397602031
7910,t,38.39998397602031,38.39998397602031
7911,c,38.39998397602031,38.39998397602031
7912,t,38.39998397602031,38.39998397602031
7913,c,38.39998397602031,38.39998397602031
7914,t,38.39998397602031,38.39998397602031
7915,t,38.39998397602031,38.39998397602031
7916,c,38.39998397602031,38.39998397602031
7917,c,38.39998397602031,38.39998397602031
7918,t,38.39998397602031,38.39998397602031
7919,c,38.39998397602031,38.39998397602031
7920,c,38.39998397602031,38.39998397602031
7921,c,38.39998397602031,38.39998397602031
7922,t,38.39998397602031,38.39998397602031
7923,c,38.39998397602031,38.39998397602031
7924,t,38.39998397602031,38.39998397602031
7925,c,38.39998397602031,38.39998397602031
7926,c,38.39998397602031,38.39998397602031
7927,c,38.39998397602031,38.39998397602031
7928,c,38.39998397602031,38.39998397602031
7929,t,38.39998397602031,38.39998397602031
7930,t,38.39998397602031,38.39998397602031
7931,t,38.39998397602031,38.39998397602031
7932,c,38.39998397602031,38.39998397602031
7933,c,38.39998397602031,38.39998397602031
7934,c,38.39998397602031,38.39998397602031
7935,c,38.39998397602031,38.39998397602031
7936,c,38.39998397602031,38.39998397602031
7937,c,38.39998397602031,38.39998397602031
7938,t,38.39998397602031,38.39998397602031
7939,c,38.39998397602031,38.39998397602031
7940,t,38.39998397602031,38.39998397602031
7941,t,38.39998397602031,38.39998397602031
7942,c,38.39998397602031,38.39998397602031
7943,c,38.39998397602031,38.39998397602031
7944,c,38.39998397602031,38.39998397602031
7945,t,38.39998397602031,38.39998397602031
7946,c,38.39998397602031,38.39998397602031
7947,t,38.39998397602031,38.39998397602031
7948,c,38.39998397602031,38.39998397602031
7949,c,38.39998397602031,38.39998397602031
7950,c,38.39998397602031,38.39998397602031
7951,c,38.39998397602031,38.39998397602031
7952,t,38.39998397602031,38.39998397602031
7953,c,38.39998397602031,38.39998397602031
7954,t,38.39998397602031,38.39998397602031
7955,c,38.39998397602031,38.39998397602031
7956,c,38.39998397602031,38.39998397602031
7957,c,38.39998397602031,38.39998397602031
7958,t,38.39998397602031,38.39998397602031
7959,c,38.39998397602031,38.39998397602031
7960,c,38.39998397602031,38.39998397602031
7961,t,38.39998397602031,38.39998397602031
7962,t,38.39998397602031,38.39998397602031
7963,c,38.39998397602031,38.39998397602031
7964,t,38.39998397602031,38.39998397602031
7965,na,0,4.542915104615182
7966,t,38.39998397602031,38.39998397602031
7967,t,38.39998397602031,38.39998397602031
7968,c,38.39998397602031,38.39998397602031
7969,c,38.39998397602031,38.39998397602031
7970,t,38.39998397602031,38.39998397602031
7971,t,38.39998397602031,38.39998397602031
7972,c,38.39998397602031,38.39998397602031
7973,t,38.39998397602031,38.39998397602031
7974,c,38.39998397602031,38.39998397602031
7975,t,38.39998397602031,38.39998397602031
7976,t,38.39998397602031,38.39998397602031
7977,t,38.39998397602031,38.39998397602031
7978,c,38.39998397602031,38.39998397602031
7979,t,38.39998397602031,38.39998397602031
7980,c,38.39998397602031,38.39998397602031
7981,t,38.39998397602031,38.39998397602031
7982,c,38.39998397602031,38.39998397602031
7983,t,38.39998397602031,38.39998397602031
7984,c,38.39998397602031,38.39998397602031
7985,c,38.39998397602031,38.39998397602031
7986,t,38.39998397602031,38.39998397602031
7987,c,38.39998397602031,38.39998397602031
7988,t,38.39998397602031,38.39998397602031
7989,c,38.39998397602031,38.39998397602031
7990,t,38.39998397602031,38.39998397602031
7991,c,38.39998397602031,38.39998397602031
7992,t,38.39998397602031,38.39998397602031
7993,t,38.39998397602031,38.39998397602031
7994,c,38.39998397602031,38.39998397602031
7995,t,38.39998397602031,38.39998397602031
7996,t,38.39998397602031,38.39998397602031
7997,c,38.39998397602031,38.39998397602031
7998,t,38.39998397602031,38.39998397602031
7999,t,38.39998397602031,38.39998397602031
8000,c,38.39998397602031,38.39998397602031
8001,c,38.39998397602031,38.39998397602031
8002,t,38.39998397602031,38.39998397602031
8003,c,38.39998397602031,38.39998397602031
8004,t,38.39998397602031,38.39998397602031
8005,t,38.39998397602031,38.39998397602031
8006,t,38.39998397602031,38.39998397602031
8007,c,38.39998397602031,38.39998397602031
8008,c,38.39998397602031,38.39998397602031
8009,c,38.39998397602031,38.39998397602031
8010,c,38.39998397602031,38.39998397602031
8011,c,38.39998397602031,38.39998397602031
8012,c,38.39998397602031,38.39998397602031
8013,c,38.39998397602031,38.39998397602031
8014,t,38.39998397602031,38.39998397602031
8015,c,38.39998397602031,38.39998397602031
8016,t,38.39998397602031,38.39998397602031
8017,c,38.39998397602031,38.39998397602031
8018,c,38.39998397602031,38.39998397602031
8019,c,38.39998397602031,38.39998397602031
8020,t,38.39998397602031,38.39998397602031
8021,c,38.39998397602031,38.39998397602031
8022,t,38.39998397602031,38.39998397602031
8023,t,38.39998397602031,38.39998397602031
8024,t,38.39998397602031,38.39998397602031
8025,c,38.39998397602031,38.39998397602031
8026,t,38.39998397602031,38.39998397602031
8027,t,38.39998397602031,38.39998397602031
8028,t,38.39998397602031,38.39998397602031
8029,t,38.39998397602031,38.39998397602031
8030,c,38.39998397602031,38.39998397602031
8031,c,38.39998397602031,38.39998397602031
8032,c,38.39998397602031,38.39998397602031
8033,c,2.4404117500265685,4.319073755821374
8034,t,38.39998397602031,38.39998397602031
8035,t,38.39998397602031,38.39998397602031
8036,c,38.39998397602031,38.39998397602031
8037,c,38.39998397602031,38.39998397602031
8038,t,38.39998397602031,38.39998397602031
8039,c,38.39998397602031,38.39998397602031
8040,c,38.39998397602031,38.39998397602031
8041,t,38.39998397602031,38.39998397602031
8042,t,38.39998397602031,38.39998397602031
8043,t,38.39998397602031,38.39998397602031
8044,c,38.39998397602031,38.39998397602031
8045,c,38.39998397602031,38.39998397602031
8046,c,38.39998397602031,38.39998397602031
8047,c,38.39998397602031,38.39998397602031
8048,c,38.39998397602031,38.39998397602031
8049,t,38.39998397602031,38.39998397602031
8050,t,38.39998397602031,38.39998397602031
8051,c,38.39998397602031,38.39998397602031
8052,c,38.39998397602031,38.39998397602031
8053,c,38.39998397602031,38.39998397602031
8054,c,38.39998397602031,38.39998397602031
8055,c,38.39998397602031,38.39998397602031
8056,c,38.39998397602031,38.39998397602031
8057,c,38.39998397602031,38.39998397602031
8058,t,38.39998397602031,38.39998397602031
8059,t,38.39998397602031,38.39998397602031
8060,t,38.39998397602031,38.39998397602031
8061,c,38.39998397602031,38.39998397602031
8062,t,38.39998397602031,38.39998397602031
8063,t,38.39998397602031,38.39998397602031
8064,t,38.39998397602031,38.39998397602031
8065,c,38.39998397602031,38.39998397602031
8066,c,38.39998397602031,38.39998397602031
8067,na,0,38.39998397602031
8068,c,38.39998397602031,38.39998397602031
8069,c,38.39998397602031,38.39998397602031
8070,t,38.39998397602031,38.39998397602031
8071,t,38.39998397602031,38.39998397602031
8072,na,1.0523557720596577,17.489477654367725
8073,t,38.39998397602031,38.39998397602031
8074,t,38.39998397602031,38.39998397602031
8075,c,38.39998397602031,38.39998397602031
8076,t,38.39998397602031,38.39998397602031
8077,t,38.39998397602031,38.39998397602031
8078,c,38.39998397602031,38.39998397602031
8079,c,38.39998397602031,38.39998397602031
8080,c,38.39998397602031,38.39998397602031
8081,t,38.39998397602031,38.39998397602031
8082,t,38.39998397602031,38.39998397602031
8083,t,38.39998397602031,38.39998397602031
8084,t,38.39998397602031,38.39998397602031
8085,t,38.39998397602031,38.39998397602031
8086,t,38.39998397602031,38.39998397602031
8087,c,38.39998397602031,38.39998397602031
8088,t,38.39998397602031,38.39998397602031
8089,c,38.39998397602031,38.39998397602031
8090,c,38.39998397602031,38.39998397602031
8091,c,38.39998397602031,38.39998397602031
8092,t,38.39998397602031,38.39998397602031
8093,c,38.39998397602031,38.39998397602031
8094,c,38.39998397602031,38.39998397602031
8095,c,38.39998397602031,38.39998397602031
8096,t,38.39998397602031,38.39998397602031
8097,t,38.39998397602031,38.39998397602031
8098,t,38.39998397602031,38.39998397602031
8099,c,38.39998397602031,38.39998397602031
8100,c,38.39998397602031,38.39998397602031
8101,na,-1,0
8102,t,38.39998397602031,38.39998397602031
8103,t,38.39998397602031,38.39998397602031
8104,c,38.39998397602031,38.39998397602031
8105,c,38.39998397602031,38.39998397602031
8106,t,38.39998397602031,38.39998397602031
8107,t,38.39998397602031,38.39998397602031
8108,c,38.39998397602031,38.39998397602031
8109,t,38.39998397602031,38.39998397602031
8110,t,38.39998397602031,38.39998397602031
8111,t,38.39998397602031,38.39998397602031
8112,c,38.39998397602031,38.39998397602031
8113,t,38.39998397602031,38.39998397602031
8114,t,38.39998397602031,38.39998397602031
8115,c,38.39998397602031,38.39998397602031
8116,t,38.39998397602031,38.39998397602031
8117,c,38.39998397602031,38.39998397602031
8118,c,38.39998397602031,38.39998397602031
8119,t,38.39998397602031,38.39998397602031
8120,t,38.39998397602031,38.39998397602031
8121,t,38.39998397602031,38.39998397602031
8122,t,38.39998397602031,38.39998397602031
8123,c,38.39998397602031,38.39998397602031
8124,t,38.39998397602031,38.39998397602031
8125,t,38.39998397602031,38.39998397602031
8126,c,38.39998397602031,38.39998397602031
8127,t,38.39998397602031,38.39998397602031
8128,c,38.39998397602031,38.39998397602031
8129,c,38.39998397602031,38.39998397602031
8130,t,38.39998397602031,38.39998397602031
8131,c,38.39998397602031,38.39998397602031
8132,c,38.39998397602031,38.39998397602031
8133,c,38.39998397602031,38.39998397602031
8134,t,38.39998397602031,38.39998397602031
8135,t,38.39998397602031,38.39998397602031
8136,t,38.39998397602031,38.39998397602031
8137,c,38.39998397602031,38.39998397602031
8138,t,38.39998397602031,38.39998397602031
8139,c,38.39998397602031,38.39998397602031
8140,t,38.39998397602031,38.39998397602031
8141,c,38.39998397602031,38.39998397602031
8142,c,38.39998397602031,38.39998397602031
8143,t,38.39998397602031,38.39998397602031
8144,t,38.39998397602031,38.39998397602031
8145,t,38.39998397602031,38.39998397602031
8146,c,38.39998397602031,38.39998397602031
8147,c,38.39998397602031,38.39998397602031
8148,t,38.39998397602031,38.39998397602031
8149,t,38.39998397602031,38.39998397602031
8150,t,38.39998397602031,38.39998397602031
8151,c,38.39998397602031,38.39998397602031
8152,t,38.39998397602031,38.39998397602031
8153,c,38.39998397602031,38.39998397602031
8154,t,38.39998397602031,38.39998397602031
8155,t,38.39998397602031,38.39998397602031
8156,t,38.39998397602031,38.39998397602031
8157,c,4.22829604453402,6.375097272632501
8158,t,38.39998397602031,38.39998397602031
8159,t,38.39998397602031,38.39998397602031
8160,t,38.39998397602031,38.39998397602031
8161,t,38.39998397602031,38.39998397602031
8162,t,38.39998397602031,38.39998397602031
8163,c,38.39998397602031,38.39998397602031
8164,c,38.39998397602031,38.39998397602031
8165,c,38.39998397602031,38.39998397602031
8166,t,38.39998397602031,38.39998397602031
8167,t,38.39998397602031,38.39998397602031
8168,c,38.39998397602031,38.39998397602031
8169,c,38.39998397602031,38.39998397602031
8170,c,38.39998397602031,38.39998397602031
8171,t,38.39998397602031,38.39998397602031
8172,t,38.39998397602031,38.39998397602031
8173,t,38.39998397602031,38.39998397602031
8174,c,38.39998397602031,38.39998397602031
8175,t,38.39998397602031,38.39998397602031
8176,c,38.39998397602031,38.39998397602031
8177,c,38.39998397602031,38.39998397602031
8178,t,38.39998397602031,38.39998397602031
8179,t,38.39998397602031,38.39998397602031
8180,c,38.39998397602031,38.39998397602031
8181,t,38.39998397602031,38.39998397602031
8182,c,38.39998397602031,38.39998397602031
8183,t,38.39998397602031,38.39998397602031
8184,t,38.39998397602031,38.39998397602031
8185,c,38.39998397602031,38.39998397602031
8186,c,38.39998397602031,38.39998397602031
8187,t,38.39998397602031,38.39998397602031
8188,na,0.7527566648580619,1.252090483014716
8189,t,38.39998397602031,38.39998397602031
8190,t,38.39998397602031,38.39998397602031
8191,t,38.39998397602031,38.39998397602031
8192,c,38.39998397602031,38.39998397602031
8193,t,38.39998397602031,38.39998397602031
8194,t,38.39998397602031,38.39998397602031
8195,t,38.39998397602031,38.39998397602031
8196,t,38.39998397602031,38.39998397602031
8197,t,38.39998397602031,38.39998397602031
8198,t,38.39998397602031,38.39998397602031
8199,t,38.39998397602031,38.39998397602031
8200,c,38.39998397602031,38.39998397602031
8201,t,38.39998397602031,38.39998397602031
8202,na,14.906310549034657,16.91927552754466
8203,t,38.39998397602031,38.39998397602031
8204,t,38.39998397602031,38.39998397602031
8205,t,38.39998397602031,38.39998397602031
8206,c,38.39998397602031,38.39998397602031
8207,t,38.39998397602031,38.39998397602031
8208,t,38.39998397602031,38.39998397602031
8209,t,38.39998397602031,38.39998397602031
8210,t,38.39998397602031,38.39998397602031
8211,t,38.39998397602031,38.39998397602031
8212,c,38.39998397602031,38.39998397602031
8213,c,38.39998397602031,38.39998397602031
8214,c,38.39998397602031,38.39998397602031
8215,c,38.39998397602031,38.39998397602031
8216,c,38.39998397602031,38.39998397602031
8217,c,38.39998397602031,38.39998397602031
8218,c,38.39998397602031,38.39998397602031
8219,t,38.39998397602031,38.39998397602031
8220,c,38.39998397602031,38.39998397602031
8221,c,38.39998397602031,38.39998397602031
8222,c,38.39998397602031,38.39998397602031
8223,t,38.39998397602031,38.39998397602031
8224,t,38.39998397602031,38.39998397602031
8225,t,38.39998397602031,38.39998397602031
8226,c,38.39998397602031,38.39998397602031
8227,c,38.39998397602031,38.39998397602031
8228,t,38.39998397602031,38.39998397602031
8229,c,38.39998397602031,38.39998397602031
8230,t,38.39998397602031,38.39998397602031
8231,c,38.39998397602031,38.39998397602031
8232,t,38.39998397602031,38.39998397602031
8233,c,38.39998397602031,38.39998397602031
8234,t,38.39998397602031,38.39998397602031
8235,c,38.39998397602031,38.39998397602031
8236,c,38.39998397602031,38.39998397602031
8237,t,38.39998397602031,38.39998397602031
8238,c,38.39998397602031,38.39998397602031
8239,c,38.39998397602031,38.39998397602031
8240,c,38.39998397602031,38.39998397602031
8241,c,38.39998397602031,38.39998397602031
8242,c,38.39998397602031,38.39998397602031
8243,c,38.39998397602031,38.39998397602031
8244,c,38.39998397602031,38.39998397602031
8245,t,38.39998397602031,38.39998397602031
8246,t,38.39998397602031,38.39998397602031
8247,t,38.39998397602031,38.39998397602031
8248,t,38.39998397602031,38.39998397602031
8249,c,38.39998397602031,38.39998397602031
8250,t,38.39998397602031,38.39998397602031
8251,t,38.39998397602031,38.39998397602031
8252,c,38.39998397602031,38.39998397602031
8253,c,38.39998397602031,38.39998397602031
8254,c,38.39998397602031,38.39998397602031
8255,c,38.39998397602031,38.39998397602031
8256,c,38.39998397602031,38.39998397602031
8257,t,38.39998397602031,38.39998397602031
8258,c,38.39998397602031,38.39998397602031
8259,t,38.39998397602031,38.39998397602031
8260,c,38.39998397602031,38.39998397602031
8261,t,38.39998397602031,38.39998397602031
8262,c,38.39998397602031,38.39998397602031
8263,t,38.39998397602031,38.39998397602031
8264,c,38.39998397602031,38.39998397602031
8265,t,38.39998397602031,38.39998397602031
8266,c,38.39998397602031,38.39998397602031
8267,c,38.39998397602031,38.39998397602031
8268,t,38.39998397602031,38.39998397602031
8269,c,38.39998397602031,38.39998397602031
8270,c,38.39998397602031,38.39998397602031
8271,t,38.39998397602031,38.39998397602031
8272,c,38.39998397602031,38.39998397602031
8273,t,38.39998397602031,38.39998397602031
8274,t,38.39998397602031,38.39998397602031
8275,c,38.39998397602031,38.39998397602031
8276,t,38.39998397602031,38.39998397602031
8277,c,38.39998397602031,38.39998397602031
8278,t,38.39998397602031,38.39998397602031
8279,t,38.39998397602031,38.39998397602031
8280,t,38.39998397602031,38.39998397602031
8281,c,38.39998397602031,38.39998397602031
8282,c,38.39998397602031,38.39998397602031
8283,c,38.39998397602031,38.39998397602031
8284,c,38.39998397602031,38.39998397602031
8285,c,38.39998397602031,38.39998397602031
8286,c,38.39998397602031,38.39998397602031
8287,t,38.39998397602031,38.39998397602031
8288,c,38.39998397602031,38.39998397602031
8289,t,38.39998397602031,38.39998397602031
8290,t,38.39998397602031,38.39998397602031
8291,t,38.39998397602031,38.39998397602031
8292,t,38.39998397602031,38.39998397602031
8293,c,38.39998397602031,38.39998397602031
8294,c,19.21781017687992,38.39998397602031
8295,c,38.39998397602031,38.39998397602031
8296,t,38.39998397602031,38.39998397602031
8297,c,38.39998397602031,38.39998397602031
8298,c,38.39998397602031,38.39998397602031
8299,t,38.39998397602031,38.39998397602031
8300,t,38.39998397602031,38.39998397602031
8301,c,38.39998397602031,38.39998397602031
8302,t,38.39998397602031,38.39998397602031
8303,c,38.39998397602031,38.39998397602031
8304,t,38.39998397602031,38.39998397602031
8305,c,38.39998397602031,38.39998397602031
8306,c,38.39998397602031,38.39998397602031
8307,t,38.39998397602031,38.39998397602031
8308,c,38.39998397602031,38.39998397602031
8309,t,38.39998397602031,38.39998397602031
8310,t,38.39998397602031,38.39998397602031
8311,t,38.39998397602031,38.39998397602031
8312,c,38.39998397602031,38.39998397602031
8313,t,38.39998397602031,38.39998397602031
8314,c,38.39998397602031,38.39998397602031
8315,c,38.39998397602031,38.39998397602031
8316,t,38.39998397602031,38.39998397602031
8317,t,38.39998397602031,38.39998397602031
8318,t,38.39998397602031,38.39998397602031
8319,c,38.39998397602031,38.39998397602031
8320,t,38.39998397602031,38.39998397602031
8321,c,38.39998397602031,38.39998397602031
8322,c,38.39998397602031,38.39998397602031
8323,t,38.39998397602031,38.39998397602031
8324,c,38.39998397602031,38.39998397602031
8325,t,38.39998397602031,38.39998397602031
8326,t,38.39998397602031,38.39998397602031
8327,t,38.39998397602031,38.39998397602031
8328,t,38.39998397602031,38.39998397602031
8329,c,38.39998397602031,38.39998397602031
8330,c,38.39998397602031,38.39998397602031
8331,c,38.39998397602031,38.39998397602031
8332,t,38.39998397602031,38.39998397602031
8333,t,38.39998397602031,38.39998397602031
8334,t,38.39998397602031,38.39998397602031
8335,t,38.39998397602031,38.39998397602031
8336,c,38.39998397602031,38.39998397602031
8337,t,38.39998397602031,38.39998397602031
8338,t,38.39998397602031,38.39998397602031
8339,c,38.39998397602031,38.39998397602031
8340,t,38.39998397602031,38.39998397602031
8341,t,38.39998397602031,38.39998397602031
8342,t,38.39998397602031,38.39998397602031
8343,t,38.39998397602031,38.39998397602031
8344,c,38.39998397602031,38.39998397602031
8345,c,38.39998397602031,38.39998397602031
8346,c,38.39998397602031,38.39998397602031
8347,t,38.39998397602031,38.39998397602031
8348,c,38.39998397602031,38.39998397602031
8349,c,38.39998397602031,38.39998397602031
8350,t,38.39998397602031,38.39998397602031
8351,t,38.39998397602031,38.39998397602031
8352,t,38.39998397602031,38.39998397602031
8353,c,38.39998397602031,38.39998397602031
8354,t,38.39998397602031,38.39998397602031
8355,t,38.39998397602031,38.39998397602031
8356,na,0.4688741432026103,1.9544307798370095
8357,c,38.39998397602031,38.39998397602031
8358,c,38.39998397602031,38.39998397602031
8359,c,38.39998397602031,38.39998397602031
8360,c,38.39998397602031,38.39998397602031
8361,t,38.39998397602031,38.39998397602031
8362,t,38.39998397602031,38.39998397602031
8363,t,38.39998397602031,38.39998397602031
8364,t,38.39998397602031,38.39998397602031
8365,t,38.39998397602031,38.39998397602031
8366,c,38.39998397602031,38.39998397602031
8367,c,38.39998397602031,38.39998397602031
8368,c,38.39998397602031,38.39998397602031
8369,c,38.39998397602031,38.39998397602031
8370,c,15.456629738573621,16.19677031542795
8371,c,38.39998397602031,38.39998397602031
8372,c,38.39998397602031,38.39998397602031
8373,t,38.39998397602031,38.39998397602031
8374,c,38.39998397602031,38.39998397602031
8375,c,38.39998397602031,38.39998397602031
8376,t,38.39998397602031,38.39998397602031
8377,c,38.39998397602031,38.39998397602031
8378,c,38.39998397602031,38.39998397602031
8379,c,38.39998397602031,38.39998397602031
8380,t,38.39998397602031,38.39998397602031
8381,t,38.39998397602031,38.39998397602031
8382,t,38.39998397602031,38.39998397602031
8383,t,38.39998397602031,38.39998397602031
8384,t,38.39998397602031,38.39998397602031
8385,t,38.39998397602031,38.39998397602031
8386,t,38.39998397602031,38.39998397602031
8387,t,38.39998397602031,38.39998397602031
8388,c,38.39998397602031,38.39998397602031
8389,t,38.39998397602031,38.39998397602031
8390,t,38.39998397602031,38.39998397602031
8391,t,38.39998397602031,38.39998397602031
8392,t,38.39998397602031,38.39998397602031
8393,c,38.39998397602031,38.39998397602031
8394,t,38.39998397602031,38.39998397602031
8395,c,38.39998397602031,38.39998397602031
8396,c,38.39998397602031,38.39998397602031
8397,c,38.39998397602031,38.39998397602031
8398,c,38.39998397602031,38.39998397602031
8399,t,38.39998397602031,38.39998397602031
8400,c,38.39998397602031,38.39998397602031
8401,c,38.39998397602031,38.39998397602031
8402,t,38.39998397602031,38.39998397602031
8403,c,38.39998397602031,38.39998397602031
8404,c,38.39998397602031,38.39998397602031
8405,c,38.39998397602031,38.39998397602031
8406,t,38.39998397602031,38.39998397602031
8407,c,38.39998397602031,38.39998397602031
8408,c,38.39998397602031,38.39998397602031
8409,t,38.39998397602031,38.39998397602031
8410,t,38.39998397602031,38.39998397602031
8411,c,38.39998397602031,38.39998397602031
8412,t,38.39998397602031,38.39998397602031
8413,c,38.39998397602031,38.39998397602031
8414,c,38.39998397602031,38.39998397602031
8415,t,38.39998397602031,38.39998397602031
8416,t,38.39998397602031,38.39998397602031
8417,c,38.39998397602031,38.39998397602031
8418,c,38.39998397602031,38.39998397602031
8419,c,38.39998397602031,38.39998397602031
8420,c,38.39998397602031,38.39998397602031
8421,t,38.39998397602031,38.39998397602031
8422,c,38.39998397602031,38.39998397602031
8423,t,38.39998397602031,38.39998397602031
8424,c,38.39998397602031,38.39998397602031
8425,t,38.39998397602031,38.39998397602031
8426,c,38.39998397602031,38.39998397602031
8427,t,38.39998397602031,38.39998397602031
8428,c,38.39998397602031,38.39998397602031
8429,t,38.39998397602031,38.39998397602031
8430,t,38.39998397602031,38.39998397602031
8431,c,38.39998397602031,38.39998397602031
8432,c,38.39998397602031,38.39998397602031
8433,t,38.39998397602031,38.39998397602031
8434,t,38.39998397602031,38.39998397602031
8435,c,38.39998397602031,38.39998397602031
8436,c,38.39998397602031,38.39998397602031
8437,c,38.39998397602031,38.39998397602031
8438,t,38.39998397602031,38.39998397602031
8439,c,38.39998397602031,38.39998397602031
8440,t,38.39998397602031,38.39998397602031
8441,c,38.39998397602031,38.39998397602031
8442,t,38.39998397602031,38.39998397602031
8443,t,38.39998397602031,38.39998397602031
8444,t,38.39998397602031,38.39998397602031
8445,c,38.39998397602031,38.39998397602031
8446,c,38.39998397602031,38.39998397602031
8447,t,38.39998397602031,38.39998397602031
8448,t,38.39998397602031,38.39998397602031
8449,t,38.39998397602031,38.39998397602031
8450,c,38.39998397602031,38.39998397602031
8451,c,38.39998397602031,38.39998397602031
8452,c,38.39998397602031,38.39998397602031
8453,c,38.39998397602031,38.39998397602031
8454,c,38.39998397602031,38.39998397602031
8455,c,38.39998397602031,38.39998397602031
8456,c,38.39998397602031,38.39998397602031
8457,c,38.39998397602031,38.39998397602031
8458,t,38.39998397602031,38.39998397602031
8459,t,38.39998397602031,38.39998397602031
8460,c,38.39998397602031,38.39998397602031
8461,c,38.39998397602031,38.39998397602031
8462,c,38.39998397602031,38.39998397602031
8463,c,38.39998397602031,38.39998397602031
8464,c,38.39998397602031,38.39998397602031
8465,t,38.39998397602031,38.39998397602031
8466,t,38.39998397602031,38.39998397602031
8467,c,38.39998397602031,38.39998397602031
8468,c,38.39998397602031,38.39998397602031
8469,c,38.39998397602031,38.39998397602031
8470,t,38.39998397602031,38.39998397602031
8471,c,38.39998397602031,38.39998397602031
8472,t,38.39998397602031,38.39998397602031
8473,t,38.39998397602031,38.39998397602031
8474,t,38.39998397602031,38.39998397602031
8475,t,38.39998397602031,38.39998397602031
8476,t,38.39998397602031,38.39998397602031
8477,t,38.39998397602031,38.39998397602031
8478,t,38.39998397602031,38.39998397602031
8479,t,38.39998397602031,38.39998397602031
8480,c,38.39998397602031,38.39998397602031
8481,t,38.39998397602031,38.39998397602031
8482,c,38.39998397602031,38.39998397602031
8483,t,38.39998397602031,38.39998397602031
8484,c,38.39998397602031,38.39998397602031
8485,c,38.39998397602031,38.39998397602031
8486,t,38.39998397602031,38.39998397602031
8487,c,38.39998397602031,38.39998397602031
8488,t,38.39998397602031,38.39998397602031
8489,t,38.39998397602031,38.39998397602031
8490,t,38.39998397602031,38.39998397602031
8491,t,38.39998397602031,38.39998397602031
8492,c,38.39998397602031,38.39998397602031
8493,t,38.39998397602031,38.39998397602031
8494,na,1.8824875929315725,2.816377460685735
8495,t,38.39998397602031,38.39998397602031
8496,t,38.39998397602031,38.39998397602031
8497,c,38.39998397602031,38.39998397602031
8498,c,38.39998397602031,38.39998397602031
8499,c,38.39998397602031,38.39998397602031
8500,c,38.39998397602031,38.39998397602031
8501,c,38.39998397602031,38.39998397602031
8502,c,38.39998397602031,38.39998397602031
8503,t,38.39998397602031,38.39998397602031
8504,c,38.39998397602031,38.39998397602031
8505,t,38.39998397602031,38.39998397602031
8506,t,38.39998397602031,38.39998397602031
8507,c,38.39998397602031,38.39998397602031
8508,c,38.39998397602031,38.39998397602031
8509,t,38.39998397602031,38.39998397602031
8510,t,38.39998397602031,38.39998397602031
8511,c,38.39998397602031,38.39998397602031
8512,t,38.39998397602031,38.39998397602031
8513,t,38.39998397602031,38.39998397602031
8514,c,38.39998397602031,38.39998397602031
8515,t,38.39998397602031,38.39998397602031
8516,t,38.39998397602031,38.39998397602031
8517,c,38.39998397602031,38.39998397602031
8518,t,38.39998397602031,38.39998397602031
8519,c,38.39998397602031,38.39998397602031
8520,c,38.39998397602031,38.39998397602031
8521,t,38.39998397602031,38.39998397602031
8522,c,38.39998397602031,38.39998397602031
8523,c,38.39998397602031,38.39998397602031
8524,c,38.39998397602031,38.39998397602031
8525,t,38.39998397602031,38.39998397602031
8526,t,38.39998397602031,38.39998397602031
8527,c,38.39998397602031,38.39998397602031
8528,t,38.39998397602031,38.39998397602031
8529,t,38.39998397602031,38.39998397602031
8530,c,38.39998397602031,38.39998397602031
8531,c,38.39998397602031,38.39998397602031
8532,t,38.39998397602031,38.39998397602031
8533,t,38.39998397602031,38.39998397602031
8534,t,38.39998397602031,38.39998397602031
8535,c,38.39998397602031,38.39998397602031
8536,c,38.39998397602031,38.39998397602031
8537,t,38.39998397602031,38.39998397602031
8538,c,16.143509189133848,18.209501043110286
8539,c,38.39998397602031,38.39998397602031
8540,t,38.39998397602031,38.39998397602031
8541,c,38.39998397602031,38.39998397602031
8542,c,38.39998397602031,38.39998397602031
8543,c,38.39998397602031,38.39998397602031
8544,c,38.39998397602031,38.39998397602031
8545,t,38.39998397602031,38.39998397602031
8546,c,38.39998397602031,38.39998397602031
8547,c,38.39998397602031,38.39998397602031
8548,c,38.39998397602031,38.39998397602031
8549,c,38.39998397602031,38.39998397602031
8550,t,38.39998397602031,38.39998397602031
8551,t,38.39998397602031,38.39998397602031
8552,c,38.39998397602031,38.39998397602031
8553,c,38.39998397602031,38.39998397602031
8554,t,38.39998397602031,38.39998397602031
8555,c,38.39998397602031,38.39998397602031
8556,c,38.39998397602031,38.39998397602031
8557,t,38.39998397602031,38.39998397602031
8558,c,38.39998397602031,38.39998397602031
8559,c,38.39998397602031,38.39998397602031
8560,c,38.39998397602031,38.39998397602031
8561,c,38.39998397602031,38.39998397602031
8562,c,38.39998397602031,38.39998397602031
8563,t,38.39998397602031,38.39998397602031
8564,t,38.39998397602031,38.39998397602031
8565,c,38.39998397602031,38.39998397602031
8566,t,38.39998397602031,38.39998397602031
8567,t,38.39998397602031,38.39998397602031
8568,c,38.39998397602031,38.39998397602031
8569,t,38.39998397602031,38.39998397602031
8570,t,38.39998397602031,38.39998397602031
8571,c,38.39998397602031,38.39998397602031
8572,c,38.39998397602031,38.39998397602031
8573,c,38.39998397602031,38.39998397602031
8574,c,38.39998397602031,38.39998397602031
8575,t,38.39998397602031,38.39998397602031
8576,t,38.39998397602031,38.39998397602031
8577,c,38.39998397602031,38.39998397602031
8578,t,38.39998397602031,38.39998397602031
8579,c,38.39998397602031,38.39998397602031
8580,t,38.39998397602031,38.39998397602031
8581,c,38.39998397602031,38.39998397602031
8582,t,38.39998397602031,38.39998397602031
8583,c,38.39998397602031,38.39998397602031
8584,t,38.39998397602031,38.39998397602031
8585,c,38.39998397602031,38.39998397602031
8586,c,38.39998397602031,38.39998397602031
8587,t,38.39998397602031,38.39998397602031
8588,t,38.39998397602031,38.39998397602031
8589,c,38.39998397602031,38.39998397602031
8590,c,38.39998397602031,38.39998397602031
8591,t,38.39998397602031,38.39998397602031
8592,t,38.39998397602031,38.39998397602031
8593,t,38.39998397602031,38.39998397602031
8594,c,38.39998397602031,38.39998397602031
8595,t,38.39998397602031,38.39998397602031
8596,c,38.39998397602031,38.39998397602031
8597,c,38.39998397602031,38.39998397602031
8598,t,38.39998397602031,38.39998397602031
8599,t,38.39998397602031,38.39998397602031
8600,t,38.39998397602031,38.39998397602031
8601,t,38.39998397602031,38.39998397602031
8602,c,38.39998397602031,38.39998397602031
8603,c,38.39998397602031,38.39998397602031
8604,c,38.39998397602031,38.39998397602031
8605,t,38.39998397602031,38.39998397602031
8606,na,1.820144505137576,2.0259908477962183
8607,t,38.39998397602031,38.39998397602031
8608,c,38.39998397602031,38.39998397602031
8609,t,38.39998397602031,38.39998397602031
8610,t,38.39998397602031,38.39998397602031
8611,t,38.39998397602031,38.39998397602031
8612,t,38.39998397602031,38.39998397602031
8613,c,38.39998397602031,38.39998397602031
8614,t,38.39998397602031,38.39998397602031
8615,c,38.39998397602031,38.39998397602031
8616,t,38.39998397602031,38.39998397602031
8617,c,38.39998397602031,38.39998397602031
8618,c,38.39998397602031,38.39998397602031
8619,c,38.39998397602031,38.39998397602031
8620,c,38.39998397602031,38.39998397602031
8621,t,38.39998397602031,38.39998397602031
8622,t,38.39998397602031,38.39998397602031
8623,c,38.39998397602031,38.39998397602031
8624,c,38.39998397602031,38.39998397602031
8625,c,38.39998397602031,38.39998397602031
8626,c,38.39998397602031,38.39998397602031
8627,t,38.39998397602031,38.39998397602031
8628,c,38.39998397602031,38.39998397602031
8629,c,38.39998397602031,38.39998397602031
8630,c,38.39998397602031,38.39998397602031
8631,t,38.39998397602031,38.39998397602031
8632,t,38.39998397602031,38.39998397602031
8633,c,38.39998397602031,38.39998397602031
8634,t,38.39998397602031,38.39998397602031
8635,t,38.39998397602031,38.39998397602031
8636,t,38.39998397602031,38.39998397602031
8637,na,-1,0
8638,t,38.39998397602031,38.39998397602031
8639,t,38.39998397602031,38.39998397602031
8640,t,38.39998397602031,38.39998397602031
8641,t,38.39998397602031,38.39998397602031
8642,t,38.39998397602031,38.39998397602031
8643,c,38.39998397602031,38.39998397602031
8644,c,38.39998397602031,38.39998397602031
8645,t,38.39998397602031,38.39998397602031
8646,c,38.39998397602031,38.39998397602031
8647,t,38.39998397602031,38.39998397602031
8648,c,38.39998397602031,38.39998397602031
8649,t,38.39998397602031,38.39998397602031
8650,t,38.39998397602031,38.39998397602031
8651,t,38.39998397602031,38.39998397602031
8652,c,38.39998397602031,38.39998397602031
8653,t,38.39998397602031,38.39998397602031
8654,t,38.39998397602031,38.39998397602031
8655,c,38.39998397602031,38.39998397602031
8656,t,38.39998397602031,38.39998397602031
8657,t,38.39998397602031,38.39998397602031
8658,c,38.39998397602031,38.39998397602031
8659,t,38.39998397602031,38.39998397602031
8660,c,38.39998397602031,38.39998397602031
8661,t,38.39998397602031,38.39998397602031
8662,t,38.39998397602031,38.39998397602031
8663,c,38.39998397602031,38.39998397602031
8664,c,38.39998397602031,38.39998397602031
8665,c,38.39998397602031,38.39998397602031
8666,c,38.39998397602031,38.39998397602031
8667,t,38.39998397602031,38.39998397602031
8668,c,38.39998397602031,38.39998397602031
8669,c,38.39998397602031,38.39998397602031
8670,t,38.39998397602031,38.39998397602031
8671,c,38.39998397602031,38.39998397602031
8672,t,38.39998397602031,38.39998397602031
8673,t,38.39998397602031,38.39998397602031
8674,c,38.39998397602031,38.39998397602031
8675,t,38.39998397602031,38.39998397602031
8676,t,38.39998397602031,38.39998397602031
8677,t,38.39998397602031,38.39998397602031
8678,t,38.39998397602031,38.39998397602031
8679,c,38.39998397602031,38.39998397602031
8680,c,38.39998397602031,38.39998397602031
8681,t,38.39998397602031,38.39998397602031
8682,t,38.39998397602031,38.39998397602031
8683,t,38.39998397602031,38.39998397602031
8684,c,38.39998397602031,38.39998397602031
8685,c,38.39998397602031,38.39998397602031
8686,t,38.39998397602031,38.39998397602031
8687,c,38.39998397602031,38.39998397602031
8688,t,38.39998397602031,38.39998397602031
8689,c,38.39998397602031,38.39998397602031
8690,c,38.39998397602031,38.39998397602031
8691,t,38.39998397602031,38.39998397602031
8692,t,38.39998397602031,38.39998397602031
8693,c,38.39998397602031,38.39998397602031
8694,t,38.39998397602031,38.39998397602031
8695,c,38.39998397602031,38.39998397602031
8696,t,38.39998397602031,38.39998397602031
8697,c,38.39998397602031,38.39998397602031
8698,t,38.39998397602031,38.39998397602031
8699,t,38.39998397602031,38.39998397602031
8700,t,38.39998397602031,38.39998397602031
8701,c,38.39998397602031,38.39998397602031
8702,c,38.39998397602031,38.39998397602031
8703,c,38.39998397602031,38.39998397602031
8704,t,38.39998397602031,38.39998397602031
8705,c,38.39998397602031,38.39998397602031
8706,t,38.39998397602031,38.39998397602031
8707,c,38.39998397602031,38.39998397602031
8708,t,38.39998397602031,38.39998397602031
8709,t,38.39998397602031,38.39998397602031
8710,t,38.39998397602031,38.39998397602031
8711,c,38.39998397602031,38.39998397602031
8712,t,38.39998397602031,38.39998397602031
8713,c,38.39998397602031,38.39998397602031
8714,c,38.39998397602031,38.39998397602031
8715,t,38.39998397602031,38.39998397602031
8716,t,38.39998397602031,38.39998397602031
8717,c,38.39998397602031,38.39998397602031
8718,c,38.39998397602031,38.39998397602031
8719,t,38.39998397602031,38.39998397602031
8720,c,38.39998397602031,38.39998397602031
8721,t,38.39998397602031,38.39998397602031
8722,t,38.39998397602031,38.39998397602031
8723,c,38.39998397602031,38.39998397602031
8724,c,38.39998397602031,38.39998397602031
8725,c,38.39998397602031,38.39998397602031
8726,c,38.39998397602031,38.39998397602031
8727,c,38.39998397602031,38.39998397602031
8728,t,38.39998397602031,38.39998397602031
8729,t,38.39998397602031,38.39998397602031
8730,t,38.39998397602031,38.39998397602031
8731,t,38.39998397602031,38.39998397602031
8732,c,38.39998397602031,38.39998397602031
8733,t,38.39998397602031,38.39998397602031
8734,t,38.39998397602031,38.39998397602031
8735,c,38.39998397602031,38.39998397602031
8736,c,38.39998397602031,38.39998397602031
8737,t,38.39998397602031,38.39998397602031
8738,c,38.39998397602031,38.39998397602031
8739,c,38.39998397602031,38.39998397602031
8740,t,38.39998397602031,38.39998397602031
8741,c,38.39998397602031,38.39998397602031
8742,c,38.39998397602031,38.39998397602031
8743,t,38.39998397602031,38.39998397602031
8744,t,38.39998397602031,38.39998397602031
8745,t,38.39998397602031,38.39998397602031
8746,t,38.39998397602031,38.39998397602031
8747,t,38.39998397602031,38.39998397602031
8748,t,38.39998397602031,38.39998397602031
8749,t,38.39998397602031,38.39998397602031
8750,c,38.39998397602031,38.39998397602031
8751,t,38.39998397602031,38.39998397602031
8752,t,38.39998397602031,38.39998397602031
8753,c,38.39998397602031,38.39998397602031
8754,t,38.39998397602031,38.39998397602031
8755,t,38.39998397602031,38.39998397602031
8756,t,38.39998397602031,38.39998397602031
8757,t,38.39998397602031,38.39998397602031
8758,t,38.39998397602031,38.39998397602031
8759,c,38.39998397602031,38.39998397602031
8760,c,38.39998397602031,38.39998397602031
8761,t,38.39998397602031,38.39998397602031
8762,t,38.39998397602031,38.39998397602031
8763,c,38.39998397602031,38.39998397602031
8764,t,38.39998397602031,38.39998397602031
8765,na,7.8426032759548,10.20724282410111
8766,c,38.39998397602031,38.39998397602031
8767,c,38.39998397602031,38.39998397602031
8768,c,38.39998397602031,38.39998397602031
8769,c,38.39998397602031,38.39998397602031
8770,c,38.39998397602031,38.39998397602031
8771,t,38.39998397602031,38.39998397602031
8772,t,38.39998397602031,38.39998397602031
8773,t,38.39998397602031,38.39998397602031
8774,c,38.39998397602031,38.39998397602031
8775,c,38.39998397602031,38.39998397602031
8776,t,38.39998397602031,38.39998397602031
8777,c,38.39998397602031,38.39998397602031
8778,c,38.39998397602031,38.39998397602031
8779,t,38.39998397602031,38.39998397602031
8780,c,38.39998397602031,38.39998397602031
8781,t,38.39998397602031,38.39998397602031
8782,na,0,2.5162627116121317
8783,c,38.39998397602031,38.39998397602031
8784,c,38.39998397602031,38.39998397602031
8785,t,38.39998397602031,38.39998397602031
8786,t,38.39998397602031,38.39998397602031
8787,t,38.39998397602031,38.39998397602031
8788,t,38.39998397602031,38.39998397602031
8789,t,38.39998397602031,38.39998397602031
8790,t,38.39998397602031,38.39998397602031
8791,na,0.5317979857684417,4.979484361139365
8792,t,38.39998397602031,38.39998397602031
8793,t,38.39998397602031,38.39998397602031
8794,t,38.39998397602031,38.39998397602031
8795,t,38.39998397602031,38.39998397602031
8796,c,38.39998397602031,38.39998397602031
8797,c,38.39998397602031,38.39998397602031
8798,c,38.39998397602031,38.39998397602031
8799,c,38.39998397602031,38.39998397602031
8800,c,38.39998397602031,38.39998397602031
8801,t,38.39998397602031,38.39998397602031
8802,t,38.39998397602031,38.39998397602031
8803,t,38.39998397602031,38.39998397602031
8804,t,38.39998397602031,38.39998397602031
8805,c,38.39998397602031,38.39998397602031
8806,c,38.39998397602031,38.39998397602031
8807,t,38.39998397602031,38.39998397602031
8808,c,38.39998397602031,38.39998397602031
8809,c,38.39998397602031,38.39998397602031
8810,c,38.39998397602031,38.39998397602031
8811,c,38.39998397602031,38.39998397602031
8812,t,38.39998397602031,38.39998397602031
8813,c,38.39998397602031,38.39998397602031
8814,c,38.39998397602031,38.39998397602031
8815,c,38.39998397602031,38.39998397602031
8816,c,38.39998397602031,38.39998397602031
8817,c,38.39998397602031,38.39998397602031
8818,t,38.39998397602031,38.39998397602031
8819,c,7.182269266121021,22.50306587113043
8820,c,38.39998397602031,38.39998397602031
8821,c,38.39998397602031,38.39998397602031
8822,t,38.39998397602031,38.39998397602031
8823,t,38.39998397602031,38.39998397602031
8824,t,38.39998397602031,38.39998397602031
8825,c,38.39998397602031,38.39998397602031
8826,c,38.39998397602031,38.39998397602031
8827,c,38.39998397602031,38.39998397602031
8828,t,38.39998397602031,38.39998397602031
8829,t,38.39998397602031,38.39998397602031
8830,c,38.39998397602031,38.39998397602031
8831,t,38.39998397602031,38.39998397602031
8832,c,38.39998397602031,38.39998397602031
8833,c,38.39998397602031,38.39998397602031
8834,c,38.39998397602031,38.39998397602031
8835,t,38.39998397602031,38.39998397602031
8836,t,38.39998397602031,38.39998397602031
8837,c,38.39998397602031,38.39998397602031
8838,t,38.39998397602031,38.39998397602031
8839,t,38.39998397602031,38.39998397602031
8840,c,38.39998397602031,38.39998397602031
8841,c,38.39998397602031,38.39998397602031
8842,t,38.39998397602031,38.39998397602031
8843,t,38.39998397602031,38.39998397602031
8844,c,38.39998397602031,38.39998397602031
8845,t,38.39998397602031,38.39998397602031
8846,t,38.39998397602031,38.39998397602031
8847,c,38.39998397602031,38.39998397602031
8848,t,38.39998397602031,38.39998397602031
8849,c,38.39998397602031,38.39998397602031
8850,c,38.39998397602031,38.39998397602031
8851,c,38.39998397602031,38.39998397602031
8852,c,38.39998397602031,38.39998397602031
8853,c,6.656291758309895,7.464726729689722
8854,t,38.39998397602031,38.39998397602031
8855,c,38.39998397602031,38.39998397602031
8856,c,38.39998397602031,38.39998397602031
8857,t,38.39998397602031,38.39998397602031
8858,t,38.39998397602031,38.39998397602031
8859,t,38.39998397602031,38.39998397602031
8860,c,38.39998397602031,38.39998397602031
8861,c,38.39998397602031,38.39998397602031
8862,t,38.39998397602031,38.39998397602031
8863,c,38.39998397602031,38.39998397602031
8864,t,38.39998397602031,38.39998397602031
8865,c,38.39998397602031,38.39998397602031
8866,t,38.39998397602031,38.39998397602031
8867,c,38.39998397602031,38.39998397602031
8868,t,38.39998397602031,38.39998397602031
8869,t,38.39998397602031,38.39998397602031
8870,t,38.39998397602031,38.39998397602031
8871,t,38.39998397602031,38.39998397602031
8872,c,38.39998397602031,38.39998397602031
8873,t,38.39998397602031,38.39998397602031
8874,t,38.39998397602031,38.39998397602031
8875,c,38.39998397602031,38.39998397602031
8876,c,38.39998397602031,38.39998397602031
8877,c,38.39998397602031,38.39998397602031
8878,t,38.39998397602031,38.39998397602031
8879,c,38.39998397602031,38.39998397602031
8880,c,38.39998397602031,38.39998397602031
8881,t,38.39998397602031,38.39998397602031
8882,t,38.39998397602031,38.39998397602031
8883,c,38.39998397602031,38.39998397602031
8884,c,38.39998397602031,38.39998397602031
8885,c,38.39998397602031,38.39998397602031
8886,c,38.39998397602031,38.39998397602031
8887,c,38.39998397602031,38.39998397602031
8888,c,38.39998397602031,38.39998397602031
8889,t,38.39998397602031,38.39998397602031
8890,c,38.39998397602031,38.39998397602031
8891,t,38.39998397602031,38.39998397602031
8892,c,38.39998397602031,38.39998397602031
8893,t,38.39998397602031,38.39998397602031
8894,t,38.39998397602031,38.39998397602031
8895,c,38.39998397602031,38.39998397602031
8896,t,38.39998397602031,38.39998397602031
8897,t,38.39998397602031,38.39998397602031
8898,t,38.39998397602031,38.39998397602031
8899,t,38.39998397602031,38.39998397602031
8900,t,38.39998397602031,38.39998397602031
8901,t,38.39998397602031,38.39998397602031
8902,c,38.39998397602031,38.39998397602031
8903,t,38.39998397602031,38.39998397602031
8904,t,38.39998397602031,38.39998397602031
8905,c,38.39998397602031,38.39998397602031
8906,t,38.39998397602031,38.39998397602031
8907,c,38.39998397602031,38.39998397602031
8908,c,38.39998397602031,38.39998397602031
8909,t,38.39998397602031,38.39998397602031
8910,c,38.39998397602031,38.39998397602031
8911,c,38.39998397602031,38.39998397602031
8912,c,38.39998397602031,38.39998397602031
8913,c,38.39998397602031,38.39998397602031
8914,t,38.39998397602031,38.39998397602031
8915,t,38.39998397602031,38.39998397602031
8916,c,38.39998397602031,38.39998397602031
8917,t,38.39998397602031,38.39998397602031
8918,t,38.39998397602031,38.39998397602031
8919,c,38.39998397602031,38.39998397602031
8920,c,38.39998397602031,38.39998397602031
8921,c,38.39998397602031,38.39998397602031
8922,c,10.100718128752401,17.483561914462594
8923,c,38.39998397602031,38.39998397602031
8924,c,38.39998397602031,38.39998397602031
8925,c,38.39998397602031,38.39998397602031
8926,t,38.39998397602031,38.39998397602031
8927,t,38.39998397602031,38.39998397602031
8928,t,38.39998397602031,38.39998397602031
8929,c,38.39998397602031,38.39998397602031
8930,t,38.39998397602031,38.39998397602031
8931,c,38.39998397602031,38.39998397602031
8932,c,38.39998397602031,38.39998397602031
8933,t,38.39998397602031,38.39998397602031
8934,t,38.39998397602031,38.39998397602031
8935,t,38.39998397602031,38.39998397602031
8936,t,38.39998397602031,38.39998397602031
8937,c,38.39998397602031,38.39998397602031
8938,c,38.39998397602031,38.39998397602031
8939,t,38.39998397602031,38.39998397602031
8940,t,38.39998397602031,38.39998397602031
8941,c,38.39998397602031,38.39998397602031
8942,c,38.39998397602031,38.39998397602031
8943,t,38.39998397602031,38.39998397602031
8944,t,38.39998397602031,38.39998397602031
8945,c,38.39998397602031,38.39998397602031
8946,t,38.39998397602031,38.39998397602031
8947,t,38.39998397602031,38.39998397602031
8948,c,5.2215388340372435,38.39998397602031
8949,t,38.39998397602031,38.39998397602031
8950,t,38.39998397602031,38.39998397602031
8951,t,38.39998397602031,38.39998397602031
8952,t,38.39998397602031,38.39998397602031
8953,c,38.39998397602031,38.39998397602031
8954,c,38.39998397602031,38.39998397602031
8955,c,38.39998397602031,38.39998397602031
8956,t,38.39998397602031,38.39998397602031
8957,c,38.39998397602031,38.39998397602031
8958,t,38.39998397602031,38.39998397602031
8959,t,38.39998397602031,38.39998397602031
8960,c,38.39998397602031,38.39998397602031
8961,t,38.39998397602031,38.39998397602031
8962,c,38.39998397602031,38.39998397602031
8963,c,38.39998397602031,38.39998397602031
8964,na,6.870529748706611,7.0469019677807685
8965,c,38.39998397602031,38.39998397602031
8966,c,38.39998397602031,38.39998397602031
8967,c,38.39998397602031,38.39998397602031
8968,c,38.39998397602031,38.39998397602031
8969,c,38.39998397602031,38.39998397602031
8970,c,38.39998397602031,38.39998397602031
8971,c,38.39998397602031,38.39998397602031
8972,t,38.39998397602031,38.39998397602031
8973,c,38.39998397602031,38.39998397602031
8974,c,38.39998397602031,38.39998397602031
8975,c,38.39998397602031,38.39998397602031
8976,t,38.39998397602031,38.39998397602031
8977,t,38.39998397602031,38.39998397602031
8978,c,38.39998397602031,38.39998397602031
8979,t,38.39998397602031,38.39998397602031
8980,na,3.219215371018441,38.39998397602031
8981,t,38.39998397602031,38.39998397602031
8982,c,38.39998397602031,38.39998397602031
8983,c,38.39998397602031,38.39998397602031
8984,t,38.39998397602031,38.39998397602031
8985,c,38.39998397602031,38.39998397602031
8986,c,38.39998397602031,38.39998397602031
8987,c,38.39998397602031,38.39998397602031
8988,t,38.39998397602031,38.39998397602031
8989,t,38.39998397602031,38.39998397602031
8990,c,38.39998397602031,38.39998397602031
8991,t,38.39998397602031,38.39998397602031
8992,c,38.39998397602031,38.39998397602031
8993,t,38.39998397602031,38.39998397602031
8994,c,38.39998397602031,38.39998397602031
8995,c,38.39998397602031,38.39998397602031
8996,c,38.39998397602031,38.39998397602031
8997,c,38.39998397602031,38.39998397602031
8998,t,38.39998397602031,38.39998397602031
8999,c,38.39998397602031,38.39998397602031
9000,t,38.39998397602031,38.39998397602031
9001,t,38.39998397602031,38.39998397602031
9002,c,38.39998397602031,38.39998397602031
9003,t,38.39998397602031,38.39998397602031
9004,c,38.39998397602031,38.39998397602031
9005,c,38.39998397602031,38.39998397602031
9006,t,38.39998397602031,38.39998397602031
9007,c,38.39998397602031,38.39998397602031
9008,t,38.39998397602031,38.39998397602031
9009,t,38.39998397602031,38.39998397602031
9010,c,38.39998397602031,38.39998397602031
9011,c,38.39998397602031,38.39998397602031
9012,c,38.39998397602031,38.39998397602031
9013,c,38.39998397602031,38.39998397602031
9014,c,38.39998397602031,38.39998397602031
9015,c,38.39998397602031,38.39998397602031
9016,t,38.39998397602031,38.39998397602031
9017,t,38.39998397602031,38.39998397602031
9018,c,38.39998397602031,38.39998397602031
9019,c,38.39998397602031,38.39998397602031
9020,c,38.39998397602031,38.39998397602031
9021,c,38.39998397602031,38.39998397602031
9022,na,0,2.3482437649018466e-05
9023,c,38.39998397602031,38.39998397602031
9024,c,38.39998397602031,38.39998397602031
9025,t,38.39998397602031,38.39998397602031
9026,t,38.39998397602031,38.39998397602031
9027,t,38.39998397602031,38.39998397602031
9028,t,38.39998397602031,38.39998397602031
9029,c,38.39998397602031,38.39998397602031
9030,t,38.39998397602031,38.39998397602031
9031,t,38.39998397602031,38.39998397602031
9032,t,38.39998397602031,38.39998397602031
9033,c,38.39998397602031,38.39998397602031
9034,t,38.39998397602031,38.39998397602031
9035,t,38.39998397602031,38.39998397602031
9036,c,38.39998397602031,38.39998397602031
9037,c,38.39998397602031,38.39998397602031
9038,c,38.39998397602031,38.39998397602031
9039,t,38.39998397602031,38.39998397602031
9040,t,38.39998397602031,38.39998397602031
9041,t,38.39998397602031,38.39998397602031
9042,c,38.39998397602031,38.39998397602031
9043,t,38.39998397602031,38.39998397602031
9044,c,38.39998397602031,38.39998397602031
9045,t,38.39998397602031,38.39998397602031
9046,c,38.39998397602031,38.39998397602031
9047,t,38.39998397602031,38.39998397602031
9048,t,38.39998397602031,38.39998397602031
9049,c,38.39998397602031,38.39998397602031
9050,c,38.39998397602031,38.39998397602031
9051,c,38.39998397602031,38.39998397602031
9052,c,38.39998397602031,38.39998397602031
9053,t,38.39998397602031,38.39998397602031
9054,t,38.39998397602031,38.39998397602031
9055,t,38.39998397602031,38.39998397602031
9056,t,38.39998397602031,38.39998397602031
9057,t,38.39998397602031,38.39998397602031
9058,na,-1,0
9059,c,38.39998397602031,38.39998397602031
9060,t,38.39998397602031,38.39998397602031
9061,c,38.39998397602031,38.39998397602031
9062,t,38.39998397602031,38.39998397602031
9063,c,38.39998397602031,38.39998397602031
9064,c,38.39998397602031,38.39998397602031
9065,t,38.39998397602031,38.39998397602031
9066,t,38.39998397602031,38.39998397602031
9067,c,38.39998397602031,38.39998397602031
9068,t,38.39998397602031,38.39998397602031
9069,c,38.39998397602031,38.39998397602031
9070,c,38.39998397602031,38.39998397602031
9071,t,38.39998397602031,38.39998397602031
9072,t,38.39998397602031,38.39998397602031
9073,t,38.39998397602031,38.39998397602031
9074,c,38.39998397602031,38.39998397602031
9075,c,38.39998397602031,38.39998397602031
9076,c,38.39998397602031,38.39998397602031
9077,t,38.39998397602031,38.39998397602031
9078,c,38.39998397602031,38.39998397602031
9079,c,38.39998397602031,38.39998397602031
9080,c,38.39998397602031,38.39998397602031
9081,t,38.39998397602031,38.39998397602031
9082,c,38.39998397602031,38.39998397602031
9083,c,38.39998397602031,38.39998397602031
9084,t,38.39998397602031,38.39998397602031
9085,t,38.39998397602031,38.39998397602031
9086,t,38.39998397602031,38.39998397602031
9087,c,38.39998397602031,38.39998397602031
9088,c,38.39998397602031,38.39998397602031
9089,c,38.39998397602031,38.39998397602031
9090,t,38.39998397602031,38.39998397602031
9091,t,38.39998397602031,38.39998397602031
9092,c,38.39998397602031,38.39998397602031
9093,c,38.39998397602031,38.39998397602031
9094,t,38.39998397602031,38.39998397602031
9095,t,38.39998397602031,38.39998397602031
9096,c,38.39998397602031,38.39998397602031
9097,c,38.39998397602031,38.39998397602031
9098,c,38.39998397602031,38.39998397602031
9099,c,38.39998397602031,38.39998397602031
9100,c,38.39998397602031,38.39998397602031
9101,c,38.39998397602031,38.39998397602031
9102,c,38.39998397602031,38.39998397602031
9103,t,38.39998397602031,38.39998397602031
9104,c,38.39998397602031,38.39998397602031
9105,c,38.39998397602031,38.39998397602031
9106,c,38.39998397602031,38.39998397602031
9107,c,38.39998397602031,38.39998397602031
9108,t,38.39998397602031,38.39998397602031
9109,c,38.39998397602031,38.39998397602031
9110,c,38.39998397602031,38.39998397602031
9111,t,38.39998397602031,38.39998397602031
9112,t,38.39998397602031,38.39998397602031
9113,t,38.39998397602031,38.39998397602031
9114,t,38.39998397602031,38.39998397602031
9115,c,38.39998397602031,38.39998397602031
9116,c,38.39998397602031,38.39998397602031
9117,t,38.39998397602031,38.39998397602031
9118,t,38.39998397602031,38.39998397602031
9119,c,38.39998397602031,38.39998397602031
9120,t,38.39998397602031,38.39998397602031
9121,t,38.39998397602031,38.39998397602031
9122,c,38.39998397602031,38.39998397602031
9123,c,38.39998397602031,38.39998397602031
9124,t,38.39998397602031,38.39998397602031
9125,c,38.39998397602031,38.39998397602031
9126,t,38.39998397602031,38.39998397602031
9127,c,38.39998397602031,38.39998397602031
9128,c,38.39998397602031,38.39998397602031
9129,c,38.39998397602031,38.39998397602031
9130,t,38.39998397602031,38.39998397602031
9131,c,38.39998397602031,38.39998397602031
9132,c,38.39998397602031,38.39998397602031
9133,t,38.39998397602031,38.39998397602031
9134,c,38.39998397602031,38.39998397602031
9135,c,3.171191304166496,3.2894384956331826
9136,t,38.39998397602031,38.39998397602031
9137,c,38.39998397602031,38.39998397602031
9138,c,38.39998397602031,38.39998397602031
9139,t,38.39998397602031,38.39998397602031
9140,c,38.39998397602031,38.39998397602031
9141,c,38.39998397602031,38.39998397602031
9142,c,38.39998397602031,38.39998397602031
9143,c,38.39998397602031,38.39998397602031
9144,c,38.39998397602031,38.39998397602031
9145,c,38.39998397602031,38.39998397602031
9146,c,38.39998397602031,38.39998397602031
9147,t,38.39998397602031,38.39998397602031
9148,t,38.39998397602031,38.39998397602031
9149,c,38.39998397602031,38.39998397602031
9150,t,38.39998397602031,38.39998397602031
9151,c,38.39998397602031,38.39998397602031
9152,c,38.39998397602031,38.39998397602031
9153,c,38.39998397602031,38.39998397602031
9154,t,38.39998397602031,38.39998397602031
9155,t,38.39998397602031,38.39998397602031
9156,c,38.39998397602031,38.39998397602031
9157,t,38.39998397602031,38.39998397602031
9158,t,38.39998397602031,38.39998397602031
9159,c,38.39998397602031,38.39998397602031
9160,c,38.39998397602031,38.39998397602031
9161,c,38.39998397602031,38.39998397602031
9162,c,38.39998397602031,38.39998397602031
9163,c,38.39998397602031,38.39998397602031
9164,c,38.39998397602031,38.39998397602031
9165,c,38.39998397602031,38.39998397602031
9166,c,38.39998397602031,38.39998397602031
9167,t,38.39998397602031,38.39998397602031
9168,t,38.39998397602031,38.39998397602031
9169,c,38.39998397602031,38.39998397602031
9170,c,38.39998397602031,38.39998397602031
9171,t,38.39998397602031,38.39998397602031
9172,c,38.39998397602031,38.39998397602031
9173,t,38.39998397602031,38.39998397602031
9174,t,38.39998397602031,38.39998397602031
9175,t,38.39998397602031,38.39998397602031
9176,t,38.39998397602031,38.39998397602031
9177,t,38.39998397602031,38.39998397602031
9178,t,38.39998397602031,38.39998397602031
9179,c,38.39998397602031,38.39998397602031
9180,t,38.39998397602031,38.39998397602031
9181,t,38.39998397602031,38.39998397602031
9182,t,38.39998397602031,38.39998397602031
9183,c,38.39998397602031,38.39998397602031
9184,c,38.39998397602031,38.39998397602031
9185,t,38.39998397602031,38.39998397602031
9186,t,38.39998397602031,38.39998397602031
9187,c,38.39998397602031,38.39998397602031
9188,c,38.39998397602031,38.39998397602031
9189,t,38.39998397602031,38.39998397602031
9190,t,38.39998397602031,38.39998397602031
9191,t,38.39998397602031,38.39998397602031
9192,t,38.39998397602031,38.39998397602031
9193,c,38.39998397602031,38.39998397602031
9194,t,38.39998397602031,38.39998397602031
9195,c,38.39998397602031,38.39998397602031
9196,t,38.39998397602031,38.39998397602031
9197,c,38.39998397602031,38.39998397602031
9198,t,38.39998397602031,38.39998397602031
9199,t,38.39998397602031,38.39998397602031
9200,t,38.39998397602031,38.39998397602031
9201,c,38.39998397602031,38.39998397602031
9202,c,38.39998397602031,38.39998397602031
9203,t,38.39998397602031,38.39998397602031
9204,t,38.39998397602031,38.39998397602031
9205,c,38.39998397602031,38.39998397602031
9206,t,38.39998397602031,38.39998397602031
9207,c,38.39998397602031,38.39998397602031
9208,t,38.39998397602031,38.39998397602031
9209,t,38.39998397602031,38.39998397602031
9210,c,38.39998397602031,38.39998397602031
9211,t,38.39998397602031,38.39998397602031
9212,t,38.39998397602031,38.39998397602031
9213,c,38.39998397602031,38.39998397602031
9214,t,38.39998397602031,38.39998397602031
9215,c,38.39998397602031,38.39998397602031
9216,c,38.39998397602031,38.39998397602031
9217,c,38.39998397602031,38.39998397602031
9218,t,38.39998397602031,38.39998397602031
9219,c,38.39998397602031,38.39998397602031
9220,c,38.39998397602031,38.39998397602031
9221,c,38.39998397602031,38.39998397602031
9222,t,38.39998397602031,38.39998397602031
9223,t,38.39998397602031,38.39998397602031
9224,t,38.39998397602031,38.39998397602031
9225,c,38.39998397602031,38.39998397602031
9226,c,38.39998397602031,38.39998397602031
9227,c,38.39998397602031,38.39998397602031
9228,c,38.39998397602031,38.39998397602031
9229,c,38.39998397602031,38.39998397602031
9230,t,38.39998397602031,38.39998397602031
9231,t,38.39998397602031,38.39998397602031
9232,t,38.39998397602031,38.39998397602031
9233,c,38.39998397602031,38.39998397602031
9234,c,38.39998397602031,38.39998397602031
9235,c,38.39998397602031,38.39998397602031
9236,t,38.39998397602031,38.39998397602031
9237,c,38.39998397602031,38.39998397602031
9238,t,38.39998397602031,38.39998397602031
9239,c,38.39998397602031,38.39998397602031
9240,t,38.39998397602031,38.39998397602031
9241,t,38.39998397602031,38.39998397602031
9242,c,38.39998397602031,38.39998397602031
9243,c,38.39998397602031,38.39998397602031
9244,c,38.39998397602031,38.39998397602031
9245,t,38.39998397602031,38.39998397602031
9246,t,38.39998397602031,38.39998397602031
9247,t,38.39998397602031,38.39998397602031
9248,t,38.39998397602031,38.39998397602031
9249,c,38.39998397602031,38.39998397602031
9250,t,38.39998397602031,38.39998397602031
9251,c,38.39998397602031,38.39998397602031
9252,c,38.39998397602031,38.39998397602031
9253,c,38.39998397602031,38.39998397602031
9254,t,38.39998397602031,38.39998397602031
9255,t,38.39998397602031,38.39998397602031
9256,c,38.39998397602031,38.39998397602031
9257,c,38.39998397602031,38.39998397602031
9258,t,38.39998397602031,38.39998397602031
9259,c,38.39998397602031,38.39998397602031
9260,t,38.39998397602031,38.39998397602031
9261,t,38.39998397602031,38.39998397602031
9262,c,38.39998397602031,38.39998397602031
9263,t,38.39998397602031,38.39998397602031
9264,c,38.39998397602031,38.39998397602031
9265,t,38.39998397602031,38.39998397602031
9266,t,38.39998397602031,38.39998397602031
9267,t,38.39998397602031,38.39998397602031
9268,t,38.39998397602031,38.39998397602031
9269,c,38.39998397602031,38.39998397602031
9270,t,38.39998397602031,38.39998397602031
9271,c,38.39998397602031,38.39998397602031
9272,c,38.39998397602031,38.39998397602031
9273,t,38.39998397602031,38.39998397602031
9274,c,38.39998397602031,38.39998397602031
9275,c,38.39998397602031,38.39998397602031
9276,c,38.39998397602031,38.39998397602031
9277,c,38.39998397602031,38.39998397602031
9278,c,38.39998397602031,38.39998397602031
9279,c,38.39998397602031,38.39998397602031
9280,na,-1,0
9281,t,38.39998397602031,38.39998397602031
9282,c,15.113045559296566,38.39998397602031
9283,c,38.39998397602031,38.39998397602031
9284,c,38.39998397602031,38.39998397602031
9285,c,38.39998397602031,38.39998397602031
9286,t,38.39998397602031,38.39998397602031
9287,c,38.39998397602031,38.39998397602031
9288,c,38.39998397602031,38.39998397602031
9289,c,38.39998397602031,38.39998397602031
9290,t,38.39998397602031,38.39998397602031
9291,t,38.39998397602031,38.39998397602031
9292,c,38.39998397602031,38.39998397602031
9293,t,38.39998397602031,38.39998397602031
9294,c,38.39998397602031,38.39998397602031
9295,c,38.39998397602031,38.39998397602031
9296,t,38.39998397602031,38.39998397602031
9297,t,38.39998397602031,38.39998397602031
9298,t,38.39998397602031,38.39998397602031
9299,na,0,10.947819811636302
9300,t,38.39998397602031,38.39998397602031
9301,c,38.39998397602031,38.39998397602031
9302,t,38.39998397602031,38.39998397602031
9303,t,38.39998397602031,38.39998397602031
9304,c,38.39998397602031,38.39998397602031
9305,c,38.39998397602031,38.39998397602031
9306,t,38.39998397602031,38.39998397602031
9307,c,38.39998397602031,38.39998397602031
9308,t,38.39998397602031,38.39998397602031
9309,c,38.39998397602031,38.39998397602031
9310,c,38.39998397602031,38.39998397602031
9311,c,38.39998397602031,38.39998397602031
9312,t,38.39998397602031,38.39998397602031
9313,c,38.39998397602031,38.39998397602031
9314,t,38.39998397602031,38.39998397602031
9315,t,38.39998397602031,38.39998397602031
9316,c,38.39998397602031,38.39998397602031
9317,t,38.39998397602031,38.39998397602031
9318,c,38.39998397602031,38.39998397602031
9319,c,38.39998397602031,38.39998397602031
9320,c,38.39998397602031,38.39998397602031
9321,c,38.39998397602031,38.39998397602031
9322,c,38.39998397602031,38.39998397602031
9323,c,38.39998397602031,38.39998397602031
9324,t,38.39998397602031,38.39998397602031
9325,t,38.39998397602031,38.39998397602031
9326,c,38.39998397602031,38.39998397602031
9327,t,38.39998397602031,38.39998397602031
9328,t,38.39998397602031,38.39998397602031
9329,c,38.39998397602031,38.39998397602031
9330,t,38.39998397602031,38.39998397602031
9331,c,38.39998397602031,38.39998397602031
9332,c,38.39998397602031,38.39998397602031
9333,t,38.39998397602031,38.39998397602031
9334,c,38.39998397602031,38.39998397602031
9335,c,38.39998397602031,38.39998397602031
9336,t,38.39998397602031,38.39998397602031
9337,t,38.39998397602031,38.39998397602031
9338,c,38.39998397602031,38.39998397602031
9339,c,38.39998397602031,38.39998397602031
9340,t,38.39998397602031,38.39998397602031
9341,t,38.39998397602031,38.39998397602031
9342,t,38.39998397602031,38.39998397602031
9343,na,2.8514247723124693,10.477142518102674
9344,t,38.39998397602031,38.39998397602031
9345,c,38.39998397602031,38.39998397602031
9346,t,38.39998397602031,38.39998397602031
9347,c,38.39998397602031,38.39998397602031
9348,t,38.39998397602031,38.39998397602031
9349,c,38.39998397602031,38.39998397602031
9350,c,38.39998397602031,38.39998397602031
9351,c,38.39998397602031,38.39998397602031
9352,c,38.39998397602031,38.39998397602031
9353,c,38.39998397602031,38.39998397602031
9354,c,38.39998397602031,38.39998397602031
9355,t,38.39998397602031,38.39998397602031
9356,t,38.39998397602031,38.39998397602031
9357,t,38.39998397602031,38.39998397602031
9358,t,38.39998397602031,38.39998397602031
9359,c,38.39998397602031,38.39998397602031
9360,t,38.39998397602031,38.39998397602031
9361,t,38.39998397602031,38.39998397602031
9362,c,38.39998397602031,38.39998397602031
9363,c,38.39998397602031,38.39998397602031
9364,t,38.39998397602031,38.39998397602031
9365,c,38.39998397602031,38.39998397602031
9366,c,38.39998397602031,38.39998397602031
9367,t,38.39998397602031,38.39998397602031
9368,t,38.39998397602031,38.39998397602031
9369,c,38.39998397602031,38.39998397602031
9370,t,38.39998397602031,38.39998397602031
9371,t,38.39998397602031,38.39998397602031
9372,t,38.39998397602031,38.39998397602031
9373,t,38.39998397602031,38.39998397602031
9374,c,38.39998397602031,38.39998397602031
9375,t,38.39998397602031,38.39998397602031
9376,c,38.39998397602031,38.39998397602031
9377,t,38.39998397602031,38.39998397602031
9378,t,38.39998397602031,38.39998397602031
9379,c,38.39998397602031,38.39998397602031
9380,t,38.39998397602031,38.39998397602031
9381,c,38.39998397602031,38.39998397602031
9382,c,38.39998397602031,38.39998397602031
9383,t,38.39998397602031,38.39998397602031
9384,c,38.39998397602031,38.39998397602031
9385,c,38.39998397602031,38.39998397602031
9386,c,38.39998397602031,38.39998397602031
9387,c,38.39998397602031,38.39998397602031
9388,c,38.39998397602031,38.39998397602031
9389,t,38.39998397602031,38.39998397602031
9390,c,38.39998397602031,38.39998397602031
9391,c,38.39998397602031,38.39998397602031
9392,c,38.39998397602031,38.39998397602031
9393,t,38.39998397602031,38.39998397602031
9394,c,38.39998397602031,38.39998397602031
9395,c,38.39998397602031,38.39998397602031
9396,t,38.39998397602031,38.39998397602031
9397,c,38.39998397602031,38.39998397602031
9398,t,38.39998397602031,38.39998397602031
9399,c,38.39998397602031,38.39998397602031
9400,t,38.39998397602031,38.39998397602031
9401,t,38.39998397602031,38.39998397602031
9402,t,38.39998397602031,38.39998397602031
9403,c,38.39998397602031,38.39998397602031
9404,t,38.39998397602031,38.39998397602031
9405,c,38.39998397602031,38.39998397602031
9406,t,38.39998397602031,38.39998397602031
9407,c,38.39998397602031,38.39998397602031
9408,c,38.39998397602031,38.39998397602031
9409,c,38.39998397602031,38.39998397602031
9410,c,38.39998397602031,38.39998397602031
9411,t,38.39998397602031,38.39998397602031
9412,t,38.39998397602031,38.39998397602031
9413,c,38.39998397602031,38.39998397602031
9414,c,38.39998397602031,38.39998397602031
9415,c,38.39998397602031,38.39998397602031
9416,c,38.39998397602031,38.39998397602031
9417,t,38.39998397602031,38.39998397602031
9418,t,38.39998397602031,38.39998397602031
9419,t,38.39998397602031,38.39998397602031
9420,t,38.39998397602031,38.39998397602031
9421,c,38.39998397602031,38.39998397602031
9422,t,38.39998397602031,38.39998397602031
9423,c,38.39998397602031,38.39998397602031
9424,c,38.39998397602031,38.39998397602031
9425,t,38.39998397602031,38.39998397602031
9426,c,38.39998397602031,38.39998397602031
9427,c,38.39998397602031,38.39998397602031
9428,c,38.39998397602031,38.39998397602031
9429,t,38.39998397602031,38.39998397602031
9430,t,38.39998397602031,38.39998397602031
9431,t,38.39998397602031,38.39998397602031
9432,c,38.39998397602031,38.39998397602031
9433,t,38.39998397602031,38.39998397602031
9434,c,38.39998397602031,38.39998397602031
9435,c,38.39998397602031,38.39998397602031
9436,t,38.39998397602031,38.39998397602031
9437,c,38.39998397602031,38.39998397602031
9438,c,38.39998397602031,38.39998397602031
9439,c,38.39998397602031,38.39998397602031
9440,c,38.39998397602031,38.39998397602031
9441,t,38.39998397602031,38.39998397602031
9442,c,38.39998397602031,38.39998397602031
9443,c,38.39998397602031,38.39998397602031
9444,c,38.39998397602031,38.39998397602031
9445,c,38.39998397602031,38.39998397602031
9446,c,38.39998397602031,38.39998397602031
9447,t,38.39998397602031,38.39998397602031
9448,t,38.39998397602031,38.39998397602031
9449,t,38.39998397602031,38.39998397602031
9450,c,38.39998397602031,38.39998397602031
9451,c,38.39998397602031,38.39998397602031
9452,t,38.39998397602031,38.39998397602031
9453,c,38.39998397602031,38.39998397602031
9454,t,38.39998397602031,38.39998397602031
9455,c,38.39998397602031,38.39998397602031
9456,t,38.39998397602031,38.39998397602031
9457,c,38.39998397602031,38.39998397602031
9458,t,38.39998397602031,38.39998397602031
9459,c,38.39998397602031,38.39998397602031
9460,c,18.900533019526115,38.39998397602031
9461,c,38.39998397602031,38.39998397602031
9462,t,38.39998397602031,38.39998397602031
9463,t,38.39998397602031,38.39998397602031
9464,t,38.39998397602031,38.39998397602031
9465,c,38.39998397602031,38.39998397602031
9466,t,38.39998397602031,38.39998397602031
9467,t,38.39998397602031,38.39998397602031
9468,c,38.39998397602031,38.39998397602031
9469,t,38.39998397602031,38.39998397602031
9470,t,38.39998397602031,38.39998397602031
9471,c,38.39998397602031,38.39998397602031
9472,t,38.39998397602031,38.39998397602031
9473,t,38.39998397602031,38.39998397602031
9474,t,38.39998397602031,38.39998397602031
9475,t,38.39998397602031,38.39998397602031
9476,c,38.39998397602031,38.39998397602031
9477,c,38.39998397602031,38.39998397602031
9478,c,38.39998397602031,38.39998397602031
9479,c,38.39998397602031,38.39998397602031
9480,t,38.39998397602031,38.39998397602031
9481,t,38.39998397602031,38.39998397602031
9482,t,38.39998397602031,38.39998397602031
9483,c,38.39998397602031,38.39998397602031
9484,t,38.39998397602031,38.39998397602031
9485,c,38.39998397602031,38.39998397602031
9486,c,38.39998397602031,38.39998397602031
9487,t,38.39998397602031,38.39998397602031
9488,t,38.39998397602031,38.39998397602031
9489,t,38.39998397602031,38.39998397602031
9490,c,38.39998397602031,38.39998397602031
9491,c,38.39998397602031,38.39998397602031
9492,t,38.39998397602031,38.39998397602031
9493,c,38.39998397602031,38.39998397602031
9494,t,38.39998397602031,38.39998397602031
9495,t,38.39998397602031,38.39998397602031
9496,c,38.39998397602031,38.39998397602031
9497,c,38.39998397602031,38.39998397602031
9498,c,38.39998397602031,38.39998397602031
9499,t,38.39998397602031,38.39998397602031
9500,c,38.39998397602031,38.39998397602031
9501,c,38.39998397602031,38.39998397602031
9502,t,38.39998397602031,38.39998397602031
9503,t,38.39998397602031,38.39998397602031
9504,t,38.39998397602031,38.39998397602031
9505,c,38.39998397602031,38.39998397602031
9506,c,38.39998397602031,38.39998397602031
9507,c,38.39998397602031,38.39998397602031
9508,c,38.39998397602031,38.39998397602031
9509,t,38.39998397602031,38.39998397602031
9510,c,38.39998397602031,38.39998397602031
9511,c,38.39998397602031,38.39998397602031
9512,t,38.39998397602031,38.39998397602031
9513,t,38.39998397602031,38.39998397602031
9514,t,38.39998397602031,38.39998397602031
9515,c,38.39998397602031,38.39998397602031
9516,c,38.39998397602031,38.39998397602031
9517,c,38.39998397602031,38.39998397602031
9518,c,38.39998397602031,38.39998397602031
9519,c,38.39998397602031,38.39998397602031
9520,t,38.39998397602031,38.39998397602031
9521,t,38.39998397602031,38.39998397602031
9522,c,38.39998397602031,38.39998397602031
9523,c,38.39998397602031,38.39998397602031
9524,t,38.39998397602031,38.39998397602031
9525,c,38.39998397602031,38.39998397602031
9526,t,38.39998397602031,38.39998397602031
9527,t,38.39998397602031,38.39998397602031
9528,t,38.39998397602031,38.39998397602031
9529,c,38.39998397602031,38.39998397602031
9530,t,38.39998397602031,38.39998397602031
9531,t,38.39998397602031,38.39998397602031
9532,c,38.39998397602031,38.39998397602031
9533,t,38.39998397602031,38.39998397602031
9534,c,38.39998397602031,38.39998397602031
9535,c,38.39998397602031,38.39998397602031
9536,t,38.39998397602031,38.39998397602031
9537,t,38.39998397602031,38.39998397602031
9538,c,38.39998397602031,38.39998397602031
9539,c,38.39998397602031,38.39998397602031
9540,t,38.39998397602031,38.39998397602031
9541,c,38.39998397602031,38.39998397602031
9542,c,38.39998397602031,38.39998397602031
9543,c,38.39998397602031,38.39998397602031
9544,t,38.39998397602031,38.39998397602031
9545,c,38.39998397602031,38.39998397602031
9546,c,38.39998397602031,38.39998397602031
9547,c,38.39998397602031,38.39998397602031
9548,c,38.39998397602031,38.39998397602031
9549,c,38.39998397602031,38.39998397602031
9550,c,38.39998397602031,38.39998397602031
9551,t,38.39998397602031,38.39998397602031
9552,c,38.39998397602031,38.39998397602031
9553,t,38.39998397602031,38.39998397602031
9554,c,38.39998397602031,38.39998397602031
9555,c,38.39998397602031,38.39998397602031
9556,t,38.39998397602031,38.39998397602031
9557,t,38.39998397602031,38.39998397602031
9558,t,38.39998397602031,38.39998397602031
9559,t,38.39998397602031,38.39998397602031
9560,c,38.39998397602031,38.39998397602031
9561,t,38.39998397602031,38.39998397602031
9562,c,38.39998397602031,38.39998397602031
9563,c,38.39998397602031,38.39998397602031
9564,t,38.39998397602031,38.39998397602031
9565,c,38.39998397602031,38.39998397602031
9566,c,38.39998397602031,38.39998397602031
9567,c,38.39998397602031,38.39998397602031
9568,t,38.39998397602031,38.39998397602031
9569,t,38.39998397602031,38.39998397602031
9570,t,38.39998397602031,38.39998397602031
9571,c,38.39998397602031,38.39998397602031
9572,c,38.39998397602031,38.39998397602031
9573,t,38.39998397602031,38.39998397602031
9574,t,38.39998397602031,38.39998397602031
9575,t,38.39998397602031,38.39998397602031
9576,t,38.39998397602031,38.39998397602031
9577,c,38.39998397602031,38.39998397602031
9578,t,38.39998397602031,38.39998397602031
9579,c,38.39998397602031,38.39998397602031
9580,t,38.39998397602031,38.39998397602031
9581,t,38.39998397602031,38.39998397602031
9582,t,38.39998397602031,38.39998397602031
9583,t,38.39998397602031,38.39998397602031
9584,t,38.39998397602031,38.39998397602031
9585,c,38.39998397602031,38.39998397602031
9586,c,38.39998397602031,38.39998397602031
9587,c,38.39998397602031,38.39998397602031
9588,c,38.39998397602031,38.39998397602031
9589,c,38.39998397602031,38.39998397602031
9590,c,38.39998397602031,38.39998397602031
9591,c,38.39998397602031,38.39998397602031
9592,c,38.39998397602031,38.39998397602031
9593,t,38.39998397602031,38.39998397602031
9594,c,38.39998397602031,38.39998397602031
9595,c,38.39998397602031,38.39998397602031
9596,c,38.39998397602031,38.39998397602031
9597,c,38.39998397602031,38.39998397602031
9598,c,38.39998397602031,38.39998397602031
9599,c,38.39998397602031,38.39998397602031
9600,t,38.39998397602031,38.39998397602031
9601,t,38.39998397602031,38.39998397602031
9602,c,38.39998397602031,38.39998397602031
9603,t,38.39998397602031,38.39998397602031
9604,c,38.39998397602031,38.39998397602031
9605,c,38.39998397602031,38.39998397602031
9606,c,38.39998397602031,38.39998397602031
9607,c,38.39998397602031,38.39998397602031
9608,t,38.39998397602031,38.39998397602031
9609,c,38.39998397602031,38.39998397602031
9610,c,38.39998397602031,38.39998397602031
9611,c,38.39998397602031,38.39998397602031
9612,t,38.39998397602031,38.39998397602031
9613,t,38.39998397602031,38.39998397602031
9614,c,38.39998397602031,38.39998397602031
9615,c,38.39998397602031,38.39998397602031
9616,t,38.39998397602031,38.39998397602031
9617,t,38.39998397602031,38.39998397602031
9618,t,38.39998397602031,38.39998397602031
9619,c,38.39998397602031,38.39998397602031
9620,t,38.39998397602031,38.39998397602031
9621,t,38.39998397602031,38.39998397602031
9622,c,38.39998397602031,38.39998397602031
9623,c,38.39998397602031,38.39998397602031
9624,c,38.39998397602031,38.39998397602031
9625,c,38.39998397602031,38.39998397602031
9626,t,38.39998397602031,38.39998397602031
9627,t,38.39998397602031,38.39998397602031
9628,t,38.39998397602031,38.39998397602031
9629,c,38.39998397602031,38.39998397602031
9630,t,38.39998397602031,38.39998397602031
9631,c,38.39998397602031,38.39998397602031
9632,t,38.39998397602031,38.39998397602031
9633,t,38.39998397602031,38.39998397602031
9634,t,38.39998397602031,38.39998397602031
9635,c,38.39998397602031,38.39998397602031
9636,c,38.39998397602031,38.39998397602031
9637,t,38.39998397602031,38.39998397602031
9638,t,38.39998397602031,38.39998397602031
9639,c,38.39998397602031,38.39998397602031
9640,c,38.39998397602031,38.39998397602031
9641,t,38.39998397602031,38.39998397602031
9642,c,38.39998397602031,38.39998397602031
9643,t,38.39998397602031,38.39998397602031
9644,t,38.39998397602031,38.39998397602031
9645,t,38.39998397602031,38.39998397602031
9646,c,38.39998397602031,38.39998397602031
9647,t,38.39998397602031,38.39998397602031
9648,t,38.39998397602031,38.39998397602031
9649,t,38.39998397602031,38.39998397602031
9650,c,38.39998397602031,38.39998397602031
9651,t,38.39998397602031,38.39998397602031
9652,t,38.39998397602031,38.39998397602031
9653,t,38.39998397602031,38.39998397602031
9654,c,38.39998397602031,38.39998397602031
9655,t,38.39998397602031,38.39998397602031
9656,t,38.39998397602031,38.39998397602031
9657,c,38.39998397602031,38.39998397602031
9658,c,38.39998397602031,38.39998397602031
9659,t,38.39998397602031,38.39998397602031
9660,t,38.39998397602031,38.39998397602031
9661,c,38.39998397602031,38.39998397602031
9662,c,38.39998397602031,38.39998397602031
9663,t,38.39998397602031,38.39998397602031
9664,na,28.86444170563264,29.04261632865301
9665,t,38.39998397602031,38.39998397602031
9666,c,38.39998397602031,38.39998397602031
9667,t,38.39998397602031,38.39998397602031
9668,t,38.39998397602031,38.39998397602031
9669,c,38.39998397602031,38.39998397602031
9670,c,38.39998397602031,38.39998397602031
9671,c,38.39998397602031,38.39998397602031
9672,t,38.39998397602031,38.39998397602031
9673,t,38.39998397602031,38.39998397602031
9674,t,38.39998397602031,38.39998397602031
9675,t,38.39998397602031,38.39998397602031
9676,t,38.39998397602031,38.39998397602031
9677,c,38.39998397602031,38.39998397602031
9678,t,38.39998397602031,38.39998397602031
9679,t,38.39998397602031,38.39998397602031
9680,c,38.39998397602031,38.39998397602031
9681,t,38.39998397602031,38.39998397602031
9682,t,38.39998397602031,38.39998397602031
9683,c,38.39998397602031,38.39998397602031
9684,c,38.39998397602031,38.39998397602031
9685,t,38.39998397602031,38.39998397602031
9686,t,38.39998397602031,38.39998397602031
9687,t,38.39998397602031,38.39998397602031
9688,c,38.39998397602031,38.39998397602031
9689,t,38.39998397602031,38.39998397602031
9690,c,38.39998397602031,38.39998397602031
9691,c,8.47840490170606,9.308216074680718
9692,c,38.39998397602031,38.39998397602031
9693,t,38.39998397602031,38.39998397602031
9694,c,38.39998397602031,38.39998397602031
9695,t,38.39998397602031,38.39998397602031
9696,t,38.39998397602031,38.39998397602031
9697,t,38.39998397602031,38.39998397602031
9698,c,38.39998397602031,38.39998397602031
9699,t,38.39998397602031,38.39998397602031
9700,c,38.39998397602031,38.39998397602031
9701,t,38.39998397602031,38.39998397602031
9702,c,38.39998397602031,38.39998397602031
9703,t,38.39998397602031,38.39998397602031
9704,t,38.39998397602031,38.39998397602031
9705,t,38.39998397602031,38.39998397602031
9706,t,38.39998397602031,38.39998397602031
9707,c,38.39998397602031,38.39998397602031
9708,t,38.39998397602031,38.39998397602031
9709,t,38.39998397602031,38.39998397602031
9710,c,38.39998397602031,38.39998397602031
9711,t,38.39998397602031,38.39998397602031
9712,t,38.39998397602031,38.39998397602031
9713,t,38.39998397602031,38.39998397602031
9714,t,38.39998397602031,38.39998397602031
9715,t,38.39998397602031,38.39998397602031
9716,t,38.39998397602031,38.39998397602031
9717,t,38.39998397602031,38.39998397602031
9718,t,38.39998397602031,38.39998397602031
9719,t,38.39998397602031,38.39998397602031
9720,c,38.39998397602031,38.39998397602031
9721,c,38.39998397602031,38.39998397602031
9722,t,38.39998397602031,38.39998397602031
9723,t,38.39998397602031,38.39998397602031
9724,t,38.39998397602031,38.39998397602031
9725,c,38.39998397602031,38.39998397602031
9726,c,38.39998397602031,38.39998397602031
9727,c,38.39998397602031,38.39998397602031
9728,t,38.39998397602031,38.39998397602031
9729,c,38.39998397602031,38.39998397602031
9730,t,38.39998397602031,38.39998397602031
9731,c,38.39998397602031,38.39998397602031
9732,c,38.39998397602031,38.39998397602031
9733,c,38.39998397602031,38.39998397602031
9734,c,38.39998397602031,38.39998397602031
9735,t,38.39998397602031,38.39998397602031
9736,c,38.39998397602031,38.39998397602031
9737,t,38.39998397602031,38.39998397602031
9738,t,38.39998397602031,38.39998397602031
9739,c,38.39998397602031,38.39998397602031
9740,t,38.39998397602031,38.39998397602031
9741,t,38.39998397602031,38.39998397602031
9742,c,38.39998397602031,38.39998397602031
9743,c,38.39998397602031,38.39998397602031
9744,t,38.39998397602031,38.39998397602031
9745,c,38.39998397602031,38.39998397602031
9746,c,38.39998397602031,38.39998397602031
9747,na,6.287320078684492,12.770187203218988
9748,t,38.39998397602031,38.39998397602031
9749,t,38.39998397602031,38.39998397602031
9750,c,38.39998397602031,38.39998397602031
9751,t,38.39998397602031,38.39998397602031
9752,c,38.39998397602031,38.39998397602031
9753,c,38.39998397602031,38.39998397602031
9754,t,38.39998397602031,38.39998397602031
9755,c,38.39998397602031,38.39998397602031
9756,t,38.39998397602031,38.39998397602031
9757,c,38.39998397602031,38.39998397602031
9758,c,38.39998397602031,38.39998397602031
9759,c,38.39998397602031,38.39998397602031
9760,c,38.39998397602031,38.39998397602031
9761,c,38.39998397602031,38.39998397602031
9762,t,38.39998397602031,38.39998397602031
9763,t,38.39998397602031,38.39998397602031
9764,c,5.779109649203204,38.39998397602031
9765,t,38.39998397602031,38.39998397602031
9766,t,38.39998397602031,38.39998397602031
9767,c,38.39998397602031,38.39998397602031
9768,t,38.39998397602031,38.39998397602031
9769,t,38.39998397602031,38.39998397602031
9770,t,38.39998397602031,38.39998397602031
9771,t,38.39998397602031,38.39998397602031
9772,t,38.39998397602031,38.39998397602031
9773,t,38.39998397602031,38.39998397602031
9774,t,38.39998397602031,38.39998397602031
9775,c,38.39998397602031,38.39998397602031
9776,t,38.39998397602031,38.39998397602031
9777,t,38.39998397602031,38.39998397602031
9778,t,38.39998397602031,38.39998397602031
9779,t,38.39998397602031,38.39998397602031
9780,t,38.39998397602031,38.39998397602031
9781,t,38.39998397602031,38.39998397602031
9782,t,38.39998397602031,38.39998397602031
9783,c,38.39998397602031,38.39998397602031
9784,t,38.39998397602031,38.39998397602031
9785,t,38.39998397602031,38.39998397602031
9786,c,38.39998397602031,38.39998397602031
9787,c,38.39998397602031,38.39998397602031
9788,c,38.39998397602031,38.39998397602031
9789,t,38.39998397602031,38.39998397602031
9790,t,38.39998397602031,38.39998397602031
9791,c,38.39998397602031,38.39998397602031
9792,t,38.39998397602031,38.39998397602031
9793,c,38.39998397602031,38.39998397602031
9794,t,38.39998397602031,38.39998397602031
9795,t,38.39998397602031,38.39998397602031
9796,c,38.39998397602031,38.39998397602031
9797,t,38.39998397602031,38.39998397602031
9798,t,38.39998397602031,38.39998397602031
9799,t,38.39998397602031,38.39998397602031
9800,t,38.39998397602031,38.39998397602031
9801,t,38.39998397602031,38.39998397602031
9802,c,5.526672843376719,6.0684406569937
9803,c,38.39998397602031,38.39998397602031
9804,t,38.39998397602031,38.39998397602031
9805,c,38.39998397602031,38.39998397602031
9806,t,38.39998397602031,38.39998397602031
9807,t,38.39998397602031,38.39998397602031
9808,c,38.39998397602031,38.39998397602031
9809,t,38.39998397602031,38.39998397602031
9810,c,38.39998397602031,38.39998397602031
9811,t,38.39998397602031,38.39998397602031
9812,c,38.39998397602031,38.39998397602031
9813,t,38.39998397602031,38.39998397602031
9814,t,38.39998397602031,38.39998397602031
9815,c,38.39998397602031,38.39998397602031
9816,c,38.39998397602031,38.39998397602031
9817,t,38.39998397602031,38.39998397602031
9818,c,38.39998397602031,38.39998397602031
9819,t,38.39998397602031,38.39998397602031
9820,t,38.39998397602031,38.39998397602031
9821,c,38.39998397602031,38.39998397602031
9822,c,38.39998397602031,38.39998397602031
9823,t,38.39998397602031,38.39998397602031
9824,t,38.39998397602031,38.39998397602031
9825,c,38.39998397602031,38.39998397602031
9826,t,38.39998397602031,38.39998397602031
9827,c,38.39998397602031,38.39998397602031
9828,c,38.39998397602031,38.39998397602031
9829,c,38.39998397602031,38.39998397602031
9830,t,38.39998397602031,38.39998397602031
9831,t,38.39998397602031,38.39998397602031
9832,c,38.39998397602031,38.39998397602031
9833,t,38.39998397602031,38.39998397602031
9834,t,38.39998397602031,38.39998397602031
9835,c,38.39998397602031,38.39998397602031
9836,t,38.39998397602031,38.39998397602031
9837,t,38.39998397602031,38.39998397602031
9838,c,38.39998397602031,38.39998397602031
9839,c,38.39998397602031,38.39998397602031
9840,t,38.39998397602031,38.39998397602031
9841,c,38.39998397602031,38.39998397602031
9842,t,38.39998397602031,38.39998397602031
9843,c,38.39998397602031,38.39998397602031
9844,t,38.39998397602031,38.39998397602031
9845,c,38.39998397602031,38.39998397602031
9846,t,38.39998397602031,38.39998397602031
9847,c,38.39998397602031,38.39998397602031
9848,t,38.39998397602031,38.39998397602031
9849,t,38.39998397602031,38.39998397602031
9850,t,38.39998397602031,38.39998397602031
9851,t,38.39998397602031,38.39998397602031
9852,t,38.39998397602031,38.39998397602031
9853,c,38.39998397602031,38.39998397602031
9854,c,38.39998397602031,38.39998397602031
9855,t,38.39998397602031,38.39998397602031
9856,c,38.39998397602031,38.39998397602031
9857,c,38.39998397602031,38.39998397602031
9858,c,38.39998397602031,38.39998397602031
9859,c,38.39998397602031,38.39998397602031
9860,c,38.39998397602031,38.39998397602031
9861,t,38.39998397602031,38.39998397602031
9862,t,38.39998397602031,38.39998397602031
9863,c,38.39998397602031,38.39998397602031
9864,c,38.39998397602031,38.39998397602031
9865,c,38.39998397602031,38.39998397602031
9866,t,38.39998397602031,38.39998397602031
9867,t,38.39998397602031,38.39998397602031
9868,t,38.39998397602031,38.39998397602031
9869,t,38.39998397602031,38.39998397602031
9870,c,38.39998397602031,38.39998397602031
9871,c,38.39998397602031,38.39998397602031
9872,t,38.39998397602031,38.39998397602031
9873,c,38.39998397602031,38.39998397602031
9874,c,38.39998397602031,38.39998397602031
9875,c,38.39998397602031,38.39998397602031
9876,c,38.39998397602031,38.39998397602031
9877,t,38.39998397602031,38.39998397602031
9878,t,38.39998397602031,38.39998397602031
9879,t,38.39998397602031,38.39998397602031
9880,c,38.39998397602031,38.39998397602031
9881,c,38.39998397602031,38.39998397602031
9882,c,38.39998397602031,38.39998397602031
9883,c,38.39998397602031,38.39998397602031
9884,t,38.39998397602031,38.39998397602031
9885,t,38.39998397602031,38.39998397602031
9886,c,38.39998397602031,38.39998397602031
9887,t,38.39998397602031,38.39998397602031
9888,c,38.39998397602031,38.39998397602031
9889,c,38.39998397602031,38.39998397602031
9890,c,38.39998397602031,38.39998397602031
9891,c,38.39998397602031,38.39998397602031
9892,c,38.39998397602031,38.39998397602031
9893,t,38.39998397602031,38.39998397602031
9894,t,38.39998397602031,38.39998397602031
9895,c,38.39998397602031,38.39998397602031
9896,c,38.39998397602031,38.39998397602031
9897,c,38.39998397602031,38.39998397602031
9898,t,38.39998397602031,38.39998397602031
9899,t,38.39998397602031,38.39998397602031
9900,t,38.39998397602031,38.39998397602031
9901,t,38.39998397602031,38.39998397602031
9902,c,38.39998397602031,38.39998397602031
9903,c,38.39998397602031,38.39998397602031
9904,c,38.39998397602031,38.39998397602031
9905,c,38.39998397602031,38.39998397602031
9906,c,38.39998397602031,38.39998397602031
9907,c,38.39998397602031,38.39998397602031
9908,t,38.39998397602031,38.39998397602031
9909,c,38.39998397602031,38.39998397602031
9910,t,38.39998397602031,38.39998397602031
9911,c,38.39998397602031,38.39998397602031
9912,c,38.39998397602031,38.39998397602031
9913,c,38.39998397602031,38.39998397602031
9914,t,38.39998397602031,38.39998397602031
9915,c,6.5000639288527635,8.739404969251394
9916,c,38.39998397602031,38.39998397602031
9917,c,38.39998397602031,38.39998397602031
9918,t,38.39998397602031,38.39998397602031
9919,c,38.39998397602031,38.39998397602031
9920,t,38.39998397602031,38.39998397602031
9921,c,38.39998397602031,38.39998397602031
9922,c,38.39998397602031,38.39998397602031
9923,c,38.39998397602031,38.39998397602031
9924,c,38.39998397602031,38.39998397602031
9925,c,38.39998397602031,38.39998397602031
9926,t,38.39998397602031,38.39998397602031
9927,c,38.39998397602031,38.39998397602031
9928,t,38.39998397602031,38.39998397602031
9929,c,38.39998397602031,38.39998397602031
9930,t,38.39998397602031,38.39998397602031
9931,t,38.39998397602031,38.39998397602031
9932,t,38.39998397602031,38.39998397602031
9933,t,38.39998397602031,38.39998397602031
9934,c,38.39998397602031,38.39998397602031
9935,t,38.39998397602031,38.39998397602031
9936,t,38.39998397602031,38.39998397602031
9937,t,38.39998397602031,38.39998397602031
9938,t,38.39998397602031,38.39998397602031
9939,t,38.39998397602031,38.39998397602031
9940,t,38.39998397602031,38.39998397602031
9941,t,38.39998397602031,38.39998397602031
9942,t,38.39998397602031,38.39998397602031
9943,t,38.39998397602031,38.39998397602031
9944,c,38.39998397602031,38.39998397602031
9945,t,38.39998397602031,38.39998397602031
9946,t,38.39998397602031,38.39998397602031
9947,c,38.39998397602031,38.39998397602031
9948,t,38.39998397602031,38.39998397602031
9949,c,38.39998397602031,38.39998397602031
9950,c,38.39998397602031,38.39998397602031
9951,t,38.39998397602031,38.39998397602031
9952,t,38.39998397602031,38.39998397602031
9953,c,38.39998397602031,38.39998397602031
9954,t,38.39998397602031,38.39998397602031
9955,c,38.39998397602031,38.39998397602031
9956,na,1.270279898681067,4.952326424430842
9957,c,38.39998397602031,38.39998397602031
9958,t,38.39998397602031,38.39998397602031
9959,c,38.39998397602031,38.39998397602031
9960,c,38.39998397602031,38.39998397602031
9961,c,38.39998397602031,38.39998397602031
9962,c,38.39998397602031,38.39998397602031
9963,t,38.39998397602031,38.39998397602031
9964,t,38.39998397602031,38.39998397602031
9965,c,38.39998397602031,38.39998397602031
9966,c,38.39998397602031,38.39998397602031
9967,c,38.39998397602031,38.39998397602031
9968,t,38.39998397602031,38.39998397602031
9969,t,38.39998397602031,38.39998397602031
9970,c,38.39998397602031,38.39998397602031
9971,t,38.39998397602031,38.39998397602031
9972,t,38.39998397602031,38.39998397602031
9973,c,38.39998397602031,38.39998397602031
9974,c,38.39998397602031,38.39998397602031
9975,c,38.39998397602031,38.39998397602031
9976,t,38.39998397602031,38.39998397602031
9977,t,38.39998397602031,38.39998397602031
9978,c,38.39998397602031,38.39998397602031
9979,c,38.39998397602031,38.39998397602031
9980,c,38.39998397602031,38.39998397602031
9981,t,38.39998397602031,38.39998397602031
9982,t,38.39998397602031,38.39998397602031
9983,c,38.39998397602031,38.39998397602031
9984,t,38.39998397602031,38.39998397602031
9985,t,38.39998397602031,38.39998397602031
9986,t,38.39998397602031,38.39998397602031
9987,c,38.39998397602031,38.39998397602031
9988,t,38.39998397602031,38.39998397602031
9989,t,38.39998397602031,38.39998397602031
9990,c,38.39998397602031,38.39998397602031
9991,c,38.39998397602031,38.39998397602031
9992,c,38.39998397602031,38.39998397602031
9993,t,38.39998397602031,38.39998397602031
9994,t,38.39998397602031,38.39998397602031
9995,c,38.39998397602031,38.39998397602031
9996,t,38.39998397602031,38.39998397602031
9997,c,38.39998397602031,38.39998397602031
9998,na,-1,0
9999,t,38.39998397602031,38.39998397602031
