node, assignment, time2inf, time2death
0,na,-1,0
1,na,-1,0
2,na,-1,0
3,na,-1,0
4,c,40.18956376025951,40.18956376025951
5,c,40.18956376025951,40.18956376025951
6,c,40.18956376025951,40.18956376025951
7,c,6.860971865727356,8.400627890845874
8,t,40.18956376025951,40.18956376025951
9,c,40.18956376025951,40.18956376025951
10,t,40.18956376025951,40.18956376025951
11,c,10.879484430062055,11.693746991863161
12,c,40.18956376025951,40.18956376025951
13,c,40.18956376025951,40.18956376025951
14,t,40.18956376025951,40.18956376025951
15,na,11.608255733680748,17.37811934060308
16,c,40.18956376025951,40.18956376025951
17,c,6.7460195581010876,23.60513542535608
18,c,40.18956376025951,40.18956376025951
19,c,40.18956376025951,40.18956376025951
20,c,40.18956376025951,40.18956376025951
21,c,40.18956376025951,40.18956376025951
22,t,40.18956376025951,40.18956376025951
23,c,40.18956376025951,40.18956376025951
24,c,40.18956376025951,40.18956376025951
25,c,40.18956376025951,40.18956376025951
26,c,40.18956376025951,40.18956376025951
27,c,40.18956376025951,40.18956376025951
28,c,40.18956376025951,40.18956376025951
29,c,40.18956376025951,40.18956376025951
30,c,40.18956376025951,40.18956376025951
31,c,40.18956376025951,40.18956376025951
32,c,40.18956376025951,40.18956376025951
33,c,40.18956376025951,40.18956376025951
34,t,40.18956376025951,40.18956376025951
35,c,40.18956376025951,40.18956376025951
36,c,40.18956376025951,40.18956376025951
37,c,40.18956376025951,40.18956376025951
38,t,40.18956376025951,40.18956376025951
39,c,40.18956376025951,40.18956376025951
40,c,40.18956376025951,40.18956376025951
41,t,40.18956376025951,40.18956376025951
42,na,9.592179773485501,14.250169129169047
43,na,-1,0
44,t,40.18956376025951,40.18956376025951
45,c,40.18956376025951,40.18956376025951
46,t,40.18956376025951,40.18956376025951
47,t,40.18956376025951,40.18956376025951
48,c,40.18956376025951,40.18956376025951
49,t,40.18956376025951,40.18956376025951
50,c,40.18956376025951,40.18956376025951
51,c,40.18956376025951,40.18956376025951
52,c,40.18956376025951,40.18956376025951
53,t,40.18956376025951,40.18956376025951
54,c,40.18956376025951,40.18956376025951
55,na,6.830738051019537,7.060677285378697
56,t,40.18956376025951,40.18956376025951
57,c,40.18956376025951,40.18956376025951
58,c,40.18956376025951,40.18956376025951
59,t,40.18956376025951,40.18956376025951
60,c,40.18956376025951,40.18956376025951
61,c,40.18956376025951,40.18956376025951
62,c,40.18956376025951,40.18956376025951
63,c,40.18956376025951,40.18956376025951
64,c,27.960691811862826,40.18956376025951
65,c,40.18956376025951,40.18956376025951
66,c,40.18956376025951,40.18956376025951
67,c,40.18956376025951,40.18956376025951
68,c,40.18956376025951,40.18956376025951
69,t,40.18956376025951,40.18956376025951
70,c,40.18956376025951,40.18956376025951
71,c,40.18956376025951,40.18956376025951
72,c,40.18956376025951,40.18956376025951
73,c,40.18956376025951,40.18956376025951
74,c,40.18956376025951,40.18956376025951
75,c,40.18956376025951,40.18956376025951
76,c,40.18956376025951,40.18956376025951
77,c,40.18956376025951,40.18956376025951
78,c,40.18956376025951,40.18956376025951
79,c,40.18956376025951,40.18956376025951
80,na,11.581930673378984,12.93409987249994
81,c,40.18956376025951,40.18956376025951
82,t,40.18956376025951,40.18956376025951
83,c,40.18956376025951,40.18956376025951
84,c,40.18956376025951,40.18956376025951
85,c,40.18956376025951,40.18956376025951
86,c,40.18956376025951,40.18956376025951
87,c,40.18956376025951,40.18956376025951
88,c,40.18956376025951,40.18956376025951
89,c,24.977198738011683,25.27593073613579
90,c,40.18956376025951,40.18956376025951
91,c,40.18956376025951,40.18956376025951
92,c,40.18956376025951,40.18956376025951
93,t,40.18956376025951,40.18956376025951
94,na,8.377448469081772,13.703690484970483
95,c,6.957242597067516,8.702639128113244
96,na,1.5803839181081183,4.888596675661069
97,c,40.18956376025951,40.18956376025951
98,na,-1,0
99,na,2.613280968591003,10.63480745648999
100,c,1.8895083276013434,3.547921254406803
101,c,40.18956376025951,40.18956376025951
102,t,40.18956376025951,40.18956376025951
103,c,40.18956376025951,40.18956376025951
104,c,40.18956376025951,40.18956376025951
105,c,40.18956376025951,40.18956376025951
106,c,4.290748464316021,6.531571532967723
107,c,40.18956376025951,40.18956376025951
108,c,40.18956376025951,40.18956376025951
109,c,40.18956376025951,40.18956376025951
110,t,40.18956376025951,40.18956376025951
111,c,40.18956376025951,40.18956376025951
112,c,40.18956376025951,40.18956376025951
113,t,40.18956376025951,40.18956376025951
114,c,40.18956376025951,40.18956376025951
115,c,2.6104870924394192,40.18956376025951
116,c,40.18956376025951,40.18956376025951
117,c,40.18956376025951,40.18956376025951
118,c,40.18956376025951,40.18956376025951
119,t,40.18956376025951,40.18956376025951
120,c,40.18956376025951,40.18956376025951
121,c,40.18956376025951,40.18956376025951
122,c,40.18956376025951,40.18956376025951
123,c,40.18956376025951,40.18956376025951
124,c,40.18956376025951,40.18956376025951
125,c,40.18956376025951,40.18956376025951
126,c,40.18956376025951,40.18956376025951
127,c,40.18956376025951,40.18956376025951
128,t,40.18956376025951,40.18956376025951
129,c,19.105964124707686,19.295742895659405
130,na,13.515341112978128,40.18956376025951
131,c,5.012573388990749,15.625786459558286
132,na,4.098100183497114,10.885337715958178
133,t,40.18956376025951,40.18956376025951
134,c,40.18956376025951,40.18956376025951
135,c,40.18956376025951,40.18956376025951
136,na,0,11.04619718428134
137,c,40.18956376025951,40.18956376025951
138,c,40.18956376025951,40.18956376025951
139,c,40.18956376025951,40.18956376025951
140,c,1.7941275043836615,6.007806759601174
141,c,40.18956376025951,40.18956376025951
142,c,40.18956376025951,40.18956376025951
143,c,40.18956376025951,40.18956376025951
144,c,40.18956376025951,40.18956376025951
145,t,40.18956376025951,40.18956376025951
146,t,40.18956376025951,40.18956376025951
147,c,40.18956376025951,40.18956376025951
148,t,40.18956376025951,40.18956376025951
149,c,40.18956376025951,40.18956376025951
150,c,40.18956376025951,40.18956376025951
151,na,0,7.046687799653683
152,c,10.490200769550349,11.70093590927557
153,t,40.18956376025951,40.18956376025951
154,c,40.18956376025951,40.18956376025951
155,c,40.18956376025951,40.18956376025951
156,c,40.18956376025951,40.18956376025951
157,t,40.18956376025951,40.18956376025951
158,c,40.18956376025951,40.18956376025951
159,c,40.18956376025951,40.18956376025951
160,c,13.064800673765848,21.429124747926924
161,t,40.18956376025951,40.18956376025951
162,c,40.18956376025951,40.18956376025951
163,c,40.18956376025951,40.18956376025951
164,c,40.18956376025951,40.18956376025951
165,c,40.18956376025951,40.18956376025951
166,c,40.18956376025951,40.18956376025951
167,c,40.18956376025951,40.18956376025951
168,c,40.18956376025951,40.18956376025951
169,c,40.18956376025951,40.18956376025951
170,t,40.18956376025951,40.18956376025951
171,c,40.18956376025951,40.18956376025951
172,c,40.18956376025951,40.18956376025951
173,c,40.18956376025951,40.18956376025951
174,c,34.857903463702876,36.87378063945147
175,c,40.18956376025951,40.18956376025951
176,c,40.18956376025951,40.18956376025951
177,c,40.18956376025951,40.18956376025951
178,c,40.18956376025951,40.18956376025951
179,c,40.18956376025951,40.18956376025951
180,c,40.18956376025951,40.18956376025951
181,c,40.18956376025951,40.18956376025951
182,c,40.18956376025951,40.18956376025951
183,c,40.18956376025951,40.18956376025951
184,c,9.960348857056388,10.039563543169677
185,t,40.18956376025951,40.18956376025951
186,c,40.18956376025951,40.18956376025951
187,c,40.18956376025951,40.18956376025951
188,c,40.18956376025951,40.18956376025951
189,c,40.18956376025951,40.18956376025951
190,na,0,0.11234913084013723
191,c,40.18956376025951,40.18956376025951
192,c,40.18956376025951,40.18956376025951
193,t,40.18956376025951,40.18956376025951
194,c,14.571979960482512,15.80814188540936
195,c,1.9368604462526386,3.9723067096278397
196,c,40.18956376025951,40.18956376025951
197,c,40.18956376025951,40.18956376025951
198,c,40.18956376025951,40.18956376025951
199,c,40.18956376025951,40.18956376025951
200,c,40.18956376025951,40.18956376025951
201,t,40.18956376025951,40.18956376025951
202,c,40.18956376025951,40.18956376025951
203,c,40.18956376025951,40.18956376025951
204,t,40.18956376025951,40.18956376025951
205,c,40.18956376025951,40.18956376025951
206,c,40.18956376025951,40.18956376025951
207,c,40.18956376025951,40.18956376025951
208,t,40.18956376025951,40.18956376025951
209,c,40.18956376025951,40.18956376025951
210,t,40.18956376025951,40.18956376025951
211,c,40.18956376025951,40.18956376025951
212,na,0.5853809390066239,3.253735512003597
213,t,40.18956376025951,40.18956376025951
214,c,40.18956376025951,40.18956376025951
215,t,40.18956376025951,40.18956376025951
216,c,40.18956376025951,40.18956376025951
217,na,0,5.623970490178189
218,c,40.18956376025951,40.18956376025951
219,t,40.18956376025951,40.18956376025951
220,c,40.18956376025951,40.18956376025951
221,c,40.18956376025951,40.18956376025951
222,t,40.18956376025951,40.18956376025951
223,t,40.18956376025951,40.18956376025951
224,c,40.18956376025951,40.18956376025951
225,c,40.18956376025951,40.18956376025951
226,c,40.18956376025951,40.18956376025951
227,c,40.18956376025951,40.18956376025951
228,c,40.18956376025951,40.18956376025951
229,c,40.18956376025951,40.18956376025951
230,c,24.46883030043569,27.906899010740524
231,t,40.18956376025951,40.18956376025951
232,c,40.18956376025951,40.18956376025951
233,c,40.18956376025951,40.18956376025951
234,c,15.473313919838887,15.668205618527418
235,t,40.18956376025951,40.18956376025951
236,c,40.18956376025951,40.18956376025951
237,t,40.18956376025951,40.18956376025951
238,c,40.18956376025951,40.18956376025951
239,t,40.18956376025951,40.18956376025951
240,t,40.18956376025951,40.18956376025951
241,c,40.18956376025951,40.18956376025951
242,c,40.18956376025951,40.18956376025951
243,t,40.18956376025951,40.18956376025951
244,c,40.18956376025951,40.18956376025951
245,c,40.18956376025951,40.18956376025951
246,c,40.18956376025951,40.18956376025951
247,t,40.18956376025951,40.18956376025951
248,c,40.18956376025951,40.18956376025951
249,c,40.18956376025951,40.18956376025951
250,c,40.18956376025951,40.18956376025951
251,c,40.18956376025951,40.18956376025951
252,t,40.18956376025951,40.18956376025951
253,c,40.18956376025951,40.18956376025951
254,c,40.18956376025951,40.18956376025951
255,c,40.18956376025951,40.18956376025951
256,c,40.18956376025951,40.18956376025951
257,c,40.18956376025951,40.18956376025951
258,c,40.18956376025951,40.18956376025951
259,c,40.18956376025951,40.18956376025951
260,na,7.832869948222637,13.615878017896216
261,c,40.18956376025951,40.18956376025951
262,c,40.18956376025951,40.18956376025951
263,c,40.18956376025951,40.18956376025951
264,c,40.18956376025951,40.18956376025951
265,na,3.1158779890165187,4.988167697551197
266,c,40.18956376025951,40.18956376025951
267,c,40.18956376025951,40.18956376025951
268,c,40.18956376025951,40.18956376025951
269,c,40.18956376025951,40.18956376025951
270,c,40.18956376025951,40.18956376025951
271,t,40.18956376025951,40.18956376025951
272,c,40.18956376025951,40.18956376025951
273,c,40.18956376025951,40.18956376025951
274,c,7.026365658679715,9.217053946164462
275,c,40.18956376025951,40.18956376025951
276,c,40.18956376025951,40.18956376025951
277,t,40.18956376025951,40.18956376025951
278,c,40.18956376025951,40.18956376025951
279,c,40.18956376025951,40.18956376025951
280,t,40.18956376025951,40.18956376025951
281,t,40.18956376025951,40.18956376025951
282,c,40.18956376025951,40.18956376025951
283,t,40.18956376025951,40.18956376025951
284,c,40.18956376025951,40.18956376025951
285,na,0,40.18956376025951
286,c,4.121713175579331,12.82651292866751
287,c,40.18956376025951,40.18956376025951
288,c,40.18956376025951,40.18956376025951
289,c,40.18956376025951,40.18956376025951
290,na,4.58234807976868,40.18956376025951
291,c,40.18956376025951,40.18956376025951
292,c,40.18956376025951,40.18956376025951
293,c,40.18956376025951,40.18956376025951
294,t,40.18956376025951,40.18956376025951
295,t,40.18956376025951,40.18956376025951
296,c,14.121918939463976,16.860528414099473
297,c,40.18956376025951,40.18956376025951
298,c,40.18956376025951,40.18956376025951
299,t,40.18956376025951,40.18956376025951
300,c,40.18956376025951,40.18956376025951
301,c,40.18956376025951,40.18956376025951
302,c,40.18956376025951,40.18956376025951
303,c,40.18956376025951,40.18956376025951
304,c,40.18956376025951,40.18956376025951
305,c,40.18956376025951,40.18956376025951
306,c,40.18956376025951,40.18956376025951
307,t,40.18956376025951,40.18956376025951
308,c,40.18956376025951,40.18956376025951
309,c,40.18956376025951,40.18956376025951
310,c,40.18956376025951,40.18956376025951
311,c,40.18956376025951,40.18956376025951
312,c,40.18956376025951,40.18956376025951
313,c,40.18956376025951,40.18956376025951
314,c,40.18956376025951,40.18956376025951
315,c,40.18956376025951,40.18956376025951
316,c,40.18956376025951,40.18956376025951
317,c,40.18956376025951,40.18956376025951
318,c,40.18956376025951,40.18956376025951
319,c,40.18956376025951,40.18956376025951
320,t,40.18956376025951,40.18956376025951
321,c,9.186343453609604,9.932809008554157
322,c,40.18956376025951,40.18956376025951
323,c,40.18956376025951,40.18956376025951
324,c,40.18956376025951,40.18956376025951
325,c,40.18956376025951,40.18956376025951
326,t,40.18956376025951,40.18956376025951
327,c,40.18956376025951,40.18956376025951
328,c,40.18956376025951,40.18956376025951
329,t,40.18956376025951,40.18956376025951
330,c,40.18956376025951,40.18956376025951
331,c,40.18956376025951,40.18956376025951
332,t,40.18956376025951,40.18956376025951
333,c,40.18956376025951,40.18956376025951
334,c,40.18956376025951,40.18956376025951
335,c,40.18956376025951,40.18956376025951
336,c,40.18956376025951,40.18956376025951
337,c,40.18956376025951,40.18956376025951
338,na,0,3.489709144200794
339,c,40.18956376025951,40.18956376025951
340,c,40.18956376025951,40.18956376025951
341,c,40.18956376025951,40.18956376025951
342,t,40.18956376025951,40.18956376025951
343,c,40.18956376025951,40.18956376025951
344,c,40.18956376025951,40.18956376025951
345,c,40.18956376025951,40.18956376025951
346,c,40.18956376025951,40.18956376025951
347,c,40.18956376025951,40.18956376025951
348,t,40.18956376025951,40.18956376025951
349,t,40.18956376025951,40.18956376025951
350,c,40.18956376025951,40.18956376025951
351,c,40.18956376025951,40.18956376025951
352,c,40.18956376025951,40.18956376025951
353,t,40.18956376025951,40.18956376025951
354,c,40.18956376025951,40.18956376025951
355,c,40.18956376025951,40.18956376025951
356,t,40.18956376025951,40.18956376025951
357,c,40.18956376025951,40.18956376025951
358,c,40.18956376025951,40.18956376025951
359,c,40.18956376025951,40.18956376025951
360,c,40.18956376025951,40.18956376025951
361,c,40.18956376025951,40.18956376025951
362,c,40.18956376025951,40.18956376025951
363,t,40.18956376025951,40.18956376025951
364,c,40.18956376025951,40.18956376025951
365,c,40.18956376025951,40.18956376025951
366,c,40.18956376025951,40.18956376025951
367,c,40.18956376025951,40.18956376025951
368,c,40.18956376025951,40.18956376025951
369,t,40.18956376025951,40.18956376025951
370,c,40.18956376025951,40.18956376025951
371,c,40.18956376025951,40.18956376025951
372,na,0.840445925889492,1.301091753205699
373,t,40.18956376025951,40.18956376025951
374,c,40.18956376025951,40.18956376025951
375,c,40.18956376025951,40.18956376025951
376,c,40.18956376025951,40.18956376025951
377,c,40.18956376025951,40.18956376025951
378,t,40.18956376025951,40.18956376025951
379,c,40.18956376025951,40.18956376025951
380,t,40.18956376025951,40.18956376025951
381,c,40.18956376025951,40.18956376025951
382,c,40.18956376025951,40.18956376025951
383,c,40.18956376025951,40.18956376025951
384,c,40.18956376025951,40.18956376025951
385,t,40.18956376025951,40.18956376025951
386,c,40.18956376025951,40.18956376025951
387,c,40.18956376025951,40.18956376025951
388,c,40.18956376025951,40.18956376025951
389,c,40.18956376025951,40.18956376025951
390,t,40.18956376025951,40.18956376025951
391,c,40.18956376025951,40.18956376025951
392,c,40.18956376025951,40.18956376025951
393,c,40.18956376025951,40.18956376025951
394,c,40.18956376025951,40.18956376025951
395,c,40.18956376025951,40.18956376025951
396,c,18.094836165813085,19.40032386459791
397,c,40.18956376025951,40.18956376025951
398,c,40.18956376025951,40.18956376025951
399,c,40.18956376025951,40.18956376025951
400,c,40.18956376025951,40.18956376025951
401,t,40.18956376025951,40.18956376025951
402,c,10.271411407634131,14.055920705716144
403,c,40.18956376025951,40.18956376025951
404,c,40.18956376025951,40.18956376025951
405,na,4.189468143724752,12.181459050749119
406,c,40.18956376025951,40.18956376025951
407,t,40.18956376025951,40.18956376025951
408,c,40.18956376025951,40.18956376025951
409,c,40.18956376025951,40.18956376025951
410,t,40.18956376025951,40.18956376025951
411,c,40.18956376025951,40.18956376025951
412,c,40.18956376025951,40.18956376025951
413,t,40.18956376025951,40.18956376025951
414,na,0,0.008315447936623631
415,c,40.18956376025951,40.18956376025951
416,c,40.18956376025951,40.18956376025951
417,t,40.18956376025951,40.18956376025951
418,c,40.18956376025951,40.18956376025951
419,t,40.18956376025951,40.18956376025951
420,c,40.18956376025951,40.18956376025951
421,c,40.18956376025951,40.18956376025951
422,c,40.18956376025951,40.18956376025951
423,c,18.567582298073944,19.71460361448671
424,c,40.18956376025951,40.18956376025951
425,c,40.18956376025951,40.18956376025951
426,t,40.18956376025951,40.18956376025951
427,c,40.18956376025951,40.18956376025951
428,c,40.18956376025951,40.18956376025951
429,c,40.18956376025951,40.18956376025951
430,c,40.18956376025951,40.18956376025951
431,c,40.18956376025951,40.18956376025951
432,c,40.18956376025951,40.18956376025951
433,c,40.18956376025951,40.18956376025951
434,t,40.18956376025951,40.18956376025951
435,c,40.18956376025951,40.18956376025951
436,c,40.18956376025951,40.18956376025951
437,c,40.18956376025951,40.18956376025951
438,c,40.18956376025951,40.18956376025951
439,c,40.18956376025951,40.18956376025951
440,c,40.18956376025951,40.18956376025951
441,t,40.18956376025951,40.18956376025951
442,c,40.18956376025951,40.18956376025951
443,c,40.18956376025951,40.18956376025951
444,c,40.18956376025951,40.18956376025951
445,c,21.24665444843757,22.004539637887515
446,na,0.6130377086719261,2.0300756496339925
447,c,40.18956376025951,40.18956376025951
448,c,40.18956376025951,40.18956376025951
449,c,40.18956376025951,40.18956376025951
450,t,40.18956376025951,40.18956376025951
451,c,40.18956376025951,40.18956376025951
452,c,40.18956376025951,40.18956376025951
453,c,40.18956376025951,40.18956376025951
454,c,40.18956376025951,40.18956376025951
455,t,40.18956376025951,40.18956376025951
456,t,40.18956376025951,40.18956376025951
457,c,40.18956376025951,40.18956376025951
458,t,40.18956376025951,40.18956376025951
459,t,40.18956376025951,40.18956376025951
460,c,40.18956376025951,40.18956376025951
461,c,40.18956376025951,40.18956376025951
462,c,40.18956376025951,40.18956376025951
463,c,40.18956376025951,40.18956376025951
464,c,40.18956376025951,40.18956376025951
465,c,40.18956376025951,40.18956376025951
466,c,40.18956376025951,40.18956376025951
467,c,40.18956376025951,40.18956376025951
468,c,40.18956376025951,40.18956376025951
469,c,40.18956376025951,40.18956376025951
470,c,40.18956376025951,40.18956376025951
471,t,40.18956376025951,40.18956376025951
472,t,40.18956376025951,40.18956376025951
473,c,40.18956376025951,40.18956376025951
474,c,40.18956376025951,40.18956376025951
475,t,40.18956376025951,40.18956376025951
476,na,0,6.147728343635657
477,t,40.18956376025951,40.18956376025951
478,c,40.18956376025951,40.18956376025951
479,na,0.9822312045185062,1.4738990829456329
480,c,10.658223429411747,22.85068290882414
481,t,40.18956376025951,40.18956376025951
482,c,40.18956376025951,40.18956376025951
483,c,40.18956376025951,40.18956376025951
484,t,40.18956376025951,40.18956376025951
485,c,40.18956376025951,40.18956376025951
486,c,40.18956376025951,40.18956376025951
487,c,40.18956376025951,40.18956376025951
488,c,40.18956376025951,40.18956376025951
489,c,40.18956376025951,40.18956376025951
490,c,40.18956376025951,40.18956376025951
491,c,12.914452397342544,14.8842001578666
492,c,6.149553877888234,6.607770290623561
493,t,40.18956376025951,40.18956376025951
494,t,40.18956376025951,40.18956376025951
495,t,40.18956376025951,40.18956376025951
496,c,40.18956376025951,40.18956376025951
497,t,40.18956376025951,40.18956376025951
498,c,40.18956376025951,40.18956376025951
499,c,24.898329154853247,26.691538571911632
500,c,40.18956376025951,40.18956376025951
501,c,1.5210018456200451,9.014423356256179
502,t,40.18956376025951,40.18956376025951
503,na,9.095696537551303,11.047521212596871
504,c,40.18956376025951,40.18956376025951
505,c,40.18956376025951,40.18956376025951
506,c,40.18956376025951,40.18956376025951
507,t,40.18956376025951,40.18956376025951
508,c,40.18956376025951,40.18956376025951
509,c,40.18956376025951,40.18956376025951
510,t,40.18956376025951,40.18956376025951
511,na,-1,0
512,c,40.18956376025951,40.18956376025951
513,c,40.18956376025951,40.18956376025951
514,t,40.18956376025951,40.18956376025951
515,t,40.18956376025951,40.18956376025951
516,c,40.18956376025951,40.18956376025951
517,t,40.18956376025951,40.18956376025951
518,t,40.18956376025951,40.18956376025951
519,c,40.18956376025951,40.18956376025951
520,c,40.18956376025951,40.18956376025951
521,c,40.18956376025951,40.18956376025951
522,c,40.18956376025951,40.18956376025951
523,c,40.18956376025951,40.18956376025951
524,c,40.18956376025951,40.18956376025951
525,c,40.18956376025951,40.18956376025951
526,c,40.18956376025951,40.18956376025951
527,t,40.18956376025951,40.18956376025951
528,c,40.18956376025951,40.18956376025951
529,c,40.18956376025951,40.18956376025951
530,c,40.18956376025951,40.18956376025951
531,c,40.18956376025951,40.18956376025951
532,c,40.18956376025951,40.18956376025951
533,c,40.18956376025951,40.18956376025951
534,c,40.18956376025951,40.18956376025951
535,c,40.18956376025951,40.18956376025951
536,c,40.18956376025951,40.18956376025951
537,c,40.18956376025951,40.18956376025951
538,c,40.18956376025951,40.18956376025951
539,c,40.18956376025951,40.18956376025951
540,t,40.18956376025951,40.18956376025951
541,c,40.18956376025951,40.18956376025951
542,t,40.18956376025951,40.18956376025951
543,c,40.18956376025951,40.18956376025951
544,t,40.18956376025951,40.18956376025951
545,c,40.18956376025951,40.18956376025951
546,c,40.18956376025951,40.18956376025951
547,c,19.036109116037274,25.078214526015877
548,c,40.18956376025951,40.18956376025951
549,c,40.18956376025951,40.18956376025951
550,c,6.913528032920594,12.100307006460133
551,c,40.18956376025951,40.18956376025951
552,c,40.18956376025951,40.18956376025951
553,c,40.18956376025951,40.18956376025951
554,t,40.18956376025951,40.18956376025951
555,c,40.18956376025951,40.18956376025951
556,t,40.18956376025951,40.18956376025951
557,c,40.18956376025951,40.18956376025951
558,c,40.18956376025951,40.18956376025951
559,t,40.18956376025951,40.18956376025951
560,t,40.18956376025951,40.18956376025951
561,c,40.18956376025951,40.18956376025951
562,c,40.18956376025951,40.18956376025951
563,c,40.18956376025951,40.18956376025951
564,c,40.18956376025951,40.18956376025951
565,c,40.18956376025951,40.18956376025951
566,c,40.18956376025951,40.18956376025951
567,c,40.18956376025951,40.18956376025951
568,c,40.18956376025951,40.18956376025951
569,t,40.18956376025951,40.18956376025951
570,c,40.18956376025951,40.18956376025951
571,c,14.979570356049702,20.559188124908903
572,c,40.18956376025951,40.18956376025951
573,t,40.18956376025951,40.18956376025951
574,t,40.18956376025951,40.18956376025951
575,c,40.18956376025951,40.18956376025951
576,c,40.18956376025951,40.18956376025951
577,c,40.18956376025951,40.18956376025951
578,c,40.18956376025951,40.18956376025951
579,c,40.18956376025951,40.18956376025951
580,c,40.18956376025951,40.18956376025951
581,c,40.18956376025951,40.18956376025951
582,c,40.18956376025951,40.18956376025951
583,c,40.18956376025951,40.18956376025951
584,na,0.35007360623544437,0.4014060964063753
585,c,40.18956376025951,40.18956376025951
586,c,40.18956376025951,40.18956376025951
587,c,15.682210848679023,18.98826935106688
588,c,40.18956376025951,40.18956376025951
589,c,40.18956376025951,40.18956376025951
590,c,40.18956376025951,40.18956376025951
591,c,40.18956376025951,40.18956376025951
592,c,40.18956376025951,40.18956376025951
593,c,9.076415176195605,9.155167530982405
594,t,40.18956376025951,40.18956376025951
595,c,40.18956376025951,40.18956376025951
596,c,40.18956376025951,40.18956376025951
597,c,40.18956376025951,40.18956376025951
598,c,40.18956376025951,40.18956376025951
599,c,20.983187834713995,31.332756361754686
600,c,40.18956376025951,40.18956376025951
601,c,40.18956376025951,40.18956376025951
602,c,40.18956376025951,40.18956376025951
603,na,0,1.62482493313567
604,c,40.18956376025951,40.18956376025951
605,c,27.705505353059724,29.503582143779326
606,c,40.18956376025951,40.18956376025951
607,c,6.295276265454023,6.328719088945907
608,c,6.915168270867667,10.29866082061337
609,c,40.18956376025951,40.18956376025951
610,c,40.18956376025951,40.18956376025951
611,c,40.18956376025951,40.18956376025951
612,c,40.18956376025951,40.18956376025951
613,c,7.409166186609115,12.203965749557055
614,c,15.168212764647627,15.957299606775711
615,c,6.1101701108730175,13.672193606613106
616,c,40.18956376025951,40.18956376025951
617,t,40.18956376025951,40.18956376025951
618,c,40.18956376025951,40.18956376025951
619,c,40.18956376025951,40.18956376025951
620,c,14.783333520262902,15.444833455627503
621,c,40.18956376025951,40.18956376025951
622,c,18.378610279984862,20.15491491806067
623,c,40.18956376025951,40.18956376025951
624,t,40.18956376025951,40.18956376025951
625,na,0.3306296564941426,3.680178580145011
626,c,40.18956376025951,40.18956376025951
627,c,40.18956376025951,40.18956376025951
628,t,40.18956376025951,40.18956376025951
629,c,40.18956376025951,40.18956376025951
630,c,40.18956376025951,40.18956376025951
631,t,40.18956376025951,40.18956376025951
632,c,15.66213675624023,40.18956376025951
633,c,40.18956376025951,40.18956376025951
634,t,40.18956376025951,40.18956376025951
635,c,40.18956376025951,40.18956376025951
636,na,7.979408662703794,9.608180692079953
637,t,40.18956376025951,40.18956376025951
638,c,40.18956376025951,40.18956376025951
639,c,40.18956376025951,40.18956376025951
640,c,40.18956376025951,40.18956376025951
641,c,40.18956376025951,40.18956376025951
642,c,40.18956376025951,40.18956376025951
643,t,40.18956376025951,40.18956376025951
644,c,40.18956376025951,40.18956376025951
645,c,40.18956376025951,40.18956376025951
646,t,40.18956376025951,40.18956376025951
647,c,40.18956376025951,40.18956376025951
648,c,40.18956376025951,40.18956376025951
649,c,40.18956376025951,40.18956376025951
650,c,40.18956376025951,40.18956376025951
651,t,40.18956376025951,40.18956376025951
652,c,40.18956376025951,40.18956376025951
653,c,40.18956376025951,40.18956376025951
654,t,40.18956376025951,40.18956376025951
655,c,40.18956376025951,40.18956376025951
656,t,40.18956376025951,40.18956376025951
657,c,40.18956376025951,40.18956376025951
658,c,40.18956376025951,40.18956376025951
659,c,40.18956376025951,40.18956376025951
660,c,40.18956376025951,40.18956376025951
661,t,40.18956376025951,40.18956376025951
662,c,40.18956376025951,40.18956376025951
663,c,40.18956376025951,40.18956376025951
664,t,40.18956376025951,40.18956376025951
665,c,40.18956376025951,40.18956376025951
666,c,40.18956376025951,40.18956376025951
667,c,40.18956376025951,40.18956376025951
668,na,0,7.293588146929284
669,c,40.18956376025951,40.18956376025951
670,c,40.18956376025951,40.18956376025951
671,c,40.18956376025951,40.18956376025951
672,c,40.18956376025951,40.18956376025951
673,c,40.18956376025951,40.18956376025951
674,c,40.18956376025951,40.18956376025951
675,c,40.18956376025951,40.18956376025951
676,c,40.18956376025951,40.18956376025951
677,t,40.18956376025951,40.18956376025951
678,c,40.18956376025951,40.18956376025951
679,c,40.18956376025951,40.18956376025951
680,c,40.18956376025951,40.18956376025951
681,na,-1,0
682,t,40.18956376025951,40.18956376025951
683,c,40.18956376025951,40.18956376025951
684,c,40.18956376025951,40.18956376025951
685,c,40.18956376025951,40.18956376025951
686,c,40.18956376025951,40.18956376025951
687,t,40.18956376025951,40.18956376025951
688,c,40.18956376025951,40.18956376025951
689,t,40.18956376025951,40.18956376025951
690,c,40.18956376025951,40.18956376025951
691,c,40.18956376025951,40.18956376025951
692,t,40.18956376025951,40.18956376025951
693,c,40.18956376025951,40.18956376025951
694,c,40.18956376025951,40.18956376025951
695,c,40.18956376025951,40.18956376025951
696,c,40.18956376025951,40.18956376025951
697,c,40.18956376025951,40.18956376025951
698,c,40.18956376025951,40.18956376025951
699,c,40.18956376025951,40.18956376025951
700,c,40.18956376025951,40.18956376025951
701,c,40.18956376025951,40.18956376025951
702,c,40.18956376025951,40.18956376025951
703,c,40.18956376025951,40.18956376025951
704,t,40.18956376025951,40.18956376025951
705,c,40.18956376025951,40.18956376025951
706,c,40.18956376025951,40.18956376025951
707,t,40.18956376025951,40.18956376025951
708,c,40.18956376025951,40.18956376025951
709,c,40.18956376025951,40.18956376025951
710,c,40.18956376025951,40.18956376025951
711,t,40.18956376025951,40.18956376025951
712,c,40.18956376025951,40.18956376025951
713,c,13.784262933789547,13.993687429472539
714,c,40.18956376025951,40.18956376025951
715,c,40.18956376025951,40.18956376025951
716,c,40.18956376025951,40.18956376025951
717,c,40.18956376025951,40.18956376025951
718,c,40.18956376025951,40.18956376025951
719,c,40.18956376025951,40.18956376025951
720,c,40.18956376025951,40.18956376025951
721,c,40.18956376025951,40.18956376025951
722,c,13.019048182171366,21.72527212526159
723,c,40.18956376025951,40.18956376025951
724,c,1.153640623451638,5.497734324071859
725,c,40.18956376025951,40.18956376025951
726,c,40.18956376025951,40.18956376025951
727,c,40.18956376025951,40.18956376025951
728,c,40.18956376025951,40.18956376025951
729,c,40.18956376025951,40.18956376025951
730,t,40.18956376025951,40.18956376025951
731,c,40.18956376025951,40.18956376025951
732,c,40.18956376025951,40.18956376025951
733,c,40.18956376025951,40.18956376025951
734,t,40.18956376025951,40.18956376025951
735,c,40.18956376025951,40.18956376025951
736,c,40.18956376025951,40.18956376025951
737,c,40.18956376025951,40.18956376025951
738,na,5.988219877900493,6.992671602612532
739,t,40.18956376025951,40.18956376025951
740,c,40.18956376025951,40.18956376025951
741,c,40.18956376025951,40.18956376025951
742,t,40.18956376025951,40.18956376025951
743,c,40.18956376025951,40.18956376025951
744,c,40.18956376025951,40.18956376025951
745,t,40.18956376025951,40.18956376025951
746,c,40.18956376025951,40.18956376025951
747,c,40.18956376025951,40.18956376025951
748,c,40.18956376025951,40.18956376025951
749,t,40.18956376025951,40.18956376025951
750,c,40.18956376025951,40.18956376025951
751,t,40.18956376025951,40.18956376025951
752,t,40.18956376025951,40.18956376025951
753,c,40.18956376025951,40.18956376025951
754,c,40.18956376025951,40.18956376025951
755,c,40.18956376025951,40.18956376025951
756,c,40.18956376025951,40.18956376025951
757,na,0,5.701262543855615
758,c,40.18956376025951,40.18956376025951
759,c,40.18956376025951,40.18956376025951
760,c,40.18956376025951,40.18956376025951
761,t,40.18956376025951,40.18956376025951
762,c,40.18956376025951,40.18956376025951
763,c,40.18956376025951,40.18956376025951
764,c,40.18956376025951,40.18956376025951
765,c,40.18956376025951,40.18956376025951
766,c,40.18956376025951,40.18956376025951
767,c,40.18956376025951,40.18956376025951
768,c,40.18956376025951,40.18956376025951
769,c,12.358680882658733,20.946184093834617
770,c,40.18956376025951,40.18956376025951
771,c,40.18956376025951,40.18956376025951
772,c,40.18956376025951,40.18956376025951
773,t,40.18956376025951,40.18956376025951
774,c,40.18956376025951,40.18956376025951
775,na,5.68665894411718,9.283924546294356
776,c,40.18956376025951,40.18956376025951
777,c,40.18956376025951,40.18956376025951
778,c,40.18956376025951,40.18956376025951
779,t,40.18956376025951,40.18956376025951
780,c,7.628584860206311,7.94529314363135
781,c,40.18956376025951,40.18956376025951
782,c,40.18956376025951,40.18956376025951
783,c,4.8395504040339095,5.35647096760321
784,c,40.18956376025951,40.18956376025951
785,c,3.6020397293126316,7.404448183567097
786,c,40.18956376025951,40.18956376025951
787,na,4.798313006357523,40.18956376025951
788,c,40.18956376025951,40.18956376025951
789,c,40.18956376025951,40.18956376025951
790,c,40.18956376025951,40.18956376025951
791,c,40.18956376025951,40.18956376025951
792,na,0,7.154356152971236
793,c,40.18956376025951,40.18956376025951
794,na,6.631630611124507,13.833758455157422
795,c,40.18956376025951,40.18956376025951
796,c,40.18956376025951,40.18956376025951
797,c,40.18956376025951,40.18956376025951
798,c,40.18956376025951,40.18956376025951
799,c,40.18956376025951,40.18956376025951
800,c,20.515596911731055,21.261432839715585
801,c,40.18956376025951,40.18956376025951
802,t,40.18956376025951,40.18956376025951
803,na,3.5912847302353814,7.759549630280733
804,c,40.18956376025951,40.18956376025951
805,c,40.18956376025951,40.18956376025951
806,c,40.18956376025951,40.18956376025951
807,c,40.18956376025951,40.18956376025951
808,na,0,5.673545948413361
809,t,40.18956376025951,40.18956376025951
810,na,40.18956376025951,40.18956376025951
811,c,40.18956376025951,40.18956376025951
812,c,40.18956376025951,40.18956376025951
813,na,3.147549094647739,4.829473868924791
814,c,40.18956376025951,40.18956376025951
815,c,40.18956376025951,40.18956376025951
816,c,7.882117398877639,8.03745945143839
817,c,40.18956376025951,40.18956376025951
818,c,40.18956376025951,40.18956376025951
819,c,40.18956376025951,40.18956376025951
820,c,40.18956376025951,40.18956376025951
821,c,40.18956376025951,40.18956376025951
822,c,40.18956376025951,40.18956376025951
823,c,40.18956376025951,40.18956376025951
824,c,20.371068594303765,30.311084874618714
825,c,11.169678790927438,11.436375674290586
826,c,40.18956376025951,40.18956376025951
827,c,40.18956376025951,40.18956376025951
828,c,40.18956376025951,40.18956376025951
829,c,40.18956376025951,40.18956376025951
830,t,40.18956376025951,40.18956376025951
831,c,40.18956376025951,40.18956376025951
832,t,40.18956376025951,40.18956376025951
833,t,40.18956376025951,40.18956376025951
834,c,40.18956376025951,40.18956376025951
835,t,40.18956376025951,40.18956376025951
836,c,17.931703522444195,17.959162871722107
837,t,40.18956376025951,40.18956376025951
838,c,40.18956376025951,40.18956376025951
839,c,40.18956376025951,40.18956376025951
840,c,40.18956376025951,40.18956376025951
841,c,40.18956376025951,40.18956376025951
842,t,40.18956376025951,40.18956376025951
843,t,40.18956376025951,40.18956376025951
844,c,40.18956376025951,40.18956376025951
845,c,40.18956376025951,40.18956376025951
846,c,40.18956376025951,40.18956376025951
847,c,15.10233909048193,16.896390288869302
848,c,1.3998714502542735,2.4668256418110803
849,c,40.18956376025951,40.18956376025951
850,c,40.18956376025951,40.18956376025951
851,c,40.18956376025951,40.18956376025951
852,c,40.18956376025951,40.18956376025951
853,c,40.18956376025951,40.18956376025951
854,c,40.18956376025951,40.18956376025951
855,c,40.18956376025951,40.18956376025951
856,c,40.18956376025951,40.18956376025951
857,c,40.18956376025951,40.18956376025951
858,c,40.18956376025951,40.18956376025951
859,c,10.739591374566897,19.463485771377613
860,c,40.18956376025951,40.18956376025951
861,c,40.18956376025951,40.18956376025951
862,c,40.18956376025951,40.18956376025951
863,t,40.18956376025951,40.18956376025951
864,c,40.18956376025951,40.18956376025951
865,c,40.18956376025951,40.18956376025951
866,c,40.18956376025951,40.18956376025951
867,c,40.18956376025951,40.18956376025951
868,c,40.18956376025951,40.18956376025951
869,c,40.18956376025951,40.18956376025951
870,t,40.18956376025951,40.18956376025951
871,c,40.18956376025951,40.18956376025951
872,c,40.18956376025951,40.18956376025951
873,c,2.883066156724774,4.130159696490605
874,t,40.18956376025951,40.18956376025951
875,c,40.18956376025951,40.18956376025951
876,c,40.18956376025951,40.18956376025951
877,c,40.18956376025951,40.18956376025951
878,c,40.18956376025951,40.18956376025951
879,c,40.18956376025951,40.18956376025951
880,t,40.18956376025951,40.18956376025951
881,c,40.18956376025951,40.18956376025951
882,c,40.18956376025951,40.18956376025951
883,t,40.18956376025951,40.18956376025951
884,c,40.18956376025951,40.18956376025951
885,c,40.18956376025951,40.18956376025951
886,c,40.18956376025951,40.18956376025951
887,na,7.143785902258944,7.9782755218370065
888,t,40.18956376025951,40.18956376025951
889,t,40.18956376025951,40.18956376025951
890,c,40.18956376025951,40.18956376025951
891,t,40.18956376025951,40.18956376025951
892,c,40.18956376025951,40.18956376025951
893,c,40.18956376025951,40.18956376025951
894,c,40.18956376025951,40.18956376025951
895,t,40.18956376025951,40.18956376025951
896,c,40.18956376025951,40.18956376025951
897,t,40.18956376025951,40.18956376025951
898,c,5.9402606383699945,9.831639853896355
899,c,25.308542900120205,33.90631731773907
900,c,40.18956376025951,40.18956376025951
901,t,40.18956376025951,40.18956376025951
902,c,40.18956376025951,40.18956376025951
903,c,40.18956376025951,40.18956376025951
904,c,40.18956376025951,40.18956376025951
905,c,3.912170237951558,5.88615495241098
906,na,0,0.6929747611258271
907,t,40.18956376025951,40.18956376025951
908,c,40.18956376025951,40.18956376025951
909,t,40.18956376025951,40.18956376025951
910,c,40.18956376025951,40.18956376025951
911,c,40.18956376025951,40.18956376025951
912,na,2.179224869469829,14.81648780861263
913,na,5.037843348313497,8.424569343156703
914,c,21.249491997756895,23.529872233716883
915,c,40.18956376025951,40.18956376025951
916,na,4.6229198426255556,7.796484211450374
917,c,40.18956376025951,40.18956376025951
918,c,40.18956376025951,40.18956376025951
919,t,40.18956376025951,40.18956376025951
920,c,40.18956376025951,40.18956376025951
921,c,40.18956376025951,40.18956376025951
922,c,40.18956376025951,40.18956376025951
923,c,40.18956376025951,40.18956376025951
924,c,40.18956376025951,40.18956376025951
925,c,13.260041272142445,17.587594353605244
926,c,40.18956376025951,40.18956376025951
927,c,40.18956376025951,40.18956376025951
928,c,40.18956376025951,40.18956376025951
929,c,40.18956376025951,40.18956376025951
930,c,40.18956376025951,40.18956376025951
931,c,9.388250146124896,23.083812235499906
932,c,40.18956376025951,40.18956376025951
933,c,40.18956376025951,40.18956376025951
934,c,40.18956376025951,40.18956376025951
935,na,1.8355912860637884,8.651024598243346
936,c,40.18956376025951,40.18956376025951
937,c,40.18956376025951,40.18956376025951
938,c,40.18956376025951,40.18956376025951
939,t,40.18956376025951,40.18956376025951
940,c,40.18956376025951,40.18956376025951
941,c,40.18956376025951,40.18956376025951
942,c,40.18956376025951,40.18956376025951
943,c,40.18956376025951,40.18956376025951
944,c,40.18956376025951,40.18956376025951
945,c,40.18956376025951,40.18956376025951
946,c,40.18956376025951,40.18956376025951
947,c,40.18956376025951,40.18956376025951
948,c,18.82967358583805,19.648256405707112
949,c,7.724899213565114,10.430947685324774
950,t,40.18956376025951,40.18956376025951
951,c,40.18956376025951,40.18956376025951
952,na,4.161178765210614,6.121833823028958
953,c,40.18956376025951,40.18956376025951
954,c,40.18956376025951,40.18956376025951
955,c,40.18956376025951,40.18956376025951
956,na,11.080278099445112,12.077869151641487
957,c,40.18956376025951,40.18956376025951
958,t,40.18956376025951,40.18956376025951
959,c,40.18956376025951,40.18956376025951
960,t,40.18956376025951,40.18956376025951
961,c,40.18956376025951,40.18956376025951
962,t,40.18956376025951,40.18956376025951
963,t,40.18956376025951,40.18956376025951
964,c,40.18956376025951,40.18956376025951
965,t,40.18956376025951,40.18956376025951
966,c,40.18956376025951,40.18956376025951
967,t,40.18956376025951,40.18956376025951
968,c,40.18956376025951,40.18956376025951
969,c,40.18956376025951,40.18956376025951
970,na,0,1.3164898879646147
971,c,40.18956376025951,40.18956376025951
972,t,40.18956376025951,40.18956376025951
973,t,40.18956376025951,40.18956376025951
974,na,1.0550801129763558,1.4888194701901165
975,t,40.18956376025951,40.18956376025951
976,t,40.18956376025951,40.18956376025951
977,t,40.18956376025951,40.18956376025951
978,na,6.083382223065208,16.96971564475348
979,c,40.18956376025951,40.18956376025951
980,c,40.18956376025951,40.18956376025951
981,t,40.18956376025951,40.18956376025951
982,c,40.18956376025951,40.18956376025951
983,t,40.18956376025951,40.18956376025951
984,c,17.29063964821112,22.497623173234025
985,c,40.18956376025951,40.18956376025951
986,c,40.18956376025951,40.18956376025951
987,c,40.18956376025951,40.18956376025951
988,c,40.18956376025951,40.18956376025951
989,c,40.18956376025951,40.18956376025951
990,na,0,11.524705535425374
991,c,40.18956376025951,40.18956376025951
992,c,40.18956376025951,40.18956376025951
993,c,40.18956376025951,40.18956376025951
994,c,40.18956376025951,40.18956376025951
995,c,40.18956376025951,40.18956376025951
996,c,40.18956376025951,40.18956376025951
997,c,40.18956376025951,40.18956376025951
998,t,40.18956376025951,40.18956376025951
999,c,40.18956376025951,40.18956376025951
