node, assignment, time2inf, time2death
0,na,-1,0
1,na,-1,0
2,na,-1,0
3,na,-1,0
4,c,145.8345887940921,145.8345887940921
5,t,145.8345887940921,145.8345887940921
6,c,145.8345887940921,145.8345887940921
7,t,145.8345887940921,145.8345887940921
8,c,145.8345887940921,145.8345887940921
9,t,145.8345887940921,145.8345887940921
10,c,53.30522296913605,57.971769033976535
11,t,145.8345887940921,145.8345887940921
12,c,119.66565632169579,119.72558967097713
13,t,145.8345887940921,145.8345887940921
14,c,145.8345887940921,145.8345887940921
15,c,145.8345887940921,145.8345887940921
16,t,117.26400450186968,119.1982477379556
17,c,69.44710631795935,83.53532635325203
18,c,84.70681996597787,92.71005501638138
19,c,60.742703691406824,66.51322901289551
20,t,145.8345887940921,145.8345887940921
21,c,65.3272938496868,69.10995314178086
22,t,33.05664742137741,40.99654004291709
23,t,145.8345887940921,145.8345887940921
24,t,145.8345887940921,145.8345887940921
25,t,145.8345887940921,145.8345887940921
26,c,20.5550639225384,27.30610371037254
27,t,140.17436649961522,143.081903769003
28,c,145.8345887940921,145.8345887940921
29,c,145.8345887940921,145.8345887940921
30,c,145.8345887940921,145.8345887940921
31,c,93.35810099956134,93.60030316483396
32,c,145.8345887940921,145.8345887940921
33,c,103.40787388546099,104.17913257270466
34,t,73.75694492852766,75.39403809911433
35,c,63.32261041413951,66.61615915400502
36,t,145.8345887940921,145.8345887940921
37,t,145.8345887940921,145.8345887940921
38,t,145.8345887940921,145.8345887940921
39,na,0,11.237325789441378
40,t,145.8345887940921,145.8345887940921
41,c,145.8345887940921,145.8345887940921
42,t,145.8345887940921,145.8345887940921
43,c,67.29347683689615,71.44427320348187
44,c,145.8345887940921,145.8345887940921
45,c,145.8345887940921,145.8345887940921
46,c,145.8345887940921,145.8345887940921
47,t,145.8345887940921,145.8345887940921
48,t,22.501264684262985,24.672015754381572
49,c,145.8345887940921,145.8345887940921
50,t,145.8345887940921,145.8345887940921
51,t,145.8345887940921,145.8345887940921
52,c,13.40315329816989,22.769417467171515
53,c,59.26130187093903,59.98863374114839
54,c,95.45133262199106,145.8345887940921
55,na,-1,0
56,c,145.8345887940921,145.8345887940921
57,t,60.57271187549746,69.90752979141921
58,c,145.8345887940921,145.8345887940921
59,t,145.8345887940921,145.8345887940921
60,c,145.8345887940921,145.8345887940921
61,c,73.71407004311264,76.05507925617376
62,t,145.8345887940921,145.8345887940921
63,t,145.8345887940921,145.8345887940921
64,c,145.8345887940921,145.8345887940921
65,c,145.8345887940921,145.8345887940921
66,c,108.66547739206463,109.00381229671486
67,c,87.6201202575338,91.01728655532673
68,t,82.35091123810844,84.2161680155831
69,c,145.8345887940921,145.8345887940921
70,t,145.8345887940921,145.8345887940921
71,t,145.8345887940921,145.8345887940921
72,c,145.8345887940921,145.8345887940921
73,c,145.8345887940921,145.8345887940921
74,t,102.79294455998526,105.23889674442248
75,c,105.24462009749995,105.54309636566546
76,t,102.51198263133921,106.50986124004578
77,c,68.38817262676976,74.35126694375127
78,t,145.8345887940921,145.8345887940921
79,c,71.90158821306171,145.8345887940921
80,t,145.8345887940921,145.8345887940921
81,c,145.8345887940921,145.8345887940921
82,t,145.8345887940921,145.8345887940921
83,c,88.49978515304888,97.45621793253429
84,t,145.8345887940921,145.8345887940921
85,c,80.0395520904478,85.51152723496206
86,t,67.83495993251474,70.18776830546997
87,c,79.36285333486056,88.19912817511123
88,c,135.41499365453254,145.8345887940921
89,c,100.7479720065676,103.20864347145323
90,t,145.8345887940921,145.8345887940921
91,c,110.90421588392856,121.06313243086719
92,t,145.8345887940921,145.8345887940921
93,t,93.43568656021763,99.75615973533824
94,t,145.8345887940921,145.8345887940921
95,c,85.63164163913716,86.24345552800021
96,c,145.8345887940921,145.8345887940921
97,c,145.8345887940921,145.8345887940921
98,t,145.8345887940921,145.8345887940921
99,t,129.73241215691618,132.27193191367616
100,t,145.8345887940921,145.8345887940921
101,c,25.95099325416179,28.551208283385385
102,t,145.8345887940921,145.8345887940921
103,c,145.8345887940921,145.8345887940921
104,t,145.8345887940921,145.8345887940921
105,t,145.8345887940921,145.8345887940921
106,t,145.8345887940921,145.8345887940921
107,c,145.8345887940921,145.8345887940921
108,c,145.8345887940921,145.8345887940921
109,t,145.8345887940921,145.8345887940921
110,c,63.800375379840965,66.72142662128766
111,t,94.97354506665022,100.68442253014061
112,t,99.23706178331278,108.58953679182476
113,t,145.8345887940921,145.8345887940921
114,c,145.8345887940921,145.8345887940921
115,t,52.34738994405063,53.74442257437248
116,c,145.8345887940921,145.8345887940921
117,t,145.8345887940921,145.8345887940921
118,c,106.48357256574222,110.06170753974554
119,t,145.8345887940921,145.8345887940921
120,c,145.8345887940921,145.8345887940921
121,t,89.05740693111808,92.21391409432312
122,t,145.8345887940921,145.8345887940921
123,c,145.8345887940921,145.8345887940921
124,c,73.44917493331685,78.30802462234092
125,t,145.8345887940921,145.8345887940921
126,t,145.8345887940921,145.8345887940921
127,c,90.30850578807924,102.98733206408056
128,c,74.23891459674154,75.47518540330118
129,c,77.26515089110134,80.75543319150339
130,t,145.8345887940921,145.8345887940921
131,t,95.93726931743132,100.62519582356018
132,t,145.8345887940921,145.8345887940921
133,t,145.8345887940921,145.8345887940921
134,c,145.8345887940921,145.8345887940921
135,t,145.8345887940921,145.8345887940921
136,t,145.8345887940921,145.8345887940921
137,c,63.83539289153467,66.37949283993176
138,c,71.54709614904469,78.34012134325707
139,t,145.8345887940921,145.8345887940921
140,c,145.8345887940921,145.8345887940921
141,t,145.8345887940921,145.8345887940921
142,c,145.8345887940921,145.8345887940921
143,c,145.8345887940921,145.8345887940921
144,c,25.91299023032374,26.832004397649452
145,t,145.8345887940921,145.8345887940921
146,c,66.16950063756215,67.34709945820012
147,t,96.54566501170136,102.51130067342012
148,c,65.75501988294708,66.89445291615924
149,t,145.8345887940921,145.8345887940921
150,c,61.239916582596805,62.8027168097276
151,t,145.8345887940921,145.8345887940921
152,t,96.83838570866851,145.8345887940921
153,c,145.8345887940921,145.8345887940921
154,c,75.2295538276043,80.08689365349757
155,t,145.8345887940921,145.8345887940921
156,t,145.8345887940921,145.8345887940921
157,t,145.8345887940921,145.8345887940921
158,c,65.09051610074684,70.26185853168715
159,t,145.8345887940921,145.8345887940921
160,c,91.2102066208701,92.73671240446119
161,c,65.38076755521048,68.41323303528655
162,c,64.78053472559117,68.30250059880731
163,c,77.2338869763024,82.45619149551514
164,t,145.8345887940921,145.8345887940921
165,c,145.8345887940921,145.8345887940921
166,t,145.8345887940921,145.8345887940921
167,c,145.8345887940921,145.8345887940921
168,t,128.90244010189005,134.05717687064023
169,c,58.97601081676505,72.46665866769506
170,t,145.8345887940921,145.8345887940921
171,t,64.37724661280355,67.8203565086052
172,c,145.8345887940921,145.8345887940921
173,t,145.8345887940921,145.8345887940921
174,c,145.8345887940921,145.8345887940921
175,t,145.8345887940921,145.8345887940921
176,t,16.377364237755952,17.075314504766034
177,c,145.8345887940921,145.8345887940921
178,c,145.8345887940921,145.8345887940921
179,t,95.87106214410355,102.60332201333584
180,t,145.8345887940921,145.8345887940921
181,t,145.8345887940921,145.8345887940921
182,c,62.41092703504921,68.9245372370334
183,c,118.43372780144638,119.79236965780123
184,c,145.8345887940921,145.8345887940921
185,c,145.8345887940921,145.8345887940921
186,t,145.8345887940921,145.8345887940921
187,c,80.08110439752924,145.8345887940921
188,t,28.372399116123933,44.56631925657069
189,c,145.8345887940921,145.8345887940921
190,t,145.8345887940921,145.8345887940921
191,t,145.8345887940921,145.8345887940921
192,t,145.8345887940921,145.8345887940921
193,t,145.8345887940921,145.8345887940921
194,t,93.45842888597988,93.62123034736652
195,t,145.8345887940921,145.8345887940921
196,t,75.40545030205745,80.09482807373062
197,t,145.8345887940921,145.8345887940921
198,t,145.8345887940921,145.8345887940921
199,c,53.01670750998222,145.8345887940921
200,t,69.94222225709846,71.54565731209048
201,c,64.32634840197335,83.42850213883104
202,t,145.8345887940921,145.8345887940921
203,c,145.8345887940921,145.8345887940921
204,t,145.8345887940921,145.8345887940921
205,t,74.77131041705572,75.55648132759475
206,t,84.7074439035545,145.8345887940921
207,c,63.94688801682569,73.54596862875836
208,c,60.46749942656281,62.08545803360852
209,c,145.8345887940921,145.8345887940921
210,c,92.2262288875197,92.45159168353261
211,t,60.071144553200995,65.61050807375459
212,t,63.73520626804465,72.53850841150287
213,t,145.8345887940921,145.8345887940921
214,t,145.8345887940921,145.8345887940921
215,t,145.8345887940921,145.8345887940921
216,c,145.8345887940921,145.8345887940921
217,c,145.8345887940921,145.8345887940921
218,t,86.18719018928591,94.29163471285946
219,c,145.8345887940921,145.8345887940921
220,t,145.8345887940921,145.8345887940921
221,c,89.8438604118018,91.0711292155554
222,t,87.47150124744283,90.61375427097661
223,c,72.80316326919503,73.10175423622002
224,c,72.54643230387042,83.48124373396433
225,t,145.8345887940921,145.8345887940921
226,c,75.17395437769919,77.32893813456383
227,t,145.8345887940921,145.8345887940921
228,t,145.8345887940921,145.8345887940921
229,t,72.8758740303715,86.11269433460433
230,c,145.8345887940921,145.8345887940921
231,c,90.49195699055531,91.13888416689592
232,t,145.8345887940921,145.8345887940921
233,c,91.97332213109974,94.65225262618156
234,t,145.8345887940921,145.8345887940921
235,c,145.8345887940921,145.8345887940921
236,c,89.00283202728365,100.04614581286623
237,c,145.8345887940921,145.8345887940921
238,t,145.8345887940921,145.8345887940921
239,t,145.8345887940921,145.8345887940921
240,t,145.8345887940921,145.8345887940921
241,c,145.8345887940921,145.8345887940921
242,t,145.8345887940921,145.8345887940921
243,c,145.8345887940921,145.8345887940921
244,t,145.8345887940921,145.8345887940921
245,t,96.59683185410226,97.12079425610594
246,c,70.15218400038336,77.0689976836072
247,t,100.21480906535223,108.02688864139839
248,t,106.31950511209742,106.39367441139606
249,t,145.8345887940921,145.8345887940921
250,c,88.45086610427107,98.34607315746362
251,t,145.8345887940921,145.8345887940921
252,t,55.327499637343365,58.05507143962895
253,t,145.8345887940921,145.8345887940921
254,t,145.8345887940921,145.8345887940921
255,t,145.8345887940921,145.8345887940921
256,t,145.8345887940921,145.8345887940921
257,t,145.8345887940921,145.8345887940921
258,c,145.8345887940921,145.8345887940921
259,t,145.8345887940921,145.8345887940921
260,t,145.8345887940921,145.8345887940921
261,t,145.8345887940921,145.8345887940921
262,c,145.8345887940921,145.8345887940921
263,c,131.95048058429873,133.79753672813283
264,c,145.8345887940921,145.8345887940921
265,c,145.8345887940921,145.8345887940921
266,c,145.8345887940921,145.8345887940921
267,t,145.8345887940921,145.8345887940921
268,t,145.8345887940921,145.8345887940921
269,t,145.8345887940921,145.8345887940921
270,t,87.36438343157683,95.26229652445188
271,t,145.8345887940921,145.8345887940921
272,c,145.8345887940921,145.8345887940921
273,c,82.8032249943484,90.97968250365184
274,c,145.8345887940921,145.8345887940921
275,t,145.8345887940921,145.8345887940921
276,c,145.8345887940921,145.8345887940921
277,t,145.8345887940921,145.8345887940921
278,t,145.8345887940921,145.8345887940921
279,t,145.8345887940921,145.8345887940921
280,c,78.8503259474728,82.87188736617917
281,c,145.8345887940921,145.8345887940921
282,t,145.8345887940921,145.8345887940921
283,c,79.8577438087029,87.00796629625398
284,c,145.8345887940921,145.8345887940921
285,t,145.8345887940921,145.8345887940921
286,t,145.8345887940921,145.8345887940921
287,c,145.8345887940921,145.8345887940921
288,t,82.2751609678742,85.5549912937856
289,c,84.38918927469298,86.07393492446181
290,c,145.8345887940921,145.8345887940921
291,c,110.60153071259838,116.5746752769806
292,t,145.8345887940921,145.8345887940921
293,t,145.8345887940921,145.8345887940921
294,c,145.8345887940921,145.8345887940921
295,c,145.8345887940921,145.8345887940921
296,c,84.90854083187644,88.08151561142355
297,t,145.8345887940921,145.8345887940921
298,c,145.8345887940921,145.8345887940921
299,c,66.9334129329186,145.8345887940921
300,c,145.8345887940921,145.8345887940921
301,t,145.8345887940921,145.8345887940921
302,t,145.8345887940921,145.8345887940921
303,c,73.48426473757662,145.8345887940921
304,c,145.8345887940921,145.8345887940921
305,c,145.8345887940921,145.8345887940921
306,c,87.14592334695233,90.73555451641614
307,c,145.8345887940921,145.8345887940921
308,c,86.02881349762966,87.83787995551579
309,c,145.8345887940921,145.8345887940921
310,c,40.3922712146626,42.32990076814714
311,t,145.8345887940921,145.8345887940921
312,t,145.8345887940921,145.8345887940921
313,c,57.44618125792399,63.6629382841564
314,c,63.910854508463,68.7204516073803
315,t,145.8345887940921,145.8345887940921
316,t,145.8345887940921,145.8345887940921
317,c,145.8345887940921,145.8345887940921
318,c,103.53887576248346,104.04269981925823
319,t,56.767632671147204,62.624467678870886
320,c,106.14060771941226,106.78118023085707
321,c,145.8345887940921,145.8345887940921
322,t,145.8345887940921,145.8345887940921
323,t,90.10660316278778,145.8345887940921
324,t,145.8345887940921,145.8345887940921
325,t,88.14501842174906,95.39638920883792
326,t,145.8345887940921,145.8345887940921
327,c,85.68008095017525,88.88495009780455
328,t,69.30752339238272,70.60498697817498
329,t,145.8345887940921,145.8345887940921
330,t,145.8345887940921,145.8345887940921
331,t,145.8345887940921,145.8345887940921
332,t,145.8345887940921,145.8345887940921
333,c,76.30312508325781,76.35613087119542
334,t,145.8345887940921,145.8345887940921
335,t,145.8345887940921,145.8345887940921
336,c,73.57711305766348,77.33303127872746
337,c,145.8345887940921,145.8345887940921
338,c,117.2160172409713,117.97478067976834
339,c,127.25475056325908,127.63564521897342
340,c,145.8345887940921,145.8345887940921
341,c,87.28209265150738,96.87795860275462
342,c,145.8345887940921,145.8345887940921
343,c,145.8345887940921,145.8345887940921
344,c,145.8345887940921,145.8345887940921
345,c,145.8345887940921,145.8345887940921
346,c,63.20455270925707,67.9208104625966
347,t,72.62881494531098,88.52290418845038
348,t,145.8345887940921,145.8345887940921
349,t,145.8345887940921,145.8345887940921
350,c,145.8345887940921,145.8345887940921
351,c,145.8345887940921,145.8345887940921
352,c,145.8345887940921,145.8345887940921
353,t,145.8345887940921,145.8345887940921
354,t,98.95646973460165,99.93075997808994
355,t,145.8345887940921,145.8345887940921
356,t,35.51010261513759,39.40110403015013
357,t,60.712865301237585,62.84414383301352
358,t,10.857901672839859,14.206349139714046
359,c,90.68288999297788,101.51296381258385
360,c,84.90072911462092,85.36784031655101
361,t,145.8345887940921,145.8345887940921
362,c,102.01548996546057,135.7315538076608
363,t,136.6798822054657,136.94341333259493
364,c,145.8345887940921,145.8345887940921
365,c,145.8345887940921,145.8345887940921
366,t,145.8345887940921,145.8345887940921
367,t,145.8345887940921,145.8345887940921
368,c,145.8345887940921,145.8345887940921
369,c,50.26695892697669,56.65917664784681
370,t,145.8345887940921,145.8345887940921
371,t,145.8345887940921,145.8345887940921
372,c,72.14887950889084,73.21444678364855
373,c,107.25263623406293,114.50753980088044
374,c,145.8345887940921,145.8345887940921
375,t,145.8345887940921,145.8345887940921
376,t,77.02481298023952,78.27301056207736
377,c,145.8345887940921,145.8345887940921
378,c,85.42686481737205,87.79647458102295
379,c,63.01403530329063,67.86293846343675
380,c,31.630754020205696,33.86627563232055
381,c,123.30608248995678,126.43694432538692
382,t,145.8345887940921,145.8345887940921
383,c,93.46943141968345,99.66045988443376
384,t,145.8345887940921,145.8345887940921
385,t,145.8345887940921,145.8345887940921
386,t,79.90550568486702,84.93678142526213
387,c,58.73879357409577,63.43102765760256
388,t,145.8345887940921,145.8345887940921
389,t,145.8345887940921,145.8345887940921
390,t,145.8345887940921,145.8345887940921
391,t,73.87082680431386,74.86161869434196
392,t,58.950174163370356,59.79428759646131
393,c,89.53183976394148,93.65909530661105
394,c,91.98814732540308,92.03730474021742
395,t,145.8345887940921,145.8345887940921
396,c,79.22288175575162,79.65329906400979
397,c,145.8345887940921,145.8345887940921
398,t,145.8345887940921,145.8345887940921
399,c,145.8345887940921,145.8345887940921
400,t,145.8345887940921,145.8345887940921
401,t,145.8345887940921,145.8345887940921
402,t,61.975533422906324,70.51751109081648
403,c,145.8345887940921,145.8345887940921
404,t,145.8345887940921,145.8345887940921
405,t,145.8345887940921,145.8345887940921
406,t,59.958739103241264,60.00568231907976
407,c,145.8345887940921,145.8345887940921
408,t,90.97874827915695,91.11100081604408
409,c,145.8345887940921,145.8345887940921
410,c,21.611246641256855,28.563007178774527
411,c,145.8345887940921,145.8345887940921
412,c,91.34351268707705,93.77840265724845
413,c,145.8345887940921,145.8345887940921
414,c,145.8345887940921,145.8345887940921
415,t,145.8345887940921,145.8345887940921
416,t,145.8345887940921,145.8345887940921
417,c,145.8345887940921,145.8345887940921
418,c,145.8345887940921,145.8345887940921
419,c,71.16900459079787,75.29591028301557
420,t,145.8345887940921,145.8345887940921
421,c,145.8345887940921,145.8345887940921
422,t,145.8345887940921,145.8345887940921
423,t,145.8345887940921,145.8345887940921
424,t,145.8345887940921,145.8345887940921
425,c,145.8345887940921,145.8345887940921
426,t,145.8345887940921,145.8345887940921
427,t,145.8345887940921,145.8345887940921
428,c,145.8345887940921,145.8345887940921
429,c,120.85871071073433,122.99590141886631
430,t,145.8345887940921,145.8345887940921
431,c,145.8345887940921,145.8345887940921
432,c,145.8345887940921,145.8345887940921
433,t,145.8345887940921,145.8345887940921
434,c,53.114176462301046,70.28929947862802
435,c,145.8345887940921,145.8345887940921
436,t,145.8345887940921,145.8345887940921
437,c,145.8345887940921,145.8345887940921
438,c,145.8345887940921,145.8345887940921
439,c,54.597629539043204,63.531872402488446
440,c,145.8345887940921,145.8345887940921
441,t,145.8345887940921,145.8345887940921
442,t,145.8345887940921,145.8345887940921
443,t,145.8345887940921,145.8345887940921
444,t,145.8345887940921,145.8345887940921
445,t,145.8345887940921,145.8345887940921
446,c,69.57754346650638,71.15680106447586
447,t,145.8345887940921,145.8345887940921
448,t,145.8345887940921,145.8345887940921
449,t,88.94453992385016,90.05017557893174
450,c,145.8345887940921,145.8345887940921
451,c,79.05150139863768,80.94038296122918
452,c,15.296645382945181,21.121845121980783
453,t,97.81786019863702,98.6791279472134
454,c,145.8345887940921,145.8345887940921
455,t,145.8345887940921,145.8345887940921
456,c,145.8345887940921,145.8345887940921
457,c,12.134481834576793,15.775722460965246
458,t,145.8345887940921,145.8345887940921
459,c,82.44466908302131,145.8345887940921
460,c,145.8345887940921,145.8345887940921
461,c,75.4912327191061,77.01241436362236
462,t,145.8345887940921,145.8345887940921
463,t,60.498611702873724,71.31815767295393
464,t,145.8345887940921,145.8345887940921
465,t,51.087333567127224,54.38946379164142
466,t,145.8345887940921,145.8345887940921
467,c,89.08276248302279,89.49894133366038
468,na,0,5.184557124698215
469,c,83.37767093782269,85.0968293461824
470,t,145.8345887940921,145.8345887940921
471,c,61.01865913504509,72.42674951598178
472,c,145.8345887940921,145.8345887940921
473,c,145.8345887940921,145.8345887940921
474,c,98.65940794712539,112.30983883810212
475,c,145.8345887940921,145.8345887940921
476,c,34.42262613184738,35.37534487756697
477,t,74.53708922485819,75.29715582528785
478,t,145.8345887940921,145.8345887940921
479,t,145.8345887940921,145.8345887940921
480,t,145.8345887940921,145.8345887940921
481,t,145.8345887940921,145.8345887940921
482,t,145.8345887940921,145.8345887940921
483,c,145.8345887940921,145.8345887940921
484,t,80.66240326743022,81.85605134387878
485,c,145.8345887940921,145.8345887940921
486,c,145.8345887940921,145.8345887940921
487,c,145.8345887940921,145.8345887940921
488,t,145.8345887940921,145.8345887940921
489,t,145.8345887940921,145.8345887940921
490,c,145.8345887940921,145.8345887940921
491,c,62.90991342517962,65.24749925239662
492,t,145.8345887940921,145.8345887940921
493,t,145.8345887940921,145.8345887940921
494,t,145.8345887940921,145.8345887940921
495,t,56.40452351331511,65.86830144943819
496,c,145.8345887940921,145.8345887940921
497,c,64.36771088936514,64.91532711817472
498,c,145.8345887940921,145.8345887940921
499,t,104.980516678654,107.78629280061773
500,t,89.68980458933565,90.52465106234862
501,t,145.8345887940921,145.8345887940921
502,t,145.8345887940921,145.8345887940921
503,t,145.8345887940921,145.8345887940921
504,c,60.39619175647074,67.08676010394485
505,c,145.8345887940921,145.8345887940921
506,t,145.8345887940921,145.8345887940921
507,t,145.8345887940921,145.8345887940921
508,c,145.8345887940921,145.8345887940921
509,t,145.8345887940921,145.8345887940921
510,c,51.263773712043744,53.434370463997894
511,c,93.91856936429008,100.51168458178893
512,c,71.06358240107294,73.03492167793115
513,t,145.8345887940921,145.8345887940921
514,t,145.8345887940921,145.8345887940921
515,c,24.654066946929905,145.8345887940921
516,t,145.8345887940921,145.8345887940921
517,t,145.8345887940921,145.8345887940921
518,c,145.8345887940921,145.8345887940921
519,c,62.660229139185375,62.941132081403644
520,c,69.15374948732082,71.04859723406928
521,t,145.8345887940921,145.8345887940921
522,t,145.8345887940921,145.8345887940921
523,t,145.8345887940921,145.8345887940921
524,t,145.8345887940921,145.8345887940921
525,t,100.48935679620564,101.11271750414727
526,c,145.8345887940921,145.8345887940921
527,c,145.8345887940921,145.8345887940921
528,t,102.36571850896594,102.76080917010253
529,c,145.8345887940921,145.8345887940921
530,c,89.96713075206236,94.8994360262877
531,c,90.0828337922222,90.11938603239138
532,c,145.8345887940921,145.8345887940921
533,t,145.8345887940921,145.8345887940921
534,t,102.6407808054485,106.4341502116587
535,t,145.8345887940921,145.8345887940921
536,c,145.8345887940921,145.8345887940921
537,t,145.8345887940921,145.8345887940921
538,c,145.8345887940921,145.8345887940921
539,t,100.94197450441013,103.30387034434037
540,c,145.8345887940921,145.8345887940921
541,c,85.92819447614447,86.91552719772297
542,t,145.8345887940921,145.8345887940921
543,t,145.8345887940921,145.8345887940921
544,c,87.87404169340721,94.9730755430965
545,t,145.8345887940921,145.8345887940921
546,c,107.91153296459515,110.98477705719519
547,c,74.50700758384815,76.2692179603786
548,t,145.8345887940921,145.8345887940921
549,t,145.8345887940921,145.8345887940921
550,c,16.206324053048874,16.97586332839965
551,c,109.55662684085537,145.8345887940921
552,t,109.05767516496303,118.88557348835538
553,t,64.86064966410105,65.2944738108146
554,c,145.8345887940921,145.8345887940921
555,c,78.4852558384802,78.6208807979458
556,t,145.8345887940921,145.8345887940921
557,c,60.38441083473103,60.685264410437384
558,c,87.24681549431581,92.03969663980895
559,t,73.17813591057754,79.89028850606103
560,c,145.8345887940921,145.8345887940921
561,c,145.8345887940921,145.8345887940921
562,c,87.09718601299583,87.42932266704267
563,na,0,5.353696159795145
564,c,145.8345887940921,145.8345887940921
565,t,125.90191058674843,145.8345887940921
566,t,145.8345887940921,145.8345887940921
567,c,64.0341903780926,65.25308540599748
568,c,145.8345887940921,145.8345887940921
569,c,145.8345887940921,145.8345887940921
570,t,145.8345887940921,145.8345887940921
571,c,70.98544623924572,74.41739429467883
572,t,145.8345887940921,145.8345887940921
573,c,145.8345887940921,145.8345887940921
574,c,73.86422802891165,74.57977610424419
575,c,95.66811593089668,97.71553441221657
576,c,145.8345887940921,145.8345887940921
577,t,145.8345887940921,145.8345887940921
578,c,145.8345887940921,145.8345887940921
579,t,145.8345887940921,145.8345887940921
580,t,145.8345887940921,145.8345887940921
581,t,145.8345887940921,145.8345887940921
582,t,145.8345887940921,145.8345887940921
583,c,74.46218857271501,77.40896641656282
584,c,68.64496405369977,70.69906295797354
585,t,145.8345887940921,145.8345887940921
586,c,73.10174840580638,74.54716017801971
587,c,89.17680645105814,89.42889095599028
588,t,145.8345887940921,145.8345887940921
589,c,145.8345887940921,145.8345887940921
590,c,145.8345887940921,145.8345887940921
591,c,145.8345887940921,145.8345887940921
592,t,145.8345887940921,145.8345887940921
593,t,145.8345887940921,145.8345887940921
594,t,145.8345887940921,145.8345887940921
595,c,145.8345887940921,145.8345887940921
596,t,145.8345887940921,145.8345887940921
597,c,89.59525455704002,95.33255665879288
598,t,145.8345887940921,145.8345887940921
599,t,145.8345887940921,145.8345887940921
600,c,73.00853710825747,73.22955392780851
601,t,75.18664966986792,76.98353276208796
602,t,145.8345887940921,145.8345887940921
603,t,145.8345887940921,145.8345887940921
604,t,145.8345887940921,145.8345887940921
605,t,145.8345887940921,145.8345887940921
606,c,145.8345887940921,145.8345887940921
607,c,145.8345887940921,145.8345887940921
608,t,74.16776583391662,79.88856603747077
609,c,145.8345887940921,145.8345887940921
610,c,145.8345887940921,145.8345887940921
611,c,52.41269747231724,54.051405346007144
612,c,145.8345887940921,145.8345887940921
613,t,145.8345887940921,145.8345887940921
614,c,145.8345887940921,145.8345887940921
615,c,145.8345887940921,145.8345887940921
616,c,79.89902383481943,80.62553727412893
617,t,145.8345887940921,145.8345887940921
618,t,145.8345887940921,145.8345887940921
619,t,145.8345887940921,145.8345887940921
620,t,145.8345887940921,145.8345887940921
621,c,119.12459342537815,121.76758574610528
622,t,145.8345887940921,145.8345887940921
623,t,145.8345887940921,145.8345887940921
624,t,145.8345887940921,145.8345887940921
625,c,47.15576655897923,48.31809425084518
626,t,108.47236395670635,110.63223367398497
627,c,99.08426165564853,102.02375334956056
628,c,98.73175485680642,98.77792344112783
629,c,72.43729688861737,72.44113444516368
630,c,145.8345887940921,145.8345887940921
631,t,145.8345887940921,145.8345887940921
632,t,88.10592426956526,88.48847688687184
633,t,145.8345887940921,145.8345887940921
634,t,145.8345887940921,145.8345887940921
635,t,145.8345887940921,145.8345887940921
636,t,145.8345887940921,145.8345887940921
637,c,91.88176881719741,97.39983490061634
638,c,115.08813580260993,118.0060789116027
639,c,145.8345887940921,145.8345887940921
640,t,145.8345887940921,145.8345887940921
641,t,145.8345887940921,145.8345887940921
642,c,145.8345887940921,145.8345887940921
643,t,145.8345887940921,145.8345887940921
644,t,145.8345887940921,145.8345887940921
645,c,145.8345887940921,145.8345887940921
646,t,145.8345887940921,145.8345887940921
647,c,86.92936742269995,90.06260870199496
648,c,39.32748427597349,39.354767249093484
649,t,145.8345887940921,145.8345887940921
650,c,113.50777188379816,116.12452854829634
651,c,86.2954072350831,87.04436258573406
652,c,145.8345887940921,145.8345887940921
653,c,145.8345887940921,145.8345887940921
654,c,145.8345887940921,145.8345887940921
655,c,145.8345887940921,145.8345887940921
656,t,104.49184905708019,106.51288196660505
657,c,145.8345887940921,145.8345887940921
658,c,109.2045742127949,113.8926129894659
659,c,145.8345887940921,145.8345887940921
660,t,145.8345887940921,145.8345887940921
661,c,101.64570592139049,101.9868175786559
662,t,145.8345887940921,145.8345887940921
663,c,145.8345887940921,145.8345887940921
664,t,83.61306928416501,85.10631683460083
665,c,145.8345887940921,145.8345887940921
666,c,82.23322007218569,91.8942028840713
667,c,38.12595771780031,41.95556007516199
668,c,145.8345887940921,145.8345887940921
669,t,94.57921860675948,108.19440986664883
670,c,145.8345887940921,145.8345887940921
671,t,145.8345887940921,145.8345887940921
672,t,145.8345887940921,145.8345887940921
673,t,145.8345887940921,145.8345887940921
674,c,62.10094917864273,65.17410385406207
675,c,66.03237098513506,72.66528368863507
676,t,120.16802583762924,121.77255439560982
677,c,145.8345887940921,145.8345887940921
678,t,145.8345887940921,145.8345887940921
679,t,145.8345887940921,145.8345887940921
680,t,79.73778558555323,80.59471419167595
681,t,98.12732265587111,106.58814726163634
682,c,145.8345887940921,145.8345887940921
683,t,7.74516831947586,145.8345887940921
684,t,104.37170246249181,108.9097466089705
685,t,70.1399474858389,73.59371023632106
686,t,56.212915683807026,57.28098606099936
687,t,145.8345887940921,145.8345887940921
688,t,145.8345887940921,145.8345887940921
689,c,116.97338482279628,124.72100665786705
690,t,145.8345887940921,145.8345887940921
691,c,68.9978354515295,69.21267662988497
692,t,65.39305618764229,67.12049470613091
693,t,145.8345887940921,145.8345887940921
694,c,145.8345887940921,145.8345887940921
695,t,145.8345887940921,145.8345887940921
696,t,145.8345887940921,145.8345887940921
697,t,145.8345887940921,145.8345887940921
698,c,54.35082251604696,145.8345887940921
699,c,65.63388487513596,74.539782316429
700,c,47.364847425368865,49.01042428642499
701,c,145.8345887940921,145.8345887940921
702,t,145.8345887940921,145.8345887940921
703,c,145.8345887940921,145.8345887940921
704,t,145.8345887940921,145.8345887940921
705,c,145.8345887940921,145.8345887940921
706,t,145.8345887940921,145.8345887940921
707,t,145.8345887940921,145.8345887940921
708,t,145.8345887940921,145.8345887940921
709,c,145.8345887940921,145.8345887940921
710,t,145.8345887940921,145.8345887940921
711,t,60.178205458888065,62.38143499660779
712,c,113.25261011381338,114.20605024655448
713,c,95.9358837759416,98.41892153792739
714,t,145.8345887940921,145.8345887940921
715,t,145.8345887940921,145.8345887940921
716,t,145.8345887940921,145.8345887940921
717,t,145.8345887940921,145.8345887940921
718,t,145.8345887940921,145.8345887940921
719,c,90.06028273210698,91.16111776265069
720,t,145.8345887940921,145.8345887940921
721,c,89.55649658742848,107.17997521404176
722,c,131.16033839340136,131.61479356555407
723,c,81.82694092565887,85.62059612049455
724,c,145.8345887940921,145.8345887940921
725,c,145.8345887940921,145.8345887940921
726,t,145.8345887940921,145.8345887940921
727,c,24.554501122538014,24.681639610312963
728,t,145.8345887940921,145.8345887940921
729,c,145.8345887940921,145.8345887940921
730,c,66.518812904817,72.55854934799389
731,t,82.69378364332344,92.21189711462084
732,t,88.0399180717543,89.73201600885574
733,c,48.313071374168594,51.43292680196796
734,t,145.8345887940921,145.8345887940921
735,t,145.8345887940921,145.8345887940921
736,t,145.8345887940921,145.8345887940921
737,c,64.8198636615704,65.00746890796411
738,t,87.10956270988751,87.81851797176768
739,c,145.8345887940921,145.8345887940921
740,t,54.89177349413561,59.00871304578125
741,c,145.8345887940921,145.8345887940921
742,c,73.93620213273266,78.12822358399816
743,c,19.527399017450037,20.225734103887792
744,t,145.8345887940921,145.8345887940921
745,c,145.8345887940921,145.8345887940921
746,t,145.8345887940921,145.8345887940921
747,t,145.8345887940921,145.8345887940921
748,c,145.8345887940921,145.8345887940921
749,t,145.8345887940921,145.8345887940921
750,c,76.91248348515157,82.21119815532607
751,t,90.27026642814486,91.44612664417221
752,c,91.48061921572055,92.73202448529698
753,c,145.8345887940921,145.8345887940921
754,t,145.8345887940921,145.8345887940921
755,t,70.26175642379498,71.64917909383787
756,c,145.8345887940921,145.8345887940921
757,c,112.46202026954799,112.85390025798254
758,t,114.95642431020379,118.78297412232448
759,c,108.02243793627208,113.58960297427936
760,c,16.4253611719657,17.671288450269763
761,c,54.98716639075026,62.779901159213274
762,t,145.8345887940921,145.8345887940921
763,c,54.080113115560785,55.08444538849281
764,c,145.8345887940921,145.8345887940921
765,c,145.8345887940921,145.8345887940921
766,c,145.8345887940921,145.8345887940921
767,c,103.33637020113694,111.05846742989388
768,c,64.83053411373302,64.94235242825673
769,c,145.8345887940921,145.8345887940921
770,c,73.0017866767142,81.59534818025368
771,t,145.8345887940921,145.8345887940921
772,c,40.39020692426268,40.915034946993906
773,c,145.8345887940921,145.8345887940921
774,c,72.0240810274945,72.37386814009561
775,c,75.01730908254802,82.18754217558701
776,c,42.367813848680235,43.94634486121228
777,t,145.8345887940921,145.8345887940921
778,t,145.8345887940921,145.8345887940921
779,c,145.8345887940921,145.8345887940921
780,t,145.8345887940921,145.8345887940921
781,c,145.8345887940921,145.8345887940921
782,t,145.8345887940921,145.8345887940921
783,c,97.9584312859088,102.19278084802693
784,t,145.8345887940921,145.8345887940921
785,c,145.8345887940921,145.8345887940921
786,c,145.8345887940921,145.8345887940921
787,t,108.22637915636778,115.33508287869618
788,t,145.8345887940921,145.8345887940921
789,c,145.8345887940921,145.8345887940921
790,c,70.69401833822792,72.2600573987198
791,t,145.8345887940921,145.8345887940921
792,t,145.8345887940921,145.8345887940921
793,t,145.8345887940921,145.8345887940921
794,c,145.8345887940921,145.8345887940921
795,c,145.8345887940921,145.8345887940921
796,c,18.122830313729878,18.660893119672203
797,t,73.85923412172973,77.26182253556064
798,t,145.8345887940921,145.8345887940921
799,c,100.72562959009389,104.49952933862538
800,c,145.8345887940921,145.8345887940921
801,c,67.36219131935962,68.10169820984774
802,c,62.34590133395377,63.59134705753099
803,t,145.8345887940921,145.8345887940921
804,t,145.8345887940921,145.8345887940921
805,c,80.30166624276893,88.08313876388176
806,t,145.8345887940921,145.8345887940921
807,c,38.802830239250504,42.80381450390103
808,c,145.8345887940921,145.8345887940921
809,c,145.8345887940921,145.8345887940921
810,c,145.8345887940921,145.8345887940921
811,t,80.54864408987021,84.16895183988527
812,t,145.8345887940921,145.8345887940921
813,t,145.8345887940921,145.8345887940921
814,t,145.8345887940921,145.8345887940921
815,c,145.8345887940921,145.8345887940921
816,c,48.0947893215024,145.8345887940921
817,c,145.8345887940921,145.8345887940921
818,t,145.8345887940921,145.8345887940921
819,c,60.64603695838001,63.31490814237549
820,c,145.8345887940921,145.8345887940921
821,t,106.55045978252194,108.3612351527873
822,c,92.95827755247691,95.98852079058149
823,t,145.8345887940921,145.8345887940921
824,c,70.24973902016481,78.832559700029
825,t,83.48236640010992,88.01091966666426
826,t,145.8345887940921,145.8345887940921
827,t,145.8345887940921,145.8345887940921
828,c,145.8345887940921,145.8345887940921
829,c,145.8345887940921,145.8345887940921
830,t,145.8345887940921,145.8345887940921
831,t,145.8345887940921,145.8345887940921
832,t,145.8345887940921,145.8345887940921
833,c,145.8345887940921,145.8345887940921
834,t,145.8345887940921,145.8345887940921
835,t,84.62434488747012,88.38367882751581
836,c,50.08773419657738,53.527233518631455
837,c,63.9102342636185,71.21345024960259
838,c,62.51549985610519,65.64950063390393
839,t,145.8345887940921,145.8345887940921
840,t,145.8345887940921,145.8345887940921
841,c,84.97221453527723,94.14325731456236
842,c,61.750186082466215,63.94694144687589
843,t,145.8345887940921,145.8345887940921
844,t,145.8345887940921,145.8345887940921
845,t,57.88315153348661,65.59227383374925
846,t,145.8345887940921,145.8345887940921
847,t,145.8345887940921,145.8345887940921
848,c,145.8345887940921,145.8345887940921
849,t,145.8345887940921,145.8345887940921
850,c,73.009164196662,73.74521195887897
851,t,145.8345887940921,145.8345887940921
852,c,62.47707802967268,63.20493040428251
853,c,75.31297525304585,80.54982357843444
854,t,81.27033571800723,89.91880994724298
855,c,145.8345887940921,145.8345887940921
856,c,145.8345887940921,145.8345887940921
857,c,145.8345887940921,145.8345887940921
858,t,145.8345887940921,145.8345887940921
859,t,145.8345887940921,145.8345887940921
860,c,145.8345887940921,145.8345887940921
861,c,145.8345887940921,145.8345887940921
862,c,145.8345887940921,145.8345887940921
863,t,145.8345887940921,145.8345887940921
864,c,72.74895021479362,85.72344860591703
865,c,85.54632630040051,88.68162327275893
866,t,145.8345887940921,145.8345887940921
867,c,145.8345887940921,145.8345887940921
868,t,145.8345887940921,145.8345887940921
869,t,145.8345887940921,145.8345887940921
870,c,145.8345887940921,145.8345887940921
871,c,95.55861129095264,97.92403738540868
872,c,67.7551841839867,67.99707235736201
873,c,145.8345887940921,145.8345887940921
874,t,145.8345887940921,145.8345887940921
875,t,145.8345887940921,145.8345887940921
876,t,145.8345887940921,145.8345887940921
877,t,70.73394714547436,72.76995870530921
878,c,65.93660733970867,70.69306792622254
879,t,145.8345887940921,145.8345887940921
880,t,145.8345887940921,145.8345887940921
881,c,62.40542157039663,62.82482916915714
882,t,145.8345887940921,145.8345887940921
883,c,96.83218915257494,98.01332880796579
884,c,145.8345887940921,145.8345887940921
885,t,64.00922030929054,70.13316556520232
886,t,145.8345887940921,145.8345887940921
887,c,145.8345887940921,145.8345887940921
888,c,145.8345887940921,145.8345887940921
889,t,145.8345887940921,145.8345887940921
890,t,145.8345887940921,145.8345887940921
891,t,104.19551036750357,105.02997327713544
892,t,145.8345887940921,145.8345887940921
893,c,89.71702468121937,90.59670652667204
894,t,145.8345887940921,145.8345887940921
895,t,145.8345887940921,145.8345887940921
896,t,145.8345887940921,145.8345887940921
897,c,145.8345887940921,145.8345887940921
898,c,14.13117539772119,21.544465839857004
899,t,145.8345887940921,145.8345887940921
900,c,57.651946983858615,57.67060012666756
901,t,97.53415017626462,102.56546080577156
902,t,145.8345887940921,145.8345887940921
903,t,145.8345887940921,145.8345887940921
904,t,145.8345887940921,145.8345887940921
905,c,145.8345887940921,145.8345887940921
906,c,43.7530744371183,45.7486492293299
907,t,145.8345887940921,145.8345887940921
908,c,49.80766012884786,52.11476678508338
909,t,74.28868151927878,82.68973626289156
910,t,145.8345887940921,145.8345887940921
911,c,145.8345887940921,145.8345887940921
912,t,145.8345887940921,145.8345887940921
913,t,104.12939033670314,107.97071580558968
914,c,145.8345887940921,145.8345887940921
915,c,100.23663197460681,108.95031157752382
916,c,145.8345887940921,145.8345887940921
917,c,145.8345887940921,145.8345887940921
918,c,85.09288902412274,85.90639073342628
919,t,145.8345887940921,145.8345887940921
920,t,145.8345887940921,145.8345887940921
921,c,145.8345887940921,145.8345887940921
922,c,145.8345887940921,145.8345887940921
923,c,145.8345887940921,145.8345887940921
924,c,145.8345887940921,145.8345887940921
925,c,145.8345887940921,145.8345887940921
926,t,145.8345887940921,145.8345887940921
927,t,21.665834989416084,34.852899387491654
928,c,145.8345887940921,145.8345887940921
929,c,145.8345887940921,145.8345887940921
930,c,20.713763007870508,23.505181190440627
931,t,145.8345887940921,145.8345887940921
932,t,145.8345887940921,145.8345887940921
933,c,145.8345887940921,145.8345887940921
934,t,145.8345887940921,145.8345887940921
935,t,102.06642209262517,112.2119712203828
936,t,145.8345887940921,145.8345887940921
937,t,145.8345887940921,145.8345887940921
938,c,145.8345887940921,145.8345887940921
939,t,84.74106641915924,90.42115326767215
940,c,90.74131424548237,94.92566083166822
941,t,145.8345887940921,145.8345887940921
942,t,145.8345887940921,145.8345887940921
943,t,145.8345887940921,145.8345887940921
944,t,58.57266343731932,63.47362167104319
945,c,145.8345887940921,145.8345887940921
946,c,145.8345887940921,145.8345887940921
947,c,36.44608971435993,40.8047543121792
948,t,145.8345887940921,145.8345887940921
949,t,66.19993649451476,73.15045246936644
950,t,145.8345887940921,145.8345887940921
951,t,145.8345887940921,145.8345887940921
952,t,145.8345887940921,145.8345887940921
953,t,145.8345887940921,145.8345887940921
954,c,145.8345887940921,145.8345887940921
955,c,91.27860169072011,91.73750891232055
956,c,145.8345887940921,145.8345887940921
957,c,96.58320200312431,100.58419030578709
958,c,145.8345887940921,145.8345887940921
959,t,145.8345887940921,145.8345887940921
960,c,145.8345887940921,145.8345887940921
961,c,58.369956879744315,61.55835232389613
962,t,145.8345887940921,145.8345887940921
963,t,145.8345887940921,145.8345887940921
964,t,145.8345887940921,145.8345887940921
965,t,145.8345887940921,145.8345887940921
966,t,108.68339171205366,112.10399256184509
967,c,77.51995691930986,80.7931939604472
968,t,145.8345887940921,145.8345887940921
969,c,38.0365724351445,39.60018956729252
970,c,145.8345887940921,145.8345887940921
971,t,145.8345887940921,145.8345887940921
972,t,145.8345887940921,145.8345887940921
973,t,145.8345887940921,145.8345887940921
974,t,145.8345887940921,145.8345887940921
975,c,35.251132593956854,39.92474515401927
976,c,145.8345887940921,145.8345887940921
977,c,72.663801961767,75.33418290691577
978,c,145.8345887940921,145.8345887940921
979,t,145.8345887940921,145.8345887940921
980,c,145.8345887940921,145.8345887940921
981,c,96.16150978765715,97.49191263308747
982,t,145.8345887940921,145.8345887940921
983,t,145.8345887940921,145.8345887940921
984,t,145.8345887940921,145.8345887940921
985,t,145.8345887940921,145.8345887940921
986,c,145.8345887940921,145.8345887940921
987,c,13.372944341743164,13.55123715748925
988,c,145.8345887940921,145.8345887940921
989,t,145.8345887940921,145.8345887940921
990,t,145.8345887940921,145.8345887940921
991,c,127.08912444122709,129.19209667050805
992,t,67.16341378370646,74.07620954555524
993,t,145.8345887940921,145.8345887940921
994,c,57.917665331570554,62.220428274449596
995,t,61.8310485953668,74.35527399802385
996,t,145.8345887940921,145.8345887940921
997,t,145.8345887940921,145.8345887940921
998,t,145.8345887940921,145.8345887940921
999,c,145.8345887940921,145.8345887940921
