node, assignment, time2inf, time2death
0,na,-1,0
1,na,-1,0
2,na,-1,0
3,na,-1,0
4,c,99.32379719805093,99.32379719805093
5,c,99.32379719805093,99.32379719805093
6,c,99.32379719805093,99.32379719805093
7,c,99.32379719805093,99.32379719805093
8,c,5.687263955955842,20.49977787852611
9,t,99.32379719805093,99.32379719805093
10,c,99.32379719805093,99.32379719805093
11,na,-1,0
12,t,99.32379719805093,99.32379719805093
13,c,99.32379719805093,99.32379719805093
14,t,32.27385327690487,33.2350941333044
15,t,16.077440489454787,22.51248903582656
16,t,99.32379719805093,99.32379719805093
17,c,99.32379719805093,99.32379719805093
18,c,41.02984846740439,42.31345499567357
19,c,99.32379719805093,99.32379719805093
20,c,46.670528840080856,47.499800680490175
21,c,99.32379719805093,99.32379719805093
22,c,99.32379719805093,99.32379719805093
23,c,33.2533975457942,38.020328754317994
24,c,99.32379719805093,99.32379719805093
25,c,99.32379719805093,99.32379719805093
26,c,3.6206506821720637,9.429360393008054
27,c,99.32379719805093,99.32379719805093
28,c,99.32379719805093,99.32379719805093
29,c,99.32379719805093,99.32379719805093
30,c,99.32379719805093,99.32379719805093
31,c,99.32379719805093,99.32379719805093
32,c,99.32379719805093,99.32379719805093
33,c,99.32379719805093,99.32379719805093
34,c,99.32379719805093,99.32379719805093
35,t,99.32379719805093,99.32379719805093
36,c,69.98857918308322,73.2144032112127
37,t,24.341387314490333,30.99498454179786
38,c,99.32379719805093,99.32379719805093
39,c,99.32379719805093,99.32379719805093
40,c,99.32379719805093,99.32379719805093
41,t,36.0543396339816,74.62296472508335
42,c,29.284562119444367,33.23213996867069
43,t,99.32379719805093,99.32379719805093
44,c,99.32379719805093,99.32379719805093
45,t,99.32379719805093,99.32379719805093
46,c,32.52263764654147,99.32379719805093
47,c,99.32379719805093,99.32379719805093
48,c,11.972023486871487,21.80929910006248
49,c,99.32379719805093,99.32379719805093
50,c,6.556020357109471,7.581430508767211
51,c,99.32379719805093,99.32379719805093
52,c,15.909108925076259,16.3821962807043
53,c,99.32379719805093,99.32379719805093
54,c,99.32379719805093,99.32379719805093
55,c,99.32379719805093,99.32379719805093
56,c,10.839112304157831,13.787376936696479
57,c,10.43030626529941,12.66521269144907
58,c,19.23800017732587,24.272945945358465
59,t,8.689714854257355,16.440383426949747
60,t,99.32379719805093,99.32379719805093
61,na,1.8410378796638056,13.461743903429138
62,c,99.32379719805093,99.32379719805093
63,c,99.32379719805093,99.32379719805093
64,c,73.904793520033,74.55955672608681
65,c,99.32379719805093,99.32379719805093
66,c,99.32379719805093,99.32379719805093
67,c,34.36651980223872,37.08377829355198
68,c,72.60892628479945,73.65789056393243
69,c,99.32379719805093,99.32379719805093
70,c,99.32379719805093,99.32379719805093
71,t,99.32379719805093,99.32379719805093
72,c,99.32379719805093,99.32379719805093
73,c,9.952990284183414,10.01537517630768
74,c,99.32379719805093,99.32379719805093
75,c,99.32379719805093,99.32379719805093
76,c,99.32379719805093,99.32379719805093
77,c,99.32379719805093,99.32379719805093
78,t,99.32379719805093,99.32379719805093
79,c,25.08422578136341,28.380819452125294
80,c,59.785703790155985,67.70064248924788
81,c,99.32379719805093,99.32379719805093
82,t,99.32379719805093,99.32379719805093
83,t,33.83712759700536,34.69230902513391
84,t,99.32379719805093,99.32379719805093
85,t,99.32379719805093,99.32379719805093
86,c,99.32379719805093,99.32379719805093
87,c,99.32379719805093,99.32379719805093
88,t,28.958194675111997,39.54157028016743
89,c,99.32379719805093,99.32379719805093
90,c,19.13554297012967,19.47729649042452
91,c,99.32379719805093,99.32379719805093
92,c,99.32379719805093,99.32379719805093
93,c,99.32379719805093,99.32379719805093
94,c,99.32379719805093,99.32379719805093
95,t,99.32379719805093,99.32379719805093
96,c,9.68195866461611,11.370415671011836
97,c,99.32379719805093,99.32379719805093
98,c,99.32379719805093,99.32379719805093
99,c,99.32379719805093,99.32379719805093
100,c,24.456688025834563,29.06208356432825
101,na,0.8855737876212422,19.90852511709783
102,c,99.32379719805093,99.32379719805093
103,na,1.692648421541902,4.672959269201321
104,c,99.32379719805093,99.32379719805093
105,c,99.32379719805093,99.32379719805093
106,c,99.32379719805093,99.32379719805093
107,t,26.63439342759398,99.32379719805093
108,c,99.32379719805093,99.32379719805093
109,c,99.32379719805093,99.32379719805093
110,c,18.87881425408632,26.307962323229294
111,c,99.32379719805093,99.32379719805093
112,c,99.32379719805093,99.32379719805093
113,c,99.32379719805093,99.32379719805093
114,c,99.32379719805093,99.32379719805093
115,c,99.32379719805093,99.32379719805093
116,c,99.32379719805093,99.32379719805093
117,c,99.32379719805093,99.32379719805093
118,c,23.16405185086227,34.77971369920652
119,t,99.32379719805093,99.32379719805093
120,c,99.32379719805093,99.32379719805093
121,c,99.32379719805093,99.32379719805093
122,t,99.32379719805093,99.32379719805093
123,t,29.394482844725516,38.25872796834929
124,c,99.32379719805093,99.32379719805093
125,c,99.32379719805093,99.32379719805093
126,c,99.32379719805093,99.32379719805093
127,c,45.24826106725837,99.32379719805093
128,c,99.32379719805093,99.32379719805093
129,c,99.32379719805093,99.32379719805093
130,c,99.32379719805093,99.32379719805093
131,c,99.32379719805093,99.32379719805093
132,t,99.32379719805093,99.32379719805093
133,c,99.32379719805093,99.32379719805093
134,t,99.32379719805093,99.32379719805093
135,t,99.32379719805093,99.32379719805093
136,c,99.32379719805093,99.32379719805093
137,c,99.32379719805093,99.32379719805093
138,t,25.020952451654054,27.19191720301562
139,c,3.647644833168314,6.386305901522896
140,c,47.28480600780576,52.485501722829895
141,c,49.792402386098246,52.568282079808846
142,c,99.32379719805093,99.32379719805093
143,c,25.60645572166338,33.29521048904605
144,c,33.8813934283608,36.98195373256948
145,c,99.32379719805093,99.32379719805093
146,c,13.059796786289777,16.939073308709872
147,t,99.32379719805093,99.32379719805093
148,c,99.32379719805093,99.32379719805093
149,t,99.32379719805093,99.32379719805093
150,c,99.32379719805093,99.32379719805093
151,c,99.32379719805093,99.32379719805093
152,c,99.32379719805093,99.32379719805093
153,c,26.43846084933638,41.31855771507237
154,c,43.39403655731237,46.93006247811291
155,c,32.233973154030004,34.54805135056918
156,na,-1,0
157,c,99.32379719805093,99.32379719805093
158,na,0,2.109679490599436
159,c,99.32379719805093,99.32379719805093
160,c,4.501221358827484,6.799826161867832
161,c,99.32379719805093,99.32379719805093
162,c,99.32379719805093,99.32379719805093
163,t,99.32379719805093,99.32379719805093
164,na,0,4.498164199754343
165,c,99.32379719805093,99.32379719805093
166,c,99.32379719805093,99.32379719805093
167,t,99.32379719805093,99.32379719805093
168,c,18.322364045295334,19.12168438825114
169,c,13.149918323702344,20.838277521447967
170,c,99.32379719805093,99.32379719805093
171,c,99.32379719805093,99.32379719805093
172,c,99.32379719805093,99.32379719805093
173,c,99.32379719805093,99.32379719805093
174,c,99.32379719805093,99.32379719805093
175,c,24.417576660400528,99.32379719805093
176,c,99.32379719805093,99.32379719805093
177,c,32.06515158085135,36.51288949372728
178,t,35.51878882674045,49.92231684195846
179,t,99.32379719805093,99.32379719805093
180,c,8.255172089033834,9.499411214346477
181,c,99.32379719805093,99.32379719805093
182,t,99.32379719805093,99.32379719805093
183,c,99.32379719805093,99.32379719805093
184,t,99.32379719805093,99.32379719805093
185,t,99.32379719805093,99.32379719805093
186,t,99.32379719805093,99.32379719805093
187,c,16.649124071900925,22.352583144637556
188,c,99.32379719805093,99.32379719805093
189,c,9.819882423920303,15.200285895223832
190,c,14.047529126719178,23.63654129834488
191,c,99.32379719805093,99.32379719805093
192,c,99.32379719805093,99.32379719805093
193,c,99.32379719805093,99.32379719805093
194,c,99.32379719805093,99.32379719805093
195,t,99.32379719805093,99.32379719805093
196,c,99.32379719805093,99.32379719805093
197,c,99.32379719805093,99.32379719805093
198,c,99.32379719805093,99.32379719805093
199,c,99.32379719805093,99.32379719805093
200,c,8.539485805220314,8.680697382311934
201,c,99.32379719805093,99.32379719805093
202,c,36.06579461794215,37.401173685217685
203,c,99.32379719805093,99.32379719805093
204,na,0,5.1210264716906035
205,c,99.32379719805093,99.32379719805093
206,c,12.551244480429366,18.588471738220093
207,t,90.54271292269969,99.32379719805093
208,t,23.325214908263792,24.09463926260182
209,t,99.32379719805093,99.32379719805093
210,c,16.037922981666757,18.491396106069317
211,c,99.32379719805093,99.32379719805093
212,c,99.32379719805093,99.32379719805093
213,c,99.32379719805093,99.32379719805093
214,c,99.32379719805093,99.32379719805093
215,c,99.32379719805093,99.32379719805093
216,c,99.32379719805093,99.32379719805093
217,c,99.32379719805093,99.32379719805093
218,c,15.612276795783329,16.74225587288288
219,c,99.32379719805093,99.32379719805093
220,c,99.32379719805093,99.32379719805093
221,c,99.32379719805093,99.32379719805093
222,c,99.32379719805093,99.32379719805093
223,c,99.32379719805093,99.32379719805093
224,c,99.32379719805093,99.32379719805093
225,c,22.43527778650001,24.946110381985736
226,c,99.32379719805093,99.32379719805093
227,t,99.32379719805093,99.32379719805093
228,c,99.32379719805093,99.32379719805093
229,c,99.32379719805093,99.32379719805093
230,na,0.36072557929662785,4.413339364392228
231,c,99.32379719805093,99.32379719805093
232,c,99.32379719805093,99.32379719805093
233,c,99.32379719805093,99.32379719805093
234,c,40.17346408746844,47.699808957143766
235,c,99.32379719805093,99.32379719805093
236,c,99.32379719805093,99.32379719805093
237,c,99.32379719805093,99.32379719805093
238,c,20.553680257392443,22.318850453273008
239,c,19.29898251982568,99.32379719805093
240,c,19.764005133194757,28.19822605308083
241,c,99.32379719805093,99.32379719805093
242,t,28.360750469868947,32.96550709273461
243,c,99.32379719805093,99.32379719805093
244,c,99.32379719805093,99.32379719805093
245,c,99.32379719805093,99.32379719805093
246,t,99.32379719805093,99.32379719805093
247,c,23.435119510745636,99.32379719805093
248,c,99.32379719805093,99.32379719805093
249,t,99.32379719805093,99.32379719805093
250,c,99.32379719805093,99.32379719805093
251,c,37.1184575168351,42.13049130982935
252,c,13.042247669163812,14.849418393479905
253,c,40.632058603217075,53.7079421935521
254,t,99.32379719805093,99.32379719805093
255,c,19.417258837749674,20.684191403278284
256,c,35.273887113389485,35.509190106787216
257,c,99.32379719805093,99.32379719805093
258,c,99.32379719805093,99.32379719805093
259,c,99.32379719805093,99.32379719805093
260,c,99.32379719805093,99.32379719805093
261,c,99.32379719805093,99.32379719805093
262,c,99.32379719805093,99.32379719805093
263,c,3.073405838891098,8.412474733568573
264,c,99.32379719805093,99.32379719805093
265,c,99.32379719805093,99.32379719805093
266,c,44.29957930711434,44.86092989461125
267,c,99.32379719805093,99.32379719805093
268,c,99.32379719805093,99.32379719805093
269,c,99.32379719805093,99.32379719805093
270,c,99.32379719805093,99.32379719805093
271,c,99.32379719805093,99.32379719805093
272,c,99.32379719805093,99.32379719805093
273,t,61.33757094168963,63.31149491371858
274,t,99.32379719805093,99.32379719805093
275,t,99.32379719805093,99.32379719805093
276,c,99.32379719805093,99.32379719805093
277,c,99.32379719805093,99.32379719805093
278,c,99.32379719805093,99.32379719805093
279,t,99.32379719805093,99.32379719805093
280,t,28.207939534842367,33.18753869695562
281,t,31.44134672312781,34.130259577384386
282,c,2.7902737534330497,4.189607458511375
283,c,99.32379719805093,99.32379719805093
284,c,99.32379719805093,99.32379719805093
285,c,30.086673895643024,32.70203793455799
286,na,0,2.671292188962682
287,c,99.32379719805093,99.32379719805093
288,c,99.32379719805093,99.32379719805093
289,c,99.32379719805093,99.32379719805093
290,c,99.32379719805093,99.32379719805093
291,t,99.32379719805093,99.32379719805093
292,c,99.32379719805093,99.32379719805093
293,c,21.434643967603733,99.32379719805093
294,c,99.32379719805093,99.32379719805093
295,c,99.32379719805093,99.32379719805093
296,t,99.32379719805093,99.32379719805093
297,t,99.32379719805093,99.32379719805093
298,c,28.24428334870351,33.78626628066237
299,c,63.177268687699254,64.94718698215149
300,t,29.55906719655555,30.31801849080008
301,c,12.075911951206072,17.014506478168556
302,c,99.32379719805093,99.32379719805093
303,c,9.295105923520333,9.926124905217034
304,c,21.217159577046733,99.32379719805093
305,c,99.32379719805093,99.32379719805093
306,c,36.576831443430684,38.88198988433208
307,c,99.32379719805093,99.32379719805093
308,c,99.32379719805093,99.32379719805093
309,c,99.32379719805093,99.32379719805093
310,t,99.32379719805093,99.32379719805093
311,c,47.934301324849095,54.270585359679394
312,c,37.848986818545626,42.518752557804426
313,t,99.32379719805093,99.32379719805093
314,c,10.591158308892716,12.028264107603066
315,c,99.32379719805093,99.32379719805093
316,c,99.32379719805093,99.32379719805093
317,c,30.358287545215177,32.15024093183568
318,c,15.925888989782324,17.42724653677942
319,c,17.53533616739728,20.215050339700742
320,c,99.32379719805093,99.32379719805093
321,c,13.079995062523825,13.871237252847747
322,c,99.32379719805093,99.32379719805093
323,t,72.5156132933127,81.25090601318459
324,c,99.32379719805093,99.32379719805093
325,c,9.569341164201555,27.814610161653125
326,c,99.32379719805093,99.32379719805093
327,c,99.32379719805093,99.32379719805093
328,c,3.3080792700482142,14.268933151531451
329,c,99.32379719805093,99.32379719805093
330,c,99.32379719805093,99.32379719805093
331,t,99.32379719805093,99.32379719805093
332,c,48.96954739708935,50.16190394702584
333,c,99.32379719805093,99.32379719805093
334,t,24.162002902830192,31.425251160801576
335,c,99.32379719805093,99.32379719805093
336,c,13.889886070504481,14.511107926944891
337,c,99.32379719805093,99.32379719805093
338,c,74.8149125432477,76.12898831384983
339,c,7.654300400503209,10.294761054742741
340,t,6.723208668145395,13.364406402928328
341,c,43.57974689119567,47.33331276115823
342,na,1.135059990922264,5.0858682823841725
343,c,15.030224547135804,16.394434473099572
344,c,99.32379719805093,99.32379719805093
345,c,99.32379719805093,99.32379719805093
346,c,5.373081016291866,5.730027396871925
347,c,40.11174463747315,41.088770799022704
348,c,99.32379719805093,99.32379719805093
349,c,99.32379719805093,99.32379719805093
350,c,99.32379719805093,99.32379719805093
351,c,99.32379719805093,99.32379719805093
352,c,15.211504791838196,99.32379719805093
353,c,99.32379719805093,99.32379719805093
354,c,99.32379719805093,99.32379719805093
355,t,99.32379719805093,99.32379719805093
356,c,99.32379719805093,99.32379719805093
357,t,99.32379719805093,99.32379719805093
358,t,99.32379719805093,99.32379719805093
359,c,99.32379719805093,99.32379719805093
360,c,99.32379719805093,99.32379719805093
361,c,99.32379719805093,99.32379719805093
362,c,99.32379719805093,99.32379719805093
363,c,99.32379719805093,99.32379719805093
364,na,12.456251482220807,13.5319427608131
365,c,25.448173055333562,37.6817826276845
366,c,99.32379719805093,99.32379719805093
367,c,99.32379719805093,99.32379719805093
368,c,99.32379719805093,99.32379719805093
369,t,29.724354038209846,32.77704425728273
370,c,49.4242657704408,51.34402496044948
371,t,36.096309868543294,42.040762068038944
372,c,99.32379719805093,99.32379719805093
373,c,99.32379719805093,99.32379719805093
374,c,20.83621662715219,23.013555059543545
375,c,99.32379719805093,99.32379719805093
376,c,99.32379719805093,99.32379719805093
377,c,99.32379719805093,99.32379719805093
378,t,99.32379719805093,99.32379719805093
379,t,99.32379719805093,99.32379719805093
380,c,99.32379719805093,99.32379719805093
381,c,99.32379719805093,99.32379719805093
382,c,9.920955859940328,99.32379719805093
383,c,6.938002505036288,9.335974122149644
384,t,99.32379719805093,99.32379719805093
385,c,99.32379719805093,99.32379719805093
386,c,22.82227870011203,31.43104831769363
387,t,99.32379719805093,99.32379719805093
388,c,99.32379719805093,99.32379719805093
389,c,99.32379719805093,99.32379719805093
390,c,99.32379719805093,99.32379719805093
391,c,99.32379719805093,99.32379719805093
392,c,99.32379719805093,99.32379719805093
393,c,99.32379719805093,99.32379719805093
394,c,99.32379719805093,99.32379719805093
395,t,99.32379719805093,99.32379719805093
396,c,99.32379719805093,99.32379719805093
397,c,23.026967907813848,24.526357268569416
398,c,13.73950645249174,17.061847409172984
399,c,99.32379719805093,99.32379719805093
400,c,74.57939847951049,94.26089033891041
401,c,25.43803598162876,25.692271032255473
402,c,14.758840010732737,15.544644896689233
403,t,99.32379719805093,99.32379719805093
404,na,8.336765445074828,19.15431848163309
405,na,0,1.2465506591398172
406,t,99.32379719805093,99.32379719805093
407,c,18.321349522001388,19.047705082944027
408,c,99.32379719805093,99.32379719805093
409,c,99.32379719805093,99.32379719805093
410,c,99.32379719805093,99.32379719805093
411,c,36.69289912202049,38.62032200304195
412,c,99.32379719805093,99.32379719805093
413,c,99.32379719805093,99.32379719805093
414,c,99.32379719805093,99.32379719805093
415,c,99.32379719805093,99.32379719805093
416,t,99.32379719805093,99.32379719805093
417,na,3.883263504511621,10.19757551043985
418,c,99.32379719805093,99.32379719805093
419,c,99.32379719805093,99.32379719805093
420,c,99.32379719805093,99.32379719805093
421,t,99.32379719805093,99.32379719805093
422,c,99.32379719805093,99.32379719805093
423,c,99.32379719805093,99.32379719805093
424,c,99.32379719805093,99.32379719805093
425,c,99.32379719805093,99.32379719805093
426,c,99.32379719805093,99.32379719805093
427,c,7.79794633411,14.912398160178425
428,t,99.32379719805093,99.32379719805093
429,c,99.32379719805093,99.32379719805093
430,c,99.32379719805093,99.32379719805093
431,c,99.32379719805093,99.32379719805093
432,c,17.479050348794843,28.70466325818789
433,c,99.32379719805093,99.32379719805093
434,c,44.982687563912755,48.381421980314244
435,t,99.32379719805093,99.32379719805093
436,c,99.32379719805093,99.32379719805093
437,t,99.32379719805093,99.32379719805093
438,c,99.32379719805093,99.32379719805093
439,c,20.675644830901405,23.546431281104308
440,t,99.32379719805093,99.32379719805093
441,c,99.32379719805093,99.32379719805093
442,na,6.9738620226751635,10.80007014333971
443,c,27.053160731864686,27.73735417687028
444,c,99.32379719805093,99.32379719805093
445,c,99.32379719805093,99.32379719805093
446,c,99.32379719805093,99.32379719805093
447,c,99.32379719805093,99.32379719805093
448,c,99.32379719805093,99.32379719805093
449,c,99.32379719805093,99.32379719805093
450,t,99.32379719805093,99.32379719805093
451,c,99.32379719805093,99.32379719805093
452,c,99.32379719805093,99.32379719805093
453,c,99.32379719805093,99.32379719805093
454,c,99.32379719805093,99.32379719805093
455,c,99.32379719805093,99.32379719805093
456,c,99.32379719805093,99.32379719805093
457,c,99.32379719805093,99.32379719805093
458,c,99.32379719805093,99.32379719805093
459,c,9.402798888623563,14.286258500197812
460,c,6.058127980575502,6.681675110703544
461,c,99.32379719805093,99.32379719805093
462,c,99.32379719805093,99.32379719805093
463,t,10.084738355423314,21.219103589650114
464,c,99.32379719805093,99.32379719805093
465,t,99.32379719805093,99.32379719805093
466,c,99.32379719805093,99.32379719805093
467,t,99.32379719805093,99.32379719805093
468,t,99.32379719805093,99.32379719805093
469,c,27.49170549363301,27.927482261849914
470,c,99.32379719805093,99.32379719805093
471,c,99.32379719805093,99.32379719805093
472,c,99.32379719805093,99.32379719805093
473,t,34.7381282824956,37.54757991924721
474,t,99.32379719805093,99.32379719805093
475,na,2.325561921412629,4.803721922221135
476,c,99.32379719805093,99.32379719805093
477,c,39.789778157107165,43.30217777004826
478,c,99.32379719805093,99.32379719805093
479,c,9.916329733747316,13.001388489124462
480,c,47.41549683645787,50.55872188775337
481,c,99.32379719805093,99.32379719805093
482,c,99.32379719805093,99.32379719805093
483,c,27.115631771572186,28.639630411288703
484,c,22.98571983247118,24.047422338919176
485,t,44.090103875479876,44.2117485569991
486,c,21.03805438871789,31.267723817677393
487,c,99.32379719805093,99.32379719805093
488,c,99.32379719805093,99.32379719805093
489,c,99.32379719805093,99.32379719805093
490,c,99.32379719805093,99.32379719805093
491,c,24.06580473493734,25.64900624656891
492,c,99.32379719805093,99.32379719805093
493,c,99.32379719805093,99.32379719805093
494,t,99.32379719805093,99.32379719805093
495,c,99.32379719805093,99.32379719805093
496,c,99.32379719805093,99.32379719805093
497,t,31.97826138131656,32.07475709157092
498,na,0,2.6076230558250666
499,na,6.879418707778033,7.3136937824410335
500,t,99.32379719805093,99.32379719805093
501,c,23.954009943308808,32.45693222211666
502,c,30.57231445849863,31.20339841646518
503,c,99.32379719805093,99.32379719805093
504,c,99.32379719805093,99.32379719805093
505,c,21.17337807146955,28.811079052135508
506,t,34.617015541081805,38.30054256225298
507,c,99.32379719805093,99.32379719805093
508,t,99.32379719805093,99.32379719805093
509,c,14.512890334857886,30.88979199288565
510,c,99.32379719805093,99.32379719805093
511,t,33.10454054702289,34.536041522364
512,c,21.572462763467133,21.898738036967263
513,c,36.968573280454294,39.71544508284752
514,c,99.32379719805093,99.32379719805093
515,c,8.01686241614744,9.350077691901618
516,c,99.32379719805093,99.32379719805093
517,c,3.9875150543920004,12.10856418561031
518,c,32.67112877614358,41.76973030187168
519,t,99.32379719805093,99.32379719805093
520,c,99.32379719805093,99.32379719805093
521,c,35.822632131110055,41.4861761356048
522,c,15.426084394822336,16.486932270891227
523,c,99.32379719805093,99.32379719805093
524,c,36.8695775525748,64.45274971289882
525,t,5.1471845195914225,5.824775396822986
526,c,99.32379719805093,99.32379719805093
527,t,99.32379719805093,99.32379719805093
528,t,99.32379719805093,99.32379719805093
529,na,0,4.148322929376836
530,t,36.785707046016974,37.924048241636775
531,c,99.32379719805093,99.32379719805093
532,c,99.32379719805093,99.32379719805093
533,c,99.32379719805093,99.32379719805093
534,c,99.32379719805093,99.32379719805093
535,c,99.32379719805093,99.32379719805093
536,c,99.32379719805093,99.32379719805093
537,c,99.32379719805093,99.32379719805093
538,c,99.32379719805093,99.32379719805093
539,c,99.32379719805093,99.32379719805093
540,c,22.457662710170602,26.445886387962872
541,c,99.32379719805093,99.32379719805093
542,c,99.32379719805093,99.32379719805093
543,c,99.32379719805093,99.32379719805093
544,c,14.21698490516378,15.17352431580047
545,c,10.180921723962841,11.38219792681394
546,c,99.32379719805093,99.32379719805093
547,c,99.32379719805093,99.32379719805093
548,c,99.32379719805093,99.32379719805093
549,c,38.62441805312396,47.37250014481255
550,c,15.366634702086435,15.43321961647918
551,c,99.32379719805093,99.32379719805093
552,t,44.39175754627753,49.11911545563891
553,c,24.725521733749936,99.32379719805093
554,c,99.32379719805093,99.32379719805093
555,t,24.832216355939586,29.195215800836756
556,t,99.32379719805093,99.32379719805093
557,c,99.32379719805093,99.32379719805093
558,c,99.32379719805093,99.32379719805093
559,t,99.32379719805093,99.32379719805093
560,c,29.80806290883291,37.4891625813943
561,c,99.32379719805093,99.32379719805093
562,c,99.32379719805093,99.32379719805093
563,c,17.52548539976959,24.930838816550665
564,c,99.32379719805093,99.32379719805093
565,c,6.2267031479074495,7.263150423822867
566,c,99.32379719805093,99.32379719805093
567,c,99.32379719805093,99.32379719805093
568,na,0.4950732730974506,0.8081017245976339
569,t,99.32379719805093,99.32379719805093
570,c,16.662102762907423,19.14209754592764
571,c,99.32379719805093,99.32379719805093
572,c,44.961367199122094,63.38167823123871
573,c,99.32379719805093,99.32379719805093
574,c,99.32379719805093,99.32379719805093
575,c,99.32379719805093,99.32379719805093
576,c,99.32379719805093,99.32379719805093
577,c,99.32379719805093,99.32379719805093
578,c,31.8613234621611,38.95763921696538
579,c,99.32379719805093,99.32379719805093
580,na,0,7.829956650945265
581,t,99.32379719805093,99.32379719805093
582,t,99.32379719805093,99.32379719805093
583,c,99.32379719805093,99.32379719805093
584,c,23.950343688568033,25.879322605885598
585,c,99.32379719805093,99.32379719805093
586,t,34.30584207599087,99.32379719805093
587,c,78.84080475854634,79.85548282483094
588,c,99.32379719805093,99.32379719805093
589,c,99.32379719805093,99.32379719805093
590,c,43.881223960167866,47.44940790577214
591,c,99.32379719805093,99.32379719805093
592,t,99.32379719805093,99.32379719805093
593,c,99.32379719805093,99.32379719805093
594,c,99.32379719805093,99.32379719805093
595,c,15.567434826906918,18.71610758589945
596,c,99.32379719805093,99.32379719805093
597,t,99.32379719805093,99.32379719805093
598,c,9.218154149393268,19.113580275907346
599,t,99.32379719805093,99.32379719805093
600,t,99.32379719805093,99.32379719805093
601,c,35.042298001371044,36.16652352811197
602,na,6.08752614710807,11.35369021389486
603,c,99.32379719805093,99.32379719805093
604,c,99.32379719805093,99.32379719805093
605,c,99.32379719805093,99.32379719805093
606,c,99.32379719805093,99.32379719805093
607,t,99.32379719805093,99.32379719805093
608,c,99.32379719805093,99.32379719805093
609,c,9.664750220406193,9.883623740066575
610,c,99.32379719805093,99.32379719805093
611,na,0.7362985081001776,13.721275945707045
612,c,46.7176608486433,51.243819881851394
613,t,99.32379719805093,99.32379719805093
614,c,99.32379719805093,99.32379719805093
615,c,7.8854612121204815,9.328552800402912
616,c,99.32379719805093,99.32379719805093
617,c,99.32379719805093,99.32379719805093
618,c,99.32379719805093,99.32379719805093
619,c,99.32379719805093,99.32379719805093
620,c,99.32379719805093,99.32379719805093
621,c,99.32379719805093,99.32379719805093
622,c,18.978855626392413,30.002339574449998
623,c,25.589434004407057,27.978918960072136
624,c,99.32379719805093,99.32379719805093
625,c,15.76345138133791,28.362744777816634
626,c,45.91993012823244,46.10327388081644
627,c,99.32379719805093,99.32379719805093
628,c,99.32379719805093,99.32379719805093
629,na,0,1.1967800073068606
630,c,99.32379719805093,99.32379719805093
631,c,99.32379719805093,99.32379719805093
632,c,32.26328178056478,99.32379719805093
633,c,24.31582647250268,24.558877189291476
634,c,9.503751707732619,10.7167441312805
635,c,99.32379719805093,99.32379719805093
636,c,16.617132677694396,22.203702798780174
637,c,99.32379719805093,99.32379719805093
638,na,5.982826181023932,10.841488720845405
639,t,25.526626568569622,28.364299021000086
640,c,99.32379719805093,99.32379719805093
641,c,30.486012244114338,99.32379719805093
642,c,99.32379719805093,99.32379719805093
643,c,99.32379719805093,99.32379719805093
644,c,99.32379719805093,99.32379719805093
645,c,99.32379719805093,99.32379719805093
646,na,6.157242444429564,10.820087155654075
647,c,99.32379719805093,99.32379719805093
648,c,99.32379719805093,99.32379719805093
649,c,99.32379719805093,99.32379719805093
650,c,99.32379719805093,99.32379719805093
651,t,17.85743425692925,18.369211741103104
652,c,58.10925510214971,68.65728811700423
653,c,34.45672989410141,35.03397165030675
654,c,99.32379719805093,99.32379719805093
655,c,99.32379719805093,99.32379719805093
656,c,99.32379719805093,99.32379719805093
657,c,99.32379719805093,99.32379719805093
658,c,99.32379719805093,99.32379719805093
659,c,99.32379719805093,99.32379719805093
660,c,99.32379719805093,99.32379719805093
661,c,99.32379719805093,99.32379719805093
662,c,99.32379719805093,99.32379719805093
663,t,99.32379719805093,99.32379719805093
664,c,33.91175458386393,34.27032938300639
665,c,99.32379719805093,99.32379719805093
666,c,14.280188848977959,24.3678107577793
667,t,99.32379719805093,99.32379719805093
668,c,99.32379719805093,99.32379719805093
669,c,99.32379719805093,99.32379719805093
670,c,99.32379719805093,99.32379719805093
671,c,5.617240035911982,20.92851607330462
672,c,99.32379719805093,99.32379719805093
673,c,12.131520910790629,21.30009265205534
674,c,99.32379719805093,99.32379719805093
675,c,41.530073185464275,99.32379719805093
676,c,99.32379719805093,99.32379719805093
677,c,14.002733815561339,20.68140087555416
678,c,99.32379719805093,99.32379719805093
679,c,99.32379719805093,99.32379719805093
680,c,41.052970277556604,43.64384749328895
681,c,28.27016523726327,31.630311474031654
682,c,99.32379719805093,99.32379719805093
683,c,99.32379719805093,99.32379719805093
684,t,99.32379719805093,99.32379719805093
685,c,25.65631892636971,29.10271951098699
686,c,99.32379719805093,99.32379719805093
687,t,99.32379719805093,99.32379719805093
688,t,99.32379719805093,99.32379719805093
689,c,19.141427295063565,22.471850463301724
690,c,2.9535003646444635,3.8730052616333386
691,c,99.32379719805093,99.32379719805093
692,c,99.32379719805093,99.32379719805093
693,c,13.464115711830676,20.590943499373267
694,t,99.32379719805093,99.32379719805093
695,c,31.34580285151076,32.23664580043392
696,c,99.32379719805093,99.32379719805093
697,c,99.32379719805093,99.32379719805093
698,c,99.32379719805093,99.32379719805093
699,t,99.32379719805093,99.32379719805093
700,c,99.32379719805093,99.32379719805093
701,c,99.32379719805093,99.32379719805093
702,t,99.32379719805093,99.32379719805093
703,c,99.32379719805093,99.32379719805093
704,c,17.610080475075247,17.675906894021182
705,c,13.947271096092262,15.712460917719357
706,c,99.32379719805093,99.32379719805093
707,c,99.32379719805093,99.32379719805093
708,c,14.79914678490102,17.98694032642364
709,c,99.32379719805093,99.32379719805093
710,c,9.23679816765852,18.31032721282387
711,c,99.32379719805093,99.32379719805093
712,c,99.32379719805093,99.32379719805093
713,c,99.32379719805093,99.32379719805093
714,na,0,0.9993492853566299
715,c,99.32379719805093,99.32379719805093
716,c,99.32379719805093,99.32379719805093
717,t,99.32379719805093,99.32379719805093
718,c,99.32379719805093,99.32379719805093
719,c,99.32379719805093,99.32379719805093
720,c,99.32379719805093,99.32379719805093
721,c,99.32379719805093,99.32379719805093
722,c,13.869310137491508,32.01394533476837
723,t,99.32379719805093,99.32379719805093
724,c,99.32379719805093,99.32379719805093
725,c,18.10390274541003,23.343578607890823
726,t,25.929804703035014,26.78513950829304
727,t,99.32379719805093,99.32379719805093
728,c,99.32379719805093,99.32379719805093
729,c,99.32379719805093,99.32379719805093
730,c,99.32379719805093,99.32379719805093
731,c,99.32379719805093,99.32379719805093
732,t,99.32379719805093,99.32379719805093
733,c,99.32379719805093,99.32379719805093
734,c,99.32379719805093,99.32379719805093
735,t,99.32379719805093,99.32379719805093
736,c,99.32379719805093,99.32379719805093
737,t,99.32379719805093,99.32379719805093
738,c,17.650474612611458,31.39796890294988
739,c,99.32379719805093,99.32379719805093
740,c,99.32379719805093,99.32379719805093
741,t,99.32379719805093,99.32379719805093
742,c,41.723111950650654,46.77214568881279
743,c,99.32379719805093,99.32379719805093
744,c,99.32379719805093,99.32379719805093
745,t,99.32379719805093,99.32379719805093
746,t,99.32379719805093,99.32379719805093
747,c,28.53957638962683,28.766534203772625
748,c,99.32379719805093,99.32379719805093
749,c,99.32379719805093,99.32379719805093
750,t,99.32379719805093,99.32379719805093
751,c,99.32379719805093,99.32379719805093
752,c,99.32379719805093,99.32379719805093
753,c,42.85691677607751,99.32379719805093
754,t,99.32379719805093,99.32379719805093
755,c,15.629941873704512,16.533326920205987
756,c,99.32379719805093,99.32379719805093
757,t,99.32379719805093,99.32379719805093
758,c,99.32379719805093,99.32379719805093
759,c,14.310914599734858,14.836618289552403
760,c,99.32379719805093,99.32379719805093
761,t,5.916427378952197,6.643857099648753
762,c,39.91672966629574,45.8262749159909
763,c,19.122998015843145,26.508359594611814
764,c,99.32379719805093,99.32379719805093
765,c,99.32379719805093,99.32379719805093
766,c,99.32379719805093,99.32379719805093
767,c,99.32379719805093,99.32379719805093
768,c,99.32379719805093,99.32379719805093
769,t,16.36590447048878,16.829884449286425
770,c,20.079223725063656,20.55968719898451
771,c,18.206266369604297,22.757887742506252
772,t,1.8787967298402928,2.3787554088165614
773,c,99.32379719805093,99.32379719805093
774,c,99.32379719805093,99.32379719805093
775,c,99.32379719805093,99.32379719805093
776,t,99.32379719805093,99.32379719805093
777,c,8.552201919430786,8.70468010987815
778,c,99.32379719805093,99.32379719805093
779,c,32.396321983158685,43.88249889708477
780,c,99.32379719805093,99.32379719805093
781,na,14.312609650479336,14.588290711981392
782,c,99.32379719805093,99.32379719805093
783,t,99.32379719805093,99.32379719805093
784,na,-1,0
785,c,99.32379719805093,99.32379719805093
786,t,99.32379719805093,99.32379719805093
787,c,51.922977714936046,54.3659296741533
788,c,99.32379719805093,99.32379719805093
789,c,99.32379719805093,99.32379719805093
790,c,99.32379719805093,99.32379719805093
791,c,99.32379719805093,99.32379719805093
792,c,12.60725182183892,16.257457741892257
793,t,43.14735549735367,47.62244403014023
794,na,0.4467933881758253,9.15007845553839
795,c,99.32379719805093,99.32379719805093
796,c,99.32379719805093,99.32379719805093
797,t,99.32379719805093,99.32379719805093
798,c,99.32379719805093,99.32379719805093
799,c,16.937903785164472,17.04940872774917
800,t,99.32379719805093,99.32379719805093
801,t,99.32379719805093,99.32379719805093
802,c,99.32379719805093,99.32379719805093
803,c,99.32379719805093,99.32379719805093
804,t,99.32379719805093,99.32379719805093
805,t,25.53139504670093,40.88188899985843
806,c,99.32379719805093,99.32379719805093
807,c,99.32379719805093,99.32379719805093
808,c,13.573011672630672,18.596363634349302
809,c,49.09297285539393,53.920350607274436
810,c,99.32379719805093,99.32379719805093
811,c,28.02460739243705,99.32379719805093
812,c,99.32379719805093,99.32379719805093
813,c,99.32379719805093,99.32379719805093
814,c,99.32379719805093,99.32379719805093
815,c,99.32379719805093,99.32379719805093
816,c,99.32379719805093,99.32379719805093
817,c,99.32379719805093,99.32379719805093
818,c,99.32379719805093,99.32379719805093
819,na,99.32379719805093,99.32379719805093
820,c,99.32379719805093,99.32379719805093
821,c,3.8827474123893615,5.510260376242081
822,t,99.32379719805093,99.32379719805093
823,c,99.32379719805093,99.32379719805093
824,t,99.32379719805093,99.32379719805093
825,c,99.32379719805093,99.32379719805093
826,t,99.32379719805093,99.32379719805093
827,c,20.010583027451414,25.61268743218943
828,c,99.32379719805093,99.32379719805093
829,c,99.32379719805093,99.32379719805093
830,na,9.477221820333918,17.975546387358488
831,t,99.32379719805093,99.32379719805093
832,t,99.32379719805093,99.32379719805093
833,c,22.04105442381578,31.158196765940378
834,c,99.32379719805093,99.32379719805093
835,c,99.32379719805093,99.32379719805093
836,t,99.32379719805093,99.32379719805093
837,c,99.32379719805093,99.32379719805093
838,c,99.32379719805093,99.32379719805093
839,c,99.32379719805093,99.32379719805093
840,c,99.32379719805093,99.32379719805093
841,c,99.32379719805093,99.32379719805093
842,t,99.32379719805093,99.32379719805093
843,c,99.32379719805093,99.32379719805093
844,c,99.32379719805093,99.32379719805093
845,c,99.32379719805093,99.32379719805093
846,t,21.705253781451937,22.192131382599623
847,c,11.00985937822383,20.675347051696384
848,t,32.15831293154297,34.519883418480724
849,c,99.32379719805093,99.32379719805093
850,t,99.32379719805093,99.32379719805093
851,c,49.41905159874103,58.348121228065175
852,c,99.32379719805093,99.32379719805093
853,t,99.32379719805093,99.32379719805093
854,c,99.32379719805093,99.32379719805093
855,c,18.14341598716472,19.834605319697246
856,c,9.579845135456628,11.328853433392117
857,t,99.32379719805093,99.32379719805093
858,c,30.97208187469487,31.29173501780175
859,c,27.878307508673128,30.406741178612684
860,c,26.20434578557036,39.489319805273034
861,c,26.443916843774677,27.17062111029289
862,t,32.128978846355785,32.702285842024416
863,na,0,9.80032978487931
864,c,12.585535589324367,17.136677750431847
865,t,45.43358357592202,45.62458004124039
866,t,99.32379719805093,99.32379719805093
867,c,99.32379719805093,99.32379719805093
868,na,-1,0
869,c,13.166821881196054,13.624810560891973
870,t,99.32379719805093,99.32379719805093
871,c,38.87468003730881,42.37716260539845
872,c,99.32379719805093,99.32379719805093
873,c,99.32379719805093,99.32379719805093
874,c,17.10483492617483,27.201010222343427
875,na,6.502903046604588,11.0615841928132
876,c,16.470641090718207,18.245249816005234
877,c,36.76009047613049,47.77375108705506
878,c,99.32379719805093,99.32379719805093
879,t,84.29822916372636,88.39149637471677
880,c,99.32379719805093,99.32379719805093
881,t,99.32379719805093,99.32379719805093
882,c,99.32379719805093,99.32379719805093
883,t,99.32379719805093,99.32379719805093
884,c,5.280054589792737,9.020516659272715
885,c,99.32379719805093,99.32379719805093
886,t,99.32379719805093,99.32379719805093
887,c,99.32379719805093,99.32379719805093
888,c,25.125178523066445,28.180061915215934
889,c,26.63061032293146,40.25917400737722
890,c,99.32379719805093,99.32379719805093
891,c,99.32379719805093,99.32379719805093
892,c,99.32379719805093,99.32379719805093
893,c,99.32379719805093,99.32379719805093
894,c,99.32379719805093,99.32379719805093
895,na,5.639497302555459,5.826544111047393
896,c,99.32379719805093,99.32379719805093
897,t,99.32379719805093,99.32379719805093
898,c,29.948086326884795,36.38690604891874
899,c,99.32379719805093,99.32379719805093
900,c,28.783632683434035,29.891067990058126
901,na,-1,0
902,c,99.32379719805093,99.32379719805093
903,c,99.32379719805093,99.32379719805093
904,c,18.385186819988764,26.540410584336097
905,t,99.32379719805093,99.32379719805093
906,t,99.32379719805093,99.32379719805093
907,c,99.32379719805093,99.32379719805093
908,c,34.11387085728829,37.62556247903858
909,c,34.35098284535118,35.476046821264354
910,c,99.32379719805093,99.32379719805093
911,t,99.32379719805093,99.32379719805093
912,c,99.32379719805093,99.32379719805093
913,t,99.32379719805093,99.32379719805093
914,t,99.32379719805093,99.32379719805093
915,c,99.32379719805093,99.32379719805093
916,c,99.32379719805093,99.32379719805093
917,c,19.501873892338658,19.516249694813848
918,na,3.734140644976342,6.480956636192561
919,c,12.653629568425144,12.681304358974952
920,c,99.32379719805093,99.32379719805093
921,c,99.32379719805093,99.32379719805093
922,t,99.32379719805093,99.32379719805093
923,c,99.32379719805093,99.32379719805093
924,c,33.67187940641221,34.28927844369114
925,c,99.32379719805093,99.32379719805093
926,c,99.32379719805093,99.32379719805093
927,c,99.32379719805093,99.32379719805093
928,c,17.742320898970096,28.570080101058863
929,c,8.07120001658591,9.981631597500455
930,c,99.32379719805093,99.32379719805093
931,c,99.32379719805093,99.32379719805093
932,c,99.32379719805093,99.32379719805093
933,c,99.32379719805093,99.32379719805093
934,c,33.27023369145116,39.19410540790824
935,na,0,2.3284287734964018
936,c,34.44513039671896,37.2975991307996
937,c,99.32379719805093,99.32379719805093
938,c,99.32379719805093,99.32379719805093
939,c,99.32379719805093,99.32379719805093
940,t,99.32379719805093,99.32379719805093
941,c,99.32379719805093,99.32379719805093
942,c,5.881691877846499,23.646743494155857
943,c,99.32379719805093,99.32379719805093
944,c,99.32379719805093,99.32379719805093
945,c,99.32379719805093,99.32379719805093
946,t,99.32379719805093,99.32379719805093
947,na,0,1.843405024669134
948,c,99.32379719805093,99.32379719805093
949,c,99.32379719805093,99.32379719805093
950,c,29.406743972643856,48.08049756995193
951,t,99.32379719805093,99.32379719805093
952,t,99.32379719805093,99.32379719805093
953,c,32.286503149248524,99.32379719805093
954,c,99.32379719805093,99.32379719805093
955,c,99.32379719805093,99.32379719805093
956,c,99.32379719805093,99.32379719805093
957,c,99.32379719805093,99.32379719805093
958,c,99.32379719805093,99.32379719805093
959,t,99.32379719805093,99.32379719805093
960,c,99.32379719805093,99.32379719805093
961,c,99.32379719805093,99.32379719805093
962,na,2.9454975046464784,3.819770358499658
963,c,99.32379719805093,99.32379719805093
964,c,99.32379719805093,99.32379719805093
965,c,99.32379719805093,99.32379719805093
966,t,99.32379719805093,99.32379719805093
967,c,99.32379719805093,99.32379719805093
968,c,99.32379719805093,99.32379719805093
969,c,99.32379719805093,99.32379719805093
970,c,35.184653411346154,39.15083249488101
971,c,99.32379719805093,99.32379719805093
972,c,77.61544251558453,79.02883204742724
973,c,99.32379719805093,99.32379719805093
974,c,99.32379719805093,99.32379719805093
975,c,99.32379719805093,99.32379719805093
976,na,-1,0
977,c,16.15837747481094,20.44635512065202
978,c,99.32379719805093,99.32379719805093
979,c,48.33223229577089,51.212583945837984
980,c,99.32379719805093,99.32379719805093
981,t,99.32379719805093,99.32379719805093
982,c,21.40574944321961,99.32379719805093
983,t,18.039069781750833,34.91223209170279
984,t,99.32379719805093,99.32379719805093
985,c,99.32379719805093,99.32379719805093
986,t,99.32379719805093,99.32379719805093
987,t,25.650519510307795,49.5375209325845
988,t,99.32379719805093,99.32379719805093
989,t,39.9026453815503,41.3265674622468
990,c,41.60020760496126,42.858175521584755
991,c,29.134396389935702,32.099473991795655
992,c,99.32379719805093,99.32379719805093
993,c,99.32379719805093,99.32379719805093
994,c,99.32379719805093,99.32379719805093
995,t,99.32379719805093,99.32379719805093
996,c,26.34738257901018,34.185213225960574
997,t,99.32379719805093,99.32379719805093
998,na,0,0.4413647231597255
999,c,99.32379719805093,99.32379719805093
