node, assignment, time2inf, time2death
0,na,-1,0
1,na,-1,0
2,na,-1,0
3,na,-1,0
4,na,-1,0
5,na,-1,0
6,na,-1,0
7,na,-1,0
8,na,-1,0
9,na,-1,0
10,na,147.6961201571222,147.6961201571222
11,na,-1,0
12,na,-1,0
13,na,-1,0
14,na,-1,0
15,na,-1,0
16,na,-1,0
17,na,-1,0
18,na,-1,0
19,na,-1,0
20,na,-1,0
21,na,147.6961201571222,147.6961201571222
22,na,-1,0
23,na,147.6961201571222,147.6961201571222
24,na,147.6961201571222,147.6961201571222
25,na,-1,0
26,na,-1,0
27,na,-1,0
28,na,-1,0
29,na,-1,0
30,na,-1,0
31,na,-1,0
32,na,-1,0
33,na,-1,0
34,na,-1,0
35,na,0,147.6961201571222
36,na,-1,0
37,na,147.6961201571222,147.6961201571222
38,na,-1,0
39,na,-1,0
40,c,147.6961201571222,147.6961201571222
41,c,147.6961201571222,147.6961201571222
42,t,147.6961201571222,147.6961201571222
43,t,147.6961201571222,147.6961201571222
44,c,147.6961201571222,147.6961201571222
45,c,147.6961201571222,147.6961201571222
46,c,11.911884955652809,12.202789577916503
47,c,147.6961201571222,147.6961201571222
48,c,28.270272712607227,147.6961201571222
49,c,147.6961201571222,147.6961201571222
50,c,147.6961201571222,147.6961201571222
51,c,55.66726523501205,57.7908795610539
52,c,147.6961201571222,147.6961201571222
53,t,147.6961201571222,147.6961201571222
54,t,147.6961201571222,147.6961201571222
55,c,147.6961201571222,147.6961201571222
56,c,14.552736388136008,20.36053839732496
57,c,147.6961201571222,147.6961201571222
58,c,147.6961201571222,147.6961201571222
59,na,12.741902233128425,14.417240713560442
60,c,32.0594258199146,147.6961201571222
61,c,12.443807918238747,17.25714220525453
62,t,147.6961201571222,147.6961201571222
63,c,147.6961201571222,147.6961201571222
64,c,23.166360746017904,147.6961201571222
65,c,147.6961201571222,147.6961201571222
66,c,147.6961201571222,147.6961201571222
67,t,147.6961201571222,147.6961201571222
68,c,11.828837716883378,12.003656814719951
69,c,147.6961201571222,147.6961201571222
70,c,147.6961201571222,147.6961201571222
71,c,147.6961201571222,147.6961201571222
72,c,20.823546294569386,23.019124463044548
73,t,147.6961201571222,147.6961201571222
74,c,147.6961201571222,147.6961201571222
75,c,12.766581530501742,13.873124665567433
76,c,147.6961201571222,147.6961201571222
77,c,147.6961201571222,147.6961201571222
78,c,147.6961201571222,147.6961201571222
79,c,147.6961201571222,147.6961201571222
80,c,147.6961201571222,147.6961201571222
81,t,147.6961201571222,147.6961201571222
82,c,147.6961201571222,147.6961201571222
83,t,147.6961201571222,147.6961201571222
84,c,147.6961201571222,147.6961201571222
85,c,20.40823313057164,30.290285596935128
86,c,147.6961201571222,147.6961201571222
87,c,147.6961201571222,147.6961201571222
88,c,147.6961201571222,147.6961201571222
89,c,147.6961201571222,147.6961201571222
90,c,147.6961201571222,147.6961201571222
91,c,19.939308468801904,20.425181901835025
92,c,22.754884312565064,24.105175507729356
93,c,13.421704031738011,15.810270135385478
94,c,147.6961201571222,147.6961201571222
95,c,61.861410264651084,71.61463760778213
96,c,147.6961201571222,147.6961201571222
97,c,29.03283945095741,30.13276930401566
98,c,147.6961201571222,147.6961201571222
99,t,147.6961201571222,147.6961201571222
100,c,147.6961201571222,147.6961201571222
101,c,147.6961201571222,147.6961201571222
102,c,18.7472367470482,23.97693027961527
103,c,147.6961201571222,147.6961201571222
104,t,147.6961201571222,147.6961201571222
105,c,147.6961201571222,147.6961201571222
106,na,-1,0
107,t,147.6961201571222,147.6961201571222
108,t,147.6961201571222,147.6961201571222
109,c,27.075899492548913,29.115327500491027
110,c,147.6961201571222,147.6961201571222
111,c,30.951375507252983,31.00339728705251
112,t,147.6961201571222,147.6961201571222
113,c,147.6961201571222,147.6961201571222
114,c,147.6961201571222,147.6961201571222
115,c,147.6961201571222,147.6961201571222
116,c,36.03368404346328,36.18556703672422
117,c,24.530624890009243,25.976042719109216
118,c,20.21657309838931,29.788899232879004
119,c,147.6961201571222,147.6961201571222
120,c,9.65152553259322,15.17879289157141
121,c,147.6961201571222,147.6961201571222
122,c,147.6961201571222,147.6961201571222
123,t,147.6961201571222,147.6961201571222
124,t,147.6961201571222,147.6961201571222
125,c,45.16362498188112,53.59442504709819
126,c,147.6961201571222,147.6961201571222
127,c,147.6961201571222,147.6961201571222
128,c,11.660349181262314,13.198564301340022
129,c,147.6961201571222,147.6961201571222
130,c,147.6961201571222,147.6961201571222
131,c,147.6961201571222,147.6961201571222
132,c,82.15168170366364,83.26958107918153
133,c,147.6961201571222,147.6961201571222
134,c,147.6961201571222,147.6961201571222
135,c,147.6961201571222,147.6961201571222
136,t,147.6961201571222,147.6961201571222
137,c,147.6961201571222,147.6961201571222
138,c,147.6961201571222,147.6961201571222
139,c,147.6961201571222,147.6961201571222
140,c,147.6961201571222,147.6961201571222
141,c,147.6961201571222,147.6961201571222
142,t,147.6961201571222,147.6961201571222
143,t,147.6961201571222,147.6961201571222
144,t,147.6961201571222,147.6961201571222
145,c,96.28025989522979,115.29786732785944
146,c,7.995901335204197,12.771555759648427
147,c,147.6961201571222,147.6961201571222
148,c,53.79357155361473,64.11149148584686
149,c,147.6961201571222,147.6961201571222
150,c,147.6961201571222,147.6961201571222
151,c,147.6961201571222,147.6961201571222
152,t,147.6961201571222,147.6961201571222
153,c,147.6961201571222,147.6961201571222
154,t,147.6961201571222,147.6961201571222
155,c,39.92105250007853,147.6961201571222
156,c,18.177500062632255,23.25514244187898
157,c,51.26658638083337,62.434647487455884
158,c,147.6961201571222,147.6961201571222
159,c,21.08073505566192,36.12203164719128
160,c,25.995460843403936,27.56653247198409
161,c,147.6961201571222,147.6961201571222
162,c,23.92861953076286,33.043807159649944
163,c,147.6961201571222,147.6961201571222
164,c,147.6961201571222,147.6961201571222
165,t,147.6961201571222,147.6961201571222
166,c,16.399950841034777,147.6961201571222
167,c,147.6961201571222,147.6961201571222
168,t,147.6961201571222,147.6961201571222
169,c,40.6655465902112,44.00239630386972
170,c,32.96531956583961,34.4632043329137
171,c,147.6961201571222,147.6961201571222
172,na,5.92103158325584,9.271379309432973
173,c,40.32465372365161,42.75570808876265
174,c,147.6961201571222,147.6961201571222
175,c,55.59950279334476,147.6961201571222
176,c,147.6961201571222,147.6961201571222
177,c,147.6961201571222,147.6961201571222
178,c,51.33206588133429,53.43771647765004
179,c,147.6961201571222,147.6961201571222
180,c,25.45476237430173,28.961036531837546
181,t,147.6961201571222,147.6961201571222
182,c,147.6961201571222,147.6961201571222
183,c,18.477330514978064,20.896774144823727
184,c,33.6101487743755,45.366680750956185
185,t,147.6961201571222,147.6961201571222
186,c,147.6961201571222,147.6961201571222
187,c,147.6961201571222,147.6961201571222
188,c,147.6961201571222,147.6961201571222
189,c,147.6961201571222,147.6961201571222
190,t,147.6961201571222,147.6961201571222
191,c,147.6961201571222,147.6961201571222
192,t,147.6961201571222,147.6961201571222
193,t,147.6961201571222,147.6961201571222
194,t,147.6961201571222,147.6961201571222
195,na,20.106297217994037,20.48683039042381
196,c,147.6961201571222,147.6961201571222
197,c,147.6961201571222,147.6961201571222
198,c,147.6961201571222,147.6961201571222
199,t,147.6961201571222,147.6961201571222
200,c,147.6961201571222,147.6961201571222
201,t,147.6961201571222,147.6961201571222
202,c,16.870205421444755,147.6961201571222
203,t,147.6961201571222,147.6961201571222
204,c,26.360910299065385,30.774570223046748
205,c,147.6961201571222,147.6961201571222
206,c,43.733024954897445,44.696917989859145
207,c,52.23820912279223,59.172414686080735
208,c,147.6961201571222,147.6961201571222
209,c,147.6961201571222,147.6961201571222
210,c,147.6961201571222,147.6961201571222
211,c,147.6961201571222,147.6961201571222
212,c,147.6961201571222,147.6961201571222
213,c,31.128495954782128,32.107132698256265
214,c,30.779297901858527,33.15608523954495
215,c,147.6961201571222,147.6961201571222
216,c,10.877713204611078,16.96763865100187
217,c,6.89544868117511,19.494876135831134
218,t,147.6961201571222,147.6961201571222
219,c,19.193551886899467,20.539309764411232
220,c,147.6961201571222,147.6961201571222
221,c,147.6961201571222,147.6961201571222
222,t,147.6961201571222,147.6961201571222
223,c,147.6961201571222,147.6961201571222
224,c,147.6961201571222,147.6961201571222
225,c,147.6961201571222,147.6961201571222
226,c,19.754749930775674,19.902206446583513
227,c,147.6961201571222,147.6961201571222
228,c,21.44821872216473,21.4514703083254
229,c,26.139836681558887,28.356974300800804
230,c,44.092462605855665,44.48070649037642
231,c,147.6961201571222,147.6961201571222
232,c,147.6961201571222,147.6961201571222
233,c,33.829562262365755,39.01923457175097
234,c,30.630664031510406,31.79530235658237
235,c,9.337443368851181,9.709536146070146
236,c,17.403951669847462,22.944141203947257
237,c,33.60887883949555,39.65666706150777
238,c,147.6961201571222,147.6961201571222
239,c,147.6961201571222,147.6961201571222
240,t,147.6961201571222,147.6961201571222
241,c,147.6961201571222,147.6961201571222
242,c,14.294658303924242,15.665047624144266
243,c,47.33183308623854,53.93804539513735
244,c,36.425005206654276,40.3623736198259
245,c,35.536462376129556,38.35093566025241
246,c,147.6961201571222,147.6961201571222
247,t,147.6961201571222,147.6961201571222
248,c,147.6961201571222,147.6961201571222
249,t,147.6961201571222,147.6961201571222
250,c,147.6961201571222,147.6961201571222
251,c,147.6961201571222,147.6961201571222
252,c,49.433199760220106,53.51971694477688
253,c,20.452984816778475,21.03336964882483
254,c,13.395101327540104,16.36923934704373
255,c,147.6961201571222,147.6961201571222
256,c,18.474925214930806,18.71684836816306
257,c,147.6961201571222,147.6961201571222
258,t,147.6961201571222,147.6961201571222
259,c,2.871773674884622,11.990395413067045
260,t,147.6961201571222,147.6961201571222
261,c,147.6961201571222,147.6961201571222
262,c,31.070794482662375,33.38522085262031
263,t,147.6961201571222,147.6961201571222
264,c,23.12559469642355,25.934656685210353
265,c,147.6961201571222,147.6961201571222
266,c,24.70941584678247,32.2763189697886
267,c,147.6961201571222,147.6961201571222
268,t,147.6961201571222,147.6961201571222
269,c,31.04697473645866,41.42191091611607
270,c,49.57661470103782,50.680932850697374
271,c,147.6961201571222,147.6961201571222
272,c,147.6961201571222,147.6961201571222
273,t,147.6961201571222,147.6961201571222
274,c,147.6961201571222,147.6961201571222
275,c,69.97956459365794,73.00314103608454
276,c,36.79029651243561,147.6961201571222
277,c,147.6961201571222,147.6961201571222
278,c,147.6961201571222,147.6961201571222
279,c,147.6961201571222,147.6961201571222
280,c,20.371405015835197,24.97196508848762
281,c,12.375545430376192,13.286555640114095
282,t,147.6961201571222,147.6961201571222
283,c,28.13996670745604,30.41599672548136
284,c,147.6961201571222,147.6961201571222
285,c,25.23182887206356,26.598248889645504
286,c,147.6961201571222,147.6961201571222
287,c,17.59497086351112,18.714542905556684
288,t,147.6961201571222,147.6961201571222
289,c,147.6961201571222,147.6961201571222
290,c,24.690014240293735,33.25852595756119
291,c,147.6961201571222,147.6961201571222
292,c,51.12144472956541,56.365492868425434
293,t,147.6961201571222,147.6961201571222
294,c,26.279830713369545,33.45040731089918
295,c,72.12128191227589,72.5000684333815
296,c,147.6961201571222,147.6961201571222
297,c,51.47695100839454,65.60271081114985
298,c,71.71454342348581,71.83698487504618
299,c,50.38746063047597,52.27737737990327
300,c,79.96650823282799,81.76985131650198
301,c,32.55765643845322,38.36771911930291
302,na,0,12.341008485816868
303,c,147.6961201571222,147.6961201571222
304,t,147.6961201571222,147.6961201571222
305,c,28.338691183184114,28.787262083514918
306,c,28.14986079840754,45.041602782257755
307,c,147.6961201571222,147.6961201571222
308,t,147.6961201571222,147.6961201571222
309,c,27.71582096720343,31.74718455237825
310,c,26.287349112918374,27.003761810265978
311,c,25.573989285464304,28.321280232404494
312,c,147.6961201571222,147.6961201571222
313,c,14.183433937660013,16.01753708192255
314,c,147.6961201571222,147.6961201571222
315,c,147.6961201571222,147.6961201571222
316,c,12.867520377709054,32.27736675134486
317,c,147.6961201571222,147.6961201571222
318,c,20.329199530642743,20.87549680688777
319,t,147.6961201571222,147.6961201571222
320,t,147.6961201571222,147.6961201571222
321,c,6.996562951485312,13.835708508985697
322,c,35.47002013644914,36.8253334554296
323,c,147.6961201571222,147.6961201571222
324,c,28.21169061523859,31.488096691857844
325,c,147.6961201571222,147.6961201571222
326,c,28.796040570792353,29.448143894873326
327,c,26.004021340341918,147.6961201571222
328,c,35.50038713272812,40.88203251840221
329,c,23.64655760040524,33.75901389967187
330,c,8.823684377319243,11.47528129617719
331,c,147.6961201571222,147.6961201571222
332,c,147.6961201571222,147.6961201571222
333,na,0,2.042466367135598
334,c,147.6961201571222,147.6961201571222
335,t,147.6961201571222,147.6961201571222
336,t,147.6961201571222,147.6961201571222
337,c,147.6961201571222,147.6961201571222
338,c,4.187449531502134,6.760553157204551
339,c,147.6961201571222,147.6961201571222
340,c,147.6961201571222,147.6961201571222
341,c,147.6961201571222,147.6961201571222
342,c,41.45787309455873,42.54346671904703
343,c,15.244257404387708,16.96629163479484
344,c,147.6961201571222,147.6961201571222
345,t,147.6961201571222,147.6961201571222
346,c,147.6961201571222,147.6961201571222
347,c,147.6961201571222,147.6961201571222
348,c,147.6961201571222,147.6961201571222
349,c,147.6961201571222,147.6961201571222
350,c,147.6961201571222,147.6961201571222
351,c,35.62872872692996,56.954508281701315
352,t,147.6961201571222,147.6961201571222
353,t,147.6961201571222,147.6961201571222
354,na,0,0.20712793096333096
355,c,147.6961201571222,147.6961201571222
356,c,8.589940072451366,11.025740300208414
357,t,147.6961201571222,147.6961201571222
358,c,11.722613241046103,11.737651494530903
359,t,147.6961201571222,147.6961201571222
360,c,147.6961201571222,147.6961201571222
361,c,147.6961201571222,147.6961201571222
362,c,31.915883883992546,32.26207250366664
363,c,22.413575610892085,28.24403684316695
364,c,3.6865152545820363,3.9639393873527466
365,t,147.6961201571222,147.6961201571222
366,c,37.26049723904358,40.06191835763952
367,c,147.6961201571222,147.6961201571222
368,c,44.329224359779225,49.42765343322522
369,c,147.6961201571222,147.6961201571222
370,c,19.56081836116072,147.6961201571222
371,t,147.6961201571222,147.6961201571222
372,c,147.6961201571222,147.6961201571222
373,c,26.840139210343164,147.6961201571222
374,t,147.6961201571222,147.6961201571222
375,c,147.6961201571222,147.6961201571222
376,c,147.6961201571222,147.6961201571222
377,t,147.6961201571222,147.6961201571222
378,c,147.6961201571222,147.6961201571222
379,t,147.6961201571222,147.6961201571222
380,c,147.6961201571222,147.6961201571222
381,c,147.6961201571222,147.6961201571222
382,c,147.6961201571222,147.6961201571222
383,c,147.6961201571222,147.6961201571222
384,c,147.6961201571222,147.6961201571222
385,t,147.6961201571222,147.6961201571222
386,c,147.6961201571222,147.6961201571222
387,c,147.6961201571222,147.6961201571222
388,c,147.6961201571222,147.6961201571222
389,c,147.6961201571222,147.6961201571222
390,c,147.6961201571222,147.6961201571222
391,c,147.6961201571222,147.6961201571222
392,c,147.6961201571222,147.6961201571222
393,c,28.426721430543935,29.829305349302043
394,c,147.6961201571222,147.6961201571222
395,c,147.6961201571222,147.6961201571222
396,c,25.576346803232546,33.658830154124985
397,c,147.6961201571222,147.6961201571222
398,c,147.6961201571222,147.6961201571222
399,c,59.85692050695145,64.2676203138844
400,t,147.6961201571222,147.6961201571222
401,c,36.74806099014821,40.16340776766234
402,c,147.6961201571222,147.6961201571222
403,c,50.92063038971154,52.17835162040996
404,c,28.022522898330468,30.71882717819447
405,c,147.6961201571222,147.6961201571222
406,c,147.6961201571222,147.6961201571222
407,t,147.6961201571222,147.6961201571222
408,t,147.6961201571222,147.6961201571222
409,c,147.6961201571222,147.6961201571222
410,c,8.276252668065684,22.39365588425261
411,c,147.6961201571222,147.6961201571222
412,c,147.6961201571222,147.6961201571222
413,t,147.6961201571222,147.6961201571222
414,c,25.685344386843454,26.64513675022011
415,c,41.73685088732475,51.41989248813064
416,c,32.84774614085383,37.992918076531865
417,t,147.6961201571222,147.6961201571222
418,c,147.6961201571222,147.6961201571222
419,c,147.6961201571222,147.6961201571222
420,t,147.6961201571222,147.6961201571222
421,c,13.593502865902183,15.721831177975725
422,t,147.6961201571222,147.6961201571222
423,c,55.213597531500255,59.676402393873715
424,c,147.6961201571222,147.6961201571222
425,t,147.6961201571222,147.6961201571222
426,c,30.12297746866829,34.23997760888676
427,c,21.530395250380106,24.689047830137582
428,t,147.6961201571222,147.6961201571222
429,c,51.03352362156615,59.218874732058616
430,c,16.338252395962314,18.375769301156154
431,c,65.04385597589881,67.73901218613804
432,c,147.6961201571222,147.6961201571222
433,c,10.678272786197239,12.60826127231387
434,t,147.6961201571222,147.6961201571222
435,c,7.293645421989011,9.13821057162983
436,c,147.6961201571222,147.6961201571222
437,c,37.40045968684809,44.19861841325958
438,c,147.6961201571222,147.6961201571222
439,t,147.6961201571222,147.6961201571222
440,c,20.016545842442724,20.860449124002546
441,c,40.360408226943996,40.45504250333547
442,c,147.6961201571222,147.6961201571222
443,c,147.6961201571222,147.6961201571222
444,t,147.6961201571222,147.6961201571222
445,c,147.6961201571222,147.6961201571222
446,c,26.195088799604477,27.2843417724104
447,c,14.896136312354674,18.765219107004803
448,c,147.6961201571222,147.6961201571222
449,t,147.6961201571222,147.6961201571222
450,c,147.6961201571222,147.6961201571222
451,c,147.6961201571222,147.6961201571222
452,c,39.774566249409006,40.41447815343771
453,t,147.6961201571222,147.6961201571222
454,c,40.25467573233547,41.69485890142475
455,t,147.6961201571222,147.6961201571222
456,c,32.478633693233746,41.285540147071835
457,c,22.616900940417562,147.6961201571222
458,c,10.905423937615002,11.28384013724397
459,c,28.71791790661738,32.02631805569034
460,c,147.6961201571222,147.6961201571222
461,c,48.54783743056328,48.85736167322928
462,c,147.6961201571222,147.6961201571222
463,c,147.6961201571222,147.6961201571222
464,c,20.87522446201396,22.699766717131524
465,t,147.6961201571222,147.6961201571222
466,c,16.686831502965735,19.884973556984196
467,c,28.212610142915203,29.835824999640217
468,c,147.6961201571222,147.6961201571222
469,t,147.6961201571222,147.6961201571222
470,c,147.6961201571222,147.6961201571222
471,c,41.723995327753215,43.34779958979718
472,c,14.424471945477011,15.624803344853351
473,c,3.8934829471864782,8.486755618081533
474,t,147.6961201571222,147.6961201571222
475,c,36.315664660623334,38.35596430099678
476,t,147.6961201571222,147.6961201571222
477,c,30.075192826102988,34.60613238973596
478,c,147.6961201571222,147.6961201571222
479,c,147.6961201571222,147.6961201571222
480,c,147.6961201571222,147.6961201571222
481,c,147.6961201571222,147.6961201571222
482,c,147.6961201571222,147.6961201571222
483,c,28.36213593330208,39.632161218678455
484,t,147.6961201571222,147.6961201571222
485,c,147.6961201571222,147.6961201571222
486,t,147.6961201571222,147.6961201571222
487,c,4.510366955294639,10.088067430162512
488,c,22.89231784139344,36.210084075769565
489,c,17.76530381819575,147.6961201571222
490,c,147.6961201571222,147.6961201571222
491,t,147.6961201571222,147.6961201571222
492,c,14.415563491990754,14.63730111996175
493,c,147.6961201571222,147.6961201571222
494,t,147.6961201571222,147.6961201571222
495,c,147.6961201571222,147.6961201571222
496,c,7.034360358899058,147.6961201571222
497,c,147.6961201571222,147.6961201571222
498,c,147.6961201571222,147.6961201571222
499,c,22.93287811657202,24.099010446414702
500,c,30.56066342732177,34.14747210458365
501,c,147.6961201571222,147.6961201571222
502,c,147.6961201571222,147.6961201571222
503,c,27.243231518300384,27.5487715587626
504,c,40.77307092910776,58.10066699820471
505,c,147.6961201571222,147.6961201571222
506,c,16.134049621625536,21.60983278016885
507,c,36.05631347723261,36.69799922808202
508,c,147.6961201571222,147.6961201571222
509,c,27.372795116805875,32.25056565577043
510,t,147.6961201571222,147.6961201571222
511,c,23.616182821540445,36.123400798622484
512,c,147.6961201571222,147.6961201571222
513,c,147.6961201571222,147.6961201571222
514,c,147.6961201571222,147.6961201571222
515,c,147.6961201571222,147.6961201571222
516,c,147.6961201571222,147.6961201571222
517,c,147.6961201571222,147.6961201571222
518,c,147.6961201571222,147.6961201571222
519,c,10.702142047783603,11.34094062285046
520,c,147.6961201571222,147.6961201571222
521,c,41.702468412693634,147.6961201571222
522,c,147.6961201571222,147.6961201571222
523,c,30.50781197621914,147.6961201571222
524,c,147.6961201571222,147.6961201571222
525,c,147.6961201571222,147.6961201571222
526,t,147.6961201571222,147.6961201571222
527,c,147.6961201571222,147.6961201571222
528,c,147.6961201571222,147.6961201571222
529,t,147.6961201571222,147.6961201571222
530,c,147.6961201571222,147.6961201571222
531,c,147.6961201571222,147.6961201571222
532,c,32.628802311666284,43.99457350201589
533,na,-1,0
534,c,147.6961201571222,147.6961201571222
535,c,39.19800518651614,42.374141983226075
536,c,147.6961201571222,147.6961201571222
537,c,24.637432304528502,24.651735841016556
538,c,31.691457639077004,33.321566726432344
539,c,147.6961201571222,147.6961201571222
540,c,29.67349147791733,147.6961201571222
541,c,147.6961201571222,147.6961201571222
542,t,147.6961201571222,147.6961201571222
543,c,147.6961201571222,147.6961201571222
544,c,147.6961201571222,147.6961201571222
545,t,147.6961201571222,147.6961201571222
546,c,16.266050655304102,19.45420736472474
547,c,147.6961201571222,147.6961201571222
548,t,147.6961201571222,147.6961201571222
549,c,35.34586864679463,37.7057900044478
550,c,17.07917724770947,147.6961201571222
551,c,20.782104395036797,23.844851217108225
552,c,147.6961201571222,147.6961201571222
553,c,147.6961201571222,147.6961201571222
554,t,147.6961201571222,147.6961201571222
555,c,24.576675800867577,28.78331170557343
556,c,147.6961201571222,147.6961201571222
557,c,147.6961201571222,147.6961201571222
558,c,37.74854138950858,38.834412341495955
559,c,147.6961201571222,147.6961201571222
560,t,147.6961201571222,147.6961201571222
561,c,147.6961201571222,147.6961201571222
562,c,147.6961201571222,147.6961201571222
563,c,147.6961201571222,147.6961201571222
564,t,147.6961201571222,147.6961201571222
565,t,147.6961201571222,147.6961201571222
566,c,50.59895025734387,55.12315652714803
567,c,147.6961201571222,147.6961201571222
568,c,147.6961201571222,147.6961201571222
569,c,9.836524694982671,16.082213972417716
570,c,64.50256038929322,147.6961201571222
571,c,3.751357311829869,3.7854844880163396
572,na,0,0.9248402090850899
573,c,37.551723076605505,45.76286578352388
574,c,31.922923764668095,32.68512625751949
575,t,147.6961201571222,147.6961201571222
576,c,147.6961201571222,147.6961201571222
577,c,147.6961201571222,147.6961201571222
578,c,23.345574908944926,24.365760275286057
579,c,147.6961201571222,147.6961201571222
580,c,20.2972211381448,24.688259645506346
581,c,147.6961201571222,147.6961201571222
582,c,12.436133197123663,23.309386262777046
583,c,16.48729693077826,18.17414923113721
584,c,27.532606185444433,28.41791532658071
585,c,37.195699851459146,37.62266185560144
586,t,147.6961201571222,147.6961201571222
587,t,147.6961201571222,147.6961201571222
588,c,147.6961201571222,147.6961201571222
589,c,10.393457049890365,15.371029174879077
590,t,147.6961201571222,147.6961201571222
591,c,31.41154542672033,35.32206101186988
592,c,147.6961201571222,147.6961201571222
593,c,147.6961201571222,147.6961201571222
594,c,15.441948514698645,19.53082863301624
595,c,147.6961201571222,147.6961201571222
596,c,147.6961201571222,147.6961201571222
597,t,147.6961201571222,147.6961201571222
598,c,147.6961201571222,147.6961201571222
599,c,23.05348478456266,23.065412521437924
600,c,29.897696090764583,30.494379709550007
601,c,147.6961201571222,147.6961201571222
602,t,147.6961201571222,147.6961201571222
603,t,147.6961201571222,147.6961201571222
604,c,41.91451943434191,44.29356826417022
605,c,14.704132157964079,15.3069151749066
606,c,147.6961201571222,147.6961201571222
607,t,147.6961201571222,147.6961201571222
608,c,147.6961201571222,147.6961201571222
609,c,147.6961201571222,147.6961201571222
610,c,48.040562148892235,60.129622295559
611,c,147.6961201571222,147.6961201571222
612,c,17.27573583773025,25.43459271907753
613,c,147.6961201571222,147.6961201571222
614,c,34.09126264142694,39.957964736952405
615,t,147.6961201571222,147.6961201571222
616,c,147.6961201571222,147.6961201571222
617,c,147.6961201571222,147.6961201571222
618,c,147.6961201571222,147.6961201571222
619,t,147.6961201571222,147.6961201571222
620,c,147.6961201571222,147.6961201571222
621,c,147.6961201571222,147.6961201571222
622,c,147.6961201571222,147.6961201571222
623,c,28.591554935944277,29.48110465769589
624,c,14.609016855569756,14.64271018241516
625,c,8.766866447576081,9.025721290761373
626,c,25.96272946594133,26.639089682955177
627,c,11.495501167398443,16.723390933618894
628,c,147.6961201571222,147.6961201571222
629,c,31.369181330074007,147.6961201571222
630,c,147.6961201571222,147.6961201571222
631,t,147.6961201571222,147.6961201571222
632,c,147.6961201571222,147.6961201571222
633,c,147.6961201571222,147.6961201571222
634,c,147.6961201571222,147.6961201571222
635,c,147.6961201571222,147.6961201571222
636,t,147.6961201571222,147.6961201571222
637,c,147.6961201571222,147.6961201571222
638,c,20.672307078860914,21.63842453376739
639,c,147.6961201571222,147.6961201571222
640,t,147.6961201571222,147.6961201571222
641,t,147.6961201571222,147.6961201571222
642,c,147.6961201571222,147.6961201571222
643,c,147.6961201571222,147.6961201571222
644,c,16.215509546627782,18.734448560803852
645,c,147.6961201571222,147.6961201571222
646,t,147.6961201571222,147.6961201571222
647,c,21.720819225147576,147.6961201571222
648,c,21.478948174904236,30.364897848365963
649,t,147.6961201571222,147.6961201571222
650,c,2.991521230697071,6.278929733807442
651,c,147.6961201571222,147.6961201571222
652,t,147.6961201571222,147.6961201571222
653,c,21.226744563785058,30.79320620696782
654,c,147.6961201571222,147.6961201571222
655,t,147.6961201571222,147.6961201571222
656,t,147.6961201571222,147.6961201571222
657,c,36.05049698906811,41.45457069841723
658,c,147.6961201571222,147.6961201571222
659,c,32.35681590958871,32.476047962614395
660,c,5.975633607094656,16.715246074899312
661,na,-1,0
662,t,147.6961201571222,147.6961201571222
663,c,75.00705954440501,80.15965932284249
664,t,147.6961201571222,147.6961201571222
665,c,147.6961201571222,147.6961201571222
666,c,147.6961201571222,147.6961201571222
667,t,147.6961201571222,147.6961201571222
668,c,147.6961201571222,147.6961201571222
669,c,35.96508108647803,39.30604728319302
670,c,147.6961201571222,147.6961201571222
671,c,28.21926241743364,31.67030774892791
672,c,20.22867597629889,23.583909077948896
673,c,147.6961201571222,147.6961201571222
674,c,9.699718838870455,23.78196904896488
675,t,147.6961201571222,147.6961201571222
676,c,147.6961201571222,147.6961201571222
677,c,147.6961201571222,147.6961201571222
678,t,147.6961201571222,147.6961201571222
679,c,147.6961201571222,147.6961201571222
680,c,147.6961201571222,147.6961201571222
681,c,147.6961201571222,147.6961201571222
682,c,25.321536902316126,28.130861036329094
683,t,147.6961201571222,147.6961201571222
684,c,12.507827644336883,15.593782868878103
685,t,147.6961201571222,147.6961201571222
686,c,147.6961201571222,147.6961201571222
687,c,147.6961201571222,147.6961201571222
688,c,39.79699501573932,40.05113386560332
689,c,34.9004323954699,37.27963109803616
690,c,147.6961201571222,147.6961201571222
691,c,58.53424343011151,60.5663759758881
692,c,147.6961201571222,147.6961201571222
693,c,37.59044473098377,39.45951329250873
694,c,147.6961201571222,147.6961201571222
695,c,28.27823859878265,30.55423215561476
696,t,147.6961201571222,147.6961201571222
697,c,19.182963105529826,24.47377463058787
698,c,8.523533473684436,8.941508613352381
699,c,147.6961201571222,147.6961201571222
700,c,22.542578478597473,23.279230039209157
701,c,12.273446854840973,13.279166326181931
702,c,147.6961201571222,147.6961201571222
703,c,24.648021158341162,25.565984921753827
704,c,147.6961201571222,147.6961201571222
705,c,147.6961201571222,147.6961201571222
706,t,147.6961201571222,147.6961201571222
707,c,147.6961201571222,147.6961201571222
708,c,147.6961201571222,147.6961201571222
709,c,147.6961201571222,147.6961201571222
710,c,147.6961201571222,147.6961201571222
711,c,8.874046291965692,16.845708241167777
712,c,147.6961201571222,147.6961201571222
713,c,147.6961201571222,147.6961201571222
714,c,15.024587123946736,22.362040212392557
715,c,41.74036998664437,44.68952925440893
716,c,17.506623208414076,147.6961201571222
717,t,147.6961201571222,147.6961201571222
718,c,81.77855554162319,82.45434404115933
719,t,147.6961201571222,147.6961201571222
720,c,44.26920507004805,49.11236339947699
721,c,28.6430679292967,29.463937582647546
722,c,147.6961201571222,147.6961201571222
723,c,147.6961201571222,147.6961201571222
724,c,147.6961201571222,147.6961201571222
725,c,14.400997576161165,17.976342852989028
726,c,1.6768315559791327,3.15085326181029
727,t,147.6961201571222,147.6961201571222
728,c,147.6961201571222,147.6961201571222
729,c,147.6961201571222,147.6961201571222
730,c,147.6961201571222,147.6961201571222
731,c,40.84994200094121,49.029247099246874
732,c,25.74537460026302,27.182417265552278
733,c,26.097582006840746,26.952935517483837
734,c,147.6961201571222,147.6961201571222
735,c,147.6961201571222,147.6961201571222
736,c,49.716197363140424,54.84352283889965
737,t,147.6961201571222,147.6961201571222
738,c,30.87197165751731,36.58012764859882
739,t,147.6961201571222,147.6961201571222
740,c,147.6961201571222,147.6961201571222
741,c,147.6961201571222,147.6961201571222
742,c,15.202269433696507,18.083078554128306
743,c,43.78604999079516,147.6961201571222
744,t,147.6961201571222,147.6961201571222
745,c,147.6961201571222,147.6961201571222
746,c,147.6961201571222,147.6961201571222
747,c,147.6961201571222,147.6961201571222
748,c,147.6961201571222,147.6961201571222
749,t,147.6961201571222,147.6961201571222
750,t,147.6961201571222,147.6961201571222
751,c,47.87720720195701,57.91285558208325
752,c,147.6961201571222,147.6961201571222
753,t,147.6961201571222,147.6961201571222
754,c,147.6961201571222,147.6961201571222
755,c,147.6961201571222,147.6961201571222
756,c,36.47584473588505,45.41890561271157
757,c,147.6961201571222,147.6961201571222
758,c,147.6961201571222,147.6961201571222
759,c,147.6961201571222,147.6961201571222
760,na,8.28176604785918,15.555383371115182
761,c,37.167080579257615,43.58647021384258
762,c,36.50319224585681,67.68687692339856
763,c,147.6961201571222,147.6961201571222
764,t,147.6961201571222,147.6961201571222
765,c,147.6961201571222,147.6961201571222
766,na,0,3.4019788705707645
767,c,9.189456764428163,10.548370221768712
768,c,147.6961201571222,147.6961201571222
769,c,147.6961201571222,147.6961201571222
770,c,1.0481436186564832,6.8963559046906555
771,t,147.6961201571222,147.6961201571222
772,t,147.6961201571222,147.6961201571222
773,c,147.6961201571222,147.6961201571222
774,c,11.405388811540206,11.612800471850127
775,t,147.6961201571222,147.6961201571222
776,c,18.83396628073422,18.937263474807455
777,c,14.904164455878357,18.89081901055505
778,c,147.6961201571222,147.6961201571222
779,c,147.6961201571222,147.6961201571222
780,c,147.6961201571222,147.6961201571222
781,c,147.6961201571222,147.6961201571222
782,c,19.218257313187816,24.26715193769386
783,c,147.6961201571222,147.6961201571222
784,c,147.6961201571222,147.6961201571222
785,t,147.6961201571222,147.6961201571222
786,t,147.6961201571222,147.6961201571222
787,c,147.6961201571222,147.6961201571222
788,c,147.6961201571222,147.6961201571222
789,c,147.6961201571222,147.6961201571222
790,t,147.6961201571222,147.6961201571222
791,c,40.68011032267049,45.75707834103182
792,c,147.6961201571222,147.6961201571222
793,c,39.70748572147545,41.16693207752252
794,t,147.6961201571222,147.6961201571222
795,c,23.753116444870145,37.504708604351194
796,t,147.6961201571222,147.6961201571222
797,c,147.6961201571222,147.6961201571222
798,c,13.732407032312665,17.974291297906074
799,c,147.6961201571222,147.6961201571222
800,c,24.171979487130564,26.191777353378406
801,c,16.390909321894984,16.879446958628733
802,t,147.6961201571222,147.6961201571222
803,c,147.6961201571222,147.6961201571222
804,c,20.913451988873412,147.6961201571222
805,c,147.6961201571222,147.6961201571222
806,t,147.6961201571222,147.6961201571222
807,t,147.6961201571222,147.6961201571222
808,c,31.494497684853823,31.89431611493044
809,c,31.58006754362911,36.55659408326259
810,c,44.30166615323018,147.6961201571222
811,na,-1,0
812,t,147.6961201571222,147.6961201571222
813,c,147.6961201571222,147.6961201571222
814,c,24.59276170413108,25.297889548686097
815,c,38.4792085832118,38.874731484708946
816,t,147.6961201571222,147.6961201571222
817,c,147.6961201571222,147.6961201571222
818,c,147.6961201571222,147.6961201571222
819,t,147.6961201571222,147.6961201571222
820,c,27.749010918362174,28.165432171814366
821,c,13.96708758980431,16.696149485445275
822,c,17.887676731360536,20.546649358407482
823,c,147.6961201571222,147.6961201571222
824,c,18.645872597026546,19.01480528778185
825,c,32.49583074160249,42.643821531249074
826,c,147.6961201571222,147.6961201571222
827,c,9.458768999635438,12.44676023671931
828,c,15.962452939829078,22.88847221917216
829,c,147.6961201571222,147.6961201571222
830,c,16.990366232234713,21.95584950918626
831,c,147.6961201571222,147.6961201571222
832,c,147.6961201571222,147.6961201571222
833,c,32.32939737984468,32.79362564378186
834,c,147.6961201571222,147.6961201571222
835,c,147.6961201571222,147.6961201571222
836,c,11.955585747510554,17.550413868091873
837,c,32.79277358600022,33.07026058135335
838,c,22.989722661434886,26.205064030296512
839,c,24.149235064263507,25.380671084117786
840,c,147.6961201571222,147.6961201571222
841,c,147.6961201571222,147.6961201571222
842,c,147.6961201571222,147.6961201571222
843,c,24.03191366738596,42.75162478875051
844,c,147.6961201571222,147.6961201571222
845,c,14.215065202191598,24.10395832961909
846,na,0,1.8252764865466666
847,t,147.6961201571222,147.6961201571222
848,t,147.6961201571222,147.6961201571222
849,c,147.6961201571222,147.6961201571222
850,t,147.6961201571222,147.6961201571222
851,c,41.50719394246414,44.347036185470564
852,c,147.6961201571222,147.6961201571222
853,c,147.6961201571222,147.6961201571222
854,c,147.6961201571222,147.6961201571222
855,c,53.61632743707889,57.583125025617804
856,c,22.126438108290774,26.60426193151233
857,c,147.6961201571222,147.6961201571222
858,c,24.6300361793976,27.013332726928823
859,c,34.5045821231899,35.284789552593736
860,c,10.223811873159185,10.32848453607286
861,c,147.6961201571222,147.6961201571222
862,c,147.6961201571222,147.6961201571222
863,c,21.56013826627272,31.82029886643397
864,t,147.6961201571222,147.6961201571222
865,c,147.6961201571222,147.6961201571222
866,c,32.219901376039644,43.11948450998685
867,c,32.961358147821834,41.61120443193992
868,c,147.6961201571222,147.6961201571222
869,t,147.6961201571222,147.6961201571222
870,c,147.6961201571222,147.6961201571222
871,c,147.6961201571222,147.6961201571222
872,c,33.477142564633716,34.81336115744184
873,t,147.6961201571222,147.6961201571222
874,c,147.6961201571222,147.6961201571222
875,c,18.892506347761355,147.6961201571222
876,c,55.293840439623715,55.77638946303073
877,c,147.6961201571222,147.6961201571222
878,c,147.6961201571222,147.6961201571222
879,c,20.408955913311974,26.073941159314764
880,c,51.306630725617985,62.66937165655492
881,c,20.688212495266367,24.29254130857356
882,c,147.6961201571222,147.6961201571222
883,c,147.6961201571222,147.6961201571222
884,c,4.019448011531188,8.649629106294427
885,c,34.95142317612297,38.601776189570074
886,c,35.953802093487745,36.48262704483865
887,c,18.466110571513212,19.058054641267308
888,c,147.6961201571222,147.6961201571222
889,c,147.6961201571222,147.6961201571222
890,t,147.6961201571222,147.6961201571222
891,t,147.6961201571222,147.6961201571222
892,c,54.56848059942559,56.89503229989803
893,c,56.7714590052648,58.61299196649178
894,c,14.090649538934919,27.70060776129949
895,na,-1,0
896,c,147.6961201571222,147.6961201571222
897,c,18.942808283368034,21.450055171234958
898,c,147.6961201571222,147.6961201571222
899,c,37.26162077602418,37.787465252096275
900,c,147.6961201571222,147.6961201571222
901,t,147.6961201571222,147.6961201571222
902,c,147.6961201571222,147.6961201571222
903,t,147.6961201571222,147.6961201571222
904,na,14.029459380859388,22.9758951141772
905,c,147.6961201571222,147.6961201571222
906,c,24.40614198476305,147.6961201571222
907,t,147.6961201571222,147.6961201571222
908,t,147.6961201571222,147.6961201571222
909,c,147.6961201571222,147.6961201571222
910,c,41.63479271534734,42.118860419225534
911,t,147.6961201571222,147.6961201571222
912,c,147.6961201571222,147.6961201571222
913,c,147.6961201571222,147.6961201571222
914,c,147.6961201571222,147.6961201571222
915,t,147.6961201571222,147.6961201571222
916,c,147.6961201571222,147.6961201571222
917,c,42.89599670353068,53.71313428423754
918,c,17.524242808414257,21.712801436814516
919,c,147.6961201571222,147.6961201571222
920,c,7.382415813153992,10.162011202932499
921,c,45.264733593192176,53.68272307759329
922,c,36.66582848677265,41.49206704297017
923,c,147.6961201571222,147.6961201571222
924,t,147.6961201571222,147.6961201571222
925,c,12.332968259086655,23.383222408367722
926,c,16.720435799896265,17.024531536835507
927,c,28.202963402947432,31.327759652070128
928,c,147.6961201571222,147.6961201571222
929,c,48.487613252555505,51.74599655399453
930,t,147.6961201571222,147.6961201571222
931,c,18.17602024516489,18.84027133886234
932,c,147.6961201571222,147.6961201571222
933,c,147.6961201571222,147.6961201571222
934,c,22.649703292968713,25.96506851815673
935,t,147.6961201571222,147.6961201571222
936,c,147.6961201571222,147.6961201571222
937,c,147.6961201571222,147.6961201571222
938,c,147.6961201571222,147.6961201571222
939,c,30.473607508949915,38.351052423960994
940,c,147.6961201571222,147.6961201571222
941,c,30.26618914848234,30.741364048301214
942,c,147.6961201571222,147.6961201571222
943,c,147.6961201571222,147.6961201571222
944,t,147.6961201571222,147.6961201571222
945,t,147.6961201571222,147.6961201571222
946,c,147.6961201571222,147.6961201571222
947,t,147.6961201571222,147.6961201571222
948,na,6.248727388283765,147.6961201571222
949,c,31.410377555937153,147.6961201571222
950,c,26.177917041364474,26.252487053286497
951,c,147.6961201571222,147.6961201571222
952,c,147.6961201571222,147.6961201571222
953,t,147.6961201571222,147.6961201571222
954,t,147.6961201571222,147.6961201571222
955,c,11.565637241054883,16.610633717443992
956,c,33.11526161728607,42.60333693306824
957,c,147.6961201571222,147.6961201571222
958,t,147.6961201571222,147.6961201571222
959,c,147.6961201571222,147.6961201571222
960,c,147.6961201571222,147.6961201571222
961,t,147.6961201571222,147.6961201571222
962,t,147.6961201571222,147.6961201571222
963,c,147.6961201571222,147.6961201571222
964,t,147.6961201571222,147.6961201571222
965,c,28.576782742493492,30.276742540377327
966,c,147.6961201571222,147.6961201571222
967,c,147.6961201571222,147.6961201571222
968,c,147.6961201571222,147.6961201571222
969,c,147.6961201571222,147.6961201571222
970,c,35.82135185554387,43.21709047869606
971,c,147.6961201571222,147.6961201571222
972,c,20.97069477800814,23.608461654670375
973,t,147.6961201571222,147.6961201571222
974,t,147.6961201571222,147.6961201571222
975,c,147.6961201571222,147.6961201571222
976,c,51.98487779968552,57.58390080357865
977,c,10.893226429533113,15.782064447114866
978,c,17.641152687541485,32.747374440055445
979,c,147.6961201571222,147.6961201571222
980,c,147.6961201571222,147.6961201571222
981,na,-1,0
982,c,147.6961201571222,147.6961201571222
983,t,147.6961201571222,147.6961201571222
984,c,18.788679126527175,147.6961201571222
985,c,6.2759250032373854,11.87267579349029
986,t,147.6961201571222,147.6961201571222
987,c,147.6961201571222,147.6961201571222
988,t,147.6961201571222,147.6961201571222
989,c,17.69442748832803,22.07861847606421
990,na,3.137135677532063,3.978338917055146
991,c,30.292120657110292,31.225843924337905
992,t,147.6961201571222,147.6961201571222
993,c,147.6961201571222,147.6961201571222
994,c,33.32022605872834,34.69287319897482
995,c,147.6961201571222,147.6961201571222
996,c,147.6961201571222,147.6961201571222
997,c,147.6961201571222,147.6961201571222
998,t,147.6961201571222,147.6961201571222
999,t,147.6961201571222,147.6961201571222
1000,c,147.6961201571222,147.6961201571222
1001,c,34.19906832582314,39.805990226962955
1002,c,29.899347644165992,31.823830892612744
1003,c,28.227187272560393,36.7197994345697
1004,c,147.6961201571222,147.6961201571222
1005,t,147.6961201571222,147.6961201571222
1006,c,147.6961201571222,147.6961201571222
1007,c,147.6961201571222,147.6961201571222
1008,c,69.65671700148562,75.34021071039274
1009,c,35.63120963979066,35.934078791554846
1010,t,147.6961201571222,147.6961201571222
1011,t,147.6961201571222,147.6961201571222
1012,c,147.6961201571222,147.6961201571222
1013,t,147.6961201571222,147.6961201571222
1014,c,147.6961201571222,147.6961201571222
1015,c,147.6961201571222,147.6961201571222
1016,c,7.0666688121732255,13.63953650217911
1017,c,147.6961201571222,147.6961201571222
1018,c,147.6961201571222,147.6961201571222
1019,c,147.6961201571222,147.6961201571222
1020,c,11.0384580955283,15.2188529888836
1021,c,24.386114919060958,35.14721647336745
1022,c,12.803247179609977,16.826912801284067
1023,c,147.6961201571222,147.6961201571222
1024,c,26.54555000299699,28.072722889891182
1025,t,147.6961201571222,147.6961201571222
1026,c,147.6961201571222,147.6961201571222
1027,c,24.20076711464164,26.82150717978347
1028,t,147.6961201571222,147.6961201571222
1029,c,147.6961201571222,147.6961201571222
1030,t,147.6961201571222,147.6961201571222
1031,c,147.6961201571222,147.6961201571222
1032,t,147.6961201571222,147.6961201571222
1033,c,147.6961201571222,147.6961201571222
1034,c,147.6961201571222,147.6961201571222
1035,c,27.818901406828378,32.53074557234925
1036,c,147.6961201571222,147.6961201571222
1037,c,33.37480908137273,37.82657636119408
1038,c,38.49895906498874,40.123088565502314
1039,t,147.6961201571222,147.6961201571222
1040,t,147.6961201571222,147.6961201571222
1041,c,147.6961201571222,147.6961201571222
1042,c,147.6961201571222,147.6961201571222
1043,c,23.74881505643646,26.891336601198958
1044,t,147.6961201571222,147.6961201571222
1045,c,44.533217581717004,55.98787396262034
1046,c,147.6961201571222,147.6961201571222
1047,c,5.454200101558748,8.987013490503085
1048,t,147.6961201571222,147.6961201571222
1049,t,147.6961201571222,147.6961201571222
1050,c,147.6961201571222,147.6961201571222
1051,c,147.6961201571222,147.6961201571222
1052,c,19.746217372337576,21.63980801512311
1053,c,25.954731600281843,26.903633005186272
1054,c,147.6961201571222,147.6961201571222
1055,c,22.42050439259468,147.6961201571222
1056,c,147.6961201571222,147.6961201571222
1057,t,147.6961201571222,147.6961201571222
1058,c,10.12942957618581,12.01746644914038
1059,c,20.57590858410289,24.600640338531804
1060,c,147.6961201571222,147.6961201571222
1061,c,12.736503168113503,14.306507495680012
1062,c,52.860774677289,55.60885439335674
1063,c,147.6961201571222,147.6961201571222
1064,c,147.6961201571222,147.6961201571222
1065,t,147.6961201571222,147.6961201571222
1066,c,147.6961201571222,147.6961201571222
1067,c,147.6961201571222,147.6961201571222
1068,t,147.6961201571222,147.6961201571222
1069,c,147.6961201571222,147.6961201571222
1070,c,46.28484417300569,53.22365258671182
1071,c,147.6961201571222,147.6961201571222
1072,t,147.6961201571222,147.6961201571222
1073,t,147.6961201571222,147.6961201571222
1074,na,0,0.9676387984512455
1075,c,147.6961201571222,147.6961201571222
1076,c,104.36974000417949,104.76478775719636
1077,c,41.04949312734095,147.6961201571222
1078,t,147.6961201571222,147.6961201571222
1079,c,147.6961201571222,147.6961201571222
1080,c,147.6961201571222,147.6961201571222
1081,c,147.6961201571222,147.6961201571222
1082,c,147.6961201571222,147.6961201571222
1083,t,147.6961201571222,147.6961201571222
1084,c,147.6961201571222,147.6961201571222
1085,t,147.6961201571222,147.6961201571222
1086,c,147.6961201571222,147.6961201571222
1087,c,14.733651747717229,18.540618749044484
1088,c,32.837385420543164,33.862428660443584
1089,c,81.05735322012121,81.37134460540057
1090,c,31.213574897238786,147.6961201571222
1091,c,147.6961201571222,147.6961201571222
1092,c,28.440982613716148,34.13354862958577
1093,c,147.6961201571222,147.6961201571222
1094,c,147.6961201571222,147.6961201571222
1095,c,147.6961201571222,147.6961201571222
1096,c,39.735930282688265,48.44680489103995
1097,c,28.52108294948756,32.95575883872545
1098,c,147.6961201571222,147.6961201571222
1099,c,147.6961201571222,147.6961201571222
1100,t,147.6961201571222,147.6961201571222
1101,c,147.6961201571222,147.6961201571222
1102,t,147.6961201571222,147.6961201571222
1103,c,47.49960387492984,147.6961201571222
1104,c,38.43242119268315,38.82498390758428
1105,c,48.127318312711076,147.6961201571222
1106,c,147.6961201571222,147.6961201571222
1107,c,147.6961201571222,147.6961201571222
1108,c,52.175217684070525,54.652597641866414
1109,c,147.6961201571222,147.6961201571222
1110,c,47.562122036285885,52.89450217239658
1111,c,147.6961201571222,147.6961201571222
1112,c,28.91611070539256,31.289265345504557
1113,c,147.6961201571222,147.6961201571222
1114,c,147.6961201571222,147.6961201571222
1115,t,147.6961201571222,147.6961201571222
1116,c,36.95504646647805,38.047968366227124
1117,c,10.7660459700549,18.71166994778867
1118,c,147.6961201571222,147.6961201571222
1119,c,147.6961201571222,147.6961201571222
1120,c,2.9879363154887275,3.0811009669820133
1121,c,147.6961201571222,147.6961201571222
1122,c,6.899863717879309,9.200447730042981
1123,c,147.6961201571222,147.6961201571222
1124,t,147.6961201571222,147.6961201571222
1125,c,19.640548051333404,20.05407016344542
1126,c,147.6961201571222,147.6961201571222
1127,c,147.6961201571222,147.6961201571222
1128,c,24.439381141996122,29.54579844415198
1129,t,147.6961201571222,147.6961201571222
1130,t,147.6961201571222,147.6961201571222
1131,c,147.6961201571222,147.6961201571222
1132,c,147.6961201571222,147.6961201571222
1133,c,147.6961201571222,147.6961201571222
1134,t,147.6961201571222,147.6961201571222
1135,t,147.6961201571222,147.6961201571222
1136,c,24.089811280260545,25.257036281722854
1137,c,147.6961201571222,147.6961201571222
1138,t,147.6961201571222,147.6961201571222
1139,c,31.09063874003438,40.691382289199524
1140,t,147.6961201571222,147.6961201571222
1141,c,147.6961201571222,147.6961201571222
1142,c,41.461056186250545,42.41220598707389
1143,c,147.6961201571222,147.6961201571222
1144,t,147.6961201571222,147.6961201571222
1145,c,147.6961201571222,147.6961201571222
1146,c,29.980225774307886,37.77450371507657
1147,na,0,2.717249407362995
1148,t,147.6961201571222,147.6961201571222
1149,c,147.6961201571222,147.6961201571222
1150,t,147.6961201571222,147.6961201571222
1151,c,147.6961201571222,147.6961201571222
1152,t,147.6961201571222,147.6961201571222
1153,c,38.08427258479266,45.763694440811456
1154,c,12.222816857809876,13.586376557067759
1155,c,147.6961201571222,147.6961201571222
1156,c,14.53503665158442,16.124946801652463
1157,c,147.6961201571222,147.6961201571222
1158,c,147.6961201571222,147.6961201571222
1159,c,147.6961201571222,147.6961201571222
1160,c,37.743252605947255,40.02746996184473
1161,c,147.6961201571222,147.6961201571222
1162,c,147.6961201571222,147.6961201571222
1163,t,147.6961201571222,147.6961201571222
1164,c,147.6961201571222,147.6961201571222
1165,c,147.6961201571222,147.6961201571222
1166,t,147.6961201571222,147.6961201571222
1167,c,34.83468702909221,40.60354203448312
1168,c,147.6961201571222,147.6961201571222
1169,c,147.6961201571222,147.6961201571222
1170,c,147.6961201571222,147.6961201571222
1171,c,31.248955690173954,45.286254511168195
1172,c,14.303621292140441,147.6961201571222
1173,c,28.93754016848586,32.46477883591061
1174,c,147.6961201571222,147.6961201571222
1175,c,57.23982207949367,62.84261375534618
1176,c,8.904648265608277,24.398545272378772
1177,c,14.047970273849026,15.337805182143944
1178,c,147.6961201571222,147.6961201571222
1179,c,19.90504223152569,147.6961201571222
1180,c,68.8293285090223,70.08778926848694
1181,t,147.6961201571222,147.6961201571222
1182,t,147.6961201571222,147.6961201571222
1183,t,147.6961201571222,147.6961201571222
1184,t,147.6961201571222,147.6961201571222
1185,c,147.6961201571222,147.6961201571222
1186,c,22.890218369142616,26.434162795338185
1187,c,147.6961201571222,147.6961201571222
1188,c,147.6961201571222,147.6961201571222
1189,c,147.6961201571222,147.6961201571222
1190,c,147.6961201571222,147.6961201571222
1191,c,147.6961201571222,147.6961201571222
1192,c,147.6961201571222,147.6961201571222
1193,c,147.6961201571222,147.6961201571222
1194,c,147.6961201571222,147.6961201571222
1195,c,22.48798916704336,24.60569133097948
1196,c,147.6961201571222,147.6961201571222
1197,c,22.877274117308314,34.06670209341548
1198,c,147.6961201571222,147.6961201571222
1199,c,13.938514346536259,17.014309894681375
1200,c,12.769461857400334,14.133151950965352
1201,c,147.6961201571222,147.6961201571222
1202,c,147.6961201571222,147.6961201571222
1203,c,147.6961201571222,147.6961201571222
1204,c,147.6961201571222,147.6961201571222
1205,c,21.88792501359907,23.650482587365907
1206,t,147.6961201571222,147.6961201571222
1207,c,147.6961201571222,147.6961201571222
1208,c,147.6961201571222,147.6961201571222
1209,c,39.87905903309789,43.9658534280201
1210,c,63.00087714518152,77.04491419171538
1211,c,19.46235685410774,31.10113692456702
1212,c,147.6961201571222,147.6961201571222
1213,c,147.6961201571222,147.6961201571222
1214,c,147.6961201571222,147.6961201571222
1215,c,147.6961201571222,147.6961201571222
1216,c,21.902073398696636,32.904672988267926
1217,na,0,7.485423535223081
1218,t,147.6961201571222,147.6961201571222
1219,na,4.893990239565022,16.693638410745507
1220,t,147.6961201571222,147.6961201571222
1221,c,19.096246936907942,22.09402403750365
1222,t,147.6961201571222,147.6961201571222
1223,c,147.6961201571222,147.6961201571222
1224,c,13.955702438356425,15.211055966896351
1225,c,17.65938952129577,29.36781829491049
1226,c,147.6961201571222,147.6961201571222
1227,t,147.6961201571222,147.6961201571222
1228,c,147.6961201571222,147.6961201571222
1229,c,147.6961201571222,147.6961201571222
1230,c,18.987377970317407,25.687523104692495
1231,c,38.26355248450384,38.292445624528135
1232,c,10.890550419070033,12.699712523715442
1233,c,7.0108197660556035,15.729660337509753
1234,c,147.6961201571222,147.6961201571222
1235,c,32.35349420207711,34.72538203002738
1236,c,56.77493947523543,61.622729631214334
1237,c,19.75851779403871,30.220309727246278
1238,c,147.6961201571222,147.6961201571222
1239,c,37.629661976178184,39.65593405965264
1240,c,22.461716970654212,22.74359647053245
1241,c,147.6961201571222,147.6961201571222
1242,c,147.6961201571222,147.6961201571222
1243,c,147.6961201571222,147.6961201571222
1244,c,147.6961201571222,147.6961201571222
1245,c,41.83078114987309,42.13054134555682
1246,c,18.12147150506683,21.509306784646807
1247,c,26.51521783307086,27.7842987014701
1248,c,2.502029950266436,7.826017562704334
1249,c,147.6961201571222,147.6961201571222
1250,c,147.6961201571222,147.6961201571222
1251,t,147.6961201571222,147.6961201571222
1252,c,147.6961201571222,147.6961201571222
1253,c,45.10075674433128,45.97614526059433
1254,c,147.6961201571222,147.6961201571222
1255,c,147.6961201571222,147.6961201571222
1256,c,13.948594542234167,147.6961201571222
1257,c,147.6961201571222,147.6961201571222
1258,c,147.6961201571222,147.6961201571222
1259,c,147.6961201571222,147.6961201571222
1260,c,35.78177459505019,36.856743026042935
1261,c,48.45399522815617,49.53615169112041
1262,c,147.6961201571222,147.6961201571222
1263,c,31.83101978323106,42.468363334106094
1264,t,147.6961201571222,147.6961201571222
1265,c,147.6961201571222,147.6961201571222
1266,c,24.07331389860442,24.228172161741536
1267,na,0,5.372784782429371
1268,c,147.6961201571222,147.6961201571222
1269,t,147.6961201571222,147.6961201571222
1270,t,147.6961201571222,147.6961201571222
1271,t,147.6961201571222,147.6961201571222
1272,c,147.6961201571222,147.6961201571222
1273,c,147.6961201571222,147.6961201571222
1274,c,44.763743595263264,45.93584164887597
1275,c,147.6961201571222,147.6961201571222
1276,c,147.6961201571222,147.6961201571222
1277,na,-1,0
1278,c,147.6961201571222,147.6961201571222
1279,t,147.6961201571222,147.6961201571222
1280,t,147.6961201571222,147.6961201571222
1281,c,147.6961201571222,147.6961201571222
1282,c,147.6961201571222,147.6961201571222
1283,c,147.6961201571222,147.6961201571222
1284,c,20.396135312892895,26.560064774925596
1285,c,19.304526167319874,36.63721028759467
1286,c,147.6961201571222,147.6961201571222
1287,c,147.6961201571222,147.6961201571222
1288,t,147.6961201571222,147.6961201571222
1289,c,61.73234451440626,61.951990050390165
1290,c,46.59673943963359,55.158129269662915
1291,c,147.6961201571222,147.6961201571222
1292,c,147.6961201571222,147.6961201571222
1293,na,-1,0
1294,c,35.30499064588599,36.683561095051836
1295,c,22.966597139735665,23.92922512482625
1296,t,147.6961201571222,147.6961201571222
1297,c,48.89379939398483,49.229978588048596
1298,c,147.6961201571222,147.6961201571222
1299,c,147.6961201571222,147.6961201571222
1300,c,147.6961201571222,147.6961201571222
1301,c,147.6961201571222,147.6961201571222
1302,c,147.6961201571222,147.6961201571222
1303,c,10.411413229360912,16.525806784370673
1304,na,0.176651786499182,9.052534403194457
1305,c,39.18333027808911,47.07999527470349
1306,t,147.6961201571222,147.6961201571222
1307,c,95.25666944238391,96.04607203892418
1308,t,147.6961201571222,147.6961201571222
1309,c,147.6961201571222,147.6961201571222
1310,c,147.6961201571222,147.6961201571222
1311,c,4.235247426257522,5.213080100458183
1312,t,147.6961201571222,147.6961201571222
1313,t,147.6961201571222,147.6961201571222
1314,c,31.206174659065304,31.828301021068583
1315,c,147.6961201571222,147.6961201571222
1316,c,147.6961201571222,147.6961201571222
1317,c,26.8770013973417,27.920647305267224
1318,c,147.6961201571222,147.6961201571222
1319,c,147.6961201571222,147.6961201571222
1320,c,35.81316599219227,42.129380785869856
1321,t,147.6961201571222,147.6961201571222
1322,c,30.18126806853581,30.706691168520464
1323,c,147.6961201571222,147.6961201571222
1324,c,45.656943920067064,53.75900032221158
1325,na,1.9651079767330806,8.411009680667368
1326,t,147.6961201571222,147.6961201571222
1327,c,147.6961201571222,147.6961201571222
1328,c,16.17886089875559,22.628635513566426
1329,c,147.6961201571222,147.6961201571222
1330,c,147.6961201571222,147.6961201571222
1331,c,147.6961201571222,147.6961201571222
1332,c,147.6961201571222,147.6961201571222
1333,c,147.6961201571222,147.6961201571222
1334,c,22.912651508069366,25.32901497198984
1335,t,147.6961201571222,147.6961201571222
1336,c,147.6961201571222,147.6961201571222
1337,c,34.161571109331526,40.46114171351592
1338,c,32.27153147467895,33.420795364012314
1339,t,147.6961201571222,147.6961201571222
1340,c,147.6961201571222,147.6961201571222
1341,t,147.6961201571222,147.6961201571222
1342,c,33.9545632214194,46.861760856840505
1343,c,52.17480853365277,62.42648677610557
1344,c,7.397717391338433,10.408209234840083
1345,c,147.6961201571222,147.6961201571222
1346,c,40.595970958944704,48.67786690024393
1347,t,147.6961201571222,147.6961201571222
1348,c,147.6961201571222,147.6961201571222
1349,c,47.77403599192082,50.562406401767454
1350,c,147.6961201571222,147.6961201571222
1351,t,147.6961201571222,147.6961201571222
1352,c,13.908713591694335,29.13824279398924
1353,t,147.6961201571222,147.6961201571222
1354,c,147.6961201571222,147.6961201571222
1355,c,147.6961201571222,147.6961201571222
1356,c,147.6961201571222,147.6961201571222
1357,c,147.6961201571222,147.6961201571222
1358,c,25.388575937446248,33.39618087279624
1359,c,147.6961201571222,147.6961201571222
1360,c,25.41995959549586,46.77211829155043
1361,c,147.6961201571222,147.6961201571222
1362,c,147.6961201571222,147.6961201571222
1363,c,147.6961201571222,147.6961201571222
1364,c,147.6961201571222,147.6961201571222
1365,c,147.6961201571222,147.6961201571222
1366,c,147.6961201571222,147.6961201571222
1367,c,147.6961201571222,147.6961201571222
1368,t,147.6961201571222,147.6961201571222
1369,t,147.6961201571222,147.6961201571222
1370,c,147.6961201571222,147.6961201571222
1371,c,147.6961201571222,147.6961201571222
1372,c,147.6961201571222,147.6961201571222
1373,c,117.09171119476893,117.89677212697056
1374,c,18.429005966469283,19.299258322969635
1375,c,25.54336064487483,28.661206324355636
1376,c,147.6961201571222,147.6961201571222
1377,c,16.960819003579417,147.6961201571222
1378,t,147.6961201571222,147.6961201571222
1379,t,147.6961201571222,147.6961201571222
1380,t,147.6961201571222,147.6961201571222
1381,t,147.6961201571222,147.6961201571222
1382,t,147.6961201571222,147.6961201571222
1383,c,147.6961201571222,147.6961201571222
1384,c,147.6961201571222,147.6961201571222
1385,c,90.97724455743092,91.1399594556626
1386,c,147.6961201571222,147.6961201571222
1387,c,147.6961201571222,147.6961201571222
1388,c,147.6961201571222,147.6961201571222
1389,t,147.6961201571222,147.6961201571222
1390,t,147.6961201571222,147.6961201571222
1391,c,147.6961201571222,147.6961201571222
1392,c,24.33034118717992,26.537638513732155
1393,t,147.6961201571222,147.6961201571222
1394,c,147.6961201571222,147.6961201571222
1395,t,147.6961201571222,147.6961201571222
1396,t,147.6961201571222,147.6961201571222
1397,t,147.6961201571222,147.6961201571222
1398,t,147.6961201571222,147.6961201571222
1399,c,11.878587569098139,17.578201763877015
1400,c,80.78885374312472,81.3571335072301
1401,c,147.6961201571222,147.6961201571222
1402,c,147.6961201571222,147.6961201571222
1403,t,147.6961201571222,147.6961201571222
1404,c,147.6961201571222,147.6961201571222
1405,c,12.178466664265436,32.88316882194828
1406,c,26.00890832459889,27.306976849234434
1407,c,147.6961201571222,147.6961201571222
1408,c,147.6961201571222,147.6961201571222
1409,c,147.6961201571222,147.6961201571222
1410,t,147.6961201571222,147.6961201571222
1411,c,147.6961201571222,147.6961201571222
1412,c,44.529938586189594,44.656485746854955
1413,c,147.6961201571222,147.6961201571222
1414,t,147.6961201571222,147.6961201571222
1415,c,28.15041633677511,29.22828599916195
1416,c,31.97860392466246,34.56535813456351
1417,c,147.6961201571222,147.6961201571222
1418,c,9.454753665547154,14.983910521139173
1419,c,147.6961201571222,147.6961201571222
1420,c,18.1800368710933,20.932564753661776
1421,t,147.6961201571222,147.6961201571222
1422,c,15.155203232886237,20.555441280622972
1423,c,15.563050780993047,19.889188403751096
1424,c,20.041169324302157,28.466903509626732
1425,t,147.6961201571222,147.6961201571222
1426,t,147.6961201571222,147.6961201571222
1427,t,147.6961201571222,147.6961201571222
1428,t,147.6961201571222,147.6961201571222
1429,c,147.6961201571222,147.6961201571222
1430,t,147.6961201571222,147.6961201571222
1431,c,147.6961201571222,147.6961201571222
1432,c,147.6961201571222,147.6961201571222
1433,c,147.6961201571222,147.6961201571222
1434,c,27.19989168807194,41.72606940055361
1435,c,147.6961201571222,147.6961201571222
1436,c,147.6961201571222,147.6961201571222
1437,c,147.6961201571222,147.6961201571222
1438,c,147.6961201571222,147.6961201571222
1439,t,147.6961201571222,147.6961201571222
1440,c,147.6961201571222,147.6961201571222
1441,na,11.02011332286411,12.43893228582777
1442,c,15.96208247263374,16.135734812999726
1443,c,43.314784495378305,44.270559067224326
1444,t,147.6961201571222,147.6961201571222
1445,t,147.6961201571222,147.6961201571222
1446,c,9.859424197897305,14.765384725719274
1447,c,12.96399195522227,13.509130886428023
1448,c,25.152998463938626,29.990943101866456
1449,t,147.6961201571222,147.6961201571222
1450,c,17.590241302727797,22.437240082227316
1451,c,147.6961201571222,147.6961201571222
1452,c,20.645985851651403,34.357198644161755
1453,c,147.6961201571222,147.6961201571222
1454,c,28.53689177791604,33.74754457976681
1455,c,147.6961201571222,147.6961201571222
1456,c,147.6961201571222,147.6961201571222
1457,c,14.81446561071473,19.841449354584437
1458,c,27.336993268525084,37.96233689015482
1459,c,147.6961201571222,147.6961201571222
1460,t,147.6961201571222,147.6961201571222
1461,c,15.805177786971253,18.554866616903745
1462,c,24.91900568862015,25.232128625306174
1463,c,147.6961201571222,147.6961201571222
1464,c,44.12466687916327,51.85929976093548
1465,t,147.6961201571222,147.6961201571222
1466,c,147.6961201571222,147.6961201571222
1467,c,23.355104279776818,24.921820667950783
1468,c,5.295884353269765,8.282721836304258
1469,c,25.48447625444083,27.693377684807803
1470,c,15.617105808654937,24.711213519660497
1471,c,10.080689521826306,13.937168229520324
1472,c,147.6961201571222,147.6961201571222
1473,t,147.6961201571222,147.6961201571222
1474,c,147.6961201571222,147.6961201571222
1475,c,147.6961201571222,147.6961201571222
1476,c,29.46625420703459,147.6961201571222
1477,c,147.6961201571222,147.6961201571222
1478,t,147.6961201571222,147.6961201571222
1479,t,147.6961201571222,147.6961201571222
1480,t,147.6961201571222,147.6961201571222
1481,c,147.6961201571222,147.6961201571222
1482,c,23.078413961894743,23.637366952159255
1483,c,24.467358564286055,31.6593161898942
1484,c,147.6961201571222,147.6961201571222
1485,c,68.46813338521318,71.0893116516932
1486,t,147.6961201571222,147.6961201571222
1487,na,-1,0
1488,c,147.6961201571222,147.6961201571222
1489,c,34.806750336987996,35.7652716708746
1490,c,147.6961201571222,147.6961201571222
1491,c,147.6961201571222,147.6961201571222
1492,c,18.255777450691923,19.485450756466886
1493,c,147.6961201571222,147.6961201571222
1494,c,21.715687275485674,21.777017986146987
1495,c,147.6961201571222,147.6961201571222
1496,c,147.6961201571222,147.6961201571222
1497,c,26.555283535598956,35.10350405362979
1498,c,147.6961201571222,147.6961201571222
1499,c,70.38472110023741,70.42832931391867
1500,t,147.6961201571222,147.6961201571222
1501,na,4.908614407382339,8.582241974000128
1502,c,22.590747546662897,27.415235496137385
1503,c,13.341056399470121,32.256247101192
1504,t,147.6961201571222,147.6961201571222
1505,c,23.93095077915966,30.842761997820308
1506,c,9.552107537316596,12.098487382628363
1507,t,147.6961201571222,147.6961201571222
1508,c,147.6961201571222,147.6961201571222
1509,t,147.6961201571222,147.6961201571222
1510,c,26.73330345276243,33.15774606017533
1511,t,147.6961201571222,147.6961201571222
1512,c,27.040135434945775,35.71545649882805
1513,c,147.6961201571222,147.6961201571222
1514,c,16.48200020091518,17.81940999896247
1515,c,9.642574271095116,15.236321186301906
1516,c,147.6961201571222,147.6961201571222
1517,c,12.169736539508095,19.214195969701343
1518,c,32.78644202606231,41.207436503689074
1519,c,147.6961201571222,147.6961201571222
1520,c,147.6961201571222,147.6961201571222
1521,c,147.6961201571222,147.6961201571222
1522,c,16.912744881502547,147.6961201571222
1523,c,12.127545924020284,38.11990455570177
1524,c,147.6961201571222,147.6961201571222
1525,c,147.6961201571222,147.6961201571222
1526,c,30.855623000532805,47.15929086475489
1527,c,147.6961201571222,147.6961201571222
1528,c,25.17576007816316,25.58494026387844
1529,c,44.81617445710727,147.6961201571222
1530,c,28.172520050899305,28.534446391029164
1531,c,11.75012456897485,147.6961201571222
1532,c,45.456516708890874,47.71883246474155
1533,c,24.840235345780783,25.772124212374717
1534,c,147.6961201571222,147.6961201571222
1535,c,147.6961201571222,147.6961201571222
1536,c,147.6961201571222,147.6961201571222
1537,c,147.6961201571222,147.6961201571222
1538,c,147.6961201571222,147.6961201571222
1539,t,147.6961201571222,147.6961201571222
1540,c,147.6961201571222,147.6961201571222
1541,c,31.076350847598487,31.797928370298056
1542,c,147.6961201571222,147.6961201571222
1543,c,12.860996313478644,17.935804292548873
1544,c,147.6961201571222,147.6961201571222
1545,c,95.2791553280784,97.12185345705116
1546,c,18.92055037640881,147.6961201571222
1547,t,147.6961201571222,147.6961201571222
1548,t,147.6961201571222,147.6961201571222
1549,c,147.6961201571222,147.6961201571222
1550,c,25.57703051683566,147.6961201571222
1551,c,147.6961201571222,147.6961201571222
1552,c,38.34828692747524,56.39591727400489
1553,c,147.6961201571222,147.6961201571222
1554,c,147.6961201571222,147.6961201571222
1555,c,56.19827986310538,57.906138809037735
1556,c,3.571999441284398,10.148689982413424
1557,c,147.6961201571222,147.6961201571222
1558,c,147.6961201571222,147.6961201571222
1559,c,42.4758595705601,44.74532090105199
1560,t,147.6961201571222,147.6961201571222
1561,c,13.513422408716997,19.988522791209526
1562,t,147.6961201571222,147.6961201571222
1563,c,28.438170822726352,30.2703989532665
1564,c,147.6961201571222,147.6961201571222
1565,c,147.6961201571222,147.6961201571222
1566,c,147.6961201571222,147.6961201571222
1567,t,147.6961201571222,147.6961201571222
1568,c,147.6961201571222,147.6961201571222
1569,c,147.6961201571222,147.6961201571222
1570,c,10.849981735337375,18.1874661115836
1571,c,147.6961201571222,147.6961201571222
1572,c,147.6961201571222,147.6961201571222
1573,t,147.6961201571222,147.6961201571222
1574,c,147.6961201571222,147.6961201571222
1575,t,147.6961201571222,147.6961201571222
1576,c,147.6961201571222,147.6961201571222
1577,c,147.6961201571222,147.6961201571222
1578,t,147.6961201571222,147.6961201571222
1579,c,45.52315723893159,54.68643545267584
1580,c,147.6961201571222,147.6961201571222
1581,c,19.15936508024943,28.81733856823887
1582,c,46.926132885010425,51.818341801391576
1583,c,147.6961201571222,147.6961201571222
1584,c,18.14797563911863,21.970809582694447
1585,c,16.903619505995994,18.714319087139216
1586,c,37.94365539498695,43.560902560617855
1587,c,15.10664528609451,64.23645219377717
1588,c,23.109072374778297,26.70059212108317
1589,c,23.19784578746355,25.709139233625972
1590,c,147.6961201571222,147.6961201571222
1591,c,28.834802315968698,29.855570758612334
1592,c,147.6961201571222,147.6961201571222
1593,na,0,0.03605080242525962
1594,c,2.8404936187142784,6.4355371252139
1595,t,147.6961201571222,147.6961201571222
1596,t,147.6961201571222,147.6961201571222
1597,t,147.6961201571222,147.6961201571222
1598,c,147.6961201571222,147.6961201571222
1599,c,147.6961201571222,147.6961201571222
1600,c,147.6961201571222,147.6961201571222
1601,c,147.6961201571222,147.6961201571222
1602,c,147.6961201571222,147.6961201571222
1603,t,147.6961201571222,147.6961201571222
1604,c,22.33876567539759,37.8836807091748
1605,c,3.0225177925278386,9.096131750246688
1606,c,147.6961201571222,147.6961201571222
1607,c,147.6961201571222,147.6961201571222
1608,c,147.6961201571222,147.6961201571222
1609,c,18.395215353649554,23.894413473496652
1610,c,147.6961201571222,147.6961201571222
1611,t,147.6961201571222,147.6961201571222
1612,c,147.6961201571222,147.6961201571222
1613,c,42.49658739259438,44.45967716014062
1614,c,147.6961201571222,147.6961201571222
1615,c,147.6961201571222,147.6961201571222
1616,c,147.6961201571222,147.6961201571222
1617,c,147.6961201571222,147.6961201571222
1618,t,147.6961201571222,147.6961201571222
1619,t,147.6961201571222,147.6961201571222
1620,t,147.6961201571222,147.6961201571222
1621,c,147.6961201571222,147.6961201571222
1622,c,30.611585728852102,31.806741893901396
1623,c,147.6961201571222,147.6961201571222
1624,t,147.6961201571222,147.6961201571222
1625,c,56.362549247080764,59.6520806011201
1626,c,147.6961201571222,147.6961201571222
1627,c,147.6961201571222,147.6961201571222
1628,c,31.912595651800075,35.905376847029004
1629,na,0,3.2516113221988943
1630,c,147.6961201571222,147.6961201571222
1631,c,40.67464232017161,49.990174429575475
1632,c,18.968416632922136,19.406988423293118
1633,c,147.6961201571222,147.6961201571222
1634,t,147.6961201571222,147.6961201571222
1635,c,147.6961201571222,147.6961201571222
1636,c,29.520606914025926,30.44131378715683
1637,t,147.6961201571222,147.6961201571222
1638,na,5.997224405032574,6.213316369701462
1639,c,19.160801605618722,25.128923187829074
1640,c,147.6961201571222,147.6961201571222
1641,c,44.96582453524943,50.97104669383139
1642,c,147.6961201571222,147.6961201571222
1643,t,147.6961201571222,147.6961201571222
1644,c,147.6961201571222,147.6961201571222
1645,c,22.958106155369002,33.36050994614195
1646,c,36.89716069905199,36.958468881702174
1647,c,26.165033835866755,26.792305226581657
1648,c,147.6961201571222,147.6961201571222
1649,c,147.6961201571222,147.6961201571222
1650,c,147.6961201571222,147.6961201571222
1651,t,147.6961201571222,147.6961201571222
1652,c,147.6961201571222,147.6961201571222
1653,c,147.6961201571222,147.6961201571222
1654,c,147.6961201571222,147.6961201571222
1655,t,147.6961201571222,147.6961201571222
1656,c,147.6961201571222,147.6961201571222
1657,c,147.6961201571222,147.6961201571222
1658,t,147.6961201571222,147.6961201571222
1659,t,147.6961201571222,147.6961201571222
1660,c,23.408372820991257,24.200396842751992
1661,c,31.248216307353875,33.94959206554655
1662,c,147.6961201571222,147.6961201571222
1663,c,51.74980096293608,59.99580738147694
1664,t,147.6961201571222,147.6961201571222
1665,t,147.6961201571222,147.6961201571222
1666,c,147.6961201571222,147.6961201571222
1667,c,147.6961201571222,147.6961201571222
1668,c,30.294490489385577,33.52795239010653
1669,c,147.6961201571222,147.6961201571222
1670,c,147.6961201571222,147.6961201571222
1671,na,0,1.147297458309081
1672,t,147.6961201571222,147.6961201571222
1673,t,147.6961201571222,147.6961201571222
1674,c,17.990250747804442,18.710134009589606
1675,c,80.08537520558127,84.73408094796997
1676,c,147.6961201571222,147.6961201571222
1677,c,40.162993104850415,42.55920065258813
1678,na,0.6922959032122518,1.0042890783050942
1679,t,147.6961201571222,147.6961201571222
1680,c,147.6961201571222,147.6961201571222
1681,c,23.76863748308383,24.878155759559387
1682,c,19.81944173652717,21.71722255767884
1683,c,147.6961201571222,147.6961201571222
1684,c,147.6961201571222,147.6961201571222
1685,c,27.69563452040865,28.847459271412216
1686,c,17.154298376849095,17.976181087567188
1687,c,147.6961201571222,147.6961201571222
1688,c,147.6961201571222,147.6961201571222
1689,c,1.1059643645991952,2.0852363561255913
1690,c,38.62137476976561,41.52097182836748
1691,c,147.6961201571222,147.6961201571222
1692,c,147.6961201571222,147.6961201571222
1693,c,26.713048347665744,28.89966578283661
1694,c,147.6961201571222,147.6961201571222
1695,c,147.6961201571222,147.6961201571222
1696,c,147.6961201571222,147.6961201571222
1697,t,147.6961201571222,147.6961201571222
1698,na,0,2.2909093229656743
1699,c,147.6961201571222,147.6961201571222
1700,t,147.6961201571222,147.6961201571222
1701,t,147.6961201571222,147.6961201571222
1702,c,147.6961201571222,147.6961201571222
1703,c,10.2864543094748,11.678222883151019
1704,c,147.6961201571222,147.6961201571222
1705,t,147.6961201571222,147.6961201571222
1706,c,17.904351374871638,23.591408907468423
1707,c,147.6961201571222,147.6961201571222
1708,t,147.6961201571222,147.6961201571222
1709,c,35.19432987336689,38.09516719945215
1710,c,30.174458502903978,31.97960541162135
1711,c,31.841029340543432,36.44353343682895
1712,c,31.793988540060354,31.84190478152989
1713,c,36.53709605230228,43.33427189366833
1714,c,40.297128158396816,41.88512200652016
1715,t,147.6961201571222,147.6961201571222
1716,c,37.00417494883407,37.18884439831571
1717,c,147.6961201571222,147.6961201571222
1718,c,147.6961201571222,147.6961201571222
1719,c,15.07009069660501,15.755867627939757
1720,c,147.6961201571222,147.6961201571222
1721,t,147.6961201571222,147.6961201571222
1722,c,147.6961201571222,147.6961201571222
1723,c,147.6961201571222,147.6961201571222
1724,c,40.14440384105806,41.25837691943552
1725,t,147.6961201571222,147.6961201571222
1726,c,147.6961201571222,147.6961201571222
1727,c,147.6961201571222,147.6961201571222
1728,c,37.32851902222843,48.50679821026382
1729,c,147.6961201571222,147.6961201571222
1730,t,147.6961201571222,147.6961201571222
1731,c,53.59864897832624,57.38214978766823
1732,c,147.6961201571222,147.6961201571222
1733,c,147.6961201571222,147.6961201571222
1734,c,33.47932918606509,36.789653086947986
1735,c,14.166673404548566,18.232043539740847
1736,t,147.6961201571222,147.6961201571222
1737,t,147.6961201571222,147.6961201571222
1738,c,19.385473507661402,41.713787619423286
1739,c,147.6961201571222,147.6961201571222
1740,c,16.335202182141902,18.968383978803075
1741,c,46.01487674720995,46.70820838878613
1742,t,147.6961201571222,147.6961201571222
1743,c,16.914810238917553,17.881403938781464
1744,c,147.6961201571222,147.6961201571222
1745,c,147.6961201571222,147.6961201571222
1746,t,147.6961201571222,147.6961201571222
1747,c,31.06721411436876,34.66457013053
1748,c,29.38296326839691,31.768016554439875
1749,t,147.6961201571222,147.6961201571222
1750,c,69.72318012098782,69.77004654943944
1751,c,147.6961201571222,147.6961201571222
1752,t,147.6961201571222,147.6961201571222
1753,c,147.6961201571222,147.6961201571222
1754,c,14.63107600261529,147.6961201571222
1755,c,147.6961201571222,147.6961201571222
1756,c,147.6961201571222,147.6961201571222
1757,t,147.6961201571222,147.6961201571222
1758,c,147.6961201571222,147.6961201571222
1759,t,147.6961201571222,147.6961201571222
1760,c,34.725774257612876,44.943414066832624
1761,t,147.6961201571222,147.6961201571222
1762,c,11.056885418125926,11.839742458386848
1763,c,58.070920729155425,61.209162181187814
1764,c,19.21101513843875,20.630766447709245
1765,c,147.6961201571222,147.6961201571222
1766,c,147.6961201571222,147.6961201571222
1767,c,39.77613374150828,41.80350893220784
1768,t,147.6961201571222,147.6961201571222
1769,c,22.647345183972583,23.75432385858454
1770,t,147.6961201571222,147.6961201571222
1771,c,147.6961201571222,147.6961201571222
1772,c,147.6961201571222,147.6961201571222
1773,c,11.08675320206671,147.6961201571222
1774,t,147.6961201571222,147.6961201571222
1775,c,147.6961201571222,147.6961201571222
1776,c,61.36611951997495,65.46159286281657
1777,c,147.6961201571222,147.6961201571222
1778,c,41.61053281421418,52.11830547766858
1779,c,147.6961201571222,147.6961201571222
1780,c,147.6961201571222,147.6961201571222
1781,c,147.6961201571222,147.6961201571222
1782,c,8.385161030172148,10.985834704406301
1783,c,10.722676281060798,13.100278074206336
1784,c,147.6961201571222,147.6961201571222
1785,c,147.6961201571222,147.6961201571222
1786,c,147.6961201571222,147.6961201571222
1787,c,147.6961201571222,147.6961201571222
1788,t,147.6961201571222,147.6961201571222
1789,t,147.6961201571222,147.6961201571222
1790,c,147.6961201571222,147.6961201571222
1791,c,8.339187438030208,16.10441188638033
1792,c,20.349242562573657,27.948067631812
1793,c,147.6961201571222,147.6961201571222
1794,c,19.276131382805055,22.867511912282037
1795,c,147.6961201571222,147.6961201571222
1796,t,147.6961201571222,147.6961201571222
1797,c,35.96673908956316,41.05542762615768
1798,t,147.6961201571222,147.6961201571222
1799,t,147.6961201571222,147.6961201571222
1800,t,147.6961201571222,147.6961201571222
1801,t,147.6961201571222,147.6961201571222
1802,c,147.6961201571222,147.6961201571222
1803,c,79.37192978212597,91.19727708486504
1804,c,147.6961201571222,147.6961201571222
1805,c,31.441655187155423,35.12219485144102
1806,c,72.1505114101055,147.6961201571222
1807,c,44.250858192722404,50.74177139189818
1808,c,42.895373996590784,46.74458065771951
1809,c,56.846766699290455,61.36687044869282
1810,c,147.6961201571222,147.6961201571222
1811,t,147.6961201571222,147.6961201571222
1812,c,147.6961201571222,147.6961201571222
1813,c,147.6961201571222,147.6961201571222
1814,c,31.342598797710952,40.562186930847695
1815,c,23.28661451035247,32.950475084766055
1816,c,147.6961201571222,147.6961201571222
1817,c,147.6961201571222,147.6961201571222
1818,c,23.13002602448751,30.707748246705304
1819,c,18.338574948797923,20.70737021150182
1820,t,147.6961201571222,147.6961201571222
1821,c,147.6961201571222,147.6961201571222
1822,c,24.99474981746803,31.2043531318731
1823,c,147.6961201571222,147.6961201571222
1824,c,50.63119121635418,50.79365982491579
1825,t,147.6961201571222,147.6961201571222
1826,c,147.6961201571222,147.6961201571222
1827,c,147.6961201571222,147.6961201571222
1828,c,9.133954553361333,26.00534403836106
1829,c,0.633299089952607,11.632804569394182
1830,t,147.6961201571222,147.6961201571222
1831,c,147.6961201571222,147.6961201571222
1832,c,147.6961201571222,147.6961201571222
1833,c,147.6961201571222,147.6961201571222
1834,c,43.86723069019742,46.14766147457869
1835,c,147.6961201571222,147.6961201571222
1836,c,147.6961201571222,147.6961201571222
1837,c,19.367497899213962,19.48704615166108
1838,c,147.6961201571222,147.6961201571222
1839,c,147.6961201571222,147.6961201571222
1840,c,147.6961201571222,147.6961201571222
1841,c,147.6961201571222,147.6961201571222
1842,c,147.6961201571222,147.6961201571222
1843,c,147.6961201571222,147.6961201571222
1844,c,23.42802420587081,30.61009935843319
1845,t,147.6961201571222,147.6961201571222
1846,t,147.6961201571222,147.6961201571222
1847,t,147.6961201571222,147.6961201571222
1848,c,22.168862598436263,147.6961201571222
1849,na,0,2.234153640389205
1850,c,147.6961201571222,147.6961201571222
1851,na,0,1.8498868157265205
1852,t,147.6961201571222,147.6961201571222
1853,c,63.59663425639738,64.75974360305482
1854,c,50.118424302294066,55.464392642362945
1855,c,147.6961201571222,147.6961201571222
1856,c,147.6961201571222,147.6961201571222
1857,c,147.6961201571222,147.6961201571222
1858,t,147.6961201571222,147.6961201571222
1859,t,147.6961201571222,147.6961201571222
1860,c,147.6961201571222,147.6961201571222
1861,t,147.6961201571222,147.6961201571222
1862,c,27.212396580015817,147.6961201571222
1863,c,147.6961201571222,147.6961201571222
1864,c,18.504749437019395,19.977226428283164
1865,c,5.055022676239015,20.89708137502596
1866,c,59.57820779966896,147.6961201571222
1867,c,22.49817558643357,147.6961201571222
1868,c,147.6961201571222,147.6961201571222
1869,t,147.6961201571222,147.6961201571222
1870,c,28.27998324302802,29.088123072043988
1871,c,147.6961201571222,147.6961201571222
1872,t,147.6961201571222,147.6961201571222
1873,c,147.6961201571222,147.6961201571222
1874,t,147.6961201571222,147.6961201571222
1875,t,147.6961201571222,147.6961201571222
1876,c,18.719443262743386,21.095344101809875
1877,c,13.303229104103467,15.06394305103289
1878,c,147.6961201571222,147.6961201571222
1879,c,147.6961201571222,147.6961201571222
1880,c,147.6961201571222,147.6961201571222
1881,c,147.6961201571222,147.6961201571222
1882,c,147.6961201571222,147.6961201571222
1883,t,147.6961201571222,147.6961201571222
1884,c,14.409538294770218,18.266341628489812
1885,c,147.6961201571222,147.6961201571222
1886,c,147.6961201571222,147.6961201571222
1887,c,147.6961201571222,147.6961201571222
1888,na,-1,0
1889,c,36.018549642871086,37.5405639428448
1890,c,147.6961201571222,147.6961201571222
1891,t,147.6961201571222,147.6961201571222
1892,c,17.840581870354324,18.577634710294383
1893,c,147.6961201571222,147.6961201571222
1894,c,26.450201403245675,28.082445825454244
1895,c,43.087521062711176,43.76907229374243
1896,c,147.6961201571222,147.6961201571222
1897,c,61.04880375814884,74.71858256626733
1898,t,147.6961201571222,147.6961201571222
1899,c,147.6961201571222,147.6961201571222
1900,t,147.6961201571222,147.6961201571222
1901,c,147.6961201571222,147.6961201571222
1902,c,10.626791746237483,20.898529310401372
1903,t,147.6961201571222,147.6961201571222
1904,c,9.056256151968311,14.65251873607973
1905,c,8.71253069593094,12.5111740308427
1906,c,32.05569248830108,38.42566462089064
1907,c,147.6961201571222,147.6961201571222
1908,c,147.6961201571222,147.6961201571222
1909,c,18.210911001029054,19.17169904850365
1910,c,56.68239860198491,71.60407674200758
1911,t,147.6961201571222,147.6961201571222
1912,c,147.6961201571222,147.6961201571222
1913,c,25.14175937239951,27.72488296557519
1914,c,25.3275711486486,30.817780210797736
1915,t,147.6961201571222,147.6961201571222
1916,c,147.6961201571222,147.6961201571222
1917,c,147.6961201571222,147.6961201571222
1918,na,0,9.453777890103483
1919,t,147.6961201571222,147.6961201571222
1920,t,147.6961201571222,147.6961201571222
1921,c,147.6961201571222,147.6961201571222
1922,c,28.879119794099026,32.1842278288255
1923,c,147.6961201571222,147.6961201571222
1924,t,147.6961201571222,147.6961201571222
1925,c,147.6961201571222,147.6961201571222
1926,c,12.374676987067456,17.659092174014457
1927,c,42.04205205764354,46.6535463836934
1928,c,23.44305544178987,24.54600049366632
1929,c,54.29308929381694,55.80343011381935
1930,c,68.84452481285753,72.96951453527397
1931,c,34.12100356116879,36.417632920907806
1932,t,147.6961201571222,147.6961201571222
1933,c,15.211134804528527,15.77844822401859
1934,c,147.6961201571222,147.6961201571222
1935,c,147.6961201571222,147.6961201571222
1936,c,16.71529028032853,24.12144275042346
1937,c,147.6961201571222,147.6961201571222
1938,c,147.6961201571222,147.6961201571222
1939,c,33.47473486129574,147.6961201571222
1940,c,21.98020589559988,26.19039070477142
1941,c,147.6961201571222,147.6961201571222
1942,t,147.6961201571222,147.6961201571222
1943,c,19.061782622348776,26.369322714877114
1944,c,26.055536868181267,28.071496041097955
1945,c,28.29073571370921,32.471532101280715
1946,c,147.6961201571222,147.6961201571222
1947,c,147.6961201571222,147.6961201571222
1948,c,147.6961201571222,147.6961201571222
1949,c,14.441050101164903,14.639847174025936
1950,t,147.6961201571222,147.6961201571222
1951,c,147.6961201571222,147.6961201571222
1952,c,23.105426977996572,25.091525823237596
1953,c,20.07037997382213,23.121329872237432
1954,t,147.6961201571222,147.6961201571222
1955,c,18.02449502231397,147.6961201571222
1956,c,147.6961201571222,147.6961201571222
1957,c,147.6961201571222,147.6961201571222
1958,c,147.6961201571222,147.6961201571222
1959,t,147.6961201571222,147.6961201571222
1960,c,50.2216498510762,55.260107729902515
1961,c,8.144347428398103,8.152373948236603
1962,na,2.811253992885485,2.8917209632445586
1963,t,147.6961201571222,147.6961201571222
1964,c,37.19630721181808,47.69024613243738
1965,c,147.6961201571222,147.6961201571222
1966,c,11.932651254724055,16.861807409577683
1967,c,147.6961201571222,147.6961201571222
1968,t,147.6961201571222,147.6961201571222
1969,c,44.861837912683484,50.780012165730156
1970,c,23.610653992574637,23.663154102993428
1971,c,35.67429965800829,147.6961201571222
1972,t,147.6961201571222,147.6961201571222
1973,t,147.6961201571222,147.6961201571222
1974,c,147.6961201571222,147.6961201571222
1975,na,-1,0
1976,c,23.224382363588674,31.13966944613339
1977,c,147.6961201571222,147.6961201571222
1978,c,147.6961201571222,147.6961201571222
1979,t,147.6961201571222,147.6961201571222
1980,c,147.6961201571222,147.6961201571222
1981,c,147.6961201571222,147.6961201571222
1982,c,147.6961201571222,147.6961201571222
1983,c,147.6961201571222,147.6961201571222
1984,t,147.6961201571222,147.6961201571222
1985,t,147.6961201571222,147.6961201571222
1986,c,147.6961201571222,147.6961201571222
1987,c,147.6961201571222,147.6961201571222
1988,c,47.79165930689673,52.033598649714364
1989,c,147.6961201571222,147.6961201571222
1990,c,147.6961201571222,147.6961201571222
1991,t,147.6961201571222,147.6961201571222
1992,c,147.6961201571222,147.6961201571222
1993,t,147.6961201571222,147.6961201571222
1994,c,29.653063926634946,30.62281456859331
1995,c,25.0520002323751,41.18191153050392
1996,c,29.897792032224753,29.939554510297025
1997,c,147.6961201571222,147.6961201571222
1998,c,147.6961201571222,147.6961201571222
1999,c,19.811652297356563,147.6961201571222
2000,c,24.375029545803013,26.56471693486066
2001,c,147.6961201571222,147.6961201571222
2002,c,60.077399822508575,62.804431428838335
2003,c,147.6961201571222,147.6961201571222
2004,c,147.6961201571222,147.6961201571222
2005,c,28.296689885298587,29.585289746401703
2006,c,21.3646102003721,25.99764887792644
2007,c,147.6961201571222,147.6961201571222
2008,c,147.6961201571222,147.6961201571222
2009,c,147.6961201571222,147.6961201571222
2010,c,4.048895210579824,5.7756654104420235
2011,c,24.92193939711753,29.383665797325467
2012,c,147.6961201571222,147.6961201571222
2013,c,35.562861786394905,41.68367658327604
2014,c,147.6961201571222,147.6961201571222
2015,c,22.97282528334324,24.828025008271336
2016,c,19.071261290621702,24.786287273638056
2017,c,147.6961201571222,147.6961201571222
2018,c,147.6961201571222,147.6961201571222
2019,c,10.510673247705379,16.38857501425732
2020,c,29.450414864893226,34.16526149348606
2021,c,31.843254522117398,32.23473498104061
2022,c,147.6961201571222,147.6961201571222
2023,t,147.6961201571222,147.6961201571222
2024,c,147.6961201571222,147.6961201571222
2025,t,147.6961201571222,147.6961201571222
2026,na,7.8770244587904665,8.57953666479773
2027,c,25.234104434374125,34.23765716271125
2028,c,147.6961201571222,147.6961201571222
2029,c,12.988990459942032,20.568801071866027
2030,c,147.6961201571222,147.6961201571222
2031,c,147.6961201571222,147.6961201571222
2032,c,28.91708205610892,31.112440302792145
2033,c,147.6961201571222,147.6961201571222
2034,c,147.6961201571222,147.6961201571222
2035,c,147.6961201571222,147.6961201571222
2036,c,48.35040589689571,57.255790900235155
2037,c,147.6961201571222,147.6961201571222
2038,c,147.6961201571222,147.6961201571222
2039,c,147.6961201571222,147.6961201571222
2040,c,147.6961201571222,147.6961201571222
2041,c,147.6961201571222,147.6961201571222
2042,c,147.6961201571222,147.6961201571222
2043,c,147.6961201571222,147.6961201571222
2044,c,19.154742912892146,19.28700553004204
2045,c,36.10161149144516,37.888950349156644
2046,c,147.6961201571222,147.6961201571222
2047,c,147.6961201571222,147.6961201571222
2048,c,147.6961201571222,147.6961201571222
2049,c,147.6961201571222,147.6961201571222
2050,c,147.6961201571222,147.6961201571222
2051,c,24.67409002208344,25.530471276786518
2052,c,17.017226235191643,32.26957803789083
2053,t,147.6961201571222,147.6961201571222
2054,c,29.405992210465836,34.304265108224
2055,c,147.6961201571222,147.6961201571222
2056,c,36.480892235150755,43.159937564461565
2057,c,33.04031703354778,33.06489177626701
2058,c,147.6961201571222,147.6961201571222
2059,c,147.6961201571222,147.6961201571222
2060,t,147.6961201571222,147.6961201571222
2061,c,147.6961201571222,147.6961201571222
2062,c,15.690561683621592,17.288758319018772
2063,c,147.6961201571222,147.6961201571222
2064,c,147.6961201571222,147.6961201571222
2065,c,38.6032219283903,147.6961201571222
2066,c,19.5224902325471,27.755138656224695
2067,c,147.6961201571222,147.6961201571222
2068,c,147.6961201571222,147.6961201571222
2069,c,147.6961201571222,147.6961201571222
2070,c,147.6961201571222,147.6961201571222
2071,c,20.58689452553419,29.374625827674887
2072,c,6.809118554683814,147.6961201571222
2073,c,147.6961201571222,147.6961201571222
2074,c,52.21733670077238,55.008356138370566
2075,c,8.047219857394088,11.705031995656832
2076,t,147.6961201571222,147.6961201571222
2077,c,22.44346412333205,29.656198190173644
2078,c,42.33423100211449,46.691923013505715
2079,c,147.6961201571222,147.6961201571222
2080,c,147.6961201571222,147.6961201571222
2081,c,147.6961201571222,147.6961201571222
2082,c,6.438980431503248,10.188479255882813
2083,c,147.6961201571222,147.6961201571222
2084,c,147.6961201571222,147.6961201571222
2085,c,6.055536133529761,6.350562546412915
2086,c,25.827359652116666,26.650000239660937
2087,c,147.6961201571222,147.6961201571222
2088,c,21.52551031813728,27.03260992066713
2089,c,4.5714986201282075,6.387661793319492
2090,c,147.6961201571222,147.6961201571222
2091,c,147.6961201571222,147.6961201571222
2092,c,147.6961201571222,147.6961201571222
2093,t,147.6961201571222,147.6961201571222
2094,c,147.6961201571222,147.6961201571222
2095,c,17.584485978920238,22.332652927160364
2096,c,147.6961201571222,147.6961201571222
2097,c,147.6961201571222,147.6961201571222
2098,c,147.6961201571222,147.6961201571222
2099,c,28.630058991636997,28.877670373183154
2100,c,77.8609461678123,79.38358976315831
2101,c,20.645726828118885,25.87276776410051
2102,c,147.6961201571222,147.6961201571222
2103,c,147.6961201571222,147.6961201571222
2104,c,38.132362761050175,38.87828729253688
2105,c,21.559080890091103,23.665770308370504
2106,c,147.6961201571222,147.6961201571222
2107,c,147.6961201571222,147.6961201571222
2108,t,147.6961201571222,147.6961201571222
2109,c,147.6961201571222,147.6961201571222
2110,t,147.6961201571222,147.6961201571222
2111,t,147.6961201571222,147.6961201571222
2112,c,22.338691004782504,35.95564809790613
2113,t,147.6961201571222,147.6961201571222
2114,t,147.6961201571222,147.6961201571222
2115,c,147.6961201571222,147.6961201571222
2116,c,147.6961201571222,147.6961201571222
2117,c,147.6961201571222,147.6961201571222
2118,c,147.6961201571222,147.6961201571222
2119,c,147.6961201571222,147.6961201571222
2120,c,39.214077479841045,43.23574459966538
2121,c,11.953847867978011,25.767510535039502
2122,c,13.914229032106826,13.996883198489911
2123,c,147.6961201571222,147.6961201571222
2124,c,21.977789736829948,25.485308242574522
2125,c,32.60791179511527,35.87258619273811
2126,t,147.6961201571222,147.6961201571222
2127,c,147.6961201571222,147.6961201571222
2128,c,34.94013882786565,40.103010610556495
2129,c,147.6961201571222,147.6961201571222
2130,c,147.6961201571222,147.6961201571222
2131,c,28.5781649807483,28.796358871172963
2132,c,147.6961201571222,147.6961201571222
2133,c,147.6961201571222,147.6961201571222
2134,c,147.6961201571222,147.6961201571222
2135,c,147.6961201571222,147.6961201571222
2136,t,147.6961201571222,147.6961201571222
2137,c,10.501309940804953,20.282402401765594
2138,c,147.6961201571222,147.6961201571222
2139,na,-1,0
2140,t,147.6961201571222,147.6961201571222
2141,c,147.6961201571222,147.6961201571222
2142,c,147.6961201571222,147.6961201571222
2143,c,21.1509100502157,22.786996517197966
2144,t,147.6961201571222,147.6961201571222
2145,c,147.6961201571222,147.6961201571222
2146,c,147.6961201571222,147.6961201571222
2147,t,147.6961201571222,147.6961201571222
2148,t,147.6961201571222,147.6961201571222
2149,t,147.6961201571222,147.6961201571222
2150,c,23.10239062488895,31.700979595955438
2151,c,36.01900467797324,41.7198368098162
2152,c,43.286865357822286,50.64736686126056
2153,c,147.6961201571222,147.6961201571222
2154,c,147.6961201571222,147.6961201571222
2155,c,18.864110312293263,24.351364656455914
2156,t,147.6961201571222,147.6961201571222
2157,c,147.6961201571222,147.6961201571222
2158,c,147.6961201571222,147.6961201571222
2159,c,147.6961201571222,147.6961201571222
2160,c,147.6961201571222,147.6961201571222
2161,c,63.95559423698402,71.78793262706972
2162,c,24.96022329887355,26.541044984250135
2163,c,26.176548274349376,26.271669968708185
2164,c,147.6961201571222,147.6961201571222
2165,c,16.42810051339113,17.56958120072669
2166,c,147.6961201571222,147.6961201571222
2167,c,147.6961201571222,147.6961201571222
2168,c,147.6961201571222,147.6961201571222
2169,c,147.6961201571222,147.6961201571222
2170,c,147.6961201571222,147.6961201571222
2171,t,147.6961201571222,147.6961201571222
2172,c,55.5349651841026,68.63078346862619
2173,t,147.6961201571222,147.6961201571222
2174,c,147.6961201571222,147.6961201571222
2175,c,77.80670140796659,82.08901360537418
2176,c,147.6961201571222,147.6961201571222
2177,c,25.54689682901488,34.7858157049215
2178,t,147.6961201571222,147.6961201571222
2179,c,147.6961201571222,147.6961201571222
2180,t,147.6961201571222,147.6961201571222
2181,c,7.578735696524937,16.744299963184158
2182,c,147.6961201571222,147.6961201571222
2183,c,147.6961201571222,147.6961201571222
2184,c,147.6961201571222,147.6961201571222
2185,c,38.77601650427452,39.78558792837874
2186,c,147.6961201571222,147.6961201571222
2187,c,147.6961201571222,147.6961201571222
2188,c,147.6961201571222,147.6961201571222
2189,t,147.6961201571222,147.6961201571222
2190,c,147.6961201571222,147.6961201571222
2191,t,147.6961201571222,147.6961201571222
2192,c,147.6961201571222,147.6961201571222
2193,c,20.291055582083604,24.757394657634226
2194,c,147.6961201571222,147.6961201571222
2195,c,40.51654579597528,40.59028128553059
2196,t,147.6961201571222,147.6961201571222
2197,c,23.474256634763954,29.248918740622567
2198,c,27.366036633836632,38.86700485204951
2199,c,147.6961201571222,147.6961201571222
2200,t,147.6961201571222,147.6961201571222
2201,c,147.6961201571222,147.6961201571222
2202,c,23.12665783943096,25.43694757898294
2203,c,147.6961201571222,147.6961201571222
2204,t,147.6961201571222,147.6961201571222
2205,c,35.810085064019994,38.795863183838726
2206,c,147.6961201571222,147.6961201571222
2207,c,147.6961201571222,147.6961201571222
2208,c,45.262639954308,53.27289202770727
2209,c,56.94125556973893,57.06656939866098
2210,c,147.6961201571222,147.6961201571222
2211,c,147.6961201571222,147.6961201571222
2212,c,147.6961201571222,147.6961201571222
2213,t,147.6961201571222,147.6961201571222
2214,c,147.6961201571222,147.6961201571222
2215,c,147.6961201571222,147.6961201571222
2216,t,147.6961201571222,147.6961201571222
2217,c,147.6961201571222,147.6961201571222
2218,c,147.6961201571222,147.6961201571222
2219,c,147.6961201571222,147.6961201571222
2220,t,147.6961201571222,147.6961201571222
2221,t,147.6961201571222,147.6961201571222
2222,t,147.6961201571222,147.6961201571222
2223,c,17.665418877844445,37.3312825575548
2224,t,147.6961201571222,147.6961201571222
2225,c,39.794641580548685,46.10114828286861
2226,c,20.68707774868482,21.416397892708193
2227,t,147.6961201571222,147.6961201571222
2228,c,9.175529452838758,16.38629287771129
2229,t,147.6961201571222,147.6961201571222
2230,c,147.6961201571222,147.6961201571222
2231,t,147.6961201571222,147.6961201571222
2232,c,21.11126600127665,23.845563554752907
2233,c,147.6961201571222,147.6961201571222
2234,c,147.6961201571222,147.6961201571222
2235,c,72.84666020361583,83.57364366024126
2236,t,147.6961201571222,147.6961201571222
2237,c,147.6961201571222,147.6961201571222
2238,t,147.6961201571222,147.6961201571222
2239,t,147.6961201571222,147.6961201571222
2240,c,147.6961201571222,147.6961201571222
2241,c,147.6961201571222,147.6961201571222
2242,t,147.6961201571222,147.6961201571222
2243,c,19.57679725203073,20.307241335606392
2244,t,147.6961201571222,147.6961201571222
2245,na,0,6.81740544620717
2246,c,147.6961201571222,147.6961201571222
2247,c,47.921688581054184,62.15495142836054
2248,c,39.397625016454384,49.17249517761078
2249,c,147.6961201571222,147.6961201571222
2250,c,34.23881368460872,35.84478366253747
2251,t,147.6961201571222,147.6961201571222
2252,c,38.78720071622628,39.12610132196399
2253,c,30.75202467840909,32.517466737693944
2254,c,147.6961201571222,147.6961201571222
2255,c,39.08819694685802,42.15550344003342
2256,c,147.6961201571222,147.6961201571222
2257,c,19.60374421434725,20.089688367417054
2258,c,147.6961201571222,147.6961201571222
2259,c,23.71522548391392,24.1110522789174
2260,t,147.6961201571222,147.6961201571222
2261,c,147.6961201571222,147.6961201571222
2262,c,147.6961201571222,147.6961201571222
2263,c,147.6961201571222,147.6961201571222
2264,c,147.6961201571222,147.6961201571222
2265,t,147.6961201571222,147.6961201571222
2266,c,28.351199224783674,53.03401656225178
2267,c,16.407247316433057,21.31450297672173
2268,c,147.6961201571222,147.6961201571222
2269,c,147.6961201571222,147.6961201571222
2270,c,147.6961201571222,147.6961201571222
2271,t,147.6961201571222,147.6961201571222
2272,c,147.6961201571222,147.6961201571222
2273,c,25.168323099053378,26.17511832095399
2274,c,147.6961201571222,147.6961201571222
2275,c,25.406887837641136,29.089213800595434
2276,c,22.522552085189556,27.269346573263192
2277,c,147.6961201571222,147.6961201571222
2278,c,147.6961201571222,147.6961201571222
2279,c,147.6961201571222,147.6961201571222
2280,na,1.78860065088737,6.836189536475069
2281,c,32.8926662226431,41.35396385793674
2282,t,147.6961201571222,147.6961201571222
2283,c,147.6961201571222,147.6961201571222
2284,c,29.08078656902024,30.838480036894236
2285,c,147.6961201571222,147.6961201571222
2286,c,30.429772068809346,32.47013352232941
2287,c,147.6961201571222,147.6961201571222
2288,c,147.6961201571222,147.6961201571222
2289,c,147.6961201571222,147.6961201571222
2290,c,147.6961201571222,147.6961201571222
2291,c,55.557969216822556,56.085485157745204
2292,c,20.42929697134541,21.332235934766988
2293,t,147.6961201571222,147.6961201571222
2294,c,147.6961201571222,147.6961201571222
2295,c,147.6961201571222,147.6961201571222
2296,c,14.934406582861687,18.081945757877033
2297,c,147.6961201571222,147.6961201571222
2298,c,147.6961201571222,147.6961201571222
2299,c,44.052863093477036,56.121937612377415
2300,c,147.6961201571222,147.6961201571222
2301,c,147.6961201571222,147.6961201571222
2302,t,147.6961201571222,147.6961201571222
2303,c,147.6961201571222,147.6961201571222
2304,c,147.6961201571222,147.6961201571222
2305,c,147.6961201571222,147.6961201571222
2306,c,42.959019824881054,47.293421127600205
2307,c,147.6961201571222,147.6961201571222
2308,c,147.6961201571222,147.6961201571222
2309,c,147.6961201571222,147.6961201571222
2310,c,147.6961201571222,147.6961201571222
2311,c,147.6961201571222,147.6961201571222
2312,c,147.6961201571222,147.6961201571222
2313,c,11.59539593977963,13.905116228877024
2314,c,147.6961201571222,147.6961201571222
2315,c,41.05370108102499,41.378529329852725
2316,c,32.17730371106406,147.6961201571222
2317,c,147.6961201571222,147.6961201571222
2318,t,147.6961201571222,147.6961201571222
2319,c,147.6961201571222,147.6961201571222
2320,t,147.6961201571222,147.6961201571222
2321,c,34.90737883521403,147.6961201571222
2322,c,34.00834072619935,34.68888887773404
2323,na,-1,0
2324,c,147.6961201571222,147.6961201571222
2325,c,38.17850246952039,53.25188618972961
2326,c,147.6961201571222,147.6961201571222
2327,c,26.195294982852054,29.264222800027426
2328,t,147.6961201571222,147.6961201571222
2329,c,147.6961201571222,147.6961201571222
2330,c,36.40896244676787,45.41753054260932
2331,c,18.644372519228842,21.070710202781054
2332,c,147.6961201571222,147.6961201571222
2333,c,41.3733035336835,44.43902301107114
2334,c,147.6961201571222,147.6961201571222
2335,c,147.6961201571222,147.6961201571222
2336,c,18.560717124130978,19.33367355103947
2337,c,40.78049755905875,42.77999655517621
2338,c,40.15044211415167,50.84281060905429
2339,c,147.6961201571222,147.6961201571222
2340,c,28.61498552686217,30.95393654241785
2341,c,34.61084464520466,40.45957417185826
2342,t,147.6961201571222,147.6961201571222
2343,c,147.6961201571222,147.6961201571222
2344,c,21.40579570276582,21.785207721624616
2345,t,147.6961201571222,147.6961201571222
2346,c,147.6961201571222,147.6961201571222
2347,c,147.6961201571222,147.6961201571222
2348,c,24.699470021802366,26.802690926214694
2349,t,147.6961201571222,147.6961201571222
2350,c,147.6961201571222,147.6961201571222
2351,c,147.6961201571222,147.6961201571222
2352,c,147.6961201571222,147.6961201571222
2353,c,147.6961201571222,147.6961201571222
2354,c,32.438201126916105,34.03211744602619
2355,c,7.489669050079656,9.959206745742275
2356,c,51.6234640150762,147.6961201571222
2357,c,147.6961201571222,147.6961201571222
2358,t,147.6961201571222,147.6961201571222
2359,c,19.63283201296218,24.207649479231673
2360,c,147.6961201571222,147.6961201571222
2361,c,147.6961201571222,147.6961201571222
2362,c,147.6961201571222,147.6961201571222
2363,c,147.6961201571222,147.6961201571222
2364,c,147.6961201571222,147.6961201571222
2365,t,147.6961201571222,147.6961201571222
2366,c,22.02750476508441,23.67882064957764
2367,c,27.580328018211414,29.524988742079426
2368,c,147.6961201571222,147.6961201571222
2369,t,147.6961201571222,147.6961201571222
2370,c,147.6961201571222,147.6961201571222
2371,t,147.6961201571222,147.6961201571222
2372,t,147.6961201571222,147.6961201571222
2373,na,6.529532023531291,10.78816186383719
2374,c,24.730530722507748,26.448415576130916
2375,t,147.6961201571222,147.6961201571222
2376,c,11.677728339015127,12.209397175747187
2377,c,147.6961201571222,147.6961201571222
2378,c,37.89360181876823,38.054992605276
2379,c,147.6961201571222,147.6961201571222
2380,t,147.6961201571222,147.6961201571222
2381,c,147.6961201571222,147.6961201571222
2382,c,147.6961201571222,147.6961201571222
2383,c,147.6961201571222,147.6961201571222
2384,t,147.6961201571222,147.6961201571222
2385,na,7.131767251096579,147.6961201571222
2386,c,147.6961201571222,147.6961201571222
2387,c,3.6061043090178564,4.0264642921359775
2388,c,147.6961201571222,147.6961201571222
2389,c,147.6961201571222,147.6961201571222
2390,c,55.495584397398595,147.6961201571222
2391,c,17.499052480025814,18.19396436206373
2392,t,147.6961201571222,147.6961201571222
2393,c,147.6961201571222,147.6961201571222
2394,c,147.6961201571222,147.6961201571222
2395,c,147.6961201571222,147.6961201571222
2396,c,147.6961201571222,147.6961201571222
2397,c,147.6961201571222,147.6961201571222
2398,t,147.6961201571222,147.6961201571222
2399,na,0,3.9276375231962777
2400,c,147.6961201571222,147.6961201571222
2401,c,147.6961201571222,147.6961201571222
2402,c,147.6961201571222,147.6961201571222
2403,c,11.4224266262806,147.6961201571222
2404,c,25.67641534337806,28.521492862391394
2405,c,147.6961201571222,147.6961201571222
2406,t,147.6961201571222,147.6961201571222
2407,c,27.318353329838114,31.85286937049515
2408,c,17.14283664154128,28.860611258947433
2409,c,47.89689529467866,50.681590101338735
2410,na,0,2.4561054949085697
2411,t,147.6961201571222,147.6961201571222
2412,c,17.73311564101099,18.40134970358609
2413,c,147.6961201571222,147.6961201571222
2414,c,147.6961201571222,147.6961201571222
2415,t,147.6961201571222,147.6961201571222
2416,c,147.6961201571222,147.6961201571222
2417,c,147.6961201571222,147.6961201571222
2418,t,147.6961201571222,147.6961201571222
2419,c,23.76389114459611,30.026816276079323
2420,c,62.612750504783335,70.48699512578577
2421,c,147.6961201571222,147.6961201571222
2422,c,147.6961201571222,147.6961201571222
2423,c,147.6961201571222,147.6961201571222
2424,c,32.24237115790251,32.58856750444105
2425,c,147.6961201571222,147.6961201571222
2426,c,147.6961201571222,147.6961201571222
2427,c,81.48147307208481,95.46767964655699
2428,c,24.90094372652926,31.085807619123788
2429,c,147.6961201571222,147.6961201571222
2430,c,29.112661373751607,31.676878737331382
2431,c,147.6961201571222,147.6961201571222
2432,c,147.6961201571222,147.6961201571222
2433,c,23.429877190105078,25.89028563657063
2434,c,147.6961201571222,147.6961201571222
2435,c,17.348558069104403,17.93777294475995
2436,c,147.6961201571222,147.6961201571222
2437,c,42.64052481077991,43.60635488024359
2438,c,147.6961201571222,147.6961201571222
2439,c,25.554598091253965,26.747426836338214
2440,na,2.2878723342314293,147.6961201571222
2441,c,14.62496040076853,18.982749726670498
2442,c,12.738282929651056,147.6961201571222
2443,t,147.6961201571222,147.6961201571222
2444,c,147.6961201571222,147.6961201571222
2445,c,40.49408319234565,42.8768499157714
2446,c,55.920863284276535,57.40947986867632
2447,t,147.6961201571222,147.6961201571222
2448,c,147.6961201571222,147.6961201571222
2449,t,147.6961201571222,147.6961201571222
2450,c,147.6961201571222,147.6961201571222
2451,c,14.512163925662431,147.6961201571222
2452,c,147.6961201571222,147.6961201571222
2453,t,147.6961201571222,147.6961201571222
2454,c,147.6961201571222,147.6961201571222
2455,c,147.6961201571222,147.6961201571222
2456,c,147.6961201571222,147.6961201571222
2457,c,36.63736731519828,36.98241978672202
2458,t,147.6961201571222,147.6961201571222
2459,c,147.6961201571222,147.6961201571222
2460,c,147.6961201571222,147.6961201571222
2461,t,147.6961201571222,147.6961201571222
2462,c,147.6961201571222,147.6961201571222
2463,t,147.6961201571222,147.6961201571222
2464,t,147.6961201571222,147.6961201571222
2465,c,45.43772100493624,54.43870985568998
2466,c,30.831139864161447,34.02298292609054
2467,c,22.880882032444006,22.978596714078716
2468,c,147.6961201571222,147.6961201571222
2469,t,147.6961201571222,147.6961201571222
2470,c,147.6961201571222,147.6961201571222
2471,c,147.6961201571222,147.6961201571222
2472,c,147.6961201571222,147.6961201571222
2473,c,147.6961201571222,147.6961201571222
2474,na,4.54717177970412,7.2385263391063575
2475,t,147.6961201571222,147.6961201571222
2476,c,33.60247708328976,37.27344324793981
2477,na,-1,0
2478,t,147.6961201571222,147.6961201571222
2479,c,147.6961201571222,147.6961201571222
2480,c,147.6961201571222,147.6961201571222
2481,c,147.6961201571222,147.6961201571222
2482,c,38.05977973286545,43.467363524407375
2483,t,147.6961201571222,147.6961201571222
2484,c,147.6961201571222,147.6961201571222
2485,t,147.6961201571222,147.6961201571222
2486,c,25.2818309970079,28.614704755464142
2487,c,7.407342779769467,7.928086991144987
2488,c,147.6961201571222,147.6961201571222
2489,c,42.9031590501553,44.354146259965404
2490,c,31.899491561671777,37.364169979395804
2491,t,147.6961201571222,147.6961201571222
2492,c,32.660975854100506,33.54528275795143
2493,c,55.96526395221818,58.28824609370625
2494,c,8.406824704398192,10.337749777030648
2495,t,147.6961201571222,147.6961201571222
2496,t,147.6961201571222,147.6961201571222
2497,c,23.82668141585873,27.945138626601796
2498,c,43.68596133480149,46.456050266778476
2499,t,147.6961201571222,147.6961201571222
2500,c,147.6961201571222,147.6961201571222
2501,na,-1,0
2502,c,147.6961201571222,147.6961201571222
2503,t,147.6961201571222,147.6961201571222
2504,t,147.6961201571222,147.6961201571222
2505,c,71.43448661924161,83.32837537928822
2506,c,9.314601133705374,22.48038111983699
2507,c,24.212612415775226,35.85747497972416
2508,t,147.6961201571222,147.6961201571222
2509,na,-1,0
2510,c,6.10767709643661,12.059861151938863
2511,t,147.6961201571222,147.6961201571222
2512,c,27.59211823937706,35.70313651938304
2513,c,49.89629472132948,53.751522423826344
2514,c,147.6961201571222,147.6961201571222
2515,c,147.6961201571222,147.6961201571222
2516,c,37.69195217141316,40.51905521095804
2517,c,44.66216664921321,48.569973695948065
2518,na,-1,0
2519,c,147.6961201571222,147.6961201571222
2520,c,16.846349185408084,21.534564018890745
2521,c,147.6961201571222,147.6961201571222
2522,t,147.6961201571222,147.6961201571222
2523,c,14.364839211651242,17.73636663446826
2524,c,29.18586303555213,30.360501652007525
2525,c,17.119554392776163,19.68583436130055
2526,c,38.28123190444453,41.30884163343101
2527,c,23.018521556337863,26.912131725178856
2528,t,147.6961201571222,147.6961201571222
2529,c,29.98726871446443,35.95035673972723
2530,c,27.7524257330688,29.247519947914085
2531,c,43.53504322635355,44.160385792596195
2532,c,147.6961201571222,147.6961201571222
2533,c,12.518272817271612,16.16864462794688
2534,c,147.6961201571222,147.6961201571222
2535,c,147.6961201571222,147.6961201571222
2536,c,5.126123454912541,7.7124413557851685
2537,c,73.57396775531754,74.86806848060958
2538,c,147.6961201571222,147.6961201571222
2539,t,147.6961201571222,147.6961201571222
2540,t,147.6961201571222,147.6961201571222
2541,c,147.6961201571222,147.6961201571222
2542,c,147.6961201571222,147.6961201571222
2543,c,47.99191952917394,48.223033225646184
2544,c,29.88439804478372,44.88145107802992
2545,c,147.6961201571222,147.6961201571222
2546,c,24.705257280498227,32.58179183630665
2547,c,147.6961201571222,147.6961201571222
2548,c,19.022681954818278,19.333029890155128
2549,c,147.6961201571222,147.6961201571222
2550,c,147.6961201571222,147.6961201571222
2551,c,147.6961201571222,147.6961201571222
2552,c,147.6961201571222,147.6961201571222
2553,t,147.6961201571222,147.6961201571222
2554,c,147.6961201571222,147.6961201571222
2555,c,33.29858933125238,35.80963872270173
2556,c,147.6961201571222,147.6961201571222
2557,c,147.6961201571222,147.6961201571222
2558,c,9.936680224135714,16.335687203418527
2559,c,147.6961201571222,147.6961201571222
2560,t,147.6961201571222,147.6961201571222
2561,na,0,0.5125796318158095
2562,t,147.6961201571222,147.6961201571222
2563,c,147.6961201571222,147.6961201571222
2564,c,147.6961201571222,147.6961201571222
2565,c,59.98691826829258,62.12642420905933
2566,c,60.49719036390861,69.80549812781456
2567,c,15.091574485566348,15.632952991548295
2568,c,18.542668268933117,22.212645415782987
2569,t,147.6961201571222,147.6961201571222
2570,c,147.6961201571222,147.6961201571222
2571,t,147.6961201571222,147.6961201571222
2572,c,147.6961201571222,147.6961201571222
2573,c,33.200374056980635,38.15956849613249
2574,c,147.6961201571222,147.6961201571222
2575,t,147.6961201571222,147.6961201571222
2576,na,0,0.5982306677276078
2577,c,87.730876945405,99.16886583473668
2578,t,147.6961201571222,147.6961201571222
2579,c,22.076623424187563,26.177929578491455
2580,c,147.6961201571222,147.6961201571222
2581,c,14.505782862961903,15.532878821510009
2582,c,147.6961201571222,147.6961201571222
2583,c,147.6961201571222,147.6961201571222
2584,c,147.6961201571222,147.6961201571222
2585,t,147.6961201571222,147.6961201571222
2586,c,147.6961201571222,147.6961201571222
2587,c,46.7047672065595,54.71789839545804
2588,c,64.75543097309237,65.12125885927631
2589,c,12.688034546334839,13.882763254322198
2590,c,147.6961201571222,147.6961201571222
2591,t,147.6961201571222,147.6961201571222
2592,c,7.356705105213462,10.744422283889476
2593,c,42.26755785090082,44.17890924221819
2594,c,147.6961201571222,147.6961201571222
2595,c,147.6961201571222,147.6961201571222
2596,c,32.136643595615624,33.2688165755612
2597,c,147.6961201571222,147.6961201571222
2598,t,147.6961201571222,147.6961201571222
2599,c,147.6961201571222,147.6961201571222
2600,t,147.6961201571222,147.6961201571222
2601,t,147.6961201571222,147.6961201571222
2602,c,147.6961201571222,147.6961201571222
2603,c,147.6961201571222,147.6961201571222
2604,c,31.719136735285677,37.692532850492015
2605,t,147.6961201571222,147.6961201571222
2606,c,147.6961201571222,147.6961201571222
2607,c,33.169613971328474,36.950296015434084
2608,c,147.6961201571222,147.6961201571222
2609,c,147.6961201571222,147.6961201571222
2610,t,147.6961201571222,147.6961201571222
2611,c,147.6961201571222,147.6961201571222
2612,na,14.006977110989755,14.978419342645791
2613,c,147.6961201571222,147.6961201571222
2614,t,147.6961201571222,147.6961201571222
2615,c,147.6961201571222,147.6961201571222
2616,c,147.6961201571222,147.6961201571222
2617,t,147.6961201571222,147.6961201571222
2618,c,147.6961201571222,147.6961201571222
2619,c,147.6961201571222,147.6961201571222
2620,t,147.6961201571222,147.6961201571222
2621,c,147.6961201571222,147.6961201571222
2622,c,27.811183633257695,33.053276902580826
2623,c,147.6961201571222,147.6961201571222
2624,c,147.6961201571222,147.6961201571222
2625,c,147.6961201571222,147.6961201571222
2626,c,147.6961201571222,147.6961201571222
2627,c,147.6961201571222,147.6961201571222
2628,c,25.785820928652285,26.8633705707878
2629,c,147.6961201571222,147.6961201571222
2630,t,147.6961201571222,147.6961201571222
2631,t,147.6961201571222,147.6961201571222
2632,t,147.6961201571222,147.6961201571222
2633,c,147.6961201571222,147.6961201571222
2634,c,147.6961201571222,147.6961201571222
2635,t,147.6961201571222,147.6961201571222
2636,t,147.6961201571222,147.6961201571222
2637,c,25.997710896544483,39.92371138686421
2638,t,147.6961201571222,147.6961201571222
2639,c,147.6961201571222,147.6961201571222
2640,t,147.6961201571222,147.6961201571222
2641,c,147.6961201571222,147.6961201571222
2642,t,147.6961201571222,147.6961201571222
2643,c,35.89951798918188,37.176282574083935
2644,c,46.62283544669509,54.28857936655872
2645,c,147.6961201571222,147.6961201571222
2646,t,147.6961201571222,147.6961201571222
2647,c,147.6961201571222,147.6961201571222
2648,c,147.6961201571222,147.6961201571222
2649,c,54.526253131966,61.66335467866204
2650,c,147.6961201571222,147.6961201571222
2651,c,32.44529217701409,39.34775808050301
2652,c,147.6961201571222,147.6961201571222
2653,c,147.6961201571222,147.6961201571222
2654,c,34.27609288848642,34.921725699245506
2655,c,76.84861381031591,78.16779797608876
2656,c,147.6961201571222,147.6961201571222
2657,c,7.4533690397173835,18.55575622826091
2658,c,147.6961201571222,147.6961201571222
2659,c,40.58544843798138,42.703457981158536
2660,c,147.6961201571222,147.6961201571222
2661,t,147.6961201571222,147.6961201571222
2662,c,38.3974200943023,49.41333350294935
2663,t,147.6961201571222,147.6961201571222
2664,t,147.6961201571222,147.6961201571222
2665,c,147.6961201571222,147.6961201571222
2666,c,147.6961201571222,147.6961201571222
2667,c,147.6961201571222,147.6961201571222
2668,c,23.74462222424997,25.313038969955922
2669,c,147.6961201571222,147.6961201571222
2670,c,47.08007632823096,51.18704455327254
2671,c,147.6961201571222,147.6961201571222
2672,t,147.6961201571222,147.6961201571222
2673,c,147.6961201571222,147.6961201571222
2674,t,147.6961201571222,147.6961201571222
2675,c,147.6961201571222,147.6961201571222
2676,c,57.3859311395861,58.74609585170052
2677,c,147.6961201571222,147.6961201571222
2678,c,147.6961201571222,147.6961201571222
2679,t,147.6961201571222,147.6961201571222
2680,c,26.96836880854771,34.28499870054737
2681,c,16.639288384734687,20.304364804227756
2682,t,147.6961201571222,147.6961201571222
2683,c,147.6961201571222,147.6961201571222
2684,c,14.956490472453641,18.316444132692826
2685,c,26.73588585113996,35.32542591795649
2686,c,147.6961201571222,147.6961201571222
2687,t,147.6961201571222,147.6961201571222
2688,c,21.55795212787135,22.335718275490887
2689,c,147.6961201571222,147.6961201571222
2690,c,147.6961201571222,147.6961201571222
2691,c,14.519980945112858,25.001832510604807
2692,c,70.83989837980162,71.49238182234315
2693,c,147.6961201571222,147.6961201571222
2694,c,147.6961201571222,147.6961201571222
2695,t,147.6961201571222,147.6961201571222
2696,t,147.6961201571222,147.6961201571222
2697,c,147.6961201571222,147.6961201571222
2698,t,147.6961201571222,147.6961201571222
2699,c,147.6961201571222,147.6961201571222
2700,c,147.6961201571222,147.6961201571222
2701,t,147.6961201571222,147.6961201571222
2702,c,147.6961201571222,147.6961201571222
2703,c,147.6961201571222,147.6961201571222
2704,c,30.357115793087033,31.133521254356022
2705,c,10.698592363333244,15.767627077634248
2706,c,147.6961201571222,147.6961201571222
2707,c,28.013886771326078,32.73033910083369
2708,c,147.6961201571222,147.6961201571222
2709,c,28.88191635210206,29.65460402607746
2710,t,147.6961201571222,147.6961201571222
2711,t,147.6961201571222,147.6961201571222
2712,c,33.04545997156233,35.11473554463263
2713,t,147.6961201571222,147.6961201571222
2714,c,147.6961201571222,147.6961201571222
2715,c,147.6961201571222,147.6961201571222
2716,c,18.825699029587536,22.814222293255828
2717,t,147.6961201571222,147.6961201571222
2718,t,147.6961201571222,147.6961201571222
2719,t,147.6961201571222,147.6961201571222
2720,t,147.6961201571222,147.6961201571222
2721,c,19.85044100261631,21.350985433911024
2722,c,14.885933828040931,18.946222624757592
2723,c,147.6961201571222,147.6961201571222
2724,t,147.6961201571222,147.6961201571222
2725,c,147.6961201571222,147.6961201571222
2726,c,147.6961201571222,147.6961201571222
2727,c,34.85487733476287,39.978871686156666
2728,t,147.6961201571222,147.6961201571222
2729,c,147.6961201571222,147.6961201571222
2730,t,147.6961201571222,147.6961201571222
2731,c,26.718859967218798,27.66162280669823
2732,c,147.6961201571222,147.6961201571222
2733,c,23.354669138226,24.24615289630008
2734,t,147.6961201571222,147.6961201571222
2735,c,147.6961201571222,147.6961201571222
2736,c,147.6961201571222,147.6961201571222
2737,c,21.663029444103184,36.772788222615496
2738,c,147.6961201571222,147.6961201571222
2739,c,147.6961201571222,147.6961201571222
2740,c,147.6961201571222,147.6961201571222
2741,c,147.6961201571222,147.6961201571222
2742,c,147.6961201571222,147.6961201571222
2743,c,30.63444663307724,37.47339787025487
2744,t,147.6961201571222,147.6961201571222
2745,c,147.6961201571222,147.6961201571222
2746,c,147.6961201571222,147.6961201571222
2747,t,147.6961201571222,147.6961201571222
2748,c,23.7484011541087,44.50938769451136
2749,c,147.6961201571222,147.6961201571222
2750,c,25.530572902779454,27.787606271798367
2751,c,147.6961201571222,147.6961201571222
2752,t,147.6961201571222,147.6961201571222
2753,c,43.81496611695879,44.84548931609002
2754,c,38.313532101480384,41.0598365271732
2755,c,147.6961201571222,147.6961201571222
2756,c,147.6961201571222,147.6961201571222
2757,c,50.22480531845082,53.136288824679404
2758,c,46.79588903631606,48.50435994428877
2759,c,32.24292953055485,32.8733338584078
2760,na,0,1.3799505162291514
2761,c,28.57145605656925,30.149856087852044
2762,c,147.6961201571222,147.6961201571222
2763,c,147.6961201571222,147.6961201571222
2764,c,147.6961201571222,147.6961201571222
2765,c,147.6961201571222,147.6961201571222
2766,c,147.6961201571222,147.6961201571222
2767,c,147.6961201571222,147.6961201571222
2768,c,12.768485296930844,20.415975105403685
2769,c,35.72451709573862,52.32713594040447
2770,c,147.6961201571222,147.6961201571222
2771,c,13.559978528232747,147.6961201571222
2772,c,76.56329277332914,95.49742371247281
2773,na,0,7.852584102926027
2774,t,147.6961201571222,147.6961201571222
2775,c,23.511533530331455,147.6961201571222
2776,t,147.6961201571222,147.6961201571222
2777,t,147.6961201571222,147.6961201571222
2778,c,147.6961201571222,147.6961201571222
2779,c,147.6961201571222,147.6961201571222
2780,c,147.6961201571222,147.6961201571222
2781,c,147.6961201571222,147.6961201571222
2782,c,147.6961201571222,147.6961201571222
2783,c,147.6961201571222,147.6961201571222
2784,c,147.6961201571222,147.6961201571222
2785,c,36.253000129040394,36.45291281330128
2786,c,147.6961201571222,147.6961201571222
2787,c,147.6961201571222,147.6961201571222
2788,c,147.6961201571222,147.6961201571222
2789,t,147.6961201571222,147.6961201571222
2790,c,18.84574754656056,25.781318017393538
2791,c,147.6961201571222,147.6961201571222
2792,c,53.89935581963317,54.1299964961676
2793,c,33.774448302811535,34.084038786094375
2794,t,147.6961201571222,147.6961201571222
2795,c,147.6961201571222,147.6961201571222
2796,c,45.70325206867189,54.594089417738935
2797,c,147.6961201571222,147.6961201571222
2798,c,52.13658137476014,147.6961201571222
2799,c,147.6961201571222,147.6961201571222
2800,c,147.6961201571222,147.6961201571222
2801,c,30.362262596239216,33.785448820717164
2802,c,20.472829056535577,27.833735762541046
2803,c,147.6961201571222,147.6961201571222
2804,c,147.6961201571222,147.6961201571222
2805,t,147.6961201571222,147.6961201571222
2806,c,147.6961201571222,147.6961201571222
2807,c,147.6961201571222,147.6961201571222
2808,c,13.555319381630618,13.929640593229863
2809,c,88.83480281577552,97.10977632279514
2810,c,147.6961201571222,147.6961201571222
2811,c,147.6961201571222,147.6961201571222
2812,c,147.6961201571222,147.6961201571222
2813,c,39.164880590320166,42.360863879627175
2814,c,25.34739378989876,32.86621892656087
2815,c,147.6961201571222,147.6961201571222
2816,c,11.611124038245888,14.245260877096698
2817,c,35.27369868530638,37.60473683768517
2818,c,147.6961201571222,147.6961201571222
2819,c,15.683931988266979,16.027549463460698
2820,c,147.6961201571222,147.6961201571222
2821,c,147.6961201571222,147.6961201571222
2822,t,147.6961201571222,147.6961201571222
2823,c,147.6961201571222,147.6961201571222
2824,t,147.6961201571222,147.6961201571222
2825,c,147.6961201571222,147.6961201571222
2826,c,15.589300936474576,21.47307829036982
2827,c,31.0107310814753,31.127228229901526
2828,c,9.684718105622538,14.417919287198222
2829,t,147.6961201571222,147.6961201571222
2830,c,147.6961201571222,147.6961201571222
2831,c,147.6961201571222,147.6961201571222
2832,c,147.6961201571222,147.6961201571222
2833,c,147.6961201571222,147.6961201571222
2834,c,44.183116818822384,52.315504847205105
2835,c,5.368119434672447,5.962172525632399
2836,t,147.6961201571222,147.6961201571222
2837,c,147.6961201571222,147.6961201571222
2838,c,147.6961201571222,147.6961201571222
2839,c,147.6961201571222,147.6961201571222
2840,c,147.6961201571222,147.6961201571222
2841,c,147.6961201571222,147.6961201571222
2842,c,147.6961201571222,147.6961201571222
2843,c,147.6961201571222,147.6961201571222
2844,c,147.6961201571222,147.6961201571222
2845,c,147.6961201571222,147.6961201571222
2846,c,147.6961201571222,147.6961201571222
2847,t,147.6961201571222,147.6961201571222
2848,c,24.950748445171033,28.443415475135577
2849,t,147.6961201571222,147.6961201571222
2850,c,30.511889701867233,36.18867790466766
2851,t,147.6961201571222,147.6961201571222
2852,c,44.14418328310536,45.31973408910721
2853,c,147.6961201571222,147.6961201571222
2854,c,10.333622411116592,13.688109967752498
2855,t,147.6961201571222,147.6961201571222
2856,c,45.293801521566984,53.721185946195845
2857,c,5.015203704641195,14.923879651919469
2858,c,147.6961201571222,147.6961201571222
2859,c,17.779415158093165,147.6961201571222
2860,c,39.931908548548414,53.098320649868825
2861,c,51.54776763653628,62.7476061472347
2862,t,147.6961201571222,147.6961201571222
2863,c,147.6961201571222,147.6961201571222
2864,t,147.6961201571222,147.6961201571222
2865,c,147.6961201571222,147.6961201571222
2866,c,18.256079060833255,18.998042424177758
2867,c,147.6961201571222,147.6961201571222
2868,c,147.6961201571222,147.6961201571222
2869,t,147.6961201571222,147.6961201571222
2870,c,147.6961201571222,147.6961201571222
2871,c,116.98748876194549,117.37095817367096
2872,t,147.6961201571222,147.6961201571222
2873,c,91.50784480743653,94.02961318824335
2874,c,60.62573928115704,64.08533177512204
2875,c,139.24707584689222,147.6961201571222
2876,c,17.91728516811213,18.88990530754598
2877,t,147.6961201571222,147.6961201571222
2878,c,147.6961201571222,147.6961201571222
2879,c,30.446886339169,30.911889105400324
2880,c,147.6961201571222,147.6961201571222
2881,c,147.6961201571222,147.6961201571222
2882,c,48.7879125661864,51.075553342273864
2883,c,147.6961201571222,147.6961201571222
2884,c,147.6961201571222,147.6961201571222
2885,c,14.22834612424901,16.834492075572218
2886,c,5.048754644710347,6.579363288495917
2887,c,53.50108965787577,60.63715955992893
2888,na,-1,0
2889,t,147.6961201571222,147.6961201571222
2890,c,117.90618803191445,118.43634771944951
2891,c,147.6961201571222,147.6961201571222
2892,t,147.6961201571222,147.6961201571222
2893,c,147.6961201571222,147.6961201571222
2894,t,147.6961201571222,147.6961201571222
2895,c,50.366749476441576,55.69672144974469
2896,t,147.6961201571222,147.6961201571222
2897,c,147.6961201571222,147.6961201571222
2898,c,147.6961201571222,147.6961201571222
2899,c,147.6961201571222,147.6961201571222
2900,c,147.6961201571222,147.6961201571222
2901,c,33.4813644721578,38.41015262565172
2902,c,25.462765869952257,27.02313914733479
2903,c,24.770544243799552,27.000666752486513
2904,c,18.44052886153959,22.104098775319077
2905,c,147.6961201571222,147.6961201571222
2906,c,147.6961201571222,147.6961201571222
2907,c,147.6961201571222,147.6961201571222
2908,t,147.6961201571222,147.6961201571222
2909,c,147.6961201571222,147.6961201571222
2910,na,1.8296293932659917,9.29345208935569
2911,t,147.6961201571222,147.6961201571222
2912,t,147.6961201571222,147.6961201571222
2913,t,147.6961201571222,147.6961201571222
2914,c,147.6961201571222,147.6961201571222
2915,c,23.313008797122983,27.417481367519503
2916,c,48.41191844662988,49.60039293675034
2917,t,147.6961201571222,147.6961201571222
2918,c,34.518254929236825,41.12201061264099
2919,c,105.82247123483697,115.30947779308272
2920,c,26.57836423159876,31.752195106685022
2921,t,147.6961201571222,147.6961201571222
2922,c,147.6961201571222,147.6961201571222
2923,c,15.560294353022206,21.991490195380848
2924,c,147.6961201571222,147.6961201571222
2925,c,147.6961201571222,147.6961201571222
2926,t,147.6961201571222,147.6961201571222
2927,c,41.654045814796916,44.71808984702966
2928,c,4.361087457547124,17.911741559107593
2929,c,147.6961201571222,147.6961201571222
2930,c,23.00552862562702,23.412328898901226
2931,t,147.6961201571222,147.6961201571222
2932,c,21.509742076377954,23.803427514526053
2933,c,147.6961201571222,147.6961201571222
2934,c,147.6961201571222,147.6961201571222
2935,t,147.6961201571222,147.6961201571222
2936,t,147.6961201571222,147.6961201571222
2937,c,147.6961201571222,147.6961201571222
2938,c,147.6961201571222,147.6961201571222
2939,c,147.6961201571222,147.6961201571222
2940,c,147.6961201571222,147.6961201571222
2941,c,11.749877191702964,14.741889168849191
2942,t,147.6961201571222,147.6961201571222
2943,c,147.6961201571222,147.6961201571222
2944,c,37.94029029052701,43.6334813209009
2945,c,19.47664296059159,22.287288059494298
2946,t,147.6961201571222,147.6961201571222
2947,c,147.6961201571222,147.6961201571222
2948,t,147.6961201571222,147.6961201571222
2949,c,147.6961201571222,147.6961201571222
2950,c,25.18831192662608,27.687237287094618
2951,c,147.6961201571222,147.6961201571222
2952,t,147.6961201571222,147.6961201571222
2953,c,147.6961201571222,147.6961201571222
2954,c,27.171905439534548,28.93483891928654
2955,t,147.6961201571222,147.6961201571222
2956,c,35.85408371782229,40.136900212040175
2957,c,16.04745962604751,20.136998976140614
2958,t,147.6961201571222,147.6961201571222
2959,t,147.6961201571222,147.6961201571222
2960,c,49.78590180451445,50.10137810374658
2961,t,147.6961201571222,147.6961201571222
2962,t,147.6961201571222,147.6961201571222
2963,c,55.50926441188922,58.06511953834101
2964,t,147.6961201571222,147.6961201571222
2965,c,147.6961201571222,147.6961201571222
2966,na,0,3.4044386933965813
2967,c,147.6961201571222,147.6961201571222
2968,c,57.24370811433485,57.320273446151695
2969,t,147.6961201571222,147.6961201571222
2970,c,11.821572279521579,14.73102141348143
2971,c,85.19122785119973,90.62307446426945
2972,c,6.68310804259444,29.73352067303266
2973,c,147.6961201571222,147.6961201571222
2974,c,21.351768834418575,28.048428497075243
2975,na,8.194909441556481,8.620702203050945
2976,c,23.562858283702084,147.6961201571222
2977,c,147.6961201571222,147.6961201571222
2978,t,147.6961201571222,147.6961201571222
2979,c,115.17127712111545,115.48514517782907
2980,c,147.6961201571222,147.6961201571222
2981,c,5.585686572436004,7.516630522386823
2982,c,39.64911834834943,48.23354995618247
2983,c,38.373377135589635,40.69129817698237
2984,c,39.965687515647666,40.93838058195272
2985,t,147.6961201571222,147.6961201571222
2986,t,147.6961201571222,147.6961201571222
2987,c,147.6961201571222,147.6961201571222
2988,c,12.581984629368586,22.40329767798496
2989,t,147.6961201571222,147.6961201571222
2990,c,147.6961201571222,147.6961201571222
2991,c,24.634576185086534,30.32329476420405
2992,c,147.6961201571222,147.6961201571222
2993,c,39.77419155038857,41.718983412098815
2994,c,147.6961201571222,147.6961201571222
2995,c,147.6961201571222,147.6961201571222
2996,c,147.6961201571222,147.6961201571222
2997,t,147.6961201571222,147.6961201571222
2998,c,15.573216625373822,24.611373844801662
2999,t,147.6961201571222,147.6961201571222
3000,c,21.100081366170944,37.14355188929295
3001,c,21.76233669412383,23.808572922945977
3002,t,147.6961201571222,147.6961201571222
3003,c,147.6961201571222,147.6961201571222
3004,c,24.314535701947204,25.656521673772364
3005,c,147.6961201571222,147.6961201571222
3006,c,147.6961201571222,147.6961201571222
3007,c,31.37916266036095,40.09051195628643
3008,c,147.6961201571222,147.6961201571222
3009,t,147.6961201571222,147.6961201571222
3010,c,147.6961201571222,147.6961201571222
3011,c,147.6961201571222,147.6961201571222
3012,c,39.777088830424965,48.62072473775444
3013,t,147.6961201571222,147.6961201571222
3014,c,147.6961201571222,147.6961201571222
3015,c,147.6961201571222,147.6961201571222
3016,c,21.22489748054838,24.64443570609528
3017,c,24.767187495711052,24.976654409745493
3018,c,41.34486070877034,43.42117844400572
3019,t,147.6961201571222,147.6961201571222
3020,c,147.6961201571222,147.6961201571222
3021,c,147.6961201571222,147.6961201571222
3022,c,147.6961201571222,147.6961201571222
3023,c,14.6433975897991,14.840498401470795
3024,c,67.85543871260327,69.6119531006327
3025,c,16.176284096863192,147.6961201571222
3026,t,147.6961201571222,147.6961201571222
3027,c,147.6961201571222,147.6961201571222
3028,c,13.871605360717709,14.746235242509274
3029,c,147.6961201571222,147.6961201571222
3030,c,43.43014285923141,43.46168560218826
3031,c,147.6961201571222,147.6961201571222
3032,c,147.6961201571222,147.6961201571222
3033,c,147.6961201571222,147.6961201571222
3034,c,21.69504562778571,21.791513220319334
3035,c,29.00742261189871,29.24470109454168
3036,c,9.533883748281955,25.58775593404613
3037,c,147.6961201571222,147.6961201571222
3038,c,147.6961201571222,147.6961201571222
3039,c,36.89440134957829,36.908788193413926
3040,t,147.6961201571222,147.6961201571222
3041,c,9.628515850981723,14.25184591914215
3042,c,147.6961201571222,147.6961201571222
3043,t,147.6961201571222,147.6961201571222
3044,c,147.6961201571222,147.6961201571222
3045,c,147.6961201571222,147.6961201571222
3046,c,19.044510930050173,22.04865492820133
3047,c,147.6961201571222,147.6961201571222
3048,t,147.6961201571222,147.6961201571222
3049,c,147.6961201571222,147.6961201571222
3050,c,147.6961201571222,147.6961201571222
3051,c,24.022066153011828,26.985997819416145
3052,t,147.6961201571222,147.6961201571222
3053,c,147.6961201571222,147.6961201571222
3054,t,147.6961201571222,147.6961201571222
3055,c,147.6961201571222,147.6961201571222
3056,c,147.6961201571222,147.6961201571222
3057,t,147.6961201571222,147.6961201571222
3058,t,147.6961201571222,147.6961201571222
3059,c,29.72789075466807,38.51783381217228
3060,na,0,2.6548567998776917
3061,c,147.6961201571222,147.6961201571222
3062,t,147.6961201571222,147.6961201571222
3063,c,32.31442676049477,147.6961201571222
3064,c,17.587063687396615,25.44332859323974
3065,c,29.670171918216198,147.6961201571222
3066,c,29.018700401712948,32.29123629089766
3067,c,15.137558369656496,17.82038153622313
3068,c,147.6961201571222,147.6961201571222
3069,t,147.6961201571222,147.6961201571222
3070,c,31.36654037031531,147.6961201571222
3071,c,147.6961201571222,147.6961201571222
3072,c,147.6961201571222,147.6961201571222
3073,c,147.6961201571222,147.6961201571222
3074,c,52.46139198996477,54.177369357730946
3075,c,147.6961201571222,147.6961201571222
3076,c,29.75887700254376,37.53959072366264
3077,t,147.6961201571222,147.6961201571222
3078,c,147.6961201571222,147.6961201571222
3079,c,147.6961201571222,147.6961201571222
3080,c,147.6961201571222,147.6961201571222
3081,c,147.6961201571222,147.6961201571222
3082,c,55.931722103268775,58.69504928119138
3083,c,147.6961201571222,147.6961201571222
3084,c,147.6961201571222,147.6961201571222
3085,c,147.6961201571222,147.6961201571222
3086,t,147.6961201571222,147.6961201571222
3087,c,28.72853721094198,30.236195211710122
3088,c,147.6961201571222,147.6961201571222
3089,c,12.409920518815126,18.010460425123313
3090,c,4.606652697922036,8.367863296598022
3091,c,20.609737043970924,20.983545304975287
3092,c,147.6961201571222,147.6961201571222
3093,c,52.58648300213027,55.430554452814214
3094,c,147.6961201571222,147.6961201571222
3095,t,147.6961201571222,147.6961201571222
3096,t,147.6961201571222,147.6961201571222
3097,c,37.157244619373984,37.90966092715261
3098,c,147.6961201571222,147.6961201571222
3099,c,147.6961201571222,147.6961201571222
3100,t,147.6961201571222,147.6961201571222
3101,c,59.29807376091705,63.98353247581409
3102,c,147.6961201571222,147.6961201571222
3103,c,27.25834970870928,41.754330787844495
3104,c,147.6961201571222,147.6961201571222
3105,c,33.25527131983282,40.04746549084912
3106,c,147.6961201571222,147.6961201571222
3107,t,147.6961201571222,147.6961201571222
3108,c,147.6961201571222,147.6961201571222
3109,c,147.6961201571222,147.6961201571222
3110,c,16.34425785080404,49.1926670165834
3111,c,147.6961201571222,147.6961201571222
3112,c,147.6961201571222,147.6961201571222
3113,c,147.6961201571222,147.6961201571222
3114,c,14.746386710911539,18.81347395662079
3115,c,37.03989998904062,41.36251385935377
3116,c,147.6961201571222,147.6961201571222
3117,c,147.6961201571222,147.6961201571222
3118,c,147.6961201571222,147.6961201571222
3119,c,147.6961201571222,147.6961201571222
3120,c,147.6961201571222,147.6961201571222
3121,c,147.6961201571222,147.6961201571222
3122,c,147.6961201571222,147.6961201571222
3123,na,1.2641573907582344,10.562442297495098
3124,c,147.6961201571222,147.6961201571222
3125,c,25.415803543210927,33.67104760920478
3126,c,147.6961201571222,147.6961201571222
3127,c,23.943089873008446,24.63241736009552
3128,t,147.6961201571222,147.6961201571222
3129,c,147.6961201571222,147.6961201571222
3130,c,147.6961201571222,147.6961201571222
3131,t,147.6961201571222,147.6961201571222
3132,c,147.6961201571222,147.6961201571222
3133,t,147.6961201571222,147.6961201571222
3134,c,36.46821210668659,36.94412739226998
3135,c,20.033782530546798,20.862919331324104
3136,t,147.6961201571222,147.6961201571222
3137,na,0,2.0594129793007614
3138,c,39.22267050738714,39.72254052225858
3139,c,147.6961201571222,147.6961201571222
3140,c,24.439367814856322,27.394053824980077
3141,na,3.1924384295133015,4.934758032294996
3142,c,37.45520160270875,40.552755378754966
3143,c,147.6961201571222,147.6961201571222
3144,c,147.6961201571222,147.6961201571222
3145,c,147.6961201571222,147.6961201571222
3146,c,147.6961201571222,147.6961201571222
3147,c,8.860512999947595,147.6961201571222
3148,c,147.6961201571222,147.6961201571222
3149,c,147.6961201571222,147.6961201571222
3150,c,8.64397228261399,14.872759684663798
3151,c,14.628795061221675,23.382439530145092
3152,c,36.50836256083915,44.8019239888378
3153,t,147.6961201571222,147.6961201571222
3154,c,147.6961201571222,147.6961201571222
3155,c,147.6961201571222,147.6961201571222
3156,c,147.6961201571222,147.6961201571222
3157,na,-1,0
3158,c,147.6961201571222,147.6961201571222
3159,t,147.6961201571222,147.6961201571222
3160,c,147.6961201571222,147.6961201571222
3161,t,147.6961201571222,147.6961201571222
3162,t,147.6961201571222,147.6961201571222
3163,t,147.6961201571222,147.6961201571222
3164,c,147.6961201571222,147.6961201571222
3165,c,147.6961201571222,147.6961201571222
3166,c,11.47700577126067,20.08671196510485
3167,t,147.6961201571222,147.6961201571222
3168,c,11.575029584291036,17.158511879987483
3169,t,147.6961201571222,147.6961201571222
3170,c,147.6961201571222,147.6961201571222
3171,c,147.6961201571222,147.6961201571222
3172,c,147.6961201571222,147.6961201571222
3173,c,147.6961201571222,147.6961201571222
3174,t,147.6961201571222,147.6961201571222
3175,c,33.58856439182339,34.61659532509682
3176,c,21.828248367653988,22.624388902638366
3177,c,147.6961201571222,147.6961201571222
3178,c,147.6961201571222,147.6961201571222
3179,c,147.6961201571222,147.6961201571222
3180,t,147.6961201571222,147.6961201571222
3181,c,147.6961201571222,147.6961201571222
3182,t,147.6961201571222,147.6961201571222
3183,c,147.6961201571222,147.6961201571222
3184,t,147.6961201571222,147.6961201571222
3185,c,19.21150551687254,19.81688658506365
3186,c,147.6961201571222,147.6961201571222
3187,c,147.6961201571222,147.6961201571222
3188,c,147.6961201571222,147.6961201571222
3189,c,22.469097979094926,32.41060994816204
3190,t,147.6961201571222,147.6961201571222
3191,c,147.6961201571222,147.6961201571222
3192,c,147.6961201571222,147.6961201571222
3193,c,147.6961201571222,147.6961201571222
3194,c,22.282295357366795,28.72697149890724
3195,c,147.6961201571222,147.6961201571222
3196,t,147.6961201571222,147.6961201571222
3197,c,28.0574735860762,33.5073846340816
3198,t,147.6961201571222,147.6961201571222
3199,c,147.6961201571222,147.6961201571222
3200,c,19.861819658751905,22.04171032584952
3201,c,147.6961201571222,147.6961201571222
3202,c,147.6961201571222,147.6961201571222
3203,c,147.6961201571222,147.6961201571222
3204,c,147.6961201571222,147.6961201571222
3205,c,147.6961201571222,147.6961201571222
3206,c,147.6961201571222,147.6961201571222
3207,c,30.65226859891338,38.75890015433845
3208,c,52.86605326077039,53.87014522055138
3209,c,147.6961201571222,147.6961201571222
3210,c,50.80674813219456,57.75732905298466
3211,c,10.882368030451769,10.925669806698009
3212,c,147.6961201571222,147.6961201571222
3213,c,147.6961201571222,147.6961201571222
3214,c,147.6961201571222,147.6961201571222
3215,c,8.967895071580115,12.865574932199415
3216,c,147.6961201571222,147.6961201571222
3217,c,147.6961201571222,147.6961201571222
3218,c,147.6961201571222,147.6961201571222
3219,c,147.6961201571222,147.6961201571222
3220,t,147.6961201571222,147.6961201571222
3221,c,147.6961201571222,147.6961201571222
3222,c,21.417315088917253,147.6961201571222
3223,c,147.6961201571222,147.6961201571222
3224,c,36.74033384704813,40.05735161403959
3225,c,147.6961201571222,147.6961201571222
3226,c,147.6961201571222,147.6961201571222
3227,c,147.6961201571222,147.6961201571222
3228,c,20.58961273986646,23.652331445973665
3229,t,147.6961201571222,147.6961201571222
3230,c,10.29044373390156,12.702821096090098
3231,c,52.855488509396956,65.56187769681925
3232,c,147.6961201571222,147.6961201571222
3233,c,147.6961201571222,147.6961201571222
3234,t,147.6961201571222,147.6961201571222
3235,c,147.6961201571222,147.6961201571222
3236,c,22.10317266834024,22.254918997775874
3237,c,147.6961201571222,147.6961201571222
3238,c,147.6961201571222,147.6961201571222
3239,t,147.6961201571222,147.6961201571222
3240,c,19.33669730484334,26.93705281110224
3241,c,147.6961201571222,147.6961201571222
3242,c,27.00594251966293,36.86360248305189
3243,c,25.544168913211706,28.862530543462146
3244,t,147.6961201571222,147.6961201571222
3245,c,147.6961201571222,147.6961201571222
3246,na,0,8.108650795366868
3247,t,147.6961201571222,147.6961201571222
3248,c,147.6961201571222,147.6961201571222
3249,t,147.6961201571222,147.6961201571222
3250,c,32.39176568259436,37.18345639952947
3251,c,12.371388745017493,17.699910839922214
3252,c,147.6961201571222,147.6961201571222
3253,t,147.6961201571222,147.6961201571222
3254,c,147.6961201571222,147.6961201571222
3255,c,50.578900906900536,51.463200706748715
3256,c,147.6961201571222,147.6961201571222
3257,c,29.574468904144055,35.80515643023661
3258,c,147.6961201571222,147.6961201571222
3259,t,147.6961201571222,147.6961201571222
3260,na,0,1.3264450983055174
3261,c,39.14967871014818,48.40283641449251
3262,c,147.6961201571222,147.6961201571222
3263,c,147.6961201571222,147.6961201571222
3264,c,147.6961201571222,147.6961201571222
3265,c,147.6961201571222,147.6961201571222
3266,t,147.6961201571222,147.6961201571222
3267,c,147.6961201571222,147.6961201571222
3268,t,147.6961201571222,147.6961201571222
3269,c,56.62485057036322,63.020845224297084
3270,c,147.6961201571222,147.6961201571222
3271,c,28.45913635947331,34.0874342919485
3272,na,4.859527063752219,5.2070520557274875
3273,c,147.6961201571222,147.6961201571222
3274,c,25.466589241931796,30.49674618753146
3275,c,147.6961201571222,147.6961201571222
3276,c,147.6961201571222,147.6961201571222
3277,t,147.6961201571222,147.6961201571222
3278,c,34.98767585391813,36.548147689677286
3279,c,35.26973440723339,43.220914273683746
3280,c,147.6961201571222,147.6961201571222
3281,c,23.84873504033697,27.493180508923086
3282,t,147.6961201571222,147.6961201571222
3283,c,147.6961201571222,147.6961201571222
3284,c,18.441373123928283,27.185767281182176
3285,t,147.6961201571222,147.6961201571222
3286,t,147.6961201571222,147.6961201571222
3287,c,147.6961201571222,147.6961201571222
3288,c,147.6961201571222,147.6961201571222
3289,c,22.622419566341016,31.704209509842975
3290,c,147.6961201571222,147.6961201571222
3291,c,147.6961201571222,147.6961201571222
3292,t,147.6961201571222,147.6961201571222
3293,c,147.6961201571222,147.6961201571222
3294,c,147.6961201571222,147.6961201571222
3295,c,26.624618037966655,27.03907516442769
3296,na,-1,0
3297,c,49.60580089940436,52.30109402132466
3298,c,147.6961201571222,147.6961201571222
3299,c,147.6961201571222,147.6961201571222
3300,c,47.769163979851605,147.6961201571222
3301,c,19.57722019605056,19.66159909957688
3302,c,45.099322408277466,67.75241992914627
3303,c,147.6961201571222,147.6961201571222
3304,t,147.6961201571222,147.6961201571222
3305,c,147.6961201571222,147.6961201571222
3306,t,147.6961201571222,147.6961201571222
3307,t,147.6961201571222,147.6961201571222
3308,t,147.6961201571222,147.6961201571222
3309,c,147.6961201571222,147.6961201571222
3310,t,147.6961201571222,147.6961201571222
3311,c,147.6961201571222,147.6961201571222
3312,t,147.6961201571222,147.6961201571222
3313,c,147.6961201571222,147.6961201571222
3314,c,26.854345149486267,27.66029166910098
3315,c,147.6961201571222,147.6961201571222
3316,c,147.6961201571222,147.6961201571222
3317,na,12.651987486059904,16.430822122063685
3318,c,147.6961201571222,147.6961201571222
3319,t,147.6961201571222,147.6961201571222
3320,t,147.6961201571222,147.6961201571222
3321,t,147.6961201571222,147.6961201571222
3322,c,147.6961201571222,147.6961201571222
3323,t,147.6961201571222,147.6961201571222
3324,c,147.6961201571222,147.6961201571222
3325,t,147.6961201571222,147.6961201571222
3326,c,147.6961201571222,147.6961201571222
3327,c,147.6961201571222,147.6961201571222
3328,c,147.6961201571222,147.6961201571222
3329,c,147.6961201571222,147.6961201571222
3330,c,147.6961201571222,147.6961201571222
3331,c,50.857701703536726,51.04005493555758
3332,c,66.57457794925999,67.97700525131494
3333,c,147.6961201571222,147.6961201571222
3334,c,9.327797427454033,147.6961201571222
3335,c,33.20458001454771,50.8662570309526
3336,t,147.6961201571222,147.6961201571222
3337,c,37.48988959549038,41.86967184276395
3338,c,29.245571774989937,32.028025983323815
3339,c,57.19489313295085,60.39787108663821
3340,t,147.6961201571222,147.6961201571222
3341,c,147.6961201571222,147.6961201571222
3342,c,147.6961201571222,147.6961201571222
3343,c,1.1818540843063206,7.755596433362666
3344,c,5.029537031879484,6.138943299560328
3345,t,147.6961201571222,147.6961201571222
3346,c,147.6961201571222,147.6961201571222
3347,c,147.6961201571222,147.6961201571222
3348,t,147.6961201571222,147.6961201571222
3349,c,15.779237686836957,18.31236922371381
3350,c,147.6961201571222,147.6961201571222
3351,t,147.6961201571222,147.6961201571222
3352,t,147.6961201571222,147.6961201571222
3353,c,147.6961201571222,147.6961201571222
3354,c,19.903661758386402,22.275896120184775
3355,c,147.6961201571222,147.6961201571222
3356,c,147.6961201571222,147.6961201571222
3357,c,147.6961201571222,147.6961201571222
3358,c,147.6961201571222,147.6961201571222
3359,c,147.6961201571222,147.6961201571222
3360,c,24.343263398565014,33.36246998178991
3361,c,147.6961201571222,147.6961201571222
3362,c,49.93737198386784,52.351540357739054
3363,c,29.6053383983022,38.80326151744202
3364,c,30.408588630415135,32.95213587406465
3365,c,30.55820595751889,32.399771164849156
3366,c,147.6961201571222,147.6961201571222
3367,c,20.33586816861093,147.6961201571222
3368,c,19.72869150999491,21.593275975391432
3369,t,147.6961201571222,147.6961201571222
3370,c,147.6961201571222,147.6961201571222
3371,c,41.61586336497991,45.80583734510258
3372,c,27.536234547338278,29.424542028523767
3373,c,52.17316527548229,55.55511622897777
3374,c,147.6961201571222,147.6961201571222
3375,c,147.6961201571222,147.6961201571222
3376,c,147.6961201571222,147.6961201571222
3377,c,147.6961201571222,147.6961201571222
3378,c,147.6961201571222,147.6961201571222
3379,c,5.69359710204134,6.990981994370219
3380,c,33.85614317415393,40.72381534877479
3381,c,30.362300921411762,34.481930181009986
3382,c,147.6961201571222,147.6961201571222
3383,c,147.6961201571222,147.6961201571222
3384,t,147.6961201571222,147.6961201571222
3385,c,12.281427007431894,20.936683703395534
3386,t,147.6961201571222,147.6961201571222
3387,c,35.2998692599928,43.12654043349854
3388,c,147.6961201571222,147.6961201571222
3389,c,83.19642089796544,83.68090948296718
3390,c,39.445610790418264,41.828736391268436
3391,t,147.6961201571222,147.6961201571222
3392,c,147.6961201571222,147.6961201571222
3393,c,34.57284947017161,47.440962002838155
3394,c,147.6961201571222,147.6961201571222
3395,t,147.6961201571222,147.6961201571222
3396,c,147.6961201571222,147.6961201571222
3397,t,147.6961201571222,147.6961201571222
3398,c,147.6961201571222,147.6961201571222
3399,t,147.6961201571222,147.6961201571222
3400,na,0,1.7091103651404915
3401,t,147.6961201571222,147.6961201571222
3402,c,147.6961201571222,147.6961201571222
3403,c,147.6961201571222,147.6961201571222
3404,c,13.923323232538452,31.31752654168964
3405,c,23.59937330035042,27.895758801936598
3406,c,42.56632520361449,45.11673585870648
3407,c,31.330188230930663,32.98962935416157
3408,c,147.6961201571222,147.6961201571222
3409,c,30.440526581335778,36.52592203352253
3410,c,147.6961201571222,147.6961201571222
3411,c,21.583116745429795,35.293221010563336
3412,t,147.6961201571222,147.6961201571222
3413,c,147.6961201571222,147.6961201571222
3414,c,147.6961201571222,147.6961201571222
3415,c,147.6961201571222,147.6961201571222
3416,c,63.32289330785535,66.84132404809577
3417,c,147.6961201571222,147.6961201571222
3418,c,43.382276116622606,47.09783291744424
3419,c,147.6961201571222,147.6961201571222
3420,c,147.6961201571222,147.6961201571222
3421,t,147.6961201571222,147.6961201571222
3422,t,147.6961201571222,147.6961201571222
3423,c,11.92900568709468,17.511514140574306
3424,c,7.596214836908844,147.6961201571222
3425,c,147.6961201571222,147.6961201571222
3426,c,147.6961201571222,147.6961201571222
3427,c,147.6961201571222,147.6961201571222
3428,c,147.6961201571222,147.6961201571222
3429,c,147.6961201571222,147.6961201571222
3430,c,23.696952244941077,32.27830735605722
3431,t,147.6961201571222,147.6961201571222
3432,c,12.763184846753274,19.86509058874908
3433,c,38.216897650438426,50.438262416340336
3434,c,147.6961201571222,147.6961201571222
3435,c,147.6961201571222,147.6961201571222
3436,c,12.65480058267857,24.63775558147355
3437,t,147.6961201571222,147.6961201571222
3438,c,147.6961201571222,147.6961201571222
3439,c,147.6961201571222,147.6961201571222
3440,c,147.6961201571222,147.6961201571222
3441,c,30.586032443318544,34.398086397876064
3442,c,147.6961201571222,147.6961201571222
3443,c,147.6961201571222,147.6961201571222
3444,c,147.6961201571222,147.6961201571222
3445,t,147.6961201571222,147.6961201571222
3446,c,21.361820663926256,27.611788547249862
3447,t,147.6961201571222,147.6961201571222
3448,c,12.518623364421044,23.50413072752254
3449,c,48.030674918629224,50.94028367138273
3450,c,30.368577483680184,32.266069705189594
3451,c,147.6961201571222,147.6961201571222
3452,c,12.309124810965558,16.059011907584285
3453,c,2.8668384412890116,4.635173888428606
3454,c,147.6961201571222,147.6961201571222
3455,c,147.6961201571222,147.6961201571222
3456,c,49.82446215108641,65.59015774691095
3457,t,147.6961201571222,147.6961201571222
3458,c,147.6961201571222,147.6961201571222
3459,t,147.6961201571222,147.6961201571222
3460,c,32.73184492273807,34.23253967675469
3461,c,25.116805910864972,28.827497211008833
3462,c,147.6961201571222,147.6961201571222
3463,c,147.6961201571222,147.6961201571222
3464,c,147.6961201571222,147.6961201571222
3465,c,23.256425872695132,32.554337360515355
3466,c,147.6961201571222,147.6961201571222
3467,c,147.6961201571222,147.6961201571222
3468,c,147.6961201571222,147.6961201571222
3469,c,34.35998856702414,37.00893148085009
3470,c,147.6961201571222,147.6961201571222
3471,c,38.020939813588065,147.6961201571222
3472,c,21.82473438067006,32.03955703458172
3473,c,24.816827329348904,147.6961201571222
3474,t,147.6961201571222,147.6961201571222
3475,t,147.6961201571222,147.6961201571222
3476,t,147.6961201571222,147.6961201571222
3477,c,147.6961201571222,147.6961201571222
3478,c,147.6961201571222,147.6961201571222
3479,c,147.6961201571222,147.6961201571222
3480,c,9.01737520900014,14.384951373640218
3481,c,14.920192315650707,22.016869814067483
3482,t,147.6961201571222,147.6961201571222
3483,c,25.693969767275608,147.6961201571222
3484,c,26.70747951675414,32.958499503997096
3485,c,147.6961201571222,147.6961201571222
3486,c,15.048069336870075,15.376793973717312
3487,c,147.6961201571222,147.6961201571222
3488,c,11.63741175857078,12.604404162095841
3489,c,147.6961201571222,147.6961201571222
3490,c,147.6961201571222,147.6961201571222
3491,c,50.68264445348288,57.805240308796456
3492,c,147.6961201571222,147.6961201571222
3493,t,147.6961201571222,147.6961201571222
3494,c,27.947172549331363,30.451524122560176
3495,c,147.6961201571222,147.6961201571222
3496,c,147.6961201571222,147.6961201571222
3497,c,147.6961201571222,147.6961201571222
3498,c,147.6961201571222,147.6961201571222
3499,c,147.6961201571222,147.6961201571222
3500,c,147.6961201571222,147.6961201571222
3501,t,147.6961201571222,147.6961201571222
3502,c,44.729106079371675,44.92985800435548
3503,c,147.6961201571222,147.6961201571222
3504,c,23.842668444314775,34.6868266327534
3505,c,147.6961201571222,147.6961201571222
3506,t,147.6961201571222,147.6961201571222
3507,c,21.106309663670793,30.98831262305229
3508,c,147.6961201571222,147.6961201571222
3509,c,28.89794156924799,29.929576515436676
3510,c,147.6961201571222,147.6961201571222
3511,t,147.6961201571222,147.6961201571222
3512,c,37.2156013865713,38.752888692192954
3513,c,147.6961201571222,147.6961201571222
3514,c,31.29066442421711,31.319198028825873
3515,t,147.6961201571222,147.6961201571222
3516,t,147.6961201571222,147.6961201571222
3517,c,25.005384708560268,30.87835782591411
3518,c,147.6961201571222,147.6961201571222
3519,c,147.6961201571222,147.6961201571222
3520,c,147.6961201571222,147.6961201571222
3521,t,147.6961201571222,147.6961201571222
3522,t,147.6961201571222,147.6961201571222
3523,t,147.6961201571222,147.6961201571222
3524,t,147.6961201571222,147.6961201571222
3525,c,26.666047126836173,31.4043125514962
3526,c,147.6961201571222,147.6961201571222
3527,t,147.6961201571222,147.6961201571222
3528,c,147.6961201571222,147.6961201571222
3529,t,147.6961201571222,147.6961201571222
3530,c,26.725478689994578,33.63801632153783
3531,c,25.74527831778028,29.45842391229819
3532,c,147.6961201571222,147.6961201571222
3533,na,0.8269776504308977,11.501425340420699
3534,c,7.1422987426539555,13.484223120089407
3535,c,14.46009125231639,29.089462624068986
3536,t,147.6961201571222,147.6961201571222
3537,c,147.6961201571222,147.6961201571222
3538,c,30.62350221550495,33.00919040957458
3539,c,39.83865653941795,49.463436239362466
3540,c,147.6961201571222,147.6961201571222
3541,c,38.04430771927758,147.6961201571222
3542,na,-1,0
3543,t,147.6961201571222,147.6961201571222
3544,c,63.90308183127257,66.81716121605916
3545,t,147.6961201571222,147.6961201571222
3546,c,147.6961201571222,147.6961201571222
3547,t,147.6961201571222,147.6961201571222
3548,c,13.625581940766384,17.63550384288783
3549,c,147.6961201571222,147.6961201571222
3550,c,27.552598856008427,147.6961201571222
3551,c,147.6961201571222,147.6961201571222
3552,c,18.955020989509528,25.116567650872568
3553,t,147.6961201571222,147.6961201571222
3554,na,0,12.918841024721797
3555,c,147.6961201571222,147.6961201571222
3556,c,22.934490506793015,30.89863892288175
3557,c,147.6961201571222,147.6961201571222
3558,c,147.6961201571222,147.6961201571222
3559,c,147.6961201571222,147.6961201571222
3560,c,147.6961201571222,147.6961201571222
3561,c,17.51898238341019,30.631959384450614
3562,t,147.6961201571222,147.6961201571222
3563,t,147.6961201571222,147.6961201571222
3564,t,147.6961201571222,147.6961201571222
3565,c,147.6961201571222,147.6961201571222
3566,c,147.6961201571222,147.6961201571222
3567,na,0,0.5939410903180591
3568,c,147.6961201571222,147.6961201571222
3569,c,147.6961201571222,147.6961201571222
3570,t,147.6961201571222,147.6961201571222
3571,t,147.6961201571222,147.6961201571222
3572,c,18.894403772235343,25.308508015438363
3573,c,147.6961201571222,147.6961201571222
3574,c,37.3588132231151,37.81512887924525
3575,c,1.6608147291082245,4.157578315072085
3576,na,0,30.902323534966413
3577,t,147.6961201571222,147.6961201571222
3578,c,147.6961201571222,147.6961201571222
3579,c,147.6961201571222,147.6961201571222
3580,c,147.6961201571222,147.6961201571222
3581,c,147.6961201571222,147.6961201571222
3582,c,147.6961201571222,147.6961201571222
3583,c,14.179322884991686,15.251341211146006
3584,c,72.92352083217388,76.746760076411
3585,c,147.6961201571222,147.6961201571222
3586,t,147.6961201571222,147.6961201571222
3587,t,147.6961201571222,147.6961201571222
3588,c,147.6961201571222,147.6961201571222
3589,t,147.6961201571222,147.6961201571222
3590,c,147.6961201571222,147.6961201571222
3591,c,38.993890470325994,43.370364820689126
3592,c,28.988140188433658,147.6961201571222
3593,t,147.6961201571222,147.6961201571222
3594,t,147.6961201571222,147.6961201571222
3595,c,15.049922459137818,19.21564964067887
3596,t,147.6961201571222,147.6961201571222
3597,c,18.399794165118053,21.773805553140406
3598,c,147.6961201571222,147.6961201571222
3599,t,147.6961201571222,147.6961201571222
3600,t,147.6961201571222,147.6961201571222
3601,c,64.25523257889587,66.06211403239521
3602,c,147.6961201571222,147.6961201571222
3603,c,29.4248301163775,31.730774679314575
3604,c,147.6961201571222,147.6961201571222
3605,c,36.27359793837108,42.77732670844862
3606,c,147.6961201571222,147.6961201571222
3607,t,147.6961201571222,147.6961201571222
3608,c,22.261942753363034,25.373909722257878
3609,t,147.6961201571222,147.6961201571222
3610,c,13.766952490463748,16.799443264338283
3611,c,22.59585133412429,33.84586078430443
3612,c,147.6961201571222,147.6961201571222
3613,c,22.01140755294675,29.65615747560206
3614,t,147.6961201571222,147.6961201571222
3615,c,147.6961201571222,147.6961201571222
3616,c,27.2462146969035,45.23672170184059
3617,na,0,8.948708589463097
3618,c,8.485172850659959,8.640614510512277
3619,c,147.6961201571222,147.6961201571222
3620,c,34.65347578460092,37.67372909412527
3621,c,147.6961201571222,147.6961201571222
3622,c,59.1164602753386,62.24046098654122
3623,t,147.6961201571222,147.6961201571222
3624,c,147.6961201571222,147.6961201571222
3625,c,30.539541834881184,147.6961201571222
3626,t,147.6961201571222,147.6961201571222
3627,c,147.6961201571222,147.6961201571222
3628,c,147.6961201571222,147.6961201571222
3629,c,147.6961201571222,147.6961201571222
3630,c,147.6961201571222,147.6961201571222
3631,c,40.973962553340904,43.60875289568812
3632,c,147.6961201571222,147.6961201571222
3633,c,2.3988549138387905,2.427176075708769
3634,c,147.6961201571222,147.6961201571222
3635,c,7.9179566981539296,8.220551601769497
3636,t,147.6961201571222,147.6961201571222
3637,c,147.6961201571222,147.6961201571222
3638,c,5.126003373672068,10.074575591236716
3639,c,147.6961201571222,147.6961201571222
3640,c,147.6961201571222,147.6961201571222
3641,c,147.6961201571222,147.6961201571222
3642,c,147.6961201571222,147.6961201571222
3643,t,147.6961201571222,147.6961201571222
3644,c,147.6961201571222,147.6961201571222
3645,t,147.6961201571222,147.6961201571222
3646,c,13.902733231879004,25.97888164239722
3647,c,147.6961201571222,147.6961201571222
3648,t,147.6961201571222,147.6961201571222
3649,t,147.6961201571222,147.6961201571222
3650,c,30.821217447680038,33.749826061041375
3651,t,147.6961201571222,147.6961201571222
3652,c,10.542306621655744,14.007003940960127
3653,t,147.6961201571222,147.6961201571222
3654,c,147.6961201571222,147.6961201571222
3655,c,147.6961201571222,147.6961201571222
3656,c,147.6961201571222,147.6961201571222
3657,c,147.6961201571222,147.6961201571222
3658,c,147.6961201571222,147.6961201571222
3659,c,18.94769130827482,40.969297913376224
3660,c,147.6961201571222,147.6961201571222
3661,t,147.6961201571222,147.6961201571222
3662,na,1.3035429920845631,4.9536321646073205
3663,c,147.6961201571222,147.6961201571222
3664,c,147.6961201571222,147.6961201571222
3665,c,19.293090702976876,22.825300756321745
3666,c,147.6961201571222,147.6961201571222
3667,c,20.874561926956975,22.568052859119593
3668,c,147.6961201571222,147.6961201571222
3669,t,147.6961201571222,147.6961201571222
3670,t,147.6961201571222,147.6961201571222
3671,c,147.6961201571222,147.6961201571222
3672,c,19.124544697730407,147.6961201571222
3673,c,147.6961201571222,147.6961201571222
3674,c,147.6961201571222,147.6961201571222
3675,t,147.6961201571222,147.6961201571222
3676,c,20.41223170198573,23.942128893532004
3677,c,57.068789372950896,58.465395005010585
3678,c,147.6961201571222,147.6961201571222
3679,t,147.6961201571222,147.6961201571222
3680,c,147.6961201571222,147.6961201571222
3681,c,147.6961201571222,147.6961201571222
3682,c,147.6961201571222,147.6961201571222
3683,c,147.6961201571222,147.6961201571222
3684,c,147.6961201571222,147.6961201571222
3685,c,33.09004730539775,34.711117572663206
3686,t,147.6961201571222,147.6961201571222
3687,c,147.6961201571222,147.6961201571222
3688,c,5.322228675233962,8.162260776693739
3689,c,147.6961201571222,147.6961201571222
3690,c,55.68521688023998,57.74384963375222
3691,c,26.77575729207888,28.145262367570577
3692,c,147.6961201571222,147.6961201571222
3693,na,-1,0
3694,c,22.216847302625624,25.300295553679785
3695,c,48.21947291877133,51.271030889351884
3696,c,38.785657582895126,39.737878942537016
3697,c,59.11845536796175,59.84348745412877
3698,t,147.6961201571222,147.6961201571222
3699,c,44.99242214098621,48.83846284104159
3700,c,147.6961201571222,147.6961201571222
3701,t,147.6961201571222,147.6961201571222
3702,c,147.6961201571222,147.6961201571222
3703,c,147.6961201571222,147.6961201571222
3704,c,49.520056994797834,147.6961201571222
3705,c,147.6961201571222,147.6961201571222
3706,c,147.6961201571222,147.6961201571222
3707,c,147.6961201571222,147.6961201571222
3708,c,14.057172031545322,18.334171671348965
3709,c,147.6961201571222,147.6961201571222
3710,c,147.6961201571222,147.6961201571222
3711,t,147.6961201571222,147.6961201571222
3712,c,147.6961201571222,147.6961201571222
3713,t,147.6961201571222,147.6961201571222
3714,c,30.60708458194247,33.522127634334076
3715,t,147.6961201571222,147.6961201571222
3716,c,67.22830418248437,68.51707263191483
3717,t,147.6961201571222,147.6961201571222
3718,c,147.6961201571222,147.6961201571222
3719,c,26.539982810433298,147.6961201571222
3720,c,147.6961201571222,147.6961201571222
3721,c,147.6961201571222,147.6961201571222
3722,c,33.37449849546175,39.10037498930334
3723,c,147.6961201571222,147.6961201571222
3724,c,23.97240185610059,24.357482333465924
3725,c,147.6961201571222,147.6961201571222
3726,t,147.6961201571222,147.6961201571222
3727,c,147.6961201571222,147.6961201571222
3728,c,147.6961201571222,147.6961201571222
3729,c,43.4571922292923,45.218036610681125
3730,c,147.6961201571222,147.6961201571222
3731,c,147.6961201571222,147.6961201571222
3732,c,13.083818045019822,18.72813090510298
3733,t,147.6961201571222,147.6961201571222
3734,c,147.6961201571222,147.6961201571222
3735,t,147.6961201571222,147.6961201571222
3736,c,147.6961201571222,147.6961201571222
3737,c,48.94765128701658,70.35669477375858
3738,c,147.6961201571222,147.6961201571222
3739,t,147.6961201571222,147.6961201571222
3740,c,147.6961201571222,147.6961201571222
3741,c,147.6961201571222,147.6961201571222
3742,t,147.6961201571222,147.6961201571222
3743,c,19.50014934698863,38.68118837522698
3744,c,27.19978130643727,28.255002298163248
3745,c,29.115781406239968,43.91344068155284
3746,c,24.634396094429157,25.314954832162588
3747,c,147.6961201571222,147.6961201571222
3748,t,147.6961201571222,147.6961201571222
3749,c,147.6961201571222,147.6961201571222
3750,c,36.83982124940072,38.15292746166396
3751,c,147.6961201571222,147.6961201571222
3752,c,147.6961201571222,147.6961201571222
3753,c,45.70996727690642,46.908877742740415
3754,c,147.6961201571222,147.6961201571222
3755,c,147.6961201571222,147.6961201571222
3756,c,147.6961201571222,147.6961201571222
3757,c,147.6961201571222,147.6961201571222
3758,t,147.6961201571222,147.6961201571222
3759,c,46.700061285770296,49.38812431907778
3760,c,25.327957539550283,26.93405404833117
3761,c,147.6961201571222,147.6961201571222
3762,t,147.6961201571222,147.6961201571222
3763,c,42.934894686893216,46.121244350021115
3764,c,147.6961201571222,147.6961201571222
3765,t,147.6961201571222,147.6961201571222
3766,t,147.6961201571222,147.6961201571222
3767,t,147.6961201571222,147.6961201571222
3768,c,53.795016400138415,56.382905338464674
3769,c,147.6961201571222,147.6961201571222
3770,c,54.59369106168889,54.60273961386399
3771,c,17.861737594700035,23.633977983114338
3772,t,147.6961201571222,147.6961201571222
3773,c,147.6961201571222,147.6961201571222
3774,t,147.6961201571222,147.6961201571222
3775,c,15.092073438388923,17.519577371756377
3776,c,64.0247951749051,78.39586912522977
3777,t,147.6961201571222,147.6961201571222
3778,t,147.6961201571222,147.6961201571222
3779,c,147.6961201571222,147.6961201571222
3780,c,147.6961201571222,147.6961201571222
3781,t,147.6961201571222,147.6961201571222
3782,c,27.577820535976418,34.04033934791885
3783,c,147.6961201571222,147.6961201571222
3784,c,147.6961201571222,147.6961201571222
3785,c,147.6961201571222,147.6961201571222
3786,c,20.544821947242355,26.3626697837919
3787,c,147.6961201571222,147.6961201571222
3788,c,147.6961201571222,147.6961201571222
3789,t,147.6961201571222,147.6961201571222
3790,c,147.6961201571222,147.6961201571222
3791,c,147.6961201571222,147.6961201571222
3792,c,147.6961201571222,147.6961201571222
3793,t,147.6961201571222,147.6961201571222
3794,c,147.6961201571222,147.6961201571222
3795,c,9.796422765724389,10.508614323009262
3796,c,147.6961201571222,147.6961201571222
3797,c,45.65868585693409,48.05762240711339
3798,c,147.6961201571222,147.6961201571222
3799,c,28.117062236223912,28.151208164722892
3800,c,147.6961201571222,147.6961201571222
3801,c,147.6961201571222,147.6961201571222
3802,c,30.120549954231024,30.352922824208456
3803,c,30.326530616399147,41.56364356449931
3804,c,147.6961201571222,147.6961201571222
3805,c,28.508998945611076,30.371939083993574
3806,c,25.944580015967098,28.34250731003493
3807,c,13.84148048499274,14.666175570123647
3808,c,147.6961201571222,147.6961201571222
3809,c,10.495748722856913,11.040215939580394
3810,c,16.74682859826831,24.577870116239477
3811,c,19.898393225220044,27.599449059272875
3812,c,42.439199583771604,44.60180525790629
3813,c,20.339838669992588,24.105591360963786
3814,c,18.943613825796913,147.6961201571222
3815,c,27.985174121117048,30.026425338335265
3816,c,55.73699726361456,63.14534946603988
3817,c,52.311722227193954,56.30619880546528
3818,c,147.6961201571222,147.6961201571222
3819,t,147.6961201571222,147.6961201571222
3820,c,23.97434241906052,25.85195847403404
3821,c,14.889555893333824,16.35030856156772
3822,c,15.314936583774482,19.012164307515697
3823,t,147.6961201571222,147.6961201571222
3824,c,24.02579912141878,37.385800818183256
3825,c,5.140453599426375,12.16657881420912
3826,c,25.79932589460127,29.057985596736906
3827,c,48.308288149058804,64.85314436767327
3828,c,147.6961201571222,147.6961201571222
3829,c,147.6961201571222,147.6961201571222
3830,c,25.124011669090073,26.979097113947986
3831,c,23.976218846907788,25.744536792101858
3832,c,147.6961201571222,147.6961201571222
3833,c,147.6961201571222,147.6961201571222
3834,c,40.57459310080851,50.12002184575114
3835,na,0,1.417566179812823
3836,c,9.275175198282076,11.705213154630734
3837,t,147.6961201571222,147.6961201571222
3838,c,147.6961201571222,147.6961201571222
3839,c,56.04088092220362,58.23784404686633
3840,c,147.6961201571222,147.6961201571222
3841,c,12.44427350745707,13.227359390572772
3842,c,147.6961201571222,147.6961201571222
3843,c,147.6961201571222,147.6961201571222
3844,c,147.6961201571222,147.6961201571222
3845,c,147.6961201571222,147.6961201571222
3846,c,29.84325298633516,30.903680437283683
3847,t,147.6961201571222,147.6961201571222
3848,c,147.6961201571222,147.6961201571222
3849,c,147.6961201571222,147.6961201571222
3850,c,147.6961201571222,147.6961201571222
3851,c,5.928925985719264,6.07933680357705
3852,c,147.6961201571222,147.6961201571222
3853,c,147.6961201571222,147.6961201571222
3854,c,147.6961201571222,147.6961201571222
3855,c,25.00622336421897,28.882772378617684
3856,c,147.6961201571222,147.6961201571222
3857,t,147.6961201571222,147.6961201571222
3858,t,147.6961201571222,147.6961201571222
3859,c,14.516127511877922,19.460206366240136
3860,c,147.6961201571222,147.6961201571222
3861,c,27.82920297611859,147.6961201571222
3862,c,13.070396897064708,15.508361279515364
3863,c,147.6961201571222,147.6961201571222
3864,c,147.6961201571222,147.6961201571222
3865,t,147.6961201571222,147.6961201571222
3866,c,30.218293137627413,32.13645591821857
3867,c,147.6961201571222,147.6961201571222
3868,c,147.6961201571222,147.6961201571222
3869,na,2.1920802459944158,4.716947289625738
3870,c,147.6961201571222,147.6961201571222
3871,c,9.513928377495366,10.204708397519482
3872,c,11.074897847454503,11.529895987720126
3873,c,26.005199430399994,37.59062406918685
3874,c,147.6961201571222,147.6961201571222
3875,c,147.6961201571222,147.6961201571222
3876,c,17.909146233923245,18.177226193323644
3877,c,69.50333080642055,82.92073227663175
3878,c,4.1135311758103175,4.989862638179777
3879,c,147.6961201571222,147.6961201571222
3880,c,147.6961201571222,147.6961201571222
3881,c,23.394832897190255,25.807149651547835
3882,t,147.6961201571222,147.6961201571222
3883,c,147.6961201571222,147.6961201571222
3884,t,147.6961201571222,147.6961201571222
3885,c,22.76088891394941,25.259631010082234
3886,c,52.36274183605873,53.30796723667251
3887,c,147.6961201571222,147.6961201571222
3888,c,147.6961201571222,147.6961201571222
3889,c,147.6961201571222,147.6961201571222
3890,c,147.6961201571222,147.6961201571222
3891,c,33.58118798999736,33.845032614003316
3892,c,41.78811378952052,51.1039861455272
3893,c,59.426491696287904,72.58826216935309
3894,c,147.6961201571222,147.6961201571222
3895,c,27.143404460091094,30.945486944263024
3896,c,36.30223336553076,39.68294978013959
3897,t,147.6961201571222,147.6961201571222
3898,c,147.6961201571222,147.6961201571222
3899,c,147.6961201571222,147.6961201571222
3900,c,147.6961201571222,147.6961201571222
3901,c,147.6961201571222,147.6961201571222
3902,c,17.434337037062612,147.6961201571222
3903,c,14.821138079509002,15.415117713483616
3904,c,147.6961201571222,147.6961201571222
3905,c,147.6961201571222,147.6961201571222
3906,c,24.05507202590906,34.03889312982795
3907,c,147.6961201571222,147.6961201571222
3908,c,25.0564172705933,25.36044885003432
3909,c,25.02002542587233,27.414581986349006
3910,c,24.697296098325054,26.352151590833067
3911,c,147.6961201571222,147.6961201571222
3912,c,147.6961201571222,147.6961201571222
3913,c,147.6961201571222,147.6961201571222
3914,t,147.6961201571222,147.6961201571222
3915,t,147.6961201571222,147.6961201571222
3916,c,21.017390972409093,27.08217491125446
3917,t,147.6961201571222,147.6961201571222
3918,na,0.23930431911117322,2.1833415729830206
3919,c,22.980012979769008,23.697031468619116
3920,t,147.6961201571222,147.6961201571222
3921,c,28.741965177064262,33.69621086068817
3922,c,56.3791537667334,57.85237952984191
3923,c,147.6961201571222,147.6961201571222
3924,c,147.6961201571222,147.6961201571222
3925,t,147.6961201571222,147.6961201571222
3926,c,147.6961201571222,147.6961201571222
3927,c,12.104834117248421,17.28860081245595
3928,c,147.6961201571222,147.6961201571222
3929,t,147.6961201571222,147.6961201571222
3930,c,28.306089158689744,28.92203762814904
3931,c,19.156740219829892,20.71220952844079
3932,t,147.6961201571222,147.6961201571222
3933,c,55.657158656313314,59.2168954140017
3934,c,40.540355227366426,147.6961201571222
3935,t,147.6961201571222,147.6961201571222
3936,c,24.86068025517073,30.5232846070315
3937,t,147.6961201571222,147.6961201571222
3938,c,147.6961201571222,147.6961201571222
3939,c,32.84204229124188,36.63750636519211
3940,c,29.476085317521378,36.87734968126427
3941,t,147.6961201571222,147.6961201571222
3942,c,147.6961201571222,147.6961201571222
3943,c,147.6961201571222,147.6961201571222
3944,c,147.6961201571222,147.6961201571222
3945,c,147.6961201571222,147.6961201571222
3946,c,147.6961201571222,147.6961201571222
3947,c,147.6961201571222,147.6961201571222
3948,c,3.89980730800338,12.010353153546646
3949,t,147.6961201571222,147.6961201571222
3950,t,147.6961201571222,147.6961201571222
3951,c,147.6961201571222,147.6961201571222
3952,c,147.6961201571222,147.6961201571222
3953,c,20.05103166550254,21.245091447983313
3954,c,62.74360939768438,65.50320068263294
3955,t,147.6961201571222,147.6961201571222
3956,c,147.6961201571222,147.6961201571222
3957,c,147.6961201571222,147.6961201571222
3958,c,147.6961201571222,147.6961201571222
3959,c,147.6961201571222,147.6961201571222
3960,c,147.6961201571222,147.6961201571222
3961,t,147.6961201571222,147.6961201571222
3962,c,21.7829762953719,29.628429220583623
3963,t,147.6961201571222,147.6961201571222
3964,t,147.6961201571222,147.6961201571222
3965,t,147.6961201571222,147.6961201571222
3966,c,5.726724599416232,5.842227576161054
3967,c,147.6961201571222,147.6961201571222
3968,c,38.46417956008339,42.41057857505499
3969,t,147.6961201571222,147.6961201571222
3970,c,147.6961201571222,147.6961201571222
3971,c,147.6961201571222,147.6961201571222
3972,c,147.6961201571222,147.6961201571222
3973,c,147.6961201571222,147.6961201571222
3974,c,11.950267651110048,147.6961201571222
3975,c,44.82106596015428,52.45386924510618
3976,c,24.15935171742513,35.56380791834397
3977,c,32.57892336023298,32.87560809662966
3978,c,32.253558965734605,55.79469516534331
3979,c,147.6961201571222,147.6961201571222
3980,c,147.6961201571222,147.6961201571222
3981,t,147.6961201571222,147.6961201571222
3982,c,26.830892334874406,147.6961201571222
3983,na,0.06591933310634483,4.04669642950117
3984,c,32.30741264975291,147.6961201571222
3985,c,6.651867025338482,7.4863105103980345
3986,c,147.6961201571222,147.6961201571222
3987,t,147.6961201571222,147.6961201571222
3988,c,13.766127986220159,15.451703579749305
3989,c,24.111952393750116,30.520930922884368
3990,c,147.6961201571222,147.6961201571222
3991,c,147.6961201571222,147.6961201571222
3992,c,18.187332686025524,26.505489035432092
3993,c,147.6961201571222,147.6961201571222
3994,c,33.30004587724509,35.34189067470312
3995,c,147.6961201571222,147.6961201571222
3996,c,34.94922460756419,43.28523145290318
3997,c,33.9939326509173,39.28459848718043
3998,c,147.6961201571222,147.6961201571222
3999,c,18.846693425374088,20.12975746511069
4000,c,147.6961201571222,147.6961201571222
4001,c,35.562524213205116,36.24510872053436
4002,c,147.6961201571222,147.6961201571222
4003,c,147.6961201571222,147.6961201571222
4004,c,15.820061806984006,19.96366171429779
4005,c,31.784461542310535,32.92021481777175
4006,c,147.6961201571222,147.6961201571222
4007,c,6.050886963807984,9.721372254938363
4008,c,147.6961201571222,147.6961201571222
4009,c,147.6961201571222,147.6961201571222
4010,c,147.6961201571222,147.6961201571222
4011,c,147.6961201571222,147.6961201571222
4012,c,22.605307387361304,24.26619275424683
4013,c,147.6961201571222,147.6961201571222
4014,c,147.6961201571222,147.6961201571222
4015,c,21.759976849720367,23.6922796653279
4016,c,147.6961201571222,147.6961201571222
4017,c,147.6961201571222,147.6961201571222
4018,c,147.6961201571222,147.6961201571222
4019,c,147.6961201571222,147.6961201571222
4020,c,147.6961201571222,147.6961201571222
4021,c,147.6961201571222,147.6961201571222
4022,t,147.6961201571222,147.6961201571222
4023,c,147.6961201571222,147.6961201571222
4024,c,147.6961201571222,147.6961201571222
4025,c,147.6961201571222,147.6961201571222
4026,c,147.6961201571222,147.6961201571222
4027,t,147.6961201571222,147.6961201571222
4028,t,147.6961201571222,147.6961201571222
4029,c,147.6961201571222,147.6961201571222
4030,c,33.627428782246696,45.099738563428495
4031,c,33.53324326694488,36.71157057767329
4032,c,147.6961201571222,147.6961201571222
4033,t,147.6961201571222,147.6961201571222
4034,c,19.8101622831413,24.931745177713978
4035,c,147.6961201571222,147.6961201571222
4036,t,147.6961201571222,147.6961201571222
4037,c,147.6961201571222,147.6961201571222
4038,c,16.63446450188304,31.370001736306182
4039,c,147.6961201571222,147.6961201571222
4040,c,7.039140202142631,11.780199372484503
4041,c,147.6961201571222,147.6961201571222
4042,c,147.6961201571222,147.6961201571222
4043,c,147.6961201571222,147.6961201571222
4044,c,147.6961201571222,147.6961201571222
4045,c,147.6961201571222,147.6961201571222
4046,c,9.719684022735962,11.483971382374643
4047,c,22.28084555694315,27.874395964365963
4048,t,147.6961201571222,147.6961201571222
4049,c,26.299942286650626,35.27909848926916
4050,c,147.6961201571222,147.6961201571222
4051,t,147.6961201571222,147.6961201571222
4052,t,147.6961201571222,147.6961201571222
4053,c,147.6961201571222,147.6961201571222
4054,c,11.622050244647937,22.803105834408964
4055,c,24.93928208328302,26.65283195110083
4056,c,147.6961201571222,147.6961201571222
4057,c,147.6961201571222,147.6961201571222
4058,c,30.937821570546525,31.09547755480151
4059,c,29.63646870462693,42.99817341209861
4060,c,147.6961201571222,147.6961201571222
4061,t,147.6961201571222,147.6961201571222
4062,c,147.6961201571222,147.6961201571222
4063,c,147.6961201571222,147.6961201571222
4064,c,23.095331869852966,24.800214729531984
4065,c,13.794961957431344,19.35554352583321
4066,c,21.679189905418827,147.6961201571222
4067,c,147.6961201571222,147.6961201571222
4068,c,147.6961201571222,147.6961201571222
4069,c,147.6961201571222,147.6961201571222
4070,c,35.04128549214788,36.52354525393473
4071,c,14.88062154905686,29.87656155459609
4072,t,147.6961201571222,147.6961201571222
4073,t,147.6961201571222,147.6961201571222
4074,c,147.6961201571222,147.6961201571222
4075,c,12.913498324187804,24.781925054981677
4076,c,19.926261285848476,20.685050279893062
4077,c,7.051526789642134,7.703040565484228
4078,c,14.61514655927908,16.92048798431584
4079,c,147.6961201571222,147.6961201571222
4080,c,69.29849081480155,76.62389771886852
4081,t,147.6961201571222,147.6961201571222
4082,c,36.96909447254572,37.637630027487724
4083,c,32.366833903871836,38.966833112446416
4084,c,147.6961201571222,147.6961201571222
4085,c,147.6961201571222,147.6961201571222
4086,c,9.789880043516453,16.14141052781797
4087,c,26.529928652209616,28.384185929572837
4088,c,22.20101474566612,147.6961201571222
4089,t,147.6961201571222,147.6961201571222
4090,c,147.6961201571222,147.6961201571222
4091,t,147.6961201571222,147.6961201571222
4092,c,147.6961201571222,147.6961201571222
4093,c,37.707075109965636,39.0112877154378
4094,t,147.6961201571222,147.6961201571222
4095,c,32.74613154045214,147.6961201571222
4096,c,22.923542334315268,22.956457934242422
4097,c,11.958528846752065,14.31647504044229
4098,t,147.6961201571222,147.6961201571222
4099,t,147.6961201571222,147.6961201571222
4100,c,28.941225810151916,30.038305275318077
4101,c,147.6961201571222,147.6961201571222
4102,c,6.437734815441019,8.009377536901576
4103,c,147.6961201571222,147.6961201571222
4104,c,57.37691941472819,59.831215917237884
4105,c,36.087867984584136,40.815801304827446
4106,c,147.6961201571222,147.6961201571222
4107,c,147.6961201571222,147.6961201571222
4108,t,147.6961201571222,147.6961201571222
4109,t,147.6961201571222,147.6961201571222
4110,c,10.868985776648607,11.908315225356102
4111,c,147.6961201571222,147.6961201571222
4112,c,147.6961201571222,147.6961201571222
4113,c,40.03009107087237,43.81413581483314
4114,c,147.6961201571222,147.6961201571222
4115,t,147.6961201571222,147.6961201571222
4116,c,147.6961201571222,147.6961201571222
4117,c,35.09175096673548,35.15154676764175
4118,c,45.191433699618884,47.077162145513455
4119,c,147.6961201571222,147.6961201571222
4120,c,54.412386070986294,54.61380206867672
4121,t,147.6961201571222,147.6961201571222
4122,c,32.87520758510155,41.05182490956212
4123,c,147.6961201571222,147.6961201571222
4124,t,147.6961201571222,147.6961201571222
4125,c,147.6961201571222,147.6961201571222
4126,c,66.97745707863886,68.54299549812663
4127,c,147.6961201571222,147.6961201571222
4128,c,7.933277112751453,16.05261511039044
4129,c,33.934671321845656,39.02192902917149
4130,t,147.6961201571222,147.6961201571222
4131,t,147.6961201571222,147.6961201571222
4132,c,147.6961201571222,147.6961201571222
4133,c,18.650766613608535,24.04968178159634
4134,c,147.6961201571222,147.6961201571222
4135,c,147.6961201571222,147.6961201571222
4136,c,25.48139146569953,32.80663317235018
4137,c,147.6961201571222,147.6961201571222
4138,c,26.049929804057506,30.220038945107486
4139,t,147.6961201571222,147.6961201571222
4140,c,147.6961201571222,147.6961201571222
4141,c,147.6961201571222,147.6961201571222
4142,c,33.66035950256787,43.68128832586628
4143,c,39.19814965342412,41.051573016835015
4144,c,25.456454291273904,27.222399446529693
4145,c,147.6961201571222,147.6961201571222
4146,c,147.6961201571222,147.6961201571222
4147,t,147.6961201571222,147.6961201571222
4148,c,147.6961201571222,147.6961201571222
4149,c,147.6961201571222,147.6961201571222
4150,c,147.6961201571222,147.6961201571222
4151,c,20.53573235491582,20.738430135048414
4152,t,147.6961201571222,147.6961201571222
4153,c,147.6961201571222,147.6961201571222
4154,c,147.6961201571222,147.6961201571222
4155,t,147.6961201571222,147.6961201571222
4156,c,147.6961201571222,147.6961201571222
4157,c,13.282262428040907,21.43120804755812
4158,c,147.6961201571222,147.6961201571222
4159,c,147.6961201571222,147.6961201571222
4160,c,147.6961201571222,147.6961201571222
4161,c,85.26823577334088,88.43202462118529
4162,c,11.036621144706345,13.73536559166409
4163,c,8.224362944790489,10.992022632795093
4164,c,147.6961201571222,147.6961201571222
4165,c,32.122402840268045,33.93801478633236
4166,t,147.6961201571222,147.6961201571222
4167,c,147.6961201571222,147.6961201571222
4168,t,147.6961201571222,147.6961201571222
4169,c,147.6961201571222,147.6961201571222
4170,t,147.6961201571222,147.6961201571222
4171,c,5.435872369147906,7.3770816937389965
4172,c,147.6961201571222,147.6961201571222
4173,c,26.805761991543154,28.787012960303596
4174,c,147.6961201571222,147.6961201571222
4175,c,25.188522112570784,27.254447790519055
4176,c,147.6961201571222,147.6961201571222
4177,c,147.6961201571222,147.6961201571222
4178,c,91.07757671058644,92.31155000791655
4179,t,147.6961201571222,147.6961201571222
4180,c,147.6961201571222,147.6961201571222
4181,na,3.1809026389350827,147.6961201571222
4182,t,147.6961201571222,147.6961201571222
4183,c,147.6961201571222,147.6961201571222
4184,c,40.777977252802216,42.18366327204415
4185,c,25.13580250703776,26.31791523174807
4186,c,46.47420448819516,47.28544373303847
4187,t,147.6961201571222,147.6961201571222
4188,c,147.6961201571222,147.6961201571222
4189,c,147.6961201571222,147.6961201571222
4190,c,17.807087367071787,20.133425817183337
4191,c,147.6961201571222,147.6961201571222
4192,c,147.6961201571222,147.6961201571222
4193,c,18.325097737307054,18.511094306419626
4194,c,25.99125508086383,30.760598953734057
4195,c,40.708214984772106,45.46325173308882
4196,c,59.02388349540463,61.09182963835932
4197,na,1.123297536425384,13.06162129223844
4198,t,147.6961201571222,147.6961201571222
4199,c,147.6961201571222,147.6961201571222
4200,t,147.6961201571222,147.6961201571222
4201,c,147.6961201571222,147.6961201571222
4202,t,147.6961201571222,147.6961201571222
4203,c,33.96704919434633,34.90477938981412
4204,t,147.6961201571222,147.6961201571222
4205,c,147.6961201571222,147.6961201571222
4206,t,147.6961201571222,147.6961201571222
4207,c,147.6961201571222,147.6961201571222
4208,c,8.322230176927805,12.939709535434998
4209,c,33.575993918360176,34.320350941072476
4210,c,21.008904115001545,23.09829793789487
4211,na,0.050260580281989126,2.716971502855123
4212,c,29.211410920191653,34.54974137220777
4213,c,20.341198381702366,22.969962803238165
4214,c,147.6961201571222,147.6961201571222
4215,c,147.6961201571222,147.6961201571222
4216,c,147.6961201571222,147.6961201571222
4217,c,147.6961201571222,147.6961201571222
4218,c,41.11504618131398,44.25897553723005
4219,c,147.6961201571222,147.6961201571222
4220,t,147.6961201571222,147.6961201571222
4221,t,147.6961201571222,147.6961201571222
4222,c,147.6961201571222,147.6961201571222
4223,c,147.6961201571222,147.6961201571222
4224,c,23.60513280822823,26.957596133887478
4225,c,147.6961201571222,147.6961201571222
4226,c,147.6961201571222,147.6961201571222
4227,t,147.6961201571222,147.6961201571222
4228,c,14.82981624073494,20.058898993805578
4229,c,147.6961201571222,147.6961201571222
4230,c,147.6961201571222,147.6961201571222
4231,c,27.36253680814644,27.373953444594957
4232,c,24.930291826797205,27.25930525226951
4233,c,147.6961201571222,147.6961201571222
4234,t,147.6961201571222,147.6961201571222
4235,c,22.59135380324027,23.190785543590533
4236,c,147.6961201571222,147.6961201571222
4237,na,-1,0
4238,c,147.6961201571222,147.6961201571222
4239,c,14.38949792806621,28.14461356735265
4240,c,18.649846305560956,27.98719250074635
4241,t,147.6961201571222,147.6961201571222
4242,na,1.615951115049519,6.169978244039896
4243,c,147.6961201571222,147.6961201571222
4244,c,147.6961201571222,147.6961201571222
4245,c,37.09919459796031,38.850660870828655
4246,c,147.6961201571222,147.6961201571222
4247,c,33.00509714516991,38.05499157749404
4248,c,17.205320232669937,18.483832815597026
4249,c,147.6961201571222,147.6961201571222
4250,c,22.12016921189695,22.6153821725789
4251,c,52.58090853782309,53.66673310461896
4252,c,28.221028970421344,147.6961201571222
4253,t,147.6961201571222,147.6961201571222
4254,c,147.6961201571222,147.6961201571222
4255,t,147.6961201571222,147.6961201571222
4256,c,16.57240842154899,20.13923324827379
4257,c,147.6961201571222,147.6961201571222
4258,t,147.6961201571222,147.6961201571222
4259,t,147.6961201571222,147.6961201571222
4260,c,147.6961201571222,147.6961201571222
4261,c,147.6961201571222,147.6961201571222
4262,c,27.24808373353071,30.285970376703123
4263,t,147.6961201571222,147.6961201571222
4264,c,147.6961201571222,147.6961201571222
4265,c,147.6961201571222,147.6961201571222
4266,t,147.6961201571222,147.6961201571222
4267,c,147.6961201571222,147.6961201571222
4268,c,38.091006459000646,147.6961201571222
4269,c,67.27692739511959,73.40014015982722
4270,na,1.7776118002182444,147.6961201571222
4271,c,17.602707546657154,25.39824731780151
4272,c,147.6961201571222,147.6961201571222
4273,t,147.6961201571222,147.6961201571222
4274,c,147.6961201571222,147.6961201571222
4275,c,147.6961201571222,147.6961201571222
4276,t,147.6961201571222,147.6961201571222
4277,c,147.6961201571222,147.6961201571222
4278,c,147.6961201571222,147.6961201571222
4279,t,147.6961201571222,147.6961201571222
4280,na,3.991106185868066,16.170427169764075
4281,na,0,1.7720594865608175
4282,na,11.860397803637934,13.214890667566452
4283,c,147.6961201571222,147.6961201571222
4284,c,30.667246140599726,31.40232328267364
4285,c,10.116129845692553,12.117933917770435
4286,c,33.86285679231419,36.38458419231804
4287,c,147.6961201571222,147.6961201571222
4288,t,147.6961201571222,147.6961201571222
4289,t,147.6961201571222,147.6961201571222
4290,c,147.6961201571222,147.6961201571222
4291,c,147.6961201571222,147.6961201571222
4292,c,147.6961201571222,147.6961201571222
4293,t,147.6961201571222,147.6961201571222
4294,c,103.34004977574737,103.5859424062509
4295,c,17.907276088061966,19.574023632656772
4296,t,147.6961201571222,147.6961201571222
4297,c,29.654717809038786,40.23295074125886
4298,t,147.6961201571222,147.6961201571222
4299,c,147.6961201571222,147.6961201571222
4300,t,147.6961201571222,147.6961201571222
4301,t,147.6961201571222,147.6961201571222
4302,c,147.6961201571222,147.6961201571222
4303,c,147.6961201571222,147.6961201571222
4304,c,47.910963741572175,147.6961201571222
4305,c,31.354221488931685,31.951623330258236
4306,c,147.6961201571222,147.6961201571222
4307,c,147.6961201571222,147.6961201571222
4308,c,147.6961201571222,147.6961201571222
4309,c,25.35468993939365,27.15089478624422
4310,c,147.6961201571222,147.6961201571222
4311,c,50.85835637129004,53.26922011193868
4312,c,147.6961201571222,147.6961201571222
4313,c,35.9753463195003,36.18708035258359
4314,c,147.6961201571222,147.6961201571222
4315,c,147.6961201571222,147.6961201571222
4316,c,25.54776623343744,147.6961201571222
4317,c,147.6961201571222,147.6961201571222
4318,t,147.6961201571222,147.6961201571222
4319,c,147.6961201571222,147.6961201571222
4320,c,31.945197349063754,34.212411247966934
4321,c,147.6961201571222,147.6961201571222
4322,c,36.08815814933637,45.74216931701307
4323,c,59.78619983039112,63.06533199168435
4324,c,32.02516748367969,39.155716707358955
4325,c,11.25583047304196,16.92563509718928
4326,t,147.6961201571222,147.6961201571222
4327,c,24.45021398691707,147.6961201571222
4328,c,147.6961201571222,147.6961201571222
4329,c,147.6961201571222,147.6961201571222
4330,c,147.6961201571222,147.6961201571222
4331,t,147.6961201571222,147.6961201571222
4332,c,13.133049249633476,20.294235032708
4333,c,147.6961201571222,147.6961201571222
4334,c,37.11068318081267,38.9315315732631
4335,c,147.6961201571222,147.6961201571222
4336,c,8.982696525160467,9.831250161919284
4337,c,147.6961201571222,147.6961201571222
4338,c,147.6961201571222,147.6961201571222
4339,c,147.6961201571222,147.6961201571222
4340,na,-1,0
4341,c,147.6961201571222,147.6961201571222
4342,c,25.563331046806507,26.827209436166928
4343,c,39.628768199799566,39.916354079528006
4344,t,147.6961201571222,147.6961201571222
4345,c,4.729691787825996,13.045538243328522
4346,c,12.700845536873091,17.485897682967558
4347,c,12.936897212026677,14.028935713383792
4348,c,10.186409687079474,10.362979727747488
4349,c,147.6961201571222,147.6961201571222
4350,c,14.198748429331824,15.17221510885994
4351,c,33.48434451079537,39.78713496982888
4352,c,35.260275785903204,36.920989743742226
4353,t,147.6961201571222,147.6961201571222
4354,c,147.6961201571222,147.6961201571222
4355,c,147.6961201571222,147.6961201571222
4356,c,2.601247160208872,5.407694092624592
4357,c,11.817349168767954,26.34053982563828
4358,c,40.66406098996406,45.337852490509746
4359,t,147.6961201571222,147.6961201571222
4360,t,147.6961201571222,147.6961201571222
4361,c,147.6961201571222,147.6961201571222
4362,c,46.31792165237762,46.40031022041851
4363,c,32.50848806339699,35.0874706735112
4364,c,36.17852737480092,38.3720568172043
4365,c,32.70630910513872,44.82667295066119
4366,c,18.44604218940529,23.003248611904958
4367,c,45.79143797228667,47.19897967018303
4368,c,147.6961201571222,147.6961201571222
4369,c,147.6961201571222,147.6961201571222
4370,c,46.25084587795045,49.296650009712735
4371,c,147.6961201571222,147.6961201571222
4372,c,7.806222395074963,8.374935942373185
4373,c,147.6961201571222,147.6961201571222
4374,t,147.6961201571222,147.6961201571222
4375,c,23.771611642736822,24.342909966166435
4376,t,147.6961201571222,147.6961201571222
4377,t,147.6961201571222,147.6961201571222
4378,na,1.0284981721954876,2.975355649730037
4379,t,147.6961201571222,147.6961201571222
4380,t,147.6961201571222,147.6961201571222
4381,c,45.36449772103548,52.48783150578791
4382,c,147.6961201571222,147.6961201571222
4383,c,147.6961201571222,147.6961201571222
4384,t,147.6961201571222,147.6961201571222
4385,c,147.6961201571222,147.6961201571222
4386,t,147.6961201571222,147.6961201571222
4387,c,18.149909816539367,24.427722112219122
4388,t,147.6961201571222,147.6961201571222
4389,t,147.6961201571222,147.6961201571222
4390,na,2.5608960815653012,3.52451734925689
4391,c,147.6961201571222,147.6961201571222
4392,c,147.6961201571222,147.6961201571222
4393,c,147.6961201571222,147.6961201571222
4394,c,20.345905863168753,26.075823330524905
4395,c,71.98762918973289,74.1651575453867
4396,c,147.6961201571222,147.6961201571222
4397,c,147.6961201571222,147.6961201571222
4398,c,32.30191586173026,33.98394448005812
4399,c,147.6961201571222,147.6961201571222
4400,c,147.6961201571222,147.6961201571222
4401,c,147.6961201571222,147.6961201571222
4402,na,0.9626790766483612,4.101649538717376
4403,c,21.347509899886763,28.066409365820494
4404,c,36.99714645446019,37.644332110847834
4405,t,147.6961201571222,147.6961201571222
4406,c,147.6961201571222,147.6961201571222
4407,c,147.6961201571222,147.6961201571222
4408,c,147.6961201571222,147.6961201571222
4409,c,147.6961201571222,147.6961201571222
4410,c,31.49785895609414,37.11852534032582
4411,c,12.10155227187108,13.9300498739836
4412,c,17.458963357300558,18.959139340557925
4413,c,20.649459916507674,28.78061898102009
4414,c,147.6961201571222,147.6961201571222
4415,c,25.321937242859896,147.6961201571222
4416,c,147.6961201571222,147.6961201571222
4417,c,16.615544985066638,147.6961201571222
4418,c,147.6961201571222,147.6961201571222
4419,t,147.6961201571222,147.6961201571222
4420,c,147.6961201571222,147.6961201571222
4421,c,21.66759182230271,24.41056882026369
4422,c,24.437223109666373,27.72416228834856
4423,c,45.209177715912695,46.44510962714944
4424,c,147.6961201571222,147.6961201571222
4425,c,147.6961201571222,147.6961201571222
4426,t,147.6961201571222,147.6961201571222
4427,t,147.6961201571222,147.6961201571222
4428,c,147.6961201571222,147.6961201571222
4429,c,8.770390976494884,11.066262393301304
4430,c,17.905348019264117,23.910970265124416
4431,c,147.6961201571222,147.6961201571222
4432,c,13.381497346858241,147.6961201571222
4433,c,147.6961201571222,147.6961201571222
4434,c,25.271075697629197,27.758870281088495
4435,c,27.626593184901864,27.971109134828282
4436,c,147.6961201571222,147.6961201571222
4437,c,147.6961201571222,147.6961201571222
4438,t,147.6961201571222,147.6961201571222
4439,na,0,12.503559753652697
4440,c,32.14711923388342,35.23112511819158
4441,t,147.6961201571222,147.6961201571222
4442,c,28.298787953984036,29.415784475033483
4443,c,15.161044577510992,24.01600170281727
4444,c,147.6961201571222,147.6961201571222
4445,c,33.754574227774434,36.50601819806077
4446,c,147.6961201571222,147.6961201571222
4447,c,147.6961201571222,147.6961201571222
4448,c,147.6961201571222,147.6961201571222
4449,c,53.16760933722017,55.855347157013014
4450,c,16.425832420236436,18.384080557537352
4451,c,30.98239268060042,41.359113117643055
4452,t,147.6961201571222,147.6961201571222
4453,c,24.060060985950873,147.6961201571222
4454,c,27.9530905145264,41.62685290478104
4455,c,21.928135424556576,25.44546717854147
4456,c,47.565790799757856,52.440136579368264
4457,c,34.86236240941136,36.92242718871824
4458,c,22.312810155742547,31.40597859658395
4459,na,-1,0
4460,c,147.6961201571222,147.6961201571222
4461,c,147.6961201571222,147.6961201571222
4462,c,147.6961201571222,147.6961201571222
4463,t,147.6961201571222,147.6961201571222
4464,c,44.6463694266613,47.80023795465159
4465,c,25.22446187306459,26.948641937759394
4466,c,147.6961201571222,147.6961201571222
4467,t,147.6961201571222,147.6961201571222
4468,c,147.6961201571222,147.6961201571222
4469,t,147.6961201571222,147.6961201571222
4470,c,147.6961201571222,147.6961201571222
4471,c,31.16751281730795,36.09799148006473
4472,c,31.54634495701251,39.1391793646312
4473,na,0,147.6961201571222
4474,c,52.28414158273587,59.12612259695854
4475,c,16.386656919258243,17.553391389011903
4476,c,147.6961201571222,147.6961201571222
4477,c,147.6961201571222,147.6961201571222
4478,c,147.6961201571222,147.6961201571222
4479,c,147.6961201571222,147.6961201571222
4480,c,147.6961201571222,147.6961201571222
4481,t,147.6961201571222,147.6961201571222
4482,c,147.6961201571222,147.6961201571222
4483,t,147.6961201571222,147.6961201571222
4484,c,147.6961201571222,147.6961201571222
4485,c,89.63432817048214,108.81109128163047
4486,c,147.6961201571222,147.6961201571222
4487,c,36.85491034504362,42.6039430941132
4488,c,26.676173985864864,147.6961201571222
4489,c,16.76643853008385,147.6961201571222
4490,c,147.6961201571222,147.6961201571222
4491,t,147.6961201571222,147.6961201571222
4492,c,5.116435468038725,6.407982054243417
4493,c,147.6961201571222,147.6961201571222
4494,c,147.6961201571222,147.6961201571222
4495,c,47.140720176737126,147.6961201571222
4496,c,33.13232294624874,38.95196535626702
4497,c,27.642043391084957,30.892319885708368
4498,t,147.6961201571222,147.6961201571222
4499,c,147.6961201571222,147.6961201571222
4500,c,147.6961201571222,147.6961201571222
4501,c,18.49031698259327,19.87947632609297
4502,na,1.364049830137116,2.262400368199794
4503,c,147.6961201571222,147.6961201571222
4504,c,147.6961201571222,147.6961201571222
4505,c,147.6961201571222,147.6961201571222
4506,c,147.6961201571222,147.6961201571222
4507,t,147.6961201571222,147.6961201571222
4508,c,147.6961201571222,147.6961201571222
4509,c,85.77402061814664,88.55166182073346
4510,c,147.6961201571222,147.6961201571222
4511,t,147.6961201571222,147.6961201571222
4512,c,32.30577996764481,35.41750292711474
4513,c,147.6961201571222,147.6961201571222
4514,t,147.6961201571222,147.6961201571222
4515,c,147.6961201571222,147.6961201571222
4516,c,147.6961201571222,147.6961201571222
4517,t,147.6961201571222,147.6961201571222
4518,c,24.007349968976687,26.064018343913254
4519,c,147.6961201571222,147.6961201571222
4520,c,25.307396154865273,50.75493035783644
4521,c,147.6961201571222,147.6961201571222
4522,c,15.590672296147813,16.04597747882234
4523,c,147.6961201571222,147.6961201571222
4524,t,147.6961201571222,147.6961201571222
4525,c,147.6961201571222,147.6961201571222
4526,c,147.6961201571222,147.6961201571222
4527,c,147.6961201571222,147.6961201571222
4528,t,147.6961201571222,147.6961201571222
4529,c,23.064737647499207,24.105826595701014
4530,c,147.6961201571222,147.6961201571222
4531,t,147.6961201571222,147.6961201571222
4532,c,12.898153138147807,14.347346034110188
4533,c,34.714393101721654,38.23132563284299
4534,c,147.6961201571222,147.6961201571222
4535,c,147.6961201571222,147.6961201571222
4536,c,147.6961201571222,147.6961201571222
4537,c,147.6961201571222,147.6961201571222
4538,c,147.6961201571222,147.6961201571222
4539,c,147.6961201571222,147.6961201571222
4540,c,65.00864971008815,67.09099753606993
4541,c,147.6961201571222,147.6961201571222
4542,c,22.311673608080746,23.75776567451679
4543,t,147.6961201571222,147.6961201571222
4544,c,6.638489291218427,24.755432748556267
4545,c,147.6961201571222,147.6961201571222
4546,t,147.6961201571222,147.6961201571222
4547,t,147.6961201571222,147.6961201571222
4548,c,28.09875628208472,34.62344805192079
4549,c,147.6961201571222,147.6961201571222
4550,t,147.6961201571222,147.6961201571222
4551,t,147.6961201571222,147.6961201571222
4552,c,10.29238183787803,10.713781607793257
4553,t,147.6961201571222,147.6961201571222
4554,c,21.768046283520412,22.645601991810388
4555,c,147.6961201571222,147.6961201571222
4556,c,25.74652953472332,147.6961201571222
4557,c,147.6961201571222,147.6961201571222
4558,na,7.944648253027814,14.200577722491328
4559,c,29.652118781237,35.01693961839529
4560,c,147.6961201571222,147.6961201571222
4561,c,147.6961201571222,147.6961201571222
4562,t,147.6961201571222,147.6961201571222
4563,t,147.6961201571222,147.6961201571222
4564,na,4.345139990972216,6.3979541015101455
4565,c,147.6961201571222,147.6961201571222
4566,c,147.6961201571222,147.6961201571222
4567,t,147.6961201571222,147.6961201571222
4568,c,25.04811336096766,25.704530360866144
4569,t,147.6961201571222,147.6961201571222
4570,c,147.6961201571222,147.6961201571222
4571,t,147.6961201571222,147.6961201571222
4572,c,147.6961201571222,147.6961201571222
4573,c,147.6961201571222,147.6961201571222
4574,c,147.6961201571222,147.6961201571222
4575,c,61.62168842335035,66.6136121761637
4576,t,147.6961201571222,147.6961201571222
4577,c,147.6961201571222,147.6961201571222
4578,c,147.6961201571222,147.6961201571222
4579,t,147.6961201571222,147.6961201571222
4580,c,147.6961201571222,147.6961201571222
4581,t,147.6961201571222,147.6961201571222
4582,c,147.6961201571222,147.6961201571222
4583,c,147.6961201571222,147.6961201571222
4584,c,47.35143520105983,48.417552651257346
4585,c,147.6961201571222,147.6961201571222
4586,t,147.6961201571222,147.6961201571222
4587,c,147.6961201571222,147.6961201571222
4588,t,147.6961201571222,147.6961201571222
4589,c,19.167100532702836,24.17158388047345
4590,t,147.6961201571222,147.6961201571222
4591,c,6.771677736931689,7.3516742116488745
4592,c,24.02134438719191,27.61997124791592
4593,c,147.6961201571222,147.6961201571222
4594,c,4.155168839058964,6.783025467162849
4595,c,147.6961201571222,147.6961201571222
4596,c,147.6961201571222,147.6961201571222
4597,c,147.6961201571222,147.6961201571222
4598,c,147.6961201571222,147.6961201571222
4599,c,147.6961201571222,147.6961201571222
4600,c,13.493247376071993,24.730728441644125
4601,c,23.70564642696778,34.99482621282249
4602,c,147.6961201571222,147.6961201571222
4603,c,147.6961201571222,147.6961201571222
4604,t,147.6961201571222,147.6961201571222
4605,c,147.6961201571222,147.6961201571222
4606,c,147.6961201571222,147.6961201571222
4607,c,147.6961201571222,147.6961201571222
4608,c,15.381218501783525,24.04233966324545
4609,c,31.098556998448128,147.6961201571222
4610,c,16.3450093356035,18.241710028691138
4611,c,147.6961201571222,147.6961201571222
4612,c,147.6961201571222,147.6961201571222
4613,c,147.6961201571222,147.6961201571222
4614,c,147.6961201571222,147.6961201571222
4615,c,147.6961201571222,147.6961201571222
4616,c,14.081267922735218,18.760079680548564
4617,c,147.6961201571222,147.6961201571222
4618,t,147.6961201571222,147.6961201571222
4619,t,147.6961201571222,147.6961201571222
4620,t,147.6961201571222,147.6961201571222
4621,t,147.6961201571222,147.6961201571222
4622,c,147.6961201571222,147.6961201571222
4623,t,147.6961201571222,147.6961201571222
4624,t,147.6961201571222,147.6961201571222
4625,c,47.53317138128354,48.11394995501122
4626,c,70.71013702849496,76.29645502362938
4627,t,147.6961201571222,147.6961201571222
4628,t,147.6961201571222,147.6961201571222
4629,c,147.6961201571222,147.6961201571222
4630,c,19.43216103286299,20.64173849767765
4631,c,147.6961201571222,147.6961201571222
4632,c,10.382585236683612,17.050448330005416
4633,c,81.8315216371756,83.6785850723969
4634,c,24.148773226431782,29.625318190454557
4635,c,147.6961201571222,147.6961201571222
4636,c,21.306955447014715,23.182005315680872
4637,c,147.6961201571222,147.6961201571222
4638,c,147.6961201571222,147.6961201571222
4639,c,147.6961201571222,147.6961201571222
4640,c,38.96277156481706,41.59094380194177
4641,c,147.6961201571222,147.6961201571222
4642,c,3.634857306954578,6.571836223101149
4643,c,15.700868982840488,17.191826327161994
4644,t,147.6961201571222,147.6961201571222
4645,c,147.6961201571222,147.6961201571222
4646,c,147.6961201571222,147.6961201571222
4647,t,147.6961201571222,147.6961201571222
4648,c,147.6961201571222,147.6961201571222
4649,c,27.30173128837158,27.312899382156633
4650,c,44.094097839870784,46.861546461102684
4651,c,58.3089226291998,59.94623160019551
4652,c,147.6961201571222,147.6961201571222
4653,c,147.6961201571222,147.6961201571222
4654,c,147.6961201571222,147.6961201571222
4655,c,40.437499297399846,147.6961201571222
4656,c,76.10769239852954,88.27696215970892
4657,c,147.6961201571222,147.6961201571222
4658,c,22.56174843379955,27.317068946622584
4659,c,147.6961201571222,147.6961201571222
4660,c,9.926551193819034,15.829459530825613
4661,t,147.6961201571222,147.6961201571222
4662,c,38.44752878757739,42.34873518744835
4663,c,20.313593537011837,22.062196261253103
4664,c,147.6961201571222,147.6961201571222
4665,t,147.6961201571222,147.6961201571222
4666,c,147.6961201571222,147.6961201571222
4667,c,54.41006037404497,55.47105875003929
4668,t,147.6961201571222,147.6961201571222
4669,c,147.6961201571222,147.6961201571222
4670,c,147.6961201571222,147.6961201571222
4671,c,14.317410327799013,18.24361517560801
4672,t,147.6961201571222,147.6961201571222
4673,t,147.6961201571222,147.6961201571222
4674,t,147.6961201571222,147.6961201571222
4675,c,18.650595856339233,19.094963913754682
4676,c,147.6961201571222,147.6961201571222
4677,c,147.6961201571222,147.6961201571222
4678,c,147.6961201571222,147.6961201571222
4679,c,37.54695140384947,60.73900879014284
4680,c,20.636432215746122,23.16985731067802
4681,t,147.6961201571222,147.6961201571222
4682,t,147.6961201571222,147.6961201571222
4683,na,5.444331214002189,13.195229443626635
4684,t,147.6961201571222,147.6961201571222
4685,c,30.499598416704863,34.03597858134996
4686,c,36.747513088171935,147.6961201571222
4687,c,147.6961201571222,147.6961201571222
4688,c,22.108957293215983,51.96511374500417
4689,c,28.700767813178082,29.04302887125337
4690,c,30.868345273883477,31.144662098975918
4691,c,147.6961201571222,147.6961201571222
4692,c,147.6961201571222,147.6961201571222
4693,c,40.212125140832704,41.6178671611076
4694,c,147.6961201571222,147.6961201571222
4695,c,147.6961201571222,147.6961201571222
4696,c,34.2801984374215,147.6961201571222
4697,c,53.94031001340203,55.84349133591873
4698,c,147.6961201571222,147.6961201571222
4699,c,11.731744837325458,15.753203007079263
4700,c,147.6961201571222,147.6961201571222
4701,t,147.6961201571222,147.6961201571222
4702,c,59.84533305199674,61.415519418124326
4703,c,147.6961201571222,147.6961201571222
4704,c,147.6961201571222,147.6961201571222
4705,c,147.6961201571222,147.6961201571222
4706,c,35.45656974194228,36.32371537586361
4707,c,147.6961201571222,147.6961201571222
4708,c,147.6961201571222,147.6961201571222
4709,c,147.6961201571222,147.6961201571222
4710,c,147.6961201571222,147.6961201571222
4711,c,147.6961201571222,147.6961201571222
4712,c,55.990936036952725,59.05993863763101
4713,t,147.6961201571222,147.6961201571222
4714,c,147.6961201571222,147.6961201571222
4715,c,147.6961201571222,147.6961201571222
4716,c,147.6961201571222,147.6961201571222
4717,c,147.6961201571222,147.6961201571222
4718,c,147.6961201571222,147.6961201571222
4719,c,147.6961201571222,147.6961201571222
4720,c,49.03919214652599,54.21336686777184
4721,c,147.6961201571222,147.6961201571222
4722,t,147.6961201571222,147.6961201571222
4723,t,147.6961201571222,147.6961201571222
4724,c,31.750294712412924,33.60599918392927
4725,c,147.6961201571222,147.6961201571222
4726,c,147.6961201571222,147.6961201571222
4727,c,147.6961201571222,147.6961201571222
4728,t,147.6961201571222,147.6961201571222
4729,c,147.6961201571222,147.6961201571222
4730,t,147.6961201571222,147.6961201571222
4731,c,147.6961201571222,147.6961201571222
4732,c,147.6961201571222,147.6961201571222
4733,c,147.6961201571222,147.6961201571222
4734,c,16.612367579426532,16.955473849511847
4735,c,27.978497644199106,29.378515234537225
4736,c,147.6961201571222,147.6961201571222
4737,t,147.6961201571222,147.6961201571222
4738,c,35.15565407026768,42.791406396626776
4739,t,147.6961201571222,147.6961201571222
4740,c,147.6961201571222,147.6961201571222
4741,c,82.6128553951869,83.97727533344874
4742,c,147.6961201571222,147.6961201571222
4743,c,12.259269669453225,14.6543678614386
4744,c,147.6961201571222,147.6961201571222
4745,c,22.31073828722506,26.850501669181774
4746,c,147.6961201571222,147.6961201571222
4747,c,147.6961201571222,147.6961201571222
4748,c,50.72135493407882,50.959744935629736
4749,c,147.6961201571222,147.6961201571222
4750,c,26.476352034691693,26.993038681637127
4751,t,147.6961201571222,147.6961201571222
4752,c,35.24055153855067,37.39938883316098
4753,c,147.6961201571222,147.6961201571222
4754,t,147.6961201571222,147.6961201571222
4755,c,147.6961201571222,147.6961201571222
4756,c,147.6961201571222,147.6961201571222
4757,c,147.6961201571222,147.6961201571222
4758,c,41.643232935331866,46.40158561507601
4759,c,147.6961201571222,147.6961201571222
4760,c,147.6961201571222,147.6961201571222
4761,c,147.6961201571222,147.6961201571222
4762,c,147.6961201571222,147.6961201571222
4763,c,147.6961201571222,147.6961201571222
4764,c,147.6961201571222,147.6961201571222
4765,c,147.6961201571222,147.6961201571222
4766,c,147.6961201571222,147.6961201571222
4767,c,147.6961201571222,147.6961201571222
4768,t,147.6961201571222,147.6961201571222
4769,c,147.6961201571222,147.6961201571222
4770,c,21.655174604088902,24.495058418559278
4771,c,69.63262530044416,71.7493552225329
4772,t,147.6961201571222,147.6961201571222
4773,t,147.6961201571222,147.6961201571222
4774,na,0,2.163784518515672
4775,c,30.24771302500519,33.39676609913787
4776,c,20.184983433174406,21.887099129978594
4777,c,1.409593243078,3.5057159720896536
4778,c,147.6961201571222,147.6961201571222
4779,c,147.6961201571222,147.6961201571222
4780,na,1.1384198489805384,2.608037019230779
4781,c,147.6961201571222,147.6961201571222
4782,c,147.6961201571222,147.6961201571222
4783,c,147.6961201571222,147.6961201571222
4784,c,15.482895442115911,16.582620488883013
4785,t,147.6961201571222,147.6961201571222
4786,c,147.6961201571222,147.6961201571222
4787,c,147.6961201571222,147.6961201571222
4788,c,147.6961201571222,147.6961201571222
4789,c,43.773526067812824,46.3868181501219
4790,c,56.665205090775565,60.86990866714818
4791,c,12.856814748179719,15.680072091856742
4792,c,55.20203037515294,57.03799805445004
4793,c,62.31859764288243,74.28598243136487
4794,t,147.6961201571222,147.6961201571222
4795,t,147.6961201571222,147.6961201571222
4796,c,147.6961201571222,147.6961201571222
4797,c,49.15176307676842,60.97833944911605
4798,t,147.6961201571222,147.6961201571222
4799,c,43.25981606963586,47.51591746886963
4800,c,36.784487057827725,46.0005479129172
4801,c,147.6961201571222,147.6961201571222
4802,na,6.813540587567834,14.474573171051935
4803,t,147.6961201571222,147.6961201571222
4804,c,147.6961201571222,147.6961201571222
4805,c,37.08869413912822,37.732715697785146
4806,c,147.6961201571222,147.6961201571222
4807,c,16.968768754660502,22.201105550568045
4808,c,147.6961201571222,147.6961201571222
4809,na,-1,0
4810,c,147.6961201571222,147.6961201571222
4811,c,31.1703295488907,37.8366892432243
4812,t,147.6961201571222,147.6961201571222
4813,c,35.481713784294506,44.345234573228375
4814,c,147.6961201571222,147.6961201571222
4815,c,24.04088918880336,25.826495627372488
4816,t,147.6961201571222,147.6961201571222
4817,c,147.6961201571222,147.6961201571222
4818,c,147.6961201571222,147.6961201571222
4819,c,147.6961201571222,147.6961201571222
4820,c,147.6961201571222,147.6961201571222
4821,t,147.6961201571222,147.6961201571222
4822,c,147.6961201571222,147.6961201571222
4823,c,25.58515733109965,147.6961201571222
4824,t,147.6961201571222,147.6961201571222
4825,c,31.781231196344613,35.10564619346306
4826,c,147.6961201571222,147.6961201571222
4827,c,147.6961201571222,147.6961201571222
4828,c,73.47298698805197,74.84830964541537
4829,t,147.6961201571222,147.6961201571222
4830,c,147.6961201571222,147.6961201571222
4831,c,147.6961201571222,147.6961201571222
4832,t,147.6961201571222,147.6961201571222
4833,t,147.6961201571222,147.6961201571222
4834,c,147.6961201571222,147.6961201571222
4835,c,1.8026196182382723,5.590901099896739
4836,c,147.6961201571222,147.6961201571222
4837,t,147.6961201571222,147.6961201571222
4838,c,9.708701074331199,14.521865747468873
4839,c,147.6961201571222,147.6961201571222
4840,c,147.6961201571222,147.6961201571222
4841,c,13.547217446105714,14.409423891089913
4842,c,147.6961201571222,147.6961201571222
4843,c,147.6961201571222,147.6961201571222
4844,c,147.6961201571222,147.6961201571222
4845,c,13.977812791441922,14.409983776060146
4846,c,147.6961201571222,147.6961201571222
4847,c,147.6961201571222,147.6961201571222
4848,c,147.6961201571222,147.6961201571222
4849,t,147.6961201571222,147.6961201571222
4850,c,147.6961201571222,147.6961201571222
4851,c,24.216057646603993,27.557438345480943
4852,c,11.381490543916113,11.43000439819454
4853,c,10.49606779699431,16.449232388380672
4854,t,147.6961201571222,147.6961201571222
4855,c,147.6961201571222,147.6961201571222
4856,c,28.150636348446767,48.11987618367776
4857,c,147.6961201571222,147.6961201571222
4858,c,25.88853819450865,27.934198194525628
4859,t,147.6961201571222,147.6961201571222
4860,c,10.264792625510252,11.805026586405717
4861,na,3.0867505112839075,3.576880572838981
4862,na,-1,0
4863,c,147.6961201571222,147.6961201571222
4864,c,30.015699376025374,30.321333450615608
4865,c,10.27307204878148,10.950099592536741
4866,c,147.6961201571222,147.6961201571222
4867,c,37.37072228448063,46.45139008418525
4868,t,147.6961201571222,147.6961201571222
4869,c,147.6961201571222,147.6961201571222
4870,c,147.6961201571222,147.6961201571222
4871,t,147.6961201571222,147.6961201571222
4872,c,28.561954626391568,32.08428533027141
4873,c,147.6961201571222,147.6961201571222
4874,na,5.156982278714921,6.445853913805846
4875,c,147.6961201571222,147.6961201571222
4876,c,42.25841750812776,43.79982041992438
4877,c,18.445050054336388,18.938847544003636
4878,c,5.989356547431622,9.202005381032306
4879,c,147.6961201571222,147.6961201571222
4880,c,147.6961201571222,147.6961201571222
4881,t,147.6961201571222,147.6961201571222
4882,c,21.22752549207833,21.65959873775144
4883,c,147.6961201571222,147.6961201571222
4884,t,147.6961201571222,147.6961201571222
4885,c,19.4608004594308,147.6961201571222
4886,c,147.6961201571222,147.6961201571222
4887,c,147.6961201571222,147.6961201571222
4888,c,147.6961201571222,147.6961201571222
4889,c,147.6961201571222,147.6961201571222
4890,c,44.832923195543906,47.36955760850102
4891,c,36.39323867875726,55.44220608693828
4892,c,23.349656230019576,147.6961201571222
4893,c,39.42211709563195,39.49699275214342
4894,t,147.6961201571222,147.6961201571222
4895,na,0,9.692021134743808
4896,t,147.6961201571222,147.6961201571222
4897,c,147.6961201571222,147.6961201571222
4898,c,10.349583729010732,32.53918756128905
4899,c,31.462427097772142,35.04435383094491
4900,t,147.6961201571222,147.6961201571222
4901,c,70.81395940335614,73.76493782042415
4902,c,147.6961201571222,147.6961201571222
4903,c,147.6961201571222,147.6961201571222
4904,c,28.799865488057524,29.036936511810115
4905,c,147.6961201571222,147.6961201571222
4906,c,147.6961201571222,147.6961201571222
4907,t,147.6961201571222,147.6961201571222
4908,c,147.6961201571222,147.6961201571222
4909,na,-1,0
4910,c,147.6961201571222,147.6961201571222
4911,c,147.6961201571222,147.6961201571222
4912,t,147.6961201571222,147.6961201571222
4913,t,147.6961201571222,147.6961201571222
4914,c,147.6961201571222,147.6961201571222
4915,c,147.6961201571222,147.6961201571222
4916,c,147.6961201571222,147.6961201571222
4917,c,12.838737017050638,13.580697319584486
4918,c,147.6961201571222,147.6961201571222
4919,c,45.36262370988669,46.846983754818325
4920,t,147.6961201571222,147.6961201571222
4921,c,23.636479079831656,55.26428190539058
4922,c,147.6961201571222,147.6961201571222
4923,c,25.28954554843115,33.44547652905368
4924,t,147.6961201571222,147.6961201571222
4925,na,20.241095918976384,24.689956029339818
4926,c,147.6961201571222,147.6961201571222
4927,na,-1,0
4928,c,35.00799057605412,52.67943710649862
4929,c,147.6961201571222,147.6961201571222
4930,c,147.6961201571222,147.6961201571222
4931,c,18.75948260387185,42.018637184223145
4932,c,147.6961201571222,147.6961201571222
4933,c,4.3085597254214045,147.6961201571222
4934,c,12.330678581664253,15.41245922365906
4935,c,147.6961201571222,147.6961201571222
4936,t,147.6961201571222,147.6961201571222
4937,c,25.533091268108375,25.54696310536548
4938,c,147.6961201571222,147.6961201571222
4939,c,21.97795729545798,24.859480745441658
4940,c,147.6961201571222,147.6961201571222
4941,t,147.6961201571222,147.6961201571222
4942,t,147.6961201571222,147.6961201571222
4943,c,147.6961201571222,147.6961201571222
4944,c,147.6961201571222,147.6961201571222
4945,c,147.6961201571222,147.6961201571222
4946,c,17.99738509927762,33.0528036402945
4947,c,64.64193759818188,66.4991253956692
4948,c,36.59915260676466,36.768572424457055
4949,t,147.6961201571222,147.6961201571222
4950,c,33.228761255939034,40.13814028086983
4951,t,147.6961201571222,147.6961201571222
4952,t,147.6961201571222,147.6961201571222
4953,c,147.6961201571222,147.6961201571222
4954,na,-1,0
4955,t,147.6961201571222,147.6961201571222
4956,t,147.6961201571222,147.6961201571222
4957,c,50.46885653170639,50.572513666039875
4958,c,147.6961201571222,147.6961201571222
4959,c,33.459020425042766,41.626416782666055
4960,c,19.54561569131497,20.778072260095872
4961,c,24.10632379294668,27.967285341534982
4962,c,22.68914065129462,24.10237369659459
4963,c,147.6961201571222,147.6961201571222
4964,t,147.6961201571222,147.6961201571222
4965,c,147.6961201571222,147.6961201571222
4966,c,147.6961201571222,147.6961201571222
4967,c,147.6961201571222,147.6961201571222
4968,c,147.6961201571222,147.6961201571222
4969,c,18.210607492741953,20.353203567332613
4970,c,147.6961201571222,147.6961201571222
4971,t,147.6961201571222,147.6961201571222
4972,t,147.6961201571222,147.6961201571222
4973,c,21.95828387658608,25.088361348025263
4974,c,147.6961201571222,147.6961201571222
4975,c,147.6961201571222,147.6961201571222
4976,c,32.094360583432625,34.72282154309157
4977,c,147.6961201571222,147.6961201571222
4978,t,147.6961201571222,147.6961201571222
4979,t,147.6961201571222,147.6961201571222
4980,c,12.441830893637595,24.067520530704797
4981,t,147.6961201571222,147.6961201571222
4982,c,42.76702893600064,54.248822962452756
4983,t,147.6961201571222,147.6961201571222
4984,c,147.6961201571222,147.6961201571222
4985,c,147.6961201571222,147.6961201571222
4986,c,147.6961201571222,147.6961201571222
4987,c,147.6961201571222,147.6961201571222
4988,c,29.36320373491943,30.328891300254583
4989,t,147.6961201571222,147.6961201571222
4990,c,17.509345839732315,20.121268218406154
4991,t,147.6961201571222,147.6961201571222
4992,t,147.6961201571222,147.6961201571222
4993,c,147.6961201571222,147.6961201571222
4994,c,55.513374065396526,56.28851762592806
4995,c,147.6961201571222,147.6961201571222
4996,c,147.6961201571222,147.6961201571222
4997,c,44.216647333213174,52.341372628900295
4998,c,13.794132725728831,18.867941622133312
4999,c,147.6961201571222,147.6961201571222
5000,c,19.25596598223364,28.474170022905763
5001,c,15.375563441310238,26.471724352422683
5002,t,147.6961201571222,147.6961201571222
5003,c,147.6961201571222,147.6961201571222
5004,t,147.6961201571222,147.6961201571222
5005,c,147.6961201571222,147.6961201571222
5006,t,147.6961201571222,147.6961201571222
5007,c,147.6961201571222,147.6961201571222
5008,c,27.802744064482255,30.979778297891702
5009,t,147.6961201571222,147.6961201571222
5010,c,147.6961201571222,147.6961201571222
5011,c,147.6961201571222,147.6961201571222
5012,t,147.6961201571222,147.6961201571222
5013,c,4.467883301517713,6.157188852903014
5014,c,12.895907862650922,13.615321619975491
5015,c,24.039579910567483,25.162261436888
5016,c,147.6961201571222,147.6961201571222
5017,c,147.6961201571222,147.6961201571222
5018,c,47.34554736850278,48.64206719581257
5019,t,147.6961201571222,147.6961201571222
5020,c,37.86365236556524,44.400679710752584
5021,c,147.6961201571222,147.6961201571222
5022,t,147.6961201571222,147.6961201571222
5023,c,18.41046612006548,18.918913256520902
5024,c,147.6961201571222,147.6961201571222
5025,c,147.6961201571222,147.6961201571222
5026,c,147.6961201571222,147.6961201571222
5027,c,22.939141865805297,27.621073595388633
5028,t,147.6961201571222,147.6961201571222
5029,c,147.6961201571222,147.6961201571222
5030,c,147.6961201571222,147.6961201571222
5031,t,147.6961201571222,147.6961201571222
5032,t,147.6961201571222,147.6961201571222
5033,c,147.6961201571222,147.6961201571222
5034,na,5.2721544901080435,7.129637763486617
5035,c,12.933037479509624,24.483758064670706
5036,c,147.6961201571222,147.6961201571222
5037,c,14.485234739495272,17.360411971187197
5038,c,147.6961201571222,147.6961201571222
5039,c,147.6961201571222,147.6961201571222
5040,c,147.6961201571222,147.6961201571222
5041,c,29.209202918284543,30.25095159751365
5042,c,147.6961201571222,147.6961201571222
5043,c,147.6961201571222,147.6961201571222
5044,c,41.25808876625882,47.24125332888474
5045,c,147.6961201571222,147.6961201571222
5046,c,50.20476253489425,56.065170733029305
5047,c,33.860386706555886,34.04367537694627
5048,t,147.6961201571222,147.6961201571222
5049,c,147.6961201571222,147.6961201571222
5050,c,33.44107177435686,52.650363888542074
5051,t,147.6961201571222,147.6961201571222
5052,c,54.51801278521371,55.781429539731036
5053,t,147.6961201571222,147.6961201571222
5054,t,147.6961201571222,147.6961201571222
5055,c,36.575836488604956,41.21134260824347
5056,c,11.35412589543132,11.757624020936474
5057,c,15.548088336223184,16.100438897400675
5058,t,147.6961201571222,147.6961201571222
5059,c,25.404749390836773,34.90070981957371
5060,c,23.828737125735604,30.78167518556911
5061,c,41.87841166874658,42.55629649308863
5062,c,147.6961201571222,147.6961201571222
5063,c,147.6961201571222,147.6961201571222
5064,t,147.6961201571222,147.6961201571222
5065,c,24.008996237705237,28.5095542690199
5066,t,147.6961201571222,147.6961201571222
5067,c,147.6961201571222,147.6961201571222
5068,c,147.6961201571222,147.6961201571222
5069,c,23.804330124792667,31.691403371169205
5070,c,147.6961201571222,147.6961201571222
5071,c,36.13056257576727,36.38083482282593
5072,c,29.51244476277625,32.84515180615215
5073,c,13.760124286983833,16.054933522573837
5074,c,19.425047538305623,24.628667639267107
5075,c,25.329307299343565,27.27284740506051
5076,c,147.6961201571222,147.6961201571222
5077,c,26.450320494705828,27.64744562892499
5078,c,147.6961201571222,147.6961201571222
5079,c,15.327072981159798,19.776155015536
5080,c,22.872168139120873,23.7081068054563
5081,c,147.6961201571222,147.6961201571222
5082,c,147.6961201571222,147.6961201571222
5083,t,147.6961201571222,147.6961201571222
5084,c,7.356365480428881,10.83277817879735
5085,c,147.6961201571222,147.6961201571222
5086,t,147.6961201571222,147.6961201571222
5087,c,147.6961201571222,147.6961201571222
5088,c,147.6961201571222,147.6961201571222
5089,c,26.679322953121215,28.118356715062088
5090,c,147.6961201571222,147.6961201571222
5091,c,147.6961201571222,147.6961201571222
5092,t,147.6961201571222,147.6961201571222
5093,t,147.6961201571222,147.6961201571222
5094,t,147.6961201571222,147.6961201571222
5095,c,147.6961201571222,147.6961201571222
5096,t,147.6961201571222,147.6961201571222
5097,t,147.6961201571222,147.6961201571222
5098,c,147.6961201571222,147.6961201571222
5099,c,147.6961201571222,147.6961201571222
5100,c,147.6961201571222,147.6961201571222
5101,c,147.6961201571222,147.6961201571222
5102,c,147.6961201571222,147.6961201571222
5103,c,24.421502924669856,26.895914876354613
5104,c,27.03787926277339,27.287024176493333
5105,c,59.08980852655057,66.01933475547827
5106,t,147.6961201571222,147.6961201571222
5107,t,147.6961201571222,147.6961201571222
5108,c,147.6961201571222,147.6961201571222
5109,c,147.6961201571222,147.6961201571222
5110,t,147.6961201571222,147.6961201571222
5111,c,147.6961201571222,147.6961201571222
5112,c,147.6961201571222,147.6961201571222
5113,c,147.6961201571222,147.6961201571222
5114,c,147.6961201571222,147.6961201571222
5115,c,25.9630951410797,30.351831625988005
5116,c,57.00003793133867,59.86784089952628
5117,c,49.617627676057616,51.026155461589035
5118,c,147.6961201571222,147.6961201571222
5119,c,24.798406205205136,26.657711854684248
5120,c,36.588868282460666,43.54771550524774
5121,c,45.586862043905235,45.85878388785149
5122,c,147.6961201571222,147.6961201571222
5123,t,147.6961201571222,147.6961201571222
5124,t,147.6961201571222,147.6961201571222
5125,t,147.6961201571222,147.6961201571222
5126,t,147.6961201571222,147.6961201571222
5127,c,25.260164916075443,35.784040967384016
5128,c,24.38084456166025,25.03098208546897
5129,t,147.6961201571222,147.6961201571222
5130,c,17.81753180789748,18.254199092889884
5131,c,48.06038027862083,50.10667107695476
5132,c,21.500443074520458,23.65327231694162
5133,t,147.6961201571222,147.6961201571222
5134,c,147.6961201571222,147.6961201571222
5135,t,147.6961201571222,147.6961201571222
5136,t,147.6961201571222,147.6961201571222
5137,c,10.564597705377963,13.961384048546485
5138,c,147.6961201571222,147.6961201571222
5139,t,147.6961201571222,147.6961201571222
5140,t,147.6961201571222,147.6961201571222
5141,c,147.6961201571222,147.6961201571222
5142,c,18.546166711363913,26.41336128307488
5143,c,147.6961201571222,147.6961201571222
5144,c,18.741695743401817,21.6515168367597
5145,c,32.75607139880609,33.907385716554636
5146,c,30.2100111732743,41.13829972812625
5147,c,147.6961201571222,147.6961201571222
5148,c,25.146250846966954,28.9010846366916
5149,c,147.6961201571222,147.6961201571222
5150,c,147.6961201571222,147.6961201571222
5151,c,147.6961201571222,147.6961201571222
5152,c,147.6961201571222,147.6961201571222
5153,c,147.6961201571222,147.6961201571222
5154,c,147.6961201571222,147.6961201571222
5155,t,147.6961201571222,147.6961201571222
5156,c,147.6961201571222,147.6961201571222
5157,c,147.6961201571222,147.6961201571222
5158,na,0,0.1874563338519819
5159,c,147.6961201571222,147.6961201571222
5160,c,47.22057975279422,52.664322269910635
5161,t,147.6961201571222,147.6961201571222
5162,c,147.6961201571222,147.6961201571222
5163,c,27.119564830527903,28.397008788800733
5164,na,2.864660139612061,6.423953970492975
5165,c,10.391150895582369,21.20151727967538
5166,c,30.473805505714488,31.91424280103816
5167,c,12.729240589349486,14.264894636849327
5168,c,147.6961201571222,147.6961201571222
5169,c,147.6961201571222,147.6961201571222
5170,t,147.6961201571222,147.6961201571222
5171,c,20.709930994621793,24.884741733894334
5172,c,147.6961201571222,147.6961201571222
5173,c,25.481145060391473,26.362673354541094
5174,c,147.6961201571222,147.6961201571222
5175,c,24.543216050588715,25.50175205067569
5176,c,147.6961201571222,147.6961201571222
5177,c,147.6961201571222,147.6961201571222
5178,c,30.2844809184554,33.894013554384294
5179,c,31.40121062981693,35.00809875364777
5180,c,147.6961201571222,147.6961201571222
5181,c,51.344349549109644,54.25352328783117
5182,t,147.6961201571222,147.6961201571222
5183,c,45.22711871393399,46.09257926618024
5184,c,147.6961201571222,147.6961201571222
5185,c,147.6961201571222,147.6961201571222
5186,c,147.6961201571222,147.6961201571222
5187,c,7.486095645857475,11.378767880493193
5188,c,147.6961201571222,147.6961201571222
5189,t,147.6961201571222,147.6961201571222
5190,c,147.6961201571222,147.6961201571222
5191,t,147.6961201571222,147.6961201571222
5192,t,147.6961201571222,147.6961201571222
5193,c,147.6961201571222,147.6961201571222
5194,c,26.405486782226166,29.417224749710687
5195,t,147.6961201571222,147.6961201571222
5196,t,147.6961201571222,147.6961201571222
5197,t,147.6961201571222,147.6961201571222
5198,c,147.6961201571222,147.6961201571222
5199,c,46.79258774319835,50.28111033304637
5200,t,147.6961201571222,147.6961201571222
5201,c,147.6961201571222,147.6961201571222
5202,c,147.6961201571222,147.6961201571222
5203,t,147.6961201571222,147.6961201571222
5204,c,147.6961201571222,147.6961201571222
5205,c,147.6961201571222,147.6961201571222
5206,c,15.904973450748672,21.103645455339002
5207,c,17.82713597105888,18.417979222725638
5208,c,147.6961201571222,147.6961201571222
5209,c,49.76385869151525,56.798535282071676
5210,c,147.6961201571222,147.6961201571222
5211,c,147.6961201571222,147.6961201571222
5212,c,15.224570395479832,15.899900989426191
5213,c,41.902765281291835,45.56972872707735
5214,c,16.135303706036144,147.6961201571222
5215,c,147.6961201571222,147.6961201571222
5216,c,147.6961201571222,147.6961201571222
5217,c,19.960626215422245,21.648228392498446
5218,t,147.6961201571222,147.6961201571222
5219,c,147.6961201571222,147.6961201571222
5220,c,17.189364440312833,19.67706418802867
5221,t,147.6961201571222,147.6961201571222
5222,c,14.286717690866041,15.359832358914806
5223,c,27.624991171799024,27.925854107733215
5224,c,147.6961201571222,147.6961201571222
5225,c,147.6961201571222,147.6961201571222
5226,c,19.28938176754221,31.262866949644778
5227,c,11.213292556099807,13.545370206936576
5228,c,147.6961201571222,147.6961201571222
5229,t,147.6961201571222,147.6961201571222
5230,c,28.796860684414515,34.21243614764451
5231,c,39.71861374913148,47.80165697412837
5232,c,147.6961201571222,147.6961201571222
5233,c,31.975538729852556,45.373310785064824
5234,c,147.6961201571222,147.6961201571222
5235,t,147.6961201571222,147.6961201571222
5236,c,22.82541834595386,27.279472795562295
5237,c,147.6961201571222,147.6961201571222
5238,na,9.107531322083844,16.42064583793043
5239,t,147.6961201571222,147.6961201571222
5240,c,25.27626774891186,27.880506418028705
5241,c,147.6961201571222,147.6961201571222
5242,c,147.6961201571222,147.6961201571222
5243,c,147.6961201571222,147.6961201571222
5244,c,31.49051321896635,39.92761589889049
5245,c,147.6961201571222,147.6961201571222
5246,c,147.6961201571222,147.6961201571222
5247,c,147.6961201571222,147.6961201571222
5248,c,147.6961201571222,147.6961201571222
5249,c,147.6961201571222,147.6961201571222
5250,c,147.6961201571222,147.6961201571222
5251,c,147.6961201571222,147.6961201571222
5252,c,39.7230033609464,40.080308676236506
5253,t,147.6961201571222,147.6961201571222
5254,t,147.6961201571222,147.6961201571222
5255,c,16.887224136887014,23.550818605409187
5256,c,147.6961201571222,147.6961201571222
5257,c,147.6961201571222,147.6961201571222
5258,c,147.6961201571222,147.6961201571222
5259,t,147.6961201571222,147.6961201571222
5260,c,147.6961201571222,147.6961201571222
5261,c,147.6961201571222,147.6961201571222
5262,t,147.6961201571222,147.6961201571222
5263,c,9.32839133661309,19.320067569592503
5264,c,18.693645424648494,24.751077057015937
5265,c,37.00380536398726,40.28309442066908
5266,t,147.6961201571222,147.6961201571222
5267,c,147.6961201571222,147.6961201571222
5268,c,147.6961201571222,147.6961201571222
5269,t,147.6961201571222,147.6961201571222
5270,c,17.5209680789915,24.594547111040793
5271,t,147.6961201571222,147.6961201571222
5272,c,60.464084629616586,60.80002598476891
5273,c,147.6961201571222,147.6961201571222
5274,c,147.6961201571222,147.6961201571222
5275,t,147.6961201571222,147.6961201571222
5276,c,31.919519161488072,32.291504976940594
5277,c,33.02864306017895,38.419912522063065
5278,t,147.6961201571222,147.6961201571222
5279,c,147.6961201571222,147.6961201571222
5280,c,24.22352160239303,27.94301871055787
5281,t,147.6961201571222,147.6961201571222
5282,t,147.6961201571222,147.6961201571222
5283,c,27.31407395525477,30.306202961400693
5284,t,147.6961201571222,147.6961201571222
5285,c,39.90074343812109,51.157115369164316
5286,t,147.6961201571222,147.6961201571222
5287,c,147.6961201571222,147.6961201571222
5288,c,147.6961201571222,147.6961201571222
5289,c,33.14363778354686,46.88473231137452
5290,t,147.6961201571222,147.6961201571222
5291,c,147.6961201571222,147.6961201571222
5292,c,46.98649671748396,50.97085958476363
5293,c,147.6961201571222,147.6961201571222
5294,c,147.6961201571222,147.6961201571222
5295,t,147.6961201571222,147.6961201571222
5296,c,56.67343238202987,58.619253652729185
5297,c,147.6961201571222,147.6961201571222
5298,c,147.6961201571222,147.6961201571222
5299,t,147.6961201571222,147.6961201571222
5300,c,30.579102186780887,36.37155589201807
5301,c,147.6961201571222,147.6961201571222
5302,c,41.31002453941558,42.32856729842577
5303,t,147.6961201571222,147.6961201571222
5304,t,147.6961201571222,147.6961201571222
5305,t,147.6961201571222,147.6961201571222
5306,c,147.6961201571222,147.6961201571222
5307,c,11.163975778399442,12.750864093822525
5308,t,147.6961201571222,147.6961201571222
5309,c,147.6961201571222,147.6961201571222
5310,c,147.6961201571222,147.6961201571222
5311,c,147.6961201571222,147.6961201571222
5312,c,147.6961201571222,147.6961201571222
5313,t,147.6961201571222,147.6961201571222
5314,c,147.6961201571222,147.6961201571222
5315,t,147.6961201571222,147.6961201571222
5316,c,5.365027833663526,8.631866172666145
5317,c,28.552323694828644,35.216406589722475
5318,c,20.069759582812015,22.696901583151394
5319,c,147.6961201571222,147.6961201571222
5320,c,147.6961201571222,147.6961201571222
5321,t,147.6961201571222,147.6961201571222
5322,c,11.522540355172442,20.454333320314174
5323,c,147.6961201571222,147.6961201571222
5324,c,147.6961201571222,147.6961201571222
5325,c,147.6961201571222,147.6961201571222
5326,c,147.6961201571222,147.6961201571222
5327,c,59.45712014031627,60.926145899881945
5328,t,147.6961201571222,147.6961201571222
5329,c,8.584297077867843,10.212151556483668
5330,c,147.6961201571222,147.6961201571222
5331,t,147.6961201571222,147.6961201571222
5332,c,147.6961201571222,147.6961201571222
5333,c,33.56948592904728,39.68450324242032
5334,c,147.6961201571222,147.6961201571222
5335,c,40.688858941619834,46.293811682831226
5336,c,47.792442240498985,49.32670418124291
5337,c,17.50875206362657,19.54866689668358
5338,c,19.18430589230566,20.144992646551806
5339,c,147.6961201571222,147.6961201571222
5340,t,147.6961201571222,147.6961201571222
5341,c,2.559430047269485,2.996988363450215
5342,c,14.908513743461048,147.6961201571222
5343,t,147.6961201571222,147.6961201571222
5344,c,147.6961201571222,147.6961201571222
5345,c,147.6961201571222,147.6961201571222
5346,c,147.6961201571222,147.6961201571222
5347,c,85.51376788882092,87.29216178833909
5348,t,147.6961201571222,147.6961201571222
5349,c,147.6961201571222,147.6961201571222
5350,c,28.391788945543652,29.551394349666346
5351,t,147.6961201571222,147.6961201571222
5352,c,43.57887755749223,147.6961201571222
5353,t,147.6961201571222,147.6961201571222
5354,t,147.6961201571222,147.6961201571222
5355,t,147.6961201571222,147.6961201571222
5356,c,147.6961201571222,147.6961201571222
5357,c,147.6961201571222,147.6961201571222
5358,c,147.6961201571222,147.6961201571222
5359,c,62.51887692710329,67.97270740207168
5360,t,147.6961201571222,147.6961201571222
5361,c,52.57501194938389,54.40723366205599
5362,c,147.6961201571222,147.6961201571222
5363,t,147.6961201571222,147.6961201571222
5364,t,147.6961201571222,147.6961201571222
5365,c,21.055602602050286,32.99271624906102
5366,c,147.6961201571222,147.6961201571222
5367,c,29.116875706344988,29.814699520142145
5368,t,147.6961201571222,147.6961201571222
5369,t,147.6961201571222,147.6961201571222
5370,c,46.431602946674495,54.17687163508036
5371,c,147.6961201571222,147.6961201571222
5372,c,60.204812439233436,66.34662899204615
5373,c,35.91653609709328,36.10674168441108
5374,t,147.6961201571222,147.6961201571222
5375,c,40.9793378623236,42.84476699201101
5376,t,147.6961201571222,147.6961201571222
5377,c,26.02781161091749,28.915038088731123
5378,c,43.26051775006538,46.194243293583305
5379,t,147.6961201571222,147.6961201571222
5380,c,147.6961201571222,147.6961201571222
5381,c,147.6961201571222,147.6961201571222
5382,c,34.99587514163098,41.511085998980676
5383,c,147.6961201571222,147.6961201571222
5384,c,25.17887860643132,27.586242358608988
5385,na,-1,0
5386,c,34.759517775881015,147.6961201571222
5387,c,147.6961201571222,147.6961201571222
5388,c,147.6961201571222,147.6961201571222
5389,c,147.6961201571222,147.6961201571222
5390,t,147.6961201571222,147.6961201571222
5391,c,147.6961201571222,147.6961201571222
5392,c,147.6961201571222,147.6961201571222
5393,c,147.6961201571222,147.6961201571222
5394,c,34.95634466826535,35.76018548752199
5395,c,147.6961201571222,147.6961201571222
5396,c,23.233658567178352,31.525516419846877
5397,c,147.6961201571222,147.6961201571222
5398,c,61.12052230384395,67.69236313224123
5399,c,31.388675962171657,41.635711405753064
5400,t,147.6961201571222,147.6961201571222
5401,c,147.6961201571222,147.6961201571222
5402,c,147.6961201571222,147.6961201571222
5403,t,147.6961201571222,147.6961201571222
5404,t,147.6961201571222,147.6961201571222
5405,c,147.6961201571222,147.6961201571222
5406,c,147.6961201571222,147.6961201571222
5407,c,7.06286758050007,8.236984923944679
5408,c,147.6961201571222,147.6961201571222
5409,c,72.41008960801429,82.3048893005307
5410,t,147.6961201571222,147.6961201571222
5411,c,6.887473489958119,8.623128531452938
5412,c,23.39092401451592,24.00024019801414
5413,c,31.136639710734563,38.12692591498531
5414,t,147.6961201571222,147.6961201571222
5415,c,12.516466659690234,16.65615611650263
5416,c,147.6961201571222,147.6961201571222
5417,c,14.095227583741151,16.342138857068875
5418,t,147.6961201571222,147.6961201571222
5419,c,36.623598987457065,37.35285212637197
5420,t,147.6961201571222,147.6961201571222
5421,c,67.08603349872165,78.83980065766845
5422,c,147.6961201571222,147.6961201571222
5423,t,147.6961201571222,147.6961201571222
5424,c,147.6961201571222,147.6961201571222
5425,c,147.6961201571222,147.6961201571222
5426,c,26.404707924589342,27.704092297483864
5427,c,13.759677674803445,14.456888147671252
5428,c,36.07275866622109,147.6961201571222
5429,c,147.6961201571222,147.6961201571222
5430,c,147.6961201571222,147.6961201571222
5431,c,147.6961201571222,147.6961201571222
5432,c,147.6961201571222,147.6961201571222
5433,c,147.6961201571222,147.6961201571222
5434,t,147.6961201571222,147.6961201571222
5435,c,147.6961201571222,147.6961201571222
5436,c,10.299928776012754,13.08444974054842
5437,c,31.316360738346454,36.50409039731253
5438,c,32.68223203865166,33.72579604752354
5439,c,8.493443727630314,8.603073225429034
5440,t,147.6961201571222,147.6961201571222
5441,c,147.6961201571222,147.6961201571222
5442,t,147.6961201571222,147.6961201571222
5443,t,147.6961201571222,147.6961201571222
5444,c,147.6961201571222,147.6961201571222
5445,c,147.6961201571222,147.6961201571222
5446,c,27.908074775598113,147.6961201571222
5447,c,38.577498589193986,38.80777294791794
5448,t,147.6961201571222,147.6961201571222
5449,c,32.728231464348504,33.8018253492674
5450,c,147.6961201571222,147.6961201571222
5451,c,147.6961201571222,147.6961201571222
5452,c,13.21891414689005,18.81319547900261
5453,t,147.6961201571222,147.6961201571222
5454,c,147.6961201571222,147.6961201571222
5455,c,147.6961201571222,147.6961201571222
5456,c,20.794668246391662,25.292859825938134
5457,c,147.6961201571222,147.6961201571222
5458,c,31.612878950380114,36.184389649843396
5459,c,147.6961201571222,147.6961201571222
5460,c,147.6961201571222,147.6961201571222
5461,c,147.6961201571222,147.6961201571222
5462,c,147.6961201571222,147.6961201571222
5463,t,147.6961201571222,147.6961201571222
5464,c,15.928881678787954,147.6961201571222
5465,t,147.6961201571222,147.6961201571222
5466,c,26.904484741400896,29.291460441543826
5467,c,147.6961201571222,147.6961201571222
5468,c,147.6961201571222,147.6961201571222
5469,t,147.6961201571222,147.6961201571222
5470,c,147.6961201571222,147.6961201571222
5471,c,147.6961201571222,147.6961201571222
5472,c,147.6961201571222,147.6961201571222
5473,c,147.6961201571222,147.6961201571222
5474,c,147.6961201571222,147.6961201571222
5475,c,76.36627394944229,77.96799286552313
5476,c,147.6961201571222,147.6961201571222
5477,c,14.006377699006407,19.339430188530265
5478,c,147.6961201571222,147.6961201571222
5479,c,147.6961201571222,147.6961201571222
5480,t,147.6961201571222,147.6961201571222
5481,c,18.69740818192352,21.620139811583353
5482,c,147.6961201571222,147.6961201571222
5483,c,147.6961201571222,147.6961201571222
5484,c,147.6961201571222,147.6961201571222
5485,c,147.6961201571222,147.6961201571222
5486,c,30.382581419647217,37.40467459232887
5487,c,147.6961201571222,147.6961201571222
5488,c,28.129225688465908,29.94290427146288
5489,t,147.6961201571222,147.6961201571222
5490,c,17.497954358131153,21.839175745776974
5491,t,147.6961201571222,147.6961201571222
5492,c,147.6961201571222,147.6961201571222
5493,c,147.6961201571222,147.6961201571222
5494,c,147.6961201571222,147.6961201571222
5495,t,147.6961201571222,147.6961201571222
5496,c,28.860152703818596,147.6961201571222
5497,c,147.6961201571222,147.6961201571222
5498,c,147.6961201571222,147.6961201571222
5499,c,18.174212993541733,22.80756098718109
5500,c,147.6961201571222,147.6961201571222
5501,t,147.6961201571222,147.6961201571222
5502,t,147.6961201571222,147.6961201571222
5503,c,6.88293864274468,9.746322066193198
5504,t,147.6961201571222,147.6961201571222
5505,c,40.49132094013655,43.60081071385715
5506,c,147.6961201571222,147.6961201571222
5507,c,147.6961201571222,147.6961201571222
5508,c,52.16612678811687,55.64090530030058
5509,c,6.082445371056109,27.602113534549847
5510,c,147.6961201571222,147.6961201571222
5511,c,52.57896022459592,53.395701346669306
5512,c,147.6961201571222,147.6961201571222
5513,c,14.03688556607891,20.415934471571347
5514,c,20.25684146432612,147.6961201571222
5515,c,33.01026407375808,35.482934389545306
5516,c,147.6961201571222,147.6961201571222
5517,c,147.6961201571222,147.6961201571222
5518,c,36.85604894001387,37.715347772355564
5519,c,147.6961201571222,147.6961201571222
5520,c,147.6961201571222,147.6961201571222
5521,c,18.872293741064908,25.526208753872623
5522,c,147.6961201571222,147.6961201571222
5523,c,14.55368053408151,16.421067706118066
5524,c,15.351940133728029,19.205388050234976
5525,t,147.6961201571222,147.6961201571222
5526,t,147.6961201571222,147.6961201571222
5527,c,147.6961201571222,147.6961201571222
5528,c,22.661146116794285,28.73596643764892
5529,c,34.13762083851594,35.041603759240395
5530,t,147.6961201571222,147.6961201571222
5531,c,17.09264659137456,17.334355236188262
5532,c,147.6961201571222,147.6961201571222
5533,t,147.6961201571222,147.6961201571222
5534,c,4.153487673280897,9.787763191713974
5535,t,147.6961201571222,147.6961201571222
5536,c,147.6961201571222,147.6961201571222
5537,c,147.6961201571222,147.6961201571222
5538,c,17.962800547117887,25.854413502648615
5539,na,4.418299347362334,9.365031849941545
5540,c,13.843205420142555,14.906851088826416
5541,t,147.6961201571222,147.6961201571222
5542,c,147.6961201571222,147.6961201571222
5543,t,147.6961201571222,147.6961201571222
5544,c,23.348949655722567,26.1325888813983
5545,c,147.6961201571222,147.6961201571222
5546,t,147.6961201571222,147.6961201571222
5547,c,147.6961201571222,147.6961201571222
5548,c,18.81734741777651,25.8074468178541
5549,c,147.6961201571222,147.6961201571222
5550,t,147.6961201571222,147.6961201571222
5551,c,20.332623980820028,23.720853512532834
5552,c,147.6961201571222,147.6961201571222
5553,t,147.6961201571222,147.6961201571222
5554,c,52.77267897086435,63.796690980126314
5555,c,147.6961201571222,147.6961201571222
5556,c,147.6961201571222,147.6961201571222
5557,c,147.6961201571222,147.6961201571222
5558,t,147.6961201571222,147.6961201571222
5559,c,45.21720755865792,46.23868815015795
5560,c,13.474454706822435,147.6961201571222
5561,c,147.6961201571222,147.6961201571222
5562,c,13.741538159323973,19.777634876917315
5563,c,147.6961201571222,147.6961201571222
5564,t,147.6961201571222,147.6961201571222
5565,c,147.6961201571222,147.6961201571222
5566,c,35.124587573747974,35.50604490722669
5567,c,147.6961201571222,147.6961201571222
5568,c,147.6961201571222,147.6961201571222
5569,c,147.6961201571222,147.6961201571222
5570,t,147.6961201571222,147.6961201571222
5571,c,7.927105110509167,9.25840034261105
5572,c,147.6961201571222,147.6961201571222
5573,na,0,4.831950279488173
5574,c,147.6961201571222,147.6961201571222
5575,t,147.6961201571222,147.6961201571222
5576,c,147.6961201571222,147.6961201571222
5577,c,42.60682770004665,44.03356704887793
5578,c,147.6961201571222,147.6961201571222
5579,c,147.6961201571222,147.6961201571222
5580,c,28.487369264505652,41.467497305737716
5581,c,147.6961201571222,147.6961201571222
5582,c,147.6961201571222,147.6961201571222
5583,c,147.6961201571222,147.6961201571222
5584,c,147.6961201571222,147.6961201571222
5585,c,147.6961201571222,147.6961201571222
5586,c,60.353384049885335,61.081775041680004
5587,c,147.6961201571222,147.6961201571222
5588,c,147.6961201571222,147.6961201571222
5589,c,147.6961201571222,147.6961201571222
5590,c,147.6961201571222,147.6961201571222
5591,c,25.321776472407716,28.87093398507918
5592,c,147.6961201571222,147.6961201571222
5593,c,147.6961201571222,147.6961201571222
5594,c,15.603702252071663,23.607037246312508
5595,c,51.96040453185685,59.6771687712515
5596,c,147.6961201571222,147.6961201571222
5597,c,147.6961201571222,147.6961201571222
5598,c,10.759280776165276,16.69684641835082
5599,c,147.6961201571222,147.6961201571222
5600,c,147.6961201571222,147.6961201571222
5601,c,22.021354697408306,23.113397325843987
5602,c,46.67620420188858,47.354455398195356
5603,c,147.6961201571222,147.6961201571222
5604,c,147.6961201571222,147.6961201571222
5605,t,147.6961201571222,147.6961201571222
5606,c,20.85224857951016,22.149217976560553
5607,c,147.6961201571222,147.6961201571222
5608,c,147.6961201571222,147.6961201571222
5609,c,19.996710072367,21.613893379677645
5610,c,147.6961201571222,147.6961201571222
5611,c,147.6961201571222,147.6961201571222
5612,c,31.92467997429859,33.48408655380703
5613,c,50.36854849942393,53.087783109460226
5614,t,147.6961201571222,147.6961201571222
5615,c,15.569848642129191,17.364409214829028
5616,c,147.6961201571222,147.6961201571222
5617,c,17.64311305558638,21.779649979410483
5618,c,147.6961201571222,147.6961201571222
5619,c,45.77554340118647,56.34490440775405
5620,t,147.6961201571222,147.6961201571222
5621,c,147.6961201571222,147.6961201571222
5622,c,9.336654530913439,147.6961201571222
5623,t,147.6961201571222,147.6961201571222
5624,c,33.81735129806705,42.595178665427895
5625,c,147.6961201571222,147.6961201571222
5626,c,16.70534384231023,24.626743089393525
5627,c,147.6961201571222,147.6961201571222
5628,c,147.6961201571222,147.6961201571222
5629,c,147.6961201571222,147.6961201571222
5630,c,147.6961201571222,147.6961201571222
5631,c,45.23158078415341,46.11916084334861
5632,t,147.6961201571222,147.6961201571222
5633,c,27.593427385582835,30.496585120475164
5634,c,147.6961201571222,147.6961201571222
5635,t,147.6961201571222,147.6961201571222
5636,c,13.85430784010683,19.63596894952394
5637,c,147.6961201571222,147.6961201571222
5638,c,10.829070349645262,14.059825941356113
5639,c,13.258069502594799,40.29880423679915
5640,t,147.6961201571222,147.6961201571222
5641,c,147.6961201571222,147.6961201571222
5642,c,43.610573842291586,45.48870307629344
5643,c,147.6961201571222,147.6961201571222
5644,t,147.6961201571222,147.6961201571222
5645,c,43.57003730447477,48.29954100271276
5646,t,147.6961201571222,147.6961201571222
5647,c,147.6961201571222,147.6961201571222
5648,t,147.6961201571222,147.6961201571222
5649,t,147.6961201571222,147.6961201571222
5650,c,5.720838849298712,6.271211511323172
5651,c,45.12017779111474,45.166951099564464
5652,c,68.42175558390807,70.91897669182063
5653,t,147.6961201571222,147.6961201571222
5654,c,90.09446519497982,91.66170244770485
5655,c,147.6961201571222,147.6961201571222
5656,c,147.6961201571222,147.6961201571222
5657,c,147.6961201571222,147.6961201571222
5658,c,147.6961201571222,147.6961201571222
5659,c,20.475492524426006,23.355546582695435
5660,c,27.838450231169688,31.825540484325035
5661,c,147.6961201571222,147.6961201571222
5662,c,32.15157674112821,32.59674008660217
5663,c,17.5335852238932,18.8741542680461
5664,c,41.240515690969815,42.188155003534426
5665,c,147.6961201571222,147.6961201571222
5666,c,147.6961201571222,147.6961201571222
5667,c,147.6961201571222,147.6961201571222
5668,t,147.6961201571222,147.6961201571222
5669,c,11.170446940129343,15.144998119839062
5670,c,147.6961201571222,147.6961201571222
5671,c,147.6961201571222,147.6961201571222
5672,t,147.6961201571222,147.6961201571222
5673,c,147.6961201571222,147.6961201571222
5674,c,147.6961201571222,147.6961201571222
5675,c,147.6961201571222,147.6961201571222
5676,c,39.5174169257627,40.39277772540945
5677,c,147.6961201571222,147.6961201571222
5678,t,147.6961201571222,147.6961201571222
5679,c,147.6961201571222,147.6961201571222
5680,c,147.6961201571222,147.6961201571222
5681,c,147.6961201571222,147.6961201571222
5682,c,36.595413250942656,37.66661387642712
5683,c,147.6961201571222,147.6961201571222
5684,c,147.6961201571222,147.6961201571222
5685,c,147.6961201571222,147.6961201571222
5686,c,48.78800800875334,52.60615047150633
5687,c,22.45113790725113,24.516997429518074
5688,t,147.6961201571222,147.6961201571222
5689,c,147.6961201571222,147.6961201571222
5690,c,147.6961201571222,147.6961201571222
5691,t,147.6961201571222,147.6961201571222
5692,c,28.4381068177784,31.012018372455685
5693,c,147.6961201571222,147.6961201571222
5694,c,3.282119454116687,13.489397609022452
5695,c,147.6961201571222,147.6961201571222
5696,c,14.092876378183524,18.861010616873422
5697,t,147.6961201571222,147.6961201571222
5698,t,147.6961201571222,147.6961201571222
5699,t,147.6961201571222,147.6961201571222
5700,c,147.6961201571222,147.6961201571222
5701,c,147.6961201571222,147.6961201571222
5702,c,147.6961201571222,147.6961201571222
5703,c,12.474796631903377,15.25715141342501
5704,c,147.6961201571222,147.6961201571222
5705,t,147.6961201571222,147.6961201571222
5706,t,147.6961201571222,147.6961201571222
5707,c,33.12999176903078,39.12409815177267
5708,c,147.6961201571222,147.6961201571222
5709,c,15.610296780254725,29.814932559429675
5710,c,147.6961201571222,147.6961201571222
5711,t,147.6961201571222,147.6961201571222
5712,c,147.6961201571222,147.6961201571222
5713,na,5.111499708965458,147.6961201571222
5714,c,49.850068927024054,147.6961201571222
5715,t,147.6961201571222,147.6961201571222
5716,t,147.6961201571222,147.6961201571222
5717,c,147.6961201571222,147.6961201571222
5718,c,15.375676355598264,36.12270104830269
5719,c,52.78010242678558,53.92820645654654
5720,c,31.632181796989933,32.55122346682204
5721,c,147.6961201571222,147.6961201571222
5722,c,147.6961201571222,147.6961201571222
5723,c,147.6961201571222,147.6961201571222
5724,c,147.6961201571222,147.6961201571222
5725,c,147.6961201571222,147.6961201571222
5726,c,39.97531688588186,43.74110368650701
5727,c,7.008040761232661,17.458652225640655
5728,c,34.00359735224388,37.83419177511379
5729,c,147.6961201571222,147.6961201571222
5730,c,147.6961201571222,147.6961201571222
5731,c,147.6961201571222,147.6961201571222
5732,c,147.6961201571222,147.6961201571222
5733,c,147.6961201571222,147.6961201571222
5734,t,147.6961201571222,147.6961201571222
5735,t,147.6961201571222,147.6961201571222
5736,c,11.620396254147316,25.234110438242514
5737,c,4.345018243574505,147.6961201571222
5738,c,147.6961201571222,147.6961201571222
5739,t,147.6961201571222,147.6961201571222
5740,t,147.6961201571222,147.6961201571222
5741,c,147.6961201571222,147.6961201571222
5742,t,147.6961201571222,147.6961201571222
5743,t,147.6961201571222,147.6961201571222
5744,c,35.43597863518306,49.175719139732436
5745,c,147.6961201571222,147.6961201571222
5746,c,31.725170883044253,33.03894064572556
5747,c,147.6961201571222,147.6961201571222
5748,c,6.160323206827385,6.852253953067087
5749,c,147.6961201571222,147.6961201571222
5750,c,147.6961201571222,147.6961201571222
5751,c,147.6961201571222,147.6961201571222
5752,c,14.835987263633232,17.666117471180282
5753,t,147.6961201571222,147.6961201571222
5754,t,147.6961201571222,147.6961201571222
5755,c,147.6961201571222,147.6961201571222
5756,c,33.3773425389275,36.04865761731974
5757,c,6.828428915380445,147.6961201571222
5758,c,147.6961201571222,147.6961201571222
5759,t,147.6961201571222,147.6961201571222
5760,c,147.6961201571222,147.6961201571222
5761,na,9.072590666115618,17.264266733251652
5762,c,147.6961201571222,147.6961201571222
5763,c,26.322731992141165,26.71569831238609
5764,c,59.18712025908651,147.6961201571222
5765,c,23.23327677235774,25.012357303837643
5766,c,48.40965369453435,48.98254447572953
5767,c,52.210923087273606,55.79512089991971
5768,c,22.7856779887018,26.330329099442984
5769,t,147.6961201571222,147.6961201571222
5770,c,147.6961201571222,147.6961201571222
5771,c,147.6961201571222,147.6961201571222
5772,c,147.6961201571222,147.6961201571222
5773,t,147.6961201571222,147.6961201571222
5774,c,36.24609768476943,37.85326990941865
5775,t,147.6961201571222,147.6961201571222
5776,na,8.17182072605589,147.6961201571222
5777,c,47.84631786671402,52.514906108964624
5778,t,147.6961201571222,147.6961201571222
5779,t,147.6961201571222,147.6961201571222
5780,c,147.6961201571222,147.6961201571222
5781,c,147.6961201571222,147.6961201571222
5782,c,147.6961201571222,147.6961201571222
5783,c,147.6961201571222,147.6961201571222
5784,c,60.559641734640195,67.85328601771107
5785,c,147.6961201571222,147.6961201571222
5786,c,25.47911862978838,37.202423392379835
5787,c,147.6961201571222,147.6961201571222
5788,c,147.6961201571222,147.6961201571222
5789,c,147.6961201571222,147.6961201571222
5790,c,77.1158147637597,87.00427211237461
5791,c,147.6961201571222,147.6961201571222
5792,t,147.6961201571222,147.6961201571222
5793,c,147.6961201571222,147.6961201571222
5794,c,147.6961201571222,147.6961201571222
5795,t,147.6961201571222,147.6961201571222
5796,c,147.6961201571222,147.6961201571222
5797,c,147.6961201571222,147.6961201571222
5798,c,18.806191300208692,31.88612448946237
5799,t,147.6961201571222,147.6961201571222
5800,c,33.47108039344031,39.52109079677792
5801,c,35.73851221668369,36.20490955062746
5802,c,147.6961201571222,147.6961201571222
5803,c,82.91345386301542,88.91924427474216
5804,c,147.6961201571222,147.6961201571222
5805,c,147.6961201571222,147.6961201571222
5806,t,147.6961201571222,147.6961201571222
5807,c,21.051400548784233,24.335900524025416
5808,c,147.6961201571222,147.6961201571222
5809,t,147.6961201571222,147.6961201571222
5810,c,4.728969339313386,12.618302015518047
5811,c,147.6961201571222,147.6961201571222
5812,c,147.6961201571222,147.6961201571222
5813,t,147.6961201571222,147.6961201571222
5814,t,147.6961201571222,147.6961201571222
5815,c,32.38258635475555,35.73627172555586
5816,c,48.84265783113073,53.94617190656789
5817,c,147.6961201571222,147.6961201571222
5818,c,147.6961201571222,147.6961201571222
5819,c,46.13356150213605,147.6961201571222
5820,c,147.6961201571222,147.6961201571222
5821,c,147.6961201571222,147.6961201571222
5822,c,14.736230383800736,17.556657100928348
5823,c,147.6961201571222,147.6961201571222
5824,c,39.889928318553295,40.48824925026908
5825,c,147.6961201571222,147.6961201571222
5826,na,0.19091235600553869,1.9998344843292226
5827,t,147.6961201571222,147.6961201571222
5828,c,147.6961201571222,147.6961201571222
5829,t,147.6961201571222,147.6961201571222
5830,c,147.6961201571222,147.6961201571222
5831,c,147.6961201571222,147.6961201571222
5832,c,11.697226288974381,147.6961201571222
5833,t,147.6961201571222,147.6961201571222
5834,c,32.254861876021366,34.883736005233004
5835,c,29.748295645361555,33.49952789678146
5836,c,24.006899487992527,147.6961201571222
5837,c,147.6961201571222,147.6961201571222
5838,c,147.6961201571222,147.6961201571222
5839,c,31.375794149317557,32.39542792052264
5840,t,147.6961201571222,147.6961201571222
5841,c,147.6961201571222,147.6961201571222
5842,c,147.6961201571222,147.6961201571222
5843,c,9.740681049174013,15.539504779487066
5844,c,52.127034282017064,53.618581460924744
5845,c,37.7830986013904,38.70268178200498
5846,c,147.6961201571222,147.6961201571222
5847,c,15.790078807338272,19.942779029064347
5848,c,147.6961201571222,147.6961201571222
5849,c,77.26936161241741,83.88624212006775
5850,c,147.6961201571222,147.6961201571222
5851,c,23.582982000853452,25.040695349530633
5852,c,147.6961201571222,147.6961201571222
5853,c,10.200360459966198,11.321693597838882
5854,c,25.818332888587793,26.205615938138237
5855,t,147.6961201571222,147.6961201571222
5856,c,15.416573004297359,16.086384484043638
5857,c,147.6961201571222,147.6961201571222
5858,c,147.6961201571222,147.6961201571222
5859,c,147.6961201571222,147.6961201571222
5860,c,147.6961201571222,147.6961201571222
5861,c,147.6961201571222,147.6961201571222
5862,c,72.95249510079901,74.55775655705398
5863,c,147.6961201571222,147.6961201571222
5864,c,147.6961201571222,147.6961201571222
5865,c,147.6961201571222,147.6961201571222
5866,t,147.6961201571222,147.6961201571222
5867,c,32.20272839899087,33.40121299340814
5868,c,147.6961201571222,147.6961201571222
5869,c,56.40013840859678,64.03052010865444
5870,c,147.6961201571222,147.6961201571222
5871,c,41.6471218628897,48.289108561739745
5872,c,44.23089145497768,46.030464067775746
5873,c,20.606303477079084,24.917986462719206
5874,c,147.6961201571222,147.6961201571222
5875,t,147.6961201571222,147.6961201571222
5876,c,147.6961201571222,147.6961201571222
5877,t,147.6961201571222,147.6961201571222
5878,t,147.6961201571222,147.6961201571222
5879,c,147.6961201571222,147.6961201571222
5880,c,27.54656171408477,41.88308689640482
5881,na,-1,0
5882,c,13.804164636326535,14.039568873657222
5883,c,147.6961201571222,147.6961201571222
5884,c,53.51724552604313,54.09709003485799
5885,c,147.6961201571222,147.6961201571222
5886,c,147.6961201571222,147.6961201571222
5887,t,147.6961201571222,147.6961201571222
5888,c,19.722327721485723,23.012094350562336
5889,na,0.44538795930129643,147.6961201571222
5890,c,147.6961201571222,147.6961201571222
5891,c,147.6961201571222,147.6961201571222
5892,c,42.260493641904375,56.43073733684279
5893,c,147.6961201571222,147.6961201571222
5894,c,147.6961201571222,147.6961201571222
5895,c,14.108195670030044,18.59173676683327
5896,na,10.262144796349617,20.66229159476917
5897,c,46.00919572990521,49.30482924697067
5898,c,147.6961201571222,147.6961201571222
5899,c,147.6961201571222,147.6961201571222
5900,c,25.162653178747483,27.00229029709432
5901,c,27.02239693474178,27.27800528356569
5902,c,147.6961201571222,147.6961201571222
5903,t,147.6961201571222,147.6961201571222
5904,c,147.6961201571222,147.6961201571222
5905,t,147.6961201571222,147.6961201571222
5906,c,147.6961201571222,147.6961201571222
5907,c,147.6961201571222,147.6961201571222
5908,c,147.6961201571222,147.6961201571222
5909,c,147.6961201571222,147.6961201571222
5910,c,147.6961201571222,147.6961201571222
5911,t,147.6961201571222,147.6961201571222
5912,c,147.6961201571222,147.6961201571222
5913,t,147.6961201571222,147.6961201571222
5914,t,147.6961201571222,147.6961201571222
5915,c,10.136910253318606,13.319352498290815
5916,c,147.6961201571222,147.6961201571222
5917,c,147.6961201571222,147.6961201571222
5918,t,147.6961201571222,147.6961201571222
5919,c,147.6961201571222,147.6961201571222
5920,c,20.292079071774374,20.77495324593534
5921,t,147.6961201571222,147.6961201571222
5922,c,147.6961201571222,147.6961201571222
5923,c,27.565460952142633,30.974387744985602
5924,t,147.6961201571222,147.6961201571222
5925,t,147.6961201571222,147.6961201571222
5926,c,147.6961201571222,147.6961201571222
5927,c,147.6961201571222,147.6961201571222
5928,c,147.6961201571222,147.6961201571222
5929,c,14.777603637904498,15.089633194011915
5930,c,9.47339607886399,9.773719079977958
5931,t,147.6961201571222,147.6961201571222
5932,t,147.6961201571222,147.6961201571222
5933,c,147.6961201571222,147.6961201571222
5934,c,147.6961201571222,147.6961201571222
5935,c,25.746426619942486,147.6961201571222
5936,c,147.6961201571222,147.6961201571222
5937,c,147.6961201571222,147.6961201571222
5938,c,43.308953854079135,53.74182556256094
5939,c,147.6961201571222,147.6961201571222
5940,c,147.6961201571222,147.6961201571222
5941,c,147.6961201571222,147.6961201571222
5942,c,32.08100565743513,33.03180403222648
5943,c,147.6961201571222,147.6961201571222
5944,c,147.6961201571222,147.6961201571222
5945,c,147.6961201571222,147.6961201571222
5946,t,147.6961201571222,147.6961201571222
5947,c,18.59267815820502,30.967281664300717
5948,t,147.6961201571222,147.6961201571222
5949,c,147.6961201571222,147.6961201571222
5950,c,59.856432263509504,72.3949339719704
5951,c,147.6961201571222,147.6961201571222
5952,c,147.6961201571222,147.6961201571222
5953,c,147.6961201571222,147.6961201571222
5954,c,30.040490122892294,30.902424448901595
5955,c,147.6961201571222,147.6961201571222
5956,c,147.6961201571222,147.6961201571222
5957,c,147.6961201571222,147.6961201571222
5958,t,147.6961201571222,147.6961201571222
5959,c,147.6961201571222,147.6961201571222
5960,c,19.709558979387523,23.21482111632086
5961,c,31.50540416599112,38.509803968886644
5962,t,147.6961201571222,147.6961201571222
5963,c,147.6961201571222,147.6961201571222
5964,c,147.6961201571222,147.6961201571222
5965,c,147.6961201571222,147.6961201571222
5966,c,147.6961201571222,147.6961201571222
5967,c,65.87053505017475,69.13377012773792
5968,c,21.294284922563467,24.737509684729595
5969,c,147.6961201571222,147.6961201571222
5970,c,53.2417351139888,59.93540553802127
5971,c,48.28362215730435,52.679166243443085
5972,c,147.6961201571222,147.6961201571222
5973,t,147.6961201571222,147.6961201571222
5974,c,147.6961201571222,147.6961201571222
5975,c,28.18668533268473,30.45108063144972
5976,c,147.6961201571222,147.6961201571222
5977,na,8.743324753014427,14.403538816750816
5978,c,147.6961201571222,147.6961201571222
5979,na,0,2.2980134526643923
5980,t,147.6961201571222,147.6961201571222
5981,c,33.31381166197296,35.48021245559631
5982,t,147.6961201571222,147.6961201571222
5983,t,147.6961201571222,147.6961201571222
5984,c,147.6961201571222,147.6961201571222
5985,c,147.6961201571222,147.6961201571222
5986,c,147.6961201571222,147.6961201571222
5987,c,24.48994782216013,24.582857207106596
5988,c,147.6961201571222,147.6961201571222
5989,c,25.56046954790543,31.194328952646913
5990,c,147.6961201571222,147.6961201571222
5991,c,147.6961201571222,147.6961201571222
5992,t,147.6961201571222,147.6961201571222
5993,c,12.585109199852413,13.758880907612895
5994,c,45.3568895334807,46.502363466415524
5995,c,28.518375708764133,32.56030674495164
5996,t,147.6961201571222,147.6961201571222
5997,c,147.6961201571222,147.6961201571222
5998,c,10.348702166167973,12.931467491686135
5999,c,17.119770583296386,23.4947658482145
6000,c,147.6961201571222,147.6961201571222
6001,c,48.06510344127649,51.01504416276978
6002,na,1.6797702454091772,5.278576829731494
6003,t,147.6961201571222,147.6961201571222
6004,c,147.6961201571222,147.6961201571222
6005,c,20.53736814920476,24.963278029103222
6006,na,-1,0
6007,c,147.6961201571222,147.6961201571222
6008,t,147.6961201571222,147.6961201571222
6009,c,14.900726272538112,21.443919996339385
6010,c,26.518281032288208,32.40892323602786
6011,c,24.921915348938473,29.490842156332274
6012,c,147.6961201571222,147.6961201571222
6013,c,147.6961201571222,147.6961201571222
6014,c,18.3392797969491,20.6278701444004
6015,c,55.24799715255966,147.6961201571222
6016,c,32.56149049923922,43.61931749392468
6017,c,30.60809200717675,34.851598110412795
6018,c,40.36377887902731,40.400231637437095
6019,c,17.960769761642236,20.073629726826393
6020,c,33.19974525665707,37.66581846696371
6021,c,147.6961201571222,147.6961201571222
6022,c,147.6961201571222,147.6961201571222
6023,c,5.805798017947084,9.952722754840222
6024,t,147.6961201571222,147.6961201571222
6025,c,147.6961201571222,147.6961201571222
6026,c,147.6961201571222,147.6961201571222
6027,c,147.6961201571222,147.6961201571222
6028,c,17.003680555783586,27.248261706718235
6029,c,12.320667296199481,16.06953196075058
6030,t,147.6961201571222,147.6961201571222
6031,c,147.6961201571222,147.6961201571222
6032,c,61.652056652668314,74.54563059954855
6033,t,147.6961201571222,147.6961201571222
6034,c,42.884743624496245,43.05236894862876
6035,t,147.6961201571222,147.6961201571222
6036,c,28.86679404408199,43.879855758482535
6037,c,30.869187111769676,43.117156523436286
6038,t,147.6961201571222,147.6961201571222
6039,na,0.16876888862797376,0.5704013205523557
6040,c,40.242613015638526,59.86932069348098
6041,c,48.36809219995474,52.13465265182566
6042,t,147.6961201571222,147.6961201571222
6043,t,147.6961201571222,147.6961201571222
6044,c,14.93769817977807,20.296005395020824
6045,c,39.63405524467482,39.64499810714279
6046,c,147.6961201571222,147.6961201571222
6047,t,147.6961201571222,147.6961201571222
6048,c,147.6961201571222,147.6961201571222
6049,c,89.04176528916871,93.85950131121832
6050,c,147.6961201571222,147.6961201571222
6051,c,147.6961201571222,147.6961201571222
6052,c,19.60006851294527,22.86920878942564
6053,t,147.6961201571222,147.6961201571222
6054,t,147.6961201571222,147.6961201571222
6055,c,16.53577795055091,147.6961201571222
6056,c,35.831277202112375,38.490876596539664
6057,c,147.6961201571222,147.6961201571222
6058,c,147.6961201571222,147.6961201571222
6059,c,147.6961201571222,147.6961201571222
6060,c,147.6961201571222,147.6961201571222
6061,t,147.6961201571222,147.6961201571222
6062,t,147.6961201571222,147.6961201571222
6063,t,147.6961201571222,147.6961201571222
6064,t,147.6961201571222,147.6961201571222
6065,c,147.6961201571222,147.6961201571222
6066,t,147.6961201571222,147.6961201571222
6067,c,147.6961201571222,147.6961201571222
6068,c,147.6961201571222,147.6961201571222
6069,c,147.6961201571222,147.6961201571222
6070,c,40.03696743663893,42.89265008586481
6071,c,25.800442277321668,27.158575736286593
6072,c,147.6961201571222,147.6961201571222
6073,t,147.6961201571222,147.6961201571222
6074,c,147.6961201571222,147.6961201571222
6075,c,147.6961201571222,147.6961201571222
6076,c,29.684292101983754,30.427346130684068
6077,c,147.6961201571222,147.6961201571222
6078,t,147.6961201571222,147.6961201571222
6079,c,16.651459608626595,26.80431984824567
6080,c,24.531800884235892,26.300197840222722
6081,t,147.6961201571222,147.6961201571222
6082,c,147.6961201571222,147.6961201571222
6083,c,147.6961201571222,147.6961201571222
6084,c,147.6961201571222,147.6961201571222
6085,c,147.6961201571222,147.6961201571222
6086,c,147.6961201571222,147.6961201571222
6087,c,17.08007562516832,19.30369252650648
6088,t,147.6961201571222,147.6961201571222
6089,c,147.6961201571222,147.6961201571222
6090,c,147.6961201571222,147.6961201571222
6091,c,147.6961201571222,147.6961201571222
6092,c,147.6961201571222,147.6961201571222
6093,c,25.740283815487604,25.752702925361568
6094,c,147.6961201571222,147.6961201571222
6095,c,147.6961201571222,147.6961201571222
6096,c,147.6961201571222,147.6961201571222
6097,t,147.6961201571222,147.6961201571222
6098,c,147.6961201571222,147.6961201571222
6099,c,147.6961201571222,147.6961201571222
6100,c,147.6961201571222,147.6961201571222
6101,c,147.6961201571222,147.6961201571222
6102,t,147.6961201571222,147.6961201571222
6103,c,21.4877543897327,21.82389455059244
6104,c,147.6961201571222,147.6961201571222
6105,c,147.6961201571222,147.6961201571222
6106,c,147.6961201571222,147.6961201571222
6107,c,147.6961201571222,147.6961201571222
6108,c,147.6961201571222,147.6961201571222
6109,c,15.851546764264645,18.60136542219111
6110,c,147.6961201571222,147.6961201571222
6111,c,147.6961201571222,147.6961201571222
6112,c,8.047999918948786,11.952511840057923
6113,c,22.799326089974397,24.173615424007302
6114,c,21.770339554679627,30.069860725212678
6115,c,147.6961201571222,147.6961201571222
6116,c,147.6961201571222,147.6961201571222
6117,c,47.03544064412106,147.6961201571222
6118,t,147.6961201571222,147.6961201571222
6119,t,147.6961201571222,147.6961201571222
6120,c,12.285979261940223,14.503174747500514
6121,na,2.9580859303520564,4.493433281371211
6122,c,9.914290868131651,11.23508382451916
6123,c,147.6961201571222,147.6961201571222
6124,c,147.6961201571222,147.6961201571222
6125,c,147.6961201571222,147.6961201571222
6126,c,24.16253296801857,36.05940470880161
6127,c,8.549957305178566,10.920077291874808
6128,c,147.6961201571222,147.6961201571222
6129,c,31.799866942317518,38.582943002131685
6130,na,0,2.6538362559645523
6131,c,23.235049553430244,40.50330616977393
6132,t,147.6961201571222,147.6961201571222
6133,c,31.263600448769886,35.48487257827747
6134,c,147.6961201571222,147.6961201571222
6135,c,147.6961201571222,147.6961201571222
6136,c,147.6961201571222,147.6961201571222
6137,t,147.6961201571222,147.6961201571222
6138,c,29.948263896560977,32.31142137486037
6139,c,147.6961201571222,147.6961201571222
6140,c,147.6961201571222,147.6961201571222
6141,c,147.6961201571222,147.6961201571222
6142,c,42.49200937868682,44.2525059925415
6143,t,147.6961201571222,147.6961201571222
6144,c,147.6961201571222,147.6961201571222
6145,c,147.6961201571222,147.6961201571222
6146,c,22.24130317138981,22.250841858825222
6147,c,27.13276929258663,29.58809603552195
6148,c,25.896211714560422,27.92923981832329
6149,t,147.6961201571222,147.6961201571222
6150,c,147.6961201571222,147.6961201571222
6151,c,38.717508563457855,41.715068430139155
6152,c,147.6961201571222,147.6961201571222
6153,c,17.906233851701177,147.6961201571222
6154,c,29.05785900558431,30.11110836329747
6155,c,49.27036232885895,147.6961201571222
6156,t,147.6961201571222,147.6961201571222
6157,c,147.6961201571222,147.6961201571222
6158,t,147.6961201571222,147.6961201571222
6159,c,147.6961201571222,147.6961201571222
6160,t,147.6961201571222,147.6961201571222
6161,c,18.793365675029843,29.903971471134902
6162,c,16.549521016768168,20.408792274661955
6163,c,147.6961201571222,147.6961201571222
6164,c,8.82260968284964,15.15056247321511
6165,c,39.385693598581206,44.07880056609498
6166,c,147.6961201571222,147.6961201571222
6167,c,147.6961201571222,147.6961201571222
6168,c,147.6961201571222,147.6961201571222
6169,c,147.6961201571222,147.6961201571222
6170,t,147.6961201571222,147.6961201571222
6171,c,147.6961201571222,147.6961201571222
6172,c,147.6961201571222,147.6961201571222
6173,c,147.6961201571222,147.6961201571222
6174,t,147.6961201571222,147.6961201571222
6175,c,147.6961201571222,147.6961201571222
6176,c,147.6961201571222,147.6961201571222
6177,t,147.6961201571222,147.6961201571222
6178,c,1.9855876946346125,23.5170647387637
6179,t,147.6961201571222,147.6961201571222
6180,c,147.6961201571222,147.6961201571222
6181,c,147.6961201571222,147.6961201571222
6182,c,147.6961201571222,147.6961201571222
6183,t,147.6961201571222,147.6961201571222
6184,c,20.319465391562087,23.55834505253786
6185,c,34.10325570507097,147.6961201571222
6186,c,147.6961201571222,147.6961201571222
6187,c,147.6961201571222,147.6961201571222
6188,c,85.89213606980249,106.4015398305771
6189,c,77.83031598587183,81.04777684486857
6190,t,147.6961201571222,147.6961201571222
6191,c,147.6961201571222,147.6961201571222
6192,c,147.6961201571222,147.6961201571222
6193,c,147.6961201571222,147.6961201571222
6194,c,57.24184148624463,63.82293368691849
6195,c,31.358038103672353,46.30505364589799
6196,c,34.060883038608985,34.15596876427974
6197,c,34.86813230795725,38.79161078964368
6198,c,30.26133098271678,37.44453400976607
6199,c,47.32038380949272,57.339250859508944
6200,c,39.76776401591013,49.51444438120476
6201,c,147.6961201571222,147.6961201571222
6202,c,31.887152602519894,33.595996384183394
6203,c,147.6961201571222,147.6961201571222
6204,c,147.6961201571222,147.6961201571222
6205,c,40.50578564096407,147.6961201571222
6206,c,147.6961201571222,147.6961201571222
6207,c,11.015303735380478,17.575967193799602
6208,na,0.37026986514053817,2.273363607119731
6209,t,147.6961201571222,147.6961201571222
6210,c,26.167631522042626,27.685452917799584
6211,c,147.6961201571222,147.6961201571222
6212,c,147.6961201571222,147.6961201571222
6213,c,147.6961201571222,147.6961201571222
6214,c,147.6961201571222,147.6961201571222
6215,t,147.6961201571222,147.6961201571222
6216,t,147.6961201571222,147.6961201571222
6217,c,147.6961201571222,147.6961201571222
6218,t,147.6961201571222,147.6961201571222
6219,t,147.6961201571222,147.6961201571222
6220,t,147.6961201571222,147.6961201571222
6221,c,20.445746984861046,29.555459412621886
6222,c,24.38400244713237,28.256178278191197
6223,c,147.6961201571222,147.6961201571222
6224,c,26.292860942977573,32.53713981114527
6225,c,147.6961201571222,147.6961201571222
6226,c,32.25791036231889,35.16622376837611
6227,c,147.6961201571222,147.6961201571222
6228,t,147.6961201571222,147.6961201571222
6229,c,147.6961201571222,147.6961201571222
6230,c,147.6961201571222,147.6961201571222
6231,c,147.6961201571222,147.6961201571222
6232,c,147.6961201571222,147.6961201571222
6233,c,147.6961201571222,147.6961201571222
6234,c,147.6961201571222,147.6961201571222
6235,c,27.416654412605794,28.197296299525448
6236,c,147.6961201571222,147.6961201571222
6237,c,1.139223401836357,2.3578700647660598
6238,na,-1,0
6239,c,27.703446594701237,31.253015442849417
6240,c,147.6961201571222,147.6961201571222
6241,c,16.575553399619423,22.568117143052785
6242,c,13.135888079704824,14.366971961105005
6243,c,29.602718412462522,34.2112737237523
6244,t,147.6961201571222,147.6961201571222
6245,t,147.6961201571222,147.6961201571222
6246,t,147.6961201571222,147.6961201571222
6247,t,147.6961201571222,147.6961201571222
6248,c,147.6961201571222,147.6961201571222
6249,t,147.6961201571222,147.6961201571222
6250,na,0.8909614750182,8.52304401728352
6251,t,147.6961201571222,147.6961201571222
6252,t,147.6961201571222,147.6961201571222
6253,c,39.454980612236135,147.6961201571222
6254,c,28.727492735209925,30.450930692990482
6255,c,147.6961201571222,147.6961201571222
6256,c,147.6961201571222,147.6961201571222
6257,c,9.0818413445344,147.6961201571222
6258,c,147.6961201571222,147.6961201571222
6259,c,147.6961201571222,147.6961201571222
6260,c,147.6961201571222,147.6961201571222
6261,t,147.6961201571222,147.6961201571222
6262,c,34.36771888434668,34.693358338470944
6263,c,147.6961201571222,147.6961201571222
6264,c,147.6961201571222,147.6961201571222
6265,t,147.6961201571222,147.6961201571222
6266,c,147.6961201571222,147.6961201571222
6267,na,0,6.756529348993046
6268,t,147.6961201571222,147.6961201571222
6269,c,147.6961201571222,147.6961201571222
6270,c,15.90364867884601,20.30801950544599
6271,c,147.6961201571222,147.6961201571222
6272,c,147.6961201571222,147.6961201571222
6273,t,147.6961201571222,147.6961201571222
6274,c,147.6961201571222,147.6961201571222
6275,c,147.6961201571222,147.6961201571222
6276,c,147.6961201571222,147.6961201571222
6277,c,147.6961201571222,147.6961201571222
6278,c,30.197335278817484,31.240795273615085
6279,c,147.6961201571222,147.6961201571222
6280,c,147.6961201571222,147.6961201571222
6281,c,147.6961201571222,147.6961201571222
6282,c,147.6961201571222,147.6961201571222
6283,c,147.6961201571222,147.6961201571222
6284,c,22.48774892925579,32.37100921444178
6285,c,33.64317306642818,37.551449003219595
6286,c,147.6961201571222,147.6961201571222
6287,c,24.446900820671825,147.6961201571222
6288,t,147.6961201571222,147.6961201571222
6289,c,147.6961201571222,147.6961201571222
6290,c,147.6961201571222,147.6961201571222
6291,c,29.07324469096031,30.5479117340934
6292,c,147.6961201571222,147.6961201571222
6293,c,147.6961201571222,147.6961201571222
6294,c,147.6961201571222,147.6961201571222
6295,c,14.27016196675212,147.6961201571222
6296,c,42.86967667453697,47.439402557728805
6297,t,147.6961201571222,147.6961201571222
6298,c,15.01709609305189,15.642138972733687
6299,t,147.6961201571222,147.6961201571222
6300,c,147.6961201571222,147.6961201571222
6301,t,147.6961201571222,147.6961201571222
6302,c,147.6961201571222,147.6961201571222
6303,c,28.54640467387971,30.653144338566488
6304,c,27.057114512183087,147.6961201571222
6305,c,147.6961201571222,147.6961201571222
6306,c,147.6961201571222,147.6961201571222
6307,c,147.6961201571222,147.6961201571222
6308,t,147.6961201571222,147.6961201571222
6309,c,69.70092737270784,71.165884542141
6310,c,21.65529209074667,31.121125374380753
6311,c,147.6961201571222,147.6961201571222
6312,c,147.6961201571222,147.6961201571222
6313,c,36.451147478590485,40.57623189805776
6314,t,147.6961201571222,147.6961201571222
6315,c,147.6961201571222,147.6961201571222
6316,c,147.6961201571222,147.6961201571222
6317,c,147.6961201571222,147.6961201571222
6318,c,147.6961201571222,147.6961201571222
6319,c,147.6961201571222,147.6961201571222
6320,c,147.6961201571222,147.6961201571222
6321,c,147.6961201571222,147.6961201571222
6322,t,147.6961201571222,147.6961201571222
6323,t,147.6961201571222,147.6961201571222
6324,c,147.6961201571222,147.6961201571222
6325,t,147.6961201571222,147.6961201571222
6326,t,147.6961201571222,147.6961201571222
6327,c,147.6961201571222,147.6961201571222
6328,c,147.6961201571222,147.6961201571222
6329,c,18.769243266531827,31.861456531537858
6330,c,147.6961201571222,147.6961201571222
6331,c,10.127065501707653,147.6961201571222
6332,c,147.6961201571222,147.6961201571222
6333,c,12.633316246989018,13.205982635729184
6334,t,147.6961201571222,147.6961201571222
6335,c,147.6961201571222,147.6961201571222
6336,c,33.214905453686484,34.65446989556791
6337,c,147.6961201571222,147.6961201571222
6338,c,147.6961201571222,147.6961201571222
6339,c,29.983537340956467,40.17002845627914
6340,c,20.026129129158903,24.622825013481826
6341,c,147.6961201571222,147.6961201571222
6342,na,-1,0
6343,c,147.6961201571222,147.6961201571222
6344,c,147.6961201571222,147.6961201571222
6345,c,147.6961201571222,147.6961201571222
6346,c,147.6961201571222,147.6961201571222
6347,c,20.34468921549517,28.229487801077774
6348,c,147.6961201571222,147.6961201571222
6349,t,147.6961201571222,147.6961201571222
6350,c,38.415227073369024,44.802788154276996
6351,t,147.6961201571222,147.6961201571222
6352,c,147.6961201571222,147.6961201571222
6353,t,147.6961201571222,147.6961201571222
6354,c,147.6961201571222,147.6961201571222
6355,c,147.6961201571222,147.6961201571222
6356,c,13.1984583261214,147.6961201571222
6357,c,147.6961201571222,147.6961201571222
6358,c,147.6961201571222,147.6961201571222
6359,t,147.6961201571222,147.6961201571222
6360,c,34.59572827199701,35.17268036139445
6361,c,13.524277452038909,14.03319376095867
6362,t,147.6961201571222,147.6961201571222
6363,c,21.032133890584053,30.590801647520813
6364,c,147.6961201571222,147.6961201571222
6365,c,32.26610887057245,36.77317136922519
6366,c,16.757907857886853,147.6961201571222
6367,c,147.6961201571222,147.6961201571222
6368,c,21.178009515025984,41.06049363698892
6369,c,147.6961201571222,147.6961201571222
6370,t,147.6961201571222,147.6961201571222
6371,c,147.6961201571222,147.6961201571222
6372,c,147.6961201571222,147.6961201571222
6373,c,39.14901797260499,45.202598163165135
6374,c,147.6961201571222,147.6961201571222
6375,c,147.6961201571222,147.6961201571222
6376,c,29.312709879383316,30.064779816396918
6377,c,147.6961201571222,147.6961201571222
6378,c,147.6961201571222,147.6961201571222
6379,c,36.31388187547344,39.60678631667507
6380,c,147.6961201571222,147.6961201571222
6381,c,38.66730915493739,56.59345365099219
6382,c,20.31591228170541,25.01100768198094
6383,c,147.6961201571222,147.6961201571222
6384,c,45.871790379711975,47.48815118682587
6385,c,147.6961201571222,147.6961201571222
6386,c,147.6961201571222,147.6961201571222
6387,c,52.43157846020657,52.512158916672966
6388,c,147.6961201571222,147.6961201571222
6389,c,24.2820115101714,26.805524591030103
6390,c,21.9737569172809,32.46185289755845
6391,c,35.057589789119994,47.35451840971188
6392,c,14.93440858741481,16.792312281315365
6393,c,46.76947313247826,47.40296678976535
6394,c,147.6961201571222,147.6961201571222
6395,c,147.6961201571222,147.6961201571222
6396,t,147.6961201571222,147.6961201571222
6397,na,0.009538163974712691,5.936623192744729
6398,c,147.6961201571222,147.6961201571222
6399,c,147.6961201571222,147.6961201571222
6400,t,147.6961201571222,147.6961201571222
6401,t,147.6961201571222,147.6961201571222
6402,c,147.6961201571222,147.6961201571222
6403,t,147.6961201571222,147.6961201571222
6404,t,147.6961201571222,147.6961201571222
6405,c,147.6961201571222,147.6961201571222
6406,c,147.6961201571222,147.6961201571222
6407,t,147.6961201571222,147.6961201571222
6408,t,147.6961201571222,147.6961201571222
6409,c,147.6961201571222,147.6961201571222
6410,t,147.6961201571222,147.6961201571222
6411,c,36.85416318754239,39.37725099377717
6412,t,147.6961201571222,147.6961201571222
6413,c,1.2204029802160574,7.922714314731712
6414,c,147.6961201571222,147.6961201571222
6415,c,147.6961201571222,147.6961201571222
6416,c,147.6961201571222,147.6961201571222
6417,c,147.6961201571222,147.6961201571222
6418,c,147.6961201571222,147.6961201571222
6419,c,147.6961201571222,147.6961201571222
6420,t,147.6961201571222,147.6961201571222
6421,t,147.6961201571222,147.6961201571222
6422,c,147.6961201571222,147.6961201571222
6423,t,147.6961201571222,147.6961201571222
6424,c,40.584238184452005,147.6961201571222
6425,c,147.6961201571222,147.6961201571222
6426,c,147.6961201571222,147.6961201571222
6427,c,147.6961201571222,147.6961201571222
6428,c,147.6961201571222,147.6961201571222
6429,c,9.907806561839525,19.06980000110473
6430,c,31.75527559719542,35.36954856608492
6431,na,-1,0
6432,c,147.6961201571222,147.6961201571222
6433,t,147.6961201571222,147.6961201571222
6434,c,147.6961201571222,147.6961201571222
6435,t,147.6961201571222,147.6961201571222
6436,c,147.6961201571222,147.6961201571222
6437,t,147.6961201571222,147.6961201571222
6438,t,147.6961201571222,147.6961201571222
6439,t,147.6961201571222,147.6961201571222
6440,c,147.6961201571222,147.6961201571222
6441,c,21.241278505052907,21.538966616566228
6442,na,3.23874971971555,5.27650498741922
6443,t,147.6961201571222,147.6961201571222
6444,c,147.6961201571222,147.6961201571222
6445,c,23.95618740587201,25.572616924462814
6446,c,147.6961201571222,147.6961201571222
6447,c,24.436634294000665,30.422782529681136
6448,c,147.6961201571222,147.6961201571222
6449,c,30.13142139740933,34.63359789547332
6450,c,50.59261676605497,51.51876220285011
6451,c,25.174654055319422,34.4676557420657
6452,c,147.6961201571222,147.6961201571222
6453,c,11.732187962772542,15.194502776725408
6454,c,147.6961201571222,147.6961201571222
6455,c,147.6961201571222,147.6961201571222
6456,t,147.6961201571222,147.6961201571222
6457,na,0.4901835508996756,0.6210658342058983
6458,t,147.6961201571222,147.6961201571222
6459,c,147.6961201571222,147.6961201571222
6460,c,11.940300104213103,15.686680135697454
6461,c,147.6961201571222,147.6961201571222
6462,c,147.6961201571222,147.6961201571222
6463,c,147.6961201571222,147.6961201571222
6464,t,147.6961201571222,147.6961201571222
6465,c,14.160945923212124,14.569329272373434
6466,c,147.6961201571222,147.6961201571222
6467,c,147.6961201571222,147.6961201571222
6468,c,147.6961201571222,147.6961201571222
6469,c,147.6961201571222,147.6961201571222
6470,c,147.6961201571222,147.6961201571222
6471,c,147.6961201571222,147.6961201571222
6472,c,43.17320766662353,43.52428669562848
6473,c,147.6961201571222,147.6961201571222
6474,c,147.6961201571222,147.6961201571222
6475,c,4.449797973511156,10.113285951854055
6476,c,147.6961201571222,147.6961201571222
6477,t,147.6961201571222,147.6961201571222
6478,c,147.6961201571222,147.6961201571222
6479,t,147.6961201571222,147.6961201571222
6480,c,147.6961201571222,147.6961201571222
6481,t,147.6961201571222,147.6961201571222
6482,c,36.84099225194923,44.98076196412672
6483,c,19.180582946304042,19.818768130653865
6484,na,0,4.432859726799555
6485,t,147.6961201571222,147.6961201571222
6486,c,29.515570431638682,30.35209409284942
6487,c,23.93967478126666,30.21564236917712
6488,c,147.6961201571222,147.6961201571222
6489,c,27.829838765183105,35.75583710698235
6490,c,147.6961201571222,147.6961201571222
6491,c,19.14469503230911,22.13882819251051
6492,c,81.32047831214005,91.79350474109995
6493,c,39.68236139241188,43.6200455440159
6494,c,33.986891191938206,37.26451830234493
6495,c,36.61073370553121,38.409025722173055
6496,c,21.03333897830161,24.582771007498078
6497,c,41.735822289104476,44.501989848734404
6498,c,36.83096747170505,39.48464880706823
6499,t,147.6961201571222,147.6961201571222
6500,c,10.626875765848066,11.720067169213936
6501,c,147.6961201571222,147.6961201571222
6502,c,147.6961201571222,147.6961201571222
6503,c,43.37129703928101,44.66948663419139
6504,c,147.6961201571222,147.6961201571222
6505,c,50.80134252348832,51.70192451122209
6506,c,147.6961201571222,147.6961201571222
6507,c,16.467172538681403,147.6961201571222
6508,c,147.6961201571222,147.6961201571222
6509,t,147.6961201571222,147.6961201571222
6510,c,147.6961201571222,147.6961201571222
6511,c,44.77184445061915,49.43893321862144
6512,c,147.6961201571222,147.6961201571222
6513,c,7.32168843642638,15.728373585686764
6514,c,147.6961201571222,147.6961201571222
6515,c,3.5144778300494557,4.677967653574044
6516,c,147.6961201571222,147.6961201571222
6517,c,45.522686258252385,56.62614472025632
6518,t,147.6961201571222,147.6961201571222
6519,c,147.6961201571222,147.6961201571222
6520,t,147.6961201571222,147.6961201571222
6521,c,18.34147170361784,20.66111513519169
6522,c,28.385787100044105,33.758848547387615
6523,c,65.61364268364989,68.7162623779198
6524,c,147.6961201571222,147.6961201571222
6525,c,37.89683687069539,38.1086218684116
6526,c,29.01083000408153,39.76374298401364
6527,c,35.59000135784439,38.07380318625025
6528,t,147.6961201571222,147.6961201571222
6529,c,147.6961201571222,147.6961201571222
6530,t,147.6961201571222,147.6961201571222
6531,c,147.6961201571222,147.6961201571222
6532,c,23.39487940340021,23.785646945023668
6533,c,19.41989208629608,22.20822664582564
6534,c,35.5940563031494,44.37019725327581
6535,t,147.6961201571222,147.6961201571222
6536,c,147.6961201571222,147.6961201571222
6537,c,147.6961201571222,147.6961201571222
6538,t,147.6961201571222,147.6961201571222
6539,c,26.59439076066251,28.410856246371768
6540,c,23.741423149480593,25.94506056593597
6541,t,147.6961201571222,147.6961201571222
6542,c,34.75881476163246,44.49857506863087
6543,c,51.2148555421839,53.484358379596976
6544,na,0,6.106715010810874
6545,c,147.6961201571222,147.6961201571222
6546,c,60.20500081478559,65.85394219141838
6547,c,147.6961201571222,147.6961201571222
6548,c,147.6961201571222,147.6961201571222
6549,c,25.93440926772083,28.802960918154856
6550,c,147.6961201571222,147.6961201571222
6551,c,19.74689245886978,21.972864455854065
6552,c,147.6961201571222,147.6961201571222
6553,c,27.894982728046358,28.39457654759486
6554,c,10.071718402896948,147.6961201571222
6555,c,147.6961201571222,147.6961201571222
6556,c,147.6961201571222,147.6961201571222
6557,c,147.6961201571222,147.6961201571222
6558,c,147.6961201571222,147.6961201571222
6559,c,40.25545032420901,48.42568143709411
6560,c,41.71339959114558,49.63085529289507
6561,t,147.6961201571222,147.6961201571222
6562,c,147.6961201571222,147.6961201571222
6563,c,147.6961201571222,147.6961201571222
6564,t,147.6961201571222,147.6961201571222
6565,t,147.6961201571222,147.6961201571222
6566,c,147.6961201571222,147.6961201571222
6567,c,36.436450496909025,38.22593203946021
6568,c,147.6961201571222,147.6961201571222
6569,t,147.6961201571222,147.6961201571222
6570,c,46.74022786784845,59.23767810513889
6571,c,147.6961201571222,147.6961201571222
6572,c,147.6961201571222,147.6961201571222
6573,c,147.6961201571222,147.6961201571222
6574,c,22.488141947352503,147.6961201571222
6575,c,147.6961201571222,147.6961201571222
6576,c,36.73361205412,39.628591572641824
6577,c,38.59830366262505,41.678014853789556
6578,c,147.6961201571222,147.6961201571222
6579,c,147.6961201571222,147.6961201571222
6580,c,33.99198758702894,37.535757854323634
6581,c,147.6961201571222,147.6961201571222
6582,c,29.81456841409963,34.26000038225092
6583,c,147.6961201571222,147.6961201571222
6584,c,11.316774542566327,18.74989606890805
6585,t,147.6961201571222,147.6961201571222
6586,c,13.83529601619568,147.6961201571222
6587,t,147.6961201571222,147.6961201571222
6588,c,29.505557285961316,147.6961201571222
6589,c,147.6961201571222,147.6961201571222
6590,c,147.6961201571222,147.6961201571222
6591,c,33.66234763381254,40.24561038960557
6592,c,147.6961201571222,147.6961201571222
6593,c,147.6961201571222,147.6961201571222
6594,c,36.101987979078764,38.34189801617974
6595,c,31.410241253853698,31.6260054861847
6596,t,147.6961201571222,147.6961201571222
6597,c,147.6961201571222,147.6961201571222
6598,c,52.38110462234706,58.31847308843369
6599,c,20.192289695104176,23.504619007953323
6600,c,147.6961201571222,147.6961201571222
6601,c,147.6961201571222,147.6961201571222
6602,c,49.35956557755991,56.23325976299292
6603,c,147.6961201571222,147.6961201571222
6604,c,19.574831435066947,36.203042101172336
6605,c,28.99572450090548,29.609360290417474
6606,c,22.51572779539534,23.98474206296079
6607,c,147.6961201571222,147.6961201571222
6608,c,11.564725167408705,12.429397003809736
6609,c,147.6961201571222,147.6961201571222
6610,c,147.6961201571222,147.6961201571222
6611,t,147.6961201571222,147.6961201571222
6612,c,147.6961201571222,147.6961201571222
6613,c,31.268670088194195,32.70596118751539
6614,c,64.17469942615988,64.6285426056752
6615,t,147.6961201571222,147.6961201571222
6616,t,147.6961201571222,147.6961201571222
6617,c,19.973321829135532,21.570580486493352
6618,t,147.6961201571222,147.6961201571222
6619,c,29.978955256184914,30.038257410168516
6620,c,51.09260827837598,58.16209090946995
6621,c,147.6961201571222,147.6961201571222
6622,c,3.7129127713376517,4.30950688732694
6623,c,147.6961201571222,147.6961201571222
6624,c,147.6961201571222,147.6961201571222
6625,c,147.6961201571222,147.6961201571222
6626,c,147.6961201571222,147.6961201571222
6627,c,49.574345174155376,51.886914143410664
6628,c,147.6961201571222,147.6961201571222
6629,c,147.6961201571222,147.6961201571222
6630,c,147.6961201571222,147.6961201571222
6631,c,147.6961201571222,147.6961201571222
6632,c,147.6961201571222,147.6961201571222
6633,t,147.6961201571222,147.6961201571222
6634,c,113.79552961047034,116.39003242240227
6635,c,147.6961201571222,147.6961201571222
6636,c,43.58560293397091,44.4207578066728
6637,t,147.6961201571222,147.6961201571222
6638,c,147.6961201571222,147.6961201571222
6639,c,31.202982098721694,41.70634239782145
6640,c,18.713845939162567,19.97567679856703
6641,c,147.6961201571222,147.6961201571222
6642,c,17.35468851262173,18.85676757718513
6643,c,147.6961201571222,147.6961201571222
6644,c,147.6961201571222,147.6961201571222
6645,c,147.6961201571222,147.6961201571222
6646,c,18.582555560112237,20.542345775078108
6647,c,147.6961201571222,147.6961201571222
6648,c,19.51265733616909,27.28976502836505
6649,na,4.71645354741462,4.851835539924458
6650,c,147.6961201571222,147.6961201571222
6651,c,147.6961201571222,147.6961201571222
6652,c,6.1703546914604255,14.330912599566455
6653,c,48.81270095203188,50.01645291775559
6654,t,147.6961201571222,147.6961201571222
6655,c,25.60406519505934,28.120803227737696
6656,t,147.6961201571222,147.6961201571222
6657,c,147.6961201571222,147.6961201571222
6658,c,147.6961201571222,147.6961201571222
6659,c,15.760157778754243,26.75544581144109
6660,c,147.6961201571222,147.6961201571222
6661,c,147.6961201571222,147.6961201571222
6662,c,79.6887034688697,83.69902074412987
6663,c,147.6961201571222,147.6961201571222
6664,c,33.62732230679831,36.06218989924662
6665,c,147.6961201571222,147.6961201571222
6666,c,46.360226607971285,47.64324435993436
6667,c,147.6961201571222,147.6961201571222
6668,c,147.6961201571222,147.6961201571222
6669,c,147.6961201571222,147.6961201571222
6670,c,147.6961201571222,147.6961201571222
6671,c,147.6961201571222,147.6961201571222
6672,c,36.214070631578956,41.91464138561954
6673,c,147.6961201571222,147.6961201571222
6674,c,147.6961201571222,147.6961201571222
6675,c,147.6961201571222,147.6961201571222
6676,c,10.08294669030873,11.180722969929311
6677,t,147.6961201571222,147.6961201571222
6678,c,21.311704920762118,22.96598430327748
6679,t,147.6961201571222,147.6961201571222
6680,c,147.6961201571222,147.6961201571222
6681,c,147.6961201571222,147.6961201571222
6682,na,0.6821042890505791,2.8564292657886448
6683,c,3.576227533366299,6.595545621669678
6684,c,147.6961201571222,147.6961201571222
6685,c,147.6961201571222,147.6961201571222
6686,t,147.6961201571222,147.6961201571222
6687,c,32.63453338376082,40.74138690127137
6688,c,147.6961201571222,147.6961201571222
6689,c,147.6961201571222,147.6961201571222
6690,c,147.6961201571222,147.6961201571222
6691,c,147.6961201571222,147.6961201571222
6692,c,147.6961201571222,147.6961201571222
6693,t,147.6961201571222,147.6961201571222
6694,c,147.6961201571222,147.6961201571222
6695,c,56.87883780170417,57.405736137391266
6696,c,38.56269032224374,42.312682558443875
6697,c,147.6961201571222,147.6961201571222
6698,c,147.6961201571222,147.6961201571222
6699,c,147.6961201571222,147.6961201571222
6700,c,147.6961201571222,147.6961201571222
6701,c,20.6099409536974,37.20701565547648
6702,c,31.45938405056449,47.58993600078881
6703,c,147.6961201571222,147.6961201571222
6704,t,147.6961201571222,147.6961201571222
6705,c,147.6961201571222,147.6961201571222
6706,c,147.6961201571222,147.6961201571222
6707,c,30.59352147402629,30.615094185669395
6708,t,147.6961201571222,147.6961201571222
6709,t,147.6961201571222,147.6961201571222
6710,t,147.6961201571222,147.6961201571222
6711,t,147.6961201571222,147.6961201571222
6712,t,147.6961201571222,147.6961201571222
6713,c,147.6961201571222,147.6961201571222
6714,c,31.25891581696804,33.74016323149339
6715,c,31.035363597243173,31.775406772844903
6716,c,147.6961201571222,147.6961201571222
6717,c,147.6961201571222,147.6961201571222
6718,c,147.6961201571222,147.6961201571222
6719,c,41.95749509453111,42.17420421413888
6720,c,147.6961201571222,147.6961201571222
6721,c,147.6961201571222,147.6961201571222
6722,c,147.6961201571222,147.6961201571222
6723,c,17.336605077822604,18.318366500841137
6724,c,147.6961201571222,147.6961201571222
6725,c,8.890209793629742,12.995435723694671
6726,c,147.6961201571222,147.6961201571222
6727,c,14.039597770951957,147.6961201571222
6728,c,147.6961201571222,147.6961201571222
6729,na,-1,0
6730,t,147.6961201571222,147.6961201571222
6731,c,53.014807932619995,53.886646874553506
6732,c,16.684328528282702,147.6961201571222
6733,c,15.654289350509538,18.516659023184513
6734,c,4.550244187936334,7.485781063720343
6735,c,147.6961201571222,147.6961201571222
6736,c,147.6961201571222,147.6961201571222
6737,c,147.6961201571222,147.6961201571222
6738,t,147.6961201571222,147.6961201571222
6739,c,147.6961201571222,147.6961201571222
6740,c,147.6961201571222,147.6961201571222
6741,c,147.6961201571222,147.6961201571222
6742,c,16.053580355983005,21.62585241913751
6743,c,11.188261893256113,12.690710586176678
6744,c,147.6961201571222,147.6961201571222
6745,c,15.331092942171116,24.022400412809574
6746,c,42.99376431878464,43.95703680993661
6747,c,43.4987625585557,45.073732361524876
6748,c,38.98471694456707,41.04766275423267
6749,c,147.6961201571222,147.6961201571222
6750,c,147.6961201571222,147.6961201571222
6751,c,33.93124279390989,38.41864729943811
6752,c,147.6961201571222,147.6961201571222
6753,c,147.6961201571222,147.6961201571222
6754,c,51.28843756515086,56.771397651622316
6755,c,23.212599916288912,37.974755460101505
6756,c,147.6961201571222,147.6961201571222
6757,c,41.206670557356006,41.85404516849863
6758,na,2.051324943326006,5.664551658043916
6759,c,147.6961201571222,147.6961201571222
6760,c,147.6961201571222,147.6961201571222
6761,c,62.88227343165231,65.5366742613774
6762,c,42.4678611338152,46.40466128196802
6763,na,0,5.433008470131446
6764,t,147.6961201571222,147.6961201571222
6765,t,147.6961201571222,147.6961201571222
6766,c,39.386451094700824,49.700327405414995
6767,c,147.6961201571222,147.6961201571222
6768,t,147.6961201571222,147.6961201571222
6769,t,147.6961201571222,147.6961201571222
6770,c,147.6961201571222,147.6961201571222
6771,c,35.97358587661161,44.13123472337732
6772,c,147.6961201571222,147.6961201571222
6773,c,147.6961201571222,147.6961201571222
6774,t,147.6961201571222,147.6961201571222
6775,c,147.6961201571222,147.6961201571222
6776,c,147.6961201571222,147.6961201571222
6777,t,147.6961201571222,147.6961201571222
6778,c,48.069079538727586,49.845068151081264
6779,t,147.6961201571222,147.6961201571222
6780,c,25.08947391180961,25.809764929160018
6781,c,147.6961201571222,147.6961201571222
6782,c,147.6961201571222,147.6961201571222
6783,c,147.6961201571222,147.6961201571222
6784,c,147.6961201571222,147.6961201571222
6785,c,28.926714419941867,31.956826993538613
6786,c,13.82290156650933,17.174173827626557
6787,c,22.211811208703587,31.770110125278496
6788,c,147.6961201571222,147.6961201571222
6789,t,147.6961201571222,147.6961201571222
6790,c,27.51270507966212,27.994453489261815
6791,c,147.6961201571222,147.6961201571222
6792,c,30.12934139902926,40.28587998512326
6793,c,31.757884071651624,48.50839797098494
6794,t,147.6961201571222,147.6961201571222
6795,t,147.6961201571222,147.6961201571222
6796,c,147.6961201571222,147.6961201571222
6797,c,6.60971187645818,11.529894089114212
6798,c,43.49576650021987,45.75691352880461
6799,c,27.68243056798556,33.06087491043189
6800,c,7.200370428627598,7.88442093110322
6801,c,147.6961201571222,147.6961201571222
6802,c,51.26077790425964,52.670908184751106
6803,c,147.6961201571222,147.6961201571222
6804,c,12.013448951734201,16.554639904974653
6805,c,147.6961201571222,147.6961201571222
6806,t,147.6961201571222,147.6961201571222
6807,c,16.893396121163487,19.043439507299894
6808,c,147.6961201571222,147.6961201571222
6809,c,45.82772125509603,49.26787536044704
6810,t,147.6961201571222,147.6961201571222
6811,c,147.6961201571222,147.6961201571222
6812,c,147.6961201571222,147.6961201571222
6813,t,147.6961201571222,147.6961201571222
6814,c,147.6961201571222,147.6961201571222
6815,c,10.924291987322537,11.745344963723678
6816,c,147.6961201571222,147.6961201571222
6817,c,13.373540557691799,16.362987749892227
6818,c,147.6961201571222,147.6961201571222
6819,t,147.6961201571222,147.6961201571222
6820,c,147.6961201571222,147.6961201571222
6821,c,147.6961201571222,147.6961201571222
6822,c,147.6961201571222,147.6961201571222
6823,c,61.42695024448799,68.33953261065015
6824,c,147.6961201571222,147.6961201571222
6825,c,15.082436217006661,18.26766068594468
6826,c,147.6961201571222,147.6961201571222
6827,c,147.6961201571222,147.6961201571222
6828,t,147.6961201571222,147.6961201571222
6829,c,17.937304780252262,24.60065886174078
6830,c,147.6961201571222,147.6961201571222
6831,c,147.6961201571222,147.6961201571222
6832,c,147.6961201571222,147.6961201571222
6833,c,147.6961201571222,147.6961201571222
6834,c,29.765754187393913,33.83647708632544
6835,c,147.6961201571222,147.6961201571222
6836,c,9.604834033233205,15.94586627824966
6837,c,48.95625579056488,53.17359019864861
6838,c,147.6961201571222,147.6961201571222
6839,t,147.6961201571222,147.6961201571222
6840,c,147.6961201571222,147.6961201571222
6841,c,18.942218405166187,22.78577817503572
6842,c,34.6869183891227,37.373522623560845
6843,t,147.6961201571222,147.6961201571222
6844,t,147.6961201571222,147.6961201571222
6845,t,147.6961201571222,147.6961201571222
6846,c,147.6961201571222,147.6961201571222
6847,c,147.6961201571222,147.6961201571222
6848,c,0.6043428076657479,11.825126056181674
6849,c,147.6961201571222,147.6961201571222
6850,t,147.6961201571222,147.6961201571222
6851,t,147.6961201571222,147.6961201571222
6852,c,147.6961201571222,147.6961201571222
6853,c,147.6961201571222,147.6961201571222
6854,c,44.580543945320564,45.6142885773289
6855,c,147.6961201571222,147.6961201571222
6856,c,30.00191941374638,32.11886343311093
6857,c,17.962883910602528,25.894317306245956
6858,c,147.6961201571222,147.6961201571222
6859,c,147.6961201571222,147.6961201571222
6860,c,38.139780024109044,52.963757347596264
6861,c,16.81233785860685,21.58090274654324
6862,c,34.451506256297044,35.00349099395161
6863,c,147.6961201571222,147.6961201571222
6864,c,147.6961201571222,147.6961201571222
6865,t,147.6961201571222,147.6961201571222
6866,na,0,8.849386406560534
6867,c,147.6961201571222,147.6961201571222
6868,t,147.6961201571222,147.6961201571222
6869,t,147.6961201571222,147.6961201571222
6870,c,18.0706508358939,20.928504388357176
6871,c,147.6961201571222,147.6961201571222
6872,c,147.6961201571222,147.6961201571222
6873,t,147.6961201571222,147.6961201571222
6874,t,147.6961201571222,147.6961201571222
6875,c,147.6961201571222,147.6961201571222
6876,t,147.6961201571222,147.6961201571222
6877,t,147.6961201571222,147.6961201571222
6878,c,147.6961201571222,147.6961201571222
6879,c,30.23924385516867,36.36924006669196
6880,c,147.6961201571222,147.6961201571222
6881,t,147.6961201571222,147.6961201571222
6882,t,147.6961201571222,147.6961201571222
6883,c,147.6961201571222,147.6961201571222
6884,c,20.071005445516324,25.59581347124503
6885,c,147.6961201571222,147.6961201571222
6886,t,147.6961201571222,147.6961201571222
6887,t,147.6961201571222,147.6961201571222
6888,c,147.6961201571222,147.6961201571222
6889,c,147.6961201571222,147.6961201571222
6890,c,19.049019354582736,28.70036024175083
6891,t,147.6961201571222,147.6961201571222
6892,c,34.86498734831025,36.77248505337048
6893,na,0,1.31256214130651
6894,c,147.6961201571222,147.6961201571222
6895,c,14.368563740612764,15.55366306791749
6896,c,147.6961201571222,147.6961201571222
6897,c,147.6961201571222,147.6961201571222
6898,c,147.6961201571222,147.6961201571222
6899,c,28.525865064953848,147.6961201571222
6900,t,147.6961201571222,147.6961201571222
6901,c,28.574236660924917,147.6961201571222
6902,t,147.6961201571222,147.6961201571222
6903,t,147.6961201571222,147.6961201571222
6904,t,147.6961201571222,147.6961201571222
6905,c,147.6961201571222,147.6961201571222
6906,c,147.6961201571222,147.6961201571222
6907,c,10.474452207686761,147.6961201571222
6908,c,147.6961201571222,147.6961201571222
6909,c,147.6961201571222,147.6961201571222
6910,c,147.6961201571222,147.6961201571222
6911,c,147.6961201571222,147.6961201571222
6912,c,34.975455785064256,35.215195755291404
6913,t,147.6961201571222,147.6961201571222
6914,c,53.26774213815155,61.49684390375527
6915,na,-1,0
6916,c,13.386786142007283,21.748689924531142
6917,c,28.481798340180042,31.070790884676004
6918,t,147.6961201571222,147.6961201571222
6919,c,147.6961201571222,147.6961201571222
6920,t,147.6961201571222,147.6961201571222
6921,c,147.6961201571222,147.6961201571222
6922,c,147.6961201571222,147.6961201571222
6923,c,24.89666223544814,33.128065958832956
6924,c,18.561935972300653,19.31430720444755
6925,c,18.809338367211602,20.556256712336907
6926,na,4.719101086769716,5.2323184493454065
6927,c,147.6961201571222,147.6961201571222
6928,c,147.6961201571222,147.6961201571222
6929,c,147.6961201571222,147.6961201571222
6930,c,79.37672832500036,87.33332224476356
6931,t,147.6961201571222,147.6961201571222
6932,c,147.6961201571222,147.6961201571222
6933,c,147.6961201571222,147.6961201571222
6934,c,6.0348500594994015,10.234151640481615
6935,c,147.6961201571222,147.6961201571222
6936,t,147.6961201571222,147.6961201571222
6937,c,147.6961201571222,147.6961201571222
6938,c,79.62696101479243,82.05901363911015
6939,c,147.6961201571222,147.6961201571222
6940,t,147.6961201571222,147.6961201571222
6941,c,19.449092755985536,20.969710590980966
6942,c,27.6742561058579,30.541529816833854
6943,c,147.6961201571222,147.6961201571222
6944,c,147.6961201571222,147.6961201571222
6945,c,32.49341071180202,40.570922300978246
6946,c,147.6961201571222,147.6961201571222
6947,c,147.6961201571222,147.6961201571222
6948,c,147.6961201571222,147.6961201571222
6949,t,147.6961201571222,147.6961201571222
6950,t,147.6961201571222,147.6961201571222
6951,c,36.74217368281954,43.747632278509286
6952,c,147.6961201571222,147.6961201571222
6953,c,147.6961201571222,147.6961201571222
6954,c,147.6961201571222,147.6961201571222
6955,c,147.6961201571222,147.6961201571222
6956,c,147.6961201571222,147.6961201571222
6957,c,33.48082043722299,39.68682797930749
6958,c,147.6961201571222,147.6961201571222
6959,t,147.6961201571222,147.6961201571222
6960,c,147.6961201571222,147.6961201571222
6961,c,147.6961201571222,147.6961201571222
6962,c,18.978131957475718,21.200305993822905
6963,c,23.369306286392383,24.302848344699704
6964,c,147.6961201571222,147.6961201571222
6965,t,147.6961201571222,147.6961201571222
6966,c,24.773192521712698,34.003421095521965
6967,c,147.6961201571222,147.6961201571222
6968,c,147.6961201571222,147.6961201571222
6969,c,22.762335346333213,25.23998515274442
6970,t,147.6961201571222,147.6961201571222
6971,t,147.6961201571222,147.6961201571222
6972,t,147.6961201571222,147.6961201571222
6973,c,147.6961201571222,147.6961201571222
6974,c,147.6961201571222,147.6961201571222
6975,c,147.6961201571222,147.6961201571222
6976,c,147.6961201571222,147.6961201571222
6977,c,2.192681016998668,5.509559589241704
6978,t,147.6961201571222,147.6961201571222
6979,c,147.6961201571222,147.6961201571222
6980,c,147.6961201571222,147.6961201571222
6981,c,147.6961201571222,147.6961201571222
6982,c,147.6961201571222,147.6961201571222
6983,c,147.6961201571222,147.6961201571222
6984,c,147.6961201571222,147.6961201571222
6985,t,147.6961201571222,147.6961201571222
6986,c,37.70137165756661,45.96026077864548
6987,t,147.6961201571222,147.6961201571222
6988,c,10.375128605880487,31.35601836555175
6989,c,147.6961201571222,147.6961201571222
6990,t,147.6961201571222,147.6961201571222
6991,c,14.756677942441044,15.155878340488416
6992,c,147.6961201571222,147.6961201571222
6993,c,147.6961201571222,147.6961201571222
6994,c,19.428539697803313,147.6961201571222
6995,c,11.095331530007414,12.783385848782533
6996,c,147.6961201571222,147.6961201571222
6997,t,147.6961201571222,147.6961201571222
6998,t,147.6961201571222,147.6961201571222
6999,c,81.87531605274039,84.1014048467408
7000,c,41.09525588191785,147.6961201571222
7001,t,147.6961201571222,147.6961201571222
7002,c,29.681327722378317,35.15084765648504
7003,c,147.6961201571222,147.6961201571222
7004,c,147.6961201571222,147.6961201571222
7005,c,147.6961201571222,147.6961201571222
7006,c,25.060349819084305,34.925831076398694
7007,t,147.6961201571222,147.6961201571222
7008,c,147.6961201571222,147.6961201571222
7009,c,147.6961201571222,147.6961201571222
7010,t,147.6961201571222,147.6961201571222
7011,c,14.284886971740228,25.54220242753575
7012,c,147.6961201571222,147.6961201571222
7013,c,147.6961201571222,147.6961201571222
7014,t,147.6961201571222,147.6961201571222
7015,c,17.51034182840544,23.999766827939304
7016,c,147.6961201571222,147.6961201571222
7017,c,42.70913288959355,46.33420496663471
7018,c,147.6961201571222,147.6961201571222
7019,c,147.6961201571222,147.6961201571222
7020,t,147.6961201571222,147.6961201571222
7021,t,147.6961201571222,147.6961201571222
7022,c,30.299479699567573,34.01814760586862
7023,c,147.6961201571222,147.6961201571222
7024,c,147.6961201571222,147.6961201571222
7025,c,147.6961201571222,147.6961201571222
7026,c,147.6961201571222,147.6961201571222
7027,c,19.116180238927946,20.066686355568372
7028,t,147.6961201571222,147.6961201571222
7029,c,147.6961201571222,147.6961201571222
7030,c,147.6961201571222,147.6961201571222
7031,c,2.392400810674134,3.2743178369143027
7032,c,147.6961201571222,147.6961201571222
7033,c,147.6961201571222,147.6961201571222
7034,c,21.663911673950864,28.3270224799122
7035,c,147.6961201571222,147.6961201571222
7036,t,147.6961201571222,147.6961201571222
7037,c,147.6961201571222,147.6961201571222
7038,c,147.6961201571222,147.6961201571222
7039,c,42.064219756160874,49.977217650957186
7040,c,147.6961201571222,147.6961201571222
7041,c,147.6961201571222,147.6961201571222
7042,c,147.6961201571222,147.6961201571222
7043,c,21.958978077355933,25.854412639754326
7044,c,147.6961201571222,147.6961201571222
7045,c,147.6961201571222,147.6961201571222
7046,c,147.6961201571222,147.6961201571222
7047,c,31.27455822057569,147.6961201571222
7048,t,147.6961201571222,147.6961201571222
7049,c,30.667826453482682,34.91668086237867
7050,c,12.100315980053152,147.6961201571222
7051,c,38.35347329227805,38.72937097313635
7052,c,147.6961201571222,147.6961201571222
7053,c,147.6961201571222,147.6961201571222
7054,na,2.3593477226903032,3.2476038248984276
7055,c,147.6961201571222,147.6961201571222
7056,na,4.469612602965137,7.092812728772606
7057,t,147.6961201571222,147.6961201571222
7058,c,147.6961201571222,147.6961201571222
7059,t,147.6961201571222,147.6961201571222
7060,c,147.6961201571222,147.6961201571222
7061,c,88.91766573905983,93.03877157424601
7062,c,147.6961201571222,147.6961201571222
7063,c,147.6961201571222,147.6961201571222
7064,c,147.6961201571222,147.6961201571222
7065,c,147.6961201571222,147.6961201571222
7066,c,38.570016151005554,45.256839296734746
7067,c,3.0930589353318054,3.844984964327187
7068,c,147.6961201571222,147.6961201571222
7069,c,147.6961201571222,147.6961201571222
7070,t,147.6961201571222,147.6961201571222
7071,c,22.909645463974215,30.916698743269766
7072,t,147.6961201571222,147.6961201571222
7073,c,35.107300305443125,43.58364546730128
7074,c,11.811550213267264,12.55225546149622
7075,c,147.6961201571222,147.6961201571222
7076,c,26.83265846589533,27.397297082311134
7077,c,147.6961201571222,147.6961201571222
7078,c,147.6961201571222,147.6961201571222
7079,c,147.6961201571222,147.6961201571222
7080,c,147.6961201571222,147.6961201571222
7081,c,147.6961201571222,147.6961201571222
7082,c,147.6961201571222,147.6961201571222
7083,c,56.27269606104893,57.03000043173266
7084,t,147.6961201571222,147.6961201571222
7085,t,147.6961201571222,147.6961201571222
7086,c,147.6961201571222,147.6961201571222
7087,c,5.829142709295746,8.307759059250062
7088,c,11.566070515488315,13.381947852826316
7089,c,147.6961201571222,147.6961201571222
7090,c,147.6961201571222,147.6961201571222
7091,c,147.6961201571222,147.6961201571222
7092,c,147.6961201571222,147.6961201571222
7093,c,147.6961201571222,147.6961201571222
7094,c,70.51739517595388,70.58283396928198
7095,c,147.6961201571222,147.6961201571222
7096,c,147.6961201571222,147.6961201571222
7097,c,147.6961201571222,147.6961201571222
7098,c,60.13006447175973,65.41386881468522
7099,c,147.6961201571222,147.6961201571222
7100,c,147.6961201571222,147.6961201571222
7101,c,147.6961201571222,147.6961201571222
7102,t,147.6961201571222,147.6961201571222
7103,c,147.6961201571222,147.6961201571222
7104,t,147.6961201571222,147.6961201571222
7105,t,147.6961201571222,147.6961201571222
7106,c,23.52591308395657,31.012197186148747
7107,c,147.6961201571222,147.6961201571222
7108,c,4.293142626599875,9.283853646002111
7109,c,147.6961201571222,147.6961201571222
7110,c,35.80229995944608,45.68880770826911
7111,t,147.6961201571222,147.6961201571222
7112,c,31.604953524009016,43.940607126757406
7113,t,147.6961201571222,147.6961201571222
7114,c,147.6961201571222,147.6961201571222
7115,c,22.524204976005805,28.749566692678233
7116,na,3.920978924326534,5.472010120203236
7117,c,147.6961201571222,147.6961201571222
7118,c,147.6961201571222,147.6961201571222
7119,c,54.76406953442547,147.6961201571222
7120,c,53.94911250730872,64.63629890933179
7121,c,27.199468860248768,27.734656721689074
7122,c,147.6961201571222,147.6961201571222
7123,c,147.6961201571222,147.6961201571222
7124,c,6.372759976728794,7.959504667754858
7125,c,32.112625754725045,147.6961201571222
7126,c,147.6961201571222,147.6961201571222
7127,c,147.6961201571222,147.6961201571222
7128,c,16.642155365827367,17.018894424731688
7129,c,38.921953050362866,40.495661336561454
7130,c,147.6961201571222,147.6961201571222
7131,c,147.6961201571222,147.6961201571222
7132,c,147.6961201571222,147.6961201571222
7133,c,147.6961201571222,147.6961201571222
7134,c,3.4680964147763693,10.433685247249356
7135,t,147.6961201571222,147.6961201571222
7136,t,147.6961201571222,147.6961201571222
7137,t,147.6961201571222,147.6961201571222
7138,c,44.06206935365493,147.6961201571222
7139,c,33.61293541340892,33.67459993627879
7140,c,21.17513936794576,22.08333529101809
7141,c,26.852991781508205,27.411904736834703
7142,t,147.6961201571222,147.6961201571222
7143,c,147.6961201571222,147.6961201571222
7144,c,147.6961201571222,147.6961201571222
7145,c,147.6961201571222,147.6961201571222
7146,c,147.6961201571222,147.6961201571222
7147,c,147.6961201571222,147.6961201571222
7148,c,147.6961201571222,147.6961201571222
7149,c,50.50588518137193,52.809580171366946
7150,t,147.6961201571222,147.6961201571222
7151,c,40.64539131511009,147.6961201571222
7152,c,147.6961201571222,147.6961201571222
7153,c,13.307631668118514,15.830900343888333
7154,c,147.6961201571222,147.6961201571222
7155,c,147.6961201571222,147.6961201571222
7156,c,21.815580841178225,23.478793413990175
7157,t,147.6961201571222,147.6961201571222
7158,c,147.6961201571222,147.6961201571222
7159,c,147.6961201571222,147.6961201571222
7160,c,147.6961201571222,147.6961201571222
7161,c,41.86088948547122,43.763288523090914
7162,c,147.6961201571222,147.6961201571222
7163,c,147.6961201571222,147.6961201571222
7164,c,9.13633548817406,147.6961201571222
7165,c,147.6961201571222,147.6961201571222
7166,c,147.6961201571222,147.6961201571222
7167,c,147.6961201571222,147.6961201571222
7168,c,27.609397997866168,28.58658708415327
7169,c,147.6961201571222,147.6961201571222
7170,c,147.6961201571222,147.6961201571222
7171,c,147.6961201571222,147.6961201571222
7172,c,147.6961201571222,147.6961201571222
7173,c,147.6961201571222,147.6961201571222
7174,c,80.9419436622113,85.47943175732277
7175,c,147.6961201571222,147.6961201571222
7176,t,147.6961201571222,147.6961201571222
7177,na,3.932112243615095,6.285722578771967
7178,c,32.69090282076817,38.46004593832579
7179,c,147.6961201571222,147.6961201571222
7180,c,24.37742045739403,24.456302114390216
7181,c,147.6961201571222,147.6961201571222
7182,t,147.6961201571222,147.6961201571222
7183,c,147.6961201571222,147.6961201571222
7184,c,21.802390542371295,25.10518486061948
7185,t,147.6961201571222,147.6961201571222
7186,c,147.6961201571222,147.6961201571222
7187,c,55.71436201703453,61.41840766077634
7188,t,147.6961201571222,147.6961201571222
7189,c,28.72451521660184,28.98748886215908
7190,c,147.6961201571222,147.6961201571222
7191,c,147.6961201571222,147.6961201571222
7192,c,147.6961201571222,147.6961201571222
7193,c,147.6961201571222,147.6961201571222
7194,c,147.6961201571222,147.6961201571222
7195,c,147.6961201571222,147.6961201571222
7196,c,14.596706948931478,15.952539599778605
7197,t,147.6961201571222,147.6961201571222
7198,c,147.6961201571222,147.6961201571222
7199,c,147.6961201571222,147.6961201571222
7200,c,49.83050215860154,51.47189914955992
7201,c,147.6961201571222,147.6961201571222
7202,t,147.6961201571222,147.6961201571222
7203,c,41.37925865556206,46.258597538987196
7204,t,147.6961201571222,147.6961201571222
7205,na,6.767921081658822,11.025643882488911
7206,c,147.6961201571222,147.6961201571222
7207,c,144.8046095287858,147.6961201571222
7208,na,26.713423060170165,26.793935862712754
7209,c,32.09961042181401,32.56260557420643
7210,c,147.6961201571222,147.6961201571222
7211,t,147.6961201571222,147.6961201571222
7212,c,18.061528241718623,19.205641733390088
7213,c,41.67517749012251,42.7990229876229
7214,t,147.6961201571222,147.6961201571222
7215,c,42.38817632196035,147.6961201571222
7216,c,147.6961201571222,147.6961201571222
7217,c,64.51017021389704,67.40514860184213
7218,t,147.6961201571222,147.6961201571222
7219,c,147.6961201571222,147.6961201571222
7220,t,147.6961201571222,147.6961201571222
7221,c,147.6961201571222,147.6961201571222
7222,c,15.982126018888275,16.123359932640305
7223,t,147.6961201571222,147.6961201571222
7224,c,43.126985856092574,147.6961201571222
7225,c,14.369595256330385,15.785929443945788
7226,c,147.6961201571222,147.6961201571222
7227,c,147.6961201571222,147.6961201571222
7228,c,147.6961201571222,147.6961201571222
7229,t,147.6961201571222,147.6961201571222
7230,c,20.310998467019356,23.711460195254336
7231,c,147.6961201571222,147.6961201571222
7232,c,31.378526757894296,147.6961201571222
7233,t,147.6961201571222,147.6961201571222
7234,c,80.27849311124429,82.82995720431514
7235,c,147.6961201571222,147.6961201571222
7236,c,18.32447848240068,21.15455404532902
7237,c,147.6961201571222,147.6961201571222
7238,c,147.6961201571222,147.6961201571222
7239,t,147.6961201571222,147.6961201571222
7240,c,43.70637928598238,43.788199801354146
7241,c,147.6961201571222,147.6961201571222
7242,c,147.6961201571222,147.6961201571222
7243,t,147.6961201571222,147.6961201571222
7244,c,147.6961201571222,147.6961201571222
7245,c,147.6961201571222,147.6961201571222
7246,c,16.676080084512385,17.310037025375376
7247,c,147.6961201571222,147.6961201571222
7248,c,53.9793795186974,147.6961201571222
7249,c,147.6961201571222,147.6961201571222
7250,c,16.237741958069574,19.932166195701456
7251,c,147.6961201571222,147.6961201571222
7252,c,5.488210652010463,6.602300527769551
7253,c,52.82890059320766,53.123397138204474
7254,c,147.6961201571222,147.6961201571222
7255,c,54.91083002387632,58.06177502218843
7256,c,147.6961201571222,147.6961201571222
7257,t,147.6961201571222,147.6961201571222
7258,c,147.6961201571222,147.6961201571222
7259,c,147.6961201571222,147.6961201571222
7260,t,147.6961201571222,147.6961201571222
7261,c,21.526918004033,33.243508967366
7262,c,51.26088158354317,63.68034588986451
7263,c,147.6961201571222,147.6961201571222
7264,c,44.00948314998118,58.38960733525252
7265,c,30.592544430852197,34.595006443669845
7266,c,15.250686009478256,16.681495141179393
7267,c,37.95458233592627,38.93310442779285
7268,c,147.6961201571222,147.6961201571222
7269,c,147.6961201571222,147.6961201571222
7270,t,147.6961201571222,147.6961201571222
7271,c,147.6961201571222,147.6961201571222
7272,c,147.6961201571222,147.6961201571222
7273,c,147.6961201571222,147.6961201571222
7274,t,147.6961201571222,147.6961201571222
7275,t,147.6961201571222,147.6961201571222
7276,c,3.3281507399299395,147.6961201571222
7277,na,2.0604580623641158,2.8742409436452996
7278,c,147.6961201571222,147.6961201571222
7279,c,34.40925783961997,147.6961201571222
7280,c,147.6961201571222,147.6961201571222
7281,c,147.6961201571222,147.6961201571222
7282,c,147.6961201571222,147.6961201571222
7283,c,147.6961201571222,147.6961201571222
7284,c,30.84743655444208,40.763117595966634
7285,c,27.802336709464992,30.155848277324587
7286,c,147.6961201571222,147.6961201571222
7287,c,21.16401872312259,25.195051184097373
7288,c,147.6961201571222,147.6961201571222
7289,c,147.6961201571222,147.6961201571222
7290,c,13.522215886015534,17.878915623268277
7291,c,147.6961201571222,147.6961201571222
7292,c,147.6961201571222,147.6961201571222
7293,c,147.6961201571222,147.6961201571222
7294,c,147.6961201571222,147.6961201571222
7295,c,28.18311678281762,30.471594873194114
7296,c,28.946154436574933,33.23855802561161
7297,t,147.6961201571222,147.6961201571222
7298,c,147.6961201571222,147.6961201571222
7299,c,147.6961201571222,147.6961201571222
7300,c,25.23669567042744,25.570296998747086
7301,c,20.279525470396308,20.80333745555418
7302,c,147.6961201571222,147.6961201571222
7303,t,147.6961201571222,147.6961201571222
7304,c,13.000894137339307,13.758990661980029
7305,t,147.6961201571222,147.6961201571222
7306,c,147.6961201571222,147.6961201571222
7307,c,52.690942586098714,61.0861922499773
7308,c,147.6961201571222,147.6961201571222
7309,c,44.20365006300556,60.225126207469245
7310,c,32.54175927668,34.32027294696138
7311,na,-1,0
7312,c,147.6961201571222,147.6961201571222
7313,c,147.6961201571222,147.6961201571222
7314,c,29.305859861034076,45.01414301353646
7315,c,147.6961201571222,147.6961201571222
7316,c,147.6961201571222,147.6961201571222
7317,na,1.7691386084262348,5.204558510418247
7318,c,147.6961201571222,147.6961201571222
7319,c,22.2713283527642,23.64876852793306
7320,c,147.6961201571222,147.6961201571222
7321,t,147.6961201571222,147.6961201571222
7322,c,18.828121451951734,25.655885905134415
7323,na,8.604090871771565,9.627829625923336
7324,t,147.6961201571222,147.6961201571222
7325,c,10.25872611922151,17.63144242721872
7326,c,147.6961201571222,147.6961201571222
7327,c,16.17999607963275,24.696955251711035
7328,c,147.6961201571222,147.6961201571222
7329,t,147.6961201571222,147.6961201571222
7330,c,147.6961201571222,147.6961201571222
7331,c,39.755699272155454,50.28819157404864
7332,c,35.58045765151304,37.238231178410324
7333,t,147.6961201571222,147.6961201571222
7334,c,21.965612459885396,24.534141813625073
7335,c,39.925208117862084,43.842322198083004
7336,t,147.6961201571222,147.6961201571222
7337,c,11.062984294620081,12.635166794336282
7338,c,14.447780560223249,14.980051795480298
7339,t,147.6961201571222,147.6961201571222
7340,t,147.6961201571222,147.6961201571222
7341,c,147.6961201571222,147.6961201571222
7342,c,147.6961201571222,147.6961201571222
7343,c,147.6961201571222,147.6961201571222
7344,c,147.6961201571222,147.6961201571222
7345,c,147.6961201571222,147.6961201571222
7346,t,147.6961201571222,147.6961201571222
7347,c,147.6961201571222,147.6961201571222
7348,c,147.6961201571222,147.6961201571222
7349,c,147.6961201571222,147.6961201571222
7350,t,147.6961201571222,147.6961201571222
7351,c,147.6961201571222,147.6961201571222
7352,c,147.6961201571222,147.6961201571222
7353,t,147.6961201571222,147.6961201571222
7354,c,27.59364495741823,38.737013839775784
7355,c,147.6961201571222,147.6961201571222
7356,c,42.76766220741639,43.84457542906119
7357,t,147.6961201571222,147.6961201571222
7358,c,147.6961201571222,147.6961201571222
7359,t,147.6961201571222,147.6961201571222
7360,c,30.98694129210884,37.21701289485699
7361,c,147.6961201571222,147.6961201571222
7362,c,147.6961201571222,147.6961201571222
7363,na,3.5975309976095886,13.80107510543629
7364,c,147.6961201571222,147.6961201571222
7365,c,147.6961201571222,147.6961201571222
7366,c,71.23813739835678,71.93446550215667
7367,c,147.6961201571222,147.6961201571222
7368,c,147.6961201571222,147.6961201571222
7369,c,147.6961201571222,147.6961201571222
7370,c,37.35217364570401,41.28250060883859
7371,c,18.127974064578176,22.459245559721495
7372,c,147.6961201571222,147.6961201571222
7373,t,147.6961201571222,147.6961201571222
7374,c,147.6961201571222,147.6961201571222
7375,t,147.6961201571222,147.6961201571222
7376,t,147.6961201571222,147.6961201571222
7377,c,147.6961201571222,147.6961201571222
7378,c,62.747460122543615,67.77964208508196
7379,c,5.224910601662089,7.462544859521044
7380,c,20.457708125083307,28.40226837892301
7381,c,28.01939581997931,30.504972569265288
7382,c,51.6175855644131,52.04344831171865
7383,c,147.6961201571222,147.6961201571222
7384,t,147.6961201571222,147.6961201571222
7385,c,7.508403958830281,10.100787142631523
7386,c,32.12439831865165,39.84657719433186
7387,t,147.6961201571222,147.6961201571222
7388,t,147.6961201571222,147.6961201571222
7389,c,147.6961201571222,147.6961201571222
7390,c,147.6961201571222,147.6961201571222
7391,c,147.6961201571222,147.6961201571222
7392,t,147.6961201571222,147.6961201571222
7393,c,57.057617502123364,64.460091867553
7394,c,7.506271291847293,12.352156209904042
7395,c,147.6961201571222,147.6961201571222
7396,c,147.6961201571222,147.6961201571222
7397,c,13.690985102842324,17.44894716708889
7398,t,147.6961201571222,147.6961201571222
7399,c,147.6961201571222,147.6961201571222
7400,c,147.6961201571222,147.6961201571222
7401,c,50.88496394365718,51.828934477505555
7402,c,8.356731763848675,147.6961201571222
7403,c,22.85914453160926,25.357497629111116
7404,c,13.374803962343377,13.951283701545492
7405,c,62.08339426986764,65.5505168870442
7406,c,147.6961201571222,147.6961201571222
7407,c,33.54888909606706,34.23455267450586
7408,c,21.89194505035838,22.31884342863458
7409,c,147.6961201571222,147.6961201571222
7410,c,147.6961201571222,147.6961201571222
7411,c,46.15926214056032,56.1663728790959
7412,c,24.55504379184158,25.31935880468069
7413,c,16.099257800915883,24.477305310020764
7414,c,147.6961201571222,147.6961201571222
7415,t,147.6961201571222,147.6961201571222
7416,t,147.6961201571222,147.6961201571222
7417,c,18.446048290185228,19.557130964843516
7418,c,24.704530467015534,25.891817407422796
7419,c,81.09236572419991,81.31254319066481
7420,c,40.619753575175686,40.947641073534726
7421,c,147.6961201571222,147.6961201571222
7422,c,25.51369644754371,26.958466813583303
7423,c,147.6961201571222,147.6961201571222
7424,c,55.16838910339171,55.245291048366084
7425,c,147.6961201571222,147.6961201571222
7426,c,15.314836960614825,20.842340277869578
7427,c,147.6961201571222,147.6961201571222
7428,c,147.6961201571222,147.6961201571222
7429,c,30.461702727337016,37.97998874133229
7430,c,17.47172592102759,18.129396291929748
7431,c,147.6961201571222,147.6961201571222
7432,c,147.6961201571222,147.6961201571222
7433,c,147.6961201571222,147.6961201571222
7434,c,147.6961201571222,147.6961201571222
7435,c,147.6961201571222,147.6961201571222
7436,c,147.6961201571222,147.6961201571222
7437,c,45.054770485215776,45.93249881482126
7438,c,147.6961201571222,147.6961201571222
7439,t,147.6961201571222,147.6961201571222
7440,c,20.68653122782165,34.18268396494939
7441,t,147.6961201571222,147.6961201571222
7442,c,13.477592878604991,15.012356036338613
7443,t,147.6961201571222,147.6961201571222
7444,t,147.6961201571222,147.6961201571222
7445,c,147.6961201571222,147.6961201571222
7446,c,28.405995828383855,30.95383980270238
7447,c,22.90964209757368,26.70677299473019
7448,c,147.6961201571222,147.6961201571222
7449,c,147.6961201571222,147.6961201571222
7450,c,29.271272680506502,29.998546930599325
7451,c,20.994898227514444,147.6961201571222
7452,c,31.712465651420104,36.912383523233935
7453,c,147.6961201571222,147.6961201571222
7454,c,22.136536600237942,25.196504350047896
7455,t,147.6961201571222,147.6961201571222
7456,c,33.636462979610194,43.50881173476961
7457,t,147.6961201571222,147.6961201571222
7458,c,147.6961201571222,147.6961201571222
7459,t,147.6961201571222,147.6961201571222
7460,c,147.6961201571222,147.6961201571222
7461,c,147.6961201571222,147.6961201571222
7462,c,147.6961201571222,147.6961201571222
7463,c,23.140371695015734,147.6961201571222
7464,t,147.6961201571222,147.6961201571222
7465,c,147.6961201571222,147.6961201571222
7466,c,147.6961201571222,147.6961201571222
7467,t,147.6961201571222,147.6961201571222
7468,c,147.6961201571222,147.6961201571222
7469,c,17.12157383696344,19.558540865506654
7470,t,147.6961201571222,147.6961201571222
7471,t,147.6961201571222,147.6961201571222
7472,c,147.6961201571222,147.6961201571222
7473,c,147.6961201571222,147.6961201571222
7474,c,147.6961201571222,147.6961201571222
7475,t,147.6961201571222,147.6961201571222
7476,c,147.6961201571222,147.6961201571222
7477,c,147.6961201571222,147.6961201571222
7478,c,147.6961201571222,147.6961201571222
7479,c,147.6961201571222,147.6961201571222
7480,c,147.6961201571222,147.6961201571222
7481,c,147.6961201571222,147.6961201571222
7482,c,147.6961201571222,147.6961201571222
7483,c,24.9522831621771,25.83349367728035
7484,c,147.6961201571222,147.6961201571222
7485,c,11.932415387527113,12.393458224234585
7486,c,50.036463055553575,53.0324217991697
7487,c,147.6961201571222,147.6961201571222
7488,c,147.6961201571222,147.6961201571222
7489,c,147.6961201571222,147.6961201571222
7490,c,52.85670169252855,55.3843889689066
7491,c,11.60431313167268,13.24152136254938
7492,t,147.6961201571222,147.6961201571222
7493,c,147.6961201571222,147.6961201571222
7494,c,147.6961201571222,147.6961201571222
7495,c,6.997451189358425,13.195327894657714
7496,c,46.03585999369489,54.7484562197282
7497,c,147.6961201571222,147.6961201571222
7498,c,147.6961201571222,147.6961201571222
7499,c,147.6961201571222,147.6961201571222
7500,na,-1,0
7501,c,147.6961201571222,147.6961201571222
7502,c,58.70193681027232,59.00059599290391
7503,c,147.6961201571222,147.6961201571222
7504,c,33.29064427871186,42.35840026484559
7505,c,147.6961201571222,147.6961201571222
7506,c,147.6961201571222,147.6961201571222
7507,c,37.099601808272965,147.6961201571222
7508,t,147.6961201571222,147.6961201571222
7509,c,147.6961201571222,147.6961201571222
7510,c,8.430321041003237,9.586536699850976
7511,c,147.6961201571222,147.6961201571222
7512,c,14.920949015396333,16.683839706610545
7513,c,147.6961201571222,147.6961201571222
7514,c,147.6961201571222,147.6961201571222
7515,c,147.6961201571222,147.6961201571222
7516,c,2.7015780645457497,3.35567651204186
7517,t,147.6961201571222,147.6961201571222
7518,c,147.6961201571222,147.6961201571222
7519,na,147.6961201571222,147.6961201571222
7520,t,147.6961201571222,147.6961201571222
7521,t,147.6961201571222,147.6961201571222
7522,c,147.6961201571222,147.6961201571222
7523,c,12.102046862972644,22.0444013074569
7524,t,147.6961201571222,147.6961201571222
7525,t,147.6961201571222,147.6961201571222
7526,c,147.6961201571222,147.6961201571222
7527,na,147.6961201571222,147.6961201571222
7528,c,24.948047389847137,31.65400706797403
7529,c,30.87745424228824,147.6961201571222
7530,c,30.67831699664514,32.625954625499645
7531,c,147.6961201571222,147.6961201571222
7532,c,22.54396127319096,35.362124954047474
7533,c,31.47056343656398,38.74956690972888
7534,c,147.6961201571222,147.6961201571222
7535,c,147.6961201571222,147.6961201571222
7536,t,147.6961201571222,147.6961201571222
7537,c,147.6961201571222,147.6961201571222
7538,c,17.876453052222562,17.956888192180443
7539,t,147.6961201571222,147.6961201571222
7540,c,26.826520651218285,28.9463344589917
7541,c,147.6961201571222,147.6961201571222
7542,c,18.630150767904595,20.986738832071875
7543,t,147.6961201571222,147.6961201571222
7544,c,147.6961201571222,147.6961201571222
7545,c,147.6961201571222,147.6961201571222
7546,c,24.342336203638848,29.738425417701638
7547,c,54.35000117316584,55.30466693717215
7548,c,55.64826711824694,55.78875386067037
7549,c,147.6961201571222,147.6961201571222
7550,t,147.6961201571222,147.6961201571222
7551,c,147.6961201571222,147.6961201571222
7552,c,147.6961201571222,147.6961201571222
7553,t,147.6961201571222,147.6961201571222
7554,c,147.6961201571222,147.6961201571222
7555,c,38.51360746324371,41.372867562928406
7556,c,50.722728370700075,53.746273972331856
7557,c,147.6961201571222,147.6961201571222
7558,c,32.99360815912383,35.79069359565265
7559,c,80.41167410308461,81.80758113657582
7560,c,147.6961201571222,147.6961201571222
7561,c,53.29544432607503,54.96833785787181
7562,c,30.68048864857049,32.68883334563271
7563,c,46.27512671393645,48.981319015480345
7564,t,147.6961201571222,147.6961201571222
7565,na,0.07951812900429889,1.5351977230568319
7566,c,26.731829703895944,28.66411085798504
7567,c,54.9930446929277,58.32134361412929
7568,c,147.6961201571222,147.6961201571222
7569,c,147.6961201571222,147.6961201571222
7570,c,147.6961201571222,147.6961201571222
7571,c,22.569811878724035,25.671663713497352
7572,na,2.5073356560406506,7.800251012933446
7573,c,147.6961201571222,147.6961201571222
7574,na,-1,0
7575,c,147.6961201571222,147.6961201571222
7576,c,19.75471255985974,30.73244547240143
7577,c,35.235319187330944,38.60413602362964
7578,t,147.6961201571222,147.6961201571222
7579,c,27.306106703288965,32.61044350534593
7580,c,147.6961201571222,147.6961201571222
7581,c,7.902522472133928,9.807461224576954
7582,c,147.6961201571222,147.6961201571222
7583,c,25.38952410942382,27.50602632879613
7584,c,147.6961201571222,147.6961201571222
7585,c,58.57680501056446,74.55307742963315
7586,t,147.6961201571222,147.6961201571222
7587,c,147.6961201571222,147.6961201571222
7588,c,147.6961201571222,147.6961201571222
7589,c,17.241523900084022,21.69801849995314
7590,c,30.699321081585822,31.526742774991284
7591,c,53.25652392694821,56.433600827723176
7592,c,28.465598462658395,28.67808633166209
7593,c,147.6961201571222,147.6961201571222
7594,c,147.6961201571222,147.6961201571222
7595,t,147.6961201571222,147.6961201571222
7596,c,25.197949338869723,33.46391468325078
7597,c,30.7114587256224,33.184887860627484
7598,c,147.6961201571222,147.6961201571222
7599,c,20.98784166109133,23.37130796659763
7600,t,147.6961201571222,147.6961201571222
7601,c,13.684395689308198,147.6961201571222
7602,c,6.3415375354644885,9.111961780297413
7603,c,11.66327590655401,33.953685925305045
7604,t,147.6961201571222,147.6961201571222
7605,t,147.6961201571222,147.6961201571222
7606,c,45.440940270398315,46.883865094794906
7607,c,147.6961201571222,147.6961201571222
7608,c,2.866183807628623,9.25297970814243
7609,c,147.6961201571222,147.6961201571222
7610,c,147.6961201571222,147.6961201571222
7611,c,57.09304167956679,147.6961201571222
7612,c,24.64588478577398,26.82323049197963
7613,c,54.197479793144126,57.410075383524656
7614,t,147.6961201571222,147.6961201571222
7615,c,44.24404092428015,45.86560531092255
7616,c,147.6961201571222,147.6961201571222
7617,c,147.6961201571222,147.6961201571222
7618,c,147.6961201571222,147.6961201571222
7619,c,147.6961201571222,147.6961201571222
7620,c,147.6961201571222,147.6961201571222
7621,c,147.6961201571222,147.6961201571222
7622,c,1.6637562674939481,4.509289551577354
7623,c,147.6961201571222,147.6961201571222
7624,c,147.6961201571222,147.6961201571222
7625,t,147.6961201571222,147.6961201571222
7626,t,147.6961201571222,147.6961201571222
7627,c,20.738790826308477,21.19611500364905
7628,c,31.45546257802234,32.457137362748746
7629,c,46.00829208945614,54.842545482325555
7630,c,23.940207755266666,24.58144198949329
7631,c,147.6961201571222,147.6961201571222
7632,c,59.79548066768326,66.23784508620307
7633,c,147.6961201571222,147.6961201571222
7634,c,147.6961201571222,147.6961201571222
7635,c,147.6961201571222,147.6961201571222
7636,t,147.6961201571222,147.6961201571222
7637,t,147.6961201571222,147.6961201571222
7638,na,6.516769984985074,7.67429867096481
7639,c,147.6961201571222,147.6961201571222
7640,na,9.252910850459754,12.40748212350167
7641,c,55.88696815785641,58.508876770708994
7642,t,147.6961201571222,147.6961201571222
7643,c,147.6961201571222,147.6961201571222
7644,t,147.6961201571222,147.6961201571222
7645,c,27.502181259019356,41.18780456796224
7646,c,50.78619514598769,51.69480176225183
7647,c,147.6961201571222,147.6961201571222
7648,c,147.6961201571222,147.6961201571222
7649,c,147.6961201571222,147.6961201571222
7650,c,147.6961201571222,147.6961201571222
7651,c,147.6961201571222,147.6961201571222
7652,c,39.39183084514276,45.82770914393527
7653,c,76.30761463155682,79.18702753829169
7654,c,147.6961201571222,147.6961201571222
7655,c,12.14442543946177,12.427897086635614
7656,c,30.11639244787981,33.41314947256627
7657,c,147.6961201571222,147.6961201571222
7658,c,147.6961201571222,147.6961201571222
7659,c,147.6961201571222,147.6961201571222
7660,c,147.6961201571222,147.6961201571222
7661,c,34.65155465758336,39.77376819577102
7662,c,147.6961201571222,147.6961201571222
7663,c,147.6961201571222,147.6961201571222
7664,t,147.6961201571222,147.6961201571222
7665,t,147.6961201571222,147.6961201571222
7666,c,30.203810295280892,34.921009374502034
7667,t,147.6961201571222,147.6961201571222
7668,t,147.6961201571222,147.6961201571222
7669,c,147.6961201571222,147.6961201571222
7670,c,147.6961201571222,147.6961201571222
7671,c,147.6961201571222,147.6961201571222
7672,t,147.6961201571222,147.6961201571222
7673,t,147.6961201571222,147.6961201571222
7674,c,14.429697464853218,14.697528778233222
7675,c,147.6961201571222,147.6961201571222
7676,c,147.6961201571222,147.6961201571222
7677,t,147.6961201571222,147.6961201571222
7678,c,22.28377207685912,28.454810798977537
7679,c,147.6961201571222,147.6961201571222
7680,c,36.99157781305281,40.84110988036284
7681,c,147.6961201571222,147.6961201571222
7682,c,25.11820594656797,25.550659910021505
7683,c,147.6961201571222,147.6961201571222
7684,c,147.6961201571222,147.6961201571222
7685,c,147.6961201571222,147.6961201571222
7686,c,147.6961201571222,147.6961201571222
7687,c,147.6961201571222,147.6961201571222
7688,c,147.6961201571222,147.6961201571222
7689,c,30.252667374407658,39.764255637588434
7690,c,147.6961201571222,147.6961201571222
7691,t,147.6961201571222,147.6961201571222
7692,c,37.59695905988447,38.64314822758261
7693,c,147.6961201571222,147.6961201571222
7694,c,147.6961201571222,147.6961201571222
7695,c,147.6961201571222,147.6961201571222
7696,c,147.6961201571222,147.6961201571222
7697,t,147.6961201571222,147.6961201571222
7698,c,33.64484953529018,40.81844484797028
7699,c,49.09919900944201,49.765512721261906
7700,t,147.6961201571222,147.6961201571222
7701,c,47.03840206883899,52.321034736877245
7702,c,4.347447745381843,8.073407708704455
7703,c,41.261166846335946,42.09327131625555
7704,c,47.369188946840445,55.470077543562006
7705,c,147.6961201571222,147.6961201571222
7706,c,26.09287899555507,28.204315093103283
7707,t,147.6961201571222,147.6961201571222
7708,c,147.6961201571222,147.6961201571222
7709,c,147.6961201571222,147.6961201571222
7710,c,37.159428164355205,38.45838008337252
7711,t,147.6961201571222,147.6961201571222
7712,c,10.363006906290916,10.797982170459228
7713,c,147.6961201571222,147.6961201571222
7714,c,41.21096513622893,147.6961201571222
7715,t,147.6961201571222,147.6961201571222
7716,c,147.6961201571222,147.6961201571222
7717,t,147.6961201571222,147.6961201571222
7718,c,147.6961201571222,147.6961201571222
7719,c,27.10912234584174,30.620109748410933
7720,t,147.6961201571222,147.6961201571222
7721,c,147.6961201571222,147.6961201571222
7722,c,12.281714313070273,12.864464360346947
7723,c,24.673217972384784,31.557189485702917
7724,c,19.483699323747302,20.765615511324963
7725,c,147.6961201571222,147.6961201571222
7726,c,147.6961201571222,147.6961201571222
7727,t,147.6961201571222,147.6961201571222
7728,c,24.54624604758564,147.6961201571222
7729,c,72.68645033802345,73.28271118637295
7730,c,19.07825899904351,21.928348057339868
7731,c,36.75868103291152,36.98998190459008
7732,c,60.17223931169193,60.78763083522071
7733,c,147.6961201571222,147.6961201571222
7734,t,147.6961201571222,147.6961201571222
7735,c,147.6961201571222,147.6961201571222
7736,t,147.6961201571222,147.6961201571222
7737,t,147.6961201571222,147.6961201571222
7738,c,147.6961201571222,147.6961201571222
7739,c,19.172541382624104,147.6961201571222
7740,c,24.21838553079984,25.138378725298296
7741,t,147.6961201571222,147.6961201571222
7742,c,21.540147009501045,24.470954431520816
7743,c,31.479707868311507,33.147333860592646
7744,t,147.6961201571222,147.6961201571222
7745,c,147.6961201571222,147.6961201571222
7746,c,22.96763150778354,38.31378169706348
7747,c,21.49171700224695,27.066692355500763
7748,t,147.6961201571222,147.6961201571222
7749,t,147.6961201571222,147.6961201571222
7750,t,147.6961201571222,147.6961201571222
7751,c,147.6961201571222,147.6961201571222
7752,c,147.6961201571222,147.6961201571222
7753,c,147.6961201571222,147.6961201571222
7754,c,147.6961201571222,147.6961201571222
7755,c,147.6961201571222,147.6961201571222
7756,c,147.6961201571222,147.6961201571222
7757,c,147.6961201571222,147.6961201571222
7758,c,24.443381740745917,30.58600682562169
7759,c,20.15478572415474,20.58328036653821
7760,c,147.6961201571222,147.6961201571222
7761,c,147.6961201571222,147.6961201571222
7762,c,147.6961201571222,147.6961201571222
7763,c,147.6961201571222,147.6961201571222
7764,c,35.315931479748905,37.74964659708902
7765,t,147.6961201571222,147.6961201571222
7766,t,147.6961201571222,147.6961201571222
7767,t,147.6961201571222,147.6961201571222
7768,t,147.6961201571222,147.6961201571222
7769,t,147.6961201571222,147.6961201571222
7770,na,-1,0
7771,c,147.6961201571222,147.6961201571222
7772,c,30.64735658327765,31.37415051169431
7773,c,33.211134994308956,36.37128128467389
7774,c,147.6961201571222,147.6961201571222
7775,c,13.990723373676827,17.769907083397552
7776,c,147.6961201571222,147.6961201571222
7777,c,25.357401460673827,30.589739270021507
7778,c,147.6961201571222,147.6961201571222
7779,t,147.6961201571222,147.6961201571222
7780,t,147.6961201571222,147.6961201571222
7781,t,147.6961201571222,147.6961201571222
7782,c,45.563219602238426,50.61438754687039
7783,c,17.071210941115528,22.71877255351455
7784,c,147.6961201571222,147.6961201571222
7785,c,68.91474359099696,70.74505472472418
7786,c,147.6961201571222,147.6961201571222
7787,c,147.6961201571222,147.6961201571222
7788,na,1.4399052666567964,4.156457363416168
7789,c,147.6961201571222,147.6961201571222
7790,t,147.6961201571222,147.6961201571222
7791,c,44.103436107992636,45.343992152594524
7792,c,147.6961201571222,147.6961201571222
7793,c,147.6961201571222,147.6961201571222
7794,c,147.6961201571222,147.6961201571222
7795,c,147.6961201571222,147.6961201571222
7796,na,-1,0
7797,t,147.6961201571222,147.6961201571222
7798,c,147.6961201571222,147.6961201571222
7799,c,60.33958193814604,62.2080533855132
7800,c,24.829666293098576,26.068321414755463
7801,t,147.6961201571222,147.6961201571222
7802,c,6.396505063086852,10.815650025091085
7803,t,147.6961201571222,147.6961201571222
7804,c,147.6961201571222,147.6961201571222
7805,t,147.6961201571222,147.6961201571222
7806,c,41.09616145227861,47.66804091529119
7807,t,147.6961201571222,147.6961201571222
7808,c,27.33840272484565,27.57540334513356
7809,c,50.8218193441841,53.90402572667248
7810,c,147.6961201571222,147.6961201571222
7811,c,72.28296973227573,90.75863482320494
7812,c,22.848442522220196,27.048585330936675
7813,c,147.6961201571222,147.6961201571222
7814,c,147.6961201571222,147.6961201571222
7815,c,29.61369837561469,31.113048355169024
7816,t,147.6961201571222,147.6961201571222
7817,c,27.479163569248794,29.09788097837023
7818,c,26.979208190477326,28.80122766900486
7819,c,147.6961201571222,147.6961201571222
7820,c,147.6961201571222,147.6961201571222
7821,t,147.6961201571222,147.6961201571222
7822,c,147.6961201571222,147.6961201571222
7823,c,50.9811892503903,53.00421787903586
7824,t,147.6961201571222,147.6961201571222
7825,c,147.6961201571222,147.6961201571222
7826,c,22.672218023389117,31.510145913206742
7827,c,147.6961201571222,147.6961201571222
7828,t,147.6961201571222,147.6961201571222
7829,c,37.334041957600775,43.50856809180655
7830,t,147.6961201571222,147.6961201571222
7831,c,52.00270821657818,56.527950318904026
7832,c,147.6961201571222,147.6961201571222
7833,c,147.6961201571222,147.6961201571222
7834,c,147.6961201571222,147.6961201571222
7835,c,147.6961201571222,147.6961201571222
7836,c,147.6961201571222,147.6961201571222
7837,c,147.6961201571222,147.6961201571222
7838,c,147.6961201571222,147.6961201571222
7839,c,63.44478234656369,66.98625241370138
7840,c,147.6961201571222,147.6961201571222
7841,c,20.103347690965236,147.6961201571222
7842,t,147.6961201571222,147.6961201571222
7843,c,22.43545143162606,25.135513597167705
7844,c,147.6961201571222,147.6961201571222
7845,c,30.480452101948305,35.944662070424215
7846,c,20.816717770498595,23.476344603248275
7847,c,147.6961201571222,147.6961201571222
7848,na,0,1.3512188052018044
7849,c,17.251957509135693,25.982090184119595
7850,c,44.26942365254597,45.205905054454576
7851,c,147.6961201571222,147.6961201571222
7852,c,32.859895797074465,36.760157986829405
7853,c,147.6961201571222,147.6961201571222
7854,c,34.422960238249125,41.613252770492494
7855,c,147.6961201571222,147.6961201571222
7856,c,61.44993496847159,63.89229025860164
7857,na,-1,0
7858,c,26.37731525666134,26.974090612966727
7859,t,147.6961201571222,147.6961201571222
7860,c,40.3528055956847,42.6296774655973
7861,c,23.227035608215434,40.66579050035135
7862,c,31.560140539440486,40.99907685013801
7863,c,23.306011722686247,38.29817658569208
7864,c,147.6961201571222,147.6961201571222
7865,c,12.334400453434217,24.31970082659652
7866,c,147.6961201571222,147.6961201571222
7867,c,147.6961201571222,147.6961201571222
7868,c,27.772179254556136,39.67163457752317
7869,c,147.6961201571222,147.6961201571222
7870,t,147.6961201571222,147.6961201571222
7871,t,147.6961201571222,147.6961201571222
7872,c,15.069759352095199,15.080146132759957
7873,c,147.6961201571222,147.6961201571222
7874,t,147.6961201571222,147.6961201571222
7875,c,147.6961201571222,147.6961201571222
7876,c,147.6961201571222,147.6961201571222
7877,c,147.6961201571222,147.6961201571222
7878,c,147.6961201571222,147.6961201571222
7879,c,9.605167852190945,15.465302075740631
7880,na,3.3508995533909234,14.590493201762797
7881,c,147.6961201571222,147.6961201571222
7882,c,25.407728477655596,32.02584778372225
7883,c,14.36018646414939,15.180135113798539
7884,c,23.277495968545132,25.737719822914606
7885,t,147.6961201571222,147.6961201571222
7886,c,32.462639515239424,44.1096932859442
7887,c,38.60164707019729,45.58430767031149
7888,c,24.148552212989497,26.62209625590948
7889,c,147.6961201571222,147.6961201571222
7890,c,147.6961201571222,147.6961201571222
7891,c,147.6961201571222,147.6961201571222
7892,t,147.6961201571222,147.6961201571222
7893,c,39.364771887507914,46.68612913779803
7894,c,147.6961201571222,147.6961201571222
7895,c,12.85900089137907,14.15444814131896
7896,t,147.6961201571222,147.6961201571222
7897,c,147.6961201571222,147.6961201571222
7898,c,147.6961201571222,147.6961201571222
7899,c,19.014686566211623,147.6961201571222
7900,c,27.825602692431715,28.503411822322228
7901,c,147.6961201571222,147.6961201571222
7902,c,12.352311030373901,12.804548978514648
7903,t,147.6961201571222,147.6961201571222
7904,c,27.17427304944533,39.65794424305657
7905,c,81.38422761917863,86.71280026963899
7906,t,147.6961201571222,147.6961201571222
7907,na,0,7.9249639429971594
7908,t,147.6961201571222,147.6961201571222
7909,t,147.6961201571222,147.6961201571222
7910,c,147.6961201571222,147.6961201571222
7911,t,147.6961201571222,147.6961201571222
7912,t,147.6961201571222,147.6961201571222
7913,c,26.081291991973295,30.498733263931218
7914,c,29.437288241415747,39.98739659678827
7915,c,147.6961201571222,147.6961201571222
7916,c,147.6961201571222,147.6961201571222
7917,c,147.6961201571222,147.6961201571222
7918,c,35.954195790197915,39.32823142643774
7919,c,29.747855822877156,37.286710856333485
7920,c,22.90981883550238,24.741344647350612
7921,t,147.6961201571222,147.6961201571222
7922,c,147.6961201571222,147.6961201571222
7923,c,147.6961201571222,147.6961201571222
7924,c,147.6961201571222,147.6961201571222
7925,c,147.6961201571222,147.6961201571222
7926,c,147.6961201571222,147.6961201571222
7927,c,77.89304981929578,85.61763529354799
7928,c,32.48913125497549,48.13989503530069
7929,t,147.6961201571222,147.6961201571222
7930,c,40.77625048202053,45.38101812009514
7931,t,147.6961201571222,147.6961201571222
7932,c,14.897184407448112,19.024533120444215
7933,c,147.6961201571222,147.6961201571222
7934,c,147.6961201571222,147.6961201571222
7935,c,19.839322148434928,29.953089317724903
7936,c,147.6961201571222,147.6961201571222
7937,c,27.224353908759912,33.81043176785697
7938,c,5.071480185842075,9.802749398395484
7939,c,9.472459785702538,9.631159631169622
7940,c,16.97266075907603,21.561191403587557
7941,c,147.6961201571222,147.6961201571222
7942,c,27.637405774595184,27.94550881687373
7943,c,147.6961201571222,147.6961201571222
7944,c,147.6961201571222,147.6961201571222
7945,t,147.6961201571222,147.6961201571222
7946,c,21.633358515177118,24.79350068284702
7947,t,147.6961201571222,147.6961201571222
7948,c,27.797559288246575,34.88067508900869
7949,c,18.364752695427903,21.890977585208585
7950,c,147.6961201571222,147.6961201571222
7951,c,33.49790968439392,35.82974767851188
7952,c,112.81583434365744,114.76851040658832
7953,c,147.6961201571222,147.6961201571222
7954,c,147.6961201571222,147.6961201571222
7955,c,19.68832290979912,147.6961201571222
7956,c,147.6961201571222,147.6961201571222
7957,t,147.6961201571222,147.6961201571222
7958,c,147.6961201571222,147.6961201571222
7959,na,0.06888283713429318,2.97365184755084
7960,c,27.904771013267514,35.706235992330186
7961,c,47.835146950943475,55.107089210895474
7962,t,147.6961201571222,147.6961201571222
7963,c,147.6961201571222,147.6961201571222
7964,c,27.999667677881604,33.210496316094954
7965,c,48.82469065865776,51.402114057274744
7966,c,15.974166698862371,20.623836539570895
7967,c,8.945967417791605,11.335829624036066
7968,t,147.6961201571222,147.6961201571222
7969,c,147.6961201571222,147.6961201571222
7970,c,11.204302617791448,19.09989627530151
7971,c,19.277495674915293,21.23152890898396
7972,t,147.6961201571222,147.6961201571222
7973,c,147.6961201571222,147.6961201571222
7974,c,56.64005655085592,59.66287124954212
7975,t,147.6961201571222,147.6961201571222
7976,c,147.6961201571222,147.6961201571222
7977,c,147.6961201571222,147.6961201571222
7978,c,45.112424991884254,47.444345987136195
7979,c,71.08292616755641,76.84787353749401
7980,c,29.386060421084835,41.28895353632246
7981,t,147.6961201571222,147.6961201571222
7982,c,147.6961201571222,147.6961201571222
7983,t,147.6961201571222,147.6961201571222
7984,c,17.191402546589604,17.298093809772823
7985,c,147.6961201571222,147.6961201571222
7986,c,24.368016953686706,29.073717126575524
7987,t,147.6961201571222,147.6961201571222
7988,c,16.136442779377912,17.366979833159462
7989,t,147.6961201571222,147.6961201571222
7990,t,147.6961201571222,147.6961201571222
7991,c,4.597151835077756,8.15897823712685
7992,c,147.6961201571222,147.6961201571222
7993,c,147.6961201571222,147.6961201571222
7994,c,147.6961201571222,147.6961201571222
7995,c,46.70729294343744,49.59098620626612
7996,c,147.6961201571222,147.6961201571222
7997,c,20.57985437493585,22.565299203202812
7998,c,49.9653900180559,50.333767231040625
7999,c,147.6961201571222,147.6961201571222
8000,c,147.6961201571222,147.6961201571222
8001,c,31.132229148525568,37.450187872423484
8002,c,147.6961201571222,147.6961201571222
8003,na,0,5.570087947979159
8004,c,20.200182618227263,23.485003087496473
8005,c,21.66637859835693,23.129770187947646
8006,t,147.6961201571222,147.6961201571222
8007,c,147.6961201571222,147.6961201571222
8008,c,147.6961201571222,147.6961201571222
8009,c,147.6961201571222,147.6961201571222
8010,c,147.6961201571222,147.6961201571222
8011,c,41.375415645287895,45.698582206335765
8012,c,30.921614022987814,32.56835201303821
8013,na,-1,0
8014,c,147.6961201571222,147.6961201571222
8015,c,147.6961201571222,147.6961201571222
8016,c,147.6961201571222,147.6961201571222
8017,c,147.6961201571222,147.6961201571222
8018,c,147.6961201571222,147.6961201571222
8019,c,46.59260809236749,48.28455766717812
8020,na,3.494474686325224,3.6062716782272726
8021,c,36.091946899566565,39.15748680767733
8022,c,147.6961201571222,147.6961201571222
8023,c,27.400551698619857,27.45884352540766
8024,c,147.6961201571222,147.6961201571222
8025,c,14.13594705163658,15.991068881634217
8026,c,19.71059750737976,147.6961201571222
8027,c,147.6961201571222,147.6961201571222
8028,c,147.6961201571222,147.6961201571222
8029,c,9.319083234182239,18.034457522465225
8030,c,147.6961201571222,147.6961201571222
8031,t,147.6961201571222,147.6961201571222
8032,t,147.6961201571222,147.6961201571222
8033,c,50.579764936811465,50.60357688367903
8034,t,147.6961201571222,147.6961201571222
8035,c,147.6961201571222,147.6961201571222
8036,t,147.6961201571222,147.6961201571222
8037,c,21.01039549777745,21.789109996941086
8038,t,147.6961201571222,147.6961201571222
8039,c,6.849321061023092,14.348293541035114
8040,c,147.6961201571222,147.6961201571222
8041,t,147.6961201571222,147.6961201571222
8042,c,24.25167275083073,27.03429908593739
8043,c,147.6961201571222,147.6961201571222
8044,c,51.14015694888665,53.692767425863124
8045,c,72.11946414637711,73.91326018968272
8046,c,147.6961201571222,147.6961201571222
8047,c,79.9907036793878,147.6961201571222
8048,c,147.6961201571222,147.6961201571222
8049,t,147.6961201571222,147.6961201571222
8050,t,147.6961201571222,147.6961201571222
8051,c,35.96655866506438,38.674111565288335
8052,c,23.677669674914938,26.036180504919148
8053,c,147.6961201571222,147.6961201571222
8054,c,147.6961201571222,147.6961201571222
8055,c,22.440642768635893,26.162695049094722
8056,c,147.6961201571222,147.6961201571222
8057,c,147.6961201571222,147.6961201571222
8058,c,147.6961201571222,147.6961201571222
8059,c,147.6961201571222,147.6961201571222
8060,t,147.6961201571222,147.6961201571222
8061,c,39.40304145468164,43.489235229339954
8062,c,30.426178702717014,37.082785451514106
8063,c,40.84949134132863,43.85986306129954
8064,c,23.26227349605649,24.7436415737746
8065,c,78.6874602901807,85.94898372233497
8066,c,19.159900569813555,20.589843093509014
8067,c,147.6961201571222,147.6961201571222
8068,c,147.6961201571222,147.6961201571222
8069,t,147.6961201571222,147.6961201571222
8070,c,23.423840100613194,24.700517471101634
8071,c,147.6961201571222,147.6961201571222
8072,c,147.6961201571222,147.6961201571222
8073,c,37.71781523755708,42.65946022799202
8074,c,147.6961201571222,147.6961201571222
8075,t,147.6961201571222,147.6961201571222
8076,c,147.6961201571222,147.6961201571222
8077,t,147.6961201571222,147.6961201571222
8078,c,147.6961201571222,147.6961201571222
8079,c,147.6961201571222,147.6961201571222
8080,t,147.6961201571222,147.6961201571222
8081,c,21.807168261807572,27.094537518397857
8082,c,147.6961201571222,147.6961201571222
8083,t,147.6961201571222,147.6961201571222
8084,t,147.6961201571222,147.6961201571222
8085,c,18.892205878405015,20.39428379866153
8086,t,147.6961201571222,147.6961201571222
8087,c,12.945100915296338,17.726190579168666
8088,t,147.6961201571222,147.6961201571222
8089,t,147.6961201571222,147.6961201571222
8090,c,46.68493828930085,54.67087190150783
8091,t,147.6961201571222,147.6961201571222
8092,c,147.6961201571222,147.6961201571222
8093,c,147.6961201571222,147.6961201571222
8094,c,2.7230510563576407,6.031027586602924
8095,c,147.6961201571222,147.6961201571222
8096,c,147.6961201571222,147.6961201571222
8097,c,147.6961201571222,147.6961201571222
8098,c,147.6961201571222,147.6961201571222
8099,c,147.6961201571222,147.6961201571222
8100,c,147.6961201571222,147.6961201571222
8101,c,147.6961201571222,147.6961201571222
8102,c,22.594312328835528,25.72621876490162
8103,t,147.6961201571222,147.6961201571222
8104,t,147.6961201571222,147.6961201571222
8105,c,31.28615698319858,79.49759613960609
8106,c,147.6961201571222,147.6961201571222
8107,c,147.6961201571222,147.6961201571222
8108,t,147.6961201571222,147.6961201571222
8109,c,147.6961201571222,147.6961201571222
8110,c,147.6961201571222,147.6961201571222
8111,c,147.6961201571222,147.6961201571222
8112,t,147.6961201571222,147.6961201571222
8113,c,147.6961201571222,147.6961201571222
8114,c,47.53205336724756,52.21429955830317
8115,c,147.6961201571222,147.6961201571222
8116,c,16.550750468472433,17.351970983175182
8117,c,147.6961201571222,147.6961201571222
8118,c,147.6961201571222,147.6961201571222
8119,t,147.6961201571222,147.6961201571222
8120,t,147.6961201571222,147.6961201571222
8121,c,147.6961201571222,147.6961201571222
8122,c,147.6961201571222,147.6961201571222
8123,t,147.6961201571222,147.6961201571222
8124,c,147.6961201571222,147.6961201571222
8125,c,147.6961201571222,147.6961201571222
8126,t,147.6961201571222,147.6961201571222
8127,na,0,6.283541118842074
8128,c,147.6961201571222,147.6961201571222
8129,c,9.571635772692327,13.573065772551594
8130,c,147.6961201571222,147.6961201571222
8131,c,31.095605309249905,32.60100183925
8132,t,147.6961201571222,147.6961201571222
8133,c,17.360465679106863,23.913605294486796
8134,c,14.869964797660725,16.0485046720777
8135,c,147.6961201571222,147.6961201571222
8136,c,147.6961201571222,147.6961201571222
8137,c,37.7820141555171,44.20565990153318
8138,t,147.6961201571222,147.6961201571222
8139,c,147.6961201571222,147.6961201571222
8140,c,147.6961201571222,147.6961201571222
8141,c,12.986663766574729,20.325999800223773
8142,c,147.6961201571222,147.6961201571222
8143,c,147.6961201571222,147.6961201571222
8144,c,147.6961201571222,147.6961201571222
8145,c,19.333193847779285,25.099115543982087
8146,c,147.6961201571222,147.6961201571222
8147,c,147.6961201571222,147.6961201571222
8148,c,147.6961201571222,147.6961201571222
8149,c,147.6961201571222,147.6961201571222
8150,t,147.6961201571222,147.6961201571222
8151,c,41.09040385475483,44.58113342886525
8152,c,147.6961201571222,147.6961201571222
8153,t,147.6961201571222,147.6961201571222
8154,c,16.50483663001062,31.20769658108157
8155,t,147.6961201571222,147.6961201571222
8156,c,54.099686689493915,57.02416744555955
8157,c,147.6961201571222,147.6961201571222
8158,c,31.496789469746933,34.09903524237235
8159,c,26.98126087589321,30.6290243519401
8160,c,17.08770725773107,21.670385608194913
8161,t,147.6961201571222,147.6961201571222
8162,c,12.093656925541472,18.428035406645954
8163,c,147.6961201571222,147.6961201571222
8164,c,32.586256012460524,33.69111655601581
8165,c,15.680321501490132,17.067267714606103
8166,t,147.6961201571222,147.6961201571222
8167,c,147.6961201571222,147.6961201571222
8168,c,15.884202865859443,16.73641597909903
8169,t,147.6961201571222,147.6961201571222
8170,t,147.6961201571222,147.6961201571222
8171,c,23.44114443682311,24.86285459396457
8172,c,147.6961201571222,147.6961201571222
8173,c,147.6961201571222,147.6961201571222
8174,c,147.6961201571222,147.6961201571222
8175,c,147.6961201571222,147.6961201571222
8176,c,42.49676352091569,46.78738925367344
8177,c,147.6961201571222,147.6961201571222
8178,c,19.000439724269608,19.75896923104638
8179,c,147.6961201571222,147.6961201571222
8180,c,147.6961201571222,147.6961201571222
8181,c,147.6961201571222,147.6961201571222
8182,c,147.6961201571222,147.6961201571222
8183,c,147.6961201571222,147.6961201571222
8184,c,147.6961201571222,147.6961201571222
8185,c,41.30880777581076,42.67969469921479
8186,c,32.911620510726294,147.6961201571222
8187,c,13.369418807872481,15.78013172021134
8188,c,147.6961201571222,147.6961201571222
8189,c,24.96801504637365,29.47401184742908
8190,t,147.6961201571222,147.6961201571222
8191,c,36.83022168107153,44.56334775103212
8192,c,147.6961201571222,147.6961201571222
8193,t,147.6961201571222,147.6961201571222
8194,c,8.630429331522983,8.69283594655498
8195,c,147.6961201571222,147.6961201571222
8196,c,147.6961201571222,147.6961201571222
8197,t,147.6961201571222,147.6961201571222
8198,c,147.6961201571222,147.6961201571222
8199,t,147.6961201571222,147.6961201571222
8200,na,-1,0
8201,c,147.6961201571222,147.6961201571222
8202,c,28.636521338356967,28.69161383345658
8203,c,147.6961201571222,147.6961201571222
8204,c,147.6961201571222,147.6961201571222
8205,c,66.6704040290351,71.5273263241146
8206,c,147.6961201571222,147.6961201571222
8207,c,147.6961201571222,147.6961201571222
8208,c,27.77658685590636,28.946525465661686
8209,c,147.6961201571222,147.6961201571222
8210,c,10.40678234498421,147.6961201571222
8211,c,147.6961201571222,147.6961201571222
8212,c,147.6961201571222,147.6961201571222
8213,c,147.6961201571222,147.6961201571222
8214,c,147.6961201571222,147.6961201571222
8215,t,147.6961201571222,147.6961201571222
8216,c,69.18064958733298,89.0457577945361
8217,c,147.6961201571222,147.6961201571222
8218,c,65.80758566177252,77.90965791697744
8219,t,147.6961201571222,147.6961201571222
8220,t,147.6961201571222,147.6961201571222
8221,c,147.6961201571222,147.6961201571222
8222,c,11.698571511030567,23.823986993142704
8223,c,11.823239051256955,11.969312307226948
8224,na,0,3.149691856175684
8225,c,17.75457742134946,25.5707026730225
8226,c,32.40166992700546,147.6961201571222
8227,c,147.6961201571222,147.6961201571222
8228,t,147.6961201571222,147.6961201571222
8229,c,147.6961201571222,147.6961201571222
8230,c,147.6961201571222,147.6961201571222
8231,c,13.340481799137951,28.50504937192299
8232,c,21.42993450845843,22.349412459599083
8233,t,147.6961201571222,147.6961201571222
8234,c,147.6961201571222,147.6961201571222
8235,c,13.919469350559083,19.14476606574111
8236,c,27.936493174939077,42.937732772473495
8237,t,147.6961201571222,147.6961201571222
8238,c,147.6961201571222,147.6961201571222
8239,c,32.95294173701069,147.6961201571222
8240,c,147.6961201571222,147.6961201571222
8241,c,147.6961201571222,147.6961201571222
8242,t,147.6961201571222,147.6961201571222
8243,t,147.6961201571222,147.6961201571222
8244,c,67.43581900344897,68.89650888921217
8245,t,147.6961201571222,147.6961201571222
8246,c,147.6961201571222,147.6961201571222
8247,c,97.86081105750978,117.29117025064791
8248,c,37.34289267589847,37.67347764831565
8249,c,147.6961201571222,147.6961201571222
8250,c,65.8101871939752,73.14816116856358
8251,t,147.6961201571222,147.6961201571222
8252,t,147.6961201571222,147.6961201571222
8253,c,147.6961201571222,147.6961201571222
8254,c,147.6961201571222,147.6961201571222
8255,t,147.6961201571222,147.6961201571222
8256,c,9.464890245474956,10.644570776236106
8257,c,31.903362485824513,32.988671612496205
8258,c,54.75716722622444,57.76167340934253
8259,c,147.6961201571222,147.6961201571222
8260,c,16.75015884364394,18.838270090662903
8261,c,147.6961201571222,147.6961201571222
8262,c,30.178536577481623,147.6961201571222
8263,c,5.768561208249516,8.790404332838888
8264,c,24.542692888647334,24.824789265752404
8265,c,18.80421751221884,20.177005700570266
8266,c,20.162702761808113,22.48501128544744
8267,t,147.6961201571222,147.6961201571222
8268,c,34.025546945741006,54.91761328339736
8269,t,147.6961201571222,147.6961201571222
8270,c,37.60484155952103,59.947181308142824
8271,c,77.61597948134951,147.6961201571222
8272,c,147.6961201571222,147.6961201571222
8273,c,31.29648599449402,32.34738694095193
8274,c,15.5946015321915,21.545693442522456
8275,c,11.087288838367632,14.06768427939281
8276,c,40.7445605218226,147.6961201571222
8277,t,147.6961201571222,147.6961201571222
8278,c,147.6961201571222,147.6961201571222
8279,t,147.6961201571222,147.6961201571222
8280,t,147.6961201571222,147.6961201571222
8281,c,147.6961201571222,147.6961201571222
8282,c,147.6961201571222,147.6961201571222
8283,c,8.172150938642583,11.11104105883635
8284,c,147.6961201571222,147.6961201571222
8285,c,147.6961201571222,147.6961201571222
8286,c,147.6961201571222,147.6961201571222
8287,c,147.6961201571222,147.6961201571222
8288,c,147.6961201571222,147.6961201571222
8289,c,24.090249402201803,28.475897207099656
8290,c,147.6961201571222,147.6961201571222
8291,t,147.6961201571222,147.6961201571222
8292,c,147.6961201571222,147.6961201571222
8293,t,147.6961201571222,147.6961201571222
8294,c,16.910137987648415,20.0978035294815
8295,c,28.765837919090007,37.06511395593517
8296,t,147.6961201571222,147.6961201571222
8297,c,18.42786649482499,18.95411260401389
8298,c,147.6961201571222,147.6961201571222
8299,c,147.6961201571222,147.6961201571222
8300,c,35.37562338375793,37.65380829448579
8301,c,147.6961201571222,147.6961201571222
8302,c,147.6961201571222,147.6961201571222
8303,na,-1,0
8304,c,147.6961201571222,147.6961201571222
8305,c,23.408594068838934,26.813543579825463
8306,t,147.6961201571222,147.6961201571222
8307,c,147.6961201571222,147.6961201571222
8308,c,147.6961201571222,147.6961201571222
8309,c,50.79948070413725,61.55782131316353
8310,c,31.461648386906713,147.6961201571222
8311,t,147.6961201571222,147.6961201571222
8312,t,147.6961201571222,147.6961201571222
8313,t,147.6961201571222,147.6961201571222
8314,c,147.6961201571222,147.6961201571222
8315,c,147.6961201571222,147.6961201571222
8316,c,147.6961201571222,147.6961201571222
8317,t,147.6961201571222,147.6961201571222
8318,c,22.242312879188148,23.738440349281372
8319,c,147.6961201571222,147.6961201571222
8320,c,10.210917566857475,19.081139061026512
8321,c,18.421089381372095,20.082934056599825
8322,t,147.6961201571222,147.6961201571222
8323,c,36.830060113091164,47.52540160856819
8324,c,83.62777094403795,84.80839293343725
8325,c,147.6961201571222,147.6961201571222
8326,c,147.6961201571222,147.6961201571222
8327,c,147.6961201571222,147.6961201571222
8328,c,23.76096067721838,34.01816866952181
8329,c,52.17213548374975,56.830257529743115
8330,c,147.6961201571222,147.6961201571222
8331,c,59.96504277336901,61.29471834362344
8332,t,147.6961201571222,147.6961201571222
8333,c,17.335421314024753,19.339383259401966
8334,c,147.6961201571222,147.6961201571222
8335,c,35.55349423452588,41.817427591816866
8336,t,147.6961201571222,147.6961201571222
8337,c,147.6961201571222,147.6961201571222
8338,c,147.6961201571222,147.6961201571222
8339,c,147.6961201571222,147.6961201571222
8340,c,14.764578754970604,19.38708656336304
8341,t,147.6961201571222,147.6961201571222
8342,c,147.6961201571222,147.6961201571222
8343,t,147.6961201571222,147.6961201571222
8344,t,147.6961201571222,147.6961201571222
8345,c,26.068618192359992,26.525066041459596
8346,c,17.512213473997438,21.224719856948106
8347,c,147.6961201571222,147.6961201571222
8348,c,63.16516247898513,65.67810214837333
8349,c,48.95803090037996,57.50631108687319
8350,c,25.822330394406983,30.601404763986505
8351,c,32.093625358219825,147.6961201571222
8352,c,147.6961201571222,147.6961201571222
8353,c,55.286542830026875,58.68690675520078
8354,c,147.6961201571222,147.6961201571222
8355,c,147.6961201571222,147.6961201571222
8356,c,147.6961201571222,147.6961201571222
8357,c,18.87942267471961,19.825111488999866
8358,c,147.6961201571222,147.6961201571222
8359,c,147.6961201571222,147.6961201571222
8360,t,147.6961201571222,147.6961201571222
8361,c,147.6961201571222,147.6961201571222
8362,c,147.6961201571222,147.6961201571222
8363,t,147.6961201571222,147.6961201571222
8364,c,147.6961201571222,147.6961201571222
8365,c,147.6961201571222,147.6961201571222
8366,na,1.953460247751641,3.525487367891444
8367,t,147.6961201571222,147.6961201571222
8368,c,15.860532095758039,22.326585333020958
8369,c,4.142261470432958,4.961443552217318
8370,c,147.6961201571222,147.6961201571222
8371,c,147.6961201571222,147.6961201571222
8372,t,147.6961201571222,147.6961201571222
8373,c,147.6961201571222,147.6961201571222
8374,c,24.4524381316228,26.20120159487971
8375,c,147.6961201571222,147.6961201571222
8376,c,147.6961201571222,147.6961201571222
8377,c,147.6961201571222,147.6961201571222
8378,c,147.6961201571222,147.6961201571222
8379,c,147.6961201571222,147.6961201571222
8380,t,147.6961201571222,147.6961201571222
8381,c,18.155239041862142,22.11287954950197
8382,t,147.6961201571222,147.6961201571222
8383,c,147.6961201571222,147.6961201571222
8384,na,1.1886575832394217,5.072412018851057
8385,c,32.16518348836361,36.02931423197901
8386,c,30.484006550015014,32.26284573710541
8387,c,147.6961201571222,147.6961201571222
8388,c,147.6961201571222,147.6961201571222
8389,c,16.520455619840156,24.78396450820192
8390,c,15.715204046674117,18.958851822550173
8391,c,147.6961201571222,147.6961201571222
8392,c,13.479163220801114,23.49100565724452
8393,c,147.6961201571222,147.6961201571222
8394,c,147.6961201571222,147.6961201571222
8395,c,147.6961201571222,147.6961201571222
8396,c,32.57491327139843,49.197449697305174
8397,na,-1,0
8398,c,147.6961201571222,147.6961201571222
8399,c,16.555976616693155,17.659216595220638
8400,c,147.6961201571222,147.6961201571222
8401,c,25.316307479028524,35.92851861378411
8402,c,17.80986952891472,25.596115265983848
8403,c,50.23213069503849,51.14203603786553
8404,c,147.6961201571222,147.6961201571222
8405,t,147.6961201571222,147.6961201571222
8406,c,147.6961201571222,147.6961201571222
8407,c,147.6961201571222,147.6961201571222
8408,c,19.29728850628339,23.33394558015958
8409,c,27.793772617216547,29.397388889182096
8410,c,26.92775369161182,30.28608502547035
8411,c,147.6961201571222,147.6961201571222
8412,na,-1,0
8413,t,147.6961201571222,147.6961201571222
8414,t,147.6961201571222,147.6961201571222
8415,c,147.6961201571222,147.6961201571222
8416,c,19.00874131168124,23.265788615605032
8417,c,147.6961201571222,147.6961201571222
8418,t,147.6961201571222,147.6961201571222
8419,c,16.19728509906661,20.593147253172507
8420,c,147.6961201571222,147.6961201571222
8421,c,147.6961201571222,147.6961201571222
8422,c,67.40766875422098,67.69356591316141
8423,c,48.32967906378662,48.746690369278404
8424,na,4.896719598649057,15.993276718568502
8425,c,22.03313399976479,25.250998775126767
8426,c,147.6961201571222,147.6961201571222
8427,c,147.6961201571222,147.6961201571222
8428,c,60.91716396928595,66.67865155700609
8429,c,35.12768927511784,39.94959432054762
8430,c,147.6961201571222,147.6961201571222
8431,c,18.585467094315206,22.55411626871449
8432,na,27.859909880866518,31.599974364547588
8433,c,17.660346630705398,147.6961201571222
8434,c,147.6961201571222,147.6961201571222
8435,c,22.30931169895424,23.345511968028486
8436,na,-1,0
8437,t,147.6961201571222,147.6961201571222
8438,c,147.6961201571222,147.6961201571222
8439,c,7.945565526126833,147.6961201571222
8440,c,147.6961201571222,147.6961201571222
8441,c,55.06488516138749,60.74545430507133
8442,c,147.6961201571222,147.6961201571222
8443,c,147.6961201571222,147.6961201571222
8444,c,49.600435633263594,50.3088030702865
8445,c,147.6961201571222,147.6961201571222
8446,t,147.6961201571222,147.6961201571222
8447,c,19.83176626513333,21.53239074857406
8448,t,147.6961201571222,147.6961201571222
8449,c,147.6961201571222,147.6961201571222
8450,t,147.6961201571222,147.6961201571222
8451,c,12.457531365816376,14.329207280967022
8452,c,147.6961201571222,147.6961201571222
8453,na,0,1.74157179576542
8454,t,147.6961201571222,147.6961201571222
8455,c,18.2753910643031,27.358296289889424
8456,t,147.6961201571222,147.6961201571222
8457,c,41.03697006331811,47.01918823457026
8458,c,147.6961201571222,147.6961201571222
8459,c,147.6961201571222,147.6961201571222
8460,c,22.28118137394386,22.687039057344226
8461,t,147.6961201571222,147.6961201571222
8462,t,147.6961201571222,147.6961201571222
8463,c,147.6961201571222,147.6961201571222
8464,c,147.6961201571222,147.6961201571222
8465,c,147.6961201571222,147.6961201571222
8466,c,147.6961201571222,147.6961201571222
8467,c,147.6961201571222,147.6961201571222
8468,t,147.6961201571222,147.6961201571222
8469,t,147.6961201571222,147.6961201571222
8470,c,147.6961201571222,147.6961201571222
8471,c,147.6961201571222,147.6961201571222
8472,c,147.6961201571222,147.6961201571222
8473,c,147.6961201571222,147.6961201571222
8474,c,147.6961201571222,147.6961201571222
8475,c,33.6206089226615,35.238399239893326
8476,c,147.6961201571222,147.6961201571222
8477,t,147.6961201571222,147.6961201571222
8478,c,147.6961201571222,147.6961201571222
8479,c,21.442917053893908,33.455182297097245
8480,c,14.866835318634182,17.181293287267472
8481,c,147.6961201571222,147.6961201571222
8482,t,147.6961201571222,147.6961201571222
8483,c,147.6961201571222,147.6961201571222
8484,c,4.979732157093449,147.6961201571222
8485,c,147.6961201571222,147.6961201571222
8486,t,147.6961201571222,147.6961201571222
8487,c,19.480959054467878,20.42524803466252
8488,c,147.6961201571222,147.6961201571222
8489,c,147.6961201571222,147.6961201571222
8490,c,12.71068144791823,14.65037991817362
8491,t,147.6961201571222,147.6961201571222
8492,c,128.83048173179733,139.13088682231987
8493,c,1.7374899551381753,147.6961201571222
8494,c,21.96590734193935,25.902787336195157
8495,t,147.6961201571222,147.6961201571222
8496,c,147.6961201571222,147.6961201571222
8497,t,147.6961201571222,147.6961201571222
8498,c,147.6961201571222,147.6961201571222
8499,c,147.6961201571222,147.6961201571222
8500,c,147.6961201571222,147.6961201571222
8501,c,147.6961201571222,147.6961201571222
8502,c,147.6961201571222,147.6961201571222
8503,c,50.52226271219653,50.88441402535652
8504,c,25.467442908827362,147.6961201571222
8505,c,25.40153179001765,26.25272261788668
8506,t,147.6961201571222,147.6961201571222
8507,t,147.6961201571222,147.6961201571222
8508,c,147.6961201571222,147.6961201571222
8509,t,147.6961201571222,147.6961201571222
8510,t,147.6961201571222,147.6961201571222
8511,c,147.6961201571222,147.6961201571222
8512,t,147.6961201571222,147.6961201571222
8513,c,147.6961201571222,147.6961201571222
8514,t,147.6961201571222,147.6961201571222
8515,c,147.6961201571222,147.6961201571222
8516,c,43.31204797752322,45.63592527309171
8517,c,147.6961201571222,147.6961201571222
8518,c,147.6961201571222,147.6961201571222
8519,c,39.8049853105423,42.087436617525725
8520,c,147.6961201571222,147.6961201571222
8521,c,147.6961201571222,147.6961201571222
8522,c,23.86854934437198,27.342097352137106
8523,c,60.51906819551364,147.6961201571222
8524,t,147.6961201571222,147.6961201571222
8525,c,47.481237811721215,52.38874924331596
8526,c,147.6961201571222,147.6961201571222
8527,c,29.62741885635407,30.48743924563672
8528,c,147.6961201571222,147.6961201571222
8529,c,7.148031040507126,7.264467871581525
8530,c,147.6961201571222,147.6961201571222
8531,c,147.6961201571222,147.6961201571222
8532,c,53.750698095867314,57.03583827438672
8533,c,50.215649063838505,50.623587712549664
8534,c,15.134523913627074,16.307072991502043
8535,c,59.47972343594831,60.285877014207486
8536,c,22.03437351998039,22.384021645201504
8537,c,36.79182847674416,49.90194601122379
8538,c,98.97198628622156,101.77307170519121
8539,c,147.6961201571222,147.6961201571222
8540,t,147.6961201571222,147.6961201571222
8541,c,147.6961201571222,147.6961201571222
8542,c,42.19199176661677,147.6961201571222
8543,c,147.6961201571222,147.6961201571222
8544,c,147.6961201571222,147.6961201571222
8545,c,13.751151016879092,18.669102222084785
8546,c,147.6961201571222,147.6961201571222
8547,c,60.761251211472654,89.4062240988756
8548,c,24.659789187927636,29.669616875131887
8549,na,-1,0
8550,c,147.6961201571222,147.6961201571222
8551,c,27.43237039498899,33.4663740498336
8552,c,147.6961201571222,147.6961201571222
8553,c,147.6961201571222,147.6961201571222
8554,c,44.634487587589284,45.63463468632728
8555,c,147.6961201571222,147.6961201571222
8556,c,147.6961201571222,147.6961201571222
8557,c,147.6961201571222,147.6961201571222
8558,c,15.534279193614626,22.595423965790733
8559,c,147.6961201571222,147.6961201571222
8560,c,18.004620394698684,18.499555439527644
8561,c,147.6961201571222,147.6961201571222
8562,c,147.6961201571222,147.6961201571222
8563,c,13.364387739951178,17.00817135817259
8564,c,37.61152431734774,147.6961201571222
8565,c,147.6961201571222,147.6961201571222
8566,c,147.6961201571222,147.6961201571222
8567,c,14.805811383066805,16.182546395480717
8568,c,147.6961201571222,147.6961201571222
8569,c,147.6961201571222,147.6961201571222
8570,c,147.6961201571222,147.6961201571222
8571,t,147.6961201571222,147.6961201571222
8572,c,147.6961201571222,147.6961201571222
8573,t,147.6961201571222,147.6961201571222
8574,c,147.6961201571222,147.6961201571222
8575,c,147.6961201571222,147.6961201571222
8576,c,147.6961201571222,147.6961201571222
8577,c,147.6961201571222,147.6961201571222
8578,c,147.6961201571222,147.6961201571222
8579,na,6.451385199254107,6.833015282928343
8580,c,26.687443900064466,27.484244143407313
8581,c,147.6961201571222,147.6961201571222
8582,c,147.6961201571222,147.6961201571222
8583,c,25.869982850650644,29.691327175375505
8584,c,32.03417882537957,33.146308704663724
8585,c,23.97350538486435,25.13747430483608
8586,c,23.16571025895219,26.352017714305386
8587,c,25.231404559173765,33.954628226698155
8588,c,19.98460328708976,32.044039275707284
8589,na,4.668101476409812,11.46760140025397
8590,t,147.6961201571222,147.6961201571222
8591,t,147.6961201571222,147.6961201571222
8592,c,9.148308429271191,9.850426746599814
8593,c,48.889196107339245,64.10243756147753
8594,c,147.6961201571222,147.6961201571222
8595,c,147.6961201571222,147.6961201571222
8596,t,147.6961201571222,147.6961201571222
8597,c,147.6961201571222,147.6961201571222
8598,t,147.6961201571222,147.6961201571222
8599,c,147.6961201571222,147.6961201571222
8600,c,23.62383678036567,23.99233872423812
8601,t,147.6961201571222,147.6961201571222
8602,c,67.9227607555239,73.86411372352265
8603,t,147.6961201571222,147.6961201571222
8604,c,147.6961201571222,147.6961201571222
8605,c,13.44525860870513,13.642076413846741
8606,c,147.6961201571222,147.6961201571222
8607,t,147.6961201571222,147.6961201571222
8608,t,147.6961201571222,147.6961201571222
8609,c,147.6961201571222,147.6961201571222
8610,c,30.021287953518794,30.249427653140568
8611,c,147.6961201571222,147.6961201571222
8612,c,5.8117592478243925,9.358225211095007
8613,c,147.6961201571222,147.6961201571222
8614,c,147.6961201571222,147.6961201571222
8615,c,38.39535511429556,41.74959675238358
8616,c,26.310823484447493,46.26061586344517
8617,c,56.79172675692305,58.03786703555911
8618,c,147.6961201571222,147.6961201571222
8619,c,30.945897784134917,30.99107529824899
8620,c,11.361854437115989,14.748946767440867
8621,c,51.45425690988041,53.270485288308784
8622,c,24.463537806892276,26.163419952884613
8623,c,23.042240577370098,29.915064287390294
8624,c,147.6961201571222,147.6961201571222
8625,t,147.6961201571222,147.6961201571222
8626,c,8.432271971892163,15.285339820754192
8627,t,147.6961201571222,147.6961201571222
8628,c,147.6961201571222,147.6961201571222
8629,c,147.6961201571222,147.6961201571222
8630,c,147.6961201571222,147.6961201571222
8631,t,147.6961201571222,147.6961201571222
8632,c,83.62970771341989,92.16065286525924
8633,c,147.6961201571222,147.6961201571222
8634,t,147.6961201571222,147.6961201571222
8635,c,147.6961201571222,147.6961201571222
8636,t,147.6961201571222,147.6961201571222
8637,c,27.482043671379675,29.899134974070883
8638,c,23.641037740483625,26.163261725638584
8639,t,147.6961201571222,147.6961201571222
8640,t,147.6961201571222,147.6961201571222
8641,t,147.6961201571222,147.6961201571222
8642,t,147.6961201571222,147.6961201571222
8643,c,147.6961201571222,147.6961201571222
8644,t,147.6961201571222,147.6961201571222
8645,c,30.849030258054544,32.50295350349575
8646,t,147.6961201571222,147.6961201571222
8647,t,147.6961201571222,147.6961201571222
8648,c,147.6961201571222,147.6961201571222
8649,c,147.6961201571222,147.6961201571222
8650,c,147.6961201571222,147.6961201571222
8651,t,147.6961201571222,147.6961201571222
8652,c,147.6961201571222,147.6961201571222
8653,c,32.967003521731414,41.594506959984294
8654,c,61.9689471987072,72.45820608023959
8655,t,147.6961201571222,147.6961201571222
8656,c,20.82439871534025,22.910420886551623
8657,c,147.6961201571222,147.6961201571222
8658,c,147.6961201571222,147.6961201571222
8659,c,23.52014652709642,147.6961201571222
8660,t,147.6961201571222,147.6961201571222
8661,c,147.6961201571222,147.6961201571222
8662,c,147.6961201571222,147.6961201571222
8663,c,147.6961201571222,147.6961201571222
8664,c,18.736278383941663,22.758700071426603
8665,c,9.243377030516312,12.69357332716499
8666,t,147.6961201571222,147.6961201571222
8667,c,147.6961201571222,147.6961201571222
8668,c,147.6961201571222,147.6961201571222
8669,c,147.6961201571222,147.6961201571222
8670,c,24.317533797158013,24.460234005106695
8671,t,147.6961201571222,147.6961201571222
8672,c,147.6961201571222,147.6961201571222
8673,c,147.6961201571222,147.6961201571222
8674,c,147.6961201571222,147.6961201571222
8675,c,23.082649610314608,30.14937776097859
8676,c,16.877309293378843,17.34730423557551
8677,c,10.55435070367653,19.883557187195972
8678,c,30.544063574593455,32.432446517125925
8679,c,147.6961201571222,147.6961201571222
8680,c,147.6961201571222,147.6961201571222
8681,c,18.44942047429923,22.6634207460415
8682,c,147.6961201571222,147.6961201571222
8683,c,147.6961201571222,147.6961201571222
8684,c,11.147162306767374,147.6961201571222
8685,t,147.6961201571222,147.6961201571222
8686,c,23.820152276281743,26.206843598299915
8687,c,147.6961201571222,147.6961201571222
8688,c,147.6961201571222,147.6961201571222
8689,c,6.913992769022665,147.6961201571222
8690,c,28.211881142547522,29.060426961484843
8691,c,147.6961201571222,147.6961201571222
8692,c,18.803466842062207,23.78441821240923
8693,t,147.6961201571222,147.6961201571222
8694,c,18.87855905988259,19.133754522829946
8695,c,147.6961201571222,147.6961201571222
8696,t,147.6961201571222,147.6961201571222
8697,c,8.705860436001117,11.827198415191535
8698,c,147.6961201571222,147.6961201571222
8699,c,28.211709156007917,34.600221893448015
8700,c,29.788291446160727,34.59046530376518
8701,c,147.6961201571222,147.6961201571222
8702,c,147.6961201571222,147.6961201571222
8703,t,147.6961201571222,147.6961201571222
8704,t,147.6961201571222,147.6961201571222
8705,t,147.6961201571222,147.6961201571222
8706,c,8.39492164415924,13.934621392145662
8707,c,147.6961201571222,147.6961201571222
8708,c,17.123146890772617,19.05565354922477
8709,c,22.24948326370242,36.01631671313207
8710,c,147.6961201571222,147.6961201571222
8711,t,147.6961201571222,147.6961201571222
8712,c,147.6961201571222,147.6961201571222
8713,c,29.279319976696357,44.12092904410271
8714,c,4.7167053702409385,11.47196209099327
8715,na,-1,0
8716,c,147.6961201571222,147.6961201571222
8717,c,147.6961201571222,147.6961201571222
8718,t,147.6961201571222,147.6961201571222
8719,c,147.6961201571222,147.6961201571222
8720,c,147.6961201571222,147.6961201571222
8721,c,147.6961201571222,147.6961201571222
8722,c,13.736230225915193,15.780374343572001
8723,c,35.56920393572207,48.51583260321778
8724,c,8.80218607860919,40.30963063826589
8725,c,147.6961201571222,147.6961201571222
8726,c,26.143243766204634,30.735567137820077
8727,c,147.6961201571222,147.6961201571222
8728,c,147.6961201571222,147.6961201571222
8729,c,21.28606205117787,26.084706912772777
8730,c,147.6961201571222,147.6961201571222
8731,c,147.6961201571222,147.6961201571222
8732,c,29.280521680103593,35.800006219280284
8733,c,27.64756873674925,33.47769393782408
8734,c,147.6961201571222,147.6961201571222
8735,c,147.6961201571222,147.6961201571222
8736,c,25.589744197057456,42.77895557700366
8737,t,147.6961201571222,147.6961201571222
8738,c,147.6961201571222,147.6961201571222
8739,c,53.140884209319076,56.37289333936751
8740,c,147.6961201571222,147.6961201571222
8741,c,147.6961201571222,147.6961201571222
8742,c,54.77659928207557,73.82902840763107
8743,c,45.22745206489438,45.58012783914914
8744,t,147.6961201571222,147.6961201571222
8745,c,10.057715605768163,14.234020707151918
8746,t,147.6961201571222,147.6961201571222
8747,c,147.6961201571222,147.6961201571222
8748,c,147.6961201571222,147.6961201571222
8749,c,147.6961201571222,147.6961201571222
8750,c,29.545138753840593,31.19971759166847
8751,c,147.6961201571222,147.6961201571222
8752,t,147.6961201571222,147.6961201571222
8753,c,147.6961201571222,147.6961201571222
8754,c,8.358985900122368,14.489836925519764
8755,c,147.6961201571222,147.6961201571222
8756,c,147.6961201571222,147.6961201571222
8757,c,22.20648631083809,24.736438086616392
8758,c,34.781194801635486,44.23330987755968
8759,t,147.6961201571222,147.6961201571222
8760,c,18.384469828972538,18.511379815868857
8761,c,147.6961201571222,147.6961201571222
8762,c,14.007756585598656,17.460780315535168
8763,t,147.6961201571222,147.6961201571222
8764,c,147.6961201571222,147.6961201571222
8765,c,147.6961201571222,147.6961201571222
8766,c,147.6961201571222,147.6961201571222
8767,c,35.269030987144085,39.72418766248617
8768,c,26.7684961746307,28.566561129174374
8769,c,40.10094981531493,42.689969633219455
8770,c,26.518986180448838,27.020668410929126
8771,c,147.6961201571222,147.6961201571222
8772,c,147.6961201571222,147.6961201571222
8773,c,147.6961201571222,147.6961201571222
8774,c,21.59574301756681,24.993514960701372
8775,t,147.6961201571222,147.6961201571222
8776,c,147.6961201571222,147.6961201571222
8777,t,147.6961201571222,147.6961201571222
8778,c,147.6961201571222,147.6961201571222
8779,c,8.195975551181897,10.91394700233607
8780,c,147.6961201571222,147.6961201571222
8781,t,147.6961201571222,147.6961201571222
8782,c,147.6961201571222,147.6961201571222
8783,c,49.094434976567165,49.546654849119335
8784,c,44.31168634399723,49.65030558550096
8785,c,21.713620373057896,21.81671572436589
8786,t,147.6961201571222,147.6961201571222
8787,t,147.6961201571222,147.6961201571222
8788,c,52.984571003067984,53.75107569779169
8789,c,147.6961201571222,147.6961201571222
8790,c,12.401372541211927,14.488283000865476
8791,t,147.6961201571222,147.6961201571222
8792,c,44.661996343576696,47.44931557432481
8793,c,35.73310088672511,38.42409285482417
8794,c,24.059667792138338,26.56884194032663
8795,c,147.6961201571222,147.6961201571222
8796,c,42.6527371536635,44.02842367836036
8797,c,147.6961201571222,147.6961201571222
8798,c,147.6961201571222,147.6961201571222
8799,c,27.889264693767565,147.6961201571222
8800,c,147.6961201571222,147.6961201571222
8801,t,147.6961201571222,147.6961201571222
8802,c,147.6961201571222,147.6961201571222
8803,c,147.6961201571222,147.6961201571222
8804,na,0,7.645113310277955
8805,c,21.561797562251325,22.059626746544414
8806,t,147.6961201571222,147.6961201571222
8807,c,147.6961201571222,147.6961201571222
8808,c,147.6961201571222,147.6961201571222
8809,c,3.2930748791889997,5.080428658419094
8810,t,147.6961201571222,147.6961201571222
8811,t,147.6961201571222,147.6961201571222
8812,c,147.6961201571222,147.6961201571222
8813,c,147.6961201571222,147.6961201571222
8814,c,147.6961201571222,147.6961201571222
8815,c,147.6961201571222,147.6961201571222
8816,c,147.6961201571222,147.6961201571222
8817,c,12.723798947854906,15.977081414327422
8818,c,41.30869718090446,47.62712535839626
8819,c,21.921485177065694,27.089096669122117
8820,t,147.6961201571222,147.6961201571222
8821,c,58.65838026906477,65.3245338864396
8822,c,147.6961201571222,147.6961201571222
8823,c,22.805526103401267,24.778038104434525
8824,c,20.079508330396266,21.594214677834742
8825,c,147.6961201571222,147.6961201571222
8826,c,147.6961201571222,147.6961201571222
8827,t,147.6961201571222,147.6961201571222
8828,c,147.6961201571222,147.6961201571222
8829,c,36.38616934979489,36.420182095401984
8830,t,147.6961201571222,147.6961201571222
8831,t,147.6961201571222,147.6961201571222
8832,c,147.6961201571222,147.6961201571222
8833,c,44.04933217280046,46.04165040860075
8834,c,147.6961201571222,147.6961201571222
8835,c,147.6961201571222,147.6961201571222
8836,c,35.72059996831072,40.17179675550637
8837,t,147.6961201571222,147.6961201571222
8838,c,147.6961201571222,147.6961201571222
8839,t,147.6961201571222,147.6961201571222
8840,c,147.6961201571222,147.6961201571222
8841,c,147.6961201571222,147.6961201571222
8842,c,13.083456626802526,16.11816070193001
8843,c,147.6961201571222,147.6961201571222
8844,c,147.6961201571222,147.6961201571222
8845,c,36.3785264712801,41.80998106254505
8846,t,147.6961201571222,147.6961201571222
8847,c,53.36467862749752,71.43255538141074
8848,c,10.350941183406583,12.408068748254317
8849,c,147.6961201571222,147.6961201571222
8850,c,147.6961201571222,147.6961201571222
8851,c,147.6961201571222,147.6961201571222
8852,c,33.89967693508349,35.79239099588181
8853,c,147.6961201571222,147.6961201571222
8854,c,147.6961201571222,147.6961201571222
8855,c,88.81162216097054,92.13362547764298
8856,c,38.233775937587836,51.585096011484055
8857,c,27.584677839010464,33.71059637937973
8858,c,147.6961201571222,147.6961201571222
8859,c,31.358685271056736,31.89260645357401
8860,c,29.356252013514137,31.123379717965665
8861,c,147.6961201571222,147.6961201571222
8862,t,147.6961201571222,147.6961201571222
8863,t,147.6961201571222,147.6961201571222
8864,c,147.6961201571222,147.6961201571222
8865,c,147.6961201571222,147.6961201571222
8866,c,15.211955604319822,18.203793381502464
8867,c,35.91631147611538,44.73312991322831
8868,c,147.6961201571222,147.6961201571222
8869,c,147.6961201571222,147.6961201571222
8870,c,9.785169701091103,12.229932721777104
8871,t,147.6961201571222,147.6961201571222
8872,c,8.783383172612375,9.229019494725247
8873,c,37.0350618537943,37.39458618683088
8874,t,147.6961201571222,147.6961201571222
8875,c,37.583436012109,44.8841702296825
8876,t,147.6961201571222,147.6961201571222
8877,c,27.922665831224844,147.6961201571222
8878,c,147.6961201571222,147.6961201571222
8879,c,147.6961201571222,147.6961201571222
8880,c,12.906094886614829,16.54941558579464
8881,t,147.6961201571222,147.6961201571222
8882,c,16.21290144006935,25.649070249546785
8883,c,147.6961201571222,147.6961201571222
8884,c,147.6961201571222,147.6961201571222
8885,c,147.6961201571222,147.6961201571222
8886,t,147.6961201571222,147.6961201571222
8887,c,147.6961201571222,147.6961201571222
8888,c,15.896894351060478,29.786837718017047
8889,c,51.07227900391651,51.536689030294674
8890,c,10.103915311740444,10.79115749125698
8891,c,33.84701399544076,35.436321705032285
8892,c,14.0593358345735,14.835509056629565
8893,c,147.6961201571222,147.6961201571222
8894,c,147.6961201571222,147.6961201571222
8895,c,25.61682143715846,30.426988679636903
8896,c,14.586662667527678,15.29998969832059
8897,c,25.15578434936139,27.76868782714325
8898,na,3.4595837535558505,16.095912943354172
8899,na,6.15218939950507,23.57462048683451
8900,c,147.6961201571222,147.6961201571222
8901,c,147.6961201571222,147.6961201571222
8902,c,147.6961201571222,147.6961201571222
8903,c,42.15493479840676,67.50869061064708
8904,c,147.6961201571222,147.6961201571222
8905,c,147.6961201571222,147.6961201571222
8906,t,147.6961201571222,147.6961201571222
8907,c,147.6961201571222,147.6961201571222
8908,c,147.6961201571222,147.6961201571222
8909,c,147.6961201571222,147.6961201571222
8910,c,34.5614299661214,43.710094418215064
8911,c,147.6961201571222,147.6961201571222
8912,c,147.6961201571222,147.6961201571222
8913,c,147.6961201571222,147.6961201571222
8914,c,35.601612304898524,41.96732024557505
8915,t,147.6961201571222,147.6961201571222
8916,c,41.01322307071028,51.39891476184415
8917,c,147.6961201571222,147.6961201571222
8918,t,147.6961201571222,147.6961201571222
8919,c,147.6961201571222,147.6961201571222
8920,c,147.6961201571222,147.6961201571222
8921,c,147.6961201571222,147.6961201571222
8922,c,30.25361926977747,32.083520423135
8923,c,15.794444350301953,17.755853170810234
8924,t,147.6961201571222,147.6961201571222
8925,c,43.0363538992681,53.57205376789012
8926,na,0,13.2294484235335
8927,c,147.6961201571222,147.6961201571222
8928,c,147.6961201571222,147.6961201571222
8929,c,147.6961201571222,147.6961201571222
8930,c,147.6961201571222,147.6961201571222
8931,c,65.24920565444124,74.28694511930068
8932,t,147.6961201571222,147.6961201571222
8933,c,147.6961201571222,147.6961201571222
8934,t,147.6961201571222,147.6961201571222
8935,c,20.8828458986305,22.684916543171997
8936,c,18.54926837928884,23.363671194246326
8937,t,147.6961201571222,147.6961201571222
8938,c,147.6961201571222,147.6961201571222
8939,c,147.6961201571222,147.6961201571222
8940,c,27.598872151988285,28.716763981441687
8941,c,147.6961201571222,147.6961201571222
8942,c,41.48022828519163,147.6961201571222
8943,c,60.01734262893379,61.427870691177205
8944,c,147.6961201571222,147.6961201571222
8945,c,147.6961201571222,147.6961201571222
8946,c,35.2908744096656,40.273493316534
8947,c,30.150745981729845,41.93933813947663
8948,t,147.6961201571222,147.6961201571222
8949,c,14.600782031056662,16.732980158775348
8950,c,147.6961201571222,147.6961201571222
8951,c,147.6961201571222,147.6961201571222
8952,c,147.6961201571222,147.6961201571222
8953,c,147.6961201571222,147.6961201571222
8954,c,147.6961201571222,147.6961201571222
8955,c,147.6961201571222,147.6961201571222
8956,c,147.6961201571222,147.6961201571222
8957,t,147.6961201571222,147.6961201571222
8958,c,147.6961201571222,147.6961201571222
8959,c,46.971012774889985,50.5377178805653
8960,c,147.6961201571222,147.6961201571222
8961,t,147.6961201571222,147.6961201571222
8962,c,52.344564176632275,54.817943937912254
8963,c,51.18081566859381,55.011214780290764
8964,c,23.01492982683668,23.283097678239063
8965,c,147.6961201571222,147.6961201571222
8966,c,147.6961201571222,147.6961201571222
8967,c,147.6961201571222,147.6961201571222
8968,c,147.6961201571222,147.6961201571222
8969,c,13.671498851424472,17.929771721202556
8970,t,147.6961201571222,147.6961201571222
8971,t,147.6961201571222,147.6961201571222
8972,t,147.6961201571222,147.6961201571222
8973,t,147.6961201571222,147.6961201571222
8974,c,147.6961201571222,147.6961201571222
8975,c,147.6961201571222,147.6961201571222
8976,c,35.23625417648968,37.30637439477775
8977,t,147.6961201571222,147.6961201571222
8978,c,26.14663461553083,147.6961201571222
8979,t,147.6961201571222,147.6961201571222
8980,c,147.6961201571222,147.6961201571222
8981,c,147.6961201571222,147.6961201571222
8982,c,147.6961201571222,147.6961201571222
8983,c,147.6961201571222,147.6961201571222
8984,c,27.43445651881997,31.351516349978034
8985,c,147.6961201571222,147.6961201571222
8986,t,147.6961201571222,147.6961201571222
8987,c,147.6961201571222,147.6961201571222
8988,c,147.6961201571222,147.6961201571222
8989,t,147.6961201571222,147.6961201571222
8990,t,147.6961201571222,147.6961201571222
8991,c,34.02997058199493,40.48027567332003
8992,t,147.6961201571222,147.6961201571222
8993,c,6.639660768780482,147.6961201571222
8994,t,147.6961201571222,147.6961201571222
8995,t,147.6961201571222,147.6961201571222
8996,c,29.00644330036167,30.02815526731205
8997,c,147.6961201571222,147.6961201571222
8998,c,8.446840491128258,10.726053502165895
8999,t,147.6961201571222,147.6961201571222
9000,c,147.6961201571222,147.6961201571222
9001,t,147.6961201571222,147.6961201571222
9002,c,31.014699086300755,31.516022110541698
9003,c,6.394134989464688,7.062178297368231
9004,c,23.7435518426296,25.806176886126888
9005,c,52.01903349698534,63.0121521801047
9006,c,147.6961201571222,147.6961201571222
9007,t,147.6961201571222,147.6961201571222
9008,c,44.00635897192762,56.667667628079975
9009,c,147.6961201571222,147.6961201571222
9010,c,35.513099266589684,41.53866139582272
9011,t,147.6961201571222,147.6961201571222
9012,c,45.74950293224656,47.063969289843
9013,c,147.6961201571222,147.6961201571222
9014,t,147.6961201571222,147.6961201571222
9015,c,147.6961201571222,147.6961201571222
9016,t,147.6961201571222,147.6961201571222
9017,c,12.269747951132949,13.042059156601981
9018,c,26.619732973662533,29.25461988523272
9019,c,147.6961201571222,147.6961201571222
9020,c,25.953406141021954,26.682810645686537
9021,c,17.57221285302841,17.728649177933455
9022,c,147.6961201571222,147.6961201571222
9023,c,49.355201468745875,54.52010029070679
9024,c,42.054900014001504,43.359684957699386
9025,c,147.6961201571222,147.6961201571222
9026,c,147.6961201571222,147.6961201571222
9027,c,147.6961201571222,147.6961201571222
9028,c,39.28240149167787,42.14885223495877
9029,t,147.6961201571222,147.6961201571222
9030,t,147.6961201571222,147.6961201571222
9031,c,147.6961201571222,147.6961201571222
9032,c,147.6961201571222,147.6961201571222
9033,c,53.82156035655523,55.139478238860306
9034,c,36.31378207130355,42.71576817320427
9035,c,147.6961201571222,147.6961201571222
9036,c,147.6961201571222,147.6961201571222
9037,c,147.6961201571222,147.6961201571222
9038,c,147.6961201571222,147.6961201571222
9039,c,147.6961201571222,147.6961201571222
9040,c,9.166423126691969,10.896395954607216
9041,t,147.6961201571222,147.6961201571222
9042,c,147.6961201571222,147.6961201571222
9043,c,32.26927020349348,35.68797772362511
9044,c,25.437367049763004,26.212826585997657
9045,c,147.6961201571222,147.6961201571222
9046,c,147.6961201571222,147.6961201571222
9047,c,1.1915129342496742,3.428274471905297
9048,c,147.6961201571222,147.6961201571222
9049,c,147.6961201571222,147.6961201571222
9050,c,30.82822825645946,35.82536645529825
9051,t,147.6961201571222,147.6961201571222
9052,c,147.6961201571222,147.6961201571222
9053,c,25.65922888971378,39.33718961182018
9054,c,147.6961201571222,147.6961201571222
9055,c,19.89420195715201,23.382684368345636
9056,t,147.6961201571222,147.6961201571222
9057,c,147.6961201571222,147.6961201571222
9058,c,147.6961201571222,147.6961201571222
9059,c,26.280670704506658,29.188409927774494
9060,t,147.6961201571222,147.6961201571222
9061,c,147.6961201571222,147.6961201571222
9062,c,147.6961201571222,147.6961201571222
9063,c,147.6961201571222,147.6961201571222
9064,na,2.9342951549241945,7.375172031232155
9065,t,147.6961201571222,147.6961201571222
9066,c,147.6961201571222,147.6961201571222
9067,c,147.6961201571222,147.6961201571222
9068,c,147.6961201571222,147.6961201571222
9069,c,43.00571336647918,46.97846744827652
9070,t,147.6961201571222,147.6961201571222
9071,t,147.6961201571222,147.6961201571222
9072,t,147.6961201571222,147.6961201571222
9073,c,147.6961201571222,147.6961201571222
9074,c,147.6961201571222,147.6961201571222
9075,na,-1,0
9076,c,22.18957255410092,22.78963251432917
9077,c,40.662542717669446,42.90302621198563
9078,c,45.3798438469955,147.6961201571222
9079,c,39.16784661504784,147.6961201571222
9080,c,41.893879932567025,44.84760423127171
9081,c,147.6961201571222,147.6961201571222
9082,c,33.57919433152016,147.6961201571222
9083,c,147.6961201571222,147.6961201571222
9084,c,33.02052666126381,35.19572719338978
9085,c,23.852801598355576,26.13870878520228
9086,c,147.6961201571222,147.6961201571222
9087,c,147.6961201571222,147.6961201571222
9088,c,147.6961201571222,147.6961201571222
9089,c,147.6961201571222,147.6961201571222
9090,c,35.34811097868099,36.46130118169328
9091,c,13.76955156845551,16.289382190273997
9092,c,22.94107322195938,27.67514107508471
9093,c,147.6961201571222,147.6961201571222
9094,c,147.6961201571222,147.6961201571222
9095,c,147.6961201571222,147.6961201571222
9096,c,147.6961201571222,147.6961201571222
9097,c,147.6961201571222,147.6961201571222
9098,c,16.59666167323321,21.08330989212518
9099,c,147.6961201571222,147.6961201571222
9100,c,147.6961201571222,147.6961201571222
9101,c,147.6961201571222,147.6961201571222
9102,c,147.6961201571222,147.6961201571222
9103,c,147.6961201571222,147.6961201571222
9104,c,31.648805683953398,33.91219417678496
9105,t,147.6961201571222,147.6961201571222
9106,c,19.586025312983036,22.58641977995392
9107,c,147.6961201571222,147.6961201571222
9108,c,28.516568088711814,40.93993533441577
9109,t,147.6961201571222,147.6961201571222
9110,c,147.6961201571222,147.6961201571222
9111,c,147.6961201571222,147.6961201571222
9112,t,147.6961201571222,147.6961201571222
9113,c,25.397707282100473,25.65098639873478
9114,c,12.1065332864334,24.065021890881614
9115,c,43.07180786189443,45.0649435392514
9116,t,147.6961201571222,147.6961201571222
9117,t,147.6961201571222,147.6961201571222
9118,c,147.6961201571222,147.6961201571222
9119,t,147.6961201571222,147.6961201571222
9120,t,147.6961201571222,147.6961201571222
9121,c,77.19619571486528,82.55186537825956
9122,c,147.6961201571222,147.6961201571222
9123,c,147.6961201571222,147.6961201571222
9124,c,147.6961201571222,147.6961201571222
9125,c,147.6961201571222,147.6961201571222
9126,t,147.6961201571222,147.6961201571222
9127,c,147.6961201571222,147.6961201571222
9128,c,27.26328265191045,28.523241954383035
9129,c,147.6961201571222,147.6961201571222
9130,t,147.6961201571222,147.6961201571222
9131,c,147.6961201571222,147.6961201571222
9132,c,29.90469593495047,30.6912020741043
9133,c,38.487732433044044,39.896132392210475
9134,c,31.44442195942771,43.347209034040624
9135,c,37.34980795197399,41.12544459467787
9136,c,147.6961201571222,147.6961201571222
9137,c,147.6961201571222,147.6961201571222
9138,c,147.6961201571222,147.6961201571222
9139,c,42.131384891121904,42.71421084632031
9140,c,28.429345482742377,28.89589810361524
9141,t,147.6961201571222,147.6961201571222
9142,c,6.598309372279389,14.744730540530982
9143,c,147.6961201571222,147.6961201571222
9144,c,22.60484481963995,30.929534731450328
9145,c,50.55241669507246,147.6961201571222
9146,c,41.81211748833243,42.531120455803524
9147,c,147.6961201571222,147.6961201571222
9148,c,147.6961201571222,147.6961201571222
9149,c,14.92173134996049,22.383943441798262
9150,c,147.6961201571222,147.6961201571222
9151,c,147.6961201571222,147.6961201571222
9152,t,147.6961201571222,147.6961201571222
9153,c,147.6961201571222,147.6961201571222
9154,t,147.6961201571222,147.6961201571222
9155,c,147.6961201571222,147.6961201571222
9156,c,13.655588585125567,16.69937517330136
9157,c,59.40951340905588,61.21348531111504
9158,c,19.768482192512423,22.027542750330475
9159,c,147.6961201571222,147.6961201571222
9160,c,25.51519407001862,26.1409641755151
9161,c,42.28229482501931,42.599083779529714
9162,t,147.6961201571222,147.6961201571222
9163,t,147.6961201571222,147.6961201571222
9164,t,147.6961201571222,147.6961201571222
9165,c,147.6961201571222,147.6961201571222
9166,t,147.6961201571222,147.6961201571222
9167,c,147.6961201571222,147.6961201571222
9168,c,147.6961201571222,147.6961201571222
9169,c,17.42568447318643,21.585301851932055
9170,c,147.6961201571222,147.6961201571222
9171,c,147.6961201571222,147.6961201571222
9172,c,26.715907361450032,27.379232056726202
9173,c,13.658536801336409,14.26965209162815
9174,c,147.6961201571222,147.6961201571222
9175,c,147.6961201571222,147.6961201571222
9176,c,25.58019890531539,27.330851010421696
9177,na,5.75853617787879,8.253891649965736
9178,c,34.265004412312734,34.80451605389447
9179,c,14.004616333646393,16.683404419892014
9180,c,147.6961201571222,147.6961201571222
9181,c,147.6961201571222,147.6961201571222
9182,c,53.47242845799115,53.92615728276254
9183,c,147.6961201571222,147.6961201571222
9184,c,147.6961201571222,147.6961201571222
9185,c,147.6961201571222,147.6961201571222
9186,t,147.6961201571222,147.6961201571222
9187,c,147.6961201571222,147.6961201571222
9188,c,25.31802561916878,25.926135291320385
9189,c,147.6961201571222,147.6961201571222
9190,c,147.6961201571222,147.6961201571222
9191,c,147.6961201571222,147.6961201571222
9192,t,147.6961201571222,147.6961201571222
9193,c,40.5177893277203,42.35707895815576
9194,c,147.6961201571222,147.6961201571222
9195,c,147.6961201571222,147.6961201571222
9196,c,91.42688158846755,93.07055302540827
9197,c,26.205682860994585,27.711122244250927
9198,c,47.90239042783792,48.50636189847253
9199,c,147.6961201571222,147.6961201571222
9200,na,4.044438358393376,4.932739102662764
9201,c,147.6961201571222,147.6961201571222
9202,c,25.91278706634706,27.18857179183416
9203,c,147.6961201571222,147.6961201571222
9204,c,147.6961201571222,147.6961201571222
9205,c,147.6961201571222,147.6961201571222
9206,c,147.6961201571222,147.6961201571222
9207,c,147.6961201571222,147.6961201571222
9208,c,147.6961201571222,147.6961201571222
9209,t,147.6961201571222,147.6961201571222
9210,c,147.6961201571222,147.6961201571222
9211,t,147.6961201571222,147.6961201571222
9212,t,147.6961201571222,147.6961201571222
9213,c,147.6961201571222,147.6961201571222
9214,t,147.6961201571222,147.6961201571222
9215,t,147.6961201571222,147.6961201571222
9216,c,147.6961201571222,147.6961201571222
9217,t,147.6961201571222,147.6961201571222
9218,c,25.168340487564407,29.58301303992511
9219,na,0,0.09659398875540523
9220,c,13.736524231326014,147.6961201571222
9221,c,147.6961201571222,147.6961201571222
9222,na,3.8385408123382434,147.6961201571222
9223,c,147.6961201571222,147.6961201571222
9224,t,147.6961201571222,147.6961201571222
9225,c,147.6961201571222,147.6961201571222
9226,c,147.6961201571222,147.6961201571222
9227,c,147.6961201571222,147.6961201571222
9228,c,40.82869100250314,42.81926263992353
9229,t,147.6961201571222,147.6961201571222
9230,c,147.6961201571222,147.6961201571222
9231,c,147.6961201571222,147.6961201571222
9232,c,23.426976790339797,28.651887758163593
9233,t,147.6961201571222,147.6961201571222
9234,c,147.6961201571222,147.6961201571222
9235,c,53.12239424423931,58.24716901797073
9236,c,147.6961201571222,147.6961201571222
9237,c,67.11888807015706,77.20996191815411
9238,c,147.6961201571222,147.6961201571222
9239,c,147.6961201571222,147.6961201571222
9240,c,8.881685041149831,9.323377215980905
9241,c,147.6961201571222,147.6961201571222
9242,t,147.6961201571222,147.6961201571222
9243,c,147.6961201571222,147.6961201571222
9244,t,147.6961201571222,147.6961201571222
9245,c,147.6961201571222,147.6961201571222
9246,c,60.24235719592615,61.994996917868576
9247,c,38.26967581378332,147.6961201571222
9248,t,147.6961201571222,147.6961201571222
9249,c,147.6961201571222,147.6961201571222
9250,t,147.6961201571222,147.6961201571222
9251,t,147.6961201571222,147.6961201571222
9252,c,147.6961201571222,147.6961201571222
9253,t,147.6961201571222,147.6961201571222
9254,c,147.6961201571222,147.6961201571222
9255,c,147.6961201571222,147.6961201571222
9256,c,35.07900781493037,38.17603015130869
9257,c,147.6961201571222,147.6961201571222
9258,c,48.721284226733154,49.13177323109922
9259,c,21.806127359235884,22.474018241108674
9260,c,147.6961201571222,147.6961201571222
9261,c,38.867152002527895,39.37885203055558
9262,c,10.10872703643767,27.855181513536124
9263,c,147.6961201571222,147.6961201571222
9264,c,147.6961201571222,147.6961201571222
9265,c,35.639583315356674,42.18611434350214
9266,c,147.6961201571222,147.6961201571222
9267,c,147.6961201571222,147.6961201571222
9268,c,24.177094044010012,29.71838982443142
9269,c,27.877054493107718,30.70060548643931
9270,t,147.6961201571222,147.6961201571222
9271,t,147.6961201571222,147.6961201571222
9272,c,147.6961201571222,147.6961201571222
9273,c,147.6961201571222,147.6961201571222
9274,t,147.6961201571222,147.6961201571222
9275,c,147.6961201571222,147.6961201571222
9276,c,12.747004508937609,15.076312975942372
9277,c,25.338106803476244,25.702977648456336
9278,c,13.074567936007993,23.05295464215776
9279,c,25.720511901426782,26.977598184311322
9280,c,6.022376430077745,11.040380948664293
9281,c,23.819040611985432,27.717323073221706
9282,t,147.6961201571222,147.6961201571222
9283,c,147.6961201571222,147.6961201571222
9284,c,73.7544060964247,88.44571503998719
9285,c,50.23954205856085,50.79564695077827
9286,t,147.6961201571222,147.6961201571222
9287,c,147.6961201571222,147.6961201571222
9288,c,147.6961201571222,147.6961201571222
9289,c,147.6961201571222,147.6961201571222
9290,c,19.8497138760281,19.96748361792648
9291,c,18.792633064208836,147.6961201571222
9292,c,147.6961201571222,147.6961201571222
9293,c,147.6961201571222,147.6961201571222
9294,c,17.493570182674578,23.560423116362276
9295,c,32.80731947883549,34.5051873762533
9296,c,147.6961201571222,147.6961201571222
9297,c,147.6961201571222,147.6961201571222
9298,c,22.928380917390104,35.38511703387197
9299,c,147.6961201571222,147.6961201571222
9300,c,37.47517340130615,40.79325068647483
9301,c,5.4256617464070755,13.272371989044947
9302,c,147.6961201571222,147.6961201571222
9303,c,147.6961201571222,147.6961201571222
9304,c,147.6961201571222,147.6961201571222
9305,c,26.601637703776063,27.766797188663258
9306,c,52.28513538401856,147.6961201571222
9307,t,147.6961201571222,147.6961201571222
9308,c,147.6961201571222,147.6961201571222
9309,na,-1,0
9310,t,147.6961201571222,147.6961201571222
9311,c,147.6961201571222,147.6961201571222
9312,c,147.6961201571222,147.6961201571222
9313,c,30.15435769228349,34.09454339525457
9314,c,46.52872577493132,51.048434663415605
9315,c,147.6961201571222,147.6961201571222
9316,c,147.6961201571222,147.6961201571222
9317,c,20.311540487752847,20.46538459779023
9318,c,36.646537231108006,50.95390181690031
9319,c,47.58333953830338,49.0799086195805
9320,c,147.6961201571222,147.6961201571222
9321,c,147.6961201571222,147.6961201571222
9322,c,147.6961201571222,147.6961201571222
9323,c,147.6961201571222,147.6961201571222
9324,c,147.6961201571222,147.6961201571222
9325,c,147.6961201571222,147.6961201571222
9326,c,147.6961201571222,147.6961201571222
9327,c,147.6961201571222,147.6961201571222
9328,c,51.225897856242575,52.45083046047058
9329,c,147.6961201571222,147.6961201571222
9330,c,37.80831392318548,52.0493597865977
9331,c,147.6961201571222,147.6961201571222
9332,c,35.417544609791044,36.108296109639795
9333,c,35.31900000430949,40.12923264046697
9334,c,147.6961201571222,147.6961201571222
9335,c,147.6961201571222,147.6961201571222
9336,c,147.6961201571222,147.6961201571222
9337,c,33.75352415575993,38.8745028527517
9338,c,147.6961201571222,147.6961201571222
9339,c,147.6961201571222,147.6961201571222
9340,c,2.2407057285079235,2.351897542993834
9341,t,147.6961201571222,147.6961201571222
9342,c,1.9543748020086535,14.115648825584225
9343,c,147.6961201571222,147.6961201571222
9344,c,25.837536876882904,28.579853248673064
9345,t,147.6961201571222,147.6961201571222
9346,c,39.14689976268344,39.365002235811
9347,c,25.012327326685245,27.454788331669278
9348,c,147.6961201571222,147.6961201571222
9349,c,147.6961201571222,147.6961201571222
9350,t,147.6961201571222,147.6961201571222
9351,c,21.412095789963413,22.089158384166144
9352,c,147.6961201571222,147.6961201571222
9353,c,52.79105520471852,60.01925201838852
9354,c,11.948805289254555,15.23675993955582
9355,t,147.6961201571222,147.6961201571222
9356,c,32.84634696208016,47.552603542555715
9357,c,147.6961201571222,147.6961201571222
9358,c,147.6961201571222,147.6961201571222
9359,c,147.6961201571222,147.6961201571222
9360,c,147.6961201571222,147.6961201571222
9361,c,147.6961201571222,147.6961201571222
9362,c,46.53487596611619,47.54663407191176
9363,c,147.6961201571222,147.6961201571222
9364,c,35.062331335346975,41.62555288037198
9365,c,29.905388386271152,32.43578183865611
9366,t,147.6961201571222,147.6961201571222
9367,c,147.6961201571222,147.6961201571222
9368,c,147.6961201571222,147.6961201571222
9369,c,147.6961201571222,147.6961201571222
9370,c,147.6961201571222,147.6961201571222
9371,c,147.6961201571222,147.6961201571222
9372,c,147.6961201571222,147.6961201571222
9373,c,147.6961201571222,147.6961201571222
9374,c,147.6961201571222,147.6961201571222
9375,t,147.6961201571222,147.6961201571222
9376,c,35.117648448609046,36.36221100118917
9377,c,147.6961201571222,147.6961201571222
9378,c,46.309985799603716,59.44521017003861
9379,c,147.6961201571222,147.6961201571222
9380,c,26.628916191302235,27.771500550912947
9381,t,147.6961201571222,147.6961201571222
9382,t,147.6961201571222,147.6961201571222
9383,c,10.662242542438161,10.746939111832539
9384,c,147.6961201571222,147.6961201571222
9385,c,147.6961201571222,147.6961201571222
9386,t,147.6961201571222,147.6961201571222
9387,c,147.6961201571222,147.6961201571222
9388,c,147.6961201571222,147.6961201571222
9389,c,147.6961201571222,147.6961201571222
9390,c,38.30050458594148,43.035663729842305
9391,c,147.6961201571222,147.6961201571222
9392,c,8.780584542501005,10.982866008122791
9393,c,147.6961201571222,147.6961201571222
9394,c,147.6961201571222,147.6961201571222
9395,c,147.6961201571222,147.6961201571222
9396,c,7.119901612018551,9.831805248912497
9397,c,60.501112516095425,61.70661235216086
9398,c,147.6961201571222,147.6961201571222
9399,c,31.33548438680344,32.4795306327132
9400,t,147.6961201571222,147.6961201571222
9401,c,12.990743719397813,15.16862165656517
9402,c,53.26494117976666,60.39692595689426
9403,c,147.6961201571222,147.6961201571222
9404,c,147.6961201571222,147.6961201571222
9405,c,21.75965083094759,21.798578969315294
9406,na,0,0.6405511517491562
9407,c,147.6961201571222,147.6961201571222
9408,t,147.6961201571222,147.6961201571222
9409,c,147.6961201571222,147.6961201571222
9410,c,147.6961201571222,147.6961201571222
9411,c,147.6961201571222,147.6961201571222
9412,c,147.6961201571222,147.6961201571222
9413,c,147.6961201571222,147.6961201571222
9414,c,147.6961201571222,147.6961201571222
9415,c,147.6961201571222,147.6961201571222
9416,t,147.6961201571222,147.6961201571222
9417,c,49.566004168849105,51.15656960441155
9418,c,147.6961201571222,147.6961201571222
9419,c,16.77237870021368,22.077436217917175
9420,c,147.6961201571222,147.6961201571222
9421,c,41.22450095044507,44.19141136301327
9422,c,147.6961201571222,147.6961201571222
9423,c,36.89337592166592,40.02778050866676
9424,c,15.033247605178003,18.578748481230946
9425,c,30.17561131401806,32.4189752942836
9426,c,1.7892114645659796,11.835945667374649
9427,c,17.738986080029452,22.913333156301757
9428,c,147.6961201571222,147.6961201571222
9429,c,16.091996679142614,20.68729420625314
9430,c,33.324831688631114,39.42664200415111
9431,c,147.6961201571222,147.6961201571222
9432,c,30.02659593611944,34.29329879899042
9433,c,147.6961201571222,147.6961201571222
9434,c,36.98608287933874,38.44620046905879
9435,c,19.4148692888414,147.6961201571222
9436,c,147.6961201571222,147.6961201571222
9437,c,19.144409742030327,20.42023009014666
9438,c,147.6961201571222,147.6961201571222
9439,c,147.6961201571222,147.6961201571222
9440,c,35.64128811046714,40.208610719713484
9441,t,147.6961201571222,147.6961201571222
9442,t,147.6961201571222,147.6961201571222
9443,c,45.66543616057191,48.553937899070135
9444,c,52.235986951265446,52.70604524227749
9445,t,147.6961201571222,147.6961201571222
9446,t,147.6961201571222,147.6961201571222
9447,c,147.6961201571222,147.6961201571222
9448,c,147.6961201571222,147.6961201571222
9449,t,147.6961201571222,147.6961201571222
9450,t,147.6961201571222,147.6961201571222
9451,c,72.64623086934436,89.23083458850627
9452,c,147.6961201571222,147.6961201571222
9453,c,50.00986510599022,55.33248575126329
9454,c,147.6961201571222,147.6961201571222
9455,c,147.6961201571222,147.6961201571222
9456,c,147.6961201571222,147.6961201571222
9457,c,147.6961201571222,147.6961201571222
9458,c,147.6961201571222,147.6961201571222
9459,c,147.6961201571222,147.6961201571222
9460,c,17.36823972731874,18.970511897962826
9461,t,147.6961201571222,147.6961201571222
9462,t,147.6961201571222,147.6961201571222
9463,c,47.89614494377206,57.00625832607346
9464,t,147.6961201571222,147.6961201571222
9465,t,147.6961201571222,147.6961201571222
9466,c,53.56428095522082,57.47576594803257
9467,t,147.6961201571222,147.6961201571222
9468,c,29.111676854724564,32.119063344191886
9469,t,147.6961201571222,147.6961201571222
9470,c,147.6961201571222,147.6961201571222
9471,c,6.7668527310098225,7.894913285698792
9472,c,15.827245253108579,16.212434139532213
9473,c,147.6961201571222,147.6961201571222
9474,c,147.6961201571222,147.6961201571222
9475,c,147.6961201571222,147.6961201571222
9476,c,147.6961201571222,147.6961201571222
9477,c,64.38684370147634,68.99243947285575
9478,c,147.6961201571222,147.6961201571222
9479,c,147.6961201571222,147.6961201571222
9480,c,147.6961201571222,147.6961201571222
9481,c,60.3117680372019,81.58201435734634
9482,c,49.732654813814555,54.52962459109585
9483,c,147.6961201571222,147.6961201571222
9484,c,147.6961201571222,147.6961201571222
9485,t,147.6961201571222,147.6961201571222
9486,c,147.6961201571222,147.6961201571222
9487,c,147.6961201571222,147.6961201571222
9488,c,147.6961201571222,147.6961201571222
9489,c,147.6961201571222,147.6961201571222
9490,t,147.6961201571222,147.6961201571222
9491,c,27.25947767566553,30.73906115839476
9492,c,147.6961201571222,147.6961201571222
9493,c,20.54677025439735,27.794103217200323
9494,c,147.6961201571222,147.6961201571222
9495,t,147.6961201571222,147.6961201571222
9496,c,22.27363058488661,24.06458205459309
9497,c,147.6961201571222,147.6961201571222
9498,c,147.6961201571222,147.6961201571222
9499,c,147.6961201571222,147.6961201571222
9500,c,147.6961201571222,147.6961201571222
9501,t,147.6961201571222,147.6961201571222
9502,t,147.6961201571222,147.6961201571222
9503,c,147.6961201571222,147.6961201571222
9504,t,147.6961201571222,147.6961201571222
9505,c,30.245664025334232,40.78445050796924
9506,c,147.6961201571222,147.6961201571222
9507,t,147.6961201571222,147.6961201571222
9508,c,27.616097599314347,30.685540979340853
9509,c,147.6961201571222,147.6961201571222
9510,c,147.6961201571222,147.6961201571222
9511,c,147.6961201571222,147.6961201571222
9512,c,15.50291628913583,26.518209101225683
9513,t,147.6961201571222,147.6961201571222
9514,na,-1,0
9515,c,44.74621527467571,45.300120839273525
9516,c,147.6961201571222,147.6961201571222
9517,c,147.6961201571222,147.6961201571222
9518,c,147.6961201571222,147.6961201571222
9519,t,147.6961201571222,147.6961201571222
9520,c,147.6961201571222,147.6961201571222
9521,c,40.93098243445862,42.01514952031445
9522,t,147.6961201571222,147.6961201571222
9523,c,147.6961201571222,147.6961201571222
9524,c,147.6961201571222,147.6961201571222
9525,c,20.04712920198334,23.985851063835824
9526,c,14.161393236066782,15.447886081390696
9527,c,147.6961201571222,147.6961201571222
9528,c,20.303995848123247,25.925474009374057
9529,t,147.6961201571222,147.6961201571222
9530,c,23.85889187051305,24.092731164585906
9531,t,147.6961201571222,147.6961201571222
9532,c,147.6961201571222,147.6961201571222
9533,c,147.6961201571222,147.6961201571222
9534,t,147.6961201571222,147.6961201571222
9535,c,43.28090451728589,50.112519743337934
9536,c,147.6961201571222,147.6961201571222
9537,c,147.6961201571222,147.6961201571222
9538,c,43.347421227544366,43.59549812755988
9539,c,71.90664248769002,82.55913448133015
9540,c,23.973756396010515,26.431905909835063
9541,t,147.6961201571222,147.6961201571222
9542,c,36.03742592248323,37.34384376148077
9543,c,44.260915964856196,147.6961201571222
9544,c,147.6961201571222,147.6961201571222
9545,t,147.6961201571222,147.6961201571222
9546,c,13.330563530879386,17.90109874776604
9547,c,147.6961201571222,147.6961201571222
9548,c,147.6961201571222,147.6961201571222
9549,c,147.6961201571222,147.6961201571222
9550,c,34.25468749133514,38.04527252755662
9551,c,47.03784704295453,47.204079750985464
9552,c,147.6961201571222,147.6961201571222
9553,c,41.225812846253724,50.11988154155568
9554,c,147.6961201571222,147.6961201571222
9555,na,0,0.9473943384596988
9556,c,43.543487054314134,147.6961201571222
9557,c,147.6961201571222,147.6961201571222
9558,c,39.290504683918584,39.83228147247145
9559,c,34.53679285156235,37.98590439771456
9560,t,147.6961201571222,147.6961201571222
9561,t,147.6961201571222,147.6961201571222
9562,c,147.6961201571222,147.6961201571222
9563,c,36.31832623295297,147.6961201571222
9564,c,147.6961201571222,147.6961201571222
9565,c,147.6961201571222,147.6961201571222
9566,c,63.346963208437465,64.22933093684186
9567,c,34.6001659088015,36.05233797792788
9568,c,147.6961201571222,147.6961201571222
9569,c,12.48182007656675,147.6961201571222
9570,c,147.6961201571222,147.6961201571222
9571,c,147.6961201571222,147.6961201571222
9572,c,147.6961201571222,147.6961201571222
9573,c,17.50384231711119,21.315751102628315
9574,c,147.6961201571222,147.6961201571222
9575,c,16.51560449245475,21.949709221953697
9576,c,45.00566564744438,46.78175984237626
9577,c,15.297828981043697,15.493161404037997
9578,t,147.6961201571222,147.6961201571222
9579,c,147.6961201571222,147.6961201571222
9580,t,147.6961201571222,147.6961201571222
9581,c,36.494217416300465,37.168628296964826
9582,t,147.6961201571222,147.6961201571222
9583,c,39.72187983839294,43.25090971799937
9584,t,147.6961201571222,147.6961201571222
9585,c,147.6961201571222,147.6961201571222
9586,c,147.6961201571222,147.6961201571222
9587,c,29.607674864502197,30.854942539466432
9588,c,147.6961201571222,147.6961201571222
9589,c,13.80730692237917,25.92089705792318
9590,na,0,2.122949437386673
9591,t,147.6961201571222,147.6961201571222
9592,t,147.6961201571222,147.6961201571222
9593,c,28.883820109893623,32.324552313365714
9594,c,53.71114713858599,60.00995275493533
9595,t,147.6961201571222,147.6961201571222
9596,c,12.132748936439624,14.481396666864523
9597,c,45.786893419435025,52.29248258629798
9598,c,147.6961201571222,147.6961201571222
9599,c,27.420265225242872,28.21892801303931
9600,c,147.6961201571222,147.6961201571222
9601,c,147.6961201571222,147.6961201571222
9602,t,147.6961201571222,147.6961201571222
9603,c,147.6961201571222,147.6961201571222
9604,c,52.836204651708535,54.05169883704369
9605,c,147.6961201571222,147.6961201571222
9606,c,33.34083740147034,33.59632999273648
9607,c,147.6961201571222,147.6961201571222
9608,c,147.6961201571222,147.6961201571222
9609,c,35.947111885011,37.713063825710584
9610,t,147.6961201571222,147.6961201571222
9611,t,147.6961201571222,147.6961201571222
9612,c,28.776223366289237,30.968784945345618
9613,c,147.6961201571222,147.6961201571222
9614,c,147.6961201571222,147.6961201571222
9615,c,147.6961201571222,147.6961201571222
9616,c,147.6961201571222,147.6961201571222
9617,c,35.36554918132607,37.97389401814898
9618,t,147.6961201571222,147.6961201571222
9619,c,147.6961201571222,147.6961201571222
9620,c,18.442273709931396,20.624328367339558
9621,c,23.676102041881062,25.884445750073162
9622,na,-1,0
9623,c,19.077665401004168,21.538100139623104
9624,t,147.6961201571222,147.6961201571222
9625,c,27.674574628740384,37.59642258403844
9626,c,147.6961201571222,147.6961201571222
9627,t,147.6961201571222,147.6961201571222
9628,c,10.335792324090722,12.883630281028925
9629,c,23.744494353671282,26.957146611392396
9630,t,147.6961201571222,147.6961201571222
9631,c,8.891536577036476,20.22672871791978
9632,c,5.779126625930592,7.4007512678755525
9633,c,27.409621337570282,33.31485751573468
9634,c,147.6961201571222,147.6961201571222
9635,c,51.69104936665229,53.744880455169714
9636,t,147.6961201571222,147.6961201571222
9637,c,147.6961201571222,147.6961201571222
9638,c,25.610976373516344,34.89320829288362
9639,c,147.6961201571222,147.6961201571222
9640,t,147.6961201571222,147.6961201571222
9641,c,147.6961201571222,147.6961201571222
9642,t,147.6961201571222,147.6961201571222
9643,c,147.6961201571222,147.6961201571222
9644,t,147.6961201571222,147.6961201571222
9645,c,147.6961201571222,147.6961201571222
9646,c,26.829148075052483,27.187126675232516
9647,t,147.6961201571222,147.6961201571222
9648,t,147.6961201571222,147.6961201571222
9649,c,27.562878954441192,29.44882753421337
9650,c,147.6961201571222,147.6961201571222
9651,c,147.6961201571222,147.6961201571222
9652,c,147.6961201571222,147.6961201571222
9653,t,147.6961201571222,147.6961201571222
9654,c,20.146317961055537,21.001463045771732
9655,t,147.6961201571222,147.6961201571222
9656,c,147.6961201571222,147.6961201571222
9657,t,147.6961201571222,147.6961201571222
9658,c,55.791026108662095,56.083648202993324
9659,c,147.6961201571222,147.6961201571222
9660,t,147.6961201571222,147.6961201571222
9661,c,29.904333417960846,30.821252995673525
9662,c,147.6961201571222,147.6961201571222
9663,t,147.6961201571222,147.6961201571222
9664,t,147.6961201571222,147.6961201571222
9665,t,147.6961201571222,147.6961201571222
9666,c,147.6961201571222,147.6961201571222
9667,t,147.6961201571222,147.6961201571222
9668,t,147.6961201571222,147.6961201571222
9669,c,147.6961201571222,147.6961201571222
9670,t,147.6961201571222,147.6961201571222
9671,c,147.6961201571222,147.6961201571222
9672,c,13.807529512192408,15.08421678219445
9673,t,147.6961201571222,147.6961201571222
9674,c,23.23538465739573,27.74045307676725
9675,c,147.6961201571222,147.6961201571222
9676,c,147.6961201571222,147.6961201571222
9677,t,147.6961201571222,147.6961201571222
9678,c,147.6961201571222,147.6961201571222
9679,c,147.6961201571222,147.6961201571222
9680,c,147.6961201571222,147.6961201571222
9681,t,147.6961201571222,147.6961201571222
9682,t,147.6961201571222,147.6961201571222
9683,c,31.883869620908502,36.953909625827826
9684,c,27.834915279072703,28.980796835727826
9685,t,147.6961201571222,147.6961201571222
9686,c,19.386944524870113,31.549225208156187
9687,c,147.6961201571222,147.6961201571222
9688,c,11.899586856334626,14.689767587670497
9689,c,147.6961201571222,147.6961201571222
9690,c,11.554939889538183,23.696721651550185
9691,c,18.47397823301315,18.63771855509624
9692,t,147.6961201571222,147.6961201571222
9693,c,36.83215773914845,147.6961201571222
9694,c,14.000217346404378,19.0844163351718
9695,c,99.26969523067312,99.39614615282237
9696,c,147.6961201571222,147.6961201571222
9697,t,147.6961201571222,147.6961201571222
9698,c,147.6961201571222,147.6961201571222
9699,c,17.785986753378396,24.004546815789766
9700,c,147.6961201571222,147.6961201571222
9701,c,147.6961201571222,147.6961201571222
9702,c,147.6961201571222,147.6961201571222
9703,t,147.6961201571222,147.6961201571222
9704,c,25.726797043934386,42.920548851200465
9705,c,147.6961201571222,147.6961201571222
9706,c,24.595251570344562,25.049613647103815
9707,c,31.28584333405012,35.846486400805546
9708,c,147.6961201571222,147.6961201571222
9709,c,46.61648841249269,49.10227667366036
9710,c,16.914153565436337,28.699787328201957
9711,c,6.171898491246447,7.650908873679858
9712,c,147.6961201571222,147.6961201571222
9713,na,2.249409590539123,7.65876522393004
9714,t,147.6961201571222,147.6961201571222
9715,c,147.6961201571222,147.6961201571222
9716,c,147.6961201571222,147.6961201571222
9717,c,147.6961201571222,147.6961201571222
9718,c,147.6961201571222,147.6961201571222
9719,t,147.6961201571222,147.6961201571222
9720,c,24.36182824500109,25.224501913149865
9721,c,147.6961201571222,147.6961201571222
9722,c,72.38576060690542,76.16096177805343
9723,c,38.402525625347984,38.79469571082882
9724,c,147.6961201571222,147.6961201571222
9725,c,147.6961201571222,147.6961201571222
9726,t,147.6961201571222,147.6961201571222
9727,c,17.470666404844845,20.662907368705724
9728,t,147.6961201571222,147.6961201571222
9729,t,147.6961201571222,147.6961201571222
9730,c,147.6961201571222,147.6961201571222
9731,t,147.6961201571222,147.6961201571222
9732,c,147.6961201571222,147.6961201571222
9733,t,147.6961201571222,147.6961201571222
9734,t,147.6961201571222,147.6961201571222
9735,c,21.140646939745405,21.523801066208062
9736,c,28.107119442376035,28.91441816467075
9737,c,67.5172201350753,75.05134400034466
9738,t,147.6961201571222,147.6961201571222
9739,c,24.761316830754748,24.996451995832942
9740,c,147.6961201571222,147.6961201571222
9741,c,26.114088451424134,26.178819935353893
9742,c,40.781000106936254,42.40018409264355
9743,t,147.6961201571222,147.6961201571222
9744,c,13.064153336601471,24.16256152982939
9745,t,147.6961201571222,147.6961201571222
9746,c,7.219271020853366,11.224841289982194
9747,c,64.05100175761393,65.82716052187304
9748,c,12.745440345318958,20.843272901153966
9749,t,147.6961201571222,147.6961201571222
9750,c,4.99606438076425,14.20477471541122
9751,c,14.30922251031377,15.562827977930166
9752,t,147.6961201571222,147.6961201571222
9753,t,147.6961201571222,147.6961201571222
9754,c,147.6961201571222,147.6961201571222
9755,c,41.2848631334559,42.29962457171722
9756,c,12.917704329419331,17.526871892764174
9757,t,147.6961201571222,147.6961201571222
9758,c,147.6961201571222,147.6961201571222
9759,c,43.20694280401894,53.99264564750944
9760,c,147.6961201571222,147.6961201571222
9761,c,147.6961201571222,147.6961201571222
9762,c,15.825255889629142,16.662746955279673
9763,c,147.6961201571222,147.6961201571222
9764,c,34.833751917830774,36.802397280500664
9765,c,24.62763702415435,37.11773136038679
9766,c,147.6961201571222,147.6961201571222
9767,na,0,1.2180910002936431
9768,c,16.524210172853895,17.655579378608415
9769,c,23.89351890915925,24.85136335844019
9770,c,147.6961201571222,147.6961201571222
9771,c,147.6961201571222,147.6961201571222
9772,c,147.6961201571222,147.6961201571222
9773,t,147.6961201571222,147.6961201571222
9774,c,31.90026262161725,33.12360290518019
9775,t,147.6961201571222,147.6961201571222
9776,t,147.6961201571222,147.6961201571222
9777,t,147.6961201571222,147.6961201571222
9778,c,147.6961201571222,147.6961201571222
9779,c,147.6961201571222,147.6961201571222
9780,c,147.6961201571222,147.6961201571222
9781,c,147.6961201571222,147.6961201571222
9782,c,23.841394770907428,23.95057919082097
9783,c,75.79371823809146,80.01321438179279
9784,c,147.6961201571222,147.6961201571222
9785,c,147.6961201571222,147.6961201571222
9786,c,147.6961201571222,147.6961201571222
9787,t,147.6961201571222,147.6961201571222
9788,c,147.6961201571222,147.6961201571222
9789,c,147.6961201571222,147.6961201571222
9790,c,22.00695194550766,31.63602528293451
9791,t,147.6961201571222,147.6961201571222
9792,t,147.6961201571222,147.6961201571222
9793,c,33.382376406677075,33.662481008899405
9794,t,147.6961201571222,147.6961201571222
9795,t,147.6961201571222,147.6961201571222
9796,t,147.6961201571222,147.6961201571222
9797,c,31.002126249008956,40.067710816282435
9798,c,66.88778673760092,67.70779286521137
9799,c,6.147226090154461,10.0276054525595
9800,c,4.591537198192805,15.15936631218631
9801,t,147.6961201571222,147.6961201571222
9802,c,147.6961201571222,147.6961201571222
9803,c,22.005500410017724,27.728498999274628
9804,c,37.720567366766296,37.98510690083697
9805,c,147.6961201571222,147.6961201571222
9806,c,147.6961201571222,147.6961201571222
9807,c,40.994611897403324,46.51201850494053
9808,c,34.32174423235797,35.437035229458665
9809,c,147.6961201571222,147.6961201571222
9810,t,147.6961201571222,147.6961201571222
9811,t,147.6961201571222,147.6961201571222
9812,c,147.6961201571222,147.6961201571222
9813,c,25.767769242734204,30.918509990721954
9814,c,18.926094770667262,20.040434464596963
9815,c,147.6961201571222,147.6961201571222
9816,c,16.578624684296372,19.11136367239129
9817,c,147.6961201571222,147.6961201571222
9818,t,147.6961201571222,147.6961201571222
9819,t,147.6961201571222,147.6961201571222
9820,c,19.531401532156586,147.6961201571222
9821,c,29.10704208493534,32.44928049833867
9822,t,147.6961201571222,147.6961201571222
9823,c,147.6961201571222,147.6961201571222
9824,c,147.6961201571222,147.6961201571222
9825,c,22.546413314277167,26.014254385968673
9826,c,147.6961201571222,147.6961201571222
9827,c,53.23081849903749,54.41682796187283
9828,c,11.786031887440553,13.779904550603632
9829,c,3.255627807578198,8.843481463173577
9830,c,147.6961201571222,147.6961201571222
9831,c,147.6961201571222,147.6961201571222
9832,c,147.6961201571222,147.6961201571222
9833,c,147.6961201571222,147.6961201571222
9834,c,147.6961201571222,147.6961201571222
9835,c,147.6961201571222,147.6961201571222
9836,c,147.6961201571222,147.6961201571222
9837,c,6.763089603939465,12.849083229964009
9838,c,147.6961201571222,147.6961201571222
9839,t,147.6961201571222,147.6961201571222
9840,t,147.6961201571222,147.6961201571222
9841,c,34.855071903515935,51.99224988711309
9842,c,10.453928316796867,15.145321476626396
9843,c,147.6961201571222,147.6961201571222
9844,c,147.6961201571222,147.6961201571222
9845,c,147.6961201571222,147.6961201571222
9846,t,147.6961201571222,147.6961201571222
9847,c,147.6961201571222,147.6961201571222
9848,c,17.383988140880643,23.236496455971725
9849,c,33.28342986128495,36.42688876139777
9850,t,147.6961201571222,147.6961201571222
9851,t,147.6961201571222,147.6961201571222
9852,c,147.6961201571222,147.6961201571222
9853,c,147.6961201571222,147.6961201571222
9854,c,147.6961201571222,147.6961201571222
9855,c,147.6961201571222,147.6961201571222
9856,c,147.6961201571222,147.6961201571222
9857,c,25.406337824364055,31.54480198911518
9858,c,23.19967441885625,147.6961201571222
9859,t,147.6961201571222,147.6961201571222
9860,na,-1,0
9861,c,18.582995206557815,20.104621206977427
9862,c,147.6961201571222,147.6961201571222
9863,c,147.6961201571222,147.6961201571222
9864,c,31.324298772409303,35.404335767511085
9865,t,147.6961201571222,147.6961201571222
9866,c,147.6961201571222,147.6961201571222
9867,c,147.6961201571222,147.6961201571222
9868,t,147.6961201571222,147.6961201571222
9869,c,13.498603938402843,147.6961201571222
9870,c,147.6961201571222,147.6961201571222
9871,c,147.6961201571222,147.6961201571222
9872,c,30.18157276869549,36.74460991871693
9873,c,147.6961201571222,147.6961201571222
9874,c,147.6961201571222,147.6961201571222
9875,t,147.6961201571222,147.6961201571222
9876,t,147.6961201571222,147.6961201571222
9877,c,46.54840022894489,50.224267738535644
9878,c,147.6961201571222,147.6961201571222
9879,t,147.6961201571222,147.6961201571222
9880,t,147.6961201571222,147.6961201571222
9881,c,21.113631223087452,21.962555115294357
9882,t,147.6961201571222,147.6961201571222
9883,c,147.6961201571222,147.6961201571222
9884,c,11.069804452109452,17.497070710094842
9885,c,147.6961201571222,147.6961201571222
9886,c,147.6961201571222,147.6961201571222
9887,c,75.84910835523759,88.70809421624024
9888,c,147.6961201571222,147.6961201571222
9889,c,38.15033636148206,40.3363576633352
9890,t,147.6961201571222,147.6961201571222
9891,c,147.6961201571222,147.6961201571222
9892,c,25.493483361441363,26.718822873693973
9893,c,24.254192694385573,25.47037849821593
9894,c,147.6961201571222,147.6961201571222
9895,c,21.207235193738406,21.487890360901133
9896,c,16.345083726898057,147.6961201571222
9897,c,22.08991130643801,24.13799786898502
9898,c,147.6961201571222,147.6961201571222
9899,c,4.0225305495388906,5.184861709309756
9900,c,147.6961201571222,147.6961201571222
9901,c,147.6961201571222,147.6961201571222
9902,t,147.6961201571222,147.6961201571222
9903,c,147.6961201571222,147.6961201571222
9904,c,147.6961201571222,147.6961201571222
9905,na,1.3310834287785647,4.469470891640335
9906,c,35.08295836637697,47.874607047144096
9907,c,147.6961201571222,147.6961201571222
9908,c,147.6961201571222,147.6961201571222
9909,c,147.6961201571222,147.6961201571222
9910,c,147.6961201571222,147.6961201571222
9911,t,147.6961201571222,147.6961201571222
9912,c,147.6961201571222,147.6961201571222
9913,c,43.654262527962075,147.6961201571222
9914,c,147.6961201571222,147.6961201571222
9915,t,147.6961201571222,147.6961201571222
9916,c,147.6961201571222,147.6961201571222
9917,c,46.7417780400292,48.84369978197113
9918,c,24.061504899116176,29.100628877988527
9919,c,147.6961201571222,147.6961201571222
9920,c,147.6961201571222,147.6961201571222
9921,t,147.6961201571222,147.6961201571222
9922,c,18.69725686859567,26.24857891412119
9923,c,9.1391844363684,16.24074171030325
9924,c,147.6961201571222,147.6961201571222
9925,c,11.129750189666373,12.011023083137834
9926,c,147.6961201571222,147.6961201571222
9927,c,147.6961201571222,147.6961201571222
9928,c,147.6961201571222,147.6961201571222
9929,na,3.616586590932971,3.870380517051065
9930,c,147.6961201571222,147.6961201571222
9931,c,147.6961201571222,147.6961201571222
9932,c,147.6961201571222,147.6961201571222
9933,c,45.090173453275696,46.705835498543884
9934,c,147.6961201571222,147.6961201571222
9935,t,147.6961201571222,147.6961201571222
9936,t,147.6961201571222,147.6961201571222
9937,c,11.846286594046191,23.720056471638166
9938,c,147.6961201571222,147.6961201571222
9939,c,20.74614929055107,25.6702907511163
9940,c,147.6961201571222,147.6961201571222
9941,c,147.6961201571222,147.6961201571222
9942,t,147.6961201571222,147.6961201571222
9943,c,28.11248086378375,37.12932632691531
9944,t,147.6961201571222,147.6961201571222
9945,c,147.6961201571222,147.6961201571222
9946,t,147.6961201571222,147.6961201571222
9947,c,147.6961201571222,147.6961201571222
9948,c,37.42366864141617,39.26684986489186
9949,c,147.6961201571222,147.6961201571222
9950,c,5.205665963053418,15.448678704766602
9951,c,147.6961201571222,147.6961201571222
9952,c,6.996055973779305,17.77402462516014
9953,c,147.6961201571222,147.6961201571222
9954,t,147.6961201571222,147.6961201571222
9955,na,0,6.962864027204376
9956,c,147.6961201571222,147.6961201571222
9957,c,147.6961201571222,147.6961201571222
9958,t,147.6961201571222,147.6961201571222
9959,t,147.6961201571222,147.6961201571222
9960,c,147.6961201571222,147.6961201571222
9961,c,147.6961201571222,147.6961201571222
9962,c,46.889421041703024,57.22457823215768
9963,c,147.6961201571222,147.6961201571222
9964,c,147.6961201571222,147.6961201571222
9965,c,147.6961201571222,147.6961201571222
9966,c,147.6961201571222,147.6961201571222
9967,c,17.330484162469933,18.828492827623656
9968,c,147.6961201571222,147.6961201571222
9969,t,147.6961201571222,147.6961201571222
9970,t,147.6961201571222,147.6961201571222
9971,t,147.6961201571222,147.6961201571222
9972,c,147.6961201571222,147.6961201571222
9973,c,24.793934774729514,25.302791246716268
9974,c,147.6961201571222,147.6961201571222
9975,c,40.885321917271526,43.93104283547113
9976,t,147.6961201571222,147.6961201571222
9977,t,147.6961201571222,147.6961201571222
9978,t,147.6961201571222,147.6961201571222
9979,c,147.6961201571222,147.6961201571222
9980,t,147.6961201571222,147.6961201571222
9981,c,147.6961201571222,147.6961201571222
9982,t,147.6961201571222,147.6961201571222
9983,c,147.6961201571222,147.6961201571222
9984,c,12.412625906534394,23.98364958046863
9985,c,29.361802531593682,31.694091666616636
9986,c,147.6961201571222,147.6961201571222
9987,c,147.6961201571222,147.6961201571222
9988,c,147.6961201571222,147.6961201571222
9989,c,147.6961201571222,147.6961201571222
9990,t,147.6961201571222,147.6961201571222
9991,c,147.6961201571222,147.6961201571222
9992,c,86.81001950812687,87.96322556713834
9993,c,25.673192425104713,29.832288377416347
9994,c,147.6961201571222,147.6961201571222
9995,c,147.6961201571222,147.6961201571222
9996,c,147.6961201571222,147.6961201571222
9997,c,26.456066512732775,32.04807449773735
9998,c,147.6961201571222,147.6961201571222
9999,t,147.6961201571222,147.6961201571222
