node, assignment, time2inf, time2death
0,na,-1,0
1,na,-1,0
2,na,-1,0
3,na,-1,0
4,na,-1,0
5,na,-1,0
6,na,-1,0
7,na,0,1.6893729106228068
8,na,-1,0
9,na,0,1.2391957291918945
10,na,110.92902077380327,110.92902077380327
11,na,-1,0
12,na,-1,0
13,na,-1,0
14,na,-1,0
15,na,0,5.008965952919999
16,na,-1,0
17,na,110.92902077380327,110.92902077380327
18,na,-1,0
19,na,-1,0
20,na,-1,0
21,na,-1,0
22,na,-1,0
23,na,-1,0
24,na,-1,0
25,na,-1,0
26,na,0,2.41008078472669
27,na,-1,0
28,na,-1,0
29,na,-1,0
30,na,110.92902077380327,110.92902077380327
31,na,-1,0
32,na,-1,0
33,na,-1,0
34,na,-1,0
35,na,-1,0
36,na,-1,0
37,na,-1,0
38,na,-1,0
39,na,-1,0
40,c,41.31590826116419,41.54086543538688
41,c,110.92902077380327,110.92902077380327
42,c,11.376438821777004,11.399745391071631
43,c,110.92902077380327,110.92902077380327
44,c,46.10186187327545,49.35559492420952
45,c,110.92902077380327,110.92902077380327
46,c,110.92902077380327,110.92902077380327
47,c,110.92902077380327,110.92902077380327
48,t,110.92902077380327,110.92902077380327
49,c,110.92902077380327,110.92902077380327
50,c,110.92902077380327,110.92902077380327
51,c,110.92902077380327,110.92902077380327
52,c,110.92902077380327,110.92902077380327
53,c,110.92902077380327,110.92902077380327
54,c,26.459810995778543,31.437850212535533
55,c,9.887400312997938,12.953038560397927
56,c,110.92902077380327,110.92902077380327
57,c,110.92902077380327,110.92902077380327
58,t,110.92902077380327,110.92902077380327
59,c,41.631821370929615,43.75884798915393
60,c,110.92902077380327,110.92902077380327
61,c,9.386150157524716,18.858732159770117
62,c,110.92902077380327,110.92902077380327
63,c,110.92902077380327,110.92902077380327
64,c,33.17337057628924,110.92902077380327
65,t,110.92902077380327,110.92902077380327
66,t,110.92902077380327,110.92902077380327
67,t,110.92902077380327,110.92902077380327
68,c,11.155741840016397,15.171550937861605
69,c,110.92902077380327,110.92902077380327
70,t,110.92902077380327,110.92902077380327
71,c,110.92902077380327,110.92902077380327
72,c,110.92902077380327,110.92902077380327
73,c,18.89941562372022,23.83978972607896
74,c,110.92902077380327,110.92902077380327
75,t,110.92902077380327,110.92902077380327
76,c,110.92902077380327,110.92902077380327
77,c,110.92902077380327,110.92902077380327
78,c,25.505658157416413,41.48896378153522
79,c,11.298386152454329,12.485134639633646
80,c,110.92902077380327,110.92902077380327
81,c,110.92902077380327,110.92902077380327
82,c,110.92902077380327,110.92902077380327
83,t,110.92902077380327,110.92902077380327
84,c,110.92902077380327,110.92902077380327
85,c,28.1631998666166,32.895822680299176
86,t,110.92902077380327,110.92902077380327
87,t,110.92902077380327,110.92902077380327
88,c,110.92902077380327,110.92902077380327
89,c,23.577421708219838,28.92605578085063
90,c,30.568964763140603,30.85110829582632
91,c,110.92902077380327,110.92902077380327
92,t,110.92902077380327,110.92902077380327
93,c,110.92902077380327,110.92902077380327
94,c,21.4468952223548,22.16597000790847
95,c,16.08027806065733,18.16351395037286
96,c,13.494491942062945,21.126054486177182
97,t,110.92902077380327,110.92902077380327
98,c,110.92902077380327,110.92902077380327
99,t,110.92902077380327,110.92902077380327
100,c,110.92902077380327,110.92902077380327
101,c,110.92902077380327,110.92902077380327
102,c,110.92902077380327,110.92902077380327
103,c,42.151532887882915,43.66657619864958
104,c,110.92902077380327,110.92902077380327
105,t,110.92902077380327,110.92902077380327
106,t,110.92902077380327,110.92902077380327
107,c,110.92902077380327,110.92902077380327
108,c,110.92902077380327,110.92902077380327
109,c,41.661383509355844,51.67938217510994
110,c,25.849186583676843,26.409113457149306
111,t,110.92902077380327,110.92902077380327
112,c,110.92902077380327,110.92902077380327
113,c,110.92902077380327,110.92902077380327
114,c,110.92902077380327,110.92902077380327
115,c,110.92902077380327,110.92902077380327
116,c,110.92902077380327,110.92902077380327
117,t,110.92902077380327,110.92902077380327
118,na,3.7320692259651373,4.082186922077585
119,c,4.65423714361193,10.210662967009114
120,c,110.92902077380327,110.92902077380327
121,c,24.413998522497316,27.938898983795486
122,t,110.92902077380327,110.92902077380327
123,c,110.92902077380327,110.92902077380327
124,c,29.638080873717485,30.93552710057772
125,c,28.2189288935151,28.492437134459497
126,c,110.92902077380327,110.92902077380327
127,c,110.92902077380327,110.92902077380327
128,t,110.92902077380327,110.92902077380327
129,c,110.92902077380327,110.92902077380327
130,t,110.92902077380327,110.92902077380327
131,c,34.22539733072188,34.227443732411004
132,c,44.87902898272975,51.29918772675573
133,c,110.92902077380327,110.92902077380327
134,c,43.00645109638199,50.307636920878416
135,c,29.454004594128545,31.908583537922055
136,c,110.92902077380327,110.92902077380327
137,c,110.92902077380327,110.92902077380327
138,na,1.7740030082670237,3.004779769532098
139,c,110.92902077380327,110.92902077380327
140,c,110.92902077380327,110.92902077380327
141,t,110.92902077380327,110.92902077380327
142,c,110.92902077380327,110.92902077380327
143,t,110.92902077380327,110.92902077380327
144,c,17.465949356573862,24.755465599492528
145,t,110.92902077380327,110.92902077380327
146,c,31.75322645144414,31.79588522100328
147,c,22.752692970986345,31.759495127175008
148,c,110.92902077380327,110.92902077380327
149,c,110.92902077380327,110.92902077380327
150,c,110.92902077380327,110.92902077380327
151,c,110.92902077380327,110.92902077380327
152,c,110.92902077380327,110.92902077380327
153,c,110.92902077380327,110.92902077380327
154,t,110.92902077380327,110.92902077380327
155,c,76.89077233522565,78.94770377064275
156,c,110.92902077380327,110.92902077380327
157,c,110.92902077380327,110.92902077380327
158,t,110.92902077380327,110.92902077380327
159,t,110.92902077380327,110.92902077380327
160,t,110.92902077380327,110.92902077380327
161,c,30.022526491369682,30.32071047037428
162,c,14.473645868805459,18.758744288980616
163,c,110.92902077380327,110.92902077380327
164,c,110.92902077380327,110.92902077380327
165,t,110.92902077380327,110.92902077380327
166,c,110.92902077380327,110.92902077380327
167,t,110.92902077380327,110.92902077380327
168,c,110.92902077380327,110.92902077380327
169,c,110.92902077380327,110.92902077380327
170,c,110.92902077380327,110.92902077380327
171,c,23.330613438568324,24.65526892217324
172,c,110.92902077380327,110.92902077380327
173,c,32.86222357031335,35.6122392937648
174,c,19.792451597470848,21.123207995742113
175,c,110.92902077380327,110.92902077380327
176,c,110.92902077380327,110.92902077380327
177,c,15.874638532401283,20.222794654626288
178,c,110.92902077380327,110.92902077380327
179,c,45.16078155225526,48.27698588249476
180,c,110.92902077380327,110.92902077380327
181,t,110.92902077380327,110.92902077380327
182,c,28.216928304267068,33.090845870230076
183,c,110.92902077380327,110.92902077380327
184,c,16.02842932869727,22.377657053074586
185,c,18.840372776738405,21.46262957116064
186,na,4.166616412217893,6.489197596658833
187,t,110.92902077380327,110.92902077380327
188,c,22.257341407566454,26.89927796101504
189,c,25.263404825242528,30.335350996811265
190,c,24.889348610209623,25.65609139114434
191,t,110.92902077380327,110.92902077380327
192,c,33.742977881950225,36.815320092183406
193,c,28.041914115963028,28.36687461271123
194,c,33.5248345343431,37.11598292621724
195,t,110.92902077380327,110.92902077380327
196,t,110.92902077380327,110.92902077380327
197,c,27.880397996356084,28.306685983463954
198,na,0,6.2176091201083
199,na,8.508474014284698,11.77418404472414
200,c,110.92902077380327,110.92902077380327
201,c,38.96037302125169,39.130542083788086
202,c,110.92902077380327,110.92902077380327
203,c,34.048235280389235,41.68083796386752
204,c,110.92902077380327,110.92902077380327
205,c,28.449708867428814,30.0370699993641
206,c,16.4959261451812,16.959551832373958
207,c,110.92902077380327,110.92902077380327
208,c,44.20794357291911,49.381980071753304
209,c,110.92902077380327,110.92902077380327
210,c,110.92902077380327,110.92902077380327
211,t,110.92902077380327,110.92902077380327
212,c,110.92902077380327,110.92902077380327
213,c,110.92902077380327,110.92902077380327
214,c,75.29824397902398,75.86574242283007
215,c,110.92902077380327,110.92902077380327
216,c,47.346660759775226,49.95541035293271
217,c,27.076540486694142,36.482450718266946
218,c,36.666157661572406,39.65670396869239
219,c,110.92902077380327,110.92902077380327
220,c,110.92902077380327,110.92902077380327
221,c,110.92902077380327,110.92902077380327
222,c,35.70043761226596,35.77178405487315
223,t,110.92902077380327,110.92902077380327
224,c,110.92902077380327,110.92902077380327
225,c,110.92902077380327,110.92902077380327
226,c,43.39203793595431,44.92262634820436
227,c,31.13386452290427,110.92902077380327
228,t,110.92902077380327,110.92902077380327
229,c,110.92902077380327,110.92902077380327
230,c,33.658464570071025,34.62580501824214
231,c,25.278700674478586,28.857636757500106
232,c,31.12729971165958,31.213117429442786
233,c,15.16793199056425,110.92902077380327
234,c,110.92902077380327,110.92902077380327
235,c,110.92902077380327,110.92902077380327
236,c,110.92902077380327,110.92902077380327
237,c,110.92902077380327,110.92902077380327
238,c,110.92902077380327,110.92902077380327
239,t,110.92902077380327,110.92902077380327
240,t,110.92902077380327,110.92902077380327
241,c,110.92902077380327,110.92902077380327
242,t,110.92902077380327,110.92902077380327
243,c,110.92902077380327,110.92902077380327
244,t,110.92902077380327,110.92902077380327
245,t,110.92902077380327,110.92902077380327
246,t,110.92902077380327,110.92902077380327
247,t,110.92902077380327,110.92902077380327
248,t,110.92902077380327,110.92902077380327
249,c,110.92902077380327,110.92902077380327
250,c,23.072015979168945,23.236381075340997
251,t,110.92902077380327,110.92902077380327
252,c,110.92902077380327,110.92902077380327
253,t,110.92902077380327,110.92902077380327
254,c,110.92902077380327,110.92902077380327
255,c,110.92902077380327,110.92902077380327
256,c,59.276526443864704,65.95600009325092
257,c,6.390491175665712,110.92902077380327
258,c,110.92902077380327,110.92902077380327
259,t,110.92902077380327,110.92902077380327
260,c,27.916297955792196,32.54159538215677
261,t,110.92902077380327,110.92902077380327
262,t,110.92902077380327,110.92902077380327
263,c,110.92902077380327,110.92902077380327
264,c,110.92902077380327,110.92902077380327
265,c,22.235285272331538,30.54520754221098
266,t,110.92902077380327,110.92902077380327
267,c,110.92902077380327,110.92902077380327
268,c,16.49600455376752,19.731902006968387
269,c,24.146692647897435,26.54935630150625
270,c,110.92902077380327,110.92902077380327
271,c,110.92902077380327,110.92902077380327
272,t,110.92902077380327,110.92902077380327
273,c,110.92902077380327,110.92902077380327
274,c,110.92902077380327,110.92902077380327
275,c,3.02404920239343,4.602638476306693
276,c,40.05578275120606,45.208525144398514
277,t,110.92902077380327,110.92902077380327
278,c,63.422162397774585,86.12321441076556
279,c,110.92902077380327,110.92902077380327
280,c,26.90096544733161,27.291966118654983
281,t,110.92902077380327,110.92902077380327
282,c,110.92902077380327,110.92902077380327
283,c,110.92902077380327,110.92902077380327
284,c,110.92902077380327,110.92902077380327
285,c,110.92902077380327,110.92902077380327
286,t,110.92902077380327,110.92902077380327
287,c,30.267807979672646,32.180932308321744
288,t,110.92902077380327,110.92902077380327
289,c,110.92902077380327,110.92902077380327
290,c,110.92902077380327,110.92902077380327
291,c,31.304958206719174,44.39551387641665
292,t,110.92902077380327,110.92902077380327
293,c,37.91403423414076,40.43065260546406
294,c,110.92902077380327,110.92902077380327
295,t,110.92902077380327,110.92902077380327
296,c,110.92902077380327,110.92902077380327
297,c,110.92902077380327,110.92902077380327
298,c,110.92902077380327,110.92902077380327
299,t,110.92902077380327,110.92902077380327
300,t,110.92902077380327,110.92902077380327
301,c,110.92902077380327,110.92902077380327
302,t,110.92902077380327,110.92902077380327
303,t,110.92902077380327,110.92902077380327
304,c,110.92902077380327,110.92902077380327
305,t,110.92902077380327,110.92902077380327
306,t,110.92902077380327,110.92902077380327
307,na,0,0.1286764929494064
308,c,110.92902077380327,110.92902077380327
309,c,32.91998967045711,34.872611785173746
310,c,41.00301707349754,46.93311848633084
311,c,110.92902077380327,110.92902077380327
312,c,110.92902077380327,110.92902077380327
313,c,110.92902077380327,110.92902077380327
314,c,28.713164940593472,33.06041206418554
315,c,19.84927854239416,24.13152278933443
316,c,13.846388060896537,21.22708950605548
317,t,110.92902077380327,110.92902077380327
318,c,110.92902077380327,110.92902077380327
319,c,14.61302332380058,14.705358585975588
320,c,110.92902077380327,110.92902077380327
321,c,26.132795852345772,26.80768472859435
322,c,110.92902077380327,110.92902077380327
323,c,110.92902077380327,110.92902077380327
324,c,68.66302232274488,72.07213802514181
325,t,110.92902077380327,110.92902077380327
326,c,46.43163178436189,47.10381095622248
327,t,110.92902077380327,110.92902077380327
328,c,110.92902077380327,110.92902077380327
329,c,110.92902077380327,110.92902077380327
330,c,22.970185043553755,34.6890002300309
331,c,31.030751696772537,32.362142763264444
332,t,110.92902077380327,110.92902077380327
333,t,110.92902077380327,110.92902077380327
334,c,54.14854385573533,54.62603937491814
335,c,28.41609818424223,36.67257773860514
336,c,50.768835403661356,51.118503042108216
337,t,110.92902077380327,110.92902077380327
338,c,38.71181063271164,45.37387583497605
339,c,30.616559454884822,38.12296494716496
340,t,110.92902077380327,110.92902077380327
341,c,110.92902077380327,110.92902077380327
342,t,110.92902077380327,110.92902077380327
343,c,110.92902077380327,110.92902077380327
344,c,110.92902077380327,110.92902077380327
345,c,11.360722460826578,16.220023727171622
346,t,110.92902077380327,110.92902077380327
347,c,110.92902077380327,110.92902077380327
348,c,36.502345698832706,63.699341504223014
349,c,24.6840017750669,31.6169889369588
350,c,22.81211925802055,24.291468254707578
351,c,16.049546808837064,18.350881876613023
352,t,110.92902077380327,110.92902077380327
353,c,110.92902077380327,110.92902077380327
354,c,110.92902077380327,110.92902077380327
355,c,28.964513433502876,40.94604377116516
356,c,110.92902077380327,110.92902077380327
357,c,110.92902077380327,110.92902077380327
358,c,29.425344950732644,35.468915055828745
359,c,26.770045488086637,28.47208305074302
360,t,110.92902077380327,110.92902077380327
361,c,110.92902077380327,110.92902077380327
362,c,110.92902077380327,110.92902077380327
363,c,32.82122512785807,110.92902077380327
364,c,110.92902077380327,110.92902077380327
365,c,110.92902077380327,110.92902077380327
366,c,110.92902077380327,110.92902077380327
367,c,110.92902077380327,110.92902077380327
368,c,110.92902077380327,110.92902077380327
369,na,12.191799076242248,13.965875495975942
370,t,110.92902077380327,110.92902077380327
371,t,110.92902077380327,110.92902077380327
372,c,110.92902077380327,110.92902077380327
373,t,110.92902077380327,110.92902077380327
374,c,110.92902077380327,110.92902077380327
375,c,8.275199407003154,110.92902077380327
376,c,78.4951905972826,83.78739734438417
377,c,13.409891402929624,18.387833310120012
378,c,72.21113962300929,75.0253804117068
379,t,110.92902077380327,110.92902077380327
380,c,34.89607987630181,37.16186612520725
381,c,110.92902077380327,110.92902077380327
382,c,12.159929059678252,14.989537452381244
383,t,110.92902077380327,110.92902077380327
384,t,110.92902077380327,110.92902077380327
385,c,110.92902077380327,110.92902077380327
386,t,110.92902077380327,110.92902077380327
387,c,110.92902077380327,110.92902077380327
388,c,36.98829694172178,39.73103760801362
389,c,110.92902077380327,110.92902077380327
390,c,110.92902077380327,110.92902077380327
391,c,110.92902077380327,110.92902077380327
392,c,110.92902077380327,110.92902077380327
393,c,13.4991443517841,23.039365037410196
394,c,110.92902077380327,110.92902077380327
395,t,110.92902077380327,110.92902077380327
396,c,28.87167539907685,33.56895125176065
397,c,110.92902077380327,110.92902077380327
398,c,110.92902077380327,110.92902077380327
399,c,26.992659292630947,31.009113440233047
400,c,110.92902077380327,110.92902077380327
401,c,110.92902077380327,110.92902077380327
402,c,12.143607540333473,18.543807460051514
403,c,110.92902077380327,110.92902077380327
404,c,18.26594679018614,21.902012902323836
405,c,14.730749751798939,16.60932715027447
406,c,110.92902077380327,110.92902077380327
407,c,110.92902077380327,110.92902077380327
408,c,44.19944309930861,110.92902077380327
409,t,110.92902077380327,110.92902077380327
410,c,38.14847596827484,39.21911785416311
411,c,25.891006912840144,34.35720887059938
412,t,110.92902077380327,110.92902077380327
413,c,110.92902077380327,110.92902077380327
414,c,50.824268439387474,60.204142582827686
415,c,110.92902077380327,110.92902077380327
416,t,110.92902077380327,110.92902077380327
417,c,41.0387747554425,41.51916212043452
418,c,27.437809696183187,110.92902077380327
419,c,14.68536991608165,17.046877379946658
420,c,35.253214863627974,110.92902077380327
421,t,110.92902077380327,110.92902077380327
422,t,110.92902077380327,110.92902077380327
423,c,110.92902077380327,110.92902077380327
424,c,40.08014780324648,43.06031360637278
425,c,110.92902077380327,110.92902077380327
426,t,110.92902077380327,110.92902077380327
427,c,27.353142165608897,28.8259921514557
428,c,39.42391794392713,40.860432190512284
429,na,32.8113721539835,110.92902077380327
430,t,110.92902077380327,110.92902077380327
431,c,110.92902077380327,110.92902077380327
432,c,110.92902077380327,110.92902077380327
433,c,17.835206187268575,27.481516697005997
434,c,110.92902077380327,110.92902077380327
435,c,23.826435198202418,23.828716871598385
436,c,110.92902077380327,110.92902077380327
437,c,110.92902077380327,110.92902077380327
438,c,110.92902077380327,110.92902077380327
439,t,110.92902077380327,110.92902077380327
440,t,110.92902077380327,110.92902077380327
441,c,30.378050232424503,110.92902077380327
442,c,30.537465649867382,34.838316981351
443,t,110.92902077380327,110.92902077380327
444,t,110.92902077380327,110.92902077380327
445,c,110.92902077380327,110.92902077380327
446,c,110.92902077380327,110.92902077380327
447,c,110.92902077380327,110.92902077380327
448,c,10.502362085407263,10.514592479437306
449,t,110.92902077380327,110.92902077380327
450,t,110.92902077380327,110.92902077380327
451,c,110.92902077380327,110.92902077380327
452,c,110.92902077380327,110.92902077380327
453,c,110.92902077380327,110.92902077380327
454,c,36.893779685265045,37.93817663128329
455,c,110.92902077380327,110.92902077380327
456,c,18.805149755312083,36.217975126097535
457,c,57.641356111562864,71.21050680652358
458,c,33.75703652505206,34.284240287977596
459,c,45.502565509804995,46.1864989675189
460,c,110.92902077380327,110.92902077380327
461,c,48.183394221550785,54.51634533831407
462,na,0.29730222452073846,4.385329511009078
463,na,0,0.5957196090089969
464,c,110.92902077380327,110.92902077380327
465,c,110.92902077380327,110.92902077380327
466,t,110.92902077380327,110.92902077380327
467,c,25.425805124029132,32.69290000962774
468,c,110.92902077380327,110.92902077380327
469,t,110.92902077380327,110.92902077380327
470,c,110.92902077380327,110.92902077380327
471,c,31.86962402869685,33.14514754846628
472,c,87.91743672698644,91.59510085992204
473,t,110.92902077380327,110.92902077380327
474,c,46.6012294369894,48.02825044653834
475,c,30.553118477518765,31.27280421359336
476,c,110.92902077380327,110.92902077380327
477,c,46.9918061114087,48.975422576386805
478,c,110.92902077380327,110.92902077380327
479,t,110.92902077380327,110.92902077380327
480,c,26.57448027690576,34.55536724322687
481,c,37.79398791998458,44.06124415258483
482,c,110.92902077380327,110.92902077380327
483,c,110.92902077380327,110.92902077380327
484,c,25.316962177114558,25.98797923917829
485,c,110.92902077380327,110.92902077380327
486,c,110.92902077380327,110.92902077380327
487,t,110.92902077380327,110.92902077380327
488,c,11.369046648476166,12.787549787397282
489,c,110.92902077380327,110.92902077380327
490,c,110.92902077380327,110.92902077380327
491,c,110.92902077380327,110.92902077380327
492,c,110.92902077380327,110.92902077380327
493,t,110.92902077380327,110.92902077380327
494,c,31.57965440512935,46.403798179325754
495,c,110.92902077380327,110.92902077380327
496,c,110.92902077380327,110.92902077380327
497,c,110.92902077380327,110.92902077380327
498,c,40.32590601116936,41.237015234483366
499,c,17.90003420193211,18.30427996877946
500,c,110.92902077380327,110.92902077380327
501,c,50.434428966654266,61.48451650874018
502,t,110.92902077380327,110.92902077380327
503,c,36.159282201688974,36.22562549194839
504,t,110.92902077380327,110.92902077380327
505,c,23.245347264891187,24.920412679610468
506,c,110.92902077380327,110.92902077380327
507,c,110.92902077380327,110.92902077380327
508,c,110.92902077380327,110.92902077380327
509,c,110.92902077380327,110.92902077380327
510,c,110.92902077380327,110.92902077380327
511,c,110.92902077380327,110.92902077380327
512,c,51.71588504426678,56.401519120406626
513,c,55.69371030680332,55.980807499840175
514,t,110.92902077380327,110.92902077380327
515,c,110.92902077380327,110.92902077380327
516,t,110.92902077380327,110.92902077380327
517,t,110.92902077380327,110.92902077380327
518,c,110.92902077380327,110.92902077380327
519,c,110.92902077380327,110.92902077380327
520,c,21.39936092777781,21.559785178295638
521,c,110.92902077380327,110.92902077380327
522,c,110.92902077380327,110.92902077380327
523,c,110.92902077380327,110.92902077380327
524,t,110.92902077380327,110.92902077380327
525,c,10.107384211429963,11.383859251970565
526,c,47.93103661665526,51.28459099248308
527,c,110.92902077380327,110.92902077380327
528,t,110.92902077380327,110.92902077380327
529,c,34.22475545879736,36.366639693508084
530,c,110.92902077380327,110.92902077380327
531,c,62.32522444055791,64.29911421715661
532,c,110.92902077380327,110.92902077380327
533,c,110.92902077380327,110.92902077380327
534,t,110.92902077380327,110.92902077380327
535,na,-1,0
536,c,110.92902077380327,110.92902077380327
537,c,30.768398306099932,32.63244746906022
538,c,11.242011060783026,12.012809913684638
539,c,110.92902077380327,110.92902077380327
540,c,110.92902077380327,110.92902077380327
541,c,39.8973692222378,42.71109011607675
542,c,110.92902077380327,110.92902077380327
543,c,110.92902077380327,110.92902077380327
544,c,110.92902077380327,110.92902077380327
545,c,14.47354189538016,16.10196358204239
546,c,110.92902077380327,110.92902077380327
547,t,110.92902077380327,110.92902077380327
548,c,31.054965012707726,31.793929684041952
549,na,5.2890930002196805,5.7675126177878955
550,c,110.92902077380327,110.92902077380327
551,t,110.92902077380327,110.92902077380327
552,c,49.41286576002065,50.46748768428545
553,t,110.92902077380327,110.92902077380327
554,c,56.64092648558821,57.98984659553688
555,c,27.02410815958387,33.501423036392765
556,t,110.92902077380327,110.92902077380327
557,c,22.23731066106098,24.950440106626537
558,t,110.92902077380327,110.92902077380327
559,c,32.08160106490602,37.71082871924857
560,c,40.40430296843512,45.752441008120606
561,t,110.92902077380327,110.92902077380327
562,c,14.471101414698447,20.91089715995224
563,c,12.261645331145761,17.43370377904449
564,c,110.92902077380327,110.92902077380327
565,c,25.20747079530166,25.89057707175869
566,c,110.92902077380327,110.92902077380327
567,c,110.92902077380327,110.92902077380327
568,c,110.92902077380327,110.92902077380327
569,t,110.92902077380327,110.92902077380327
570,c,110.92902077380327,110.92902077380327
571,t,110.92902077380327,110.92902077380327
572,t,110.92902077380327,110.92902077380327
573,c,110.92902077380327,110.92902077380327
574,c,110.92902077380327,110.92902077380327
575,c,110.92902077380327,110.92902077380327
576,t,110.92902077380327,110.92902077380327
577,c,53.24811850504328,57.27154825648702
578,c,43.53133146610354,110.92902077380327
579,c,110.92902077380327,110.92902077380327
580,c,36.89015160911447,110.92902077380327
581,t,110.92902077380327,110.92902077380327
582,c,56.69104127021288,60.03346726099975
583,c,110.92902077380327,110.92902077380327
584,c,6.716440800248695,13.24913860971278
585,c,35.44627080741943,45.40998284730037
586,c,41.70090491271829,42.29556319525001
587,c,28.894982589582025,31.9126747866446
588,t,110.92902077380327,110.92902077380327
589,c,110.92902077380327,110.92902077380327
590,c,31.079627123362435,35.24154553062706
591,c,38.18311447501949,44.964895829666695
592,c,110.92902077380327,110.92902077380327
593,c,33.39688804512534,41.44203003925892
594,c,110.92902077380327,110.92902077380327
595,c,23.809430575912504,25.41860794629631
596,c,110.92902077380327,110.92902077380327
597,c,29.32871449509031,33.364536624442756
598,c,33.36715489573995,36.76421360512425
599,c,24.60650132307816,28.756249098329516
600,t,110.92902077380327,110.92902077380327
601,c,13.205352987366084,16.764181374857845
602,c,110.92902077380327,110.92902077380327
603,c,110.92902077380327,110.92902077380327
604,c,110.92902077380327,110.92902077380327
605,c,110.92902077380327,110.92902077380327
606,t,110.92902077380327,110.92902077380327
607,c,110.92902077380327,110.92902077380327
608,c,24.74238247598106,25.512592082536617
609,c,37.31799461649613,40.63397602163798
610,c,110.92902077380327,110.92902077380327
611,c,55.67346611011008,110.92902077380327
612,c,38.15472106194012,41.07768228872727
613,t,110.92902077380327,110.92902077380327
614,t,110.92902077380327,110.92902077380327
615,c,110.92902077380327,110.92902077380327
616,c,110.92902077380327,110.92902077380327
617,c,110.92902077380327,110.92902077380327
618,t,110.92902077380327,110.92902077380327
619,c,42.13892571272171,43.20505964115938
620,c,110.92902077380327,110.92902077380327
621,c,110.92902077380327,110.92902077380327
622,c,42.6868823596344,43.294794400152846
623,c,25.637283859323517,27.830313500637093
624,c,14.06118733804955,21.520065846466153
625,c,26.041006096717233,29.722642864852162
626,c,110.92902077380327,110.92902077380327
627,c,27.57155206628173,34.86221582523786
628,c,110.92902077380327,110.92902077380327
629,c,110.92902077380327,110.92902077380327
630,c,110.92902077380327,110.92902077380327
631,c,42.910348274624376,45.70245377744956
632,t,110.92902077380327,110.92902077380327
633,c,59.32819571195292,60.604102744027735
634,c,110.92902077380327,110.92902077380327
635,c,110.92902077380327,110.92902077380327
636,c,22.117898877304643,23.918242398780098
637,c,41.4705288289612,54.021795237140005
638,t,110.92902077380327,110.92902077380327
639,c,110.92902077380327,110.92902077380327
640,c,22.83928345682114,33.481589008555744
641,c,110.92902077380327,110.92902077380327
642,c,110.92902077380327,110.92902077380327
643,c,36.623268443966545,44.08184404019986
644,t,110.92902077380327,110.92902077380327
645,c,44.74437936198703,50.58996805578645
646,c,24.965764872422618,25.297229305601284
647,c,58.26800896862182,58.52588060374742
648,c,110.92902077380327,110.92902077380327
649,c,25.7530697190866,32.97743366492458
650,c,23.542890965863293,36.580060150357326
651,c,30.08564285901231,30.703093474666733
652,t,110.92902077380327,110.92902077380327
653,c,110.92902077380327,110.92902077380327
654,c,110.92902077380327,110.92902077380327
655,na,2.7798441208258775,8.500614049951439
656,t,110.92902077380327,110.92902077380327
657,c,110.92902077380327,110.92902077380327
658,c,9.543945142626242,9.75080537256433
659,c,22.28292422155144,28.643051066970973
660,c,49.9882184027934,54.71913237568003
661,c,110.92902077380327,110.92902077380327
662,c,110.92902077380327,110.92902077380327
663,c,110.92902077380327,110.92902077380327
664,c,59.699911555563325,66.03020315138436
665,c,110.92902077380327,110.92902077380327
666,c,31.085122650852274,41.06484372050533
667,c,54.69833575125181,64.80149382087058
668,c,110.92902077380327,110.92902077380327
669,c,110.92902077380327,110.92902077380327
670,c,14.82474567512692,26.408129850949965
671,c,110.92902077380327,110.92902077380327
672,c,110.92902077380327,110.92902077380327
673,c,110.92902077380327,110.92902077380327
674,c,13.384207522270405,20.561879462764164
675,c,20.46485985399617,20.742748492310515
676,c,110.92902077380327,110.92902077380327
677,c,110.92902077380327,110.92902077380327
678,c,37.336973651729984,39.1966820069395
679,c,25.792416039768153,25.914928837881053
680,c,27.793213763854002,30.259762134851194
681,t,110.92902077380327,110.92902077380327
682,c,94.08134547511354,101.3330418415106
683,c,110.92902077380327,110.92902077380327
684,c,110.92902077380327,110.92902077380327
685,c,31.97890578273691,39.07396633456306
686,t,110.92902077380327,110.92902077380327
687,c,5.33197482117279,7.931858992897261
688,c,110.92902077380327,110.92902077380327
689,c,30.81118550486862,31.15106557281189
690,c,33.17869294260238,35.07798656774529
691,c,46.673820428931705,49.28849651390593
692,t,110.92902077380327,110.92902077380327
693,c,110.92902077380327,110.92902077380327
694,c,28.47597774999963,38.98143568651684
695,c,10.797172570772583,10.901083859271848
696,c,18.841604863370296,25.56574113901211
697,c,41.21268394037139,46.73465036697174
698,c,24.06942659187693,28.296513081536993
699,c,110.92902077380327,110.92902077380327
700,t,110.92902077380327,110.92902077380327
701,c,29.519176250939594,29.934122665703203
702,c,110.92902077380327,110.92902077380327
703,c,110.92902077380327,110.92902077380327
704,c,34.3410496936694,36.33518855532742
705,c,110.92902077380327,110.92902077380327
706,t,110.92902077380327,110.92902077380327
707,c,110.92902077380327,110.92902077380327
708,c,26.154640022291478,26.282537649977154
709,t,110.92902077380327,110.92902077380327
710,c,110.92902077380327,110.92902077380327
711,t,110.92902077380327,110.92902077380327
712,c,36.85112669089264,43.754450995617034
713,c,29.509888921606507,31.97927020680212
714,t,110.92902077380327,110.92902077380327
715,c,110.92902077380327,110.92902077380327
716,t,110.92902077380327,110.92902077380327
717,c,42.14304797955669,45.624460211239764
718,c,110.92902077380327,110.92902077380327
719,c,110.92902077380327,110.92902077380327
720,c,46.95871645951948,48.89894971888293
721,c,110.92902077380327,110.92902077380327
722,c,32.83254996085702,36.73292881248166
723,c,29.001523519811077,29.561538795737125
724,c,6.5428149669835545,10.690034982909653
725,c,23.948896373835204,24.28742407827351
726,c,110.92902077380327,110.92902077380327
727,c,15.518752832008047,24.98276131473288
728,c,15.270326192308408,110.92902077380327
729,t,110.92902077380327,110.92902077380327
730,c,110.92902077380327,110.92902077380327
731,c,110.92902077380327,110.92902077380327
732,t,110.92902077380327,110.92902077380327
733,c,110.92902077380327,110.92902077380327
734,c,110.92902077380327,110.92902077380327
735,c,110.92902077380327,110.92902077380327
736,c,110.92902077380327,110.92902077380327
737,c,96.15639368959151,102.11446537275854
738,c,110.92902077380327,110.92902077380327
739,c,110.92902077380327,110.92902077380327
740,c,110.92902077380327,110.92902077380327
741,c,110.92902077380327,110.92902077380327
742,c,34.81805186385262,37.073809295928875
743,na,0,20.892385937036664
744,c,33.93333814632109,37.098797553575125
745,c,110.92902077380327,110.92902077380327
746,c,24.23883422618769,30.1398714331331
747,c,110.92902077380327,110.92902077380327
748,c,110.92902077380327,110.92902077380327
749,t,110.92902077380327,110.92902077380327
750,c,110.92902077380327,110.92902077380327
751,t,110.92902077380327,110.92902077380327
752,c,57.5819891317442,59.94582248409802
753,c,110.92902077380327,110.92902077380327
754,c,18.724405944108234,23.9652750525975
755,c,110.92902077380327,110.92902077380327
756,c,7.315638385871436,110.92902077380327
757,c,110.92902077380327,110.92902077380327
758,t,110.92902077380327,110.92902077380327
759,c,32.473863537169315,35.48308518974974
760,c,42.46403816880569,60.606701867693175
761,c,110.92902077380327,110.92902077380327
762,c,33.614591608574855,48.99281347120455
763,c,110.92902077380327,110.92902077380327
764,c,110.92902077380327,110.92902077380327
765,c,110.92902077380327,110.92902077380327
766,c,26.286475044386997,32.564950644806025
767,t,110.92902077380327,110.92902077380327
768,t,110.92902077380327,110.92902077380327
769,c,29.91895720264154,30.30215826882944
770,c,110.92902077380327,110.92902077380327
771,c,110.92902077380327,110.92902077380327
772,c,110.92902077380327,110.92902077380327
773,c,56.827807563910596,57.30167729422848
774,t,110.92902077380327,110.92902077380327
775,c,110.92902077380327,110.92902077380327
776,c,110.92902077380327,110.92902077380327
777,c,30.826382868534054,52.53689781819261
778,t,110.92902077380327,110.92902077380327
779,t,110.92902077380327,110.92902077380327
780,c,52.029589177010735,70.54192600055529
781,c,37.94294193581935,38.310989421335705
782,t,110.92902077380327,110.92902077380327
783,c,110.92902077380327,110.92902077380327
784,c,110.92902077380327,110.92902077380327
785,t,110.92902077380327,110.92902077380327
786,c,17.103276517271652,22.96372981648697
787,c,20.399986466420405,29.894000390952872
788,c,110.92902077380327,110.92902077380327
789,c,110.92902077380327,110.92902077380327
790,c,110.92902077380327,110.92902077380327
791,c,44.04392308727714,47.83677287837401
792,c,110.92902077380327,110.92902077380327
793,c,27.465585409418622,38.087725801912356
794,c,19.19091614747697,19.39545949031533
795,c,110.92902077380327,110.92902077380327
796,c,10.987977872992147,11.868427078153214
797,c,110.92902077380327,110.92902077380327
798,c,110.92902077380327,110.92902077380327
799,c,110.92902077380327,110.92902077380327
800,c,110.92902077380327,110.92902077380327
801,c,2.934477267687532,3.9455659556407072
802,c,110.92902077380327,110.92902077380327
803,c,25.287673376351,35.476226559235414
804,c,25.10802256514178,28.253292403913854
805,c,7.453029420184002,17.064899881812398
806,c,110.92902077380327,110.92902077380327
807,c,110.92902077380327,110.92902077380327
808,t,110.92902077380327,110.92902077380327
809,t,110.92902077380327,110.92902077380327
810,t,110.92902077380327,110.92902077380327
811,c,24.13956660757306,26.80471444858631
812,c,23.227701415768514,27.938868446049515
813,c,35.80099526652417,39.59568941689783
814,t,110.92902077380327,110.92902077380327
815,c,110.92902077380327,110.92902077380327
816,c,110.92902077380327,110.92902077380327
817,t,110.92902077380327,110.92902077380327
818,c,110.92902077380327,110.92902077380327
819,t,110.92902077380327,110.92902077380327
820,t,110.92902077380327,110.92902077380327
821,t,110.92902077380327,110.92902077380327
822,c,36.785228897556884,47.125666546685736
823,c,4.632963300630759,110.92902077380327
824,t,110.92902077380327,110.92902077380327
825,t,110.92902077380327,110.92902077380327
826,c,34.50086168751121,39.13529589666363
827,c,110.92902077380327,110.92902077380327
828,t,110.92902077380327,110.92902077380327
829,c,110.92902077380327,110.92902077380327
830,c,110.92902077380327,110.92902077380327
831,c,12.203005583703558,13.851062181872845
832,c,110.92902077380327,110.92902077380327
833,c,41.29807307774936,44.496869386825175
834,c,46.93732078290762,54.59379680881728
835,c,40.38185011223714,41.03790211493389
836,c,20.50891055197274,21.211188720699823
837,c,110.92902077380327,110.92902077380327
838,c,110.92902077380327,110.92902077380327
839,c,13.446371293004642,23.358572067866724
840,c,110.92902077380327,110.92902077380327
841,c,31.344335076747413,110.92902077380327
842,c,110.92902077380327,110.92902077380327
843,c,110.92902077380327,110.92902077380327
844,c,110.92902077380327,110.92902077380327
845,c,29.689688767519545,34.373376324075736
846,c,18.394335378109687,23.208771119237955
847,c,110.92902077380327,110.92902077380327
848,c,29.890325577177542,31.768320432210473
849,c,24.639964613956504,31.93724351139028
850,c,110.92902077380327,110.92902077380327
851,c,11.882603341410753,13.820289345077057
852,t,110.92902077380327,110.92902077380327
853,c,110.92902077380327,110.92902077380327
854,t,110.92902077380327,110.92902077380327
855,c,45.24991155521615,51.41218136420792
856,c,110.92902077380327,110.92902077380327
857,c,32.35217648931778,39.997812748662604
858,c,10.981977940960478,15.054756768021866
859,c,110.92902077380327,110.92902077380327
860,c,21.55774633100966,23.731458208159868
861,c,50.8587596586197,54.591914398153705
862,c,110.92902077380327,110.92902077380327
863,c,110.92902077380327,110.92902077380327
864,c,110.92902077380327,110.92902077380327
865,c,110.92902077380327,110.92902077380327
866,c,30.610084777984458,36.36602450525686
867,t,110.92902077380327,110.92902077380327
868,c,110.92902077380327,110.92902077380327
869,c,110.92902077380327,110.92902077380327
870,c,39.67618802479596,42.51240996123442
871,c,110.92902077380327,110.92902077380327
872,c,110.92902077380327,110.92902077380327
873,c,110.92902077380327,110.92902077380327
874,c,33.40936022087019,39.546897189171226
875,c,110.92902077380327,110.92902077380327
876,c,110.92902077380327,110.92902077380327
877,c,53.94997882385729,67.57958249933587
878,c,110.92902077380327,110.92902077380327
879,t,110.92902077380327,110.92902077380327
880,c,110.92902077380327,110.92902077380327
881,c,110.92902077380327,110.92902077380327
882,t,110.92902077380327,110.92902077380327
883,c,110.92902077380327,110.92902077380327
884,c,110.92902077380327,110.92902077380327
885,t,110.92902077380327,110.92902077380327
886,t,110.92902077380327,110.92902077380327
887,t,110.92902077380327,110.92902077380327
888,c,31.645794379094283,32.27862436633955
889,c,35.53366799093595,35.719978575698065
890,c,110.92902077380327,110.92902077380327
891,c,110.92902077380327,110.92902077380327
892,t,110.92902077380327,110.92902077380327
893,t,110.92902077380327,110.92902077380327
894,c,110.92902077380327,110.92902077380327
895,c,43.39912557404914,54.29563709194576
896,c,27.6087668436215,110.92902077380327
897,c,12.730928979586636,14.182971690947925
898,c,29.87471702485182,36.32142492311139
899,c,110.92902077380327,110.92902077380327
900,c,110.92902077380327,110.92902077380327
901,c,110.92902077380327,110.92902077380327
902,c,110.92902077380327,110.92902077380327
903,t,110.92902077380327,110.92902077380327
904,t,110.92902077380327,110.92902077380327
905,c,25.761410692468594,28.009813339464753
906,c,25.659285802270805,27.888801119978666
907,t,110.92902077380327,110.92902077380327
908,t,110.92902077380327,110.92902077380327
909,c,110.92902077380327,110.92902077380327
910,c,8.005340487384265,11.941097086319187
911,c,18.93717458672226,19.403263218293034
912,c,28.07133383632504,46.046057274166294
913,c,110.92902077380327,110.92902077380327
914,c,18.833515641305414,22.403526536590103
915,c,110.92902077380327,110.92902077380327
916,c,110.92902077380327,110.92902077380327
917,c,15.442913860939607,15.560033487793145
918,c,11.322018072638103,18.616384344126924
919,t,110.92902077380327,110.92902077380327
920,c,110.92902077380327,110.92902077380327
921,c,23.917272388311314,27.069410246691326
922,c,110.92902077380327,110.92902077380327
923,c,24.356230966545745,28.774934227817813
924,c,65.9311240990192,66.71152731090244
925,c,30.677343942529433,34.20690957809717
926,c,6.862748116885411,7.4555376812157705
927,t,110.92902077380327,110.92902077380327
928,c,34.00168519369142,44.78995791429896
929,c,110.92902077380327,110.92902077380327
930,t,110.92902077380327,110.92902077380327
931,t,110.92902077380327,110.92902077380327
932,c,110.92902077380327,110.92902077380327
933,c,110.92902077380327,110.92902077380327
934,c,45.12121538301865,45.560762784715145
935,c,30.80576616043332,45.44657452584594
936,c,110.92902077380327,110.92902077380327
937,c,110.92902077380327,110.92902077380327
938,c,110.92902077380327,110.92902077380327
939,na,-1,0
940,c,110.92902077380327,110.92902077380327
941,c,20.311687091779227,32.74132005678349
942,c,110.92902077380327,110.92902077380327
943,t,110.92902077380327,110.92902077380327
944,c,110.92902077380327,110.92902077380327
945,c,110.92902077380327,110.92902077380327
946,c,110.92902077380327,110.92902077380327
947,c,110.92902077380327,110.92902077380327
948,c,110.92902077380327,110.92902077380327
949,c,48.496630113464114,51.261663378634324
950,t,110.92902077380327,110.92902077380327
951,c,110.92902077380327,110.92902077380327
952,c,9.245854778394367,10.79670983808607
953,c,110.92902077380327,110.92902077380327
954,c,15.378437476887758,16.496213074410132
955,c,37.84846344309829,39.62286952807418
956,c,14.017386286043637,16.19625550709151
957,t,110.92902077380327,110.92902077380327
958,t,110.92902077380327,110.92902077380327
959,c,31.226262988392964,110.92902077380327
960,t,110.92902077380327,110.92902077380327
961,c,110.92902077380327,110.92902077380327
962,c,110.92902077380327,110.92902077380327
963,c,110.92902077380327,110.92902077380327
964,c,28.551635839041396,28.78175572857793
965,c,110.92902077380327,110.92902077380327
966,c,110.92902077380327,110.92902077380327
967,t,110.92902077380327,110.92902077380327
968,c,110.92902077380327,110.92902077380327
969,c,18.776338831618013,23.082493920381058
970,c,13.802619019783437,15.427741154862758
971,c,110.92902077380327,110.92902077380327
972,t,110.92902077380327,110.92902077380327
973,t,110.92902077380327,110.92902077380327
974,t,110.92902077380327,110.92902077380327
975,c,110.92902077380327,110.92902077380327
976,c,53.45193002060561,55.01250509774305
977,c,110.92902077380327,110.92902077380327
978,c,28.138430805438734,42.22738666438168
979,c,25.386810413157868,32.057907001844264
980,t,110.92902077380327,110.92902077380327
981,c,110.92902077380327,110.92902077380327
982,c,29.431497490078097,110.92902077380327
983,c,29.949845337460722,40.80062040219495
984,c,34.62722638241612,42.3825514011191
985,c,110.92902077380327,110.92902077380327
986,t,110.92902077380327,110.92902077380327
987,c,49.31994951900314,70.30688317798011
988,c,110.92902077380327,110.92902077380327
989,c,49.9217399105555,61.35923221297245
990,c,110.92902077380327,110.92902077380327
991,c,110.92902077380327,110.92902077380327
992,na,2.7852227493568757,9.304783321330694
993,c,110.92902077380327,110.92902077380327
994,c,33.12477605488191,41.80446337706058
995,t,110.92902077380327,110.92902077380327
996,t,110.92902077380327,110.92902077380327
997,c,12.654632799637229,16.05506202679145
998,c,14.389011229139815,110.92902077380327
999,t,110.92902077380327,110.92902077380327
1000,c,110.92902077380327,110.92902077380327
1001,c,110.92902077380327,110.92902077380327
1002,c,110.92902077380327,110.92902077380327
1003,t,110.92902077380327,110.92902077380327
1004,c,110.92902077380327,110.92902077380327
1005,t,110.92902077380327,110.92902077380327
1006,c,110.92902077380327,110.92902077380327
1007,c,110.92902077380327,110.92902077380327
1008,c,54.73993809967478,57.82026801306387
1009,c,34.046410008614096,34.370164521332335
1010,c,13.054098067564414,21.7184337905306
1011,c,11.193966239368727,110.92902077380327
1012,c,110.92902077380327,110.92902077380327
1013,c,110.92902077380327,110.92902077380327
1014,c,110.92902077380327,110.92902077380327
1015,c,18.512634100343583,19.932031804562886
1016,t,110.92902077380327,110.92902077380327
1017,c,25.854142477071246,28.166600178671366
1018,c,33.70253227302487,36.76177933137177
1019,c,43.30219024291342,46.068597839981535
1020,t,110.92902077380327,110.92902077380327
1021,t,110.92902077380327,110.92902077380327
1022,c,33.76740719957722,37.39643185077134
1023,c,39.499042123349554,58.86780672406908
1024,t,110.92902077380327,110.92902077380327
1025,c,110.92902077380327,110.92902077380327
1026,c,9.177957615512044,110.92902077380327
1027,c,40.218447027850466,43.17353290182764
1028,c,110.92902077380327,110.92902077380327
1029,c,46.59601835218935,55.437681507282505
1030,c,110.92902077380327,110.92902077380327
1031,c,19.65549591693587,22.558912558807066
1032,c,110.92902077380327,110.92902077380327
1033,c,11.571731925207684,18.552246471369646
1034,c,52.01636251059536,52.59633244408174
1035,c,110.92902077380327,110.92902077380327
1036,c,110.92902077380327,110.92902077380327
1037,t,110.92902077380327,110.92902077380327
1038,t,110.92902077380327,110.92902077380327
1039,t,110.92902077380327,110.92902077380327
1040,t,110.92902077380327,110.92902077380327
1041,c,110.92902077380327,110.92902077380327
1042,c,110.92902077380327,110.92902077380327
1043,c,110.92902077380327,110.92902077380327
1044,c,110.92902077380327,110.92902077380327
1045,t,110.92902077380327,110.92902077380327
1046,t,110.92902077380327,110.92902077380327
1047,t,110.92902077380327,110.92902077380327
1048,c,37.51087759802658,42.96085434605284
1049,c,110.92902077380327,110.92902077380327
1050,na,4.414889192504293,5.928635375417144
1051,c,110.92902077380327,110.92902077380327
1052,c,86.57076092214515,87.83740384449247
1053,c,51.70091761501541,110.92902077380327
1054,c,36.53500723669544,36.825298853449276
1055,c,110.92902077380327,110.92902077380327
1056,c,110.92902077380327,110.92902077380327
1057,c,110.92902077380327,110.92902077380327
1058,c,110.92902077380327,110.92902077380327
1059,c,110.92902077380327,110.92902077380327
1060,c,110.92902077380327,110.92902077380327
1061,c,71.70808384357697,72.34604191658015
1062,c,110.92902077380327,110.92902077380327
1063,c,54.81396647019237,57.8413805804476
1064,c,17.452724019971143,17.61504524443419
1065,c,110.92902077380327,110.92902077380327
1066,c,59.49215943140027,60.04336034558211
1067,c,110.92902077380327,110.92902077380327
1068,t,110.92902077380327,110.92902077380327
1069,c,18.71710161040559,20.982806033730732
1070,c,24.972549083714394,32.50294439555875
1071,c,29.32921638138304,31.24246384061396
1072,c,110.92902077380327,110.92902077380327
1073,c,110.92902077380327,110.92902077380327
1074,c,110.92902077380327,110.92902077380327
1075,t,110.92902077380327,110.92902077380327
1076,c,110.92902077380327,110.92902077380327
1077,c,20.691240055680513,29.546442331138337
1078,c,22.60125417958735,22.622348261852686
1079,c,110.92902077380327,110.92902077380327
1080,c,110.92902077380327,110.92902077380327
1081,c,44.38945757840714,51.1404566930605
1082,c,110.92902077380327,110.92902077380327
1083,c,110.92902077380327,110.92902077380327
1084,c,110.92902077380327,110.92902077380327
1085,t,110.92902077380327,110.92902077380327
1086,c,110.92902077380327,110.92902077380327
1087,t,110.92902077380327,110.92902077380327
1088,c,22.551936051145898,110.92902077380327
1089,c,110.92902077380327,110.92902077380327
1090,c,110.92902077380327,110.92902077380327
1091,c,110.92902077380327,110.92902077380327
1092,c,29.309562662296624,37.84135786745804
1093,c,110.92902077380327,110.92902077380327
1094,c,23.68158801844999,110.92902077380327
1095,c,38.870149655558514,42.131438467582036
1096,c,110.92902077380327,110.92902077380327
1097,c,110.92902077380327,110.92902077380327
1098,c,17.322702241704548,21.52544743933268
1099,c,110.92902077380327,110.92902077380327
1100,c,110.92902077380327,110.92902077380327
1101,c,35.45302241036997,41.33186303363769
1102,c,110.92902077380327,110.92902077380327
1103,c,110.92902077380327,110.92902077380327
1104,c,110.92902077380327,110.92902077380327
1105,t,110.92902077380327,110.92902077380327
1106,c,110.92902077380327,110.92902077380327
1107,t,110.92902077380327,110.92902077380327
1108,c,32.07161580898257,34.615021156545524
1109,c,54.180386347936334,54.68013520149882
1110,t,110.92902077380327,110.92902077380327
1111,c,6.321560866216173,11.178194955928927
1112,t,110.92902077380327,110.92902077380327
1113,c,110.92902077380327,110.92902077380327
1114,c,110.92902077380327,110.92902077380327
1115,na,0,3.4559141775286966
1116,c,110.92902077380327,110.92902077380327
1117,c,110.92902077380327,110.92902077380327
1118,c,38.82134163599391,41.32141007359178
1119,c,28.371232852764646,31.74093889441341
1120,c,25.19803885827164,50.24954862879641
1121,c,110.92902077380327,110.92902077380327
1122,c,110.92902077380327,110.92902077380327
1123,c,15.238740104775893,15.249647526253563
1124,c,110.92902077380327,110.92902077380327
1125,t,110.92902077380327,110.92902077380327
1126,t,110.92902077380327,110.92902077380327
1127,c,110.92902077380327,110.92902077380327
1128,c,25.858154351264332,32.26933570805098
1129,c,110.92902077380327,110.92902077380327
1130,t,110.92902077380327,110.92902077380327
1131,c,47.606272536402614,47.66910394075306
1132,t,110.92902077380327,110.92902077380327
1133,c,110.92902077380327,110.92902077380327
1134,c,110.92902077380327,110.92902077380327
1135,c,39.9613448476922,39.999273264126195
1136,t,110.92902077380327,110.92902077380327
1137,c,110.92902077380327,110.92902077380327
1138,c,17.20786544388287,20.285963124384043
1139,c,31.836738688967333,34.65872292034435
1140,c,89.24755652012578,89.31489739735771
1141,c,110.92902077380327,110.92902077380327
1142,c,14.63381292233896,19.57360281596105
1143,t,110.92902077380327,110.92902077380327
1144,c,26.656230852310077,31.20644116285879
1145,c,46.834320373119006,49.674859335213924
1146,t,110.92902077380327,110.92902077380327
1147,c,18.01485451122138,18.95202228093864
1148,c,110.92902077380327,110.92902077380327
1149,c,110.92902077380327,110.92902077380327
1150,c,33.995197993647615,37.22361018382928
1151,c,15.32688404097254,21.87118184173043
1152,t,110.92902077380327,110.92902077380327
1153,c,7.860111047259992,10.9467146382975
1154,c,21.64244987062163,26.57870116722023
1155,t,110.92902077380327,110.92902077380327
1156,c,32.64388402134476,35.82350551449469
1157,c,38.66514574320723,40.09798935393329
1158,t,110.92902077380327,110.92902077380327
1159,t,110.92902077380327,110.92902077380327
1160,c,110.92902077380327,110.92902077380327
1161,c,30.821746988840463,31.286076806618155
1162,c,110.92902077380327,110.92902077380327
1163,c,110.92902077380327,110.92902077380327
1164,c,110.92902077380327,110.92902077380327
1165,c,29.825733794671258,31.279683032732272
1166,c,25.913752178841712,29.16493888964486
1167,c,110.92902077380327,110.92902077380327
1168,t,110.92902077380327,110.92902077380327
1169,t,110.92902077380327,110.92902077380327
1170,c,110.92902077380327,110.92902077380327
1171,t,110.92902077380327,110.92902077380327
1172,c,13.88137437026967,14.278151490489892
1173,c,28.64446109183552,33.918931453604905
1174,c,15.91042901513808,27.171403736417666
1175,c,16.4968871271627,21.153224153683777
1176,t,110.92902077380327,110.92902077380327
1177,c,34.74407930692486,35.462198674736065
1178,c,110.92902077380327,110.92902077380327
1179,c,52.328209839858204,71.75876784021405
1180,c,110.92902077380327,110.92902077380327
1181,t,110.92902077380327,110.92902077380327
1182,c,110.92902077380327,110.92902077380327
1183,c,20.767959809887287,26.055002468764684
1184,c,110.92902077380327,110.92902077380327
1185,c,44.671632753959855,48.88573833525046
1186,c,110.92902077380327,110.92902077380327
1187,c,19.196661746383057,22.278186693723185
1188,c,42.14760892306041,42.62083218003335
1189,c,31.097366524374912,41.72465296571601
1190,t,110.92902077380327,110.92902077380327
1191,c,19.723383247095388,20.714121757138074
1192,c,110.92902077380327,110.92902077380327
1193,c,21.45309483764191,23.80507441218019
1194,c,5.320220283311793,9.624054845275094
1195,t,110.92902077380327,110.92902077380327
1196,c,110.92902077380327,110.92902077380327
1197,c,110.92902077380327,110.92902077380327
1198,c,24.136934173447287,25.243875702546863
1199,c,110.92902077380327,110.92902077380327
1200,c,30.604119099858636,32.155251207130185
1201,c,45.247622718216036,45.838266137520066
1202,c,110.92902077380327,110.92902077380327
1203,c,57.95381116084468,65.74595962406093
1204,c,110.92902077380327,110.92902077380327
1205,c,7.729126526132356,21.769666693374457
1206,c,37.44819818241649,40.930618192423736
1207,t,110.92902077380327,110.92902077380327
1208,c,110.92902077380327,110.92902077380327
1209,c,43.27128209825773,43.84091679747166
1210,c,110.92902077380327,110.92902077380327
1211,c,110.92902077380327,110.92902077380327
1212,c,110.92902077380327,110.92902077380327
1213,c,110.92902077380327,110.92902077380327
1214,t,110.92902077380327,110.92902077380327
1215,c,19.409055407467118,20.673811486908104
1216,t,110.92902077380327,110.92902077380327
1217,c,26.814049830836368,28.207328276762812
1218,t,110.92902077380327,110.92902077380327
1219,c,110.92902077380327,110.92902077380327
1220,na,5.673495170008657,18.657089180906798
1221,c,110.92902077380327,110.92902077380327
1222,c,29.768375213093808,39.201018024626414
1223,t,110.92902077380327,110.92902077380327
1224,t,110.92902077380327,110.92902077380327
1225,c,23.087633102909763,24.11506050092812
1226,t,110.92902077380327,110.92902077380327
1227,c,110.92902077380327,110.92902077380327
1228,c,20.12221608067681,27.955408087310765
1229,c,47.4909593519305,50.81904995618224
1230,c,110.92902077380327,110.92902077380327
1231,t,110.92902077380327,110.92902077380327
1232,c,62.06772434535723,66.21950053897248
1233,c,31.98011982781097,32.38490529355564
1234,c,110.92902077380327,110.92902077380327
1235,c,110.92902077380327,110.92902077380327
1236,c,110.92902077380327,110.92902077380327
1237,c,11.190819083835537,14.714644185002657
1238,c,21.435129674020537,33.527404824454
1239,t,110.92902077380327,110.92902077380327
1240,c,110.92902077380327,110.92902077380327
1241,c,110.92902077380327,110.92902077380327
1242,c,110.92902077380327,110.92902077380327
1243,c,110.92902077380327,110.92902077380327
1244,t,110.92902077380327,110.92902077380327
1245,t,110.92902077380327,110.92902077380327
1246,c,110.92902077380327,110.92902077380327
1247,c,110.92902077380327,110.92902077380327
1248,c,110.92902077380327,110.92902077380327
1249,c,110.92902077380327,110.92902077380327
1250,t,110.92902077380327,110.92902077380327
1251,c,110.92902077380327,110.92902077380327
1252,t,110.92902077380327,110.92902077380327
1253,t,110.92902077380327,110.92902077380327
1254,c,8.711308410134555,11.187961139596485
1255,t,110.92902077380327,110.92902077380327
1256,t,110.92902077380327,110.92902077380327
1257,t,110.92902077380327,110.92902077380327
1258,c,18.583230337436763,25.586150286612103
1259,c,110.92902077380327,110.92902077380327
1260,c,110.92902077380327,110.92902077380327
1261,c,12.6011460676998,14.559969421288102
1262,c,110.92902077380327,110.92902077380327
1263,c,13.894173362794099,15.980242201118298
1264,c,110.92902077380327,110.92902077380327
1265,c,50.60792464213291,73.97267880799006
1266,c,110.92902077380327,110.92902077380327
1267,c,40.145282162882104,43.66889050987078
1268,c,110.92902077380327,110.92902077380327
1269,c,110.92902077380327,110.92902077380327
1270,t,110.92902077380327,110.92902077380327
1271,c,110.92902077380327,110.92902077380327
1272,t,110.92902077380327,110.92902077380327
1273,c,110.92902077380327,110.92902077380327
1274,c,110.92902077380327,110.92902077380327
1275,c,36.52633820968536,37.29320421869768
1276,c,38.2902078520402,110.92902077380327
1277,t,110.92902077380327,110.92902077380327
1278,c,110.92902077380327,110.92902077380327
1279,c,110.92902077380327,110.92902077380327
1280,c,36.647887375031225,43.164766061391965
1281,c,47.42809788044665,53.72463013322402
1282,c,20.865854119223417,22.390981010749265
1283,c,110.92902077380327,110.92902077380327
1284,t,110.92902077380327,110.92902077380327
1285,t,110.92902077380327,110.92902077380327
1286,t,110.92902077380327,110.92902077380327
1287,c,25.03060531644582,28.875059617791035
1288,c,17.923007105875396,19.89999340712175
1289,c,110.92902077380327,110.92902077380327
1290,t,110.92902077380327,110.92902077380327
1291,c,110.92902077380327,110.92902077380327
1292,t,110.92902077380327,110.92902077380327
1293,t,110.92902077380327,110.92902077380327
1294,c,110.92902077380327,110.92902077380327
1295,c,55.09374597638076,55.35002952828109
1296,c,110.92902077380327,110.92902077380327
1297,c,49.7632598141076,49.77362908348596
1298,c,32.42280016163538,37.81939186162986
1299,c,71.3116493745658,76.73445591820612
1300,c,29.185949745735705,35.021444427830694
1301,c,110.92902077380327,110.92902077380327
1302,c,110.92902077380327,110.92902077380327
1303,c,110.92902077380327,110.92902077380327
1304,c,45.24646328575436,46.9157798944719
1305,c,26.998700667207203,28.55209948216639
1306,c,36.09639149789854,38.845116061598766
1307,t,110.92902077380327,110.92902077380327
1308,c,110.92902077380327,110.92902077380327
1309,c,110.92902077380327,110.92902077380327
1310,na,-1,0
1311,t,110.92902077380327,110.92902077380327
1312,c,110.92902077380327,110.92902077380327
1313,c,110.92902077380327,110.92902077380327
1314,c,110.92902077380327,110.92902077380327
1315,c,31.105161942251357,42.86812581450588
1316,t,110.92902077380327,110.92902077380327
1317,c,110.92902077380327,110.92902077380327
1318,c,32.19125110466954,42.33838677329234
1319,c,110.92902077380327,110.92902077380327
1320,c,18.971356236244333,27.59040793162457
1321,c,110.92902077380327,110.92902077380327
1322,c,19.24641720299562,19.375406548589847
1323,c,110.92902077380327,110.92902077380327
1324,c,43.26749463213542,47.99350236850821
1325,c,110.92902077380327,110.92902077380327
1326,c,110.92902077380327,110.92902077380327
1327,t,110.92902077380327,110.92902077380327
1328,c,110.92902077380327,110.92902077380327
1329,c,9.451831894377586,13.043321231093003
1330,t,110.92902077380327,110.92902077380327
1331,c,32.93384008391627,34.21219361829146
1332,c,110.92902077380327,110.92902077380327
1333,c,110.92902077380327,110.92902077380327
1334,c,14.184295440333452,28.195028926004177
1335,t,110.92902077380327,110.92902077380327
1336,c,26.027012734597466,34.71993246594827
1337,c,110.92902077380327,110.92902077380327
1338,c,31.059543741646124,37.73890042777935
1339,c,50.98871135200938,52.755597514724535
1340,c,110.92902077380327,110.92902077380327
1341,c,20.048678277710156,23.527357938038264
1342,c,110.92902077380327,110.92902077380327
1343,c,110.92902077380327,110.92902077380327
1344,c,110.92902077380327,110.92902077380327
1345,c,110.92902077380327,110.92902077380327
1346,c,50.73201696006243,110.92902077380327
1347,c,110.92902077380327,110.92902077380327
1348,c,110.92902077380327,110.92902077380327
1349,c,110.92902077380327,110.92902077380327
1350,c,36.00641115018877,41.531178212675684
1351,c,110.92902077380327,110.92902077380327
1352,t,110.92902077380327,110.92902077380327
1353,c,110.92902077380327,110.92902077380327
1354,c,110.92902077380327,110.92902077380327
1355,c,110.92902077380327,110.92902077380327
1356,c,50.036154674904424,110.92902077380327
1357,c,110.92902077380327,110.92902077380327
1358,t,110.92902077380327,110.92902077380327
1359,c,24.8689744384321,26.904623881287122
1360,c,110.92902077380327,110.92902077380327
1361,c,33.94101140865263,38.1319082852872
1362,c,12.763094895468488,16.504593566418354
1363,c,110.92902077380327,110.92902077380327
1364,t,110.92902077380327,110.92902077380327
1365,c,110.92902077380327,110.92902077380327
1366,c,110.92902077380327,110.92902077380327
1367,t,110.92902077380327,110.92902077380327
1368,c,1.2064930954220972,11.666945562773234
1369,t,110.92902077380327,110.92902077380327
1370,c,110.92902077380327,110.92902077380327
1371,c,110.92902077380327,110.92902077380327
1372,t,110.92902077380327,110.92902077380327
1373,c,39.32943657600691,49.12852124108613
1374,c,110.92902077380327,110.92902077380327
1375,c,110.92902077380327,110.92902077380327
1376,c,110.92902077380327,110.92902077380327
1377,c,110.92902077380327,110.92902077380327
1378,c,110.92902077380327,110.92902077380327
1379,c,31.175033105226003,36.61855911577669
1380,c,22.224327424822135,27.01234482903627
1381,na,0.31363149494156534,3.3478017141168745
1382,c,21.131384616033557,27.079419206614038
1383,c,47.598916130241676,50.465037277468596
1384,c,14.029143688713587,18.885566955067873
1385,c,7.351673019061921,11.539913803115017
1386,c,110.92902077380327,110.92902077380327
1387,t,110.92902077380327,110.92902077380327
1388,c,23.313783478428366,40.421572344264526
1389,c,110.92902077380327,110.92902077380327
1390,t,110.92902077380327,110.92902077380327
1391,c,22.46297153446654,24.187758107042995
1392,t,110.92902077380327,110.92902077380327
1393,c,110.92902077380327,110.92902077380327
1394,t,110.92902077380327,110.92902077380327
1395,t,110.92902077380327,110.92902077380327
1396,c,110.92902077380327,110.92902077380327
1397,c,110.92902077380327,110.92902077380327
1398,c,110.92902077380327,110.92902077380327
1399,c,110.92902077380327,110.92902077380327
1400,c,110.92902077380327,110.92902077380327
1401,c,45.700504390251545,48.62444405017334
1402,t,110.92902077380327,110.92902077380327
1403,c,110.92902077380327,110.92902077380327
1404,t,110.92902077380327,110.92902077380327
1405,c,110.92902077380327,110.92902077380327
1406,t,110.92902077380327,110.92902077380327
1407,c,110.92902077380327,110.92902077380327
1408,c,22.35921256640122,110.92902077380327
1409,c,110.92902077380327,110.92902077380327
1410,c,110.92902077380327,110.92902077380327
1411,c,22.84300166013124,25.969725210898012
1412,c,110.92902077380327,110.92902077380327
1413,c,110.92902077380327,110.92902077380327
1414,c,69.69337470695302,110.92902077380327
1415,c,110.92902077380327,110.92902077380327
1416,c,24.432782491711016,35.25453268298184
1417,c,110.92902077380327,110.92902077380327
1418,c,110.92902077380327,110.92902077380327
1419,c,8.832454417934542,9.85499720418775
1420,t,110.92902077380327,110.92902077380327
1421,c,110.92902077380327,110.92902077380327
1422,c,110.92902077380327,110.92902077380327
1423,t,110.92902077380327,110.92902077380327
1424,c,27.834742737154222,31.762022592327284
1425,c,35.486226520801466,36.40054135597331
1426,c,29.184999956396744,31.689999348554863
1427,c,11.543950454070027,11.852085291601224
1428,c,35.75801372090297,42.329900482079
1429,c,110.92902077380327,110.92902077380327
1430,c,21.462963994379734,22.064760252826463
1431,c,110.92902077380327,110.92902077380327
1432,t,110.92902077380327,110.92902077380327
1433,c,13.40266172143717,16.81396095050802
1434,c,110.92902077380327,110.92902077380327
1435,c,7.781188219678502,7.982841694369173
1436,c,62.03739169048497,62.28631866438843
1437,c,110.92902077380327,110.92902077380327
1438,c,110.92902077380327,110.92902077380327
1439,c,110.92902077380327,110.92902077380327
1440,c,110.92902077380327,110.92902077380327
1441,c,110.92902077380327,110.92902077380327
1442,c,40.317444224057574,40.59138694093356
1443,t,110.92902077380327,110.92902077380327
1444,t,110.92902077380327,110.92902077380327
1445,t,110.92902077380327,110.92902077380327
1446,c,110.92902077380327,110.92902077380327
1447,c,110.92902077380327,110.92902077380327
1448,c,28.38187580371671,37.06887377772709
1449,t,110.92902077380327,110.92902077380327
1450,c,110.92902077380327,110.92902077380327
1451,c,21.225363831209318,30.401409078903203
1452,c,110.92902077380327,110.92902077380327
1453,c,63.43349871888462,67.98147295582287
1454,c,8.536271761245315,11.436057800082208
1455,c,110.92902077380327,110.92902077380327
1456,c,110.92902077380327,110.92902077380327
1457,t,110.92902077380327,110.92902077380327
1458,t,110.92902077380327,110.92902077380327
1459,t,110.92902077380327,110.92902077380327
1460,c,110.92902077380327,110.92902077380327
1461,c,18.01765231581825,18.88899757209197
1462,c,110.92902077380327,110.92902077380327
1463,t,110.92902077380327,110.92902077380327
1464,c,110.92902077380327,110.92902077380327
1465,c,32.01648082356534,34.160765904147986
1466,na,2.248836384727807,14.174832526595766
1467,c,34.130486245913794,42.53743601594638
1468,c,110.92902077380327,110.92902077380327
1469,c,37.60583582207715,37.698912915159184
1470,c,110.92902077380327,110.92902077380327
1471,c,110.92902077380327,110.92902077380327
1472,c,110.92902077380327,110.92902077380327
1473,c,37.370259757073335,40.347876525544144
1474,c,76.13996138731231,80.54749067098392
1475,c,110.92902077380327,110.92902077380327
1476,t,110.92902077380327,110.92902077380327
1477,c,110.92902077380327,110.92902077380327
1478,c,110.92902077380327,110.92902077380327
1479,c,110.92902077380327,110.92902077380327
1480,c,110.92902077380327,110.92902077380327
1481,c,110.92902077380327,110.92902077380327
1482,c,15.478090334541823,16.334852779292127
1483,c,15.966101230835273,25.268569975558233
1484,c,39.6020321165432,42.52628515257379
1485,t,110.92902077380327,110.92902077380327
1486,c,73.89550143420766,75.2009467949526
1487,t,110.92902077380327,110.92902077380327
1488,c,35.22029337301412,36.08497548767909
1489,c,110.92902077380327,110.92902077380327
1490,c,110.92902077380327,110.92902077380327
1491,c,110.92902077380327,110.92902077380327
1492,t,110.92902077380327,110.92902077380327
1493,c,60.39892932763269,70.93775669416824
1494,c,64.46007940042348,110.92902077380327
1495,c,110.92902077380327,110.92902077380327
1496,c,110.92902077380327,110.92902077380327
1497,c,110.92902077380327,110.92902077380327
1498,c,110.92902077380327,110.92902077380327
1499,t,110.92902077380327,110.92902077380327
1500,t,110.92902077380327,110.92902077380327
1501,c,38.48101747417067,38.933135921365015
1502,c,18.923831909760263,20.08034251990191
1503,c,19.376317611448926,25.468988627388327
1504,c,110.92902077380327,110.92902077380327
1505,t,110.92902077380327,110.92902077380327
1506,c,12.699066928307515,23.782197833489487
1507,na,8.853124206608284,12.35057527455054
1508,c,50.889830523829325,58.41302838349996
1509,c,110.92902077380327,110.92902077380327
1510,c,110.92902077380327,110.92902077380327
1511,c,110.92902077380327,110.92902077380327
1512,t,110.92902077380327,110.92902077380327
1513,c,110.92902077380327,110.92902077380327
1514,c,18.0789882161843,30.897826896350175
1515,c,110.92902077380327,110.92902077380327
1516,c,24.38160502782545,28.697239157519473
1517,t,110.92902077380327,110.92902077380327
1518,t,110.92902077380327,110.92902077380327
1519,t,110.92902077380327,110.92902077380327
1520,t,110.92902077380327,110.92902077380327
1521,c,110.92902077380327,110.92902077380327
1522,c,15.17137739777404,16.00469622750451
1523,t,110.92902077380327,110.92902077380327
1524,c,110.92902077380327,110.92902077380327
1525,c,25.961034628680842,26.322963133133523
1526,c,110.92902077380327,110.92902077380327
1527,c,23.986671005963,24.159611097597782
1528,t,110.92902077380327,110.92902077380327
1529,c,110.92902077380327,110.92902077380327
1530,c,38.74886809941763,39.64625296212782
1531,t,110.92902077380327,110.92902077380327
1532,c,36.00631279603877,36.66295409101934
1533,c,30.59522381053163,31.443274683488916
1534,c,110.92902077380327,110.92902077380327
1535,c,110.92902077380327,110.92902077380327
1536,t,110.92902077380327,110.92902077380327
1537,t,110.92902077380327,110.92902077380327
1538,c,110.92902077380327,110.92902077380327
1539,t,110.92902077380327,110.92902077380327
1540,c,110.92902077380327,110.92902077380327
1541,c,110.92902077380327,110.92902077380327
1542,t,110.92902077380327,110.92902077380327
1543,c,110.92902077380327,110.92902077380327
1544,c,110.92902077380327,110.92902077380327
1545,c,12.940998126573906,14.1095954172606
1546,c,64.10431391360815,68.60491115340626
1547,c,44.68639782540057,50.9552204579045
1548,c,33.886138999772676,46.01313460323552
1549,c,33.31560367664084,110.92902077380327
1550,c,11.251560928074111,11.33375151876953
1551,c,87.20459113463693,87.9354175150442
1552,t,110.92902077380327,110.92902077380327
1553,c,21.21874935346608,26.92987617761887
1554,c,110.92902077380327,110.92902077380327
1555,t,110.92902077380327,110.92902077380327
1556,c,10.553723424523632,20.11733033831971
1557,c,110.92902077380327,110.92902077380327
1558,c,26.14677085475991,29.615555642818492
1559,c,2.1619423583841373,4.641947728922552
1560,c,110.92902077380327,110.92902077380327
1561,c,110.92902077380327,110.92902077380327
1562,t,110.92902077380327,110.92902077380327
1563,t,110.92902077380327,110.92902077380327
1564,c,110.92902077380327,110.92902077380327
1565,c,110.92902077380327,110.92902077380327
1566,c,110.92902077380327,110.92902077380327
1567,t,110.92902077380327,110.92902077380327
1568,c,29.9557160871579,45.35755153278685
1569,c,20.085352910923483,23.929857811433784
1570,c,14.507270890259212,110.92902077380327
1571,c,110.92902077380327,110.92902077380327
1572,c,110.92902077380327,110.92902077380327
1573,c,110.92902077380327,110.92902077380327
1574,c,10.908869599850151,17.823079927951
1575,c,51.5892332009529,54.771651582253476
1576,t,110.92902077380327,110.92902077380327
1577,t,110.92902077380327,110.92902077380327
1578,c,110.92902077380327,110.92902077380327
1579,c,110.92902077380327,110.92902077380327
1580,c,25.725537493401436,110.92902077380327
1581,c,42.556824038567356,49.00915386701708
1582,c,10.220596488005203,11.311660642332981
1583,na,0,2.317410712162804
1584,c,59.218158438573425,61.875220118839486
1585,c,29.787813531399337,37.372642843208745
1586,c,34.707587863207856,39.8589350495556
1587,c,110.92902077380327,110.92902077380327
1588,t,110.92902077380327,110.92902077380327
1589,c,110.92902077380327,110.92902077380327
1590,t,110.92902077380327,110.92902077380327
1591,c,21.74039386225874,29.042495355681776
1592,t,110.92902077380327,110.92902077380327
1593,c,43.382253896614436,49.028917893953306
1594,c,83.5296344957332,91.5799429165095
1595,t,110.92902077380327,110.92902077380327
1596,c,90.63191377271356,93.54895280715851
1597,t,110.92902077380327,110.92902077380327
1598,c,110.92902077380327,110.92902077380327
1599,c,110.92902077380327,110.92902077380327
1600,c,110.92902077380327,110.92902077380327
1601,c,24.61367437362123,26.094915057496422
1602,c,110.92902077380327,110.92902077380327
1603,c,110.92902077380327,110.92902077380327
1604,c,110.92902077380327,110.92902077380327
1605,c,110.92902077380327,110.92902077380327
1606,c,110.92902077380327,110.92902077380327
1607,c,110.92902077380327,110.92902077380327
1608,c,19.006752420081547,22.291612058815954
1609,c,110.92902077380327,110.92902077380327
1610,c,26.216317420605844,28.221771190407726
1611,c,54.60378706110015,64.95917415152415
1612,c,17.12131107404195,25.380569098121867
1613,c,27.835674763125887,30.586275635117616
1614,c,18.577603797345354,19.835635803498437
1615,c,14.802844857648982,15.593725490117777
1616,c,41.81068536978224,42.05118337199389
1617,c,86.22075681057235,89.28764290508582
1618,c,21.154690733694416,21.285215241382645
1619,t,110.92902077380327,110.92902077380327
1620,c,110.92902077380327,110.92902077380327
1621,t,110.92902077380327,110.92902077380327
1622,c,42.0544935499347,110.92902077380327
1623,c,58.60476106178704,60.81630440411159
1624,c,110.92902077380327,110.92902077380327
1625,c,3.344826459101128,4.706723881249189
1626,t,110.92902077380327,110.92902077380327
1627,t,110.92902077380327,110.92902077380327
1628,c,48.29033546662059,54.024075701923344
1629,c,71.72851969913609,76.9211034470864
1630,t,110.92902077380327,110.92902077380327
1631,c,72.02091544906007,72.50996881574589
1632,c,110.92902077380327,110.92902077380327
1633,c,110.92902077380327,110.92902077380327
1634,c,25.97687753175388,27.38883739475983
1635,c,23.481182419504204,32.67633171547522
1636,c,8.702867507325399,12.090817696289186
1637,c,110.92902077380327,110.92902077380327
1638,t,110.92902077380327,110.92902077380327
1639,c,110.92902077380327,110.92902077380327
1640,c,110.92902077380327,110.92902077380327
1641,c,33.7533102513234,35.07754130563358
1642,c,19.123688789752546,20.163339073512212
1643,t,110.92902077380327,110.92902077380327
1644,c,110.92902077380327,110.92902077380327
1645,c,110.92902077380327,110.92902077380327
1646,t,110.92902077380327,110.92902077380327
1647,c,30.5861111004989,110.92902077380327
1648,t,110.92902077380327,110.92902077380327
1649,c,110.92902077380327,110.92902077380327
1650,c,33.16246205638758,34.071341716590425
1651,c,110.92902077380327,110.92902077380327
1652,t,110.92902077380327,110.92902077380327
1653,c,29.50936163375501,50.22765981542571
1654,na,1.6523476002717847,110.92902077380327
1655,c,26.602681314300046,31.39539155440919
1656,c,32.028881914235136,37.99545952535628
1657,c,110.92902077380327,110.92902077380327
1658,c,25.827201408934048,26.951748422132862
1659,t,110.92902077380327,110.92902077380327
1660,c,110.92902077380327,110.92902077380327
1661,c,110.92902077380327,110.92902077380327
1662,c,11.210640166523385,11.89147367455058
1663,c,28.162029933616996,33.46992691724453
1664,c,110.92902077380327,110.92902077380327
1665,c,110.92902077380327,110.92902077380327
1666,c,89.90002985375835,90.65464716217043
1667,c,31.786503158283548,36.12139217981809
1668,c,102.147709803324,106.1529888525577
1669,t,110.92902077380327,110.92902077380327
1670,t,110.92902077380327,110.92902077380327
1671,t,110.92902077380327,110.92902077380327
1672,c,110.92902077380327,110.92902077380327
1673,t,110.92902077380327,110.92902077380327
1674,c,110.92902077380327,110.92902077380327
1675,t,110.92902077380327,110.92902077380327
1676,c,110.92902077380327,110.92902077380327
1677,c,110.92902077380327,110.92902077380327
1678,c,48.38786985165661,48.652714380964305
1679,t,110.92902077380327,110.92902077380327
1680,t,110.92902077380327,110.92902077380327
1681,c,110.92902077380327,110.92902077380327
1682,c,110.92902077380327,110.92902077380327
1683,c,110.92902077380327,110.92902077380327
1684,c,42.632372816721976,45.74973545393061
1685,t,110.92902077380327,110.92902077380327
1686,c,14.263545337614586,15.70492046814359
1687,c,31.387650693209444,34.77307383753544
1688,c,110.92902077380327,110.92902077380327
1689,c,40.24550238861621,47.35878588994793
1690,na,0,7.188288874429758
1691,t,110.92902077380327,110.92902077380327
1692,t,110.92902077380327,110.92902077380327
1693,c,27.335368255316183,28.849412596097824
1694,c,110.92902077380327,110.92902077380327
1695,c,110.92902077380327,110.92902077380327
1696,c,30.311387202893062,41.016596522659306
1697,t,110.92902077380327,110.92902077380327
1698,c,23.591085903130832,26.442624688295812
1699,c,110.92902077380327,110.92902077380327
1700,c,35.43037138021551,35.51631770791496
1701,c,110.92902077380327,110.92902077380327
1702,c,110.92902077380327,110.92902077380327
1703,c,110.92902077380327,110.92902077380327
1704,c,53.5301027091698,64.0115234568479
1705,c,9.463085341405469,20.002631387742106
1706,t,110.92902077380327,110.92902077380327
1707,c,12.34193639505887,20.928596808171008
1708,c,16.591093920459866,36.90710791708149
1709,c,18.601997185544093,24.787119178460202
1710,c,80.57566690887603,86.76206291581097
1711,c,110.92902077380327,110.92902077380327
1712,na,3.417079178701075,4.815727174820863
1713,c,24.419381393274953,24.56126079907238
1714,t,110.92902077380327,110.92902077380327
1715,c,110.92902077380327,110.92902077380327
1716,c,110.92902077380327,110.92902077380327
1717,t,110.92902077380327,110.92902077380327
1718,c,23.75450206448071,29.36812660767224
1719,c,29.36272185269415,32.112021096287904
1720,c,110.92902077380327,110.92902077380327
1721,t,110.92902077380327,110.92902077380327
1722,c,110.92902077380327,110.92902077380327
1723,na,4.082721062766213,7.710625654157221
1724,c,51.05814237680428,52.29559329060267
1725,c,110.92902077380327,110.92902077380327
1726,c,110.92902077380327,110.92902077380327
1727,c,6.1636165885245475,6.335292130945404
1728,t,110.92902077380327,110.92902077380327
1729,c,110.92902077380327,110.92902077380327
1730,c,42.63726483064746,47.53756039670024
1731,c,110.92902077380327,110.92902077380327
1732,t,110.92902077380327,110.92902077380327
1733,c,110.92902077380327,110.92902077380327
1734,t,110.92902077380327,110.92902077380327
1735,t,110.92902077380327,110.92902077380327
1736,c,110.92902077380327,110.92902077380327
1737,c,110.92902077380327,110.92902077380327
1738,t,110.92902077380327,110.92902077380327
1739,c,110.92902077380327,110.92902077380327
1740,c,110.92902077380327,110.92902077380327
1741,t,110.92902077380327,110.92902077380327
1742,c,110.92902077380327,110.92902077380327
1743,c,110.92902077380327,110.92902077380327
1744,c,110.92902077380327,110.92902077380327
1745,c,3.459004339572095,4.318830799486323
1746,t,110.92902077380327,110.92902077380327
1747,t,110.92902077380327,110.92902077380327
1748,c,41.32710638658912,42.62558512408963
1749,c,24.983735570902983,28.498761231362167
1750,c,110.92902077380327,110.92902077380327
1751,c,110.92902077380327,110.92902077380327
1752,c,17.246632145967386,22.580681547006645
1753,t,110.92902077380327,110.92902077380327
1754,c,110.92902077380327,110.92902077380327
1755,c,110.92902077380327,110.92902077380327
1756,na,0,3.0174434863818913
1757,c,110.92902077380327,110.92902077380327
1758,t,110.92902077380327,110.92902077380327
1759,c,30.91511858688469,31.979526349483685
1760,c,110.92902077380327,110.92902077380327
1761,c,110.92902077380327,110.92902077380327
1762,c,110.92902077380327,110.92902077380327
1763,c,37.856079547247404,47.521231982499145
1764,c,27.395173358134528,28.51371018516766
1765,c,110.92902077380327,110.92902077380327
1766,c,110.92902077380327,110.92902077380327
1767,c,110.92902077380327,110.92902077380327
1768,t,110.92902077380327,110.92902077380327
1769,c,39.72749780702383,44.69966006228467
1770,c,110.92902077380327,110.92902077380327
1771,c,48.76134059545857,50.236378515555245
1772,c,110.92902077380327,110.92902077380327
1773,t,110.92902077380327,110.92902077380327
1774,c,38.780599633340046,39.204857512544166
1775,c,36.640055699423726,37.268620790526064
1776,c,31.250305314895023,34.51841340349131
1777,c,30.542890533898923,35.25532956154618
1778,c,44.44803580537901,44.61369552599969
1779,c,19.05311399589348,19.84010098826754
1780,t,110.92902077380327,110.92902077380327
1781,c,110.92902077380327,110.92902077380327
1782,t,110.92902077380327,110.92902077380327
1783,c,29.810880345710586,31.718280373589618
1784,c,25.03220448935158,30.80079748629185
1785,t,110.92902077380327,110.92902077380327
1786,c,41.28736831185703,41.976269131692675
1787,c,110.92902077380327,110.92902077380327
1788,c,110.92902077380327,110.92902077380327
1789,c,28.412759318909522,30.62743931338555
1790,t,110.92902077380327,110.92902077380327
1791,t,110.92902077380327,110.92902077380327
1792,c,110.92902077380327,110.92902077380327
1793,c,33.52982779282253,33.83579365051488
1794,c,34.15228376199385,44.27321097832902
1795,c,18.120385884331334,18.388863558965603
1796,c,110.92902077380327,110.92902077380327
1797,c,23.707366719438497,29.02138168169415
1798,t,110.92902077380327,110.92902077380327
1799,c,31.288902762207776,40.608388009003576
1800,c,27.082461286176873,33.605941537633505
1801,c,23.986868848850843,24.0132430111215
1802,c,52.16282146405559,63.16070731423715
1803,c,110.92902077380327,110.92902077380327
1804,c,27.867742510417337,28.789139935962034
1805,c,23.135177921838167,34.277647819601675
1806,c,78.36561251090312,80.1150453450245
1807,c,110.92902077380327,110.92902077380327
1808,c,51.25438505390712,62.749605111968
1809,c,28.835717874198913,29.555792125593232
1810,c,110.92902077380327,110.92902077380327
1811,c,35.09757649295046,40.31269078235145
1812,c,110.92902077380327,110.92902077380327
1813,c,110.92902077380327,110.92902077380327
1814,c,110.92902077380327,110.92902077380327
1815,t,110.92902077380327,110.92902077380327
1816,c,10.984677418210032,13.00184723718246
1817,c,34.78819104328201,34.92853397690097
1818,c,110.92902077380327,110.92902077380327
1819,t,110.92902077380327,110.92902077380327
1820,t,110.92902077380327,110.92902077380327
1821,c,19.814113842053168,25.52096213671848
1822,t,110.92902077380327,110.92902077380327
1823,c,110.92902077380327,110.92902077380327
1824,c,9.792207781948932,10.659512491080724
1825,c,43.79221469700652,47.38403555133019
1826,c,44.459869091675934,50.18254184448657
1827,c,110.92902077380327,110.92902077380327
1828,c,110.92902077380327,110.92902077380327
1829,c,50.16429519414346,57.94430501503099
1830,c,21.098385294240604,23.0701286188696
1831,t,110.92902077380327,110.92902077380327
1832,t,110.92902077380327,110.92902077380327
1833,c,42.882517856734395,49.84108661466393
1834,c,110.92902077380327,110.92902077380327
1835,c,110.92902077380327,110.92902077380327
1836,c,110.92902077380327,110.92902077380327
1837,t,110.92902077380327,110.92902077380327
1838,c,110.92902077380327,110.92902077380327
1839,c,110.92902077380327,110.92902077380327
1840,c,29.238108552256975,32.78417959131494
1841,t,110.92902077380327,110.92902077380327
1842,c,110.92902077380327,110.92902077380327
1843,t,110.92902077380327,110.92902077380327
1844,c,110.92902077380327,110.92902077380327
1845,t,110.92902077380327,110.92902077380327
1846,c,11.471685492505477,12.397082282361893
1847,t,110.92902077380327,110.92902077380327
1848,c,16.52397158621364,110.92902077380327
1849,c,110.92902077380327,110.92902077380327
1850,c,110.92902077380327,110.92902077380327
1851,c,18.65876143922591,21.08528959536231
1852,c,41.18257794527602,46.09377691347092
1853,t,110.92902077380327,110.92902077380327
1854,t,110.92902077380327,110.92902077380327
1855,t,110.92902077380327,110.92902077380327
1856,t,110.92902077380327,110.92902077380327
1857,c,110.92902077380327,110.92902077380327
1858,c,20.951092529324278,24.08158144220538
1859,c,110.92902077380327,110.92902077380327
1860,c,110.92902077380327,110.92902077380327
1861,c,44.48261590971365,48.2484709317038
1862,c,110.92902077380327,110.92902077380327
1863,c,27.39355126944316,28.862362110137518
1864,c,110.92902077380327,110.92902077380327
1865,c,110.92902077380327,110.92902077380327
1866,c,110.92902077380327,110.92902077380327
1867,c,34.983247552799476,42.53966579019441
1868,c,110.92902077380327,110.92902077380327
1869,c,110.92902077380327,110.92902077380327
1870,t,110.92902077380327,110.92902077380327
1871,c,22.583200138895116,30.835014980719766
1872,c,110.92902077380327,110.92902077380327
1873,c,110.92902077380327,110.92902077380327
1874,t,110.92902077380327,110.92902077380327
1875,c,34.43430520211122,36.66805543859763
1876,c,110.92902077380327,110.92902077380327
1877,c,110.92902077380327,110.92902077380327
1878,c,110.92902077380327,110.92902077380327
1879,t,110.92902077380327,110.92902077380327
1880,c,42.45874652289011,51.66174419886643
1881,t,110.92902077380327,110.92902077380327
1882,t,110.92902077380327,110.92902077380327
1883,c,18.13492507450699,24.52591771630055
1884,c,9.005087957958574,9.890164600297378
1885,t,110.92902077380327,110.92902077380327
1886,t,110.92902077380327,110.92902077380327
1887,c,110.92902077380327,110.92902077380327
1888,c,34.5872282557624,37.94086746355047
1889,c,16.17885513029272,23.404382945276925
1890,c,49.36104169986205,49.98561326558581
1891,t,110.92902077380327,110.92902077380327
1892,t,110.92902077380327,110.92902077380327
1893,c,110.92902077380327,110.92902077380327
1894,c,110.92902077380327,110.92902077380327
1895,c,45.36692125896879,51.502641122713506
1896,c,110.92902077380327,110.92902077380327
1897,c,29.28699232069615,35.89347400813898
1898,c,78.25977792415087,82.26442330905624
1899,c,110.92902077380327,110.92902077380327
1900,t,110.92902077380327,110.92902077380327
1901,c,110.92902077380327,110.92902077380327
1902,c,36.72424862320766,38.39599672172757
1903,c,110.92902077380327,110.92902077380327
1904,c,25.357742243870298,31.873644656104457
1905,c,110.92902077380327,110.92902077380327
1906,c,110.92902077380327,110.92902077380327
1907,c,110.92902077380327,110.92902077380327
1908,na,4.07071821106585,110.92902077380327
1909,t,110.92902077380327,110.92902077380327
1910,t,110.92902077380327,110.92902077380327
1911,c,51.43752220661205,52.93260598318842
1912,c,110.92902077380327,110.92902077380327
1913,c,110.92902077380327,110.92902077380327
1914,c,110.92902077380327,110.92902077380327
1915,c,70.06493823739962,73.24321101603262
1916,c,30.590414617568165,110.92902077380327
1917,c,110.92902077380327,110.92902077380327
1918,c,32.31827870886213,38.556358734831825
1919,c,110.92902077380327,110.92902077380327
1920,c,110.92902077380327,110.92902077380327
1921,c,110.92902077380327,110.92902077380327
1922,c,34.443531814765876,34.53900973072648
1923,t,110.92902077380327,110.92902077380327
1924,c,20.243510232069767,20.452887560896286
1925,c,53.27352095998891,53.37379182121074
1926,c,110.92902077380327,110.92902077380327
1927,t,110.92902077380327,110.92902077380327
1928,c,26.290309682330243,37.782049032767304
1929,c,110.92902077380327,110.92902077380327
1930,c,110.92902077380327,110.92902077380327
1931,c,110.92902077380327,110.92902077380327
1932,c,33.392433765638195,36.859157445967405
1933,t,110.92902077380327,110.92902077380327
1934,c,50.131149701339204,54.6172569667402
1935,c,20.261775714461322,20.748113245316517
1936,c,110.92902077380327,110.92902077380327
1937,c,16.84475215676516,110.92902077380327
1938,c,110.92902077380327,110.92902077380327
1939,c,110.92902077380327,110.92902077380327
1940,t,110.92902077380327,110.92902077380327
1941,t,110.92902077380327,110.92902077380327
1942,c,110.92902077380327,110.92902077380327
1943,c,110.92902077380327,110.92902077380327
1944,c,110.92902077380327,110.92902077380327
1945,c,20.612050600697184,110.92902077380327
1946,c,32.744206419841156,37.100713471454284
1947,c,30.093213135835803,44.11276354035226
1948,t,110.92902077380327,110.92902077380327
1949,c,110.92902077380327,110.92902077380327
1950,c,110.92902077380327,110.92902077380327
1951,c,29.104679535459432,34.436788777138595
1952,c,24.97946287292986,34.79848673592281
1953,t,110.92902077380327,110.92902077380327
1954,c,110.92902077380327,110.92902077380327
1955,c,43.88628674952199,52.06318210654954
1956,c,110.92902077380327,110.92902077380327
1957,c,110.92902077380327,110.92902077380327
1958,c,25.25213642938666,27.78586343905082
1959,c,3.7520519456978296,11.468802515293092
1960,c,17.72756040514951,26.810718443912087
1961,c,24.021010870611704,30.594989671332595
1962,c,24.981195608687823,26.964110879957754
1963,c,3.9790323388652076,110.92902077380327
1964,c,29.83174857424347,33.227555264323456
1965,c,110.92902077380327,110.92902077380327
1966,c,110.92902077380327,110.92902077380327
1967,c,110.92902077380327,110.92902077380327
1968,c,110.92902077380327,110.92902077380327
1969,c,110.92902077380327,110.92902077380327
1970,c,110.92902077380327,110.92902077380327
1971,c,110.92902077380327,110.92902077380327
1972,c,110.92902077380327,110.92902077380327
1973,t,110.92902077380327,110.92902077380327
1974,c,110.92902077380327,110.92902077380327
1975,t,110.92902077380327,110.92902077380327
1976,c,110.92902077380327,110.92902077380327
1977,c,98.12729174267898,99.8670873094596
1978,c,110.92902077380327,110.92902077380327
1979,c,110.92902077380327,110.92902077380327
1980,na,0,11.069109280469876
1981,t,110.92902077380327,110.92902077380327
1982,c,110.92902077380327,110.92902077380327
1983,c,110.92902077380327,110.92902077380327
1984,c,110.92902077380327,110.92902077380327
1985,c,51.241323511117216,110.92902077380327
1986,c,110.92902077380327,110.92902077380327
1987,c,110.92902077380327,110.92902077380327
1988,c,110.92902077380327,110.92902077380327
1989,c,110.92902077380327,110.92902077380327
1990,t,110.92902077380327,110.92902077380327
1991,c,110.92902077380327,110.92902077380327
1992,c,110.92902077380327,110.92902077380327
1993,t,110.92902077380327,110.92902077380327
1994,c,24.02511037739632,27.58298331952735
1995,t,110.92902077380327,110.92902077380327
1996,c,36.297933164232084,36.34417015648959
1997,c,110.92902077380327,110.92902077380327
1998,t,110.92902077380327,110.92902077380327
1999,c,110.92902077380327,110.92902077380327
2000,t,110.92902077380327,110.92902077380327
2001,c,56.46548578226981,57.009826234184104
2002,c,110.92902077380327,110.92902077380327
2003,t,110.92902077380327,110.92902077380327
2004,t,110.92902077380327,110.92902077380327
2005,t,110.92902077380327,110.92902077380327
2006,c,110.92902077380327,110.92902077380327
2007,c,110.92902077380327,110.92902077380327
2008,c,110.92902077380327,110.92902077380327
2009,c,11.31559090366701,20.42515880277152
2010,t,110.92902077380327,110.92902077380327
2011,c,110.92902077380327,110.92902077380327
2012,t,110.92902077380327,110.92902077380327
2013,c,110.92902077380327,110.92902077380327
2014,c,110.92902077380327,110.92902077380327
2015,c,43.91609302298714,44.938216227184434
2016,c,110.92902077380327,110.92902077380327
2017,c,110.92902077380327,110.92902077380327
2018,c,24.622725012861377,36.93968950353925
2019,c,110.92902077380327,110.92902077380327
2020,c,18.513133309931096,20.021833639573785
2021,c,24.505817361066683,29.57233836548527
2022,c,110.92902077380327,110.92902077380327
2023,t,110.92902077380327,110.92902077380327
2024,c,110.92902077380327,110.92902077380327
2025,c,110.92902077380327,110.92902077380327
2026,c,16.010800633031636,16.967569197420595
2027,c,8.297579384267607,14.274171334888987
2028,c,110.92902077380327,110.92902077380327
2029,t,110.92902077380327,110.92902077380327
2030,c,110.92902077380327,110.92902077380327
2031,c,29.20604698110403,36.16412321826912
2032,t,110.92902077380327,110.92902077380327
2033,c,27.172590361866927,28.039930164491953
2034,c,24.71589640527703,25.037602977325815
2035,na,0,7.004136003039451
2036,c,110.92902077380327,110.92902077380327
2037,c,110.92902077380327,110.92902077380327
2038,c,10.65794217599406,18.254774874404678
2039,c,40.782532004137366,58.22242631074969
2040,c,110.92902077380327,110.92902077380327
2041,c,110.92902077380327,110.92902077380327
2042,c,25.06201475992375,110.92902077380327
2043,t,110.92902077380327,110.92902077380327
2044,c,32.226196769091324,36.18693585003889
2045,c,110.92902077380327,110.92902077380327
2046,c,34.83201623974434,36.36414360385829
2047,c,36.077488030546895,37.87668547956561
2048,c,20.222540217452767,25.083225797485994
2049,c,58.30573273186797,67.74139492622346
2050,c,110.92902077380327,110.92902077380327
2051,c,110.92902077380327,110.92902077380327
2052,c,28.696701509862883,30.114864086759706
2053,t,110.92902077380327,110.92902077380327
2054,c,110.92902077380327,110.92902077380327
2055,c,42.7030071211331,110.92902077380327
2056,c,38.97017214895673,110.92902077380327
2057,c,110.92902077380327,110.92902077380327
2058,c,110.92902077380327,110.92902077380327
2059,c,110.92902077380327,110.92902077380327
2060,c,110.92902077380327,110.92902077380327
2061,c,15.057947090835212,16.43506901471595
2062,c,110.92902077380327,110.92902077380327
2063,c,110.92902077380327,110.92902077380327
2064,c,21.83216321183747,24.931863497921817
2065,c,110.92902077380327,110.92902077380327
2066,na,110.92902077380327,110.92902077380327
2067,c,12.03910718330519,16.557401501381264
2068,c,110.92902077380327,110.92902077380327
2069,na,9.090211824499388,10.459151304093837
2070,c,110.92902077380327,110.92902077380327
2071,c,110.92902077380327,110.92902077380327
2072,c,110.92902077380327,110.92902077380327
2073,c,110.92902077380327,110.92902077380327
2074,c,110.92902077380327,110.92902077380327
2075,t,110.92902077380327,110.92902077380327
2076,c,110.92902077380327,110.92902077380327
2077,c,47.83308963865847,55.59563864007236
2078,c,7.020609829896534,7.5225748056045205
2079,t,110.92902077380327,110.92902077380327
2080,c,13.702302327693586,110.92902077380327
2081,c,11.969929680150416,14.081422680029819
2082,c,34.5881213878489,38.79253638864008
2083,c,110.92902077380327,110.92902077380327
2084,t,110.92902077380327,110.92902077380327
2085,c,31.161911436002576,37.79674186043741
2086,t,110.92902077380327,110.92902077380327
2087,c,110.92902077380327,110.92902077380327
2088,c,23.228991141727924,110.92902077380327
2089,c,33.00578724308151,33.272776169112454
2090,c,110.92902077380327,110.92902077380327
2091,c,31.365034205956626,32.035758346367494
2092,c,17.161118812775936,24.070435985381824
2093,c,75.23326976658403,82.8892495949686
2094,c,27.248309493480853,33.83173199934244
2095,c,23.2600617405242,25.3650667629289
2096,c,9.715793687996301,16.44502608371695
2097,c,110.92902077380327,110.92902077380327
2098,c,110.92902077380327,110.92902077380327
2099,c,53.44165698913822,55.29318521899449
2100,c,27.391247436676572,38.79772879097015
2101,t,110.92902077380327,110.92902077380327
2102,c,110.92902077380327,110.92902077380327
2103,c,4.320406636208084,7.097777186845551
2104,c,83.37046272027122,85.75857978224481
2105,c,20.288953863947345,24.25074128286508
2106,c,29.04529693826856,33.48450560927084
2107,c,110.92902077380327,110.92902077380327
2108,t,110.92902077380327,110.92902077380327
2109,c,42.96739570472461,54.65516770923624
2110,c,110.92902077380327,110.92902077380327
2111,c,110.92902077380327,110.92902077380327
2112,c,37.02579143714447,39.169233014362106
2113,c,110.92902077380327,110.92902077380327
2114,c,110.92902077380327,110.92902077380327
2115,c,11.913996714096237,22.82075581980644
2116,c,17.911866545741745,25.2022792849558
2117,t,110.92902077380327,110.92902077380327
2118,c,110.92902077380327,110.92902077380327
2119,c,110.92902077380327,110.92902077380327
2120,c,29.48876470618982,31.49959560730259
2121,c,110.92902077380327,110.92902077380327
2122,c,19.14969626670962,20.363014580560435
2123,c,20.082171240730045,24.861302419459985
2124,c,110.92902077380327,110.92902077380327
2125,c,27.348270922815637,35.113978884367015
2126,c,74.47964291290332,81.41243542456627
2127,c,110.92902077380327,110.92902077380327
2128,c,50.23337863819496,50.409474154970354
2129,c,21.796079798843028,28.2159439652771
2130,t,110.92902077380327,110.92902077380327
2131,c,66.91870414699291,80.24080973767066
2132,c,24.39936859598715,25.805230881207184
2133,c,34.30715589355561,41.75646160545377
2134,c,110.92902077380327,110.92902077380327
2135,c,110.92902077380327,110.92902077380327
2136,c,9.421379077030036,9.637390497822482
2137,c,110.92902077380327,110.92902077380327
2138,c,110.92902077380327,110.92902077380327
2139,c,65.3463213008834,110.92902077380327
2140,c,110.92902077380327,110.92902077380327
2141,c,110.92902077380327,110.92902077380327
2142,c,64.90273121773104,81.41903153066472
2143,t,110.92902077380327,110.92902077380327
2144,c,25.93273403570683,29.204649580495936
2145,c,13.422528706819323,17.195882925313974
2146,c,40.761427176516904,43.84108873500448
2147,t,110.92902077380327,110.92902077380327
2148,c,19.71423515983998,24.930754423681567
2149,c,45.407280040406086,47.75036585746655
2150,c,110.92902077380327,110.92902077380327
2151,c,110.92902077380327,110.92902077380327
2152,t,110.92902077380327,110.92902077380327
2153,t,110.92902077380327,110.92902077380327
2154,t,110.92902077380327,110.92902077380327
2155,c,110.92902077380327,110.92902077380327
2156,c,110.92902077380327,110.92902077380327
2157,t,110.92902077380327,110.92902077380327
2158,c,12.810324640650585,14.045086738815328
2159,t,110.92902077380327,110.92902077380327
2160,c,110.92902077380327,110.92902077380327
2161,c,110.92902077380327,110.92902077380327
2162,c,110.92902077380327,110.92902077380327
2163,t,110.92902077380327,110.92902077380327
2164,t,110.92902077380327,110.92902077380327
2165,t,110.92902077380327,110.92902077380327
2166,c,18.50781046020304,19.121748246846494
2167,c,110.92902077380327,110.92902077380327
2168,c,110.92902077380327,110.92902077380327
2169,c,29.16016203092948,29.50028327386069
2170,c,13.468206363122112,22.58943318429336
2171,c,29.35210901459335,30.417361659042797
2172,c,110.92902077380327,110.92902077380327
2173,t,110.92902077380327,110.92902077380327
2174,c,35.0598747548216,40.373350082203736
2175,c,51.725529209992104,53.21682456520768
2176,c,110.92902077380327,110.92902077380327
2177,c,110.92902077380327,110.92902077380327
2178,c,65.21567029246236,66.41680266628137
2179,c,24.117627965251106,27.32990719654662
2180,c,110.92902077380327,110.92902077380327
2181,c,110.92902077380327,110.92902077380327
2182,c,7.200779049806977,110.92902077380327
2183,t,110.92902077380327,110.92902077380327
2184,c,26.068225018998078,32.2660980436521
2185,c,31.09713436613149,32.04531685769539
2186,c,37.43510799202688,38.20114835882269
2187,t,110.92902077380327,110.92902077380327
2188,c,110.92902077380327,110.92902077380327
2189,c,110.92902077380327,110.92902077380327
2190,c,23.326188049150332,31.432899970396484
2191,t,110.92902077380327,110.92902077380327
2192,t,110.92902077380327,110.92902077380327
2193,c,32.872805503512666,35.29714477692418
2194,c,110.92902077380327,110.92902077380327
2195,c,17.654165599742605,24.80677386889248
2196,c,110.92902077380327,110.92902077380327
2197,c,110.92902077380327,110.92902077380327
2198,t,110.92902077380327,110.92902077380327
2199,c,48.91012315309141,61.49807343859667
2200,c,110.92902077380327,110.92902077380327
2201,t,110.92902077380327,110.92902077380327
2202,c,110.92902077380327,110.92902077380327
2203,t,110.92902077380327,110.92902077380327
2204,t,110.92902077380327,110.92902077380327
2205,t,110.92902077380327,110.92902077380327
2206,c,110.92902077380327,110.92902077380327
2207,c,31.10265350049178,43.601724657611335
2208,c,50.09327361112428,50.78417488455936
2209,c,110.92902077380327,110.92902077380327
2210,c,110.92902077380327,110.92902077380327
2211,c,58.50439168327877,58.766166872870386
2212,c,108.49650064821464,110.92902077380327
2213,c,110.92902077380327,110.92902077380327
2214,c,26.912778985662776,30.26013851779341
2215,c,18.34587899439374,18.704565221140943
2216,c,110.92902077380327,110.92902077380327
2217,c,37.74460055719528,51.05851469406149
2218,c,110.92902077380327,110.92902077380327
2219,c,110.92902077380327,110.92902077380327
2220,t,110.92902077380327,110.92902077380327
2221,t,110.92902077380327,110.92902077380327
2222,c,29.962087661636986,32.724484217119766
2223,t,110.92902077380327,110.92902077380327
2224,t,110.92902077380327,110.92902077380327
2225,c,34.29525851525098,41.006897754272366
2226,c,5.90683133720327,6.404107007694155
2227,c,41.74095761635246,48.20108378077588
2228,c,110.92902077380327,110.92902077380327
2229,c,51.30095399166585,61.927698806676204
2230,c,16.439089384365634,16.531372673620655
2231,c,41.707236171767924,47.0939587076687
2232,c,110.92902077380327,110.92902077380327
2233,c,110.92902077380327,110.92902077380327
2234,c,36.88279857473086,47.62882221093655
2235,c,110.92902077380327,110.92902077380327
2236,c,12.483845003658306,17.96309239909472
2237,c,110.92902077380327,110.92902077380327
2238,c,23.31922282130126,24.711115534975693
2239,t,110.92902077380327,110.92902077380327
2240,c,23.413481814369803,23.415012025376836
2241,c,110.92902077380327,110.92902077380327
2242,c,27.9509292020149,30.67596737839982
2243,c,110.92902077380327,110.92902077380327
2244,c,110.92902077380327,110.92902077380327
2245,c,110.92902077380327,110.92902077380327
2246,t,110.92902077380327,110.92902077380327
2247,t,110.92902077380327,110.92902077380327
2248,c,110.92902077380327,110.92902077380327
2249,c,43.29231033983974,53.04913443702202
2250,c,3.5669380550593095,10.390702212723669
2251,t,110.92902077380327,110.92902077380327
2252,c,36.76751164112232,39.70789345592657
2253,c,110.92902077380327,110.92902077380327
2254,c,110.92902077380327,110.92902077380327
2255,c,17.312797863951605,110.92902077380327
2256,c,53.07813086397282,54.69371998702347
2257,c,110.92902077380327,110.92902077380327
2258,t,110.92902077380327,110.92902077380327
2259,t,110.92902077380327,110.92902077380327
2260,t,110.92902077380327,110.92902077380327
2261,c,110.92902077380327,110.92902077380327
2262,t,110.92902077380327,110.92902077380327
2263,c,28.998748215821383,33.700103267822236
2264,c,36.83027641320553,40.99769081754916
2265,c,110.92902077380327,110.92902077380327
2266,c,110.92902077380327,110.92902077380327
2267,c,110.92902077380327,110.92902077380327
2268,c,110.92902077380327,110.92902077380327
2269,t,110.92902077380327,110.92902077380327
2270,t,110.92902077380327,110.92902077380327
2271,c,29.74421357154155,36.207653695330954
2272,c,110.92902077380327,110.92902077380327
2273,c,8.204190950758264,19.523027618695927
2274,t,110.92902077380327,110.92902077380327
2275,c,46.493185119201236,57.408884705100235
2276,c,32.76827484588164,35.960884753308264
2277,c,27.888388551811808,30.08175723316104
2278,c,110.92902077380327,110.92902077380327
2279,c,18.140557588062546,20.109680570600432
2280,t,110.92902077380327,110.92902077380327
2281,c,110.92902077380327,110.92902077380327
2282,c,32.13526437220407,34.911946751099954
2283,c,110.92902077380327,110.92902077380327
2284,t,110.92902077380327,110.92902077380327
2285,t,110.92902077380327,110.92902077380327
2286,c,110.92902077380327,110.92902077380327
2287,c,110.92902077380327,110.92902077380327
2288,t,110.92902077380327,110.92902077380327
2289,c,110.92902077380327,110.92902077380327
2290,t,110.92902077380327,110.92902077380327
2291,c,110.92902077380327,110.92902077380327
2292,c,99.55198077539303,102.9991809083108
2293,t,110.92902077380327,110.92902077380327
2294,c,110.92902077380327,110.92902077380327
2295,c,60.54523670173574,60.6941376442483
2296,c,33.46038315644902,34.475811681623576
2297,c,30.225560983558104,32.14067817329838
2298,c,34.6291427276835,38.007711573811484
2299,t,110.92902077380327,110.92902077380327
2300,t,110.92902077380327,110.92902077380327
2301,c,110.92902077380327,110.92902077380327
2302,c,110.92902077380327,110.92902077380327
2303,t,110.92902077380327,110.92902077380327
2304,c,110.92902077380327,110.92902077380327
2305,t,110.92902077380327,110.92902077380327
2306,c,3.5311374959636157,4.913848102513697
2307,c,110.92902077380327,110.92902077380327
2308,c,34.09127626874014,34.98424958178793
2309,c,46.153186052452604,110.92902077380327
2310,c,110.92902077380327,110.92902077380327
2311,c,28.09928338246962,32.05402142543746
2312,t,110.92902077380327,110.92902077380327
2313,c,110.92902077380327,110.92902077380327
2314,c,110.92902077380327,110.92902077380327
2315,c,24.317805951195073,25.9721252820662
2316,c,110.92902077380327,110.92902077380327
2317,c,26.056823287779416,30.777710745354668
2318,c,14.13607706225205,110.92902077380327
2319,c,110.92902077380327,110.92902077380327
2320,c,110.92902077380327,110.92902077380327
2321,c,110.92902077380327,110.92902077380327
2322,t,110.92902077380327,110.92902077380327
2323,t,110.92902077380327,110.92902077380327
2324,c,110.92902077380327,110.92902077380327
2325,c,110.92902077380327,110.92902077380327
2326,c,26.028831115421962,34.831711596707045
2327,c,21.398640147429152,25.83347361767736
2328,c,94.48548403002857,99.38219661348221
2329,c,110.92902077380327,110.92902077380327
2330,c,28.247586667632742,29.16893147920409
2331,t,110.92902077380327,110.92902077380327
2332,c,110.92902077380327,110.92902077380327
2333,c,110.92902077380327,110.92902077380327
2334,c,110.92902077380327,110.92902077380327
2335,c,24.370437628818834,26.350245576636667
2336,c,110.92902077380327,110.92902077380327
2337,c,7.471633021986902,11.287094810125707
2338,c,110.92902077380327,110.92902077380327
2339,c,29.19376510607428,31.465009268070983
2340,c,110.92902077380327,110.92902077380327
2341,c,110.92902077380327,110.92902077380327
2342,c,15.740424947241019,16.066761279357234
2343,t,110.92902077380327,110.92902077380327
2344,c,110.92902077380327,110.92902077380327
2345,c,110.92902077380327,110.92902077380327
2346,na,2.5248585071416287,7.723971823610121
2347,c,9.310574498335503,12.852799532050893
2348,c,23.214844940662793,32.82666579813541
2349,t,110.92902077380327,110.92902077380327
2350,c,110.92902077380327,110.92902077380327
2351,c,11.892309199907354,15.095158889229603
2352,t,110.92902077380327,110.92902077380327
2353,c,110.92902077380327,110.92902077380327
2354,c,110.92902077380327,110.92902077380327
2355,c,110.92902077380327,110.92902077380327
2356,c,110.92902077380327,110.92902077380327
2357,c,20.82788131162587,22.37128233070538
2358,c,110.92902077380327,110.92902077380327
2359,c,110.92902077380327,110.92902077380327
2360,t,110.92902077380327,110.92902077380327
2361,t,110.92902077380327,110.92902077380327
2362,c,110.92902077380327,110.92902077380327
2363,c,110.92902077380327,110.92902077380327
2364,c,23.18125314823957,110.92902077380327
2365,c,110.92902077380327,110.92902077380327
2366,c,110.92902077380327,110.92902077380327
2367,c,28.243404814885054,31.890500770418825
2368,c,20.6192192513847,25.687231607690254
2369,t,110.92902077380327,110.92902077380327
2370,c,110.92902077380327,110.92902077380327
2371,c,36.98440101695848,37.01250729242822
2372,t,110.92902077380327,110.92902077380327
2373,c,110.92902077380327,110.92902077380327
2374,c,4.383834418954945,10.705735280947643
2375,c,110.92902077380327,110.92902077380327
2376,c,22.77328743624629,26.498108510514037
2377,c,110.92902077380327,110.92902077380327
2378,c,110.92902077380327,110.92902077380327
2379,c,110.92902077380327,110.92902077380327
2380,t,110.92902077380327,110.92902077380327
2381,t,110.92902077380327,110.92902077380327
2382,c,24.644966522340365,32.35419242979127
2383,t,110.92902077380327,110.92902077380327
2384,c,22.003034602173305,24.095249525813934
2385,t,110.92902077380327,110.92902077380327
2386,c,110.92902077380327,110.92902077380327
2387,c,110.92902077380327,110.92902077380327
2388,c,54.000588459901074,64.00367590676075
2389,c,110.92902077380327,110.92902077380327
2390,t,110.92902077380327,110.92902077380327
2391,c,110.92902077380327,110.92902077380327
2392,t,110.92902077380327,110.92902077380327
2393,t,110.92902077380327,110.92902077380327
2394,t,110.92902077380327,110.92902077380327
2395,c,34.815466932839925,40.24753999481347
2396,c,110.92902077380327,110.92902077380327
2397,na,2.9483682481349787,5.361906775098643
2398,c,29.422287941543527,30.77809696177499
2399,c,110.92902077380327,110.92902077380327
2400,c,33.28019553267643,36.475812976644896
2401,c,110.92902077380327,110.92902077380327
2402,c,31.90738893499322,32.066375299322615
2403,c,60.722823404322895,63.52788517159459
2404,t,110.92902077380327,110.92902077380327
2405,c,110.92902077380327,110.92902077380327
2406,t,110.92902077380327,110.92902077380327
2407,c,110.92902077380327,110.92902077380327
2408,t,110.92902077380327,110.92902077380327
2409,c,110.92902077380327,110.92902077380327
2410,c,20.5740184512649,21.474064896767597
2411,c,110.92902077380327,110.92902077380327
2412,c,110.92902077380327,110.92902077380327
2413,c,110.92902077380327,110.92902077380327
2414,c,110.92902077380327,110.92902077380327
2415,c,110.92902077380327,110.92902077380327
2416,c,110.92902077380327,110.92902077380327
2417,t,110.92902077380327,110.92902077380327
2418,c,110.92902077380327,110.92902077380327
2419,c,110.92902077380327,110.92902077380327
2420,t,110.92902077380327,110.92902077380327
2421,c,110.92902077380327,110.92902077380327
2422,c,110.92902077380327,110.92902077380327
2423,c,29.816627345290843,34.95835179182692
2424,c,64.45584433449488,70.02178037627132
2425,c,110.92902077380327,110.92902077380327
2426,na,10.884153283113717,110.92902077380327
2427,c,32.06502753269698,44.08309627594099
2428,c,110.92902077380327,110.92902077380327
2429,c,110.92902077380327,110.92902077380327
2430,c,110.92902077380327,110.92902077380327
2431,c,110.92902077380327,110.92902077380327
2432,t,110.92902077380327,110.92902077380327
2433,c,110.92902077380327,110.92902077380327
2434,t,110.92902077380327,110.92902077380327
2435,t,110.92902077380327,110.92902077380327
2436,c,76.92041327821423,80.3132695125753
2437,c,45.68579081571909,110.92902077380327
2438,c,110.92902077380327,110.92902077380327
2439,t,110.92902077380327,110.92902077380327
2440,c,33.96303544235858,34.0195321192934
2441,c,31.219967853980727,42.013526270830845
2442,c,110.92902077380327,110.92902077380327
2443,c,36.960529967093834,38.60281819620676
2444,t,110.92902077380327,110.92902077380327
2445,c,25.88476978946819,27.603411423378255
2446,c,25.751059820816742,30.555362265493706
2447,c,42.47724167083174,48.20973293246614
2448,c,49.03422951234028,54.6719263355327
2449,t,110.92902077380327,110.92902077380327
2450,t,110.92902077380327,110.92902077380327
2451,c,60.82267322427865,62.064478566467486
2452,c,110.92902077380327,110.92902077380327
2453,c,110.92902077380327,110.92902077380327
2454,t,110.92902077380327,110.92902077380327
2455,c,110.92902077380327,110.92902077380327
2456,c,110.92902077380327,110.92902077380327
2457,c,110.92902077380327,110.92902077380327
2458,na,0,5.1293663332483295
2459,t,110.92902077380327,110.92902077380327
2460,t,110.92902077380327,110.92902077380327
2461,c,61.62049147388616,61.83467417306225
2462,c,16.168506091507407,21.96966530577537
2463,c,110.92902077380327,110.92902077380327
2464,c,37.82914208551745,43.57722543933599
2465,c,110.92902077380327,110.92902077380327
2466,c,110.92902077380327,110.92902077380327
2467,c,110.92902077380327,110.92902077380327
2468,c,35.361223747829,39.06018007177983
2469,c,110.92902077380327,110.92902077380327
2470,c,28.495597341841915,28.668483657156568
2471,c,53.60443998350173,57.11113584425604
2472,t,110.92902077380327,110.92902077380327
2473,c,17.664062336040317,20.375616966441992
2474,c,110.92902077380327,110.92902077380327
2475,c,23.994062070937833,32.89225639705848
2476,t,110.92902077380327,110.92902077380327
2477,c,33.04636697050955,37.70783426026868
2478,c,110.92902077380327,110.92902077380327
2479,c,110.92902077380327,110.92902077380327
2480,c,17.633610821858166,110.92902077380327
2481,t,110.92902077380327,110.92902077380327
2482,c,37.97932758300404,42.68300121154695
2483,c,110.92902077380327,110.92902077380327
2484,c,110.92902077380327,110.92902077380327
2485,c,110.92902077380327,110.92902077380327
2486,c,110.92902077380327,110.92902077380327
2487,c,36.780313434272394,50.75727581832906
2488,c,110.92902077380327,110.92902077380327
2489,c,48.85742595601196,53.97946238652796
2490,t,110.92902077380327,110.92902077380327
2491,c,40.81981208365386,41.21934170705375
2492,c,110.92902077380327,110.92902077380327
2493,c,25.960538432510024,30.501177875769365
2494,c,110.92902077380327,110.92902077380327
2495,t,110.92902077380327,110.92902077380327
2496,c,110.92902077380327,110.92902077380327
2497,c,110.92902077380327,110.92902077380327
2498,c,110.92902077380327,110.92902077380327
2499,c,110.92902077380327,110.92902077380327
2500,c,43.002575210922025,45.457760564275745
2501,c,110.92902077380327,110.92902077380327
2502,c,21.201992677910955,25.701599221274588
2503,c,46.83304440495867,110.92902077380327
2504,c,28.738172051762938,31.628530771689285
2505,c,26.27305157340505,26.87970866912517
2506,c,30.08806048151767,30.808449546790172
2507,c,30.612770258092425,31.47174170187793
2508,c,45.102899725132,63.674114009540396
2509,c,24.540959777709922,33.520260186090155
2510,c,110.92902077380327,110.92902077380327
2511,c,110.92902077380327,110.92902077380327
2512,c,27.022822696800603,29.01833312959005
2513,t,110.92902077380327,110.92902077380327
2514,t,110.92902077380327,110.92902077380327
2515,c,13.777349538288059,14.258649644720299
2516,c,110.92902077380327,110.92902077380327
2517,c,14.279642222018019,15.533636813364653
2518,c,25.843574102737726,26.50360059294322
2519,c,110.92902077380327,110.92902077380327
2520,t,110.92902077380327,110.92902077380327
2521,c,110.92902077380327,110.92902077380327
2522,c,110.92902077380327,110.92902077380327
2523,t,110.92902077380327,110.92902077380327
2524,c,110.92902077380327,110.92902077380327
2525,c,36.77688887179074,38.06978060701974
2526,c,45.26674646996474,45.36404533786933
2527,c,37.09268085695698,40.50523803384008
2528,c,3.157374571406655,6.445401620162285
2529,t,110.92902077380327,110.92902077380327
2530,c,39.069769000970766,40.57760152349094
2531,c,110.92902077380327,110.92902077380327
2532,c,11.056503245384494,12.334048491238311
2533,c,110.92902077380327,110.92902077380327
2534,t,110.92902077380327,110.92902077380327
2535,c,7.574869614136754,8.58706914753372
2536,t,110.92902077380327,110.92902077380327
2537,c,21.5419795733126,24.819486279123147
2538,t,110.92902077380327,110.92902077380327
2539,c,15.517218294789574,25.489628292946673
2540,t,110.92902077380327,110.92902077380327
2541,c,110.92902077380327,110.92902077380327
2542,t,110.92902077380327,110.92902077380327
2543,c,10.65091391784283,10.83114871832186
2544,t,110.92902077380327,110.92902077380327
2545,c,30.975778336515614,110.92902077380327
2546,c,110.92902077380327,110.92902077380327
2547,c,110.92902077380327,110.92902077380327
2548,c,5.2282956035964805,5.918579718282505
2549,c,33.36808584158524,44.0513941253016
2550,c,110.92902077380327,110.92902077380327
2551,c,110.92902077380327,110.92902077380327
2552,c,110.92902077380327,110.92902077380327
2553,c,110.92902077380327,110.92902077380327
2554,t,110.92902077380327,110.92902077380327
2555,c,110.92902077380327,110.92902077380327
2556,c,40.54181564937327,42.663885433568495
2557,c,110.92902077380327,110.92902077380327
2558,c,2.80218363971369,5.588981675498972
2559,c,15.27634281424962,22.63890566649744
2560,na,0,9.626361999540837
2561,c,45.34641105572659,48.45828778220831
2562,c,22.86686378502849,110.92902077380327
2563,c,110.92902077380327,110.92902077380327
2564,c,110.92902077380327,110.92902077380327
2565,na,1.552129319380598,2.1396802828984867
2566,t,110.92902077380327,110.92902077380327
2567,c,110.92902077380327,110.92902077380327
2568,c,110.92902077380327,110.92902077380327
2569,c,110.92902077380327,110.92902077380327
2570,c,110.92902077380327,110.92902077380327
2571,c,25.660929715758897,25.752893198688646
2572,t,110.92902077380327,110.92902077380327
2573,t,110.92902077380327,110.92902077380327
2574,c,31.24439657266835,31.28741115510855
2575,c,24.811782948838612,39.12254863981804
2576,c,30.057347869138688,30.955603500699745
2577,c,42.35638113688055,42.39845359113593
2578,t,110.92902077380327,110.92902077380327
2579,c,110.92902077380327,110.92902077380327
2580,c,35.456225978962465,38.974979606498266
2581,c,110.92902077380327,110.92902077380327
2582,t,110.92902077380327,110.92902077380327
2583,c,23.619591422229377,26.942470126413117
2584,c,110.92902077380327,110.92902077380327
2585,c,110.92902077380327,110.92902077380327
2586,c,26.27720173906606,110.92902077380327
2587,t,110.92902077380327,110.92902077380327
2588,c,4.591557449580099,6.238625310950645
2589,c,110.92902077380327,110.92902077380327
2590,c,44.6943564107742,46.931188699665434
2591,c,17.995462380879037,110.92902077380327
2592,t,110.92902077380327,110.92902077380327
2593,c,110.92902077380327,110.92902077380327
2594,na,0,4.707415126284399
2595,t,110.92902077380327,110.92902077380327
2596,c,20.41267044114279,23.7270875634279
2597,c,110.92902077380327,110.92902077380327
2598,t,110.92902077380327,110.92902077380327
2599,t,110.92902077380327,110.92902077380327
2600,c,110.92902077380327,110.92902077380327
2601,c,110.92902077380327,110.92902077380327
2602,c,110.92902077380327,110.92902077380327
2603,c,61.61092925191039,64.73208682745182
2604,c,16.075980995312765,17.488188668959168
2605,c,26.121735676809028,32.826577422553335
2606,c,13.462603598097198,17.228935555428777
2607,c,18.876830900318144,31.672377068860772
2608,c,110.92902077380327,110.92902077380327
2609,c,51.21920095888605,60.133959004578905
2610,c,110.92902077380327,110.92902077380327
2611,c,36.53249206506221,50.83774287090955
2612,c,16.024973459368677,18.827652074187753
2613,c,110.92902077380327,110.92902077380327
2614,c,110.92902077380327,110.92902077380327
2615,c,36.02483443965191,37.54089968175315
2616,c,110.92902077380327,110.92902077380327
2617,c,110.92902077380327,110.92902077380327
2618,c,110.92902077380327,110.92902077380327
2619,c,110.92902077380327,110.92902077380327
2620,c,35.53547677999207,42.743628344897004
2621,c,110.92902077380327,110.92902077380327
2622,c,110.92902077380327,110.92902077380327
2623,c,110.92902077380327,110.92902077380327
2624,c,23.75088400244698,29.518429466940535
2625,t,110.92902077380327,110.92902077380327
2626,t,110.92902077380327,110.92902077380327
2627,t,110.92902077380327,110.92902077380327
2628,c,110.92902077380327,110.92902077380327
2629,c,110.92902077380327,110.92902077380327
2630,t,110.92902077380327,110.92902077380327
2631,c,110.92902077380327,110.92902077380327
2632,c,110.92902077380327,110.92902077380327
2633,c,110.92902077380327,110.92902077380327
2634,c,110.92902077380327,110.92902077380327
2635,t,110.92902077380327,110.92902077380327
2636,c,110.92902077380327,110.92902077380327
2637,c,4.181875526828291,6.572280898509889
2638,c,110.92902077380327,110.92902077380327
2639,c,110.92902077380327,110.92902077380327
2640,c,4.2123146681129295,15.744122783677895
2641,c,8.593058015173389,12.166618889340738
2642,t,110.92902077380327,110.92902077380327
2643,t,110.92902077380327,110.92902077380327
2644,c,110.92902077380327,110.92902077380327
2645,c,110.92902077380327,110.92902077380327
2646,c,110.92902077380327,110.92902077380327
2647,c,55.5285284832552,62.69929920873057
2648,c,110.92902077380327,110.92902077380327
2649,c,39.25678396988886,40.39542138166068
2650,c,33.73660199020727,37.04274665050777
2651,c,32.20647071025632,41.46745522208601
2652,c,14.463426275605597,21.337733284639185
2653,c,5.671937634425497,7.383078813842101
2654,c,110.92902077380327,110.92902077380327
2655,c,110.92902077380327,110.92902077380327
2656,c,110.92902077380327,110.92902077380327
2657,c,110.92902077380327,110.92902077380327
2658,c,110.92902077380327,110.92902077380327
2659,c,20.927760427509913,22.15576166473938
2660,c,110.92902077380327,110.92902077380327
2661,c,110.92902077380327,110.92902077380327
2662,t,110.92902077380327,110.92902077380327
2663,c,110.92902077380327,110.92902077380327
2664,c,110.92902077380327,110.92902077380327
2665,c,34.621936705500126,38.792104832280835
2666,c,23.12236706590196,24.77855844641097
2667,t,110.92902077380327,110.92902077380327
2668,c,110.92902077380327,110.92902077380327
2669,c,30.09159535623105,30.780132443294107
2670,c,110.92902077380327,110.92902077380327
2671,c,16.278997404366578,17.639295849784858
2672,c,12.292504694139765,16.399182029949703
2673,c,45.95883728422827,56.59649237073339
2674,c,38.54558464941474,39.55067410116487
2675,c,110.92902077380327,110.92902077380327
2676,c,15.17808607693945,26.440192622762837
2677,c,39.98961097979919,46.044845103414
2678,na,9.180104104731207,11.64617528872602
2679,c,110.92902077380327,110.92902077380327
2680,c,41.25423548009794,110.92902077380327
2681,c,22.61418371652486,110.92902077380327
2682,c,14.039014056239756,15.194195211691456
2683,c,110.92902077380327,110.92902077380327
2684,t,110.92902077380327,110.92902077380327
2685,c,31.52053839184757,38.03278529298225
2686,c,51.11786927985137,56.52583176638295
2687,c,110.92902077380327,110.92902077380327
2688,c,110.92902077380327,110.92902077380327
2689,c,110.92902077380327,110.92902077380327
2690,c,110.92902077380327,110.92902077380327
2691,c,110.92902077380327,110.92902077380327
2692,c,13.89920059511982,15.308202772560708
2693,t,110.92902077380327,110.92902077380327
2694,c,110.92902077380327,110.92902077380327
2695,t,110.92902077380327,110.92902077380327
2696,c,110.92902077380327,110.92902077380327
2697,t,110.92902077380327,110.92902077380327
2698,t,110.92902077380327,110.92902077380327
2699,t,110.92902077380327,110.92902077380327
2700,c,20.566885538462305,23.643993478688046
2701,c,110.92902077380327,110.92902077380327
2702,c,23.024841468988402,23.21696717517323
2703,c,110.92902077380327,110.92902077380327
2704,c,110.92902077380327,110.92902077380327
2705,t,110.92902077380327,110.92902077380327
2706,t,110.92902077380327,110.92902077380327
2707,c,110.92902077380327,110.92902077380327
2708,c,9.49120623963234,11.37691002397806
2709,t,110.92902077380327,110.92902077380327
2710,t,110.92902077380327,110.92902077380327
2711,c,110.92902077380327,110.92902077380327
2712,c,110.92902077380327,110.92902077380327
2713,t,110.92902077380327,110.92902077380327
2714,c,14.782564110408746,20.92274772909874
2715,c,110.92902077380327,110.92902077380327
2716,t,110.92902077380327,110.92902077380327
2717,c,110.92902077380327,110.92902077380327
2718,c,17.924447807148034,20.20823276018113
2719,t,110.92902077380327,110.92902077380327
2720,c,37.89402711884017,43.713629100200606
2721,c,42.88932316977609,52.570687163056995
2722,c,41.123379817947395,41.195960673459034
2723,c,110.92902077380327,110.92902077380327
2724,c,110.92902077380327,110.92902077380327
2725,c,43.55105188243536,57.96992467887911
2726,c,110.92902077380327,110.92902077380327
2727,t,110.92902077380327,110.92902077380327
2728,t,110.92902077380327,110.92902077380327
2729,c,110.92902077380327,110.92902077380327
2730,c,110.92902077380327,110.92902077380327
2731,t,110.92902077380327,110.92902077380327
2732,c,25.540042026228086,33.22403573843175
2733,c,110.92902077380327,110.92902077380327
2734,c,50.54343120448367,52.11361416087981
2735,c,110.92902077380327,110.92902077380327
2736,c,110.92902077380327,110.92902077380327
2737,c,110.92902077380327,110.92902077380327
2738,c,110.92902077380327,110.92902077380327
2739,c,110.92902077380327,110.92902077380327
2740,c,14.908280758865267,26.780020304922925
2741,na,10.5702910892742,15.398760347134587
2742,t,110.92902077380327,110.92902077380327
2743,t,110.92902077380327,110.92902077380327
2744,c,9.379000940705065,9.718968558231744
2745,t,110.92902077380327,110.92902077380327
2746,c,63.062874347473226,65.6464986923827
2747,t,110.92902077380327,110.92902077380327
2748,c,36.70460820795031,38.106670354560435
2749,c,110.92902077380327,110.92902077380327
2750,c,110.92902077380327,110.92902077380327
2751,c,110.92902077380327,110.92902077380327
2752,c,110.92902077380327,110.92902077380327
2753,c,110.92902077380327,110.92902077380327
2754,c,110.92902077380327,110.92902077380327
2755,c,7.315635938090599,7.672763741701773
2756,c,17.713797494276218,18.17393848947201
2757,c,110.92902077380327,110.92902077380327
2758,c,110.92902077380327,110.92902077380327
2759,c,110.92902077380327,110.92902077380327
2760,c,110.92902077380327,110.92902077380327
2761,c,110.92902077380327,110.92902077380327
2762,t,110.92902077380327,110.92902077380327
2763,c,110.92902077380327,110.92902077380327
2764,c,110.92902077380327,110.92902077380327
2765,c,110.92902077380327,110.92902077380327
2766,c,110.92902077380327,110.92902077380327
2767,t,110.92902077380327,110.92902077380327
2768,c,110.92902077380327,110.92902077380327
2769,c,110.92902077380327,110.92902077380327
2770,c,24.100789898066395,32.22490585029096
2771,t,110.92902077380327,110.92902077380327
2772,c,110.92902077380327,110.92902077380327
2773,t,110.92902077380327,110.92902077380327
2774,t,110.92902077380327,110.92902077380327
2775,t,110.92902077380327,110.92902077380327
2776,c,28.587722448946277,33.176126263272245
2777,c,77.57686032179511,79.07252045151358
2778,na,8.884500167132005,12.013806602559665
2779,c,110.92902077380327,110.92902077380327
2780,c,110.92902077380327,110.92902077380327
2781,c,110.92902077380327,110.92902077380327
2782,t,110.92902077380327,110.92902077380327
2783,c,110.92902077380327,110.92902077380327
2784,c,14.391196203690116,15.112136601848407
2785,c,110.92902077380327,110.92902077380327
2786,c,110.92902077380327,110.92902077380327
2787,c,110.92902077380327,110.92902077380327
2788,t,110.92902077380327,110.92902077380327
2789,c,110.92902077380327,110.92902077380327
2790,c,110.92902077380327,110.92902077380327
2791,c,7.725309249924985,12.474326618967384
2792,c,6.751113154196521,7.980427734012262
2793,t,110.92902077380327,110.92902077380327
2794,c,110.92902077380327,110.92902077380327
2795,c,110.92902077380327,110.92902077380327
2796,c,38.501189921426565,38.71965237915059
2797,c,110.92902077380327,110.92902077380327
2798,t,110.92902077380327,110.92902077380327
2799,c,110.92902077380327,110.92902077380327
2800,c,110.92902077380327,110.92902077380327
2801,c,110.92902077380327,110.92902077380327
2802,c,14.039625193735963,14.220854418416147
2803,c,52.60035698421741,54.43786120306772
2804,c,110.92902077380327,110.92902077380327
2805,c,110.92902077380327,110.92902077380327
2806,c,17.311630902175608,23.10960210368125
2807,t,110.92902077380327,110.92902077380327
2808,c,110.92902077380327,110.92902077380327
2809,c,110.92902077380327,110.92902077380327
2810,t,110.92902077380327,110.92902077380327
2811,c,110.92902077380327,110.92902077380327
2812,na,12.535720235485716,14.622176450153653
2813,t,110.92902077380327,110.92902077380327
2814,c,110.92902077380327,110.92902077380327
2815,t,110.92902077380327,110.92902077380327
2816,c,24.945665561799583,29.219818108483985
2817,c,110.92902077380327,110.92902077380327
2818,c,26.009968884605126,27.99313135701366
2819,c,110.92902077380327,110.92902077380327
2820,c,110.92902077380327,110.92902077380327
2821,t,110.92902077380327,110.92902077380327
2822,c,110.92902077380327,110.92902077380327
2823,t,110.92902077380327,110.92902077380327
2824,c,110.92902077380327,110.92902077380327
2825,t,110.92902077380327,110.92902077380327
2826,c,110.92902077380327,110.92902077380327
2827,c,110.92902077380327,110.92902077380327
2828,c,110.92902077380327,110.92902077380327
2829,c,110.92902077380327,110.92902077380327
2830,c,110.92902077380327,110.92902077380327
2831,t,110.92902077380327,110.92902077380327
2832,c,110.92902077380327,110.92902077380327
2833,c,63.04160411323934,81.6159546358358
2834,c,110.92902077380327,110.92902077380327
2835,c,110.92902077380327,110.92902077380327
2836,c,19.101703480182927,22.06813495353776
2837,c,110.92902077380327,110.92902077380327
2838,c,28.29638553996661,34.633837132463825
2839,c,20.951855482812093,23.909799952951623
2840,t,110.92902077380327,110.92902077380327
2841,c,110.92902077380327,110.92902077380327
2842,t,110.92902077380327,110.92902077380327
2843,c,110.92902077380327,110.92902077380327
2844,t,110.92902077380327,110.92902077380327
2845,c,43.45864064468278,44.63743294918446
2846,c,110.92902077380327,110.92902077380327
2847,t,110.92902077380327,110.92902077380327
2848,c,110.92902077380327,110.92902077380327
2849,c,110.92902077380327,110.92902077380327
2850,c,110.92902077380327,110.92902077380327
2851,c,110.92902077380327,110.92902077380327
2852,c,46.44358997020534,57.20078758425735
2853,c,110.92902077380327,110.92902077380327
2854,c,110.92902077380327,110.92902077380327
2855,t,110.92902077380327,110.92902077380327
2856,c,47.229477447844495,48.20798512038034
2857,c,60.41428958173188,64.26658500136188
2858,c,110.92902077380327,110.92902077380327
2859,c,110.92902077380327,110.92902077380327
2860,c,36.95434301306231,39.317164647507084
2861,c,110.92902077380327,110.92902077380327
2862,na,0.44114002924643386,7.893186964115098
2863,c,110.92902077380327,110.92902077380327
2864,t,110.92902077380327,110.92902077380327
2865,t,110.92902077380327,110.92902077380327
2866,c,29.460806534126352,31.436268170777563
2867,c,110.92902077380327,110.92902077380327
2868,c,110.92902077380327,110.92902077380327
2869,c,110.92902077380327,110.92902077380327
2870,c,110.92902077380327,110.92902077380327
2871,c,110.92902077380327,110.92902077380327
2872,c,110.92902077380327,110.92902077380327
2873,t,110.92902077380327,110.92902077380327
2874,c,110.92902077380327,110.92902077380327
2875,c,110.92902077380327,110.92902077380327
2876,c,110.92902077380327,110.92902077380327
2877,c,110.92902077380327,110.92902077380327
2878,na,0,2.1725034923700353
2879,c,14.04964559102344,15.885568387231213
2880,c,19.403726380762507,22.49305424016534
2881,t,110.92902077380327,110.92902077380327
2882,c,20.126826821919796,28.420884862993738
2883,c,26.757256305476588,27.220437402311386
2884,c,110.92902077380327,110.92902077380327
2885,c,110.92902077380327,110.92902077380327
2886,t,110.92902077380327,110.92902077380327
2887,c,110.92902077380327,110.92902077380327
2888,c,30.50720825372395,42.24135143184901
2889,t,110.92902077380327,110.92902077380327
2890,c,110.92902077380327,110.92902077380327
2891,c,110.92902077380327,110.92902077380327
2892,t,110.92902077380327,110.92902077380327
2893,c,110.92902077380327,110.92902077380327
2894,c,110.92902077380327,110.92902077380327
2895,c,110.92902077380327,110.92902077380327
2896,na,4.636677290230113,31.026659182194525
2897,c,110.92902077380327,110.92902077380327
2898,c,9.587133389517074,12.17159862627918
2899,c,32.1590100768707,44.01342705057813
2900,t,110.92902077380327,110.92902077380327
2901,c,0.6886750486153702,2.3491194491983665
2902,c,110.92902077380327,110.92902077380327
2903,c,110.92902077380327,110.92902077380327
2904,t,110.92902077380327,110.92902077380327
2905,c,5.699420164980354,8.519892722557755
2906,c,110.92902077380327,110.92902077380327
2907,c,4.207708293833809,4.250703765279017
2908,c,110.92902077380327,110.92902077380327
2909,c,110.92902077380327,110.92902077380327
2910,c,110.92902077380327,110.92902077380327
2911,c,22.799146572388747,25.16514432164261
2912,c,110.92902077380327,110.92902077380327
2913,c,16.656819926554743,20.64484714400144
2914,c,30.286136317394714,40.52924221156904
2915,c,110.92902077380327,110.92902077380327
2916,t,110.92902077380327,110.92902077380327
2917,c,23.211577355871484,30.96094194109173
2918,c,55.25286044951123,55.725026890219866
2919,c,59.28656225095123,76.98057340131514
2920,c,51.34862915241177,52.75132558838757
2921,c,110.92902077380327,110.92902077380327
2922,c,6.995984746591459,16.257008495076274
2923,c,36.379955831191765,36.90679867681459
2924,t,110.92902077380327,110.92902077380327
2925,t,110.92902077380327,110.92902077380327
2926,c,110.92902077380327,110.92902077380327
2927,c,110.92902077380327,110.92902077380327
2928,c,16.217608051033444,110.92902077380327
2929,t,110.92902077380327,110.92902077380327
2930,c,110.92902077380327,110.92902077380327
2931,c,32.18457188378386,33.48897475901393
2932,c,110.92902077380327,110.92902077380327
2933,c,29.290452866316727,32.327009822901665
2934,c,32.038888070008106,33.04174640460038
2935,c,110.92902077380327,110.92902077380327
2936,c,110.92902077380327,110.92902077380327
2937,c,110.92902077380327,110.92902077380327
2938,c,110.92902077380327,110.92902077380327
2939,t,110.92902077380327,110.92902077380327
2940,c,110.92902077380327,110.92902077380327
2941,c,16.622692773827882,20.600184489347445
2942,c,110.92902077380327,110.92902077380327
2943,c,110.92902077380327,110.92902077380327
2944,c,14.939241632188624,18.67253733232676
2945,c,110.92902077380327,110.92902077380327
2946,c,110.92902077380327,110.92902077380327
2947,c,23.436377663974902,25.603982055128704
2948,c,110.92902077380327,110.92902077380327
2949,c,28.869661764348688,31.810195469860783
2950,t,110.92902077380327,110.92902077380327
2951,c,110.92902077380327,110.92902077380327
2952,c,13.513928332353485,24.41381761293667
2953,c,40.14668728738507,51.0483868938395
2954,c,110.92902077380327,110.92902077380327
2955,c,22.230825506529758,25.774540973674643
2956,c,18.559675626522708,18.61400884569486
2957,c,30.820803140341106,33.78681496351008
2958,c,110.92902077380327,110.92902077380327
2959,t,110.92902077380327,110.92902077380327
2960,na,2.416431359433455,3.4036609683572117
2961,c,40.01505804353318,40.61779960717755
2962,c,17.987686762509405,24.488736720112172
2963,c,41.85592885034949,46.636277475646416
2964,c,39.74536889070234,42.50057411335096
2965,c,16.816424153966828,17.108346174124097
2966,c,110.92902077380327,110.92902077380327
2967,c,16.66786485204642,17.300915279853534
2968,c,15.367716692081359,15.70215785325786
2969,c,21.905143896547898,27.0015318636923
2970,c,33.01916171066921,37.465303767709365
2971,c,79.44149268979598,80.07835569330496
2972,c,110.92902077380327,110.92902077380327
2973,t,110.92902077380327,110.92902077380327
2974,c,29.011000040757544,39.03247112207977
2975,c,110.92902077380327,110.92902077380327
2976,c,110.92902077380327,110.92902077380327
2977,c,110.92902077380327,110.92902077380327
2978,c,30.72186199185156,110.92902077380327
2979,c,110.92902077380327,110.92902077380327
2980,c,19.092207464738173,20.130479701607605
2981,c,23.673329584853345,23.710591104539713
2982,c,33.034338844647856,110.92902077380327
2983,c,2.2726412574218284,27.495913323352077
2984,c,110.92902077380327,110.92902077380327
2985,c,20.73748349767191,24.77146719624808
2986,c,20.674172086485434,20.764037880139977
2987,c,110.92902077380327,110.92902077380327
2988,c,23.124311941647047,27.906282666919697
2989,c,77.27611020911053,84.49940687933156
2990,c,34.22883622057034,46.57571965012652
2991,c,110.92902077380327,110.92902077380327
2992,c,110.92902077380327,110.92902077380327
2993,c,110.92902077380327,110.92902077380327
2994,c,33.08932856343294,34.620989052350765
2995,c,15.370243038051402,24.810928447300192
2996,c,31.081845290698524,31.110106841318085
2997,c,110.92902077380327,110.92902077380327
2998,t,110.92902077380327,110.92902077380327
2999,c,22.207799574942875,23.479621450014523
3000,c,33.712373052378595,34.35792199681161
3001,c,110.92902077380327,110.92902077380327
3002,c,110.92902077380327,110.92902077380327
3003,t,110.92902077380327,110.92902077380327
3004,c,110.92902077380327,110.92902077380327
3005,c,110.92902077380327,110.92902077380327
3006,c,110.92902077380327,110.92902077380327
3007,t,110.92902077380327,110.92902077380327
3008,c,110.92902077380327,110.92902077380327
3009,c,110.92902077380327,110.92902077380327
3010,c,110.92902077380327,110.92902077380327
3011,c,110.92902077380327,110.92902077380327
3012,c,110.92902077380327,110.92902077380327
3013,c,110.92902077380327,110.92902077380327
3014,na,19.56614795029442,22.155074599638372
3015,c,37.495523856544736,40.3094257896955
3016,c,47.860318726049556,48.79348151890994
3017,c,110.92902077380327,110.92902077380327
3018,c,110.92902077380327,110.92902077380327
3019,t,110.92902077380327,110.92902077380327
3020,c,17.68513869847784,19.45974405064476
3021,c,14.980739462555176,20.000149404836662
3022,c,31.888474346382772,33.73462695839643
3023,c,110.92902077380327,110.92902077380327
3024,t,110.92902077380327,110.92902077380327
3025,c,44.75670088108282,52.15147915208244
3026,c,110.92902077380327,110.92902077380327
3027,c,110.92902077380327,110.92902077380327
3028,c,110.92902077380327,110.92902077380327
3029,c,110.92902077380327,110.92902077380327
3030,c,25.160740516829982,110.92902077380327
3031,c,16.276903751008188,110.92902077380327
3032,t,110.92902077380327,110.92902077380327
3033,c,26.870316445228667,31.71962807531254
3034,t,110.92902077380327,110.92902077380327
3035,c,110.92902077380327,110.92902077380327
3036,c,110.92902077380327,110.92902077380327
3037,t,110.92902077380327,110.92902077380327
3038,c,50.36794358402737,54.2066904731992
3039,c,110.92902077380327,110.92902077380327
3040,c,110.92902077380327,110.92902077380327
3041,t,110.92902077380327,110.92902077380327
3042,c,22.815099963955088,23.134153850428426
3043,c,110.92902077380327,110.92902077380327
3044,c,35.01360086207273,35.75269644197866
3045,c,110.92902077380327,110.92902077380327
3046,c,33.39911218361847,110.92902077380327
3047,c,110.92902077380327,110.92902077380327
3048,c,11.257443812641576,11.841564933306147
3049,c,58.493221107542986,66.30410332097183
3050,t,110.92902077380327,110.92902077380327
3051,c,55.84118356455878,60.239304949237045
3052,c,8.319331292776402,9.680340515404815
3053,c,110.92902077380327,110.92902077380327
3054,t,110.92902077380327,110.92902077380327
3055,c,12.994846562642458,13.433162042534962
3056,t,110.92902077380327,110.92902077380327
3057,c,110.92902077380327,110.92902077380327
3058,c,110.92902077380327,110.92902077380327
3059,c,58.146730837228134,64.04904925230538
3060,t,110.92902077380327,110.92902077380327
3061,c,110.92902077380327,110.92902077380327
3062,c,110.92902077380327,110.92902077380327
3063,c,11.96577645419317,21.69505503196707
3064,c,42.92421380554357,43.884925207843686
3065,c,10.086200176675767,16.80488699654062
3066,c,110.92902077380327,110.92902077380327
3067,c,39.92705936245095,61.65469387385135
3068,c,41.4166301570609,43.53145155173939
3069,c,47.95847135714676,60.34539669443433
3070,c,110.92902077380327,110.92902077380327
3071,t,110.92902077380327,110.92902077380327
3072,c,110.92902077380327,110.92902077380327
3073,c,110.92902077380327,110.92902077380327
3074,c,110.92902077380327,110.92902077380327
3075,c,110.92902077380327,110.92902077380327
3076,c,110.92902077380327,110.92902077380327
3077,c,20.756418547374857,30.689310477903916
3078,c,110.92902077380327,110.92902077380327
3079,c,110.92902077380327,110.92902077380327
3080,c,110.92902077380327,110.92902077380327
3081,t,110.92902077380327,110.92902077380327
3082,t,110.92902077380327,110.92902077380327
3083,c,110.92902077380327,110.92902077380327
3084,c,110.92902077380327,110.92902077380327
3085,t,110.92902077380327,110.92902077380327
3086,c,24.859542261431525,25.62050472878816
3087,c,35.74907625951774,41.997074973765656
3088,t,110.92902077380327,110.92902077380327
3089,c,110.92902077380327,110.92902077380327
3090,t,110.92902077380327,110.92902077380327
3091,c,110.92902077380327,110.92902077380327
3092,c,110.92902077380327,110.92902077380327
3093,c,30.197942487950243,30.405205026025683
3094,c,110.92902077380327,110.92902077380327
3095,c,5.158522558904623,5.25322750367004
3096,c,110.92902077380327,110.92902077380327
3097,c,18.429862074896324,23.173711755404252
3098,c,20.99774363296617,110.92902077380327
3099,t,110.92902077380327,110.92902077380327
3100,c,110.92902077380327,110.92902077380327
3101,c,19.05296249779513,110.92902077380327
3102,na,-1,0
3103,c,17.261741642457935,22.967353902975994
3104,c,22.488226894940695,23.887672345462853
3105,c,66.99487701274977,68.51198306498326
3106,c,110.92902077380327,110.92902077380327
3107,c,17.257624394772474,20.47444154430491
3108,t,110.92902077380327,110.92902077380327
3109,c,15.095266101637236,19.346837198077058
3110,c,110.92902077380327,110.92902077380327
3111,t,110.92902077380327,110.92902077380327
3112,c,110.92902077380327,110.92902077380327
3113,c,110.92902077380327,110.92902077380327
3114,c,110.92902077380327,110.92902077380327
3115,t,110.92902077380327,110.92902077380327
3116,t,110.92902077380327,110.92902077380327
3117,c,110.92902077380327,110.92902077380327
3118,c,110.92902077380327,110.92902077380327
3119,c,110.92902077380327,110.92902077380327
3120,c,110.92902077380327,110.92902077380327
3121,c,110.92902077380327,110.92902077380327
3122,c,110.92902077380327,110.92902077380327
3123,c,26.552030969494474,33.93374449087051
3124,c,110.92902077380327,110.92902077380327
3125,c,110.92902077380327,110.92902077380327
3126,c,110.92902077380327,110.92902077380327
3127,t,110.92902077380327,110.92902077380327
3128,c,110.92902077380327,110.92902077380327
3129,c,26.94947967815562,27.308502733966026
3130,c,2.1224416659105048,5.118974392434559
3131,c,110.92902077380327,110.92902077380327
3132,c,110.92902077380327,110.92902077380327
3133,c,110.92902077380327,110.92902077380327
3134,t,110.92902077380327,110.92902077380327
3135,c,21.10345441637247,21.77088544127293
3136,c,28.69450732006006,31.17158301260606
3137,c,110.92902077380327,110.92902077380327
3138,c,110.92902077380327,110.92902077380327
3139,t,110.92902077380327,110.92902077380327
3140,c,110.92902077380327,110.92902077380327
3141,c,110.92902077380327,110.92902077380327
3142,c,23.681456540456846,25.451793569667224
3143,c,15.034622633553374,16.359163147197957
3144,c,110.92902077380327,110.92902077380327
3145,c,13.769354487710881,14.748497275999178
3146,c,41.7114352998553,46.4278938815813
3147,c,7.243778618729802,10.48269348119755
3148,c,110.92902077380327,110.92902077380327
3149,c,110.92902077380327,110.92902077380327
3150,c,110.92902077380327,110.92902077380327
3151,c,35.29478939133071,61.178734744482036
3152,c,110.92902077380327,110.92902077380327
3153,c,47.78599395290522,49.194912488616104
3154,c,110.92902077380327,110.92902077380327
3155,c,110.92902077380327,110.92902077380327
3156,t,110.92902077380327,110.92902077380327
3157,c,110.92902077380327,110.92902077380327
3158,c,34.53155264612327,39.70594453600872
3159,c,25.208801811341964,29.322558237075196
3160,c,110.92902077380327,110.92902077380327
3161,c,50.38320621943226,51.014748845867516
3162,c,110.92902077380327,110.92902077380327
3163,t,110.92902077380327,110.92902077380327
3164,c,15.989398895304342,16.58091418833271
3165,c,110.92902077380327,110.92902077380327
3166,c,34.217913110131576,36.522828431001955
3167,c,110.92902077380327,110.92902077380327
3168,c,19.37547484306574,25.17323899684996
3169,t,110.92902077380327,110.92902077380327
3170,c,33.3434612003183,110.92902077380327
3171,c,110.92902077380327,110.92902077380327
3172,c,110.92902077380327,110.92902077380327
3173,c,110.92902077380327,110.92902077380327
3174,c,42.262347441815834,47.00497054011015
3175,c,30.400048621839407,32.2349849258849
3176,c,65.28017130363321,68.55648306279336
3177,t,110.92902077380327,110.92902077380327
3178,c,22.179750759142774,28.229389975606974
3179,c,110.92902077380327,110.92902077380327
3180,c,110.92902077380327,110.92902077380327
3181,c,110.92902077380327,110.92902077380327
3182,t,110.92902077380327,110.92902077380327
3183,c,110.92902077380327,110.92902077380327
3184,c,110.92902077380327,110.92902077380327
3185,c,24.58242395224722,32.272053380157
3186,c,31.638236647818065,41.6008081519355
3187,na,0,4.69012300165958
3188,c,110.92902077380327,110.92902077380327
3189,t,110.92902077380327,110.92902077380327
3190,na,0.005463205160668238,0.3299998883920607
3191,c,39.05506084466827,43.29829114826333
3192,c,30.51597689579188,34.10563793481351
3193,t,110.92902077380327,110.92902077380327
3194,c,110.92902077380327,110.92902077380327
3195,c,7.01686390014696,16.760316114257215
3196,t,110.92902077380327,110.92902077380327
3197,c,19.523498141193265,22.86528805770121
3198,c,110.92902077380327,110.92902077380327
3199,c,110.92902077380327,110.92902077380327
3200,c,19.07982974541649,28.404459558104264
3201,c,5.571282027291812,9.160104109500665
3202,t,110.92902077380327,110.92902077380327
3203,c,110.92902077380327,110.92902077380327
3204,c,110.92902077380327,110.92902077380327
3205,na,-1,0
3206,t,110.92902077380327,110.92902077380327
3207,c,110.92902077380327,110.92902077380327
3208,c,20.925472048455006,22.012765314118283
3209,t,110.92902077380327,110.92902077380327
3210,c,110.92902077380327,110.92902077380327
3211,c,44.46402404263944,47.40572278371948
3212,t,110.92902077380327,110.92902077380327
3213,c,110.92902077380327,110.92902077380327
3214,c,110.92902077380327,110.92902077380327
3215,c,110.92902077380327,110.92902077380327
3216,c,110.92902077380327,110.92902077380327
3217,c,110.92902077380327,110.92902077380327
3218,c,29.84609952298154,30.98701168431134
3219,t,110.92902077380327,110.92902077380327
3220,c,32.412009813637596,50.58124326917159
3221,c,22.67943820887997,26.00662433474911
3222,c,110.92902077380327,110.92902077380327
3223,t,110.92902077380327,110.92902077380327
3224,c,110.92902077380327,110.92902077380327
3225,c,13.867454568798728,14.146528885295758
3226,c,110.92902077380327,110.92902077380327
3227,c,110.92902077380327,110.92902077380327
3228,c,41.191425776726916,110.92902077380327
3229,c,110.92902077380327,110.92902077380327
3230,c,110.92902077380327,110.92902077380327
3231,c,25.309136404177806,43.978547721737655
3232,t,110.92902077380327,110.92902077380327
3233,t,110.92902077380327,110.92902077380327
3234,c,69.37916746338784,71.37442176439383
3235,c,110.92902077380327,110.92902077380327
3236,c,110.92902077380327,110.92902077380327
3237,c,110.92902077380327,110.92902077380327
3238,c,110.92902077380327,110.92902077380327
3239,c,110.92902077380327,110.92902077380327
3240,c,35.384829258953836,36.23097576805246
3241,t,110.92902077380327,110.92902077380327
3242,c,110.92902077380327,110.92902077380327
3243,na,-1,0
3244,t,110.92902077380327,110.92902077380327
3245,c,31.489133134952453,33.398511506152786
3246,c,18.289460767865823,20.480398084788284
3247,c,110.92902077380327,110.92902077380327
3248,c,110.92902077380327,110.92902077380327
3249,c,110.92902077380327,110.92902077380327
3250,c,110.92902077380327,110.92902077380327
3251,c,23.805255106797993,24.699433640931897
3252,c,110.92902077380327,110.92902077380327
3253,c,110.92902077380327,110.92902077380327
3254,c,23.15851449670873,42.67792526323945
3255,t,110.92902077380327,110.92902077380327
3256,c,32.2156674716685,32.464822123888304
3257,c,110.92902077380327,110.92902077380327
3258,c,25.048551240251726,27.960830829214352
3259,t,110.92902077380327,110.92902077380327
3260,c,110.92902077380327,110.92902077380327
3261,c,28.559340168777613,31.677195925820598
3262,c,110.92902077380327,110.92902077380327
3263,c,13.786956244789613,17.16553803125599
3264,c,110.92902077380327,110.92902077380327
3265,t,110.92902077380327,110.92902077380327
3266,c,110.92902077380327,110.92902077380327
3267,c,25.351067103183297,30.779628371769615
3268,c,4.023558378294707,5.53264046412208
3269,c,110.92902077380327,110.92902077380327
3270,c,110.92902077380327,110.92902077380327
3271,c,65.33484083083229,78.24675602634035
3272,c,110.92902077380327,110.92902077380327
3273,c,110.92902077380327,110.92902077380327
3274,c,29.137492101562156,40.29159520692581
3275,c,110.92902077380327,110.92902077380327
3276,t,110.92902077380327,110.92902077380327
3277,c,14.497776760298729,15.881671517402863
3278,c,110.92902077380327,110.92902077380327
3279,c,110.92902077380327,110.92902077380327
3280,c,110.92902077380327,110.92902077380327
3281,c,110.92902077380327,110.92902077380327
3282,c,110.92902077380327,110.92902077380327
3283,c,28.625195267473025,42.581354239037786
3284,c,110.92902077380327,110.92902077380327
3285,c,25.048128819930252,39.785696793682014
3286,c,30.201902563763294,47.16056457231128
3287,c,110.92902077380327,110.92902077380327
3288,c,21.736085527176435,22.134046312050025
3289,t,110.92902077380327,110.92902077380327
3290,c,110.92902077380327,110.92902077380327
3291,t,110.92902077380327,110.92902077380327
3292,c,110.92902077380327,110.92902077380327
3293,c,110.92902077380327,110.92902077380327
3294,t,110.92902077380327,110.92902077380327
3295,c,110.92902077380327,110.92902077380327
3296,c,110.92902077380327,110.92902077380327
3297,c,110.92902077380327,110.92902077380327
3298,c,110.92902077380327,110.92902077380327
3299,t,110.92902077380327,110.92902077380327
3300,c,110.92902077380327,110.92902077380327
3301,c,7.766498229994128,11.598698317300277
3302,t,110.92902077380327,110.92902077380327
3303,c,25.526275942380337,29.822851977899283
3304,c,110.92902077380327,110.92902077380327
3305,c,29.2689683529805,30.274311548373078
3306,t,110.92902077380327,110.92902077380327
3307,c,110.92902077380327,110.92902077380327
3308,c,110.92902077380327,110.92902077380327
3309,c,21.248348082628308,23.634306885099797
3310,c,110.92902077380327,110.92902077380327
3311,t,110.92902077380327,110.92902077380327
3312,c,47.944883148652735,49.97892325498248
3313,c,110.92902077380327,110.92902077380327
3314,c,110.92902077380327,110.92902077380327
3315,c,110.92902077380327,110.92902077380327
3316,t,110.92902077380327,110.92902077380327
3317,t,110.92902077380327,110.92902077380327
3318,c,110.92902077380327,110.92902077380327
3319,c,24.83442766949124,29.67334769710364
3320,c,39.88764677583384,47.6820059598636
3321,c,16.936469040992264,21.523368294279692
3322,t,110.92902077380327,110.92902077380327
3323,c,110.92902077380327,110.92902077380327
3324,c,7.4559717088950475,9.182231418576492
3325,c,110.92902077380327,110.92902077380327
3326,c,110.92902077380327,110.92902077380327
3327,c,40.730072194416536,52.108179917439934
3328,c,13.235491500439316,22.077202951384404
3329,t,110.92902077380327,110.92902077380327
3330,c,110.92902077380327,110.92902077380327
3331,c,46.62578684213363,58.1572928979794
3332,c,110.92902077380327,110.92902077380327
3333,t,110.92902077380327,110.92902077380327
3334,c,110.92902077380327,110.92902077380327
3335,t,110.92902077380327,110.92902077380327
3336,c,110.92902077380327,110.92902077380327
3337,c,36.15436389989485,44.657863748899835
3338,t,110.92902077380327,110.92902077380327
3339,t,110.92902077380327,110.92902077380327
3340,c,33.39635809337911,39.09122648303369
3341,c,110.92902077380327,110.92902077380327
3342,c,110.92902077380327,110.92902077380327
3343,t,110.92902077380327,110.92902077380327
3344,c,27.425778502111612,37.1086617399292
3345,c,110.92902077380327,110.92902077380327
3346,c,110.92902077380327,110.92902077380327
3347,t,110.92902077380327,110.92902077380327
3348,c,17.971486097580968,24.706246526713265
3349,c,110.92902077380327,110.92902077380327
3350,c,23.622352981550065,110.92902077380327
3351,c,110.92902077380327,110.92902077380327
3352,t,110.92902077380327,110.92902077380327
3353,c,110.92902077380327,110.92902077380327
3354,c,110.92902077380327,110.92902077380327
3355,c,110.92902077380327,110.92902077380327
3356,c,110.92902077380327,110.92902077380327
3357,c,19.79599274083465,20.691779341167237
3358,c,10.465935088964352,110.92902077380327
3359,c,110.92902077380327,110.92902077380327
3360,c,33.61740362937634,38.37114637178503
3361,na,5.4489322101387865,8.913819180892146
3362,c,9.18842110693178,30.893120865131635
3363,c,14.51837001722983,22.276649125370415
3364,c,38.56603250958482,50.02974409296506
3365,na,0,6.67261307417991
3366,c,12.488130072583047,12.918350928405546
3367,c,42.682950904633834,42.89603993132894
3368,c,19.570526447017667,23.17774649202578
3369,c,110.92902077380327,110.92902077380327
3370,c,15.89967950773295,25.686456317162303
3371,c,19.27192723985994,19.53760004993601
3372,t,110.92902077380327,110.92902077380327
3373,c,20.94941997494936,22.650854279022763
3374,c,110.92902077380327,110.92902077380327
3375,c,110.92902077380327,110.92902077380327
3376,c,25.89777403825825,28.439234179858257
3377,c,13.671853943509115,16.881052408624484
3378,c,84.86433926084223,87.45804463659012
3379,c,110.92902077380327,110.92902077380327
3380,c,110.92902077380327,110.92902077380327
3381,c,28.13467779899307,31.898547241989192
3382,c,110.92902077380327,110.92902077380327
3383,c,110.92902077380327,110.92902077380327
3384,c,16.414341365638958,20.618888485989114
3385,c,57.775037634055465,61.924743503045505
3386,c,110.92902077380327,110.92902077380327
3387,t,110.92902077380327,110.92902077380327
3388,c,110.92902077380327,110.92902077380327
3389,c,110.92902077380327,110.92902077380327
3390,t,110.92902077380327,110.92902077380327
3391,t,110.92902077380327,110.92902077380327
3392,c,8.786620451738457,8.917164720452144
3393,c,16.58447305536034,21.436076792991848
3394,c,110.92902077380327,110.92902077380327
3395,t,110.92902077380327,110.92902077380327
3396,c,110.92902077380327,110.92902077380327
3397,c,110.92902077380327,110.92902077380327
3398,t,110.92902077380327,110.92902077380327
3399,c,32.348254727533075,38.05670003937889
3400,c,110.92902077380327,110.92902077380327
3401,c,110.92902077380327,110.92902077380327
3402,t,110.92902077380327,110.92902077380327
3403,t,110.92902077380327,110.92902077380327
3404,t,110.92902077380327,110.92902077380327
3405,c,16.18252750901402,20.08811278358024
3406,na,0,8.474940615209114
3407,t,110.92902077380327,110.92902077380327
3408,t,110.92902077380327,110.92902077380327
3409,c,12.17682377184464,17.35542882447083
3410,c,43.32878322451831,47.06182791577844
3411,c,110.92902077380327,110.92902077380327
3412,c,46.97076253732905,49.44053283702165
3413,c,110.92902077380327,110.92902077380327
3414,t,110.92902077380327,110.92902077380327
3415,c,110.92902077380327,110.92902077380327
3416,c,27.210811953216794,28.08975049713233
3417,c,50.983935290334735,56.94333081231192
3418,c,110.92902077380327,110.92902077380327
3419,c,12.304069584213961,12.954939629808901
3420,c,110.92902077380327,110.92902077380327
3421,t,110.92902077380327,110.92902077380327
3422,c,43.53160768005459,44.93366329532286
3423,t,110.92902077380327,110.92902077380327
3424,t,110.92902077380327,110.92902077380327
3425,c,110.92902077380327,110.92902077380327
3426,t,110.92902077380327,110.92902077380327
3427,t,110.92902077380327,110.92902077380327
3428,c,35.181300118755715,37.74355830291818
3429,c,110.92902077380327,110.92902077380327
3430,c,73.00067523431798,110.92902077380327
3431,c,110.92902077380327,110.92902077380327
3432,c,62.50371787932623,64.33942199377344
3433,c,110.92902077380327,110.92902077380327
3434,c,110.92902077380327,110.92902077380327
3435,c,17.569255646080855,19.22836800680227
3436,c,110.92902077380327,110.92902077380327
3437,t,110.92902077380327,110.92902077380327
3438,c,110.92902077380327,110.92902077380327
3439,c,25.952866175467506,31.10482268893038
3440,c,26.49531195996326,28.829613580256392
3441,c,23.02317033547496,27.54040070150128
3442,c,110.92902077380327,110.92902077380327
3443,c,30.640766940060608,31.701707037763768
3444,c,110.92902077380327,110.92902077380327
3445,c,110.92902077380327,110.92902077380327
3446,c,39.22400442614304,110.92902077380327
3447,c,110.92902077380327,110.92902077380327
3448,c,110.92902077380327,110.92902077380327
3449,t,110.92902077380327,110.92902077380327
3450,c,110.92902077380327,110.92902077380327
3451,c,110.92902077380327,110.92902077380327
3452,c,44.55854116635388,46.77550292148029
3453,t,110.92902077380327,110.92902077380327
3454,c,110.92902077380327,110.92902077380327
3455,c,13.091732636031162,18.393214773444647
3456,c,110.92902077380327,110.92902077380327
3457,c,110.92902077380327,110.92902077380327
3458,c,110.92902077380327,110.92902077380327
3459,t,110.92902077380327,110.92902077380327
3460,c,110.92902077380327,110.92902077380327
3461,c,35.83357241760056,37.687858771359494
3462,c,36.12162906388657,44.922993180201104
3463,c,110.92902077380327,110.92902077380327
3464,c,29.089305971936056,29.336906823126196
3465,c,48.56637206722355,49.03604124376713
3466,c,110.92902077380327,110.92902077380327
3467,c,22.90589202674857,110.92902077380327
3468,c,110.92902077380327,110.92902077380327
3469,c,110.92902077380327,110.92902077380327
3470,c,110.92902077380327,110.92902077380327
3471,c,11.199241670273844,35.102277440036154
3472,c,110.92902077380327,110.92902077380327
3473,c,39.295101299310694,41.94982051196452
3474,c,31.375518138213657,31.93001894070385
3475,c,110.92902077380327,110.92902077380327
3476,c,29.105805779000057,31.36394484780796
3477,c,25.379507392438093,25.907127183427846
3478,c,110.92902077380327,110.92902077380327
3479,c,110.92902077380327,110.92902077380327
3480,c,32.69701088553602,46.45764264712686
3481,t,110.92902077380327,110.92902077380327
3482,c,40.46978433138088,42.18230679693329
3483,c,110.92902077380327,110.92902077380327
3484,c,10.553600777134953,110.92902077380327
3485,c,29.819809387435598,32.97347686615201
3486,c,39.388713583612635,39.611442996304014
3487,c,31.203735217433366,36.18766916636931
3488,c,19.0230341096062,22.980119182066076
3489,t,110.92902077380327,110.92902077380327
3490,c,110.92902077380327,110.92902077380327
3491,c,55.38500274524676,55.44684063785976
3492,c,23.54282525188258,23.671591728724593
3493,c,29.78194888481662,38.63620604532862
3494,c,37.14491545360788,40.48019479171133
3495,c,22.499339282123238,23.264359424655588
3496,c,27.345886396396534,37.45300603576226
3497,c,28.009295474198296,37.80194877354902
3498,t,110.92902077380327,110.92902077380327
3499,t,110.92902077380327,110.92902077380327
3500,t,110.92902077380327,110.92902077380327
3501,c,35.98146252269828,37.48628224263752
3502,c,110.92902077380327,110.92902077380327
3503,t,110.92902077380327,110.92902077380327
3504,c,110.92902077380327,110.92902077380327
3505,c,110.92902077380327,110.92902077380327
3506,c,110.92902077380327,110.92902077380327
3507,t,110.92902077380327,110.92902077380327
3508,c,27.32923485591568,34.15709625375501
3509,c,11.70973456721844,21.327417808026823
3510,c,110.92902077380327,110.92902077380327
3511,c,49.530655017438576,57.20751392632267
3512,c,12.166892812350062,14.647241480785485
3513,c,110.92902077380327,110.92902077380327
3514,t,110.92902077380327,110.92902077380327
3515,t,110.92902077380327,110.92902077380327
3516,c,110.92902077380327,110.92902077380327
3517,c,13.79961089741553,16.843369593274776
3518,c,110.92902077380327,110.92902077380327
3519,c,17.641227979875516,22.837740694697672
3520,c,14.435164585981054,15.329254846200925
3521,c,29.397967207154146,32.24224239773547
3522,c,63.57242236179393,110.92902077380327
3523,c,110.92902077380327,110.92902077380327
3524,c,31.91600537011102,33.38295090143777
3525,t,110.92902077380327,110.92902077380327
3526,c,110.92902077380327,110.92902077380327
3527,c,25.603840101531038,26.726433631511014
3528,c,41.5072197896674,43.579418486205704
3529,c,28.257950461880473,35.0894648867576
3530,c,110.92902077380327,110.92902077380327
3531,c,42.98643213632015,43.2305356344972
3532,c,110.92902077380327,110.92902077380327
3533,c,110.92902077380327,110.92902077380327
3534,c,110.92902077380327,110.92902077380327
3535,t,110.92902077380327,110.92902077380327
3536,t,110.92902077380327,110.92902077380327
3537,na,0,2.768001344765443
3538,c,32.006251536889934,110.92902077380327
3539,c,110.92902077380327,110.92902077380327
3540,c,110.92902077380327,110.92902077380327
3541,c,1.8763310184137683,5.309816085517874
3542,c,110.92902077380327,110.92902077380327
3543,t,110.92902077380327,110.92902077380327
3544,c,26.055294588529307,26.344914293848138
3545,t,110.92902077380327,110.92902077380327
3546,c,110.92902077380327,110.92902077380327
3547,c,13.15072603913554,20.78541910669243
3548,c,110.92902077380327,110.92902077380327
3549,na,-1,0
3550,t,110.92902077380327,110.92902077380327
3551,c,110.92902077380327,110.92902077380327
3552,c,110.92902077380327,110.92902077380327
3553,c,40.930219550114316,51.953997768874025
3554,c,110.92902077380327,110.92902077380327
3555,c,28.909431061872493,34.2302921728864
3556,c,110.92902077380327,110.92902077380327
3557,c,110.92902077380327,110.92902077380327
3558,c,13.7376468156138,110.92902077380327
3559,c,14.703475274151645,28.58618951522721
3560,t,110.92902077380327,110.92902077380327
3561,c,110.92902077380327,110.92902077380327
3562,c,54.35595919431634,56.0804626593836
3563,c,29.02536497573033,30.156609878056305
3564,c,44.83405287615185,45.52262140291404
3565,c,36.356833383364204,37.99628340243257
3566,c,28.736793868707995,30.36173957285882
3567,t,110.92902077380327,110.92902077380327
3568,c,110.92902077380327,110.92902077380327
3569,c,110.92902077380327,110.92902077380327
3570,c,110.92902077380327,110.92902077380327
3571,c,5.5949372162291935,19.732554017385795
3572,c,22.551430673051645,26.0957795159341
3573,t,110.92902077380327,110.92902077380327
3574,c,110.92902077380327,110.92902077380327
3575,c,65.43141089717331,68.89917222277589
3576,c,110.92902077380327,110.92902077380327
3577,c,110.92902077380327,110.92902077380327
3578,c,110.92902077380327,110.92902077380327
3579,c,110.92902077380327,110.92902077380327
3580,t,110.92902077380327,110.92902077380327
3581,c,110.92902077380327,110.92902077380327
3582,c,110.92902077380327,110.92902077380327
3583,t,110.92902077380327,110.92902077380327
3584,c,110.92902077380327,110.92902077380327
3585,t,110.92902077380327,110.92902077380327
3586,c,110.92902077380327,110.92902077380327
3587,c,33.011023332093636,36.229488595216935
3588,c,110.92902077380327,110.92902077380327
3589,c,16.917016427031957,18.547689602564198
3590,t,110.92902077380327,110.92902077380327
3591,c,110.92902077380327,110.92902077380327
3592,c,110.92902077380327,110.92902077380327
3593,c,110.92902077380327,110.92902077380327
3594,c,110.92902077380327,110.92902077380327
3595,c,19.13220059361536,110.92902077380327
3596,c,110.92902077380327,110.92902077380327
3597,c,32.903404337766716,34.992014466679194
3598,t,110.92902077380327,110.92902077380327
3599,c,110.92902077380327,110.92902077380327
3600,na,-1,0
3601,c,110.92902077380327,110.92902077380327
3602,t,110.92902077380327,110.92902077380327
3603,c,110.92902077380327,110.92902077380327
3604,c,110.92902077380327,110.92902077380327
3605,c,53.97584252340023,76.0874204516483
3606,c,110.92902077380327,110.92902077380327
3607,c,24.322262100047595,25.99389080974701
3608,c,86.1957716282132,98.98988021627089
3609,c,110.92902077380327,110.92902077380327
3610,t,110.92902077380327,110.92902077380327
3611,c,110.92902077380327,110.92902077380327
3612,t,110.92902077380327,110.92902077380327
3613,t,110.92902077380327,110.92902077380327
3614,c,14.274644864213636,18.351025179519695
3615,c,23.352728913768658,32.05744359741737
3616,t,110.92902077380327,110.92902077380327
3617,c,110.92902077380327,110.92902077380327
3618,t,110.92902077380327,110.92902077380327
3619,c,24.254823455179753,31.557230878071017
3620,c,110.92902077380327,110.92902077380327
3621,c,31.89360604982589,32.39523367481433
3622,c,28.210982344143858,32.18170041131752
3623,c,28.94552511683751,30.758504205320097
3624,c,110.92902077380327,110.92902077380327
3625,c,110.92902077380327,110.92902077380327
3626,c,16.35528342880513,19.22091657689063
3627,c,110.92902077380327,110.92902077380327
3628,c,17.14899572688575,27.308352202583567
3629,c,110.92902077380327,110.92902077380327
3630,t,110.92902077380327,110.92902077380327
3631,t,110.92902077380327,110.92902077380327
3632,c,23.229414539312636,29.018209150995244
3633,na,3.347179008937066,5.861168427610808
3634,t,110.92902077380327,110.92902077380327
3635,t,110.92902077380327,110.92902077380327
3636,c,73.09244403742844,78.06782402109089
3637,t,110.92902077380327,110.92902077380327
3638,c,110.92902077380327,110.92902077380327
3639,t,110.92902077380327,110.92902077380327
3640,c,18.768235288115452,19.718841565290486
3641,c,110.92902077380327,110.92902077380327
3642,c,110.92902077380327,110.92902077380327
3643,c,110.92902077380327,110.92902077380327
3644,c,110.92902077380327,110.92902077380327
3645,c,37.33574949228972,44.71599138652006
3646,c,110.92902077380327,110.92902077380327
3647,c,17.251722699421983,110.92902077380327
3648,t,110.92902077380327,110.92902077380327
3649,c,110.92902077380327,110.92902077380327
3650,t,110.92902077380327,110.92902077380327
3651,c,110.92902077380327,110.92902077380327
3652,na,0.6731868502285072,11.76164540844412
3653,c,110.92902077380327,110.92902077380327
3654,c,110.92902077380327,110.92902077380327
3655,c,110.92902077380327,110.92902077380327
3656,c,110.92902077380327,110.92902077380327
3657,na,-1,0
3658,t,110.92902077380327,110.92902077380327
3659,c,110.92902077380327,110.92902077380327
3660,c,110.92902077380327,110.92902077380327
3661,t,110.92902077380327,110.92902077380327
3662,t,110.92902077380327,110.92902077380327
3663,c,110.92902077380327,110.92902077380327
3664,c,110.92902077380327,110.92902077380327
3665,c,34.251862147125976,37.78831573497873
3666,t,110.92902077380327,110.92902077380327
3667,c,4.694868648504611,10.8940562193533
3668,c,110.92902077380327,110.92902077380327
3669,c,40.16212474279515,53.0185739254478
3670,c,110.92902077380327,110.92902077380327
3671,c,31.577508342912953,38.85680477531167
3672,c,110.92902077380327,110.92902077380327
3673,c,29.964830505779894,31.194952575782686
3674,c,15.130214592202506,15.703910021567294
3675,c,28.06729621716311,32.4616754749487
3676,t,110.92902077380327,110.92902077380327
3677,c,110.92902077380327,110.92902077380327
3678,c,110.92902077380327,110.92902077380327
3679,t,110.92902077380327,110.92902077380327
3680,c,110.92902077380327,110.92902077380327
3681,c,110.92902077380327,110.92902077380327
3682,c,110.92902077380327,110.92902077380327
3683,c,42.539037528159405,42.9868817380085
3684,c,20.875851962498693,22.451328656088645
3685,c,110.92902077380327,110.92902077380327
3686,t,110.92902077380327,110.92902077380327
3687,c,21.518600114582824,24.480302849510657
3688,c,110.92902077380327,110.92902077380327
3689,c,25.111704564462098,32.288701310248804
3690,t,110.92902077380327,110.92902077380327
3691,c,35.95687696975573,38.08862435195732
3692,c,3.9775712140605717,7.667834787531911
3693,c,9.806360549712403,14.836192148370293
3694,c,34.2281669474817,37.389149948862155
3695,c,110.92902077380327,110.92902077380327
3696,c,110.92902077380327,110.92902077380327
3697,c,110.92902077380327,110.92902077380327
3698,c,11.338481029899645,12.477152601192376
3699,c,110.92902077380327,110.92902077380327
3700,c,110.92902077380327,110.92902077380327
3701,t,110.92902077380327,110.92902077380327
3702,c,110.92902077380327,110.92902077380327
3703,c,19.730880934895612,26.251632203411578
3704,c,24.533378185942727,25.42824753381681
3705,t,110.92902077380327,110.92902077380327
3706,c,11.649017958148841,13.72728373022581
3707,c,110.92902077380327,110.92902077380327
3708,c,38.40368640320595,39.54865789625042
3709,c,110.92902077380327,110.92902077380327
3710,t,110.92902077380327,110.92902077380327
3711,c,110.92902077380327,110.92902077380327
3712,c,16.47805126622634,21.850925901361236
3713,c,110.92902077380327,110.92902077380327
3714,c,110.92902077380327,110.92902077380327
3715,c,20.090701824114394,32.6877024764659
3716,c,110.92902077380327,110.92902077380327
3717,c,110.92902077380327,110.92902077380327
3718,c,110.92902077380327,110.92902077380327
3719,c,30.417945422482497,30.6678613293739
3720,t,110.92902077380327,110.92902077380327
3721,c,110.92902077380327,110.92902077380327
3722,c,110.92902077380327,110.92902077380327
3723,c,9.642415507980656,11.2814208559635
3724,c,37.11209406536282,37.846121911283916
3725,c,110.92902077380327,110.92902077380327
3726,c,110.92902077380327,110.92902077380327
3727,c,110.92902077380327,110.92902077380327
3728,t,110.92902077380327,110.92902077380327
3729,c,11.141490252736235,14.329621464986786
3730,c,110.92902077380327,110.92902077380327
3731,c,110.92902077380327,110.92902077380327
3732,c,110.92902077380327,110.92902077380327
3733,c,110.92902077380327,110.92902077380327
3734,c,110.92902077380327,110.92902077380327
3735,c,110.92902077380327,110.92902077380327
3736,c,110.92902077380327,110.92902077380327
3737,c,110.92902077380327,110.92902077380327
3738,c,40.18288092092743,40.90481486623756
3739,c,27.644072229172455,27.808650316886585
3740,c,110.92902077380327,110.92902077380327
3741,c,35.613891636006535,44.74020494483526
3742,c,41.05903368297756,42.78758708946001
3743,c,24.349885265760918,27.05350830579042
3744,c,39.65326643648161,40.31721018337925
3745,c,110.92902077380327,110.92902077380327
3746,c,35.378273618592566,37.44498839799799
3747,c,110.92902077380327,110.92902077380327
3748,c,110.92902077380327,110.92902077380327
3749,c,40.824487619859056,48.21012617167124
3750,c,110.92902077380327,110.92902077380327
3751,c,110.92902077380327,110.92902077380327
3752,c,28.824343818367257,33.97222250274617
3753,t,110.92902077380327,110.92902077380327
3754,t,110.92902077380327,110.92902077380327
3755,c,25.623580805012327,110.92902077380327
3756,c,110.92902077380327,110.92902077380327
3757,t,110.92902077380327,110.92902077380327
3758,c,110.92902077380327,110.92902077380327
3759,c,110.92902077380327,110.92902077380327
3760,c,8.424404552866253,27.508339970140643
3761,c,110.92902077380327,110.92902077380327
3762,c,110.92902077380327,110.92902077380327
3763,na,2.771568626483347,5.532109059161705
3764,t,110.92902077380327,110.92902077380327
3765,c,110.92902077380327,110.92902077380327
3766,c,110.92902077380327,110.92902077380327
3767,t,110.92902077380327,110.92902077380327
3768,t,110.92902077380327,110.92902077380327
3769,c,52.53785182126973,52.82898648963253
3770,c,8.817541612130148,12.09786883698024
3771,c,50.958080450767106,51.795129193929625
3772,t,110.92902077380327,110.92902077380327
3773,c,110.92902077380327,110.92902077380327
3774,t,110.92902077380327,110.92902077380327
3775,c,23.023270097240054,32.00002930841987
3776,c,110.92902077380327,110.92902077380327
3777,c,110.92902077380327,110.92902077380327
3778,c,110.92902077380327,110.92902077380327
3779,c,110.92902077380327,110.92902077380327
3780,c,110.92902077380327,110.92902077380327
3781,c,110.92902077380327,110.92902077380327
3782,c,30.007271200936863,30.728621586748112
3783,c,24.925551365787037,35.4180326435877
3784,c,110.92902077380327,110.92902077380327
3785,c,110.92902077380327,110.92902077380327
3786,c,110.92902077380327,110.92902077380327
3787,c,16.735440974726142,19.575298244775652
3788,c,110.92902077380327,110.92902077380327
3789,c,23.06995256804822,24.28081503239175
3790,c,15.021679654475555,21.668104325104586
3791,c,110.92902077380327,110.92902077380327
3792,c,20.912265211900554,29.284631157271757
3793,c,58.575526091403674,77.25895451469046
3794,c,110.92902077380327,110.92902077380327
3795,t,110.92902077380327,110.92902077380327
3796,c,110.92902077380327,110.92902077380327
3797,c,110.92902077380327,110.92902077380327
3798,c,42.02538987244569,53.465047228639726
3799,c,110.92902077380327,110.92902077380327
3800,c,40.771664467137654,48.16544373185146
3801,c,110.92902077380327,110.92902077380327
3802,c,110.92902077380327,110.92902077380327
3803,c,29.28464771683198,29.35774309742187
3804,na,0.8789346739800035,10.335479348540954
3805,c,110.92902077380327,110.92902077380327
3806,c,110.92902077380327,110.92902077380327
3807,c,110.92902077380327,110.92902077380327
3808,c,110.92902077380327,110.92902077380327
3809,t,110.92902077380327,110.92902077380327
3810,c,37.18355465864076,53.6789721288193
3811,c,20.961055071355034,22.20549209411471
3812,c,14.247948076866956,20.59810703155352
3813,c,110.92902077380327,110.92902077380327
3814,c,110.92902077380327,110.92902077380327
3815,t,110.92902077380327,110.92902077380327
3816,c,110.92902077380327,110.92902077380327
3817,t,110.92902077380327,110.92902077380327
3818,t,110.92902077380327,110.92902077380327
3819,c,27.35872095507047,29.916953882226036
3820,c,110.92902077380327,110.92902077380327
3821,c,110.92902077380327,110.92902077380327
3822,c,110.92902077380327,110.92902077380327
3823,c,110.92902077380327,110.92902077380327
3824,c,22.68433908542348,26.522068667949615
3825,c,14.275427599754426,14.479056592843515
3826,c,35.28501109957432,36.86195760370807
3827,c,43.01946334722931,110.92902077380327
3828,c,45.30029387777234,62.18137067683132
3829,c,110.92902077380327,110.92902077380327
3830,c,110.92902077380327,110.92902077380327
3831,c,20.747850281517135,26.615329219768846
3832,c,110.92902077380327,110.92902077380327
3833,c,110.92902077380327,110.92902077380327
3834,t,110.92902077380327,110.92902077380327
3835,na,0,2.7943640680410033
3836,c,48.22251912880429,50.90825728378477
3837,c,110.92902077380327,110.92902077380327
3838,c,110.92902077380327,110.92902077380327
3839,t,110.92902077380327,110.92902077380327
3840,c,110.92902077380327,110.92902077380327
3841,c,110.92902077380327,110.92902077380327
3842,t,110.92902077380327,110.92902077380327
3843,c,43.20815132593651,110.92902077380327
3844,c,12.725740785542321,16.37784079602359
3845,c,27.406813330254668,28.290165310689204
3846,c,110.92902077380327,110.92902077380327
3847,c,110.92902077380327,110.92902077380327
3848,t,110.92902077380327,110.92902077380327
3849,t,110.92902077380327,110.92902077380327
3850,t,110.92902077380327,110.92902077380327
3851,c,20.721389819372515,23.98792714698194
3852,c,33.67243070750068,37.66154519713388
3853,c,32.040865812535635,33.03861917478576
3854,c,32.500537163118494,37.77292105632683
3855,t,110.92902077380327,110.92902077380327
3856,c,110.92902077380327,110.92902077380327
3857,t,110.92902077380327,110.92902077380327
3858,c,110.92902077380327,110.92902077380327
3859,t,110.92902077380327,110.92902077380327
3860,c,33.20342720451223,110.92902077380327
3861,c,49.6041470713771,49.71205549279272
3862,c,110.92902077380327,110.92902077380327
3863,c,110.92902077380327,110.92902077380327
3864,c,23.978327179099896,110.92902077380327
3865,c,110.92902077380327,110.92902077380327
3866,t,110.92902077380327,110.92902077380327
3867,c,110.92902077380327,110.92902077380327
3868,c,110.92902077380327,110.92902077380327
3869,c,38.18367577001768,40.25463900711243
3870,c,40.16278019738515,41.75343545720309
3871,t,110.92902077380327,110.92902077380327
3872,t,110.92902077380327,110.92902077380327
3873,t,110.92902077380327,110.92902077380327
3874,c,110.92902077380327,110.92902077380327
3875,c,24.866434249183623,28.363780205126343
3876,c,3.3524251752220335,12.502814039056478
3877,c,64.26677240997071,65.1906793798364
3878,c,110.92902077380327,110.92902077380327
3879,c,34.25543515394084,37.012009570827054
3880,t,110.92902077380327,110.92902077380327
3881,c,18.92449058635814,28.14719382413656
3882,t,110.92902077380327,110.92902077380327
3883,c,110.92902077380327,110.92902077380327
3884,c,110.92902077380327,110.92902077380327
3885,c,32.65959196980909,35.06273164713834
3886,c,110.92902077380327,110.92902077380327
3887,c,110.92902077380327,110.92902077380327
3888,c,30.96746197604847,31.946346081149628
3889,c,50.38463553363824,55.94471702920433
3890,t,110.92902077380327,110.92902077380327
3891,c,110.92902077380327,110.92902077380327
3892,c,110.92902077380327,110.92902077380327
3893,c,110.92902077380327,110.92902077380327
3894,c,110.92902077380327,110.92902077380327
3895,c,110.92902077380327,110.92902077380327
3896,t,110.92902077380327,110.92902077380327
3897,c,110.92902077380327,110.92902077380327
3898,c,110.92902077380327,110.92902077380327
3899,c,59.00753366173932,59.232225180039364
3900,t,110.92902077380327,110.92902077380327
3901,c,22.36466901187612,30.48486638350656
3902,t,110.92902077380327,110.92902077380327
3903,c,110.92902077380327,110.92902077380327
3904,c,43.19588803555027,46.83129347100001
3905,c,110.92902077380327,110.92902077380327
3906,c,110.92902077380327,110.92902077380327
3907,c,52.759829060654425,110.92902077380327
3908,c,24.81042794753828,28.979849039715972
3909,c,110.92902077380327,110.92902077380327
3910,c,17.156220804448733,17.574234661441313
3911,c,110.92902077380327,110.92902077380327
3912,c,54.47752596921496,57.82759984343351
3913,c,50.44098235853444,52.63550084030587
3914,c,5.1508821172113635,21.506555744072255
3915,c,110.92902077380327,110.92902077380327
3916,c,26.605319267668936,28.131175428187102
3917,c,110.92902077380327,110.92902077380327
3918,c,88.03050860206348,94.94467202660664
3919,c,110.92902077380327,110.92902077380327
3920,c,110.92902077380327,110.92902077380327
3921,c,110.92902077380327,110.92902077380327
3922,t,110.92902077380327,110.92902077380327
3923,c,110.92902077380327,110.92902077380327
3924,t,110.92902077380327,110.92902077380327
3925,c,110.92902077380327,110.92902077380327
3926,c,110.92902077380327,110.92902077380327
3927,c,110.92902077380327,110.92902077380327
3928,c,22.80568500925195,27.39213092109972
3929,c,28.739136519747635,30.087887450067846
3930,t,110.92902077380327,110.92902077380327
3931,t,110.92902077380327,110.92902077380327
3932,t,110.92902077380327,110.92902077380327
3933,c,110.92902077380327,110.92902077380327
3934,c,110.92902077380327,110.92902077380327
3935,c,44.85867078006275,51.089977968957506
3936,c,41.977242616432854,110.92902077380327
3937,c,23.24969821244447,110.92902077380327
3938,t,110.92902077380327,110.92902077380327
3939,c,110.92902077380327,110.92902077380327
3940,c,29.709697978711,45.7442272050659
3941,c,110.92902077380327,110.92902077380327
3942,c,19.292469852607642,20.232060704654124
3943,c,63.801805542347026,66.99726295494645
3944,c,110.92902077380327,110.92902077380327
3945,c,28.427243021448543,110.92902077380327
3946,c,21.144522566517715,22.075412758667017
3947,t,110.92902077380327,110.92902077380327
3948,c,110.92902077380327,110.92902077380327
3949,c,29.524613812008457,35.46812443512809
3950,c,110.92902077380327,110.92902077380327
3951,c,110.92902077380327,110.92902077380327
3952,c,26.262754790249016,110.92902077380327
3953,c,8.70394412065674,13.676913847450285
3954,c,110.92902077380327,110.92902077380327
3955,c,43.825975762030616,44.43150407581995
3956,t,110.92902077380327,110.92902077380327
3957,c,20.723607078657125,23.850984073476297
3958,c,110.92902077380327,110.92902077380327
3959,c,37.48458161964466,55.01770799225624
3960,c,110.92902077380327,110.92902077380327
3961,t,110.92902077380327,110.92902077380327
3962,c,110.92902077380327,110.92902077380327
3963,c,30.94663282499137,39.93669114703247
3964,c,110.92902077380327,110.92902077380327
3965,t,110.92902077380327,110.92902077380327
3966,c,110.92902077380327,110.92902077380327
3967,c,34.02612210026364,40.89198503094807
3968,c,110.92902077380327,110.92902077380327
3969,t,110.92902077380327,110.92902077380327
3970,c,110.92902077380327,110.92902077380327
3971,c,15.286175119948958,20.157858411443556
3972,t,110.92902077380327,110.92902077380327
3973,c,10.11736161097509,12.132513146324275
3974,c,24.168913256799126,24.819235305632596
3975,c,110.92902077380327,110.92902077380327
3976,c,110.92902077380327,110.92902077380327
3977,c,21.44071694658337,28.19338407995783
3978,c,38.169969587802726,39.18001483502377
3979,c,110.92902077380327,110.92902077380327
3980,t,110.92902077380327,110.92902077380327
3981,c,29.215576447469925,32.85831629242122
3982,c,110.92902077380327,110.92902077380327
3983,c,110.92902077380327,110.92902077380327
3984,c,29.210454497295046,39.28887595160704
3985,c,110.92902077380327,110.92902077380327
3986,c,31.40520601212693,47.24382130954601
3987,c,9.173620749327135,9.560117169682787
3988,t,110.92902077380327,110.92902077380327
3989,c,110.92902077380327,110.92902077380327
3990,c,28.90832875336219,29.588262236591557
3991,c,110.92902077380327,110.92902077380327
3992,c,110.92902077380327,110.92902077380327
3993,na,3.1432225462503345,4.749218122099332
3994,t,110.92902077380327,110.92902077380327
3995,c,110.92902077380327,110.92902077380327
3996,c,110.92902077380327,110.92902077380327
3997,c,34.57838074199801,41.49937975857098
3998,c,110.92902077380327,110.92902077380327
3999,t,110.92902077380327,110.92902077380327
4000,t,110.92902077380327,110.92902077380327
4001,c,110.92902077380327,110.92902077380327
4002,c,110.92902077380327,110.92902077380327
4003,t,110.92902077380327,110.92902077380327
4004,c,110.92902077380327,110.92902077380327
4005,c,110.92902077380327,110.92902077380327
4006,c,110.92902077380327,110.92902077380327
4007,c,43.02227255154728,47.74840735357472
4008,c,110.92902077380327,110.92902077380327
4009,c,30.02988561906851,35.080314136272236
4010,c,110.92902077380327,110.92902077380327
4011,c,110.92902077380327,110.92902077380327
4012,c,60.37861096214692,65.44472288625718
4013,c,110.92902077380327,110.92902077380327
4014,c,110.92902077380327,110.92902077380327
4015,c,110.92902077380327,110.92902077380327
4016,c,23.2404616368097,25.068114377214368
4017,c,110.92902077380327,110.92902077380327
4018,c,110.92902077380327,110.92902077380327
4019,c,38.97035112801111,50.710117463261504
4020,c,110.92902077380327,110.92902077380327
4021,t,110.92902077380327,110.92902077380327
4022,t,110.92902077380327,110.92902077380327
4023,c,43.34167691422198,44.56368461759619
4024,c,110.92902077380327,110.92902077380327
4025,t,110.92902077380327,110.92902077380327
4026,t,110.92902077380327,110.92902077380327
4027,c,110.92902077380327,110.92902077380327
4028,c,110.92902077380327,110.92902077380327
4029,c,110.92902077380327,110.92902077380327
4030,t,110.92902077380327,110.92902077380327
4031,c,38.53504534860673,44.95939955478488
4032,t,110.92902077380327,110.92902077380327
4033,c,110.92902077380327,110.92902077380327
4034,na,19.735954106312036,19.843852383755863
4035,c,110.92902077380327,110.92902077380327
4036,c,33.86850437637601,47.417518509351154
4037,c,41.16377849447368,43.66760361346385
4038,t,110.92902077380327,110.92902077380327
4039,c,110.92902077380327,110.92902077380327
4040,c,110.92902077380327,110.92902077380327
4041,c,110.92902077380327,110.92902077380327
4042,t,110.92902077380327,110.92902077380327
4043,c,28.27277648253271,32.23670716815078
4044,c,14.647015462518697,14.68719455812374
4045,c,24.51957200457331,29.883363755387542
4046,c,110.92902077380327,110.92902077380327
4047,c,110.92902077380327,110.92902077380327
4048,c,25.19866727986526,32.36780256862437
4049,c,5.334134372792477,17.426684344054827
4050,c,28.505665118568892,29.543184384909583
4051,c,110.92902077380327,110.92902077380327
4052,c,23.378782558075915,25.154117673038996
4053,c,22.953903731056474,29.312284493884125
4054,c,110.92902077380327,110.92902077380327
4055,c,110.92902077380327,110.92902077380327
4056,c,110.92902077380327,110.92902077380327
4057,c,110.92902077380327,110.92902077380327
4058,c,110.92902077380327,110.92902077380327
4059,c,110.92902077380327,110.92902077380327
4060,c,110.92902077380327,110.92902077380327
4061,c,24.498024806391566,25.032441645374217
4062,c,33.27620592895329,35.49665534401386
4063,t,110.92902077380327,110.92902077380327
4064,c,110.92902077380327,110.92902077380327
4065,c,34.175501493741066,34.83211760093691
4066,c,40.29872336256085,42.31367791363326
4067,c,110.92902077380327,110.92902077380327
4068,c,110.92902077380327,110.92902077380327
4069,t,110.92902077380327,110.92902077380327
4070,c,110.92902077380327,110.92902077380327
4071,c,110.92902077380327,110.92902077380327
4072,t,110.92902077380327,110.92902077380327
4073,na,0.2611432291802398,0.3453057929740367
4074,t,110.92902077380327,110.92902077380327
4075,c,14.838348442848705,14.889453314979528
4076,c,17.45543543874359,110.92902077380327
4077,c,68.5414283139023,72.46438625819405
4078,c,27.19806559766505,28.143094442511345
4079,c,17.964834122307963,18.141536192168687
4080,c,110.92902077380327,110.92902077380327
4081,c,110.92902077380327,110.92902077380327
4082,c,13.723607546257352,14.333323813922366
4083,c,18.872139712104467,20.481520415393177
4084,c,42.45723535314675,47.85642315725932
4085,c,110.92902077380327,110.92902077380327
4086,c,110.92902077380327,110.92902077380327
4087,t,110.92902077380327,110.92902077380327
4088,c,110.92902077380327,110.92902077380327
4089,c,110.92902077380327,110.92902077380327
4090,c,110.92902077380327,110.92902077380327
4091,c,110.92902077380327,110.92902077380327
4092,c,110.92902077380327,110.92902077380327
4093,t,110.92902077380327,110.92902077380327
4094,c,48.64555244325889,49.071689447351304
4095,c,110.92902077380327,110.92902077380327
4096,c,36.9334157469759,37.57569567430582
4097,c,110.92902077380327,110.92902077380327
4098,c,110.92902077380327,110.92902077380327
4099,c,110.92902077380327,110.92902077380327
4100,t,110.92902077380327,110.92902077380327
4101,c,110.92902077380327,110.92902077380327
4102,c,4.441694973345552,5.12475738223382
4103,t,110.92902077380327,110.92902077380327
4104,c,110.92902077380327,110.92902077380327
4105,c,23.743506640195257,27.350023057308697
4106,c,32.11145187501656,35.37753794614199
4107,c,110.92902077380327,110.92902077380327
4108,c,110.92902077380327,110.92902077380327
4109,c,110.92902077380327,110.92902077380327
4110,c,110.92902077380327,110.92902077380327
4111,na,0.9257080849250193,2.297382271220127
4112,c,14.55036906165114,14.566287846794344
4113,c,110.92902077380327,110.92902077380327
4114,c,110.92902077380327,110.92902077380327
4115,c,10.64154358560126,21.76889595914345
4116,c,15.847726704075326,27.454065181101548
4117,c,28.269901005579538,35.299180866777554
4118,t,110.92902077380327,110.92902077380327
4119,t,110.92902077380327,110.92902077380327
4120,t,110.92902077380327,110.92902077380327
4121,c,43.04029463022399,48.20847940207598
4122,t,110.92902077380327,110.92902077380327
4123,c,24.530941611907995,25.22092686767
4124,c,47.062466793238166,51.06068542341909
4125,c,31.44118581518064,31.678701780987954
4126,c,110.92902077380327,110.92902077380327
4127,c,3.3269600214433592,7.377198335291017
4128,c,39.78657060979994,39.871860368175135
4129,c,110.92902077380327,110.92902077380327
4130,c,49.49796413320419,60.536342480154914
4131,c,110.92902077380327,110.92902077380327
4132,t,110.92902077380327,110.92902077380327
4133,t,110.92902077380327,110.92902077380327
4134,c,110.92902077380327,110.92902077380327
4135,c,110.92902077380327,110.92902077380327
4136,t,110.92902077380327,110.92902077380327
4137,c,43.9566131627272,47.34077691577105
4138,c,34.73255214724129,44.40117292601938
4139,c,40.87048835597317,43.93262245752322
4140,c,31.17666884736703,34.49281211287685
4141,c,20.217234970819387,26.876790563250697
4142,c,110.92902077380327,110.92902077380327
4143,c,37.575302188754094,41.31159177775298
4144,t,110.92902077380327,110.92902077380327
4145,t,110.92902077380327,110.92902077380327
4146,c,110.92902077380327,110.92902077380327
4147,t,110.92902077380327,110.92902077380327
4148,c,46.53949305638805,51.81605295243143
4149,c,55.40069858341944,59.12228945638312
4150,t,110.92902077380327,110.92902077380327
4151,c,110.92902077380327,110.92902077380327
4152,c,110.92902077380327,110.92902077380327
4153,c,55.14090953234563,55.38222226950668
4154,c,110.92902077380327,110.92902077380327
4155,c,110.92902077380327,110.92902077380327
4156,c,11.37840486808261,17.328326896490147
4157,c,45.23434084014406,110.92902077380327
4158,t,110.92902077380327,110.92902077380327
4159,c,110.92902077380327,110.92902077380327
4160,c,6.691741062845608,18.280658696548173
4161,c,110.92902077380327,110.92902077380327
4162,c,110.92902077380327,110.92902077380327
4163,c,110.92902077380327,110.92902077380327
4164,c,110.92902077380327,110.92902077380327
4165,c,110.92902077380327,110.92902077380327
4166,c,110.92902077380327,110.92902077380327
4167,c,110.92902077380327,110.92902077380327
4168,c,30.57138665667038,35.184733933454844
4169,c,110.92902077380327,110.92902077380327
4170,c,36.641139222702506,39.0418293652247
4171,c,110.92902077380327,110.92902077380327
4172,c,110.92902077380327,110.92902077380327
4173,c,33.009874336453244,38.12312364211648
4174,t,110.92902077380327,110.92902077380327
4175,c,110.92902077380327,110.92902077380327
4176,c,18.688089781013346,19.340529357742362
4177,c,110.92902077380327,110.92902077380327
4178,c,31.62301052065999,37.929782078162404
4179,c,13.027749448682492,34.19114497425885
4180,c,10.077987603392533,11.731000869638041
4181,c,110.92902077380327,110.92902077380327
4182,t,110.92902077380327,110.92902077380327
4183,c,18.470287893329573,24.034997381393424
4184,c,26.854480798994082,29.78709099297405
4185,c,85.66940791358779,90.42091403445713
4186,c,53.08630365552773,53.691139897894004
4187,c,42.24195789393783,45.91923614478219
4188,c,20.258008455803864,28.167572620850827
4189,c,6.766481248161284,7.3803841414979905
4190,c,110.92902077380327,110.92902077380327
4191,c,110.92902077380327,110.92902077380327
4192,c,62.34883810813002,78.7478450445176
4193,c,51.41502981446913,52.01311649406719
4194,c,110.92902077380327,110.92902077380327
4195,c,110.92902077380327,110.92902077380327
4196,c,110.92902077380327,110.92902077380327
4197,c,110.92902077380327,110.92902077380327
4198,c,38.11544267248719,38.503521777657106
4199,c,43.48079799784285,44.485373201158815
4200,c,110.92902077380327,110.92902077380327
4201,c,6.226149669522201,6.279295838100055
4202,c,110.92902077380327,110.92902077380327
4203,c,110.92902077380327,110.92902077380327
4204,t,110.92902077380327,110.92902077380327
4205,t,110.92902077380327,110.92902077380327
4206,na,0,1.1014595440452686
4207,c,22.7340608397847,28.427095363330846
4208,c,22.289604865190363,24.635013326143593
4209,c,110.92902077380327,110.92902077380327
4210,c,30.922047660739214,34.72110527902123
4211,c,20.36074122032,25.014327480956627
4212,c,110.92902077380327,110.92902077380327
4213,t,110.92902077380327,110.92902077380327
4214,c,8.289622895523548,110.92902077380327
4215,c,23.27991247446091,24.133845081593435
4216,t,110.92902077380327,110.92902077380327
4217,c,29.10092468491316,30.450707376526065
4218,c,110.92902077380327,110.92902077380327
4219,c,110.92902077380327,110.92902077380327
4220,t,110.92902077380327,110.92902077380327
4221,c,36.807699693839794,37.66701658272821
4222,c,19.986466520195407,22.148222612778895
4223,c,5.468660346758976,15.99318233422447
4224,c,52.50966090367753,57.87255590140912
4225,c,110.92902077380327,110.92902077380327
4226,c,110.92902077380327,110.92902077380327
4227,c,110.92902077380327,110.92902077380327
4228,c,110.92902077380327,110.92902077380327
4229,c,36.63631955323992,37.350893635016966
4230,c,110.92902077380327,110.92902077380327
4231,c,23.067148019279966,24.496966414875974
4232,c,26.072073239600044,30.39753205837394
4233,c,110.92902077380327,110.92902077380327
4234,c,110.92902077380327,110.92902077380327
4235,c,110.92902077380327,110.92902077380327
4236,c,20.76765448396932,110.92902077380327
4237,c,110.92902077380327,110.92902077380327
4238,t,110.92902077380327,110.92902077380327
4239,t,110.92902077380327,110.92902077380327
4240,c,110.92902077380327,110.92902077380327
4241,c,20.458984188976,27.043545341925647
4242,c,12.908505568243537,22.728881488462495
4243,c,110.92902077380327,110.92902077380327
4244,c,40.90471565342406,42.76617514744938
4245,c,110.92902077380327,110.92902077380327
4246,c,110.92902077380327,110.92902077380327
4247,c,49.059734736235406,49.07145766512076
4248,c,110.92902077380327,110.92902077380327
4249,c,29.57261376213163,32.79959967939096
4250,c,110.92902077380327,110.92902077380327
4251,t,110.92902077380327,110.92902077380327
4252,c,110.92902077380327,110.92902077380327
4253,c,94.37926804693834,96.28472803373663
4254,t,110.92902077380327,110.92902077380327
4255,t,110.92902077380327,110.92902077380327
4256,c,110.92902077380327,110.92902077380327
4257,c,110.92902077380327,110.92902077380327
4258,c,52.98849331659127,55.295857724817395
4259,c,10.407269234587394,10.93715495652313
4260,t,110.92902077380327,110.92902077380327
4261,t,110.92902077380327,110.92902077380327
4262,c,110.92902077380327,110.92902077380327
4263,c,40.5563111070674,43.39256715867773
4264,t,110.92902077380327,110.92902077380327
4265,c,24.0150302974416,32.11986588942422
4266,c,25.949208930370517,35.84041749680431
4267,c,110.92902077380327,110.92902077380327
4268,t,110.92902077380327,110.92902077380327
4269,t,110.92902077380327,110.92902077380327
4270,c,110.92902077380327,110.92902077380327
4271,c,110.92902077380327,110.92902077380327
4272,t,110.92902077380327,110.92902077380327
4273,c,110.92902077380327,110.92902077380327
4274,c,28.00358207685642,33.26372606833431
4275,c,33.461933832533944,37.911673930433636
4276,c,9.459040377009382,11.429463980519415
4277,c,110.92902077380327,110.92902077380327
4278,c,110.92902077380327,110.92902077380327
4279,c,110.92902077380327,110.92902077380327
4280,c,110.92902077380327,110.92902077380327
4281,c,37.23777735781318,40.85298655012012
4282,c,110.92902077380327,110.92902077380327
4283,c,110.92902077380327,110.92902077380327
4284,c,110.92902077380327,110.92902077380327
4285,c,110.92902077380327,110.92902077380327
4286,c,77.04725141203556,77.43745056226592
4287,c,25.009013839126844,28.318344922867936
4288,c,27.30051842926348,28.97949839085142
4289,c,32.95454935075992,35.96258720724673
4290,c,110.92902077380327,110.92902077380327
4291,c,29.4363703770955,110.92902077380327
4292,c,110.92902077380327,110.92902077380327
4293,c,54.410743193773996,110.92902077380327
4294,c,110.92902077380327,110.92902077380327
4295,c,110.92902077380327,110.92902077380327
4296,c,110.92902077380327,110.92902077380327
4297,c,61.766758241663204,68.3181464699031
4298,c,110.92902077380327,110.92902077380327
4299,c,110.92902077380327,110.92902077380327
4300,c,57.82446005647971,60.453558972851205
4301,c,110.92902077380327,110.92902077380327
4302,c,40.27180566235819,44.19184885779887
4303,c,110.92902077380327,110.92902077380327
4304,c,42.01590645127831,43.39708157808956
4305,t,110.92902077380327,110.92902077380327
4306,c,19.20839485320689,21.63742994513231
4307,c,110.92902077380327,110.92902077380327
4308,c,110.92902077380327,110.92902077380327
4309,c,39.005001666274815,43.960030622528954
4310,c,87.33647051079326,87.44351311036519
4311,c,39.783213496909354,40.47224700098888
4312,c,110.92902077380327,110.92902077380327
4313,c,110.92902077380327,110.92902077380327
4314,c,31.16471216296419,39.55349017971949
4315,c,110.92902077380327,110.92902077380327
4316,c,110.92902077380327,110.92902077380327
4317,c,35.47452324516173,37.934116523673545
4318,c,110.92902077380327,110.92902077380327
4319,c,24.718338856252295,25.640748589743403
4320,c,110.92902077380327,110.92902077380327
4321,c,41.6369305708168,50.18733673893779
4322,c,22.154496327781143,22.61354906760282
4323,c,9.280143332087837,14.955431650630203
4324,c,21.110697622541778,26.275402813894473
4325,c,83.47295667698377,85.8487391751929
4326,na,2.1296348099750735,8.688626358293558
4327,c,22.803162681606445,28.535726927459052
4328,c,31.308125477273613,45.15609583524021
4329,c,110.92902077380327,110.92902077380327
4330,c,35.547048351428984,110.92902077380327
4331,c,110.92902077380327,110.92902077380327
4332,c,37.62613532404298,44.32205369105834
4333,t,110.92902077380327,110.92902077380327
4334,t,110.92902077380327,110.92902077380327
4335,c,110.92902077380327,110.92902077380327
4336,c,10.559267896647734,11.901188206208607
4337,c,110.92902077380327,110.92902077380327
4338,c,33.70020881137841,36.18741468163873
4339,t,110.92902077380327,110.92902077380327
4340,c,16.72409114025955,19.565620562328768
4341,c,77.03031507399822,83.98941037779413
4342,c,38.44091494675226,39.23317326822391
4343,t,110.92902077380327,110.92902077380327
4344,t,110.92902077380327,110.92902077380327
4345,c,35.06984886507538,45.864728141876704
4346,t,110.92902077380327,110.92902077380327
4347,t,110.92902077380327,110.92902077380327
4348,c,110.92902077380327,110.92902077380327
4349,t,110.92902077380327,110.92902077380327
4350,c,37.580480671669214,56.53706982952908
4351,c,110.92902077380327,110.92902077380327
4352,c,110.92902077380327,110.92902077380327
4353,c,110.92902077380327,110.92902077380327
4354,t,110.92902077380327,110.92902077380327
4355,t,110.92902077380327,110.92902077380327
4356,c,110.92902077380327,110.92902077380327
4357,c,110.92902077380327,110.92902077380327
4358,c,110.92902077380327,110.92902077380327
4359,c,110.92902077380327,110.92902077380327
4360,c,49.099444818031415,50.10656080728296
4361,c,110.92902077380327,110.92902077380327
4362,c,37.851621669677876,47.48492374385967
4363,c,110.92902077380327,110.92902077380327
4364,c,38.19116383757906,42.53705132886734
4365,c,110.92902077380327,110.92902077380327
4366,c,110.92902077380327,110.92902077380327
4367,c,9.902258628477272,11.468639761497034
4368,c,20.90727757933729,25.268450846397737
4369,t,110.92902077380327,110.92902077380327
4370,c,50.346877643667426,110.92902077380327
4371,c,110.92902077380327,110.92902077380327
4372,c,110.92902077380327,110.92902077380327
4373,c,110.92902077380327,110.92902077380327
4374,c,110.92902077380327,110.92902077380327
4375,c,110.92902077380327,110.92902077380327
4376,t,110.92902077380327,110.92902077380327
4377,c,40.27260744218346,47.57975403590202
4378,c,110.92902077380327,110.92902077380327
4379,t,110.92902077380327,110.92902077380327
4380,c,110.92902077380327,110.92902077380327
4381,c,25.168583109079986,26.265710641069848
4382,c,110.92902077380327,110.92902077380327
4383,c,110.92902077380327,110.92902077380327
4384,c,35.67378988744313,43.95871059935992
4385,c,36.89961133312201,40.30237586934832
4386,c,19.685588938417997,28.485286834247283
4387,c,39.73071887105879,110.92902077380327
4388,t,110.92902077380327,110.92902077380327
4389,c,57.91749156949727,60.364340543613224
4390,c,110.92902077380327,110.92902077380327
4391,c,24.66648505462592,26.798897449390054
4392,c,36.64143373745866,41.40279565384543
4393,c,34.57761280333691,110.92902077380327
4394,c,23.631588777712444,29.557037981387378
4395,t,110.92902077380327,110.92902077380327
4396,c,110.92902077380327,110.92902077380327
4397,c,22.039620698122327,24.952199265959994
4398,c,110.92902077380327,110.92902077380327
4399,c,110.92902077380327,110.92902077380327
4400,c,49.823531233795364,54.030766945049805
4401,t,110.92902077380327,110.92902077380327
4402,c,19.5794035705103,30.719372295328107
4403,c,110.92902077380327,110.92902077380327
4404,c,38.39873810998727,50.87851441232779
4405,c,35.379090830485076,37.592624414879936
4406,c,28.847984428952707,33.30187511213818
4407,c,28.61402627072271,30.57352771595572
4408,c,110.92902077380327,110.92902077380327
4409,c,110.92902077380327,110.92902077380327
4410,t,110.92902077380327,110.92902077380327
4411,t,110.92902077380327,110.92902077380327
4412,c,110.92902077380327,110.92902077380327
4413,c,110.92902077380327,110.92902077380327
4414,c,110.92902077380327,110.92902077380327
4415,na,0.5591805796477699,1.0040879616782181
4416,t,110.92902077380327,110.92902077380327
4417,c,110.92902077380327,110.92902077380327
4418,c,110.92902077380327,110.92902077380327
4419,c,26.02550599179356,36.6467102299303
4420,c,110.92902077380327,110.92902077380327
4421,t,110.92902077380327,110.92902077380327
4422,t,110.92902077380327,110.92902077380327
4423,c,24.011752010190193,25.82251390679554
4424,c,35.206948201497546,35.48012534094378
4425,c,110.92902077380327,110.92902077380327
4426,c,110.92902077380327,110.92902077380327
4427,c,110.92902077380327,110.92902077380327
4428,c,110.92902077380327,110.92902077380327
4429,c,8.39119534247025,8.870345256252527
4430,c,50.58935055091521,50.996626481420265
4431,c,41.057549272684064,42.39426148080201
4432,c,110.92902077380327,110.92902077380327
4433,c,110.92902077380327,110.92902077380327
4434,t,110.92902077380327,110.92902077380327
4435,c,110.92902077380327,110.92902077380327
4436,c,110.92902077380327,110.92902077380327
4437,c,110.92902077380327,110.92902077380327
4438,c,45.56560079256892,46.083853544400256
4439,c,13.1387329914071,23.910918343464495
4440,c,110.92902077380327,110.92902077380327
4441,c,26.36864642817263,110.92902077380327
4442,c,110.92902077380327,110.92902077380327
4443,c,21.766442074079333,23.625771521646424
4444,c,42.08244191309459,42.36111184011799
4445,c,110.92902077380327,110.92902077380327
4446,c,23.028634077726995,24.04411070485895
4447,c,29.06435280024081,34.045346798992924
4448,t,110.92902077380327,110.92902077380327
4449,c,110.92902077380327,110.92902077380327
4450,c,49.9696889911561,54.02533316248894
4451,t,110.92902077380327,110.92902077380327
4452,c,64.39410384558853,68.7284670257828
4453,c,110.92902077380327,110.92902077380327
4454,c,110.92902077380327,110.92902077380327
4455,c,110.92902077380327,110.92902077380327
4456,c,110.92902077380327,110.92902077380327
4457,na,-1,0
4458,na,0,110.92902077380327
4459,na,0.36411581867859216,5.119449949101891
4460,c,3.1329781582221643,5.194612883816532
4461,t,110.92902077380327,110.92902077380327
4462,c,110.92902077380327,110.92902077380327
4463,t,110.92902077380327,110.92902077380327
4464,c,110.92902077380327,110.92902077380327
4465,c,18.782782070838806,20.00868881330955
4466,c,110.92902077380327,110.92902077380327
4467,c,110.92902077380327,110.92902077380327
4468,t,110.92902077380327,110.92902077380327
4469,c,19.44060459124785,20.69640930373107
4470,c,32.68723718930257,34.53975701030232
4471,c,9.468886240700934,12.696923317252129
4472,c,110.92902077380327,110.92902077380327
4473,c,110.92902077380327,110.92902077380327
4474,c,33.331694642737084,36.787313043172816
4475,c,19.422421884992968,20.616857562101146
4476,c,110.92902077380327,110.92902077380327
4477,t,110.92902077380327,110.92902077380327
4478,c,110.92902077380327,110.92902077380327
4479,c,110.92902077380327,110.92902077380327
4480,c,50.89264113284597,52.122590241125906
4481,c,32.07243334636608,34.30611719201065
4482,c,41.47876945455327,46.24401743937288
4483,c,110.92902077380327,110.92902077380327
4484,t,110.92902077380327,110.92902077380327
4485,c,21.653963600047,27.478322116135566
4486,c,110.92902077380327,110.92902077380327
4487,c,20.5681026194788,22.8750769214488
4488,c,110.92902077380327,110.92902077380327
4489,c,110.92902077380327,110.92902077380327
4490,c,23.85248903016446,23.974167234251432
4491,c,110.92902077380327,110.92902077380327
4492,t,110.92902077380327,110.92902077380327
4493,c,110.92902077380327,110.92902077380327
4494,c,8.354953248918571,11.159860533071406
4495,c,110.92902077380327,110.92902077380327
4496,c,68.94405458098278,78.4849837333819
4497,t,110.92902077380327,110.92902077380327
4498,na,0.7486951338221112,5.090397214094998
4499,t,110.92902077380327,110.92902077380327
4500,c,23.333631109052757,29.774739489727324
4501,c,15.322042500861164,19.192295164707446
4502,c,110.92902077380327,110.92902077380327
4503,c,77.81478604254313,80.32030813635423
4504,c,9.050977035172718,16.60071898651425
4505,c,110.92902077380327,110.92902077380327
4506,c,29.080885134513668,30.47107048343879
4507,c,110.92902077380327,110.92902077380327
4508,na,0.23101992027094193,6.4213344703690405
4509,c,36.43839083134063,41.681702048484176
4510,c,110.92902077380327,110.92902077380327
4511,c,26.092530667606002,29.807470480097294
4512,c,110.92902077380327,110.92902077380327
4513,c,110.92902077380327,110.92902077380327
4514,t,110.92902077380327,110.92902077380327
4515,c,110.92902077380327,110.92902077380327
4516,c,53.96348189488642,57.07275677299181
4517,t,110.92902077380327,110.92902077380327
4518,c,110.92902077380327,110.92902077380327
4519,c,42.96316480010055,44.4735582144802
4520,c,110.92902077380327,110.92902077380327
4521,c,110.92902077380327,110.92902077380327
4522,t,110.92902077380327,110.92902077380327
4523,c,110.92902077380327,110.92902077380327
4524,t,110.92902077380327,110.92902077380327
4525,c,110.92902077380327,110.92902077380327
4526,t,110.92902077380327,110.92902077380327
4527,t,110.92902077380327,110.92902077380327
4528,c,27.981915699408745,36.00934862910507
4529,c,110.92902077380327,110.92902077380327
4530,c,110.92902077380327,110.92902077380327
4531,c,43.09054721590783,52.02114165803138
4532,c,110.92902077380327,110.92902077380327
4533,c,110.92902077380327,110.92902077380327
4534,c,36.56677804145301,39.62106055148823
4535,c,110.92902077380327,110.92902077380327
4536,t,110.92902077380327,110.92902077380327
4537,c,110.92902077380327,110.92902077380327
4538,t,110.92902077380327,110.92902077380327
4539,t,110.92902077380327,110.92902077380327
4540,c,26.65746688830049,29.261217213072193
4541,c,110.92902077380327,110.92902077380327
4542,c,110.92902077380327,110.92902077380327
4543,c,110.92902077380327,110.92902077380327
4544,c,35.75595809361205,39.21368535048305
4545,t,110.92902077380327,110.92902077380327
4546,c,110.92902077380327,110.92902077380327
4547,c,61.929062570206064,64.88746834238634
4548,c,10.171139991572359,11.607353118710241
4549,c,110.92902077380327,110.92902077380327
4550,c,110.92902077380327,110.92902077380327
4551,c,49.56375212971605,59.53855715479537
4552,c,77.10515323030002,80.10212246115614
4553,t,110.92902077380327,110.92902077380327
4554,c,52.95797367000652,53.46314805289494
4555,t,110.92902077380327,110.92902077380327
4556,c,110.92902077380327,110.92902077380327
4557,c,41.66213618773584,57.667017027429864
4558,c,110.92902077380327,110.92902077380327
4559,t,110.92902077380327,110.92902077380327
4560,c,55.187341371054785,55.303590408195035
4561,c,43.30608118716107,56.36705477770206
4562,c,110.92902077380327,110.92902077380327
4563,t,110.92902077380327,110.92902077380327
4564,c,110.92902077380327,110.92902077380327
4565,c,110.92902077380327,110.92902077380327
4566,c,12.941874520976047,15.667900898139996
4567,c,34.42025277321503,36.296173209111174
4568,c,27.00442309869263,36.8093588805509
4569,c,110.92902077380327,110.92902077380327
4570,c,18.945388550370154,19.349593543945495
4571,c,110.92902077380327,110.92902077380327
4572,t,110.92902077380327,110.92902077380327
4573,c,30.03321557645305,33.05903257441329
4574,c,12.071225396623392,13.292594429442625
4575,c,110.92902077380327,110.92902077380327
4576,t,110.92902077380327,110.92902077380327
4577,c,33.8686928802073,35.100336540198334
4578,c,110.92902077380327,110.92902077380327
4579,c,110.92902077380327,110.92902077380327
4580,c,23.314101833763097,29.886128754826967
4581,t,110.92902077380327,110.92902077380327
4582,c,18.60207106660826,24.075074132648624
4583,c,40.39151732396006,43.09288054559692
4584,c,110.92902077380327,110.92902077380327
4585,c,30.916435407616053,51.61216229889301
4586,c,110.92902077380327,110.92902077380327
4587,c,25.29820858631999,25.550356136725526
4588,c,110.92902077380327,110.92902077380327
4589,c,42.66240289203963,45.50311639166398
4590,c,27.091429462924506,30.922706439146594
4591,c,35.92074664248845,110.92902077380327
4592,c,110.92902077380327,110.92902077380327
4593,t,110.92902077380327,110.92902077380327
4594,t,110.92902077380327,110.92902077380327
4595,c,3.4328156820276203,4.823210786378401
4596,c,110.92902077380327,110.92902077380327
4597,t,110.92902077380327,110.92902077380327
4598,t,110.92902077380327,110.92902077380327
4599,c,47.856100381044136,50.484480067313406
4600,t,110.92902077380327,110.92902077380327
4601,c,110.92902077380327,110.92902077380327
4602,c,110.92902077380327,110.92902077380327
4603,c,37.63179640101855,40.9822576092213
4604,c,110.92902077380327,110.92902077380327
4605,c,110.92902077380327,110.92902077380327
4606,c,110.92902077380327,110.92902077380327
4607,c,28.17572008330018,29.752065042346945
4608,c,110.92902077380327,110.92902077380327
4609,c,110.92902077380327,110.92902077380327
4610,c,110.92902077380327,110.92902077380327
4611,c,110.92902077380327,110.92902077380327
4612,c,14.48607148957563,24.92077930808331
4613,c,26.64591421028841,26.78535691487439
4614,t,110.92902077380327,110.92902077380327
4615,t,110.92902077380327,110.92902077380327
4616,c,110.92902077380327,110.92902077380327
4617,c,66.24004108830385,77.93934108977223
4618,c,10.700711464935667,12.330878759701
4619,c,27.042389760959747,30.482380694094868
4620,c,110.92902077380327,110.92902077380327
4621,c,110.92902077380327,110.92902077380327
4622,c,110.92902077380327,110.92902077380327
4623,t,110.92902077380327,110.92902077380327
4624,c,110.92902077380327,110.92902077380327
4625,c,33.579125641969526,35.55217187979997
4626,c,110.92902077380327,110.92902077380327
4627,c,110.92902077380327,110.92902077380327
4628,c,110.92902077380327,110.92902077380327
4629,c,42.05548583492613,42.330781824500626
4630,t,110.92902077380327,110.92902077380327
4631,t,110.92902077380327,110.92902077380327
4632,c,25.202854227770167,26.558413497234874
4633,c,36.653329361661,36.790622923037674
4634,c,15.396335840854775,25.38302392799511
4635,t,110.92902077380327,110.92902077380327
4636,c,52.28393412436453,53.19058443374734
4637,t,110.92902077380327,110.92902077380327
4638,c,110.92902077380327,110.92902077380327
4639,c,38.915679991505975,39.304044323018076
4640,c,110.92902077380327,110.92902077380327
4641,t,110.92902077380327,110.92902077380327
4642,c,110.92902077380327,110.92902077380327
4643,c,24.630357184648535,25.93696462208843
4644,t,110.92902077380327,110.92902077380327
4645,c,110.92902077380327,110.92902077380327
4646,t,110.92902077380327,110.92902077380327
4647,c,110.92902077380327,110.92902077380327
4648,c,28.918426237978966,33.5066117210769
4649,c,110.92902077380327,110.92902077380327
4650,c,110.92902077380327,110.92902077380327
4651,c,19.277110143229198,19.580128107960622
4652,t,110.92902077380327,110.92902077380327
4653,c,30.605267261132173,34.34048610254479
4654,c,11.968172993941396,13.704093771882896
4655,c,110.92902077380327,110.92902077380327
4656,t,110.92902077380327,110.92902077380327
4657,c,21.419902792724347,23.18368072523569
4658,c,110.92902077380327,110.92902077380327
4659,c,110.92902077380327,110.92902077380327
4660,c,30.8707302281008,33.410101892805976
4661,na,4.9762105595150405,110.92902077380327
4662,c,110.92902077380327,110.92902077380327
4663,c,23.432095692102177,27.697079440420787
4664,c,49.24811941828116,51.53791655329795
4665,c,17.69146624140599,21.50240178456544
4666,c,18.193607871536038,30.713449918292362
4667,t,110.92902077380327,110.92902077380327
4668,c,110.92902077380327,110.92902077380327
4669,t,110.92902077380327,110.92902077380327
4670,c,110.92902077380327,110.92902077380327
4671,c,23.24270308312467,110.92902077380327
4672,t,110.92902077380327,110.92902077380327
4673,t,110.92902077380327,110.92902077380327
4674,c,26.576520855063748,29.77613096874498
4675,c,110.92902077380327,110.92902077380327
4676,c,35.35279594239285,38.543420181258384
4677,c,21.487049357688882,26.533928929320563
4678,c,110.92902077380327,110.92902077380327
4679,c,110.92902077380327,110.92902077380327
4680,t,110.92902077380327,110.92902077380327
4681,c,27.866423446008863,32.905249869743606
4682,t,110.92902077380327,110.92902077380327
4683,c,30.50615644973003,110.92902077380327
4684,c,110.92902077380327,110.92902077380327
4685,t,110.92902077380327,110.92902077380327
4686,c,110.92902077380327,110.92902077380327
4687,c,110.92902077380327,110.92902077380327
4688,c,80.74828563990467,82.44034669238798
4689,t,110.92902077380327,110.92902077380327
4690,c,110.92902077380327,110.92902077380327
4691,t,110.92902077380327,110.92902077380327
4692,c,110.92902077380327,110.92902077380327
4693,c,20.84919169592349,36.434504178879045
4694,c,110.92902077380327,110.92902077380327
4695,t,110.92902077380327,110.92902077380327
4696,c,110.92902077380327,110.92902077380327
4697,c,36.26465019785823,37.21566375072502
4698,c,1.2745618507586942,4.458393979451109
4699,t,110.92902077380327,110.92902077380327
4700,t,110.92902077380327,110.92902077380327
4701,c,110.92902077380327,110.92902077380327
4702,c,33.49967478207301,110.92902077380327
4703,c,43.37381962395583,52.31946552933557
4704,c,110.92902077380327,110.92902077380327
4705,c,47.132445008012,51.403183548891825
4706,c,110.92902077380327,110.92902077380327
4707,t,110.92902077380327,110.92902077380327
4708,c,110.92902077380327,110.92902077380327
4709,c,110.92902077380327,110.92902077380327
4710,c,110.92902077380327,110.92902077380327
4711,c,110.92902077380327,110.92902077380327
4712,c,110.92902077380327,110.92902077380327
4713,c,110.92902077380327,110.92902077380327
4714,t,110.92902077380327,110.92902077380327
4715,c,16.54466243040659,110.92902077380327
4716,c,13.368168950344305,17.352611809317615
4717,c,61.45145660993077,68.6313793453939
4718,c,110.92902077380327,110.92902077380327
4719,t,110.92902077380327,110.92902077380327
4720,c,110.92902077380327,110.92902077380327
4721,c,3.2940631773325144,3.850742155851228
4722,t,110.92902077380327,110.92902077380327
4723,c,110.92902077380327,110.92902077380327
4724,c,22.50130633854152,26.494432241606024
4725,c,110.92902077380327,110.92902077380327
4726,c,110.92902077380327,110.92902077380327
4727,c,110.92902077380327,110.92902077380327
4728,c,16.023392756361176,19.078300747990987
4729,c,110.92902077380327,110.92902077380327
4730,c,18.80960367355164,21.16787529610886
4731,c,41.24877323880148,50.22276950520569
4732,c,110.92902077380327,110.92902077380327
4733,c,110.92902077380327,110.92902077380327
4734,c,110.92902077380327,110.92902077380327
4735,na,-1,0
4736,t,110.92902077380327,110.92902077380327
4737,c,110.92902077380327,110.92902077380327
4738,c,18.617155519043315,18.91734271696562
4739,c,110.92902077380327,110.92902077380327
4740,c,110.92902077380327,110.92902077380327
4741,c,10.328472219610603,12.7046629291875
4742,t,110.92902077380327,110.92902077380327
4743,c,110.92902077380327,110.92902077380327
4744,c,110.92902077380327,110.92902077380327
4745,c,34.406772010633716,48.7145939155407
4746,c,12.366225253209707,110.92902077380327
4747,c,110.92902077380327,110.92902077380327
4748,c,32.940228075461995,35.47198687334721
4749,c,110.92902077380327,110.92902077380327
4750,c,110.92902077380327,110.92902077380327
4751,c,110.92902077380327,110.92902077380327
4752,c,110.92902077380327,110.92902077380327
4753,c,110.92902077380327,110.92902077380327
4754,c,18.755072395961513,19.157530790621323
4755,c,110.92902077380327,110.92902077380327
4756,c,110.92902077380327,110.92902077380327
4757,c,21.341140299691872,22.316534542611613
4758,c,110.92902077380327,110.92902077380327
4759,t,110.92902077380327,110.92902077380327
4760,t,110.92902077380327,110.92902077380327
4761,c,40.144986449289284,44.06811259007701
4762,c,12.190096282277306,13.830153890365716
4763,t,110.92902077380327,110.92902077380327
4764,c,19.347022352632585,19.426392069210802
4765,c,17.51396461802888,19.772271855233434
4766,t,110.92902077380327,110.92902077380327
4767,c,44.266035490575625,55.31666386983965
4768,na,0,0.16470564561017545
4769,t,110.92902077380327,110.92902077380327
4770,c,110.92902077380327,110.92902077380327
4771,t,110.92902077380327,110.92902077380327
4772,c,110.92902077380327,110.92902077380327
4773,t,110.92902077380327,110.92902077380327
4774,c,110.92902077380327,110.92902077380327
4775,c,87.94394061127544,91.20829584046409
4776,c,31.97351718638221,38.20431365325094
4777,c,110.92902077380327,110.92902077380327
4778,c,18.949676924296085,22.621261743106878
4779,c,110.92902077380327,110.92902077380327
4780,c,18.87495945569862,19.167717908056
4781,c,110.92902077380327,110.92902077380327
4782,c,110.92902077380327,110.92902077380327
4783,c,41.086564579163,46.06665260932719
4784,c,40.99771483746394,41.47704713928518
4785,c,31.272789560437015,31.63493086699302
4786,c,110.92902077380327,110.92902077380327
4787,c,14.292352485056368,14.606327587356885
4788,c,110.92902077380327,110.92902077380327
4789,t,110.92902077380327,110.92902077380327
4790,c,110.92902077380327,110.92902077380327
4791,t,110.92902077380327,110.92902077380327
4792,c,110.92902077380327,110.92902077380327
4793,c,110.92902077380327,110.92902077380327
4794,na,15.786196580387685,21.581251457494908
4795,c,110.92902077380327,110.92902077380327
4796,c,110.92902077380327,110.92902077380327
4797,c,110.92902077380327,110.92902077380327
4798,c,110.92902077380327,110.92902077380327
4799,c,110.92902077380327,110.92902077380327
4800,c,110.92902077380327,110.92902077380327
4801,c,110.92902077380327,110.92902077380327
4802,t,110.92902077380327,110.92902077380327
4803,c,24.445130282103523,32.185287340867205
4804,c,110.92902077380327,110.92902077380327
4805,c,110.92902077380327,110.92902077380327
4806,c,32.60570442424093,41.626414538713036
4807,c,45.7738158082658,48.43892066948484
4808,c,19.910238044193466,27.82695149392186
4809,t,110.92902077380327,110.92902077380327
4810,t,110.92902077380327,110.92902077380327
4811,c,33.29649125918397,37.618198723298356
4812,c,110.92902077380327,110.92902077380327
4813,c,110.92902077380327,110.92902077380327
4814,t,110.92902077380327,110.92902077380327
4815,c,110.92902077380327,110.92902077380327
4816,c,110.92902077380327,110.92902077380327
4817,t,110.92902077380327,110.92902077380327
4818,c,110.92902077380327,110.92902077380327
4819,c,10.308327078653708,13.118618000452226
4820,c,110.92902077380327,110.92902077380327
4821,c,52.882026705295935,110.92902077380327
4822,c,110.92902077380327,110.92902077380327
4823,t,110.92902077380327,110.92902077380327
4824,t,110.92902077380327,110.92902077380327
4825,c,24.71201073004434,26.7491204238209
4826,c,20.765699322748524,110.92902077380327
4827,c,11.105515501264245,27.786203949807348
4828,c,110.92902077380327,110.92902077380327
4829,c,110.92902077380327,110.92902077380327
4830,c,30.664149039488347,35.14728313872344
4831,c,33.39753220940426,33.991584068803405
4832,c,110.92902077380327,110.92902077380327
4833,c,9.559855235868236,12.935057007813684
4834,c,71.01641566460994,103.43770572854977
4835,c,110.92902077380327,110.92902077380327
4836,c,110.92902077380327,110.92902077380327
4837,c,110.92902077380327,110.92902077380327
4838,c,110.92902077380327,110.92902077380327
4839,c,110.92902077380327,110.92902077380327
4840,c,53.372569194201375,56.412646098851056
4841,t,110.92902077380327,110.92902077380327
4842,c,12.542726637778214,14.222748830430447
4843,c,110.92902077380327,110.92902077380327
4844,c,110.92902077380327,110.92902077380327
4845,c,24.15557848565922,26.307208681313814
4846,c,64.69390242083836,65.52319593391992
4847,c,110.92902077380327,110.92902077380327
4848,c,33.511685245619915,33.54213910720883
4849,c,110.92902077380327,110.92902077380327
4850,c,110.92902077380327,110.92902077380327
4851,c,11.58269408779005,110.92902077380327
4852,t,110.92902077380327,110.92902077380327
4853,c,110.92902077380327,110.92902077380327
4854,c,110.92902077380327,110.92902077380327
4855,c,21.950931849872,27.4097803414679
4856,t,110.92902077380327,110.92902077380327
4857,c,19.899111710055955,21.686139722544354
4858,t,110.92902077380327,110.92902077380327
4859,c,110.92902077380327,110.92902077380327
4860,c,110.92902077380327,110.92902077380327
4861,t,110.92902077380327,110.92902077380327
4862,c,110.92902077380327,110.92902077380327
4863,c,33.82129894894601,33.91327504760424
4864,c,110.92902077380327,110.92902077380327
4865,t,110.92902077380327,110.92902077380327
4866,c,27.174390187620773,33.429824445715546
4867,t,110.92902077380327,110.92902077380327
4868,c,81.80066925890337,82.79086843438097
4869,t,110.92902077380327,110.92902077380327
4870,c,110.92902077380327,110.92902077380327
4871,c,11.93588590355227,12.65121260002364
4872,c,29.1982976916831,34.057405681000155
4873,c,33.48959491642932,37.396209445247614
4874,c,110.92902077380327,110.92902077380327
4875,c,17.489080970429406,31.246180989632787
4876,t,110.92902077380327,110.92902077380327
4877,c,40.422092054892396,41.761130698956336
4878,c,110.92902077380327,110.92902077380327
4879,t,110.92902077380327,110.92902077380327
4880,t,110.92902077380327,110.92902077380327
4881,c,40.704442346069435,40.86634960521316
4882,c,16.6315016862305,19.44397635312911
4883,t,110.92902077380327,110.92902077380327
4884,t,110.92902077380327,110.92902077380327
4885,c,110.92902077380327,110.92902077380327
4886,c,17.870901778424507,18.966925613693064
4887,c,110.92902077380327,110.92902077380327
4888,t,110.92902077380327,110.92902077380327
4889,t,110.92902077380327,110.92902077380327
4890,c,110.92902077380327,110.92902077380327
4891,c,110.92902077380327,110.92902077380327
4892,t,110.92902077380327,110.92902077380327
4893,c,110.92902077380327,110.92902077380327
4894,t,110.92902077380327,110.92902077380327
4895,c,110.92902077380327,110.92902077380327
4896,c,110.92902077380327,110.92902077380327
4897,c,110.92902077380327,110.92902077380327
4898,c,110.92902077380327,110.92902077380327
4899,c,110.92902077380327,110.92902077380327
4900,c,18.465881209457887,23.106555433883024
4901,c,110.92902077380327,110.92902077380327
4902,c,38.13909016572215,43.555464980618645
4903,c,28.64786314085823,31.97849308500348
4904,c,110.92902077380327,110.92902077380327
4905,c,110.92902077380327,110.92902077380327
4906,t,110.92902077380327,110.92902077380327
4907,t,110.92902077380327,110.92902077380327
4908,c,110.92902077380327,110.92902077380327
4909,t,110.92902077380327,110.92902077380327
4910,c,5.436362883210127,7.287252716067895
4911,t,110.92902077380327,110.92902077380327
4912,c,110.92902077380327,110.92902077380327
4913,c,23.671526983372587,25.53603885645802
4914,c,110.92902077380327,110.92902077380327
4915,c,110.92902077380327,110.92902077380327
4916,c,110.92902077380327,110.92902077380327
4917,c,110.92902077380327,110.92902077380327
4918,c,110.92902077380327,110.92902077380327
4919,c,110.92902077380327,110.92902077380327
4920,c,110.92902077380327,110.92902077380327
4921,c,38.78549576428039,50.88374652348967
4922,c,15.616488529488919,22.07348391216826
4923,c,15.71653119531721,37.493350014048644
4924,t,110.92902077380327,110.92902077380327
4925,c,110.92902077380327,110.92902077380327
4926,c,110.92902077380327,110.92902077380327
4927,c,110.92902077380327,110.92902077380327
4928,t,110.92902077380327,110.92902077380327
4929,c,110.92902077380327,110.92902077380327
4930,t,110.92902077380327,110.92902077380327
4931,t,110.92902077380327,110.92902077380327
4932,t,110.92902077380327,110.92902077380327
4933,t,110.92902077380327,110.92902077380327
4934,c,110.92902077380327,110.92902077380327
4935,c,31.65779102597771,110.92902077380327
4936,c,110.92902077380327,110.92902077380327
4937,t,110.92902077380327,110.92902077380327
4938,c,110.92902077380327,110.92902077380327
4939,c,48.19716529388591,50.53648956239462
4940,c,21.11112804778934,22.180131167585305
4941,c,110.92902077380327,110.92902077380327
4942,c,11.036238457586771,17.179728086864504
4943,c,110.92902077380327,110.92902077380327
4944,c,110.92902077380327,110.92902077380327
4945,c,110.92902077380327,110.92902077380327
4946,c,20.9460365827205,110.92902077380327
4947,c,38.392055230615824,42.13349849722048
4948,c,22.298564753023886,22.457526600385716
4949,t,110.92902077380327,110.92902077380327
4950,c,6.470063147903487,9.635187675509094
4951,c,26.987909179360162,31.676040660672506
4952,c,57.72399503234163,59.479901445951775
4953,c,36.02319762765818,36.79010177120961
4954,c,34.30042542019529,49.50362127884752
4955,t,110.92902077380327,110.92902077380327
4956,c,110.92902077380327,110.92902077380327
4957,c,110.92902077380327,110.92902077380327
4958,c,41.25276086602372,110.92902077380327
4959,c,45.22557508821399,51.73890453778454
4960,c,110.92902077380327,110.92902077380327
4961,c,110.92902077380327,110.92902077380327
4962,c,34.998900162673024,35.43885110652723
4963,t,110.92902077380327,110.92902077380327
4964,t,110.92902077380327,110.92902077380327
4965,t,110.92902077380327,110.92902077380327
4966,t,110.92902077380327,110.92902077380327
4967,c,110.92902077380327,110.92902077380327
4968,c,110.92902077380327,110.92902077380327
4969,t,110.92902077380327,110.92902077380327
4970,c,110.92902077380327,110.92902077380327
4971,c,110.92902077380327,110.92902077380327
4972,c,110.92902077380327,110.92902077380327
4973,c,110.92902077380327,110.92902077380327
4974,c,110.92902077380327,110.92902077380327
4975,c,11.400524964981303,110.92902077380327
4976,c,34.768750108186815,36.546568411319896
4977,c,110.92902077380327,110.92902077380327
4978,c,110.92902077380327,110.92902077380327
4979,c,21.88778147666059,24.980593299645104
4980,c,110.92902077380327,110.92902077380327
4981,c,27.16601313646748,29.295985166293857
4982,t,110.92902077380327,110.92902077380327
4983,c,110.92902077380327,110.92902077380327
4984,na,-1,0
4985,t,110.92902077380327,110.92902077380327
4986,t,110.92902077380327,110.92902077380327
4987,c,110.92902077380327,110.92902077380327
4988,c,19.631879890505928,25.860922014421863
4989,c,9.518314222855548,22.146803613122795
4990,c,27.985561079509335,110.92902077380327
4991,c,110.92902077380327,110.92902077380327
4992,c,34.434012395534694,46.97255597121747
4993,c,24.117372392101657,27.3231581158973
4994,t,110.92902077380327,110.92902077380327
4995,c,32.02506494788951,40.27995184320375
4996,c,55.36123016072168,56.24615845574246
4997,c,110.92902077380327,110.92902077380327
4998,c,110.92902077380327,110.92902077380327
4999,t,110.92902077380327,110.92902077380327
5000,c,20.10343507891505,21.502860861207818
5001,c,110.92902077380327,110.92902077380327
5002,t,110.92902077380327,110.92902077380327
5003,c,36.21680761555045,38.057133044450175
5004,t,110.92902077380327,110.92902077380327
5005,t,110.92902077380327,110.92902077380327
5006,c,17.481423026781055,19.634426281723112
5007,c,5.580472747371326,6.124695649910342
5008,c,110.92902077380327,110.92902077380327
5009,c,4.603788586804738,17.96699856125683
5010,c,110.92902077380327,110.92902077380327
5011,c,110.92902077380327,110.92902077380327
5012,t,110.92902077380327,110.92902077380327
5013,c,110.92902077380327,110.92902077380327
5014,c,35.77889743831216,110.92902077380327
5015,t,110.92902077380327,110.92902077380327
5016,c,110.92902077380327,110.92902077380327
5017,c,110.92902077380327,110.92902077380327
5018,c,110.92902077380327,110.92902077380327
5019,c,92.36274133805,102.64215902413514
5020,c,14.049924801011086,22.31848084375245
5021,c,14.620777107564802,17.911983099434423
5022,c,32.11275390982245,35.72114151362217
5023,c,110.92902077380327,110.92902077380327
5024,t,110.92902077380327,110.92902077380327
5025,c,110.92902077380327,110.92902077380327
5026,t,110.92902077380327,110.92902077380327
5027,c,49.77748056000399,50.56428622362043
5028,c,110.92902077380327,110.92902077380327
5029,c,33.30661691834356,35.386020951756
5030,t,110.92902077380327,110.92902077380327
5031,c,22.952823591485238,25.261470517008355
5032,c,47.08010587741407,47.480828995223554
5033,t,110.92902077380327,110.92902077380327
5034,c,110.92902077380327,110.92902077380327
5035,c,110.92902077380327,110.92902077380327
5036,c,110.92902077380327,110.92902077380327
5037,t,110.92902077380327,110.92902077380327
5038,c,110.92902077380327,110.92902077380327
5039,c,110.92902077380327,110.92902077380327
5040,c,73.78742931959941,74.03361815506378
5041,c,110.92902077380327,110.92902077380327
5042,t,110.92902077380327,110.92902077380327
5043,c,110.92902077380327,110.92902077380327
5044,c,46.242541930152115,50.44108360448477
5045,c,25.768526015065262,25.900056251671558
5046,c,110.92902077380327,110.92902077380327
5047,na,-1,0
5048,c,34.847724596049204,37.474538340043104
5049,c,110.92902077380327,110.92902077380327
5050,c,110.92902077380327,110.92902077380327
5051,t,110.92902077380327,110.92902077380327
5052,c,110.92902077380327,110.92902077380327
5053,c,110.92902077380327,110.92902077380327
5054,c,110.92902077380327,110.92902077380327
5055,t,110.92902077380327,110.92902077380327
5056,t,110.92902077380327,110.92902077380327
5057,c,110.92902077380327,110.92902077380327
5058,c,110.92902077380327,110.92902077380327
5059,c,110.92902077380327,110.92902077380327
5060,c,110.92902077380327,110.92902077380327
5061,c,44.43441279398323,45.11553237883912
5062,c,110.92902077380327,110.92902077380327
5063,c,110.92902077380327,110.92902077380327
5064,t,110.92902077380327,110.92902077380327
5065,c,110.92902077380327,110.92902077380327
5066,c,110.92902077380327,110.92902077380327
5067,c,22.673751331718616,28.672644877652033
5068,c,110.92902077380327,110.92902077380327
5069,c,110.92902077380327,110.92902077380327
5070,c,28.10692186729714,29.115257493708263
5071,c,23.626171821353314,23.981992593499903
5072,c,110.92902077380327,110.92902077380327
5073,t,110.92902077380327,110.92902077380327
5074,t,110.92902077380327,110.92902077380327
5075,c,110.92902077380327,110.92902077380327
5076,t,110.92902077380327,110.92902077380327
5077,c,26.30540718333912,32.87912044012003
5078,c,30.090757419799637,44.87998494766367
5079,c,31.64349476540739,110.92902077380327
5080,c,110.92902077380327,110.92902077380327
5081,c,110.92902077380327,110.92902077380327
5082,c,110.92902077380327,110.92902077380327
5083,c,110.92902077380327,110.92902077380327
5084,c,40.19361214362282,45.61651296535416
5085,t,110.92902077380327,110.92902077380327
5086,c,44.279326114919776,48.964696746998044
5087,t,110.92902077380327,110.92902077380327
5088,c,37.9018222173911,53.35246512242871
5089,c,110.92902077380327,110.92902077380327
5090,c,110.92902077380327,110.92902077380327
5091,c,110.92902077380327,110.92902077380327
5092,c,26.408204989310928,28.688662536343767
5093,c,110.92902077380327,110.92902077380327
5094,c,110.92902077380327,110.92902077380327
5095,c,20.464967845750976,21.506685989593514
5096,c,16.573239439774756,25.589168700937424
5097,c,110.92902077380327,110.92902077380327
5098,c,110.92902077380327,110.92902077380327
5099,c,20.16157319092574,21.98776944869735
5100,t,110.92902077380327,110.92902077380327
5101,c,10.52820186512854,12.686209652760292
5102,c,42.45693521640781,44.62532952640156
5103,c,8.247865375217856,12.13359943738745
5104,t,110.92902077380327,110.92902077380327
5105,c,110.92902077380327,110.92902077380327
5106,c,110.92902077380327,110.92902077380327
5107,c,110.92902077380327,110.92902077380327
5108,c,110.92902077380327,110.92902077380327
5109,c,18.00393409516073,19.95724674459702
5110,na,2.8964019315795206,6.569140184169436
5111,c,110.92902077380327,110.92902077380327
5112,c,110.92902077380327,110.92902077380327
5113,c,110.92902077380327,110.92902077380327
5114,c,110.92902077380327,110.92902077380327
5115,c,59.755527465488974,64.06174972367795
5116,t,110.92902077380327,110.92902077380327
5117,c,29.519586663919345,32.11865230496309
5118,c,110.92902077380327,110.92902077380327
5119,c,110.92902077380327,110.92902077380327
5120,c,67.32218974722649,67.83599442075352
5121,t,110.92902077380327,110.92902077380327
5122,c,6.290873707942585,7.906672819772194
5123,t,110.92902077380327,110.92902077380327
5124,t,110.92902077380327,110.92902077380327
5125,c,110.92902077380327,110.92902077380327
5126,c,110.92902077380327,110.92902077380327
5127,c,110.92902077380327,110.92902077380327
5128,t,110.92902077380327,110.92902077380327
5129,c,29.49687332268809,37.269796579150025
5130,c,110.92902077380327,110.92902077380327
5131,c,110.92902077380327,110.92902077380327
5132,c,110.92902077380327,110.92902077380327
5133,t,110.92902077380327,110.92902077380327
5134,c,40.50668016585664,42.57735647893358
5135,c,110.92902077380327,110.92902077380327
5136,c,110.92902077380327,110.92902077380327
5137,c,35.48085781638497,36.377005278044805
5138,c,110.92902077380327,110.92902077380327
5139,c,20.478726745184993,40.11093744578345
5140,c,110.92902077380327,110.92902077380327
5141,c,110.92902077380327,110.92902077380327
5142,c,110.92902077380327,110.92902077380327
5143,t,110.92902077380327,110.92902077380327
5144,c,110.92902077380327,110.92902077380327
5145,c,33.14149899173988,34.236424843528425
5146,c,110.92902077380327,110.92902077380327
5147,c,66.22202224085636,70.23077166769967
5148,t,110.92902077380327,110.92902077380327
5149,c,12.834864050243864,17.1837981389793
5150,c,34.177089866268275,37.987482379935926
5151,c,44.5106002302565,44.57320781949575
5152,t,110.92902077380327,110.92902077380327
5153,c,8.479370920710323,10.605348687907634
5154,c,110.92902077380327,110.92902077380327
5155,c,23.374095911289324,27.57211716678778
5156,t,110.92902077380327,110.92902077380327
5157,c,110.92902077380327,110.92902077380327
5158,c,110.92902077380327,110.92902077380327
5159,c,17.536690863784884,20.73526028119446
5160,t,110.92902077380327,110.92902077380327
5161,c,110.92902077380327,110.92902077380327
5162,t,110.92902077380327,110.92902077380327
5163,c,110.92902077380327,110.92902077380327
5164,c,110.92902077380327,110.92902077380327
5165,c,23.60242997287631,36.35972297072977
5166,c,110.92902077380327,110.92902077380327
5167,c,4.925910897156157,5.300117374699338
5168,t,110.92902077380327,110.92902077380327
5169,c,110.92902077380327,110.92902077380327
5170,c,19.479236551956465,20.867865332344923
5171,t,110.92902077380327,110.92902077380327
5172,t,110.92902077380327,110.92902077380327
5173,c,110.92902077380327,110.92902077380327
5174,t,110.92902077380327,110.92902077380327
5175,c,43.04993253419976,51.64466201261906
5176,c,110.92902077380327,110.92902077380327
5177,c,110.92902077380327,110.92902077380327
5178,c,51.7076623504122,54.17774141087406
5179,c,12.688732129405505,21.083228226055333
5180,c,110.92902077380327,110.92902077380327
5181,t,110.92902077380327,110.92902077380327
5182,c,10.685616140861837,110.92902077380327
5183,c,110.92902077380327,110.92902077380327
5184,c,26.896073663032187,35.52594655644157
5185,c,110.92902077380327,110.92902077380327
5186,c,110.92902077380327,110.92902077380327
5187,t,110.92902077380327,110.92902077380327
5188,c,43.57696794943345,43.956264882461284
5189,c,110.92902077380327,110.92902077380327
5190,c,110.92902077380327,110.92902077380327
5191,na,0,1.221036187403045
5192,c,59.21720615062027,110.92902077380327
5193,c,12.40686896079673,13.98400807239233
5194,t,110.92902077380327,110.92902077380327
5195,c,21.083974933721713,110.92902077380327
5196,c,110.92902077380327,110.92902077380327
5197,c,110.92902077380327,110.92902077380327
5198,t,110.92902077380327,110.92902077380327
5199,c,22.136323245880114,26.850172409548673
5200,c,110.92902077380327,110.92902077380327
5201,c,30.0183058070044,32.969436002920524
5202,t,110.92902077380327,110.92902077380327
5203,t,110.92902077380327,110.92902077380327
5204,c,110.92902077380327,110.92902077380327
5205,c,50.507218853603646,53.54102134154496
5206,c,110.92902077380327,110.92902077380327
5207,t,110.92902077380327,110.92902077380327
5208,c,110.92902077380327,110.92902077380327
5209,c,110.92902077380327,110.92902077380327
5210,t,110.92902077380327,110.92902077380327
5211,c,110.92902077380327,110.92902077380327
5212,c,110.92902077380327,110.92902077380327
5213,c,110.92902077380327,110.92902077380327
5214,na,-1,0
5215,c,46.68681633757236,46.93708260148567
5216,t,110.92902077380327,110.92902077380327
5217,c,110.92902077380327,110.92902077380327
5218,t,110.92902077380327,110.92902077380327
5219,c,110.92902077380327,110.92902077380327
5220,c,34.70170130741998,44.16236416107777
5221,c,110.92902077380327,110.92902077380327
5222,c,110.92902077380327,110.92902077380327
5223,c,110.92902077380327,110.92902077380327
5224,c,110.92902077380327,110.92902077380327
5225,c,110.92902077380327,110.92902077380327
5226,t,110.92902077380327,110.92902077380327
5227,c,110.92902077380327,110.92902077380327
5228,t,110.92902077380327,110.92902077380327
5229,t,110.92902077380327,110.92902077380327
5230,c,110.92902077380327,110.92902077380327
5231,na,-1,0
5232,na,1.1277445179060241,2.4818278770148576
5233,c,110.92902077380327,110.92902077380327
5234,c,22.825648116972133,23.241397818028663
5235,c,110.92902077380327,110.92902077380327
5236,c,110.92902077380327,110.92902077380327
5237,c,61.71067953550462,62.183974953684704
5238,t,110.92902077380327,110.92902077380327
5239,c,110.92902077380327,110.92902077380327
5240,c,74.93389955002739,75.1759116285986
5241,c,40.96784411927684,46.74268184258947
5242,c,110.92902077380327,110.92902077380327
5243,t,110.92902077380327,110.92902077380327
5244,c,110.92902077380327,110.92902077380327
5245,c,110.92902077380327,110.92902077380327
5246,c,110.92902077380327,110.92902077380327
5247,c,82.42479057677512,88.52638963742
5248,t,110.92902077380327,110.92902077380327
5249,c,110.92902077380327,110.92902077380327
5250,c,110.92902077380327,110.92902077380327
5251,t,110.92902077380327,110.92902077380327
5252,t,110.92902077380327,110.92902077380327
5253,c,51.96039788756533,52.66100640039372
5254,c,110.92902077380327,110.92902077380327
5255,c,110.92902077380327,110.92902077380327
5256,c,110.92902077380327,110.92902077380327
5257,c,110.92902077380327,110.92902077380327
5258,t,110.92902077380327,110.92902077380327
5259,t,110.92902077380327,110.92902077380327
5260,c,28.211633176019344,30.787008517544077
5261,c,46.47332597316589,55.26004373015894
5262,t,110.92902077380327,110.92902077380327
5263,c,19.740148159641976,21.086788010126035
5264,c,36.4475642637406,37.944452452006814
5265,na,-1,0
5266,t,110.92902077380327,110.92902077380327
5267,t,110.92902077380327,110.92902077380327
5268,c,26.426508874573585,30.597305848595607
5269,t,110.92902077380327,110.92902077380327
5270,c,110.92902077380327,110.92902077380327
5271,t,110.92902077380327,110.92902077380327
5272,t,110.92902077380327,110.92902077380327
5273,t,110.92902077380327,110.92902077380327
5274,c,24.03062606667114,27.353105981121086
5275,c,110.92902077380327,110.92902077380327
5276,t,110.92902077380327,110.92902077380327
5277,c,33.25473197483158,36.0214635953512
5278,c,13.783573414767384,17.12611734599391
5279,c,110.92902077380327,110.92902077380327
5280,c,9.978728282834677,12.210124315817392
5281,c,110.92902077380327,110.92902077380327
5282,c,10.09175928019977,19.8839871575615
5283,c,19.77912824668537,21.971980800660212
5284,c,17.334700991748825,110.92902077380327
5285,c,110.92902077380327,110.92902077380327
5286,c,110.92902077380327,110.92902077380327
5287,c,110.92902077380327,110.92902077380327
5288,c,110.92902077380327,110.92902077380327
5289,c,25.76382381592104,27.381103410638573
5290,c,23.419770475280973,25.293953432143706
5291,c,19.30037173466513,28.736708025438766
5292,c,110.92902077380327,110.92902077380327
5293,c,30.154769245069044,30.97074682251883
5294,c,110.92902077380327,110.92902077380327
5295,t,110.92902077380327,110.92902077380327
5296,c,24.996185358890692,27.58778889096542
5297,c,48.538414491365586,51.43632705442289
5298,na,0,8.977376182484608
5299,c,48.29997764800531,55.311432660108025
5300,c,110.92902077380327,110.92902077380327
5301,c,110.92902077380327,110.92902077380327
5302,c,110.92902077380327,110.92902077380327
5303,c,16.713004989900686,31.062395390206333
5304,c,110.92902077380327,110.92902077380327
5305,c,16.121630602419614,16.93663964006509
5306,c,39.914067945445765,40.56878184670601
5307,c,110.92902077380327,110.92902077380327
5308,c,110.92902077380327,110.92902077380327
5309,c,110.92902077380327,110.92902077380327
5310,c,19.011713690304138,34.6914858520258
5311,t,110.92902077380327,110.92902077380327
5312,t,110.92902077380327,110.92902077380327
5313,t,110.92902077380327,110.92902077380327
5314,c,110.92902077380327,110.92902077380327
5315,c,28.451960226569458,30.422853370216796
5316,c,19.971968822544415,24.961799551366674
5317,c,110.92902077380327,110.92902077380327
5318,c,110.92902077380327,110.92902077380327
5319,t,110.92902077380327,110.92902077380327
5320,c,110.92902077380327,110.92902077380327
5321,c,41.88858884852027,49.50280918104409
5322,c,110.92902077380327,110.92902077380327
5323,c,110.92902077380327,110.92902077380327
5324,c,110.92902077380327,110.92902077380327
5325,c,110.92902077380327,110.92902077380327
5326,c,110.92902077380327,110.92902077380327
5327,c,18.6234685027269,19.253282412597514
5328,c,58.51948921995323,62.36049556272185
5329,c,110.92902077380327,110.92902077380327
5330,c,25.93355874487674,26.38950070790562
5331,c,110.92902077380327,110.92902077380327
5332,c,110.92902077380327,110.92902077380327
5333,c,110.92902077380327,110.92902077380327
5334,t,110.92902077380327,110.92902077380327
5335,c,54.549620956448926,62.161614017226945
5336,c,110.92902077380327,110.92902077380327
5337,c,45.83196739410812,49.63048765377255
5338,c,18.61032462006182,20.435503680906162
5339,c,10.021466324778531,11.78078552011687
5340,t,110.92902077380327,110.92902077380327
5341,c,110.92902077380327,110.92902077380327
5342,c,14.494607553902068,21.49688638214235
5343,c,110.92902077380327,110.92902077380327
5344,c,110.92902077380327,110.92902077380327
5345,c,110.92902077380327,110.92902077380327
5346,c,8.411360403109008,24.315640241245845
5347,c,110.92902077380327,110.92902077380327
5348,t,110.92902077380327,110.92902077380327
5349,c,50.37186364812591,52.324051159877065
5350,c,110.92902077380327,110.92902077380327
5351,c,110.92902077380327,110.92902077380327
5352,t,110.92902077380327,110.92902077380327
5353,c,110.92902077380327,110.92902077380327
5354,c,20.317498926097812,28.22210540074819
5355,c,110.92902077380327,110.92902077380327
5356,na,0.8985116810243154,8.855239456463242
5357,c,110.92902077380327,110.92902077380327
5358,c,39.186264735104515,54.15256462764515
5359,c,110.92902077380327,110.92902077380327
5360,c,110.92902077380327,110.92902077380327
5361,c,110.92902077380327,110.92902077380327
5362,t,110.92902077380327,110.92902077380327
5363,c,15.947635903889596,18.511754701623616
5364,c,24.387839543589628,40.024058389974414
5365,c,38.52088914265619,48.309587770889294
5366,t,110.92902077380327,110.92902077380327
5367,c,110.92902077380327,110.92902077380327
5368,c,24.11003861262497,35.59954827889046
5369,c,32.897127036393314,33.370848477697905
5370,c,39.05383369912391,41.49401961664745
5371,c,53.1815057448074,56.34195473327879
5372,t,110.92902077380327,110.92902077380327
5373,t,110.92902077380327,110.92902077380327
5374,c,110.92902077380327,110.92902077380327
5375,c,110.92902077380327,110.92902077380327
5376,c,110.92902077380327,110.92902077380327
5377,c,110.92902077380327,110.92902077380327
5378,c,35.43027052362558,37.358874398692606
5379,c,34.61887598024343,36.50026619612386
5380,t,110.92902077380327,110.92902077380327
5381,t,110.92902077380327,110.92902077380327
5382,t,110.92902077380327,110.92902077380327
5383,c,110.92902077380327,110.92902077380327
5384,c,110.92902077380327,110.92902077380327
5385,c,47.290716704305424,52.69869464341172
5386,c,17.7208408470933,19.283070593876346
5387,c,13.89312790488831,19.544483964350437
5388,c,31.269742709845,35.33558320117975
5389,c,110.92902077380327,110.92902077380327
5390,c,110.92902077380327,110.92902077380327
5391,c,30.96295281104741,33.530039666417366
5392,c,28.52685450535734,29.011162238642083
5393,c,25.14500877627172,33.03024414530113
5394,c,35.59897261267597,35.87663960509224
5395,c,110.92902077380327,110.92902077380327
5396,c,21.97822184289054,22.13705169598875
5397,c,12.756277215700084,18.425089047105565
5398,c,110.92902077380327,110.92902077380327
5399,c,110.92902077380327,110.92902077380327
5400,c,15.162174741308087,17.73409333718111
5401,t,110.92902077380327,110.92902077380327
5402,c,16.28193777172262,18.220849250403276
5403,c,28.137273764007745,31.347189713621173
5404,c,110.92902077380327,110.92902077380327
5405,c,110.92902077380327,110.92902077380327
5406,c,62.933095113105715,67.1216164581726
5407,c,110.92902077380327,110.92902077380327
5408,c,110.92902077380327,110.92902077380327
5409,c,25.93743800704449,30.392226513664657
5410,c,110.92902077380327,110.92902077380327
5411,c,110.92902077380327,110.92902077380327
5412,c,110.92902077380327,110.92902077380327
5413,c,20.31300281414786,24.971556121765676
5414,c,110.92902077380327,110.92902077380327
5415,c,110.92902077380327,110.92902077380327
5416,c,110.92902077380327,110.92902077380327
5417,t,110.92902077380327,110.92902077380327
5418,c,110.92902077380327,110.92902077380327
5419,c,110.92902077380327,110.92902077380327
5420,c,110.92902077380327,110.92902077380327
5421,c,110.92902077380327,110.92902077380327
5422,t,110.92902077380327,110.92902077380327
5423,c,24.056738712532013,110.92902077380327
5424,t,110.92902077380327,110.92902077380327
5425,c,1.4626057774946315,4.595318547097917
5426,c,110.92902077380327,110.92902077380327
5427,t,110.92902077380327,110.92902077380327
5428,c,110.92902077380327,110.92902077380327
5429,t,110.92902077380327,110.92902077380327
5430,c,110.92902077380327,110.92902077380327
5431,c,110.92902077380327,110.92902077380327
5432,c,110.92902077380327,110.92902077380327
5433,c,15.518753489495229,18.674200039246514
5434,c,12.25593986520645,26.074839238338342
5435,c,80.2177713603632,87.60371567798559
5436,t,110.92902077380327,110.92902077380327
5437,c,26.44135581560619,26.980882988224753
5438,c,34.43696287465601,44.36403980489374
5439,c,22.720971840658187,24.726617519741115
5440,c,110.92902077380327,110.92902077380327
5441,t,110.92902077380327,110.92902077380327
5442,t,110.92902077380327,110.92902077380327
5443,c,110.92902077380327,110.92902077380327
5444,t,110.92902077380327,110.92902077380327
5445,c,110.92902077380327,110.92902077380327
5446,c,24.5705707580889,28.742499982323608
5447,c,38.95017344678023,40.28456037254998
5448,c,110.92902077380327,110.92902077380327
5449,c,110.92902077380327,110.92902077380327
5450,t,110.92902077380327,110.92902077380327
5451,na,3.4550624645085746,6.367175554134339
5452,c,27.838830578399307,110.92902077380327
5453,t,110.92902077380327,110.92902077380327
5454,c,30.63536741534387,34.96949814716003
5455,c,110.92902077380327,110.92902077380327
5456,c,110.92902077380327,110.92902077380327
5457,c,110.92902077380327,110.92902077380327
5458,c,27.636947641576864,31.755533621221954
5459,c,56.58716853703261,73.94155357929195
5460,c,110.92902077380327,110.92902077380327
5461,t,110.92902077380327,110.92902077380327
5462,t,110.92902077380327,110.92902077380327
5463,c,19.531583231363083,31.62078983198064
5464,t,110.92902077380327,110.92902077380327
5465,c,110.92902077380327,110.92902077380327
5466,t,110.92902077380327,110.92902077380327
5467,t,110.92902077380327,110.92902077380327
5468,t,110.92902077380327,110.92902077380327
5469,c,110.92902077380327,110.92902077380327
5470,c,110.92902077380327,110.92902077380327
5471,t,110.92902077380327,110.92902077380327
5472,t,110.92902077380327,110.92902077380327
5473,t,110.92902077380327,110.92902077380327
5474,c,56.86874536300985,58.803936500948964
5475,c,2.653931653414256,6.412434870469816
5476,c,110.92902077380327,110.92902077380327
5477,c,37.47230691388144,40.827868115707744
5478,c,110.92902077380327,110.92902077380327
5479,c,110.92902077380327,110.92902077380327
5480,t,110.92902077380327,110.92902077380327
5481,c,110.92902077380327,110.92902077380327
5482,t,110.92902077380327,110.92902077380327
5483,c,110.92902077380327,110.92902077380327
5484,c,110.92902077380327,110.92902077380327
5485,c,110.92902077380327,110.92902077380327
5486,c,21.983381412993705,26.095820746014343
5487,c,110.92902077380327,110.92902077380327
5488,c,110.92902077380327,110.92902077380327
5489,t,110.92902077380327,110.92902077380327
5490,c,110.92902077380327,110.92902077380327
5491,c,110.92902077380327,110.92902077380327
5492,c,44.06503915333066,46.67106776348335
5493,c,18.242102549240958,22.66156557150058
5494,c,14.033421434248629,110.92902077380327
5495,c,110.92902077380327,110.92902077380327
5496,c,52.54066680869476,54.402754994224736
5497,c,110.92902077380327,110.92902077380327
5498,c,10.873121949570068,13.782005035856448
5499,c,35.94867065093581,38.061334145610466
5500,c,110.92902077380327,110.92902077380327
5501,c,6.825718116953998,9.959042162825753
5502,na,6.62447970935107,8.617462790255704
5503,c,16.196244856479556,22.73005335650399
5504,c,110.92902077380327,110.92902077380327
5505,c,64.10669982774598,71.3781198545148
5506,c,110.92902077380327,110.92902077380327
5507,c,38.45413180484214,41.92166951637152
5508,c,110.92902077380327,110.92902077380327
5509,t,110.92902077380327,110.92902077380327
5510,c,110.92902077380327,110.92902077380327
5511,c,110.92902077380327,110.92902077380327
5512,c,46.3244508378009,48.783307606721465
5513,c,31.347387630283368,34.36810724840305
5514,c,110.92902077380327,110.92902077380327
5515,c,67.24481425360067,70.03718312715344
5516,c,110.92902077380327,110.92902077380327
5517,c,45.40818746310336,47.36496725974652
5518,t,110.92902077380327,110.92902077380327
5519,t,110.92902077380327,110.92902077380327
5520,c,110.92902077380327,110.92902077380327
5521,c,36.370865725727306,37.336273276333394
5522,c,110.92902077380327,110.92902077380327
5523,c,110.92902077380327,110.92902077380327
5524,t,110.92902077380327,110.92902077380327
5525,c,110.92902077380327,110.92902077380327
5526,t,110.92902077380327,110.92902077380327
5527,c,110.92902077380327,110.92902077380327
5528,t,110.92902077380327,110.92902077380327
5529,c,110.92902077380327,110.92902077380327
5530,c,35.40266002234423,46.14035192654277
5531,c,110.92902077380327,110.92902077380327
5532,c,110.92902077380327,110.92902077380327
5533,c,110.92902077380327,110.92902077380327
5534,c,23.25015485161279,28.41493401025665
5535,c,36.80594698281162,49.17504941384571
5536,c,110.92902077380327,110.92902077380327
5537,na,-1,0
5538,t,110.92902077380327,110.92902077380327
5539,t,110.92902077380327,110.92902077380327
5540,c,110.92902077380327,110.92902077380327
5541,c,23.818230657149677,33.051615393316325
5542,c,11.27100010071687,14.283490116890308
5543,c,10.416777593760841,12.959710238651153
5544,c,110.92902077380327,110.92902077380327
5545,c,17.553028486226705,24.923860244502013
5546,c,32.80604267922503,34.751747009664655
5547,c,110.92902077380327,110.92902077380327
5548,c,110.92902077380327,110.92902077380327
5549,c,110.92902077380327,110.92902077380327
5550,c,49.74021141816964,110.92902077380327
5551,c,38.14679323881493,43.60927602149014
5552,c,110.92902077380327,110.92902077380327
5553,c,110.92902077380327,110.92902077380327
5554,c,110.92902077380327,110.92902077380327
5555,c,12.15923348661377,12.486567470997151
5556,c,32.55343404192074,32.74964334010763
5557,c,110.92902077380327,110.92902077380327
5558,t,110.92902077380327,110.92902077380327
5559,t,110.92902077380327,110.92902077380327
5560,c,110.92902077380327,110.92902077380327
5561,c,110.92902077380327,110.92902077380327
5562,c,42.041995228514246,54.213083557967714
5563,c,110.92902077380327,110.92902077380327
5564,t,110.92902077380327,110.92902077380327
5565,c,43.17820107608335,49.29529408673375
5566,c,110.92902077380327,110.92902077380327
5567,c,110.92902077380327,110.92902077380327
5568,c,110.92902077380327,110.92902077380327
5569,c,20.787598296398432,110.92902077380327
5570,c,39.86113950642792,40.091215458542564
5571,c,110.92902077380327,110.92902077380327
5572,c,110.92902077380327,110.92902077380327
5573,c,26.85670946603112,32.92466835602352
5574,c,110.92902077380327,110.92902077380327
5575,t,110.92902077380327,110.92902077380327
5576,c,110.92902077380327,110.92902077380327
5577,t,110.92902077380327,110.92902077380327
5578,t,110.92902077380327,110.92902077380327
5579,c,110.92902077380327,110.92902077380327
5580,c,110.92902077380327,110.92902077380327
5581,t,110.92902077380327,110.92902077380327
5582,na,40.3524676504264,40.57371275602935
5583,na,0,6.102221837963636
5584,c,110.92902077380327,110.92902077380327
5585,na,3.631069874077445,7.371547384482408
5586,c,110.92902077380327,110.92902077380327
5587,c,6.514229314542468,8.742455844478368
5588,c,110.92902077380327,110.92902077380327
5589,c,110.92902077380327,110.92902077380327
5590,t,110.92902077380327,110.92902077380327
5591,c,24.480016343967417,27.451455411328617
5592,c,42.188278620578,50.00896520785454
5593,c,21.14567833636277,23.34984046280029
5594,c,27.81395871689582,32.07814377269354
5595,c,110.92902077380327,110.92902077380327
5596,c,110.92902077380327,110.92902077380327
5597,c,14.30792413793938,16.53799595445586
5598,c,13.417151530687336,110.92902077380327
5599,c,39.76709930371777,40.95156945499691
5600,c,26.711623058658603,28.36895979105897
5601,t,110.92902077380327,110.92902077380327
5602,c,110.92902077380327,110.92902077380327
5603,c,17.72496086154059,20.96384650483612
5604,na,0.2372985445053942,5.411446296562262
5605,c,21.208521045928897,23.765664754636905
5606,c,16.909139516141945,18.04757616124797
5607,c,11.199192084676804,12.41460271513592
5608,c,110.92902077380327,110.92902077380327
5609,c,110.92902077380327,110.92902077380327
5610,c,110.92902077380327,110.92902077380327
5611,c,110.92902077380327,110.92902077380327
5612,c,35.17612341021142,36.59133260997749
5613,t,110.92902077380327,110.92902077380327
5614,t,110.92902077380327,110.92902077380327
5615,c,110.92902077380327,110.92902077380327
5616,t,110.92902077380327,110.92902077380327
5617,c,110.92902077380327,110.92902077380327
5618,c,110.92902077380327,110.92902077380327
5619,c,83.13913011860227,87.37722530894366
5620,c,110.92902077380327,110.92902077380327
5621,c,23.56289351546847,23.813323413254935
5622,c,17.65694855338916,19.705424325847442
5623,c,110.92902077380327,110.92902077380327
5624,c,110.92902077380327,110.92902077380327
5625,c,110.92902077380327,110.92902077380327
5626,c,110.92902077380327,110.92902077380327
5627,c,110.92902077380327,110.92902077380327
5628,c,35.417561127649456,42.54156114664424
5629,c,110.92902077380327,110.92902077380327
5630,c,11.245349195785066,11.352673804923299
5631,c,110.92902077380327,110.92902077380327
5632,c,32.486135202470855,110.92902077380327
5633,t,110.92902077380327,110.92902077380327
5634,c,110.92902077380327,110.92902077380327
5635,c,110.92902077380327,110.92902077380327
5636,c,35.08850666803352,37.5262144852977
5637,c,110.92902077380327,110.92902077380327
5638,c,110.92902077380327,110.92902077380327
5639,c,110.92902077380327,110.92902077380327
5640,c,29.156869826847174,30.170456027832245
5641,c,20.79417085108739,25.452438835696157
5642,c,110.92902077380327,110.92902077380327
5643,c,20.24405979648676,23.804718779158428
5644,t,110.92902077380327,110.92902077380327
5645,c,110.92902077380327,110.92902077380327
5646,c,43.266178415710264,47.654918554236595
5647,c,8.836145241786438,14.408030608636231
5648,c,5.670398817135013,7.6523372204432825
5649,c,110.92902077380327,110.92902077380327
5650,c,23.991558196290043,26.38342284374048
5651,c,23.146145745249296,24.410285248324044
5652,c,35.323675643316406,39.43303107980548
5653,t,110.92902077380327,110.92902077380327
5654,c,18.205617725964313,22.009879797440817
5655,c,27.325036204435747,30.51012014332323
5656,c,24.57305366090968,44.27443365067895
5657,c,28.586807889471167,38.7141425644457
5658,c,110.92902077380327,110.92902077380327
5659,t,110.92902077380327,110.92902077380327
5660,c,110.92902077380327,110.92902077380327
5661,c,41.28968866842937,110.92902077380327
5662,c,110.92902077380327,110.92902077380327
5663,c,110.92902077380327,110.92902077380327
5664,t,110.92902077380327,110.92902077380327
5665,c,17.377235834431513,17.96530042922159
5666,c,110.92902077380327,110.92902077380327
5667,c,24.819602916931554,38.87888353121992
5668,c,110.92902077380327,110.92902077380327
5669,c,28.659184489453878,29.220665343213746
5670,c,110.92902077380327,110.92902077380327
5671,c,110.92902077380327,110.92902077380327
5672,c,110.92902077380327,110.92902077380327
5673,c,34.1894603725453,34.21604050836384
5674,c,110.92902077380327,110.92902077380327
5675,t,110.92902077380327,110.92902077380327
5676,c,110.92902077380327,110.92902077380327
5677,c,6.908175608865596,9.61191293678834
5678,c,61.369143102067845,64.70135033001893
5679,c,110.92902077380327,110.92902077380327
5680,c,38.10666861509882,39.466940875397086
5681,c,110.92902077380327,110.92902077380327
5682,c,35.86297509096351,36.97426530451977
5683,t,110.92902077380327,110.92902077380327
5684,c,110.92902077380327,110.92902077380327
5685,c,27.355884152275898,27.571760928209724
5686,c,110.92902077380327,110.92902077380327
5687,c,110.92902077380327,110.92902077380327
5688,t,110.92902077380327,110.92902077380327
5689,t,110.92902077380327,110.92902077380327
5690,c,44.15267797991532,53.356336756050865
5691,c,13.571670313655098,15.417391403490852
5692,c,110.92902077380327,110.92902077380327
5693,c,110.92902077380327,110.92902077380327
5694,c,110.92902077380327,110.92902077380327
5695,t,110.92902077380327,110.92902077380327
5696,c,110.92902077380327,110.92902077380327
5697,c,15.732658518160642,22.78858636818131
5698,na,21.34075533770035,25.412188597795048
5699,c,110.92902077380327,110.92902077380327
5700,c,110.92902077380327,110.92902077380327
5701,c,110.92902077380327,110.92902077380327
5702,c,110.92902077380327,110.92902077380327
5703,c,31.873170435209445,37.136821539123076
5704,c,110.92902077380327,110.92902077380327
5705,c,110.92902077380327,110.92902077380327
5706,c,38.196215936803455,45.41989235596553
5707,c,110.92902077380327,110.92902077380327
5708,c,24.96490712016344,27.97608046040451
5709,c,37.63536353854911,110.92902077380327
5710,c,11.714002257685683,110.92902077380327
5711,c,110.92902077380327,110.92902077380327
5712,na,0,5.479678987686026
5713,c,110.92902077380327,110.92902077380327
5714,c,110.92902077380327,110.92902077380327
5715,t,110.92902077380327,110.92902077380327
5716,c,110.92902077380327,110.92902077380327
5717,c,18.137255655842544,19.80045504416561
5718,c,18.176977038050598,18.531565176287785
5719,c,110.92902077380327,110.92902077380327
5720,c,110.92902077380327,110.92902077380327
5721,c,36.44465048195491,46.22315533676369
5722,c,20.14342164542397,22.07072433402603
5723,t,110.92902077380327,110.92902077380327
5724,c,63.02883675316513,64.06708463466158
5725,c,35.275885609213915,38.68751769908224
5726,c,110.92902077380327,110.92902077380327
5727,c,6.654281193534064,10.305538337315074
5728,c,0.37595911384612196,2.3286119196852737
5729,c,110.92902077380327,110.92902077380327
5730,c,110.92902077380327,110.92902077380327
5731,c,22.623239370931167,27.93109931267844
5732,c,110.92902077380327,110.92902077380327
5733,c,13.246005788890118,15.440304405905326
5734,t,110.92902077380327,110.92902077380327
5735,c,31.448312445929584,33.50965253413152
5736,c,110.92902077380327,110.92902077380327
5737,c,21.375910513122665,110.92902077380327
5738,c,110.92902077380327,110.92902077380327
5739,c,20.783475406704163,27.087850679210064
5740,c,110.92902077380327,110.92902077380327
5741,c,28.791342131453632,29.74455260684069
5742,c,110.92902077380327,110.92902077380327
5743,c,17.916202229458428,20.161830130967363
5744,c,110.92902077380327,110.92902077380327
5745,c,110.92902077380327,110.92902077380327
5746,t,110.92902077380327,110.92902077380327
5747,c,21.82373159747534,26.361990223236244
5748,c,39.14690076407479,40.36208304256933
5749,t,110.92902077380327,110.92902077380327
5750,t,110.92902077380327,110.92902077380327
5751,c,110.92902077380327,110.92902077380327
5752,c,42.71675725417636,43.502214489579224
5753,c,110.92902077380327,110.92902077380327
5754,c,110.92902077380327,110.92902077380327
5755,t,110.92902077380327,110.92902077380327
5756,c,44.33921198538099,44.586476995055406
5757,c,21.636080614514686,23.07420545587966
5758,c,12.22314215820244,110.92902077380327
5759,t,110.92902077380327,110.92902077380327
5760,t,110.92902077380327,110.92902077380327
5761,t,110.92902077380327,110.92902077380327
5762,c,110.92902077380327,110.92902077380327
5763,c,110.92902077380327,110.92902077380327
5764,t,110.92902077380327,110.92902077380327
5765,c,110.92902077380327,110.92902077380327
5766,c,110.92902077380327,110.92902077380327
5767,c,110.92902077380327,110.92902077380327
5768,c,110.92902077380327,110.92902077380327
5769,c,110.92902077380327,110.92902077380327
5770,c,2.897599181996721,4.735973729176877
5771,c,7.2874636966757365,110.92902077380327
5772,c,7.002270847092112,8.106589148572795
5773,c,110.92902077380327,110.92902077380327
5774,c,110.92902077380327,110.92902077380327
5775,c,110.92902077380327,110.92902077380327
5776,c,110.92902077380327,110.92902077380327
5777,c,35.03408192947424,43.48393304509467
5778,c,48.12059244408449,50.27585202332464
5779,c,5.935258479512984,25.466210510189644
5780,c,110.92902077380327,110.92902077380327
5781,c,110.92902077380327,110.92902077380327
5782,c,110.92902077380327,110.92902077380327
5783,c,110.92902077380327,110.92902077380327
5784,c,110.92902077380327,110.92902077380327
5785,c,78.7040490306609,102.48028010182625
5786,t,110.92902077380327,110.92902077380327
5787,c,8.41439983434077,25.590982001902624
5788,c,38.92951166096445,45.94001702744121
5789,c,15.195782451945693,20.83496684430585
5790,c,110.92902077380327,110.92902077380327
5791,c,110.92902077380327,110.92902077380327
5792,t,110.92902077380327,110.92902077380327
5793,c,110.92902077380327,110.92902077380327
5794,t,110.92902077380327,110.92902077380327
5795,t,110.92902077380327,110.92902077380327
5796,c,27.78503292279704,27.806832220756807
5797,t,110.92902077380327,110.92902077380327
5798,c,110.92902077380327,110.92902077380327
5799,c,22.154183749388277,24.457637729146512
5800,c,110.92902077380327,110.92902077380327
5801,t,110.92902077380327,110.92902077380327
5802,c,7.79997498505227,10.843982146927365
5803,c,110.92902077380327,110.92902077380327
5804,c,110.92902077380327,110.92902077380327
5805,c,30.17463146940258,30.21011380716217
5806,t,110.92902077380327,110.92902077380327
5807,c,110.92902077380327,110.92902077380327
5808,na,-1,0
5809,c,110.92902077380327,110.92902077380327
5810,c,110.92902077380327,110.92902077380327
5811,c,110.92902077380327,110.92902077380327
5812,c,110.92902077380327,110.92902077380327
5813,c,110.92902077380327,110.92902077380327
5814,t,110.92902077380327,110.92902077380327
5815,c,110.92902077380327,110.92902077380327
5816,c,8.6314110962379,11.42486641173798
5817,c,110.92902077380327,110.92902077380327
5818,t,110.92902077380327,110.92902077380327
5819,c,110.92902077380327,110.92902077380327
5820,c,22.822446519191526,27.04370589422148
5821,c,49.25119677821633,51.65825938886189
5822,t,110.92902077380327,110.92902077380327
5823,c,110.92902077380327,110.92902077380327
5824,c,110.92902077380327,110.92902077380327
5825,c,110.92902077380327,110.92902077380327
5826,c,38.34296284213314,39.84188366994517
5827,c,110.92902077380327,110.92902077380327
5828,t,110.92902077380327,110.92902077380327
5829,c,13.3409310276551,16.65774340042797
5830,c,110.92902077380327,110.92902077380327
5831,c,12.130639159881449,23.943319339926962
5832,c,12.602214581583135,13.80073749778309
5833,na,0,3.087019522548547
5834,c,23.24484157078054,24.96016660337446
5835,c,110.92902077380327,110.92902077380327
5836,c,110.92902077380327,110.92902077380327
5837,c,37.81592463729873,110.92902077380327
5838,c,110.92902077380327,110.92902077380327
5839,c,23.21913218887768,35.64297513626645
5840,c,110.92902077380327,110.92902077380327
5841,t,110.92902077380327,110.92902077380327
5842,c,110.92902077380327,110.92902077380327
5843,c,35.12983114610247,36.160915216990645
5844,c,110.92902077380327,110.92902077380327
5845,t,110.92902077380327,110.92902077380327
5846,c,110.92902077380327,110.92902077380327
5847,t,110.92902077380327,110.92902077380327
5848,c,110.92902077380327,110.92902077380327
5849,c,110.92902077380327,110.92902077380327
5850,t,110.92902077380327,110.92902077380327
5851,c,110.92902077380327,110.92902077380327
5852,t,110.92902077380327,110.92902077380327
5853,c,110.92902077380327,110.92902077380327
5854,c,110.92902077380327,110.92902077380327
5855,c,110.92902077380327,110.92902077380327
5856,t,110.92902077380327,110.92902077380327
5857,c,110.92902077380327,110.92902077380327
5858,c,110.92902077380327,110.92902077380327
5859,c,110.92902077380327,110.92902077380327
5860,t,110.92902077380327,110.92902077380327
5861,c,29.800360742303422,32.22038805844383
5862,c,110.92902077380327,110.92902077380327
5863,c,110.92902077380327,110.92902077380327
5864,c,110.92902077380327,110.92902077380327
5865,t,110.92902077380327,110.92902077380327
5866,c,110.92902077380327,110.92902077380327
5867,c,34.84908142948531,38.714022769932576
5868,c,110.92902077380327,110.92902077380327
5869,c,110.92902077380327,110.92902077380327
5870,c,110.92902077380327,110.92902077380327
5871,c,1.2471288669034453,4.390901525008806
5872,t,110.92902077380327,110.92902077380327
5873,c,110.92902077380327,110.92902077380327
5874,c,110.92902077380327,110.92902077380327
5875,c,22.76588601582544,24.291085794990032
5876,c,12.540507133828362,21.205870124257125
5877,t,110.92902077380327,110.92902077380327
5878,c,110.92902077380327,110.92902077380327
5879,c,20.73960682819242,25.86499846576942
5880,t,110.92902077380327,110.92902077380327
5881,c,110.92902077380327,110.92902077380327
5882,c,110.92902077380327,110.92902077380327
5883,c,53.22543222048083,57.999445442766664
5884,c,110.92902077380327,110.92902077380327
5885,c,110.92902077380327,110.92902077380327
5886,t,110.92902077380327,110.92902077380327
5887,c,38.56012500819794,40.375137272466134
5888,c,110.92902077380327,110.92902077380327
5889,c,110.92902077380327,110.92902077380327
5890,t,110.92902077380327,110.92902077380327
5891,c,110.92902077380327,110.92902077380327
5892,c,110.92902077380327,110.92902077380327
5893,c,14.902212942017341,23.862157565068898
5894,c,110.92902077380327,110.92902077380327
5895,t,110.92902077380327,110.92902077380327
5896,t,110.92902077380327,110.92902077380327
5897,c,110.92902077380327,110.92902077380327
5898,c,110.92902077380327,110.92902077380327
5899,c,35.25156648709071,40.562369201326256
5900,c,39.04983509387756,46.45491285068613
5901,t,110.92902077380327,110.92902077380327
5902,t,110.92902077380327,110.92902077380327
5903,c,30.847204085733882,39.72454972994109
5904,t,110.92902077380327,110.92902077380327
5905,c,110.92902077380327,110.92902077380327
5906,t,110.92902077380327,110.92902077380327
5907,na,0,4.719430311024836
5908,c,110.92902077380327,110.92902077380327
5909,c,12.181927557688951,16.740791015922184
5910,t,110.92902077380327,110.92902077380327
5911,c,54.96049194365572,58.0668037170778
5912,c,15.130179965682602,17.343284460371475
5913,c,31.970665632557132,33.56850946259581
5914,c,39.71770667748497,42.15018312993311
5915,c,110.92902077380327,110.92902077380327
5916,c,52.14534721132612,66.18163400756458
5917,c,25.337091924071654,27.049748069986936
5918,c,37.51741287363298,38.17027116822125
5919,c,23.82910442992112,24.942144899641296
5920,c,32.59068572037844,33.786887166420144
5921,c,110.92902077380327,110.92902077380327
5922,t,110.92902077380327,110.92902077380327
5923,c,110.92902077380327,110.92902077380327
5924,c,110.92902077380327,110.92902077380327
5925,t,110.92902077380327,110.92902077380327
5926,c,41.74597192805932,43.84456539635276
5927,c,65.06653180108549,72.33743041442091
5928,t,110.92902077380327,110.92902077380327
5929,c,110.92902077380327,110.92902077380327
5930,t,110.92902077380327,110.92902077380327
5931,t,110.92902077380327,110.92902077380327
5932,c,110.92902077380327,110.92902077380327
5933,c,27.219153117341452,34.21964582569796
5934,c,72.34683454091629,75.10652354313821
5935,t,110.92902077380327,110.92902077380327
5936,c,110.92902077380327,110.92902077380327
5937,t,110.92902077380327,110.92902077380327
5938,c,28.69890151720415,36.0994138682932
5939,c,31.37222161090452,32.65234936990369
5940,c,5.76409199306956,6.854525850380282
5941,c,110.92902077380327,110.92902077380327
5942,c,24.43792523856746,24.660822620227634
5943,na,0,0.27487100473244036
5944,c,31.801118625214453,31.826064931893974
5945,c,17.08163420410333,18.335774176343833
5946,c,27.050263513697658,110.92902077380327
5947,c,110.92902077380327,110.92902077380327
5948,c,110.92902077380327,110.92902077380327
5949,c,110.92902077380327,110.92902077380327
5950,c,23.814165888190928,25.915088756991725
5951,na,0.9604861458178464,2.146932495918153
5952,c,110.92902077380327,110.92902077380327
5953,t,110.92902077380327,110.92902077380327
5954,t,110.92902077380327,110.92902077380327
5955,c,14.703363752824737,24.556382109305222
5956,c,110.92902077380327,110.92902077380327
5957,c,110.92902077380327,110.92902077380327
5958,t,110.92902077380327,110.92902077380327
5959,c,37.15795606049752,38.14987919743155
5960,c,22.874629965709033,26.111643980267395
5961,t,110.92902077380327,110.92902077380327
5962,c,110.92902077380327,110.92902077380327
5963,c,110.92902077380327,110.92902077380327
5964,c,110.92902077380327,110.92902077380327
5965,c,110.92902077380327,110.92902077380327
5966,c,34.273400251765175,110.92902077380327
5967,t,110.92902077380327,110.92902077380327
5968,c,18.477643771065352,20.77052200672593
5969,t,110.92902077380327,110.92902077380327
5970,c,110.92902077380327,110.92902077380327
5971,c,110.92902077380327,110.92902077380327
5972,t,110.92902077380327,110.92902077380327
5973,c,37.805594517319236,42.80470808559376
5974,c,9.030623934612812,14.534557675636064
5975,t,110.92902077380327,110.92902077380327
5976,t,110.92902077380327,110.92902077380327
5977,c,13.24328093948504,16.078772634284707
5978,c,110.92902077380327,110.92902077380327
5979,c,110.92902077380327,110.92902077380327
5980,c,31.98992979089907,32.8149892960793
5981,c,37.25271562402664,39.72002700476782
5982,c,29.186632672192893,31.714691267705614
5983,c,110.92902077380327,110.92902077380327
5984,c,110.92902077380327,110.92902077380327
5985,c,110.92902077380327,110.92902077380327
5986,c,17.244128301846082,17.56340408259272
5987,c,110.92902077380327,110.92902077380327
5988,t,110.92902077380327,110.92902077380327
5989,t,110.92902077380327,110.92902077380327
5990,c,23.12618852022484,28.016009372517882
5991,t,110.92902077380327,110.92902077380327
5992,c,110.92902077380327,110.92902077380327
5993,c,110.92902077380327,110.92902077380327
5994,c,110.92902077380327,110.92902077380327
5995,t,110.92902077380327,110.92902077380327
5996,c,33.409435666373575,37.90517638426654
5997,c,110.92902077380327,110.92902077380327
5998,c,29.585707901403616,38.5654618374857
5999,c,39.19732404911904,42.82728769461062
6000,c,70.21260140651988,74.04528679433373
6001,c,110.92902077380327,110.92902077380327
6002,c,3.671983560915716,4.61523836452245
6003,t,110.92902077380327,110.92902077380327
6004,c,26.11676976361299,27.677657094116455
6005,c,110.92902077380327,110.92902077380327
6006,t,110.92902077380327,110.92902077380327
6007,t,110.92902077380327,110.92902077380327
6008,c,88.60551670719623,90.07458101382281
6009,t,110.92902077380327,110.92902077380327
6010,c,35.14674585935896,46.71581362412806
6011,t,110.92902077380327,110.92902077380327
6012,t,110.92902077380327,110.92902077380327
6013,c,110.92902077380327,110.92902077380327
6014,c,110.92902077380327,110.92902077380327
6015,c,110.92902077380327,110.92902077380327
6016,t,110.92902077380327,110.92902077380327
6017,c,52.149724151733686,52.88994496179133
6018,c,110.92902077380327,110.92902077380327
6019,c,110.92902077380327,110.92902077380327
6020,c,15.61831854512526,23.154123981943908
6021,c,56.77249858134591,58.22329249748639
6022,c,110.92902077380327,110.92902077380327
6023,c,110.92902077380327,110.92902077380327
6024,c,110.92902077380327,110.92902077380327
6025,c,110.92902077380327,110.92902077380327
6026,c,110.92902077380327,110.92902077380327
6027,c,110.92902077380327,110.92902077380327
6028,c,110.92902077380327,110.92902077380327
6029,t,110.92902077380327,110.92902077380327
6030,c,22.47204322449468,30.300820849117116
6031,c,110.92902077380327,110.92902077380327
6032,na,0,0.6233313912669362
6033,c,110.92902077380327,110.92902077380327
6034,c,16.24389293496408,21.12245883589528
6035,na,3.981531961043936,5.813474200500547
6036,c,16.601183871752433,17.69252711907232
6037,c,110.92902077380327,110.92902077380327
6038,c,55.863335364448496,61.3423213302357
6039,c,110.92902077380327,110.92902077380327
6040,c,23.164553406786577,24.170715206974517
6041,t,110.92902077380327,110.92902077380327
6042,t,110.92902077380327,110.92902077380327
6043,c,110.92902077380327,110.92902077380327
6044,c,37.08864537409271,39.36360477097616
6045,c,18.021889152893888,18.268964747084215
6046,c,110.92902077380327,110.92902077380327
6047,c,110.92902077380327,110.92902077380327
6048,t,110.92902077380327,110.92902077380327
6049,c,29.397353535661047,29.608324381884344
6050,c,110.92902077380327,110.92902077380327
6051,t,110.92902077380327,110.92902077380327
6052,c,110.92902077380327,110.92902077380327
6053,c,46.24629751877913,46.640885993453104
6054,c,4.89498044141385,6.777379936406107
6055,t,110.92902077380327,110.92902077380327
6056,t,110.92902077380327,110.92902077380327
6057,c,18.76319461148206,22.11697700787111
6058,t,110.92902077380327,110.92902077380327
6059,c,110.92902077380327,110.92902077380327
6060,c,3.831703146715669,10.53710320039039
6061,c,110.92902077380327,110.92902077380327
6062,c,110.92902077380327,110.92902077380327
6063,c,110.92902077380327,110.92902077380327
6064,c,32.65330778221889,34.964818032710404
6065,c,110.92902077380327,110.92902077380327
6066,c,110.92902077380327,110.92902077380327
6067,c,19.06073655002396,29.98726267249036
6068,c,37.94706066955838,38.71479076533474
6069,c,110.92902077380327,110.92902077380327
6070,t,110.92902077380327,110.92902077380327
6071,c,110.92902077380327,110.92902077380327
6072,c,53.13469047573825,63.07126030650516
6073,c,110.92902077380327,110.92902077380327
6074,c,110.92902077380327,110.92902077380327
6075,c,14.60336534357939,18.456362811571474
6076,c,110.92902077380327,110.92902077380327
6077,c,110.92902077380327,110.92902077380327
6078,t,110.92902077380327,110.92902077380327
6079,t,110.92902077380327,110.92902077380327
6080,c,24.34571366758005,26.446821095592004
6081,c,110.92902077380327,110.92902077380327
6082,c,110.92902077380327,110.92902077380327
6083,t,110.92902077380327,110.92902077380327
6084,c,34.052554361686056,34.56732057866493
6085,c,110.92902077380327,110.92902077380327
6086,c,38.03213943338273,38.10652991459909
6087,c,21.798450032576113,30.15330468602743
6088,c,110.92902077380327,110.92902077380327
6089,c,110.92902077380327,110.92902077380327
6090,c,60.166910868673426,65.84355931690283
6091,c,63.16696996235922,65.38318677793832
6092,c,22.440266132011114,24.07346563247233
6093,c,110.92902077380327,110.92902077380327
6094,c,60.14630292438274,65.82243384598337
6095,c,37.43241618080917,110.92902077380327
6096,c,110.92902077380327,110.92902077380327
6097,c,37.342316329778455,41.25888666932602
6098,c,110.92902077380327,110.92902077380327
6099,t,110.92902077380327,110.92902077380327
6100,c,19.296039221151943,110.92902077380327
6101,c,110.92902077380327,110.92902077380327
6102,c,110.92902077380327,110.92902077380327
6103,c,110.92902077380327,110.92902077380327
6104,t,110.92902077380327,110.92902077380327
6105,c,32.60601528216984,34.92455919834972
6106,t,110.92902077380327,110.92902077380327
6107,c,110.92902077380327,110.92902077380327
6108,c,110.92902077380327,110.92902077380327
6109,t,110.92902077380327,110.92902077380327
6110,c,10.268993983117076,16.806194967112077
6111,c,35.61460483918309,44.39726949109023
6112,t,110.92902077380327,110.92902077380327
6113,c,36.95223922802502,37.293770972102564
6114,c,6.949526275378643,10.881497071515435
6115,c,21.778564053256137,22.386320922745302
6116,c,110.92902077380327,110.92902077380327
6117,na,-1,0
6118,c,31.640033505569086,36.42193535436771
6119,c,110.92902077380327,110.92902077380327
6120,c,110.92902077380327,110.92902077380327
6121,c,29.754134802072283,33.82708047022183
6122,t,110.92902077380327,110.92902077380327
6123,c,14.38893805777233,15.19557920442079
6124,c,110.92902077380327,110.92902077380327
6125,t,110.92902077380327,110.92902077380327
6126,c,43.73867690783024,48.057840211195995
6127,c,110.92902077380327,110.92902077380327
6128,c,110.92902077380327,110.92902077380327
6129,c,20.288072321219083,20.3363875256036
6130,c,110.92902077380327,110.92902077380327
6131,t,110.92902077380327,110.92902077380327
6132,c,110.92902077380327,110.92902077380327
6133,c,26.53235227029229,26.67052377114284
6134,c,110.92902077380327,110.92902077380327
6135,c,110.92902077380327,110.92902077380327
6136,c,24.154840028134483,24.848712238990544
6137,c,110.92902077380327,110.92902077380327
6138,c,17.629737300163942,20.87144879842413
6139,c,54.42898955060307,67.90584962793807
6140,t,110.92902077380327,110.92902077380327
6141,c,110.92902077380327,110.92902077380327
6142,c,13.738210870764233,17.79897290025424
6143,c,110.92902077380327,110.92902077380327
6144,c,36.26342456443878,38.06843176023466
6145,c,19.857798665755226,21.950646362041184
6146,c,30.463275425930174,48.41322034779753
6147,c,30.039334056480424,33.39037600675948
6148,t,110.92902077380327,110.92902077380327
6149,c,110.92902077380327,110.92902077380327
6150,c,18.109791483557185,28.12529195767908
6151,c,110.92902077380327,110.92902077380327
6152,c,110.92902077380327,110.92902077380327
6153,c,30.846174167238875,41.3448410096566
6154,c,110.92902077380327,110.92902077380327
6155,c,110.92902077380327,110.92902077380327
6156,c,20.843586520806543,21.524460334225985
6157,c,28.246602204347663,31.958375779009227
6158,c,110.92902077380327,110.92902077380327
6159,t,110.92902077380327,110.92902077380327
6160,c,41.21638006651911,58.917885788771834
6161,c,110.92902077380327,110.92902077380327
6162,c,72.38223705531266,73.06900511721189
6163,c,110.92902077380327,110.92902077380327
6164,c,110.92902077380327,110.92902077380327
6165,c,110.92902077380327,110.92902077380327
6166,t,110.92902077380327,110.92902077380327
6167,c,110.92902077380327,110.92902077380327
6168,c,54.587877572586756,57.64565238980883
6169,c,110.92902077380327,110.92902077380327
6170,t,110.92902077380327,110.92902077380327
6171,c,15.39698112979365,15.853287695710847
6172,c,110.92902077380327,110.92902077380327
6173,c,110.92902077380327,110.92902077380327
6174,c,41.64979474672397,48.77029595020505
6175,c,81.47792376344445,110.92902077380327
6176,t,110.92902077380327,110.92902077380327
6177,t,110.92902077380327,110.92902077380327
6178,c,110.92902077380327,110.92902077380327
6179,c,16.685048045191078,20.935439380926717
6180,c,110.92902077380327,110.92902077380327
6181,c,15.984784527475828,18.52970227633041
6182,c,110.92902077380327,110.92902077380327
6183,c,110.92902077380327,110.92902077380327
6184,c,41.574893608065565,44.90527214032974
6185,c,110.92902077380327,110.92902077380327
6186,c,110.92902077380327,110.92902077380327
6187,c,110.92902077380327,110.92902077380327
6188,c,42.328877130282606,45.28351615624807
6189,c,110.92902077380327,110.92902077380327
6190,c,110.92902077380327,110.92902077380327
6191,c,56.38138673904734,57.33271947647328
6192,c,17.273048802501634,110.92902077380327
6193,c,19.156567630446823,19.345657345170693
6194,c,110.92902077380327,110.92902077380327
6195,c,110.92902077380327,110.92902077380327
6196,c,110.92902077380327,110.92902077380327
6197,c,110.92902077380327,110.92902077380327
6198,t,110.92902077380327,110.92902077380327
6199,c,110.92902077380327,110.92902077380327
6200,c,35.045600450330824,37.37330539178405
6201,c,110.92902077380327,110.92902077380327
6202,c,110.92902077380327,110.92902077380327
6203,t,110.92902077380327,110.92902077380327
6204,c,110.92902077380327,110.92902077380327
6205,t,110.92902077380327,110.92902077380327
6206,c,110.92902077380327,110.92902077380327
6207,c,110.92902077380327,110.92902077380327
6208,c,110.92902077380327,110.92902077380327
6209,c,23.497128093634505,23.93729528013295
6210,c,110.92902077380327,110.92902077380327
6211,c,110.92902077380327,110.92902077380327
6212,c,31.88721567427175,40.125304190614635
6213,c,110.92902077380327,110.92902077380327
6214,c,110.92902077380327,110.92902077380327
6215,c,110.92902077380327,110.92902077380327
6216,c,46.35904804211164,51.248707812575695
6217,c,110.92902077380327,110.92902077380327
6218,c,110.92902077380327,110.92902077380327
6219,c,110.92902077380327,110.92902077380327
6220,c,15.918459722406341,20.759733698749162
6221,c,110.92902077380327,110.92902077380327
6222,c,6.797853311510711,11.444275283665391
6223,c,43.39591949109356,46.899940689385026
6224,c,110.92902077380327,110.92902077380327
6225,t,110.92902077380327,110.92902077380327
6226,c,65.7817849371456,66.73502767180027
6227,c,110.92902077380327,110.92902077380327
6228,c,17.894249887641124,26.743189373433403
6229,c,110.92902077380327,110.92902077380327
6230,c,18.28994128060112,26.415314264184694
6231,c,110.92902077380327,110.92902077380327
6232,t,110.92902077380327,110.92902077380327
6233,c,110.92902077380327,110.92902077380327
6234,c,34.07797881078867,38.55353172483986
6235,c,3.4271093079476986,3.7101629847063338
6236,c,32.32998700742189,37.638099721757726
6237,t,110.92902077380327,110.92902077380327
6238,c,110.92902077380327,110.92902077380327
6239,c,110.92902077380327,110.92902077380327
6240,na,4.823159347127143,5.026443108312784
6241,c,110.92902077380327,110.92902077380327
6242,c,110.92902077380327,110.92902077380327
6243,na,-1,0
6244,c,110.92902077380327,110.92902077380327
6245,c,63.000270743822846,64.54546089352489
6246,c,110.92902077380327,110.92902077380327
6247,c,27.440880352560004,33.9444860881182
6248,t,110.92902077380327,110.92902077380327
6249,c,22.586747728542303,26.170812554339477
6250,c,110.92902077380327,110.92902077380327
6251,c,36.44551736736578,110.92902077380327
6252,c,35.1176083473935,41.64346701157963
6253,t,110.92902077380327,110.92902077380327
6254,t,110.92902077380327,110.92902077380327
6255,c,38.55780679657501,42.72345410682845
6256,c,110.92902077380327,110.92902077380327
6257,t,110.92902077380327,110.92902077380327
6258,c,110.92902077380327,110.92902077380327
6259,na,-1,0
6260,c,110.92902077380327,110.92902077380327
6261,c,32.72140585823958,32.7794663540057
6262,c,7.268903402391784,14.291461557779163
6263,c,110.92902077380327,110.92902077380327
6264,c,110.92902077380327,110.92902077380327
6265,c,110.92902077380327,110.92902077380327
6266,t,110.92902077380327,110.92902077380327
6267,t,110.92902077380327,110.92902077380327
6268,c,110.92902077380327,110.92902077380327
6269,c,110.92902077380327,110.92902077380327
6270,c,110.92902077380327,110.92902077380327
6271,c,110.92902077380327,110.92902077380327
6272,c,110.92902077380327,110.92902077380327
6273,c,24.336917303336378,32.18441320724914
6274,t,110.92902077380327,110.92902077380327
6275,t,110.92902077380327,110.92902077380327
6276,c,110.92902077380327,110.92902077380327
6277,c,110.92902077380327,110.92902077380327
6278,c,110.92902077380327,110.92902077380327
6279,c,110.92902077380327,110.92902077380327
6280,c,26.230846723633757,33.593801254199334
6281,c,110.92902077380327,110.92902077380327
6282,c,24.488931439828875,110.92902077380327
6283,t,110.92902077380327,110.92902077380327
6284,c,110.92902077380327,110.92902077380327
6285,c,110.92902077380327,110.92902077380327
6286,c,110.92902077380327,110.92902077380327
6287,t,110.92902077380327,110.92902077380327
6288,c,6.576834231052085,7.970173620892034
6289,c,17.358974471047304,22.685493682523713
6290,c,50.87063035719056,52.256616202302084
6291,c,110.92902077380327,110.92902077380327
6292,t,110.92902077380327,110.92902077380327
6293,c,56.79388709271848,58.65223701251046
6294,t,110.92902077380327,110.92902077380327
6295,c,110.92902077380327,110.92902077380327
6296,na,0,2.243793669176839
6297,c,110.92902077380327,110.92902077380327
6298,t,110.92902077380327,110.92902077380327
6299,t,110.92902077380327,110.92902077380327
6300,t,110.92902077380327,110.92902077380327
6301,c,110.92902077380327,110.92902077380327
6302,c,110.92902077380327,110.92902077380327
6303,c,42.97699204173698,46.62735377924954
6304,c,13.075458962043484,35.27730333384412
6305,c,110.92902077380327,110.92902077380327
6306,c,110.92902077380327,110.92902077380327
6307,t,110.92902077380327,110.92902077380327
6308,c,110.92902077380327,110.92902077380327
6309,c,110.92902077380327,110.92902077380327
6310,c,110.92902077380327,110.92902077380327
6311,c,110.92902077380327,110.92902077380327
6312,c,110.92902077380327,110.92902077380327
6313,c,110.92902077380327,110.92902077380327
6314,c,110.92902077380327,110.92902077380327
6315,c,110.92902077380327,110.92902077380327
6316,t,110.92902077380327,110.92902077380327
6317,c,21.813337010064206,25.81185469867411
6318,c,37.12762491317855,42.531095012685654
6319,c,30.24066583398103,30.390537508682772
6320,t,110.92902077380327,110.92902077380327
6321,t,110.92902077380327,110.92902077380327
6322,c,110.92902077380327,110.92902077380327
6323,c,25.501965721940614,30.131711051947168
6324,t,110.92902077380327,110.92902077380327
6325,c,110.92902077380327,110.92902077380327
6326,t,110.92902077380327,110.92902077380327
6327,c,24.88836189590624,33.169223792661846
6328,c,14.994998501907464,17.79300834995632
6329,c,37.689671270649,38.50009748906708
6330,c,18.99930910388958,19.059963896487403
6331,c,110.92902077380327,110.92902077380327
6332,c,110.92902077380327,110.92902077380327
6333,c,16.031764657445066,17.132197375768477
6334,c,110.92902077380327,110.92902077380327
6335,c,55.92426308141832,57.693394566501865
6336,t,110.92902077380327,110.92902077380327
6337,t,110.92902077380327,110.92902077380327
6338,c,26.829438559291557,29.970711999664086
6339,t,110.92902077380327,110.92902077380327
6340,c,30.162830208110307,42.403292440450954
6341,t,110.92902077380327,110.92902077380327
6342,c,110.92902077380327,110.92902077380327
6343,c,110.92902077380327,110.92902077380327
6344,c,110.92902077380327,110.92902077380327
6345,c,110.92902077380327,110.92902077380327
6346,c,110.92902077380327,110.92902077380327
6347,c,6.462236375295239,6.970243572278235
6348,t,110.92902077380327,110.92902077380327
6349,c,110.92902077380327,110.92902077380327
6350,t,110.92902077380327,110.92902077380327
6351,c,110.92902077380327,110.92902077380327
6352,c,19.568426027602893,26.595276183307732
6353,c,110.92902077380327,110.92902077380327
6354,c,110.92902077380327,110.92902077380327
6355,c,33.93760178513492,34.71674538661361
6356,c,110.92902077380327,110.92902077380327
6357,t,110.92902077380327,110.92902077380327
6358,c,41.00580374668474,53.52629221017648
6359,t,110.92902077380327,110.92902077380327
6360,c,18.701462793576216,18.75469408281578
6361,c,110.92902077380327,110.92902077380327
6362,c,110.92902077380327,110.92902077380327
6363,c,51.807095241268385,59.59090081460091
6364,c,46.79278232483379,46.91465017430584
6365,c,29.256541026358356,33.00417529553159
6366,c,110.92902077380327,110.92902077380327
6367,t,110.92902077380327,110.92902077380327
6368,t,110.92902077380327,110.92902077380327
6369,t,110.92902077380327,110.92902077380327
6370,c,110.92902077380327,110.92902077380327
6371,c,33.515938615308826,37.33910498729926
6372,c,110.92902077380327,110.92902077380327
6373,c,13.425864273372408,17.75689278407275
6374,t,110.92902077380327,110.92902077380327
6375,t,110.92902077380327,110.92902077380327
6376,c,12.768793118612047,13.112242691552364
6377,t,110.92902077380327,110.92902077380327
6378,c,110.92902077380327,110.92902077380327
6379,c,110.92902077380327,110.92902077380327
6380,t,110.92902077380327,110.92902077380327
6381,c,110.92902077380327,110.92902077380327
6382,t,110.92902077380327,110.92902077380327
6383,c,19.784199975242817,20.033292104457665
6384,c,23.431646475890005,25.91869484809499
6385,c,25.891495329297495,30.715223894579232
6386,c,16.734785661195396,18.917359707162127
6387,c,51.43208610982641,52.08352076483977
6388,c,55.982416761589995,56.062413640160756
6389,t,110.92902077380327,110.92902077380327
6390,c,110.92902077380327,110.92902077380327
6391,c,110.92902077380327,110.92902077380327
6392,c,110.92902077380327,110.92902077380327
6393,c,34.081653113600126,37.3497964564957
6394,c,110.92902077380327,110.92902077380327
6395,c,110.92902077380327,110.92902077380327
6396,c,17.294597835101396,110.92902077380327
6397,c,110.92902077380327,110.92902077380327
6398,c,110.92902077380327,110.92902077380327
6399,c,74.75119766406866,76.03112592715534
6400,c,38.13556056719815,38.14174428754982
6401,t,110.92902077380327,110.92902077380327
6402,t,110.92902077380327,110.92902077380327
6403,c,5.830761916071503,9.695090523699783
6404,c,110.92902077380327,110.92902077380327
6405,c,110.92902077380327,110.92902077380327
6406,c,110.92902077380327,110.92902077380327
6407,c,110.92902077380327,110.92902077380327
6408,c,39.16421345207603,110.92902077380327
6409,c,10.953648717955598,25.66462285730767
6410,c,5.269010489792821,8.385484494863483
6411,t,110.92902077380327,110.92902077380327
6412,na,-1,0
6413,c,16.3230788491297,19.766124993687153
6414,c,46.2113106388133,46.479623774285386
6415,c,41.88935190111141,42.359340335263745
6416,c,110.92902077380327,110.92902077380327
6417,c,110.92902077380327,110.92902077380327
6418,c,39.953949319133784,40.44583027350725
6419,c,110.92902077380327,110.92902077380327
6420,c,22.193905371026332,23.3890158085029
6421,c,42.51495755662964,46.491967085033096
6422,t,110.92902077380327,110.92902077380327
6423,c,110.92902077380327,110.92902077380327
6424,c,110.92902077380327,110.92902077380327
6425,c,32.96172350348034,34.4384374471289
6426,c,110.92902077380327,110.92902077380327
6427,c,2.901415729191769,5.4513065363025355
6428,t,110.92902077380327,110.92902077380327
6429,c,27.392679838576264,29.357953622678757
6430,c,110.92902077380327,110.92902077380327
6431,c,110.92902077380327,110.92902077380327
6432,t,110.92902077380327,110.92902077380327
6433,c,24.93051062333555,37.596727461552746
6434,t,110.92902077380327,110.92902077380327
6435,c,110.92902077380327,110.92902077380327
6436,c,5.676257650467182,5.830858084779268
6437,c,56.69107940847603,110.92902077380327
6438,c,110.92902077380327,110.92902077380327
6439,c,28.215612869319628,30.325814595809497
6440,c,110.92902077380327,110.92902077380327
6441,c,110.92902077380327,110.92902077380327
6442,c,31.431896211276438,35.980341924436395
6443,c,110.92902077380327,110.92902077380327
6444,c,30.07310318129812,110.92902077380327
6445,t,110.92902077380327,110.92902077380327
6446,c,110.92902077380327,110.92902077380327
6447,c,110.92902077380327,110.92902077380327
6448,c,110.92902077380327,110.92902077380327
6449,c,37.12758072344023,37.35168781791501
6450,c,20.745319640991475,25.290180736084682
6451,c,110.92902077380327,110.92902077380327
6452,c,28.296675772624635,45.78876937983196
6453,c,110.92902077380327,110.92902077380327
6454,c,110.92902077380327,110.92902077380327
6455,t,110.92902077380327,110.92902077380327
6456,c,110.92902077380327,110.92902077380327
6457,c,110.92902077380327,110.92902077380327
6458,c,110.92902077380327,110.92902077380327
6459,t,110.92902077380327,110.92902077380327
6460,t,110.92902077380327,110.92902077380327
6461,t,110.92902077380327,110.92902077380327
6462,t,110.92902077380327,110.92902077380327
6463,c,27.80913321597842,31.53744209861152
6464,c,13.593719877105674,14.861839449083414
6465,c,110.92902077380327,110.92902077380327
6466,c,110.92902077380327,110.92902077380327
6467,c,110.92902077380327,110.92902077380327
6468,c,110.92902077380327,110.92902077380327
6469,c,4.441036187152414,4.88504099722252
6470,t,110.92902077380327,110.92902077380327
6471,c,8.792037747857767,11.136872206314113
6472,c,5.130652701606664,9.026077348560209
6473,c,110.92902077380327,110.92902077380327
6474,c,47.759007586287744,59.73396175761048
6475,c,110.92902077380327,110.92902077380327
6476,c,29.49008395678787,110.92902077380327
6477,c,110.92902077380327,110.92902077380327
6478,t,110.92902077380327,110.92902077380327
6479,t,110.92902077380327,110.92902077380327
6480,c,29.043320901551137,37.26226873180375
6481,c,110.92902077380327,110.92902077380327
6482,t,110.92902077380327,110.92902077380327
6483,c,39.891127714412384,47.679524050050624
6484,c,110.92902077380327,110.92902077380327
6485,c,110.92902077380327,110.92902077380327
6486,c,110.92902077380327,110.92902077380327
6487,c,110.92902077380327,110.92902077380327
6488,c,110.92902077380327,110.92902077380327
6489,c,110.92902077380327,110.92902077380327
6490,c,27.55072420979482,33.579564913472396
6491,na,3.6605088973323126,8.015713247996743
6492,c,110.92902077380327,110.92902077380327
6493,t,110.92902077380327,110.92902077380327
6494,t,110.92902077380327,110.92902077380327
6495,c,110.92902077380327,110.92902077380327
6496,c,110.92902077380327,110.92902077380327
6497,c,110.92902077380327,110.92902077380327
6498,c,27.595258661121115,28.889008031184037
6499,t,110.92902077380327,110.92902077380327
6500,c,110.92902077380327,110.92902077380327
6501,c,11.538054484071662,13.372497032456984
6502,c,49.87458965794181,50.35860874909934
6503,c,110.92902077380327,110.92902077380327
6504,c,18.710652446198967,24.223501194969153
6505,c,110.92902077380327,110.92902077380327
6506,t,110.92902077380327,110.92902077380327
6507,c,110.92902077380327,110.92902077380327
6508,c,23.652144609962395,24.693431569437667
6509,t,110.92902077380327,110.92902077380327
6510,c,110.92902077380327,110.92902077380327
6511,t,110.92902077380327,110.92902077380327
6512,t,110.92902077380327,110.92902077380327
6513,c,12.585826770052586,18.83534066064392
6514,c,110.92902077380327,110.92902077380327
6515,t,110.92902077380327,110.92902077380327
6516,c,18.559875053960674,20.22525413155093
6517,c,110.92902077380327,110.92902077380327
6518,t,110.92902077380327,110.92902077380327
6519,c,110.92902077380327,110.92902077380327
6520,c,95.4449445313767,100.97940073628024
6521,c,24.020306341438676,41.291086312631634
6522,c,110.92902077380327,110.92902077380327
6523,c,53.25064169495343,53.83462502762712
6524,t,110.92902077380327,110.92902077380327
6525,c,110.92902077380327,110.92902077380327
6526,c,110.92902077380327,110.92902077380327
6527,c,20.765938018327937,20.77653293477633
6528,c,27.089430360718488,40.68833680801357
6529,c,110.92902077380327,110.92902077380327
6530,t,110.92902077380327,110.92902077380327
6531,c,110.92902077380327,110.92902077380327
6532,c,20.227181987505535,25.556070883418876
6533,c,28.719947692673053,42.15782701498062
6534,t,110.92902077380327,110.92902077380327
6535,c,110.92902077380327,110.92902077380327
6536,t,110.92902077380327,110.92902077380327
6537,t,110.92902077380327,110.92902077380327
6538,c,110.92902077380327,110.92902077380327
6539,c,110.92902077380327,110.92902077380327
6540,c,16.189133790557865,17.845041000233472
6541,t,110.92902077380327,110.92902077380327
6542,c,8.248093852180249,25.901742168697616
6543,c,52.63186497396555,53.35418112001191
6544,c,28.487219914561795,29.191265236645858
6545,c,110.92902077380327,110.92902077380327
6546,t,110.92902077380327,110.92902077380327
6547,c,110.92902077380327,110.92902077380327
6548,c,110.92902077380327,110.92902077380327
6549,c,110.92902077380327,110.92902077380327
6550,c,18.352171714684037,18.967600371299962
6551,c,110.92902077380327,110.92902077380327
6552,c,78.156022220601,78.78872581177988
6553,c,110.92902077380327,110.92902077380327
6554,c,110.92902077380327,110.92902077380327
6555,c,6.800186089558688,11.624447070468896
6556,t,110.92902077380327,110.92902077380327
6557,c,110.92902077380327,110.92902077380327
6558,c,110.92902077380327,110.92902077380327
6559,c,20.817028868221847,22.576032871621187
6560,c,110.92902077380327,110.92902077380327
6561,c,40.69000087156646,43.23819431214178
6562,t,110.92902077380327,110.92902077380327
6563,c,110.92902077380327,110.92902077380327
6564,c,27.25803124360488,34.55427993959297
6565,c,21.376981249366843,26.196435837987607
6566,c,110.92902077380327,110.92902077380327
6567,c,68.99193637209913,82.89891012350886
6568,c,9.174059812386684,13.353656356585361
6569,c,81.0671361535254,81.21457779308409
6570,c,110.92902077380327,110.92902077380327
6571,c,110.92902077380327,110.92902077380327
6572,c,27.599141050034376,32.1741448440712
6573,c,110.92902077380327,110.92902077380327
6574,c,110.92902077380327,110.92902077380327
6575,c,110.92902077380327,110.92902077380327
6576,c,110.92902077380327,110.92902077380327
6577,t,110.92902077380327,110.92902077380327
6578,c,26.812247708059864,41.075069383504704
6579,c,31.67104506820877,36.13435273205065
6580,c,44.78503868139985,48.87317106968109
6581,c,110.92902077380327,110.92902077380327
6582,c,110.92902077380327,110.92902077380327
6583,c,24.46451213478575,27.273351201066504
6584,c,110.92902077380327,110.92902077380327
6585,t,110.92902077380327,110.92902077380327
6586,t,110.92902077380327,110.92902077380327
6587,c,37.60912840228276,45.913893309213655
6588,c,110.92902077380327,110.92902077380327
6589,c,3.5158502198576693,7.736631257939588
6590,c,110.92902077380327,110.92902077380327
6591,c,110.92902077380327,110.92902077380327
6592,c,110.92902077380327,110.92902077380327
6593,t,110.92902077380327,110.92902077380327
6594,c,26.36582518911011,27.321540697037
6595,c,36.51733598999492,39.28331349350429
6596,c,49.51596001368455,49.76235812132742
6597,t,110.92902077380327,110.92902077380327
6598,c,110.92902077380327,110.92902077380327
6599,c,110.92902077380327,110.92902077380327
6600,c,13.135035996700928,110.92902077380327
6601,c,27.461601430898046,29.550376783322122
6602,t,110.92902077380327,110.92902077380327
6603,c,64.5366384253967,110.92902077380327
6604,c,110.92902077380327,110.92902077380327
6605,c,38.103269936638554,39.6826327193856
6606,c,110.92902077380327,110.92902077380327
6607,c,110.92902077380327,110.92902077380327
6608,c,11.64250008185332,16.75550980590645
6609,c,110.92902077380327,110.92902077380327
6610,t,110.92902077380327,110.92902077380327
6611,c,42.84777730210469,43.67625905240812
6612,c,110.92902077380327,110.92902077380327
6613,t,110.92902077380327,110.92902077380327
6614,c,110.92902077380327,110.92902077380327
6615,c,110.92902077380327,110.92902077380327
6616,c,110.92902077380327,110.92902077380327
6617,c,48.398546351571305,51.924107933993184
6618,c,110.92902077380327,110.92902077380327
6619,c,24.88272208080217,25.675002323679866
6620,c,25.801630765856327,25.946643908624157
6621,c,110.92902077380327,110.92902077380327
6622,t,110.92902077380327,110.92902077380327
6623,c,110.92902077380327,110.92902077380327
6624,c,110.92902077380327,110.92902077380327
6625,c,110.92902077380327,110.92902077380327
6626,c,110.92902077380327,110.92902077380327
6627,c,110.92902077380327,110.92902077380327
6628,c,12.223288627340011,14.457614644332594
6629,c,26.57386659630424,34.89300679465649
6630,c,110.92902077380327,110.92902077380327
6631,c,31.422009475228446,41.899846814850214
6632,t,110.92902077380327,110.92902077380327
6633,t,110.92902077380327,110.92902077380327
6634,c,110.92902077380327,110.92902077380327
6635,c,110.92902077380327,110.92902077380327
6636,t,110.92902077380327,110.92902077380327
6637,c,110.92902077380327,110.92902077380327
6638,c,29.804189708597807,33.446326709321134
6639,c,9.545888758868927,19.11373629549438
6640,c,110.92902077380327,110.92902077380327
6641,t,110.92902077380327,110.92902077380327
6642,c,110.92902077380327,110.92902077380327
6643,t,110.92902077380327,110.92902077380327
6644,c,110.92902077380327,110.92902077380327
6645,c,34.732545540069815,39.95850286886928
6646,c,110.92902077380327,110.92902077380327
6647,t,110.92902077380327,110.92902077380327
6648,c,110.92902077380327,110.92902077380327
6649,c,21.524343624666514,110.92902077380327
6650,c,110.92902077380327,110.92902077380327
6651,c,110.92902077380327,110.92902077380327
6652,c,110.92902077380327,110.92902077380327
6653,t,110.92902077380327,110.92902077380327
6654,c,18.228896893741034,19.131503603335776
6655,c,110.92902077380327,110.92902077380327
6656,c,110.92902077380327,110.92902077380327
6657,c,110.92902077380327,110.92902077380327
6658,c,42.50627668215557,52.21061365524403
6659,c,17.215982795806415,27.490623042036272
6660,c,110.92902077380327,110.92902077380327
6661,c,110.92902077380327,110.92902077380327
6662,t,110.92902077380327,110.92902077380327
6663,c,110.92902077380327,110.92902077380327
6664,c,110.92902077380327,110.92902077380327
6665,t,110.92902077380327,110.92902077380327
6666,t,110.92902077380327,110.92902077380327
6667,c,17.575054954769904,17.996548380535568
6668,c,110.92902077380327,110.92902077380327
6669,c,110.92902077380327,110.92902077380327
6670,c,110.92902077380327,110.92902077380327
6671,c,110.92902077380327,110.92902077380327
6672,t,110.92902077380327,110.92902077380327
6673,c,47.096828793365574,49.87975029976334
6674,c,110.92902077380327,110.92902077380327
6675,c,110.92902077380327,110.92902077380327
6676,t,110.92902077380327,110.92902077380327
6677,c,110.92902077380327,110.92902077380327
6678,c,110.92902077380327,110.92902077380327
6679,c,8.118963316960505,9.448872134519045
6680,c,19.26585707364908,21.53534820722121
6681,c,43.128426640206605,110.92902077380327
6682,c,110.92902077380327,110.92902077380327
6683,c,110.92902077380327,110.92902077380327
6684,c,110.92902077380327,110.92902077380327
6685,t,110.92902077380327,110.92902077380327
6686,t,110.92902077380327,110.92902077380327
6687,c,110.92902077380327,110.92902077380327
6688,c,110.92902077380327,110.92902077380327
6689,c,21.69459700350851,22.430138226076405
6690,c,110.92902077380327,110.92902077380327
6691,c,36.22798234205252,49.279619047162214
6692,c,110.92902077380327,110.92902077380327
6693,c,110.92902077380327,110.92902077380327
6694,c,18.789753253432238,19.227022195115307
6695,c,110.92902077380327,110.92902077380327
6696,c,110.92902077380327,110.92902077380327
6697,t,110.92902077380327,110.92902077380327
6698,c,28.457313428137198,32.669498515637244
6699,t,110.92902077380327,110.92902077380327
6700,c,110.92902077380327,110.92902077380327
6701,na,8.35212738008887,10.110045203165514
6702,c,43.69792091360139,56.36145670488988
6703,c,30.156447083952624,110.92902077380327
6704,c,110.92902077380327,110.92902077380327
6705,c,110.92902077380327,110.92902077380327
6706,c,110.92902077380327,110.92902077380327
6707,t,110.92902077380327,110.92902077380327
6708,c,28.929348828048848,30.704175318080054
6709,c,23.046269845971782,24.240147861133117
6710,c,58.77544186530592,64.03916470564066
6711,t,110.92902077380327,110.92902077380327
6712,c,110.92902077380327,110.92902077380327
6713,c,110.92902077380327,110.92902077380327
6714,c,110.92902077380327,110.92902077380327
6715,c,110.92902077380327,110.92902077380327
6716,c,110.92902077380327,110.92902077380327
6717,t,110.92902077380327,110.92902077380327
6718,c,32.33480705675034,46.75677047404703
6719,c,33.11512711661709,110.92902077380327
6720,c,110.92902077380327,110.92902077380327
6721,c,110.92902077380327,110.92902077380327
6722,t,110.92902077380327,110.92902077380327
6723,t,110.92902077380327,110.92902077380327
6724,c,110.92902077380327,110.92902077380327
6725,c,110.92902077380327,110.92902077380327
6726,t,110.92902077380327,110.92902077380327
6727,c,27.166121147798318,28.58921044483073
6728,c,110.92902077380327,110.92902077380327
6729,c,110.92902077380327,110.92902077380327
6730,c,110.92902077380327,110.92902077380327
6731,c,37.85053912555706,38.939329235647904
6732,t,110.92902077380327,110.92902077380327
6733,c,60.85294822331816,66.35167383433067
6734,t,110.92902077380327,110.92902077380327
6735,na,0.6779783103386295,4.209012637343195
6736,c,110.92902077380327,110.92902077380327
6737,t,110.92902077380327,110.92902077380327
6738,t,110.92902077380327,110.92902077380327
6739,c,110.92902077380327,110.92902077380327
6740,c,27.465609597980418,28.264938356740906
6741,c,36.581335840197795,43.37049827445652
6742,c,110.92902077380327,110.92902077380327
6743,t,110.92902077380327,110.92902077380327
6744,c,110.92902077380327,110.92902077380327
6745,c,16.223348083843067,20.473607365203343
6746,c,110.92902077380327,110.92902077380327
6747,c,110.92902077380327,110.92902077380327
6748,c,27.508788536006477,31.910913612469965
6749,c,44.1118143527031,56.392015191745664
6750,c,36.68069439890185,36.895474471754426
6751,c,110.92902077380327,110.92902077380327
6752,t,110.92902077380327,110.92902077380327
6753,c,17.04186616646698,23.144004421552047
6754,c,110.92902077380327,110.92902077380327
6755,c,110.92902077380327,110.92902077380327
6756,c,110.92902077380327,110.92902077380327
6757,c,110.92902077380327,110.92902077380327
6758,t,110.92902077380327,110.92902077380327
6759,c,110.92902077380327,110.92902077380327
6760,c,20.251534436049482,22.18878590324689
6761,c,110.92902077380327,110.92902077380327
6762,c,28.794147495458542,31.282651943438747
6763,c,110.92902077380327,110.92902077380327
6764,t,110.92902077380327,110.92902077380327
6765,c,110.92902077380327,110.92902077380327
6766,t,110.92902077380327,110.92902077380327
6767,c,110.92902077380327,110.92902077380327
6768,c,110.92902077380327,110.92902077380327
6769,c,25.40115849207015,26.974186246859762
6770,t,110.92902077380327,110.92902077380327
6771,c,110.92902077380327,110.92902077380327
6772,c,110.92902077380327,110.92902077380327
6773,c,12.200579336992725,14.884536355886269
6774,c,110.92902077380327,110.92902077380327
6775,c,50.0534577636214,54.78521585335337
6776,c,32.539327092225534,33.83626104114383
6777,c,110.92902077380327,110.92902077380327
6778,c,52.00283266267282,54.74864124365657
6779,c,110.92902077380327,110.92902077380327
6780,c,110.92902077380327,110.92902077380327
6781,c,42.93935184958553,110.92902077380327
6782,c,110.92902077380327,110.92902077380327
6783,c,110.92902077380327,110.92902077380327
6784,c,110.92902077380327,110.92902077380327
6785,c,110.92902077380327,110.92902077380327
6786,c,110.92902077380327,110.92902077380327
6787,t,110.92902077380327,110.92902077380327
6788,c,110.92902077380327,110.92902077380327
6789,c,110.92902077380327,110.92902077380327
6790,c,25.308034481783938,30.669734274275985
6791,c,110.92902077380327,110.92902077380327
6792,c,12.58849086303424,23.23740638241161
6793,t,110.92902077380327,110.92902077380327
6794,t,110.92902077380327,110.92902077380327
6795,t,110.92902077380327,110.92902077380327
6796,c,110.92902077380327,110.92902077380327
6797,c,110.92902077380327,110.92902077380327
6798,c,42.293762141651975,44.17962814359634
6799,t,110.92902077380327,110.92902077380327
6800,c,110.92902077380327,110.92902077380327
6801,c,110.92902077380327,110.92902077380327
6802,c,110.92902077380327,110.92902077380327
6803,c,22.73235688460363,33.588641052027064
6804,t,110.92902077380327,110.92902077380327
6805,c,27.42936790034904,31.401837013722975
6806,c,110.92902077380327,110.92902077380327
6807,c,30.111350870906424,34.62003215813328
6808,c,29.21795128798316,33.251911773653255
6809,c,11.178816556492512,110.92902077380327
6810,c,110.92902077380327,110.92902077380327
6811,c,110.92902077380327,110.92902077380327
6812,c,110.92902077380327,110.92902077380327
6813,t,110.92902077380327,110.92902077380327
6814,t,110.92902077380327,110.92902077380327
6815,t,110.92902077380327,110.92902077380327
6816,c,110.92902077380327,110.92902077380327
6817,c,36.43584743269721,36.85316450170647
6818,c,17.352904241772585,18.668294975952485
6819,c,110.92902077380327,110.92902077380327
6820,c,56.14564386225806,56.770499330000284
6821,c,25.642715474028844,30.30124758822564
6822,t,110.92902077380327,110.92902077380327
6823,t,110.92902077380327,110.92902077380327
6824,c,110.92902077380327,110.92902077380327
6825,c,110.92902077380327,110.92902077380327
6826,c,110.92902077380327,110.92902077380327
6827,c,110.92902077380327,110.92902077380327
6828,c,38.273095857397394,42.341779269774705
6829,c,38.85928775170072,43.81295169105666
6830,c,14.573233774855128,16.274503976750918
6831,na,9.110596690614361,16.40864382384483
6832,c,110.92902077380327,110.92902077380327
6833,c,55.531377049093656,61.13508072653758
6834,t,110.92902077380327,110.92902077380327
6835,c,110.92902077380327,110.92902077380327
6836,t,110.92902077380327,110.92902077380327
6837,c,21.45383938783242,33.41788094582508
6838,c,28.55122495239482,31.58003800540458
6839,t,110.92902077380327,110.92902077380327
6840,c,29.678007103731662,31.230848318042902
6841,c,15.00785024288222,20.043393366583853
6842,t,110.92902077380327,110.92902077380327
6843,c,110.92902077380327,110.92902077380327
6844,c,110.92902077380327,110.92902077380327
6845,t,110.92902077380327,110.92902077380327
6846,c,110.92902077380327,110.92902077380327
6847,c,110.92902077380327,110.92902077380327
6848,c,38.06050209926167,110.92902077380327
6849,c,21.221907850227687,30.551218737448185
6850,c,110.92902077380327,110.92902077380327
6851,c,34.658233116790484,49.14411840783361
6852,c,9.928992894512678,15.36365554460008
6853,c,70.1812282328943,70.40767564041461
6854,c,60.92000040188117,63.45844349611784
6855,c,110.92902077380327,110.92902077380327
6856,c,34.402763656669705,35.876213448274
6857,c,53.98785231869367,54.13820286861765
6858,c,110.92902077380327,110.92902077380327
6859,c,110.92902077380327,110.92902077380327
6860,t,110.92902077380327,110.92902077380327
6861,c,14.072825064281151,18.76630932184323
6862,c,110.92902077380327,110.92902077380327
6863,c,110.92902077380327,110.92902077380327
6864,c,110.92902077380327,110.92902077380327
6865,t,110.92902077380327,110.92902077380327
6866,c,110.92902077380327,110.92902077380327
6867,na,5.444304300289718,7.112403244614521
6868,c,47.822312578665446,48.66072765467048
6869,c,110.92902077380327,110.92902077380327
6870,na,5.341501817591602,14.415767716071338
6871,c,57.3499008004728,58.16749223712805
6872,c,32.7323774733238,38.47218874535639
6873,t,110.92902077380327,110.92902077380327
6874,c,110.92902077380327,110.92902077380327
6875,c,110.92902077380327,110.92902077380327
6876,t,110.92902077380327,110.92902077380327
6877,c,110.92902077380327,110.92902077380327
6878,c,29.033878779138274,32.12369985261433
6879,c,19.41775816607401,20.524058401261055
6880,c,49.15181102925501,49.80529552185825
6881,t,110.92902077380327,110.92902077380327
6882,c,16.82472146055214,19.385817273134695
6883,c,55.177049232569736,56.025903571742745
6884,c,38.25377442277994,38.26899601550163
6885,c,110.92902077380327,110.92902077380327
6886,c,13.180788236587292,17.733768624457603
6887,c,16.729187981700164,18.242655714292184
6888,c,110.92902077380327,110.92902077380327
6889,c,110.92902077380327,110.92902077380327
6890,t,110.92902077380327,110.92902077380327
6891,t,110.92902077380327,110.92902077380327
6892,c,20.718019888913364,21.796353370464143
6893,c,1.4157550502810834,5.517913059228701
6894,c,110.92902077380327,110.92902077380327
6895,c,17.799371949106508,19.34198996919045
6896,c,4.804868784669228,8.890825382845348
6897,t,110.92902077380327,110.92902077380327
6898,c,39.88671569170918,44.00433888258591
6899,c,29.39652782360617,31.7005516940235
6900,c,110.92902077380327,110.92902077380327
6901,c,8.963317398362994,18.36350343512286
6902,c,110.92902077380327,110.92902077380327
6903,t,110.92902077380327,110.92902077380327
6904,c,28.998040910289184,31.16587451570611
6905,c,22.918580961561016,24.967935090891615
6906,c,110.92902077380327,110.92902077380327
6907,na,11.707200470528432,22.526665690494138
6908,c,110.92902077380327,110.92902077380327
6909,c,9.26893700422909,13.978287707208487
6910,c,7.823722619933811,9.536879539770274
6911,c,51.7961563960904,61.11093515306486
6912,c,36.19871401955809,40.336398856192886
6913,c,6.911389277808156,11.833264527292112
6914,t,110.92902077380327,110.92902077380327
6915,c,30.772467236295824,33.2541594403642
6916,c,17.801128068939768,22.41379131565132
6917,c,10.898203419714372,11.06960905163294
6918,c,110.92902077380327,110.92902077380327
6919,c,110.92902077380327,110.92902077380327
6920,c,31.321554855297226,39.38966074037941
6921,t,110.92902077380327,110.92902077380327
6922,c,110.92902077380327,110.92902077380327
6923,c,32.39388490303036,33.01469245133413
6924,c,14.56875730763252,15.021810311686624
6925,c,78.53931699688661,80.52917199573028
6926,c,110.92902077380327,110.92902077380327
6927,t,110.92902077380327,110.92902077380327
6928,c,110.92902077380327,110.92902077380327
6929,c,38.78140428193236,41.560301732934946
6930,c,70.14405639149957,71.28815441102277
6931,t,110.92902077380327,110.92902077380327
6932,c,110.92902077380327,110.92902077380327
6933,c,110.92902077380327,110.92902077380327
6934,c,110.92902077380327,110.92902077380327
6935,c,110.92902077380327,110.92902077380327
6936,t,110.92902077380327,110.92902077380327
6937,c,110.92902077380327,110.92902077380327
6938,c,20.033254118711234,28.79002652241076
6939,c,110.92902077380327,110.92902077380327
6940,c,20.801847017835264,21.418013910223312
6941,c,34.124502689488274,110.92902077380327
6942,c,110.92902077380327,110.92902077380327
6943,c,110.92902077380327,110.92902077380327
6944,c,27.509624865150393,30.97818751735681
6945,t,110.92902077380327,110.92902077380327
6946,c,110.92902077380327,110.92902077380327
6947,c,110.92902077380327,110.92902077380327
6948,c,110.92902077380327,110.92902077380327
6949,t,110.92902077380327,110.92902077380327
6950,c,110.92902077380327,110.92902077380327
6951,c,110.92902077380327,110.92902077380327
6952,c,110.92902077380327,110.92902077380327
6953,t,110.92902077380327,110.92902077380327
6954,c,57.03857037509825,58.304350753283146
6955,c,110.92902077380327,110.92902077380327
6956,c,110.92902077380327,110.92902077380327
6957,c,110.92902077380327,110.92902077380327
6958,c,52.89088208169043,110.92902077380327
6959,c,36.89717086993892,37.64275721664255
6960,c,39.032095672676505,40.96988771103785
6961,t,110.92902077380327,110.92902077380327
6962,t,110.92902077380327,110.92902077380327
6963,c,110.92902077380327,110.92902077380327
6964,c,110.92902077380327,110.92902077380327
6965,c,110.92902077380327,110.92902077380327
6966,c,110.92902077380327,110.92902077380327
6967,c,22.064965173305797,27.292872032359853
6968,c,110.92902077380327,110.92902077380327
6969,c,10.805329839787847,13.544878747030124
6970,c,110.92902077380327,110.92902077380327
6971,c,21.512513954025575,25.179312443971334
6972,c,110.92902077380327,110.92902077380327
6973,c,37.201839210455894,45.83580342299934
6974,c,110.92902077380327,110.92902077380327
6975,c,110.92902077380327,110.92902077380327
6976,c,110.92902077380327,110.92902077380327
6977,t,110.92902077380327,110.92902077380327
6978,c,17.39989382786261,18.178398174821535
6979,c,110.92902077380327,110.92902077380327
6980,c,110.92902077380327,110.92902077380327
6981,c,25.85475827877403,25.98122332112197
6982,c,33.43115867224272,39.31932070538422
6983,c,110.92902077380327,110.92902077380327
6984,c,31.016982187547864,32.71535834776936
6985,t,110.92902077380327,110.92902077380327
6986,c,21.189330308136675,25.471396919655675
6987,c,49.78618894431966,63.8939237392723
6988,c,21.034899800262234,21.217873123562303
6989,c,110.92902077380327,110.92902077380327
6990,c,110.92902077380327,110.92902077380327
6991,t,110.92902077380327,110.92902077380327
6992,c,110.92902077380327,110.92902077380327
6993,c,110.92902077380327,110.92902077380327
6994,c,17.75454262564249,18.150603122156195
6995,c,110.92902077380327,110.92902077380327
6996,t,110.92902077380327,110.92902077380327
6997,c,110.92902077380327,110.92902077380327
6998,c,34.98126095770629,110.92902077380327
6999,c,50.83940833088671,110.92902077380327
7000,c,110.92902077380327,110.92902077380327
7001,c,110.92902077380327,110.92902077380327
7002,c,25.855544943224928,26.06889937513627
7003,c,14.79917928982186,15.934366313241496
7004,c,110.92902077380327,110.92902077380327
7005,c,110.92902077380327,110.92902077380327
7006,c,110.92902077380327,110.92902077380327
7007,c,43.765137070251726,54.23689012744324
7008,t,110.92902077380327,110.92902077380327
7009,na,-1,0
7010,c,110.92902077380327,110.92902077380327
7011,c,110.92902077380327,110.92902077380327
7012,c,110.92902077380327,110.92902077380327
7013,c,110.92902077380327,110.92902077380327
7014,c,110.92902077380327,110.92902077380327
7015,c,46.61327863958104,50.73398069401624
7016,c,31.535473514827384,36.27138228276472
7017,c,110.92902077380327,110.92902077380327
7018,t,110.92902077380327,110.92902077380327
7019,t,110.92902077380327,110.92902077380327
7020,c,40.34426652580154,43.75812626477429
7021,t,110.92902077380327,110.92902077380327
7022,c,110.92902077380327,110.92902077380327
7023,c,110.92902077380327,110.92902077380327
7024,t,110.92902077380327,110.92902077380327
7025,c,110.92902077380327,110.92902077380327
7026,c,110.92902077380327,110.92902077380327
7027,t,110.92902077380327,110.92902077380327
7028,c,4.619851465898723,6.809356914860382
7029,c,110.92902077380327,110.92902077380327
7030,c,11.21810729965237,13.25581380541929
7031,c,66.38605784935343,72.36851003323686
7032,t,110.92902077380327,110.92902077380327
7033,c,110.92902077380327,110.92902077380327
7034,c,29.06851802809527,37.53544666382169
7035,c,110.92902077380327,110.92902077380327
7036,c,15.783910643297,18.88041566785615
7037,c,110.92902077380327,110.92902077380327
7038,c,55.8621843941661,59.071014017192574
7039,t,110.92902077380327,110.92902077380327
7040,c,32.31407861805118,34.4147987262558
7041,c,34.177118428492975,43.10196509333416
7042,na,-1,0
7043,t,110.92902077380327,110.92902077380327
7044,c,34.03993003342051,39.38303373236018
7045,c,20.887332720870354,29.895959363323303
7046,c,32.428783269157975,40.50998729884786
7047,t,110.92902077380327,110.92902077380327
7048,c,110.92902077380327,110.92902077380327
7049,c,110.92902077380327,110.92902077380327
7050,c,110.92902077380327,110.92902077380327
7051,c,20.43186644826973,35.250867714183414
7052,c,18.64592362027262,20.83345212001628
7053,c,21.03936132143376,24.11571405652953
7054,c,16.803336532136093,21.784254568035955
7055,c,110.92902077380327,110.92902077380327
7056,t,110.92902077380327,110.92902077380327
7057,c,25.09454497992109,27.260822791339464
7058,t,110.92902077380327,110.92902077380327
7059,c,21.6912224774366,23.11794389249558
7060,c,110.92902077380327,110.92902077380327
7061,c,110.92902077380327,110.92902077380327
7062,c,19.996555234735812,22.634776122981844
7063,c,31.280877198047484,31.605358334383403
7064,c,110.92902077380327,110.92902077380327
7065,t,110.92902077380327,110.92902077380327
7066,c,110.92902077380327,110.92902077380327
7067,t,110.92902077380327,110.92902077380327
7068,c,110.92902077380327,110.92902077380327
7069,c,110.92902077380327,110.92902077380327
7070,c,110.92902077380327,110.92902077380327
7071,t,110.92902077380327,110.92902077380327
7072,c,110.92902077380327,110.92902077380327
7073,t,110.92902077380327,110.92902077380327
7074,c,110.92902077380327,110.92902077380327
7075,c,110.92902077380327,110.92902077380327
7076,c,110.92902077380327,110.92902077380327
7077,c,110.92902077380327,110.92902077380327
7078,c,110.92902077380327,110.92902077380327
7079,c,17.736249909993578,110.92902077380327
7080,c,110.92902077380327,110.92902077380327
7081,c,110.92902077380327,110.92902077380327
7082,c,110.92902077380327,110.92902077380327
7083,c,110.92902077380327,110.92902077380327
7084,t,110.92902077380327,110.92902077380327
7085,c,17.90683644528685,22.24797727022927
7086,c,12.240425867632098,15.725482345177754
7087,t,110.92902077380327,110.92902077380327
7088,c,110.92902077380327,110.92902077380327
7089,c,53.850535112249744,55.9774764032365
7090,c,110.92902077380327,110.92902077380327
7091,c,110.92902077380327,110.92902077380327
7092,c,26.28282026363012,29.223645948851456
7093,c,110.92902077380327,110.92902077380327
7094,c,110.92902077380327,110.92902077380327
7095,c,110.92902077380327,110.92902077380327
7096,t,110.92902077380327,110.92902077380327
7097,c,110.92902077380327,110.92902077380327
7098,c,110.92902077380327,110.92902077380327
7099,c,57.60247997767582,72.73190562570865
7100,t,110.92902077380327,110.92902077380327
7101,t,110.92902077380327,110.92902077380327
7102,c,58.9669767478527,61.170270720578316
7103,t,110.92902077380327,110.92902077380327
7104,t,110.92902077380327,110.92902077380327
7105,t,110.92902077380327,110.92902077380327
7106,t,110.92902077380327,110.92902077380327
7107,c,110.92902077380327,110.92902077380327
7108,c,110.92902077380327,110.92902077380327
7109,c,36.99266438052859,42.76675787544587
7110,c,5.602959968236159,8.681305799914318
7111,t,110.92902077380327,110.92902077380327
7112,c,28.338176818441614,31.51988702013664
7113,na,4.569429635035398,5.202088372699335
7114,c,13.739328143656655,14.281479578223275
7115,c,110.92902077380327,110.92902077380327
7116,c,29.22773794420657,36.016767029455416
7117,c,110.92902077380327,110.92902077380327
7118,c,110.92902077380327,110.92902077380327
7119,c,23.42989137276847,25.937218866346495
7120,c,110.92902077380327,110.92902077380327
7121,t,110.92902077380327,110.92902077380327
7122,c,14.580966109886404,110.92902077380327
7123,c,29.8888811053274,110.92902077380327
7124,c,28.487509995005095,110.92902077380327
7125,c,110.92902077380327,110.92902077380327
7126,c,110.92902077380327,110.92902077380327
7127,c,110.92902077380327,110.92902077380327
7128,c,4.8031686294552305,13.58198925452582
7129,c,17.89981067012383,19.86162439792619
7130,c,32.50152613351285,37.480277452787846
7131,c,110.92902077380327,110.92902077380327
7132,c,25.173264731894726,27.407158630584167
7133,c,31.234238928374882,32.55400978142054
7134,t,110.92902077380327,110.92902077380327
7135,c,28.87973065725991,32.19059631900012
7136,c,110.92902077380327,110.92902077380327
7137,c,110.92902077380327,110.92902077380327
7138,t,110.92902077380327,110.92902077380327
7139,c,2.3271975700424057,2.9435744714167873
7140,c,110.92902077380327,110.92902077380327
7141,c,70.55887831164713,75.48999615115734
7142,c,110.92902077380327,110.92902077380327
7143,c,110.92902077380327,110.92902077380327
7144,c,110.92902077380327,110.92902077380327
7145,c,110.92902077380327,110.92902077380327
7146,c,110.92902077380327,110.92902077380327
7147,c,0.44226910877478465,3.425876977121489
7148,c,14.443131048649645,17.754176677171166
7149,t,110.92902077380327,110.92902077380327
7150,c,110.92902077380327,110.92902077380327
7151,c,18.771872808012887,20.790936413163337
7152,c,16.94151169961036,23.367433356495756
7153,c,110.92902077380327,110.92902077380327
7154,c,110.92902077380327,110.92902077380327
7155,c,110.92902077380327,110.92902077380327
7156,c,34.837126751426126,35.882196835424416
7157,c,110.92902077380327,110.92902077380327
7158,t,110.92902077380327,110.92902077380327
7159,c,110.92902077380327,110.92902077380327
7160,c,14.509353447345987,17.28557978947144
7161,t,110.92902077380327,110.92902077380327
7162,c,26.23017702266129,30.797908169629157
7163,c,110.92902077380327,110.92902077380327
7164,c,44.4067905018815,46.20375785880806
7165,t,110.92902077380327,110.92902077380327
7166,c,110.92902077380327,110.92902077380327
7167,c,36.357766668850694,39.41302655814866
7168,c,110.92902077380327,110.92902077380327
7169,c,110.92902077380327,110.92902077380327
7170,c,40.05864496959195,40.53618545956019
7171,c,11.03975139676891,12.62169219750377
7172,c,110.92902077380327,110.92902077380327
7173,c,110.92902077380327,110.92902077380327
7174,c,110.92902077380327,110.92902077380327
7175,c,110.92902077380327,110.92902077380327
7176,c,110.92902077380327,110.92902077380327
7177,c,110.92902077380327,110.92902077380327
7178,c,110.92902077380327,110.92902077380327
7179,t,110.92902077380327,110.92902077380327
7180,t,110.92902077380327,110.92902077380327
7181,c,110.92902077380327,110.92902077380327
7182,t,110.92902077380327,110.92902077380327
7183,t,110.92902077380327,110.92902077380327
7184,c,26.02149470625108,26.315090969227036
7185,t,110.92902077380327,110.92902077380327
7186,t,110.92902077380327,110.92902077380327
7187,t,110.92902077380327,110.92902077380327
7188,c,6.040245450129688,11.349839128140067
7189,c,4.266745559514993,6.358304851874266
7190,c,110.92902077380327,110.92902077380327
7191,t,110.92902077380327,110.92902077380327
7192,c,110.92902077380327,110.92902077380327
7193,t,110.92902077380327,110.92902077380327
7194,t,110.92902077380327,110.92902077380327
7195,c,110.92902077380327,110.92902077380327
7196,c,110.92902077380327,110.92902077380327
7197,c,110.92902077380327,110.92902077380327
7198,c,110.92902077380327,110.92902077380327
7199,c,12.455005721186586,110.92902077380327
7200,t,110.92902077380327,110.92902077380327
7201,t,110.92902077380327,110.92902077380327
7202,t,110.92902077380327,110.92902077380327
7203,c,39.214715758910195,44.00606154330686
7204,c,29.760361829615867,30.48188191664686
7205,t,110.92902077380327,110.92902077380327
7206,c,10.067459337629305,18.88267655632365
7207,c,42.559862949258076,43.255830592149216
7208,c,110.92902077380327,110.92902077380327
7209,c,26.69785592154406,27.649527176831985
7210,c,47.8065756722739,55.49172502197068
7211,c,28.438767224996734,110.92902077380327
7212,c,110.92902077380327,110.92902077380327
7213,c,110.92902077380327,110.92902077380327
7214,c,110.92902077380327,110.92902077380327
7215,c,110.92902077380327,110.92902077380327
7216,c,33.708572581491204,38.91345579766967
7217,c,26.562433228162554,30.28144933578623
7218,c,13.617705061340697,14.740918741395168
7219,c,110.92902077380327,110.92902077380327
7220,c,34.64867428750799,34.71215095111441
7221,c,43.34449104215417,46.31722257948203
7222,c,110.92902077380327,110.92902077380327
7223,c,110.92902077380327,110.92902077380327
7224,c,110.92902077380327,110.92902077380327
7225,t,110.92902077380327,110.92902077380327
7226,c,17.698345260014154,23.053741590833653
7227,c,29.639659633070735,31.05856473482221
7228,c,110.92902077380327,110.92902077380327
7229,t,110.92902077380327,110.92902077380327
7230,c,110.92902077380327,110.92902077380327
7231,c,51.95069444002345,52.06924705828905
7232,t,110.92902077380327,110.92902077380327
7233,t,110.92902077380327,110.92902077380327
7234,c,27.357826453567924,44.839323849048235
7235,t,110.92902077380327,110.92902077380327
7236,c,24.045289042081233,29.881065688528526
7237,c,110.92902077380327,110.92902077380327
7238,c,34.299053475673084,40.37900368197347
7239,c,110.92902077380327,110.92902077380327
7240,c,36.210021422378354,38.13723383804356
7241,c,110.92902077380327,110.92902077380327
7242,c,10.943384077530638,110.92902077380327
7243,c,110.92902077380327,110.92902077380327
7244,c,110.92902077380327,110.92902077380327
7245,c,110.92902077380327,110.92902077380327
7246,c,36.54951825150704,40.92325873018618
7247,c,110.92902077380327,110.92902077380327
7248,na,0,1.230160426318616
7249,t,110.92902077380327,110.92902077380327
7250,c,19.61715038391154,23.88764484809046
7251,c,110.92902077380327,110.92902077380327
7252,t,110.92902077380327,110.92902077380327
7253,c,44.72281917007387,49.681783130449084
7254,c,110.92902077380327,110.92902077380327
7255,c,110.92902077380327,110.92902077380327
7256,c,11.803940898545523,20.294616661007865
7257,c,110.92902077380327,110.92902077380327
7258,c,21.232640353554498,28.558479099236116
7259,c,45.978060944986595,46.328444499682256
7260,na,110.92902077380327,110.92902077380327
7261,c,16.08268817938063,28.112821673183934
7262,t,110.92902077380327,110.92902077380327
7263,c,35.89865569418271,39.619761851462926
7264,c,110.92902077380327,110.92902077380327
7265,c,27.52411285851116,30.927923249400074
7266,c,110.92902077380327,110.92902077380327
7267,c,110.92902077380327,110.92902077380327
7268,c,110.92902077380327,110.92902077380327
7269,c,110.92902077380327,110.92902077380327
7270,t,110.92902077380327,110.92902077380327
7271,t,110.92902077380327,110.92902077380327
7272,c,110.92902077380327,110.92902077380327
7273,c,19.146973036303372,23.44921252975084
7274,c,110.92902077380327,110.92902077380327
7275,c,34.705593652119184,36.846504955173415
7276,na,-1,0
7277,c,110.92902077380327,110.92902077380327
7278,c,110.92902077380327,110.92902077380327
7279,c,110.92902077380327,110.92902077380327
7280,c,110.92902077380327,110.92902077380327
7281,c,25.432801776602428,27.51790671130092
7282,c,42.28693981989476,43.858319210455356
7283,t,110.92902077380327,110.92902077380327
7284,c,15.55039002800936,24.109063591000236
7285,c,35.31268264451408,35.968439495007715
7286,c,32.50816792018839,38.359009017108974
7287,c,21.85782762367749,23.69903852809211
7288,c,28.867317270910867,36.33520637821572
7289,c,110.92902077380327,110.92902077380327
7290,t,110.92902077380327,110.92902077380327
7291,c,33.9185479174738,40.325435065410915
7292,c,110.92902077380327,110.92902077380327
7293,t,110.92902077380327,110.92902077380327
7294,c,57.27209485166797,58.46182661921309
7295,c,110.92902077380327,110.92902077380327
7296,c,110.92902077380327,110.92902077380327
7297,c,63.282950491973665,64.01788700107907
7298,c,110.92902077380327,110.92902077380327
7299,t,110.92902077380327,110.92902077380327
7300,c,110.92902077380327,110.92902077380327
7301,t,110.92902077380327,110.92902077380327
7302,c,110.92902077380327,110.92902077380327
7303,c,110.92902077380327,110.92902077380327
7304,c,110.92902077380327,110.92902077380327
7305,c,27.605337615860098,36.131213452431346
7306,c,35.979420952017186,41.56789987265187
7307,c,110.92902077380327,110.92902077380327
7308,c,110.92902077380327,110.92902077380327
7309,c,35.67392135779723,37.28008219576812
7310,c,28.732015686911573,28.86260261392397
7311,t,110.92902077380327,110.92902077380327
7312,c,48.4667041394571,48.561710890942265
7313,c,41.13796836069346,41.80081573583034
7314,t,110.92902077380327,110.92902077380327
7315,c,24.331070477780628,110.92902077380327
7316,c,38.22544769437549,41.4558346560067
7317,t,110.92902077380327,110.92902077380327
7318,t,110.92902077380327,110.92902077380327
7319,c,110.92902077380327,110.92902077380327
7320,c,110.92902077380327,110.92902077380327
7321,t,110.92902077380327,110.92902077380327
7322,c,110.92902077380327,110.92902077380327
7323,c,110.92902077380327,110.92902077380327
7324,c,110.92902077380327,110.92902077380327
7325,c,110.92902077380327,110.92902077380327
7326,c,110.92902077380327,110.92902077380327
7327,c,110.92902077380327,110.92902077380327
7328,c,110.92902077380327,110.92902077380327
7329,c,110.92902077380327,110.92902077380327
7330,c,2.2931044221451264,2.978813769185598
7331,c,31.27102955594859,43.20031549303662
7332,c,110.92902077380327,110.92902077380327
7333,c,19.673378643058587,21.34656433810964
7334,c,110.92902077380327,110.92902077380327
7335,t,110.92902077380327,110.92902077380327
7336,c,110.92902077380327,110.92902077380327
7337,c,33.30291146511211,34.78194382478135
7338,c,110.92902077380327,110.92902077380327
7339,c,56.275519008146134,68.40593704704067
7340,c,110.92902077380327,110.92902077380327
7341,c,110.92902077380327,110.92902077380327
7342,c,110.92902077380327,110.92902077380327
7343,c,4.5096641066857694,11.389830032472963
7344,c,67.87451463744397,70.59713578010394
7345,c,40.259696886547665,40.547588144481324
7346,c,110.92902077380327,110.92902077380327
7347,c,40.60380912817128,40.663301087857334
7348,c,110.92902077380327,110.92902077380327
7349,na,0,110.92902077380327
7350,c,27.214916417165792,28.71630924231478
7351,c,110.92902077380327,110.92902077380327
7352,c,110.92902077380327,110.92902077380327
7353,c,34.13209951226893,38.22028106400593
7354,c,110.92902077380327,110.92902077380327
7355,c,21.106686252946233,24.16636600785908
7356,c,110.92902077380327,110.92902077380327
7357,c,51.583883711921864,52.1706385670302
7358,c,41.48208926504249,62.33760492509949
7359,t,110.92902077380327,110.92902077380327
7360,c,110.92902077380327,110.92902077380327
7361,c,110.92902077380327,110.92902077380327
7362,c,110.92902077380327,110.92902077380327
7363,c,46.503224241813435,48.339548251909356
7364,c,17.43471603895041,21.59054247795421
7365,c,110.92902077380327,110.92902077380327
7366,t,110.92902077380327,110.92902077380327
7367,t,110.92902077380327,110.92902077380327
7368,c,58.045642224105805,63.33747204708383
7369,t,110.92902077380327,110.92902077380327
7370,c,33.06917840905597,39.111985450318706
7371,t,110.92902077380327,110.92902077380327
7372,c,15.445933400184467,110.92902077380327
7373,t,110.92902077380327,110.92902077380327
7374,t,110.92902077380327,110.92902077380327
7375,c,24.48700087367297,24.691493505324928
7376,c,110.92902077380327,110.92902077380327
7377,t,110.92902077380327,110.92902077380327
7378,c,110.92902077380327,110.92902077380327
7379,c,110.92902077380327,110.92902077380327
7380,c,22.239671559151173,23.746644158451613
7381,c,110.92902077380327,110.92902077380327
7382,t,110.92902077380327,110.92902077380327
7383,c,110.92902077380327,110.92902077380327
7384,c,21.466870959594914,23.868433204058086
7385,c,22.178747769144977,23.505459138886078
7386,c,110.92902077380327,110.92902077380327
7387,c,35.5351424176604,37.82019917893981
7388,c,27.441210589705634,28.070845229524767
7389,c,110.92902077380327,110.92902077380327
7390,t,110.92902077380327,110.92902077380327
7391,c,63.98698784423544,68.26238548278073
7392,c,110.92902077380327,110.92902077380327
7393,c,110.92902077380327,110.92902077380327
7394,t,110.92902077380327,110.92902077380327
7395,c,110.92902077380327,110.92902077380327
7396,c,12.182703295367052,14.219338436248147
7397,c,110.92902077380327,110.92902077380327
7398,c,20.561350392728322,24.54778228055383
7399,c,45.609460944164105,47.37538933827509
7400,c,11.495898808519684,14.031569882151699
7401,c,12.413848687687251,12.94622488530604
7402,c,110.92902077380327,110.92902077380327
7403,c,110.92902077380327,110.92902077380327
7404,c,110.92902077380327,110.92902077380327
7405,c,23.08726981579002,25.4989795259606
7406,c,23.639739490604427,25.714351558850822
7407,c,110.92902077380327,110.92902077380327
7408,c,13.741377173819139,14.024915442687192
7409,c,15.717144818927302,19.96272039796731
7410,t,110.92902077380327,110.92902077380327
7411,c,110.92902077380327,110.92902077380327
7412,c,110.92902077380327,110.92902077380327
7413,c,110.92902077380327,110.92902077380327
7414,c,110.92902077380327,110.92902077380327
7415,c,71.2488466166761,77.96046904685201
7416,t,110.92902077380327,110.92902077380327
7417,c,46.18530645243875,59.2154186281168
7418,c,14.385497709947982,23.04710570994929
7419,c,110.92902077380327,110.92902077380327
7420,t,110.92902077380327,110.92902077380327
7421,c,110.92902077380327,110.92902077380327
7422,c,110.92902077380327,110.92902077380327
7423,c,110.92902077380327,110.92902077380327
7424,c,110.92902077380327,110.92902077380327
7425,na,3.427423939519107,10.553057897516773
7426,c,110.92902077380327,110.92902077380327
7427,c,110.92902077380327,110.92902077380327
7428,c,110.92902077380327,110.92902077380327
7429,c,110.92902077380327,110.92902077380327
7430,t,110.92902077380327,110.92902077380327
7431,c,110.92902077380327,110.92902077380327
7432,t,110.92902077380327,110.92902077380327
7433,c,34.715883255258305,35.37082349043212
7434,c,110.92902077380327,110.92902077380327
7435,c,110.92902077380327,110.92902077380327
7436,c,34.460732850035704,34.496890107433636
7437,c,54.05842469769899,55.42801129063188
7438,c,110.92902077380327,110.92902077380327
7439,t,110.92902077380327,110.92902077380327
7440,c,7.908420850707722,11.457163339046128
7441,c,110.92902077380327,110.92902077380327
7442,t,110.92902077380327,110.92902077380327
7443,c,110.92902077380327,110.92902077380327
7444,c,21.374009643788153,22.45325681384272
7445,c,110.92902077380327,110.92902077380327
7446,c,110.92902077380327,110.92902077380327
7447,c,8.673939942984203,9.916344678995195
7448,na,5.614616443058854,8.114612029505082
7449,t,110.92902077380327,110.92902077380327
7450,c,110.92902077380327,110.92902077380327
7451,t,110.92902077380327,110.92902077380327
7452,c,31.07244625016657,34.07738993929467
7453,t,110.92902077380327,110.92902077380327
7454,c,33.0481955573841,34.23225873025797
7455,c,19.367686655490086,21.22674675493511
7456,c,110.92902077380327,110.92902077380327
7457,c,110.92902077380327,110.92902077380327
7458,t,110.92902077380327,110.92902077380327
7459,c,30.730372443473527,34.01426285049818
7460,c,110.92902077380327,110.92902077380327
7461,c,14.514296934284694,15.793501791211687
7462,t,110.92902077380327,110.92902077380327
7463,c,110.92902077380327,110.92902077380327
7464,c,110.92902077380327,110.92902077380327
7465,c,23.595245474809072,26.956985918789695
7466,c,110.92902077380327,110.92902077380327
7467,c,35.82942550904407,49.70796898889692
7468,c,110.92902077380327,110.92902077380327
7469,c,110.92902077380327,110.92902077380327
7470,c,30.596061241023037,39.5665193555579
7471,c,17.170310769131653,29.421349388778967
7472,c,28.72376116399625,31.176967781850863
7473,t,110.92902077380327,110.92902077380327
7474,t,110.92902077380327,110.92902077380327
7475,c,11.498105112543762,23.628912867961507
7476,t,110.92902077380327,110.92902077380327
7477,c,110.92902077380327,110.92902077380327
7478,c,110.92902077380327,110.92902077380327
7479,c,110.92902077380327,110.92902077380327
7480,c,26.926386643714157,31.601716110925224
7481,c,110.92902077380327,110.92902077380327
7482,c,29.685953985626757,33.390866410356715
7483,c,110.92902077380327,110.92902077380327
7484,t,110.92902077380327,110.92902077380327
7485,c,110.92902077380327,110.92902077380327
7486,c,50.839107305424534,110.92902077380327
7487,c,110.92902077380327,110.92902077380327
7488,c,110.92902077380327,110.92902077380327
7489,c,23.78420319415753,27.67356393657997
7490,c,110.92902077380327,110.92902077380327
7491,c,48.449604982798945,53.62002279691099
7492,c,110.92902077380327,110.92902077380327
7493,t,110.92902077380327,110.92902077380327
7494,c,110.92902077380327,110.92902077380327
7495,c,110.92902077380327,110.92902077380327
7496,t,110.92902077380327,110.92902077380327
7497,c,7.143851870818246,8.611963322379646
7498,c,110.92902077380327,110.92902077380327
7499,c,32.260763837381354,35.98543659307482
7500,c,110.92902077380327,110.92902077380327
7501,c,19.27129044331996,23.723274934385977
7502,c,110.92902077380327,110.92902077380327
7503,t,110.92902077380327,110.92902077380327
7504,c,110.92902077380327,110.92902077380327
7505,c,19.906734931336135,20.242763646622645
7506,c,22.22083391880732,26.536073092005516
7507,c,33.52097848715174,33.64343388611212
7508,t,110.92902077380327,110.92902077380327
7509,c,110.92902077380327,110.92902077380327
7510,c,110.92902077380327,110.92902077380327
7511,t,110.92902077380327,110.92902077380327
7512,c,11.33807459663665,17.237385165659543
7513,c,43.02735694235359,47.998938410942195
7514,c,110.92902077380327,110.92902077380327
7515,c,110.92902077380327,110.92902077380327
7516,c,43.54202284978677,46.09671351309777
7517,c,18.447322117241747,18.619871767444852
7518,na,0,0.42146511377157286
7519,t,110.92902077380327,110.92902077380327
7520,c,110.92902077380327,110.92902077380327
7521,t,110.92902077380327,110.92902077380327
7522,t,110.92902077380327,110.92902077380327
7523,c,110.92902077380327,110.92902077380327
7524,c,110.92902077380327,110.92902077380327
7525,c,110.92902077380327,110.92902077380327
7526,t,110.92902077380327,110.92902077380327
7527,c,33.09834424837434,33.15399856058968
7528,c,110.92902077380327,110.92902077380327
7529,c,110.92902077380327,110.92902077380327
7530,c,10.908434475892118,14.744225113032252
7531,c,25.741564482810976,28.142979534637234
7532,c,22.865154332395484,37.08309024577251
7533,c,110.92902077380327,110.92902077380327
7534,t,110.92902077380327,110.92902077380327
7535,c,110.92902077380327,110.92902077380327
7536,c,110.92902077380327,110.92902077380327
7537,c,38.13443926491134,38.547491460963464
7538,c,110.92902077380327,110.92902077380327
7539,t,110.92902077380327,110.92902077380327
7540,c,36.02154395641196,43.245331260884385
7541,t,110.92902077380327,110.92902077380327
7542,t,110.92902077380327,110.92902077380327
7543,c,110.92902077380327,110.92902077380327
7544,c,110.92902077380327,110.92902077380327
7545,c,13.805451801484212,16.33938342323108
7546,c,110.92902077380327,110.92902077380327
7547,c,110.92902077380327,110.92902077380327
7548,c,42.95970139045749,48.775387142494615
7549,c,110.92902077380327,110.92902077380327
7550,c,110.92902077380327,110.92902077380327
7551,c,110.92902077380327,110.92902077380327
7552,c,110.92902077380327,110.92902077380327
7553,c,15.519812760607914,15.706644236187788
7554,c,110.92902077380327,110.92902077380327
7555,t,110.92902077380327,110.92902077380327
7556,c,110.92902077380327,110.92902077380327
7557,c,110.92902077380327,110.92902077380327
7558,c,110.92902077380327,110.92902077380327
7559,t,110.92902077380327,110.92902077380327
7560,c,110.92902077380327,110.92902077380327
7561,c,110.92902077380327,110.92902077380327
7562,c,13.43501556060609,18.85613793886754
7563,c,110.92902077380327,110.92902077380327
7564,c,110.92902077380327,110.92902077380327
7565,c,110.92902077380327,110.92902077380327
7566,t,110.92902077380327,110.92902077380327
7567,t,110.92902077380327,110.92902077380327
7568,c,110.92902077380327,110.92902077380327
7569,c,110.92902077380327,110.92902077380327
7570,c,30.51822634935783,35.8345795588809
7571,c,110.92902077380327,110.92902077380327
7572,c,32.302196447394806,43.51576176745927
7573,c,110.92902077380327,110.92902077380327
7574,c,65.02452918448171,65.05238993857961
7575,c,56.741846233566875,61.04128595646158
7576,c,24.96425108995649,34.52732661730362
7577,c,110.92902077380327,110.92902077380327
7578,c,110.92902077380327,110.92902077380327
7579,c,110.92902077380327,110.92902077380327
7580,c,35.3612759064131,43.99916586196665
7581,c,110.92902077380327,110.92902077380327
7582,c,110.92902077380327,110.92902077380327
7583,c,26.549010420918705,29.5967027732812
7584,c,110.92902077380327,110.92902077380327
7585,c,110.92902077380327,110.92902077380327
7586,c,110.92902077380327,110.92902077380327
7587,c,110.92902077380327,110.92902077380327
7588,c,110.92902077380327,110.92902077380327
7589,na,3.4072814487625855,9.158298086877801
7590,t,110.92902077380327,110.92902077380327
7591,c,110.92902077380327,110.92902077380327
7592,c,110.92902077380327,110.92902077380327
7593,na,14.019561069726288,15.153912075915324
7594,c,110.92902077380327,110.92902077380327
7595,c,110.92902077380327,110.92902077380327
7596,c,110.92902077380327,110.92902077380327
7597,c,15.444205735245992,17.107891977670125
7598,t,110.92902077380327,110.92902077380327
7599,na,0.10194260366143726,110.92902077380327
7600,c,110.92902077380327,110.92902077380327
7601,t,110.92902077380327,110.92902077380327
7602,t,110.92902077380327,110.92902077380327
7603,c,110.92902077380327,110.92902077380327
7604,c,110.92902077380327,110.92902077380327
7605,c,110.92902077380327,110.92902077380327
7606,c,110.92902077380327,110.92902077380327
7607,c,110.92902077380327,110.92902077380327
7608,t,110.92902077380327,110.92902077380327
7609,c,39.087741528094284,39.283140746816244
7610,c,110.92902077380327,110.92902077380327
7611,c,16.978438334477765,22.01328116991326
7612,c,110.92902077380327,110.92902077380327
7613,c,110.92902077380327,110.92902077380327
7614,c,28.144226665194747,110.92902077380327
7615,c,110.92902077380327,110.92902077380327
7616,c,46.93250180366878,52.67560894755889
7617,c,110.92902077380327,110.92902077380327
7618,c,110.92902077380327,110.92902077380327
7619,c,28.42994750983189,32.108910473781066
7620,t,110.92902077380327,110.92902077380327
7621,c,110.92902077380327,110.92902077380327
7622,c,110.92902077380327,110.92902077380327
7623,c,32.017070228706785,36.39223201579873
7624,c,37.53461775986292,44.223225765714474
7625,c,7.825652879513927,9.100067231599672
7626,c,31.534425109148827,32.696629958634816
7627,c,19.676207400690974,20.770980474900913
7628,t,110.92902077380327,110.92902077380327
7629,c,15.998972417507662,21.939538116379467
7630,na,0,2.7796202219811046
7631,c,34.08216159999954,36.481855562087674
7632,c,11.264922474153504,110.92902077380327
7633,c,22.74261136935167,24.7632599334687
7634,c,35.02168573260197,35.26173688161151
7635,c,110.92902077380327,110.92902077380327
7636,c,28.12268713695324,29.2681039899578
7637,c,21.473494055311274,21.746257266410872
7638,t,110.92902077380327,110.92902077380327
7639,c,110.92902077380327,110.92902077380327
7640,c,40.71769451261768,42.14844548714709
7641,t,110.92902077380327,110.92902077380327
7642,c,110.92902077380327,110.92902077380327
7643,c,110.92902077380327,110.92902077380327
7644,c,13.35698195941237,22.383733699537135
7645,c,62.222626478076215,70.23875412881986
7646,c,110.92902077380327,110.92902077380327
7647,c,12.024940377989719,12.942307568997714
7648,c,110.92902077380327,110.92902077380327
7649,t,110.92902077380327,110.92902077380327
7650,t,110.92902077380327,110.92902077380327
7651,c,16.984174449417257,21.761315370525523
7652,c,110.92902077380327,110.92902077380327
7653,c,110.92902077380327,110.92902077380327
7654,c,25.118951495007916,28.424049493368788
7655,c,8.449391359850859,110.92902077380327
7656,c,110.92902077380327,110.92902077380327
7657,t,110.92902077380327,110.92902077380327
7658,c,33.55016687874578,43.231790513951246
7659,c,110.92902077380327,110.92902077380327
7660,c,110.92902077380327,110.92902077380327
7661,c,39.770151961085624,50.631490227353545
7662,c,42.69513959719008,110.92902077380327
7663,c,12.654030844228917,13.80705647652274
7664,c,110.92902077380327,110.92902077380327
7665,c,8.40042424085684,110.92902077380327
7666,c,14.386175576930006,20.140706690064217
7667,t,110.92902077380327,110.92902077380327
7668,c,15.350945716834202,25.015917148715666
7669,c,110.92902077380327,110.92902077380327
7670,c,110.92902077380327,110.92902077380327
7671,t,110.92902077380327,110.92902077380327
7672,c,31.512690253567293,40.066844800061546
7673,c,49.026820765978556,53.92325099629592
7674,c,22.820473332091332,23.977134040936182
7675,c,110.92902077380327,110.92902077380327
7676,c,9.783504027681623,11.139892165612025
7677,t,110.92902077380327,110.92902077380327
7678,c,95.61822022275634,95.91458841617043
7679,c,25.451478586853746,27.64129457981446
7680,t,110.92902077380327,110.92902077380327
7681,t,110.92902077380327,110.92902077380327
7682,t,110.92902077380327,110.92902077380327
7683,c,31.59295235882208,49.117684281860974
7684,c,14.317698953147685,28.18494098171999
7685,c,110.92902077380327,110.92902077380327
7686,c,110.92902077380327,110.92902077380327
7687,t,110.92902077380327,110.92902077380327
7688,t,110.92902077380327,110.92902077380327
7689,c,110.92902077380327,110.92902077380327
7690,c,110.92902077380327,110.92902077380327
7691,t,110.92902077380327,110.92902077380327
7692,c,110.92902077380327,110.92902077380327
7693,c,110.92902077380327,110.92902077380327
7694,c,110.92902077380327,110.92902077380327
7695,c,110.92902077380327,110.92902077380327
7696,c,22.978632946536386,27.838072786308892
7697,c,110.92902077380327,110.92902077380327
7698,c,44.63655299363215,53.07807696122784
7699,c,110.92902077380327,110.92902077380327
7700,c,110.92902077380327,110.92902077380327
7701,c,12.419753302790415,16.013245136557234
7702,t,110.92902077380327,110.92902077380327
7703,t,110.92902077380327,110.92902077380327
7704,t,110.92902077380327,110.92902077380327
7705,t,110.92902077380327,110.92902077380327
7706,t,110.92902077380327,110.92902077380327
7707,c,110.92902077380327,110.92902077380327
7708,c,110.92902077380327,110.92902077380327
7709,t,110.92902077380327,110.92902077380327
7710,t,110.92902077380327,110.92902077380327
7711,c,110.92902077380327,110.92902077380327
7712,c,110.92902077380327,110.92902077380327
7713,c,110.92902077380327,110.92902077380327
7714,c,26.009303573506642,26.760592965448247
7715,c,42.36554225605066,52.647369051406756
7716,c,21.161977704269095,31.719693304372505
7717,c,32.33556360763247,40.02176963077306
7718,c,33.8700155962434,38.080945090014126
7719,c,110.92902077380327,110.92902077380327
7720,t,110.92902077380327,110.92902077380327
7721,c,59.835686459067844,67.79628705478832
7722,c,40.333953494270546,66.32098081816036
7723,c,110.92902077380327,110.92902077380327
7724,t,110.92902077380327,110.92902077380327
7725,c,55.5854020426256,62.553999480587365
7726,c,110.92902077380327,110.92902077380327
7727,c,35.295368732758305,35.49486003837613
7728,c,110.92902077380327,110.92902077380327
7729,c,110.92902077380327,110.92902077380327
7730,c,23.194793551613802,24.252084706341083
7731,c,110.92902077380327,110.92902077380327
7732,c,23.428024263325693,30.37950164498888
7733,c,110.92902077380327,110.92902077380327
7734,c,19.648329474770303,21.83302634216137
7735,c,110.92902077380327,110.92902077380327
7736,t,110.92902077380327,110.92902077380327
7737,c,12.128343325510802,16.671733100014553
7738,na,3.1213141336515347,3.9619426111875673
7739,c,12.012742008509479,15.11744120595918
7740,c,110.92902077380327,110.92902077380327
7741,c,110.92902077380327,110.92902077380327
7742,c,18.444717509397954,18.733724276177824
7743,c,110.92902077380327,110.92902077380327
7744,c,110.92902077380327,110.92902077380327
7745,t,110.92902077380327,110.92902077380327
7746,c,30.33691284458402,35.09555962173104
7747,c,110.92902077380327,110.92902077380327
7748,c,110.92902077380327,110.92902077380327
7749,c,110.92902077380327,110.92902077380327
7750,t,110.92902077380327,110.92902077380327
7751,c,22.249519333324027,29.23167653549233
7752,c,30.25846722542605,33.1996381307036
7753,c,42.229632713817395,44.37130907227173
7754,t,110.92902077380327,110.92902077380327
7755,c,110.92902077380327,110.92902077380327
7756,c,110.92902077380327,110.92902077380327
7757,c,17.492883978874193,31.103990279574862
7758,na,7.605635881945326,8.881321302601908
7759,c,47.34868687617637,48.58942904159223
7760,c,6.554003775310241,14.49991793283594
7761,c,110.92902077380327,110.92902077380327
7762,c,22.368384493953084,38.16541644788683
7763,t,110.92902077380327,110.92902077380327
7764,na,8.166830455860637,8.21309095155623
7765,t,110.92902077380327,110.92902077380327
7766,t,110.92902077380327,110.92902077380327
7767,c,110.92902077380327,110.92902077380327
7768,c,30.375344307882145,44.468732105495874
7769,c,110.92902077380327,110.92902077380327
7770,c,110.92902077380327,110.92902077380327
7771,c,47.327151831060526,47.72465906128326
7772,na,0,0.660615858352766
7773,t,110.92902077380327,110.92902077380327
7774,t,110.92902077380327,110.92902077380327
7775,c,31.08586999107368,33.95482123268856
7776,t,110.92902077380327,110.92902077380327
7777,c,36.54191600317015,38.214364788617644
7778,c,46.74062417657925,47.40848538709695
7779,c,23.17094035454256,25.919803174665454
7780,c,110.92902077380327,110.92902077380327
7781,c,110.92902077380327,110.92902077380327
7782,na,0,3.4943812470716495
7783,c,110.92902077380327,110.92902077380327
7784,c,110.92902077380327,110.92902077380327
7785,t,110.92902077380327,110.92902077380327
7786,c,110.92902077380327,110.92902077380327
7787,t,110.92902077380327,110.92902077380327
7788,t,110.92902077380327,110.92902077380327
7789,t,110.92902077380327,110.92902077380327
7790,c,28.70567126561199,29.153965934388335
7791,c,47.9443759791185,56.36916748453971
7792,c,110.92902077380327,110.92902077380327
7793,c,110.92902077380327,110.92902077380327
7794,t,110.92902077380327,110.92902077380327
7795,c,110.92902077380327,110.92902077380327
7796,c,5.553555250692778,5.8919755638669695
7797,c,110.92902077380327,110.92902077380327
7798,c,25.68895162973379,33.153285999624515
7799,c,110.92902077380327,110.92902077380327
7800,t,110.92902077380327,110.92902077380327
7801,c,6.601325760538669,8.379830272747085
7802,c,110.92902077380327,110.92902077380327
7803,c,110.92902077380327,110.92902077380327
7804,t,110.92902077380327,110.92902077380327
7805,c,110.92902077380327,110.92902077380327
7806,c,20.08979257700207,29.648321661440985
7807,c,110.92902077380327,110.92902077380327
7808,c,26.746318036405267,36.3534723315583
7809,c,35.51437793005088,110.92902077380327
7810,t,110.92902077380327,110.92902077380327
7811,t,110.92902077380327,110.92902077380327
7812,c,110.92902077380327,110.92902077380327
7813,c,15.482630051250387,15.652879374805092
7814,c,110.92902077380327,110.92902077380327
7815,t,110.92902077380327,110.92902077380327
7816,c,17.75551486467252,20.553366380654932
7817,c,45.103990408941215,68.5850236634682
7818,c,110.92902077380327,110.92902077380327
7819,c,110.92902077380327,110.92902077380327
7820,t,110.92902077380327,110.92902077380327
7821,c,18.098030156252918,19.15740061556578
7822,c,110.92902077380327,110.92902077380327
7823,c,35.87154745685775,39.704949926102586
7824,c,110.92902077380327,110.92902077380327
7825,c,38.72838409956987,40.31330696897077
7826,c,110.92902077380327,110.92902077380327
7827,t,110.92902077380327,110.92902077380327
7828,c,110.92902077380327,110.92902077380327
7829,c,16.201602464266564,16.74229134947181
7830,c,53.07380709542588,66.86798124384048
7831,t,110.92902077380327,110.92902077380327
7832,c,31.22295362774287,33.157922100677936
7833,t,110.92902077380327,110.92902077380327
7834,t,110.92902077380327,110.92902077380327
7835,t,110.92902077380327,110.92902077380327
7836,t,110.92902077380327,110.92902077380327
7837,t,110.92902077380327,110.92902077380327
7838,c,110.92902077380327,110.92902077380327
7839,t,110.92902077380327,110.92902077380327
7840,t,110.92902077380327,110.92902077380327
7841,t,110.92902077380327,110.92902077380327
7842,t,110.92902077380327,110.92902077380327
7843,t,110.92902077380327,110.92902077380327
7844,t,110.92902077380327,110.92902077380327
7845,t,110.92902077380327,110.92902077380327
7846,c,46.17437765969728,46.83830548852348
7847,c,110.92902077380327,110.92902077380327
7848,c,110.92902077380327,110.92902077380327
7849,t,110.92902077380327,110.92902077380327
7850,c,110.92902077380327,110.92902077380327
7851,t,110.92902077380327,110.92902077380327
7852,c,22.422093733640317,26.788809673452466
7853,c,110.92902077380327,110.92902077380327
7854,c,110.92902077380327,110.92902077380327
7855,t,110.92902077380327,110.92902077380327
7856,c,110.92902077380327,110.92902077380327
7857,c,110.92902077380327,110.92902077380327
7858,t,110.92902077380327,110.92902077380327
7859,c,110.92902077380327,110.92902077380327
7860,c,26.44451364432477,36.46079633099781
7861,t,110.92902077380327,110.92902077380327
7862,c,110.92902077380327,110.92902077380327
7863,t,110.92902077380327,110.92902077380327
7864,c,110.92902077380327,110.92902077380327
7865,c,14.832658244342332,20.678839321598495
7866,c,110.92902077380327,110.92902077380327
7867,t,110.92902077380327,110.92902077380327
7868,t,110.92902077380327,110.92902077380327
7869,c,16.76481154791866,26.48224803825263
7870,c,110.92902077380327,110.92902077380327
7871,c,110.92902077380327,110.92902077380327
7872,c,110.92902077380327,110.92902077380327
7873,c,110.92902077380327,110.92902077380327
7874,c,44.15387706781351,45.97234524643414
7875,c,110.92902077380327,110.92902077380327
7876,c,42.20577023572155,110.92902077380327
7877,c,110.92902077380327,110.92902077380327
7878,c,110.92902077380327,110.92902077380327
7879,c,110.92902077380327,110.92902077380327
7880,c,56.38342420951116,59.70025501984864
7881,c,15.069798529859195,30.13195072914251
7882,t,110.92902077380327,110.92902077380327
7883,c,110.92902077380327,110.92902077380327
7884,c,110.92902077380327,110.92902077380327
7885,c,52.54002683951251,56.173385512948045
7886,t,110.92902077380327,110.92902077380327
7887,c,110.92902077380327,110.92902077380327
7888,c,110.92902077380327,110.92902077380327
7889,t,110.92902077380327,110.92902077380327
7890,c,110.92902077380327,110.92902077380327
7891,c,29.04207785274374,29.528323529418707
7892,t,110.92902077380327,110.92902077380327
7893,c,59.68982827420957,69.92747219521848
7894,c,110.92902077380327,110.92902077380327
7895,c,110.92902077380327,110.92902077380327
7896,c,110.92902077380327,110.92902077380327
7897,c,110.92902077380327,110.92902077380327
7898,t,110.92902077380327,110.92902077380327
7899,c,110.92902077380327,110.92902077380327
7900,c,110.92902077380327,110.92902077380327
7901,t,110.92902077380327,110.92902077380327
7902,c,16.947812029511216,18.48780872251446
7903,c,22.423224059578285,31.397279003908185
7904,c,110.92902077380327,110.92902077380327
7905,c,26.514454808947857,110.92902077380327
7906,c,40.424632752775636,50.94911464202138
7907,c,25.00831055312607,28.162825579482444
7908,na,5.969596268359329,10.882809989129084
7909,c,15.264522141779581,15.484752710317418
7910,na,-1,0
7911,c,15.99860022444831,23.21281647668088
7912,c,32.4088694917369,38.30373824001011
7913,t,110.92902077380327,110.92902077380327
7914,c,110.92902077380327,110.92902077380327
7915,c,15.247702106304791,20.70830930885059
7916,t,110.92902077380327,110.92902077380327
7917,c,110.92902077380327,110.92902077380327
7918,c,19.138681134088486,33.93115242497434
7919,t,110.92902077380327,110.92902077380327
7920,c,110.92902077380327,110.92902077380327
7921,c,110.92902077380327,110.92902077380327
7922,c,16.882577917686994,17.58216304081477
7923,c,110.92902077380327,110.92902077380327
7924,c,11.571056111681079,15.626414737543532
7925,c,110.92902077380327,110.92902077380327
7926,na,-1,0
7927,c,110.92902077380327,110.92902077380327
7928,c,25.983621676136003,30.50621202726235
7929,c,33.357891405558405,110.92902077380327
7930,c,31.29211304471908,32.377220538939774
7931,c,110.92902077380327,110.92902077380327
7932,c,19.808279543062604,23.463641410981467
7933,t,110.92902077380327,110.92902077380327
7934,c,110.92902077380327,110.92902077380327
7935,t,110.92902077380327,110.92902077380327
7936,c,110.92902077380327,110.92902077380327
7937,c,35.86146578058423,39.94819418862743
7938,c,110.92902077380327,110.92902077380327
7939,t,110.92902077380327,110.92902077380327
7940,t,110.92902077380327,110.92902077380327
7941,c,42.46861893411524,44.842058623343455
7942,c,110.92902077380327,110.92902077380327
7943,c,15.299809227191115,28.11578560256329
7944,c,16.234739576637946,19.539436020307143
7945,c,33.67444742756988,34.23112254387713
7946,c,110.92902077380327,110.92902077380327
7947,c,19.783727385475327,27.953350811587047
7948,c,110.92902077380327,110.92902077380327
7949,c,24.776886768268895,31.338423264489403
7950,c,67.55617239275773,75.52380248224095
7951,c,110.92902077380327,110.92902077380327
7952,c,110.92902077380327,110.92902077380327
7953,c,12.823305373849566,23.16700193876173
7954,c,110.92902077380327,110.92902077380327
7955,c,3.0702331128327938,4.447364677981991
7956,c,9.195781532596424,9.257682982600995
7957,c,19.524397834768692,29.95194802851253
7958,c,110.92902077380327,110.92902077380327
7959,c,110.92902077380327,110.92902077380327
7960,c,110.92902077380327,110.92902077380327
7961,t,110.92902077380327,110.92902077380327
7962,t,110.92902077380327,110.92902077380327
7963,c,17.622490226472173,110.92902077380327
7964,c,110.92902077380327,110.92902077380327
7965,t,110.92902077380327,110.92902077380327
7966,c,110.92902077380327,110.92902077380327
7967,c,37.836397142532576,38.70207242144434
7968,c,110.92902077380327,110.92902077380327
7969,c,110.92902077380327,110.92902077380327
7970,c,110.92902077380327,110.92902077380327
7971,c,110.92902077380327,110.92902077380327
7972,c,26.921981957357946,29.588624406112736
7973,t,110.92902077380327,110.92902077380327
7974,c,14.575043024210718,15.014432821334875
7975,c,22.11294663527945,27.943826132277817
7976,t,110.92902077380327,110.92902077380327
7977,c,110.92902077380327,110.92902077380327
7978,c,22.954257644893143,26.980414844325765
7979,c,110.92902077380327,110.92902077380327
7980,c,110.92902077380327,110.92902077380327
7981,t,110.92902077380327,110.92902077380327
7982,na,0.06004031162741618,110.92902077380327
7983,c,110.92902077380327,110.92902077380327
7984,c,8.017151887202361,10.827900964087906
7985,t,110.92902077380327,110.92902077380327
7986,c,41.37440381589589,110.92902077380327
7987,c,28.286717232372727,34.047125626297465
7988,t,110.92902077380327,110.92902077380327
7989,c,110.92902077380327,110.92902077380327
7990,t,110.92902077380327,110.92902077380327
7991,c,41.46744347913988,42.003088671724946
7992,c,110.92902077380327,110.92902077380327
7993,c,110.92902077380327,110.92902077380327
7994,c,63.46083949770257,110.92902077380327
7995,t,110.92902077380327,110.92902077380327
7996,c,110.92902077380327,110.92902077380327
7997,c,1.6559993956851453,6.3758868988083695
7998,c,26.849976807755652,29.130787284424105
7999,c,20.692666331243,25.578054780429834
8000,c,110.92902077380327,110.92902077380327
8001,c,22.688644948639347,30.45824687951303
8002,c,23.491099430087743,33.040263233253505
8003,c,32.029009421184924,39.110441566057574
8004,c,27.8758169296811,35.9208711697179
8005,c,49.45465989238082,56.564496446731155
8006,c,110.92902077380327,110.92902077380327
8007,c,110.92902077380327,110.92902077380327
8008,t,110.92902077380327,110.92902077380327
8009,c,110.92902077380327,110.92902077380327
8010,c,110.92902077380327,110.92902077380327
8011,c,110.92902077380327,110.92902077380327
8012,c,110.92902077380327,110.92902077380327
8013,c,18.66622294277203,25.508964516102314
8014,t,110.92902077380327,110.92902077380327
8015,c,23.305126870970962,23.707819423674074
8016,c,110.92902077380327,110.92902077380327
8017,c,43.431195109678065,45.15807710182201
8018,c,110.92902077380327,110.92902077380327
8019,t,110.92902077380327,110.92902077380327
8020,c,110.92902077380327,110.92902077380327
8021,c,110.92902077380327,110.92902077380327
8022,c,110.92902077380327,110.92902077380327
8023,c,110.92902077380327,110.92902077380327
8024,t,110.92902077380327,110.92902077380327
8025,c,110.92902077380327,110.92902077380327
8026,c,110.92902077380327,110.92902077380327
8027,c,33.1003784087692,42.82704058651853
8028,t,110.92902077380327,110.92902077380327
8029,t,110.92902077380327,110.92902077380327
8030,c,110.92902077380327,110.92902077380327
8031,c,110.92902077380327,110.92902077380327
8032,c,12.158851238619777,16.2144112061202
8033,c,43.46909319003174,52.18198933398738
8034,t,110.92902077380327,110.92902077380327
8035,c,20.68400513638981,22.727182817160692
8036,c,110.92902077380327,110.92902077380327
8037,c,110.92902077380327,110.92902077380327
8038,c,37.614454950648785,110.92902077380327
8039,c,110.92902077380327,110.92902077380327
8040,t,110.92902077380327,110.92902077380327
8041,c,110.92902077380327,110.92902077380327
8042,c,110.92902077380327,110.92902077380327
8043,c,19.670234894092413,20.690126446657217
8044,c,35.81418217742995,42.13514704692095
8045,c,60.434536392556225,60.586175830908616
8046,t,110.92902077380327,110.92902077380327
8047,c,110.92902077380327,110.92902077380327
8048,c,32.42734729384037,35.381233273847585
8049,c,38.759808704103754,39.65031111716493
8050,c,110.92902077380327,110.92902077380327
8051,c,110.92902077380327,110.92902077380327
8052,c,55.289100911881384,56.2278293043124
8053,c,110.92902077380327,110.92902077380327
8054,c,8.665612911405493,9.227650629054136
8055,t,110.92902077380327,110.92902077380327
8056,c,110.92902077380327,110.92902077380327
8057,c,23.93179078837164,27.415844628020505
8058,c,110.92902077380327,110.92902077380327
8059,t,110.92902077380327,110.92902077380327
8060,c,110.92902077380327,110.92902077380327
8061,t,110.92902077380327,110.92902077380327
8062,c,65.16568635161902,67.87032892422923
8063,c,110.92902077380327,110.92902077380327
8064,t,110.92902077380327,110.92902077380327
8065,c,8.482703852113316,9.412447435119251
8066,c,110.92902077380327,110.92902077380327
8067,c,56.0451139992551,59.355847603977296
8068,c,110.92902077380327,110.92902077380327
8069,c,46.99988767921026,48.3638268962488
8070,c,31.948513541614993,39.141599606459565
8071,c,110.92902077380327,110.92902077380327
8072,t,110.92902077380327,110.92902077380327
8073,c,40.69865068567246,45.49931511250636
8074,c,15.264031542282451,15.742500459706768
8075,c,110.92902077380327,110.92902077380327
8076,t,110.92902077380327,110.92902077380327
8077,t,110.92902077380327,110.92902077380327
8078,c,43.574896509819716,50.81690353616723
8079,c,49.222048512015,64.86721160230141
8080,c,110.92902077380327,110.92902077380327
8081,c,110.92902077380327,110.92902077380327
8082,c,110.92902077380327,110.92902077380327
8083,c,26.558097033607876,110.92902077380327
8084,c,26.281121905675683,28.95927263034533
8085,c,9.79899413374019,15.297017103338975
8086,c,110.92902077380327,110.92902077380327
8087,t,110.92902077380327,110.92902077380327
8088,t,110.92902077380327,110.92902077380327
8089,c,110.92902077380327,110.92902077380327
8090,c,110.92902077380327,110.92902077380327
8091,c,110.92902077380327,110.92902077380327
8092,t,110.92902077380327,110.92902077380327
8093,c,110.92902077380327,110.92902077380327
8094,c,110.92902077380327,110.92902077380327
8095,t,110.92902077380327,110.92902077380327
8096,c,110.92902077380327,110.92902077380327
8097,t,110.92902077380327,110.92902077380327
8098,c,110.92902077380327,110.92902077380327
8099,c,47.436027396346695,51.244841427265854
8100,t,110.92902077380327,110.92902077380327
8101,c,110.92902077380327,110.92902077380327
8102,c,53.65968446216271,56.79789380712112
8103,c,19.516362411090004,24.1238428348543
8104,c,25.216540978407238,26.451080937208907
8105,c,110.92902077380327,110.92902077380327
8106,c,110.92902077380327,110.92902077380327
8107,c,110.92902077380327,110.92902077380327
8108,c,110.92902077380327,110.92902077380327
8109,c,110.92902077380327,110.92902077380327
8110,t,110.92902077380327,110.92902077380327
8111,na,0,5.0601015916140755
8112,c,110.92902077380327,110.92902077380327
8113,t,110.92902077380327,110.92902077380327
8114,c,23.189257543561734,27.193868947238993
8115,c,110.92902077380327,110.92902077380327
8116,c,36.72417154978753,39.35532757324456
8117,c,30.98150901263778,31.970410733933946
8118,t,110.92902077380327,110.92902077380327
8119,c,110.92902077380327,110.92902077380327
8120,c,110.92902077380327,110.92902077380327
8121,t,110.92902077380327,110.92902077380327
8122,c,110.92902077380327,110.92902077380327
8123,c,110.92902077380327,110.92902077380327
8124,c,110.92902077380327,110.92902077380327
8125,c,110.92902077380327,110.92902077380327
8126,t,110.92902077380327,110.92902077380327
8127,c,110.92902077380327,110.92902077380327
8128,t,110.92902077380327,110.92902077380327
8129,t,110.92902077380327,110.92902077380327
8130,c,24.683189549188082,24.89575352786911
8131,t,110.92902077380327,110.92902077380327
8132,c,23.554558356534404,26.687572413560353
8133,c,41.8669826678697,46.61585943263132
8134,c,12.30729735272297,12.510742281047548
8135,t,110.92902077380327,110.92902077380327
8136,c,110.92902077380327,110.92902077380327
8137,c,110.92902077380327,110.92902077380327
8138,c,32.4267429195134,39.434738561781046
8139,c,110.92902077380327,110.92902077380327
8140,c,10.467036680108185,17.757372832054383
8141,c,110.92902077380327,110.92902077380327
8142,c,21.825332930734998,27.39733727917488
8143,c,45.98675229764623,58.77381255714538
8144,c,110.92902077380327,110.92902077380327
8145,c,110.92902077380327,110.92902077380327
8146,c,110.92902077380327,110.92902077380327
8147,t,110.92902077380327,110.92902077380327
8148,c,23.56074589424898,110.92902077380327
8149,c,110.92902077380327,110.92902077380327
8150,t,110.92902077380327,110.92902077380327
8151,c,20.232432472193036,23.257493126234156
8152,c,110.92902077380327,110.92902077380327
8153,c,26.458289884399797,28.535130739178786
8154,c,110.92902077380327,110.92902077380327
8155,c,110.92902077380327,110.92902077380327
8156,t,110.92902077380327,110.92902077380327
8157,na,-1,0
8158,c,68.50144565202355,75.55052343325406
8159,c,25.96758804151584,33.29667123359274
8160,c,34.43053787824113,39.112410153863586
8161,c,110.92902077380327,110.92902077380327
8162,c,61.78047986711232,69.25687809303416
8163,c,7.389192991602127,11.031005799512844
8164,na,4.465295261611833,15.049718089258098
8165,c,25.343212177127423,26.947718819278553
8166,t,110.92902077380327,110.92902077380327
8167,c,8.285648508525396,8.492804894399708
8168,c,32.664573227456124,36.10418578766099
8169,c,43.690761638007956,60.2615233485331
8170,c,110.92902077380327,110.92902077380327
8171,c,110.92902077380327,110.92902077380327
8172,c,23.017860361399773,27.84014534212161
8173,c,110.92902077380327,110.92902077380327
8174,c,110.92902077380327,110.92902077380327
8175,c,29.22608355908132,110.92902077380327
8176,na,6.832534061785767,11.938149618422448
8177,c,42.73196411654111,43.105728983183816
8178,t,110.92902077380327,110.92902077380327
8179,c,110.92902077380327,110.92902077380327
8180,c,110.92902077380327,110.92902077380327
8181,t,110.92902077380327,110.92902077380327
8182,c,81.78162967461252,84.37544336893112
8183,c,110.92902077380327,110.92902077380327
8184,c,110.92902077380327,110.92902077380327
8185,c,110.92902077380327,110.92902077380327
8186,c,24.785275451746656,26.5623794107492
8187,c,110.92902077380327,110.92902077380327
8188,c,110.92902077380327,110.92902077380327
8189,c,110.92902077380327,110.92902077380327
8190,t,110.92902077380327,110.92902077380327
8191,c,9.173098226199969,13.07000225088552
8192,c,39.05303573872326,110.92902077380327
8193,c,110.92902077380327,110.92902077380327
8194,t,110.92902077380327,110.92902077380327
8195,c,52.33535334708588,59.751744456612975
8196,c,110.92902077380327,110.92902077380327
8197,c,29.649644145345448,30.53488382406914
8198,c,110.92902077380327,110.92902077380327
8199,c,110.92902077380327,110.92902077380327
8200,c,110.92902077380327,110.92902077380327
8201,c,27.387377293406992,33.544261600741315
8202,c,12.60874466807612,22.760112944333482
8203,c,4.033147208771961,10.553410006203622
8204,c,110.92902077380327,110.92902077380327
8205,c,15.222574960520632,15.891834769720093
8206,c,44.10176552156439,49.44245990732722
8207,c,110.92902077380327,110.92902077380327
8208,c,110.92902077380327,110.92902077380327
8209,c,37.761263727591206,42.14099921312717
8210,c,38.85546272144112,42.76402338170657
8211,t,110.92902077380327,110.92902077380327
8212,c,110.92902077380327,110.92902077380327
8213,c,35.10097605790731,40.58355625528254
8214,t,110.92902077380327,110.92902077380327
8215,t,110.92902077380327,110.92902077380327
8216,c,110.92902077380327,110.92902077380327
8217,t,110.92902077380327,110.92902077380327
8218,c,110.92902077380327,110.92902077380327
8219,c,110.92902077380327,110.92902077380327
8220,c,110.92902077380327,110.92902077380327
8221,c,110.92902077380327,110.92902077380327
8222,t,110.92902077380327,110.92902077380327
8223,c,110.92902077380327,110.92902077380327
8224,c,17.56952127187428,20.043798766096355
8225,t,110.92902077380327,110.92902077380327
8226,c,110.92902077380327,110.92902077380327
8227,c,23.944179253389812,30.564310926263943
8228,t,110.92902077380327,110.92902077380327
8229,c,110.92902077380327,110.92902077380327
8230,c,22.879925358659833,23.166471728710075
8231,c,23.109191878603877,27.554280126221368
8232,c,110.92902077380327,110.92902077380327
8233,c,25.849620889957162,27.687285537126538
8234,c,26.6268039308903,28.16863444960402
8235,c,49.94060798955825,110.92902077380327
8236,c,110.92902077380327,110.92902077380327
8237,c,110.92902077380327,110.92902077380327
8238,c,110.92902077380327,110.92902077380327
8239,c,110.92902077380327,110.92902077380327
8240,c,29.545841231651252,33.25339298264001
8241,c,16.192014606550472,17.57496161255843
8242,t,110.92902077380327,110.92902077380327
8243,c,110.92902077380327,110.92902077380327
8244,c,55.44159465908639,67.59410555290053
8245,t,110.92902077380327,110.92902077380327
8246,c,110.92902077380327,110.92902077380327
8247,t,110.92902077380327,110.92902077380327
8248,c,110.92902077380327,110.92902077380327
8249,c,110.92902077380327,110.92902077380327
8250,t,110.92902077380327,110.92902077380327
8251,c,110.92902077380327,110.92902077380327
8252,c,11.8265363193758,12.819295267882943
8253,c,43.95867168208699,46.29272481818126
8254,c,110.92902077380327,110.92902077380327
8255,c,110.92902077380327,110.92902077380327
8256,c,29.89964168479294,110.92902077380327
8257,t,110.92902077380327,110.92902077380327
8258,c,110.92902077380327,110.92902077380327
8259,c,110.92902077380327,110.92902077380327
8260,c,31.68709738916883,38.40765427098176
8261,c,45.5810271036895,47.936765639811895
8262,c,10.852473237134712,12.131644116015968
8263,na,0,6.219140560372585
8264,c,19.203051996756564,20.509018304803018
8265,c,110.92902077380327,110.92902077380327
8266,c,21.51732695975375,25.259160489365744
8267,c,110.92902077380327,110.92902077380327
8268,c,110.92902077380327,110.92902077380327
8269,c,55.24882106914679,58.96382679363925
8270,t,110.92902077380327,110.92902077380327
8271,t,110.92902077380327,110.92902077380327
8272,c,36.32187591879054,36.403068298080655
8273,c,38.21148700872285,39.473474073548175
8274,c,110.92902077380327,110.92902077380327
8275,c,110.92902077380327,110.92902077380327
8276,c,110.92902077380327,110.92902077380327
8277,c,110.92902077380327,110.92902077380327
8278,c,16.425487489281508,18.003275815406617
8279,c,110.92902077380327,110.92902077380327
8280,t,110.92902077380327,110.92902077380327
8281,c,110.92902077380327,110.92902077380327
8282,c,110.92902077380327,110.92902077380327
8283,c,110.92902077380327,110.92902077380327
8284,c,110.92902077380327,110.92902077380327
8285,t,110.92902077380327,110.92902077380327
8286,c,43.14216751864752,44.6252847790106
8287,t,110.92902077380327,110.92902077380327
8288,t,110.92902077380327,110.92902077380327
8289,c,110.92902077380327,110.92902077380327
8290,t,110.92902077380327,110.92902077380327
8291,t,110.92902077380327,110.92902077380327
8292,c,110.92902077380327,110.92902077380327
8293,c,17.389590080630214,110.92902077380327
8294,c,16.087919787918523,22.1681559321581
8295,c,31.05097570216813,34.90455386438445
8296,c,30.403995777992627,34.178405347383105
8297,c,110.92902077380327,110.92902077380327
8298,c,110.92902077380327,110.92902077380327
8299,c,19.873799505534627,22.47121205723415
8300,c,110.92902077380327,110.92902077380327
8301,t,110.92902077380327,110.92902077380327
8302,c,110.92902077380327,110.92902077380327
8303,c,38.390726683650186,62.57348490963975
8304,c,110.92902077380327,110.92902077380327
8305,c,41.53430430351705,43.61278393006789
8306,c,110.92902077380327,110.92902077380327
8307,c,110.92902077380327,110.92902077380327
8308,c,37.04461455270724,46.121222669977705
8309,c,110.92902077380327,110.92902077380327
8310,c,110.92902077380327,110.92902077380327
8311,c,110.92902077380327,110.92902077380327
8312,t,110.92902077380327,110.92902077380327
8313,c,110.92902077380327,110.92902077380327
8314,c,26.38257219483008,26.697331302445978
8315,t,110.92902077380327,110.92902077380327
8316,c,110.92902077380327,110.92902077380327
8317,c,42.07760547628589,45.14993379186098
8318,t,110.92902077380327,110.92902077380327
8319,c,110.92902077380327,110.92902077380327
8320,t,110.92902077380327,110.92902077380327
8321,c,5.502187552504993,13.862601718602013
8322,c,110.92902077380327,110.92902077380327
8323,c,110.92902077380327,110.92902077380327
8324,t,110.92902077380327,110.92902077380327
8325,c,38.758178302770425,56.006699169800925
8326,c,110.92902077380327,110.92902077380327
8327,c,110.92902077380327,110.92902077380327
8328,c,110.92902077380327,110.92902077380327
8329,na,-1,0
8330,t,110.92902077380327,110.92902077380327
8331,t,110.92902077380327,110.92902077380327
8332,t,110.92902077380327,110.92902077380327
8333,c,46.569119449549845,46.66259214661108
8334,c,110.92902077380327,110.92902077380327
8335,c,110.92902077380327,110.92902077380327
8336,c,110.92902077380327,110.92902077380327
8337,t,110.92902077380327,110.92902077380327
8338,na,-1,0
8339,na,0,2.4122462414397026
8340,c,38.578840750309624,46.99948281247681
8341,c,39.61609904135841,41.26767528928525
8342,c,110.92902077380327,110.92902077380327
8343,c,110.92902077380327,110.92902077380327
8344,c,110.92902077380327,110.92902077380327
8345,c,110.92902077380327,110.92902077380327
8346,c,45.340945065206164,45.64181424313982
8347,c,110.92902077380327,110.92902077380327
8348,c,110.92902077380327,110.92902077380327
8349,c,110.92902077380327,110.92902077380327
8350,c,40.31586215596012,51.15080840875864
8351,c,110.92902077380327,110.92902077380327
8352,c,110.92902077380327,110.92902077380327
8353,c,110.92902077380327,110.92902077380327
8354,c,110.92902077380327,110.92902077380327
8355,t,110.92902077380327,110.92902077380327
8356,t,110.92902077380327,110.92902077380327
8357,t,110.92902077380327,110.92902077380327
8358,c,43.97279561963839,50.271485401827654
8359,c,20.264334850410428,25.706697220588058
8360,c,110.92902077380327,110.92902077380327
8361,c,110.92902077380327,110.92902077380327
8362,t,110.92902077380327,110.92902077380327
8363,t,110.92902077380327,110.92902077380327
8364,t,110.92902077380327,110.92902077380327
8365,c,110.92902077380327,110.92902077380327
8366,na,0,110.92902077380327
8367,c,110.92902077380327,110.92902077380327
8368,c,29.31421007396682,31.15039891136194
8369,c,110.92902077380327,110.92902077380327
8370,c,36.9001008794178,38.45466419497119
8371,c,23.197614949962226,23.393854902420863
8372,c,110.92902077380327,110.92902077380327
8373,c,110.92902077380327,110.92902077380327
8374,c,110.92902077380327,110.92902077380327
8375,t,110.92902077380327,110.92902077380327
8376,t,110.92902077380327,110.92902077380327
8377,t,110.92902077380327,110.92902077380327
8378,c,105.85369966659283,107.64959779188403
8379,t,110.92902077380327,110.92902077380327
8380,na,0.8467169473476639,7.48147275392631
8381,c,110.92902077380327,110.92902077380327
8382,t,110.92902077380327,110.92902077380327
8383,t,110.92902077380327,110.92902077380327
8384,c,40.40884390390367,43.504872798689696
8385,c,110.92902077380327,110.92902077380327
8386,c,110.92902077380327,110.92902077380327
8387,c,39.98385896333401,44.70205665280988
8388,t,110.92902077380327,110.92902077380327
8389,c,25.064283343571585,32.01084866082088
8390,t,110.92902077380327,110.92902077380327
8391,c,110.92902077380327,110.92902077380327
8392,c,110.92902077380327,110.92902077380327
8393,t,110.92902077380327,110.92902077380327
8394,c,71.20136018243808,73.61532767774615
8395,c,110.92902077380327,110.92902077380327
8396,t,110.92902077380327,110.92902077380327
8397,c,110.92902077380327,110.92902077380327
8398,c,110.92902077380327,110.92902077380327
8399,c,31.954504051976127,37.00425849945507
8400,t,110.92902077380327,110.92902077380327
8401,c,110.92902077380327,110.92902077380327
8402,c,110.92902077380327,110.92902077380327
8403,t,110.92902077380327,110.92902077380327
8404,t,110.92902077380327,110.92902077380327
8405,c,110.92902077380327,110.92902077380327
8406,c,28.759814856725562,29.394520534520773
8407,c,110.92902077380327,110.92902077380327
8408,c,68.74880903521161,69.36817782848634
8409,c,110.92902077380327,110.92902077380327
8410,c,110.92902077380327,110.92902077380327
8411,na,-1,0
8412,c,20.228518620004067,23.06130395333131
8413,c,110.92902077380327,110.92902077380327
8414,c,110.92902077380327,110.92902077380327
8415,c,31.373741379607917,110.92902077380327
8416,t,110.92902077380327,110.92902077380327
8417,c,25.54097054603988,28.359711883002237
8418,c,110.92902077380327,110.92902077380327
8419,c,41.869210523359726,43.61784092165266
8420,c,110.92902077380327,110.92902077380327
8421,c,110.92902077380327,110.92902077380327
8422,c,110.92902077380327,110.92902077380327
8423,c,44.018797163148875,53.535920853423875
8424,t,110.92902077380327,110.92902077380327
8425,c,110.92902077380327,110.92902077380327
8426,t,110.92902077380327,110.92902077380327
8427,c,110.92902077380327,110.92902077380327
8428,c,110.92902077380327,110.92902077380327
8429,t,110.92902077380327,110.92902077380327
8430,c,44.81468746739124,47.295828812931944
8431,c,110.92902077380327,110.92902077380327
8432,c,110.92902077380327,110.92902077380327
8433,c,110.92902077380327,110.92902077380327
8434,c,110.92902077380327,110.92902077380327
8435,c,110.92902077380327,110.92902077380327
8436,c,110.92902077380327,110.92902077380327
8437,c,110.92902077380327,110.92902077380327
8438,c,110.92902077380327,110.92902077380327
8439,c,110.92902077380327,110.92902077380327
8440,c,110.92902077380327,110.92902077380327
8441,c,110.92902077380327,110.92902077380327
8442,c,110.92902077380327,110.92902077380327
8443,c,110.92902077380327,110.92902077380327
8444,c,26.86028936401512,29.174513183227184
8445,c,75.56819868034782,79.0700925882255
8446,c,28.738193244866277,34.6140966373743
8447,c,110.92902077380327,110.92902077380327
8448,c,22.44949306994843,28.475854154946497
8449,c,33.75419898830239,34.90226430417909
8450,c,110.92902077380327,110.92902077380327
8451,c,110.92902077380327,110.92902077380327
8452,c,110.92902077380327,110.92902077380327
8453,c,110.92902077380327,110.92902077380327
8454,c,19.855132955394108,21.564770462188793
8455,c,35.916056361852576,36.32373857309571
8456,c,13.508926440800614,19.821363837126118
8457,c,14.352499153252715,18.24135638060819
8458,c,110.92902077380327,110.92902077380327
8459,t,110.92902077380327,110.92902077380327
8460,c,18.289775406314202,110.92902077380327
8461,c,30.550808878556516,30.94628592561909
8462,c,34.402093065600816,34.57286248470857
8463,c,110.92902077380327,110.92902077380327
8464,t,110.92902077380327,110.92902077380327
8465,c,70.80212022051154,83.62345811981554
8466,t,110.92902077380327,110.92902077380327
8467,c,32.58665870652888,34.96408626885476
8468,c,110.92902077380327,110.92902077380327
8469,c,110.92902077380327,110.92902077380327
8470,c,110.92902077380327,110.92902077380327
8471,t,110.92902077380327,110.92902077380327
8472,c,71.07962061438077,77.34374223587734
8473,c,110.92902077380327,110.92902077380327
8474,t,110.92902077380327,110.92902077380327
8475,c,110.92902077380327,110.92902077380327
8476,t,110.92902077380327,110.92902077380327
8477,c,26.22149797406216,28.76833821534834
8478,na,-1,0
8479,c,110.92902077380327,110.92902077380327
8480,c,17.169100626472815,25.490298199382778
8481,c,29.30018351986102,29.350678642705194
8482,c,110.92902077380327,110.92902077380327
8483,c,110.92902077380327,110.92902077380327
8484,t,110.92902077380327,110.92902077380327
8485,c,110.92902077380327,110.92902077380327
8486,t,110.92902077380327,110.92902077380327
8487,c,37.72974280314891,42.172092893471344
8488,c,110.92902077380327,110.92902077380327
8489,c,37.32908344302491,46.30160353295386
8490,c,110.92902077380327,110.92902077380327
8491,c,54.4816670773876,110.92902077380327
8492,c,110.92902077380327,110.92902077380327
8493,c,27.421728469694134,31.429921120777802
8494,c,110.92902077380327,110.92902077380327
8495,c,37.61727480242474,38.65142181680018
8496,c,17.29832509362428,21.154422048488815
8497,c,110.92902077380327,110.92902077380327
8498,t,110.92902077380327,110.92902077380327
8499,c,110.92902077380327,110.92902077380327
8500,c,110.92902077380327,110.92902077380327
8501,c,110.92902077380327,110.92902077380327
8502,c,27.21468132228761,30.14860843812201
8503,c,40.15441403464763,45.428792487267806
8504,c,110.92902077380327,110.92902077380327
8505,c,110.92902077380327,110.92902077380327
8506,c,31.041696556778955,110.92902077380327
8507,c,110.92902077380327,110.92902077380327
8508,c,110.92902077380327,110.92902077380327
8509,c,32.27611529466697,33.01004634256225
8510,na,0,110.92902077380327
8511,c,110.92902077380327,110.92902077380327
8512,t,110.92902077380327,110.92902077380327
8513,c,41.0182712021713,42.54120530435597
8514,c,54.38136846813597,59.05869592771783
8515,c,18.22752237996871,19.646409955693674
8516,c,27.105243605645786,27.28671565867225
8517,c,110.92902077380327,110.92902077380327
8518,c,38.904514629235884,40.167208599270126
8519,c,110.92902077380327,110.92902077380327
8520,t,110.92902077380327,110.92902077380327
8521,c,110.92902077380327,110.92902077380327
8522,c,110.92902077380327,110.92902077380327
8523,t,110.92902077380327,110.92902077380327
8524,c,42.12421934690478,50.50656051001754
8525,c,35.771197748890394,36.8684566172998
8526,c,110.92902077380327,110.92902077380327
8527,c,110.92902077380327,110.92902077380327
8528,c,23.01177837430917,24.82124643486234
8529,c,110.92902077380327,110.92902077380327
8530,c,20.453130434270506,38.59158417138608
8531,t,110.92902077380327,110.92902077380327
8532,c,19.272893204146257,27.814259844648006
8533,t,110.92902077380327,110.92902077380327
8534,c,110.92902077380327,110.92902077380327
8535,t,110.92902077380327,110.92902077380327
8536,c,110.92902077380327,110.92902077380327
8537,na,-1,0
8538,t,110.92902077380327,110.92902077380327
8539,t,110.92902077380327,110.92902077380327
8540,c,62.120769044258004,62.24665246554469
8541,t,110.92902077380327,110.92902077380327
8542,t,110.92902077380327,110.92902077380327
8543,t,110.92902077380327,110.92902077380327
8544,c,110.92902077380327,110.92902077380327
8545,c,110.92902077380327,110.92902077380327
8546,c,110.92902077380327,110.92902077380327
8547,c,110.92902077380327,110.92902077380327
8548,c,26.07596617156333,27.343448879683528
8549,c,24.198994309551228,24.949839923757462
8550,c,110.92902077380327,110.92902077380327
8551,c,21.834350778582383,28.084432363713894
8552,c,42.853970814933746,44.11434548911726
8553,t,110.92902077380327,110.92902077380327
8554,c,110.92902077380327,110.92902077380327
8555,c,49.238208548595665,110.92902077380327
8556,t,110.92902077380327,110.92902077380327
8557,c,110.92902077380327,110.92902077380327
8558,c,110.92902077380327,110.92902077380327
8559,c,110.92902077380327,110.92902077380327
8560,c,38.26356067098147,39.16942328012838
8561,c,110.92902077380327,110.92902077380327
8562,c,43.13405294032116,110.92902077380327
8563,c,44.98654764231165,45.06315005364364
8564,c,110.92902077380327,110.92902077380327
8565,c,110.92902077380327,110.92902077380327
8566,c,110.92902077380327,110.92902077380327
8567,c,20.83176727224363,27.556616865212977
8568,c,28.117128248445606,30.608091471337836
8569,c,16.832020158359917,18.585642348835535
8570,c,26.484715418609714,39.92251014326416
8571,t,110.92902077380327,110.92902077380327
8572,c,16.263076222788747,18.636264745526724
8573,c,110.92902077380327,110.92902077380327
8574,c,110.92902077380327,110.92902077380327
8575,c,110.92902077380327,110.92902077380327
8576,t,110.92902077380327,110.92902077380327
8577,c,110.92902077380327,110.92902077380327
8578,c,110.92902077380327,110.92902077380327
8579,t,110.92902077380327,110.92902077380327
8580,c,110.92902077380327,110.92902077380327
8581,c,110.92902077380327,110.92902077380327
8582,c,25.715776971877478,28.444974709808616
8583,t,110.92902077380327,110.92902077380327
8584,c,110.92902077380327,110.92902077380327
8585,c,110.92902077380327,110.92902077380327
8586,c,110.92902077380327,110.92902077380327
8587,t,110.92902077380327,110.92902077380327
8588,c,110.92902077380327,110.92902077380327
8589,c,110.92902077380327,110.92902077380327
8590,c,28.818034334116085,34.05177165042299
8591,c,39.54388850065545,40.62434771515934
8592,c,110.92902077380327,110.92902077380327
8593,c,47.89838365858394,54.061512608512224
8594,c,110.92902077380327,110.92902077380327
8595,t,110.92902077380327,110.92902077380327
8596,c,110.92902077380327,110.92902077380327
8597,c,110.92902077380327,110.92902077380327
8598,c,110.92902077380327,110.92902077380327
8599,c,110.92902077380327,110.92902077380327
8600,t,110.92902077380327,110.92902077380327
8601,t,110.92902077380327,110.92902077380327
8602,c,16.052648434056305,110.92902077380327
8603,c,110.92902077380327,110.92902077380327
8604,t,110.92902077380327,110.92902077380327
8605,c,20.305350382212126,31.030875028682715
8606,t,110.92902077380327,110.92902077380327
8607,c,110.92902077380327,110.92902077380327
8608,c,14.274584438434747,21.33432487476676
8609,c,110.92902077380327,110.92902077380327
8610,c,110.92902077380327,110.92902077380327
8611,c,110.92902077380327,110.92902077380327
8612,c,32.79992992388782,33.10985327521884
8613,t,110.92902077380327,110.92902077380327
8614,c,110.92902077380327,110.92902077380327
8615,t,110.92902077380327,110.92902077380327
8616,t,110.92902077380327,110.92902077380327
8617,t,110.92902077380327,110.92902077380327
8618,c,67.1626749226206,67.49443244015357
8619,na,0.4686397232628352,5.593756449645226
8620,c,110.92902077380327,110.92902077380327
8621,c,9.071731537354594,10.195877047170393
8622,c,110.92902077380327,110.92902077380327
8623,na,0,15.034026249921848
8624,c,110.92902077380327,110.92902077380327
8625,c,110.92902077380327,110.92902077380327
8626,c,0.8779481556668174,2.861531878283785
8627,c,110.92902077380327,110.92902077380327
8628,t,110.92902077380327,110.92902077380327
8629,c,110.92902077380327,110.92902077380327
8630,c,110.92902077380327,110.92902077380327
8631,c,9.650912048041564,12.08828800448474
8632,c,110.92902077380327,110.92902077380327
8633,c,110.92902077380327,110.92902077380327
8634,c,21.529320491647493,22.31991032722795
8635,c,20.035087030265302,23.506051559888828
8636,c,110.92902077380327,110.92902077380327
8637,c,110.92902077380327,110.92902077380327
8638,c,12.799445595648635,110.92902077380327
8639,c,26.45177139507911,110.92902077380327
8640,c,28.520331025309297,36.53612932437937
8641,c,28.604780899665794,110.92902077380327
8642,c,110.92902077380327,110.92902077380327
8643,c,11.341871475710347,13.406795895117346
8644,c,110.92902077380327,110.92902077380327
8645,c,110.92902077380327,110.92902077380327
8646,c,9.969866358619528,12.261735361915765
8647,c,110.92902077380327,110.92902077380327
8648,t,110.92902077380327,110.92902077380327
8649,c,110.92902077380327,110.92902077380327
8650,c,34.024140401791996,42.74212726688914
8651,c,110.92902077380327,110.92902077380327
8652,t,110.92902077380327,110.92902077380327
8653,c,110.92902077380327,110.92902077380327
8654,c,44.61242704737461,50.566904509131
8655,c,110.92902077380327,110.92902077380327
8656,c,57.12266493121456,74.01533040904744
8657,na,0.9027717441818577,2.717456338274713
8658,c,110.92902077380327,110.92902077380327
8659,c,15.269368185907826,20.092641895360526
8660,c,110.92902077380327,110.92902077380327
8661,c,110.92902077380327,110.92902077380327
8662,c,25.041939998749516,60.12502424587125
8663,t,110.92902077380327,110.92902077380327
8664,t,110.92902077380327,110.92902077380327
8665,c,110.92902077380327,110.92902077380327
8666,t,110.92902077380327,110.92902077380327
8667,c,110.92902077380327,110.92902077380327
8668,c,49.45568158141439,60.975898492225134
8669,c,110.92902077380327,110.92902077380327
8670,c,24.05833390248716,30.268417476608313
8671,c,16.447809675131115,28.585904124608515
8672,c,2.9168822615920798,4.802641622125327
8673,c,44.98576333428757,49.63296565232433
8674,c,41.87327634916088,42.70107438740835
8675,c,110.92902077380327,110.92902077380327
8676,c,110.92902077380327,110.92902077380327
8677,c,110.92902077380327,110.92902077380327
8678,c,110.92902077380327,110.92902077380327
8679,t,110.92902077380327,110.92902077380327
8680,c,46.67881240835188,48.12785310490318
8681,c,110.92902077380327,110.92902077380327
8682,c,110.92902077380327,110.92902077380327
8683,c,31.317442555914035,36.25979061783156
8684,c,110.92902077380327,110.92902077380327
8685,t,110.92902077380327,110.92902077380327
8686,c,14.223743387208462,16.631960240030413
8687,na,0,5.289191084990925
8688,c,110.92902077380327,110.92902077380327
8689,c,35.79923085308191,40.70504750224936
8690,c,110.92902077380327,110.92902077380327
8691,c,110.92902077380327,110.92902077380327
8692,c,110.92902077380327,110.92902077380327
8693,c,110.92902077380327,110.92902077380327
8694,c,56.15618155305802,63.05740360525711
8695,na,-1,0
8696,c,110.92902077380327,110.92902077380327
8697,c,25.62515124452735,39.45018928820837
8698,t,110.92902077380327,110.92902077380327
8699,c,110.92902077380327,110.92902077380327
8700,c,110.92902077380327,110.92902077380327
8701,c,56.490747341902136,64.80432450043617
8702,c,110.92902077380327,110.92902077380327
8703,c,110.92902077380327,110.92902077380327
8704,c,110.92902077380327,110.92902077380327
8705,c,110.92902077380327,110.92902077380327
8706,t,110.92902077380327,110.92902077380327
8707,c,20.44154328729393,24.491763619442423
8708,c,39.72495868156385,44.69909722009337
8709,c,19.35558564535479,20.467495297341998
8710,c,110.92902077380327,110.92902077380327
8711,c,110.92902077380327,110.92902077380327
8712,c,110.92902077380327,110.92902077380327
8713,c,110.92902077380327,110.92902077380327
8714,c,110.92902077380327,110.92902077380327
8715,c,110.92902077380327,110.92902077380327
8716,t,110.92902077380327,110.92902077380327
8717,c,110.92902077380327,110.92902077380327
8718,c,19.28135063131123,22.581710357886774
8719,c,31.304304180721584,37.35083106671432
8720,c,110.92902077380327,110.92902077380327
8721,c,22.35936522042815,25.484166033236953
8722,c,110.92902077380327,110.92902077380327
8723,c,110.92902077380327,110.92902077380327
8724,c,13.099170858917848,23.01074102118906
8725,c,24.70649643168191,37.75895188055633
8726,c,18.250395885130022,24.060757229065032
8727,t,110.92902077380327,110.92902077380327
8728,c,37.465610874624446,40.89293699066407
8729,c,110.92902077380327,110.92902077380327
8730,c,110.92902077380327,110.92902077380327
8731,t,110.92902077380327,110.92902077380327
8732,c,110.92902077380327,110.92902077380327
8733,c,7.011127300782977,12.306020673950758
8734,c,110.92902077380327,110.92902077380327
8735,c,110.92902077380327,110.92902077380327
8736,c,60.468827560907634,67.11678425956985
8737,c,39.36682380483265,42.07842336777228
8738,c,32.743824997454176,34.12771894029567
8739,c,110.92902077380327,110.92902077380327
8740,c,12.280578348128978,29.131105110065015
8741,c,110.92902077380327,110.92902077380327
8742,c,110.92902077380327,110.92902077380327
8743,t,110.92902077380327,110.92902077380327
8744,c,110.92902077380327,110.92902077380327
8745,c,110.92902077380327,110.92902077380327
8746,c,110.92902077380327,110.92902077380327
8747,c,110.92902077380327,110.92902077380327
8748,c,7.514105862296614,11.32747287569443
8749,t,110.92902077380327,110.92902077380327
8750,c,110.92902077380327,110.92902077380327
8751,c,110.92902077380327,110.92902077380327
8752,c,110.92902077380327,110.92902077380327
8753,c,110.92902077380327,110.92902077380327
8754,na,8.020699116997159,8.093034576433775
8755,c,27.77318577990622,28.33968052898045
8756,c,24.920429155029584,27.203210165767658
8757,c,110.92902077380327,110.92902077380327
8758,c,110.92902077380327,110.92902077380327
8759,c,3.3375213789370775,6.952780553941763
8760,t,110.92902077380327,110.92902077380327
8761,c,110.92902077380327,110.92902077380327
8762,c,110.92902077380327,110.92902077380327
8763,c,41.83663692486077,110.92902077380327
8764,c,44.59683878636819,47.941664474887595
8765,c,110.92902077380327,110.92902077380327
8766,c,110.92902077380327,110.92902077380327
8767,c,110.92902077380327,110.92902077380327
8768,c,19.694363559871054,24.509256978767173
8769,c,110.92902077380327,110.92902077380327
8770,c,110.92902077380327,110.92902077380327
8771,na,3.896083698410148,4.153812426352345
8772,c,22.746953180898426,26.671836399418428
8773,c,33.05380535028898,33.50456176854394
8774,c,66.62096990997686,67.19991857522989
8775,c,110.92902077380327,110.92902077380327
8776,t,110.92902077380327,110.92902077380327
8777,t,110.92902077380327,110.92902077380327
8778,c,26.520265170642148,26.526604156194605
8779,c,22.63891041933032,31.507346327967813
8780,c,110.92902077380327,110.92902077380327
8781,c,110.92902077380327,110.92902077380327
8782,t,110.92902077380327,110.92902077380327
8783,c,56.85193909097779,68.53887592751605
8784,c,8.956098177005689,11.376721125326274
8785,c,110.92902077380327,110.92902077380327
8786,c,26.574736046820515,37.95166821221858
8787,t,110.92902077380327,110.92902077380327
8788,c,20.961455309576863,53.64519710505602
8789,c,24.396080154293667,31.15994628779753
8790,c,110.92902077380327,110.92902077380327
8791,t,110.92902077380327,110.92902077380327
8792,c,24.957679006648107,110.92902077380327
8793,c,110.92902077380327,110.92902077380327
8794,c,110.92902077380327,110.92902077380327
8795,t,110.92902077380327,110.92902077380327
8796,c,33.113142915301,40.604085307319885
8797,c,24.15336840934217,25.93938042708334
8798,c,110.92902077380327,110.92902077380327
8799,c,110.92902077380327,110.92902077380327
8800,c,110.92902077380327,110.92902077380327
8801,c,23.675875734458646,27.29147501801635
8802,c,34.141632291586134,51.50402205680594
8803,c,110.92902077380327,110.92902077380327
8804,c,110.92902077380327,110.92902077380327
8805,c,110.92902077380327,110.92902077380327
8806,c,110.92902077380327,110.92902077380327
8807,c,110.92902077380327,110.92902077380327
8808,c,110.92902077380327,110.92902077380327
8809,c,15.079439109988224,17.104649670426195
8810,t,110.92902077380327,110.92902077380327
8811,c,110.92902077380327,110.92902077380327
8812,t,110.92902077380327,110.92902077380327
8813,t,110.92902077380327,110.92902077380327
8814,c,110.92902077380327,110.92902077380327
8815,t,110.92902077380327,110.92902077380327
8816,c,110.92902077380327,110.92902077380327
8817,c,39.73226713612647,50.04981756755184
8818,c,110.92902077380327,110.92902077380327
8819,c,110.92902077380327,110.92902077380327
8820,t,110.92902077380327,110.92902077380327
8821,t,110.92902077380327,110.92902077380327
8822,na,0.04977444786564914,6.155082761118437
8823,c,110.92902077380327,110.92902077380327
8824,c,110.92902077380327,110.92902077380327
8825,c,35.53299067440944,38.43378190950589
8826,c,26.556157661500425,30.070808603323727
8827,c,32.07300268649176,34.18767262706899
8828,c,110.92902077380327,110.92902077380327
8829,c,35.04622917365357,40.12960213152924
8830,c,34.163191976796504,39.00838125939818
8831,c,43.704508809388706,48.34435939054288
8832,t,110.92902077380327,110.92902077380327
8833,c,110.92902077380327,110.92902077380327
8834,c,6.189302167348417,7.237106259466093
8835,c,110.92902077380327,110.92902077380327
8836,t,110.92902077380327,110.92902077380327
8837,t,110.92902077380327,110.92902077380327
8838,c,22.364395265133105,29.56990372981916
8839,c,46.409117128159025,48.356963007794505
8840,c,110.92902077380327,110.92902077380327
8841,c,54.96397905538949,58.42529923835546
8842,t,110.92902077380327,110.92902077380327
8843,c,110.92902077380327,110.92902077380327
8844,t,110.92902077380327,110.92902077380327
8845,c,110.92902077380327,110.92902077380327
8846,t,110.92902077380327,110.92902077380327
8847,t,110.92902077380327,110.92902077380327
8848,t,110.92902077380327,110.92902077380327
8849,c,34.13732586329404,42.27072461787268
8850,c,110.92902077380327,110.92902077380327
8851,c,66.95770207574226,67.40690398433
8852,c,19.95287996359005,20.577426892742793
8853,c,110.92902077380327,110.92902077380327
8854,c,8.670489951618727,14.259910225394604
8855,c,110.92902077380327,110.92902077380327
8856,c,110.92902077380327,110.92902077380327
8857,c,37.25971495045498,51.59303727967342
8858,c,110.92902077380327,110.92902077380327
8859,c,20.72230341791883,24.194798412204204
8860,c,110.92902077380327,110.92902077380327
8861,c,110.92902077380327,110.92902077380327
8862,c,53.67186002007127,55.580319045222964
8863,t,110.92902077380327,110.92902077380327
8864,c,44.7631253643894,48.8230485591773
8865,c,110.92902077380327,110.92902077380327
8866,c,110.92902077380327,110.92902077380327
8867,c,110.92902077380327,110.92902077380327
8868,c,110.92902077380327,110.92902077380327
8869,c,61.70242846873381,62.969253277946954
8870,c,110.92902077380327,110.92902077380327
8871,c,110.92902077380327,110.92902077380327
8872,c,21.553245357193294,23.213692723908668
8873,c,16.915475884328732,18.17836515555847
8874,c,110.92902077380327,110.92902077380327
8875,c,47.216579373216966,48.6727173946668
8876,c,110.92902077380327,110.92902077380327
8877,c,26.900478416456284,30.39639381931382
8878,c,39.085835316731796,39.27241558265638
8879,na,0.3450826643242373,5.756682857860085
8880,c,35.0125325877089,39.47254386649082
8881,na,-1,0
8882,c,110.92902077380327,110.92902077380327
8883,t,110.92902077380327,110.92902077380327
8884,c,110.92902077380327,110.92902077380327
8885,c,110.92902077380327,110.92902077380327
8886,c,110.92902077380327,110.92902077380327
8887,c,38.32407736491156,38.90922701748318
8888,c,110.92902077380327,110.92902077380327
8889,c,33.05687804974459,45.055295966530814
8890,c,29.169739031809492,31.315083654211563
8891,c,12.731861248032118,20.84440065157907
8892,c,11.79783124273336,16.726701884070703
8893,c,110.92902077380327,110.92902077380327
8894,c,27.358049351497996,30.35718498387992
8895,c,110.92902077380327,110.92902077380327
8896,c,30.73448091717234,32.01063558785632
8897,c,110.92902077380327,110.92902077380327
8898,t,110.92902077380327,110.92902077380327
8899,c,28.4315656809966,30.60403606010597
8900,c,110.92902077380327,110.92902077380327
8901,c,110.92902077380327,110.92902077380327
8902,t,110.92902077380327,110.92902077380327
8903,c,110.92902077380327,110.92902077380327
8904,c,110.92902077380327,110.92902077380327
8905,c,24.10609807861197,27.281333649961226
8906,t,110.92902077380327,110.92902077380327
8907,c,110.92902077380327,110.92902077380327
8908,c,110.92902077380327,110.92902077380327
8909,c,16.2799624753979,25.258045996149335
8910,c,110.92902077380327,110.92902077380327
8911,c,110.92902077380327,110.92902077380327
8912,t,110.92902077380327,110.92902077380327
8913,c,3.026892152612598,11.501128171544927
8914,c,24.252972050375153,39.41055058770546
8915,c,51.895182859446344,70.96496009884463
8916,c,26.326727703885457,27.527141112644617
8917,c,110.92902077380327,110.92902077380327
8918,c,69.75802862412685,78.26750298344244
8919,c,110.92902077380327,110.92902077380327
8920,c,110.92902077380327,110.92902077380327
8921,c,23.26348908240631,26.03420986851449
8922,c,110.92902077380327,110.92902077380327
8923,c,30.055571505211745,37.352372735260055
8924,c,30.19965163964907,41.13375911621791
8925,c,1.7188000934746732,13.806441493582625
8926,c,26.306593141977533,26.897259969005024
8927,c,110.92902077380327,110.92902077380327
8928,c,34.36034545697458,36.962699136842424
8929,c,110.92902077380327,110.92902077380327
8930,c,26.2028255832804,41.52983768787569
8931,na,0.0030208566061176467,23.33615615665301
8932,t,110.92902077380327,110.92902077380327
8933,c,110.92902077380327,110.92902077380327
8934,t,110.92902077380327,110.92902077380327
8935,c,110.92902077380327,110.92902077380327
8936,c,42.13122901774303,42.47705848950925
8937,t,110.92902077380327,110.92902077380327
8938,t,110.92902077380327,110.92902077380327
8939,t,110.92902077380327,110.92902077380327
8940,c,42.13377771276695,43.87147264918463
8941,t,110.92902077380327,110.92902077380327
8942,na,0.10609152039514123,0.9263230201002177
8943,c,110.92902077380327,110.92902077380327
8944,c,4.184418686577391,110.92902077380327
8945,c,27.56460626029662,31.30784854600092
8946,c,110.92902077380327,110.92902077380327
8947,c,110.92902077380327,110.92902077380327
8948,c,110.92902077380327,110.92902077380327
8949,c,13.551195622984585,19.961999159115564
8950,c,30.643457830119083,30.849039048792935
8951,c,37.82135627379441,43.272248441866964
8952,c,110.92902077380327,110.92902077380327
8953,c,110.92902077380327,110.92902077380327
8954,t,110.92902077380327,110.92902077380327
8955,c,24.876401868461336,28.635898703407346
8956,c,35.727172093265,36.745904874676825
8957,c,23.948336633827097,26.884570294615415
8958,c,110.92902077380327,110.92902077380327
8959,c,21.337548867900654,25.89084722255859
8960,c,38.41420599534838,39.279920695119145
8961,c,56.06924384143778,64.39179422783806
8962,c,23.525629647604962,26.06544401991067
8963,c,110.92902077380327,110.92902077380327
8964,c,94.53902831416195,98.75810167645396
8965,t,110.92902077380327,110.92902077380327
8966,t,110.92902077380327,110.92902077380327
8967,c,110.92902077380327,110.92902077380327
8968,c,110.92902077380327,110.92902077380327
8969,t,110.92902077380327,110.92902077380327
8970,t,110.92902077380327,110.92902077380327
8971,c,30.54284785806437,33.55312937025982
8972,c,110.92902077380327,110.92902077380327
8973,na,3.4399078145366992,7.9132458644419925
8974,c,110.92902077380327,110.92902077380327
8975,c,110.92902077380327,110.92902077380327
8976,t,110.92902077380327,110.92902077380327
8977,t,110.92902077380327,110.92902077380327
8978,t,110.92902077380327,110.92902077380327
8979,c,110.92902077380327,110.92902077380327
8980,c,31.17179152105035,34.06481659376647
8981,c,29.55357968407753,31.306467173456607
8982,c,110.92902077380327,110.92902077380327
8983,c,110.92902077380327,110.92902077380327
8984,c,110.92902077380327,110.92902077380327
8985,c,7.227547401308022,11.822612078971602
8986,t,110.92902077380327,110.92902077380327
8987,c,31.490256873294275,35.29538998067082
8988,c,110.92902077380327,110.92902077380327
8989,c,17.277832189515497,23.65265303735986
8990,c,110.92902077380327,110.92902077380327
8991,c,20.58796936827478,44.55518455905208
8992,c,110.92902077380327,110.92902077380327
8993,c,64.8376186654623,110.92902077380327
8994,c,110.92902077380327,110.92902077380327
8995,c,23.374010126920464,23.88902971432199
8996,t,110.92902077380327,110.92902077380327
8997,c,110.92902077380327,110.92902077380327
8998,t,110.92902077380327,110.92902077380327
8999,t,110.92902077380327,110.92902077380327
9000,c,35.55835593011815,38.54690205091164
9001,c,30.937728232789688,31.85227477013531
9002,na,-1,0
9003,c,110.92902077380327,110.92902077380327
9004,na,2.064794005600852,7.580584827431145
9005,c,3.357170050002168,110.92902077380327
9006,c,110.92902077380327,110.92902077380327
9007,t,110.92902077380327,110.92902077380327
9008,c,110.92902077380327,110.92902077380327
9009,c,7.520885656931708,10.43547581441147
9010,c,110.92902077380327,110.92902077380327
9011,c,33.00514380595162,42.34555219624232
9012,c,14.129379172273131,17.299574293066403
9013,c,9.877147906682819,21.687754377074008
9014,c,34.33131103807106,37.41670604450034
9015,c,38.73636324983242,42.934168068604414
9016,c,110.92902077380327,110.92902077380327
9017,c,110.92902077380327,110.92902077380327
9018,c,110.92902077380327,110.92902077380327
9019,c,110.92902077380327,110.92902077380327
9020,t,110.92902077380327,110.92902077380327
9021,t,110.92902077380327,110.92902077380327
9022,c,32.133100099019266,35.460066936129145
9023,c,55.70624410961462,58.50891356781099
9024,c,110.92902077380327,110.92902077380327
9025,c,65.93821935286934,70.54441871665966
9026,c,20.309063235980712,22.055252807551145
9027,c,110.92902077380327,110.92902077380327
9028,c,110.92902077380327,110.92902077380327
9029,t,110.92902077380327,110.92902077380327
9030,c,110.92902077380327,110.92902077380327
9031,c,18.06647303103877,26.173729347081313
9032,t,110.92902077380327,110.92902077380327
9033,c,110.92902077380327,110.92902077380327
9034,c,110.92902077380327,110.92902077380327
9035,c,33.091123848608696,33.65160507746582
9036,c,31.147952382800973,31.328894630323134
9037,c,34.86014303783105,35.5130776687526
9038,c,82.00958121726397,92.19796682067208
9039,c,110.92902077380327,110.92902077380327
9040,c,39.31692680501794,110.92902077380327
9041,c,110.92902077380327,110.92902077380327
9042,c,50.32302433321292,52.004566519663264
9043,c,110.92902077380327,110.92902077380327
9044,c,110.92902077380327,110.92902077380327
9045,c,41.693657141356375,48.01247647270822
9046,c,110.92902077380327,110.92902077380327
9047,c,16.53673845058791,16.65089274654875
9048,c,22.81803123230192,25.172055126859256
9049,c,110.92902077380327,110.92902077380327
9050,c,110.92902077380327,110.92902077380327
9051,c,27.732029949335665,37.276484680099244
9052,c,21.36367379918224,21.4501803126559
9053,c,110.92902077380327,110.92902077380327
9054,c,37.26874778266977,38.54716208508278
9055,c,110.92902077380327,110.92902077380327
9056,c,19.178701326258004,24.48421555369872
9057,t,110.92902077380327,110.92902077380327
9058,c,31.65421351827629,33.37321868995363
9059,c,56.34009523107941,65.97673874472679
9060,t,110.92902077380327,110.92902077380327
9061,c,16.179318432027628,22.28118270764159
9062,c,110.92902077380327,110.92902077380327
9063,c,110.92902077380327,110.92902077380327
9064,c,33.67587074777581,35.85733410629272
9065,c,38.22453681943174,46.694331144377614
9066,na,3.2758884503003367,4.453901687684897
9067,c,28.97572331908549,38.60652863430131
9068,t,110.92902077380327,110.92902077380327
9069,c,110.92902077380327,110.92902077380327
9070,na,12.84548193884488,13.138173347812879
9071,t,110.92902077380327,110.92902077380327
9072,c,110.92902077380327,110.92902077380327
9073,c,110.92902077380327,110.92902077380327
9074,t,110.92902077380327,110.92902077380327
9075,t,110.92902077380327,110.92902077380327
9076,c,8.948205995459974,12.786443586528174
9077,t,110.92902077380327,110.92902077380327
9078,c,110.92902077380327,110.92902077380327
9079,t,110.92902077380327,110.92902077380327
9080,c,22.730446349960015,23.509542815910525
9081,c,110.92902077380327,110.92902077380327
9082,c,25.72322497967749,28.97166730101843
9083,t,110.92902077380327,110.92902077380327
9084,t,110.92902077380327,110.92902077380327
9085,c,110.92902077380327,110.92902077380327
9086,c,110.92902077380327,110.92902077380327
9087,c,110.92902077380327,110.92902077380327
9088,t,110.92902077380327,110.92902077380327
9089,c,110.92902077380327,110.92902077380327
9090,c,110.92902077380327,110.92902077380327
9091,t,110.92902077380327,110.92902077380327
9092,c,110.92902077380327,110.92902077380327
9093,t,110.92902077380327,110.92902077380327
9094,c,110.92902077380327,110.92902077380327
9095,c,47.57881567468048,48.560412252296395
9096,c,110.92902077380327,110.92902077380327
9097,c,15.307934772090894,17.816872920492578
9098,c,36.10252451911524,38.22787213016674
9099,t,110.92902077380327,110.92902077380327
9100,c,110.92902077380327,110.92902077380327
9101,c,110.92902077380327,110.92902077380327
9102,c,36.82040907323469,39.2334536460835
9103,c,110.92902077380327,110.92902077380327
9104,c,110.92902077380327,110.92902077380327
9105,c,110.92902077380327,110.92902077380327
9106,c,16.527710414260007,17.12985961819226
9107,c,110.92902077380327,110.92902077380327
9108,t,110.92902077380327,110.92902077380327
9109,c,110.92902077380327,110.92902077380327
9110,c,110.92902077380327,110.92902077380327
9111,c,12.191581500493891,110.92902077380327
9112,c,8.680216078132112,11.221217643775063
9113,c,110.92902077380327,110.92902077380327
9114,c,21.599871729391307,22.20464879205534
9115,c,46.35844395324606,56.354015639159414
9116,c,110.92902077380327,110.92902077380327
9117,c,110.92902077380327,110.92902077380327
9118,c,110.92902077380327,110.92902077380327
9119,c,20.11325255795628,28.83761710649069
9120,t,110.92902077380327,110.92902077380327
9121,c,110.92902077380327,110.92902077380327
9122,c,24.711649552225666,25.294603960617952
9123,c,110.92902077380327,110.92902077380327
9124,c,39.56339473734546,43.44457275150724
9125,c,110.92902077380327,110.92902077380327
9126,c,10.44568946785359,12.815776312012002
9127,c,64.19993978102339,67.86890674130804
9128,c,110.92902077380327,110.92902077380327
9129,c,42.96259867695201,48.432922797740495
9130,c,110.92902077380327,110.92902077380327
9131,c,37.10821908219752,38.481380167437294
9132,t,110.92902077380327,110.92902077380327
9133,c,110.92902077380327,110.92902077380327
9134,c,91.11915289246846,92.07475648762393
9135,c,18.031702680719594,45.24175091154919
9136,t,110.92902077380327,110.92902077380327
9137,na,0,0.6746641501254046
9138,c,110.92902077380327,110.92902077380327
9139,c,11.570210485140096,22.28410355874672
9140,c,110.92902077380327,110.92902077380327
9141,t,110.92902077380327,110.92902077380327
9142,c,14.582773438267468,16.9054945009912
9143,c,13.11149786736354,15.13014504422011
9144,c,110.92902077380327,110.92902077380327
9145,c,15.113422588899978,15.631615797661489
9146,c,110.92902077380327,110.92902077380327
9147,c,110.92902077380327,110.92902077380327
9148,c,110.92902077380327,110.92902077380327
9149,c,31.660844591632895,35.91355403137142
9150,c,26.08554916807656,30.55161826555919
9151,c,110.92902077380327,110.92902077380327
9152,na,-1,0
9153,na,110.92902077380327,110.92902077380327
9154,na,0,4.448735964260348
9155,c,110.92902077380327,110.92902077380327
9156,t,110.92902077380327,110.92902077380327
9157,t,110.92902077380327,110.92902077380327
9158,t,110.92902077380327,110.92902077380327
9159,c,110.92902077380327,110.92902077380327
9160,c,110.92902077380327,110.92902077380327
9161,c,25.617654011784502,26.454907406074444
9162,c,10.84497070167434,12.516452058812778
9163,c,53.42572699148791,54.16781923738196
9164,c,40.39458982817206,42.423219988083694
9165,c,110.92902077380327,110.92902077380327
9166,c,110.92902077380327,110.92902077380327
9167,t,110.92902077380327,110.92902077380327
9168,c,110.92902077380327,110.92902077380327
9169,c,110.92902077380327,110.92902077380327
9170,c,50.4321198806094,56.154722268158125
9171,c,48.82719233585616,110.92902077380327
9172,c,22.22530184463428,25.590635734121502
9173,c,16.00898990579444,18.107669166029353
9174,c,11.482803172064294,12.01926078963203
9175,c,110.92902077380327,110.92902077380327
9176,c,19.631797445288303,20.053395416699477
9177,c,110.92902077380327,110.92902077380327
9178,c,10.31335392749712,16.532791103281124
9179,c,11.961749961406051,110.92902077380327
9180,c,27.416689698618633,37.42950530025783
9181,c,23.066021869849386,25.561456671666093
9182,c,8.209425185889259,12.176974293675686
9183,t,110.92902077380327,110.92902077380327
9184,c,17.701136522916755,26.677259369798275
9185,c,110.92902077380327,110.92902077380327
9186,c,21.351032859372438,26.173260679561597
9187,c,110.92902077380327,110.92902077380327
9188,c,49.84545003551777,50.05111767321854
9189,c,46.24172238114769,46.7269407994657
9190,c,19.83441417401793,26.726691956647592
9191,t,110.92902077380327,110.92902077380327
9192,c,31.566455551089586,33.71380944097701
9193,c,110.92902077380327,110.92902077380327
9194,c,110.92902077380327,110.92902077380327
9195,c,14.220444279997684,21.47889776122766
9196,c,14.275578044479632,21.365380460581306
9197,c,110.92902077380327,110.92902077380327
9198,c,33.83415022610149,34.27945085106657
9199,c,110.92902077380327,110.92902077380327
9200,c,110.92902077380327,110.92902077380327
9201,c,22.161256880471665,110.92902077380327
9202,c,110.92902077380327,110.92902077380327
9203,c,110.92902077380327,110.92902077380327
9204,t,110.92902077380327,110.92902077380327
9205,c,12.079118012640524,15.900976194834728
9206,c,110.92902077380327,110.92902077380327
9207,t,110.92902077380327,110.92902077380327
9208,t,110.92902077380327,110.92902077380327
9209,c,110.92902077380327,110.92902077380327
9210,c,36.76529166731719,42.985057306478886
9211,c,110.92902077380327,110.92902077380327
9212,c,42.80747424660843,48.99968391807296
9213,c,13.039023410901288,15.589319980588357
9214,c,24.543925337885877,27.68869020675591
9215,c,13.73797775526289,24.65238404804403
9216,t,110.92902077380327,110.92902077380327
9217,c,7.957415431543302,15.469134952738889
9218,c,10.908374043246628,13.696285001734957
9219,c,69.59396774377996,71.64409812620507
9220,c,110.92902077380327,110.92902077380327
9221,c,110.92902077380327,110.92902077380327
9222,c,110.92902077380327,110.92902077380327
9223,c,43.24049196130393,49.71741880393961
9224,c,26.097248765980407,27.197331705072436
9225,t,110.92902077380327,110.92902077380327
9226,t,110.92902077380327,110.92902077380327
9227,c,43.462372726505585,48.63710775613021
9228,c,35.902324702794836,48.22730843525145
9229,c,110.92902077380327,110.92902077380327
9230,c,110.92902077380327,110.92902077380327
9231,c,4.1393474089437925,15.0803939131001
9232,c,110.92902077380327,110.92902077380327
9233,t,110.92902077380327,110.92902077380327
9234,c,110.92902077380327,110.92902077380327
9235,c,110.92902077380327,110.92902077380327
9236,c,110.92902077380327,110.92902077380327
9237,c,110.92902077380327,110.92902077380327
9238,c,3.7728586427572393,110.92902077380327
9239,c,16.722551416803185,28.174247663731357
9240,c,110.92902077380327,110.92902077380327
9241,c,110.92902077380327,110.92902077380327
9242,c,110.92902077380327,110.92902077380327
9243,c,18.93733252324168,35.697439151750714
9244,c,29.66994506416149,31.801659228974835
9245,c,110.92902077380327,110.92902077380327
9246,c,56.822316017025784,58.004108367101956
9247,c,110.92902077380327,110.92902077380327
9248,c,110.92902077380327,110.92902077380327
9249,c,32.55252938199737,35.812949776707384
9250,c,12.882561726802248,15.364985582509885
9251,c,110.92902077380327,110.92902077380327
9252,c,110.92902077380327,110.92902077380327
9253,c,48.83902703972345,51.465253914608816
9254,c,41.02634725908787,46.8643428159446
9255,c,110.92902077380327,110.92902077380327
9256,c,26.6584534625972,30.645321034765455
9257,c,21.032605675107046,25.973467659291842
9258,c,110.92902077380327,110.92902077380327
9259,c,110.92902077380327,110.92902077380327
9260,c,28.462886800093855,29.465814713602878
9261,c,16.1955110963928,16.240352325644988
9262,t,110.92902077380327,110.92902077380327
9263,t,110.92902077380327,110.92902077380327
9264,t,110.92902077380327,110.92902077380327
9265,c,110.92902077380327,110.92902077380327
9266,c,33.512835560262175,35.13014018637937
9267,c,50.354564885183095,110.92902077380327
9268,c,110.92902077380327,110.92902077380327
9269,t,110.92902077380327,110.92902077380327
9270,c,110.92902077380327,110.92902077380327
9271,c,42.313162942799515,45.5680637350976
9272,na,2.9320155955281026,7.183718939790521
9273,c,110.92902077380327,110.92902077380327
9274,t,110.92902077380327,110.92902077380327
9275,c,110.92902077380327,110.92902077380327
9276,t,110.92902077380327,110.92902077380327
9277,t,110.92902077380327,110.92902077380327
9278,c,110.92902077380327,110.92902077380327
9279,c,110.92902077380327,110.92902077380327
9280,c,110.92902077380327,110.92902077380327
9281,c,110.92902077380327,110.92902077380327
9282,c,110.92902077380327,110.92902077380327
9283,c,110.92902077380327,110.92902077380327
9284,t,110.92902077380327,110.92902077380327
9285,c,8.481228974703106,110.92902077380327
9286,c,110.92902077380327,110.92902077380327
9287,c,110.92902077380327,110.92902077380327
9288,c,110.92902077380327,110.92902077380327
9289,t,110.92902077380327,110.92902077380327
9290,c,51.130953474753255,110.92902077380327
9291,c,110.92902077380327,110.92902077380327
9292,c,110.92902077380327,110.92902077380327
9293,c,110.92902077380327,110.92902077380327
9294,c,110.92902077380327,110.92902077380327
9295,c,110.92902077380327,110.92902077380327
9296,c,110.92902077380327,110.92902077380327
9297,c,12.122683554134081,110.92902077380327
9298,c,104.23264356853652,108.56783311292592
9299,t,110.92902077380327,110.92902077380327
9300,c,28.55202449562141,28.904195084957827
9301,t,110.92902077380327,110.92902077380327
9302,c,25.222419906697283,110.92902077380327
9303,na,110.92902077380327,110.92902077380327
9304,c,110.92902077380327,110.92902077380327
9305,t,110.92902077380327,110.92902077380327
9306,t,110.92902077380327,110.92902077380327
9307,c,110.92902077380327,110.92902077380327
9308,c,110.92902077380327,110.92902077380327
9309,c,25.684108698966554,28.466477992599014
9310,c,15.015017400706933,21.990670569537865
9311,c,110.92902077380327,110.92902077380327
9312,c,110.92902077380327,110.92902077380327
9313,c,110.92902077380327,110.92902077380327
9314,c,51.89156273911068,52.48107720898394
9315,c,34.846999811869345,37.50095568583495
9316,t,110.92902077380327,110.92902077380327
9317,c,11.170721879987092,18.721019048457805
9318,c,110.92902077380327,110.92902077380327
9319,c,110.92902077380327,110.92902077380327
9320,c,110.92902077380327,110.92902077380327
9321,c,22.27424298066116,22.55669906976742
9322,c,110.92902077380327,110.92902077380327
9323,t,110.92902077380327,110.92902077380327
9324,c,110.92902077380327,110.92902077380327
9325,c,110.92902077380327,110.92902077380327
9326,t,110.92902077380327,110.92902077380327
9327,t,110.92902077380327,110.92902077380327
9328,c,110.92902077380327,110.92902077380327
9329,t,110.92902077380327,110.92902077380327
9330,c,18.67400019564776,21.23126772156253
9331,c,110.92902077380327,110.92902077380327
9332,t,110.92902077380327,110.92902077380327
9333,c,110.92902077380327,110.92902077380327
9334,t,110.92902077380327,110.92902077380327
9335,c,110.92902077380327,110.92902077380327
9336,c,53.00184829039251,66.08073016853757
9337,c,110.92902077380327,110.92902077380327
9338,c,23.003900017427085,110.92902077380327
9339,t,110.92902077380327,110.92902077380327
9340,t,110.92902077380327,110.92902077380327
9341,c,27.912798523260943,29.30898339694449
9342,t,110.92902077380327,110.92902077380327
9343,c,110.92902077380327,110.92902077380327
9344,c,59.62242649476246,60.61600840071593
9345,t,110.92902077380327,110.92902077380327
9346,c,13.78997889096705,15.839614580283678
9347,c,110.92902077380327,110.92902077380327
9348,c,40.72293757711574,54.46815293831395
9349,t,110.92902077380327,110.92902077380327
9350,na,-1,0
9351,c,110.92902077380327,110.92902077380327
9352,t,110.92902077380327,110.92902077380327
9353,c,110.92902077380327,110.92902077380327
9354,c,41.501246572330444,48.113732676684734
9355,c,32.53177902640413,110.92902077380327
9356,c,110.92902077380327,110.92902077380327
9357,c,36.25638663378038,47.90728568075728
9358,c,55.275812088457265,59.75793317988286
9359,c,22.34537189901983,23.337125920784164
9360,c,110.92902077380327,110.92902077380327
9361,c,110.92902077380327,110.92902077380327
9362,t,110.92902077380327,110.92902077380327
9363,c,76.78869978406814,87.2510451330454
9364,t,110.92902077380327,110.92902077380327
9365,c,110.92902077380327,110.92902077380327
9366,c,44.11122634379235,57.36442158660127
9367,c,110.92902077380327,110.92902077380327
9368,c,21.79437370611937,21.8608275745173
9369,c,17.321395515998795,19.576391325564497
9370,c,3.7079043223280808,8.276945337399106
9371,c,75.95845113865454,85.42301234390182
9372,c,110.92902077380327,110.92902077380327
9373,c,110.92902077380327,110.92902077380327
9374,c,110.92902077380327,110.92902077380327
9375,c,13.388123932702301,16.156646167402826
9376,c,110.92902077380327,110.92902077380327
9377,c,110.92902077380327,110.92902077380327
9378,c,28.041880884082573,29.684069246046683
9379,na,0.5994495954734917,2.4330729921278547
9380,c,36.125253801618264,36.35155386061697
9381,c,16.814625840746558,51.728975687736515
9382,c,52.177483177887964,58.32122570983459
9383,t,110.92902077380327,110.92902077380327
9384,na,-1,0
9385,c,28.35626452916972,110.92902077380327
9386,c,110.92902077380327,110.92902077380327
9387,c,12.66765729577067,15.125802343638334
9388,t,110.92902077380327,110.92902077380327
9389,t,110.92902077380327,110.92902077380327
9390,c,110.92902077380327,110.92902077380327
9391,c,110.92902077380327,110.92902077380327
9392,c,25.69190671882704,26.255581807644912
9393,t,110.92902077380327,110.92902077380327
9394,c,110.92902077380327,110.92902077380327
9395,c,110.92902077380327,110.92902077380327
9396,c,110.92902077380327,110.92902077380327
9397,c,110.92902077380327,110.92902077380327
9398,c,41.19748488379522,47.23248033937357
9399,t,110.92902077380327,110.92902077380327
9400,c,41.74983389080208,44.58006437275064
9401,t,110.92902077380327,110.92902077380327
9402,c,110.92902077380327,110.92902077380327
9403,c,20.05297516154835,24.98627843051753
9404,t,110.92902077380327,110.92902077380327
9405,c,110.92902077380327,110.92902077380327
9406,t,110.92902077380327,110.92902077380327
9407,c,110.92902077380327,110.92902077380327
9408,c,67.41098209542658,75.43631983069204
9409,c,48.34973830488688,48.680260812728086
9410,c,110.92902077380327,110.92902077380327
9411,t,110.92902077380327,110.92902077380327
9412,c,53.70655036344154,54.31758365710551
9413,c,110.92902077380327,110.92902077380327
9414,c,21.921258172453122,27.326286890722777
9415,c,31.43123231723877,42.92712856603418
9416,t,110.92902077380327,110.92902077380327
9417,c,110.92902077380327,110.92902077380327
9418,t,110.92902077380327,110.92902077380327
9419,c,110.92902077380327,110.92902077380327
9420,c,110.92902077380327,110.92902077380327
9421,c,110.92902077380327,110.92902077380327
9422,c,10.03599329427451,18.00822285153615
9423,c,110.92902077380327,110.92902077380327
9424,c,7.324994181432536,19.799802794986917
9425,c,21.981810036912414,25.86512889953143
9426,c,110.92902077380327,110.92902077380327
9427,t,110.92902077380327,110.92902077380327
9428,t,110.92902077380327,110.92902077380327
9429,c,110.92902077380327,110.92902077380327
9430,c,19.827724087218805,22.074940219596378
9431,c,19.6540645734009,26.712613806834526
9432,c,6.347693314465398,8.981632078659237
9433,c,110.92902077380327,110.92902077380327
9434,c,110.92902077380327,110.92902077380327
9435,c,110.92902077380327,110.92902077380327
9436,t,110.92902077380327,110.92902077380327
9437,c,110.92902077380327,110.92902077380327
9438,c,110.92902077380327,110.92902077380327
9439,c,110.92902077380327,110.92902077380327
9440,t,110.92902077380327,110.92902077380327
9441,c,110.92902077380327,110.92902077380327
9442,c,110.92902077380327,110.92902077380327
9443,c,26.864607358329962,27.166143676304166
9444,c,110.92902077380327,110.92902077380327
9445,c,110.92902077380327,110.92902077380327
9446,t,110.92902077380327,110.92902077380327
9447,c,110.92902077380327,110.92902077380327
9448,c,110.92902077380327,110.92902077380327
9449,c,110.92902077380327,110.92902077380327
9450,t,110.92902077380327,110.92902077380327
9451,t,110.92902077380327,110.92902077380327
9452,c,19.871104220033303,20.519367155696266
9453,c,110.92902077380327,110.92902077380327
9454,c,110.92902077380327,110.92902077380327
9455,c,65.0226640051782,66.17177658851256
9456,c,110.92902077380327,110.92902077380327
9457,c,17.881549046024656,24.081210910810537
9458,c,30.764163233892006,110.92902077380327
9459,c,110.92902077380327,110.92902077380327
9460,t,110.92902077380327,110.92902077380327
9461,t,110.92902077380327,110.92902077380327
9462,c,110.92902077380327,110.92902077380327
9463,c,50.3667606263046,52.516904198513856
9464,c,110.92902077380327,110.92902077380327
9465,c,42.20982034073,43.00485013949574
9466,c,110.92902077380327,110.92902077380327
9467,c,110.92902077380327,110.92902077380327
9468,c,110.92902077380327,110.92902077380327
9469,c,110.92902077380327,110.92902077380327
9470,t,110.92902077380327,110.92902077380327
9471,t,110.92902077380327,110.92902077380327
9472,t,110.92902077380327,110.92902077380327
9473,c,20.091260462639564,21.52008233120042
9474,c,110.92902077380327,110.92902077380327
9475,c,25.076548700306876,27.072496066171162
9476,c,110.92902077380327,110.92902077380327
9477,t,110.92902077380327,110.92902077380327
9478,t,110.92902077380327,110.92902077380327
9479,c,110.92902077380327,110.92902077380327
9480,c,38.438525550963384,62.304478821782226
9481,c,27.103576133676828,27.254850935886576
9482,c,110.92902077380327,110.92902077380327
9483,c,33.961939101745784,68.62781170067971
9484,c,110.92902077380327,110.92902077380327
9485,c,53.85631595681988,59.90751903830885
9486,c,26.141559894522622,34.525843746144844
9487,c,110.92902077380327,110.92902077380327
9488,t,110.92902077380327,110.92902077380327
9489,c,110.92902077380327,110.92902077380327
9490,c,110.92902077380327,110.92902077380327
9491,c,110.92902077380327,110.92902077380327
9492,c,61.64808595391044,62.844229889535
9493,c,110.92902077380327,110.92902077380327
9494,c,110.92902077380327,110.92902077380327
9495,c,110.92902077380327,110.92902077380327
9496,c,48.462162371285814,49.31604403982322
9497,c,110.92902077380327,110.92902077380327
9498,c,110.92902077380327,110.92902077380327
9499,c,110.92902077380327,110.92902077380327
9500,c,110.92902077380327,110.92902077380327
9501,c,30.491652790992713,35.91052124973033
9502,c,53.05991274081712,54.23703685827819
9503,c,13.684992240723128,18.039431248935916
9504,c,7.615471579294233,11.148779115667152
9505,c,110.92902077380327,110.92902077380327
9506,na,-1,0
9507,na,8.844272460893821,13.578293655644714
9508,c,8.4744312118697,12.895761017318693
9509,c,48.12888973260102,51.38296247448838
9510,c,110.92902077380327,110.92902077380327
9511,c,110.92902077380327,110.92902077380327
9512,c,110.92902077380327,110.92902077380327
9513,t,110.92902077380327,110.92902077380327
9514,c,110.92902077380327,110.92902077380327
9515,c,12.294572804550656,19.292105774298
9516,c,10.276007391829467,12.150670804433485
9517,t,110.92902077380327,110.92902077380327
9518,c,110.92902077380327,110.92902077380327
9519,na,10.108140335123277,11.527850517794592
9520,c,11.450135374445942,14.922689540671524
9521,c,26.28004856576036,27.090923363340686
9522,t,110.92902077380327,110.92902077380327
9523,c,110.92902077380327,110.92902077380327
9524,c,10.861414108702188,22.422967156955114
9525,c,110.92902077380327,110.92902077380327
9526,c,110.92902077380327,110.92902077380327
9527,c,110.92902077380327,110.92902077380327
9528,c,110.92902077380327,110.92902077380327
9529,t,110.92902077380327,110.92902077380327
9530,t,110.92902077380327,110.92902077380327
9531,c,110.92902077380327,110.92902077380327
9532,c,110.92902077380327,110.92902077380327
9533,c,1.7385561193132597,13.044510791731263
9534,c,110.92902077380327,110.92902077380327
9535,c,110.92902077380327,110.92902077380327
9536,c,110.92902077380327,110.92902077380327
9537,na,0,3.1734122114487358
9538,c,24.51380660703169,27.174370212857113
9539,t,110.92902077380327,110.92902077380327
9540,c,110.92902077380327,110.92902077380327
9541,c,110.92902077380327,110.92902077380327
9542,c,110.92902077380327,110.92902077380327
9543,c,18.599808767139738,24.05519725751106
9544,c,110.92902077380327,110.92902077380327
9545,c,33.375034894386395,33.97555229741513
9546,c,110.92902077380327,110.92902077380327
9547,c,30.422353145070016,110.92902077380327
9548,c,110.92902077380327,110.92902077380327
9549,c,46.129952047203915,54.43258336651685
9550,c,22.439607915030088,30.79863987293795
9551,t,110.92902077380327,110.92902077380327
9552,c,42.08125274081554,42.64563474462801
9553,c,110.92902077380327,110.92902077380327
9554,c,110.92902077380327,110.92902077380327
9555,c,38.91362016685704,46.79099468768789
9556,c,110.92902077380327,110.92902077380327
9557,c,19.49755478746283,22.89732095172351
9558,c,110.92902077380327,110.92902077380327
9559,c,110.92902077380327,110.92902077380327
9560,c,110.92902077380327,110.92902077380327
9561,c,110.92902077380327,110.92902077380327
9562,c,110.92902077380327,110.92902077380327
9563,c,110.92902077380327,110.92902077380327
9564,c,33.57970307634125,35.92885148651632
9565,c,31.388630474783167,34.78765284761585
9566,c,29.795931882050443,29.956956000165626
9567,t,110.92902077380327,110.92902077380327
9568,c,42.339238333342415,43.871913840874136
9569,c,110.92902077380327,110.92902077380327
9570,t,110.92902077380327,110.92902077380327
9571,t,110.92902077380327,110.92902077380327
9572,c,110.92902077380327,110.92902077380327
9573,c,110.92902077380327,110.92902077380327
9574,t,110.92902077380327,110.92902077380327
9575,c,14.164972642320143,19.342658572891935
9576,c,110.92902077380327,110.92902077380327
9577,t,110.92902077380327,110.92902077380327
9578,t,110.92902077380327,110.92902077380327
9579,c,28.026364813660386,31.163312190647705
9580,t,110.92902077380327,110.92902077380327
9581,t,110.92902077380327,110.92902077380327
9582,c,110.92902077380327,110.92902077380327
9583,c,25.04379461251212,25.45679433707973
9584,c,27.424411259188375,33.99855958263787
9585,c,110.92902077380327,110.92902077380327
9586,c,22.62697628086647,23.230155384350695
9587,c,25.094938295410163,27.11669931180374
9588,c,23.297269166257244,24.534276709370822
9589,c,7.9035582699025415,9.649040144598143
9590,c,34.34591778786497,46.86504925153377
9591,c,33.54335322261361,33.572880373131426
9592,c,110.92902077380327,110.92902077380327
9593,c,110.92902077380327,110.92902077380327
9594,t,110.92902077380327,110.92902077380327
9595,t,110.92902077380327,110.92902077380327
9596,c,43.684771534835384,110.92902077380327
9597,c,110.92902077380327,110.92902077380327
9598,c,13.477641235398362,13.891436919300917
9599,c,34.39216424547924,35.38289210835648
9600,c,99.10656071191923,103.38486635033276
9601,c,110.92902077380327,110.92902077380327
9602,c,21.286468685930675,22.768426468876186
9603,c,110.92902077380327,110.92902077380327
9604,c,110.92902077380327,110.92902077380327
9605,t,110.92902077380327,110.92902077380327
9606,t,110.92902077380327,110.92902077380327
9607,c,110.92902077380327,110.92902077380327
9608,c,110.92902077380327,110.92902077380327
9609,t,110.92902077380327,110.92902077380327
9610,t,110.92902077380327,110.92902077380327
9611,c,110.92902077380327,110.92902077380327
9612,t,110.92902077380327,110.92902077380327
9613,c,110.92902077380327,110.92902077380327
9614,c,41.236338554733415,110.92902077380327
9615,na,20.118526147657775,26.566885709753244
9616,c,110.92902077380327,110.92902077380327
9617,c,110.92902077380327,110.92902077380327
9618,c,42.76452523387077,42.925684599821906
9619,c,110.92902077380327,110.92902077380327
9620,c,19.15941534735483,19.84774631054471
9621,t,110.92902077380327,110.92902077380327
9622,t,110.92902077380327,110.92902077380327
9623,c,110.92902077380327,110.92902077380327
9624,c,24.50605576056587,30.822744176767003
9625,c,42.106648912160914,42.51977984913126
9626,t,110.92902077380327,110.92902077380327
9627,t,110.92902077380327,110.92902077380327
9628,c,44.947658421068375,49.3864229843621
9629,c,110.92902077380327,110.92902077380327
9630,c,34.7664041406715,51.570486561701834
9631,t,110.92902077380327,110.92902077380327
9632,c,35.65608834151127,35.91215904830677
9633,c,110.92902077380327,110.92902077380327
9634,c,110.92902077380327,110.92902077380327
9635,c,48.50351613741833,50.40281750282584
9636,c,32.61427147158513,44.05878190117486
9637,c,110.92902077380327,110.92902077380327
9638,c,29.244505277660632,42.490323512014264
9639,c,110.92902077380327,110.92902077380327
9640,c,19.98562556302007,22.060960532415567
9641,t,110.92902077380327,110.92902077380327
9642,t,110.92902077380327,110.92902077380327
9643,c,24.07548453280156,24.390855923352632
9644,c,15.892796274296781,16.195610007688426
9645,c,110.92902077380327,110.92902077380327
9646,c,110.92902077380327,110.92902077380327
9647,c,23.395218531389713,27.647269945282613
9648,c,18.956587391006234,39.683719971852625
9649,c,110.92902077380327,110.92902077380327
9650,t,110.92902077380327,110.92902077380327
9651,t,110.92902077380327,110.92902077380327
9652,c,110.92902077380327,110.92902077380327
9653,c,110.92902077380327,110.92902077380327
9654,c,33.89143543453011,46.52187946653701
9655,c,47.77849542643351,50.604891492710834
9656,c,110.92902077380327,110.92902077380327
9657,na,19.2786245074901,24.226800627688164
9658,t,110.92902077380327,110.92902077380327
9659,c,42.67319673799577,43.679404125053026
9660,c,110.92902077380327,110.92902077380327
9661,c,33.61657382871102,37.343816986202874
9662,c,17.95768620063064,19.41811460095041
9663,c,110.92902077380327,110.92902077380327
9664,c,110.92902077380327,110.92902077380327
9665,c,110.92902077380327,110.92902077380327
9666,c,110.92902077380327,110.92902077380327
9667,c,110.92902077380327,110.92902077380327
9668,c,26.525881435175073,37.701205270109966
9669,c,110.92902077380327,110.92902077380327
9670,c,110.92902077380327,110.92902077380327
9671,c,19.485789386229722,31.577700018962236
9672,na,2.6142858782809153,4.61636435440047
9673,t,110.92902077380327,110.92902077380327
9674,t,110.92902077380327,110.92902077380327
9675,c,110.92902077380327,110.92902077380327
9676,c,15.412657439266471,30.29619040640287
9677,c,70.69431593650131,71.05625439882118
9678,c,110.92902077380327,110.92902077380327
9679,c,47.19885903629158,52.03869184612127
9680,t,110.92902077380327,110.92902077380327
9681,c,42.779186354571415,50.58560083492608
9682,c,40.0451261533127,48.568213844918034
9683,c,22.75760074134652,27.367326948343177
9684,c,24.845195780387957,26.575942196963876
9685,c,110.92902077380327,110.92902077380327
9686,c,110.92902077380327,110.92902077380327
9687,t,110.92902077380327,110.92902077380327
9688,c,110.92902077380327,110.92902077380327
9689,c,110.92902077380327,110.92902077380327
9690,c,24.866331591948178,110.92902077380327
9691,c,37.68442653103852,44.14615198855851
9692,c,110.92902077380327,110.92902077380327
9693,c,23.32532837876295,23.84316992691442
9694,c,110.92902077380327,110.92902077380327
9695,c,38.916473260603134,41.38949430267427
9696,c,16.599876358433317,18.178578542683795
9697,c,110.92902077380327,110.92902077380327
9698,c,6.00464387855667,15.528757120628072
9699,t,110.92902077380327,110.92902077380327
9700,c,26.09587880095633,31.58052805290105
9701,c,15.283537958965479,18.981176025513307
9702,c,110.92902077380327,110.92902077380327
9703,c,31.95217813192602,110.92902077380327
9704,c,110.92902077380327,110.92902077380327
9705,t,110.92902077380327,110.92902077380327
9706,c,110.92902077380327,110.92902077380327
9707,c,110.92902077380327,110.92902077380327
9708,c,22.70035831094201,32.44786169197893
9709,c,25.984947458556448,28.133455974301004
9710,t,110.92902077380327,110.92902077380327
9711,c,110.92902077380327,110.92902077380327
9712,c,15.384684972975247,22.175600993923346
9713,c,40.76475599664593,40.96698407873629
9714,t,110.92902077380327,110.92902077380327
9715,t,110.92902077380327,110.92902077380327
9716,t,110.92902077380327,110.92902077380327
9717,t,110.92902077380327,110.92902077380327
9718,c,110.92902077380327,110.92902077380327
9719,c,110.92902077380327,110.92902077380327
9720,c,12.673816499989774,13.44737741854938
9721,c,110.92902077380327,110.92902077380327
9722,t,110.92902077380327,110.92902077380327
9723,t,110.92902077380327,110.92902077380327
9724,c,110.92902077380327,110.92902077380327
9725,c,110.92902077380327,110.92902077380327
9726,c,110.92902077380327,110.92902077380327
9727,c,110.92902077380327,110.92902077380327
9728,c,110.92902077380327,110.92902077380327
9729,c,110.92902077380327,110.92902077380327
9730,c,12.42308726624339,110.92902077380327
9731,c,110.92902077380327,110.92902077380327
9732,c,39.406880466930765,39.45652074160235
9733,c,110.92902077380327,110.92902077380327
9734,t,110.92902077380327,110.92902077380327
9735,c,110.92902077380327,110.92902077380327
9736,c,110.92902077380327,110.92902077380327
9737,c,110.92902077380327,110.92902077380327
9738,c,110.92902077380327,110.92902077380327
9739,c,110.92902077380327,110.92902077380327
9740,c,51.54896011739146,110.92902077380327
9741,c,110.92902077380327,110.92902077380327
9742,c,110.92902077380327,110.92902077380327
9743,c,110.92902077380327,110.92902077380327
9744,c,44.42160901647701,45.98619282343767
9745,c,35.30469781853691,38.198832632137645
9746,c,110.92902077380327,110.92902077380327
9747,t,110.92902077380327,110.92902077380327
9748,na,14.42505596967256,16.85826933745531
9749,na,5.83367078004871,7.415872552319071
9750,t,110.92902077380327,110.92902077380327
9751,c,110.92902077380327,110.92902077380327
9752,c,18.965028692411952,110.92902077380327
9753,c,110.92902077380327,110.92902077380327
9754,t,110.92902077380327,110.92902077380327
9755,c,28.39737797217049,31.662101169841854
9756,c,110.92902077380327,110.92902077380327
9757,c,42.571385618672224,47.65090985586871
9758,c,110.92902077380327,110.92902077380327
9759,c,20.60623033226448,21.372316546462944
9760,c,49.97973644409057,59.39313740374938
9761,c,110.92902077380327,110.92902077380327
9762,c,110.92902077380327,110.92902077380327
9763,c,110.92902077380327,110.92902077380327
9764,c,110.92902077380327,110.92902077380327
9765,c,110.92902077380327,110.92902077380327
9766,c,110.92902077380327,110.92902077380327
9767,t,110.92902077380327,110.92902077380327
9768,c,35.69911945567412,44.66062576167602
9769,t,110.92902077380327,110.92902077380327
9770,c,110.92902077380327,110.92902077380327
9771,na,0,5.00491653499986
9772,c,110.92902077380327,110.92902077380327
9773,c,110.92902077380327,110.92902077380327
9774,c,36.532058788464326,44.64345530697618
9775,na,0,110.92902077380327
9776,c,110.92902077380327,110.92902077380327
9777,c,36.58123857284393,44.341912275996584
9778,c,110.92902077380327,110.92902077380327
9779,c,64.76988636320065,67.82050344716346
9780,t,110.92902077380327,110.92902077380327
9781,c,110.92902077380327,110.92902077380327
9782,t,110.92902077380327,110.92902077380327
9783,t,110.92902077380327,110.92902077380327
9784,c,110.92902077380327,110.92902077380327
9785,c,20.61260164484762,110.92902077380327
9786,t,110.92902077380327,110.92902077380327
9787,c,44.82995972122922,44.87223379788837
9788,c,110.92902077380327,110.92902077380327
9789,c,110.92902077380327,110.92902077380327
9790,c,110.92902077380327,110.92902077380327
9791,c,44.073346878602294,45.34707871158505
9792,t,110.92902077380327,110.92902077380327
9793,c,110.92902077380327,110.92902077380327
9794,na,-1,0
9795,c,110.92902077380327,110.92902077380327
9796,c,53.12249999537591,58.3997385874434
9797,c,110.92902077380327,110.92902077380327
9798,t,110.92902077380327,110.92902077380327
9799,c,13.39461330116596,14.764652048217807
9800,c,110.92902077380327,110.92902077380327
9801,t,110.92902077380327,110.92902077380327
9802,t,110.92902077380327,110.92902077380327
9803,c,110.92902077380327,110.92902077380327
9804,c,110.92902077380327,110.92902077380327
9805,c,11.430524598878872,16.44357495531602
9806,c,110.92902077380327,110.92902077380327
9807,c,110.92902077380327,110.92902077380327
9808,c,26.783965249605256,28.90906066172961
9809,c,110.92902077380327,110.92902077380327
9810,c,13.84968410973489,16.784900948513197
9811,na,-1,0
9812,t,110.92902077380327,110.92902077380327
9813,c,110.92902077380327,110.92902077380327
9814,c,110.92902077380327,110.92902077380327
9815,c,49.046724610941105,52.86133889672375
9816,c,110.92902077380327,110.92902077380327
9817,c,42.83645582214144,44.91601918662377
9818,c,110.92902077380327,110.92902077380327
9819,c,25.09892850291807,110.92902077380327
9820,c,7.365447767262879,10.340814634215112
9821,c,110.92902077380327,110.92902077380327
9822,c,15.404101256465864,18.11724842345064
9823,c,19.352863753147282,21.970852422981572
9824,c,27.842919980594903,34.19570746948512
9825,t,110.92902077380327,110.92902077380327
9826,t,110.92902077380327,110.92902077380327
9827,c,110.92902077380327,110.92902077380327
9828,c,28.908159536550816,30.00729651410661
9829,t,110.92902077380327,110.92902077380327
9830,c,110.92902077380327,110.92902077380327
9831,c,32.69853250188007,34.231321122856244
9832,c,8.061549192230794,8.60248923775214
9833,c,110.92902077380327,110.92902077380327
9834,t,110.92902077380327,110.92902077380327
9835,t,110.92902077380327,110.92902077380327
9836,c,110.92902077380327,110.92902077380327
9837,c,40.08309665165298,41.49162828935972
9838,c,110.92902077380327,110.92902077380327
9839,c,110.92902077380327,110.92902077380327
9840,c,110.92902077380327,110.92902077380327
9841,t,110.92902077380327,110.92902077380327
9842,c,110.92902077380327,110.92902077380327
9843,c,23.427906927425905,27.32013659502375
9844,c,39.95913310191235,40.981071686932744
9845,c,34.10750429475435,36.25825597539692
9846,c,110.92902077380327,110.92902077380327
9847,t,110.92902077380327,110.92902077380327
9848,t,110.92902077380327,110.92902077380327
9849,t,110.92902077380327,110.92902077380327
9850,c,42.41277284637939,43.98318095028411
9851,c,69.78214442491681,69.7830085614523
9852,c,110.92902077380327,110.92902077380327
9853,t,110.92902077380327,110.92902077380327
9854,t,110.92902077380327,110.92902077380327
9855,t,110.92902077380327,110.92902077380327
9856,c,110.92902077380327,110.92902077380327
9857,c,110.92902077380327,110.92902077380327
9858,c,22.693916983477287,51.39868224446878
9859,c,50.31670131091625,57.9298936930493
9860,c,28.084157316183212,35.92236360646354
9861,t,110.92902077380327,110.92902077380327
9862,c,62.04729443583355,63.15994219500616
9863,c,52.73182690206826,53.460679482776676
9864,t,110.92902077380327,110.92902077380327
9865,c,32.38308378769498,37.94132731345423
9866,c,110.92902077380327,110.92902077380327
9867,c,4.49928270733329,9.476046550769542
9868,t,110.92902077380327,110.92902077380327
9869,t,110.92902077380327,110.92902077380327
9870,c,110.92902077380327,110.92902077380327
9871,c,110.92902077380327,110.92902077380327
9872,c,110.92902077380327,110.92902077380327
9873,c,27.805212008694216,36.58709917642904
9874,c,27.18112600077768,30.51998684260474
9875,c,24.992430654027128,26.270189932474725
9876,c,10.35314201843416,10.557671598441553
9877,c,110.92902077380327,110.92902077380327
9878,c,110.92902077380327,110.92902077380327
9879,c,110.92902077380327,110.92902077380327
9880,c,77.24338996175915,77.77067266264342
9881,c,20.48484761087658,20.820524003161317
9882,t,110.92902077380327,110.92902077380327
9883,c,27.39298086438814,27.758491792347304
9884,c,110.92902077380327,110.92902077380327
9885,c,110.92902077380327,110.92902077380327
9886,t,110.92902077380327,110.92902077380327
9887,na,-1,0
9888,c,18.296550814192596,19.996273754809227
9889,c,47.15486295211363,49.58883905155704
9890,c,110.92902077380327,110.92902077380327
9891,c,110.92902077380327,110.92902077380327
9892,t,110.92902077380327,110.92902077380327
9893,c,33.33062788203659,47.192208211968065
9894,c,21.335202213530025,30.24012696555063
9895,c,12.047761931806988,12.965815869822343
9896,t,110.92902077380327,110.92902077380327
9897,t,110.92902077380327,110.92902077380327
9898,c,110.92902077380327,110.92902077380327
9899,t,110.92902077380327,110.92902077380327
9900,c,110.92902077380327,110.92902077380327
9901,c,110.92902077380327,110.92902077380327
9902,c,18.467922756820464,20.56023744511993
9903,c,110.92902077380327,110.92902077380327
9904,c,110.92902077380327,110.92902077380327
9905,c,0.7645881975811278,5.918566589830036
9906,c,110.92902077380327,110.92902077380327
9907,c,29.020210507086258,30.609600935498257
9908,c,34.77519716839638,38.27080406057442
9909,c,110.92902077380327,110.92902077380327
9910,c,19.25753039914347,19.52724414730497
9911,c,110.92902077380327,110.92902077380327
9912,c,4.191961570842308,12.120203712236945
9913,c,36.69969145653044,43.738153606707776
9914,na,-1,0
9915,c,110.92902077380327,110.92902077380327
9916,c,110.92902077380327,110.92902077380327
9917,c,110.92902077380327,110.92902077380327
9918,c,23.248944906029827,24.937246934564303
9919,c,53.59585136680384,55.41870649918873
9920,na,0,0.5952879074644243
9921,c,110.92902077380327,110.92902077380327
9922,t,110.92902077380327,110.92902077380327
9923,c,110.92902077380327,110.92902077380327
9924,c,38.51691923025279,39.786423135117566
9925,na,9.847575324017908,11.408684394862851
9926,t,110.92902077380327,110.92902077380327
9927,c,110.92902077380327,110.92902077380327
9928,t,110.92902077380327,110.92902077380327
9929,t,110.92902077380327,110.92902077380327
9930,c,9.29260411132295,10.687572491985241
9931,c,110.92902077380327,110.92902077380327
9932,c,21.698231020278836,22.203280746779182
9933,c,110.92902077380327,110.92902077380327
9934,c,110.92902077380327,110.92902077380327
9935,t,110.92902077380327,110.92902077380327
9936,c,44.59312848201132,45.86202830739645
9937,c,110.92902077380327,110.92902077380327
9938,c,13.130506314121515,13.364396660640697
9939,c,35.16061979244118,54.10359870775671
9940,c,68.67458336739975,75.35764234150042
9941,c,66.35825018294821,78.82063343460692
9942,t,110.92902077380327,110.92902077380327
9943,c,110.92902077380327,110.92902077380327
9944,c,110.92902077380327,110.92902077380327
9945,c,36.588183462843794,38.36692802082992
9946,c,110.92902077380327,110.92902077380327
9947,c,22.154302406905384,26.126837974074608
9948,c,110.92902077380327,110.92902077380327
9949,c,110.92902077380327,110.92902077380327
9950,c,110.92902077380327,110.92902077380327
9951,c,110.92902077380327,110.92902077380327
9952,c,110.92902077380327,110.92902077380327
9953,c,52.32769316221661,54.5747207140138
9954,c,35.66375728898222,42.91003434255505
9955,c,110.92902077380327,110.92902077380327
9956,c,110.92902077380327,110.92902077380327
9957,c,110.92902077380327,110.92902077380327
9958,c,110.92902077380327,110.92902077380327
9959,c,110.92902077380327,110.92902077380327
9960,c,24.86472222978176,25.235799673386584
9961,c,110.92902077380327,110.92902077380327
9962,t,110.92902077380327,110.92902077380327
9963,c,19.139341771691544,39.81697829761093
9964,c,110.92902077380327,110.92902077380327
9965,c,110.92902077380327,110.92902077380327
9966,c,26.13983278157127,35.362416396267065
9967,c,25.218046404182445,30.625665952423798
9968,c,110.92902077380327,110.92902077380327
9969,c,110.92902077380327,110.92902077380327
9970,c,20.180722802202098,27.038606643163238
9971,c,110.92902077380327,110.92902077380327
9972,t,110.92902077380327,110.92902077380327
9973,c,110.92902077380327,110.92902077380327
9974,c,52.21278417182554,53.25759569292073
9975,c,8.75188911271653,13.58239417598387
9976,c,12.946003540023199,22.73763955871259
9977,c,110.92902077380327,110.92902077380327
9978,t,110.92902077380327,110.92902077380327
9979,t,110.92902077380327,110.92902077380327
9980,c,110.92902077380327,110.92902077380327
9981,c,110.92902077380327,110.92902077380327
9982,c,110.92902077380327,110.92902077380327
9983,c,110.92902077380327,110.92902077380327
9984,c,40.32497177317438,54.01493299203475
9985,c,24.515201420175813,25.30137796245213
9986,c,110.92902077380327,110.92902077380327
9987,c,110.92902077380327,110.92902077380327
9988,t,110.92902077380327,110.92902077380327
9989,c,30.38247900746423,31.71154577264806
9990,t,110.92902077380327,110.92902077380327
9991,c,110.92902077380327,110.92902077380327
9992,c,110.92902077380327,110.92902077380327
9993,c,13.078214322192371,15.04204268668957
9994,t,110.92902077380327,110.92902077380327
9995,c,110.92902077380327,110.92902077380327
9996,c,32.59282459398719,47.2515531303223
9997,na,0,6.1092232410172125
9998,t,110.92902077380327,110.92902077380327
9999,t,110.92902077380327,110.92902077380327
