node, assignment, time2inf, time2death
0,na,-1,0
1,na,-1,0
2,na,51.68913473653058,51.68913473653058
3,na,-1,0
4,na,-1,0
5,na,-1,0
6,na,-1,0
7,na,-1,0
8,na,-1,0
9,na,-1,0
10,na,-1,0
11,na,-1,0
12,na,-1,0
13,na,-1,0
14,na,-1,0
15,na,-1,0
16,na,0,3.241545220056134
17,na,-1,0
18,na,0,0.005317963797269995
19,na,-1,0
20,na,-1,0
21,na,-1,0
22,na,-1,0
23,na,-1,0
24,na,-1,0
25,na,-1,0
26,na,-1,0
27,na,-1,0
28,na,0,1.7473448387839772
29,na,-1,0
30,na,-1,0
31,na,-1,0
32,na,0,1.4388052073728403
33,na,-1,0
34,na,-1,0
35,na,-1,0
36,na,-1,0
37,na,-1,0
38,na,-1,0
39,na,-1,0
40,t,51.68913473653058,51.68913473653058
41,c,51.68913473653058,51.68913473653058
42,t,51.68913473653058,51.68913473653058
43,c,51.68913473653058,51.68913473653058
44,c,3.6769115750244254,6.4451466705889855
45,t,51.68913473653058,51.68913473653058
46,t,51.68913473653058,51.68913473653058
47,c,51.68913473653058,51.68913473653058
48,c,51.68913473653058,51.68913473653058
49,t,51.68913473653058,51.68913473653058
50,c,51.68913473653058,51.68913473653058
51,t,51.68913473653058,51.68913473653058
52,c,51.68913473653058,51.68913473653058
53,t,51.68913473653058,51.68913473653058
54,c,51.68913473653058,51.68913473653058
55,t,51.68913473653058,51.68913473653058
56,t,51.68913473653058,51.68913473653058
57,c,51.68913473653058,51.68913473653058
58,c,51.68913473653058,51.68913473653058
59,t,51.68913473653058,51.68913473653058
60,c,51.68913473653058,51.68913473653058
61,t,51.68913473653058,51.68913473653058
62,c,51.68913473653058,51.68913473653058
63,c,51.68913473653058,51.68913473653058
64,c,51.68913473653058,51.68913473653058
65,c,51.68913473653058,51.68913473653058
66,t,51.68913473653058,51.68913473653058
67,c,51.68913473653058,51.68913473653058
68,c,51.68913473653058,51.68913473653058
69,t,51.68913473653058,51.68913473653058
70,t,51.68913473653058,51.68913473653058
71,t,51.68913473653058,51.68913473653058
72,c,51.68913473653058,51.68913473653058
73,t,51.68913473653058,51.68913473653058
74,c,51.68913473653058,51.68913473653058
75,t,51.68913473653058,51.68913473653058
76,t,51.68913473653058,51.68913473653058
77,c,51.68913473653058,51.68913473653058
78,c,51.68913473653058,51.68913473653058
79,t,51.68913473653058,51.68913473653058
80,c,51.68913473653058,51.68913473653058
81,t,51.68913473653058,51.68913473653058
82,c,51.68913473653058,51.68913473653058
83,t,51.68913473653058,51.68913473653058
84,t,51.68913473653058,51.68913473653058
85,c,51.68913473653058,51.68913473653058
86,t,51.68913473653058,51.68913473653058
87,c,51.68913473653058,51.68913473653058
88,t,51.68913473653058,51.68913473653058
89,c,51.68913473653058,51.68913473653058
90,c,51.68913473653058,51.68913473653058
91,c,51.68913473653058,51.68913473653058
92,c,51.68913473653058,51.68913473653058
93,c,51.68913473653058,51.68913473653058
94,t,51.68913473653058,51.68913473653058
95,t,51.68913473653058,51.68913473653058
96,t,51.68913473653058,51.68913473653058
97,t,51.68913473653058,51.68913473653058
98,c,51.68913473653058,51.68913473653058
99,t,51.68913473653058,51.68913473653058
100,c,51.68913473653058,51.68913473653058
101,t,51.68913473653058,51.68913473653058
102,t,51.68913473653058,51.68913473653058
103,t,51.68913473653058,51.68913473653058
104,t,51.68913473653058,51.68913473653058
105,c,51.68913473653058,51.68913473653058
106,t,51.68913473653058,51.68913473653058
107,t,51.68913473653058,51.68913473653058
108,t,51.68913473653058,51.68913473653058
109,c,51.68913473653058,51.68913473653058
110,t,51.68913473653058,51.68913473653058
111,t,51.68913473653058,51.68913473653058
112,c,51.68913473653058,51.68913473653058
113,c,51.68913473653058,51.68913473653058
114,t,51.68913473653058,51.68913473653058
115,t,51.68913473653058,51.68913473653058
116,t,51.68913473653058,51.68913473653058
117,t,51.68913473653058,51.68913473653058
118,c,51.68913473653058,51.68913473653058
119,c,51.68913473653058,51.68913473653058
120,t,51.68913473653058,51.68913473653058
121,t,51.68913473653058,51.68913473653058
122,t,51.68913473653058,51.68913473653058
123,t,51.68913473653058,51.68913473653058
124,t,51.68913473653058,51.68913473653058
125,c,51.68913473653058,51.68913473653058
126,c,51.68913473653058,51.68913473653058
127,t,51.68913473653058,51.68913473653058
128,t,51.68913473653058,51.68913473653058
129,c,51.68913473653058,51.68913473653058
130,t,51.68913473653058,51.68913473653058
131,c,51.68913473653058,51.68913473653058
132,t,51.68913473653058,51.68913473653058
133,c,51.68913473653058,51.68913473653058
134,c,51.68913473653058,51.68913473653058
135,t,51.68913473653058,51.68913473653058
136,t,51.68913473653058,51.68913473653058
137,t,51.68913473653058,51.68913473653058
138,c,51.68913473653058,51.68913473653058
139,t,51.68913473653058,51.68913473653058
140,t,51.68913473653058,51.68913473653058
141,t,51.68913473653058,51.68913473653058
142,t,51.68913473653058,51.68913473653058
143,c,51.68913473653058,51.68913473653058
144,t,51.68913473653058,51.68913473653058
145,t,51.68913473653058,51.68913473653058
146,t,51.68913473653058,51.68913473653058
147,c,51.68913473653058,51.68913473653058
148,c,51.68913473653058,51.68913473653058
149,c,51.68913473653058,51.68913473653058
150,c,51.68913473653058,51.68913473653058
151,t,51.68913473653058,51.68913473653058
152,t,51.68913473653058,51.68913473653058
153,t,51.68913473653058,51.68913473653058
154,c,51.68913473653058,51.68913473653058
155,c,51.68913473653058,51.68913473653058
156,c,51.68913473653058,51.68913473653058
157,t,51.68913473653058,51.68913473653058
158,t,51.68913473653058,51.68913473653058
159,c,51.68913473653058,51.68913473653058
160,c,51.68913473653058,51.68913473653058
161,c,51.68913473653058,51.68913473653058
162,c,51.68913473653058,51.68913473653058
163,t,51.68913473653058,51.68913473653058
164,t,51.68913473653058,51.68913473653058
165,t,51.68913473653058,51.68913473653058
166,t,51.68913473653058,51.68913473653058
167,c,51.68913473653058,51.68913473653058
168,c,51.68913473653058,51.68913473653058
169,t,51.68913473653058,51.68913473653058
170,c,51.68913473653058,51.68913473653058
171,c,51.68913473653058,51.68913473653058
172,c,51.68913473653058,51.68913473653058
173,c,51.68913473653058,51.68913473653058
174,t,51.68913473653058,51.68913473653058
175,t,51.68913473653058,51.68913473653058
176,na,0.2851989498141722,5.420928983867625
177,c,51.68913473653058,51.68913473653058
178,c,51.68913473653058,51.68913473653058
179,t,51.68913473653058,51.68913473653058
180,t,51.68913473653058,51.68913473653058
181,t,51.68913473653058,51.68913473653058
182,t,51.68913473653058,51.68913473653058
183,t,51.68913473653058,51.68913473653058
184,c,51.68913473653058,51.68913473653058
185,c,51.68913473653058,51.68913473653058
186,c,51.68913473653058,51.68913473653058
187,c,51.68913473653058,51.68913473653058
188,c,51.68913473653058,51.68913473653058
189,c,51.68913473653058,51.68913473653058
190,t,51.68913473653058,51.68913473653058
191,c,51.68913473653058,51.68913473653058
192,t,51.68913473653058,51.68913473653058
193,c,51.68913473653058,51.68913473653058
194,t,51.68913473653058,51.68913473653058
195,t,51.68913473653058,51.68913473653058
196,t,51.68913473653058,51.68913473653058
197,t,51.68913473653058,51.68913473653058
198,c,51.68913473653058,51.68913473653058
199,t,51.68913473653058,51.68913473653058
200,t,51.68913473653058,51.68913473653058
201,c,51.68913473653058,51.68913473653058
202,c,51.68913473653058,51.68913473653058
203,t,51.68913473653058,51.68913473653058
204,c,51.68913473653058,51.68913473653058
205,t,51.68913473653058,51.68913473653058
206,c,51.68913473653058,51.68913473653058
207,c,51.68913473653058,51.68913473653058
208,t,51.68913473653058,51.68913473653058
209,c,51.68913473653058,51.68913473653058
210,t,51.68913473653058,51.68913473653058
211,t,51.68913473653058,51.68913473653058
212,t,51.68913473653058,51.68913473653058
213,c,51.68913473653058,51.68913473653058
214,c,51.68913473653058,51.68913473653058
215,c,51.68913473653058,51.68913473653058
216,t,51.68913473653058,51.68913473653058
217,t,51.68913473653058,51.68913473653058
218,c,51.68913473653058,51.68913473653058
219,c,51.68913473653058,51.68913473653058
220,t,51.68913473653058,51.68913473653058
221,c,51.68913473653058,51.68913473653058
222,t,51.68913473653058,51.68913473653058
223,t,51.68913473653058,51.68913473653058
224,t,51.68913473653058,51.68913473653058
225,t,51.68913473653058,51.68913473653058
226,c,51.68913473653058,51.68913473653058
227,c,51.68913473653058,51.68913473653058
228,t,51.68913473653058,51.68913473653058
229,c,51.68913473653058,51.68913473653058
230,c,51.68913473653058,51.68913473653058
231,t,51.68913473653058,51.68913473653058
232,c,51.68913473653058,51.68913473653058
233,t,51.68913473653058,51.68913473653058
234,t,51.68913473653058,51.68913473653058
235,c,51.68913473653058,51.68913473653058
236,c,51.68913473653058,51.68913473653058
237,t,51.68913473653058,51.68913473653058
238,c,51.68913473653058,51.68913473653058
239,c,51.68913473653058,51.68913473653058
240,c,51.68913473653058,51.68913473653058
241,t,51.68913473653058,51.68913473653058
242,c,51.68913473653058,51.68913473653058
243,t,51.68913473653058,51.68913473653058
244,t,51.68913473653058,51.68913473653058
245,c,51.68913473653058,51.68913473653058
246,c,51.68913473653058,51.68913473653058
247,c,51.68913473653058,51.68913473653058
248,t,51.68913473653058,51.68913473653058
249,c,6.153880223983948,7.7762380624587335
250,t,51.68913473653058,51.68913473653058
251,t,51.68913473653058,51.68913473653058
252,c,51.68913473653058,51.68913473653058
253,t,51.68913473653058,51.68913473653058
254,c,51.68913473653058,51.68913473653058
255,c,51.68913473653058,51.68913473653058
256,c,51.68913473653058,51.68913473653058
257,t,51.68913473653058,51.68913473653058
258,c,51.68913473653058,51.68913473653058
259,t,51.68913473653058,51.68913473653058
260,t,51.68913473653058,51.68913473653058
261,c,51.68913473653058,51.68913473653058
262,t,51.68913473653058,51.68913473653058
263,t,51.68913473653058,51.68913473653058
264,t,51.68913473653058,51.68913473653058
265,t,51.68913473653058,51.68913473653058
266,c,51.68913473653058,51.68913473653058
267,c,51.68913473653058,51.68913473653058
268,t,51.68913473653058,51.68913473653058
269,c,51.68913473653058,51.68913473653058
270,t,51.68913473653058,51.68913473653058
271,t,51.68913473653058,51.68913473653058
272,t,51.68913473653058,51.68913473653058
273,t,51.68913473653058,51.68913473653058
274,c,51.68913473653058,51.68913473653058
275,c,51.68913473653058,51.68913473653058
276,c,51.68913473653058,51.68913473653058
277,t,51.68913473653058,51.68913473653058
278,c,51.68913473653058,51.68913473653058
279,c,51.68913473653058,51.68913473653058
280,t,51.68913473653058,51.68913473653058
281,c,51.68913473653058,51.68913473653058
282,t,51.68913473653058,51.68913473653058
283,c,51.68913473653058,51.68913473653058
284,t,51.68913473653058,51.68913473653058
285,t,51.68913473653058,51.68913473653058
286,t,51.68913473653058,51.68913473653058
287,t,51.68913473653058,51.68913473653058
288,t,51.68913473653058,51.68913473653058
289,t,51.68913473653058,51.68913473653058
290,c,51.68913473653058,51.68913473653058
291,t,51.68913473653058,51.68913473653058
292,c,51.68913473653058,51.68913473653058
293,c,51.68913473653058,51.68913473653058
294,t,51.68913473653058,51.68913473653058
295,c,51.68913473653058,51.68913473653058
296,t,51.68913473653058,51.68913473653058
297,t,51.68913473653058,51.68913473653058
298,c,51.68913473653058,51.68913473653058
299,t,51.68913473653058,51.68913473653058
300,t,51.68913473653058,51.68913473653058
301,t,51.68913473653058,51.68913473653058
302,c,51.68913473653058,51.68913473653058
303,t,51.68913473653058,51.68913473653058
304,c,51.68913473653058,51.68913473653058
305,t,51.68913473653058,51.68913473653058
306,c,51.68913473653058,51.68913473653058
307,t,51.68913473653058,51.68913473653058
308,t,51.68913473653058,51.68913473653058
309,t,51.68913473653058,51.68913473653058
310,c,51.68913473653058,51.68913473653058
311,c,51.68913473653058,51.68913473653058
312,c,51.68913473653058,51.68913473653058
313,c,51.68913473653058,51.68913473653058
314,c,51.68913473653058,51.68913473653058
315,t,51.68913473653058,51.68913473653058
316,t,51.68913473653058,51.68913473653058
317,t,51.68913473653058,51.68913473653058
318,c,51.68913473653058,51.68913473653058
319,c,51.68913473653058,51.68913473653058
320,c,51.68913473653058,51.68913473653058
321,t,51.68913473653058,51.68913473653058
322,c,51.68913473653058,51.68913473653058
323,c,51.68913473653058,51.68913473653058
324,c,51.68913473653058,51.68913473653058
325,c,51.68913473653058,51.68913473653058
326,t,51.68913473653058,51.68913473653058
327,t,51.68913473653058,51.68913473653058
328,t,51.68913473653058,51.68913473653058
329,t,51.68913473653058,51.68913473653058
330,c,51.68913473653058,51.68913473653058
331,c,51.68913473653058,51.68913473653058
332,c,51.68913473653058,51.68913473653058
333,c,51.68913473653058,51.68913473653058
334,t,51.68913473653058,51.68913473653058
335,t,51.68913473653058,51.68913473653058
336,t,51.68913473653058,51.68913473653058
337,c,51.68913473653058,51.68913473653058
338,t,51.68913473653058,51.68913473653058
339,c,51.68913473653058,51.68913473653058
340,c,51.68913473653058,51.68913473653058
341,c,51.68913473653058,51.68913473653058
342,c,51.68913473653058,51.68913473653058
343,c,51.68913473653058,51.68913473653058
344,t,51.68913473653058,51.68913473653058
345,t,51.68913473653058,51.68913473653058
346,c,51.68913473653058,51.68913473653058
347,c,51.68913473653058,51.68913473653058
348,t,51.68913473653058,51.68913473653058
349,c,51.68913473653058,51.68913473653058
350,t,51.68913473653058,51.68913473653058
351,c,51.68913473653058,51.68913473653058
352,t,51.68913473653058,51.68913473653058
353,c,51.68913473653058,51.68913473653058
354,c,51.68913473653058,51.68913473653058
355,t,51.68913473653058,51.68913473653058
356,na,0,13.204694664272019
357,c,51.68913473653058,51.68913473653058
358,t,51.68913473653058,51.68913473653058
359,t,51.68913473653058,51.68913473653058
360,c,51.68913473653058,51.68913473653058
361,t,51.68913473653058,51.68913473653058
362,t,51.68913473653058,51.68913473653058
363,t,51.68913473653058,51.68913473653058
364,t,51.68913473653058,51.68913473653058
365,c,51.68913473653058,51.68913473653058
366,t,51.68913473653058,51.68913473653058
367,t,51.68913473653058,51.68913473653058
368,c,51.68913473653058,51.68913473653058
369,t,51.68913473653058,51.68913473653058
370,c,51.68913473653058,51.68913473653058
371,t,51.68913473653058,51.68913473653058
372,c,51.68913473653058,51.68913473653058
373,t,51.68913473653058,51.68913473653058
374,t,51.68913473653058,51.68913473653058
375,t,51.68913473653058,51.68913473653058
376,c,51.68913473653058,51.68913473653058
377,t,51.68913473653058,51.68913473653058
378,c,51.68913473653058,51.68913473653058
379,t,51.68913473653058,51.68913473653058
380,t,51.68913473653058,51.68913473653058
381,c,51.68913473653058,51.68913473653058
382,t,51.68913473653058,51.68913473653058
383,c,51.68913473653058,51.68913473653058
384,c,51.68913473653058,51.68913473653058
385,c,51.68913473653058,51.68913473653058
386,c,51.68913473653058,51.68913473653058
387,t,51.68913473653058,51.68913473653058
388,t,51.68913473653058,51.68913473653058
389,t,51.68913473653058,51.68913473653058
390,c,51.68913473653058,51.68913473653058
391,c,51.68913473653058,51.68913473653058
392,t,51.68913473653058,51.68913473653058
393,t,51.68913473653058,51.68913473653058
394,t,51.68913473653058,51.68913473653058
395,t,51.68913473653058,51.68913473653058
396,c,51.68913473653058,51.68913473653058
397,c,51.68913473653058,51.68913473653058
398,t,51.68913473653058,51.68913473653058
399,t,51.68913473653058,51.68913473653058
400,c,51.68913473653058,51.68913473653058
401,c,51.68913473653058,51.68913473653058
402,c,51.68913473653058,51.68913473653058
403,c,51.68913473653058,51.68913473653058
404,t,51.68913473653058,51.68913473653058
405,c,51.68913473653058,51.68913473653058
406,c,51.68913473653058,51.68913473653058
407,c,51.68913473653058,51.68913473653058
408,t,51.68913473653058,51.68913473653058
409,t,51.68913473653058,51.68913473653058
410,c,51.68913473653058,51.68913473653058
411,c,51.68913473653058,51.68913473653058
412,c,51.68913473653058,51.68913473653058
413,c,51.68913473653058,51.68913473653058
414,c,51.68913473653058,51.68913473653058
415,t,51.68913473653058,51.68913473653058
416,t,51.68913473653058,51.68913473653058
417,t,51.68913473653058,51.68913473653058
418,c,51.68913473653058,51.68913473653058
419,c,51.68913473653058,51.68913473653058
420,t,51.68913473653058,51.68913473653058
421,c,51.68913473653058,51.68913473653058
422,t,51.68913473653058,51.68913473653058
423,c,51.68913473653058,51.68913473653058
424,c,51.68913473653058,51.68913473653058
425,t,51.68913473653058,51.68913473653058
426,t,51.68913473653058,51.68913473653058
427,c,51.68913473653058,51.68913473653058
428,c,51.68913473653058,51.68913473653058
429,c,51.68913473653058,51.68913473653058
430,c,51.68913473653058,51.68913473653058
431,c,51.68913473653058,51.68913473653058
432,c,51.68913473653058,51.68913473653058
433,c,51.68913473653058,51.68913473653058
434,t,51.68913473653058,51.68913473653058
435,c,51.68913473653058,51.68913473653058
436,t,51.68913473653058,51.68913473653058
437,t,51.68913473653058,51.68913473653058
438,t,51.68913473653058,51.68913473653058
439,c,51.68913473653058,51.68913473653058
440,c,51.68913473653058,51.68913473653058
441,t,51.68913473653058,51.68913473653058
442,t,51.68913473653058,51.68913473653058
443,t,51.68913473653058,51.68913473653058
444,c,51.68913473653058,51.68913473653058
445,t,51.68913473653058,51.68913473653058
446,t,51.68913473653058,51.68913473653058
447,c,51.68913473653058,51.68913473653058
448,c,51.68913473653058,51.68913473653058
449,c,51.68913473653058,51.68913473653058
450,c,51.68913473653058,51.68913473653058
451,c,51.68913473653058,51.68913473653058
452,c,51.68913473653058,51.68913473653058
453,t,51.68913473653058,51.68913473653058
454,t,51.68913473653058,51.68913473653058
455,t,51.68913473653058,51.68913473653058
456,t,51.68913473653058,51.68913473653058
457,t,51.68913473653058,51.68913473653058
458,t,51.68913473653058,51.68913473653058
459,t,51.68913473653058,51.68913473653058
460,t,51.68913473653058,51.68913473653058
461,t,51.68913473653058,51.68913473653058
462,t,51.68913473653058,51.68913473653058
463,t,51.68913473653058,51.68913473653058
464,t,51.68913473653058,51.68913473653058
465,t,51.68913473653058,51.68913473653058
466,c,51.68913473653058,51.68913473653058
467,t,51.68913473653058,51.68913473653058
468,t,51.68913473653058,51.68913473653058
469,t,51.68913473653058,51.68913473653058
470,t,51.68913473653058,51.68913473653058
471,t,51.68913473653058,51.68913473653058
472,t,51.68913473653058,51.68913473653058
473,t,51.68913473653058,51.68913473653058
474,c,51.68913473653058,51.68913473653058
475,t,51.68913473653058,51.68913473653058
476,c,51.68913473653058,51.68913473653058
477,t,51.68913473653058,51.68913473653058
478,c,51.68913473653058,51.68913473653058
479,t,51.68913473653058,51.68913473653058
480,c,51.68913473653058,51.68913473653058
481,c,51.68913473653058,51.68913473653058
482,c,51.68913473653058,51.68913473653058
483,t,51.68913473653058,51.68913473653058
484,c,26.652529298571555,29.772634404632523
485,c,51.68913473653058,51.68913473653058
486,c,51.68913473653058,51.68913473653058
487,t,51.68913473653058,51.68913473653058
488,c,51.68913473653058,51.68913473653058
489,c,51.68913473653058,51.68913473653058
490,t,51.68913473653058,51.68913473653058
491,c,51.68913473653058,51.68913473653058
492,t,51.68913473653058,51.68913473653058
493,t,51.68913473653058,51.68913473653058
494,t,51.68913473653058,51.68913473653058
495,t,51.68913473653058,51.68913473653058
496,c,51.68913473653058,51.68913473653058
497,c,51.68913473653058,51.68913473653058
498,c,51.68913473653058,51.68913473653058
499,t,51.68913473653058,51.68913473653058
500,c,51.68913473653058,51.68913473653058
501,t,51.68913473653058,51.68913473653058
502,t,51.68913473653058,51.68913473653058
503,t,51.68913473653058,51.68913473653058
504,c,51.68913473653058,51.68913473653058
505,c,51.68913473653058,51.68913473653058
506,t,51.68913473653058,51.68913473653058
507,c,51.68913473653058,51.68913473653058
508,c,51.68913473653058,51.68913473653058
509,c,51.68913473653058,51.68913473653058
510,c,51.68913473653058,51.68913473653058
511,t,51.68913473653058,51.68913473653058
512,c,51.68913473653058,51.68913473653058
513,c,51.68913473653058,51.68913473653058
514,c,51.68913473653058,51.68913473653058
515,t,51.68913473653058,51.68913473653058
516,c,51.68913473653058,51.68913473653058
517,c,51.68913473653058,51.68913473653058
518,c,51.68913473653058,51.68913473653058
519,t,51.68913473653058,51.68913473653058
520,c,51.68913473653058,51.68913473653058
521,c,51.68913473653058,51.68913473653058
522,c,51.68913473653058,51.68913473653058
523,c,51.68913473653058,51.68913473653058
524,c,51.68913473653058,51.68913473653058
525,c,51.68913473653058,51.68913473653058
526,c,51.68913473653058,51.68913473653058
527,t,51.68913473653058,51.68913473653058
528,t,51.68913473653058,51.68913473653058
529,c,51.68913473653058,51.68913473653058
530,c,51.68913473653058,51.68913473653058
531,t,51.68913473653058,51.68913473653058
532,c,51.68913473653058,51.68913473653058
533,c,51.68913473653058,51.68913473653058
534,c,51.68913473653058,51.68913473653058
535,c,51.68913473653058,51.68913473653058
536,c,51.68913473653058,51.68913473653058
537,c,51.68913473653058,51.68913473653058
538,t,51.68913473653058,51.68913473653058
539,t,51.68913473653058,51.68913473653058
540,t,51.68913473653058,51.68913473653058
541,c,51.68913473653058,51.68913473653058
542,t,51.68913473653058,51.68913473653058
543,c,51.68913473653058,51.68913473653058
544,t,51.68913473653058,51.68913473653058
545,t,51.68913473653058,51.68913473653058
546,t,51.68913473653058,51.68913473653058
547,c,51.68913473653058,51.68913473653058
548,c,51.68913473653058,51.68913473653058
549,c,51.68913473653058,51.68913473653058
550,c,51.68913473653058,51.68913473653058
551,c,51.68913473653058,51.68913473653058
552,c,51.68913473653058,51.68913473653058
553,c,51.68913473653058,51.68913473653058
554,c,51.68913473653058,51.68913473653058
555,c,51.68913473653058,51.68913473653058
556,c,51.68913473653058,51.68913473653058
557,c,51.68913473653058,51.68913473653058
558,t,51.68913473653058,51.68913473653058
559,c,51.68913473653058,51.68913473653058
560,t,51.68913473653058,51.68913473653058
561,c,51.68913473653058,51.68913473653058
562,c,51.68913473653058,51.68913473653058
563,t,51.68913473653058,51.68913473653058
564,t,51.68913473653058,51.68913473653058
565,t,51.68913473653058,51.68913473653058
566,c,51.68913473653058,51.68913473653058
567,t,51.68913473653058,51.68913473653058
568,c,51.68913473653058,51.68913473653058
569,t,51.68913473653058,51.68913473653058
570,c,51.68913473653058,51.68913473653058
571,t,51.68913473653058,51.68913473653058
572,t,51.68913473653058,51.68913473653058
573,t,51.68913473653058,51.68913473653058
574,c,51.68913473653058,51.68913473653058
575,c,51.68913473653058,51.68913473653058
576,c,51.68913473653058,51.68913473653058
577,c,51.68913473653058,51.68913473653058
578,t,51.68913473653058,51.68913473653058
579,t,51.68913473653058,51.68913473653058
580,c,51.68913473653058,51.68913473653058
581,c,51.68913473653058,51.68913473653058
582,c,51.68913473653058,51.68913473653058
583,t,51.68913473653058,51.68913473653058
584,t,51.68913473653058,51.68913473653058
585,t,51.68913473653058,51.68913473653058
586,t,51.68913473653058,51.68913473653058
587,t,51.68913473653058,51.68913473653058
588,c,51.68913473653058,51.68913473653058
589,c,51.68913473653058,51.68913473653058
590,c,51.68913473653058,51.68913473653058
591,t,51.68913473653058,51.68913473653058
592,c,51.68913473653058,51.68913473653058
593,t,51.68913473653058,51.68913473653058
594,t,51.68913473653058,51.68913473653058
595,t,51.68913473653058,51.68913473653058
596,c,51.68913473653058,51.68913473653058
597,c,51.68913473653058,51.68913473653058
598,t,51.68913473653058,51.68913473653058
599,t,51.68913473653058,51.68913473653058
600,c,51.68913473653058,51.68913473653058
601,c,51.68913473653058,51.68913473653058
602,t,51.68913473653058,51.68913473653058
603,t,51.68913473653058,51.68913473653058
604,t,51.68913473653058,51.68913473653058
605,c,51.68913473653058,51.68913473653058
606,t,51.68913473653058,51.68913473653058
607,t,51.68913473653058,51.68913473653058
608,t,51.68913473653058,51.68913473653058
609,t,51.68913473653058,51.68913473653058
610,c,51.68913473653058,51.68913473653058
611,t,51.68913473653058,51.68913473653058
612,t,51.68913473653058,51.68913473653058
613,t,51.68913473653058,51.68913473653058
614,t,51.68913473653058,51.68913473653058
615,t,51.68913473653058,51.68913473653058
616,c,51.68913473653058,51.68913473653058
617,t,51.68913473653058,51.68913473653058
618,t,51.68913473653058,51.68913473653058
619,c,51.68913473653058,51.68913473653058
620,c,51.68913473653058,51.68913473653058
621,t,51.68913473653058,51.68913473653058
622,c,51.68913473653058,51.68913473653058
623,c,51.68913473653058,51.68913473653058
624,c,51.68913473653058,51.68913473653058
625,c,51.68913473653058,51.68913473653058
626,t,51.68913473653058,51.68913473653058
627,t,51.68913473653058,51.68913473653058
628,t,51.68913473653058,51.68913473653058
629,c,51.68913473653058,51.68913473653058
630,c,51.68913473653058,51.68913473653058
631,t,51.68913473653058,51.68913473653058
632,c,51.68913473653058,51.68913473653058
633,t,51.68913473653058,51.68913473653058
634,t,51.68913473653058,51.68913473653058
635,t,51.68913473653058,51.68913473653058
636,t,51.68913473653058,51.68913473653058
637,t,51.68913473653058,51.68913473653058
638,c,51.68913473653058,51.68913473653058
639,c,51.68913473653058,51.68913473653058
640,t,51.68913473653058,51.68913473653058
641,t,51.68913473653058,51.68913473653058
642,t,51.68913473653058,51.68913473653058
643,t,51.68913473653058,51.68913473653058
644,t,51.68913473653058,51.68913473653058
645,c,51.68913473653058,51.68913473653058
646,c,51.68913473653058,51.68913473653058
647,c,51.68913473653058,51.68913473653058
648,t,51.68913473653058,51.68913473653058
649,t,51.68913473653058,51.68913473653058
650,t,51.68913473653058,51.68913473653058
651,c,51.68913473653058,51.68913473653058
652,t,51.68913473653058,51.68913473653058
653,c,51.68913473653058,51.68913473653058
654,c,51.68913473653058,51.68913473653058
655,t,51.68913473653058,51.68913473653058
656,t,51.68913473653058,51.68913473653058
657,c,51.68913473653058,51.68913473653058
658,t,51.68913473653058,51.68913473653058
659,t,51.68913473653058,51.68913473653058
660,c,51.68913473653058,51.68913473653058
661,c,51.68913473653058,51.68913473653058
662,t,51.68913473653058,51.68913473653058
663,c,51.68913473653058,51.68913473653058
664,t,51.68913473653058,51.68913473653058
665,c,51.68913473653058,51.68913473653058
666,t,51.68913473653058,51.68913473653058
667,c,51.68913473653058,51.68913473653058
668,t,51.68913473653058,51.68913473653058
669,t,51.68913473653058,51.68913473653058
670,t,51.68913473653058,51.68913473653058
671,t,51.68913473653058,51.68913473653058
672,c,51.68913473653058,51.68913473653058
673,t,51.68913473653058,51.68913473653058
674,c,51.68913473653058,51.68913473653058
675,t,51.68913473653058,51.68913473653058
676,t,51.68913473653058,51.68913473653058
677,c,51.68913473653058,51.68913473653058
678,t,51.68913473653058,51.68913473653058
679,c,51.68913473653058,51.68913473653058
680,c,51.68913473653058,51.68913473653058
681,t,51.68913473653058,51.68913473653058
682,c,51.68913473653058,51.68913473653058
683,t,51.68913473653058,51.68913473653058
684,t,51.68913473653058,51.68913473653058
685,t,51.68913473653058,51.68913473653058
686,t,51.68913473653058,51.68913473653058
687,t,51.68913473653058,51.68913473653058
688,t,51.68913473653058,51.68913473653058
689,t,51.68913473653058,51.68913473653058
690,c,51.68913473653058,51.68913473653058
691,c,51.68913473653058,51.68913473653058
692,c,51.68913473653058,51.68913473653058
693,t,51.68913473653058,51.68913473653058
694,t,51.68913473653058,51.68913473653058
695,c,51.68913473653058,51.68913473653058
696,c,51.68913473653058,51.68913473653058
697,t,51.68913473653058,51.68913473653058
698,t,51.68913473653058,51.68913473653058
699,t,51.68913473653058,51.68913473653058
700,t,51.68913473653058,51.68913473653058
701,t,51.68913473653058,51.68913473653058
702,t,51.68913473653058,51.68913473653058
703,t,51.68913473653058,51.68913473653058
704,t,51.68913473653058,51.68913473653058
705,c,51.68913473653058,51.68913473653058
706,c,51.68913473653058,51.68913473653058
707,c,51.68913473653058,51.68913473653058
708,c,51.68913473653058,51.68913473653058
709,t,51.68913473653058,51.68913473653058
710,t,51.68913473653058,51.68913473653058
711,t,51.68913473653058,51.68913473653058
712,t,51.68913473653058,51.68913473653058
713,t,51.68913473653058,51.68913473653058
714,na,1.3319572287294827,7.875587233910113
715,t,51.68913473653058,51.68913473653058
716,c,51.68913473653058,51.68913473653058
717,c,51.68913473653058,51.68913473653058
718,c,51.68913473653058,51.68913473653058
719,t,51.68913473653058,51.68913473653058
720,c,51.68913473653058,51.68913473653058
721,c,51.68913473653058,51.68913473653058
722,c,51.68913473653058,51.68913473653058
723,c,51.68913473653058,51.68913473653058
724,c,51.68913473653058,51.68913473653058
725,t,51.68913473653058,51.68913473653058
726,c,51.68913473653058,51.68913473653058
727,c,51.68913473653058,51.68913473653058
728,t,51.68913473653058,51.68913473653058
729,t,51.68913473653058,51.68913473653058
730,t,51.68913473653058,51.68913473653058
731,t,51.68913473653058,51.68913473653058
732,t,51.68913473653058,51.68913473653058
733,t,51.68913473653058,51.68913473653058
734,c,51.68913473653058,51.68913473653058
735,t,51.68913473653058,51.68913473653058
736,t,51.68913473653058,51.68913473653058
737,c,51.68913473653058,51.68913473653058
738,c,51.68913473653058,51.68913473653058
739,na,-1,0
740,t,51.68913473653058,51.68913473653058
741,c,51.68913473653058,51.68913473653058
742,t,51.68913473653058,51.68913473653058
743,t,51.68913473653058,51.68913473653058
744,t,51.68913473653058,51.68913473653058
745,t,51.68913473653058,51.68913473653058
746,c,51.68913473653058,51.68913473653058
747,c,51.68913473653058,51.68913473653058
748,t,51.68913473653058,51.68913473653058
749,c,51.68913473653058,51.68913473653058
750,c,51.68913473653058,51.68913473653058
751,t,51.68913473653058,51.68913473653058
752,t,51.68913473653058,51.68913473653058
753,c,51.68913473653058,51.68913473653058
754,t,51.68913473653058,51.68913473653058
755,t,51.68913473653058,51.68913473653058
756,c,51.68913473653058,51.68913473653058
757,t,51.68913473653058,51.68913473653058
758,t,51.68913473653058,51.68913473653058
759,t,51.68913473653058,51.68913473653058
760,c,51.68913473653058,51.68913473653058
761,t,51.68913473653058,51.68913473653058
762,c,51.68913473653058,51.68913473653058
763,t,51.68913473653058,51.68913473653058
764,c,51.68913473653058,51.68913473653058
765,t,51.68913473653058,51.68913473653058
766,c,51.68913473653058,51.68913473653058
767,t,51.68913473653058,51.68913473653058
768,c,51.68913473653058,51.68913473653058
769,t,51.68913473653058,51.68913473653058
770,t,51.68913473653058,51.68913473653058
771,c,51.68913473653058,51.68913473653058
772,c,51.68913473653058,51.68913473653058
773,t,51.68913473653058,51.68913473653058
774,c,51.68913473653058,51.68913473653058
775,c,51.68913473653058,51.68913473653058
776,t,51.68913473653058,51.68913473653058
777,c,51.68913473653058,51.68913473653058
778,c,51.68913473653058,51.68913473653058
779,c,51.68913473653058,51.68913473653058
780,c,51.68913473653058,51.68913473653058
781,c,51.68913473653058,51.68913473653058
782,c,51.68913473653058,51.68913473653058
783,t,51.68913473653058,51.68913473653058
784,t,51.68913473653058,51.68913473653058
785,t,51.68913473653058,51.68913473653058
786,c,51.68913473653058,51.68913473653058
787,t,51.68913473653058,51.68913473653058
788,t,51.68913473653058,51.68913473653058
789,c,51.68913473653058,51.68913473653058
790,c,51.68913473653058,51.68913473653058
791,c,51.68913473653058,51.68913473653058
792,t,51.68913473653058,51.68913473653058
793,c,51.68913473653058,51.68913473653058
794,c,51.68913473653058,51.68913473653058
795,t,51.68913473653058,51.68913473653058
796,c,51.68913473653058,51.68913473653058
797,t,51.68913473653058,51.68913473653058
798,t,51.68913473653058,51.68913473653058
799,c,51.68913473653058,51.68913473653058
800,c,51.68913473653058,51.68913473653058
801,t,51.68913473653058,51.68913473653058
802,c,51.68913473653058,51.68913473653058
803,c,51.68913473653058,51.68913473653058
804,c,51.68913473653058,51.68913473653058
805,t,51.68913473653058,51.68913473653058
806,t,51.68913473653058,51.68913473653058
807,t,51.68913473653058,51.68913473653058
808,c,51.68913473653058,51.68913473653058
809,c,51.68913473653058,51.68913473653058
810,t,51.68913473653058,51.68913473653058
811,c,51.68913473653058,51.68913473653058
812,c,51.68913473653058,51.68913473653058
813,t,51.68913473653058,51.68913473653058
814,c,51.68913473653058,51.68913473653058
815,t,51.68913473653058,51.68913473653058
816,t,51.68913473653058,51.68913473653058
817,c,51.68913473653058,51.68913473653058
818,c,51.68913473653058,51.68913473653058
819,c,51.68913473653058,51.68913473653058
820,t,51.68913473653058,51.68913473653058
821,t,51.68913473653058,51.68913473653058
822,c,51.68913473653058,51.68913473653058
823,t,51.68913473653058,51.68913473653058
824,t,51.68913473653058,51.68913473653058
825,c,51.68913473653058,51.68913473653058
826,na,1.5519637629438632,2.580702205038353
827,c,51.68913473653058,51.68913473653058
828,t,51.68913473653058,51.68913473653058
829,t,51.68913473653058,51.68913473653058
830,c,51.68913473653058,51.68913473653058
831,c,51.68913473653058,51.68913473653058
832,t,51.68913473653058,51.68913473653058
833,c,51.68913473653058,51.68913473653058
834,t,51.68913473653058,51.68913473653058
835,c,51.68913473653058,51.68913473653058
836,t,51.68913473653058,51.68913473653058
837,c,51.68913473653058,51.68913473653058
838,c,51.68913473653058,51.68913473653058
839,t,51.68913473653058,51.68913473653058
840,c,51.68913473653058,51.68913473653058
841,c,51.68913473653058,51.68913473653058
842,t,51.68913473653058,51.68913473653058
843,t,51.68913473653058,51.68913473653058
844,na,1.3465050210289742,3.892553542007747
845,c,51.68913473653058,51.68913473653058
846,t,51.68913473653058,51.68913473653058
847,c,51.68913473653058,51.68913473653058
848,t,51.68913473653058,51.68913473653058
849,c,51.68913473653058,51.68913473653058
850,c,51.68913473653058,51.68913473653058
851,t,51.68913473653058,51.68913473653058
852,c,51.68913473653058,51.68913473653058
853,t,51.68913473653058,51.68913473653058
854,c,51.68913473653058,51.68913473653058
855,t,51.68913473653058,51.68913473653058
856,t,51.68913473653058,51.68913473653058
857,t,51.68913473653058,51.68913473653058
858,c,51.68913473653058,51.68913473653058
859,c,51.68913473653058,51.68913473653058
860,c,51.68913473653058,51.68913473653058
861,t,51.68913473653058,51.68913473653058
862,c,51.68913473653058,51.68913473653058
863,t,51.68913473653058,51.68913473653058
864,c,51.68913473653058,51.68913473653058
865,t,51.68913473653058,51.68913473653058
866,c,51.68913473653058,51.68913473653058
867,t,51.68913473653058,51.68913473653058
868,t,51.68913473653058,51.68913473653058
869,t,51.68913473653058,51.68913473653058
870,c,51.68913473653058,51.68913473653058
871,c,51.68913473653058,51.68913473653058
872,t,51.68913473653058,51.68913473653058
873,c,51.68913473653058,51.68913473653058
874,c,51.68913473653058,51.68913473653058
875,c,51.68913473653058,51.68913473653058
876,t,51.68913473653058,51.68913473653058
877,c,51.68913473653058,51.68913473653058
878,t,51.68913473653058,51.68913473653058
879,c,51.68913473653058,51.68913473653058
880,t,51.68913473653058,51.68913473653058
881,t,51.68913473653058,51.68913473653058
882,c,51.68913473653058,51.68913473653058
883,t,51.68913473653058,51.68913473653058
884,t,51.68913473653058,51.68913473653058
885,c,51.68913473653058,51.68913473653058
886,t,51.68913473653058,51.68913473653058
887,t,51.68913473653058,51.68913473653058
888,c,51.68913473653058,51.68913473653058
889,t,51.68913473653058,51.68913473653058
890,t,51.68913473653058,51.68913473653058
891,t,51.68913473653058,51.68913473653058
892,c,51.68913473653058,51.68913473653058
893,t,51.68913473653058,51.68913473653058
894,c,51.68913473653058,51.68913473653058
895,t,51.68913473653058,51.68913473653058
896,t,51.68913473653058,51.68913473653058
897,t,51.68913473653058,51.68913473653058
898,t,51.68913473653058,51.68913473653058
899,na,4.967446825407763,5.701697978042953
900,c,51.68913473653058,51.68913473653058
901,c,51.68913473653058,51.68913473653058
902,t,51.68913473653058,51.68913473653058
903,c,51.68913473653058,51.68913473653058
904,c,51.68913473653058,51.68913473653058
905,t,51.68913473653058,51.68913473653058
906,t,51.68913473653058,51.68913473653058
907,c,51.68913473653058,51.68913473653058
908,c,51.68913473653058,51.68913473653058
909,t,51.68913473653058,51.68913473653058
910,c,51.68913473653058,51.68913473653058
911,t,51.68913473653058,51.68913473653058
912,c,51.68913473653058,51.68913473653058
913,c,51.68913473653058,51.68913473653058
914,t,51.68913473653058,51.68913473653058
915,t,51.68913473653058,51.68913473653058
916,t,51.68913473653058,51.68913473653058
917,c,51.68913473653058,51.68913473653058
918,c,51.68913473653058,51.68913473653058
919,c,51.68913473653058,51.68913473653058
920,c,51.68913473653058,51.68913473653058
921,t,51.68913473653058,51.68913473653058
922,t,51.68913473653058,51.68913473653058
923,t,51.68913473653058,51.68913473653058
924,c,51.68913473653058,51.68913473653058
925,t,51.68913473653058,51.68913473653058
926,c,51.68913473653058,51.68913473653058
927,c,51.68913473653058,51.68913473653058
928,t,51.68913473653058,51.68913473653058
929,c,51.68913473653058,51.68913473653058
930,t,51.68913473653058,51.68913473653058
931,c,51.68913473653058,51.68913473653058
932,c,51.68913473653058,51.68913473653058
933,c,51.68913473653058,51.68913473653058
934,t,51.68913473653058,51.68913473653058
935,c,51.68913473653058,51.68913473653058
936,c,51.68913473653058,51.68913473653058
937,c,51.68913473653058,51.68913473653058
938,t,51.68913473653058,51.68913473653058
939,t,51.68913473653058,51.68913473653058
940,c,51.68913473653058,51.68913473653058
941,t,51.68913473653058,51.68913473653058
942,c,51.68913473653058,51.68913473653058
943,c,51.68913473653058,51.68913473653058
944,c,51.68913473653058,51.68913473653058
945,c,51.68913473653058,51.68913473653058
946,c,51.68913473653058,51.68913473653058
947,c,51.68913473653058,51.68913473653058
948,t,51.68913473653058,51.68913473653058
949,t,51.68913473653058,51.68913473653058
950,t,51.68913473653058,51.68913473653058
951,c,51.68913473653058,51.68913473653058
952,t,51.68913473653058,51.68913473653058
953,c,51.68913473653058,51.68913473653058
954,t,51.68913473653058,51.68913473653058
955,c,51.68913473653058,51.68913473653058
956,t,51.68913473653058,51.68913473653058
957,t,51.68913473653058,51.68913473653058
958,c,51.68913473653058,51.68913473653058
959,c,51.68913473653058,51.68913473653058
960,t,51.68913473653058,51.68913473653058
961,c,51.68913473653058,51.68913473653058
962,c,51.68913473653058,51.68913473653058
963,c,51.68913473653058,51.68913473653058
964,t,51.68913473653058,51.68913473653058
965,c,51.68913473653058,51.68913473653058
966,t,51.68913473653058,51.68913473653058
967,t,51.68913473653058,51.68913473653058
968,c,51.68913473653058,51.68913473653058
969,t,51.68913473653058,51.68913473653058
970,t,51.68913473653058,51.68913473653058
971,t,51.68913473653058,51.68913473653058
972,c,51.68913473653058,51.68913473653058
973,c,51.68913473653058,51.68913473653058
974,t,51.68913473653058,51.68913473653058
975,c,51.68913473653058,51.68913473653058
976,c,51.68913473653058,51.68913473653058
977,c,51.68913473653058,51.68913473653058
978,c,51.68913473653058,51.68913473653058
979,c,51.68913473653058,51.68913473653058
980,t,51.68913473653058,51.68913473653058
981,c,51.68913473653058,51.68913473653058
982,c,51.68913473653058,51.68913473653058
983,t,51.68913473653058,51.68913473653058
984,t,51.68913473653058,51.68913473653058
985,c,51.68913473653058,51.68913473653058
986,c,51.68913473653058,51.68913473653058
987,t,51.68913473653058,51.68913473653058
988,c,51.68913473653058,51.68913473653058
989,c,51.68913473653058,51.68913473653058
990,c,51.68913473653058,51.68913473653058
991,c,51.68913473653058,51.68913473653058
992,c,51.68913473653058,51.68913473653058
993,c,51.68913473653058,51.68913473653058
994,c,51.68913473653058,51.68913473653058
995,c,51.68913473653058,51.68913473653058
996,t,51.68913473653058,51.68913473653058
997,c,51.68913473653058,51.68913473653058
998,t,51.68913473653058,51.68913473653058
999,c,51.68913473653058,51.68913473653058
1000,c,51.68913473653058,51.68913473653058
1001,c,51.68913473653058,51.68913473653058
1002,t,51.68913473653058,51.68913473653058
1003,t,51.68913473653058,51.68913473653058
1004,c,51.68913473653058,51.68913473653058
1005,t,51.68913473653058,51.68913473653058
1006,t,51.68913473653058,51.68913473653058
1007,c,51.68913473653058,51.68913473653058
1008,c,51.68913473653058,51.68913473653058
1009,c,51.68913473653058,51.68913473653058
1010,c,51.68913473653058,51.68913473653058
1011,t,51.68913473653058,51.68913473653058
1012,t,51.68913473653058,51.68913473653058
1013,c,51.68913473653058,51.68913473653058
1014,c,51.68913473653058,51.68913473653058
1015,c,51.68913473653058,51.68913473653058
1016,c,51.68913473653058,51.68913473653058
1017,t,51.68913473653058,51.68913473653058
1018,t,51.68913473653058,51.68913473653058
1019,c,51.68913473653058,51.68913473653058
1020,t,51.68913473653058,51.68913473653058
1021,t,51.68913473653058,51.68913473653058
1022,t,51.68913473653058,51.68913473653058
1023,c,51.68913473653058,51.68913473653058
1024,t,51.68913473653058,51.68913473653058
1025,c,51.68913473653058,51.68913473653058
1026,t,51.68913473653058,51.68913473653058
1027,t,51.68913473653058,51.68913473653058
1028,t,51.68913473653058,51.68913473653058
1029,c,51.68913473653058,51.68913473653058
1030,c,51.68913473653058,51.68913473653058
1031,t,51.68913473653058,51.68913473653058
1032,c,51.68913473653058,51.68913473653058
1033,c,51.68913473653058,51.68913473653058
1034,t,51.68913473653058,51.68913473653058
1035,c,51.68913473653058,51.68913473653058
1036,c,51.68913473653058,51.68913473653058
1037,c,51.68913473653058,51.68913473653058
1038,c,51.68913473653058,51.68913473653058
1039,t,51.68913473653058,51.68913473653058
1040,c,51.68913473653058,51.68913473653058
1041,c,51.68913473653058,51.68913473653058
1042,t,51.68913473653058,51.68913473653058
1043,c,51.68913473653058,51.68913473653058
1044,c,51.68913473653058,51.68913473653058
1045,c,51.68913473653058,51.68913473653058
1046,t,51.68913473653058,51.68913473653058
1047,t,51.68913473653058,51.68913473653058
1048,t,51.68913473653058,51.68913473653058
1049,t,51.68913473653058,51.68913473653058
1050,t,51.68913473653058,51.68913473653058
1051,t,51.68913473653058,51.68913473653058
1052,c,51.68913473653058,51.68913473653058
1053,c,51.68913473653058,51.68913473653058
1054,t,51.68913473653058,51.68913473653058
1055,na,0,0.5252467662487926
1056,t,51.68913473653058,51.68913473653058
1057,c,51.68913473653058,51.68913473653058
1058,t,51.68913473653058,51.68913473653058
1059,t,51.68913473653058,51.68913473653058
1060,t,51.68913473653058,51.68913473653058
1061,t,51.68913473653058,51.68913473653058
1062,t,51.68913473653058,51.68913473653058
1063,c,51.68913473653058,51.68913473653058
1064,c,51.68913473653058,51.68913473653058
1065,t,51.68913473653058,51.68913473653058
1066,t,51.68913473653058,51.68913473653058
1067,c,51.68913473653058,51.68913473653058
1068,c,51.68913473653058,51.68913473653058
1069,t,51.68913473653058,51.68913473653058
1070,c,51.68913473653058,51.68913473653058
1071,c,51.68913473653058,51.68913473653058
1072,t,51.68913473653058,51.68913473653058
1073,t,51.68913473653058,51.68913473653058
1074,t,51.68913473653058,51.68913473653058
1075,c,51.68913473653058,51.68913473653058
1076,t,51.68913473653058,51.68913473653058
1077,c,51.68913473653058,51.68913473653058
1078,t,51.68913473653058,51.68913473653058
1079,t,51.68913473653058,51.68913473653058
1080,c,51.68913473653058,51.68913473653058
1081,t,51.68913473653058,51.68913473653058
1082,t,51.68913473653058,51.68913473653058
1083,c,51.68913473653058,51.68913473653058
1084,c,51.68913473653058,51.68913473653058
1085,c,51.68913473653058,51.68913473653058
1086,c,51.68913473653058,51.68913473653058
1087,c,51.68913473653058,51.68913473653058
1088,t,51.68913473653058,51.68913473653058
1089,t,51.68913473653058,51.68913473653058
1090,t,51.68913473653058,51.68913473653058
1091,t,51.68913473653058,51.68913473653058
1092,t,51.68913473653058,51.68913473653058
1093,c,51.68913473653058,51.68913473653058
1094,c,51.68913473653058,51.68913473653058
1095,c,51.68913473653058,51.68913473653058
1096,t,51.68913473653058,51.68913473653058
1097,c,51.68913473653058,51.68913473653058
1098,t,51.68913473653058,51.68913473653058
1099,t,51.68913473653058,51.68913473653058
1100,c,51.68913473653058,51.68913473653058
1101,t,51.68913473653058,51.68913473653058
1102,c,51.68913473653058,51.68913473653058
1103,c,51.68913473653058,51.68913473653058
1104,c,51.68913473653058,51.68913473653058
1105,t,51.68913473653058,51.68913473653058
1106,c,51.68913473653058,51.68913473653058
1107,t,51.68913473653058,51.68913473653058
1108,t,51.68913473653058,51.68913473653058
1109,t,51.68913473653058,51.68913473653058
1110,c,51.68913473653058,51.68913473653058
1111,t,51.68913473653058,51.68913473653058
1112,t,51.68913473653058,51.68913473653058
1113,t,51.68913473653058,51.68913473653058
1114,t,51.68913473653058,51.68913473653058
1115,t,51.68913473653058,51.68913473653058
1116,c,51.68913473653058,51.68913473653058
1117,t,51.68913473653058,51.68913473653058
1118,c,51.68913473653058,51.68913473653058
1119,c,51.68913473653058,51.68913473653058
1120,c,51.68913473653058,51.68913473653058
1121,c,51.68913473653058,51.68913473653058
1122,t,51.68913473653058,51.68913473653058
1123,c,51.68913473653058,51.68913473653058
1124,t,51.68913473653058,51.68913473653058
1125,c,51.68913473653058,51.68913473653058
1126,t,51.68913473653058,51.68913473653058
1127,t,51.68913473653058,51.68913473653058
1128,t,51.68913473653058,51.68913473653058
1129,t,51.68913473653058,51.68913473653058
1130,t,51.68913473653058,51.68913473653058
1131,t,51.68913473653058,51.68913473653058
1132,c,51.68913473653058,51.68913473653058
1133,t,51.68913473653058,51.68913473653058
1134,c,51.68913473653058,51.68913473653058
1135,t,51.68913473653058,51.68913473653058
1136,t,51.68913473653058,51.68913473653058
1137,c,51.68913473653058,51.68913473653058
1138,c,51.68913473653058,51.68913473653058
1139,t,51.68913473653058,51.68913473653058
1140,c,51.68913473653058,51.68913473653058
1141,c,51.68913473653058,51.68913473653058
1142,t,51.68913473653058,51.68913473653058
1143,t,51.68913473653058,51.68913473653058
1144,t,51.68913473653058,51.68913473653058
1145,c,51.68913473653058,51.68913473653058
1146,c,51.68913473653058,51.68913473653058
1147,t,51.68913473653058,51.68913473653058
1148,c,51.68913473653058,51.68913473653058
1149,c,51.68913473653058,51.68913473653058
1150,t,51.68913473653058,51.68913473653058
1151,t,51.68913473653058,51.68913473653058
1152,t,51.68913473653058,51.68913473653058
1153,t,51.68913473653058,51.68913473653058
1154,c,51.68913473653058,51.68913473653058
1155,t,51.68913473653058,51.68913473653058
1156,t,51.68913473653058,51.68913473653058
1157,t,51.68913473653058,51.68913473653058
1158,c,51.68913473653058,51.68913473653058
1159,c,51.68913473653058,51.68913473653058
1160,c,51.68913473653058,51.68913473653058
1161,c,51.68913473653058,51.68913473653058
1162,t,51.68913473653058,51.68913473653058
1163,c,51.68913473653058,51.68913473653058
1164,t,51.68913473653058,51.68913473653058
1165,t,51.68913473653058,51.68913473653058
1166,t,51.68913473653058,51.68913473653058
1167,t,51.68913473653058,51.68913473653058
1168,c,51.68913473653058,51.68913473653058
1169,t,51.68913473653058,51.68913473653058
1170,c,51.68913473653058,51.68913473653058
1171,t,51.68913473653058,51.68913473653058
1172,t,51.68913473653058,51.68913473653058
1173,c,51.68913473653058,51.68913473653058
1174,t,51.68913473653058,51.68913473653058
1175,t,51.68913473653058,51.68913473653058
1176,t,51.68913473653058,51.68913473653058
1177,c,51.68913473653058,51.68913473653058
1178,c,51.68913473653058,51.68913473653058
1179,t,51.68913473653058,51.68913473653058
1180,c,51.68913473653058,51.68913473653058
1181,t,51.68913473653058,51.68913473653058
1182,c,51.68913473653058,51.68913473653058
1183,t,51.68913473653058,51.68913473653058
1184,c,51.68913473653058,51.68913473653058
1185,t,51.68913473653058,51.68913473653058
1186,c,51.68913473653058,51.68913473653058
1187,t,51.68913473653058,51.68913473653058
1188,c,51.68913473653058,51.68913473653058
1189,c,51.68913473653058,51.68913473653058
1190,t,51.68913473653058,51.68913473653058
1191,t,51.68913473653058,51.68913473653058
1192,c,51.68913473653058,51.68913473653058
1193,c,51.68913473653058,51.68913473653058
1194,t,51.68913473653058,51.68913473653058
1195,t,51.68913473653058,51.68913473653058
1196,t,51.68913473653058,51.68913473653058
1197,c,51.68913473653058,51.68913473653058
1198,c,51.68913473653058,51.68913473653058
1199,c,51.68913473653058,51.68913473653058
1200,t,51.68913473653058,51.68913473653058
1201,c,51.68913473653058,51.68913473653058
1202,t,51.68913473653058,51.68913473653058
1203,c,51.68913473653058,51.68913473653058
1204,t,51.68913473653058,51.68913473653058
1205,t,51.68913473653058,51.68913473653058
1206,c,51.68913473653058,51.68913473653058
1207,t,51.68913473653058,51.68913473653058
1208,t,51.68913473653058,51.68913473653058
1209,c,51.68913473653058,51.68913473653058
1210,c,51.68913473653058,51.68913473653058
1211,t,51.68913473653058,51.68913473653058
1212,t,51.68913473653058,51.68913473653058
1213,c,51.68913473653058,51.68913473653058
1214,t,51.68913473653058,51.68913473653058
1215,t,51.68913473653058,51.68913473653058
1216,c,51.68913473653058,51.68913473653058
1217,t,51.68913473653058,51.68913473653058
1218,c,51.68913473653058,51.68913473653058
1219,c,51.68913473653058,51.68913473653058
1220,t,51.68913473653058,51.68913473653058
1221,t,51.68913473653058,51.68913473653058
1222,t,51.68913473653058,51.68913473653058
1223,c,51.68913473653058,51.68913473653058
1224,t,51.68913473653058,51.68913473653058
1225,c,51.68913473653058,51.68913473653058
1226,c,51.68913473653058,51.68913473653058
1227,t,51.68913473653058,51.68913473653058
1228,t,51.68913473653058,51.68913473653058
1229,t,51.68913473653058,51.68913473653058
1230,c,51.68913473653058,51.68913473653058
1231,na,8.353828929652158,9.744648920002879
1232,c,51.68913473653058,51.68913473653058
1233,c,51.68913473653058,51.68913473653058
1234,t,51.68913473653058,51.68913473653058
1235,t,51.68913473653058,51.68913473653058
1236,c,51.68913473653058,51.68913473653058
1237,c,51.68913473653058,51.68913473653058
1238,c,51.68913473653058,51.68913473653058
1239,t,51.68913473653058,51.68913473653058
1240,t,51.68913473653058,51.68913473653058
1241,t,51.68913473653058,51.68913473653058
1242,c,51.68913473653058,51.68913473653058
1243,t,51.68913473653058,51.68913473653058
1244,t,51.68913473653058,51.68913473653058
1245,t,51.68913473653058,51.68913473653058
1246,c,51.68913473653058,51.68913473653058
1247,c,51.68913473653058,51.68913473653058
1248,t,51.68913473653058,51.68913473653058
1249,c,51.68913473653058,51.68913473653058
1250,na,8.15910655234555,8.732659304320745
1251,c,51.68913473653058,51.68913473653058
1252,t,51.68913473653058,51.68913473653058
1253,t,51.68913473653058,51.68913473653058
1254,c,51.68913473653058,51.68913473653058
1255,c,51.68913473653058,51.68913473653058
1256,t,51.68913473653058,51.68913473653058
1257,c,51.68913473653058,51.68913473653058
1258,c,51.68913473653058,51.68913473653058
1259,c,51.68913473653058,51.68913473653058
1260,c,51.68913473653058,51.68913473653058
1261,t,51.68913473653058,51.68913473653058
1262,t,51.68913473653058,51.68913473653058
1263,c,51.68913473653058,51.68913473653058
1264,t,51.68913473653058,51.68913473653058
1265,c,51.68913473653058,51.68913473653058
1266,t,51.68913473653058,51.68913473653058
1267,c,51.68913473653058,51.68913473653058
1268,t,51.68913473653058,51.68913473653058
1269,c,51.68913473653058,51.68913473653058
1270,c,51.68913473653058,51.68913473653058
1271,c,51.68913473653058,51.68913473653058
1272,c,51.68913473653058,51.68913473653058
1273,t,51.68913473653058,51.68913473653058
1274,t,51.68913473653058,51.68913473653058
1275,t,51.68913473653058,51.68913473653058
1276,c,51.68913473653058,51.68913473653058
1277,c,51.68913473653058,51.68913473653058
1278,t,51.68913473653058,51.68913473653058
1279,t,51.68913473653058,51.68913473653058
1280,t,51.68913473653058,51.68913473653058
1281,t,51.68913473653058,51.68913473653058
1282,c,51.68913473653058,51.68913473653058
1283,t,51.68913473653058,51.68913473653058
1284,t,51.68913473653058,51.68913473653058
1285,t,51.68913473653058,51.68913473653058
1286,t,51.68913473653058,51.68913473653058
1287,c,51.68913473653058,51.68913473653058
1288,t,51.68913473653058,51.68913473653058
1289,c,51.68913473653058,51.68913473653058
1290,c,51.68913473653058,51.68913473653058
1291,c,51.68913473653058,51.68913473653058
1292,t,51.68913473653058,51.68913473653058
1293,c,51.68913473653058,51.68913473653058
1294,t,51.68913473653058,51.68913473653058
1295,t,51.68913473653058,51.68913473653058
1296,t,51.68913473653058,51.68913473653058
1297,t,51.68913473653058,51.68913473653058
1298,t,51.68913473653058,51.68913473653058
1299,c,51.68913473653058,51.68913473653058
1300,c,51.68913473653058,51.68913473653058
1301,t,51.68913473653058,51.68913473653058
1302,t,51.68913473653058,51.68913473653058
1303,t,51.68913473653058,51.68913473653058
1304,c,51.68913473653058,51.68913473653058
1305,c,51.68913473653058,51.68913473653058
1306,c,51.68913473653058,51.68913473653058
1307,c,51.68913473653058,51.68913473653058
1308,c,51.68913473653058,51.68913473653058
1309,c,51.68913473653058,51.68913473653058
1310,c,51.68913473653058,51.68913473653058
1311,t,51.68913473653058,51.68913473653058
1312,t,51.68913473653058,51.68913473653058
1313,c,51.68913473653058,51.68913473653058
1314,c,51.68913473653058,51.68913473653058
1315,t,51.68913473653058,51.68913473653058
1316,c,51.68913473653058,51.68913473653058
1317,c,51.68913473653058,51.68913473653058
1318,t,51.68913473653058,51.68913473653058
1319,t,51.68913473653058,51.68913473653058
1320,c,51.68913473653058,51.68913473653058
1321,c,51.68913473653058,51.68913473653058
1322,t,51.68913473653058,51.68913473653058
1323,t,51.68913473653058,51.68913473653058
1324,t,51.68913473653058,51.68913473653058
1325,t,51.68913473653058,51.68913473653058
1326,c,51.68913473653058,51.68913473653058
1327,c,51.68913473653058,51.68913473653058
1328,c,51.68913473653058,51.68913473653058
1329,t,51.68913473653058,51.68913473653058
1330,c,51.68913473653058,51.68913473653058
1331,c,51.68913473653058,51.68913473653058
1332,c,51.68913473653058,51.68913473653058
1333,c,51.68913473653058,51.68913473653058
1334,c,51.68913473653058,51.68913473653058
1335,t,51.68913473653058,51.68913473653058
1336,t,51.68913473653058,51.68913473653058
1337,t,51.68913473653058,51.68913473653058
1338,c,51.68913473653058,51.68913473653058
1339,t,51.68913473653058,51.68913473653058
1340,c,51.68913473653058,51.68913473653058
1341,t,51.68913473653058,51.68913473653058
1342,c,51.68913473653058,51.68913473653058
1343,t,51.68913473653058,51.68913473653058
1344,t,51.68913473653058,51.68913473653058
1345,t,51.68913473653058,51.68913473653058
1346,t,51.68913473653058,51.68913473653058
1347,c,51.68913473653058,51.68913473653058
1348,c,51.68913473653058,51.68913473653058
1349,t,51.68913473653058,51.68913473653058
1350,t,51.68913473653058,51.68913473653058
1351,c,51.68913473653058,51.68913473653058
1352,c,51.68913473653058,51.68913473653058
1353,t,51.68913473653058,51.68913473653058
1354,c,51.68913473653058,51.68913473653058
1355,t,51.68913473653058,51.68913473653058
1356,c,51.68913473653058,51.68913473653058
1357,c,51.68913473653058,51.68913473653058
1358,c,51.68913473653058,51.68913473653058
1359,c,51.68913473653058,51.68913473653058
1360,c,51.68913473653058,51.68913473653058
1361,t,51.68913473653058,51.68913473653058
1362,c,51.68913473653058,51.68913473653058
1363,t,51.68913473653058,51.68913473653058
1364,t,51.68913473653058,51.68913473653058
1365,t,51.68913473653058,51.68913473653058
1366,t,51.68913473653058,51.68913473653058
1367,t,51.68913473653058,51.68913473653058
1368,t,51.68913473653058,51.68913473653058
1369,c,51.68913473653058,51.68913473653058
1370,t,51.68913473653058,51.68913473653058
1371,c,51.68913473653058,51.68913473653058
1372,c,51.68913473653058,51.68913473653058
1373,c,51.68913473653058,51.68913473653058
1374,t,51.68913473653058,51.68913473653058
1375,c,51.68913473653058,51.68913473653058
1376,c,51.68913473653058,51.68913473653058
1377,t,51.68913473653058,51.68913473653058
1378,c,51.68913473653058,51.68913473653058
1379,c,51.68913473653058,51.68913473653058
1380,t,51.68913473653058,51.68913473653058
1381,t,51.68913473653058,51.68913473653058
1382,c,51.68913473653058,51.68913473653058
1383,t,51.68913473653058,51.68913473653058
1384,t,51.68913473653058,51.68913473653058
1385,t,51.68913473653058,51.68913473653058
1386,c,51.68913473653058,51.68913473653058
1387,c,51.68913473653058,51.68913473653058
1388,c,51.68913473653058,51.68913473653058
1389,c,51.68913473653058,51.68913473653058
1390,c,51.68913473653058,51.68913473653058
1391,t,51.68913473653058,51.68913473653058
1392,c,51.68913473653058,51.68913473653058
1393,c,51.68913473653058,51.68913473653058
1394,t,51.68913473653058,51.68913473653058
1395,t,51.68913473653058,51.68913473653058
1396,t,51.68913473653058,51.68913473653058
1397,t,51.68913473653058,51.68913473653058
1398,c,51.68913473653058,51.68913473653058
1399,t,51.68913473653058,51.68913473653058
1400,t,51.68913473653058,51.68913473653058
1401,c,51.68913473653058,51.68913473653058
1402,c,51.68913473653058,51.68913473653058
1403,c,51.68913473653058,51.68913473653058
1404,c,51.68913473653058,51.68913473653058
1405,c,51.68913473653058,51.68913473653058
1406,c,51.68913473653058,51.68913473653058
1407,t,51.68913473653058,51.68913473653058
1408,c,51.68913473653058,51.68913473653058
1409,c,51.68913473653058,51.68913473653058
1410,c,51.68913473653058,51.68913473653058
1411,t,51.68913473653058,51.68913473653058
1412,c,51.68913473653058,51.68913473653058
1413,t,51.68913473653058,51.68913473653058
1414,t,51.68913473653058,51.68913473653058
1415,t,51.68913473653058,51.68913473653058
1416,c,51.68913473653058,51.68913473653058
1417,t,51.68913473653058,51.68913473653058
1418,t,51.68913473653058,51.68913473653058
1419,c,51.68913473653058,51.68913473653058
1420,t,51.68913473653058,51.68913473653058
1421,t,51.68913473653058,51.68913473653058
1422,c,51.68913473653058,51.68913473653058
1423,c,51.68913473653058,51.68913473653058
1424,t,51.68913473653058,51.68913473653058
1425,c,51.68913473653058,51.68913473653058
1426,c,51.68913473653058,51.68913473653058
1427,t,51.68913473653058,51.68913473653058
1428,t,51.68913473653058,51.68913473653058
1429,na,1.9209191042896434,51.68913473653058
1430,t,51.68913473653058,51.68913473653058
1431,c,51.68913473653058,51.68913473653058
1432,t,51.68913473653058,51.68913473653058
1433,c,51.68913473653058,51.68913473653058
1434,c,51.68913473653058,51.68913473653058
1435,t,51.68913473653058,51.68913473653058
1436,t,51.68913473653058,51.68913473653058
1437,t,51.68913473653058,51.68913473653058
1438,t,51.68913473653058,51.68913473653058
1439,c,51.68913473653058,51.68913473653058
1440,c,51.68913473653058,51.68913473653058
1441,t,51.68913473653058,51.68913473653058
1442,t,51.68913473653058,51.68913473653058
1443,c,51.68913473653058,51.68913473653058
1444,t,51.68913473653058,51.68913473653058
1445,c,51.68913473653058,51.68913473653058
1446,c,51.68913473653058,51.68913473653058
1447,t,51.68913473653058,51.68913473653058
1448,t,51.68913473653058,51.68913473653058
1449,c,51.68913473653058,51.68913473653058
1450,c,51.68913473653058,51.68913473653058
1451,c,51.68913473653058,51.68913473653058
1452,t,51.68913473653058,51.68913473653058
1453,t,51.68913473653058,51.68913473653058
1454,t,51.68913473653058,51.68913473653058
1455,t,51.68913473653058,51.68913473653058
1456,c,51.68913473653058,51.68913473653058
1457,c,51.68913473653058,51.68913473653058
1458,t,51.68913473653058,51.68913473653058
1459,c,51.68913473653058,51.68913473653058
1460,t,51.68913473653058,51.68913473653058
1461,c,51.68913473653058,51.68913473653058
1462,t,51.68913473653058,51.68913473653058
1463,c,51.68913473653058,51.68913473653058
1464,c,51.68913473653058,51.68913473653058
1465,c,51.68913473653058,51.68913473653058
1466,c,51.68913473653058,51.68913473653058
1467,t,51.68913473653058,51.68913473653058
1468,c,51.68913473653058,51.68913473653058
1469,c,51.68913473653058,51.68913473653058
1470,t,51.68913473653058,51.68913473653058
1471,t,51.68913473653058,51.68913473653058
1472,c,51.68913473653058,51.68913473653058
1473,c,51.68913473653058,51.68913473653058
1474,c,51.68913473653058,51.68913473653058
1475,c,51.68913473653058,51.68913473653058
1476,c,51.68913473653058,51.68913473653058
1477,t,51.68913473653058,51.68913473653058
1478,t,51.68913473653058,51.68913473653058
1479,t,51.68913473653058,51.68913473653058
1480,c,51.68913473653058,51.68913473653058
1481,c,51.68913473653058,51.68913473653058
1482,t,51.68913473653058,51.68913473653058
1483,t,51.68913473653058,51.68913473653058
1484,c,51.68913473653058,51.68913473653058
1485,c,51.68913473653058,51.68913473653058
1486,t,51.68913473653058,51.68913473653058
1487,c,51.68913473653058,51.68913473653058
1488,t,51.68913473653058,51.68913473653058
1489,c,51.68913473653058,51.68913473653058
1490,t,51.68913473653058,51.68913473653058
1491,t,51.68913473653058,51.68913473653058
1492,t,51.68913473653058,51.68913473653058
1493,c,51.68913473653058,51.68913473653058
1494,c,51.68913473653058,51.68913473653058
1495,t,51.68913473653058,51.68913473653058
1496,t,51.68913473653058,51.68913473653058
1497,c,51.68913473653058,51.68913473653058
1498,c,51.68913473653058,51.68913473653058
1499,t,51.68913473653058,51.68913473653058
1500,c,51.68913473653058,51.68913473653058
1501,t,51.68913473653058,51.68913473653058
1502,c,51.68913473653058,51.68913473653058
1503,t,51.68913473653058,51.68913473653058
1504,t,51.68913473653058,51.68913473653058
1505,c,51.68913473653058,51.68913473653058
1506,na,0,4.5026370342650806
1507,c,51.68913473653058,51.68913473653058
1508,c,51.68913473653058,51.68913473653058
1509,c,51.68913473653058,51.68913473653058
1510,c,51.68913473653058,51.68913473653058
1511,t,51.68913473653058,51.68913473653058
1512,c,51.68913473653058,51.68913473653058
1513,t,51.68913473653058,51.68913473653058
1514,c,51.68913473653058,51.68913473653058
1515,c,51.68913473653058,51.68913473653058
1516,t,51.68913473653058,51.68913473653058
1517,c,51.68913473653058,51.68913473653058
1518,c,51.68913473653058,51.68913473653058
1519,c,51.68913473653058,51.68913473653058
1520,c,51.68913473653058,51.68913473653058
1521,c,51.68913473653058,51.68913473653058
1522,t,51.68913473653058,51.68913473653058
1523,c,51.68913473653058,51.68913473653058
1524,t,51.68913473653058,51.68913473653058
1525,c,51.68913473653058,51.68913473653058
1526,c,51.68913473653058,51.68913473653058
1527,c,51.68913473653058,51.68913473653058
1528,t,51.68913473653058,51.68913473653058
1529,c,51.68913473653058,51.68913473653058
1530,c,51.68913473653058,51.68913473653058
1531,c,51.68913473653058,51.68913473653058
1532,t,51.68913473653058,51.68913473653058
1533,c,51.68913473653058,51.68913473653058
1534,c,51.68913473653058,51.68913473653058
1535,c,51.68913473653058,51.68913473653058
1536,c,51.68913473653058,51.68913473653058
1537,c,51.68913473653058,51.68913473653058
1538,c,51.68913473653058,51.68913473653058
1539,t,51.68913473653058,51.68913473653058
1540,c,51.68913473653058,51.68913473653058
1541,c,51.68913473653058,51.68913473653058
1542,t,51.68913473653058,51.68913473653058
1543,c,51.68913473653058,51.68913473653058
1544,c,51.68913473653058,51.68913473653058
1545,t,51.68913473653058,51.68913473653058
1546,c,51.68913473653058,51.68913473653058
1547,c,51.68913473653058,51.68913473653058
1548,c,51.68913473653058,51.68913473653058
1549,c,51.68913473653058,51.68913473653058
1550,t,51.68913473653058,51.68913473653058
1551,na,1.6732064708821293,2.8655951367984747
1552,c,51.68913473653058,51.68913473653058
1553,t,51.68913473653058,51.68913473653058
1554,c,51.68913473653058,51.68913473653058
1555,c,51.68913473653058,51.68913473653058
1556,t,51.68913473653058,51.68913473653058
1557,c,51.68913473653058,51.68913473653058
1558,c,51.68913473653058,51.68913473653058
1559,t,51.68913473653058,51.68913473653058
1560,t,51.68913473653058,51.68913473653058
1561,c,51.68913473653058,51.68913473653058
1562,t,51.68913473653058,51.68913473653058
1563,c,51.68913473653058,51.68913473653058
1564,c,51.68913473653058,51.68913473653058
1565,c,51.68913473653058,51.68913473653058
1566,t,51.68913473653058,51.68913473653058
1567,t,51.68913473653058,51.68913473653058
1568,c,51.68913473653058,51.68913473653058
1569,t,51.68913473653058,51.68913473653058
1570,t,51.68913473653058,51.68913473653058
1571,c,51.68913473653058,51.68913473653058
1572,c,51.68913473653058,51.68913473653058
1573,t,51.68913473653058,51.68913473653058
1574,t,51.68913473653058,51.68913473653058
1575,t,51.68913473653058,51.68913473653058
1576,t,51.68913473653058,51.68913473653058
1577,t,51.68913473653058,51.68913473653058
1578,c,51.68913473653058,51.68913473653058
1579,c,51.68913473653058,51.68913473653058
1580,c,51.68913473653058,51.68913473653058
1581,c,51.68913473653058,51.68913473653058
1582,t,51.68913473653058,51.68913473653058
1583,t,51.68913473653058,51.68913473653058
1584,t,51.68913473653058,51.68913473653058
1585,c,51.68913473653058,51.68913473653058
1586,t,51.68913473653058,51.68913473653058
1587,c,51.68913473653058,51.68913473653058
1588,t,51.68913473653058,51.68913473653058
1589,t,51.68913473653058,51.68913473653058
1590,c,51.68913473653058,51.68913473653058
1591,t,51.68913473653058,51.68913473653058
1592,t,51.68913473653058,51.68913473653058
1593,c,51.68913473653058,51.68913473653058
1594,t,51.68913473653058,51.68913473653058
1595,c,51.68913473653058,51.68913473653058
1596,t,51.68913473653058,51.68913473653058
1597,t,51.68913473653058,51.68913473653058
1598,t,51.68913473653058,51.68913473653058
1599,t,51.68913473653058,51.68913473653058
1600,t,51.68913473653058,51.68913473653058
1601,c,51.68913473653058,51.68913473653058
1602,c,51.68913473653058,51.68913473653058
1603,c,51.68913473653058,51.68913473653058
1604,c,51.68913473653058,51.68913473653058
1605,t,51.68913473653058,51.68913473653058
1606,c,51.68913473653058,51.68913473653058
1607,c,51.68913473653058,51.68913473653058
1608,t,51.68913473653058,51.68913473653058
1609,t,51.68913473653058,51.68913473653058
1610,c,51.68913473653058,51.68913473653058
1611,c,51.68913473653058,51.68913473653058
1612,t,51.68913473653058,51.68913473653058
1613,c,51.68913473653058,51.68913473653058
1614,t,51.68913473653058,51.68913473653058
1615,c,51.68913473653058,51.68913473653058
1616,t,51.68913473653058,51.68913473653058
1617,c,51.68913473653058,51.68913473653058
1618,t,51.68913473653058,51.68913473653058
1619,c,51.68913473653058,51.68913473653058
1620,c,51.68913473653058,51.68913473653058
1621,c,51.68913473653058,51.68913473653058
1622,c,51.68913473653058,51.68913473653058
1623,c,51.68913473653058,51.68913473653058
1624,c,51.68913473653058,51.68913473653058
1625,t,51.68913473653058,51.68913473653058
1626,t,51.68913473653058,51.68913473653058
1627,t,51.68913473653058,51.68913473653058
1628,c,51.68913473653058,51.68913473653058
1629,c,51.68913473653058,51.68913473653058
1630,t,51.68913473653058,51.68913473653058
1631,t,51.68913473653058,51.68913473653058
1632,t,51.68913473653058,51.68913473653058
1633,t,51.68913473653058,51.68913473653058
1634,c,51.68913473653058,51.68913473653058
1635,c,51.68913473653058,51.68913473653058
1636,c,51.68913473653058,51.68913473653058
1637,c,51.68913473653058,51.68913473653058
1638,c,51.68913473653058,51.68913473653058
1639,t,51.68913473653058,51.68913473653058
1640,t,51.68913473653058,51.68913473653058
1641,t,51.68913473653058,51.68913473653058
1642,c,51.68913473653058,51.68913473653058
1643,t,51.68913473653058,51.68913473653058
1644,c,51.68913473653058,51.68913473653058
1645,c,51.68913473653058,51.68913473653058
1646,c,51.68913473653058,51.68913473653058
1647,c,51.68913473653058,51.68913473653058
1648,t,51.68913473653058,51.68913473653058
1649,t,51.68913473653058,51.68913473653058
1650,c,51.68913473653058,51.68913473653058
1651,t,51.68913473653058,51.68913473653058
1652,t,51.68913473653058,51.68913473653058
1653,t,51.68913473653058,51.68913473653058
1654,c,51.68913473653058,51.68913473653058
1655,t,51.68913473653058,51.68913473653058
1656,c,51.68913473653058,51.68913473653058
1657,c,51.68913473653058,51.68913473653058
1658,t,51.68913473653058,51.68913473653058
1659,t,51.68913473653058,51.68913473653058
1660,t,51.68913473653058,51.68913473653058
1661,c,51.68913473653058,51.68913473653058
1662,t,51.68913473653058,51.68913473653058
1663,c,51.68913473653058,51.68913473653058
1664,c,51.68913473653058,51.68913473653058
1665,c,51.68913473653058,51.68913473653058
1666,c,51.68913473653058,51.68913473653058
1667,t,51.68913473653058,51.68913473653058
1668,t,51.68913473653058,51.68913473653058
1669,t,51.68913473653058,51.68913473653058
1670,t,51.68913473653058,51.68913473653058
1671,t,51.68913473653058,51.68913473653058
1672,t,51.68913473653058,51.68913473653058
1673,t,51.68913473653058,51.68913473653058
1674,c,51.68913473653058,51.68913473653058
1675,t,51.68913473653058,51.68913473653058
1676,c,51.68913473653058,51.68913473653058
1677,t,51.68913473653058,51.68913473653058
1678,c,51.68913473653058,51.68913473653058
1679,c,51.68913473653058,51.68913473653058
1680,t,51.68913473653058,51.68913473653058
1681,c,51.68913473653058,51.68913473653058
1682,t,51.68913473653058,51.68913473653058
1683,c,51.68913473653058,51.68913473653058
1684,c,51.68913473653058,51.68913473653058
1685,t,51.68913473653058,51.68913473653058
1686,c,51.68913473653058,51.68913473653058
1687,c,51.68913473653058,51.68913473653058
1688,t,51.68913473653058,51.68913473653058
1689,t,51.68913473653058,51.68913473653058
1690,c,51.68913473653058,51.68913473653058
1691,t,51.68913473653058,51.68913473653058
1692,c,51.68913473653058,51.68913473653058
1693,c,51.68913473653058,51.68913473653058
1694,c,51.68913473653058,51.68913473653058
1695,c,51.68913473653058,51.68913473653058
1696,t,51.68913473653058,51.68913473653058
1697,t,51.68913473653058,51.68913473653058
1698,c,51.68913473653058,51.68913473653058
1699,t,51.68913473653058,51.68913473653058
1700,t,51.68913473653058,51.68913473653058
1701,t,51.68913473653058,51.68913473653058
1702,c,51.68913473653058,51.68913473653058
1703,t,51.68913473653058,51.68913473653058
1704,t,51.68913473653058,51.68913473653058
1705,t,51.68913473653058,51.68913473653058
1706,t,51.68913473653058,51.68913473653058
1707,c,51.68913473653058,51.68913473653058
1708,t,51.68913473653058,51.68913473653058
1709,t,51.68913473653058,51.68913473653058
1710,t,51.68913473653058,51.68913473653058
1711,c,51.68913473653058,51.68913473653058
1712,t,51.68913473653058,51.68913473653058
1713,c,51.68913473653058,51.68913473653058
1714,t,51.68913473653058,51.68913473653058
1715,t,51.68913473653058,51.68913473653058
1716,c,51.68913473653058,51.68913473653058
1717,t,51.68913473653058,51.68913473653058
1718,t,51.68913473653058,51.68913473653058
1719,t,51.68913473653058,51.68913473653058
1720,c,51.68913473653058,51.68913473653058
1721,c,51.68913473653058,51.68913473653058
1722,c,51.68913473653058,51.68913473653058
1723,c,51.68913473653058,51.68913473653058
1724,c,51.68913473653058,51.68913473653058
1725,c,51.68913473653058,51.68913473653058
1726,c,51.68913473653058,51.68913473653058
1727,c,51.68913473653058,51.68913473653058
1728,c,51.68913473653058,51.68913473653058
1729,c,51.68913473653058,51.68913473653058
1730,c,51.68913473653058,51.68913473653058
1731,c,51.68913473653058,51.68913473653058
1732,t,51.68913473653058,51.68913473653058
1733,c,51.68913473653058,51.68913473653058
1734,t,51.68913473653058,51.68913473653058
1735,c,51.68913473653058,51.68913473653058
1736,t,51.68913473653058,51.68913473653058
1737,t,51.68913473653058,51.68913473653058
1738,c,51.68913473653058,51.68913473653058
1739,t,51.68913473653058,51.68913473653058
1740,t,51.68913473653058,51.68913473653058
1741,c,51.68913473653058,51.68913473653058
1742,c,51.68913473653058,51.68913473653058
1743,c,51.68913473653058,51.68913473653058
1744,t,51.68913473653058,51.68913473653058
1745,c,51.68913473653058,51.68913473653058
1746,t,51.68913473653058,51.68913473653058
1747,c,51.68913473653058,51.68913473653058
1748,c,51.68913473653058,51.68913473653058
1749,c,51.68913473653058,51.68913473653058
1750,c,51.68913473653058,51.68913473653058
1751,t,51.68913473653058,51.68913473653058
1752,t,51.68913473653058,51.68913473653058
1753,c,51.68913473653058,51.68913473653058
1754,c,51.68913473653058,51.68913473653058
1755,c,51.68913473653058,51.68913473653058
1756,c,51.68913473653058,51.68913473653058
1757,c,51.68913473653058,51.68913473653058
1758,t,51.68913473653058,51.68913473653058
1759,c,51.68913473653058,51.68913473653058
1760,c,51.68913473653058,51.68913473653058
1761,c,51.68913473653058,51.68913473653058
1762,t,51.68913473653058,51.68913473653058
1763,c,51.68913473653058,51.68913473653058
1764,c,51.68913473653058,51.68913473653058
1765,c,51.68913473653058,51.68913473653058
1766,t,51.68913473653058,51.68913473653058
1767,t,51.68913473653058,51.68913473653058
1768,c,51.68913473653058,51.68913473653058
1769,t,51.68913473653058,51.68913473653058
1770,c,51.68913473653058,51.68913473653058
1771,c,51.68913473653058,51.68913473653058
1772,c,51.68913473653058,51.68913473653058
1773,t,51.68913473653058,51.68913473653058
1774,t,51.68913473653058,51.68913473653058
1775,c,51.68913473653058,51.68913473653058
1776,t,51.68913473653058,51.68913473653058
1777,c,51.68913473653058,51.68913473653058
1778,t,51.68913473653058,51.68913473653058
1779,c,51.68913473653058,51.68913473653058
1780,c,51.68913473653058,51.68913473653058
1781,t,51.68913473653058,51.68913473653058
1782,c,51.68913473653058,51.68913473653058
1783,c,51.68913473653058,51.68913473653058
1784,c,51.68913473653058,51.68913473653058
1785,t,51.68913473653058,51.68913473653058
1786,t,51.68913473653058,51.68913473653058
1787,t,51.68913473653058,51.68913473653058
1788,t,51.68913473653058,51.68913473653058
1789,c,51.68913473653058,51.68913473653058
1790,c,51.68913473653058,51.68913473653058
1791,t,51.68913473653058,51.68913473653058
1792,c,51.68913473653058,51.68913473653058
1793,c,51.68913473653058,51.68913473653058
1794,c,51.68913473653058,51.68913473653058
1795,t,51.68913473653058,51.68913473653058
1796,t,51.68913473653058,51.68913473653058
1797,c,51.68913473653058,51.68913473653058
1798,t,51.68913473653058,51.68913473653058
1799,c,9.692178588130494,22.70857005159494
1800,t,51.68913473653058,51.68913473653058
1801,t,51.68913473653058,51.68913473653058
1802,t,51.68913473653058,51.68913473653058
1803,t,51.68913473653058,51.68913473653058
1804,c,51.68913473653058,51.68913473653058
1805,t,51.68913473653058,51.68913473653058
1806,c,51.68913473653058,51.68913473653058
1807,t,51.68913473653058,51.68913473653058
1808,c,51.68913473653058,51.68913473653058
1809,t,51.68913473653058,51.68913473653058
1810,t,51.68913473653058,51.68913473653058
1811,t,51.68913473653058,51.68913473653058
1812,t,51.68913473653058,51.68913473653058
1813,t,51.68913473653058,51.68913473653058
1814,t,51.68913473653058,51.68913473653058
1815,t,51.68913473653058,51.68913473653058
1816,c,51.68913473653058,51.68913473653058
1817,c,51.68913473653058,51.68913473653058
1818,c,51.68913473653058,51.68913473653058
1819,c,51.68913473653058,51.68913473653058
1820,t,51.68913473653058,51.68913473653058
1821,t,51.68913473653058,51.68913473653058
1822,t,51.68913473653058,51.68913473653058
1823,t,51.68913473653058,51.68913473653058
1824,c,51.68913473653058,51.68913473653058
1825,t,51.68913473653058,51.68913473653058
1826,c,51.68913473653058,51.68913473653058
1827,t,51.68913473653058,51.68913473653058
1828,t,51.68913473653058,51.68913473653058
1829,c,51.68913473653058,51.68913473653058
1830,t,51.68913473653058,51.68913473653058
1831,t,51.68913473653058,51.68913473653058
1832,c,51.68913473653058,51.68913473653058
1833,c,51.68913473653058,51.68913473653058
1834,t,51.68913473653058,51.68913473653058
1835,t,51.68913473653058,51.68913473653058
1836,t,51.68913473653058,51.68913473653058
1837,t,51.68913473653058,51.68913473653058
1838,c,51.68913473653058,51.68913473653058
1839,c,51.68913473653058,51.68913473653058
1840,c,51.68913473653058,51.68913473653058
1841,c,51.68913473653058,51.68913473653058
1842,t,51.68913473653058,51.68913473653058
1843,c,51.68913473653058,51.68913473653058
1844,t,51.68913473653058,51.68913473653058
1845,t,51.68913473653058,51.68913473653058
1846,c,51.68913473653058,51.68913473653058
1847,t,51.68913473653058,51.68913473653058
1848,t,51.68913473653058,51.68913473653058
1849,t,51.68913473653058,51.68913473653058
1850,c,51.68913473653058,51.68913473653058
1851,t,51.68913473653058,51.68913473653058
1852,c,51.68913473653058,51.68913473653058
1853,c,51.68913473653058,51.68913473653058
1854,c,51.68913473653058,51.68913473653058
1855,c,51.68913473653058,51.68913473653058
1856,t,51.68913473653058,51.68913473653058
1857,c,51.68913473653058,51.68913473653058
1858,t,51.68913473653058,51.68913473653058
1859,c,51.68913473653058,51.68913473653058
1860,t,51.68913473653058,51.68913473653058
1861,c,51.68913473653058,51.68913473653058
1862,c,51.68913473653058,51.68913473653058
1863,t,51.68913473653058,51.68913473653058
1864,t,51.68913473653058,51.68913473653058
1865,t,51.68913473653058,51.68913473653058
1866,t,51.68913473653058,51.68913473653058
1867,t,51.68913473653058,51.68913473653058
1868,t,51.68913473653058,51.68913473653058
1869,t,51.68913473653058,51.68913473653058
1870,c,51.68913473653058,51.68913473653058
1871,t,51.68913473653058,51.68913473653058
1872,t,51.68913473653058,51.68913473653058
1873,t,51.68913473653058,51.68913473653058
1874,t,51.68913473653058,51.68913473653058
1875,t,51.68913473653058,51.68913473653058
1876,c,51.68913473653058,51.68913473653058
1877,c,51.68913473653058,51.68913473653058
1878,c,51.68913473653058,51.68913473653058
1879,c,51.68913473653058,51.68913473653058
1880,c,51.68913473653058,51.68913473653058
1881,c,51.68913473653058,51.68913473653058
1882,t,51.68913473653058,51.68913473653058
1883,c,51.68913473653058,51.68913473653058
1884,c,51.68913473653058,51.68913473653058
1885,t,51.68913473653058,51.68913473653058
1886,t,51.68913473653058,51.68913473653058
1887,c,51.68913473653058,51.68913473653058
1888,c,51.68913473653058,51.68913473653058
1889,t,51.68913473653058,51.68913473653058
1890,t,51.68913473653058,51.68913473653058
1891,t,51.68913473653058,51.68913473653058
1892,c,51.68913473653058,51.68913473653058
1893,t,51.68913473653058,51.68913473653058
1894,t,51.68913473653058,51.68913473653058
1895,t,51.68913473653058,51.68913473653058
1896,t,51.68913473653058,51.68913473653058
1897,t,51.68913473653058,51.68913473653058
1898,c,51.68913473653058,51.68913473653058
1899,t,51.68913473653058,51.68913473653058
1900,c,51.68913473653058,51.68913473653058
1901,t,51.68913473653058,51.68913473653058
1902,t,51.68913473653058,51.68913473653058
1903,c,51.68913473653058,51.68913473653058
1904,t,51.68913473653058,51.68913473653058
1905,c,51.68913473653058,51.68913473653058
1906,c,51.68913473653058,51.68913473653058
1907,t,51.68913473653058,51.68913473653058
1908,t,51.68913473653058,51.68913473653058
1909,t,51.68913473653058,51.68913473653058
1910,c,51.68913473653058,51.68913473653058
1911,t,51.68913473653058,51.68913473653058
1912,t,51.68913473653058,51.68913473653058
1913,c,51.68913473653058,51.68913473653058
1914,t,51.68913473653058,51.68913473653058
1915,c,51.68913473653058,51.68913473653058
1916,t,51.68913473653058,51.68913473653058
1917,t,51.68913473653058,51.68913473653058
1918,t,51.68913473653058,51.68913473653058
1919,c,51.68913473653058,51.68913473653058
1920,c,51.68913473653058,51.68913473653058
1921,c,51.68913473653058,51.68913473653058
1922,t,51.68913473653058,51.68913473653058
1923,t,51.68913473653058,51.68913473653058
1924,t,51.68913473653058,51.68913473653058
1925,c,51.68913473653058,51.68913473653058
1926,t,51.68913473653058,51.68913473653058
1927,c,51.68913473653058,51.68913473653058
1928,c,51.68913473653058,51.68913473653058
1929,c,51.68913473653058,51.68913473653058
1930,c,51.68913473653058,51.68913473653058
1931,t,51.68913473653058,51.68913473653058
1932,t,51.68913473653058,51.68913473653058
1933,t,51.68913473653058,51.68913473653058
1934,c,51.68913473653058,51.68913473653058
1935,c,51.68913473653058,51.68913473653058
1936,c,51.68913473653058,51.68913473653058
1937,t,51.68913473653058,51.68913473653058
1938,c,51.68913473653058,51.68913473653058
1939,c,51.68913473653058,51.68913473653058
1940,t,51.68913473653058,51.68913473653058
1941,c,51.68913473653058,51.68913473653058
1942,c,51.68913473653058,51.68913473653058
1943,c,51.68913473653058,51.68913473653058
1944,c,51.68913473653058,51.68913473653058
1945,c,51.68913473653058,51.68913473653058
1946,c,51.68913473653058,51.68913473653058
1947,c,51.68913473653058,51.68913473653058
1948,t,51.68913473653058,51.68913473653058
1949,t,51.68913473653058,51.68913473653058
1950,t,51.68913473653058,51.68913473653058
1951,t,51.68913473653058,51.68913473653058
1952,c,51.68913473653058,51.68913473653058
1953,c,51.68913473653058,51.68913473653058
1954,t,51.68913473653058,51.68913473653058
1955,t,51.68913473653058,51.68913473653058
1956,t,51.68913473653058,51.68913473653058
1957,c,51.68913473653058,51.68913473653058
1958,c,51.68913473653058,51.68913473653058
1959,c,51.68913473653058,51.68913473653058
1960,t,51.68913473653058,51.68913473653058
1961,c,51.68913473653058,51.68913473653058
1962,t,51.68913473653058,51.68913473653058
1963,t,51.68913473653058,51.68913473653058
1964,na,1.9427160513886068,8.191962329220404
1965,t,51.68913473653058,51.68913473653058
1966,c,51.68913473653058,51.68913473653058
1967,t,51.68913473653058,51.68913473653058
1968,c,51.68913473653058,51.68913473653058
1969,c,51.68913473653058,51.68913473653058
1970,c,51.68913473653058,51.68913473653058
1971,na,2.3346172479384335,6.317978294056112
1972,t,51.68913473653058,51.68913473653058
1973,c,51.68913473653058,51.68913473653058
1974,t,51.68913473653058,51.68913473653058
1975,c,51.68913473653058,51.68913473653058
1976,t,51.68913473653058,51.68913473653058
1977,c,51.68913473653058,51.68913473653058
1978,c,11.695047303435567,14.540058001104864
1979,t,51.68913473653058,51.68913473653058
1980,c,51.68913473653058,51.68913473653058
1981,t,51.68913473653058,51.68913473653058
1982,t,51.68913473653058,51.68913473653058
1983,c,51.68913473653058,51.68913473653058
1984,c,51.68913473653058,51.68913473653058
1985,c,51.68913473653058,51.68913473653058
1986,t,51.68913473653058,51.68913473653058
1987,c,51.68913473653058,51.68913473653058
1988,t,51.68913473653058,51.68913473653058
1989,t,51.68913473653058,51.68913473653058
1990,t,51.68913473653058,51.68913473653058
1991,c,51.68913473653058,51.68913473653058
1992,t,51.68913473653058,51.68913473653058
1993,t,51.68913473653058,51.68913473653058
1994,t,51.68913473653058,51.68913473653058
1995,c,51.68913473653058,51.68913473653058
1996,c,51.68913473653058,51.68913473653058
1997,c,51.68913473653058,51.68913473653058
1998,c,51.68913473653058,51.68913473653058
1999,t,51.68913473653058,51.68913473653058
2000,t,51.68913473653058,51.68913473653058
2001,c,51.68913473653058,51.68913473653058
2002,t,51.68913473653058,51.68913473653058
2003,c,51.68913473653058,51.68913473653058
2004,c,51.68913473653058,51.68913473653058
2005,c,51.68913473653058,51.68913473653058
2006,t,51.68913473653058,51.68913473653058
2007,t,51.68913473653058,51.68913473653058
2008,t,51.68913473653058,51.68913473653058
2009,c,51.68913473653058,51.68913473653058
2010,c,13.150732500470951,17.496363759026387
2011,c,51.68913473653058,51.68913473653058
2012,c,14.81387274014239,16.854258283576286
2013,t,51.68913473653058,51.68913473653058
2014,c,51.68913473653058,51.68913473653058
2015,c,51.68913473653058,51.68913473653058
2016,c,51.68913473653058,51.68913473653058
2017,t,51.68913473653058,51.68913473653058
2018,c,51.68913473653058,51.68913473653058
2019,c,51.68913473653058,51.68913473653058
2020,c,51.68913473653058,51.68913473653058
2021,t,51.68913473653058,51.68913473653058
2022,c,51.68913473653058,51.68913473653058
2023,t,51.68913473653058,51.68913473653058
2024,t,51.68913473653058,51.68913473653058
2025,c,51.68913473653058,51.68913473653058
2026,c,51.68913473653058,51.68913473653058
2027,c,51.68913473653058,51.68913473653058
2028,t,51.68913473653058,51.68913473653058
2029,t,51.68913473653058,51.68913473653058
2030,c,51.68913473653058,51.68913473653058
2031,t,51.68913473653058,51.68913473653058
2032,c,51.68913473653058,51.68913473653058
2033,t,51.68913473653058,51.68913473653058
2034,c,51.68913473653058,51.68913473653058
2035,t,51.68913473653058,51.68913473653058
2036,t,51.68913473653058,51.68913473653058
2037,c,51.68913473653058,51.68913473653058
2038,c,51.68913473653058,51.68913473653058
2039,t,51.68913473653058,51.68913473653058
2040,t,51.68913473653058,51.68913473653058
2041,c,51.68913473653058,51.68913473653058
2042,t,51.68913473653058,51.68913473653058
2043,t,51.68913473653058,51.68913473653058
2044,c,51.68913473653058,51.68913473653058
2045,t,51.68913473653058,51.68913473653058
2046,c,51.68913473653058,51.68913473653058
2047,t,51.68913473653058,51.68913473653058
2048,c,51.68913473653058,51.68913473653058
2049,c,51.68913473653058,51.68913473653058
2050,c,51.68913473653058,51.68913473653058
2051,c,51.68913473653058,51.68913473653058
2052,c,51.68913473653058,51.68913473653058
2053,c,51.68913473653058,51.68913473653058
2054,c,51.68913473653058,51.68913473653058
2055,t,51.68913473653058,51.68913473653058
2056,c,51.68913473653058,51.68913473653058
2057,c,51.68913473653058,51.68913473653058
2058,t,51.68913473653058,51.68913473653058
2059,c,51.68913473653058,51.68913473653058
2060,c,51.68913473653058,51.68913473653058
2061,c,51.68913473653058,51.68913473653058
2062,t,51.68913473653058,51.68913473653058
2063,c,51.68913473653058,51.68913473653058
2064,c,51.68913473653058,51.68913473653058
2065,t,51.68913473653058,51.68913473653058
2066,t,51.68913473653058,51.68913473653058
2067,c,51.68913473653058,51.68913473653058
2068,t,51.68913473653058,51.68913473653058
2069,c,51.68913473653058,51.68913473653058
2070,t,51.68913473653058,51.68913473653058
2071,c,51.68913473653058,51.68913473653058
2072,t,51.68913473653058,51.68913473653058
2073,t,51.68913473653058,51.68913473653058
2074,c,51.68913473653058,51.68913473653058
2075,c,51.68913473653058,51.68913473653058
2076,c,51.68913473653058,51.68913473653058
2077,c,51.68913473653058,51.68913473653058
2078,t,51.68913473653058,51.68913473653058
2079,t,51.68913473653058,51.68913473653058
2080,t,51.68913473653058,51.68913473653058
2081,t,51.68913473653058,51.68913473653058
2082,c,51.68913473653058,51.68913473653058
2083,c,51.68913473653058,51.68913473653058
2084,c,51.68913473653058,51.68913473653058
2085,c,51.68913473653058,51.68913473653058
2086,t,51.68913473653058,51.68913473653058
2087,t,51.68913473653058,51.68913473653058
2088,t,51.68913473653058,51.68913473653058
2089,c,51.68913473653058,51.68913473653058
2090,c,51.68913473653058,51.68913473653058
2091,c,51.68913473653058,51.68913473653058
2092,c,51.68913473653058,51.68913473653058
2093,t,51.68913473653058,51.68913473653058
2094,c,51.68913473653058,51.68913473653058
2095,t,51.68913473653058,51.68913473653058
2096,c,51.68913473653058,51.68913473653058
2097,c,51.68913473653058,51.68913473653058
2098,c,51.68913473653058,51.68913473653058
2099,c,51.68913473653058,51.68913473653058
2100,t,51.68913473653058,51.68913473653058
2101,c,51.68913473653058,51.68913473653058
2102,c,51.68913473653058,51.68913473653058
2103,t,51.68913473653058,51.68913473653058
2104,t,51.68913473653058,51.68913473653058
2105,t,51.68913473653058,51.68913473653058
2106,c,51.68913473653058,51.68913473653058
2107,t,51.68913473653058,51.68913473653058
2108,c,51.68913473653058,51.68913473653058
2109,c,51.68913473653058,51.68913473653058
2110,t,51.68913473653058,51.68913473653058
2111,c,51.68913473653058,51.68913473653058
2112,t,51.68913473653058,51.68913473653058
2113,c,51.68913473653058,51.68913473653058
2114,c,51.68913473653058,51.68913473653058
2115,c,51.68913473653058,51.68913473653058
2116,c,51.68913473653058,51.68913473653058
2117,c,51.68913473653058,51.68913473653058
2118,c,51.68913473653058,51.68913473653058
2119,c,51.68913473653058,51.68913473653058
2120,t,51.68913473653058,51.68913473653058
2121,t,51.68913473653058,51.68913473653058
2122,c,51.68913473653058,51.68913473653058
2123,c,51.68913473653058,51.68913473653058
2124,c,51.68913473653058,51.68913473653058
2125,c,51.68913473653058,51.68913473653058
2126,t,51.68913473653058,51.68913473653058
2127,c,51.68913473653058,51.68913473653058
2128,t,51.68913473653058,51.68913473653058
2129,c,51.68913473653058,51.68913473653058
2130,t,51.68913473653058,51.68913473653058
2131,c,51.68913473653058,51.68913473653058
2132,t,51.68913473653058,51.68913473653058
2133,c,51.68913473653058,51.68913473653058
2134,t,51.68913473653058,51.68913473653058
2135,t,51.68913473653058,51.68913473653058
2136,c,51.68913473653058,51.68913473653058
2137,c,51.68913473653058,51.68913473653058
2138,t,51.68913473653058,51.68913473653058
2139,t,51.68913473653058,51.68913473653058
2140,c,51.68913473653058,51.68913473653058
2141,t,51.68913473653058,51.68913473653058
2142,t,51.68913473653058,51.68913473653058
2143,c,51.68913473653058,51.68913473653058
2144,t,51.68913473653058,51.68913473653058
2145,t,51.68913473653058,51.68913473653058
2146,t,51.68913473653058,51.68913473653058
2147,c,51.68913473653058,51.68913473653058
2148,c,51.68913473653058,51.68913473653058
2149,c,51.68913473653058,51.68913473653058
2150,t,51.68913473653058,51.68913473653058
2151,t,51.68913473653058,51.68913473653058
2152,t,51.68913473653058,51.68913473653058
2153,t,51.68913473653058,51.68913473653058
2154,t,51.68913473653058,51.68913473653058
2155,c,51.68913473653058,51.68913473653058
2156,t,51.68913473653058,51.68913473653058
2157,c,51.68913473653058,51.68913473653058
2158,c,51.68913473653058,51.68913473653058
2159,c,51.68913473653058,51.68913473653058
2160,t,51.68913473653058,51.68913473653058
2161,t,51.68913473653058,51.68913473653058
2162,t,51.68913473653058,51.68913473653058
2163,c,51.68913473653058,51.68913473653058
2164,t,51.68913473653058,51.68913473653058
2165,t,51.68913473653058,51.68913473653058
2166,c,51.68913473653058,51.68913473653058
2167,c,7.492710150257393,9.66744801218482
2168,c,51.68913473653058,51.68913473653058
2169,t,51.68913473653058,51.68913473653058
2170,c,51.68913473653058,51.68913473653058
2171,c,51.68913473653058,51.68913473653058
2172,c,51.68913473653058,51.68913473653058
2173,t,51.68913473653058,51.68913473653058
2174,c,51.68913473653058,51.68913473653058
2175,t,51.68913473653058,51.68913473653058
2176,t,51.68913473653058,51.68913473653058
2177,c,51.68913473653058,51.68913473653058
2178,c,51.68913473653058,51.68913473653058
2179,t,51.68913473653058,51.68913473653058
2180,c,51.68913473653058,51.68913473653058
2181,t,51.68913473653058,51.68913473653058
2182,na,14.87772502639841,22.34653347445111
2183,c,51.68913473653058,51.68913473653058
2184,t,51.68913473653058,51.68913473653058
2185,c,51.68913473653058,51.68913473653058
2186,t,51.68913473653058,51.68913473653058
2187,c,51.68913473653058,51.68913473653058
2188,c,51.68913473653058,51.68913473653058
2189,na,3.875246008663807,8.234380265864752
2190,c,51.68913473653058,51.68913473653058
2191,t,51.68913473653058,51.68913473653058
2192,c,51.68913473653058,51.68913473653058
2193,t,51.68913473653058,51.68913473653058
2194,c,51.68913473653058,51.68913473653058
2195,c,51.68913473653058,51.68913473653058
2196,t,51.68913473653058,51.68913473653058
2197,t,51.68913473653058,51.68913473653058
2198,t,51.68913473653058,51.68913473653058
2199,t,51.68913473653058,51.68913473653058
2200,c,51.68913473653058,51.68913473653058
2201,c,26.51741261234556,51.68913473653058
2202,t,51.68913473653058,51.68913473653058
2203,t,51.68913473653058,51.68913473653058
2204,c,51.68913473653058,51.68913473653058
2205,t,51.68913473653058,51.68913473653058
2206,t,51.68913473653058,51.68913473653058
2207,c,51.68913473653058,51.68913473653058
2208,t,51.68913473653058,51.68913473653058
2209,c,51.68913473653058,51.68913473653058
2210,c,51.68913473653058,51.68913473653058
2211,t,51.68913473653058,51.68913473653058
2212,t,51.68913473653058,51.68913473653058
2213,t,51.68913473653058,51.68913473653058
2214,c,51.68913473653058,51.68913473653058
2215,t,51.68913473653058,51.68913473653058
2216,c,51.68913473653058,51.68913473653058
2217,c,51.68913473653058,51.68913473653058
2218,t,51.68913473653058,51.68913473653058
2219,c,51.68913473653058,51.68913473653058
2220,t,51.68913473653058,51.68913473653058
2221,c,51.68913473653058,51.68913473653058
2222,c,51.68913473653058,51.68913473653058
2223,t,51.68913473653058,51.68913473653058
2224,t,51.68913473653058,51.68913473653058
2225,c,51.68913473653058,51.68913473653058
2226,c,51.68913473653058,51.68913473653058
2227,c,51.68913473653058,51.68913473653058
2228,c,51.68913473653058,51.68913473653058
2229,t,51.68913473653058,51.68913473653058
2230,t,51.68913473653058,51.68913473653058
2231,c,51.68913473653058,51.68913473653058
2232,c,51.68913473653058,51.68913473653058
2233,c,51.68913473653058,51.68913473653058
2234,t,51.68913473653058,51.68913473653058
2235,t,51.68913473653058,51.68913473653058
2236,c,51.68913473653058,51.68913473653058
2237,t,51.68913473653058,51.68913473653058
2238,t,51.68913473653058,51.68913473653058
2239,t,51.68913473653058,51.68913473653058
2240,c,51.68913473653058,51.68913473653058
2241,c,51.68913473653058,51.68913473653058
2242,c,51.68913473653058,51.68913473653058
2243,c,51.68913473653058,51.68913473653058
2244,t,51.68913473653058,51.68913473653058
2245,c,51.68913473653058,51.68913473653058
2246,c,51.68913473653058,51.68913473653058
2247,t,51.68913473653058,51.68913473653058
2248,c,51.68913473653058,51.68913473653058
2249,c,51.68913473653058,51.68913473653058
2250,t,51.68913473653058,51.68913473653058
2251,c,51.68913473653058,51.68913473653058
2252,t,51.68913473653058,51.68913473653058
2253,c,51.68913473653058,51.68913473653058
2254,c,51.68913473653058,51.68913473653058
2255,c,51.68913473653058,51.68913473653058
2256,c,51.68913473653058,51.68913473653058
2257,c,51.68913473653058,51.68913473653058
2258,t,51.68913473653058,51.68913473653058
2259,c,51.68913473653058,51.68913473653058
2260,c,51.68913473653058,51.68913473653058
2261,c,51.68913473653058,51.68913473653058
2262,t,51.68913473653058,51.68913473653058
2263,c,51.68913473653058,51.68913473653058
2264,t,51.68913473653058,51.68913473653058
2265,c,51.68913473653058,51.68913473653058
2266,t,51.68913473653058,51.68913473653058
2267,c,51.68913473653058,51.68913473653058
2268,t,51.68913473653058,51.68913473653058
2269,c,51.68913473653058,51.68913473653058
2270,t,51.68913473653058,51.68913473653058
2271,c,51.68913473653058,51.68913473653058
2272,c,51.68913473653058,51.68913473653058
2273,c,51.68913473653058,51.68913473653058
2274,c,51.68913473653058,51.68913473653058
2275,t,51.68913473653058,51.68913473653058
2276,t,51.68913473653058,51.68913473653058
2277,t,51.68913473653058,51.68913473653058
2278,t,51.68913473653058,51.68913473653058
2279,c,51.68913473653058,51.68913473653058
2280,c,51.68913473653058,51.68913473653058
2281,c,51.68913473653058,51.68913473653058
2282,t,51.68913473653058,51.68913473653058
2283,t,51.68913473653058,51.68913473653058
2284,t,51.68913473653058,51.68913473653058
2285,c,51.68913473653058,51.68913473653058
2286,t,51.68913473653058,51.68913473653058
2287,c,51.68913473653058,51.68913473653058
2288,c,51.68913473653058,51.68913473653058
2289,t,51.68913473653058,51.68913473653058
2290,t,51.68913473653058,51.68913473653058
2291,t,51.68913473653058,51.68913473653058
2292,c,51.68913473653058,51.68913473653058
2293,t,51.68913473653058,51.68913473653058
2294,c,51.68913473653058,51.68913473653058
2295,t,51.68913473653058,51.68913473653058
2296,t,51.68913473653058,51.68913473653058
2297,c,51.68913473653058,51.68913473653058
2298,t,51.68913473653058,51.68913473653058
2299,t,51.68913473653058,51.68913473653058
2300,t,51.68913473653058,51.68913473653058
2301,t,51.68913473653058,51.68913473653058
2302,c,51.68913473653058,51.68913473653058
2303,c,51.68913473653058,51.68913473653058
2304,c,51.68913473653058,51.68913473653058
2305,t,51.68913473653058,51.68913473653058
2306,t,51.68913473653058,51.68913473653058
2307,c,51.68913473653058,51.68913473653058
2308,t,51.68913473653058,51.68913473653058
2309,c,51.68913473653058,51.68913473653058
2310,c,51.68913473653058,51.68913473653058
2311,c,51.68913473653058,51.68913473653058
2312,t,51.68913473653058,51.68913473653058
2313,t,51.68913473653058,51.68913473653058
2314,c,51.68913473653058,51.68913473653058
2315,c,51.68913473653058,51.68913473653058
2316,c,51.68913473653058,51.68913473653058
2317,t,51.68913473653058,51.68913473653058
2318,c,51.68913473653058,51.68913473653058
2319,t,51.68913473653058,51.68913473653058
2320,c,51.68913473653058,51.68913473653058
2321,t,51.68913473653058,51.68913473653058
2322,t,51.68913473653058,51.68913473653058
2323,c,51.68913473653058,51.68913473653058
2324,t,51.68913473653058,51.68913473653058
2325,c,51.68913473653058,51.68913473653058
2326,t,51.68913473653058,51.68913473653058
2327,c,51.68913473653058,51.68913473653058
2328,c,51.68913473653058,51.68913473653058
2329,c,51.68913473653058,51.68913473653058
2330,t,51.68913473653058,51.68913473653058
2331,c,51.68913473653058,51.68913473653058
2332,na,-1,0
2333,t,51.68913473653058,51.68913473653058
2334,c,51.68913473653058,51.68913473653058
2335,t,51.68913473653058,51.68913473653058
2336,t,51.68913473653058,51.68913473653058
2337,t,51.68913473653058,51.68913473653058
2338,c,51.68913473653058,51.68913473653058
2339,c,51.68913473653058,51.68913473653058
2340,t,51.68913473653058,51.68913473653058
2341,t,51.68913473653058,51.68913473653058
2342,t,51.68913473653058,51.68913473653058
2343,c,51.68913473653058,51.68913473653058
2344,t,51.68913473653058,51.68913473653058
2345,c,51.68913473653058,51.68913473653058
2346,t,51.68913473653058,51.68913473653058
2347,t,51.68913473653058,51.68913473653058
2348,c,51.68913473653058,51.68913473653058
2349,c,51.68913473653058,51.68913473653058
2350,t,51.68913473653058,51.68913473653058
2351,c,51.68913473653058,51.68913473653058
2352,c,51.68913473653058,51.68913473653058
2353,c,51.68913473653058,51.68913473653058
2354,t,51.68913473653058,51.68913473653058
2355,c,51.68913473653058,51.68913473653058
2356,t,51.68913473653058,51.68913473653058
2357,c,51.68913473653058,51.68913473653058
2358,t,51.68913473653058,51.68913473653058
2359,t,51.68913473653058,51.68913473653058
2360,c,51.68913473653058,51.68913473653058
2361,t,51.68913473653058,51.68913473653058
2362,t,51.68913473653058,51.68913473653058
2363,t,51.68913473653058,51.68913473653058
2364,c,51.68913473653058,51.68913473653058
2365,c,51.68913473653058,51.68913473653058
2366,t,51.68913473653058,51.68913473653058
2367,t,51.68913473653058,51.68913473653058
2368,t,51.68913473653058,51.68913473653058
2369,t,51.68913473653058,51.68913473653058
2370,t,51.68913473653058,51.68913473653058
2371,na,-1,0
2372,c,51.68913473653058,51.68913473653058
2373,t,51.68913473653058,51.68913473653058
2374,t,51.68913473653058,51.68913473653058
2375,c,51.68913473653058,51.68913473653058
2376,t,51.68913473653058,51.68913473653058
2377,c,51.68913473653058,51.68913473653058
2378,c,51.68913473653058,51.68913473653058
2379,t,51.68913473653058,51.68913473653058
2380,t,51.68913473653058,51.68913473653058
2381,t,51.68913473653058,51.68913473653058
2382,t,51.68913473653058,51.68913473653058
2383,t,51.68913473653058,51.68913473653058
2384,t,51.68913473653058,51.68913473653058
2385,t,51.68913473653058,51.68913473653058
2386,t,51.68913473653058,51.68913473653058
2387,t,51.68913473653058,51.68913473653058
2388,c,51.68913473653058,51.68913473653058
2389,c,51.68913473653058,51.68913473653058
2390,t,51.68913473653058,51.68913473653058
2391,c,51.68913473653058,51.68913473653058
2392,t,51.68913473653058,51.68913473653058
2393,t,51.68913473653058,51.68913473653058
2394,c,51.68913473653058,51.68913473653058
2395,t,51.68913473653058,51.68913473653058
2396,c,51.68913473653058,51.68913473653058
2397,t,51.68913473653058,51.68913473653058
2398,c,51.68913473653058,51.68913473653058
2399,c,51.68913473653058,51.68913473653058
2400,c,51.68913473653058,51.68913473653058
2401,c,51.68913473653058,51.68913473653058
2402,t,51.68913473653058,51.68913473653058
2403,t,51.68913473653058,51.68913473653058
2404,t,51.68913473653058,51.68913473653058
2405,c,51.68913473653058,51.68913473653058
2406,t,51.68913473653058,51.68913473653058
2407,c,51.68913473653058,51.68913473653058
2408,c,51.68913473653058,51.68913473653058
2409,t,51.68913473653058,51.68913473653058
2410,t,51.68913473653058,51.68913473653058
2411,c,51.68913473653058,51.68913473653058
2412,t,51.68913473653058,51.68913473653058
2413,c,51.68913473653058,51.68913473653058
2414,c,51.68913473653058,51.68913473653058
2415,t,51.68913473653058,51.68913473653058
2416,c,51.68913473653058,51.68913473653058
2417,t,51.68913473653058,51.68913473653058
2418,c,51.68913473653058,51.68913473653058
2419,c,51.68913473653058,51.68913473653058
2420,c,51.68913473653058,51.68913473653058
2421,c,51.68913473653058,51.68913473653058
2422,t,51.68913473653058,51.68913473653058
2423,t,51.68913473653058,51.68913473653058
2424,c,51.68913473653058,51.68913473653058
2425,c,51.68913473653058,51.68913473653058
2426,c,51.68913473653058,51.68913473653058
2427,t,51.68913473653058,51.68913473653058
2428,t,51.68913473653058,51.68913473653058
2429,c,51.68913473653058,51.68913473653058
2430,na,0,4.15365591329947
2431,c,51.68913473653058,51.68913473653058
2432,t,51.68913473653058,51.68913473653058
2433,c,51.68913473653058,51.68913473653058
2434,t,51.68913473653058,51.68913473653058
2435,c,2.2078795645830116,4.454086179952883
2436,t,51.68913473653058,51.68913473653058
2437,c,51.68913473653058,51.68913473653058
2438,t,51.68913473653058,51.68913473653058
2439,c,51.68913473653058,51.68913473653058
2440,t,51.68913473653058,51.68913473653058
2441,t,51.68913473653058,51.68913473653058
2442,c,51.68913473653058,51.68913473653058
2443,c,51.68913473653058,51.68913473653058
2444,t,51.68913473653058,51.68913473653058
2445,t,51.68913473653058,51.68913473653058
2446,c,51.68913473653058,51.68913473653058
2447,c,51.68913473653058,51.68913473653058
2448,t,51.68913473653058,51.68913473653058
2449,c,51.68913473653058,51.68913473653058
2450,t,51.68913473653058,51.68913473653058
2451,t,51.68913473653058,51.68913473653058
2452,c,51.68913473653058,51.68913473653058
2453,t,51.68913473653058,51.68913473653058
2454,t,51.68913473653058,51.68913473653058
2455,c,51.68913473653058,51.68913473653058
2456,t,51.68913473653058,51.68913473653058
2457,c,51.68913473653058,51.68913473653058
2458,t,51.68913473653058,51.68913473653058
2459,c,51.68913473653058,51.68913473653058
2460,c,51.68913473653058,51.68913473653058
2461,t,51.68913473653058,51.68913473653058
2462,t,51.68913473653058,51.68913473653058
2463,c,51.68913473653058,51.68913473653058
2464,c,51.68913473653058,51.68913473653058
2465,t,51.68913473653058,51.68913473653058
2466,t,51.68913473653058,51.68913473653058
2467,c,51.68913473653058,51.68913473653058
2468,c,51.68913473653058,51.68913473653058
2469,t,51.68913473653058,51.68913473653058
2470,c,51.68913473653058,51.68913473653058
2471,t,51.68913473653058,51.68913473653058
2472,t,51.68913473653058,51.68913473653058
2473,c,51.68913473653058,51.68913473653058
2474,t,51.68913473653058,51.68913473653058
2475,t,51.68913473653058,51.68913473653058
2476,t,51.68913473653058,51.68913473653058
2477,c,51.68913473653058,51.68913473653058
2478,c,51.68913473653058,51.68913473653058
2479,t,51.68913473653058,51.68913473653058
2480,c,51.68913473653058,51.68913473653058
2481,c,51.68913473653058,51.68913473653058
2482,c,51.68913473653058,51.68913473653058
2483,t,51.68913473653058,51.68913473653058
2484,t,51.68913473653058,51.68913473653058
2485,t,51.68913473653058,51.68913473653058
2486,c,51.68913473653058,51.68913473653058
2487,t,51.68913473653058,51.68913473653058
2488,t,51.68913473653058,51.68913473653058
2489,t,51.68913473653058,51.68913473653058
2490,t,51.68913473653058,51.68913473653058
2491,t,51.68913473653058,51.68913473653058
2492,t,51.68913473653058,51.68913473653058
2493,t,51.68913473653058,51.68913473653058
2494,t,51.68913473653058,51.68913473653058
2495,c,51.68913473653058,51.68913473653058
2496,c,51.68913473653058,51.68913473653058
2497,t,51.68913473653058,51.68913473653058
2498,c,51.68913473653058,51.68913473653058
2499,t,51.68913473653058,51.68913473653058
2500,t,51.68913473653058,51.68913473653058
2501,c,51.68913473653058,51.68913473653058
2502,c,51.68913473653058,51.68913473653058
2503,t,51.68913473653058,51.68913473653058
2504,t,51.68913473653058,51.68913473653058
2505,t,51.68913473653058,51.68913473653058
2506,t,51.68913473653058,51.68913473653058
2507,c,51.68913473653058,51.68913473653058
2508,c,51.68913473653058,51.68913473653058
2509,t,51.68913473653058,51.68913473653058
2510,c,51.68913473653058,51.68913473653058
2511,c,51.68913473653058,51.68913473653058
2512,t,51.68913473653058,51.68913473653058
2513,c,51.68913473653058,51.68913473653058
2514,c,51.68913473653058,51.68913473653058
2515,t,51.68913473653058,51.68913473653058
2516,t,51.68913473653058,51.68913473653058
2517,t,51.68913473653058,51.68913473653058
2518,t,51.68913473653058,51.68913473653058
2519,c,51.68913473653058,51.68913473653058
2520,t,51.68913473653058,51.68913473653058
2521,t,51.68913473653058,51.68913473653058
2522,c,51.68913473653058,51.68913473653058
2523,t,51.68913473653058,51.68913473653058
2524,c,51.68913473653058,51.68913473653058
2525,t,51.68913473653058,51.68913473653058
2526,t,51.68913473653058,51.68913473653058
2527,t,51.68913473653058,51.68913473653058
2528,c,51.68913473653058,51.68913473653058
2529,t,51.68913473653058,51.68913473653058
2530,c,5.2239863738026395,8.786202311774847
2531,c,51.68913473653058,51.68913473653058
2532,c,51.68913473653058,51.68913473653058
2533,t,51.68913473653058,51.68913473653058
2534,c,51.68913473653058,51.68913473653058
2535,c,51.68913473653058,51.68913473653058
2536,c,51.68913473653058,51.68913473653058
2537,c,51.68913473653058,51.68913473653058
2538,t,51.68913473653058,51.68913473653058
2539,t,51.68913473653058,51.68913473653058
2540,c,51.68913473653058,51.68913473653058
2541,t,51.68913473653058,51.68913473653058
2542,t,51.68913473653058,51.68913473653058
2543,t,51.68913473653058,51.68913473653058
2544,t,51.68913473653058,51.68913473653058
2545,t,51.68913473653058,51.68913473653058
2546,t,51.68913473653058,51.68913473653058
2547,c,51.68913473653058,51.68913473653058
2548,c,51.68913473653058,51.68913473653058
2549,c,51.68913473653058,51.68913473653058
2550,t,51.68913473653058,51.68913473653058
2551,t,51.68913473653058,51.68913473653058
2552,c,51.68913473653058,51.68913473653058
2553,t,51.68913473653058,51.68913473653058
2554,c,51.68913473653058,51.68913473653058
2555,c,51.68913473653058,51.68913473653058
2556,c,51.68913473653058,51.68913473653058
2557,c,51.68913473653058,51.68913473653058
2558,c,51.68913473653058,51.68913473653058
2559,c,51.68913473653058,51.68913473653058
2560,t,51.68913473653058,51.68913473653058
2561,c,51.68913473653058,51.68913473653058
2562,c,51.68913473653058,51.68913473653058
2563,t,51.68913473653058,51.68913473653058
2564,t,51.68913473653058,51.68913473653058
2565,c,51.68913473653058,51.68913473653058
2566,c,51.68913473653058,51.68913473653058
2567,c,51.68913473653058,51.68913473653058
2568,t,51.68913473653058,51.68913473653058
2569,c,51.68913473653058,51.68913473653058
2570,c,51.68913473653058,51.68913473653058
2571,c,51.68913473653058,51.68913473653058
2572,t,51.68913473653058,51.68913473653058
2573,c,51.68913473653058,51.68913473653058
2574,c,51.68913473653058,51.68913473653058
2575,c,51.68913473653058,51.68913473653058
2576,na,0,21.237860229914382
2577,t,51.68913473653058,51.68913473653058
2578,t,51.68913473653058,51.68913473653058
2579,t,51.68913473653058,51.68913473653058
2580,c,51.68913473653058,51.68913473653058
2581,c,51.68913473653058,51.68913473653058
2582,t,51.68913473653058,51.68913473653058
2583,c,51.68913473653058,51.68913473653058
2584,t,51.68913473653058,51.68913473653058
2585,c,51.68913473653058,51.68913473653058
2586,t,51.68913473653058,51.68913473653058
2587,c,51.68913473653058,51.68913473653058
2588,t,51.68913473653058,51.68913473653058
2589,t,51.68913473653058,51.68913473653058
2590,c,51.68913473653058,51.68913473653058
2591,c,51.68913473653058,51.68913473653058
2592,t,51.68913473653058,51.68913473653058
2593,c,51.68913473653058,51.68913473653058
2594,c,51.68913473653058,51.68913473653058
2595,c,51.68913473653058,51.68913473653058
2596,c,51.68913473653058,51.68913473653058
2597,t,51.68913473653058,51.68913473653058
2598,c,51.68913473653058,51.68913473653058
2599,t,51.68913473653058,51.68913473653058
2600,c,51.68913473653058,51.68913473653058
2601,c,51.68913473653058,51.68913473653058
2602,t,51.68913473653058,51.68913473653058
2603,c,51.68913473653058,51.68913473653058
2604,t,51.68913473653058,51.68913473653058
2605,t,51.68913473653058,51.68913473653058
2606,c,51.68913473653058,51.68913473653058
2607,c,51.68913473653058,51.68913473653058
2608,t,51.68913473653058,51.68913473653058
2609,c,51.68913473653058,51.68913473653058
2610,c,51.68913473653058,51.68913473653058
2611,t,51.68913473653058,51.68913473653058
2612,t,51.68913473653058,51.68913473653058
2613,c,51.68913473653058,51.68913473653058
2614,c,51.68913473653058,51.68913473653058
2615,c,51.68913473653058,51.68913473653058
2616,t,51.68913473653058,51.68913473653058
2617,t,51.68913473653058,51.68913473653058
2618,t,51.68913473653058,51.68913473653058
2619,c,51.68913473653058,51.68913473653058
2620,t,51.68913473653058,51.68913473653058
2621,c,51.68913473653058,51.68913473653058
2622,t,51.68913473653058,51.68913473653058
2623,t,51.68913473653058,51.68913473653058
2624,c,51.68913473653058,51.68913473653058
2625,t,51.68913473653058,51.68913473653058
2626,t,51.68913473653058,51.68913473653058
2627,c,51.68913473653058,51.68913473653058
2628,t,51.68913473653058,51.68913473653058
2629,t,51.68913473653058,51.68913473653058
2630,t,51.68913473653058,51.68913473653058
2631,c,51.68913473653058,51.68913473653058
2632,c,51.68913473653058,51.68913473653058
2633,t,51.68913473653058,51.68913473653058
2634,t,51.68913473653058,51.68913473653058
2635,t,51.68913473653058,51.68913473653058
2636,c,51.68913473653058,51.68913473653058
2637,c,51.68913473653058,51.68913473653058
2638,t,51.68913473653058,51.68913473653058
2639,t,51.68913473653058,51.68913473653058
2640,c,51.68913473653058,51.68913473653058
2641,c,51.68913473653058,51.68913473653058
2642,t,51.68913473653058,51.68913473653058
2643,t,51.68913473653058,51.68913473653058
2644,c,51.68913473653058,51.68913473653058
2645,t,51.68913473653058,51.68913473653058
2646,t,51.68913473653058,51.68913473653058
2647,c,51.68913473653058,51.68913473653058
2648,t,51.68913473653058,51.68913473653058
2649,t,51.68913473653058,51.68913473653058
2650,c,51.68913473653058,51.68913473653058
2651,t,51.68913473653058,51.68913473653058
2652,t,51.68913473653058,51.68913473653058
2653,c,51.68913473653058,51.68913473653058
2654,t,51.68913473653058,51.68913473653058
2655,t,51.68913473653058,51.68913473653058
2656,t,51.68913473653058,51.68913473653058
2657,t,51.68913473653058,51.68913473653058
2658,t,51.68913473653058,51.68913473653058
2659,c,51.68913473653058,51.68913473653058
2660,t,51.68913473653058,51.68913473653058
2661,c,51.68913473653058,51.68913473653058
2662,c,51.68913473653058,51.68913473653058
2663,c,51.68913473653058,51.68913473653058
2664,t,51.68913473653058,51.68913473653058
2665,c,51.68913473653058,51.68913473653058
2666,t,51.68913473653058,51.68913473653058
2667,t,51.68913473653058,51.68913473653058
2668,t,51.68913473653058,51.68913473653058
2669,c,51.68913473653058,51.68913473653058
2670,c,51.68913473653058,51.68913473653058
2671,t,51.68913473653058,51.68913473653058
2672,t,51.68913473653058,51.68913473653058
2673,t,51.68913473653058,51.68913473653058
2674,t,51.68913473653058,51.68913473653058
2675,t,51.68913473653058,51.68913473653058
2676,c,51.68913473653058,51.68913473653058
2677,c,51.68913473653058,51.68913473653058
2678,t,51.68913473653058,51.68913473653058
2679,t,51.68913473653058,51.68913473653058
2680,c,51.68913473653058,51.68913473653058
2681,t,51.68913473653058,51.68913473653058
2682,c,51.68913473653058,51.68913473653058
2683,c,51.68913473653058,51.68913473653058
2684,t,51.68913473653058,51.68913473653058
2685,t,51.68913473653058,51.68913473653058
2686,c,51.68913473653058,51.68913473653058
2687,t,51.68913473653058,51.68913473653058
2688,t,51.68913473653058,51.68913473653058
2689,t,51.68913473653058,51.68913473653058
2690,t,51.68913473653058,51.68913473653058
2691,t,51.68913473653058,51.68913473653058
2692,t,51.68913473653058,51.68913473653058
2693,c,51.68913473653058,51.68913473653058
2694,t,51.68913473653058,51.68913473653058
2695,t,51.68913473653058,51.68913473653058
2696,c,51.68913473653058,51.68913473653058
2697,t,51.68913473653058,51.68913473653058
2698,c,51.68913473653058,51.68913473653058
2699,c,51.68913473653058,51.68913473653058
2700,c,51.68913473653058,51.68913473653058
2701,t,51.68913473653058,51.68913473653058
2702,c,51.68913473653058,51.68913473653058
2703,t,51.68913473653058,51.68913473653058
2704,t,51.68913473653058,51.68913473653058
2705,t,51.68913473653058,51.68913473653058
2706,t,51.68913473653058,51.68913473653058
2707,t,51.68913473653058,51.68913473653058
2708,t,51.68913473653058,51.68913473653058
2709,t,51.68913473653058,51.68913473653058
2710,c,51.68913473653058,51.68913473653058
2711,t,51.68913473653058,51.68913473653058
2712,c,51.68913473653058,51.68913473653058
2713,t,51.68913473653058,51.68913473653058
2714,t,51.68913473653058,51.68913473653058
2715,c,51.68913473653058,51.68913473653058
2716,c,51.68913473653058,51.68913473653058
2717,t,51.68913473653058,51.68913473653058
2718,c,51.68913473653058,51.68913473653058
2719,t,51.68913473653058,51.68913473653058
2720,c,51.68913473653058,51.68913473653058
2721,t,51.68913473653058,51.68913473653058
2722,t,51.68913473653058,51.68913473653058
2723,c,51.68913473653058,51.68913473653058
2724,t,51.68913473653058,51.68913473653058
2725,t,51.68913473653058,51.68913473653058
2726,c,51.68913473653058,51.68913473653058
2727,t,51.68913473653058,51.68913473653058
2728,t,51.68913473653058,51.68913473653058
2729,t,51.68913473653058,51.68913473653058
2730,t,51.68913473653058,51.68913473653058
2731,t,51.68913473653058,51.68913473653058
2732,c,51.68913473653058,51.68913473653058
2733,t,51.68913473653058,51.68913473653058
2734,c,51.68913473653058,51.68913473653058
2735,c,51.68913473653058,51.68913473653058
2736,t,51.68913473653058,51.68913473653058
2737,c,51.68913473653058,51.68913473653058
2738,t,51.68913473653058,51.68913473653058
2739,t,51.68913473653058,51.68913473653058
2740,t,51.68913473653058,51.68913473653058
2741,t,51.68913473653058,51.68913473653058
2742,c,51.68913473653058,51.68913473653058
2743,c,51.68913473653058,51.68913473653058
2744,t,51.68913473653058,51.68913473653058
2745,c,51.68913473653058,51.68913473653058
2746,t,51.68913473653058,51.68913473653058
2747,c,51.68913473653058,51.68913473653058
2748,t,51.68913473653058,51.68913473653058
2749,t,51.68913473653058,51.68913473653058
2750,c,51.68913473653058,51.68913473653058
2751,t,51.68913473653058,51.68913473653058
2752,c,51.68913473653058,51.68913473653058
2753,t,51.68913473653058,51.68913473653058
2754,t,51.68913473653058,51.68913473653058
2755,t,51.68913473653058,51.68913473653058
2756,c,51.68913473653058,51.68913473653058
2757,c,51.68913473653058,51.68913473653058
2758,t,51.68913473653058,51.68913473653058
2759,t,51.68913473653058,51.68913473653058
2760,c,51.68913473653058,51.68913473653058
2761,c,51.68913473653058,51.68913473653058
2762,t,51.68913473653058,51.68913473653058
2763,t,51.68913473653058,51.68913473653058
2764,t,51.68913473653058,51.68913473653058
2765,t,51.68913473653058,51.68913473653058
2766,c,51.68913473653058,51.68913473653058
2767,t,51.68913473653058,51.68913473653058
2768,t,51.68913473653058,51.68913473653058
2769,c,51.68913473653058,51.68913473653058
2770,c,51.68913473653058,51.68913473653058
2771,c,51.68913473653058,51.68913473653058
2772,c,51.68913473653058,51.68913473653058
2773,t,51.68913473653058,51.68913473653058
2774,c,51.68913473653058,51.68913473653058
2775,c,51.68913473653058,51.68913473653058
2776,t,51.68913473653058,51.68913473653058
2777,c,51.68913473653058,51.68913473653058
2778,t,51.68913473653058,51.68913473653058
2779,t,51.68913473653058,51.68913473653058
2780,c,51.68913473653058,51.68913473653058
2781,t,51.68913473653058,51.68913473653058
2782,t,51.68913473653058,51.68913473653058
2783,t,51.68913473653058,51.68913473653058
2784,c,51.68913473653058,51.68913473653058
2785,c,51.68913473653058,51.68913473653058
2786,c,51.68913473653058,51.68913473653058
2787,c,14.381747737999849,16.764937353753282
2788,c,51.68913473653058,51.68913473653058
2789,t,51.68913473653058,51.68913473653058
2790,t,51.68913473653058,51.68913473653058
2791,t,51.68913473653058,51.68913473653058
2792,c,51.68913473653058,51.68913473653058
2793,t,51.68913473653058,51.68913473653058
2794,t,51.68913473653058,51.68913473653058
2795,c,51.68913473653058,51.68913473653058
2796,c,51.68913473653058,51.68913473653058
2797,c,51.68913473653058,51.68913473653058
2798,c,51.68913473653058,51.68913473653058
2799,c,51.68913473653058,51.68913473653058
2800,t,51.68913473653058,51.68913473653058
2801,t,51.68913473653058,51.68913473653058
2802,c,51.68913473653058,51.68913473653058
2803,c,51.68913473653058,51.68913473653058
2804,c,51.68913473653058,51.68913473653058
2805,c,51.68913473653058,51.68913473653058
2806,t,51.68913473653058,51.68913473653058
2807,t,51.68913473653058,51.68913473653058
2808,t,51.68913473653058,51.68913473653058
2809,c,51.68913473653058,51.68913473653058
2810,c,51.68913473653058,51.68913473653058
2811,c,51.68913473653058,51.68913473653058
2812,c,51.68913473653058,51.68913473653058
2813,t,51.68913473653058,51.68913473653058
2814,t,51.68913473653058,51.68913473653058
2815,c,51.68913473653058,51.68913473653058
2816,c,51.68913473653058,51.68913473653058
2817,c,51.68913473653058,51.68913473653058
2818,c,51.68913473653058,51.68913473653058
2819,t,51.68913473653058,51.68913473653058
2820,t,51.68913473653058,51.68913473653058
2821,t,51.68913473653058,51.68913473653058
2822,c,51.68913473653058,51.68913473653058
2823,t,51.68913473653058,51.68913473653058
2824,c,51.68913473653058,51.68913473653058
2825,c,51.68913473653058,51.68913473653058
2826,t,51.68913473653058,51.68913473653058
2827,t,51.68913473653058,51.68913473653058
2828,t,51.68913473653058,51.68913473653058
2829,t,51.68913473653058,51.68913473653058
2830,c,51.68913473653058,51.68913473653058
2831,t,51.68913473653058,51.68913473653058
2832,c,51.68913473653058,51.68913473653058
2833,c,51.68913473653058,51.68913473653058
2834,c,51.68913473653058,51.68913473653058
2835,c,51.68913473653058,51.68913473653058
2836,c,51.68913473653058,51.68913473653058
2837,t,51.68913473653058,51.68913473653058
2838,c,51.68913473653058,51.68913473653058
2839,t,51.68913473653058,51.68913473653058
2840,c,51.68913473653058,51.68913473653058
2841,t,51.68913473653058,51.68913473653058
2842,c,51.68913473653058,51.68913473653058
2843,c,51.68913473653058,51.68913473653058
2844,t,51.68913473653058,51.68913473653058
2845,c,51.68913473653058,51.68913473653058
2846,c,51.68913473653058,51.68913473653058
2847,t,51.68913473653058,51.68913473653058
2848,c,51.68913473653058,51.68913473653058
2849,c,51.68913473653058,51.68913473653058
2850,t,51.68913473653058,51.68913473653058
2851,t,51.68913473653058,51.68913473653058
2852,t,51.68913473653058,51.68913473653058
2853,t,51.68913473653058,51.68913473653058
2854,c,51.68913473653058,51.68913473653058
2855,c,51.68913473653058,51.68913473653058
2856,t,51.68913473653058,51.68913473653058
2857,c,7.726970427886339,11.253388663256528
2858,c,51.68913473653058,51.68913473653058
2859,t,51.68913473653058,51.68913473653058
2860,t,51.68913473653058,51.68913473653058
2861,t,51.68913473653058,51.68913473653058
2862,c,51.68913473653058,51.68913473653058
2863,t,51.68913473653058,51.68913473653058
2864,t,51.68913473653058,51.68913473653058
2865,t,51.68913473653058,51.68913473653058
2866,t,51.68913473653058,51.68913473653058
2867,t,51.68913473653058,51.68913473653058
2868,c,51.68913473653058,51.68913473653058
2869,c,51.68913473653058,51.68913473653058
2870,t,51.68913473653058,51.68913473653058
2871,c,51.68913473653058,51.68913473653058
2872,t,51.68913473653058,51.68913473653058
2873,t,51.68913473653058,51.68913473653058
2874,c,51.68913473653058,51.68913473653058
2875,c,51.68913473653058,51.68913473653058
2876,c,51.68913473653058,51.68913473653058
2877,t,51.68913473653058,51.68913473653058
2878,c,51.68913473653058,51.68913473653058
2879,c,51.68913473653058,51.68913473653058
2880,c,51.68913473653058,51.68913473653058
2881,c,51.68913473653058,51.68913473653058
2882,t,51.68913473653058,51.68913473653058
2883,t,51.68913473653058,51.68913473653058
2884,t,51.68913473653058,51.68913473653058
2885,t,51.68913473653058,51.68913473653058
2886,t,51.68913473653058,51.68913473653058
2887,c,51.68913473653058,51.68913473653058
2888,c,51.68913473653058,51.68913473653058
2889,t,51.68913473653058,51.68913473653058
2890,t,51.68913473653058,51.68913473653058
2891,t,51.68913473653058,51.68913473653058
2892,t,51.68913473653058,51.68913473653058
2893,c,51.68913473653058,51.68913473653058
2894,c,51.68913473653058,51.68913473653058
2895,c,51.68913473653058,51.68913473653058
2896,c,51.68913473653058,51.68913473653058
2897,c,51.68913473653058,51.68913473653058
2898,c,51.68913473653058,51.68913473653058
2899,t,51.68913473653058,51.68913473653058
2900,c,51.68913473653058,51.68913473653058
2901,t,51.68913473653058,51.68913473653058
2902,t,51.68913473653058,51.68913473653058
2903,t,51.68913473653058,51.68913473653058
2904,t,51.68913473653058,51.68913473653058
2905,t,51.68913473653058,51.68913473653058
2906,c,51.68913473653058,51.68913473653058
2907,t,51.68913473653058,51.68913473653058
2908,t,51.68913473653058,51.68913473653058
2909,c,51.68913473653058,51.68913473653058
2910,t,51.68913473653058,51.68913473653058
2911,t,51.68913473653058,51.68913473653058
2912,t,51.68913473653058,51.68913473653058
2913,t,51.68913473653058,51.68913473653058
2914,t,51.68913473653058,51.68913473653058
2915,c,51.68913473653058,51.68913473653058
2916,c,51.68913473653058,51.68913473653058
2917,c,51.68913473653058,51.68913473653058
2918,c,51.68913473653058,51.68913473653058
2919,t,51.68913473653058,51.68913473653058
2920,c,51.68913473653058,51.68913473653058
2921,t,51.68913473653058,51.68913473653058
2922,t,51.68913473653058,51.68913473653058
2923,t,51.68913473653058,51.68913473653058
2924,t,51.68913473653058,51.68913473653058
2925,c,51.68913473653058,51.68913473653058
2926,c,51.68913473653058,51.68913473653058
2927,c,51.68913473653058,51.68913473653058
2928,c,51.68913473653058,51.68913473653058
2929,t,51.68913473653058,51.68913473653058
2930,c,51.68913473653058,51.68913473653058
2931,t,51.68913473653058,51.68913473653058
2932,t,51.68913473653058,51.68913473653058
2933,t,51.68913473653058,51.68913473653058
2934,c,51.68913473653058,51.68913473653058
2935,t,51.68913473653058,51.68913473653058
2936,t,51.68913473653058,51.68913473653058
2937,c,51.68913473653058,51.68913473653058
2938,t,51.68913473653058,51.68913473653058
2939,c,51.68913473653058,51.68913473653058
2940,c,51.68913473653058,51.68913473653058
2941,t,51.68913473653058,51.68913473653058
2942,t,51.68913473653058,51.68913473653058
2943,c,51.68913473653058,51.68913473653058
2944,c,51.68913473653058,51.68913473653058
2945,c,51.68913473653058,51.68913473653058
2946,c,51.68913473653058,51.68913473653058
2947,c,51.68913473653058,51.68913473653058
2948,c,51.68913473653058,51.68913473653058
2949,t,51.68913473653058,51.68913473653058
2950,c,51.68913473653058,51.68913473653058
2951,t,51.68913473653058,51.68913473653058
2952,c,51.68913473653058,51.68913473653058
2953,c,51.68913473653058,51.68913473653058
2954,t,51.68913473653058,51.68913473653058
2955,c,51.68913473653058,51.68913473653058
2956,c,51.68913473653058,51.68913473653058
2957,t,51.68913473653058,51.68913473653058
2958,t,51.68913473653058,51.68913473653058
2959,t,51.68913473653058,51.68913473653058
2960,c,51.68913473653058,51.68913473653058
2961,c,51.68913473653058,51.68913473653058
2962,c,51.68913473653058,51.68913473653058
2963,c,51.68913473653058,51.68913473653058
2964,c,51.68913473653058,51.68913473653058
2965,c,51.68913473653058,51.68913473653058
2966,t,51.68913473653058,51.68913473653058
2967,t,51.68913473653058,51.68913473653058
2968,t,51.68913473653058,51.68913473653058
2969,t,51.68913473653058,51.68913473653058
2970,c,51.68913473653058,51.68913473653058
2971,t,51.68913473653058,51.68913473653058
2972,t,51.68913473653058,51.68913473653058
2973,t,51.68913473653058,51.68913473653058
2974,c,51.68913473653058,51.68913473653058
2975,c,51.68913473653058,51.68913473653058
2976,t,51.68913473653058,51.68913473653058
2977,c,51.68913473653058,51.68913473653058
2978,t,51.68913473653058,51.68913473653058
2979,t,51.68913473653058,51.68913473653058
2980,c,51.68913473653058,51.68913473653058
2981,t,51.68913473653058,51.68913473653058
2982,t,51.68913473653058,51.68913473653058
2983,c,51.68913473653058,51.68913473653058
2984,t,51.68913473653058,51.68913473653058
2985,t,51.68913473653058,51.68913473653058
2986,c,51.68913473653058,51.68913473653058
2987,t,51.68913473653058,51.68913473653058
2988,t,51.68913473653058,51.68913473653058
2989,t,51.68913473653058,51.68913473653058
2990,t,51.68913473653058,51.68913473653058
2991,c,51.68913473653058,51.68913473653058
2992,c,51.68913473653058,51.68913473653058
2993,c,51.68913473653058,51.68913473653058
2994,c,51.68913473653058,51.68913473653058
2995,t,51.68913473653058,51.68913473653058
2996,c,51.68913473653058,51.68913473653058
2997,t,51.68913473653058,51.68913473653058
2998,c,51.68913473653058,51.68913473653058
2999,t,51.68913473653058,51.68913473653058
3000,c,51.68913473653058,51.68913473653058
3001,c,51.68913473653058,51.68913473653058
3002,c,51.68913473653058,51.68913473653058
3003,t,51.68913473653058,51.68913473653058
3004,t,51.68913473653058,51.68913473653058
3005,c,51.68913473653058,51.68913473653058
3006,c,51.68913473653058,51.68913473653058
3007,c,51.68913473653058,51.68913473653058
3008,t,51.68913473653058,51.68913473653058
3009,t,51.68913473653058,51.68913473653058
3010,t,51.68913473653058,51.68913473653058
3011,c,51.68913473653058,51.68913473653058
3012,c,51.68913473653058,51.68913473653058
3013,t,51.68913473653058,51.68913473653058
3014,t,51.68913473653058,51.68913473653058
3015,t,51.68913473653058,51.68913473653058
3016,c,51.68913473653058,51.68913473653058
3017,c,51.68913473653058,51.68913473653058
3018,c,51.68913473653058,51.68913473653058
3019,t,51.68913473653058,51.68913473653058
3020,c,51.68913473653058,51.68913473653058
3021,t,51.68913473653058,51.68913473653058
3022,t,51.68913473653058,51.68913473653058
3023,t,51.68913473653058,51.68913473653058
3024,t,51.68913473653058,51.68913473653058
3025,c,51.68913473653058,51.68913473653058
3026,t,51.68913473653058,51.68913473653058
3027,c,51.68913473653058,51.68913473653058
3028,c,51.68913473653058,51.68913473653058
3029,t,51.68913473653058,51.68913473653058
3030,c,51.68913473653058,51.68913473653058
3031,t,51.68913473653058,51.68913473653058
3032,c,4.9396993665947075,6.281975534483205
3033,t,51.68913473653058,51.68913473653058
3034,c,51.68913473653058,51.68913473653058
3035,t,51.68913473653058,51.68913473653058
3036,t,51.68913473653058,51.68913473653058
3037,c,51.68913473653058,51.68913473653058
3038,t,51.68913473653058,51.68913473653058
3039,t,51.68913473653058,51.68913473653058
3040,t,51.68913473653058,51.68913473653058
3041,t,51.68913473653058,51.68913473653058
3042,c,51.68913473653058,51.68913473653058
3043,t,51.68913473653058,51.68913473653058
3044,na,-1,0
3045,t,51.68913473653058,51.68913473653058
3046,c,51.68913473653058,51.68913473653058
3047,c,51.68913473653058,51.68913473653058
3048,t,51.68913473653058,51.68913473653058
3049,c,51.68913473653058,51.68913473653058
3050,t,51.68913473653058,51.68913473653058
3051,t,51.68913473653058,51.68913473653058
3052,t,51.68913473653058,51.68913473653058
3053,c,51.68913473653058,51.68913473653058
3054,c,51.68913473653058,51.68913473653058
3055,t,51.68913473653058,51.68913473653058
3056,t,51.68913473653058,51.68913473653058
3057,t,51.68913473653058,51.68913473653058
3058,t,51.68913473653058,51.68913473653058
3059,t,51.68913473653058,51.68913473653058
3060,c,51.68913473653058,51.68913473653058
3061,c,51.68913473653058,51.68913473653058
3062,c,51.68913473653058,51.68913473653058
3063,c,51.68913473653058,51.68913473653058
3064,t,51.68913473653058,51.68913473653058
3065,c,51.68913473653058,51.68913473653058
3066,t,51.68913473653058,51.68913473653058
3067,c,51.68913473653058,51.68913473653058
3068,c,51.68913473653058,51.68913473653058
3069,t,51.68913473653058,51.68913473653058
3070,t,51.68913473653058,51.68913473653058
3071,t,51.68913473653058,51.68913473653058
3072,c,51.68913473653058,51.68913473653058
3073,t,51.68913473653058,51.68913473653058
3074,t,51.68913473653058,51.68913473653058
3075,t,51.68913473653058,51.68913473653058
3076,c,51.68913473653058,51.68913473653058
3077,t,51.68913473653058,51.68913473653058
3078,c,51.68913473653058,51.68913473653058
3079,t,51.68913473653058,51.68913473653058
3080,c,51.68913473653058,51.68913473653058
3081,t,51.68913473653058,51.68913473653058
3082,c,51.68913473653058,51.68913473653058
3083,c,51.68913473653058,51.68913473653058
3084,c,51.68913473653058,51.68913473653058
3085,t,51.68913473653058,51.68913473653058
3086,c,51.68913473653058,51.68913473653058
3087,t,51.68913473653058,51.68913473653058
3088,c,51.68913473653058,51.68913473653058
3089,t,51.68913473653058,51.68913473653058
3090,t,51.68913473653058,51.68913473653058
3091,t,51.68913473653058,51.68913473653058
3092,c,51.68913473653058,51.68913473653058
3093,t,51.68913473653058,51.68913473653058
3094,t,51.68913473653058,51.68913473653058
3095,t,51.68913473653058,51.68913473653058
3096,t,51.68913473653058,51.68913473653058
3097,c,51.68913473653058,51.68913473653058
3098,t,51.68913473653058,51.68913473653058
3099,t,51.68913473653058,51.68913473653058
3100,na,19.097428486722638,25.18544429337459
3101,t,51.68913473653058,51.68913473653058
3102,c,51.68913473653058,51.68913473653058
3103,c,51.68913473653058,51.68913473653058
3104,t,51.68913473653058,51.68913473653058
3105,t,51.68913473653058,51.68913473653058
3106,t,51.68913473653058,51.68913473653058
3107,c,51.68913473653058,51.68913473653058
3108,t,51.68913473653058,51.68913473653058
3109,t,51.68913473653058,51.68913473653058
3110,t,51.68913473653058,51.68913473653058
3111,c,51.68913473653058,51.68913473653058
3112,t,51.68913473653058,51.68913473653058
3113,c,51.68913473653058,51.68913473653058
3114,c,51.68913473653058,51.68913473653058
3115,t,51.68913473653058,51.68913473653058
3116,t,51.68913473653058,51.68913473653058
3117,t,51.68913473653058,51.68913473653058
3118,t,51.68913473653058,51.68913473653058
3119,t,51.68913473653058,51.68913473653058
3120,c,51.68913473653058,51.68913473653058
3121,t,51.68913473653058,51.68913473653058
3122,c,51.68913473653058,51.68913473653058
3123,c,51.68913473653058,51.68913473653058
3124,c,51.68913473653058,51.68913473653058
3125,c,51.68913473653058,51.68913473653058
3126,t,51.68913473653058,51.68913473653058
3127,c,51.68913473653058,51.68913473653058
3128,c,51.68913473653058,51.68913473653058
3129,c,51.68913473653058,51.68913473653058
3130,c,51.68913473653058,51.68913473653058
3131,t,51.68913473653058,51.68913473653058
3132,c,51.68913473653058,51.68913473653058
3133,c,51.68913473653058,51.68913473653058
3134,c,51.68913473653058,51.68913473653058
3135,c,51.68913473653058,51.68913473653058
3136,t,51.68913473653058,51.68913473653058
3137,t,51.68913473653058,51.68913473653058
3138,c,51.68913473653058,51.68913473653058
3139,t,51.68913473653058,51.68913473653058
3140,t,51.68913473653058,51.68913473653058
3141,c,51.68913473653058,51.68913473653058
3142,c,51.68913473653058,51.68913473653058
3143,t,51.68913473653058,51.68913473653058
3144,t,51.68913473653058,51.68913473653058
3145,c,51.68913473653058,51.68913473653058
3146,c,51.68913473653058,51.68913473653058
3147,c,51.68913473653058,51.68913473653058
3148,t,51.68913473653058,51.68913473653058
3149,c,51.68913473653058,51.68913473653058
3150,t,51.68913473653058,51.68913473653058
3151,t,51.68913473653058,51.68913473653058
3152,c,51.68913473653058,51.68913473653058
3153,c,51.68913473653058,51.68913473653058
3154,t,51.68913473653058,51.68913473653058
3155,c,51.68913473653058,51.68913473653058
3156,c,51.68913473653058,51.68913473653058
3157,t,51.68913473653058,51.68913473653058
3158,t,51.68913473653058,51.68913473653058
3159,c,51.68913473653058,51.68913473653058
3160,c,51.68913473653058,51.68913473653058
3161,c,51.68913473653058,51.68913473653058
3162,t,51.68913473653058,51.68913473653058
3163,c,51.68913473653058,51.68913473653058
3164,c,13.628713994978051,15.286590167590246
3165,c,51.68913473653058,51.68913473653058
3166,t,51.68913473653058,51.68913473653058
3167,t,51.68913473653058,51.68913473653058
3168,t,51.68913473653058,51.68913473653058
3169,t,51.68913473653058,51.68913473653058
3170,c,51.68913473653058,51.68913473653058
3171,t,51.68913473653058,51.68913473653058
3172,c,51.68913473653058,51.68913473653058
3173,c,11.20639019499566,15.900477793754032
3174,c,51.68913473653058,51.68913473653058
3175,t,51.68913473653058,51.68913473653058
3176,c,51.68913473653058,51.68913473653058
3177,t,51.68913473653058,51.68913473653058
3178,c,51.68913473653058,51.68913473653058
3179,c,51.68913473653058,51.68913473653058
3180,t,51.68913473653058,51.68913473653058
3181,c,51.68913473653058,51.68913473653058
3182,c,51.68913473653058,51.68913473653058
3183,t,51.68913473653058,51.68913473653058
3184,c,51.68913473653058,51.68913473653058
3185,t,51.68913473653058,51.68913473653058
3186,t,51.68913473653058,51.68913473653058
3187,c,51.68913473653058,51.68913473653058
3188,t,51.68913473653058,51.68913473653058
3189,t,51.68913473653058,51.68913473653058
3190,c,51.68913473653058,51.68913473653058
3191,t,51.68913473653058,51.68913473653058
3192,t,51.68913473653058,51.68913473653058
3193,c,51.68913473653058,51.68913473653058
3194,t,51.68913473653058,51.68913473653058
3195,c,51.68913473653058,51.68913473653058
3196,c,51.68913473653058,51.68913473653058
3197,t,51.68913473653058,51.68913473653058
3198,c,51.68913473653058,51.68913473653058
3199,t,51.68913473653058,51.68913473653058
3200,t,51.68913473653058,51.68913473653058
3201,t,51.68913473653058,51.68913473653058
3202,c,51.68913473653058,51.68913473653058
3203,c,51.68913473653058,51.68913473653058
3204,t,51.68913473653058,51.68913473653058
3205,c,51.68913473653058,51.68913473653058
3206,t,51.68913473653058,51.68913473653058
3207,c,51.68913473653058,51.68913473653058
3208,t,51.68913473653058,51.68913473653058
3209,c,51.68913473653058,51.68913473653058
3210,t,51.68913473653058,51.68913473653058
3211,c,51.68913473653058,51.68913473653058
3212,c,51.68913473653058,51.68913473653058
3213,t,51.68913473653058,51.68913473653058
3214,c,51.68913473653058,51.68913473653058
3215,t,51.68913473653058,51.68913473653058
3216,t,51.68913473653058,51.68913473653058
3217,t,51.68913473653058,51.68913473653058
3218,c,51.68913473653058,51.68913473653058
3219,c,51.68913473653058,51.68913473653058
3220,c,51.68913473653058,51.68913473653058
3221,t,51.68913473653058,51.68913473653058
3222,c,51.68913473653058,51.68913473653058
3223,t,51.68913473653058,51.68913473653058
3224,c,51.68913473653058,51.68913473653058
3225,c,51.68913473653058,51.68913473653058
3226,t,51.68913473653058,51.68913473653058
3227,c,51.68913473653058,51.68913473653058
3228,c,51.68913473653058,51.68913473653058
3229,t,51.68913473653058,51.68913473653058
3230,c,51.68913473653058,51.68913473653058
3231,na,-1,0
3232,c,51.68913473653058,51.68913473653058
3233,c,51.68913473653058,51.68913473653058
3234,t,51.68913473653058,51.68913473653058
3235,c,51.68913473653058,51.68913473653058
3236,t,51.68913473653058,51.68913473653058
3237,c,51.68913473653058,51.68913473653058
3238,c,51.68913473653058,51.68913473653058
3239,na,-1,0
3240,t,51.68913473653058,51.68913473653058
3241,t,51.68913473653058,51.68913473653058
3242,c,51.68913473653058,51.68913473653058
3243,c,51.68913473653058,51.68913473653058
3244,c,51.68913473653058,51.68913473653058
3245,t,51.68913473653058,51.68913473653058
3246,t,51.68913473653058,51.68913473653058
3247,t,51.68913473653058,51.68913473653058
3248,t,51.68913473653058,51.68913473653058
3249,t,51.68913473653058,51.68913473653058
3250,t,51.68913473653058,51.68913473653058
3251,t,51.68913473653058,51.68913473653058
3252,c,51.68913473653058,51.68913473653058
3253,t,51.68913473653058,51.68913473653058
3254,c,51.68913473653058,51.68913473653058
3255,c,51.68913473653058,51.68913473653058
3256,t,51.68913473653058,51.68913473653058
3257,t,51.68913473653058,51.68913473653058
3258,c,51.68913473653058,51.68913473653058
3259,t,51.68913473653058,51.68913473653058
3260,c,51.68913473653058,51.68913473653058
3261,t,51.68913473653058,51.68913473653058
3262,t,51.68913473653058,51.68913473653058
3263,c,51.68913473653058,51.68913473653058
3264,c,51.68913473653058,51.68913473653058
3265,t,51.68913473653058,51.68913473653058
3266,t,51.68913473653058,51.68913473653058
3267,t,51.68913473653058,51.68913473653058
3268,c,51.68913473653058,51.68913473653058
3269,c,51.68913473653058,51.68913473653058
3270,t,51.68913473653058,51.68913473653058
3271,c,51.68913473653058,51.68913473653058
3272,c,51.68913473653058,51.68913473653058
3273,t,51.68913473653058,51.68913473653058
3274,c,51.68913473653058,51.68913473653058
3275,c,51.68913473653058,51.68913473653058
3276,c,51.68913473653058,51.68913473653058
3277,t,51.68913473653058,51.68913473653058
3278,c,51.68913473653058,51.68913473653058
3279,c,51.68913473653058,51.68913473653058
3280,c,51.68913473653058,51.68913473653058
3281,t,51.68913473653058,51.68913473653058
3282,t,51.68913473653058,51.68913473653058
3283,c,51.68913473653058,51.68913473653058
3284,t,51.68913473653058,51.68913473653058
3285,t,51.68913473653058,51.68913473653058
3286,c,51.68913473653058,51.68913473653058
3287,c,51.68913473653058,51.68913473653058
3288,c,51.68913473653058,51.68913473653058
3289,c,51.68913473653058,51.68913473653058
3290,t,51.68913473653058,51.68913473653058
3291,c,51.68913473653058,51.68913473653058
3292,c,51.68913473653058,51.68913473653058
3293,t,51.68913473653058,51.68913473653058
3294,c,51.68913473653058,51.68913473653058
3295,c,51.68913473653058,51.68913473653058
3296,c,51.68913473653058,51.68913473653058
3297,t,51.68913473653058,51.68913473653058
3298,t,51.68913473653058,51.68913473653058
3299,c,51.68913473653058,51.68913473653058
3300,c,51.68913473653058,51.68913473653058
3301,t,51.68913473653058,51.68913473653058
3302,c,51.68913473653058,51.68913473653058
3303,c,51.68913473653058,51.68913473653058
3304,c,51.68913473653058,51.68913473653058
3305,c,7.005359803749001,19.408018764662877
3306,c,51.68913473653058,51.68913473653058
3307,c,51.68913473653058,51.68913473653058
3308,c,51.68913473653058,51.68913473653058
3309,t,51.68913473653058,51.68913473653058
3310,c,51.68913473653058,51.68913473653058
3311,c,51.68913473653058,51.68913473653058
3312,c,51.68913473653058,51.68913473653058
3313,c,51.68913473653058,51.68913473653058
3314,t,51.68913473653058,51.68913473653058
3315,t,51.68913473653058,51.68913473653058
3316,t,51.68913473653058,51.68913473653058
3317,t,51.68913473653058,51.68913473653058
3318,c,51.68913473653058,51.68913473653058
3319,t,51.68913473653058,51.68913473653058
3320,c,51.68913473653058,51.68913473653058
3321,c,51.68913473653058,51.68913473653058
3322,c,51.68913473653058,51.68913473653058
3323,c,51.68913473653058,51.68913473653058
3324,c,51.68913473653058,51.68913473653058
3325,c,51.68913473653058,51.68913473653058
3326,t,51.68913473653058,51.68913473653058
3327,c,51.68913473653058,51.68913473653058
3328,c,51.68913473653058,51.68913473653058
3329,t,51.68913473653058,51.68913473653058
3330,t,51.68913473653058,51.68913473653058
3331,t,51.68913473653058,51.68913473653058
3332,c,51.68913473653058,51.68913473653058
3333,t,51.68913473653058,51.68913473653058
3334,t,51.68913473653058,51.68913473653058
3335,t,51.68913473653058,51.68913473653058
3336,t,51.68913473653058,51.68913473653058
3337,na,0.11965608820137491,1.2460954690315482
3338,c,51.68913473653058,51.68913473653058
3339,t,51.68913473653058,51.68913473653058
3340,t,51.68913473653058,51.68913473653058
3341,t,51.68913473653058,51.68913473653058
3342,t,51.68913473653058,51.68913473653058
3343,c,51.68913473653058,51.68913473653058
3344,c,51.68913473653058,51.68913473653058
3345,c,51.68913473653058,51.68913473653058
3346,t,51.68913473653058,51.68913473653058
3347,c,51.68913473653058,51.68913473653058
3348,c,51.68913473653058,51.68913473653058
3349,c,51.68913473653058,51.68913473653058
3350,t,51.68913473653058,51.68913473653058
3351,c,51.68913473653058,51.68913473653058
3352,t,51.68913473653058,51.68913473653058
3353,c,51.68913473653058,51.68913473653058
3354,t,51.68913473653058,51.68913473653058
3355,c,51.68913473653058,51.68913473653058
3356,c,51.68913473653058,51.68913473653058
3357,t,51.68913473653058,51.68913473653058
3358,c,51.68913473653058,51.68913473653058
3359,c,51.68913473653058,51.68913473653058
3360,c,51.68913473653058,51.68913473653058
3361,t,51.68913473653058,51.68913473653058
3362,c,51.68913473653058,51.68913473653058
3363,c,51.68913473653058,51.68913473653058
3364,t,51.68913473653058,51.68913473653058
3365,t,51.68913473653058,51.68913473653058
3366,t,51.68913473653058,51.68913473653058
3367,c,51.68913473653058,51.68913473653058
3368,t,51.68913473653058,51.68913473653058
3369,t,51.68913473653058,51.68913473653058
3370,t,51.68913473653058,51.68913473653058
3371,t,51.68913473653058,51.68913473653058
3372,c,51.68913473653058,51.68913473653058
3373,c,51.68913473653058,51.68913473653058
3374,c,51.68913473653058,51.68913473653058
3375,c,51.68913473653058,51.68913473653058
3376,t,51.68913473653058,51.68913473653058
3377,c,51.68913473653058,51.68913473653058
3378,t,51.68913473653058,51.68913473653058
3379,na,-1,0
3380,t,51.68913473653058,51.68913473653058
3381,t,51.68913473653058,51.68913473653058
3382,t,51.68913473653058,51.68913473653058
3383,t,51.68913473653058,51.68913473653058
3384,t,51.68913473653058,51.68913473653058
3385,c,51.68913473653058,51.68913473653058
3386,c,51.68913473653058,51.68913473653058
3387,c,51.68913473653058,51.68913473653058
3388,c,51.68913473653058,51.68913473653058
3389,c,51.68913473653058,51.68913473653058
3390,t,51.68913473653058,51.68913473653058
3391,c,51.68913473653058,51.68913473653058
3392,c,51.68913473653058,51.68913473653058
3393,c,51.68913473653058,51.68913473653058
3394,t,51.68913473653058,51.68913473653058
3395,c,51.68913473653058,51.68913473653058
3396,c,51.68913473653058,51.68913473653058
3397,c,51.68913473653058,51.68913473653058
3398,t,51.68913473653058,51.68913473653058
3399,na,0.2793564161083003,0.8703578334366354
3400,c,51.68913473653058,51.68913473653058
3401,c,51.68913473653058,51.68913473653058
3402,t,51.68913473653058,51.68913473653058
3403,t,51.68913473653058,51.68913473653058
3404,t,51.68913473653058,51.68913473653058
3405,t,51.68913473653058,51.68913473653058
3406,c,51.68913473653058,51.68913473653058
3407,t,51.68913473653058,51.68913473653058
3408,t,51.68913473653058,51.68913473653058
3409,c,51.68913473653058,51.68913473653058
3410,t,51.68913473653058,51.68913473653058
3411,c,51.68913473653058,51.68913473653058
3412,c,51.68913473653058,51.68913473653058
3413,c,51.68913473653058,51.68913473653058
3414,c,51.68913473653058,51.68913473653058
3415,t,51.68913473653058,51.68913473653058
3416,c,51.68913473653058,51.68913473653058
3417,c,51.68913473653058,51.68913473653058
3418,t,51.68913473653058,51.68913473653058
3419,t,51.68913473653058,51.68913473653058
3420,t,51.68913473653058,51.68913473653058
3421,c,51.68913473653058,51.68913473653058
3422,t,51.68913473653058,51.68913473653058
3423,t,51.68913473653058,51.68913473653058
3424,c,51.68913473653058,51.68913473653058
3425,t,51.68913473653058,51.68913473653058
3426,c,51.68913473653058,51.68913473653058
3427,c,51.68913473653058,51.68913473653058
3428,c,51.68913473653058,51.68913473653058
3429,c,51.68913473653058,51.68913473653058
3430,t,51.68913473653058,51.68913473653058
3431,c,51.68913473653058,51.68913473653058
3432,t,51.68913473653058,51.68913473653058
3433,t,51.68913473653058,51.68913473653058
3434,t,51.68913473653058,51.68913473653058
3435,t,51.68913473653058,51.68913473653058
3436,c,51.68913473653058,51.68913473653058
3437,c,51.68913473653058,51.68913473653058
3438,c,51.68913473653058,51.68913473653058
3439,c,51.68913473653058,51.68913473653058
3440,t,51.68913473653058,51.68913473653058
3441,t,51.68913473653058,51.68913473653058
3442,c,51.68913473653058,51.68913473653058
3443,c,51.68913473653058,51.68913473653058
3444,c,51.68913473653058,51.68913473653058
3445,t,51.68913473653058,51.68913473653058
3446,c,51.68913473653058,51.68913473653058
3447,c,51.68913473653058,51.68913473653058
3448,c,51.68913473653058,51.68913473653058
3449,t,51.68913473653058,51.68913473653058
3450,t,51.68913473653058,51.68913473653058
3451,t,51.68913473653058,51.68913473653058
3452,c,51.68913473653058,51.68913473653058
3453,c,51.68913473653058,51.68913473653058
3454,t,51.68913473653058,51.68913473653058
3455,c,51.68913473653058,51.68913473653058
3456,t,51.68913473653058,51.68913473653058
3457,c,51.68913473653058,51.68913473653058
3458,t,51.68913473653058,51.68913473653058
3459,t,51.68913473653058,51.68913473653058
3460,t,51.68913473653058,51.68913473653058
3461,t,51.68913473653058,51.68913473653058
3462,t,51.68913473653058,51.68913473653058
3463,t,51.68913473653058,51.68913473653058
3464,t,51.68913473653058,51.68913473653058
3465,t,51.68913473653058,51.68913473653058
3466,t,51.68913473653058,51.68913473653058
3467,t,51.68913473653058,51.68913473653058
3468,c,51.68913473653058,51.68913473653058
3469,t,51.68913473653058,51.68913473653058
3470,c,51.68913473653058,51.68913473653058
3471,c,51.68913473653058,51.68913473653058
3472,t,51.68913473653058,51.68913473653058
3473,t,51.68913473653058,51.68913473653058
3474,c,51.68913473653058,51.68913473653058
3475,c,51.68913473653058,51.68913473653058
3476,t,51.68913473653058,51.68913473653058
3477,t,51.68913473653058,51.68913473653058
3478,t,51.68913473653058,51.68913473653058
3479,c,51.68913473653058,51.68913473653058
3480,c,51.68913473653058,51.68913473653058
3481,t,51.68913473653058,51.68913473653058
3482,t,51.68913473653058,51.68913473653058
3483,c,51.68913473653058,51.68913473653058
3484,c,51.68913473653058,51.68913473653058
3485,t,51.68913473653058,51.68913473653058
3486,t,51.68913473653058,51.68913473653058
3487,c,51.68913473653058,51.68913473653058
3488,t,51.68913473653058,51.68913473653058
3489,t,51.68913473653058,51.68913473653058
3490,c,51.68913473653058,51.68913473653058
3491,c,51.68913473653058,51.68913473653058
3492,t,51.68913473653058,51.68913473653058
3493,c,51.68913473653058,51.68913473653058
3494,c,51.68913473653058,51.68913473653058
3495,t,51.68913473653058,51.68913473653058
3496,c,51.68913473653058,51.68913473653058
3497,t,51.68913473653058,51.68913473653058
3498,t,51.68913473653058,51.68913473653058
3499,c,51.68913473653058,51.68913473653058
3500,c,51.68913473653058,51.68913473653058
3501,c,51.68913473653058,51.68913473653058
3502,c,51.68913473653058,51.68913473653058
3503,t,51.68913473653058,51.68913473653058
3504,t,51.68913473653058,51.68913473653058
3505,t,51.68913473653058,51.68913473653058
3506,c,51.68913473653058,51.68913473653058
3507,t,51.68913473653058,51.68913473653058
3508,c,51.68913473653058,51.68913473653058
3509,t,51.68913473653058,51.68913473653058
3510,t,51.68913473653058,51.68913473653058
3511,c,51.68913473653058,51.68913473653058
3512,t,51.68913473653058,51.68913473653058
3513,na,0,1.1375169884149126
3514,t,51.68913473653058,51.68913473653058
3515,c,51.68913473653058,51.68913473653058
3516,t,51.68913473653058,51.68913473653058
3517,t,51.68913473653058,51.68913473653058
3518,t,51.68913473653058,51.68913473653058
3519,t,51.68913473653058,51.68913473653058
3520,t,51.68913473653058,51.68913473653058
3521,t,51.68913473653058,51.68913473653058
3522,c,51.68913473653058,51.68913473653058
3523,t,51.68913473653058,51.68913473653058
3524,c,51.68913473653058,51.68913473653058
3525,c,51.68913473653058,51.68913473653058
3526,c,51.68913473653058,51.68913473653058
3527,c,51.68913473653058,51.68913473653058
3528,t,51.68913473653058,51.68913473653058
3529,t,51.68913473653058,51.68913473653058
3530,c,51.68913473653058,51.68913473653058
3531,c,51.68913473653058,51.68913473653058
3532,t,51.68913473653058,51.68913473653058
3533,t,51.68913473653058,51.68913473653058
3534,t,51.68913473653058,51.68913473653058
3535,t,51.68913473653058,51.68913473653058
3536,t,51.68913473653058,51.68913473653058
3537,t,51.68913473653058,51.68913473653058
3538,t,51.68913473653058,51.68913473653058
3539,t,51.68913473653058,51.68913473653058
3540,t,51.68913473653058,51.68913473653058
3541,t,51.68913473653058,51.68913473653058
3542,c,51.68913473653058,51.68913473653058
3543,t,51.68913473653058,51.68913473653058
3544,t,51.68913473653058,51.68913473653058
3545,c,51.68913473653058,51.68913473653058
3546,t,51.68913473653058,51.68913473653058
3547,c,51.68913473653058,51.68913473653058
3548,t,51.68913473653058,51.68913473653058
3549,t,51.68913473653058,51.68913473653058
3550,c,51.68913473653058,51.68913473653058
3551,t,51.68913473653058,51.68913473653058
3552,t,51.68913473653058,51.68913473653058
3553,c,51.68913473653058,51.68913473653058
3554,c,51.68913473653058,51.68913473653058
3555,t,51.68913473653058,51.68913473653058
3556,t,51.68913473653058,51.68913473653058
3557,c,51.68913473653058,51.68913473653058
3558,t,51.68913473653058,51.68913473653058
3559,t,51.68913473653058,51.68913473653058
3560,c,51.68913473653058,51.68913473653058
3561,t,51.68913473653058,51.68913473653058
3562,c,51.68913473653058,51.68913473653058
3563,t,51.68913473653058,51.68913473653058
3564,c,51.68913473653058,51.68913473653058
3565,t,51.68913473653058,51.68913473653058
3566,t,51.68913473653058,51.68913473653058
3567,c,51.68913473653058,51.68913473653058
3568,c,51.68913473653058,51.68913473653058
3569,c,51.68913473653058,51.68913473653058
3570,t,51.68913473653058,51.68913473653058
3571,na,0,8.139069301749547
3572,t,51.68913473653058,51.68913473653058
3573,t,51.68913473653058,51.68913473653058
3574,c,51.68913473653058,51.68913473653058
3575,t,51.68913473653058,51.68913473653058
3576,c,51.68913473653058,51.68913473653058
3577,c,51.68913473653058,51.68913473653058
3578,c,51.68913473653058,51.68913473653058
3579,c,51.68913473653058,51.68913473653058
3580,c,51.68913473653058,51.68913473653058
3581,t,51.68913473653058,51.68913473653058
3582,c,51.68913473653058,51.68913473653058
3583,t,51.68913473653058,51.68913473653058
3584,c,51.68913473653058,51.68913473653058
3585,c,51.68913473653058,51.68913473653058
3586,c,51.68913473653058,51.68913473653058
3587,t,51.68913473653058,51.68913473653058
3588,t,51.68913473653058,51.68913473653058
3589,t,51.68913473653058,51.68913473653058
3590,t,51.68913473653058,51.68913473653058
3591,t,51.68913473653058,51.68913473653058
3592,t,51.68913473653058,51.68913473653058
3593,t,51.68913473653058,51.68913473653058
3594,t,51.68913473653058,51.68913473653058
3595,c,51.68913473653058,51.68913473653058
3596,c,51.68913473653058,51.68913473653058
3597,t,51.68913473653058,51.68913473653058
3598,c,51.68913473653058,51.68913473653058
3599,t,51.68913473653058,51.68913473653058
3600,t,51.68913473653058,51.68913473653058
3601,t,51.68913473653058,51.68913473653058
3602,c,51.68913473653058,51.68913473653058
3603,t,51.68913473653058,51.68913473653058
3604,c,4.976428279994913,6.848812354643073
3605,t,51.68913473653058,51.68913473653058
3606,c,51.68913473653058,51.68913473653058
3607,t,51.68913473653058,51.68913473653058
3608,c,51.68913473653058,51.68913473653058
3609,c,51.68913473653058,51.68913473653058
3610,t,51.68913473653058,51.68913473653058
3611,c,51.68913473653058,51.68913473653058
3612,c,51.68913473653058,51.68913473653058
3613,t,51.68913473653058,51.68913473653058
3614,t,51.68913473653058,51.68913473653058
3615,c,51.68913473653058,51.68913473653058
3616,t,51.68913473653058,51.68913473653058
3617,c,51.68913473653058,51.68913473653058
3618,c,51.68913473653058,51.68913473653058
3619,t,51.68913473653058,51.68913473653058
3620,t,51.68913473653058,51.68913473653058
3621,c,51.68913473653058,51.68913473653058
3622,c,51.68913473653058,51.68913473653058
3623,c,51.68913473653058,51.68913473653058
3624,c,51.68913473653058,51.68913473653058
3625,t,51.68913473653058,51.68913473653058
3626,t,51.68913473653058,51.68913473653058
3627,t,51.68913473653058,51.68913473653058
3628,c,51.68913473653058,51.68913473653058
3629,t,51.68913473653058,51.68913473653058
3630,c,51.68913473653058,51.68913473653058
3631,t,51.68913473653058,51.68913473653058
3632,c,51.68913473653058,51.68913473653058
3633,t,51.68913473653058,51.68913473653058
3634,c,51.68913473653058,51.68913473653058
3635,t,51.68913473653058,51.68913473653058
3636,c,51.68913473653058,51.68913473653058
3637,t,51.68913473653058,51.68913473653058
3638,t,51.68913473653058,51.68913473653058
3639,c,51.68913473653058,51.68913473653058
3640,t,51.68913473653058,51.68913473653058
3641,c,51.68913473653058,51.68913473653058
3642,t,51.68913473653058,51.68913473653058
3643,c,5.594213776620885,21.946203264346842
3644,c,4.132372745255124,4.490357054316704
3645,c,51.68913473653058,51.68913473653058
3646,t,51.68913473653058,51.68913473653058
3647,c,51.68913473653058,51.68913473653058
3648,t,51.68913473653058,51.68913473653058
3649,t,51.68913473653058,51.68913473653058
3650,c,51.68913473653058,51.68913473653058
3651,c,51.68913473653058,51.68913473653058
3652,c,51.68913473653058,51.68913473653058
3653,c,51.68913473653058,51.68913473653058
3654,c,51.68913473653058,51.68913473653058
3655,t,51.68913473653058,51.68913473653058
3656,c,51.68913473653058,51.68913473653058
3657,t,51.68913473653058,51.68913473653058
3658,t,51.68913473653058,51.68913473653058
3659,t,51.68913473653058,51.68913473653058
3660,t,51.68913473653058,51.68913473653058
3661,c,51.68913473653058,51.68913473653058
3662,t,51.68913473653058,51.68913473653058
3663,c,51.68913473653058,51.68913473653058
3664,c,51.68913473653058,51.68913473653058
3665,t,51.68913473653058,51.68913473653058
3666,c,51.68913473653058,51.68913473653058
3667,t,51.68913473653058,51.68913473653058
3668,t,51.68913473653058,51.68913473653058
3669,c,51.68913473653058,51.68913473653058
3670,c,51.68913473653058,51.68913473653058
3671,c,51.68913473653058,51.68913473653058
3672,na,1.5425530787902173,2.647454690249477
3673,c,51.68913473653058,51.68913473653058
3674,c,51.68913473653058,51.68913473653058
3675,t,51.68913473653058,51.68913473653058
3676,t,51.68913473653058,51.68913473653058
3677,c,51.68913473653058,51.68913473653058
3678,c,51.68913473653058,51.68913473653058
3679,t,51.68913473653058,51.68913473653058
3680,t,51.68913473653058,51.68913473653058
3681,t,51.68913473653058,51.68913473653058
3682,t,51.68913473653058,51.68913473653058
3683,c,51.68913473653058,51.68913473653058
3684,c,51.68913473653058,51.68913473653058
3685,c,51.68913473653058,51.68913473653058
3686,t,51.68913473653058,51.68913473653058
3687,c,51.68913473653058,51.68913473653058
3688,t,51.68913473653058,51.68913473653058
3689,t,51.68913473653058,51.68913473653058
3690,t,51.68913473653058,51.68913473653058
3691,t,51.68913473653058,51.68913473653058
3692,t,51.68913473653058,51.68913473653058
3693,t,51.68913473653058,51.68913473653058
3694,c,51.68913473653058,51.68913473653058
3695,t,51.68913473653058,51.68913473653058
3696,c,51.68913473653058,51.68913473653058
3697,c,51.68913473653058,51.68913473653058
3698,t,51.68913473653058,51.68913473653058
3699,t,51.68913473653058,51.68913473653058
3700,c,51.68913473653058,51.68913473653058
3701,c,51.68913473653058,51.68913473653058
3702,t,51.68913473653058,51.68913473653058
3703,t,51.68913473653058,51.68913473653058
3704,c,51.68913473653058,51.68913473653058
3705,c,51.68913473653058,51.68913473653058
3706,c,51.68913473653058,51.68913473653058
3707,t,51.68913473653058,51.68913473653058
3708,c,51.68913473653058,51.68913473653058
3709,t,51.68913473653058,51.68913473653058
3710,t,51.68913473653058,51.68913473653058
3711,t,51.68913473653058,51.68913473653058
3712,t,51.68913473653058,51.68913473653058
3713,t,51.68913473653058,51.68913473653058
3714,c,51.68913473653058,51.68913473653058
3715,c,51.68913473653058,51.68913473653058
3716,t,51.68913473653058,51.68913473653058
3717,t,51.68913473653058,51.68913473653058
3718,t,51.68913473653058,51.68913473653058
3719,c,51.68913473653058,51.68913473653058
3720,t,51.68913473653058,51.68913473653058
3721,t,51.68913473653058,51.68913473653058
3722,t,51.68913473653058,51.68913473653058
3723,c,51.68913473653058,51.68913473653058
3724,t,51.68913473653058,51.68913473653058
3725,c,51.68913473653058,51.68913473653058
3726,t,51.68913473653058,51.68913473653058
3727,t,51.68913473653058,51.68913473653058
3728,t,51.68913473653058,51.68913473653058
3729,c,51.68913473653058,51.68913473653058
3730,t,51.68913473653058,51.68913473653058
3731,c,51.68913473653058,51.68913473653058
3732,c,51.68913473653058,51.68913473653058
3733,t,51.68913473653058,51.68913473653058
3734,c,51.68913473653058,51.68913473653058
3735,c,51.68913473653058,51.68913473653058
3736,t,51.68913473653058,51.68913473653058
3737,t,51.68913473653058,51.68913473653058
3738,t,51.68913473653058,51.68913473653058
3739,t,51.68913473653058,51.68913473653058
3740,c,51.68913473653058,51.68913473653058
3741,c,51.68913473653058,51.68913473653058
3742,c,51.68913473653058,51.68913473653058
3743,t,51.68913473653058,51.68913473653058
3744,c,51.68913473653058,51.68913473653058
3745,t,51.68913473653058,51.68913473653058
3746,t,51.68913473653058,51.68913473653058
3747,c,51.68913473653058,51.68913473653058
3748,t,51.68913473653058,51.68913473653058
3749,t,51.68913473653058,51.68913473653058
3750,c,51.68913473653058,51.68913473653058
3751,c,51.68913473653058,51.68913473653058
3752,c,51.68913473653058,51.68913473653058
3753,c,51.68913473653058,51.68913473653058
3754,t,51.68913473653058,51.68913473653058
3755,t,51.68913473653058,51.68913473653058
3756,t,51.68913473653058,51.68913473653058
3757,t,51.68913473653058,51.68913473653058
3758,t,51.68913473653058,51.68913473653058
3759,c,51.68913473653058,51.68913473653058
3760,c,51.68913473653058,51.68913473653058
3761,t,51.68913473653058,51.68913473653058
3762,t,51.68913473653058,51.68913473653058
3763,t,51.68913473653058,51.68913473653058
3764,c,51.68913473653058,51.68913473653058
3765,t,51.68913473653058,51.68913473653058
3766,t,51.68913473653058,51.68913473653058
3767,t,51.68913473653058,51.68913473653058
3768,c,51.68913473653058,51.68913473653058
3769,c,51.68913473653058,51.68913473653058
3770,t,51.68913473653058,51.68913473653058
3771,t,51.68913473653058,51.68913473653058
3772,t,51.68913473653058,51.68913473653058
3773,c,51.68913473653058,51.68913473653058
3774,t,51.68913473653058,51.68913473653058
3775,t,51.68913473653058,51.68913473653058
3776,t,51.68913473653058,51.68913473653058
3777,c,51.68913473653058,51.68913473653058
3778,t,51.68913473653058,51.68913473653058
3779,t,51.68913473653058,51.68913473653058
3780,c,51.68913473653058,51.68913473653058
3781,c,51.68913473653058,51.68913473653058
3782,c,51.68913473653058,51.68913473653058
3783,t,51.68913473653058,51.68913473653058
3784,t,51.68913473653058,51.68913473653058
3785,t,51.68913473653058,51.68913473653058
3786,t,51.68913473653058,51.68913473653058
3787,t,51.68913473653058,51.68913473653058
3788,c,51.68913473653058,51.68913473653058
3789,c,51.68913473653058,51.68913473653058
3790,c,51.68913473653058,51.68913473653058
3791,t,51.68913473653058,51.68913473653058
3792,c,51.68913473653058,51.68913473653058
3793,c,51.68913473653058,51.68913473653058
3794,t,51.68913473653058,51.68913473653058
3795,c,51.68913473653058,51.68913473653058
3796,t,51.68913473653058,51.68913473653058
3797,c,51.68913473653058,51.68913473653058
3798,c,51.68913473653058,51.68913473653058
3799,c,6.666574957985338,14.92852239087649
3800,c,51.68913473653058,51.68913473653058
3801,c,51.68913473653058,51.68913473653058
3802,t,51.68913473653058,51.68913473653058
3803,t,51.68913473653058,51.68913473653058
3804,t,51.68913473653058,51.68913473653058
3805,c,51.68913473653058,51.68913473653058
3806,t,51.68913473653058,51.68913473653058
3807,t,51.68913473653058,51.68913473653058
3808,t,51.68913473653058,51.68913473653058
3809,t,51.68913473653058,51.68913473653058
3810,t,51.68913473653058,51.68913473653058
3811,t,51.68913473653058,51.68913473653058
3812,t,51.68913473653058,51.68913473653058
3813,t,51.68913473653058,51.68913473653058
3814,c,51.68913473653058,51.68913473653058
3815,na,14.250073655708647,15.927646726455142
3816,t,51.68913473653058,51.68913473653058
3817,c,7.532280727258089,16.80849027012081
3818,c,51.68913473653058,51.68913473653058
3819,c,51.68913473653058,51.68913473653058
3820,c,51.68913473653058,51.68913473653058
3821,na,-1,0
3822,t,51.68913473653058,51.68913473653058
3823,t,51.68913473653058,51.68913473653058
3824,c,51.68913473653058,51.68913473653058
3825,c,51.68913473653058,51.68913473653058
3826,c,51.68913473653058,51.68913473653058
3827,t,51.68913473653058,51.68913473653058
3828,c,51.68913473653058,51.68913473653058
3829,t,51.68913473653058,51.68913473653058
3830,c,51.68913473653058,51.68913473653058
3831,t,51.68913473653058,51.68913473653058
3832,t,51.68913473653058,51.68913473653058
3833,t,51.68913473653058,51.68913473653058
3834,t,51.68913473653058,51.68913473653058
3835,c,51.68913473653058,51.68913473653058
3836,c,51.68913473653058,51.68913473653058
3837,t,51.68913473653058,51.68913473653058
3838,t,51.68913473653058,51.68913473653058
3839,t,51.68913473653058,51.68913473653058
3840,c,51.68913473653058,51.68913473653058
3841,c,51.68913473653058,51.68913473653058
3842,c,51.68913473653058,51.68913473653058
3843,t,51.68913473653058,51.68913473653058
3844,c,51.68913473653058,51.68913473653058
3845,t,51.68913473653058,51.68913473653058
3846,c,51.68913473653058,51.68913473653058
3847,c,51.68913473653058,51.68913473653058
3848,c,51.68913473653058,51.68913473653058
3849,c,51.68913473653058,51.68913473653058
3850,c,51.68913473653058,51.68913473653058
3851,t,51.68913473653058,51.68913473653058
3852,t,51.68913473653058,51.68913473653058
3853,c,51.68913473653058,51.68913473653058
3854,c,51.68913473653058,51.68913473653058
3855,t,51.68913473653058,51.68913473653058
3856,t,51.68913473653058,51.68913473653058
3857,c,51.68913473653058,51.68913473653058
3858,t,51.68913473653058,51.68913473653058
3859,t,51.68913473653058,51.68913473653058
3860,c,51.68913473653058,51.68913473653058
3861,c,51.68913473653058,51.68913473653058
3862,c,51.68913473653058,51.68913473653058
3863,t,51.68913473653058,51.68913473653058
3864,t,51.68913473653058,51.68913473653058
3865,c,51.68913473653058,51.68913473653058
3866,t,51.68913473653058,51.68913473653058
3867,t,51.68913473653058,51.68913473653058
3868,t,51.68913473653058,51.68913473653058
3869,t,51.68913473653058,51.68913473653058
3870,t,51.68913473653058,51.68913473653058
3871,t,51.68913473653058,51.68913473653058
3872,t,51.68913473653058,51.68913473653058
3873,t,51.68913473653058,51.68913473653058
3874,c,51.68913473653058,51.68913473653058
3875,t,51.68913473653058,51.68913473653058
3876,t,51.68913473653058,51.68913473653058
3877,c,51.68913473653058,51.68913473653058
3878,t,51.68913473653058,51.68913473653058
3879,c,51.68913473653058,51.68913473653058
3880,t,51.68913473653058,51.68913473653058
3881,c,51.68913473653058,51.68913473653058
3882,t,51.68913473653058,51.68913473653058
3883,t,51.68913473653058,51.68913473653058
3884,c,51.68913473653058,51.68913473653058
3885,t,51.68913473653058,51.68913473653058
3886,t,51.68913473653058,51.68913473653058
3887,c,51.68913473653058,51.68913473653058
3888,c,51.68913473653058,51.68913473653058
3889,t,51.68913473653058,51.68913473653058
3890,c,51.68913473653058,51.68913473653058
3891,c,51.68913473653058,51.68913473653058
3892,t,51.68913473653058,51.68913473653058
3893,t,51.68913473653058,51.68913473653058
3894,t,51.68913473653058,51.68913473653058
3895,t,51.68913473653058,51.68913473653058
3896,t,51.68913473653058,51.68913473653058
3897,c,51.68913473653058,51.68913473653058
3898,t,51.68913473653058,51.68913473653058
3899,t,51.68913473653058,51.68913473653058
3900,t,51.68913473653058,51.68913473653058
3901,c,51.68913473653058,51.68913473653058
3902,t,51.68913473653058,51.68913473653058
3903,t,51.68913473653058,51.68913473653058
3904,t,51.68913473653058,51.68913473653058
3905,c,51.68913473653058,51.68913473653058
3906,c,51.68913473653058,51.68913473653058
3907,c,51.68913473653058,51.68913473653058
3908,t,51.68913473653058,51.68913473653058
3909,t,51.68913473653058,51.68913473653058
3910,c,51.68913473653058,51.68913473653058
3911,c,51.68913473653058,51.68913473653058
3912,c,51.68913473653058,51.68913473653058
3913,c,51.68913473653058,51.68913473653058
3914,t,51.68913473653058,51.68913473653058
3915,c,51.68913473653058,51.68913473653058
3916,t,51.68913473653058,51.68913473653058
3917,t,51.68913473653058,51.68913473653058
3918,c,51.68913473653058,51.68913473653058
3919,c,51.68913473653058,51.68913473653058
3920,c,51.68913473653058,51.68913473653058
3921,c,51.68913473653058,51.68913473653058
3922,c,51.68913473653058,51.68913473653058
3923,c,51.68913473653058,51.68913473653058
3924,t,51.68913473653058,51.68913473653058
3925,c,51.68913473653058,51.68913473653058
3926,t,51.68913473653058,51.68913473653058
3927,t,51.68913473653058,51.68913473653058
3928,c,51.68913473653058,51.68913473653058
3929,c,51.68913473653058,51.68913473653058
3930,t,51.68913473653058,51.68913473653058
3931,c,51.68913473653058,51.68913473653058
3932,c,51.68913473653058,51.68913473653058
3933,t,51.68913473653058,51.68913473653058
3934,t,51.68913473653058,51.68913473653058
3935,t,51.68913473653058,51.68913473653058
3936,c,51.68913473653058,51.68913473653058
3937,t,51.68913473653058,51.68913473653058
3938,t,51.68913473653058,51.68913473653058
3939,c,51.68913473653058,51.68913473653058
3940,t,51.68913473653058,51.68913473653058
3941,c,51.68913473653058,51.68913473653058
3942,t,51.68913473653058,51.68913473653058
3943,c,51.68913473653058,51.68913473653058
3944,t,51.68913473653058,51.68913473653058
3945,c,51.68913473653058,51.68913473653058
3946,t,51.68913473653058,51.68913473653058
3947,t,51.68913473653058,51.68913473653058
3948,t,51.68913473653058,51.68913473653058
3949,t,51.68913473653058,51.68913473653058
3950,t,51.68913473653058,51.68913473653058
3951,c,51.68913473653058,51.68913473653058
3952,c,51.68913473653058,51.68913473653058
3953,t,51.68913473653058,51.68913473653058
3954,c,51.68913473653058,51.68913473653058
3955,c,51.68913473653058,51.68913473653058
3956,t,51.68913473653058,51.68913473653058
3957,c,51.68913473653058,51.68913473653058
3958,t,51.68913473653058,51.68913473653058
3959,c,51.68913473653058,51.68913473653058
3960,c,51.68913473653058,51.68913473653058
3961,t,51.68913473653058,51.68913473653058
3962,t,51.68913473653058,51.68913473653058
3963,t,51.68913473653058,51.68913473653058
3964,c,51.68913473653058,51.68913473653058
3965,t,51.68913473653058,51.68913473653058
3966,c,51.68913473653058,51.68913473653058
3967,c,51.68913473653058,51.68913473653058
3968,c,51.68913473653058,51.68913473653058
3969,t,51.68913473653058,51.68913473653058
3970,t,51.68913473653058,51.68913473653058
3971,c,51.68913473653058,51.68913473653058
3972,t,51.68913473653058,51.68913473653058
3973,t,51.68913473653058,51.68913473653058
3974,t,51.68913473653058,51.68913473653058
3975,c,51.68913473653058,51.68913473653058
3976,c,51.68913473653058,51.68913473653058
3977,c,51.68913473653058,51.68913473653058
3978,c,51.68913473653058,51.68913473653058
3979,c,51.68913473653058,51.68913473653058
3980,t,51.68913473653058,51.68913473653058
3981,t,51.68913473653058,51.68913473653058
3982,t,51.68913473653058,51.68913473653058
3983,c,51.68913473653058,51.68913473653058
3984,t,51.68913473653058,51.68913473653058
3985,c,51.68913473653058,51.68913473653058
3986,t,51.68913473653058,51.68913473653058
3987,c,51.68913473653058,51.68913473653058
3988,t,51.68913473653058,51.68913473653058
3989,c,51.68913473653058,51.68913473653058
3990,t,51.68913473653058,51.68913473653058
3991,t,51.68913473653058,51.68913473653058
3992,c,51.68913473653058,51.68913473653058
3993,t,51.68913473653058,51.68913473653058
3994,t,51.68913473653058,51.68913473653058
3995,c,51.68913473653058,51.68913473653058
3996,c,51.68913473653058,51.68913473653058
3997,t,51.68913473653058,51.68913473653058
3998,c,51.68913473653058,51.68913473653058
3999,c,51.68913473653058,51.68913473653058
4000,t,51.68913473653058,51.68913473653058
4001,t,51.68913473653058,51.68913473653058
4002,t,51.68913473653058,51.68913473653058
4003,t,51.68913473653058,51.68913473653058
4004,t,51.68913473653058,51.68913473653058
4005,t,51.68913473653058,51.68913473653058
4006,c,51.68913473653058,51.68913473653058
4007,c,51.68913473653058,51.68913473653058
4008,t,51.68913473653058,51.68913473653058
4009,t,51.68913473653058,51.68913473653058
4010,t,51.68913473653058,51.68913473653058
4011,t,51.68913473653058,51.68913473653058
4012,c,51.68913473653058,51.68913473653058
4013,c,51.68913473653058,51.68913473653058
4014,c,51.68913473653058,51.68913473653058
4015,t,51.68913473653058,51.68913473653058
4016,t,51.68913473653058,51.68913473653058
4017,t,51.68913473653058,51.68913473653058
4018,c,51.68913473653058,51.68913473653058
4019,t,51.68913473653058,51.68913473653058
4020,t,51.68913473653058,51.68913473653058
4021,c,51.68913473653058,51.68913473653058
4022,t,51.68913473653058,51.68913473653058
4023,t,51.68913473653058,51.68913473653058
4024,c,4.773868898271353,51.68913473653058
4025,c,51.68913473653058,51.68913473653058
4026,t,51.68913473653058,51.68913473653058
4027,t,51.68913473653058,51.68913473653058
4028,t,51.68913473653058,51.68913473653058
4029,c,51.68913473653058,51.68913473653058
4030,t,51.68913473653058,51.68913473653058
4031,t,51.68913473653058,51.68913473653058
4032,t,51.68913473653058,51.68913473653058
4033,t,51.68913473653058,51.68913473653058
4034,c,51.68913473653058,51.68913473653058
4035,t,51.68913473653058,51.68913473653058
4036,t,51.68913473653058,51.68913473653058
4037,c,51.68913473653058,51.68913473653058
4038,c,51.68913473653058,51.68913473653058
4039,c,51.68913473653058,51.68913473653058
4040,t,51.68913473653058,51.68913473653058
4041,c,51.68913473653058,51.68913473653058
4042,c,51.68913473653058,51.68913473653058
4043,t,51.68913473653058,51.68913473653058
4044,c,51.68913473653058,51.68913473653058
4045,c,51.68913473653058,51.68913473653058
4046,c,51.68913473653058,51.68913473653058
4047,t,51.68913473653058,51.68913473653058
4048,t,51.68913473653058,51.68913473653058
4049,t,51.68913473653058,51.68913473653058
4050,c,51.68913473653058,51.68913473653058
4051,t,51.68913473653058,51.68913473653058
4052,t,51.68913473653058,51.68913473653058
4053,t,51.68913473653058,51.68913473653058
4054,c,51.68913473653058,51.68913473653058
4055,t,51.68913473653058,51.68913473653058
4056,t,51.68913473653058,51.68913473653058
4057,c,51.68913473653058,51.68913473653058
4058,t,51.68913473653058,51.68913473653058
4059,c,51.68913473653058,51.68913473653058
4060,t,51.68913473653058,51.68913473653058
4061,c,51.68913473653058,51.68913473653058
4062,c,51.68913473653058,51.68913473653058
4063,t,51.68913473653058,51.68913473653058
4064,c,51.68913473653058,51.68913473653058
4065,na,-1,0
4066,c,51.68913473653058,51.68913473653058
4067,t,51.68913473653058,51.68913473653058
4068,c,51.68913473653058,51.68913473653058
4069,t,51.68913473653058,51.68913473653058
4070,t,51.68913473653058,51.68913473653058
4071,c,51.68913473653058,51.68913473653058
4072,t,51.68913473653058,51.68913473653058
4073,t,51.68913473653058,51.68913473653058
4074,c,51.68913473653058,51.68913473653058
4075,t,51.68913473653058,51.68913473653058
4076,c,51.68913473653058,51.68913473653058
4077,t,51.68913473653058,51.68913473653058
4078,c,51.68913473653058,51.68913473653058
4079,t,51.68913473653058,51.68913473653058
4080,t,51.68913473653058,51.68913473653058
4081,t,51.68913473653058,51.68913473653058
4082,t,51.68913473653058,51.68913473653058
4083,t,51.68913473653058,51.68913473653058
4084,c,51.68913473653058,51.68913473653058
4085,t,51.68913473653058,51.68913473653058
4086,t,51.68913473653058,51.68913473653058
4087,c,51.68913473653058,51.68913473653058
4088,t,51.68913473653058,51.68913473653058
4089,c,51.68913473653058,51.68913473653058
4090,t,51.68913473653058,51.68913473653058
4091,t,51.68913473653058,51.68913473653058
4092,c,51.68913473653058,51.68913473653058
4093,c,51.68913473653058,51.68913473653058
4094,c,51.68913473653058,51.68913473653058
4095,c,51.68913473653058,51.68913473653058
4096,c,51.68913473653058,51.68913473653058
4097,t,51.68913473653058,51.68913473653058
4098,t,51.68913473653058,51.68913473653058
4099,c,51.68913473653058,51.68913473653058
4100,t,51.68913473653058,51.68913473653058
4101,t,51.68913473653058,51.68913473653058
4102,t,51.68913473653058,51.68913473653058
4103,t,51.68913473653058,51.68913473653058
4104,c,51.68913473653058,51.68913473653058
4105,t,51.68913473653058,51.68913473653058
4106,c,51.68913473653058,51.68913473653058
4107,t,51.68913473653058,51.68913473653058
4108,t,51.68913473653058,51.68913473653058
4109,t,51.68913473653058,51.68913473653058
4110,t,51.68913473653058,51.68913473653058
4111,t,51.68913473653058,51.68913473653058
4112,c,51.68913473653058,51.68913473653058
4113,c,51.68913473653058,51.68913473653058
4114,c,51.68913473653058,51.68913473653058
4115,t,51.68913473653058,51.68913473653058
4116,c,51.68913473653058,51.68913473653058
4117,t,51.68913473653058,51.68913473653058
4118,t,51.68913473653058,51.68913473653058
4119,t,51.68913473653058,51.68913473653058
4120,t,51.68913473653058,51.68913473653058
4121,c,51.68913473653058,51.68913473653058
4122,t,51.68913473653058,51.68913473653058
4123,t,51.68913473653058,51.68913473653058
4124,t,51.68913473653058,51.68913473653058
4125,c,51.68913473653058,51.68913473653058
4126,t,51.68913473653058,51.68913473653058
4127,t,51.68913473653058,51.68913473653058
4128,c,51.68913473653058,51.68913473653058
4129,t,51.68913473653058,51.68913473653058
4130,t,51.68913473653058,51.68913473653058
4131,c,51.68913473653058,51.68913473653058
4132,c,51.68913473653058,51.68913473653058
4133,t,51.68913473653058,51.68913473653058
4134,t,51.68913473653058,51.68913473653058
4135,c,51.68913473653058,51.68913473653058
4136,t,51.68913473653058,51.68913473653058
4137,c,51.68913473653058,51.68913473653058
4138,t,51.68913473653058,51.68913473653058
4139,t,51.68913473653058,51.68913473653058
4140,c,51.68913473653058,51.68913473653058
4141,c,51.68913473653058,51.68913473653058
4142,t,51.68913473653058,51.68913473653058
4143,c,51.68913473653058,51.68913473653058
4144,c,51.68913473653058,51.68913473653058
4145,c,51.68913473653058,51.68913473653058
4146,t,51.68913473653058,51.68913473653058
4147,t,51.68913473653058,51.68913473653058
4148,c,51.68913473653058,51.68913473653058
4149,c,51.68913473653058,51.68913473653058
4150,c,51.68913473653058,51.68913473653058
4151,t,51.68913473653058,51.68913473653058
4152,t,51.68913473653058,51.68913473653058
4153,c,51.68913473653058,51.68913473653058
4154,c,51.68913473653058,51.68913473653058
4155,c,51.68913473653058,51.68913473653058
4156,t,51.68913473653058,51.68913473653058
4157,c,51.68913473653058,51.68913473653058
4158,c,51.68913473653058,51.68913473653058
4159,c,51.68913473653058,51.68913473653058
4160,t,51.68913473653058,51.68913473653058
4161,t,51.68913473653058,51.68913473653058
4162,t,51.68913473653058,51.68913473653058
4163,c,51.68913473653058,51.68913473653058
4164,c,51.68913473653058,51.68913473653058
4165,c,51.68913473653058,51.68913473653058
4166,c,51.68913473653058,51.68913473653058
4167,na,12.631605898615431,19.027724122219528
4168,c,51.68913473653058,51.68913473653058
4169,c,51.68913473653058,51.68913473653058
4170,t,51.68913473653058,51.68913473653058
4171,c,51.68913473653058,51.68913473653058
4172,c,51.68913473653058,51.68913473653058
4173,t,51.68913473653058,51.68913473653058
4174,c,51.68913473653058,51.68913473653058
4175,c,51.68913473653058,51.68913473653058
4176,t,51.68913473653058,51.68913473653058
4177,c,51.68913473653058,51.68913473653058
4178,c,51.68913473653058,51.68913473653058
4179,t,51.68913473653058,51.68913473653058
4180,c,51.68913473653058,51.68913473653058
4181,t,51.68913473653058,51.68913473653058
4182,t,51.68913473653058,51.68913473653058
4183,t,51.68913473653058,51.68913473653058
4184,c,51.68913473653058,51.68913473653058
4185,c,51.68913473653058,51.68913473653058
4186,c,51.68913473653058,51.68913473653058
4187,c,51.68913473653058,51.68913473653058
4188,t,51.68913473653058,51.68913473653058
4189,t,51.68913473653058,51.68913473653058
4190,t,51.68913473653058,51.68913473653058
4191,t,51.68913473653058,51.68913473653058
4192,t,51.68913473653058,51.68913473653058
4193,c,51.68913473653058,51.68913473653058
4194,c,51.68913473653058,51.68913473653058
4195,t,51.68913473653058,51.68913473653058
4196,t,51.68913473653058,51.68913473653058
4197,c,51.68913473653058,51.68913473653058
4198,t,51.68913473653058,51.68913473653058
4199,c,51.68913473653058,51.68913473653058
4200,c,51.68913473653058,51.68913473653058
4201,t,51.68913473653058,51.68913473653058
4202,c,51.68913473653058,51.68913473653058
4203,t,51.68913473653058,51.68913473653058
4204,c,51.68913473653058,51.68913473653058
4205,na,0,0.41440595443814066
4206,c,51.68913473653058,51.68913473653058
4207,t,51.68913473653058,51.68913473653058
4208,t,51.68913473653058,51.68913473653058
4209,t,51.68913473653058,51.68913473653058
4210,t,51.68913473653058,51.68913473653058
4211,c,51.68913473653058,51.68913473653058
4212,t,51.68913473653058,51.68913473653058
4213,t,51.68913473653058,51.68913473653058
4214,c,1.95605026195035,6.013716317163665
4215,c,51.68913473653058,51.68913473653058
4216,t,51.68913473653058,51.68913473653058
4217,t,51.68913473653058,51.68913473653058
4218,c,51.68913473653058,51.68913473653058
4219,c,51.68913473653058,51.68913473653058
4220,c,51.68913473653058,51.68913473653058
4221,t,51.68913473653058,51.68913473653058
4222,t,51.68913473653058,51.68913473653058
4223,t,51.68913473653058,51.68913473653058
4224,c,51.68913473653058,51.68913473653058
4225,c,51.68913473653058,51.68913473653058
4226,c,51.68913473653058,51.68913473653058
4227,t,51.68913473653058,51.68913473653058
4228,c,51.68913473653058,51.68913473653058
4229,c,51.68913473653058,51.68913473653058
4230,t,51.68913473653058,51.68913473653058
4231,t,51.68913473653058,51.68913473653058
4232,c,51.68913473653058,51.68913473653058
4233,t,51.68913473653058,51.68913473653058
4234,t,51.68913473653058,51.68913473653058
4235,t,51.68913473653058,51.68913473653058
4236,c,51.68913473653058,51.68913473653058
4237,t,51.68913473653058,51.68913473653058
4238,c,51.68913473653058,51.68913473653058
4239,c,51.68913473653058,51.68913473653058
4240,t,51.68913473653058,51.68913473653058
4241,t,51.68913473653058,51.68913473653058
4242,t,51.68913473653058,51.68913473653058
4243,c,51.68913473653058,51.68913473653058
4244,c,51.68913473653058,51.68913473653058
4245,t,51.68913473653058,51.68913473653058
4246,t,51.68913473653058,51.68913473653058
4247,t,51.68913473653058,51.68913473653058
4248,c,51.68913473653058,51.68913473653058
4249,t,51.68913473653058,51.68913473653058
4250,c,51.68913473653058,51.68913473653058
4251,c,51.68913473653058,51.68913473653058
4252,c,51.68913473653058,51.68913473653058
4253,c,51.68913473653058,51.68913473653058
4254,t,51.68913473653058,51.68913473653058
4255,t,51.68913473653058,51.68913473653058
4256,c,51.68913473653058,51.68913473653058
4257,t,51.68913473653058,51.68913473653058
4258,t,51.68913473653058,51.68913473653058
4259,c,51.68913473653058,51.68913473653058
4260,t,51.68913473653058,51.68913473653058
4261,c,51.68913473653058,51.68913473653058
4262,c,51.68913473653058,51.68913473653058
4263,c,51.68913473653058,51.68913473653058
4264,t,51.68913473653058,51.68913473653058
4265,c,51.68913473653058,51.68913473653058
4266,t,51.68913473653058,51.68913473653058
4267,t,51.68913473653058,51.68913473653058
4268,c,51.68913473653058,51.68913473653058
4269,c,51.68913473653058,51.68913473653058
4270,t,51.68913473653058,51.68913473653058
4271,t,51.68913473653058,51.68913473653058
4272,c,51.68913473653058,51.68913473653058
4273,c,51.68913473653058,51.68913473653058
4274,t,51.68913473653058,51.68913473653058
4275,c,51.68913473653058,51.68913473653058
4276,t,51.68913473653058,51.68913473653058
4277,c,51.68913473653058,51.68913473653058
4278,c,51.68913473653058,51.68913473653058
4279,c,51.68913473653058,51.68913473653058
4280,c,51.68913473653058,51.68913473653058
4281,c,51.68913473653058,51.68913473653058
4282,t,51.68913473653058,51.68913473653058
4283,c,51.68913473653058,51.68913473653058
4284,t,51.68913473653058,51.68913473653058
4285,t,51.68913473653058,51.68913473653058
4286,t,51.68913473653058,51.68913473653058
4287,t,51.68913473653058,51.68913473653058
4288,c,51.68913473653058,51.68913473653058
4289,na,3.285449794930631,3.4664839323052554
4290,t,51.68913473653058,51.68913473653058
4291,c,51.68913473653058,51.68913473653058
4292,c,51.68913473653058,51.68913473653058
4293,t,51.68913473653058,51.68913473653058
4294,t,51.68913473653058,51.68913473653058
4295,t,51.68913473653058,51.68913473653058
4296,t,51.68913473653058,51.68913473653058
4297,t,51.68913473653058,51.68913473653058
4298,t,51.68913473653058,51.68913473653058
4299,c,51.68913473653058,51.68913473653058
4300,c,51.68913473653058,51.68913473653058
4301,c,51.68913473653058,51.68913473653058
4302,c,51.68913473653058,51.68913473653058
4303,t,51.68913473653058,51.68913473653058
4304,t,51.68913473653058,51.68913473653058
4305,c,51.68913473653058,51.68913473653058
4306,t,51.68913473653058,51.68913473653058
4307,t,51.68913473653058,51.68913473653058
4308,t,51.68913473653058,51.68913473653058
4309,c,51.68913473653058,51.68913473653058
4310,t,51.68913473653058,51.68913473653058
4311,t,51.68913473653058,51.68913473653058
4312,t,51.68913473653058,51.68913473653058
4313,t,51.68913473653058,51.68913473653058
4314,c,51.68913473653058,51.68913473653058
4315,c,51.68913473653058,51.68913473653058
4316,t,51.68913473653058,51.68913473653058
4317,c,51.68913473653058,51.68913473653058
4318,c,51.68913473653058,51.68913473653058
4319,t,51.68913473653058,51.68913473653058
4320,c,51.68913473653058,51.68913473653058
4321,c,51.68913473653058,51.68913473653058
4322,c,51.68913473653058,51.68913473653058
4323,t,51.68913473653058,51.68913473653058
4324,t,51.68913473653058,51.68913473653058
4325,t,51.68913473653058,51.68913473653058
4326,c,51.68913473653058,51.68913473653058
4327,c,51.68913473653058,51.68913473653058
4328,na,7.908805056781269,51.68913473653058
4329,t,51.68913473653058,51.68913473653058
4330,t,51.68913473653058,51.68913473653058
4331,t,51.68913473653058,51.68913473653058
4332,c,51.68913473653058,51.68913473653058
4333,t,51.68913473653058,51.68913473653058
4334,c,51.68913473653058,51.68913473653058
4335,c,51.68913473653058,51.68913473653058
4336,t,51.68913473653058,51.68913473653058
4337,t,51.68913473653058,51.68913473653058
4338,c,51.68913473653058,51.68913473653058
4339,c,51.68913473653058,51.68913473653058
4340,t,51.68913473653058,51.68913473653058
4341,c,51.68913473653058,51.68913473653058
4342,c,51.68913473653058,51.68913473653058
4343,c,51.68913473653058,51.68913473653058
4344,c,51.68913473653058,51.68913473653058
4345,c,51.68913473653058,51.68913473653058
4346,c,51.68913473653058,51.68913473653058
4347,t,51.68913473653058,51.68913473653058
4348,c,51.68913473653058,51.68913473653058
4349,t,51.68913473653058,51.68913473653058
4350,t,51.68913473653058,51.68913473653058
4351,c,51.68913473653058,51.68913473653058
4352,c,51.68913473653058,51.68913473653058
4353,c,51.68913473653058,51.68913473653058
4354,c,51.68913473653058,51.68913473653058
4355,c,51.68913473653058,51.68913473653058
4356,t,51.68913473653058,51.68913473653058
4357,t,51.68913473653058,51.68913473653058
4358,c,51.68913473653058,51.68913473653058
4359,t,51.68913473653058,51.68913473653058
4360,c,51.68913473653058,51.68913473653058
4361,c,51.68913473653058,51.68913473653058
4362,t,51.68913473653058,51.68913473653058
4363,c,51.68913473653058,51.68913473653058
4364,c,51.68913473653058,51.68913473653058
4365,t,51.68913473653058,51.68913473653058
4366,t,51.68913473653058,51.68913473653058
4367,t,51.68913473653058,51.68913473653058
4368,t,51.68913473653058,51.68913473653058
4369,t,51.68913473653058,51.68913473653058
4370,c,51.68913473653058,51.68913473653058
4371,t,51.68913473653058,51.68913473653058
4372,c,51.68913473653058,51.68913473653058
4373,c,51.68913473653058,51.68913473653058
4374,c,51.68913473653058,51.68913473653058
4375,t,51.68913473653058,51.68913473653058
4376,t,51.68913473653058,51.68913473653058
4377,c,51.68913473653058,51.68913473653058
4378,c,51.68913473653058,51.68913473653058
4379,c,51.68913473653058,51.68913473653058
4380,c,51.68913473653058,51.68913473653058
4381,t,51.68913473653058,51.68913473653058
4382,t,51.68913473653058,51.68913473653058
4383,c,51.68913473653058,51.68913473653058
4384,t,51.68913473653058,51.68913473653058
4385,c,51.68913473653058,51.68913473653058
4386,t,51.68913473653058,51.68913473653058
4387,t,51.68913473653058,51.68913473653058
4388,t,51.68913473653058,51.68913473653058
4389,t,51.68913473653058,51.68913473653058
4390,t,51.68913473653058,51.68913473653058
4391,c,51.68913473653058,51.68913473653058
4392,t,51.68913473653058,51.68913473653058
4393,c,51.68913473653058,51.68913473653058
4394,t,51.68913473653058,51.68913473653058
4395,c,51.68913473653058,51.68913473653058
4396,c,51.68913473653058,51.68913473653058
4397,t,51.68913473653058,51.68913473653058
4398,t,51.68913473653058,51.68913473653058
4399,t,51.68913473653058,51.68913473653058
4400,c,51.68913473653058,51.68913473653058
4401,t,51.68913473653058,51.68913473653058
4402,t,51.68913473653058,51.68913473653058
4403,c,51.68913473653058,51.68913473653058
4404,t,51.68913473653058,51.68913473653058
4405,t,51.68913473653058,51.68913473653058
4406,c,51.68913473653058,51.68913473653058
4407,c,51.68913473653058,51.68913473653058
4408,t,51.68913473653058,51.68913473653058
4409,t,51.68913473653058,51.68913473653058
4410,t,51.68913473653058,51.68913473653058
4411,c,51.68913473653058,51.68913473653058
4412,t,51.68913473653058,51.68913473653058
4413,c,51.68913473653058,51.68913473653058
4414,t,51.68913473653058,51.68913473653058
4415,t,51.68913473653058,51.68913473653058
4416,t,51.68913473653058,51.68913473653058
4417,t,51.68913473653058,51.68913473653058
4418,c,51.68913473653058,51.68913473653058
4419,t,51.68913473653058,51.68913473653058
4420,t,51.68913473653058,51.68913473653058
4421,t,51.68913473653058,51.68913473653058
4422,c,51.68913473653058,51.68913473653058
4423,t,51.68913473653058,51.68913473653058
4424,t,51.68913473653058,51.68913473653058
4425,c,51.68913473653058,51.68913473653058
4426,t,51.68913473653058,51.68913473653058
4427,t,51.68913473653058,51.68913473653058
4428,t,51.68913473653058,51.68913473653058
4429,t,51.68913473653058,51.68913473653058
4430,c,51.68913473653058,51.68913473653058
4431,t,51.68913473653058,51.68913473653058
4432,c,51.68913473653058,51.68913473653058
4433,t,51.68913473653058,51.68913473653058
4434,t,51.68913473653058,51.68913473653058
4435,c,51.68913473653058,51.68913473653058
4436,t,51.68913473653058,51.68913473653058
4437,t,51.68913473653058,51.68913473653058
4438,c,51.68913473653058,51.68913473653058
4439,c,51.68913473653058,51.68913473653058
4440,t,51.68913473653058,51.68913473653058
4441,t,51.68913473653058,51.68913473653058
4442,c,51.68913473653058,51.68913473653058
4443,c,51.68913473653058,51.68913473653058
4444,t,51.68913473653058,51.68913473653058
4445,c,51.68913473653058,51.68913473653058
4446,c,51.68913473653058,51.68913473653058
4447,c,51.68913473653058,51.68913473653058
4448,c,51.68913473653058,51.68913473653058
4449,t,51.68913473653058,51.68913473653058
4450,c,51.68913473653058,51.68913473653058
4451,t,51.68913473653058,51.68913473653058
4452,t,51.68913473653058,51.68913473653058
4453,c,51.68913473653058,51.68913473653058
4454,t,51.68913473653058,51.68913473653058
4455,t,51.68913473653058,51.68913473653058
4456,c,51.68913473653058,51.68913473653058
4457,t,51.68913473653058,51.68913473653058
4458,t,51.68913473653058,51.68913473653058
4459,c,51.68913473653058,51.68913473653058
4460,c,51.68913473653058,51.68913473653058
4461,t,51.68913473653058,51.68913473653058
4462,t,51.68913473653058,51.68913473653058
4463,t,51.68913473653058,51.68913473653058
4464,t,51.68913473653058,51.68913473653058
4465,t,51.68913473653058,51.68913473653058
4466,t,51.68913473653058,51.68913473653058
4467,t,51.68913473653058,51.68913473653058
4468,t,51.68913473653058,51.68913473653058
4469,t,51.68913473653058,51.68913473653058
4470,c,51.68913473653058,51.68913473653058
4471,t,51.68913473653058,51.68913473653058
4472,c,51.68913473653058,51.68913473653058
4473,c,51.68913473653058,51.68913473653058
4474,t,51.68913473653058,51.68913473653058
4475,t,51.68913473653058,51.68913473653058
4476,t,51.68913473653058,51.68913473653058
4477,t,51.68913473653058,51.68913473653058
4478,c,51.68913473653058,51.68913473653058
4479,c,51.68913473653058,51.68913473653058
4480,t,51.68913473653058,51.68913473653058
4481,t,51.68913473653058,51.68913473653058
4482,t,51.68913473653058,51.68913473653058
4483,c,51.68913473653058,51.68913473653058
4484,c,51.68913473653058,51.68913473653058
4485,t,51.68913473653058,51.68913473653058
4486,t,51.68913473653058,51.68913473653058
4487,t,51.68913473653058,51.68913473653058
4488,c,51.68913473653058,51.68913473653058
4489,t,51.68913473653058,51.68913473653058
4490,t,51.68913473653058,51.68913473653058
4491,c,51.68913473653058,51.68913473653058
4492,c,51.68913473653058,51.68913473653058
4493,t,51.68913473653058,51.68913473653058
4494,c,51.68913473653058,51.68913473653058
4495,t,51.68913473653058,51.68913473653058
4496,t,51.68913473653058,51.68913473653058
4497,t,51.68913473653058,51.68913473653058
4498,c,51.68913473653058,51.68913473653058
4499,t,51.68913473653058,51.68913473653058
4500,t,51.68913473653058,51.68913473653058
4501,c,51.68913473653058,51.68913473653058
4502,t,51.68913473653058,51.68913473653058
4503,c,51.68913473653058,51.68913473653058
4504,c,51.68913473653058,51.68913473653058
4505,c,1.8760711879563963,8.9811501426146
4506,na,0,3.2987946251806908
4507,c,51.68913473653058,51.68913473653058
4508,t,51.68913473653058,51.68913473653058
4509,t,51.68913473653058,51.68913473653058
4510,t,51.68913473653058,51.68913473653058
4511,c,51.68913473653058,51.68913473653058
4512,c,51.68913473653058,51.68913473653058
4513,t,51.68913473653058,51.68913473653058
4514,c,51.68913473653058,51.68913473653058
4515,t,51.68913473653058,51.68913473653058
4516,c,51.68913473653058,51.68913473653058
4517,c,51.68913473653058,51.68913473653058
4518,c,51.68913473653058,51.68913473653058
4519,t,51.68913473653058,51.68913473653058
4520,c,51.68913473653058,51.68913473653058
4521,t,51.68913473653058,51.68913473653058
4522,t,51.68913473653058,51.68913473653058
4523,c,51.68913473653058,51.68913473653058
4524,c,51.68913473653058,51.68913473653058
4525,c,51.68913473653058,51.68913473653058
4526,t,51.68913473653058,51.68913473653058
4527,c,51.68913473653058,51.68913473653058
4528,t,51.68913473653058,51.68913473653058
4529,c,51.68913473653058,51.68913473653058
4530,c,51.68913473653058,51.68913473653058
4531,t,51.68913473653058,51.68913473653058
4532,t,51.68913473653058,51.68913473653058
4533,t,51.68913473653058,51.68913473653058
4534,t,51.68913473653058,51.68913473653058
4535,t,51.68913473653058,51.68913473653058
4536,c,51.68913473653058,51.68913473653058
4537,t,51.68913473653058,51.68913473653058
4538,c,51.68913473653058,51.68913473653058
4539,t,51.68913473653058,51.68913473653058
4540,t,51.68913473653058,51.68913473653058
4541,c,51.68913473653058,51.68913473653058
4542,c,51.68913473653058,51.68913473653058
4543,t,51.68913473653058,51.68913473653058
4544,t,51.68913473653058,51.68913473653058
4545,c,51.68913473653058,51.68913473653058
4546,t,51.68913473653058,51.68913473653058
4547,t,51.68913473653058,51.68913473653058
4548,t,51.68913473653058,51.68913473653058
4549,t,51.68913473653058,51.68913473653058
4550,c,51.68913473653058,51.68913473653058
4551,t,51.68913473653058,51.68913473653058
4552,c,51.68913473653058,51.68913473653058
4553,t,51.68913473653058,51.68913473653058
4554,t,51.68913473653058,51.68913473653058
4555,c,51.68913473653058,51.68913473653058
4556,t,51.68913473653058,51.68913473653058
4557,t,51.68913473653058,51.68913473653058
4558,t,51.68913473653058,51.68913473653058
4559,c,51.68913473653058,51.68913473653058
4560,c,51.68913473653058,51.68913473653058
4561,c,51.68913473653058,51.68913473653058
4562,t,51.68913473653058,51.68913473653058
4563,t,51.68913473653058,51.68913473653058
4564,c,51.68913473653058,51.68913473653058
4565,c,51.68913473653058,51.68913473653058
4566,c,51.68913473653058,51.68913473653058
4567,c,51.68913473653058,51.68913473653058
4568,t,51.68913473653058,51.68913473653058
4569,c,51.68913473653058,51.68913473653058
4570,c,51.68913473653058,51.68913473653058
4571,c,51.68913473653058,51.68913473653058
4572,c,51.68913473653058,51.68913473653058
4573,t,51.68913473653058,51.68913473653058
4574,t,51.68913473653058,51.68913473653058
4575,c,51.68913473653058,51.68913473653058
4576,c,51.68913473653058,51.68913473653058
4577,c,51.68913473653058,51.68913473653058
4578,t,51.68913473653058,51.68913473653058
4579,t,51.68913473653058,51.68913473653058
4580,t,51.68913473653058,51.68913473653058
4581,c,51.68913473653058,51.68913473653058
4582,c,51.68913473653058,51.68913473653058
4583,c,51.68913473653058,51.68913473653058
4584,t,51.68913473653058,51.68913473653058
4585,t,51.68913473653058,51.68913473653058
4586,t,51.68913473653058,51.68913473653058
4587,c,51.68913473653058,51.68913473653058
4588,c,51.68913473653058,51.68913473653058
4589,c,51.68913473653058,51.68913473653058
4590,t,51.68913473653058,51.68913473653058
4591,t,51.68913473653058,51.68913473653058
4592,c,2.7887493018084952,4.88861004995285
4593,t,51.68913473653058,51.68913473653058
4594,c,51.68913473653058,51.68913473653058
4595,c,51.68913473653058,51.68913473653058
4596,t,51.68913473653058,51.68913473653058
4597,c,51.68913473653058,51.68913473653058
4598,t,51.68913473653058,51.68913473653058
4599,t,51.68913473653058,51.68913473653058
4600,t,51.68913473653058,51.68913473653058
4601,t,51.68913473653058,51.68913473653058
4602,t,51.68913473653058,51.68913473653058
4603,c,51.68913473653058,51.68913473653058
4604,t,51.68913473653058,51.68913473653058
4605,t,51.68913473653058,51.68913473653058
4606,t,51.68913473653058,51.68913473653058
4607,t,51.68913473653058,51.68913473653058
4608,t,51.68913473653058,51.68913473653058
4609,c,51.68913473653058,51.68913473653058
4610,t,51.68913473653058,51.68913473653058
4611,t,51.68913473653058,51.68913473653058
4612,t,51.68913473653058,51.68913473653058
4613,t,51.68913473653058,51.68913473653058
4614,t,51.68913473653058,51.68913473653058
4615,t,51.68913473653058,51.68913473653058
4616,t,51.68913473653058,51.68913473653058
4617,c,51.68913473653058,51.68913473653058
4618,t,51.68913473653058,51.68913473653058
4619,c,51.68913473653058,51.68913473653058
4620,t,51.68913473653058,51.68913473653058
4621,t,51.68913473653058,51.68913473653058
4622,c,51.68913473653058,51.68913473653058
4623,c,51.68913473653058,51.68913473653058
4624,t,51.68913473653058,51.68913473653058
4625,c,51.68913473653058,51.68913473653058
4626,c,51.68913473653058,51.68913473653058
4627,t,51.68913473653058,51.68913473653058
4628,t,51.68913473653058,51.68913473653058
4629,c,51.68913473653058,51.68913473653058
4630,t,51.68913473653058,51.68913473653058
4631,t,51.68913473653058,51.68913473653058
4632,t,51.68913473653058,51.68913473653058
4633,t,51.68913473653058,51.68913473653058
4634,t,51.68913473653058,51.68913473653058
4635,t,51.68913473653058,51.68913473653058
4636,c,51.68913473653058,51.68913473653058
4637,t,51.68913473653058,51.68913473653058
4638,t,51.68913473653058,51.68913473653058
4639,t,51.68913473653058,51.68913473653058
4640,t,51.68913473653058,51.68913473653058
4641,t,51.68913473653058,51.68913473653058
4642,c,51.68913473653058,51.68913473653058
4643,c,51.68913473653058,51.68913473653058
4644,c,51.68913473653058,51.68913473653058
4645,t,51.68913473653058,51.68913473653058
4646,t,51.68913473653058,51.68913473653058
4647,c,51.68913473653058,51.68913473653058
4648,t,51.68913473653058,51.68913473653058
4649,c,51.68913473653058,51.68913473653058
4650,c,51.68913473653058,51.68913473653058
4651,c,51.68913473653058,51.68913473653058
4652,t,51.68913473653058,51.68913473653058
4653,c,51.68913473653058,51.68913473653058
4654,c,51.68913473653058,51.68913473653058
4655,c,51.68913473653058,51.68913473653058
4656,c,51.68913473653058,51.68913473653058
4657,t,51.68913473653058,51.68913473653058
4658,c,51.68913473653058,51.68913473653058
4659,t,51.68913473653058,51.68913473653058
4660,t,51.68913473653058,51.68913473653058
4661,c,51.68913473653058,51.68913473653058
4662,t,51.68913473653058,51.68913473653058
4663,t,51.68913473653058,51.68913473653058
4664,c,51.68913473653058,51.68913473653058
4665,t,51.68913473653058,51.68913473653058
4666,c,51.68913473653058,51.68913473653058
4667,c,51.68913473653058,51.68913473653058
4668,c,51.68913473653058,51.68913473653058
4669,na,13.02849315108073,18.79903877049673
4670,t,51.68913473653058,51.68913473653058
4671,t,51.68913473653058,51.68913473653058
4672,c,51.68913473653058,51.68913473653058
4673,c,51.68913473653058,51.68913473653058
4674,t,51.68913473653058,51.68913473653058
4675,c,51.68913473653058,51.68913473653058
4676,t,51.68913473653058,51.68913473653058
4677,t,51.68913473653058,51.68913473653058
4678,t,51.68913473653058,51.68913473653058
4679,c,51.68913473653058,51.68913473653058
4680,c,51.68913473653058,51.68913473653058
4681,t,51.68913473653058,51.68913473653058
4682,t,51.68913473653058,51.68913473653058
4683,t,51.68913473653058,51.68913473653058
4684,c,51.68913473653058,51.68913473653058
4685,t,51.68913473653058,51.68913473653058
4686,t,51.68913473653058,51.68913473653058
4687,t,51.68913473653058,51.68913473653058
4688,c,51.68913473653058,51.68913473653058
4689,c,51.68913473653058,51.68913473653058
4690,c,51.68913473653058,51.68913473653058
4691,t,51.68913473653058,51.68913473653058
4692,c,51.68913473653058,51.68913473653058
4693,t,51.68913473653058,51.68913473653058
4694,c,51.68913473653058,51.68913473653058
4695,t,51.68913473653058,51.68913473653058
4696,t,51.68913473653058,51.68913473653058
4697,c,51.68913473653058,51.68913473653058
4698,c,51.68913473653058,51.68913473653058
4699,c,51.68913473653058,51.68913473653058
4700,t,51.68913473653058,51.68913473653058
4701,t,51.68913473653058,51.68913473653058
4702,c,51.68913473653058,51.68913473653058
4703,t,51.68913473653058,51.68913473653058
4704,c,51.68913473653058,51.68913473653058
4705,t,51.68913473653058,51.68913473653058
4706,c,51.68913473653058,51.68913473653058
4707,c,51.68913473653058,51.68913473653058
4708,t,51.68913473653058,51.68913473653058
4709,c,51.68913473653058,51.68913473653058
4710,c,51.68913473653058,51.68913473653058
4711,c,51.68913473653058,51.68913473653058
4712,c,51.68913473653058,51.68913473653058
4713,c,51.68913473653058,51.68913473653058
4714,c,51.68913473653058,51.68913473653058
4715,t,51.68913473653058,51.68913473653058
4716,c,51.68913473653058,51.68913473653058
4717,t,51.68913473653058,51.68913473653058
4718,c,51.68913473653058,51.68913473653058
4719,t,51.68913473653058,51.68913473653058
4720,t,51.68913473653058,51.68913473653058
4721,t,51.68913473653058,51.68913473653058
4722,t,51.68913473653058,51.68913473653058
4723,t,51.68913473653058,51.68913473653058
4724,t,51.68913473653058,51.68913473653058
4725,c,51.68913473653058,51.68913473653058
4726,c,51.68913473653058,51.68913473653058
4727,t,51.68913473653058,51.68913473653058
4728,t,51.68913473653058,51.68913473653058
4729,t,51.68913473653058,51.68913473653058
4730,t,51.68913473653058,51.68913473653058
4731,t,51.68913473653058,51.68913473653058
4732,c,51.68913473653058,51.68913473653058
4733,t,51.68913473653058,51.68913473653058
4734,c,51.68913473653058,51.68913473653058
4735,t,51.68913473653058,51.68913473653058
4736,t,51.68913473653058,51.68913473653058
4737,c,51.68913473653058,51.68913473653058
4738,c,51.68913473653058,51.68913473653058
4739,t,51.68913473653058,51.68913473653058
4740,t,51.68913473653058,51.68913473653058
4741,c,51.68913473653058,51.68913473653058
4742,t,51.68913473653058,51.68913473653058
4743,c,51.68913473653058,51.68913473653058
4744,c,51.68913473653058,51.68913473653058
4745,t,51.68913473653058,51.68913473653058
4746,t,51.68913473653058,51.68913473653058
4747,c,51.68913473653058,51.68913473653058
4748,c,51.68913473653058,51.68913473653058
4749,t,51.68913473653058,51.68913473653058
4750,c,51.68913473653058,51.68913473653058
4751,c,51.68913473653058,51.68913473653058
4752,c,51.68913473653058,51.68913473653058
4753,t,51.68913473653058,51.68913473653058
4754,t,51.68913473653058,51.68913473653058
4755,t,51.68913473653058,51.68913473653058
4756,t,51.68913473653058,51.68913473653058
4757,t,51.68913473653058,51.68913473653058
4758,t,51.68913473653058,51.68913473653058
4759,t,51.68913473653058,51.68913473653058
4760,c,51.68913473653058,51.68913473653058
4761,c,51.68913473653058,51.68913473653058
4762,t,51.68913473653058,51.68913473653058
4763,t,51.68913473653058,51.68913473653058
4764,c,51.68913473653058,51.68913473653058
4765,t,51.68913473653058,51.68913473653058
4766,c,51.68913473653058,51.68913473653058
4767,t,51.68913473653058,51.68913473653058
4768,c,51.68913473653058,51.68913473653058
4769,t,51.68913473653058,51.68913473653058
4770,c,51.68913473653058,51.68913473653058
4771,t,51.68913473653058,51.68913473653058
4772,t,51.68913473653058,51.68913473653058
4773,c,51.68913473653058,51.68913473653058
4774,t,51.68913473653058,51.68913473653058
4775,t,51.68913473653058,51.68913473653058
4776,c,51.68913473653058,51.68913473653058
4777,c,12.08181213664548,18.32338559765516
4778,t,51.68913473653058,51.68913473653058
4779,c,51.68913473653058,51.68913473653058
4780,t,51.68913473653058,51.68913473653058
4781,t,51.68913473653058,51.68913473653058
4782,t,51.68913473653058,51.68913473653058
4783,t,51.68913473653058,51.68913473653058
4784,c,51.68913473653058,51.68913473653058
4785,c,51.68913473653058,51.68913473653058
4786,c,51.68913473653058,51.68913473653058
4787,c,51.68913473653058,51.68913473653058
4788,c,51.68913473653058,51.68913473653058
4789,t,51.68913473653058,51.68913473653058
4790,c,51.68913473653058,51.68913473653058
4791,c,51.68913473653058,51.68913473653058
4792,c,51.68913473653058,51.68913473653058
4793,c,51.68913473653058,51.68913473653058
4794,t,51.68913473653058,51.68913473653058
4795,c,51.68913473653058,51.68913473653058
4796,t,51.68913473653058,51.68913473653058
4797,t,51.68913473653058,51.68913473653058
4798,t,51.68913473653058,51.68913473653058
4799,t,51.68913473653058,51.68913473653058
4800,t,51.68913473653058,51.68913473653058
4801,c,51.68913473653058,51.68913473653058
4802,c,51.68913473653058,51.68913473653058
4803,t,51.68913473653058,51.68913473653058
4804,c,51.68913473653058,51.68913473653058
4805,c,51.68913473653058,51.68913473653058
4806,c,51.68913473653058,51.68913473653058
4807,t,51.68913473653058,51.68913473653058
4808,c,51.68913473653058,51.68913473653058
4809,c,51.68913473653058,51.68913473653058
4810,t,51.68913473653058,51.68913473653058
4811,t,51.68913473653058,51.68913473653058
4812,t,51.68913473653058,51.68913473653058
4813,c,51.68913473653058,51.68913473653058
4814,t,51.68913473653058,51.68913473653058
4815,c,51.68913473653058,51.68913473653058
4816,c,51.68913473653058,51.68913473653058
4817,c,51.68913473653058,51.68913473653058
4818,c,51.68913473653058,51.68913473653058
4819,c,51.68913473653058,51.68913473653058
4820,c,51.68913473653058,51.68913473653058
4821,t,51.68913473653058,51.68913473653058
4822,c,51.68913473653058,51.68913473653058
4823,c,51.68913473653058,51.68913473653058
4824,c,51.68913473653058,51.68913473653058
4825,na,3.7258240425470777,8.331889066566397
4826,t,51.68913473653058,51.68913473653058
4827,t,51.68913473653058,51.68913473653058
4828,t,51.68913473653058,51.68913473653058
4829,t,51.68913473653058,51.68913473653058
4830,c,51.68913473653058,51.68913473653058
4831,t,51.68913473653058,51.68913473653058
4832,c,51.68913473653058,51.68913473653058
4833,c,51.68913473653058,51.68913473653058
4834,c,51.68913473653058,51.68913473653058
4835,c,51.68913473653058,51.68913473653058
4836,t,51.68913473653058,51.68913473653058
4837,c,51.68913473653058,51.68913473653058
4838,t,51.68913473653058,51.68913473653058
4839,t,51.68913473653058,51.68913473653058
4840,t,51.68913473653058,51.68913473653058
4841,c,51.68913473653058,51.68913473653058
4842,c,51.68913473653058,51.68913473653058
4843,c,51.68913473653058,51.68913473653058
4844,c,51.68913473653058,51.68913473653058
4845,t,51.68913473653058,51.68913473653058
4846,c,51.68913473653058,51.68913473653058
4847,c,51.68913473653058,51.68913473653058
4848,c,51.68913473653058,51.68913473653058
4849,c,51.68913473653058,51.68913473653058
4850,t,51.68913473653058,51.68913473653058
4851,c,51.68913473653058,51.68913473653058
4852,c,51.68913473653058,51.68913473653058
4853,c,51.68913473653058,51.68913473653058
4854,c,51.68913473653058,51.68913473653058
4855,t,51.68913473653058,51.68913473653058
4856,c,51.68913473653058,51.68913473653058
4857,t,51.68913473653058,51.68913473653058
4858,c,51.68913473653058,51.68913473653058
4859,c,51.68913473653058,51.68913473653058
4860,c,51.68913473653058,51.68913473653058
4861,c,51.68913473653058,51.68913473653058
4862,c,51.68913473653058,51.68913473653058
4863,t,51.68913473653058,51.68913473653058
4864,c,51.68913473653058,51.68913473653058
4865,t,51.68913473653058,51.68913473653058
4866,t,51.68913473653058,51.68913473653058
4867,c,51.68913473653058,51.68913473653058
4868,c,51.68913473653058,51.68913473653058
4869,c,51.68913473653058,51.68913473653058
4870,c,51.68913473653058,51.68913473653058
4871,c,51.68913473653058,51.68913473653058
4872,t,51.68913473653058,51.68913473653058
4873,t,51.68913473653058,51.68913473653058
4874,t,51.68913473653058,51.68913473653058
4875,t,51.68913473653058,51.68913473653058
4876,c,51.68913473653058,51.68913473653058
4877,t,51.68913473653058,51.68913473653058
4878,c,51.68913473653058,51.68913473653058
4879,t,51.68913473653058,51.68913473653058
4880,c,51.68913473653058,51.68913473653058
4881,c,51.68913473653058,51.68913473653058
4882,t,51.68913473653058,51.68913473653058
4883,c,51.68913473653058,51.68913473653058
4884,c,51.68913473653058,51.68913473653058
4885,c,51.68913473653058,51.68913473653058
4886,c,51.68913473653058,51.68913473653058
4887,t,51.68913473653058,51.68913473653058
4888,c,51.68913473653058,51.68913473653058
4889,t,51.68913473653058,51.68913473653058
4890,c,51.68913473653058,51.68913473653058
4891,c,51.68913473653058,51.68913473653058
4892,t,51.68913473653058,51.68913473653058
4893,t,51.68913473653058,51.68913473653058
4894,c,51.68913473653058,51.68913473653058
4895,t,51.68913473653058,51.68913473653058
4896,t,51.68913473653058,51.68913473653058
4897,c,51.68913473653058,51.68913473653058
4898,c,51.68913473653058,51.68913473653058
4899,t,51.68913473653058,51.68913473653058
4900,t,51.68913473653058,51.68913473653058
4901,t,51.68913473653058,51.68913473653058
4902,c,51.68913473653058,51.68913473653058
4903,c,51.68913473653058,51.68913473653058
4904,t,51.68913473653058,51.68913473653058
4905,c,51.68913473653058,51.68913473653058
4906,t,51.68913473653058,51.68913473653058
4907,c,51.68913473653058,51.68913473653058
4908,t,51.68913473653058,51.68913473653058
4909,t,51.68913473653058,51.68913473653058
4910,t,51.68913473653058,51.68913473653058
4911,c,51.68913473653058,51.68913473653058
4912,c,51.68913473653058,51.68913473653058
4913,t,51.68913473653058,51.68913473653058
4914,c,51.68913473653058,51.68913473653058
4915,c,51.68913473653058,51.68913473653058
4916,c,51.68913473653058,51.68913473653058
4917,t,51.68913473653058,51.68913473653058
4918,t,51.68913473653058,51.68913473653058
4919,t,51.68913473653058,51.68913473653058
4920,c,51.68913473653058,51.68913473653058
4921,c,51.68913473653058,51.68913473653058
4922,t,51.68913473653058,51.68913473653058
4923,t,51.68913473653058,51.68913473653058
4924,c,51.68913473653058,51.68913473653058
4925,t,51.68913473653058,51.68913473653058
4926,t,51.68913473653058,51.68913473653058
4927,t,51.68913473653058,51.68913473653058
4928,t,51.68913473653058,51.68913473653058
4929,c,51.68913473653058,51.68913473653058
4930,c,51.68913473653058,51.68913473653058
4931,c,51.68913473653058,51.68913473653058
4932,t,51.68913473653058,51.68913473653058
4933,c,51.68913473653058,51.68913473653058
4934,t,51.68913473653058,51.68913473653058
4935,t,51.68913473653058,51.68913473653058
4936,c,51.68913473653058,51.68913473653058
4937,c,51.68913473653058,51.68913473653058
4938,c,51.68913473653058,51.68913473653058
4939,c,51.68913473653058,51.68913473653058
4940,c,51.68913473653058,51.68913473653058
4941,c,51.68913473653058,51.68913473653058
4942,c,51.68913473653058,51.68913473653058
4943,c,51.68913473653058,51.68913473653058
4944,c,51.68913473653058,51.68913473653058
4945,c,51.68913473653058,51.68913473653058
4946,t,51.68913473653058,51.68913473653058
4947,t,51.68913473653058,51.68913473653058
4948,c,51.68913473653058,51.68913473653058
4949,c,51.68913473653058,51.68913473653058
4950,t,51.68913473653058,51.68913473653058
4951,c,51.68913473653058,51.68913473653058
4952,c,51.68913473653058,51.68913473653058
4953,na,0.3107681580923144,6.6615051990227165
4954,c,51.68913473653058,51.68913473653058
4955,t,51.68913473653058,51.68913473653058
4956,t,51.68913473653058,51.68913473653058
4957,c,51.68913473653058,51.68913473653058
4958,t,51.68913473653058,51.68913473653058
4959,c,51.68913473653058,51.68913473653058
4960,c,51.68913473653058,51.68913473653058
4961,t,51.68913473653058,51.68913473653058
4962,c,51.68913473653058,51.68913473653058
4963,c,51.68913473653058,51.68913473653058
4964,c,51.68913473653058,51.68913473653058
4965,c,51.68913473653058,51.68913473653058
4966,t,51.68913473653058,51.68913473653058
4967,c,51.68913473653058,51.68913473653058
4968,c,51.68913473653058,51.68913473653058
4969,t,51.68913473653058,51.68913473653058
4970,t,51.68913473653058,51.68913473653058
4971,c,51.68913473653058,51.68913473653058
4972,t,51.68913473653058,51.68913473653058
4973,c,51.68913473653058,51.68913473653058
4974,t,51.68913473653058,51.68913473653058
4975,c,51.68913473653058,51.68913473653058
4976,c,51.68913473653058,51.68913473653058
4977,t,51.68913473653058,51.68913473653058
4978,c,51.68913473653058,51.68913473653058
4979,c,51.68913473653058,51.68913473653058
4980,t,51.68913473653058,51.68913473653058
4981,t,51.68913473653058,51.68913473653058
4982,c,51.68913473653058,51.68913473653058
4983,t,51.68913473653058,51.68913473653058
4984,c,51.68913473653058,51.68913473653058
4985,c,51.68913473653058,51.68913473653058
4986,c,51.68913473653058,51.68913473653058
4987,c,51.68913473653058,51.68913473653058
4988,c,51.68913473653058,51.68913473653058
4989,t,51.68913473653058,51.68913473653058
4990,c,51.68913473653058,51.68913473653058
4991,c,51.68913473653058,51.68913473653058
4992,t,51.68913473653058,51.68913473653058
4993,c,51.68913473653058,51.68913473653058
4994,t,51.68913473653058,51.68913473653058
4995,c,51.68913473653058,51.68913473653058
4996,c,51.68913473653058,51.68913473653058
4997,t,51.68913473653058,51.68913473653058
4998,t,51.68913473653058,51.68913473653058
4999,t,51.68913473653058,51.68913473653058
5000,t,51.68913473653058,51.68913473653058
5001,t,51.68913473653058,51.68913473653058
5002,t,51.68913473653058,51.68913473653058
5003,t,51.68913473653058,51.68913473653058
5004,c,51.68913473653058,51.68913473653058
5005,t,51.68913473653058,51.68913473653058
5006,t,51.68913473653058,51.68913473653058
5007,c,51.68913473653058,51.68913473653058
5008,c,51.68913473653058,51.68913473653058
5009,t,51.68913473653058,51.68913473653058
5010,c,51.68913473653058,51.68913473653058
5011,t,51.68913473653058,51.68913473653058
5012,c,51.68913473653058,51.68913473653058
5013,t,51.68913473653058,51.68913473653058
5014,t,51.68913473653058,51.68913473653058
5015,c,51.68913473653058,51.68913473653058
5016,t,51.68913473653058,51.68913473653058
5017,t,51.68913473653058,51.68913473653058
5018,c,51.68913473653058,51.68913473653058
5019,t,51.68913473653058,51.68913473653058
5020,t,51.68913473653058,51.68913473653058
5021,t,51.68913473653058,51.68913473653058
5022,t,51.68913473653058,51.68913473653058
5023,c,51.68913473653058,51.68913473653058
5024,c,51.68913473653058,51.68913473653058
5025,c,51.68913473653058,51.68913473653058
5026,c,51.68913473653058,51.68913473653058
5027,c,51.68913473653058,51.68913473653058
5028,na,3.512304696168787,8.464359229719062
5029,t,51.68913473653058,51.68913473653058
5030,c,51.68913473653058,51.68913473653058
5031,c,51.68913473653058,51.68913473653058
5032,c,51.68913473653058,51.68913473653058
5033,c,51.68913473653058,51.68913473653058
5034,t,51.68913473653058,51.68913473653058
5035,c,51.68913473653058,51.68913473653058
5036,t,51.68913473653058,51.68913473653058
5037,c,51.68913473653058,51.68913473653058
5038,c,51.68913473653058,51.68913473653058
5039,c,51.68913473653058,51.68913473653058
5040,c,51.68913473653058,51.68913473653058
5041,t,51.68913473653058,51.68913473653058
5042,c,51.68913473653058,51.68913473653058
5043,t,51.68913473653058,51.68913473653058
5044,t,51.68913473653058,51.68913473653058
5045,c,51.68913473653058,51.68913473653058
5046,c,51.68913473653058,51.68913473653058
5047,c,51.68913473653058,51.68913473653058
5048,t,51.68913473653058,51.68913473653058
5049,c,51.68913473653058,51.68913473653058
5050,na,5.095408757759043,5.468733948387728
5051,t,51.68913473653058,51.68913473653058
5052,c,51.68913473653058,51.68913473653058
5053,t,51.68913473653058,51.68913473653058
5054,t,51.68913473653058,51.68913473653058
5055,t,51.68913473653058,51.68913473653058
5056,t,51.68913473653058,51.68913473653058
5057,na,-1,0
5058,c,51.68913473653058,51.68913473653058
5059,c,51.68913473653058,51.68913473653058
5060,t,51.68913473653058,51.68913473653058
5061,c,51.68913473653058,51.68913473653058
5062,c,51.68913473653058,51.68913473653058
5063,t,51.68913473653058,51.68913473653058
5064,t,51.68913473653058,51.68913473653058
5065,c,51.68913473653058,51.68913473653058
5066,c,51.68913473653058,51.68913473653058
5067,t,51.68913473653058,51.68913473653058
5068,c,51.68913473653058,51.68913473653058
5069,c,51.68913473653058,51.68913473653058
5070,c,51.68913473653058,51.68913473653058
5071,t,51.68913473653058,51.68913473653058
5072,t,51.68913473653058,51.68913473653058
5073,t,51.68913473653058,51.68913473653058
5074,t,51.68913473653058,51.68913473653058
5075,t,51.68913473653058,51.68913473653058
5076,t,51.68913473653058,51.68913473653058
5077,c,51.68913473653058,51.68913473653058
5078,c,51.68913473653058,51.68913473653058
5079,c,51.68913473653058,51.68913473653058
5080,c,51.68913473653058,51.68913473653058
5081,c,51.68913473653058,51.68913473653058
5082,c,51.68913473653058,51.68913473653058
5083,t,51.68913473653058,51.68913473653058
5084,t,51.68913473653058,51.68913473653058
5085,c,51.68913473653058,51.68913473653058
5086,c,51.68913473653058,51.68913473653058
5087,c,51.68913473653058,51.68913473653058
5088,c,51.68913473653058,51.68913473653058
5089,t,51.68913473653058,51.68913473653058
5090,t,51.68913473653058,51.68913473653058
5091,c,51.68913473653058,51.68913473653058
5092,c,51.68913473653058,51.68913473653058
5093,c,51.68913473653058,51.68913473653058
5094,na,0,17.289941147168665
5095,c,51.68913473653058,51.68913473653058
5096,c,51.68913473653058,51.68913473653058
5097,t,51.68913473653058,51.68913473653058
5098,c,51.68913473653058,51.68913473653058
5099,t,51.68913473653058,51.68913473653058
5100,na,-1,0
5101,t,51.68913473653058,51.68913473653058
5102,c,51.68913473653058,51.68913473653058
5103,c,51.68913473653058,51.68913473653058
5104,t,51.68913473653058,51.68913473653058
5105,c,51.68913473653058,51.68913473653058
5106,t,51.68913473653058,51.68913473653058
5107,t,51.68913473653058,51.68913473653058
5108,c,51.68913473653058,51.68913473653058
5109,c,51.68913473653058,51.68913473653058
5110,t,51.68913473653058,51.68913473653058
5111,c,51.68913473653058,51.68913473653058
5112,c,51.68913473653058,51.68913473653058
5113,t,51.68913473653058,51.68913473653058
5114,c,51.68913473653058,51.68913473653058
5115,c,51.68913473653058,51.68913473653058
5116,c,51.68913473653058,51.68913473653058
5117,t,51.68913473653058,51.68913473653058
5118,c,51.68913473653058,51.68913473653058
5119,t,51.68913473653058,51.68913473653058
5120,c,51.68913473653058,51.68913473653058
5121,c,51.68913473653058,51.68913473653058
5122,t,51.68913473653058,51.68913473653058
5123,c,51.68913473653058,51.68913473653058
5124,c,51.68913473653058,51.68913473653058
5125,c,51.68913473653058,51.68913473653058
5126,c,51.68913473653058,51.68913473653058
5127,c,51.68913473653058,51.68913473653058
5128,t,51.68913473653058,51.68913473653058
5129,t,51.68913473653058,51.68913473653058
5130,t,51.68913473653058,51.68913473653058
5131,t,51.68913473653058,51.68913473653058
5132,t,51.68913473653058,51.68913473653058
5133,c,51.68913473653058,51.68913473653058
5134,c,51.68913473653058,51.68913473653058
5135,t,51.68913473653058,51.68913473653058
5136,t,51.68913473653058,51.68913473653058
5137,c,51.68913473653058,51.68913473653058
5138,c,51.68913473653058,51.68913473653058
5139,t,51.68913473653058,51.68913473653058
5140,c,51.68913473653058,51.68913473653058
5141,t,51.68913473653058,51.68913473653058
5142,t,51.68913473653058,51.68913473653058
5143,c,51.68913473653058,51.68913473653058
5144,c,51.68913473653058,51.68913473653058
5145,t,51.68913473653058,51.68913473653058
5146,t,51.68913473653058,51.68913473653058
5147,t,51.68913473653058,51.68913473653058
5148,c,51.68913473653058,51.68913473653058
5149,t,51.68913473653058,51.68913473653058
5150,c,51.68913473653058,51.68913473653058
5151,c,51.68913473653058,51.68913473653058
5152,t,51.68913473653058,51.68913473653058
5153,c,51.68913473653058,51.68913473653058
5154,t,51.68913473653058,51.68913473653058
5155,t,51.68913473653058,51.68913473653058
5156,t,51.68913473653058,51.68913473653058
5157,t,51.68913473653058,51.68913473653058
5158,t,51.68913473653058,51.68913473653058
5159,c,51.68913473653058,51.68913473653058
5160,t,51.68913473653058,51.68913473653058
5161,c,51.68913473653058,51.68913473653058
5162,t,51.68913473653058,51.68913473653058
5163,t,51.68913473653058,51.68913473653058
5164,t,51.68913473653058,51.68913473653058
5165,t,51.68913473653058,51.68913473653058
5166,c,51.68913473653058,51.68913473653058
5167,t,51.68913473653058,51.68913473653058
5168,c,51.68913473653058,51.68913473653058
5169,c,51.68913473653058,51.68913473653058
5170,t,51.68913473653058,51.68913473653058
5171,c,51.68913473653058,51.68913473653058
5172,c,51.68913473653058,51.68913473653058
5173,t,51.68913473653058,51.68913473653058
5174,t,51.68913473653058,51.68913473653058
5175,c,51.68913473653058,51.68913473653058
5176,t,51.68913473653058,51.68913473653058
5177,t,51.68913473653058,51.68913473653058
5178,c,51.68913473653058,51.68913473653058
5179,t,51.68913473653058,51.68913473653058
5180,c,51.68913473653058,51.68913473653058
5181,t,51.68913473653058,51.68913473653058
5182,c,51.68913473653058,51.68913473653058
5183,c,51.68913473653058,51.68913473653058
5184,t,51.68913473653058,51.68913473653058
5185,c,51.68913473653058,51.68913473653058
5186,c,51.68913473653058,51.68913473653058
5187,t,51.68913473653058,51.68913473653058
5188,t,51.68913473653058,51.68913473653058
5189,c,51.68913473653058,51.68913473653058
5190,c,51.68913473653058,51.68913473653058
5191,c,51.68913473653058,51.68913473653058
5192,t,51.68913473653058,51.68913473653058
5193,t,51.68913473653058,51.68913473653058
5194,t,51.68913473653058,51.68913473653058
5195,c,51.68913473653058,51.68913473653058
5196,t,51.68913473653058,51.68913473653058
5197,t,51.68913473653058,51.68913473653058
5198,t,51.68913473653058,51.68913473653058
5199,t,51.68913473653058,51.68913473653058
5200,c,51.68913473653058,51.68913473653058
5201,c,51.68913473653058,51.68913473653058
5202,t,51.68913473653058,51.68913473653058
5203,c,51.68913473653058,51.68913473653058
5204,c,51.68913473653058,51.68913473653058
5205,t,51.68913473653058,51.68913473653058
5206,t,51.68913473653058,51.68913473653058
5207,c,51.68913473653058,51.68913473653058
5208,c,51.68913473653058,51.68913473653058
5209,c,51.68913473653058,51.68913473653058
5210,c,51.68913473653058,51.68913473653058
5211,c,51.68913473653058,51.68913473653058
5212,c,51.68913473653058,51.68913473653058
5213,t,51.68913473653058,51.68913473653058
5214,t,51.68913473653058,51.68913473653058
5215,c,51.68913473653058,51.68913473653058
5216,t,51.68913473653058,51.68913473653058
5217,c,51.68913473653058,51.68913473653058
5218,t,51.68913473653058,51.68913473653058
5219,t,51.68913473653058,51.68913473653058
5220,c,51.68913473653058,51.68913473653058
5221,t,51.68913473653058,51.68913473653058
5222,c,51.68913473653058,51.68913473653058
5223,c,51.68913473653058,51.68913473653058
5224,t,51.68913473653058,51.68913473653058
5225,t,51.68913473653058,51.68913473653058
5226,c,51.68913473653058,51.68913473653058
5227,c,51.68913473653058,51.68913473653058
5228,c,51.68913473653058,51.68913473653058
5229,c,51.68913473653058,51.68913473653058
5230,t,51.68913473653058,51.68913473653058
5231,t,51.68913473653058,51.68913473653058
5232,t,51.68913473653058,51.68913473653058
5233,c,51.68913473653058,51.68913473653058
5234,c,51.68913473653058,51.68913473653058
5235,c,51.68913473653058,51.68913473653058
5236,c,51.68913473653058,51.68913473653058
5237,t,51.68913473653058,51.68913473653058
5238,c,51.68913473653058,51.68913473653058
5239,t,51.68913473653058,51.68913473653058
5240,t,51.68913473653058,51.68913473653058
5241,t,51.68913473653058,51.68913473653058
5242,c,51.68913473653058,51.68913473653058
5243,c,51.68913473653058,51.68913473653058
5244,c,51.68913473653058,51.68913473653058
5245,c,51.68913473653058,51.68913473653058
5246,c,51.68913473653058,51.68913473653058
5247,c,51.68913473653058,51.68913473653058
5248,c,51.68913473653058,51.68913473653058
5249,t,51.68913473653058,51.68913473653058
5250,c,51.68913473653058,51.68913473653058
5251,t,51.68913473653058,51.68913473653058
5252,c,51.68913473653058,51.68913473653058
5253,t,51.68913473653058,51.68913473653058
5254,t,51.68913473653058,51.68913473653058
5255,c,51.68913473653058,51.68913473653058
5256,c,51.68913473653058,51.68913473653058
5257,c,51.68913473653058,51.68913473653058
5258,t,51.68913473653058,51.68913473653058
5259,t,51.68913473653058,51.68913473653058
5260,t,51.68913473653058,51.68913473653058
5261,t,51.68913473653058,51.68913473653058
5262,c,51.68913473653058,51.68913473653058
5263,t,51.68913473653058,51.68913473653058
5264,c,51.68913473653058,51.68913473653058
5265,c,51.68913473653058,51.68913473653058
5266,t,51.68913473653058,51.68913473653058
5267,t,51.68913473653058,51.68913473653058
5268,c,51.68913473653058,51.68913473653058
5269,t,51.68913473653058,51.68913473653058
5270,t,51.68913473653058,51.68913473653058
5271,t,51.68913473653058,51.68913473653058
5272,c,51.68913473653058,51.68913473653058
5273,t,51.68913473653058,51.68913473653058
5274,c,51.68913473653058,51.68913473653058
5275,t,51.68913473653058,51.68913473653058
5276,c,51.68913473653058,51.68913473653058
5277,t,51.68913473653058,51.68913473653058
5278,t,51.68913473653058,51.68913473653058
5279,c,51.68913473653058,51.68913473653058
5280,t,51.68913473653058,51.68913473653058
5281,t,51.68913473653058,51.68913473653058
5282,c,51.68913473653058,51.68913473653058
5283,c,51.68913473653058,51.68913473653058
5284,t,51.68913473653058,51.68913473653058
5285,c,51.68913473653058,51.68913473653058
5286,c,51.68913473653058,51.68913473653058
5287,c,51.68913473653058,51.68913473653058
5288,t,51.68913473653058,51.68913473653058
5289,c,51.68913473653058,51.68913473653058
5290,t,51.68913473653058,51.68913473653058
5291,c,51.68913473653058,51.68913473653058
5292,t,51.68913473653058,51.68913473653058
5293,t,51.68913473653058,51.68913473653058
5294,c,51.68913473653058,51.68913473653058
5295,c,51.68913473653058,51.68913473653058
5296,t,51.68913473653058,51.68913473653058
5297,c,51.68913473653058,51.68913473653058
5298,t,51.68913473653058,51.68913473653058
5299,t,51.68913473653058,51.68913473653058
5300,t,51.68913473653058,51.68913473653058
5301,c,51.68913473653058,51.68913473653058
5302,c,51.68913473653058,51.68913473653058
5303,c,51.68913473653058,51.68913473653058
5304,c,51.68913473653058,51.68913473653058
5305,c,51.68913473653058,51.68913473653058
5306,c,51.68913473653058,51.68913473653058
5307,t,51.68913473653058,51.68913473653058
5308,c,51.68913473653058,51.68913473653058
5309,t,51.68913473653058,51.68913473653058
5310,t,51.68913473653058,51.68913473653058
5311,c,51.68913473653058,51.68913473653058
5312,c,51.68913473653058,51.68913473653058
5313,t,51.68913473653058,51.68913473653058
5314,t,51.68913473653058,51.68913473653058
5315,t,51.68913473653058,51.68913473653058
5316,c,51.68913473653058,51.68913473653058
5317,t,51.68913473653058,51.68913473653058
5318,c,51.68913473653058,51.68913473653058
5319,c,51.68913473653058,51.68913473653058
5320,c,51.68913473653058,51.68913473653058
5321,c,51.68913473653058,51.68913473653058
5322,t,51.68913473653058,51.68913473653058
5323,t,51.68913473653058,51.68913473653058
5324,c,51.68913473653058,51.68913473653058
5325,c,51.68913473653058,51.68913473653058
5326,c,51.68913473653058,51.68913473653058
5327,c,51.68913473653058,51.68913473653058
5328,t,51.68913473653058,51.68913473653058
5329,c,51.68913473653058,51.68913473653058
5330,t,51.68913473653058,51.68913473653058
5331,t,51.68913473653058,51.68913473653058
5332,c,51.68913473653058,51.68913473653058
5333,t,51.68913473653058,51.68913473653058
5334,t,51.68913473653058,51.68913473653058
5335,t,51.68913473653058,51.68913473653058
5336,t,51.68913473653058,51.68913473653058
5337,c,51.68913473653058,51.68913473653058
5338,t,51.68913473653058,51.68913473653058
5339,t,51.68913473653058,51.68913473653058
5340,c,51.68913473653058,51.68913473653058
5341,t,51.68913473653058,51.68913473653058
5342,c,51.68913473653058,51.68913473653058
5343,c,51.68913473653058,51.68913473653058
5344,t,51.68913473653058,51.68913473653058
5345,t,51.68913473653058,51.68913473653058
5346,t,51.68913473653058,51.68913473653058
5347,c,51.68913473653058,51.68913473653058
5348,t,51.68913473653058,51.68913473653058
5349,t,51.68913473653058,51.68913473653058
5350,c,51.68913473653058,51.68913473653058
5351,t,51.68913473653058,51.68913473653058
5352,c,51.68913473653058,51.68913473653058
5353,c,51.68913473653058,51.68913473653058
5354,t,51.68913473653058,51.68913473653058
5355,t,51.68913473653058,51.68913473653058
5356,c,51.68913473653058,51.68913473653058
5357,t,51.68913473653058,51.68913473653058
5358,t,51.68913473653058,51.68913473653058
5359,c,51.68913473653058,51.68913473653058
5360,c,51.68913473653058,51.68913473653058
5361,t,51.68913473653058,51.68913473653058
5362,c,51.68913473653058,51.68913473653058
5363,c,51.68913473653058,51.68913473653058
5364,c,51.68913473653058,51.68913473653058
5365,c,51.68913473653058,51.68913473653058
5366,t,51.68913473653058,51.68913473653058
5367,c,51.68913473653058,51.68913473653058
5368,t,51.68913473653058,51.68913473653058
5369,c,51.68913473653058,51.68913473653058
5370,c,51.68913473653058,51.68913473653058
5371,c,51.68913473653058,51.68913473653058
5372,c,51.68913473653058,51.68913473653058
5373,na,-1,0
5374,t,51.68913473653058,51.68913473653058
5375,c,51.68913473653058,51.68913473653058
5376,c,51.68913473653058,51.68913473653058
5377,c,51.68913473653058,51.68913473653058
5378,c,51.68913473653058,51.68913473653058
5379,t,51.68913473653058,51.68913473653058
5380,t,51.68913473653058,51.68913473653058
5381,t,51.68913473653058,51.68913473653058
5382,t,51.68913473653058,51.68913473653058
5383,c,51.68913473653058,51.68913473653058
5384,t,51.68913473653058,51.68913473653058
5385,c,51.68913473653058,51.68913473653058
5386,t,51.68913473653058,51.68913473653058
5387,t,51.68913473653058,51.68913473653058
5388,t,51.68913473653058,51.68913473653058
5389,c,51.68913473653058,51.68913473653058
5390,c,51.68913473653058,51.68913473653058
5391,t,51.68913473653058,51.68913473653058
5392,t,51.68913473653058,51.68913473653058
5393,t,51.68913473653058,51.68913473653058
5394,c,51.68913473653058,51.68913473653058
5395,t,51.68913473653058,51.68913473653058
5396,t,51.68913473653058,51.68913473653058
5397,c,51.68913473653058,51.68913473653058
5398,c,51.68913473653058,51.68913473653058
5399,c,51.68913473653058,51.68913473653058
5400,t,51.68913473653058,51.68913473653058
5401,t,51.68913473653058,51.68913473653058
5402,c,51.68913473653058,51.68913473653058
5403,c,51.68913473653058,51.68913473653058
5404,t,51.68913473653058,51.68913473653058
5405,t,51.68913473653058,51.68913473653058
5406,t,51.68913473653058,51.68913473653058
5407,t,51.68913473653058,51.68913473653058
5408,c,51.68913473653058,51.68913473653058
5409,t,51.68913473653058,51.68913473653058
5410,t,51.68913473653058,51.68913473653058
5411,t,51.68913473653058,51.68913473653058
5412,t,51.68913473653058,51.68913473653058
5413,c,51.68913473653058,51.68913473653058
5414,t,51.68913473653058,51.68913473653058
5415,t,51.68913473653058,51.68913473653058
5416,t,51.68913473653058,51.68913473653058
5417,c,51.68913473653058,51.68913473653058
5418,c,51.68913473653058,51.68913473653058
5419,t,51.68913473653058,51.68913473653058
5420,t,51.68913473653058,51.68913473653058
5421,c,51.68913473653058,51.68913473653058
5422,c,51.68913473653058,51.68913473653058
5423,t,51.68913473653058,51.68913473653058
5424,t,51.68913473653058,51.68913473653058
5425,t,51.68913473653058,51.68913473653058
5426,na,1.4004449803481285,2.1108808902714076
5427,c,51.68913473653058,51.68913473653058
5428,t,51.68913473653058,51.68913473653058
5429,c,51.68913473653058,51.68913473653058
5430,c,51.68913473653058,51.68913473653058
5431,c,51.68913473653058,51.68913473653058
5432,t,51.68913473653058,51.68913473653058
5433,c,51.68913473653058,51.68913473653058
5434,c,51.68913473653058,51.68913473653058
5435,t,51.68913473653058,51.68913473653058
5436,c,51.68913473653058,51.68913473653058
5437,t,51.68913473653058,51.68913473653058
5438,c,51.68913473653058,51.68913473653058
5439,c,51.68913473653058,51.68913473653058
5440,c,51.68913473653058,51.68913473653058
5441,c,51.68913473653058,51.68913473653058
5442,t,51.68913473653058,51.68913473653058
5443,t,51.68913473653058,51.68913473653058
5444,c,51.68913473653058,51.68913473653058
5445,t,51.68913473653058,51.68913473653058
5446,t,51.68913473653058,51.68913473653058
5447,t,51.68913473653058,51.68913473653058
5448,t,51.68913473653058,51.68913473653058
5449,t,51.68913473653058,51.68913473653058
5450,t,51.68913473653058,51.68913473653058
5451,t,51.68913473653058,51.68913473653058
5452,c,51.68913473653058,51.68913473653058
5453,c,5.919852429640822,7.443533152405555
5454,t,51.68913473653058,51.68913473653058
5455,c,51.68913473653058,51.68913473653058
5456,t,51.68913473653058,51.68913473653058
5457,c,51.68913473653058,51.68913473653058
5458,t,51.68913473653058,51.68913473653058
5459,c,51.68913473653058,51.68913473653058
5460,t,51.68913473653058,51.68913473653058
5461,c,51.68913473653058,51.68913473653058
5462,c,51.68913473653058,51.68913473653058
5463,c,51.68913473653058,51.68913473653058
5464,c,51.68913473653058,51.68913473653058
5465,t,51.68913473653058,51.68913473653058
5466,c,51.68913473653058,51.68913473653058
5467,c,51.68913473653058,51.68913473653058
5468,c,51.68913473653058,51.68913473653058
5469,c,51.68913473653058,51.68913473653058
5470,t,51.68913473653058,51.68913473653058
5471,t,51.68913473653058,51.68913473653058
5472,t,51.68913473653058,51.68913473653058
5473,t,51.68913473653058,51.68913473653058
5474,c,51.68913473653058,51.68913473653058
5475,c,51.68913473653058,51.68913473653058
5476,c,51.68913473653058,51.68913473653058
5477,t,51.68913473653058,51.68913473653058
5478,t,51.68913473653058,51.68913473653058
5479,c,51.68913473653058,51.68913473653058
5480,c,51.68913473653058,51.68913473653058
5481,c,51.68913473653058,51.68913473653058
5482,c,51.68913473653058,51.68913473653058
5483,t,51.68913473653058,51.68913473653058
5484,t,51.68913473653058,51.68913473653058
5485,t,51.68913473653058,51.68913473653058
5486,t,51.68913473653058,51.68913473653058
5487,t,51.68913473653058,51.68913473653058
5488,c,51.68913473653058,51.68913473653058
5489,c,51.68913473653058,51.68913473653058
5490,t,51.68913473653058,51.68913473653058
5491,c,51.68913473653058,51.68913473653058
5492,t,51.68913473653058,51.68913473653058
5493,c,51.68913473653058,51.68913473653058
5494,t,51.68913473653058,51.68913473653058
5495,t,51.68913473653058,51.68913473653058
5496,c,51.68913473653058,51.68913473653058
5497,t,51.68913473653058,51.68913473653058
5498,t,51.68913473653058,51.68913473653058
5499,t,51.68913473653058,51.68913473653058
5500,t,51.68913473653058,51.68913473653058
5501,c,51.68913473653058,51.68913473653058
5502,t,51.68913473653058,51.68913473653058
5503,c,51.68913473653058,51.68913473653058
5504,t,51.68913473653058,51.68913473653058
5505,c,51.68913473653058,51.68913473653058
5506,c,51.68913473653058,51.68913473653058
5507,c,51.68913473653058,51.68913473653058
5508,c,51.68913473653058,51.68913473653058
5509,c,51.68913473653058,51.68913473653058
5510,t,51.68913473653058,51.68913473653058
5511,c,51.68913473653058,51.68913473653058
5512,t,51.68913473653058,51.68913473653058
5513,c,51.68913473653058,51.68913473653058
5514,c,51.68913473653058,51.68913473653058
5515,c,51.68913473653058,51.68913473653058
5516,c,51.68913473653058,51.68913473653058
5517,c,51.68913473653058,51.68913473653058
5518,t,51.68913473653058,51.68913473653058
5519,t,51.68913473653058,51.68913473653058
5520,c,51.68913473653058,51.68913473653058
5521,c,51.68913473653058,51.68913473653058
5522,t,51.68913473653058,51.68913473653058
5523,t,51.68913473653058,51.68913473653058
5524,t,51.68913473653058,51.68913473653058
5525,c,51.68913473653058,51.68913473653058
5526,t,51.68913473653058,51.68913473653058
5527,t,51.68913473653058,51.68913473653058
5528,t,51.68913473653058,51.68913473653058
5529,t,51.68913473653058,51.68913473653058
5530,c,51.68913473653058,51.68913473653058
5531,t,51.68913473653058,51.68913473653058
5532,t,51.68913473653058,51.68913473653058
5533,t,51.68913473653058,51.68913473653058
5534,c,51.68913473653058,51.68913473653058
5535,t,51.68913473653058,51.68913473653058
5536,c,51.68913473653058,51.68913473653058
5537,c,51.68913473653058,51.68913473653058
5538,c,51.68913473653058,51.68913473653058
5539,t,51.68913473653058,51.68913473653058
5540,t,51.68913473653058,51.68913473653058
5541,c,51.68913473653058,51.68913473653058
5542,c,51.68913473653058,51.68913473653058
5543,t,51.68913473653058,51.68913473653058
5544,t,51.68913473653058,51.68913473653058
5545,t,51.68913473653058,51.68913473653058
5546,c,51.68913473653058,51.68913473653058
5547,t,51.68913473653058,51.68913473653058
5548,c,51.68913473653058,51.68913473653058
5549,c,51.68913473653058,51.68913473653058
5550,c,51.68913473653058,51.68913473653058
5551,t,51.68913473653058,51.68913473653058
5552,t,51.68913473653058,51.68913473653058
5553,t,51.68913473653058,51.68913473653058
5554,c,51.68913473653058,51.68913473653058
5555,t,51.68913473653058,51.68913473653058
5556,t,51.68913473653058,51.68913473653058
5557,c,51.68913473653058,51.68913473653058
5558,t,51.68913473653058,51.68913473653058
5559,t,51.68913473653058,51.68913473653058
5560,t,51.68913473653058,51.68913473653058
5561,c,51.68913473653058,51.68913473653058
5562,t,51.68913473653058,51.68913473653058
5563,t,51.68913473653058,51.68913473653058
5564,c,51.68913473653058,51.68913473653058
5565,c,51.68913473653058,51.68913473653058
5566,t,51.68913473653058,51.68913473653058
5567,t,51.68913473653058,51.68913473653058
5568,c,51.68913473653058,51.68913473653058
5569,c,51.68913473653058,51.68913473653058
5570,t,51.68913473653058,51.68913473653058
5571,t,51.68913473653058,51.68913473653058
5572,c,51.68913473653058,51.68913473653058
5573,c,51.68913473653058,51.68913473653058
5574,t,51.68913473653058,51.68913473653058
5575,t,51.68913473653058,51.68913473653058
5576,t,51.68913473653058,51.68913473653058
5577,t,51.68913473653058,51.68913473653058
5578,c,51.68913473653058,51.68913473653058
5579,c,51.68913473653058,51.68913473653058
5580,t,51.68913473653058,51.68913473653058
5581,c,51.68913473653058,51.68913473653058
5582,c,51.68913473653058,51.68913473653058
5583,c,51.68913473653058,51.68913473653058
5584,t,51.68913473653058,51.68913473653058
5585,c,51.68913473653058,51.68913473653058
5586,c,51.68913473653058,51.68913473653058
5587,t,51.68913473653058,51.68913473653058
5588,c,51.68913473653058,51.68913473653058
5589,t,51.68913473653058,51.68913473653058
5590,c,51.68913473653058,51.68913473653058
5591,c,51.68913473653058,51.68913473653058
5592,t,51.68913473653058,51.68913473653058
5593,t,51.68913473653058,51.68913473653058
5594,c,51.68913473653058,51.68913473653058
5595,c,51.68913473653058,51.68913473653058
5596,t,51.68913473653058,51.68913473653058
5597,c,51.68913473653058,51.68913473653058
5598,c,51.68913473653058,51.68913473653058
5599,t,51.68913473653058,51.68913473653058
5600,c,51.68913473653058,51.68913473653058
5601,t,51.68913473653058,51.68913473653058
5602,t,51.68913473653058,51.68913473653058
5603,t,51.68913473653058,51.68913473653058
5604,c,51.68913473653058,51.68913473653058
5605,c,51.68913473653058,51.68913473653058
5606,na,2.8882306031463045,8.210576379675873
5607,c,51.68913473653058,51.68913473653058
5608,t,51.68913473653058,51.68913473653058
5609,c,51.68913473653058,51.68913473653058
5610,t,51.68913473653058,51.68913473653058
5611,c,51.68913473653058,51.68913473653058
5612,t,51.68913473653058,51.68913473653058
5613,c,51.68913473653058,51.68913473653058
5614,c,51.68913473653058,51.68913473653058
5615,t,51.68913473653058,51.68913473653058
5616,c,51.68913473653058,51.68913473653058
5617,c,51.68913473653058,51.68913473653058
5618,c,51.68913473653058,51.68913473653058
5619,t,51.68913473653058,51.68913473653058
5620,t,51.68913473653058,51.68913473653058
5621,c,51.68913473653058,51.68913473653058
5622,t,51.68913473653058,51.68913473653058
5623,t,51.68913473653058,51.68913473653058
5624,c,51.68913473653058,51.68913473653058
5625,t,51.68913473653058,51.68913473653058
5626,t,51.68913473653058,51.68913473653058
5627,c,51.68913473653058,51.68913473653058
5628,c,51.68913473653058,51.68913473653058
5629,t,51.68913473653058,51.68913473653058
5630,c,51.68913473653058,51.68913473653058
5631,t,51.68913473653058,51.68913473653058
5632,c,51.68913473653058,51.68913473653058
5633,t,51.68913473653058,51.68913473653058
5634,t,51.68913473653058,51.68913473653058
5635,c,51.68913473653058,51.68913473653058
5636,t,51.68913473653058,51.68913473653058
5637,c,51.68913473653058,51.68913473653058
5638,t,51.68913473653058,51.68913473653058
5639,t,51.68913473653058,51.68913473653058
5640,c,51.68913473653058,51.68913473653058
5641,t,51.68913473653058,51.68913473653058
5642,c,51.68913473653058,51.68913473653058
5643,c,51.68913473653058,51.68913473653058
5644,c,51.68913473653058,51.68913473653058
5645,t,51.68913473653058,51.68913473653058
5646,t,51.68913473653058,51.68913473653058
5647,c,51.68913473653058,51.68913473653058
5648,c,51.68913473653058,51.68913473653058
5649,t,51.68913473653058,51.68913473653058
5650,t,51.68913473653058,51.68913473653058
5651,c,51.68913473653058,51.68913473653058
5652,t,51.68913473653058,51.68913473653058
5653,c,51.68913473653058,51.68913473653058
5654,c,51.68913473653058,51.68913473653058
5655,t,51.68913473653058,51.68913473653058
5656,t,51.68913473653058,51.68913473653058
5657,t,51.68913473653058,51.68913473653058
5658,t,51.68913473653058,51.68913473653058
5659,c,51.68913473653058,51.68913473653058
5660,t,51.68913473653058,51.68913473653058
5661,t,51.68913473653058,51.68913473653058
5662,c,51.68913473653058,51.68913473653058
5663,t,51.68913473653058,51.68913473653058
5664,na,4.053060495023146,12.657959235341984
5665,t,51.68913473653058,51.68913473653058
5666,c,51.68913473653058,51.68913473653058
5667,c,51.68913473653058,51.68913473653058
5668,t,51.68913473653058,51.68913473653058
5669,c,51.68913473653058,51.68913473653058
5670,c,51.68913473653058,51.68913473653058
5671,t,51.68913473653058,51.68913473653058
5672,c,51.68913473653058,51.68913473653058
5673,c,51.68913473653058,51.68913473653058
5674,t,51.68913473653058,51.68913473653058
5675,c,51.68913473653058,51.68913473653058
5676,c,51.68913473653058,51.68913473653058
5677,c,51.68913473653058,51.68913473653058
5678,t,51.68913473653058,51.68913473653058
5679,c,51.68913473653058,51.68913473653058
5680,c,51.68913473653058,51.68913473653058
5681,c,51.68913473653058,51.68913473653058
5682,t,51.68913473653058,51.68913473653058
5683,c,51.68913473653058,51.68913473653058
5684,c,51.68913473653058,51.68913473653058
5685,t,51.68913473653058,51.68913473653058
5686,t,51.68913473653058,51.68913473653058
5687,t,51.68913473653058,51.68913473653058
5688,c,51.68913473653058,51.68913473653058
5689,c,51.68913473653058,51.68913473653058
5690,c,51.68913473653058,51.68913473653058
5691,t,51.68913473653058,51.68913473653058
5692,c,51.68913473653058,51.68913473653058
5693,c,51.68913473653058,51.68913473653058
5694,c,51.68913473653058,51.68913473653058
5695,t,51.68913473653058,51.68913473653058
5696,c,51.68913473653058,51.68913473653058
5697,c,51.68913473653058,51.68913473653058
5698,c,51.68913473653058,51.68913473653058
5699,t,51.68913473653058,51.68913473653058
5700,t,51.68913473653058,51.68913473653058
5701,t,51.68913473653058,51.68913473653058
5702,t,51.68913473653058,51.68913473653058
5703,c,51.68913473653058,51.68913473653058
5704,t,51.68913473653058,51.68913473653058
5705,c,51.68913473653058,51.68913473653058
5706,t,51.68913473653058,51.68913473653058
5707,c,51.68913473653058,51.68913473653058
5708,t,51.68913473653058,51.68913473653058
5709,t,51.68913473653058,51.68913473653058
5710,c,51.68913473653058,51.68913473653058
5711,t,51.68913473653058,51.68913473653058
5712,c,21.436390999862176,24.937152472322097
5713,c,51.68913473653058,51.68913473653058
5714,c,51.68913473653058,51.68913473653058
5715,t,51.68913473653058,51.68913473653058
5716,c,51.68913473653058,51.68913473653058
5717,t,51.68913473653058,51.68913473653058
5718,c,51.68913473653058,51.68913473653058
5719,t,51.68913473653058,51.68913473653058
5720,c,51.68913473653058,51.68913473653058
5721,c,51.68913473653058,51.68913473653058
5722,c,51.68913473653058,51.68913473653058
5723,t,51.68913473653058,51.68913473653058
5724,c,51.68913473653058,51.68913473653058
5725,c,51.68913473653058,51.68913473653058
5726,c,51.68913473653058,51.68913473653058
5727,c,51.68913473653058,51.68913473653058
5728,c,51.68913473653058,51.68913473653058
5729,t,51.68913473653058,51.68913473653058
5730,c,51.68913473653058,51.68913473653058
5731,t,51.68913473653058,51.68913473653058
5732,c,51.68913473653058,51.68913473653058
5733,t,51.68913473653058,51.68913473653058
5734,c,51.68913473653058,51.68913473653058
5735,t,51.68913473653058,51.68913473653058
5736,t,51.68913473653058,51.68913473653058
5737,c,51.68913473653058,51.68913473653058
5738,t,51.68913473653058,51.68913473653058
5739,t,51.68913473653058,51.68913473653058
5740,t,51.68913473653058,51.68913473653058
5741,na,-1,0
5742,t,51.68913473653058,51.68913473653058
5743,t,51.68913473653058,51.68913473653058
5744,c,51.68913473653058,51.68913473653058
5745,t,51.68913473653058,51.68913473653058
5746,t,51.68913473653058,51.68913473653058
5747,c,51.68913473653058,51.68913473653058
5748,c,51.68913473653058,51.68913473653058
5749,t,51.68913473653058,51.68913473653058
5750,t,51.68913473653058,51.68913473653058
5751,c,51.68913473653058,51.68913473653058
5752,t,51.68913473653058,51.68913473653058
5753,t,51.68913473653058,51.68913473653058
5754,t,51.68913473653058,51.68913473653058
5755,t,51.68913473653058,51.68913473653058
5756,t,51.68913473653058,51.68913473653058
5757,c,51.68913473653058,51.68913473653058
5758,t,51.68913473653058,51.68913473653058
5759,c,51.68913473653058,51.68913473653058
5760,t,51.68913473653058,51.68913473653058
5761,t,51.68913473653058,51.68913473653058
5762,t,51.68913473653058,51.68913473653058
5763,c,51.68913473653058,51.68913473653058
5764,t,51.68913473653058,51.68913473653058
5765,c,51.68913473653058,51.68913473653058
5766,t,51.68913473653058,51.68913473653058
5767,t,51.68913473653058,51.68913473653058
5768,c,51.68913473653058,51.68913473653058
5769,t,51.68913473653058,51.68913473653058
5770,t,51.68913473653058,51.68913473653058
5771,c,51.68913473653058,51.68913473653058
5772,c,51.68913473653058,51.68913473653058
5773,t,51.68913473653058,51.68913473653058
5774,t,51.68913473653058,51.68913473653058
5775,t,51.68913473653058,51.68913473653058
5776,t,51.68913473653058,51.68913473653058
5777,t,51.68913473653058,51.68913473653058
5778,c,51.68913473653058,51.68913473653058
5779,t,51.68913473653058,51.68913473653058
5780,t,51.68913473653058,51.68913473653058
5781,t,51.68913473653058,51.68913473653058
5782,c,51.68913473653058,51.68913473653058
5783,t,51.68913473653058,51.68913473653058
5784,c,51.68913473653058,51.68913473653058
5785,t,51.68913473653058,51.68913473653058
5786,c,51.68913473653058,51.68913473653058
5787,c,51.68913473653058,51.68913473653058
5788,c,51.68913473653058,51.68913473653058
5789,t,51.68913473653058,51.68913473653058
5790,t,51.68913473653058,51.68913473653058
5791,t,51.68913473653058,51.68913473653058
5792,t,51.68913473653058,51.68913473653058
5793,c,51.68913473653058,51.68913473653058
5794,t,51.68913473653058,51.68913473653058
5795,t,51.68913473653058,51.68913473653058
5796,c,51.68913473653058,51.68913473653058
5797,t,51.68913473653058,51.68913473653058
5798,c,51.68913473653058,51.68913473653058
5799,c,51.68913473653058,51.68913473653058
5800,t,51.68913473653058,51.68913473653058
5801,c,51.68913473653058,51.68913473653058
5802,na,1.015509444261811,1.7022598457666904
5803,t,51.68913473653058,51.68913473653058
5804,t,51.68913473653058,51.68913473653058
5805,t,51.68913473653058,51.68913473653058
5806,t,51.68913473653058,51.68913473653058
5807,t,51.68913473653058,51.68913473653058
5808,c,51.68913473653058,51.68913473653058
5809,c,51.68913473653058,51.68913473653058
5810,c,6.232720951579188,17.595397315821216
5811,c,51.68913473653058,51.68913473653058
5812,c,51.68913473653058,51.68913473653058
5813,t,51.68913473653058,51.68913473653058
5814,c,51.68913473653058,51.68913473653058
5815,t,51.68913473653058,51.68913473653058
5816,c,51.68913473653058,51.68913473653058
5817,t,51.68913473653058,51.68913473653058
5818,c,51.68913473653058,51.68913473653058
5819,t,51.68913473653058,51.68913473653058
5820,c,51.68913473653058,51.68913473653058
5821,c,51.68913473653058,51.68913473653058
5822,t,51.68913473653058,51.68913473653058
5823,t,51.68913473653058,51.68913473653058
5824,t,51.68913473653058,51.68913473653058
5825,t,51.68913473653058,51.68913473653058
5826,t,51.68913473653058,51.68913473653058
5827,c,51.68913473653058,51.68913473653058
5828,c,51.68913473653058,51.68913473653058
5829,t,51.68913473653058,51.68913473653058
5830,t,51.68913473653058,51.68913473653058
5831,c,51.68913473653058,51.68913473653058
5832,c,51.68913473653058,51.68913473653058
5833,c,51.68913473653058,51.68913473653058
5834,c,51.68913473653058,51.68913473653058
5835,t,51.68913473653058,51.68913473653058
5836,c,51.68913473653058,51.68913473653058
5837,t,51.68913473653058,51.68913473653058
5838,t,51.68913473653058,51.68913473653058
5839,c,51.68913473653058,51.68913473653058
5840,t,51.68913473653058,51.68913473653058
5841,t,51.68913473653058,51.68913473653058
5842,t,51.68913473653058,51.68913473653058
5843,t,51.68913473653058,51.68913473653058
5844,t,51.68913473653058,51.68913473653058
5845,t,51.68913473653058,51.68913473653058
5846,t,51.68913473653058,51.68913473653058
5847,t,51.68913473653058,51.68913473653058
5848,t,51.68913473653058,51.68913473653058
5849,c,8.735723671754359,14.370879674832326
5850,c,51.68913473653058,51.68913473653058
5851,c,51.68913473653058,51.68913473653058
5852,t,51.68913473653058,51.68913473653058
5853,t,51.68913473653058,51.68913473653058
5854,c,51.68913473653058,51.68913473653058
5855,t,51.68913473653058,51.68913473653058
5856,c,51.68913473653058,51.68913473653058
5857,t,51.68913473653058,51.68913473653058
5858,t,51.68913473653058,51.68913473653058
5859,c,51.68913473653058,51.68913473653058
5860,c,51.68913473653058,51.68913473653058
5861,t,51.68913473653058,51.68913473653058
5862,c,51.68913473653058,51.68913473653058
5863,t,51.68913473653058,51.68913473653058
5864,t,51.68913473653058,51.68913473653058
5865,t,51.68913473653058,51.68913473653058
5866,t,51.68913473653058,51.68913473653058
5867,c,51.68913473653058,51.68913473653058
5868,t,51.68913473653058,51.68913473653058
5869,t,51.68913473653058,51.68913473653058
5870,t,51.68913473653058,51.68913473653058
5871,t,51.68913473653058,51.68913473653058
5872,c,51.68913473653058,51.68913473653058
5873,t,51.68913473653058,51.68913473653058
5874,na,0.012460821074049925,2.0741805667236046
5875,c,51.68913473653058,51.68913473653058
5876,c,51.68913473653058,51.68913473653058
5877,t,51.68913473653058,51.68913473653058
5878,c,51.68913473653058,51.68913473653058
5879,t,51.68913473653058,51.68913473653058
5880,t,51.68913473653058,51.68913473653058
5881,c,51.68913473653058,51.68913473653058
5882,c,51.68913473653058,51.68913473653058
5883,t,51.68913473653058,51.68913473653058
5884,t,51.68913473653058,51.68913473653058
5885,c,51.68913473653058,51.68913473653058
5886,t,51.68913473653058,51.68913473653058
5887,c,51.68913473653058,51.68913473653058
5888,c,51.68913473653058,51.68913473653058
5889,t,51.68913473653058,51.68913473653058
5890,t,51.68913473653058,51.68913473653058
5891,t,51.68913473653058,51.68913473653058
5892,t,51.68913473653058,51.68913473653058
5893,c,51.68913473653058,51.68913473653058
5894,c,51.68913473653058,51.68913473653058
5895,t,51.68913473653058,51.68913473653058
5896,c,51.68913473653058,51.68913473653058
5897,t,51.68913473653058,51.68913473653058
5898,t,51.68913473653058,51.68913473653058
5899,t,51.68913473653058,51.68913473653058
5900,c,51.68913473653058,51.68913473653058
5901,t,51.68913473653058,51.68913473653058
5902,t,51.68913473653058,51.68913473653058
5903,t,51.68913473653058,51.68913473653058
5904,t,51.68913473653058,51.68913473653058
5905,t,51.68913473653058,51.68913473653058
5906,c,51.68913473653058,51.68913473653058
5907,t,51.68913473653058,51.68913473653058
5908,t,51.68913473653058,51.68913473653058
5909,c,51.68913473653058,51.68913473653058
5910,t,51.68913473653058,51.68913473653058
5911,c,51.68913473653058,51.68913473653058
5912,t,51.68913473653058,51.68913473653058
5913,c,51.68913473653058,51.68913473653058
5914,c,51.68913473653058,51.68913473653058
5915,c,51.68913473653058,51.68913473653058
5916,c,51.68913473653058,51.68913473653058
5917,c,51.68913473653058,51.68913473653058
5918,t,51.68913473653058,51.68913473653058
5919,c,51.68913473653058,51.68913473653058
5920,c,51.68913473653058,51.68913473653058
5921,c,51.68913473653058,51.68913473653058
5922,c,51.68913473653058,51.68913473653058
5923,t,51.68913473653058,51.68913473653058
5924,c,51.68913473653058,51.68913473653058
5925,t,51.68913473653058,51.68913473653058
5926,t,51.68913473653058,51.68913473653058
5927,c,51.68913473653058,51.68913473653058
5928,c,51.68913473653058,51.68913473653058
5929,t,51.68913473653058,51.68913473653058
5930,t,51.68913473653058,51.68913473653058
5931,c,51.68913473653058,51.68913473653058
5932,c,51.68913473653058,51.68913473653058
5933,c,51.68913473653058,51.68913473653058
5934,c,51.68913473653058,51.68913473653058
5935,c,51.68913473653058,51.68913473653058
5936,c,51.68913473653058,51.68913473653058
5937,t,51.68913473653058,51.68913473653058
5938,t,51.68913473653058,51.68913473653058
5939,c,51.68913473653058,51.68913473653058
5940,t,51.68913473653058,51.68913473653058
5941,t,51.68913473653058,51.68913473653058
5942,t,51.68913473653058,51.68913473653058
5943,t,51.68913473653058,51.68913473653058
5944,c,51.68913473653058,51.68913473653058
5945,c,51.68913473653058,51.68913473653058
5946,c,51.68913473653058,51.68913473653058
5947,c,51.68913473653058,51.68913473653058
5948,c,51.68913473653058,51.68913473653058
5949,c,51.68913473653058,51.68913473653058
5950,c,51.68913473653058,51.68913473653058
5951,t,51.68913473653058,51.68913473653058
5952,t,51.68913473653058,51.68913473653058
5953,c,51.68913473653058,51.68913473653058
5954,c,51.68913473653058,51.68913473653058
5955,t,51.68913473653058,51.68913473653058
5956,c,51.68913473653058,51.68913473653058
5957,c,51.68913473653058,51.68913473653058
5958,c,51.68913473653058,51.68913473653058
5959,c,51.68913473653058,51.68913473653058
5960,c,51.68913473653058,51.68913473653058
5961,t,51.68913473653058,51.68913473653058
5962,c,51.68913473653058,51.68913473653058
5963,c,51.68913473653058,51.68913473653058
5964,t,51.68913473653058,51.68913473653058
5965,t,51.68913473653058,51.68913473653058
5966,c,51.68913473653058,51.68913473653058
5967,t,51.68913473653058,51.68913473653058
5968,t,51.68913473653058,51.68913473653058
5969,c,51.68913473653058,51.68913473653058
5970,c,51.68913473653058,51.68913473653058
5971,c,51.68913473653058,51.68913473653058
5972,c,51.68913473653058,51.68913473653058
5973,c,51.68913473653058,51.68913473653058
5974,c,51.68913473653058,51.68913473653058
5975,t,51.68913473653058,51.68913473653058
5976,c,51.68913473653058,51.68913473653058
5977,t,51.68913473653058,51.68913473653058
5978,t,51.68913473653058,51.68913473653058
5979,t,51.68913473653058,51.68913473653058
5980,c,51.68913473653058,51.68913473653058
5981,c,51.68913473653058,51.68913473653058
5982,t,51.68913473653058,51.68913473653058
5983,t,51.68913473653058,51.68913473653058
5984,t,51.68913473653058,51.68913473653058
5985,c,51.68913473653058,51.68913473653058
5986,t,51.68913473653058,51.68913473653058
5987,c,51.68913473653058,51.68913473653058
5988,c,51.68913473653058,51.68913473653058
5989,t,51.68913473653058,51.68913473653058
5990,t,51.68913473653058,51.68913473653058
5991,c,51.68913473653058,51.68913473653058
5992,c,51.68913473653058,51.68913473653058
5993,t,51.68913473653058,51.68913473653058
5994,na,0,51.68913473653058
5995,c,51.68913473653058,51.68913473653058
5996,c,51.68913473653058,51.68913473653058
5997,t,51.68913473653058,51.68913473653058
5998,t,51.68913473653058,51.68913473653058
5999,t,51.68913473653058,51.68913473653058
6000,c,51.68913473653058,51.68913473653058
6001,c,8.289580116243368,23.80683374253444
6002,t,51.68913473653058,51.68913473653058
6003,c,51.68913473653058,51.68913473653058
6004,t,51.68913473653058,51.68913473653058
6005,c,51.68913473653058,51.68913473653058
6006,c,51.68913473653058,51.68913473653058
6007,t,51.68913473653058,51.68913473653058
6008,t,51.68913473653058,51.68913473653058
6009,t,51.68913473653058,51.68913473653058
6010,c,51.68913473653058,51.68913473653058
6011,c,51.68913473653058,51.68913473653058
6012,na,0,5.65520300597028
6013,c,51.68913473653058,51.68913473653058
6014,t,51.68913473653058,51.68913473653058
6015,c,51.68913473653058,51.68913473653058
6016,t,51.68913473653058,51.68913473653058
6017,t,51.68913473653058,51.68913473653058
6018,c,51.68913473653058,51.68913473653058
6019,t,51.68913473653058,51.68913473653058
6020,c,51.68913473653058,51.68913473653058
6021,t,51.68913473653058,51.68913473653058
6022,c,51.68913473653058,51.68913473653058
6023,t,51.68913473653058,51.68913473653058
6024,t,51.68913473653058,51.68913473653058
6025,t,51.68913473653058,51.68913473653058
6026,t,51.68913473653058,51.68913473653058
6027,t,51.68913473653058,51.68913473653058
6028,c,51.68913473653058,51.68913473653058
6029,t,51.68913473653058,51.68913473653058
6030,c,51.68913473653058,51.68913473653058
6031,t,51.68913473653058,51.68913473653058
6032,t,51.68913473653058,51.68913473653058
6033,c,51.68913473653058,51.68913473653058
6034,c,51.68913473653058,51.68913473653058
6035,c,51.68913473653058,51.68913473653058
6036,c,51.68913473653058,51.68913473653058
6037,c,51.68913473653058,51.68913473653058
6038,c,51.68913473653058,51.68913473653058
6039,t,51.68913473653058,51.68913473653058
6040,c,51.68913473653058,51.68913473653058
6041,t,51.68913473653058,51.68913473653058
6042,t,51.68913473653058,51.68913473653058
6043,t,51.68913473653058,51.68913473653058
6044,c,51.68913473653058,51.68913473653058
6045,t,51.68913473653058,51.68913473653058
6046,c,51.68913473653058,51.68913473653058
6047,t,51.68913473653058,51.68913473653058
6048,t,51.68913473653058,51.68913473653058
6049,c,51.68913473653058,51.68913473653058
6050,t,51.68913473653058,51.68913473653058
6051,c,51.68913473653058,51.68913473653058
6052,c,51.68913473653058,51.68913473653058
6053,t,51.68913473653058,51.68913473653058
6054,t,51.68913473653058,51.68913473653058
6055,t,51.68913473653058,51.68913473653058
6056,c,51.68913473653058,51.68913473653058
6057,t,51.68913473653058,51.68913473653058
6058,t,51.68913473653058,51.68913473653058
6059,t,51.68913473653058,51.68913473653058
6060,c,51.68913473653058,51.68913473653058
6061,c,51.68913473653058,51.68913473653058
6062,t,51.68913473653058,51.68913473653058
6063,c,51.68913473653058,51.68913473653058
6064,c,51.68913473653058,51.68913473653058
6065,c,51.68913473653058,51.68913473653058
6066,t,51.68913473653058,51.68913473653058
6067,t,51.68913473653058,51.68913473653058
6068,c,51.68913473653058,51.68913473653058
6069,t,51.68913473653058,51.68913473653058
6070,c,51.68913473653058,51.68913473653058
6071,t,51.68913473653058,51.68913473653058
6072,c,51.68913473653058,51.68913473653058
6073,t,51.68913473653058,51.68913473653058
6074,c,51.68913473653058,51.68913473653058
6075,c,51.68913473653058,51.68913473653058
6076,c,51.68913473653058,51.68913473653058
6077,c,51.68913473653058,51.68913473653058
6078,c,51.68913473653058,51.68913473653058
6079,t,51.68913473653058,51.68913473653058
6080,c,51.68913473653058,51.68913473653058
6081,t,51.68913473653058,51.68913473653058
6082,t,51.68913473653058,51.68913473653058
6083,na,3.6613254733458214,4.5443209230160955
6084,t,51.68913473653058,51.68913473653058
6085,t,51.68913473653058,51.68913473653058
6086,c,51.68913473653058,51.68913473653058
6087,c,51.68913473653058,51.68913473653058
6088,c,51.68913473653058,51.68913473653058
6089,t,51.68913473653058,51.68913473653058
6090,t,51.68913473653058,51.68913473653058
6091,t,51.68913473653058,51.68913473653058
6092,c,51.68913473653058,51.68913473653058
6093,t,51.68913473653058,51.68913473653058
6094,c,51.68913473653058,51.68913473653058
6095,t,51.68913473653058,51.68913473653058
6096,t,51.68913473653058,51.68913473653058
6097,t,51.68913473653058,51.68913473653058
6098,c,51.68913473653058,51.68913473653058
6099,c,51.68913473653058,51.68913473653058
6100,t,51.68913473653058,51.68913473653058
6101,c,51.68913473653058,51.68913473653058
6102,t,51.68913473653058,51.68913473653058
6103,t,51.68913473653058,51.68913473653058
6104,t,51.68913473653058,51.68913473653058
6105,t,51.68913473653058,51.68913473653058
6106,c,51.68913473653058,51.68913473653058
6107,c,51.68913473653058,51.68913473653058
6108,c,51.68913473653058,51.68913473653058
6109,c,51.68913473653058,51.68913473653058
6110,t,51.68913473653058,51.68913473653058
6111,t,51.68913473653058,51.68913473653058
6112,t,51.68913473653058,51.68913473653058
6113,t,51.68913473653058,51.68913473653058
6114,c,51.68913473653058,51.68913473653058
6115,na,0.5502999882005064,1.3666335714753333
6116,t,51.68913473653058,51.68913473653058
6117,t,51.68913473653058,51.68913473653058
6118,c,51.68913473653058,51.68913473653058
6119,c,51.68913473653058,51.68913473653058
6120,t,51.68913473653058,51.68913473653058
6121,c,51.68913473653058,51.68913473653058
6122,c,51.68913473653058,51.68913473653058
6123,t,51.68913473653058,51.68913473653058
6124,c,51.68913473653058,51.68913473653058
6125,c,51.68913473653058,51.68913473653058
6126,c,51.68913473653058,51.68913473653058
6127,c,51.68913473653058,51.68913473653058
6128,c,51.68913473653058,51.68913473653058
6129,t,51.68913473653058,51.68913473653058
6130,t,51.68913473653058,51.68913473653058
6131,c,51.68913473653058,51.68913473653058
6132,t,51.68913473653058,51.68913473653058
6133,t,51.68913473653058,51.68913473653058
6134,c,51.68913473653058,51.68913473653058
6135,c,51.68913473653058,51.68913473653058
6136,t,51.68913473653058,51.68913473653058
6137,t,51.68913473653058,51.68913473653058
6138,c,51.68913473653058,51.68913473653058
6139,c,51.68913473653058,51.68913473653058
6140,c,51.68913473653058,51.68913473653058
6141,c,51.68913473653058,51.68913473653058
6142,c,51.68913473653058,51.68913473653058
6143,c,51.68913473653058,51.68913473653058
6144,c,51.68913473653058,51.68913473653058
6145,c,51.68913473653058,51.68913473653058
6146,t,51.68913473653058,51.68913473653058
6147,c,51.68913473653058,51.68913473653058
6148,c,51.68913473653058,51.68913473653058
6149,t,51.68913473653058,51.68913473653058
6150,t,51.68913473653058,51.68913473653058
6151,c,51.68913473653058,51.68913473653058
6152,c,51.68913473653058,51.68913473653058
6153,c,51.68913473653058,51.68913473653058
6154,t,51.68913473653058,51.68913473653058
6155,t,51.68913473653058,51.68913473653058
6156,c,51.68913473653058,51.68913473653058
6157,t,51.68913473653058,51.68913473653058
6158,t,51.68913473653058,51.68913473653058
6159,t,51.68913473653058,51.68913473653058
6160,c,51.68913473653058,51.68913473653058
6161,c,51.68913473653058,51.68913473653058
6162,c,51.68913473653058,51.68913473653058
6163,t,51.68913473653058,51.68913473653058
6164,t,51.68913473653058,51.68913473653058
6165,t,51.68913473653058,51.68913473653058
6166,c,51.68913473653058,51.68913473653058
6167,t,51.68913473653058,51.68913473653058
6168,t,51.68913473653058,51.68913473653058
6169,c,51.68913473653058,51.68913473653058
6170,c,51.68913473653058,51.68913473653058
6171,c,51.68913473653058,51.68913473653058
6172,t,51.68913473653058,51.68913473653058
6173,c,51.68913473653058,51.68913473653058
6174,c,51.68913473653058,51.68913473653058
6175,c,51.68913473653058,51.68913473653058
6176,t,51.68913473653058,51.68913473653058
6177,t,51.68913473653058,51.68913473653058
6178,t,51.68913473653058,51.68913473653058
6179,t,51.68913473653058,51.68913473653058
6180,t,51.68913473653058,51.68913473653058
6181,c,51.68913473653058,51.68913473653058
6182,c,51.68913473653058,51.68913473653058
6183,t,51.68913473653058,51.68913473653058
6184,c,51.68913473653058,51.68913473653058
6185,t,51.68913473653058,51.68913473653058
6186,t,51.68913473653058,51.68913473653058
6187,c,51.68913473653058,51.68913473653058
6188,t,51.68913473653058,51.68913473653058
6189,c,51.68913473653058,51.68913473653058
6190,c,51.68913473653058,51.68913473653058
6191,c,51.68913473653058,51.68913473653058
6192,t,51.68913473653058,51.68913473653058
6193,t,51.68913473653058,51.68913473653058
6194,c,51.68913473653058,51.68913473653058
6195,na,1.4983715075752382,9.58699621914169
6196,t,51.68913473653058,51.68913473653058
6197,t,51.68913473653058,51.68913473653058
6198,c,51.68913473653058,51.68913473653058
6199,c,51.68913473653058,51.68913473653058
6200,t,51.68913473653058,51.68913473653058
6201,c,2.4315158301972315,13.669213956974701
6202,t,51.68913473653058,51.68913473653058
6203,c,51.68913473653058,51.68913473653058
6204,c,51.68913473653058,51.68913473653058
6205,t,51.68913473653058,51.68913473653058
6206,c,51.68913473653058,51.68913473653058
6207,c,51.68913473653058,51.68913473653058
6208,t,51.68913473653058,51.68913473653058
6209,c,51.68913473653058,51.68913473653058
6210,c,51.68913473653058,51.68913473653058
6211,c,51.68913473653058,51.68913473653058
6212,t,51.68913473653058,51.68913473653058
6213,t,51.68913473653058,51.68913473653058
6214,c,51.68913473653058,51.68913473653058
6215,t,51.68913473653058,51.68913473653058
6216,t,51.68913473653058,51.68913473653058
6217,c,51.68913473653058,51.68913473653058
6218,c,51.68913473653058,51.68913473653058
6219,t,51.68913473653058,51.68913473653058
6220,c,51.68913473653058,51.68913473653058
6221,c,51.68913473653058,51.68913473653058
6222,t,51.68913473653058,51.68913473653058
6223,t,51.68913473653058,51.68913473653058
6224,c,51.68913473653058,51.68913473653058
6225,t,51.68913473653058,51.68913473653058
6226,c,9.377902981370541,9.936369878164697
6227,c,51.68913473653058,51.68913473653058
6228,t,51.68913473653058,51.68913473653058
6229,c,51.68913473653058,51.68913473653058
6230,t,51.68913473653058,51.68913473653058
6231,c,51.68913473653058,51.68913473653058
6232,c,51.68913473653058,51.68913473653058
6233,c,51.68913473653058,51.68913473653058
6234,t,51.68913473653058,51.68913473653058
6235,c,51.68913473653058,51.68913473653058
6236,c,51.68913473653058,51.68913473653058
6237,t,51.68913473653058,51.68913473653058
6238,c,51.68913473653058,51.68913473653058
6239,t,51.68913473653058,51.68913473653058
6240,t,51.68913473653058,51.68913473653058
6241,c,51.68913473653058,51.68913473653058
6242,t,51.68913473653058,51.68913473653058
6243,c,51.68913473653058,51.68913473653058
6244,t,51.68913473653058,51.68913473653058
6245,c,51.68913473653058,51.68913473653058
6246,c,51.68913473653058,51.68913473653058
6247,c,51.68913473653058,51.68913473653058
6248,t,51.68913473653058,51.68913473653058
6249,t,51.68913473653058,51.68913473653058
6250,t,51.68913473653058,51.68913473653058
6251,t,51.68913473653058,51.68913473653058
6252,c,51.68913473653058,51.68913473653058
6253,c,51.68913473653058,51.68913473653058
6254,c,51.68913473653058,51.68913473653058
6255,c,51.68913473653058,51.68913473653058
6256,t,51.68913473653058,51.68913473653058
6257,t,51.68913473653058,51.68913473653058
6258,c,51.68913473653058,51.68913473653058
6259,t,51.68913473653058,51.68913473653058
6260,c,51.68913473653058,51.68913473653058
6261,t,51.68913473653058,51.68913473653058
6262,t,51.68913473653058,51.68913473653058
6263,t,51.68913473653058,51.68913473653058
6264,c,51.68913473653058,51.68913473653058
6265,t,51.68913473653058,51.68913473653058
6266,t,51.68913473653058,51.68913473653058
6267,c,51.68913473653058,51.68913473653058
6268,c,51.68913473653058,51.68913473653058
6269,t,51.68913473653058,51.68913473653058
6270,t,51.68913473653058,51.68913473653058
6271,c,51.68913473653058,51.68913473653058
6272,na,-1,0
6273,t,51.68913473653058,51.68913473653058
6274,c,51.68913473653058,51.68913473653058
6275,c,51.68913473653058,51.68913473653058
6276,c,51.68913473653058,51.68913473653058
6277,c,51.68913473653058,51.68913473653058
6278,c,51.68913473653058,51.68913473653058
6279,t,51.68913473653058,51.68913473653058
6280,c,51.68913473653058,51.68913473653058
6281,t,51.68913473653058,51.68913473653058
6282,c,51.68913473653058,51.68913473653058
6283,t,51.68913473653058,51.68913473653058
6284,c,51.68913473653058,51.68913473653058
6285,c,51.68913473653058,51.68913473653058
6286,t,51.68913473653058,51.68913473653058
6287,c,51.68913473653058,51.68913473653058
6288,t,51.68913473653058,51.68913473653058
6289,t,51.68913473653058,51.68913473653058
6290,c,51.68913473653058,51.68913473653058
6291,t,51.68913473653058,51.68913473653058
6292,t,51.68913473653058,51.68913473653058
6293,t,51.68913473653058,51.68913473653058
6294,c,51.68913473653058,51.68913473653058
6295,c,51.68913473653058,51.68913473653058
6296,c,51.68913473653058,51.68913473653058
6297,t,51.68913473653058,51.68913473653058
6298,t,51.68913473653058,51.68913473653058
6299,c,51.68913473653058,51.68913473653058
6300,t,51.68913473653058,51.68913473653058
6301,c,51.68913473653058,51.68913473653058
6302,t,51.68913473653058,51.68913473653058
6303,c,51.68913473653058,51.68913473653058
6304,c,51.68913473653058,51.68913473653058
6305,c,51.68913473653058,51.68913473653058
6306,t,51.68913473653058,51.68913473653058
6307,c,51.68913473653058,51.68913473653058
6308,t,51.68913473653058,51.68913473653058
6309,t,51.68913473653058,51.68913473653058
6310,t,51.68913473653058,51.68913473653058
6311,t,51.68913473653058,51.68913473653058
6312,t,51.68913473653058,51.68913473653058
6313,t,51.68913473653058,51.68913473653058
6314,c,51.68913473653058,51.68913473653058
6315,c,51.68913473653058,51.68913473653058
6316,c,51.68913473653058,51.68913473653058
6317,t,51.68913473653058,51.68913473653058
6318,c,51.68913473653058,51.68913473653058
6319,t,51.68913473653058,51.68913473653058
6320,t,51.68913473653058,51.68913473653058
6321,c,51.68913473653058,51.68913473653058
6322,t,51.68913473653058,51.68913473653058
6323,c,51.68913473653058,51.68913473653058
6324,t,51.68913473653058,51.68913473653058
6325,t,51.68913473653058,51.68913473653058
6326,c,51.68913473653058,51.68913473653058
6327,t,51.68913473653058,51.68913473653058
6328,c,51.68913473653058,51.68913473653058
6329,c,51.68913473653058,51.68913473653058
6330,t,51.68913473653058,51.68913473653058
6331,t,51.68913473653058,51.68913473653058
6332,c,51.68913473653058,51.68913473653058
6333,t,51.68913473653058,51.68913473653058
6334,c,51.68913473653058,51.68913473653058
6335,c,51.68913473653058,51.68913473653058
6336,t,51.68913473653058,51.68913473653058
6337,t,51.68913473653058,51.68913473653058
6338,t,51.68913473653058,51.68913473653058
6339,t,51.68913473653058,51.68913473653058
6340,c,51.68913473653058,51.68913473653058
6341,c,51.68913473653058,51.68913473653058
6342,t,51.68913473653058,51.68913473653058
6343,c,51.68913473653058,51.68913473653058
6344,c,51.68913473653058,51.68913473653058
6345,t,51.68913473653058,51.68913473653058
6346,t,51.68913473653058,51.68913473653058
6347,t,51.68913473653058,51.68913473653058
6348,c,51.68913473653058,51.68913473653058
6349,t,51.68913473653058,51.68913473653058
6350,c,51.68913473653058,51.68913473653058
6351,c,51.68913473653058,51.68913473653058
6352,c,51.68913473653058,51.68913473653058
6353,t,51.68913473653058,51.68913473653058
6354,t,51.68913473653058,51.68913473653058
6355,c,51.68913473653058,51.68913473653058
6356,c,51.68913473653058,51.68913473653058
6357,t,51.68913473653058,51.68913473653058
6358,c,51.68913473653058,51.68913473653058
6359,t,51.68913473653058,51.68913473653058
6360,t,51.68913473653058,51.68913473653058
6361,c,51.68913473653058,51.68913473653058
6362,c,51.68913473653058,51.68913473653058
6363,t,51.68913473653058,51.68913473653058
6364,c,51.68913473653058,51.68913473653058
6365,t,51.68913473653058,51.68913473653058
6366,t,51.68913473653058,51.68913473653058
6367,c,51.68913473653058,51.68913473653058
6368,c,51.68913473653058,51.68913473653058
6369,c,51.68913473653058,51.68913473653058
6370,c,51.68913473653058,51.68913473653058
6371,c,51.68913473653058,51.68913473653058
6372,t,51.68913473653058,51.68913473653058
6373,c,51.68913473653058,51.68913473653058
6374,c,51.68913473653058,51.68913473653058
6375,t,51.68913473653058,51.68913473653058
6376,t,51.68913473653058,51.68913473653058
6377,c,51.68913473653058,51.68913473653058
6378,t,51.68913473653058,51.68913473653058
6379,t,51.68913473653058,51.68913473653058
6380,c,51.68913473653058,51.68913473653058
6381,c,51.68913473653058,51.68913473653058
6382,t,51.68913473653058,51.68913473653058
6383,t,51.68913473653058,51.68913473653058
6384,c,51.68913473653058,51.68913473653058
6385,t,51.68913473653058,51.68913473653058
6386,c,51.68913473653058,51.68913473653058
6387,t,51.68913473653058,51.68913473653058
6388,c,51.68913473653058,51.68913473653058
6389,t,51.68913473653058,51.68913473653058
6390,c,51.68913473653058,51.68913473653058
6391,c,51.68913473653058,51.68913473653058
6392,c,51.68913473653058,51.68913473653058
6393,c,51.68913473653058,51.68913473653058
6394,t,51.68913473653058,51.68913473653058
6395,t,51.68913473653058,51.68913473653058
6396,c,51.68913473653058,51.68913473653058
6397,t,51.68913473653058,51.68913473653058
6398,c,51.68913473653058,51.68913473653058
6399,t,51.68913473653058,51.68913473653058
6400,t,51.68913473653058,51.68913473653058
6401,c,51.68913473653058,51.68913473653058
6402,c,51.68913473653058,51.68913473653058
6403,t,51.68913473653058,51.68913473653058
6404,c,51.68913473653058,51.68913473653058
6405,t,51.68913473653058,51.68913473653058
6406,t,51.68913473653058,51.68913473653058
6407,c,51.68913473653058,51.68913473653058
6408,t,51.68913473653058,51.68913473653058
6409,t,51.68913473653058,51.68913473653058
6410,t,51.68913473653058,51.68913473653058
6411,t,51.68913473653058,51.68913473653058
6412,c,51.68913473653058,51.68913473653058
6413,t,51.68913473653058,51.68913473653058
6414,t,51.68913473653058,51.68913473653058
6415,t,51.68913473653058,51.68913473653058
6416,t,51.68913473653058,51.68913473653058
6417,t,51.68913473653058,51.68913473653058
6418,t,51.68913473653058,51.68913473653058
6419,c,51.68913473653058,51.68913473653058
6420,c,51.68913473653058,51.68913473653058
6421,c,51.68913473653058,51.68913473653058
6422,t,51.68913473653058,51.68913473653058
6423,c,51.68913473653058,51.68913473653058
6424,t,51.68913473653058,51.68913473653058
6425,t,51.68913473653058,51.68913473653058
6426,c,51.68913473653058,51.68913473653058
6427,t,51.68913473653058,51.68913473653058
6428,c,51.68913473653058,51.68913473653058
6429,t,51.68913473653058,51.68913473653058
6430,t,51.68913473653058,51.68913473653058
6431,c,51.68913473653058,51.68913473653058
6432,c,51.68913473653058,51.68913473653058
6433,t,51.68913473653058,51.68913473653058
6434,c,51.68913473653058,51.68913473653058
6435,t,51.68913473653058,51.68913473653058
6436,c,51.68913473653058,51.68913473653058
6437,c,51.68913473653058,51.68913473653058
6438,c,51.68913473653058,51.68913473653058
6439,t,51.68913473653058,51.68913473653058
6440,t,51.68913473653058,51.68913473653058
6441,c,51.68913473653058,51.68913473653058
6442,c,51.68913473653058,51.68913473653058
6443,c,51.68913473653058,51.68913473653058
6444,c,51.68913473653058,51.68913473653058
6445,c,51.68913473653058,51.68913473653058
6446,c,51.68913473653058,51.68913473653058
6447,c,51.68913473653058,51.68913473653058
6448,t,51.68913473653058,51.68913473653058
6449,c,51.68913473653058,51.68913473653058
6450,t,51.68913473653058,51.68913473653058
6451,t,51.68913473653058,51.68913473653058
6452,t,51.68913473653058,51.68913473653058
6453,c,51.68913473653058,51.68913473653058
6454,c,51.68913473653058,51.68913473653058
6455,c,51.68913473653058,51.68913473653058
6456,c,51.68913473653058,51.68913473653058
6457,c,51.68913473653058,51.68913473653058
6458,c,51.68913473653058,51.68913473653058
6459,c,51.68913473653058,51.68913473653058
6460,t,51.68913473653058,51.68913473653058
6461,t,51.68913473653058,51.68913473653058
6462,t,51.68913473653058,51.68913473653058
6463,t,51.68913473653058,51.68913473653058
6464,t,51.68913473653058,51.68913473653058
6465,na,1.9438827893466541,9.88017334637001
6466,c,51.68913473653058,51.68913473653058
6467,c,51.68913473653058,51.68913473653058
6468,t,51.68913473653058,51.68913473653058
6469,t,51.68913473653058,51.68913473653058
6470,c,51.68913473653058,51.68913473653058
6471,c,51.68913473653058,51.68913473653058
6472,c,51.68913473653058,51.68913473653058
6473,t,51.68913473653058,51.68913473653058
6474,t,51.68913473653058,51.68913473653058
6475,c,51.68913473653058,51.68913473653058
6476,c,51.68913473653058,51.68913473653058
6477,t,51.68913473653058,51.68913473653058
6478,t,51.68913473653058,51.68913473653058
6479,c,51.68913473653058,51.68913473653058
6480,t,51.68913473653058,51.68913473653058
6481,t,51.68913473653058,51.68913473653058
6482,na,1.2869724032157746,2.262865750918157
6483,c,51.68913473653058,51.68913473653058
6484,c,51.68913473653058,51.68913473653058
6485,c,51.68913473653058,51.68913473653058
6486,c,51.68913473653058,51.68913473653058
6487,c,51.68913473653058,51.68913473653058
6488,c,51.68913473653058,51.68913473653058
6489,c,51.68913473653058,51.68913473653058
6490,c,51.68913473653058,51.68913473653058
6491,t,51.68913473653058,51.68913473653058
6492,c,51.68913473653058,51.68913473653058
6493,c,51.68913473653058,51.68913473653058
6494,c,51.68913473653058,51.68913473653058
6495,t,51.68913473653058,51.68913473653058
6496,t,51.68913473653058,51.68913473653058
6497,c,51.68913473653058,51.68913473653058
6498,t,51.68913473653058,51.68913473653058
6499,c,51.68913473653058,51.68913473653058
6500,c,51.68913473653058,51.68913473653058
6501,t,51.68913473653058,51.68913473653058
6502,t,51.68913473653058,51.68913473653058
6503,c,51.68913473653058,51.68913473653058
6504,c,51.68913473653058,51.68913473653058
6505,c,51.68913473653058,51.68913473653058
6506,t,51.68913473653058,51.68913473653058
6507,t,51.68913473653058,51.68913473653058
6508,c,51.68913473653058,51.68913473653058
6509,t,51.68913473653058,51.68913473653058
6510,t,51.68913473653058,51.68913473653058
6511,t,51.68913473653058,51.68913473653058
6512,t,51.68913473653058,51.68913473653058
6513,c,51.68913473653058,51.68913473653058
6514,c,51.68913473653058,51.68913473653058
6515,t,51.68913473653058,51.68913473653058
6516,t,51.68913473653058,51.68913473653058
6517,na,6.0566675965388725,19.022870544973117
6518,c,51.68913473653058,51.68913473653058
6519,t,51.68913473653058,51.68913473653058
6520,c,51.68913473653058,51.68913473653058
6521,c,51.68913473653058,51.68913473653058
6522,c,51.68913473653058,51.68913473653058
6523,t,51.68913473653058,51.68913473653058
6524,t,51.68913473653058,51.68913473653058
6525,t,51.68913473653058,51.68913473653058
6526,c,51.68913473653058,51.68913473653058
6527,c,51.68913473653058,51.68913473653058
6528,c,51.68913473653058,51.68913473653058
6529,t,51.68913473653058,51.68913473653058
6530,c,51.68913473653058,51.68913473653058
6531,c,51.68913473653058,51.68913473653058
6532,c,51.68913473653058,51.68913473653058
6533,t,51.68913473653058,51.68913473653058
6534,t,51.68913473653058,51.68913473653058
6535,c,51.68913473653058,51.68913473653058
6536,t,51.68913473653058,51.68913473653058
6537,t,51.68913473653058,51.68913473653058
6538,c,51.68913473653058,51.68913473653058
6539,na,0,0.05329871402259298
6540,c,51.68913473653058,51.68913473653058
6541,c,51.68913473653058,51.68913473653058
6542,t,51.68913473653058,51.68913473653058
6543,t,51.68913473653058,51.68913473653058
6544,c,51.68913473653058,51.68913473653058
6545,t,51.68913473653058,51.68913473653058
6546,t,51.68913473653058,51.68913473653058
6547,t,51.68913473653058,51.68913473653058
6548,t,51.68913473653058,51.68913473653058
6549,t,51.68913473653058,51.68913473653058
6550,t,51.68913473653058,51.68913473653058
6551,c,51.68913473653058,51.68913473653058
6552,t,51.68913473653058,51.68913473653058
6553,t,51.68913473653058,51.68913473653058
6554,c,51.68913473653058,51.68913473653058
6555,t,51.68913473653058,51.68913473653058
6556,c,51.68913473653058,51.68913473653058
6557,c,51.68913473653058,51.68913473653058
6558,c,51.68913473653058,51.68913473653058
6559,t,51.68913473653058,51.68913473653058
6560,c,51.68913473653058,51.68913473653058
6561,t,51.68913473653058,51.68913473653058
6562,t,51.68913473653058,51.68913473653058
6563,t,51.68913473653058,51.68913473653058
6564,t,51.68913473653058,51.68913473653058
6565,t,51.68913473653058,51.68913473653058
6566,c,51.68913473653058,51.68913473653058
6567,t,51.68913473653058,51.68913473653058
6568,t,51.68913473653058,51.68913473653058
6569,c,51.68913473653058,51.68913473653058
6570,t,51.68913473653058,51.68913473653058
6571,c,51.68913473653058,51.68913473653058
6572,c,51.68913473653058,51.68913473653058
6573,t,51.68913473653058,51.68913473653058
6574,t,51.68913473653058,51.68913473653058
6575,t,51.68913473653058,51.68913473653058
6576,na,3.0945251630385804,10.692236705531197
6577,c,51.68913473653058,51.68913473653058
6578,c,51.68913473653058,51.68913473653058
6579,c,51.68913473653058,51.68913473653058
6580,t,51.68913473653058,51.68913473653058
6581,t,51.68913473653058,51.68913473653058
6582,c,51.68913473653058,51.68913473653058
6583,t,51.68913473653058,51.68913473653058
6584,t,51.68913473653058,51.68913473653058
6585,t,51.68913473653058,51.68913473653058
6586,c,51.68913473653058,51.68913473653058
6587,c,51.68913473653058,51.68913473653058
6588,c,51.68913473653058,51.68913473653058
6589,c,51.68913473653058,51.68913473653058
6590,c,51.68913473653058,51.68913473653058
6591,t,51.68913473653058,51.68913473653058
6592,t,51.68913473653058,51.68913473653058
6593,t,51.68913473653058,51.68913473653058
6594,t,51.68913473653058,51.68913473653058
6595,t,51.68913473653058,51.68913473653058
6596,t,51.68913473653058,51.68913473653058
6597,t,51.68913473653058,51.68913473653058
6598,t,51.68913473653058,51.68913473653058
6599,c,51.68913473653058,51.68913473653058
6600,t,51.68913473653058,51.68913473653058
6601,t,51.68913473653058,51.68913473653058
6602,c,51.68913473653058,51.68913473653058
6603,c,51.68913473653058,51.68913473653058
6604,t,51.68913473653058,51.68913473653058
6605,t,51.68913473653058,51.68913473653058
6606,c,51.68913473653058,51.68913473653058
6607,t,51.68913473653058,51.68913473653058
6608,t,51.68913473653058,51.68913473653058
6609,c,51.68913473653058,51.68913473653058
6610,c,51.68913473653058,51.68913473653058
6611,c,51.68913473653058,51.68913473653058
6612,c,51.68913473653058,51.68913473653058
6613,t,51.68913473653058,51.68913473653058
6614,t,51.68913473653058,51.68913473653058
6615,t,51.68913473653058,51.68913473653058
6616,t,51.68913473653058,51.68913473653058
6617,c,51.68913473653058,51.68913473653058
6618,t,51.68913473653058,51.68913473653058
6619,t,51.68913473653058,51.68913473653058
6620,c,51.68913473653058,51.68913473653058
6621,c,51.68913473653058,51.68913473653058
6622,c,51.68913473653058,51.68913473653058
6623,c,51.68913473653058,51.68913473653058
6624,c,51.68913473653058,51.68913473653058
6625,t,51.68913473653058,51.68913473653058
6626,c,51.68913473653058,51.68913473653058
6627,c,51.68913473653058,51.68913473653058
6628,t,51.68913473653058,51.68913473653058
6629,t,51.68913473653058,51.68913473653058
6630,t,51.68913473653058,51.68913473653058
6631,t,51.68913473653058,51.68913473653058
6632,t,51.68913473653058,51.68913473653058
6633,c,51.68913473653058,51.68913473653058
6634,t,51.68913473653058,51.68913473653058
6635,c,51.68913473653058,51.68913473653058
6636,t,51.68913473653058,51.68913473653058
6637,t,51.68913473653058,51.68913473653058
6638,t,51.68913473653058,51.68913473653058
6639,t,51.68913473653058,51.68913473653058
6640,c,51.68913473653058,51.68913473653058
6641,t,51.68913473653058,51.68913473653058
6642,c,51.68913473653058,51.68913473653058
6643,t,51.68913473653058,51.68913473653058
6644,t,51.68913473653058,51.68913473653058
6645,c,51.68913473653058,51.68913473653058
6646,t,51.68913473653058,51.68913473653058
6647,c,51.68913473653058,51.68913473653058
6648,c,51.68913473653058,51.68913473653058
6649,c,51.68913473653058,51.68913473653058
6650,t,51.68913473653058,51.68913473653058
6651,c,51.68913473653058,51.68913473653058
6652,c,51.68913473653058,51.68913473653058
6653,c,51.68913473653058,51.68913473653058
6654,t,51.68913473653058,51.68913473653058
6655,c,51.68913473653058,51.68913473653058
6656,c,51.68913473653058,51.68913473653058
6657,c,51.68913473653058,51.68913473653058
6658,t,51.68913473653058,51.68913473653058
6659,t,51.68913473653058,51.68913473653058
6660,c,3.213126796540617,5.266633933309933
6661,c,51.68913473653058,51.68913473653058
6662,c,51.68913473653058,51.68913473653058
6663,t,51.68913473653058,51.68913473653058
6664,c,51.68913473653058,51.68913473653058
6665,t,51.68913473653058,51.68913473653058
6666,t,51.68913473653058,51.68913473653058
6667,c,51.68913473653058,51.68913473653058
6668,t,51.68913473653058,51.68913473653058
6669,c,51.68913473653058,51.68913473653058
6670,c,51.68913473653058,51.68913473653058
6671,t,51.68913473653058,51.68913473653058
6672,c,51.68913473653058,51.68913473653058
6673,t,51.68913473653058,51.68913473653058
6674,t,51.68913473653058,51.68913473653058
6675,c,51.68913473653058,51.68913473653058
6676,t,51.68913473653058,51.68913473653058
6677,t,51.68913473653058,51.68913473653058
6678,t,51.68913473653058,51.68913473653058
6679,t,51.68913473653058,51.68913473653058
6680,c,51.68913473653058,51.68913473653058
6681,t,51.68913473653058,51.68913473653058
6682,c,51.68913473653058,51.68913473653058
6683,c,51.68913473653058,51.68913473653058
6684,c,51.68913473653058,51.68913473653058
6685,c,51.68913473653058,51.68913473653058
6686,c,51.68913473653058,51.68913473653058
6687,t,51.68913473653058,51.68913473653058
6688,c,51.68913473653058,51.68913473653058
6689,c,51.68913473653058,51.68913473653058
6690,c,51.68913473653058,51.68913473653058
6691,t,51.68913473653058,51.68913473653058
6692,c,51.68913473653058,51.68913473653058
6693,t,51.68913473653058,51.68913473653058
6694,t,51.68913473653058,51.68913473653058
6695,c,51.68913473653058,51.68913473653058
6696,t,51.68913473653058,51.68913473653058
6697,t,51.68913473653058,51.68913473653058
6698,c,51.68913473653058,51.68913473653058
6699,c,51.68913473653058,51.68913473653058
6700,c,51.68913473653058,51.68913473653058
6701,c,51.68913473653058,51.68913473653058
6702,c,51.68913473653058,51.68913473653058
6703,c,51.68913473653058,51.68913473653058
6704,t,51.68913473653058,51.68913473653058
6705,c,51.68913473653058,51.68913473653058
6706,t,51.68913473653058,51.68913473653058
6707,t,51.68913473653058,51.68913473653058
6708,t,51.68913473653058,51.68913473653058
6709,c,51.68913473653058,51.68913473653058
6710,c,51.68913473653058,51.68913473653058
6711,t,51.68913473653058,51.68913473653058
6712,c,51.68913473653058,51.68913473653058
6713,t,51.68913473653058,51.68913473653058
6714,c,51.68913473653058,51.68913473653058
6715,t,51.68913473653058,51.68913473653058
6716,t,51.68913473653058,51.68913473653058
6717,c,51.68913473653058,51.68913473653058
6718,c,51.68913473653058,51.68913473653058
6719,c,51.68913473653058,51.68913473653058
6720,t,51.68913473653058,51.68913473653058
6721,c,51.68913473653058,51.68913473653058
6722,t,51.68913473653058,51.68913473653058
6723,c,10.618912271735518,12.003044453577195
6724,t,51.68913473653058,51.68913473653058
6725,t,51.68913473653058,51.68913473653058
6726,t,51.68913473653058,51.68913473653058
6727,c,51.68913473653058,51.68913473653058
6728,c,51.68913473653058,51.68913473653058
6729,c,51.68913473653058,51.68913473653058
6730,c,51.68913473653058,51.68913473653058
6731,c,51.68913473653058,51.68913473653058
6732,c,51.68913473653058,51.68913473653058
6733,c,51.68913473653058,51.68913473653058
6734,t,51.68913473653058,51.68913473653058
6735,c,51.68913473653058,51.68913473653058
6736,t,51.68913473653058,51.68913473653058
6737,c,51.68913473653058,51.68913473653058
6738,c,51.68913473653058,51.68913473653058
6739,c,51.68913473653058,51.68913473653058
6740,c,51.68913473653058,51.68913473653058
6741,t,51.68913473653058,51.68913473653058
6742,c,51.68913473653058,51.68913473653058
6743,t,51.68913473653058,51.68913473653058
6744,c,51.68913473653058,51.68913473653058
6745,c,51.68913473653058,51.68913473653058
6746,c,51.68913473653058,51.68913473653058
6747,t,51.68913473653058,51.68913473653058
6748,c,51.68913473653058,51.68913473653058
6749,c,51.68913473653058,51.68913473653058
6750,t,51.68913473653058,51.68913473653058
6751,t,51.68913473653058,51.68913473653058
6752,t,51.68913473653058,51.68913473653058
6753,c,51.68913473653058,51.68913473653058
6754,t,51.68913473653058,51.68913473653058
6755,c,51.68913473653058,51.68913473653058
6756,c,51.68913473653058,51.68913473653058
6757,t,51.68913473653058,51.68913473653058
6758,t,51.68913473653058,51.68913473653058
6759,t,51.68913473653058,51.68913473653058
6760,t,51.68913473653058,51.68913473653058
6761,t,51.68913473653058,51.68913473653058
6762,c,51.68913473653058,51.68913473653058
6763,c,51.68913473653058,51.68913473653058
6764,c,51.68913473653058,51.68913473653058
6765,c,51.68913473653058,51.68913473653058
6766,c,51.68913473653058,51.68913473653058
6767,t,51.68913473653058,51.68913473653058
6768,c,11.959671897274337,12.323754466480205
6769,t,51.68913473653058,51.68913473653058
6770,t,51.68913473653058,51.68913473653058
6771,c,51.68913473653058,51.68913473653058
6772,c,51.68913473653058,51.68913473653058
6773,t,51.68913473653058,51.68913473653058
6774,t,51.68913473653058,51.68913473653058
6775,t,51.68913473653058,51.68913473653058
6776,t,51.68913473653058,51.68913473653058
6777,t,51.68913473653058,51.68913473653058
6778,t,51.68913473653058,51.68913473653058
6779,t,51.68913473653058,51.68913473653058
6780,t,51.68913473653058,51.68913473653058
6781,c,51.68913473653058,51.68913473653058
6782,t,51.68913473653058,51.68913473653058
6783,t,51.68913473653058,51.68913473653058
6784,t,51.68913473653058,51.68913473653058
6785,t,51.68913473653058,51.68913473653058
6786,t,51.68913473653058,51.68913473653058
6787,t,51.68913473653058,51.68913473653058
6788,t,51.68913473653058,51.68913473653058
6789,c,51.68913473653058,51.68913473653058
6790,t,51.68913473653058,51.68913473653058
6791,c,51.68913473653058,51.68913473653058
6792,c,51.68913473653058,51.68913473653058
6793,t,51.68913473653058,51.68913473653058
6794,c,51.68913473653058,51.68913473653058
6795,t,51.68913473653058,51.68913473653058
6796,t,51.68913473653058,51.68913473653058
6797,c,51.68913473653058,51.68913473653058
6798,t,51.68913473653058,51.68913473653058
6799,c,51.68913473653058,51.68913473653058
6800,c,51.68913473653058,51.68913473653058
6801,c,51.68913473653058,51.68913473653058
6802,c,51.68913473653058,51.68913473653058
6803,c,51.68913473653058,51.68913473653058
6804,t,51.68913473653058,51.68913473653058
6805,c,51.68913473653058,51.68913473653058
6806,c,51.68913473653058,51.68913473653058
6807,c,51.68913473653058,51.68913473653058
6808,c,51.68913473653058,51.68913473653058
6809,t,51.68913473653058,51.68913473653058
6810,t,51.68913473653058,51.68913473653058
6811,t,51.68913473653058,51.68913473653058
6812,t,51.68913473653058,51.68913473653058
6813,c,51.68913473653058,51.68913473653058
6814,c,51.68913473653058,51.68913473653058
6815,c,51.68913473653058,51.68913473653058
6816,c,51.68913473653058,51.68913473653058
6817,t,51.68913473653058,51.68913473653058
6818,c,51.68913473653058,51.68913473653058
6819,c,51.68913473653058,51.68913473653058
6820,c,51.68913473653058,51.68913473653058
6821,c,51.68913473653058,51.68913473653058
6822,c,51.68913473653058,51.68913473653058
6823,c,51.68913473653058,51.68913473653058
6824,t,51.68913473653058,51.68913473653058
6825,c,51.68913473653058,51.68913473653058
6826,c,51.68913473653058,51.68913473653058
6827,t,51.68913473653058,51.68913473653058
6828,t,51.68913473653058,51.68913473653058
6829,c,51.68913473653058,51.68913473653058
6830,c,51.68913473653058,51.68913473653058
6831,t,51.68913473653058,51.68913473653058
6832,t,51.68913473653058,51.68913473653058
6833,c,51.68913473653058,51.68913473653058
6834,c,51.68913473653058,51.68913473653058
6835,na,-1,0
6836,t,51.68913473653058,51.68913473653058
6837,t,51.68913473653058,51.68913473653058
6838,c,51.68913473653058,51.68913473653058
6839,c,51.68913473653058,51.68913473653058
6840,t,51.68913473653058,51.68913473653058
6841,c,51.68913473653058,51.68913473653058
6842,t,51.68913473653058,51.68913473653058
6843,t,51.68913473653058,51.68913473653058
6844,c,51.68913473653058,51.68913473653058
6845,t,51.68913473653058,51.68913473653058
6846,t,51.68913473653058,51.68913473653058
6847,c,51.68913473653058,51.68913473653058
6848,c,51.68913473653058,51.68913473653058
6849,t,51.68913473653058,51.68913473653058
6850,c,51.68913473653058,51.68913473653058
6851,c,51.68913473653058,51.68913473653058
6852,c,51.68913473653058,51.68913473653058
6853,c,51.68913473653058,51.68913473653058
6854,t,51.68913473653058,51.68913473653058
6855,c,51.68913473653058,51.68913473653058
6856,t,51.68913473653058,51.68913473653058
6857,t,51.68913473653058,51.68913473653058
6858,t,51.68913473653058,51.68913473653058
6859,c,51.68913473653058,51.68913473653058
6860,c,51.68913473653058,51.68913473653058
6861,c,51.68913473653058,51.68913473653058
6862,t,51.68913473653058,51.68913473653058
6863,c,51.68913473653058,51.68913473653058
6864,t,51.68913473653058,51.68913473653058
6865,c,51.68913473653058,51.68913473653058
6866,c,51.68913473653058,51.68913473653058
6867,t,51.68913473653058,51.68913473653058
6868,c,51.68913473653058,51.68913473653058
6869,t,51.68913473653058,51.68913473653058
6870,c,51.68913473653058,51.68913473653058
6871,c,51.68913473653058,51.68913473653058
6872,c,51.68913473653058,51.68913473653058
6873,t,51.68913473653058,51.68913473653058
6874,c,51.68913473653058,51.68913473653058
6875,t,51.68913473653058,51.68913473653058
6876,t,51.68913473653058,51.68913473653058
6877,t,51.68913473653058,51.68913473653058
6878,t,51.68913473653058,51.68913473653058
6879,c,51.68913473653058,51.68913473653058
6880,c,51.68913473653058,51.68913473653058
6881,t,51.68913473653058,51.68913473653058
6882,c,51.68913473653058,51.68913473653058
6883,t,51.68913473653058,51.68913473653058
6884,t,51.68913473653058,51.68913473653058
6885,c,51.68913473653058,51.68913473653058
6886,t,51.68913473653058,51.68913473653058
6887,c,51.68913473653058,51.68913473653058
6888,t,51.68913473653058,51.68913473653058
6889,c,51.68913473653058,51.68913473653058
6890,c,51.68913473653058,51.68913473653058
6891,t,51.68913473653058,51.68913473653058
6892,t,51.68913473653058,51.68913473653058
6893,c,51.68913473653058,51.68913473653058
6894,c,51.68913473653058,51.68913473653058
6895,t,51.68913473653058,51.68913473653058
6896,t,51.68913473653058,51.68913473653058
6897,t,51.68913473653058,51.68913473653058
6898,c,51.68913473653058,51.68913473653058
6899,t,51.68913473653058,51.68913473653058
6900,t,51.68913473653058,51.68913473653058
6901,t,51.68913473653058,51.68913473653058
6902,t,51.68913473653058,51.68913473653058
6903,c,51.68913473653058,51.68913473653058
6904,c,51.68913473653058,51.68913473653058
6905,c,51.68913473653058,51.68913473653058
6906,c,51.68913473653058,51.68913473653058
6907,c,51.68913473653058,51.68913473653058
6908,t,51.68913473653058,51.68913473653058
6909,c,51.68913473653058,51.68913473653058
6910,c,51.68913473653058,51.68913473653058
6911,t,51.68913473653058,51.68913473653058
6912,c,8.420297889361194,10.012133209294339
6913,t,51.68913473653058,51.68913473653058
6914,c,51.68913473653058,51.68913473653058
6915,t,51.68913473653058,51.68913473653058
6916,t,51.68913473653058,51.68913473653058
6917,t,51.68913473653058,51.68913473653058
6918,t,51.68913473653058,51.68913473653058
6919,t,51.68913473653058,51.68913473653058
6920,c,51.68913473653058,51.68913473653058
6921,c,51.68913473653058,51.68913473653058
6922,c,51.68913473653058,51.68913473653058
6923,t,51.68913473653058,51.68913473653058
6924,c,51.68913473653058,51.68913473653058
6925,c,51.68913473653058,51.68913473653058
6926,c,51.68913473653058,51.68913473653058
6927,c,51.68913473653058,51.68913473653058
6928,c,51.68913473653058,51.68913473653058
6929,t,51.68913473653058,51.68913473653058
6930,t,51.68913473653058,51.68913473653058
6931,t,51.68913473653058,51.68913473653058
6932,c,51.68913473653058,51.68913473653058
6933,c,51.68913473653058,51.68913473653058
6934,t,51.68913473653058,51.68913473653058
6935,t,51.68913473653058,51.68913473653058
6936,c,51.68913473653058,51.68913473653058
6937,t,51.68913473653058,51.68913473653058
6938,c,51.68913473653058,51.68913473653058
6939,t,51.68913473653058,51.68913473653058
6940,c,51.68913473653058,51.68913473653058
6941,t,51.68913473653058,51.68913473653058
6942,t,51.68913473653058,51.68913473653058
6943,t,51.68913473653058,51.68913473653058
6944,c,51.68913473653058,51.68913473653058
6945,t,51.68913473653058,51.68913473653058
6946,t,51.68913473653058,51.68913473653058
6947,c,51.68913473653058,51.68913473653058
6948,t,51.68913473653058,51.68913473653058
6949,c,51.68913473653058,51.68913473653058
6950,t,51.68913473653058,51.68913473653058
6951,c,51.68913473653058,51.68913473653058
6952,t,51.68913473653058,51.68913473653058
6953,c,51.68913473653058,51.68913473653058
6954,c,51.68913473653058,51.68913473653058
6955,c,51.68913473653058,51.68913473653058
6956,t,51.68913473653058,51.68913473653058
6957,c,51.68913473653058,51.68913473653058
6958,t,51.68913473653058,51.68913473653058
6959,c,51.68913473653058,51.68913473653058
6960,c,51.68913473653058,51.68913473653058
6961,c,51.68913473653058,51.68913473653058
6962,c,51.68913473653058,51.68913473653058
6963,c,51.68913473653058,51.68913473653058
6964,c,51.68913473653058,51.68913473653058
6965,c,51.68913473653058,51.68913473653058
6966,c,51.68913473653058,51.68913473653058
6967,t,51.68913473653058,51.68913473653058
6968,t,51.68913473653058,51.68913473653058
6969,t,51.68913473653058,51.68913473653058
6970,c,51.68913473653058,51.68913473653058
6971,t,51.68913473653058,51.68913473653058
6972,t,51.68913473653058,51.68913473653058
6973,t,51.68913473653058,51.68913473653058
6974,t,51.68913473653058,51.68913473653058
6975,t,51.68913473653058,51.68913473653058
6976,c,51.68913473653058,51.68913473653058
6977,na,13.779642362990312,19.596294729352458
6978,t,51.68913473653058,51.68913473653058
6979,t,51.68913473653058,51.68913473653058
6980,c,51.68913473653058,51.68913473653058
6981,t,51.68913473653058,51.68913473653058
6982,t,51.68913473653058,51.68913473653058
6983,c,51.68913473653058,51.68913473653058
6984,c,51.68913473653058,51.68913473653058
6985,t,51.68913473653058,51.68913473653058
6986,c,51.68913473653058,51.68913473653058
6987,c,51.68913473653058,51.68913473653058
6988,t,51.68913473653058,51.68913473653058
6989,t,51.68913473653058,51.68913473653058
6990,c,51.68913473653058,51.68913473653058
6991,c,51.68913473653058,51.68913473653058
6992,c,51.68913473653058,51.68913473653058
6993,t,51.68913473653058,51.68913473653058
6994,t,51.68913473653058,51.68913473653058
6995,c,51.68913473653058,51.68913473653058
6996,t,51.68913473653058,51.68913473653058
6997,t,51.68913473653058,51.68913473653058
6998,c,51.68913473653058,51.68913473653058
6999,t,51.68913473653058,51.68913473653058
7000,c,51.68913473653058,51.68913473653058
7001,t,51.68913473653058,51.68913473653058
7002,c,51.68913473653058,51.68913473653058
7003,c,51.68913473653058,51.68913473653058
7004,t,51.68913473653058,51.68913473653058
7005,t,51.68913473653058,51.68913473653058
7006,t,51.68913473653058,51.68913473653058
7007,c,51.68913473653058,51.68913473653058
7008,t,51.68913473653058,51.68913473653058
7009,c,51.68913473653058,51.68913473653058
7010,c,51.68913473653058,51.68913473653058
7011,t,51.68913473653058,51.68913473653058
7012,c,51.68913473653058,51.68913473653058
7013,c,51.68913473653058,51.68913473653058
7014,c,51.68913473653058,51.68913473653058
7015,c,51.68913473653058,51.68913473653058
7016,c,51.68913473653058,51.68913473653058
7017,c,51.68913473653058,51.68913473653058
7018,t,51.68913473653058,51.68913473653058
7019,c,51.68913473653058,51.68913473653058
7020,c,51.68913473653058,51.68913473653058
7021,t,51.68913473653058,51.68913473653058
7022,t,51.68913473653058,51.68913473653058
7023,c,51.68913473653058,51.68913473653058
7024,c,51.68913473653058,51.68913473653058
7025,t,51.68913473653058,51.68913473653058
7026,t,51.68913473653058,51.68913473653058
7027,c,51.68913473653058,51.68913473653058
7028,c,51.68913473653058,51.68913473653058
7029,t,51.68913473653058,51.68913473653058
7030,c,51.68913473653058,51.68913473653058
7031,c,51.68913473653058,51.68913473653058
7032,t,51.68913473653058,51.68913473653058
7033,t,51.68913473653058,51.68913473653058
7034,c,51.68913473653058,51.68913473653058
7035,t,51.68913473653058,51.68913473653058
7036,c,51.68913473653058,51.68913473653058
7037,c,51.68913473653058,51.68913473653058
7038,c,51.68913473653058,51.68913473653058
7039,c,51.68913473653058,51.68913473653058
7040,t,51.68913473653058,51.68913473653058
7041,c,51.68913473653058,51.68913473653058
7042,t,51.68913473653058,51.68913473653058
7043,c,51.68913473653058,51.68913473653058
7044,c,51.68913473653058,51.68913473653058
7045,c,51.68913473653058,51.68913473653058
7046,t,51.68913473653058,51.68913473653058
7047,c,51.68913473653058,51.68913473653058
7048,c,51.68913473653058,51.68913473653058
7049,t,51.68913473653058,51.68913473653058
7050,t,51.68913473653058,51.68913473653058
7051,t,51.68913473653058,51.68913473653058
7052,c,51.68913473653058,51.68913473653058
7053,c,51.68913473653058,51.68913473653058
7054,t,51.68913473653058,51.68913473653058
7055,t,51.68913473653058,51.68913473653058
7056,c,51.68913473653058,51.68913473653058
7057,c,51.68913473653058,51.68913473653058
7058,c,51.68913473653058,51.68913473653058
7059,c,51.68913473653058,51.68913473653058
7060,t,51.68913473653058,51.68913473653058
7061,t,51.68913473653058,51.68913473653058
7062,c,51.68913473653058,51.68913473653058
7063,t,51.68913473653058,51.68913473653058
7064,c,51.68913473653058,51.68913473653058
7065,t,51.68913473653058,51.68913473653058
7066,c,51.68913473653058,51.68913473653058
7067,t,51.68913473653058,51.68913473653058
7068,t,51.68913473653058,51.68913473653058
7069,c,51.68913473653058,51.68913473653058
7070,t,51.68913473653058,51.68913473653058
7071,c,51.68913473653058,51.68913473653058
7072,t,51.68913473653058,51.68913473653058
7073,c,51.68913473653058,51.68913473653058
7074,t,51.68913473653058,51.68913473653058
7075,t,51.68913473653058,51.68913473653058
7076,t,51.68913473653058,51.68913473653058
7077,c,51.68913473653058,51.68913473653058
7078,t,51.68913473653058,51.68913473653058
7079,c,51.68913473653058,51.68913473653058
7080,c,51.68913473653058,51.68913473653058
7081,c,51.68913473653058,51.68913473653058
7082,t,51.68913473653058,51.68913473653058
7083,t,51.68913473653058,51.68913473653058
7084,c,51.68913473653058,51.68913473653058
7085,c,51.68913473653058,51.68913473653058
7086,t,51.68913473653058,51.68913473653058
7087,c,51.68913473653058,51.68913473653058
7088,c,51.68913473653058,51.68913473653058
7089,c,51.68913473653058,51.68913473653058
7090,c,51.68913473653058,51.68913473653058
7091,t,51.68913473653058,51.68913473653058
7092,c,51.68913473653058,51.68913473653058
7093,c,51.68913473653058,51.68913473653058
7094,t,51.68913473653058,51.68913473653058
7095,c,51.68913473653058,51.68913473653058
7096,c,51.68913473653058,51.68913473653058
7097,c,51.68913473653058,51.68913473653058
7098,t,51.68913473653058,51.68913473653058
7099,t,51.68913473653058,51.68913473653058
7100,c,51.68913473653058,51.68913473653058
7101,t,51.68913473653058,51.68913473653058
7102,t,51.68913473653058,51.68913473653058
7103,t,51.68913473653058,51.68913473653058
7104,c,51.68913473653058,51.68913473653058
7105,t,51.68913473653058,51.68913473653058
7106,t,51.68913473653058,51.68913473653058
7107,c,51.68913473653058,51.68913473653058
7108,c,48.090181321625366,51.68913473653058
7109,t,51.68913473653058,51.68913473653058
7110,t,51.68913473653058,51.68913473653058
7111,t,51.68913473653058,51.68913473653058
7112,c,51.68913473653058,51.68913473653058
7113,c,51.68913473653058,51.68913473653058
7114,c,51.68913473653058,51.68913473653058
7115,t,51.68913473653058,51.68913473653058
7116,t,51.68913473653058,51.68913473653058
7117,c,51.68913473653058,51.68913473653058
7118,c,51.68913473653058,51.68913473653058
7119,t,51.68913473653058,51.68913473653058
7120,t,51.68913473653058,51.68913473653058
7121,t,51.68913473653058,51.68913473653058
7122,t,51.68913473653058,51.68913473653058
7123,t,51.68913473653058,51.68913473653058
7124,c,51.68913473653058,51.68913473653058
7125,t,51.68913473653058,51.68913473653058
7126,c,51.68913473653058,51.68913473653058
7127,t,51.68913473653058,51.68913473653058
7128,c,51.68913473653058,51.68913473653058
7129,c,51.68913473653058,51.68913473653058
7130,t,51.68913473653058,51.68913473653058
7131,t,51.68913473653058,51.68913473653058
7132,c,51.68913473653058,51.68913473653058
7133,t,51.68913473653058,51.68913473653058
7134,c,51.68913473653058,51.68913473653058
7135,c,51.68913473653058,51.68913473653058
7136,t,51.68913473653058,51.68913473653058
7137,c,51.68913473653058,51.68913473653058
7138,t,51.68913473653058,51.68913473653058
7139,t,51.68913473653058,51.68913473653058
7140,t,51.68913473653058,51.68913473653058
7141,t,51.68913473653058,51.68913473653058
7142,c,51.68913473653058,51.68913473653058
7143,t,51.68913473653058,51.68913473653058
7144,t,51.68913473653058,51.68913473653058
7145,t,51.68913473653058,51.68913473653058
7146,c,51.68913473653058,51.68913473653058
7147,na,-1,0
7148,t,51.68913473653058,51.68913473653058
7149,c,51.68913473653058,51.68913473653058
7150,t,51.68913473653058,51.68913473653058
7151,c,51.68913473653058,51.68913473653058
7152,c,51.68913473653058,51.68913473653058
7153,c,51.68913473653058,51.68913473653058
7154,c,51.68913473653058,51.68913473653058
7155,t,51.68913473653058,51.68913473653058
7156,c,51.68913473653058,51.68913473653058
7157,c,51.68913473653058,51.68913473653058
7158,c,51.68913473653058,51.68913473653058
7159,t,51.68913473653058,51.68913473653058
7160,t,51.68913473653058,51.68913473653058
7161,t,51.68913473653058,51.68913473653058
7162,c,51.68913473653058,51.68913473653058
7163,t,51.68913473653058,51.68913473653058
7164,t,51.68913473653058,51.68913473653058
7165,t,51.68913473653058,51.68913473653058
7166,c,51.68913473653058,51.68913473653058
7167,t,51.68913473653058,51.68913473653058
7168,c,51.68913473653058,51.68913473653058
7169,t,51.68913473653058,51.68913473653058
7170,c,51.68913473653058,51.68913473653058
7171,c,51.68913473653058,51.68913473653058
7172,t,51.68913473653058,51.68913473653058
7173,t,51.68913473653058,51.68913473653058
7174,c,51.68913473653058,51.68913473653058
7175,c,51.68913473653058,51.68913473653058
7176,t,51.68913473653058,51.68913473653058
7177,t,51.68913473653058,51.68913473653058
7178,t,51.68913473653058,51.68913473653058
7179,t,51.68913473653058,51.68913473653058
7180,t,51.68913473653058,51.68913473653058
7181,c,51.68913473653058,51.68913473653058
7182,t,51.68913473653058,51.68913473653058
7183,t,51.68913473653058,51.68913473653058
7184,t,51.68913473653058,51.68913473653058
7185,c,51.68913473653058,51.68913473653058
7186,t,51.68913473653058,51.68913473653058
7187,c,51.68913473653058,51.68913473653058
7188,c,51.68913473653058,51.68913473653058
7189,c,51.68913473653058,51.68913473653058
7190,c,51.68913473653058,51.68913473653058
7191,t,51.68913473653058,51.68913473653058
7192,t,51.68913473653058,51.68913473653058
7193,t,51.68913473653058,51.68913473653058
7194,t,51.68913473653058,51.68913473653058
7195,c,51.68913473653058,51.68913473653058
7196,t,51.68913473653058,51.68913473653058
7197,t,51.68913473653058,51.68913473653058
7198,t,51.68913473653058,51.68913473653058
7199,t,51.68913473653058,51.68913473653058
7200,c,51.68913473653058,51.68913473653058
7201,t,51.68913473653058,51.68913473653058
7202,c,51.68913473653058,51.68913473653058
7203,t,51.68913473653058,51.68913473653058
7204,t,51.68913473653058,51.68913473653058
7205,t,51.68913473653058,51.68913473653058
7206,t,51.68913473653058,51.68913473653058
7207,c,51.68913473653058,51.68913473653058
7208,c,51.68913473653058,51.68913473653058
7209,c,51.68913473653058,51.68913473653058
7210,t,51.68913473653058,51.68913473653058
7211,c,51.68913473653058,51.68913473653058
7212,t,51.68913473653058,51.68913473653058
7213,t,51.68913473653058,51.68913473653058
7214,t,51.68913473653058,51.68913473653058
7215,c,51.68913473653058,51.68913473653058
7216,c,51.68913473653058,51.68913473653058
7217,t,51.68913473653058,51.68913473653058
7218,c,51.68913473653058,51.68913473653058
7219,t,51.68913473653058,51.68913473653058
7220,t,51.68913473653058,51.68913473653058
7221,c,51.68913473653058,51.68913473653058
7222,t,51.68913473653058,51.68913473653058
7223,c,51.68913473653058,51.68913473653058
7224,t,51.68913473653058,51.68913473653058
7225,c,51.68913473653058,51.68913473653058
7226,c,51.68913473653058,51.68913473653058
7227,t,51.68913473653058,51.68913473653058
7228,t,51.68913473653058,51.68913473653058
7229,t,51.68913473653058,51.68913473653058
7230,c,51.68913473653058,51.68913473653058
7231,t,51.68913473653058,51.68913473653058
7232,t,51.68913473653058,51.68913473653058
7233,t,51.68913473653058,51.68913473653058
7234,t,51.68913473653058,51.68913473653058
7235,c,51.68913473653058,51.68913473653058
7236,t,51.68913473653058,51.68913473653058
7237,t,51.68913473653058,51.68913473653058
7238,c,51.68913473653058,51.68913473653058
7239,c,51.68913473653058,51.68913473653058
7240,c,51.68913473653058,51.68913473653058
7241,c,51.68913473653058,51.68913473653058
7242,t,51.68913473653058,51.68913473653058
7243,t,51.68913473653058,51.68913473653058
7244,t,51.68913473653058,51.68913473653058
7245,t,51.68913473653058,51.68913473653058
7246,t,51.68913473653058,51.68913473653058
7247,t,51.68913473653058,51.68913473653058
7248,t,51.68913473653058,51.68913473653058
7249,t,51.68913473653058,51.68913473653058
7250,c,51.68913473653058,51.68913473653058
7251,c,51.68913473653058,51.68913473653058
7252,t,51.68913473653058,51.68913473653058
7253,t,51.68913473653058,51.68913473653058
7254,t,51.68913473653058,51.68913473653058
7255,t,51.68913473653058,51.68913473653058
7256,t,51.68913473653058,51.68913473653058
7257,c,51.68913473653058,51.68913473653058
7258,c,51.68913473653058,51.68913473653058
7259,c,51.68913473653058,51.68913473653058
7260,t,51.68913473653058,51.68913473653058
7261,t,51.68913473653058,51.68913473653058
7262,c,51.68913473653058,51.68913473653058
7263,c,51.68913473653058,51.68913473653058
7264,t,51.68913473653058,51.68913473653058
7265,c,51.68913473653058,51.68913473653058
7266,t,51.68913473653058,51.68913473653058
7267,c,51.68913473653058,51.68913473653058
7268,t,51.68913473653058,51.68913473653058
7269,c,51.68913473653058,51.68913473653058
7270,c,51.68913473653058,51.68913473653058
7271,t,51.68913473653058,51.68913473653058
7272,t,51.68913473653058,51.68913473653058
7273,c,51.68913473653058,51.68913473653058
7274,t,51.68913473653058,51.68913473653058
7275,c,51.68913473653058,51.68913473653058
7276,c,51.68913473653058,51.68913473653058
7277,t,51.68913473653058,51.68913473653058
7278,t,51.68913473653058,51.68913473653058
7279,c,51.68913473653058,51.68913473653058
7280,c,51.68913473653058,51.68913473653058
7281,t,51.68913473653058,51.68913473653058
7282,c,51.68913473653058,51.68913473653058
7283,c,51.68913473653058,51.68913473653058
7284,t,51.68913473653058,51.68913473653058
7285,c,51.68913473653058,51.68913473653058
7286,c,51.68913473653058,51.68913473653058
7287,t,51.68913473653058,51.68913473653058
7288,t,51.68913473653058,51.68913473653058
7289,c,51.68913473653058,51.68913473653058
7290,c,51.68913473653058,51.68913473653058
7291,t,51.68913473653058,51.68913473653058
7292,c,51.68913473653058,51.68913473653058
7293,c,51.68913473653058,51.68913473653058
7294,t,51.68913473653058,51.68913473653058
7295,c,51.68913473653058,51.68913473653058
7296,t,51.68913473653058,51.68913473653058
7297,c,51.68913473653058,51.68913473653058
7298,c,51.68913473653058,51.68913473653058
7299,c,51.68913473653058,51.68913473653058
7300,t,51.68913473653058,51.68913473653058
7301,t,51.68913473653058,51.68913473653058
7302,c,51.68913473653058,51.68913473653058
7303,t,51.68913473653058,51.68913473653058
7304,c,51.68913473653058,51.68913473653058
7305,c,51.68913473653058,51.68913473653058
7306,t,51.68913473653058,51.68913473653058
7307,c,51.68913473653058,51.68913473653058
7308,c,51.68913473653058,51.68913473653058
7309,c,51.68913473653058,51.68913473653058
7310,t,51.68913473653058,51.68913473653058
7311,t,51.68913473653058,51.68913473653058
7312,t,51.68913473653058,51.68913473653058
7313,t,51.68913473653058,51.68913473653058
7314,t,51.68913473653058,51.68913473653058
7315,c,51.68913473653058,51.68913473653058
7316,t,51.68913473653058,51.68913473653058
7317,t,51.68913473653058,51.68913473653058
7318,t,51.68913473653058,51.68913473653058
7319,c,51.68913473653058,51.68913473653058
7320,c,51.68913473653058,51.68913473653058
7321,c,51.68913473653058,51.68913473653058
7322,c,51.68913473653058,51.68913473653058
7323,c,51.68913473653058,51.68913473653058
7324,t,51.68913473653058,51.68913473653058
7325,c,51.68913473653058,51.68913473653058
7326,c,51.68913473653058,51.68913473653058
7327,c,51.68913473653058,51.68913473653058
7328,t,51.68913473653058,51.68913473653058
7329,t,51.68913473653058,51.68913473653058
7330,t,51.68913473653058,51.68913473653058
7331,c,51.68913473653058,51.68913473653058
7332,c,51.68913473653058,51.68913473653058
7333,c,51.68913473653058,51.68913473653058
7334,t,51.68913473653058,51.68913473653058
7335,t,51.68913473653058,51.68913473653058
7336,t,51.68913473653058,51.68913473653058
7337,c,51.68913473653058,51.68913473653058
7338,c,51.68913473653058,51.68913473653058
7339,c,51.68913473653058,51.68913473653058
7340,t,51.68913473653058,51.68913473653058
7341,t,51.68913473653058,51.68913473653058
7342,c,51.68913473653058,51.68913473653058
7343,c,51.68913473653058,51.68913473653058
7344,c,51.68913473653058,51.68913473653058
7345,t,51.68913473653058,51.68913473653058
7346,t,51.68913473653058,51.68913473653058
7347,t,51.68913473653058,51.68913473653058
7348,c,51.68913473653058,51.68913473653058
7349,t,51.68913473653058,51.68913473653058
7350,c,51.68913473653058,51.68913473653058
7351,c,51.68913473653058,51.68913473653058
7352,t,51.68913473653058,51.68913473653058
7353,c,51.68913473653058,51.68913473653058
7354,c,51.68913473653058,51.68913473653058
7355,t,51.68913473653058,51.68913473653058
7356,c,51.68913473653058,51.68913473653058
7357,t,51.68913473653058,51.68913473653058
7358,na,0,0.7510506897284518
7359,t,51.68913473653058,51.68913473653058
7360,c,51.68913473653058,51.68913473653058
7361,c,51.68913473653058,51.68913473653058
7362,c,51.68913473653058,51.68913473653058
7363,t,51.68913473653058,51.68913473653058
7364,c,51.68913473653058,51.68913473653058
7365,t,51.68913473653058,51.68913473653058
7366,c,51.68913473653058,51.68913473653058
7367,t,51.68913473653058,51.68913473653058
7368,c,51.68913473653058,51.68913473653058
7369,c,51.68913473653058,51.68913473653058
7370,t,51.68913473653058,51.68913473653058
7371,t,51.68913473653058,51.68913473653058
7372,t,51.68913473653058,51.68913473653058
7373,c,51.68913473653058,51.68913473653058
7374,t,51.68913473653058,51.68913473653058
7375,c,51.68913473653058,51.68913473653058
7376,c,51.68913473653058,51.68913473653058
7377,t,51.68913473653058,51.68913473653058
7378,t,51.68913473653058,51.68913473653058
7379,t,51.68913473653058,51.68913473653058
7380,t,51.68913473653058,51.68913473653058
7381,t,51.68913473653058,51.68913473653058
7382,c,51.68913473653058,51.68913473653058
7383,c,51.68913473653058,51.68913473653058
7384,c,51.68913473653058,51.68913473653058
7385,t,51.68913473653058,51.68913473653058
7386,t,51.68913473653058,51.68913473653058
7387,c,51.68913473653058,51.68913473653058
7388,t,51.68913473653058,51.68913473653058
7389,c,51.68913473653058,51.68913473653058
7390,t,51.68913473653058,51.68913473653058
7391,c,51.68913473653058,51.68913473653058
7392,t,51.68913473653058,51.68913473653058
7393,t,51.68913473653058,51.68913473653058
7394,c,51.68913473653058,51.68913473653058
7395,t,51.68913473653058,51.68913473653058
7396,t,51.68913473653058,51.68913473653058
7397,c,51.68913473653058,51.68913473653058
7398,c,51.68913473653058,51.68913473653058
7399,c,51.68913473653058,51.68913473653058
7400,t,51.68913473653058,51.68913473653058
7401,c,51.68913473653058,51.68913473653058
7402,t,51.68913473653058,51.68913473653058
7403,c,51.68913473653058,51.68913473653058
7404,t,51.68913473653058,51.68913473653058
7405,c,51.68913473653058,51.68913473653058
7406,c,51.68913473653058,51.68913473653058
7407,t,51.68913473653058,51.68913473653058
7408,c,51.68913473653058,51.68913473653058
7409,c,51.68913473653058,51.68913473653058
7410,c,51.68913473653058,51.68913473653058
7411,c,51.68913473653058,51.68913473653058
7412,c,51.68913473653058,51.68913473653058
7413,t,51.68913473653058,51.68913473653058
7414,t,51.68913473653058,51.68913473653058
7415,t,51.68913473653058,51.68913473653058
7416,c,51.68913473653058,51.68913473653058
7417,c,51.68913473653058,51.68913473653058
7418,c,51.68913473653058,51.68913473653058
7419,t,51.68913473653058,51.68913473653058
7420,t,51.68913473653058,51.68913473653058
7421,t,51.68913473653058,51.68913473653058
7422,t,51.68913473653058,51.68913473653058
7423,t,51.68913473653058,51.68913473653058
7424,na,0,0.8617354981791272
7425,t,51.68913473653058,51.68913473653058
7426,t,51.68913473653058,51.68913473653058
7427,t,51.68913473653058,51.68913473653058
7428,t,51.68913473653058,51.68913473653058
7429,t,51.68913473653058,51.68913473653058
7430,c,51.68913473653058,51.68913473653058
7431,c,51.68913473653058,51.68913473653058
7432,c,51.68913473653058,51.68913473653058
7433,c,51.68913473653058,51.68913473653058
7434,t,51.68913473653058,51.68913473653058
7435,c,51.68913473653058,51.68913473653058
7436,c,51.68913473653058,51.68913473653058
7437,c,51.68913473653058,51.68913473653058
7438,t,51.68913473653058,51.68913473653058
7439,c,51.68913473653058,51.68913473653058
7440,c,51.68913473653058,51.68913473653058
7441,t,51.68913473653058,51.68913473653058
7442,t,51.68913473653058,51.68913473653058
7443,c,51.68913473653058,51.68913473653058
7444,t,51.68913473653058,51.68913473653058
7445,t,51.68913473653058,51.68913473653058
7446,c,51.68913473653058,51.68913473653058
7447,t,51.68913473653058,51.68913473653058
7448,c,51.68913473653058,51.68913473653058
7449,t,51.68913473653058,51.68913473653058
7450,t,51.68913473653058,51.68913473653058
7451,c,51.68913473653058,51.68913473653058
7452,c,51.68913473653058,51.68913473653058
7453,t,51.68913473653058,51.68913473653058
7454,c,51.68913473653058,51.68913473653058
7455,t,51.68913473653058,51.68913473653058
7456,t,51.68913473653058,51.68913473653058
7457,c,51.68913473653058,51.68913473653058
7458,t,51.68913473653058,51.68913473653058
7459,c,51.68913473653058,51.68913473653058
7460,t,51.68913473653058,51.68913473653058
7461,t,51.68913473653058,51.68913473653058
7462,t,51.68913473653058,51.68913473653058
7463,t,51.68913473653058,51.68913473653058
7464,c,51.68913473653058,51.68913473653058
7465,t,51.68913473653058,51.68913473653058
7466,c,51.68913473653058,51.68913473653058
7467,t,51.68913473653058,51.68913473653058
7468,na,0,2.5261500439229936
7469,c,51.68913473653058,51.68913473653058
7470,t,51.68913473653058,51.68913473653058
7471,t,51.68913473653058,51.68913473653058
7472,t,51.68913473653058,51.68913473653058
7473,c,51.68913473653058,51.68913473653058
7474,c,51.68913473653058,51.68913473653058
7475,c,51.68913473653058,51.68913473653058
7476,c,51.68913473653058,51.68913473653058
7477,c,51.68913473653058,51.68913473653058
7478,t,51.68913473653058,51.68913473653058
7479,t,51.68913473653058,51.68913473653058
7480,c,51.68913473653058,51.68913473653058
7481,t,51.68913473653058,51.68913473653058
7482,c,51.68913473653058,51.68913473653058
7483,t,51.68913473653058,51.68913473653058
7484,c,51.68913473653058,51.68913473653058
7485,c,51.68913473653058,51.68913473653058
7486,t,51.68913473653058,51.68913473653058
7487,t,51.68913473653058,51.68913473653058
7488,t,51.68913473653058,51.68913473653058
7489,c,51.68913473653058,51.68913473653058
7490,t,51.68913473653058,51.68913473653058
7491,t,51.68913473653058,51.68913473653058
7492,c,51.68913473653058,51.68913473653058
7493,c,51.68913473653058,51.68913473653058
7494,c,51.68913473653058,51.68913473653058
7495,t,51.68913473653058,51.68913473653058
7496,c,51.68913473653058,51.68913473653058
7497,t,51.68913473653058,51.68913473653058
7498,c,51.68913473653058,51.68913473653058
7499,c,51.68913473653058,51.68913473653058
7500,t,51.68913473653058,51.68913473653058
7501,c,51.68913473653058,51.68913473653058
7502,c,51.68913473653058,51.68913473653058
7503,c,51.68913473653058,51.68913473653058
7504,t,51.68913473653058,51.68913473653058
7505,t,51.68913473653058,51.68913473653058
7506,t,51.68913473653058,51.68913473653058
7507,t,51.68913473653058,51.68913473653058
7508,c,51.68913473653058,51.68913473653058
7509,t,51.68913473653058,51.68913473653058
7510,t,51.68913473653058,51.68913473653058
7511,t,51.68913473653058,51.68913473653058
7512,t,51.68913473653058,51.68913473653058
7513,c,51.68913473653058,51.68913473653058
7514,c,7.986967269338459,15.530489647238214
7515,t,51.68913473653058,51.68913473653058
7516,c,51.68913473653058,51.68913473653058
7517,t,51.68913473653058,51.68913473653058
7518,c,51.68913473653058,51.68913473653058
7519,c,51.68913473653058,51.68913473653058
7520,t,51.68913473653058,51.68913473653058
7521,c,51.68913473653058,51.68913473653058
7522,t,51.68913473653058,51.68913473653058
7523,c,51.68913473653058,51.68913473653058
7524,t,51.68913473653058,51.68913473653058
7525,t,51.68913473653058,51.68913473653058
7526,t,51.68913473653058,51.68913473653058
7527,t,51.68913473653058,51.68913473653058
7528,c,51.68913473653058,51.68913473653058
7529,c,51.68913473653058,51.68913473653058
7530,t,51.68913473653058,51.68913473653058
7531,t,51.68913473653058,51.68913473653058
7532,t,51.68913473653058,51.68913473653058
7533,c,51.68913473653058,51.68913473653058
7534,c,51.68913473653058,51.68913473653058
7535,t,51.68913473653058,51.68913473653058
7536,c,51.68913473653058,51.68913473653058
7537,c,51.68913473653058,51.68913473653058
7538,t,51.68913473653058,51.68913473653058
7539,c,51.68913473653058,51.68913473653058
7540,t,51.68913473653058,51.68913473653058
7541,t,51.68913473653058,51.68913473653058
7542,t,51.68913473653058,51.68913473653058
7543,t,51.68913473653058,51.68913473653058
7544,t,51.68913473653058,51.68913473653058
7545,c,51.68913473653058,51.68913473653058
7546,c,51.68913473653058,51.68913473653058
7547,c,51.68913473653058,51.68913473653058
7548,c,51.68913473653058,51.68913473653058
7549,t,51.68913473653058,51.68913473653058
7550,t,51.68913473653058,51.68913473653058
7551,c,51.68913473653058,51.68913473653058
7552,c,51.68913473653058,51.68913473653058
7553,c,51.68913473653058,51.68913473653058
7554,c,51.68913473653058,51.68913473653058
7555,t,51.68913473653058,51.68913473653058
7556,c,51.68913473653058,51.68913473653058
7557,t,51.68913473653058,51.68913473653058
7558,c,51.68913473653058,51.68913473653058
7559,t,51.68913473653058,51.68913473653058
7560,t,51.68913473653058,51.68913473653058
7561,c,51.68913473653058,51.68913473653058
7562,c,51.68913473653058,51.68913473653058
7563,c,51.68913473653058,51.68913473653058
7564,c,51.68913473653058,51.68913473653058
7565,t,51.68913473653058,51.68913473653058
7566,t,51.68913473653058,51.68913473653058
7567,c,51.68913473653058,51.68913473653058
7568,t,51.68913473653058,51.68913473653058
7569,c,51.68913473653058,51.68913473653058
7570,c,51.68913473653058,51.68913473653058
7571,c,51.68913473653058,51.68913473653058
7572,t,51.68913473653058,51.68913473653058
7573,c,51.68913473653058,51.68913473653058
7574,c,51.68913473653058,51.68913473653058
7575,c,51.68913473653058,51.68913473653058
7576,t,51.68913473653058,51.68913473653058
7577,t,51.68913473653058,51.68913473653058
7578,c,51.68913473653058,51.68913473653058
7579,t,51.68913473653058,51.68913473653058
7580,t,51.68913473653058,51.68913473653058
7581,c,51.68913473653058,51.68913473653058
7582,t,51.68913473653058,51.68913473653058
7583,t,51.68913473653058,51.68913473653058
7584,t,51.68913473653058,51.68913473653058
7585,t,51.68913473653058,51.68913473653058
7586,c,51.68913473653058,51.68913473653058
7587,c,51.68913473653058,51.68913473653058
7588,c,51.68913473653058,51.68913473653058
7589,c,51.68913473653058,51.68913473653058
7590,t,51.68913473653058,51.68913473653058
7591,t,51.68913473653058,51.68913473653058
7592,t,51.68913473653058,51.68913473653058
7593,t,51.68913473653058,51.68913473653058
7594,t,51.68913473653058,51.68913473653058
7595,t,51.68913473653058,51.68913473653058
7596,t,51.68913473653058,51.68913473653058
7597,t,51.68913473653058,51.68913473653058
7598,t,51.68913473653058,51.68913473653058
7599,c,51.68913473653058,51.68913473653058
7600,t,51.68913473653058,51.68913473653058
7601,c,51.68913473653058,51.68913473653058
7602,t,51.68913473653058,51.68913473653058
7603,t,51.68913473653058,51.68913473653058
7604,c,51.68913473653058,51.68913473653058
7605,t,51.68913473653058,51.68913473653058
7606,t,51.68913473653058,51.68913473653058
7607,t,51.68913473653058,51.68913473653058
7608,c,51.68913473653058,51.68913473653058
7609,c,51.68913473653058,51.68913473653058
7610,c,51.68913473653058,51.68913473653058
7611,t,51.68913473653058,51.68913473653058
7612,c,51.68913473653058,51.68913473653058
7613,c,51.68913473653058,51.68913473653058
7614,t,51.68913473653058,51.68913473653058
7615,c,51.68913473653058,51.68913473653058
7616,c,51.68913473653058,51.68913473653058
7617,c,51.68913473653058,51.68913473653058
7618,c,51.68913473653058,51.68913473653058
7619,c,51.68913473653058,51.68913473653058
7620,c,51.68913473653058,51.68913473653058
7621,t,51.68913473653058,51.68913473653058
7622,c,51.68913473653058,51.68913473653058
7623,t,51.68913473653058,51.68913473653058
7624,t,51.68913473653058,51.68913473653058
7625,c,51.68913473653058,51.68913473653058
7626,c,51.68913473653058,51.68913473653058
7627,c,51.68913473653058,51.68913473653058
7628,t,51.68913473653058,51.68913473653058
7629,c,51.68913473653058,51.68913473653058
7630,c,51.68913473653058,51.68913473653058
7631,t,51.68913473653058,51.68913473653058
7632,c,51.68913473653058,51.68913473653058
7633,t,51.68913473653058,51.68913473653058
7634,c,51.68913473653058,51.68913473653058
7635,t,51.68913473653058,51.68913473653058
7636,c,51.68913473653058,51.68913473653058
7637,t,51.68913473653058,51.68913473653058
7638,c,51.68913473653058,51.68913473653058
7639,t,51.68913473653058,51.68913473653058
7640,t,51.68913473653058,51.68913473653058
7641,c,51.68913473653058,51.68913473653058
7642,t,51.68913473653058,51.68913473653058
7643,na,-1,0
7644,t,51.68913473653058,51.68913473653058
7645,na,0.9500374646356015,3.5294689793436196
7646,c,51.68913473653058,51.68913473653058
7647,t,51.68913473653058,51.68913473653058
7648,t,51.68913473653058,51.68913473653058
7649,t,51.68913473653058,51.68913473653058
7650,c,51.68913473653058,51.68913473653058
7651,t,51.68913473653058,51.68913473653058
7652,t,51.68913473653058,51.68913473653058
7653,c,51.68913473653058,51.68913473653058
7654,t,51.68913473653058,51.68913473653058
7655,c,51.68913473653058,51.68913473653058
7656,c,51.68913473653058,51.68913473653058
7657,c,51.68913473653058,51.68913473653058
7658,c,51.68913473653058,51.68913473653058
7659,t,51.68913473653058,51.68913473653058
7660,c,51.68913473653058,51.68913473653058
7661,c,51.68913473653058,51.68913473653058
7662,t,51.68913473653058,51.68913473653058
7663,t,51.68913473653058,51.68913473653058
7664,c,51.68913473653058,51.68913473653058
7665,c,51.68913473653058,51.68913473653058
7666,c,51.68913473653058,51.68913473653058
7667,c,51.68913473653058,51.68913473653058
7668,t,51.68913473653058,51.68913473653058
7669,c,51.68913473653058,51.68913473653058
7670,c,51.68913473653058,51.68913473653058
7671,t,51.68913473653058,51.68913473653058
7672,t,51.68913473653058,51.68913473653058
7673,t,51.68913473653058,51.68913473653058
7674,c,51.68913473653058,51.68913473653058
7675,t,51.68913473653058,51.68913473653058
7676,t,51.68913473653058,51.68913473653058
7677,t,51.68913473653058,51.68913473653058
7678,c,51.68913473653058,51.68913473653058
7679,t,51.68913473653058,51.68913473653058
7680,c,51.68913473653058,51.68913473653058
7681,c,51.68913473653058,51.68913473653058
7682,t,51.68913473653058,51.68913473653058
7683,c,51.68913473653058,51.68913473653058
7684,t,51.68913473653058,51.68913473653058
7685,c,51.68913473653058,51.68913473653058
7686,t,51.68913473653058,51.68913473653058
7687,c,51.68913473653058,51.68913473653058
7688,c,51.68913473653058,51.68913473653058
7689,c,51.68913473653058,51.68913473653058
7690,c,51.68913473653058,51.68913473653058
7691,c,51.68913473653058,51.68913473653058
7692,t,51.68913473653058,51.68913473653058
7693,c,51.68913473653058,51.68913473653058
7694,t,51.68913473653058,51.68913473653058
7695,t,51.68913473653058,51.68913473653058
7696,c,51.68913473653058,51.68913473653058
7697,t,51.68913473653058,51.68913473653058
7698,c,51.68913473653058,51.68913473653058
7699,c,51.68913473653058,51.68913473653058
7700,c,51.68913473653058,51.68913473653058
7701,c,51.68913473653058,51.68913473653058
7702,c,51.68913473653058,51.68913473653058
7703,t,51.68913473653058,51.68913473653058
7704,c,51.68913473653058,51.68913473653058
7705,c,51.68913473653058,51.68913473653058
7706,c,51.68913473653058,51.68913473653058
7707,t,51.68913473653058,51.68913473653058
7708,c,51.68913473653058,51.68913473653058
7709,t,51.68913473653058,51.68913473653058
7710,c,51.68913473653058,51.68913473653058
7711,c,51.68913473653058,51.68913473653058
7712,c,51.68913473653058,51.68913473653058
7713,c,51.68913473653058,51.68913473653058
7714,t,51.68913473653058,51.68913473653058
7715,c,51.68913473653058,51.68913473653058
7716,t,51.68913473653058,51.68913473653058
7717,t,51.68913473653058,51.68913473653058
7718,c,51.68913473653058,51.68913473653058
7719,t,51.68913473653058,51.68913473653058
7720,t,51.68913473653058,51.68913473653058
7721,t,51.68913473653058,51.68913473653058
7722,t,51.68913473653058,51.68913473653058
7723,c,51.68913473653058,51.68913473653058
7724,c,51.68913473653058,51.68913473653058
7725,t,51.68913473653058,51.68913473653058
7726,t,51.68913473653058,51.68913473653058
7727,t,51.68913473653058,51.68913473653058
7728,c,51.68913473653058,51.68913473653058
7729,c,51.68913473653058,51.68913473653058
7730,t,51.68913473653058,51.68913473653058
7731,t,51.68913473653058,51.68913473653058
7732,c,51.68913473653058,51.68913473653058
7733,c,51.68913473653058,51.68913473653058
7734,c,51.68913473653058,51.68913473653058
7735,c,51.68913473653058,51.68913473653058
7736,t,51.68913473653058,51.68913473653058
7737,c,51.68913473653058,51.68913473653058
7738,t,51.68913473653058,51.68913473653058
7739,c,51.68913473653058,51.68913473653058
7740,c,51.68913473653058,51.68913473653058
7741,t,51.68913473653058,51.68913473653058
7742,c,51.68913473653058,51.68913473653058
7743,c,51.68913473653058,51.68913473653058
7744,t,51.68913473653058,51.68913473653058
7745,c,51.68913473653058,51.68913473653058
7746,t,51.68913473653058,51.68913473653058
7747,t,51.68913473653058,51.68913473653058
7748,t,51.68913473653058,51.68913473653058
7749,c,51.68913473653058,51.68913473653058
7750,c,51.68913473653058,51.68913473653058
7751,c,51.68913473653058,51.68913473653058
7752,c,51.68913473653058,51.68913473653058
7753,c,51.68913473653058,51.68913473653058
7754,t,51.68913473653058,51.68913473653058
7755,t,51.68913473653058,51.68913473653058
7756,t,51.68913473653058,51.68913473653058
7757,c,51.68913473653058,51.68913473653058
7758,c,51.68913473653058,51.68913473653058
7759,t,51.68913473653058,51.68913473653058
7760,c,51.68913473653058,51.68913473653058
7761,c,51.68913473653058,51.68913473653058
7762,t,51.68913473653058,51.68913473653058
7763,c,51.68913473653058,51.68913473653058
7764,t,51.68913473653058,51.68913473653058
7765,t,51.68913473653058,51.68913473653058
7766,c,51.68913473653058,51.68913473653058
7767,t,51.68913473653058,51.68913473653058
7768,c,51.68913473653058,51.68913473653058
7769,c,51.68913473653058,51.68913473653058
7770,t,51.68913473653058,51.68913473653058
7771,t,51.68913473653058,51.68913473653058
7772,c,51.68913473653058,51.68913473653058
7773,c,51.68913473653058,51.68913473653058
7774,c,51.68913473653058,51.68913473653058
7775,c,51.68913473653058,51.68913473653058
7776,t,51.68913473653058,51.68913473653058
7777,t,51.68913473653058,51.68913473653058
7778,c,51.68913473653058,51.68913473653058
7779,c,51.68913473653058,51.68913473653058
7780,c,51.68913473653058,51.68913473653058
7781,t,51.68913473653058,51.68913473653058
7782,c,51.68913473653058,51.68913473653058
7783,t,51.68913473653058,51.68913473653058
7784,c,51.68913473653058,51.68913473653058
7785,c,51.68913473653058,51.68913473653058
7786,c,51.68913473653058,51.68913473653058
7787,t,51.68913473653058,51.68913473653058
7788,t,51.68913473653058,51.68913473653058
7789,c,51.68913473653058,51.68913473653058
7790,t,51.68913473653058,51.68913473653058
7791,c,51.68913473653058,51.68913473653058
7792,t,51.68913473653058,51.68913473653058
7793,t,51.68913473653058,51.68913473653058
7794,t,51.68913473653058,51.68913473653058
7795,c,51.68913473653058,51.68913473653058
7796,c,51.68913473653058,51.68913473653058
7797,c,51.68913473653058,51.68913473653058
7798,t,51.68913473653058,51.68913473653058
7799,c,51.68913473653058,51.68913473653058
7800,c,51.68913473653058,51.68913473653058
7801,t,51.68913473653058,51.68913473653058
7802,t,51.68913473653058,51.68913473653058
7803,t,51.68913473653058,51.68913473653058
7804,t,51.68913473653058,51.68913473653058
7805,c,51.68913473653058,51.68913473653058
7806,c,51.68913473653058,51.68913473653058
7807,t,51.68913473653058,51.68913473653058
7808,c,51.68913473653058,51.68913473653058
7809,c,51.68913473653058,51.68913473653058
7810,t,51.68913473653058,51.68913473653058
7811,t,51.68913473653058,51.68913473653058
7812,c,51.68913473653058,51.68913473653058
7813,t,51.68913473653058,51.68913473653058
7814,t,51.68913473653058,51.68913473653058
7815,c,51.68913473653058,51.68913473653058
7816,t,51.68913473653058,51.68913473653058
7817,t,51.68913473653058,51.68913473653058
7818,c,51.68913473653058,51.68913473653058
7819,c,51.68913473653058,51.68913473653058
7820,t,51.68913473653058,51.68913473653058
7821,t,51.68913473653058,51.68913473653058
7822,t,51.68913473653058,51.68913473653058
7823,c,51.68913473653058,51.68913473653058
7824,t,51.68913473653058,51.68913473653058
7825,c,51.68913473653058,51.68913473653058
7826,c,51.68913473653058,51.68913473653058
7827,c,51.68913473653058,51.68913473653058
7828,t,51.68913473653058,51.68913473653058
7829,t,51.68913473653058,51.68913473653058
7830,t,51.68913473653058,51.68913473653058
7831,t,51.68913473653058,51.68913473653058
7832,c,51.68913473653058,51.68913473653058
7833,t,51.68913473653058,51.68913473653058
7834,c,51.68913473653058,51.68913473653058
7835,c,51.68913473653058,51.68913473653058
7836,t,51.68913473653058,51.68913473653058
7837,c,51.68913473653058,51.68913473653058
7838,t,51.68913473653058,51.68913473653058
7839,c,51.68913473653058,51.68913473653058
7840,c,51.68913473653058,51.68913473653058
7841,t,51.68913473653058,51.68913473653058
7842,c,51.68913473653058,51.68913473653058
7843,t,51.68913473653058,51.68913473653058
7844,t,51.68913473653058,51.68913473653058
7845,c,51.68913473653058,51.68913473653058
7846,c,51.68913473653058,51.68913473653058
7847,t,51.68913473653058,51.68913473653058
7848,c,51.68913473653058,51.68913473653058
7849,t,51.68913473653058,51.68913473653058
7850,t,51.68913473653058,51.68913473653058
7851,c,51.68913473653058,51.68913473653058
7852,t,51.68913473653058,51.68913473653058
7853,t,51.68913473653058,51.68913473653058
7854,c,51.68913473653058,51.68913473653058
7855,t,51.68913473653058,51.68913473653058
7856,c,51.68913473653058,51.68913473653058
7857,t,51.68913473653058,51.68913473653058
7858,c,51.68913473653058,51.68913473653058
7859,c,51.68913473653058,51.68913473653058
7860,t,51.68913473653058,51.68913473653058
7861,t,51.68913473653058,51.68913473653058
7862,t,51.68913473653058,51.68913473653058
7863,na,3.1371392510808045,16.45216751408232
7864,c,51.68913473653058,51.68913473653058
7865,c,51.68913473653058,51.68913473653058
7866,t,51.68913473653058,51.68913473653058
7867,t,51.68913473653058,51.68913473653058
7868,t,51.68913473653058,51.68913473653058
7869,c,51.68913473653058,51.68913473653058
7870,t,51.68913473653058,51.68913473653058
7871,c,51.68913473653058,51.68913473653058
7872,c,51.68913473653058,51.68913473653058
7873,c,51.68913473653058,51.68913473653058
7874,c,51.68913473653058,51.68913473653058
7875,c,51.68913473653058,51.68913473653058
7876,t,51.68913473653058,51.68913473653058
7877,c,51.68913473653058,51.68913473653058
7878,t,51.68913473653058,51.68913473653058
7879,t,51.68913473653058,51.68913473653058
7880,t,51.68913473653058,51.68913473653058
7881,c,51.68913473653058,51.68913473653058
7882,c,51.68913473653058,51.68913473653058
7883,t,51.68913473653058,51.68913473653058
7884,c,51.68913473653058,51.68913473653058
7885,t,51.68913473653058,51.68913473653058
7886,t,51.68913473653058,51.68913473653058
7887,t,51.68913473653058,51.68913473653058
7888,t,51.68913473653058,51.68913473653058
7889,t,51.68913473653058,51.68913473653058
7890,t,51.68913473653058,51.68913473653058
7891,c,51.68913473653058,51.68913473653058
7892,t,51.68913473653058,51.68913473653058
7893,t,51.68913473653058,51.68913473653058
7894,t,51.68913473653058,51.68913473653058
7895,c,51.68913473653058,51.68913473653058
7896,t,51.68913473653058,51.68913473653058
7897,c,51.68913473653058,51.68913473653058
7898,t,51.68913473653058,51.68913473653058
7899,t,51.68913473653058,51.68913473653058
7900,t,51.68913473653058,51.68913473653058
7901,t,51.68913473653058,51.68913473653058
7902,c,51.68913473653058,51.68913473653058
7903,t,51.68913473653058,51.68913473653058
7904,t,51.68913473653058,51.68913473653058
7905,t,51.68913473653058,51.68913473653058
7906,t,51.68913473653058,51.68913473653058
7907,c,51.68913473653058,51.68913473653058
7908,na,0.890789100203137,7.176532450141747
7909,c,51.68913473653058,51.68913473653058
7910,t,51.68913473653058,51.68913473653058
7911,c,51.68913473653058,51.68913473653058
7912,c,51.68913473653058,51.68913473653058
7913,t,51.68913473653058,51.68913473653058
7914,t,51.68913473653058,51.68913473653058
7915,t,51.68913473653058,51.68913473653058
7916,c,51.68913473653058,51.68913473653058
7917,c,51.68913473653058,51.68913473653058
7918,c,51.68913473653058,51.68913473653058
7919,c,51.68913473653058,51.68913473653058
7920,c,51.68913473653058,51.68913473653058
7921,c,51.68913473653058,51.68913473653058
7922,c,51.68913473653058,51.68913473653058
7923,t,51.68913473653058,51.68913473653058
7924,c,51.68913473653058,51.68913473653058
7925,c,51.68913473653058,51.68913473653058
7926,t,51.68913473653058,51.68913473653058
7927,t,51.68913473653058,51.68913473653058
7928,t,51.68913473653058,51.68913473653058
7929,t,51.68913473653058,51.68913473653058
7930,t,51.68913473653058,51.68913473653058
7931,c,51.68913473653058,51.68913473653058
7932,t,51.68913473653058,51.68913473653058
7933,c,51.68913473653058,51.68913473653058
7934,t,51.68913473653058,51.68913473653058
7935,c,51.68913473653058,51.68913473653058
7936,t,51.68913473653058,51.68913473653058
7937,c,51.68913473653058,51.68913473653058
7938,t,51.68913473653058,51.68913473653058
7939,t,51.68913473653058,51.68913473653058
7940,t,51.68913473653058,51.68913473653058
7941,c,51.68913473653058,51.68913473653058
7942,c,51.68913473653058,51.68913473653058
7943,c,51.68913473653058,51.68913473653058
7944,c,51.68913473653058,51.68913473653058
7945,t,51.68913473653058,51.68913473653058
7946,c,51.68913473653058,51.68913473653058
7947,t,51.68913473653058,51.68913473653058
7948,c,51.68913473653058,51.68913473653058
7949,c,51.68913473653058,51.68913473653058
7950,c,51.68913473653058,51.68913473653058
7951,c,51.68913473653058,51.68913473653058
7952,c,51.68913473653058,51.68913473653058
7953,c,51.68913473653058,51.68913473653058
7954,c,51.68913473653058,51.68913473653058
7955,t,51.68913473653058,51.68913473653058
7956,t,51.68913473653058,51.68913473653058
7957,t,51.68913473653058,51.68913473653058
7958,t,51.68913473653058,51.68913473653058
7959,t,51.68913473653058,51.68913473653058
7960,t,51.68913473653058,51.68913473653058
7961,t,51.68913473653058,51.68913473653058
7962,c,51.68913473653058,51.68913473653058
7963,c,51.68913473653058,51.68913473653058
7964,t,51.68913473653058,51.68913473653058
7965,c,51.68913473653058,51.68913473653058
7966,c,51.68913473653058,51.68913473653058
7967,t,51.68913473653058,51.68913473653058
7968,t,51.68913473653058,51.68913473653058
7969,c,51.68913473653058,51.68913473653058
7970,c,51.68913473653058,51.68913473653058
7971,c,51.68913473653058,51.68913473653058
7972,c,51.68913473653058,51.68913473653058
7973,t,51.68913473653058,51.68913473653058
7974,c,51.68913473653058,51.68913473653058
7975,c,51.68913473653058,51.68913473653058
7976,t,51.68913473653058,51.68913473653058
7977,t,51.68913473653058,51.68913473653058
7978,c,51.68913473653058,51.68913473653058
7979,t,51.68913473653058,51.68913473653058
7980,c,51.68913473653058,51.68913473653058
7981,t,51.68913473653058,51.68913473653058
7982,t,51.68913473653058,51.68913473653058
7983,t,51.68913473653058,51.68913473653058
7984,t,51.68913473653058,51.68913473653058
7985,t,51.68913473653058,51.68913473653058
7986,t,51.68913473653058,51.68913473653058
7987,c,51.68913473653058,51.68913473653058
7988,t,51.68913473653058,51.68913473653058
7989,c,51.68913473653058,51.68913473653058
7990,c,51.68913473653058,51.68913473653058
7991,t,51.68913473653058,51.68913473653058
7992,t,51.68913473653058,51.68913473653058
7993,c,51.68913473653058,51.68913473653058
7994,t,51.68913473653058,51.68913473653058
7995,t,51.68913473653058,51.68913473653058
7996,t,51.68913473653058,51.68913473653058
7997,c,51.68913473653058,51.68913473653058
7998,c,51.68913473653058,51.68913473653058
7999,c,51.68913473653058,51.68913473653058
8000,t,51.68913473653058,51.68913473653058
8001,c,51.68913473653058,51.68913473653058
8002,c,51.68913473653058,51.68913473653058
8003,t,51.68913473653058,51.68913473653058
8004,t,51.68913473653058,51.68913473653058
8005,t,51.68913473653058,51.68913473653058
8006,c,51.68913473653058,51.68913473653058
8007,c,51.68913473653058,51.68913473653058
8008,t,51.68913473653058,51.68913473653058
8009,t,51.68913473653058,51.68913473653058
8010,c,51.68913473653058,51.68913473653058
8011,t,51.68913473653058,51.68913473653058
8012,c,51.68913473653058,51.68913473653058
8013,c,51.68913473653058,51.68913473653058
8014,c,51.68913473653058,51.68913473653058
8015,t,51.68913473653058,51.68913473653058
8016,c,51.68913473653058,51.68913473653058
8017,c,51.68913473653058,51.68913473653058
8018,c,51.68913473653058,51.68913473653058
8019,t,51.68913473653058,51.68913473653058
8020,t,51.68913473653058,51.68913473653058
8021,t,51.68913473653058,51.68913473653058
8022,c,51.68913473653058,51.68913473653058
8023,c,51.68913473653058,51.68913473653058
8024,c,51.68913473653058,51.68913473653058
8025,t,51.68913473653058,51.68913473653058
8026,c,51.68913473653058,51.68913473653058
8027,t,51.68913473653058,51.68913473653058
8028,t,51.68913473653058,51.68913473653058
8029,t,51.68913473653058,51.68913473653058
8030,c,51.68913473653058,51.68913473653058
8031,t,51.68913473653058,51.68913473653058
8032,c,51.68913473653058,51.68913473653058
8033,c,51.68913473653058,51.68913473653058
8034,c,51.68913473653058,51.68913473653058
8035,t,51.68913473653058,51.68913473653058
8036,c,51.68913473653058,51.68913473653058
8037,t,51.68913473653058,51.68913473653058
8038,t,51.68913473653058,51.68913473653058
8039,c,51.68913473653058,51.68913473653058
8040,t,51.68913473653058,51.68913473653058
8041,c,51.68913473653058,51.68913473653058
8042,t,51.68913473653058,51.68913473653058
8043,t,51.68913473653058,51.68913473653058
8044,c,51.68913473653058,51.68913473653058
8045,c,51.68913473653058,51.68913473653058
8046,c,51.68913473653058,51.68913473653058
8047,c,51.68913473653058,51.68913473653058
8048,t,51.68913473653058,51.68913473653058
8049,c,51.68913473653058,51.68913473653058
8050,c,51.68913473653058,51.68913473653058
8051,c,51.68913473653058,51.68913473653058
8052,t,51.68913473653058,51.68913473653058
8053,t,51.68913473653058,51.68913473653058
8054,t,51.68913473653058,51.68913473653058
8055,t,51.68913473653058,51.68913473653058
8056,c,51.68913473653058,51.68913473653058
8057,c,51.68913473653058,51.68913473653058
8058,t,51.68913473653058,51.68913473653058
8059,t,51.68913473653058,51.68913473653058
8060,t,51.68913473653058,51.68913473653058
8061,c,51.68913473653058,51.68913473653058
8062,t,51.68913473653058,51.68913473653058
8063,t,51.68913473653058,51.68913473653058
8064,t,51.68913473653058,51.68913473653058
8065,c,51.68913473653058,51.68913473653058
8066,c,51.68913473653058,51.68913473653058
8067,t,51.68913473653058,51.68913473653058
8068,c,51.68913473653058,51.68913473653058
8069,c,51.68913473653058,51.68913473653058
8070,c,51.68913473653058,51.68913473653058
8071,c,51.68913473653058,51.68913473653058
8072,t,51.68913473653058,51.68913473653058
8073,c,51.68913473653058,51.68913473653058
8074,c,51.68913473653058,51.68913473653058
8075,t,51.68913473653058,51.68913473653058
8076,c,51.68913473653058,51.68913473653058
8077,c,51.68913473653058,51.68913473653058
8078,c,51.68913473653058,51.68913473653058
8079,c,51.68913473653058,51.68913473653058
8080,c,51.68913473653058,51.68913473653058
8081,t,51.68913473653058,51.68913473653058
8082,t,51.68913473653058,51.68913473653058
8083,t,51.68913473653058,51.68913473653058
8084,t,51.68913473653058,51.68913473653058
8085,c,51.68913473653058,51.68913473653058
8086,t,51.68913473653058,51.68913473653058
8087,t,51.68913473653058,51.68913473653058
8088,c,51.68913473653058,51.68913473653058
8089,c,51.68913473653058,51.68913473653058
8090,c,51.68913473653058,51.68913473653058
8091,c,51.68913473653058,51.68913473653058
8092,c,51.68913473653058,51.68913473653058
8093,c,51.68913473653058,51.68913473653058
8094,c,51.68913473653058,51.68913473653058
8095,c,51.68913473653058,51.68913473653058
8096,t,51.68913473653058,51.68913473653058
8097,c,51.68913473653058,51.68913473653058
8098,t,51.68913473653058,51.68913473653058
8099,t,51.68913473653058,51.68913473653058
8100,t,51.68913473653058,51.68913473653058
8101,t,51.68913473653058,51.68913473653058
8102,t,51.68913473653058,51.68913473653058
8103,c,51.68913473653058,51.68913473653058
8104,t,51.68913473653058,51.68913473653058
8105,c,51.68913473653058,51.68913473653058
8106,c,51.68913473653058,51.68913473653058
8107,c,51.68913473653058,51.68913473653058
8108,t,51.68913473653058,51.68913473653058
8109,c,51.68913473653058,51.68913473653058
8110,c,51.68913473653058,51.68913473653058
8111,c,51.68913473653058,51.68913473653058
8112,c,51.68913473653058,51.68913473653058
8113,t,51.68913473653058,51.68913473653058
8114,c,51.68913473653058,51.68913473653058
8115,t,51.68913473653058,51.68913473653058
8116,t,51.68913473653058,51.68913473653058
8117,c,51.68913473653058,51.68913473653058
8118,c,51.68913473653058,51.68913473653058
8119,t,51.68913473653058,51.68913473653058
8120,c,51.68913473653058,51.68913473653058
8121,t,51.68913473653058,51.68913473653058
8122,t,51.68913473653058,51.68913473653058
8123,t,51.68913473653058,51.68913473653058
8124,c,51.68913473653058,51.68913473653058
8125,c,51.68913473653058,51.68913473653058
8126,c,51.68913473653058,51.68913473653058
8127,c,51.68913473653058,51.68913473653058
8128,t,51.68913473653058,51.68913473653058
8129,t,51.68913473653058,51.68913473653058
8130,t,51.68913473653058,51.68913473653058
8131,c,51.68913473653058,51.68913473653058
8132,t,51.68913473653058,51.68913473653058
8133,t,51.68913473653058,51.68913473653058
8134,c,51.68913473653058,51.68913473653058
8135,c,51.68913473653058,51.68913473653058
8136,t,51.68913473653058,51.68913473653058
8137,t,51.68913473653058,51.68913473653058
8138,t,51.68913473653058,51.68913473653058
8139,t,51.68913473653058,51.68913473653058
8140,t,51.68913473653058,51.68913473653058
8141,c,51.68913473653058,51.68913473653058
8142,c,51.68913473653058,51.68913473653058
8143,c,51.68913473653058,51.68913473653058
8144,t,51.68913473653058,51.68913473653058
8145,t,51.68913473653058,51.68913473653058
8146,t,51.68913473653058,51.68913473653058
8147,c,51.68913473653058,51.68913473653058
8148,t,51.68913473653058,51.68913473653058
8149,t,51.68913473653058,51.68913473653058
8150,c,51.68913473653058,51.68913473653058
8151,t,51.68913473653058,51.68913473653058
8152,c,51.68913473653058,51.68913473653058
8153,t,51.68913473653058,51.68913473653058
8154,t,51.68913473653058,51.68913473653058
8155,c,51.68913473653058,51.68913473653058
8156,t,51.68913473653058,51.68913473653058
8157,t,51.68913473653058,51.68913473653058
8158,c,51.68913473653058,51.68913473653058
8159,c,51.68913473653058,51.68913473653058
8160,t,51.68913473653058,51.68913473653058
8161,t,51.68913473653058,51.68913473653058
8162,na,0.4508777842758752,1.0186605323443276
8163,t,51.68913473653058,51.68913473653058
8164,c,51.68913473653058,51.68913473653058
8165,c,51.68913473653058,51.68913473653058
8166,t,51.68913473653058,51.68913473653058
8167,t,51.68913473653058,51.68913473653058
8168,t,51.68913473653058,51.68913473653058
8169,t,51.68913473653058,51.68913473653058
8170,t,51.68913473653058,51.68913473653058
8171,c,51.68913473653058,51.68913473653058
8172,t,51.68913473653058,51.68913473653058
8173,c,51.68913473653058,51.68913473653058
8174,na,0,4.420977549013166
8175,t,51.68913473653058,51.68913473653058
8176,c,51.68913473653058,51.68913473653058
8177,c,51.68913473653058,51.68913473653058
8178,c,51.68913473653058,51.68913473653058
8179,c,51.68913473653058,51.68913473653058
8180,c,51.68913473653058,51.68913473653058
8181,c,51.68913473653058,51.68913473653058
8182,t,51.68913473653058,51.68913473653058
8183,c,51.68913473653058,51.68913473653058
8184,c,51.68913473653058,51.68913473653058
8185,t,51.68913473653058,51.68913473653058
8186,t,51.68913473653058,51.68913473653058
8187,c,51.68913473653058,51.68913473653058
8188,c,51.68913473653058,51.68913473653058
8189,t,51.68913473653058,51.68913473653058
8190,c,51.68913473653058,51.68913473653058
8191,c,51.68913473653058,51.68913473653058
8192,c,51.68913473653058,51.68913473653058
8193,t,51.68913473653058,51.68913473653058
8194,c,51.68913473653058,51.68913473653058
8195,c,51.68913473653058,51.68913473653058
8196,c,51.68913473653058,51.68913473653058
8197,c,51.68913473653058,51.68913473653058
8198,t,51.68913473653058,51.68913473653058
8199,t,51.68913473653058,51.68913473653058
8200,t,51.68913473653058,51.68913473653058
8201,c,51.68913473653058,51.68913473653058
8202,c,51.68913473653058,51.68913473653058
8203,c,51.68913473653058,51.68913473653058
8204,c,51.68913473653058,51.68913473653058
8205,c,51.68913473653058,51.68913473653058
8206,c,51.68913473653058,51.68913473653058
8207,t,51.68913473653058,51.68913473653058
8208,t,51.68913473653058,51.68913473653058
8209,t,51.68913473653058,51.68913473653058
8210,c,51.68913473653058,51.68913473653058
8211,c,51.68913473653058,51.68913473653058
8212,c,51.68913473653058,51.68913473653058
8213,c,51.68913473653058,51.68913473653058
8214,t,51.68913473653058,51.68913473653058
8215,c,51.68913473653058,51.68913473653058
8216,c,51.68913473653058,51.68913473653058
8217,t,51.68913473653058,51.68913473653058
8218,t,51.68913473653058,51.68913473653058
8219,t,51.68913473653058,51.68913473653058
8220,c,51.68913473653058,51.68913473653058
8221,c,51.68913473653058,51.68913473653058
8222,c,51.68913473653058,51.68913473653058
8223,c,51.68913473653058,51.68913473653058
8224,t,51.68913473653058,51.68913473653058
8225,c,51.68913473653058,51.68913473653058
8226,c,51.68913473653058,51.68913473653058
8227,t,51.68913473653058,51.68913473653058
8228,t,51.68913473653058,51.68913473653058
8229,c,51.68913473653058,51.68913473653058
8230,t,51.68913473653058,51.68913473653058
8231,t,51.68913473653058,51.68913473653058
8232,c,51.68913473653058,51.68913473653058
8233,c,51.68913473653058,51.68913473653058
8234,t,51.68913473653058,51.68913473653058
8235,c,51.68913473653058,51.68913473653058
8236,t,51.68913473653058,51.68913473653058
8237,t,51.68913473653058,51.68913473653058
8238,t,51.68913473653058,51.68913473653058
8239,t,51.68913473653058,51.68913473653058
8240,t,51.68913473653058,51.68913473653058
8241,t,51.68913473653058,51.68913473653058
8242,c,51.68913473653058,51.68913473653058
8243,c,51.68913473653058,51.68913473653058
8244,c,51.68913473653058,51.68913473653058
8245,c,51.68913473653058,51.68913473653058
8246,c,51.68913473653058,51.68913473653058
8247,c,51.68913473653058,51.68913473653058
8248,c,51.68913473653058,51.68913473653058
8249,c,51.68913473653058,51.68913473653058
8250,t,51.68913473653058,51.68913473653058
8251,c,51.68913473653058,51.68913473653058
8252,c,51.68913473653058,51.68913473653058
8253,t,51.68913473653058,51.68913473653058
8254,c,51.68913473653058,51.68913473653058
8255,c,51.68913473653058,51.68913473653058
8256,t,51.68913473653058,51.68913473653058
8257,c,51.68913473653058,51.68913473653058
8258,t,51.68913473653058,51.68913473653058
8259,c,51.68913473653058,51.68913473653058
8260,t,51.68913473653058,51.68913473653058
8261,c,51.68913473653058,51.68913473653058
8262,t,51.68913473653058,51.68913473653058
8263,c,51.68913473653058,51.68913473653058
8264,t,51.68913473653058,51.68913473653058
8265,t,51.68913473653058,51.68913473653058
8266,t,51.68913473653058,51.68913473653058
8267,c,51.68913473653058,51.68913473653058
8268,t,51.68913473653058,51.68913473653058
8269,c,51.68913473653058,51.68913473653058
8270,t,51.68913473653058,51.68913473653058
8271,t,51.68913473653058,51.68913473653058
8272,t,51.68913473653058,51.68913473653058
8273,t,51.68913473653058,51.68913473653058
8274,t,51.68913473653058,51.68913473653058
8275,t,51.68913473653058,51.68913473653058
8276,c,51.68913473653058,51.68913473653058
8277,c,51.68913473653058,51.68913473653058
8278,c,51.68913473653058,51.68913473653058
8279,c,51.68913473653058,51.68913473653058
8280,c,51.68913473653058,51.68913473653058
8281,t,51.68913473653058,51.68913473653058
8282,c,51.68913473653058,51.68913473653058
8283,t,51.68913473653058,51.68913473653058
8284,t,51.68913473653058,51.68913473653058
8285,c,51.68913473653058,51.68913473653058
8286,c,51.68913473653058,51.68913473653058
8287,c,51.68913473653058,51.68913473653058
8288,t,51.68913473653058,51.68913473653058
8289,c,3.2874327829572696,4.911537168162332
8290,c,51.68913473653058,51.68913473653058
8291,t,51.68913473653058,51.68913473653058
8292,t,51.68913473653058,51.68913473653058
8293,t,51.68913473653058,51.68913473653058
8294,t,51.68913473653058,51.68913473653058
8295,t,51.68913473653058,51.68913473653058
8296,t,51.68913473653058,51.68913473653058
8297,c,51.68913473653058,51.68913473653058
8298,t,51.68913473653058,51.68913473653058
8299,c,51.68913473653058,51.68913473653058
8300,c,51.68913473653058,51.68913473653058
8301,c,51.68913473653058,51.68913473653058
8302,c,51.68913473653058,51.68913473653058
8303,c,51.68913473653058,51.68913473653058
8304,t,51.68913473653058,51.68913473653058
8305,c,51.68913473653058,51.68913473653058
8306,t,51.68913473653058,51.68913473653058
8307,t,51.68913473653058,51.68913473653058
8308,t,51.68913473653058,51.68913473653058
8309,t,51.68913473653058,51.68913473653058
8310,c,51.68913473653058,51.68913473653058
8311,c,51.68913473653058,51.68913473653058
8312,c,51.68913473653058,51.68913473653058
8313,t,51.68913473653058,51.68913473653058
8314,t,51.68913473653058,51.68913473653058
8315,t,51.68913473653058,51.68913473653058
8316,t,51.68913473653058,51.68913473653058
8317,t,51.68913473653058,51.68913473653058
8318,t,51.68913473653058,51.68913473653058
8319,t,51.68913473653058,51.68913473653058
8320,t,51.68913473653058,51.68913473653058
8321,t,51.68913473653058,51.68913473653058
8322,t,51.68913473653058,51.68913473653058
8323,c,51.68913473653058,51.68913473653058
8324,t,51.68913473653058,51.68913473653058
8325,t,51.68913473653058,51.68913473653058
8326,t,51.68913473653058,51.68913473653058
8327,c,51.68913473653058,51.68913473653058
8328,c,51.68913473653058,51.68913473653058
8329,t,51.68913473653058,51.68913473653058
8330,c,51.68913473653058,51.68913473653058
8331,t,51.68913473653058,51.68913473653058
8332,c,51.68913473653058,51.68913473653058
8333,t,51.68913473653058,51.68913473653058
8334,t,51.68913473653058,51.68913473653058
8335,c,51.68913473653058,51.68913473653058
8336,t,51.68913473653058,51.68913473653058
8337,t,51.68913473653058,51.68913473653058
8338,c,51.68913473653058,51.68913473653058
8339,t,51.68913473653058,51.68913473653058
8340,t,51.68913473653058,51.68913473653058
8341,c,51.68913473653058,51.68913473653058
8342,t,51.68913473653058,51.68913473653058
8343,c,51.68913473653058,51.68913473653058
8344,c,51.68913473653058,51.68913473653058
8345,c,51.68913473653058,51.68913473653058
8346,t,51.68913473653058,51.68913473653058
8347,t,51.68913473653058,51.68913473653058
8348,t,51.68913473653058,51.68913473653058
8349,t,51.68913473653058,51.68913473653058
8350,c,51.68913473653058,51.68913473653058
8351,t,51.68913473653058,51.68913473653058
8352,c,51.68913473653058,51.68913473653058
8353,c,51.68913473653058,51.68913473653058
8354,t,51.68913473653058,51.68913473653058
8355,c,51.68913473653058,51.68913473653058
8356,c,51.68913473653058,51.68913473653058
8357,c,51.68913473653058,51.68913473653058
8358,c,51.68913473653058,51.68913473653058
8359,c,51.68913473653058,51.68913473653058
8360,t,51.68913473653058,51.68913473653058
8361,t,51.68913473653058,51.68913473653058
8362,c,51.68913473653058,51.68913473653058
8363,c,51.68913473653058,51.68913473653058
8364,c,51.68913473653058,51.68913473653058
8365,c,51.68913473653058,51.68913473653058
8366,t,51.68913473653058,51.68913473653058
8367,c,51.68913473653058,51.68913473653058
8368,c,51.68913473653058,51.68913473653058
8369,t,51.68913473653058,51.68913473653058
8370,c,51.68913473653058,51.68913473653058
8371,t,51.68913473653058,51.68913473653058
8372,c,51.68913473653058,51.68913473653058
8373,c,51.68913473653058,51.68913473653058
8374,t,51.68913473653058,51.68913473653058
8375,c,51.68913473653058,51.68913473653058
8376,c,51.68913473653058,51.68913473653058
8377,c,51.68913473653058,51.68913473653058
8378,t,51.68913473653058,51.68913473653058
8379,c,51.68913473653058,51.68913473653058
8380,c,51.68913473653058,51.68913473653058
8381,c,51.68913473653058,51.68913473653058
8382,t,51.68913473653058,51.68913473653058
8383,c,51.68913473653058,51.68913473653058
8384,t,51.68913473653058,51.68913473653058
8385,t,51.68913473653058,51.68913473653058
8386,t,51.68913473653058,51.68913473653058
8387,c,51.68913473653058,51.68913473653058
8388,t,51.68913473653058,51.68913473653058
8389,c,17.46186828874587,19.812334716425877
8390,t,51.68913473653058,51.68913473653058
8391,c,51.68913473653058,51.68913473653058
8392,t,51.68913473653058,51.68913473653058
8393,t,51.68913473653058,51.68913473653058
8394,c,51.68913473653058,51.68913473653058
8395,c,51.68913473653058,51.68913473653058
8396,c,51.68913473653058,51.68913473653058
8397,c,51.68913473653058,51.68913473653058
8398,t,51.68913473653058,51.68913473653058
8399,c,51.68913473653058,51.68913473653058
8400,c,51.68913473653058,51.68913473653058
8401,t,51.68913473653058,51.68913473653058
8402,c,51.68913473653058,51.68913473653058
8403,t,51.68913473653058,51.68913473653058
8404,t,51.68913473653058,51.68913473653058
8405,t,51.68913473653058,51.68913473653058
8406,t,51.68913473653058,51.68913473653058
8407,c,51.68913473653058,51.68913473653058
8408,t,51.68913473653058,51.68913473653058
8409,t,51.68913473653058,51.68913473653058
8410,t,51.68913473653058,51.68913473653058
8411,t,51.68913473653058,51.68913473653058
8412,t,51.68913473653058,51.68913473653058
8413,c,51.68913473653058,51.68913473653058
8414,t,51.68913473653058,51.68913473653058
8415,t,51.68913473653058,51.68913473653058
8416,t,51.68913473653058,51.68913473653058
8417,t,51.68913473653058,51.68913473653058
8418,t,51.68913473653058,51.68913473653058
8419,c,51.68913473653058,51.68913473653058
8420,c,51.68913473653058,51.68913473653058
8421,t,51.68913473653058,51.68913473653058
8422,c,51.68913473653058,51.68913473653058
8423,t,51.68913473653058,51.68913473653058
8424,c,51.68913473653058,51.68913473653058
8425,t,51.68913473653058,51.68913473653058
8426,c,51.68913473653058,51.68913473653058
8427,t,51.68913473653058,51.68913473653058
8428,na,-1,0
8429,t,51.68913473653058,51.68913473653058
8430,c,51.68913473653058,51.68913473653058
8431,t,51.68913473653058,51.68913473653058
8432,c,51.68913473653058,51.68913473653058
8433,c,51.68913473653058,51.68913473653058
8434,t,51.68913473653058,51.68913473653058
8435,t,51.68913473653058,51.68913473653058
8436,t,51.68913473653058,51.68913473653058
8437,c,51.68913473653058,51.68913473653058
8438,t,51.68913473653058,51.68913473653058
8439,t,51.68913473653058,51.68913473653058
8440,t,51.68913473653058,51.68913473653058
8441,t,51.68913473653058,51.68913473653058
8442,c,51.68913473653058,51.68913473653058
8443,c,51.68913473653058,51.68913473653058
8444,na,0,4.593912867919227
8445,c,51.68913473653058,51.68913473653058
8446,c,51.68913473653058,51.68913473653058
8447,c,51.68913473653058,51.68913473653058
8448,c,51.68913473653058,51.68913473653058
8449,t,51.68913473653058,51.68913473653058
8450,c,51.68913473653058,51.68913473653058
8451,t,51.68913473653058,51.68913473653058
8452,c,51.68913473653058,51.68913473653058
8453,t,51.68913473653058,51.68913473653058
8454,c,51.68913473653058,51.68913473653058
8455,c,51.68913473653058,51.68913473653058
8456,c,51.68913473653058,51.68913473653058
8457,t,51.68913473653058,51.68913473653058
8458,c,51.68913473653058,51.68913473653058
8459,t,51.68913473653058,51.68913473653058
8460,c,51.68913473653058,51.68913473653058
8461,c,51.68913473653058,51.68913473653058
8462,c,51.68913473653058,51.68913473653058
8463,t,51.68913473653058,51.68913473653058
8464,c,51.68913473653058,51.68913473653058
8465,t,51.68913473653058,51.68913473653058
8466,c,51.68913473653058,51.68913473653058
8467,c,51.68913473653058,51.68913473653058
8468,t,51.68913473653058,51.68913473653058
8469,c,51.68913473653058,51.68913473653058
8470,c,51.68913473653058,51.68913473653058
8471,c,51.68913473653058,51.68913473653058
8472,c,51.68913473653058,51.68913473653058
8473,c,51.68913473653058,51.68913473653058
8474,c,51.68913473653058,51.68913473653058
8475,c,51.68913473653058,51.68913473653058
8476,c,51.68913473653058,51.68913473653058
8477,c,51.68913473653058,51.68913473653058
8478,c,51.68913473653058,51.68913473653058
8479,t,51.68913473653058,51.68913473653058
8480,c,51.68913473653058,51.68913473653058
8481,t,51.68913473653058,51.68913473653058
8482,c,51.68913473653058,51.68913473653058
8483,c,51.68913473653058,51.68913473653058
8484,t,51.68913473653058,51.68913473653058
8485,t,51.68913473653058,51.68913473653058
8486,c,51.68913473653058,51.68913473653058
8487,t,51.68913473653058,51.68913473653058
8488,c,51.68913473653058,51.68913473653058
8489,c,51.68913473653058,51.68913473653058
8490,c,51.68913473653058,51.68913473653058
8491,c,51.68913473653058,51.68913473653058
8492,t,51.68913473653058,51.68913473653058
8493,c,51.68913473653058,51.68913473653058
8494,c,51.68913473653058,51.68913473653058
8495,c,51.68913473653058,51.68913473653058
8496,t,51.68913473653058,51.68913473653058
8497,c,51.68913473653058,51.68913473653058
8498,c,51.68913473653058,51.68913473653058
8499,c,51.68913473653058,51.68913473653058
8500,t,51.68913473653058,51.68913473653058
8501,c,51.68913473653058,51.68913473653058
8502,c,51.68913473653058,51.68913473653058
8503,c,51.68913473653058,51.68913473653058
8504,c,51.68913473653058,51.68913473653058
8505,c,51.68913473653058,51.68913473653058
8506,c,51.68913473653058,51.68913473653058
8507,t,51.68913473653058,51.68913473653058
8508,t,51.68913473653058,51.68913473653058
8509,c,51.68913473653058,51.68913473653058
8510,c,51.68913473653058,51.68913473653058
8511,t,51.68913473653058,51.68913473653058
8512,t,51.68913473653058,51.68913473653058
8513,t,51.68913473653058,51.68913473653058
8514,t,51.68913473653058,51.68913473653058
8515,t,51.68913473653058,51.68913473653058
8516,c,51.68913473653058,51.68913473653058
8517,t,51.68913473653058,51.68913473653058
8518,c,51.68913473653058,51.68913473653058
8519,c,51.68913473653058,51.68913473653058
8520,na,6.348235858908911,9.877019613116243
8521,t,51.68913473653058,51.68913473653058
8522,t,51.68913473653058,51.68913473653058
8523,c,51.68913473653058,51.68913473653058
8524,t,51.68913473653058,51.68913473653058
8525,t,51.68913473653058,51.68913473653058
8526,c,51.68913473653058,51.68913473653058
8527,c,51.68913473653058,51.68913473653058
8528,t,51.68913473653058,51.68913473653058
8529,c,51.68913473653058,51.68913473653058
8530,c,51.68913473653058,51.68913473653058
8531,t,51.68913473653058,51.68913473653058
8532,t,51.68913473653058,51.68913473653058
8533,t,51.68913473653058,51.68913473653058
8534,c,51.68913473653058,51.68913473653058
8535,t,51.68913473653058,51.68913473653058
8536,t,51.68913473653058,51.68913473653058
8537,c,51.68913473653058,51.68913473653058
8538,t,51.68913473653058,51.68913473653058
8539,c,51.68913473653058,51.68913473653058
8540,c,51.68913473653058,51.68913473653058
8541,c,51.68913473653058,51.68913473653058
8542,t,51.68913473653058,51.68913473653058
8543,c,51.68913473653058,51.68913473653058
8544,c,51.68913473653058,51.68913473653058
8545,c,51.68913473653058,51.68913473653058
8546,c,51.68913473653058,51.68913473653058
8547,t,51.68913473653058,51.68913473653058
8548,t,51.68913473653058,51.68913473653058
8549,t,51.68913473653058,51.68913473653058
8550,t,51.68913473653058,51.68913473653058
8551,c,51.68913473653058,51.68913473653058
8552,t,51.68913473653058,51.68913473653058
8553,t,51.68913473653058,51.68913473653058
8554,c,51.68913473653058,51.68913473653058
8555,t,51.68913473653058,51.68913473653058
8556,c,51.68913473653058,51.68913473653058
8557,c,51.68913473653058,51.68913473653058
8558,c,51.68913473653058,51.68913473653058
8559,t,51.68913473653058,51.68913473653058
8560,t,51.68913473653058,51.68913473653058
8561,c,51.68913473653058,51.68913473653058
8562,c,51.68913473653058,51.68913473653058
8563,t,51.68913473653058,51.68913473653058
8564,c,51.68913473653058,51.68913473653058
8565,c,51.68913473653058,51.68913473653058
8566,t,51.68913473653058,51.68913473653058
8567,t,51.68913473653058,51.68913473653058
8568,t,51.68913473653058,51.68913473653058
8569,t,51.68913473653058,51.68913473653058
8570,c,51.68913473653058,51.68913473653058
8571,t,51.68913473653058,51.68913473653058
8572,t,51.68913473653058,51.68913473653058
8573,c,51.68913473653058,51.68913473653058
8574,t,51.68913473653058,51.68913473653058
8575,t,51.68913473653058,51.68913473653058
8576,t,51.68913473653058,51.68913473653058
8577,c,51.68913473653058,51.68913473653058
8578,t,51.68913473653058,51.68913473653058
8579,t,51.68913473653058,51.68913473653058
8580,t,51.68913473653058,51.68913473653058
8581,t,51.68913473653058,51.68913473653058
8582,c,51.68913473653058,51.68913473653058
8583,t,51.68913473653058,51.68913473653058
8584,c,51.68913473653058,51.68913473653058
8585,c,51.68913473653058,51.68913473653058
8586,c,51.68913473653058,51.68913473653058
8587,t,51.68913473653058,51.68913473653058
8588,t,51.68913473653058,51.68913473653058
8589,t,51.68913473653058,51.68913473653058
8590,c,51.68913473653058,51.68913473653058
8591,t,51.68913473653058,51.68913473653058
8592,t,51.68913473653058,51.68913473653058
8593,t,51.68913473653058,51.68913473653058
8594,c,51.68913473653058,51.68913473653058
8595,c,51.68913473653058,51.68913473653058
8596,c,51.68913473653058,51.68913473653058
8597,c,51.68913473653058,51.68913473653058
8598,c,51.68913473653058,51.68913473653058
8599,c,51.68913473653058,51.68913473653058
8600,c,51.68913473653058,51.68913473653058
8601,c,51.68913473653058,51.68913473653058
8602,c,51.68913473653058,51.68913473653058
8603,t,51.68913473653058,51.68913473653058
8604,c,51.68913473653058,51.68913473653058
8605,t,51.68913473653058,51.68913473653058
8606,t,51.68913473653058,51.68913473653058
8607,t,51.68913473653058,51.68913473653058
8608,t,51.68913473653058,51.68913473653058
8609,c,51.68913473653058,51.68913473653058
8610,c,51.68913473653058,51.68913473653058
8611,t,51.68913473653058,51.68913473653058
8612,c,51.68913473653058,51.68913473653058
8613,c,51.68913473653058,51.68913473653058
8614,c,51.68913473653058,51.68913473653058
8615,t,51.68913473653058,51.68913473653058
8616,c,51.68913473653058,51.68913473653058
8617,t,51.68913473653058,51.68913473653058
8618,na,0.2974768861071968,2.395231577489512
8619,c,51.68913473653058,51.68913473653058
8620,c,51.68913473653058,51.68913473653058
8621,c,51.68913473653058,51.68913473653058
8622,na,5.04558237979107,6.471731096384298
8623,t,51.68913473653058,51.68913473653058
8624,c,51.68913473653058,51.68913473653058
8625,t,51.68913473653058,51.68913473653058
8626,c,51.68913473653058,51.68913473653058
8627,c,51.68913473653058,51.68913473653058
8628,t,51.68913473653058,51.68913473653058
8629,c,51.68913473653058,51.68913473653058
8630,c,51.68913473653058,51.68913473653058
8631,c,51.68913473653058,51.68913473653058
8632,t,51.68913473653058,51.68913473653058
8633,c,51.68913473653058,51.68913473653058
8634,c,51.68913473653058,51.68913473653058
8635,t,51.68913473653058,51.68913473653058
8636,t,51.68913473653058,51.68913473653058
8637,t,51.68913473653058,51.68913473653058
8638,c,51.68913473653058,51.68913473653058
8639,t,51.68913473653058,51.68913473653058
8640,c,51.68913473653058,51.68913473653058
8641,t,51.68913473653058,51.68913473653058
8642,t,51.68913473653058,51.68913473653058
8643,t,51.68913473653058,51.68913473653058
8644,c,51.68913473653058,51.68913473653058
8645,t,51.68913473653058,51.68913473653058
8646,t,51.68913473653058,51.68913473653058
8647,c,51.68913473653058,51.68913473653058
8648,c,51.68913473653058,51.68913473653058
8649,t,51.68913473653058,51.68913473653058
8650,c,51.68913473653058,51.68913473653058
8651,c,51.68913473653058,51.68913473653058
8652,c,51.68913473653058,51.68913473653058
8653,t,51.68913473653058,51.68913473653058
8654,c,51.68913473653058,51.68913473653058
8655,t,51.68913473653058,51.68913473653058
8656,c,51.68913473653058,51.68913473653058
8657,c,51.68913473653058,51.68913473653058
8658,c,51.68913473653058,51.68913473653058
8659,t,51.68913473653058,51.68913473653058
8660,t,51.68913473653058,51.68913473653058
8661,c,51.68913473653058,51.68913473653058
8662,t,51.68913473653058,51.68913473653058
8663,c,51.68913473653058,51.68913473653058
8664,t,51.68913473653058,51.68913473653058
8665,c,51.68913473653058,51.68913473653058
8666,c,51.68913473653058,51.68913473653058
8667,c,51.68913473653058,51.68913473653058
8668,c,51.68913473653058,51.68913473653058
8669,t,51.68913473653058,51.68913473653058
8670,c,51.68913473653058,51.68913473653058
8671,t,51.68913473653058,51.68913473653058
8672,c,51.68913473653058,51.68913473653058
8673,c,51.68913473653058,51.68913473653058
8674,c,51.68913473653058,51.68913473653058
8675,t,51.68913473653058,51.68913473653058
8676,c,51.68913473653058,51.68913473653058
8677,t,51.68913473653058,51.68913473653058
8678,t,51.68913473653058,51.68913473653058
8679,t,51.68913473653058,51.68913473653058
8680,c,51.68913473653058,51.68913473653058
8681,t,51.68913473653058,51.68913473653058
8682,c,51.68913473653058,51.68913473653058
8683,c,51.68913473653058,51.68913473653058
8684,c,51.68913473653058,51.68913473653058
8685,c,51.68913473653058,51.68913473653058
8686,t,51.68913473653058,51.68913473653058
8687,c,51.68913473653058,51.68913473653058
8688,c,51.68913473653058,51.68913473653058
8689,c,51.68913473653058,51.68913473653058
8690,c,51.68913473653058,51.68913473653058
8691,c,51.68913473653058,51.68913473653058
8692,t,51.68913473653058,51.68913473653058
8693,c,51.68913473653058,51.68913473653058
8694,c,51.68913473653058,51.68913473653058
8695,c,51.68913473653058,51.68913473653058
8696,t,51.68913473653058,51.68913473653058
8697,t,51.68913473653058,51.68913473653058
8698,c,51.68913473653058,51.68913473653058
8699,c,51.68913473653058,51.68913473653058
8700,t,51.68913473653058,51.68913473653058
8701,c,51.68913473653058,51.68913473653058
8702,c,51.68913473653058,51.68913473653058
8703,t,51.68913473653058,51.68913473653058
8704,c,51.68913473653058,51.68913473653058
8705,t,51.68913473653058,51.68913473653058
8706,c,51.68913473653058,51.68913473653058
8707,c,51.68913473653058,51.68913473653058
8708,c,51.68913473653058,51.68913473653058
8709,c,51.68913473653058,51.68913473653058
8710,c,51.68913473653058,51.68913473653058
8711,c,51.68913473653058,51.68913473653058
8712,c,51.68913473653058,51.68913473653058
8713,t,51.68913473653058,51.68913473653058
8714,t,51.68913473653058,51.68913473653058
8715,c,6.575096404731156,51.68913473653058
8716,na,-1,0
8717,c,51.68913473653058,51.68913473653058
8718,c,51.68913473653058,51.68913473653058
8719,t,51.68913473653058,51.68913473653058
8720,c,51.68913473653058,51.68913473653058
8721,c,51.68913473653058,51.68913473653058
8722,c,51.68913473653058,51.68913473653058
8723,c,51.68913473653058,51.68913473653058
8724,t,51.68913473653058,51.68913473653058
8725,t,51.68913473653058,51.68913473653058
8726,c,51.68913473653058,51.68913473653058
8727,c,51.68913473653058,51.68913473653058
8728,c,51.68913473653058,51.68913473653058
8729,c,51.68913473653058,51.68913473653058
8730,c,51.68913473653058,51.68913473653058
8731,c,51.68913473653058,51.68913473653058
8732,c,51.68913473653058,51.68913473653058
8733,c,51.68913473653058,51.68913473653058
8734,t,51.68913473653058,51.68913473653058
8735,t,51.68913473653058,51.68913473653058
8736,c,51.68913473653058,51.68913473653058
8737,c,51.68913473653058,51.68913473653058
8738,c,51.68913473653058,51.68913473653058
8739,c,51.68913473653058,51.68913473653058
8740,c,51.68913473653058,51.68913473653058
8741,t,51.68913473653058,51.68913473653058
8742,na,-1,0
8743,t,51.68913473653058,51.68913473653058
8744,c,51.68913473653058,51.68913473653058
8745,c,51.68913473653058,51.68913473653058
8746,c,51.68913473653058,51.68913473653058
8747,t,51.68913473653058,51.68913473653058
8748,c,51.68913473653058,51.68913473653058
8749,c,51.68913473653058,51.68913473653058
8750,t,51.68913473653058,51.68913473653058
8751,t,51.68913473653058,51.68913473653058
8752,c,51.68913473653058,51.68913473653058
8753,t,51.68913473653058,51.68913473653058
8754,c,51.68913473653058,51.68913473653058
8755,c,51.68913473653058,51.68913473653058
8756,t,51.68913473653058,51.68913473653058
8757,t,51.68913473653058,51.68913473653058
8758,t,51.68913473653058,51.68913473653058
8759,t,51.68913473653058,51.68913473653058
8760,t,51.68913473653058,51.68913473653058
8761,t,51.68913473653058,51.68913473653058
8762,c,51.68913473653058,51.68913473653058
8763,c,51.68913473653058,51.68913473653058
8764,c,51.68913473653058,51.68913473653058
8765,t,51.68913473653058,51.68913473653058
8766,c,51.68913473653058,51.68913473653058
8767,t,51.68913473653058,51.68913473653058
8768,c,51.68913473653058,51.68913473653058
8769,c,51.68913473653058,51.68913473653058
8770,c,51.68913473653058,51.68913473653058
8771,t,51.68913473653058,51.68913473653058
8772,c,51.68913473653058,51.68913473653058
8773,c,51.68913473653058,51.68913473653058
8774,c,51.68913473653058,51.68913473653058
8775,c,51.68913473653058,51.68913473653058
8776,c,51.68913473653058,51.68913473653058
8777,c,51.68913473653058,51.68913473653058
8778,c,51.68913473653058,51.68913473653058
8779,t,51.68913473653058,51.68913473653058
8780,c,51.68913473653058,51.68913473653058
8781,na,0,1.1340841661495462
8782,c,51.68913473653058,51.68913473653058
8783,c,51.68913473653058,51.68913473653058
8784,t,51.68913473653058,51.68913473653058
8785,c,51.68913473653058,51.68913473653058
8786,t,51.68913473653058,51.68913473653058
8787,c,51.68913473653058,51.68913473653058
8788,t,51.68913473653058,51.68913473653058
8789,c,51.68913473653058,51.68913473653058
8790,c,51.68913473653058,51.68913473653058
8791,t,51.68913473653058,51.68913473653058
8792,c,51.68913473653058,51.68913473653058
8793,c,51.68913473653058,51.68913473653058
8794,t,51.68913473653058,51.68913473653058
8795,t,51.68913473653058,51.68913473653058
8796,t,51.68913473653058,51.68913473653058
8797,t,51.68913473653058,51.68913473653058
8798,t,51.68913473653058,51.68913473653058
8799,t,51.68913473653058,51.68913473653058
8800,t,51.68913473653058,51.68913473653058
8801,t,51.68913473653058,51.68913473653058
8802,t,51.68913473653058,51.68913473653058
8803,c,51.68913473653058,51.68913473653058
8804,t,51.68913473653058,51.68913473653058
8805,t,51.68913473653058,51.68913473653058
8806,c,51.68913473653058,51.68913473653058
8807,t,51.68913473653058,51.68913473653058
8808,t,51.68913473653058,51.68913473653058
8809,c,51.68913473653058,51.68913473653058
8810,t,51.68913473653058,51.68913473653058
8811,t,51.68913473653058,51.68913473653058
8812,t,51.68913473653058,51.68913473653058
8813,c,51.68913473653058,51.68913473653058
8814,c,51.68913473653058,51.68913473653058
8815,c,51.68913473653058,51.68913473653058
8816,t,51.68913473653058,51.68913473653058
8817,t,51.68913473653058,51.68913473653058
8818,t,51.68913473653058,51.68913473653058
8819,c,51.68913473653058,51.68913473653058
8820,c,51.68913473653058,51.68913473653058
8821,c,51.68913473653058,51.68913473653058
8822,t,51.68913473653058,51.68913473653058
8823,c,51.68913473653058,51.68913473653058
8824,t,51.68913473653058,51.68913473653058
8825,c,51.68913473653058,51.68913473653058
8826,c,51.68913473653058,51.68913473653058
8827,c,51.68913473653058,51.68913473653058
8828,t,51.68913473653058,51.68913473653058
8829,t,51.68913473653058,51.68913473653058
8830,t,51.68913473653058,51.68913473653058
8831,c,51.68913473653058,51.68913473653058
8832,t,51.68913473653058,51.68913473653058
8833,c,51.68913473653058,51.68913473653058
8834,t,51.68913473653058,51.68913473653058
8835,c,51.68913473653058,51.68913473653058
8836,c,51.68913473653058,51.68913473653058
8837,t,51.68913473653058,51.68913473653058
8838,c,51.68913473653058,51.68913473653058
8839,c,51.68913473653058,51.68913473653058
8840,c,51.68913473653058,51.68913473653058
8841,t,51.68913473653058,51.68913473653058
8842,c,7.663998139432164,13.98621929674614
8843,c,51.68913473653058,51.68913473653058
8844,c,51.68913473653058,51.68913473653058
8845,c,51.68913473653058,51.68913473653058
8846,c,51.68913473653058,51.68913473653058
8847,t,51.68913473653058,51.68913473653058
8848,na,6.449061796196989,10.433320613174498
8849,c,51.68913473653058,51.68913473653058
8850,t,51.68913473653058,51.68913473653058
8851,t,51.68913473653058,51.68913473653058
8852,t,51.68913473653058,51.68913473653058
8853,t,51.68913473653058,51.68913473653058
8854,c,51.68913473653058,51.68913473653058
8855,c,51.68913473653058,51.68913473653058
8856,t,51.68913473653058,51.68913473653058
8857,t,51.68913473653058,51.68913473653058
8858,c,51.68913473653058,51.68913473653058
8859,c,51.68913473653058,51.68913473653058
8860,c,51.68913473653058,51.68913473653058
8861,c,51.68913473653058,51.68913473653058
8862,t,51.68913473653058,51.68913473653058
8863,c,51.68913473653058,51.68913473653058
8864,c,51.68913473653058,51.68913473653058
8865,c,51.68913473653058,51.68913473653058
8866,t,51.68913473653058,51.68913473653058
8867,t,51.68913473653058,51.68913473653058
8868,t,51.68913473653058,51.68913473653058
8869,t,51.68913473653058,51.68913473653058
8870,t,51.68913473653058,51.68913473653058
8871,t,51.68913473653058,51.68913473653058
8872,c,11.01157755792252,17.758442519167208
8873,c,51.68913473653058,51.68913473653058
8874,t,51.68913473653058,51.68913473653058
8875,t,51.68913473653058,51.68913473653058
8876,c,51.68913473653058,51.68913473653058
8877,t,51.68913473653058,51.68913473653058
8878,t,51.68913473653058,51.68913473653058
8879,c,51.68913473653058,51.68913473653058
8880,c,51.68913473653058,51.68913473653058
8881,t,51.68913473653058,51.68913473653058
8882,t,51.68913473653058,51.68913473653058
8883,t,51.68913473653058,51.68913473653058
8884,c,51.68913473653058,51.68913473653058
8885,c,51.68913473653058,51.68913473653058
8886,t,51.68913473653058,51.68913473653058
8887,c,51.68913473653058,51.68913473653058
8888,t,51.68913473653058,51.68913473653058
8889,c,51.68913473653058,51.68913473653058
8890,t,51.68913473653058,51.68913473653058
8891,t,51.68913473653058,51.68913473653058
8892,c,51.68913473653058,51.68913473653058
8893,t,51.68913473653058,51.68913473653058
8894,c,51.68913473653058,51.68913473653058
8895,c,51.68913473653058,51.68913473653058
8896,t,51.68913473653058,51.68913473653058
8897,c,51.68913473653058,51.68913473653058
8898,t,51.68913473653058,51.68913473653058
8899,c,51.68913473653058,51.68913473653058
8900,c,51.68913473653058,51.68913473653058
8901,c,51.68913473653058,51.68913473653058
8902,t,51.68913473653058,51.68913473653058
8903,t,51.68913473653058,51.68913473653058
8904,t,51.68913473653058,51.68913473653058
8905,c,51.68913473653058,51.68913473653058
8906,t,51.68913473653058,51.68913473653058
8907,t,51.68913473653058,51.68913473653058
8908,t,51.68913473653058,51.68913473653058
8909,c,51.68913473653058,51.68913473653058
8910,t,51.68913473653058,51.68913473653058
8911,t,51.68913473653058,51.68913473653058
8912,t,51.68913473653058,51.68913473653058
8913,c,51.68913473653058,51.68913473653058
8914,c,51.68913473653058,51.68913473653058
8915,c,51.68913473653058,51.68913473653058
8916,t,51.68913473653058,51.68913473653058
8917,c,51.68913473653058,51.68913473653058
8918,c,51.68913473653058,51.68913473653058
8919,t,51.68913473653058,51.68913473653058
8920,t,51.68913473653058,51.68913473653058
8921,c,51.68913473653058,51.68913473653058
8922,t,51.68913473653058,51.68913473653058
8923,t,51.68913473653058,51.68913473653058
8924,t,51.68913473653058,51.68913473653058
8925,t,51.68913473653058,51.68913473653058
8926,t,51.68913473653058,51.68913473653058
8927,t,51.68913473653058,51.68913473653058
8928,t,51.68913473653058,51.68913473653058
8929,t,51.68913473653058,51.68913473653058
8930,t,51.68913473653058,51.68913473653058
8931,c,51.68913473653058,51.68913473653058
8932,c,51.68913473653058,51.68913473653058
8933,t,51.68913473653058,51.68913473653058
8934,c,51.68913473653058,51.68913473653058
8935,t,51.68913473653058,51.68913473653058
8936,t,51.68913473653058,51.68913473653058
8937,c,51.68913473653058,51.68913473653058
8938,c,51.68913473653058,51.68913473653058
8939,c,51.68913473653058,51.68913473653058
8940,t,51.68913473653058,51.68913473653058
8941,c,51.68913473653058,51.68913473653058
8942,t,51.68913473653058,51.68913473653058
8943,c,51.68913473653058,51.68913473653058
8944,c,51.68913473653058,51.68913473653058
8945,t,51.68913473653058,51.68913473653058
8946,c,51.68913473653058,51.68913473653058
8947,t,51.68913473653058,51.68913473653058
8948,t,51.68913473653058,51.68913473653058
8949,c,51.68913473653058,51.68913473653058
8950,c,51.68913473653058,51.68913473653058
8951,t,51.68913473653058,51.68913473653058
8952,c,51.68913473653058,51.68913473653058
8953,t,51.68913473653058,51.68913473653058
8954,c,51.68913473653058,51.68913473653058
8955,t,51.68913473653058,51.68913473653058
8956,c,8.691241047607427,14.94991704482104
8957,t,51.68913473653058,51.68913473653058
8958,t,51.68913473653058,51.68913473653058
8959,t,51.68913473653058,51.68913473653058
8960,t,51.68913473653058,51.68913473653058
8961,c,51.68913473653058,51.68913473653058
8962,c,51.68913473653058,51.68913473653058
8963,na,-1,0
8964,c,51.68913473653058,51.68913473653058
8965,t,51.68913473653058,51.68913473653058
8966,t,51.68913473653058,51.68913473653058
8967,c,51.68913473653058,51.68913473653058
8968,t,51.68913473653058,51.68913473653058
8969,t,51.68913473653058,51.68913473653058
8970,t,51.68913473653058,51.68913473653058
8971,t,51.68913473653058,51.68913473653058
8972,t,51.68913473653058,51.68913473653058
8973,t,51.68913473653058,51.68913473653058
8974,c,51.68913473653058,51.68913473653058
8975,c,51.68913473653058,51.68913473653058
8976,c,51.68913473653058,51.68913473653058
8977,t,51.68913473653058,51.68913473653058
8978,c,51.68913473653058,51.68913473653058
8979,c,51.68913473653058,51.68913473653058
8980,t,51.68913473653058,51.68913473653058
8981,c,51.68913473653058,51.68913473653058
8982,c,5.949976584120142,21.825241725033724
8983,c,51.68913473653058,51.68913473653058
8984,t,51.68913473653058,51.68913473653058
8985,c,51.68913473653058,51.68913473653058
8986,t,51.68913473653058,51.68913473653058
8987,c,51.68913473653058,51.68913473653058
8988,t,51.68913473653058,51.68913473653058
8989,t,51.68913473653058,51.68913473653058
8990,t,51.68913473653058,51.68913473653058
8991,t,51.68913473653058,51.68913473653058
8992,c,51.68913473653058,51.68913473653058
8993,c,51.68913473653058,51.68913473653058
8994,t,51.68913473653058,51.68913473653058
8995,c,51.68913473653058,51.68913473653058
8996,c,1.7186291957661677,3.5250486608846545
8997,t,51.68913473653058,51.68913473653058
8998,t,51.68913473653058,51.68913473653058
8999,t,51.68913473653058,51.68913473653058
9000,c,51.68913473653058,51.68913473653058
9001,t,51.68913473653058,51.68913473653058
9002,t,51.68913473653058,51.68913473653058
9003,c,51.68913473653058,51.68913473653058
9004,c,51.68913473653058,51.68913473653058
9005,t,51.68913473653058,51.68913473653058
9006,t,51.68913473653058,51.68913473653058
9007,c,51.68913473653058,51.68913473653058
9008,t,51.68913473653058,51.68913473653058
9009,c,51.68913473653058,51.68913473653058
9010,t,51.68913473653058,51.68913473653058
9011,c,51.68913473653058,51.68913473653058
9012,t,51.68913473653058,51.68913473653058
9013,t,51.68913473653058,51.68913473653058
9014,c,51.68913473653058,51.68913473653058
9015,c,51.68913473653058,51.68913473653058
9016,t,51.68913473653058,51.68913473653058
9017,c,51.68913473653058,51.68913473653058
9018,t,51.68913473653058,51.68913473653058
9019,t,51.68913473653058,51.68913473653058
9020,t,51.68913473653058,51.68913473653058
9021,t,51.68913473653058,51.68913473653058
9022,t,51.68913473653058,51.68913473653058
9023,c,51.68913473653058,51.68913473653058
9024,c,51.68913473653058,51.68913473653058
9025,t,51.68913473653058,51.68913473653058
9026,c,51.68913473653058,51.68913473653058
9027,c,51.68913473653058,51.68913473653058
9028,c,51.68913473653058,51.68913473653058
9029,c,51.68913473653058,51.68913473653058
9030,c,51.68913473653058,51.68913473653058
9031,t,51.68913473653058,51.68913473653058
9032,t,51.68913473653058,51.68913473653058
9033,c,51.68913473653058,51.68913473653058
9034,t,51.68913473653058,51.68913473653058
9035,c,51.68913473653058,51.68913473653058
9036,c,51.68913473653058,51.68913473653058
9037,t,51.68913473653058,51.68913473653058
9038,t,51.68913473653058,51.68913473653058
9039,t,51.68913473653058,51.68913473653058
9040,c,51.68913473653058,51.68913473653058
9041,c,51.68913473653058,51.68913473653058
9042,t,51.68913473653058,51.68913473653058
9043,t,51.68913473653058,51.68913473653058
9044,t,51.68913473653058,51.68913473653058
9045,c,51.68913473653058,51.68913473653058
9046,t,51.68913473653058,51.68913473653058
9047,c,51.68913473653058,51.68913473653058
9048,t,51.68913473653058,51.68913473653058
9049,t,51.68913473653058,51.68913473653058
9050,c,51.68913473653058,51.68913473653058
9051,c,51.68913473653058,51.68913473653058
9052,c,51.68913473653058,51.68913473653058
9053,c,51.68913473653058,51.68913473653058
9054,t,51.68913473653058,51.68913473653058
9055,t,51.68913473653058,51.68913473653058
9056,t,51.68913473653058,51.68913473653058
9057,c,51.68913473653058,51.68913473653058
9058,c,51.68913473653058,51.68913473653058
9059,c,51.68913473653058,51.68913473653058
9060,t,51.68913473653058,51.68913473653058
9061,t,51.68913473653058,51.68913473653058
9062,c,51.68913473653058,51.68913473653058
9063,c,51.68913473653058,51.68913473653058
9064,t,51.68913473653058,51.68913473653058
9065,c,51.68913473653058,51.68913473653058
9066,c,51.68913473653058,51.68913473653058
9067,t,51.68913473653058,51.68913473653058
9068,t,51.68913473653058,51.68913473653058
9069,c,51.68913473653058,51.68913473653058
9070,t,51.68913473653058,51.68913473653058
9071,c,51.68913473653058,51.68913473653058
9072,c,51.68913473653058,51.68913473653058
9073,c,51.68913473653058,51.68913473653058
9074,c,51.68913473653058,51.68913473653058
9075,c,51.68913473653058,51.68913473653058
9076,c,51.68913473653058,51.68913473653058
9077,c,51.68913473653058,51.68913473653058
9078,c,51.68913473653058,51.68913473653058
9079,t,51.68913473653058,51.68913473653058
9080,t,51.68913473653058,51.68913473653058
9081,t,51.68913473653058,51.68913473653058
9082,c,51.68913473653058,51.68913473653058
9083,c,51.68913473653058,51.68913473653058
9084,c,51.68913473653058,51.68913473653058
9085,c,51.68913473653058,51.68913473653058
9086,c,51.68913473653058,51.68913473653058
9087,c,51.68913473653058,51.68913473653058
9088,c,51.68913473653058,51.68913473653058
9089,t,51.68913473653058,51.68913473653058
9090,c,51.68913473653058,51.68913473653058
9091,c,51.68913473653058,51.68913473653058
9092,c,51.68913473653058,51.68913473653058
9093,c,51.68913473653058,51.68913473653058
9094,c,51.68913473653058,51.68913473653058
9095,t,51.68913473653058,51.68913473653058
9096,t,51.68913473653058,51.68913473653058
9097,t,51.68913473653058,51.68913473653058
9098,c,51.68913473653058,51.68913473653058
9099,t,51.68913473653058,51.68913473653058
9100,t,51.68913473653058,51.68913473653058
9101,t,51.68913473653058,51.68913473653058
9102,t,51.68913473653058,51.68913473653058
9103,t,51.68913473653058,51.68913473653058
9104,na,0,17.6926465127274
9105,t,51.68913473653058,51.68913473653058
9106,c,51.68913473653058,51.68913473653058
9107,t,51.68913473653058,51.68913473653058
9108,t,51.68913473653058,51.68913473653058
9109,c,51.68913473653058,51.68913473653058
9110,t,51.68913473653058,51.68913473653058
9111,c,51.68913473653058,51.68913473653058
9112,c,51.68913473653058,51.68913473653058
9113,c,51.68913473653058,51.68913473653058
9114,c,51.68913473653058,51.68913473653058
9115,c,51.68913473653058,51.68913473653058
9116,c,51.68913473653058,51.68913473653058
9117,c,51.68913473653058,51.68913473653058
9118,c,51.68913473653058,51.68913473653058
9119,c,51.68913473653058,51.68913473653058
9120,c,51.68913473653058,51.68913473653058
9121,t,51.68913473653058,51.68913473653058
9122,c,51.68913473653058,51.68913473653058
9123,t,51.68913473653058,51.68913473653058
9124,c,51.68913473653058,51.68913473653058
9125,t,51.68913473653058,51.68913473653058
9126,c,51.68913473653058,51.68913473653058
9127,c,51.68913473653058,51.68913473653058
9128,t,51.68913473653058,51.68913473653058
9129,t,51.68913473653058,51.68913473653058
9130,t,51.68913473653058,51.68913473653058
9131,t,51.68913473653058,51.68913473653058
9132,c,51.68913473653058,51.68913473653058
9133,c,51.68913473653058,51.68913473653058
9134,t,51.68913473653058,51.68913473653058
9135,t,51.68913473653058,51.68913473653058
9136,c,51.68913473653058,51.68913473653058
9137,t,51.68913473653058,51.68913473653058
9138,c,51.68913473653058,51.68913473653058
9139,c,51.68913473653058,51.68913473653058
9140,c,51.68913473653058,51.68913473653058
9141,t,51.68913473653058,51.68913473653058
9142,t,51.68913473653058,51.68913473653058
9143,t,51.68913473653058,51.68913473653058
9144,t,51.68913473653058,51.68913473653058
9145,t,51.68913473653058,51.68913473653058
9146,c,51.68913473653058,51.68913473653058
9147,t,51.68913473653058,51.68913473653058
9148,t,51.68913473653058,51.68913473653058
9149,t,51.68913473653058,51.68913473653058
9150,c,51.68913473653058,51.68913473653058
9151,c,51.68913473653058,51.68913473653058
9152,t,51.68913473653058,51.68913473653058
9153,c,51.68913473653058,51.68913473653058
9154,c,51.68913473653058,51.68913473653058
9155,c,51.68913473653058,51.68913473653058
9156,t,51.68913473653058,51.68913473653058
9157,t,51.68913473653058,51.68913473653058
9158,t,51.68913473653058,51.68913473653058
9159,c,51.68913473653058,51.68913473653058
9160,t,51.68913473653058,51.68913473653058
9161,c,51.68913473653058,51.68913473653058
9162,c,51.68913473653058,51.68913473653058
9163,t,51.68913473653058,51.68913473653058
9164,t,51.68913473653058,51.68913473653058
9165,c,51.68913473653058,51.68913473653058
9166,c,51.68913473653058,51.68913473653058
9167,t,51.68913473653058,51.68913473653058
9168,c,51.68913473653058,51.68913473653058
9169,c,51.68913473653058,51.68913473653058
9170,t,51.68913473653058,51.68913473653058
9171,t,51.68913473653058,51.68913473653058
9172,c,51.68913473653058,51.68913473653058
9173,t,51.68913473653058,51.68913473653058
9174,t,51.68913473653058,51.68913473653058
9175,t,51.68913473653058,51.68913473653058
9176,c,51.68913473653058,51.68913473653058
9177,c,51.68913473653058,51.68913473653058
9178,c,51.68913473653058,51.68913473653058
9179,t,51.68913473653058,51.68913473653058
9180,t,51.68913473653058,51.68913473653058
9181,t,51.68913473653058,51.68913473653058
9182,c,51.68913473653058,51.68913473653058
9183,c,51.68913473653058,51.68913473653058
9184,c,51.68913473653058,51.68913473653058
9185,c,51.68913473653058,51.68913473653058
9186,t,51.68913473653058,51.68913473653058
9187,t,51.68913473653058,51.68913473653058
9188,c,51.68913473653058,51.68913473653058
9189,t,51.68913473653058,51.68913473653058
9190,t,51.68913473653058,51.68913473653058
9191,c,51.68913473653058,51.68913473653058
9192,t,51.68913473653058,51.68913473653058
9193,c,51.68913473653058,51.68913473653058
9194,t,51.68913473653058,51.68913473653058
9195,c,51.68913473653058,51.68913473653058
9196,c,51.68913473653058,51.68913473653058
9197,t,51.68913473653058,51.68913473653058
9198,t,51.68913473653058,51.68913473653058
9199,t,51.68913473653058,51.68913473653058
9200,c,51.68913473653058,51.68913473653058
9201,t,51.68913473653058,51.68913473653058
9202,c,51.68913473653058,51.68913473653058
9203,t,51.68913473653058,51.68913473653058
9204,t,51.68913473653058,51.68913473653058
9205,c,51.68913473653058,51.68913473653058
9206,c,51.68913473653058,51.68913473653058
9207,t,51.68913473653058,51.68913473653058
9208,c,51.68913473653058,51.68913473653058
9209,t,51.68913473653058,51.68913473653058
9210,t,51.68913473653058,51.68913473653058
9211,t,51.68913473653058,51.68913473653058
9212,t,51.68913473653058,51.68913473653058
9213,t,51.68913473653058,51.68913473653058
9214,c,51.68913473653058,51.68913473653058
9215,c,51.68913473653058,51.68913473653058
9216,c,51.68913473653058,51.68913473653058
9217,t,51.68913473653058,51.68913473653058
9218,t,51.68913473653058,51.68913473653058
9219,c,51.68913473653058,51.68913473653058
9220,t,51.68913473653058,51.68913473653058
9221,t,51.68913473653058,51.68913473653058
9222,na,3.9231976701095475,7.497100616980406
9223,t,51.68913473653058,51.68913473653058
9224,t,51.68913473653058,51.68913473653058
9225,c,51.68913473653058,51.68913473653058
9226,c,51.68913473653058,51.68913473653058
9227,t,51.68913473653058,51.68913473653058
9228,t,51.68913473653058,51.68913473653058
9229,c,51.68913473653058,51.68913473653058
9230,t,51.68913473653058,51.68913473653058
9231,c,51.68913473653058,51.68913473653058
9232,c,51.68913473653058,51.68913473653058
9233,t,51.68913473653058,51.68913473653058
9234,t,51.68913473653058,51.68913473653058
9235,c,51.68913473653058,51.68913473653058
9236,c,51.68913473653058,51.68913473653058
9237,t,51.68913473653058,51.68913473653058
9238,t,51.68913473653058,51.68913473653058
9239,c,51.68913473653058,51.68913473653058
9240,t,51.68913473653058,51.68913473653058
9241,c,51.68913473653058,51.68913473653058
9242,c,51.68913473653058,51.68913473653058
9243,c,51.68913473653058,51.68913473653058
9244,c,51.68913473653058,51.68913473653058
9245,t,51.68913473653058,51.68913473653058
9246,c,51.68913473653058,51.68913473653058
9247,t,51.68913473653058,51.68913473653058
9248,c,51.68913473653058,51.68913473653058
9249,c,51.68913473653058,51.68913473653058
9250,t,51.68913473653058,51.68913473653058
9251,t,51.68913473653058,51.68913473653058
9252,t,51.68913473653058,51.68913473653058
9253,t,51.68913473653058,51.68913473653058
9254,c,51.68913473653058,51.68913473653058
9255,c,51.68913473653058,51.68913473653058
9256,t,51.68913473653058,51.68913473653058
9257,c,51.68913473653058,51.68913473653058
9258,t,51.68913473653058,51.68913473653058
9259,c,51.68913473653058,51.68913473653058
9260,c,51.68913473653058,51.68913473653058
9261,c,51.68913473653058,51.68913473653058
9262,c,51.68913473653058,51.68913473653058
9263,c,51.68913473653058,51.68913473653058
9264,t,51.68913473653058,51.68913473653058
9265,c,51.68913473653058,51.68913473653058
9266,t,51.68913473653058,51.68913473653058
9267,t,51.68913473653058,51.68913473653058
9268,c,51.68913473653058,51.68913473653058
9269,c,51.68913473653058,51.68913473653058
9270,c,51.68913473653058,51.68913473653058
9271,t,51.68913473653058,51.68913473653058
9272,t,51.68913473653058,51.68913473653058
9273,na,0,0.15802327132041993
9274,c,51.68913473653058,51.68913473653058
9275,t,51.68913473653058,51.68913473653058
9276,t,51.68913473653058,51.68913473653058
9277,c,51.68913473653058,51.68913473653058
9278,t,51.68913473653058,51.68913473653058
9279,t,51.68913473653058,51.68913473653058
9280,c,51.68913473653058,51.68913473653058
9281,t,51.68913473653058,51.68913473653058
9282,t,51.68913473653058,51.68913473653058
9283,c,51.68913473653058,51.68913473653058
9284,c,51.68913473653058,51.68913473653058
9285,c,51.68913473653058,51.68913473653058
9286,c,51.68913473653058,51.68913473653058
9287,t,51.68913473653058,51.68913473653058
9288,c,51.68913473653058,51.68913473653058
9289,t,51.68913473653058,51.68913473653058
9290,c,51.68913473653058,51.68913473653058
9291,t,51.68913473653058,51.68913473653058
9292,t,51.68913473653058,51.68913473653058
9293,c,51.68913473653058,51.68913473653058
9294,c,51.68913473653058,51.68913473653058
9295,t,51.68913473653058,51.68913473653058
9296,c,51.68913473653058,51.68913473653058
9297,c,51.68913473653058,51.68913473653058
9298,t,51.68913473653058,51.68913473653058
9299,c,51.68913473653058,51.68913473653058
9300,t,51.68913473653058,51.68913473653058
9301,c,51.68913473653058,51.68913473653058
9302,t,51.68913473653058,51.68913473653058
9303,t,51.68913473653058,51.68913473653058
9304,c,51.68913473653058,51.68913473653058
9305,c,51.68913473653058,51.68913473653058
9306,c,51.68913473653058,51.68913473653058
9307,c,51.68913473653058,51.68913473653058
9308,c,51.68913473653058,51.68913473653058
9309,c,51.68913473653058,51.68913473653058
9310,c,51.68913473653058,51.68913473653058
9311,t,51.68913473653058,51.68913473653058
9312,c,51.68913473653058,51.68913473653058
9313,t,51.68913473653058,51.68913473653058
9314,c,51.68913473653058,51.68913473653058
9315,c,51.68913473653058,51.68913473653058
9316,na,3.345127186595604,5.78305687951312
9317,t,51.68913473653058,51.68913473653058
9318,t,51.68913473653058,51.68913473653058
9319,c,51.68913473653058,51.68913473653058
9320,c,51.68913473653058,51.68913473653058
9321,c,51.68913473653058,51.68913473653058
9322,c,51.68913473653058,51.68913473653058
9323,t,51.68913473653058,51.68913473653058
9324,c,51.68913473653058,51.68913473653058
9325,t,51.68913473653058,51.68913473653058
9326,c,51.68913473653058,51.68913473653058
9327,c,51.68913473653058,51.68913473653058
9328,c,51.68913473653058,51.68913473653058
9329,c,51.68913473653058,51.68913473653058
9330,c,51.68913473653058,51.68913473653058
9331,t,51.68913473653058,51.68913473653058
9332,c,51.68913473653058,51.68913473653058
9333,t,51.68913473653058,51.68913473653058
9334,c,51.68913473653058,51.68913473653058
9335,t,51.68913473653058,51.68913473653058
9336,c,51.68913473653058,51.68913473653058
9337,c,51.68913473653058,51.68913473653058
9338,t,51.68913473653058,51.68913473653058
9339,c,51.68913473653058,51.68913473653058
9340,t,51.68913473653058,51.68913473653058
9341,t,51.68913473653058,51.68913473653058
9342,t,51.68913473653058,51.68913473653058
9343,c,51.68913473653058,51.68913473653058
9344,t,51.68913473653058,51.68913473653058
9345,t,51.68913473653058,51.68913473653058
9346,t,51.68913473653058,51.68913473653058
9347,c,51.68913473653058,51.68913473653058
9348,t,51.68913473653058,51.68913473653058
9349,c,51.68913473653058,51.68913473653058
9350,t,51.68913473653058,51.68913473653058
9351,c,51.68913473653058,51.68913473653058
9352,c,51.68913473653058,51.68913473653058
9353,c,51.68913473653058,51.68913473653058
9354,c,51.68913473653058,51.68913473653058
9355,t,51.68913473653058,51.68913473653058
9356,c,51.68913473653058,51.68913473653058
9357,t,51.68913473653058,51.68913473653058
9358,t,51.68913473653058,51.68913473653058
9359,t,51.68913473653058,51.68913473653058
9360,c,51.68913473653058,51.68913473653058
9361,c,51.68913473653058,51.68913473653058
9362,t,51.68913473653058,51.68913473653058
9363,c,51.68913473653058,51.68913473653058
9364,t,51.68913473653058,51.68913473653058
9365,t,51.68913473653058,51.68913473653058
9366,c,51.68913473653058,51.68913473653058
9367,t,51.68913473653058,51.68913473653058
9368,t,51.68913473653058,51.68913473653058
9369,c,51.68913473653058,51.68913473653058
9370,c,51.68913473653058,51.68913473653058
9371,c,51.68913473653058,51.68913473653058
9372,c,51.68913473653058,51.68913473653058
9373,c,51.68913473653058,51.68913473653058
9374,t,51.68913473653058,51.68913473653058
9375,c,51.68913473653058,51.68913473653058
9376,t,51.68913473653058,51.68913473653058
9377,t,51.68913473653058,51.68913473653058
9378,t,51.68913473653058,51.68913473653058
9379,t,51.68913473653058,51.68913473653058
9380,c,51.68913473653058,51.68913473653058
9381,t,51.68913473653058,51.68913473653058
9382,c,51.68913473653058,51.68913473653058
9383,c,51.68913473653058,51.68913473653058
9384,t,51.68913473653058,51.68913473653058
9385,c,51.68913473653058,51.68913473653058
9386,c,51.68913473653058,51.68913473653058
9387,c,51.68913473653058,51.68913473653058
9388,c,51.68913473653058,51.68913473653058
9389,c,51.68913473653058,51.68913473653058
9390,c,51.68913473653058,51.68913473653058
9391,c,51.68913473653058,51.68913473653058
9392,t,51.68913473653058,51.68913473653058
9393,t,51.68913473653058,51.68913473653058
9394,t,51.68913473653058,51.68913473653058
9395,c,51.68913473653058,51.68913473653058
9396,t,51.68913473653058,51.68913473653058
9397,t,51.68913473653058,51.68913473653058
9398,c,51.68913473653058,51.68913473653058
9399,c,51.68913473653058,51.68913473653058
9400,t,51.68913473653058,51.68913473653058
9401,t,51.68913473653058,51.68913473653058
9402,c,51.68913473653058,51.68913473653058
9403,t,51.68913473653058,51.68913473653058
9404,t,51.68913473653058,51.68913473653058
9405,c,51.68913473653058,51.68913473653058
9406,c,51.68913473653058,51.68913473653058
9407,c,51.68913473653058,51.68913473653058
9408,t,51.68913473653058,51.68913473653058
9409,t,51.68913473653058,51.68913473653058
9410,c,51.68913473653058,51.68913473653058
9411,c,51.68913473653058,51.68913473653058
9412,c,51.68913473653058,51.68913473653058
9413,t,51.68913473653058,51.68913473653058
9414,c,51.68913473653058,51.68913473653058
9415,c,51.68913473653058,51.68913473653058
9416,t,51.68913473653058,51.68913473653058
9417,c,51.68913473653058,51.68913473653058
9418,c,51.68913473653058,51.68913473653058
9419,t,51.68913473653058,51.68913473653058
9420,t,51.68913473653058,51.68913473653058
9421,t,51.68913473653058,51.68913473653058
9422,c,51.68913473653058,51.68913473653058
9423,t,51.68913473653058,51.68913473653058
9424,c,51.68913473653058,51.68913473653058
9425,c,51.68913473653058,51.68913473653058
9426,c,51.68913473653058,51.68913473653058
9427,c,51.68913473653058,51.68913473653058
9428,t,51.68913473653058,51.68913473653058
9429,t,51.68913473653058,51.68913473653058
9430,c,51.68913473653058,51.68913473653058
9431,c,51.68913473653058,51.68913473653058
9432,t,51.68913473653058,51.68913473653058
9433,t,51.68913473653058,51.68913473653058
9434,t,51.68913473653058,51.68913473653058
9435,c,51.68913473653058,51.68913473653058
9436,t,51.68913473653058,51.68913473653058
9437,c,51.68913473653058,51.68913473653058
9438,c,51.68913473653058,51.68913473653058
9439,c,51.68913473653058,51.68913473653058
9440,c,51.68913473653058,51.68913473653058
9441,c,12.741961637346533,18.41172303501815
9442,t,51.68913473653058,51.68913473653058
9443,c,51.68913473653058,51.68913473653058
9444,c,51.68913473653058,51.68913473653058
9445,t,51.68913473653058,51.68913473653058
9446,c,51.68913473653058,51.68913473653058
9447,t,51.68913473653058,51.68913473653058
9448,t,51.68913473653058,51.68913473653058
9449,c,51.68913473653058,51.68913473653058
9450,t,51.68913473653058,51.68913473653058
9451,t,51.68913473653058,51.68913473653058
9452,t,51.68913473653058,51.68913473653058
9453,t,51.68913473653058,51.68913473653058
9454,c,51.68913473653058,51.68913473653058
9455,c,51.68913473653058,51.68913473653058
9456,t,51.68913473653058,51.68913473653058
9457,t,51.68913473653058,51.68913473653058
9458,t,51.68913473653058,51.68913473653058
9459,c,51.68913473653058,51.68913473653058
9460,t,51.68913473653058,51.68913473653058
9461,t,51.68913473653058,51.68913473653058
9462,t,51.68913473653058,51.68913473653058
9463,t,51.68913473653058,51.68913473653058
9464,t,51.68913473653058,51.68913473653058
9465,t,51.68913473653058,51.68913473653058
9466,t,51.68913473653058,51.68913473653058
9467,t,51.68913473653058,51.68913473653058
9468,c,51.68913473653058,51.68913473653058
9469,t,51.68913473653058,51.68913473653058
9470,t,51.68913473653058,51.68913473653058
9471,c,51.68913473653058,51.68913473653058
9472,t,51.68913473653058,51.68913473653058
9473,c,51.68913473653058,51.68913473653058
9474,t,51.68913473653058,51.68913473653058
9475,na,7.700417015081582,11.422878752077674
9476,t,51.68913473653058,51.68913473653058
9477,t,51.68913473653058,51.68913473653058
9478,t,51.68913473653058,51.68913473653058
9479,c,51.68913473653058,51.68913473653058
9480,c,51.68913473653058,51.68913473653058
9481,t,51.68913473653058,51.68913473653058
9482,t,51.68913473653058,51.68913473653058
9483,c,51.68913473653058,51.68913473653058
9484,c,51.68913473653058,51.68913473653058
9485,c,51.68913473653058,51.68913473653058
9486,t,51.68913473653058,51.68913473653058
9487,c,51.68913473653058,51.68913473653058
9488,t,51.68913473653058,51.68913473653058
9489,t,51.68913473653058,51.68913473653058
9490,c,51.68913473653058,51.68913473653058
9491,c,51.68913473653058,51.68913473653058
9492,c,51.68913473653058,51.68913473653058
9493,c,51.68913473653058,51.68913473653058
9494,c,51.68913473653058,51.68913473653058
9495,t,51.68913473653058,51.68913473653058
9496,t,51.68913473653058,51.68913473653058
9497,t,51.68913473653058,51.68913473653058
9498,c,51.68913473653058,51.68913473653058
9499,t,51.68913473653058,51.68913473653058
9500,t,51.68913473653058,51.68913473653058
9501,c,51.68913473653058,51.68913473653058
9502,c,51.68913473653058,51.68913473653058
9503,t,51.68913473653058,51.68913473653058
9504,t,51.68913473653058,51.68913473653058
9505,t,51.68913473653058,51.68913473653058
9506,t,51.68913473653058,51.68913473653058
9507,t,51.68913473653058,51.68913473653058
9508,c,51.68913473653058,51.68913473653058
9509,t,51.68913473653058,51.68913473653058
9510,t,51.68913473653058,51.68913473653058
9511,c,51.68913473653058,51.68913473653058
9512,t,51.68913473653058,51.68913473653058
9513,t,51.68913473653058,51.68913473653058
9514,t,51.68913473653058,51.68913473653058
9515,c,51.68913473653058,51.68913473653058
9516,t,51.68913473653058,51.68913473653058
9517,t,51.68913473653058,51.68913473653058
9518,t,51.68913473653058,51.68913473653058
9519,t,51.68913473653058,51.68913473653058
9520,c,51.68913473653058,51.68913473653058
9521,c,51.68913473653058,51.68913473653058
9522,c,51.68913473653058,51.68913473653058
9523,t,51.68913473653058,51.68913473653058
9524,c,51.68913473653058,51.68913473653058
9525,c,51.68913473653058,51.68913473653058
9526,t,51.68913473653058,51.68913473653058
9527,t,51.68913473653058,51.68913473653058
9528,c,51.68913473653058,51.68913473653058
9529,t,51.68913473653058,51.68913473653058
9530,c,51.68913473653058,51.68913473653058
9531,c,51.68913473653058,51.68913473653058
9532,t,51.68913473653058,51.68913473653058
9533,t,51.68913473653058,51.68913473653058
9534,c,51.68913473653058,51.68913473653058
9535,c,51.68913473653058,51.68913473653058
9536,t,51.68913473653058,51.68913473653058
9537,c,51.68913473653058,51.68913473653058
9538,c,51.68913473653058,51.68913473653058
9539,c,51.68913473653058,51.68913473653058
9540,c,51.68913473653058,51.68913473653058
9541,c,51.68913473653058,51.68913473653058
9542,t,51.68913473653058,51.68913473653058
9543,t,51.68913473653058,51.68913473653058
9544,t,51.68913473653058,51.68913473653058
9545,t,51.68913473653058,51.68913473653058
9546,c,51.68913473653058,51.68913473653058
9547,t,51.68913473653058,51.68913473653058
9548,t,51.68913473653058,51.68913473653058
9549,c,51.68913473653058,51.68913473653058
9550,c,51.68913473653058,51.68913473653058
9551,c,51.68913473653058,51.68913473653058
9552,c,51.68913473653058,51.68913473653058
9553,t,51.68913473653058,51.68913473653058
9554,c,51.68913473653058,51.68913473653058
9555,c,51.68913473653058,51.68913473653058
9556,t,51.68913473653058,51.68913473653058
9557,c,51.68913473653058,51.68913473653058
9558,t,51.68913473653058,51.68913473653058
9559,c,51.68913473653058,51.68913473653058
9560,c,51.68913473653058,51.68913473653058
9561,t,51.68913473653058,51.68913473653058
9562,t,51.68913473653058,51.68913473653058
9563,c,51.68913473653058,51.68913473653058
9564,c,51.68913473653058,51.68913473653058
9565,t,51.68913473653058,51.68913473653058
9566,c,51.68913473653058,51.68913473653058
9567,c,51.68913473653058,51.68913473653058
9568,na,1.2736878046251114,4.579596924164228
9569,t,51.68913473653058,51.68913473653058
9570,t,51.68913473653058,51.68913473653058
9571,t,51.68913473653058,51.68913473653058
9572,c,51.68913473653058,51.68913473653058
9573,c,51.68913473653058,51.68913473653058
9574,c,51.68913473653058,51.68913473653058
9575,c,51.68913473653058,51.68913473653058
9576,t,51.68913473653058,51.68913473653058
9577,c,51.68913473653058,51.68913473653058
9578,t,51.68913473653058,51.68913473653058
9579,c,51.68913473653058,51.68913473653058
9580,t,51.68913473653058,51.68913473653058
9581,c,51.68913473653058,51.68913473653058
9582,c,51.68913473653058,51.68913473653058
9583,c,51.68913473653058,51.68913473653058
9584,t,51.68913473653058,51.68913473653058
9585,c,51.68913473653058,51.68913473653058
9586,t,51.68913473653058,51.68913473653058
9587,c,51.68913473653058,51.68913473653058
9588,t,51.68913473653058,51.68913473653058
9589,c,51.68913473653058,51.68913473653058
9590,t,51.68913473653058,51.68913473653058
9591,c,51.68913473653058,51.68913473653058
9592,t,51.68913473653058,51.68913473653058
9593,c,51.68913473653058,51.68913473653058
9594,c,51.68913473653058,51.68913473653058
9595,t,51.68913473653058,51.68913473653058
9596,t,51.68913473653058,51.68913473653058
9597,c,51.68913473653058,51.68913473653058
9598,t,51.68913473653058,51.68913473653058
9599,c,51.68913473653058,51.68913473653058
9600,c,51.68913473653058,51.68913473653058
9601,t,51.68913473653058,51.68913473653058
9602,c,51.68913473653058,51.68913473653058
9603,t,51.68913473653058,51.68913473653058
9604,c,51.68913473653058,51.68913473653058
9605,c,51.68913473653058,51.68913473653058
9606,t,51.68913473653058,51.68913473653058
9607,c,51.68913473653058,51.68913473653058
9608,t,51.68913473653058,51.68913473653058
9609,t,51.68913473653058,51.68913473653058
9610,t,51.68913473653058,51.68913473653058
9611,c,51.68913473653058,51.68913473653058
9612,c,51.68913473653058,51.68913473653058
9613,t,51.68913473653058,51.68913473653058
9614,t,51.68913473653058,51.68913473653058
9615,t,51.68913473653058,51.68913473653058
9616,c,51.68913473653058,51.68913473653058
9617,c,51.68913473653058,51.68913473653058
9618,t,51.68913473653058,51.68913473653058
9619,t,51.68913473653058,51.68913473653058
9620,c,51.68913473653058,51.68913473653058
9621,c,51.68913473653058,51.68913473653058
9622,c,51.68913473653058,51.68913473653058
9623,t,51.68913473653058,51.68913473653058
9624,c,51.68913473653058,51.68913473653058
9625,c,51.68913473653058,51.68913473653058
9626,t,51.68913473653058,51.68913473653058
9627,c,51.68913473653058,51.68913473653058
9628,c,51.68913473653058,51.68913473653058
9629,c,51.68913473653058,51.68913473653058
9630,t,51.68913473653058,51.68913473653058
9631,t,51.68913473653058,51.68913473653058
9632,t,51.68913473653058,51.68913473653058
9633,t,51.68913473653058,51.68913473653058
9634,c,51.68913473653058,51.68913473653058
9635,c,51.68913473653058,51.68913473653058
9636,c,51.68913473653058,51.68913473653058
9637,t,51.68913473653058,51.68913473653058
9638,c,51.68913473653058,51.68913473653058
9639,c,51.68913473653058,51.68913473653058
9640,t,51.68913473653058,51.68913473653058
9641,c,51.68913473653058,51.68913473653058
9642,t,51.68913473653058,51.68913473653058
9643,t,51.68913473653058,51.68913473653058
9644,t,51.68913473653058,51.68913473653058
9645,t,51.68913473653058,51.68913473653058
9646,c,51.68913473653058,51.68913473653058
9647,c,51.68913473653058,51.68913473653058
9648,t,51.68913473653058,51.68913473653058
9649,c,51.68913473653058,51.68913473653058
9650,t,51.68913473653058,51.68913473653058
9651,c,51.68913473653058,51.68913473653058
9652,t,51.68913473653058,51.68913473653058
9653,t,51.68913473653058,51.68913473653058
9654,t,51.68913473653058,51.68913473653058
9655,c,51.68913473653058,51.68913473653058
9656,c,8.478121978649614,12.334294688465558
9657,c,51.68913473653058,51.68913473653058
9658,t,51.68913473653058,51.68913473653058
9659,c,51.68913473653058,51.68913473653058
9660,c,51.68913473653058,51.68913473653058
9661,c,51.68913473653058,51.68913473653058
9662,c,51.68913473653058,51.68913473653058
9663,c,51.68913473653058,51.68913473653058
9664,t,51.68913473653058,51.68913473653058
9665,t,51.68913473653058,51.68913473653058
9666,c,51.68913473653058,51.68913473653058
9667,t,51.68913473653058,51.68913473653058
9668,t,51.68913473653058,51.68913473653058
9669,t,51.68913473653058,51.68913473653058
9670,t,51.68913473653058,51.68913473653058
9671,c,51.68913473653058,51.68913473653058
9672,t,51.68913473653058,51.68913473653058
9673,c,51.68913473653058,51.68913473653058
9674,t,51.68913473653058,51.68913473653058
9675,t,51.68913473653058,51.68913473653058
9676,c,51.68913473653058,51.68913473653058
9677,c,51.68913473653058,51.68913473653058
9678,t,51.68913473653058,51.68913473653058
9679,c,51.68913473653058,51.68913473653058
9680,c,51.68913473653058,51.68913473653058
9681,na,6.365020024236741,6.828239409627395
9682,c,51.68913473653058,51.68913473653058
9683,c,51.68913473653058,51.68913473653058
9684,c,51.68913473653058,51.68913473653058
9685,t,51.68913473653058,51.68913473653058
9686,t,51.68913473653058,51.68913473653058
9687,t,51.68913473653058,51.68913473653058
9688,c,51.68913473653058,51.68913473653058
9689,t,51.68913473653058,51.68913473653058
9690,c,51.68913473653058,51.68913473653058
9691,c,51.68913473653058,51.68913473653058
9692,c,51.68913473653058,51.68913473653058
9693,c,51.68913473653058,51.68913473653058
9694,t,51.68913473653058,51.68913473653058
9695,t,51.68913473653058,51.68913473653058
9696,t,51.68913473653058,51.68913473653058
9697,t,51.68913473653058,51.68913473653058
9698,t,51.68913473653058,51.68913473653058
9699,t,51.68913473653058,51.68913473653058
9700,t,51.68913473653058,51.68913473653058
9701,c,51.68913473653058,51.68913473653058
9702,c,51.68913473653058,51.68913473653058
9703,c,51.68913473653058,51.68913473653058
9704,t,51.68913473653058,51.68913473653058
9705,c,51.68913473653058,51.68913473653058
9706,c,51.68913473653058,51.68913473653058
9707,t,51.68913473653058,51.68913473653058
9708,t,51.68913473653058,51.68913473653058
9709,t,51.68913473653058,51.68913473653058
9710,c,51.68913473653058,51.68913473653058
9711,c,12.598614328361775,13.879433235628962
9712,c,51.68913473653058,51.68913473653058
9713,t,51.68913473653058,51.68913473653058
9714,t,51.68913473653058,51.68913473653058
9715,c,51.68913473653058,51.68913473653058
9716,c,51.68913473653058,51.68913473653058
9717,t,51.68913473653058,51.68913473653058
9718,t,51.68913473653058,51.68913473653058
9719,t,51.68913473653058,51.68913473653058
9720,t,51.68913473653058,51.68913473653058
9721,c,51.68913473653058,51.68913473653058
9722,c,51.68913473653058,51.68913473653058
9723,c,51.68913473653058,51.68913473653058
9724,c,51.68913473653058,51.68913473653058
9725,t,51.68913473653058,51.68913473653058
9726,t,51.68913473653058,51.68913473653058
9727,t,51.68913473653058,51.68913473653058
9728,c,51.68913473653058,51.68913473653058
9729,t,51.68913473653058,51.68913473653058
9730,t,51.68913473653058,51.68913473653058
9731,c,51.68913473653058,51.68913473653058
9732,t,51.68913473653058,51.68913473653058
9733,na,-1,0
9734,t,51.68913473653058,51.68913473653058
9735,c,51.68913473653058,51.68913473653058
9736,t,51.68913473653058,51.68913473653058
9737,c,51.68913473653058,51.68913473653058
9738,c,51.68913473653058,51.68913473653058
9739,c,51.68913473653058,51.68913473653058
9740,t,51.68913473653058,51.68913473653058
9741,c,51.68913473653058,51.68913473653058
9742,t,51.68913473653058,51.68913473653058
9743,c,51.68913473653058,51.68913473653058
9744,t,51.68913473653058,51.68913473653058
9745,c,51.68913473653058,51.68913473653058
9746,c,51.68913473653058,51.68913473653058
9747,t,51.68913473653058,51.68913473653058
9748,c,51.68913473653058,51.68913473653058
9749,t,51.68913473653058,51.68913473653058
9750,t,51.68913473653058,51.68913473653058
9751,t,51.68913473653058,51.68913473653058
9752,t,51.68913473653058,51.68913473653058
9753,t,51.68913473653058,51.68913473653058
9754,c,51.68913473653058,51.68913473653058
9755,t,51.68913473653058,51.68913473653058
9756,t,51.68913473653058,51.68913473653058
9757,t,51.68913473653058,51.68913473653058
9758,t,51.68913473653058,51.68913473653058
9759,c,51.68913473653058,51.68913473653058
9760,t,51.68913473653058,51.68913473653058
9761,c,51.68913473653058,51.68913473653058
9762,c,51.68913473653058,51.68913473653058
9763,c,51.68913473653058,51.68913473653058
9764,c,51.68913473653058,51.68913473653058
9765,c,51.68913473653058,51.68913473653058
9766,t,51.68913473653058,51.68913473653058
9767,c,51.68913473653058,51.68913473653058
9768,c,51.68913473653058,51.68913473653058
9769,c,51.68913473653058,51.68913473653058
9770,t,51.68913473653058,51.68913473653058
9771,t,51.68913473653058,51.68913473653058
9772,t,51.68913473653058,51.68913473653058
9773,t,51.68913473653058,51.68913473653058
9774,t,51.68913473653058,51.68913473653058
9775,t,51.68913473653058,51.68913473653058
9776,t,51.68913473653058,51.68913473653058
9777,t,51.68913473653058,51.68913473653058
9778,c,51.68913473653058,51.68913473653058
9779,c,51.68913473653058,51.68913473653058
9780,t,51.68913473653058,51.68913473653058
9781,c,51.68913473653058,51.68913473653058
9782,c,51.68913473653058,51.68913473653058
9783,t,51.68913473653058,51.68913473653058
9784,c,51.68913473653058,51.68913473653058
9785,t,51.68913473653058,51.68913473653058
9786,c,51.68913473653058,51.68913473653058
9787,c,51.68913473653058,51.68913473653058
9788,t,51.68913473653058,51.68913473653058
9789,c,51.68913473653058,51.68913473653058
9790,t,51.68913473653058,51.68913473653058
9791,t,51.68913473653058,51.68913473653058
9792,t,51.68913473653058,51.68913473653058
9793,t,51.68913473653058,51.68913473653058
9794,t,51.68913473653058,51.68913473653058
9795,c,51.68913473653058,51.68913473653058
9796,t,51.68913473653058,51.68913473653058
9797,c,51.68913473653058,51.68913473653058
9798,c,51.68913473653058,51.68913473653058
9799,c,51.68913473653058,51.68913473653058
9800,t,51.68913473653058,51.68913473653058
9801,t,51.68913473653058,51.68913473653058
9802,t,51.68913473653058,51.68913473653058
9803,c,51.68913473653058,51.68913473653058
9804,t,51.68913473653058,51.68913473653058
9805,c,51.68913473653058,51.68913473653058
9806,t,51.68913473653058,51.68913473653058
9807,t,51.68913473653058,51.68913473653058
9808,c,51.68913473653058,51.68913473653058
9809,t,51.68913473653058,51.68913473653058
9810,t,51.68913473653058,51.68913473653058
9811,c,51.68913473653058,51.68913473653058
9812,c,51.68913473653058,51.68913473653058
9813,t,51.68913473653058,51.68913473653058
9814,t,51.68913473653058,51.68913473653058
9815,t,51.68913473653058,51.68913473653058
9816,c,51.68913473653058,51.68913473653058
9817,c,51.68913473653058,51.68913473653058
9818,c,51.68913473653058,51.68913473653058
9819,t,51.68913473653058,51.68913473653058
9820,t,51.68913473653058,51.68913473653058
9821,c,51.68913473653058,51.68913473653058
9822,t,51.68913473653058,51.68913473653058
9823,t,51.68913473653058,51.68913473653058
9824,t,51.68913473653058,51.68913473653058
9825,c,51.68913473653058,51.68913473653058
9826,t,51.68913473653058,51.68913473653058
9827,c,51.68913473653058,51.68913473653058
9828,c,51.68913473653058,51.68913473653058
9829,t,51.68913473653058,51.68913473653058
9830,t,51.68913473653058,51.68913473653058
9831,c,51.68913473653058,51.68913473653058
9832,c,51.68913473653058,51.68913473653058
9833,c,51.68913473653058,51.68913473653058
9834,c,51.68913473653058,51.68913473653058
9835,t,51.68913473653058,51.68913473653058
9836,t,51.68913473653058,51.68913473653058
9837,t,51.68913473653058,51.68913473653058
9838,t,51.68913473653058,51.68913473653058
9839,t,51.68913473653058,51.68913473653058
9840,c,51.68913473653058,51.68913473653058
9841,t,51.68913473653058,51.68913473653058
9842,t,51.68913473653058,51.68913473653058
9843,c,51.68913473653058,51.68913473653058
9844,t,51.68913473653058,51.68913473653058
9845,c,51.68913473653058,51.68913473653058
9846,t,51.68913473653058,51.68913473653058
9847,c,51.68913473653058,51.68913473653058
9848,c,51.68913473653058,51.68913473653058
9849,t,51.68913473653058,51.68913473653058
9850,c,51.68913473653058,51.68913473653058
9851,c,51.68913473653058,51.68913473653058
9852,t,51.68913473653058,51.68913473653058
9853,t,51.68913473653058,51.68913473653058
9854,c,51.68913473653058,51.68913473653058
9855,t,51.68913473653058,51.68913473653058
9856,c,51.68913473653058,51.68913473653058
9857,c,51.68913473653058,51.68913473653058
9858,c,51.68913473653058,51.68913473653058
9859,t,51.68913473653058,51.68913473653058
9860,t,51.68913473653058,51.68913473653058
9861,t,51.68913473653058,51.68913473653058
9862,t,51.68913473653058,51.68913473653058
9863,t,51.68913473653058,51.68913473653058
9864,t,51.68913473653058,51.68913473653058
9865,t,51.68913473653058,51.68913473653058
9866,c,51.68913473653058,51.68913473653058
9867,c,51.68913473653058,51.68913473653058
9868,t,51.68913473653058,51.68913473653058
9869,t,51.68913473653058,51.68913473653058
9870,c,51.68913473653058,51.68913473653058
9871,t,51.68913473653058,51.68913473653058
9872,c,51.68913473653058,51.68913473653058
9873,t,51.68913473653058,51.68913473653058
9874,c,51.68913473653058,51.68913473653058
9875,c,51.68913473653058,51.68913473653058
9876,t,51.68913473653058,51.68913473653058
9877,c,51.68913473653058,51.68913473653058
9878,c,51.68913473653058,51.68913473653058
9879,t,51.68913473653058,51.68913473653058
9880,t,51.68913473653058,51.68913473653058
9881,c,51.68913473653058,51.68913473653058
9882,c,51.68913473653058,51.68913473653058
9883,t,51.68913473653058,51.68913473653058
9884,t,51.68913473653058,51.68913473653058
9885,c,51.68913473653058,51.68913473653058
9886,t,51.68913473653058,51.68913473653058
9887,t,51.68913473653058,51.68913473653058
9888,c,51.68913473653058,51.68913473653058
9889,t,51.68913473653058,51.68913473653058
9890,c,51.68913473653058,51.68913473653058
9891,c,51.68913473653058,51.68913473653058
9892,t,51.68913473653058,51.68913473653058
9893,t,51.68913473653058,51.68913473653058
9894,t,51.68913473653058,51.68913473653058
9895,c,51.68913473653058,51.68913473653058
9896,na,0.5851642839172634,0.9193530309613587
9897,t,51.68913473653058,51.68913473653058
9898,c,51.68913473653058,51.68913473653058
9899,t,51.68913473653058,51.68913473653058
9900,c,51.68913473653058,51.68913473653058
9901,t,51.68913473653058,51.68913473653058
9902,c,51.68913473653058,51.68913473653058
9903,t,51.68913473653058,51.68913473653058
9904,t,51.68913473653058,51.68913473653058
9905,t,51.68913473653058,51.68913473653058
9906,t,51.68913473653058,51.68913473653058
9907,c,51.68913473653058,51.68913473653058
9908,t,51.68913473653058,51.68913473653058
9909,na,1.0996405293038798,21.049554820523962
9910,c,51.68913473653058,51.68913473653058
9911,t,51.68913473653058,51.68913473653058
9912,t,51.68913473653058,51.68913473653058
9913,c,51.68913473653058,51.68913473653058
9914,t,51.68913473653058,51.68913473653058
9915,c,51.68913473653058,51.68913473653058
9916,c,51.68913473653058,51.68913473653058
9917,c,51.68913473653058,51.68913473653058
9918,t,51.68913473653058,51.68913473653058
9919,t,51.68913473653058,51.68913473653058
9920,c,51.68913473653058,51.68913473653058
9921,t,51.68913473653058,51.68913473653058
9922,c,51.68913473653058,51.68913473653058
9923,c,51.68913473653058,51.68913473653058
9924,na,-1,0
9925,t,51.68913473653058,51.68913473653058
9926,c,51.68913473653058,51.68913473653058
9927,t,51.68913473653058,51.68913473653058
9928,c,51.68913473653058,51.68913473653058
9929,t,51.68913473653058,51.68913473653058
9930,t,51.68913473653058,51.68913473653058
9931,c,51.68913473653058,51.68913473653058
9932,t,51.68913473653058,51.68913473653058
9933,t,51.68913473653058,51.68913473653058
9934,t,51.68913473653058,51.68913473653058
9935,c,51.68913473653058,51.68913473653058
9936,c,51.68913473653058,51.68913473653058
9937,t,51.68913473653058,51.68913473653058
9938,c,51.68913473653058,51.68913473653058
9939,c,51.68913473653058,51.68913473653058
9940,t,51.68913473653058,51.68913473653058
9941,c,51.68913473653058,51.68913473653058
9942,c,51.68913473653058,51.68913473653058
9943,c,51.68913473653058,51.68913473653058
9944,c,51.68913473653058,51.68913473653058
9945,t,51.68913473653058,51.68913473653058
9946,c,51.68913473653058,51.68913473653058
9947,t,51.68913473653058,51.68913473653058
9948,t,51.68913473653058,51.68913473653058
9949,t,51.68913473653058,51.68913473653058
9950,t,51.68913473653058,51.68913473653058
9951,t,51.68913473653058,51.68913473653058
9952,c,51.68913473653058,51.68913473653058
9953,t,51.68913473653058,51.68913473653058
9954,t,51.68913473653058,51.68913473653058
9955,t,51.68913473653058,51.68913473653058
9956,c,51.68913473653058,51.68913473653058
9957,c,51.68913473653058,51.68913473653058
9958,t,51.68913473653058,51.68913473653058
9959,c,51.68913473653058,51.68913473653058
9960,t,51.68913473653058,51.68913473653058
9961,t,51.68913473653058,51.68913473653058
9962,c,51.68913473653058,51.68913473653058
9963,c,51.68913473653058,51.68913473653058
9964,c,51.68913473653058,51.68913473653058
9965,c,51.68913473653058,51.68913473653058
9966,c,51.68913473653058,51.68913473653058
9967,t,51.68913473653058,51.68913473653058
9968,c,51.68913473653058,51.68913473653058
9969,c,51.68913473653058,51.68913473653058
9970,c,51.68913473653058,51.68913473653058
9971,c,51.68913473653058,51.68913473653058
9972,c,51.68913473653058,51.68913473653058
9973,t,51.68913473653058,51.68913473653058
9974,t,51.68913473653058,51.68913473653058
9975,c,8.020670415939122,9.065621945613811
9976,c,51.68913473653058,51.68913473653058
9977,t,51.68913473653058,51.68913473653058
9978,c,51.68913473653058,51.68913473653058
9979,c,51.68913473653058,51.68913473653058
9980,c,51.68913473653058,51.68913473653058
9981,t,51.68913473653058,51.68913473653058
9982,c,51.68913473653058,51.68913473653058
9983,t,51.68913473653058,51.68913473653058
9984,t,51.68913473653058,51.68913473653058
9985,na,1.6723707845777358,2.2316751955659555
9986,c,51.68913473653058,51.68913473653058
9987,t,51.68913473653058,51.68913473653058
9988,c,51.68913473653058,51.68913473653058
9989,c,51.68913473653058,51.68913473653058
9990,t,51.68913473653058,51.68913473653058
9991,t,51.68913473653058,51.68913473653058
9992,c,51.68913473653058,51.68913473653058
9993,t,51.68913473653058,51.68913473653058
9994,c,51.68913473653058,51.68913473653058
9995,t,51.68913473653058,51.68913473653058
9996,t,51.68913473653058,51.68913473653058
9997,t,51.68913473653058,51.68913473653058
9998,t,51.68913473653058,51.68913473653058
9999,c,51.68913473653058,51.68913473653058
