node, assignment, time2inf, time2death
0,na,-1,0
1,na,-1,0
2,na,-1,0
3,na,-1,0
4,na,-1,0
5,na,-1,0
6,na,-1,0
7,na,-1,0
8,na,-1,0
9,na,32.874523958413036,32.874523958413036
10,na,32.874523958413036,32.874523958413036
11,na,-1,0
12,na,-1,0
13,na,-1,0
14,na,-1,0
15,na,-1,0
16,na,-1,0
17,na,-1,0
18,na,-1,0
19,na,-1,0
20,na,-1,0
21,na,-1,0
22,na,-1,0
23,na,32.874523958413036,32.874523958413036
24,na,-1,0
25,na,0,3.916558124262085
26,na,-1,0
27,na,-1,0
28,na,-1,0
29,na,0,32.874523958413036
30,na,-1,0
31,na,-1,0
32,na,-1,0
33,na,32.874523958413036,32.874523958413036
34,na,-1,0
35,na,-1,0
36,na,0,8.356154113265303
37,na,32.874523958413036,32.874523958413036
38,na,-1,0
39,na,-1,0
40,t,32.874523958413036,32.874523958413036
41,c,32.874523958413036,32.874523958413036
42,t,32.874523958413036,32.874523958413036
43,c,32.874523958413036,32.874523958413036
44,c,32.874523958413036,32.874523958413036
45,c,32.874523958413036,32.874523958413036
46,t,32.874523958413036,32.874523958413036
47,t,32.874523958413036,32.874523958413036
48,c,32.874523958413036,32.874523958413036
49,t,32.874523958413036,32.874523958413036
50,c,32.874523958413036,32.874523958413036
51,c,32.874523958413036,32.874523958413036
52,t,32.874523958413036,32.874523958413036
53,t,32.874523958413036,32.874523958413036
54,c,32.874523958413036,32.874523958413036
55,c,32.874523958413036,32.874523958413036
56,t,32.874523958413036,32.874523958413036
57,na,1.2933557690495545,2.451692010745913
58,na,15.638055800745645,16.799620666518617
59,c,32.874523958413036,32.874523958413036
60,c,32.874523958413036,32.874523958413036
61,t,32.874523958413036,32.874523958413036
62,c,32.874523958413036,32.874523958413036
63,t,32.874523958413036,32.874523958413036
64,t,32.874523958413036,32.874523958413036
65,t,32.874523958413036,32.874523958413036
66,t,32.874523958413036,32.874523958413036
67,c,32.874523958413036,32.874523958413036
68,c,32.874523958413036,32.874523958413036
69,c,32.874523958413036,32.874523958413036
70,t,32.874523958413036,32.874523958413036
71,c,32.874523958413036,32.874523958413036
72,t,32.874523958413036,32.874523958413036
73,t,32.874523958413036,32.874523958413036
74,t,32.874523958413036,32.874523958413036
75,t,32.874523958413036,32.874523958413036
76,t,32.874523958413036,32.874523958413036
77,c,32.874523958413036,32.874523958413036
78,c,32.874523958413036,32.874523958413036
79,t,32.874523958413036,32.874523958413036
80,t,32.874523958413036,32.874523958413036
81,t,32.874523958413036,32.874523958413036
82,t,32.874523958413036,32.874523958413036
83,t,32.874523958413036,32.874523958413036
84,t,32.874523958413036,32.874523958413036
85,c,32.874523958413036,32.874523958413036
86,c,32.874523958413036,32.874523958413036
87,c,32.874523958413036,32.874523958413036
88,t,32.874523958413036,32.874523958413036
89,t,32.874523958413036,32.874523958413036
90,t,32.874523958413036,32.874523958413036
91,t,32.874523958413036,32.874523958413036
92,t,32.874523958413036,32.874523958413036
93,c,32.874523958413036,32.874523958413036
94,t,32.874523958413036,32.874523958413036
95,c,32.874523958413036,32.874523958413036
96,t,32.874523958413036,32.874523958413036
97,c,32.874523958413036,32.874523958413036
98,t,32.874523958413036,32.874523958413036
99,t,32.874523958413036,32.874523958413036
100,t,32.874523958413036,32.874523958413036
101,c,32.874523958413036,32.874523958413036
102,t,32.874523958413036,32.874523958413036
103,c,32.874523958413036,32.874523958413036
104,c,32.874523958413036,32.874523958413036
105,c,32.874523958413036,32.874523958413036
106,c,32.874523958413036,32.874523958413036
107,c,32.874523958413036,32.874523958413036
108,t,32.874523958413036,32.874523958413036
109,t,32.874523958413036,32.874523958413036
110,c,32.874523958413036,32.874523958413036
111,c,32.874523958413036,32.874523958413036
112,t,32.874523958413036,32.874523958413036
113,t,32.874523958413036,32.874523958413036
114,c,32.874523958413036,32.874523958413036
115,c,32.874523958413036,32.874523958413036
116,t,32.874523958413036,32.874523958413036
117,na,0,7.052025033951685
118,c,32.874523958413036,32.874523958413036
119,c,32.874523958413036,32.874523958413036
120,c,32.874523958413036,32.874523958413036
121,c,32.874523958413036,32.874523958413036
122,c,32.874523958413036,32.874523958413036
123,t,32.874523958413036,32.874523958413036
124,c,32.874523958413036,32.874523958413036
125,c,32.874523958413036,32.874523958413036
126,t,32.874523958413036,32.874523958413036
127,t,32.874523958413036,32.874523958413036
128,c,32.874523958413036,32.874523958413036
129,t,32.874523958413036,32.874523958413036
130,c,32.874523958413036,32.874523958413036
131,c,32.874523958413036,32.874523958413036
132,c,32.874523958413036,32.874523958413036
133,t,32.874523958413036,32.874523958413036
134,t,32.874523958413036,32.874523958413036
135,c,32.874523958413036,32.874523958413036
136,t,32.874523958413036,32.874523958413036
137,t,32.874523958413036,32.874523958413036
138,c,32.874523958413036,32.874523958413036
139,c,32.874523958413036,32.874523958413036
140,c,32.874523958413036,32.874523958413036
141,t,32.874523958413036,32.874523958413036
142,c,32.874523958413036,32.874523958413036
143,t,32.874523958413036,32.874523958413036
144,t,32.874523958413036,32.874523958413036
145,c,32.874523958413036,32.874523958413036
146,c,32.874523958413036,32.874523958413036
147,t,32.874523958413036,32.874523958413036
148,c,32.874523958413036,32.874523958413036
149,t,32.874523958413036,32.874523958413036
150,c,32.874523958413036,32.874523958413036
151,t,32.874523958413036,32.874523958413036
152,t,32.874523958413036,32.874523958413036
153,t,32.874523958413036,32.874523958413036
154,t,32.874523958413036,32.874523958413036
155,t,32.874523958413036,32.874523958413036
156,c,32.874523958413036,32.874523958413036
157,t,32.874523958413036,32.874523958413036
158,c,32.874523958413036,32.874523958413036
159,t,32.874523958413036,32.874523958413036
160,t,32.874523958413036,32.874523958413036
161,t,32.874523958413036,32.874523958413036
162,c,32.874523958413036,32.874523958413036
163,c,32.874523958413036,32.874523958413036
164,c,32.874523958413036,32.874523958413036
165,c,32.874523958413036,32.874523958413036
166,c,32.874523958413036,32.874523958413036
167,t,32.874523958413036,32.874523958413036
168,c,32.874523958413036,32.874523958413036
169,c,32.874523958413036,32.874523958413036
170,c,32.874523958413036,32.874523958413036
171,t,32.874523958413036,32.874523958413036
172,t,32.874523958413036,32.874523958413036
173,t,32.874523958413036,32.874523958413036
174,c,32.874523958413036,32.874523958413036
175,t,32.874523958413036,32.874523958413036
176,t,32.874523958413036,32.874523958413036
177,t,32.874523958413036,32.874523958413036
178,t,32.874523958413036,32.874523958413036
179,c,15.484683666738203,15.73032883711961
180,t,32.874523958413036,32.874523958413036
181,t,32.874523958413036,32.874523958413036
182,t,32.874523958413036,32.874523958413036
183,c,32.874523958413036,32.874523958413036
184,c,32.874523958413036,32.874523958413036
185,t,32.874523958413036,32.874523958413036
186,c,32.874523958413036,32.874523958413036
187,c,32.874523958413036,32.874523958413036
188,c,32.874523958413036,32.874523958413036
189,t,32.874523958413036,32.874523958413036
190,t,32.874523958413036,32.874523958413036
191,c,32.874523958413036,32.874523958413036
192,t,32.874523958413036,32.874523958413036
193,c,32.874523958413036,32.874523958413036
194,t,32.874523958413036,32.874523958413036
195,c,32.874523958413036,32.874523958413036
196,t,32.874523958413036,32.874523958413036
197,t,32.874523958413036,32.874523958413036
198,c,32.874523958413036,32.874523958413036
199,t,32.874523958413036,32.874523958413036
200,c,32.874523958413036,32.874523958413036
201,t,32.874523958413036,32.874523958413036
202,c,32.874523958413036,32.874523958413036
203,c,32.874523958413036,32.874523958413036
204,t,32.874523958413036,32.874523958413036
205,t,32.874523958413036,32.874523958413036
206,t,32.874523958413036,32.874523958413036
207,c,32.874523958413036,32.874523958413036
208,t,32.874523958413036,32.874523958413036
209,c,32.874523958413036,32.874523958413036
210,c,32.874523958413036,32.874523958413036
211,c,32.874523958413036,32.874523958413036
212,c,32.874523958413036,32.874523958413036
213,c,32.874523958413036,32.874523958413036
214,c,32.874523958413036,32.874523958413036
215,t,32.874523958413036,32.874523958413036
216,c,32.874523958413036,32.874523958413036
217,na,5.119821838970704,6.350393117771882
218,c,32.874523958413036,32.874523958413036
219,c,32.874523958413036,32.874523958413036
220,t,32.874523958413036,32.874523958413036
221,na,0,2.5933214335192356
222,c,32.874523958413036,32.874523958413036
223,c,32.874523958413036,32.874523958413036
224,c,32.874523958413036,32.874523958413036
225,c,32.874523958413036,32.874523958413036
226,t,32.874523958413036,32.874523958413036
227,c,32.874523958413036,32.874523958413036
228,t,32.874523958413036,32.874523958413036
229,c,32.874523958413036,32.874523958413036
230,t,32.874523958413036,32.874523958413036
231,t,32.874523958413036,32.874523958413036
232,t,32.874523958413036,32.874523958413036
233,c,32.874523958413036,32.874523958413036
234,t,32.874523958413036,32.874523958413036
235,t,32.874523958413036,32.874523958413036
236,t,32.874523958413036,32.874523958413036
237,t,32.874523958413036,32.874523958413036
238,c,32.874523958413036,32.874523958413036
239,t,32.874523958413036,32.874523958413036
240,t,32.874523958413036,32.874523958413036
241,c,32.874523958413036,32.874523958413036
242,t,32.874523958413036,32.874523958413036
243,t,32.874523958413036,32.874523958413036
244,c,32.874523958413036,32.874523958413036
245,c,32.874523958413036,32.874523958413036
246,c,32.874523958413036,32.874523958413036
247,c,32.874523958413036,32.874523958413036
248,t,32.874523958413036,32.874523958413036
249,na,0,0.4511996289155444
250,t,32.874523958413036,32.874523958413036
251,t,32.874523958413036,32.874523958413036
252,c,32.874523958413036,32.874523958413036
253,t,32.874523958413036,32.874523958413036
254,c,32.874523958413036,32.874523958413036
255,c,32.874523958413036,32.874523958413036
256,c,32.874523958413036,32.874523958413036
257,c,32.874523958413036,32.874523958413036
258,t,32.874523958413036,32.874523958413036
259,c,32.874523958413036,32.874523958413036
260,c,32.874523958413036,32.874523958413036
261,c,32.874523958413036,32.874523958413036
262,t,32.874523958413036,32.874523958413036
263,t,32.874523958413036,32.874523958413036
264,t,32.874523958413036,32.874523958413036
265,t,32.874523958413036,32.874523958413036
266,t,32.874523958413036,32.874523958413036
267,t,32.874523958413036,32.874523958413036
268,t,32.874523958413036,32.874523958413036
269,c,32.874523958413036,32.874523958413036
270,c,32.874523958413036,32.874523958413036
271,c,32.874523958413036,32.874523958413036
272,t,32.874523958413036,32.874523958413036
273,c,32.874523958413036,32.874523958413036
274,t,32.874523958413036,32.874523958413036
275,t,32.874523958413036,32.874523958413036
276,t,32.874523958413036,32.874523958413036
277,t,32.874523958413036,32.874523958413036
278,t,32.874523958413036,32.874523958413036
279,t,32.874523958413036,32.874523958413036
280,t,32.874523958413036,32.874523958413036
281,t,32.874523958413036,32.874523958413036
282,c,32.874523958413036,32.874523958413036
283,t,32.874523958413036,32.874523958413036
284,c,32.874523958413036,32.874523958413036
285,c,32.874523958413036,32.874523958413036
286,t,32.874523958413036,32.874523958413036
287,na,-1,0
288,t,32.874523958413036,32.874523958413036
289,t,32.874523958413036,32.874523958413036
290,c,32.874523958413036,32.874523958413036
291,c,32.874523958413036,32.874523958413036
292,c,32.874523958413036,32.874523958413036
293,t,32.874523958413036,32.874523958413036
294,t,32.874523958413036,32.874523958413036
295,t,32.874523958413036,32.874523958413036
296,t,32.874523958413036,32.874523958413036
297,c,32.874523958413036,32.874523958413036
298,t,32.874523958413036,32.874523958413036
299,t,32.874523958413036,32.874523958413036
300,c,32.874523958413036,32.874523958413036
301,c,32.874523958413036,32.874523958413036
302,t,32.874523958413036,32.874523958413036
303,t,32.874523958413036,32.874523958413036
304,c,32.874523958413036,32.874523958413036
305,t,32.874523958413036,32.874523958413036
306,c,32.874523958413036,32.874523958413036
307,t,32.874523958413036,32.874523958413036
308,t,32.874523958413036,32.874523958413036
309,t,32.874523958413036,32.874523958413036
310,t,32.874523958413036,32.874523958413036
311,c,32.874523958413036,32.874523958413036
312,t,32.874523958413036,32.874523958413036
313,t,32.874523958413036,32.874523958413036
314,t,32.874523958413036,32.874523958413036
315,t,32.874523958413036,32.874523958413036
316,t,32.874523958413036,32.874523958413036
317,t,32.874523958413036,32.874523958413036
318,c,32.874523958413036,32.874523958413036
319,c,32.874523958413036,32.874523958413036
320,c,32.874523958413036,32.874523958413036
321,t,32.874523958413036,32.874523958413036
322,c,32.874523958413036,32.874523958413036
323,c,32.874523958413036,32.874523958413036
324,t,32.874523958413036,32.874523958413036
325,c,32.874523958413036,32.874523958413036
326,t,32.874523958413036,32.874523958413036
327,t,32.874523958413036,32.874523958413036
328,t,32.874523958413036,32.874523958413036
329,c,32.874523958413036,32.874523958413036
330,c,32.874523958413036,32.874523958413036
331,t,32.874523958413036,32.874523958413036
332,c,32.874523958413036,32.874523958413036
333,c,32.874523958413036,32.874523958413036
334,t,32.874523958413036,32.874523958413036
335,t,32.874523958413036,32.874523958413036
336,c,32.874523958413036,32.874523958413036
337,c,32.874523958413036,32.874523958413036
338,t,32.874523958413036,32.874523958413036
339,t,32.874523958413036,32.874523958413036
340,t,32.874523958413036,32.874523958413036
341,t,32.874523958413036,32.874523958413036
342,c,32.874523958413036,32.874523958413036
343,t,32.874523958413036,32.874523958413036
344,t,32.874523958413036,32.874523958413036
345,c,32.874523958413036,32.874523958413036
346,c,32.874523958413036,32.874523958413036
347,c,10.827374119172456,12.565383109071586
348,t,32.874523958413036,32.874523958413036
349,c,32.874523958413036,32.874523958413036
350,c,32.874523958413036,32.874523958413036
351,c,32.874523958413036,32.874523958413036
352,t,32.874523958413036,32.874523958413036
353,c,32.874523958413036,32.874523958413036
354,t,32.874523958413036,32.874523958413036
355,t,32.874523958413036,32.874523958413036
356,c,32.874523958413036,32.874523958413036
357,t,32.874523958413036,32.874523958413036
358,t,32.874523958413036,32.874523958413036
359,t,32.874523958413036,32.874523958413036
360,c,32.874523958413036,32.874523958413036
361,c,32.874523958413036,32.874523958413036
362,c,32.874523958413036,32.874523958413036
363,t,32.874523958413036,32.874523958413036
364,t,32.874523958413036,32.874523958413036
365,c,32.874523958413036,32.874523958413036
366,c,32.874523958413036,32.874523958413036
367,t,32.874523958413036,32.874523958413036
368,t,32.874523958413036,32.874523958413036
369,c,32.874523958413036,32.874523958413036
370,t,32.874523958413036,32.874523958413036
371,t,32.874523958413036,32.874523958413036
372,c,32.874523958413036,32.874523958413036
373,t,32.874523958413036,32.874523958413036
374,c,32.874523958413036,32.874523958413036
375,c,32.874523958413036,32.874523958413036
376,t,32.874523958413036,32.874523958413036
377,t,32.874523958413036,32.874523958413036
378,t,32.874523958413036,32.874523958413036
379,t,32.874523958413036,32.874523958413036
380,t,32.874523958413036,32.874523958413036
381,t,32.874523958413036,32.874523958413036
382,t,32.874523958413036,32.874523958413036
383,t,32.874523958413036,32.874523958413036
384,t,32.874523958413036,32.874523958413036
385,t,32.874523958413036,32.874523958413036
386,t,32.874523958413036,32.874523958413036
387,t,32.874523958413036,32.874523958413036
388,c,32.874523958413036,32.874523958413036
389,t,32.874523958413036,32.874523958413036
390,c,32.874523958413036,32.874523958413036
391,na,-1,0
392,t,32.874523958413036,32.874523958413036
393,c,32.874523958413036,32.874523958413036
394,t,32.874523958413036,32.874523958413036
395,t,32.874523958413036,32.874523958413036
396,t,32.874523958413036,32.874523958413036
397,c,32.874523958413036,32.874523958413036
398,t,32.874523958413036,32.874523958413036
399,t,32.874523958413036,32.874523958413036
400,t,32.874523958413036,32.874523958413036
401,c,32.874523958413036,32.874523958413036
402,c,32.874523958413036,32.874523958413036
403,t,32.874523958413036,32.874523958413036
404,t,32.874523958413036,32.874523958413036
405,c,32.874523958413036,32.874523958413036
406,t,32.874523958413036,32.874523958413036
407,c,32.874523958413036,32.874523958413036
408,c,32.874523958413036,32.874523958413036
409,t,32.874523958413036,32.874523958413036
410,t,32.874523958413036,32.874523958413036
411,c,32.874523958413036,32.874523958413036
412,c,32.874523958413036,32.874523958413036
413,c,32.874523958413036,32.874523958413036
414,t,32.874523958413036,32.874523958413036
415,c,32.874523958413036,32.874523958413036
416,c,32.874523958413036,32.874523958413036
417,na,2.239176759935915,5.721925621068079
418,t,32.874523958413036,32.874523958413036
419,c,32.874523958413036,32.874523958413036
420,t,32.874523958413036,32.874523958413036
421,t,32.874523958413036,32.874523958413036
422,c,32.874523958413036,32.874523958413036
423,t,32.874523958413036,32.874523958413036
424,t,32.874523958413036,32.874523958413036
425,t,32.874523958413036,32.874523958413036
426,t,32.874523958413036,32.874523958413036
427,c,32.874523958413036,32.874523958413036
428,t,32.874523958413036,32.874523958413036
429,t,32.874523958413036,32.874523958413036
430,c,32.874523958413036,32.874523958413036
431,t,32.874523958413036,32.874523958413036
432,c,32.874523958413036,32.874523958413036
433,c,9.573331370514834,10.61749308284296
434,t,32.874523958413036,32.874523958413036
435,c,32.874523958413036,32.874523958413036
436,t,32.874523958413036,32.874523958413036
437,t,32.874523958413036,32.874523958413036
438,t,32.874523958413036,32.874523958413036
439,t,32.874523958413036,32.874523958413036
440,t,32.874523958413036,32.874523958413036
441,c,32.874523958413036,32.874523958413036
442,c,32.874523958413036,32.874523958413036
443,c,32.874523958413036,32.874523958413036
444,t,32.874523958413036,32.874523958413036
445,t,32.874523958413036,32.874523958413036
446,c,32.874523958413036,32.874523958413036
447,t,32.874523958413036,32.874523958413036
448,c,32.874523958413036,32.874523958413036
449,c,32.874523958413036,32.874523958413036
450,t,32.874523958413036,32.874523958413036
451,t,32.874523958413036,32.874523958413036
452,t,32.874523958413036,32.874523958413036
453,t,32.874523958413036,32.874523958413036
454,t,32.874523958413036,32.874523958413036
455,c,32.874523958413036,32.874523958413036
456,t,32.874523958413036,32.874523958413036
457,t,32.874523958413036,32.874523958413036
458,t,32.874523958413036,32.874523958413036
459,c,32.874523958413036,32.874523958413036
460,c,32.874523958413036,32.874523958413036
461,c,32.874523958413036,32.874523958413036
462,c,32.874523958413036,32.874523958413036
463,c,32.874523958413036,32.874523958413036
464,c,32.874523958413036,32.874523958413036
465,c,32.874523958413036,32.874523958413036
466,c,32.874523958413036,32.874523958413036
467,c,32.874523958413036,32.874523958413036
468,c,32.874523958413036,32.874523958413036
469,t,32.874523958413036,32.874523958413036
470,t,32.874523958413036,32.874523958413036
471,c,32.874523958413036,32.874523958413036
472,c,32.874523958413036,32.874523958413036
473,c,32.874523958413036,32.874523958413036
474,c,32.874523958413036,32.874523958413036
475,t,32.874523958413036,32.874523958413036
476,c,32.874523958413036,32.874523958413036
477,c,32.874523958413036,32.874523958413036
478,c,32.874523958413036,32.874523958413036
479,t,32.874523958413036,32.874523958413036
480,c,32.874523958413036,32.874523958413036
481,t,32.874523958413036,32.874523958413036
482,t,32.874523958413036,32.874523958413036
483,c,32.874523958413036,32.874523958413036
484,t,32.874523958413036,32.874523958413036
485,c,32.874523958413036,32.874523958413036
486,c,32.874523958413036,32.874523958413036
487,t,32.874523958413036,32.874523958413036
488,c,32.874523958413036,32.874523958413036
489,c,32.874523958413036,32.874523958413036
490,c,32.874523958413036,32.874523958413036
491,c,32.874523958413036,32.874523958413036
492,t,32.874523958413036,32.874523958413036
493,c,32.874523958413036,32.874523958413036
494,t,32.874523958413036,32.874523958413036
495,t,32.874523958413036,32.874523958413036
496,c,32.874523958413036,32.874523958413036
497,t,32.874523958413036,32.874523958413036
498,c,32.874523958413036,32.874523958413036
499,c,32.874523958413036,32.874523958413036
500,c,32.874523958413036,32.874523958413036
501,c,32.874523958413036,32.874523958413036
502,c,32.874523958413036,32.874523958413036
503,t,32.874523958413036,32.874523958413036
504,t,32.874523958413036,32.874523958413036
505,t,32.874523958413036,32.874523958413036
506,c,32.874523958413036,32.874523958413036
507,t,32.874523958413036,32.874523958413036
508,c,32.874523958413036,32.874523958413036
509,t,32.874523958413036,32.874523958413036
510,c,32.874523958413036,32.874523958413036
511,c,32.874523958413036,32.874523958413036
512,t,32.874523958413036,32.874523958413036
513,c,32.874523958413036,32.874523958413036
514,t,32.874523958413036,32.874523958413036
515,c,32.874523958413036,32.874523958413036
516,c,32.874523958413036,32.874523958413036
517,c,32.874523958413036,32.874523958413036
518,t,32.874523958413036,32.874523958413036
519,t,32.874523958413036,32.874523958413036
520,c,32.874523958413036,32.874523958413036
521,c,32.874523958413036,32.874523958413036
522,t,32.874523958413036,32.874523958413036
523,c,32.874523958413036,32.874523958413036
524,c,32.874523958413036,32.874523958413036
525,t,32.874523958413036,32.874523958413036
526,c,32.874523958413036,32.874523958413036
527,c,32.874523958413036,32.874523958413036
528,t,32.874523958413036,32.874523958413036
529,c,32.874523958413036,32.874523958413036
530,c,32.874523958413036,32.874523958413036
531,c,32.874523958413036,32.874523958413036
532,t,32.874523958413036,32.874523958413036
533,c,32.874523958413036,32.874523958413036
534,c,32.874523958413036,32.874523958413036
535,c,32.874523958413036,32.874523958413036
536,t,32.874523958413036,32.874523958413036
537,na,-1,0
538,t,32.874523958413036,32.874523958413036
539,t,32.874523958413036,32.874523958413036
540,c,32.874523958413036,32.874523958413036
541,c,32.874523958413036,32.874523958413036
542,c,32.874523958413036,32.874523958413036
543,c,32.874523958413036,32.874523958413036
544,c,32.874523958413036,32.874523958413036
545,t,32.874523958413036,32.874523958413036
546,t,32.874523958413036,32.874523958413036
547,c,32.874523958413036,32.874523958413036
548,c,32.874523958413036,32.874523958413036
549,c,32.874523958413036,32.874523958413036
550,t,32.874523958413036,32.874523958413036
551,t,32.874523958413036,32.874523958413036
552,t,32.874523958413036,32.874523958413036
553,c,32.874523958413036,32.874523958413036
554,c,32.874523958413036,32.874523958413036
555,t,32.874523958413036,32.874523958413036
556,t,32.874523958413036,32.874523958413036
557,c,32.874523958413036,32.874523958413036
558,c,32.874523958413036,32.874523958413036
559,c,32.874523958413036,32.874523958413036
560,t,32.874523958413036,32.874523958413036
561,t,32.874523958413036,32.874523958413036
562,c,32.874523958413036,32.874523958413036
563,c,32.874523958413036,32.874523958413036
564,c,32.874523958413036,32.874523958413036
565,t,32.874523958413036,32.874523958413036
566,t,32.874523958413036,32.874523958413036
567,t,32.874523958413036,32.874523958413036
568,t,32.874523958413036,32.874523958413036
569,c,32.874523958413036,32.874523958413036
570,c,32.874523958413036,32.874523958413036
571,t,32.874523958413036,32.874523958413036
572,t,32.874523958413036,32.874523958413036
573,c,32.874523958413036,32.874523958413036
574,t,32.874523958413036,32.874523958413036
575,c,32.874523958413036,32.874523958413036
576,c,32.874523958413036,32.874523958413036
577,t,32.874523958413036,32.874523958413036
578,c,32.874523958413036,32.874523958413036
579,t,32.874523958413036,32.874523958413036
580,na,-1,0
581,c,32.874523958413036,32.874523958413036
582,t,32.874523958413036,32.874523958413036
583,t,32.874523958413036,32.874523958413036
584,t,32.874523958413036,32.874523958413036
585,na,2.4126039025648454,3.156309656440162
586,t,32.874523958413036,32.874523958413036
587,c,32.874523958413036,32.874523958413036
588,t,32.874523958413036,32.874523958413036
589,c,32.874523958413036,32.874523958413036
590,t,32.874523958413036,32.874523958413036
591,c,32.874523958413036,32.874523958413036
592,t,32.874523958413036,32.874523958413036
593,c,32.874523958413036,32.874523958413036
594,t,32.874523958413036,32.874523958413036
595,c,32.874523958413036,32.874523958413036
596,t,32.874523958413036,32.874523958413036
597,c,32.874523958413036,32.874523958413036
598,c,32.874523958413036,32.874523958413036
599,t,32.874523958413036,32.874523958413036
600,t,32.874523958413036,32.874523958413036
601,t,32.874523958413036,32.874523958413036
602,c,32.874523958413036,32.874523958413036
603,na,-1,0
604,c,32.874523958413036,32.874523958413036
605,c,32.874523958413036,32.874523958413036
606,t,32.874523958413036,32.874523958413036
607,t,32.874523958413036,32.874523958413036
608,c,32.874523958413036,32.874523958413036
609,c,32.874523958413036,32.874523958413036
610,c,32.874523958413036,32.874523958413036
611,c,32.874523958413036,32.874523958413036
612,t,32.874523958413036,32.874523958413036
613,c,32.874523958413036,32.874523958413036
614,t,32.874523958413036,32.874523958413036
615,c,32.874523958413036,32.874523958413036
616,c,32.874523958413036,32.874523958413036
617,c,32.874523958413036,32.874523958413036
618,c,32.874523958413036,32.874523958413036
619,c,32.874523958413036,32.874523958413036
620,c,32.874523958413036,32.874523958413036
621,t,32.874523958413036,32.874523958413036
622,c,32.874523958413036,32.874523958413036
623,t,32.874523958413036,32.874523958413036
624,c,32.874523958413036,32.874523958413036
625,c,32.874523958413036,32.874523958413036
626,c,32.874523958413036,32.874523958413036
627,c,32.874523958413036,32.874523958413036
628,t,32.874523958413036,32.874523958413036
629,c,32.874523958413036,32.874523958413036
630,t,32.874523958413036,32.874523958413036
631,t,32.874523958413036,32.874523958413036
632,t,32.874523958413036,32.874523958413036
633,c,32.874523958413036,32.874523958413036
634,t,32.874523958413036,32.874523958413036
635,t,32.874523958413036,32.874523958413036
636,t,32.874523958413036,32.874523958413036
637,c,32.874523958413036,32.874523958413036
638,t,32.874523958413036,32.874523958413036
639,t,32.874523958413036,32.874523958413036
640,t,32.874523958413036,32.874523958413036
641,t,32.874523958413036,32.874523958413036
642,t,32.874523958413036,32.874523958413036
643,t,32.874523958413036,32.874523958413036
644,t,32.874523958413036,32.874523958413036
645,c,32.874523958413036,32.874523958413036
646,t,32.874523958413036,32.874523958413036
647,t,32.874523958413036,32.874523958413036
648,c,32.874523958413036,32.874523958413036
649,c,32.874523958413036,32.874523958413036
650,c,32.874523958413036,32.874523958413036
651,c,32.874523958413036,32.874523958413036
652,t,32.874523958413036,32.874523958413036
653,c,32.874523958413036,32.874523958413036
654,c,32.874523958413036,32.874523958413036
655,t,32.874523958413036,32.874523958413036
656,t,32.874523958413036,32.874523958413036
657,t,32.874523958413036,32.874523958413036
658,t,32.874523958413036,32.874523958413036
659,t,32.874523958413036,32.874523958413036
660,na,6.821863119941766,7.562397062424722
661,t,32.874523958413036,32.874523958413036
662,t,32.874523958413036,32.874523958413036
663,t,32.874523958413036,32.874523958413036
664,t,32.874523958413036,32.874523958413036
665,c,32.874523958413036,32.874523958413036
666,c,32.874523958413036,32.874523958413036
667,na,0.7615901576284466,0.7953617047720362
668,c,32.874523958413036,32.874523958413036
669,c,32.874523958413036,32.874523958413036
670,c,32.874523958413036,32.874523958413036
671,c,32.874523958413036,32.874523958413036
672,c,32.874523958413036,32.874523958413036
673,t,32.874523958413036,32.874523958413036
674,t,32.874523958413036,32.874523958413036
675,t,32.874523958413036,32.874523958413036
676,c,32.874523958413036,32.874523958413036
677,c,32.874523958413036,32.874523958413036
678,c,32.874523958413036,32.874523958413036
679,t,32.874523958413036,32.874523958413036
680,t,32.874523958413036,32.874523958413036
681,t,32.874523958413036,32.874523958413036
682,t,32.874523958413036,32.874523958413036
683,c,32.874523958413036,32.874523958413036
684,c,32.874523958413036,32.874523958413036
685,t,32.874523958413036,32.874523958413036
686,c,32.874523958413036,32.874523958413036
687,c,32.874523958413036,32.874523958413036
688,c,32.874523958413036,32.874523958413036
689,c,32.874523958413036,32.874523958413036
690,t,32.874523958413036,32.874523958413036
691,t,32.874523958413036,32.874523958413036
692,c,32.874523958413036,32.874523958413036
693,t,32.874523958413036,32.874523958413036
694,c,32.874523958413036,32.874523958413036
695,t,32.874523958413036,32.874523958413036
696,t,32.874523958413036,32.874523958413036
697,t,32.874523958413036,32.874523958413036
698,c,32.874523958413036,32.874523958413036
699,t,32.874523958413036,32.874523958413036
700,c,32.874523958413036,32.874523958413036
701,c,32.874523958413036,32.874523958413036
702,c,32.874523958413036,32.874523958413036
703,c,32.874523958413036,32.874523958413036
704,c,32.874523958413036,32.874523958413036
705,t,32.874523958413036,32.874523958413036
706,t,32.874523958413036,32.874523958413036
707,c,32.874523958413036,32.874523958413036
708,c,32.874523958413036,32.874523958413036
709,c,32.874523958413036,32.874523958413036
710,t,32.874523958413036,32.874523958413036
711,c,32.874523958413036,32.874523958413036
712,t,32.874523958413036,32.874523958413036
713,t,32.874523958413036,32.874523958413036
714,t,32.874523958413036,32.874523958413036
715,c,32.874523958413036,32.874523958413036
716,t,32.874523958413036,32.874523958413036
717,c,32.874523958413036,32.874523958413036
718,t,32.874523958413036,32.874523958413036
719,t,32.874523958413036,32.874523958413036
720,c,32.874523958413036,32.874523958413036
721,t,32.874523958413036,32.874523958413036
722,c,32.874523958413036,32.874523958413036
723,c,32.874523958413036,32.874523958413036
724,c,32.874523958413036,32.874523958413036
725,t,32.874523958413036,32.874523958413036
726,c,32.874523958413036,32.874523958413036
727,c,32.874523958413036,32.874523958413036
728,c,32.874523958413036,32.874523958413036
729,c,32.874523958413036,32.874523958413036
730,c,32.874523958413036,32.874523958413036
731,t,32.874523958413036,32.874523958413036
732,c,32.874523958413036,32.874523958413036
733,t,32.874523958413036,32.874523958413036
734,t,32.874523958413036,32.874523958413036
735,t,32.874523958413036,32.874523958413036
736,t,32.874523958413036,32.874523958413036
737,c,32.874523958413036,32.874523958413036
738,t,32.874523958413036,32.874523958413036
739,t,32.874523958413036,32.874523958413036
740,c,32.874523958413036,32.874523958413036
741,c,32.874523958413036,32.874523958413036
742,t,32.874523958413036,32.874523958413036
743,c,32.874523958413036,32.874523958413036
744,t,32.874523958413036,32.874523958413036
745,t,32.874523958413036,32.874523958413036
746,c,32.874523958413036,32.874523958413036
747,t,32.874523958413036,32.874523958413036
748,c,32.874523958413036,32.874523958413036
749,t,32.874523958413036,32.874523958413036
750,t,32.874523958413036,32.874523958413036
751,t,32.874523958413036,32.874523958413036
752,t,32.874523958413036,32.874523958413036
753,t,32.874523958413036,32.874523958413036
754,c,32.874523958413036,32.874523958413036
755,t,32.874523958413036,32.874523958413036
756,t,32.874523958413036,32.874523958413036
757,c,32.874523958413036,32.874523958413036
758,t,32.874523958413036,32.874523958413036
759,c,32.874523958413036,32.874523958413036
760,t,32.874523958413036,32.874523958413036
761,t,32.874523958413036,32.874523958413036
762,t,32.874523958413036,32.874523958413036
763,t,32.874523958413036,32.874523958413036
764,c,32.874523958413036,32.874523958413036
765,t,32.874523958413036,32.874523958413036
766,c,32.874523958413036,32.874523958413036
767,c,32.874523958413036,32.874523958413036
768,c,32.874523958413036,32.874523958413036
769,t,32.874523958413036,32.874523958413036
770,c,32.874523958413036,32.874523958413036
771,t,32.874523958413036,32.874523958413036
772,c,32.874523958413036,32.874523958413036
773,na,0,3.449315144278041
774,c,32.874523958413036,32.874523958413036
775,t,32.874523958413036,32.874523958413036
776,c,32.874523958413036,32.874523958413036
777,c,32.874523958413036,32.874523958413036
778,t,32.874523958413036,32.874523958413036
779,c,32.874523958413036,32.874523958413036
780,t,32.874523958413036,32.874523958413036
781,c,32.874523958413036,32.874523958413036
782,t,32.874523958413036,32.874523958413036
783,t,32.874523958413036,32.874523958413036
784,t,32.874523958413036,32.874523958413036
785,c,32.874523958413036,32.874523958413036
786,t,32.874523958413036,32.874523958413036
787,c,32.874523958413036,32.874523958413036
788,t,32.874523958413036,32.874523958413036
789,c,32.874523958413036,32.874523958413036
790,t,32.874523958413036,32.874523958413036
791,t,32.874523958413036,32.874523958413036
792,t,32.874523958413036,32.874523958413036
793,t,32.874523958413036,32.874523958413036
794,c,32.874523958413036,32.874523958413036
795,t,32.874523958413036,32.874523958413036
796,c,32.874523958413036,32.874523958413036
797,t,32.874523958413036,32.874523958413036
798,c,32.874523958413036,32.874523958413036
799,t,32.874523958413036,32.874523958413036
800,t,32.874523958413036,32.874523958413036
801,c,32.874523958413036,32.874523958413036
802,c,32.874523958413036,32.874523958413036
803,t,32.874523958413036,32.874523958413036
804,t,32.874523958413036,32.874523958413036
805,t,32.874523958413036,32.874523958413036
806,t,32.874523958413036,32.874523958413036
807,c,32.874523958413036,32.874523958413036
808,t,32.874523958413036,32.874523958413036
809,c,32.874523958413036,32.874523958413036
810,c,32.874523958413036,32.874523958413036
811,c,32.874523958413036,32.874523958413036
812,c,32.874523958413036,32.874523958413036
813,c,32.874523958413036,32.874523958413036
814,t,32.874523958413036,32.874523958413036
815,c,32.874523958413036,32.874523958413036
816,t,32.874523958413036,32.874523958413036
817,c,32.874523958413036,32.874523958413036
818,c,32.874523958413036,32.874523958413036
819,t,32.874523958413036,32.874523958413036
820,c,32.874523958413036,32.874523958413036
821,t,32.874523958413036,32.874523958413036
822,c,32.874523958413036,32.874523958413036
823,c,32.874523958413036,32.874523958413036
824,c,32.874523958413036,32.874523958413036
825,c,32.874523958413036,32.874523958413036
826,t,32.874523958413036,32.874523958413036
827,t,32.874523958413036,32.874523958413036
828,c,32.874523958413036,32.874523958413036
829,na,7.044963846232282,32.874523958413036
830,c,32.874523958413036,32.874523958413036
831,t,32.874523958413036,32.874523958413036
832,t,32.874523958413036,32.874523958413036
833,t,32.874523958413036,32.874523958413036
834,t,32.874523958413036,32.874523958413036
835,c,32.874523958413036,32.874523958413036
836,c,32.874523958413036,32.874523958413036
837,c,32.874523958413036,32.874523958413036
838,t,32.874523958413036,32.874523958413036
839,t,32.874523958413036,32.874523958413036
840,c,32.874523958413036,32.874523958413036
841,t,32.874523958413036,32.874523958413036
842,c,32.874523958413036,32.874523958413036
843,c,32.874523958413036,32.874523958413036
844,c,32.874523958413036,32.874523958413036
845,c,32.874523958413036,32.874523958413036
846,c,32.874523958413036,32.874523958413036
847,c,32.874523958413036,32.874523958413036
848,c,32.874523958413036,32.874523958413036
849,c,32.874523958413036,32.874523958413036
850,c,32.874523958413036,32.874523958413036
851,c,32.874523958413036,32.874523958413036
852,c,32.874523958413036,32.874523958413036
853,t,32.874523958413036,32.874523958413036
854,c,32.874523958413036,32.874523958413036
855,t,32.874523958413036,32.874523958413036
856,c,13.614454144000327,23.605031302968996
857,t,32.874523958413036,32.874523958413036
858,t,32.874523958413036,32.874523958413036
859,t,32.874523958413036,32.874523958413036
860,t,32.874523958413036,32.874523958413036
861,t,32.874523958413036,32.874523958413036
862,c,32.874523958413036,32.874523958413036
863,t,32.874523958413036,32.874523958413036
864,t,32.874523958413036,32.874523958413036
865,c,32.874523958413036,32.874523958413036
866,c,32.874523958413036,32.874523958413036
867,c,32.874523958413036,32.874523958413036
868,t,32.874523958413036,32.874523958413036
869,t,32.874523958413036,32.874523958413036
870,c,32.874523958413036,32.874523958413036
871,t,32.874523958413036,32.874523958413036
872,c,32.874523958413036,32.874523958413036
873,c,32.874523958413036,32.874523958413036
874,c,32.874523958413036,32.874523958413036
875,c,32.874523958413036,32.874523958413036
876,c,32.874523958413036,32.874523958413036
877,c,32.874523958413036,32.874523958413036
878,t,32.874523958413036,32.874523958413036
879,c,32.874523958413036,32.874523958413036
880,t,32.874523958413036,32.874523958413036
881,c,32.874523958413036,32.874523958413036
882,c,32.874523958413036,32.874523958413036
883,t,32.874523958413036,32.874523958413036
884,c,32.874523958413036,32.874523958413036
885,c,32.874523958413036,32.874523958413036
886,c,32.874523958413036,32.874523958413036
887,t,32.874523958413036,32.874523958413036
888,t,32.874523958413036,32.874523958413036
889,c,32.874523958413036,32.874523958413036
890,t,32.874523958413036,32.874523958413036
891,c,32.874523958413036,32.874523958413036
892,t,32.874523958413036,32.874523958413036
893,t,32.874523958413036,32.874523958413036
894,t,32.874523958413036,32.874523958413036
895,c,32.874523958413036,32.874523958413036
896,t,32.874523958413036,32.874523958413036
897,c,32.874523958413036,32.874523958413036
898,c,32.874523958413036,32.874523958413036
899,t,32.874523958413036,32.874523958413036
900,t,32.874523958413036,32.874523958413036
901,c,32.874523958413036,32.874523958413036
902,c,32.874523958413036,32.874523958413036
903,t,32.874523958413036,32.874523958413036
904,c,32.874523958413036,32.874523958413036
905,t,32.874523958413036,32.874523958413036
906,c,32.874523958413036,32.874523958413036
907,t,32.874523958413036,32.874523958413036
908,t,32.874523958413036,32.874523958413036
909,na,9.231527008061471,10.437393794078057
910,t,32.874523958413036,32.874523958413036
911,c,32.874523958413036,32.874523958413036
912,c,32.874523958413036,32.874523958413036
913,t,32.874523958413036,32.874523958413036
914,t,32.874523958413036,32.874523958413036
915,t,32.874523958413036,32.874523958413036
916,t,32.874523958413036,32.874523958413036
917,na,0,0.1278432189779224
918,t,32.874523958413036,32.874523958413036
919,c,32.874523958413036,32.874523958413036
920,c,32.874523958413036,32.874523958413036
921,c,32.874523958413036,32.874523958413036
922,c,32.874523958413036,32.874523958413036
923,c,32.874523958413036,32.874523958413036
924,t,32.874523958413036,32.874523958413036
925,t,32.874523958413036,32.874523958413036
926,c,32.874523958413036,32.874523958413036
927,t,32.874523958413036,32.874523958413036
928,t,32.874523958413036,32.874523958413036
929,c,32.874523958413036,32.874523958413036
930,t,32.874523958413036,32.874523958413036
931,c,32.874523958413036,32.874523958413036
932,c,32.874523958413036,32.874523958413036
933,c,32.874523958413036,32.874523958413036
934,c,32.874523958413036,32.874523958413036
935,c,32.874523958413036,32.874523958413036
936,t,32.874523958413036,32.874523958413036
937,t,32.874523958413036,32.874523958413036
938,t,32.874523958413036,32.874523958413036
939,t,32.874523958413036,32.874523958413036
940,c,32.874523958413036,32.874523958413036
941,c,32.874523958413036,32.874523958413036
942,t,32.874523958413036,32.874523958413036
943,c,32.874523958413036,32.874523958413036
944,t,32.874523958413036,32.874523958413036
945,c,32.874523958413036,32.874523958413036
946,t,32.874523958413036,32.874523958413036
947,c,32.874523958413036,32.874523958413036
948,t,32.874523958413036,32.874523958413036
949,t,32.874523958413036,32.874523958413036
950,c,32.874523958413036,32.874523958413036
951,t,32.874523958413036,32.874523958413036
952,t,32.874523958413036,32.874523958413036
953,t,32.874523958413036,32.874523958413036
954,t,32.874523958413036,32.874523958413036
955,t,32.874523958413036,32.874523958413036
956,c,32.874523958413036,32.874523958413036
957,c,32.874523958413036,32.874523958413036
958,t,32.874523958413036,32.874523958413036
959,c,32.874523958413036,32.874523958413036
960,t,32.874523958413036,32.874523958413036
961,t,32.874523958413036,32.874523958413036
962,c,32.874523958413036,32.874523958413036
963,c,32.874523958413036,32.874523958413036
964,c,32.874523958413036,32.874523958413036
965,t,32.874523958413036,32.874523958413036
966,c,32.874523958413036,32.874523958413036
967,t,32.874523958413036,32.874523958413036
968,t,32.874523958413036,32.874523958413036
969,t,32.874523958413036,32.874523958413036
970,c,32.874523958413036,32.874523958413036
971,t,32.874523958413036,32.874523958413036
972,c,7.600178326646565,14.046540703032706
973,c,32.874523958413036,32.874523958413036
974,c,32.874523958413036,32.874523958413036
975,t,32.874523958413036,32.874523958413036
976,t,32.874523958413036,32.874523958413036
977,t,32.874523958413036,32.874523958413036
978,c,32.874523958413036,32.874523958413036
979,c,32.874523958413036,32.874523958413036
980,c,32.874523958413036,32.874523958413036
981,c,32.874523958413036,32.874523958413036
982,c,32.874523958413036,32.874523958413036
983,t,32.874523958413036,32.874523958413036
984,c,32.874523958413036,32.874523958413036
985,c,32.874523958413036,32.874523958413036
986,t,32.874523958413036,32.874523958413036
987,t,32.874523958413036,32.874523958413036
988,c,32.874523958413036,32.874523958413036
989,t,32.874523958413036,32.874523958413036
990,t,32.874523958413036,32.874523958413036
991,t,32.874523958413036,32.874523958413036
992,c,32.874523958413036,32.874523958413036
993,c,32.874523958413036,32.874523958413036
994,c,32.874523958413036,32.874523958413036
995,t,32.874523958413036,32.874523958413036
996,t,32.874523958413036,32.874523958413036
997,t,32.874523958413036,32.874523958413036
998,c,32.874523958413036,32.874523958413036
999,c,32.874523958413036,32.874523958413036
1000,t,32.874523958413036,32.874523958413036
1001,t,32.874523958413036,32.874523958413036
1002,t,32.874523958413036,32.874523958413036
1003,c,32.874523958413036,32.874523958413036
1004,t,32.874523958413036,32.874523958413036
1005,t,32.874523958413036,32.874523958413036
1006,t,32.874523958413036,32.874523958413036
1007,c,32.874523958413036,32.874523958413036
1008,c,32.874523958413036,32.874523958413036
1009,c,32.874523958413036,32.874523958413036
1010,c,32.874523958413036,32.874523958413036
1011,c,32.874523958413036,32.874523958413036
1012,t,32.874523958413036,32.874523958413036
1013,t,32.874523958413036,32.874523958413036
1014,c,32.874523958413036,32.874523958413036
1015,c,32.874523958413036,32.874523958413036
1016,c,32.874523958413036,32.874523958413036
1017,t,32.874523958413036,32.874523958413036
1018,c,32.874523958413036,32.874523958413036
1019,c,32.874523958413036,32.874523958413036
1020,t,32.874523958413036,32.874523958413036
1021,t,32.874523958413036,32.874523958413036
1022,t,32.874523958413036,32.874523958413036
1023,t,32.874523958413036,32.874523958413036
1024,t,32.874523958413036,32.874523958413036
1025,c,32.874523958413036,32.874523958413036
1026,c,32.874523958413036,32.874523958413036
1027,t,32.874523958413036,32.874523958413036
1028,t,32.874523958413036,32.874523958413036
1029,c,32.874523958413036,32.874523958413036
1030,t,32.874523958413036,32.874523958413036
1031,c,32.874523958413036,32.874523958413036
1032,t,32.874523958413036,32.874523958413036
1033,na,-1,0
1034,c,32.874523958413036,32.874523958413036
1035,t,32.874523958413036,32.874523958413036
1036,c,32.874523958413036,32.874523958413036
1037,t,32.874523958413036,32.874523958413036
1038,t,32.874523958413036,32.874523958413036
1039,c,32.874523958413036,32.874523958413036
1040,c,32.874523958413036,32.874523958413036
1041,c,32.874523958413036,32.874523958413036
1042,c,32.874523958413036,32.874523958413036
1043,t,32.874523958413036,32.874523958413036
1044,t,32.874523958413036,32.874523958413036
1045,c,32.874523958413036,32.874523958413036
1046,c,32.874523958413036,32.874523958413036
1047,t,32.874523958413036,32.874523958413036
1048,c,32.874523958413036,32.874523958413036
1049,t,32.874523958413036,32.874523958413036
1050,t,32.874523958413036,32.874523958413036
1051,t,32.874523958413036,32.874523958413036
1052,t,32.874523958413036,32.874523958413036
1053,c,32.874523958413036,32.874523958413036
1054,c,32.874523958413036,32.874523958413036
1055,c,32.874523958413036,32.874523958413036
1056,t,32.874523958413036,32.874523958413036
1057,c,32.874523958413036,32.874523958413036
1058,t,32.874523958413036,32.874523958413036
1059,c,32.874523958413036,32.874523958413036
1060,c,32.874523958413036,32.874523958413036
1061,c,32.874523958413036,32.874523958413036
1062,c,32.874523958413036,32.874523958413036
1063,t,32.874523958413036,32.874523958413036
1064,c,32.874523958413036,32.874523958413036
1065,c,32.874523958413036,32.874523958413036
1066,c,32.874523958413036,32.874523958413036
1067,c,32.874523958413036,32.874523958413036
1068,c,32.874523958413036,32.874523958413036
1069,t,32.874523958413036,32.874523958413036
1070,t,32.874523958413036,32.874523958413036
1071,t,32.874523958413036,32.874523958413036
1072,t,32.874523958413036,32.874523958413036
1073,t,32.874523958413036,32.874523958413036
1074,t,32.874523958413036,32.874523958413036
1075,c,32.874523958413036,32.874523958413036
1076,c,32.874523958413036,32.874523958413036
1077,t,32.874523958413036,32.874523958413036
1078,c,32.874523958413036,32.874523958413036
1079,t,32.874523958413036,32.874523958413036
1080,c,32.874523958413036,32.874523958413036
1081,c,32.874523958413036,32.874523958413036
1082,c,32.874523958413036,32.874523958413036
1083,c,32.874523958413036,32.874523958413036
1084,c,32.874523958413036,32.874523958413036
1085,t,32.874523958413036,32.874523958413036
1086,c,32.874523958413036,32.874523958413036
1087,c,32.874523958413036,32.874523958413036
1088,t,32.874523958413036,32.874523958413036
1089,c,32.874523958413036,32.874523958413036
1090,t,32.874523958413036,32.874523958413036
1091,t,32.874523958413036,32.874523958413036
1092,c,32.874523958413036,32.874523958413036
1093,t,32.874523958413036,32.874523958413036
1094,c,32.874523958413036,32.874523958413036
1095,c,32.874523958413036,32.874523958413036
1096,t,32.874523958413036,32.874523958413036
1097,t,32.874523958413036,32.874523958413036
1098,c,32.874523958413036,32.874523958413036
1099,t,32.874523958413036,32.874523958413036
1100,c,32.874523958413036,32.874523958413036
1101,t,32.874523958413036,32.874523958413036
1102,c,32.874523958413036,32.874523958413036
1103,c,32.874523958413036,32.874523958413036
1104,t,32.874523958413036,32.874523958413036
1105,t,32.874523958413036,32.874523958413036
1106,t,32.874523958413036,32.874523958413036
1107,t,32.874523958413036,32.874523958413036
1108,c,32.874523958413036,32.874523958413036
1109,c,32.874523958413036,32.874523958413036
1110,c,32.874523958413036,32.874523958413036
1111,c,32.874523958413036,32.874523958413036
1112,t,32.874523958413036,32.874523958413036
1113,t,32.874523958413036,32.874523958413036
1114,c,32.874523958413036,32.874523958413036
1115,t,32.874523958413036,32.874523958413036
1116,c,32.874523958413036,32.874523958413036
1117,t,32.874523958413036,32.874523958413036
1118,c,32.874523958413036,32.874523958413036
1119,t,32.874523958413036,32.874523958413036
1120,t,32.874523958413036,32.874523958413036
1121,t,32.874523958413036,32.874523958413036
1122,t,32.874523958413036,32.874523958413036
1123,t,32.874523958413036,32.874523958413036
1124,t,32.874523958413036,32.874523958413036
1125,c,32.874523958413036,32.874523958413036
1126,c,32.874523958413036,32.874523958413036
1127,na,1.8275539816508932,2.598284114520549
1128,c,32.874523958413036,32.874523958413036
1129,t,32.874523958413036,32.874523958413036
1130,c,32.874523958413036,32.874523958413036
1131,t,32.874523958413036,32.874523958413036
1132,c,12.382556526254717,13.214114987708289
1133,t,32.874523958413036,32.874523958413036
1134,c,32.874523958413036,32.874523958413036
1135,t,32.874523958413036,32.874523958413036
1136,c,32.874523958413036,32.874523958413036
1137,t,32.874523958413036,32.874523958413036
1138,t,32.874523958413036,32.874523958413036
1139,t,32.874523958413036,32.874523958413036
1140,c,32.874523958413036,32.874523958413036
1141,t,32.874523958413036,32.874523958413036
1142,c,32.874523958413036,32.874523958413036
1143,t,32.874523958413036,32.874523958413036
1144,c,32.874523958413036,32.874523958413036
1145,c,32.874523958413036,32.874523958413036
1146,c,32.874523958413036,32.874523958413036
1147,t,32.874523958413036,32.874523958413036
1148,c,32.874523958413036,32.874523958413036
1149,c,32.874523958413036,32.874523958413036
1150,t,32.874523958413036,32.874523958413036
1151,t,32.874523958413036,32.874523958413036
1152,t,32.874523958413036,32.874523958413036
1153,t,32.874523958413036,32.874523958413036
1154,c,32.874523958413036,32.874523958413036
1155,c,32.874523958413036,32.874523958413036
1156,c,32.874523958413036,32.874523958413036
1157,t,32.874523958413036,32.874523958413036
1158,c,32.874523958413036,32.874523958413036
1159,c,32.874523958413036,32.874523958413036
1160,t,32.874523958413036,32.874523958413036
1161,c,32.874523958413036,32.874523958413036
1162,t,32.874523958413036,32.874523958413036
1163,t,32.874523958413036,32.874523958413036
1164,t,32.874523958413036,32.874523958413036
1165,t,32.874523958413036,32.874523958413036
1166,t,32.874523958413036,32.874523958413036
1167,t,32.874523958413036,32.874523958413036
1168,t,32.874523958413036,32.874523958413036
1169,t,32.874523958413036,32.874523958413036
1170,t,32.874523958413036,32.874523958413036
1171,c,32.874523958413036,32.874523958413036
1172,c,32.874523958413036,32.874523958413036
1173,c,32.874523958413036,32.874523958413036
1174,c,32.874523958413036,32.874523958413036
1175,c,32.874523958413036,32.874523958413036
1176,t,32.874523958413036,32.874523958413036
1177,t,32.874523958413036,32.874523958413036
1178,c,32.874523958413036,32.874523958413036
1179,c,32.874523958413036,32.874523958413036
1180,t,32.874523958413036,32.874523958413036
1181,c,32.874523958413036,32.874523958413036
1182,t,32.874523958413036,32.874523958413036
1183,t,32.874523958413036,32.874523958413036
1184,c,32.874523958413036,32.874523958413036
1185,t,32.874523958413036,32.874523958413036
1186,t,32.874523958413036,32.874523958413036
1187,c,32.874523958413036,32.874523958413036
1188,na,4.190840354588356,4.347830509432185
1189,c,32.874523958413036,32.874523958413036
1190,c,32.874523958413036,32.874523958413036
1191,t,32.874523958413036,32.874523958413036
1192,t,32.874523958413036,32.874523958413036
1193,c,32.874523958413036,32.874523958413036
1194,c,32.874523958413036,32.874523958413036
1195,c,32.874523958413036,32.874523958413036
1196,c,32.874523958413036,32.874523958413036
1197,c,32.874523958413036,32.874523958413036
1198,c,32.874523958413036,32.874523958413036
1199,t,32.874523958413036,32.874523958413036
1200,c,32.874523958413036,32.874523958413036
1201,t,32.874523958413036,32.874523958413036
1202,t,32.874523958413036,32.874523958413036
1203,t,32.874523958413036,32.874523958413036
1204,c,32.874523958413036,32.874523958413036
1205,t,32.874523958413036,32.874523958413036
1206,c,32.874523958413036,32.874523958413036
1207,t,32.874523958413036,32.874523958413036
1208,t,32.874523958413036,32.874523958413036
1209,t,32.874523958413036,32.874523958413036
1210,t,32.874523958413036,32.874523958413036
1211,t,32.874523958413036,32.874523958413036
1212,c,32.874523958413036,32.874523958413036
1213,c,32.874523958413036,32.874523958413036
1214,c,32.874523958413036,32.874523958413036
1215,c,32.874523958413036,32.874523958413036
1216,t,32.874523958413036,32.874523958413036
1217,c,32.874523958413036,32.874523958413036
1218,t,32.874523958413036,32.874523958413036
1219,t,32.874523958413036,32.874523958413036
1220,c,32.874523958413036,32.874523958413036
1221,c,32.874523958413036,32.874523958413036
1222,c,32.874523958413036,32.874523958413036
1223,t,32.874523958413036,32.874523958413036
1224,t,32.874523958413036,32.874523958413036
1225,c,32.874523958413036,32.874523958413036
1226,t,32.874523958413036,32.874523958413036
1227,t,32.874523958413036,32.874523958413036
1228,t,32.874523958413036,32.874523958413036
1229,t,32.874523958413036,32.874523958413036
1230,t,32.874523958413036,32.874523958413036
1231,t,32.874523958413036,32.874523958413036
1232,t,32.874523958413036,32.874523958413036
1233,t,32.874523958413036,32.874523958413036
1234,c,32.874523958413036,32.874523958413036
1235,t,32.874523958413036,32.874523958413036
1236,t,32.874523958413036,32.874523958413036
1237,c,32.874523958413036,32.874523958413036
1238,c,32.874523958413036,32.874523958413036
1239,t,32.874523958413036,32.874523958413036
1240,t,32.874523958413036,32.874523958413036
1241,t,32.874523958413036,32.874523958413036
1242,t,32.874523958413036,32.874523958413036
1243,t,32.874523958413036,32.874523958413036
1244,t,32.874523958413036,32.874523958413036
1245,t,32.874523958413036,32.874523958413036
1246,c,32.874523958413036,32.874523958413036
1247,c,32.874523958413036,32.874523958413036
1248,t,32.874523958413036,32.874523958413036
1249,t,32.874523958413036,32.874523958413036
1250,c,32.874523958413036,32.874523958413036
1251,c,32.874523958413036,32.874523958413036
1252,c,32.874523958413036,32.874523958413036
1253,c,32.874523958413036,32.874523958413036
1254,t,32.874523958413036,32.874523958413036
1255,c,32.874523958413036,32.874523958413036
1256,c,32.874523958413036,32.874523958413036
1257,t,32.874523958413036,32.874523958413036
1258,c,32.874523958413036,32.874523958413036
1259,c,32.874523958413036,32.874523958413036
1260,t,32.874523958413036,32.874523958413036
1261,t,32.874523958413036,32.874523958413036
1262,t,32.874523958413036,32.874523958413036
1263,t,32.874523958413036,32.874523958413036
1264,c,32.874523958413036,32.874523958413036
1265,c,32.874523958413036,32.874523958413036
1266,t,32.874523958413036,32.874523958413036
1267,c,32.874523958413036,32.874523958413036
1268,t,32.874523958413036,32.874523958413036
1269,t,32.874523958413036,32.874523958413036
1270,c,32.874523958413036,32.874523958413036
1271,t,32.874523958413036,32.874523958413036
1272,c,32.874523958413036,32.874523958413036
1273,t,32.874523958413036,32.874523958413036
1274,t,32.874523958413036,32.874523958413036
1275,c,32.874523958413036,32.874523958413036
1276,na,-1,0
1277,c,32.874523958413036,32.874523958413036
1278,c,32.874523958413036,32.874523958413036
1279,t,32.874523958413036,32.874523958413036
1280,c,32.874523958413036,32.874523958413036
1281,c,32.874523958413036,32.874523958413036
1282,c,32.874523958413036,32.874523958413036
1283,t,32.874523958413036,32.874523958413036
1284,t,32.874523958413036,32.874523958413036
1285,t,32.874523958413036,32.874523958413036
1286,na,-1,0
1287,c,32.874523958413036,32.874523958413036
1288,t,32.874523958413036,32.874523958413036
1289,t,32.874523958413036,32.874523958413036
1290,c,32.874523958413036,32.874523958413036
1291,c,32.874523958413036,32.874523958413036
1292,c,32.874523958413036,32.874523958413036
1293,c,32.874523958413036,32.874523958413036
1294,c,32.874523958413036,32.874523958413036
1295,c,32.874523958413036,32.874523958413036
1296,t,32.874523958413036,32.874523958413036
1297,t,32.874523958413036,32.874523958413036
1298,c,32.874523958413036,32.874523958413036
1299,t,32.874523958413036,32.874523958413036
1300,c,32.874523958413036,32.874523958413036
1301,t,32.874523958413036,32.874523958413036
1302,c,7.975532246681253,8.432936683840305
1303,t,32.874523958413036,32.874523958413036
1304,t,32.874523958413036,32.874523958413036
1305,c,32.874523958413036,32.874523958413036
1306,t,32.874523958413036,32.874523958413036
1307,c,32.874523958413036,32.874523958413036
1308,t,32.874523958413036,32.874523958413036
1309,c,32.874523958413036,32.874523958413036
1310,t,32.874523958413036,32.874523958413036
1311,t,32.874523958413036,32.874523958413036
1312,t,32.874523958413036,32.874523958413036
1313,t,32.874523958413036,32.874523958413036
1314,t,32.874523958413036,32.874523958413036
1315,t,32.874523958413036,32.874523958413036
1316,c,32.874523958413036,32.874523958413036
1317,c,32.874523958413036,32.874523958413036
1318,c,32.874523958413036,32.874523958413036
1319,c,32.874523958413036,32.874523958413036
1320,c,32.874523958413036,32.874523958413036
1321,t,32.874523958413036,32.874523958413036
1322,c,32.874523958413036,32.874523958413036
1323,c,32.874523958413036,32.874523958413036
1324,t,32.874523958413036,32.874523958413036
1325,t,32.874523958413036,32.874523958413036
1326,c,32.874523958413036,32.874523958413036
1327,c,32.874523958413036,32.874523958413036
1328,t,32.874523958413036,32.874523958413036
1329,t,32.874523958413036,32.874523958413036
1330,c,32.874523958413036,32.874523958413036
1331,t,32.874523958413036,32.874523958413036
1332,t,32.874523958413036,32.874523958413036
1333,c,32.874523958413036,32.874523958413036
1334,c,32.874523958413036,32.874523958413036
1335,c,32.874523958413036,32.874523958413036
1336,c,32.874523958413036,32.874523958413036
1337,t,32.874523958413036,32.874523958413036
1338,t,32.874523958413036,32.874523958413036
1339,c,32.874523958413036,32.874523958413036
1340,c,32.874523958413036,32.874523958413036
1341,t,32.874523958413036,32.874523958413036
1342,c,32.874523958413036,32.874523958413036
1343,t,32.874523958413036,32.874523958413036
1344,c,32.874523958413036,32.874523958413036
1345,c,32.874523958413036,32.874523958413036
1346,c,32.874523958413036,32.874523958413036
1347,c,32.874523958413036,32.874523958413036
1348,c,32.874523958413036,32.874523958413036
1349,t,32.874523958413036,32.874523958413036
1350,c,32.874523958413036,32.874523958413036
1351,na,-1,0
1352,c,32.874523958413036,32.874523958413036
1353,c,32.874523958413036,32.874523958413036
1354,c,32.874523958413036,32.874523958413036
1355,t,32.874523958413036,32.874523958413036
1356,t,32.874523958413036,32.874523958413036
1357,c,32.874523958413036,32.874523958413036
1358,c,32.874523958413036,32.874523958413036
1359,c,32.874523958413036,32.874523958413036
1360,t,32.874523958413036,32.874523958413036
1361,c,32.874523958413036,32.874523958413036
1362,t,32.874523958413036,32.874523958413036
1363,t,32.874523958413036,32.874523958413036
1364,t,32.874523958413036,32.874523958413036
1365,t,32.874523958413036,32.874523958413036
1366,t,32.874523958413036,32.874523958413036
1367,c,32.874523958413036,32.874523958413036
1368,c,32.874523958413036,32.874523958413036
1369,c,32.874523958413036,32.874523958413036
1370,c,32.874523958413036,32.874523958413036
1371,t,32.874523958413036,32.874523958413036
1372,t,32.874523958413036,32.874523958413036
1373,t,32.874523958413036,32.874523958413036
1374,c,32.874523958413036,32.874523958413036
1375,c,32.874523958413036,32.874523958413036
1376,t,32.874523958413036,32.874523958413036
1377,c,32.874523958413036,32.874523958413036
1378,t,32.874523958413036,32.874523958413036
1379,t,32.874523958413036,32.874523958413036
1380,t,32.874523958413036,32.874523958413036
1381,t,32.874523958413036,32.874523958413036
1382,c,32.874523958413036,32.874523958413036
1383,t,32.874523958413036,32.874523958413036
1384,c,32.874523958413036,32.874523958413036
1385,t,32.874523958413036,32.874523958413036
1386,c,32.874523958413036,32.874523958413036
1387,t,32.874523958413036,32.874523958413036
1388,t,32.874523958413036,32.874523958413036
1389,c,32.874523958413036,32.874523958413036
1390,c,32.874523958413036,32.874523958413036
1391,c,8.192171629832272,10.309319950028545
1392,c,32.874523958413036,32.874523958413036
1393,t,32.874523958413036,32.874523958413036
1394,c,32.874523958413036,32.874523958413036
1395,c,32.874523958413036,32.874523958413036
1396,c,32.874523958413036,32.874523958413036
1397,c,32.874523958413036,32.874523958413036
1398,t,32.874523958413036,32.874523958413036
1399,t,32.874523958413036,32.874523958413036
1400,t,32.874523958413036,32.874523958413036
1401,t,32.874523958413036,32.874523958413036
1402,c,32.874523958413036,32.874523958413036
1403,t,32.874523958413036,32.874523958413036
1404,c,32.874523958413036,32.874523958413036
1405,c,32.874523958413036,32.874523958413036
1406,c,32.874523958413036,32.874523958413036
1407,t,32.874523958413036,32.874523958413036
1408,c,32.874523958413036,32.874523958413036
1409,c,32.874523958413036,32.874523958413036
1410,c,32.874523958413036,32.874523958413036
1411,c,5.183090730326555,8.159094614031519
1412,c,32.874523958413036,32.874523958413036
1413,t,32.874523958413036,32.874523958413036
1414,c,32.874523958413036,32.874523958413036
1415,t,32.874523958413036,32.874523958413036
1416,c,32.874523958413036,32.874523958413036
1417,c,32.874523958413036,32.874523958413036
1418,t,32.874523958413036,32.874523958413036
1419,t,32.874523958413036,32.874523958413036
1420,c,32.874523958413036,32.874523958413036
1421,t,32.874523958413036,32.874523958413036
1422,t,32.874523958413036,32.874523958413036
1423,t,32.874523958413036,32.874523958413036
1424,c,32.874523958413036,32.874523958413036
1425,t,32.874523958413036,32.874523958413036
1426,c,32.874523958413036,32.874523958413036
1427,c,32.874523958413036,32.874523958413036
1428,c,32.874523958413036,32.874523958413036
1429,t,32.874523958413036,32.874523958413036
1430,t,32.874523958413036,32.874523958413036
1431,t,32.874523958413036,32.874523958413036
1432,t,32.874523958413036,32.874523958413036
1433,c,32.874523958413036,32.874523958413036
1434,c,32.874523958413036,32.874523958413036
1435,t,32.874523958413036,32.874523958413036
1436,c,32.874523958413036,32.874523958413036
1437,t,32.874523958413036,32.874523958413036
1438,t,32.874523958413036,32.874523958413036
1439,c,32.874523958413036,32.874523958413036
1440,t,32.874523958413036,32.874523958413036
1441,c,32.874523958413036,32.874523958413036
1442,c,32.874523958413036,32.874523958413036
1443,t,32.874523958413036,32.874523958413036
1444,t,32.874523958413036,32.874523958413036
1445,na,0,4.30712403618366
1446,t,32.874523958413036,32.874523958413036
1447,t,32.874523958413036,32.874523958413036
1448,c,32.874523958413036,32.874523958413036
1449,c,32.874523958413036,32.874523958413036
1450,c,32.874523958413036,32.874523958413036
1451,t,32.874523958413036,32.874523958413036
1452,t,32.874523958413036,32.874523958413036
1453,t,32.874523958413036,32.874523958413036
1454,t,32.874523958413036,32.874523958413036
1455,c,32.874523958413036,32.874523958413036
1456,t,32.874523958413036,32.874523958413036
1457,c,32.874523958413036,32.874523958413036
1458,t,32.874523958413036,32.874523958413036
1459,t,32.874523958413036,32.874523958413036
1460,t,32.874523958413036,32.874523958413036
1461,t,32.874523958413036,32.874523958413036
1462,t,32.874523958413036,32.874523958413036
1463,c,32.874523958413036,32.874523958413036
1464,c,32.874523958413036,32.874523958413036
1465,c,32.874523958413036,32.874523958413036
1466,t,32.874523958413036,32.874523958413036
1467,t,32.874523958413036,32.874523958413036
1468,c,32.874523958413036,32.874523958413036
1469,t,32.874523958413036,32.874523958413036
1470,c,32.874523958413036,32.874523958413036
1471,t,32.874523958413036,32.874523958413036
1472,t,32.874523958413036,32.874523958413036
1473,t,32.874523958413036,32.874523958413036
1474,t,32.874523958413036,32.874523958413036
1475,t,32.874523958413036,32.874523958413036
1476,t,32.874523958413036,32.874523958413036
1477,t,32.874523958413036,32.874523958413036
1478,t,32.874523958413036,32.874523958413036
1479,c,32.874523958413036,32.874523958413036
1480,t,32.874523958413036,32.874523958413036
1481,t,32.874523958413036,32.874523958413036
1482,t,32.874523958413036,32.874523958413036
1483,t,32.874523958413036,32.874523958413036
1484,t,32.874523958413036,32.874523958413036
1485,c,32.874523958413036,32.874523958413036
1486,c,32.874523958413036,32.874523958413036
1487,t,32.874523958413036,32.874523958413036
1488,c,32.874523958413036,32.874523958413036
1489,c,32.874523958413036,32.874523958413036
1490,t,32.874523958413036,32.874523958413036
1491,c,32.874523958413036,32.874523958413036
1492,t,32.874523958413036,32.874523958413036
1493,c,32.874523958413036,32.874523958413036
1494,c,32.874523958413036,32.874523958413036
1495,t,32.874523958413036,32.874523958413036
1496,t,32.874523958413036,32.874523958413036
1497,c,32.874523958413036,32.874523958413036
1498,t,32.874523958413036,32.874523958413036
1499,c,32.874523958413036,32.874523958413036
1500,c,32.874523958413036,32.874523958413036
1501,c,32.874523958413036,32.874523958413036
1502,c,32.874523958413036,32.874523958413036
1503,t,32.874523958413036,32.874523958413036
1504,t,32.874523958413036,32.874523958413036
1505,c,32.874523958413036,32.874523958413036
1506,c,32.874523958413036,32.874523958413036
1507,t,32.874523958413036,32.874523958413036
1508,t,32.874523958413036,32.874523958413036
1509,c,32.874523958413036,32.874523958413036
1510,c,32.874523958413036,32.874523958413036
1511,t,32.874523958413036,32.874523958413036
1512,t,32.874523958413036,32.874523958413036
1513,t,32.874523958413036,32.874523958413036
1514,t,32.874523958413036,32.874523958413036
1515,c,32.874523958413036,32.874523958413036
1516,t,32.874523958413036,32.874523958413036
1517,t,32.874523958413036,32.874523958413036
1518,t,32.874523958413036,32.874523958413036
1519,t,32.874523958413036,32.874523958413036
1520,t,32.874523958413036,32.874523958413036
1521,t,32.874523958413036,32.874523958413036
1522,c,32.874523958413036,32.874523958413036
1523,c,32.874523958413036,32.874523958413036
1524,t,32.874523958413036,32.874523958413036
1525,c,32.874523958413036,32.874523958413036
1526,t,32.874523958413036,32.874523958413036
1527,t,32.874523958413036,32.874523958413036
1528,t,32.874523958413036,32.874523958413036
1529,t,32.874523958413036,32.874523958413036
1530,c,32.874523958413036,32.874523958413036
1531,c,32.874523958413036,32.874523958413036
1532,t,32.874523958413036,32.874523958413036
1533,c,32.874523958413036,32.874523958413036
1534,t,32.874523958413036,32.874523958413036
1535,t,32.874523958413036,32.874523958413036
1536,t,32.874523958413036,32.874523958413036
1537,c,32.874523958413036,32.874523958413036
1538,c,32.874523958413036,32.874523958413036
1539,c,32.874523958413036,32.874523958413036
1540,t,32.874523958413036,32.874523958413036
1541,t,32.874523958413036,32.874523958413036
1542,c,32.874523958413036,32.874523958413036
1543,t,32.874523958413036,32.874523958413036
1544,t,32.874523958413036,32.874523958413036
1545,c,32.874523958413036,32.874523958413036
1546,t,32.874523958413036,32.874523958413036
1547,t,32.874523958413036,32.874523958413036
1548,c,32.874523958413036,32.874523958413036
1549,t,32.874523958413036,32.874523958413036
1550,c,32.874523958413036,32.874523958413036
1551,t,32.874523958413036,32.874523958413036
1552,t,32.874523958413036,32.874523958413036
1553,t,32.874523958413036,32.874523958413036
1554,t,32.874523958413036,32.874523958413036
1555,t,32.874523958413036,32.874523958413036
1556,c,32.874523958413036,32.874523958413036
1557,c,32.874523958413036,32.874523958413036
1558,c,32.874523958413036,32.874523958413036
1559,t,32.874523958413036,32.874523958413036
1560,c,32.874523958413036,32.874523958413036
1561,t,32.874523958413036,32.874523958413036
1562,c,32.874523958413036,32.874523958413036
1563,t,32.874523958413036,32.874523958413036
1564,c,32.874523958413036,32.874523958413036
1565,c,32.874523958413036,32.874523958413036
1566,c,32.874523958413036,32.874523958413036
1567,t,32.874523958413036,32.874523958413036
1568,c,32.874523958413036,32.874523958413036
1569,c,32.874523958413036,32.874523958413036
1570,c,32.874523958413036,32.874523958413036
1571,t,32.874523958413036,32.874523958413036
1572,c,32.874523958413036,32.874523958413036
1573,c,32.874523958413036,32.874523958413036
1574,c,32.874523958413036,32.874523958413036
1575,c,32.874523958413036,32.874523958413036
1576,t,32.874523958413036,32.874523958413036
1577,c,32.874523958413036,32.874523958413036
1578,c,32.874523958413036,32.874523958413036
1579,t,32.874523958413036,32.874523958413036
1580,c,32.874523958413036,32.874523958413036
1581,t,32.874523958413036,32.874523958413036
1582,c,32.874523958413036,32.874523958413036
1583,t,32.874523958413036,32.874523958413036
1584,t,32.874523958413036,32.874523958413036
1585,t,32.874523958413036,32.874523958413036
1586,c,32.874523958413036,32.874523958413036
1587,c,32.874523958413036,32.874523958413036
1588,t,32.874523958413036,32.874523958413036
1589,t,32.874523958413036,32.874523958413036
1590,t,32.874523958413036,32.874523958413036
1591,t,32.874523958413036,32.874523958413036
1592,c,32.874523958413036,32.874523958413036
1593,c,32.874523958413036,32.874523958413036
1594,t,32.874523958413036,32.874523958413036
1595,c,32.874523958413036,32.874523958413036
1596,t,32.874523958413036,32.874523958413036
1597,t,32.874523958413036,32.874523958413036
1598,t,32.874523958413036,32.874523958413036
1599,t,32.874523958413036,32.874523958413036
1600,c,32.874523958413036,32.874523958413036
1601,c,32.874523958413036,32.874523958413036
1602,c,32.874523958413036,32.874523958413036
1603,c,32.874523958413036,32.874523958413036
1604,c,32.874523958413036,32.874523958413036
1605,t,32.874523958413036,32.874523958413036
1606,c,32.874523958413036,32.874523958413036
1607,c,32.874523958413036,32.874523958413036
1608,t,32.874523958413036,32.874523958413036
1609,c,32.874523958413036,32.874523958413036
1610,c,32.874523958413036,32.874523958413036
1611,t,32.874523958413036,32.874523958413036
1612,c,32.874523958413036,32.874523958413036
1613,c,32.874523958413036,32.874523958413036
1614,t,32.874523958413036,32.874523958413036
1615,t,32.874523958413036,32.874523958413036
1616,c,32.874523958413036,32.874523958413036
1617,c,32.874523958413036,32.874523958413036
1618,t,32.874523958413036,32.874523958413036
1619,c,32.874523958413036,32.874523958413036
1620,c,32.874523958413036,32.874523958413036
1621,c,32.874523958413036,32.874523958413036
1622,t,32.874523958413036,32.874523958413036
1623,t,32.874523958413036,32.874523958413036
1624,t,32.874523958413036,32.874523958413036
1625,c,32.874523958413036,32.874523958413036
1626,c,32.874523958413036,32.874523958413036
1627,c,32.874523958413036,32.874523958413036
1628,c,32.874523958413036,32.874523958413036
1629,c,32.874523958413036,32.874523958413036
1630,t,32.874523958413036,32.874523958413036
1631,t,32.874523958413036,32.874523958413036
1632,t,32.874523958413036,32.874523958413036
1633,t,32.874523958413036,32.874523958413036
1634,c,32.874523958413036,32.874523958413036
1635,t,32.874523958413036,32.874523958413036
1636,t,32.874523958413036,32.874523958413036
1637,c,32.874523958413036,32.874523958413036
1638,c,32.874523958413036,32.874523958413036
1639,t,32.874523958413036,32.874523958413036
1640,t,32.874523958413036,32.874523958413036
1641,t,32.874523958413036,32.874523958413036
1642,c,32.874523958413036,32.874523958413036
1643,c,32.874523958413036,32.874523958413036
1644,t,32.874523958413036,32.874523958413036
1645,t,32.874523958413036,32.874523958413036
1646,c,32.874523958413036,32.874523958413036
1647,t,32.874523958413036,32.874523958413036
1648,c,32.874523958413036,32.874523958413036
1649,c,32.874523958413036,32.874523958413036
1650,t,32.874523958413036,32.874523958413036
1651,c,32.874523958413036,32.874523958413036
1652,c,32.874523958413036,32.874523958413036
1653,c,32.874523958413036,32.874523958413036
1654,c,32.874523958413036,32.874523958413036
1655,t,32.874523958413036,32.874523958413036
1656,t,32.874523958413036,32.874523958413036
1657,c,32.874523958413036,32.874523958413036
1658,t,32.874523958413036,32.874523958413036
1659,c,32.874523958413036,32.874523958413036
1660,c,32.874523958413036,32.874523958413036
1661,t,32.874523958413036,32.874523958413036
1662,t,32.874523958413036,32.874523958413036
1663,t,32.874523958413036,32.874523958413036
1664,t,32.874523958413036,32.874523958413036
1665,t,32.874523958413036,32.874523958413036
1666,c,32.874523958413036,32.874523958413036
1667,t,32.874523958413036,32.874523958413036
1668,c,32.874523958413036,32.874523958413036
1669,c,32.874523958413036,32.874523958413036
1670,c,32.874523958413036,32.874523958413036
1671,c,32.874523958413036,32.874523958413036
1672,t,32.874523958413036,32.874523958413036
1673,t,32.874523958413036,32.874523958413036
1674,t,32.874523958413036,32.874523958413036
1675,t,32.874523958413036,32.874523958413036
1676,t,32.874523958413036,32.874523958413036
1677,c,32.874523958413036,32.874523958413036
1678,t,32.874523958413036,32.874523958413036
1679,c,9.903270972981158,13.358145354727723
1680,t,32.874523958413036,32.874523958413036
1681,c,32.874523958413036,32.874523958413036
1682,c,32.874523958413036,32.874523958413036
1683,c,32.874523958413036,32.874523958413036
1684,t,32.874523958413036,32.874523958413036
1685,t,32.874523958413036,32.874523958413036
1686,c,32.874523958413036,32.874523958413036
1687,c,32.874523958413036,32.874523958413036
1688,c,32.874523958413036,32.874523958413036
1689,c,32.874523958413036,32.874523958413036
1690,c,32.874523958413036,32.874523958413036
1691,t,32.874523958413036,32.874523958413036
1692,t,32.874523958413036,32.874523958413036
1693,c,32.874523958413036,32.874523958413036
1694,c,32.874523958413036,32.874523958413036
1695,t,32.874523958413036,32.874523958413036
1696,c,32.874523958413036,32.874523958413036
1697,c,32.874523958413036,32.874523958413036
1698,t,32.874523958413036,32.874523958413036
1699,t,32.874523958413036,32.874523958413036
1700,t,32.874523958413036,32.874523958413036
1701,c,32.874523958413036,32.874523958413036
1702,t,32.874523958413036,32.874523958413036
1703,c,32.874523958413036,32.874523958413036
1704,t,32.874523958413036,32.874523958413036
1705,t,32.874523958413036,32.874523958413036
1706,t,32.874523958413036,32.874523958413036
1707,t,32.874523958413036,32.874523958413036
1708,t,32.874523958413036,32.874523958413036
1709,c,32.874523958413036,32.874523958413036
1710,t,32.874523958413036,32.874523958413036
1711,t,32.874523958413036,32.874523958413036
1712,c,32.874523958413036,32.874523958413036
1713,t,32.874523958413036,32.874523958413036
1714,c,32.874523958413036,32.874523958413036
1715,c,32.874523958413036,32.874523958413036
1716,t,32.874523958413036,32.874523958413036
1717,c,32.874523958413036,32.874523958413036
1718,c,32.874523958413036,32.874523958413036
1719,t,32.874523958413036,32.874523958413036
1720,t,32.874523958413036,32.874523958413036
1721,t,32.874523958413036,32.874523958413036
1722,c,32.874523958413036,32.874523958413036
1723,c,32.874523958413036,32.874523958413036
1724,t,32.874523958413036,32.874523958413036
1725,t,32.874523958413036,32.874523958413036
1726,c,32.874523958413036,32.874523958413036
1727,c,32.874523958413036,32.874523958413036
1728,t,32.874523958413036,32.874523958413036
1729,t,32.874523958413036,32.874523958413036
1730,t,32.874523958413036,32.874523958413036
1731,c,32.874523958413036,32.874523958413036
1732,c,32.874523958413036,32.874523958413036
1733,t,32.874523958413036,32.874523958413036
1734,t,32.874523958413036,32.874523958413036
1735,t,32.874523958413036,32.874523958413036
1736,t,32.874523958413036,32.874523958413036
1737,t,32.874523958413036,32.874523958413036
1738,c,32.874523958413036,32.874523958413036
1739,t,32.874523958413036,32.874523958413036
1740,c,32.874523958413036,32.874523958413036
1741,c,32.874523958413036,32.874523958413036
1742,c,32.874523958413036,32.874523958413036
1743,t,32.874523958413036,32.874523958413036
1744,t,32.874523958413036,32.874523958413036
1745,t,32.874523958413036,32.874523958413036
1746,t,32.874523958413036,32.874523958413036
1747,c,32.874523958413036,32.874523958413036
1748,t,32.874523958413036,32.874523958413036
1749,c,32.874523958413036,32.874523958413036
1750,t,32.874523958413036,32.874523958413036
1751,t,32.874523958413036,32.874523958413036
1752,c,32.874523958413036,32.874523958413036
1753,t,32.874523958413036,32.874523958413036
1754,c,32.874523958413036,32.874523958413036
1755,c,32.874523958413036,32.874523958413036
1756,t,32.874523958413036,32.874523958413036
1757,c,32.874523958413036,32.874523958413036
1758,c,32.874523958413036,32.874523958413036
1759,c,32.874523958413036,32.874523958413036
1760,c,32.874523958413036,32.874523958413036
1761,t,32.874523958413036,32.874523958413036
1762,c,32.874523958413036,32.874523958413036
1763,t,32.874523958413036,32.874523958413036
1764,t,32.874523958413036,32.874523958413036
1765,c,32.874523958413036,32.874523958413036
1766,t,32.874523958413036,32.874523958413036
1767,c,32.874523958413036,32.874523958413036
1768,c,32.874523958413036,32.874523958413036
1769,c,32.874523958413036,32.874523958413036
1770,t,32.874523958413036,32.874523958413036
1771,c,32.874523958413036,32.874523958413036
1772,c,32.874523958413036,32.874523958413036
1773,c,32.874523958413036,32.874523958413036
1774,t,32.874523958413036,32.874523958413036
1775,c,32.874523958413036,32.874523958413036
1776,t,32.874523958413036,32.874523958413036
1777,c,32.874523958413036,32.874523958413036
1778,t,32.874523958413036,32.874523958413036
1779,c,32.874523958413036,32.874523958413036
1780,c,32.874523958413036,32.874523958413036
1781,c,32.874523958413036,32.874523958413036
1782,t,32.874523958413036,32.874523958413036
1783,c,32.874523958413036,32.874523958413036
1784,c,32.874523958413036,32.874523958413036
1785,t,32.874523958413036,32.874523958413036
1786,c,32.874523958413036,32.874523958413036
1787,t,32.874523958413036,32.874523958413036
1788,c,32.874523958413036,32.874523958413036
1789,t,32.874523958413036,32.874523958413036
1790,c,32.874523958413036,32.874523958413036
1791,t,32.874523958413036,32.874523958413036
1792,c,32.874523958413036,32.874523958413036
1793,c,32.874523958413036,32.874523958413036
1794,c,32.874523958413036,32.874523958413036
1795,c,32.874523958413036,32.874523958413036
1796,c,32.874523958413036,32.874523958413036
1797,c,32.874523958413036,32.874523958413036
1798,t,32.874523958413036,32.874523958413036
1799,t,32.874523958413036,32.874523958413036
1800,na,0,5.656848576022759
1801,t,32.874523958413036,32.874523958413036
1802,t,32.874523958413036,32.874523958413036
1803,c,32.874523958413036,32.874523958413036
1804,c,32.874523958413036,32.874523958413036
1805,c,32.874523958413036,32.874523958413036
1806,na,7.734471539609495,18.441703360713614
1807,t,32.874523958413036,32.874523958413036
1808,c,32.874523958413036,32.874523958413036
1809,c,32.874523958413036,32.874523958413036
1810,t,32.874523958413036,32.874523958413036
1811,t,32.874523958413036,32.874523958413036
1812,t,32.874523958413036,32.874523958413036
1813,c,32.874523958413036,32.874523958413036
1814,t,32.874523958413036,32.874523958413036
1815,t,32.874523958413036,32.874523958413036
1816,c,32.874523958413036,32.874523958413036
1817,c,32.874523958413036,32.874523958413036
1818,c,32.874523958413036,32.874523958413036
1819,t,32.874523958413036,32.874523958413036
1820,c,32.874523958413036,32.874523958413036
1821,na,1.1412921193769017,8.327454446299177
1822,c,32.874523958413036,32.874523958413036
1823,c,32.874523958413036,32.874523958413036
1824,na,3.419242176211631,5.773336164520943
1825,c,32.874523958413036,32.874523958413036
1826,c,32.874523958413036,32.874523958413036
1827,c,32.874523958413036,32.874523958413036
1828,t,32.874523958413036,32.874523958413036
1829,c,32.874523958413036,32.874523958413036
1830,c,32.874523958413036,32.874523958413036
1831,t,32.874523958413036,32.874523958413036
1832,t,32.874523958413036,32.874523958413036
1833,t,32.874523958413036,32.874523958413036
1834,c,32.874523958413036,32.874523958413036
1835,c,32.874523958413036,32.874523958413036
1836,t,32.874523958413036,32.874523958413036
1837,t,32.874523958413036,32.874523958413036
1838,t,32.874523958413036,32.874523958413036
1839,c,32.874523958413036,32.874523958413036
1840,c,32.874523958413036,32.874523958413036
1841,c,32.874523958413036,32.874523958413036
1842,t,32.874523958413036,32.874523958413036
1843,c,32.874523958413036,32.874523958413036
1844,c,32.874523958413036,32.874523958413036
1845,c,32.874523958413036,32.874523958413036
1846,t,32.874523958413036,32.874523958413036
1847,c,32.874523958413036,32.874523958413036
1848,c,32.874523958413036,32.874523958413036
1849,t,32.874523958413036,32.874523958413036
1850,c,32.874523958413036,32.874523958413036
1851,t,32.874523958413036,32.874523958413036
1852,c,32.874523958413036,32.874523958413036
1853,t,32.874523958413036,32.874523958413036
1854,c,32.874523958413036,32.874523958413036
1855,c,32.874523958413036,32.874523958413036
1856,c,32.874523958413036,32.874523958413036
1857,t,32.874523958413036,32.874523958413036
1858,t,32.874523958413036,32.874523958413036
1859,t,32.874523958413036,32.874523958413036
1860,t,32.874523958413036,32.874523958413036
1861,c,32.874523958413036,32.874523958413036
1862,t,32.874523958413036,32.874523958413036
1863,c,32.874523958413036,32.874523958413036
1864,t,32.874523958413036,32.874523958413036
1865,t,32.874523958413036,32.874523958413036
1866,c,32.874523958413036,32.874523958413036
1867,c,32.874523958413036,32.874523958413036
1868,t,32.874523958413036,32.874523958413036
1869,t,32.874523958413036,32.874523958413036
1870,t,32.874523958413036,32.874523958413036
1871,t,32.874523958413036,32.874523958413036
1872,c,32.874523958413036,32.874523958413036
1873,t,32.874523958413036,32.874523958413036
1874,c,32.874523958413036,32.874523958413036
1875,c,32.874523958413036,32.874523958413036
1876,c,32.874523958413036,32.874523958413036
1877,c,32.874523958413036,32.874523958413036
1878,t,32.874523958413036,32.874523958413036
1879,t,32.874523958413036,32.874523958413036
1880,t,32.874523958413036,32.874523958413036
1881,c,32.874523958413036,32.874523958413036
1882,t,32.874523958413036,32.874523958413036
1883,t,32.874523958413036,32.874523958413036
1884,c,32.874523958413036,32.874523958413036
1885,t,32.874523958413036,32.874523958413036
1886,c,32.874523958413036,32.874523958413036
1887,c,32.874523958413036,32.874523958413036
1888,t,32.874523958413036,32.874523958413036
1889,c,32.874523958413036,32.874523958413036
1890,c,32.874523958413036,32.874523958413036
1891,t,32.874523958413036,32.874523958413036
1892,t,32.874523958413036,32.874523958413036
1893,c,32.874523958413036,32.874523958413036
1894,t,32.874523958413036,32.874523958413036
1895,c,32.874523958413036,32.874523958413036
1896,t,32.874523958413036,32.874523958413036
1897,c,32.874523958413036,32.874523958413036
1898,t,32.874523958413036,32.874523958413036
1899,t,32.874523958413036,32.874523958413036
1900,t,32.874523958413036,32.874523958413036
1901,t,32.874523958413036,32.874523958413036
1902,t,32.874523958413036,32.874523958413036
1903,c,32.874523958413036,32.874523958413036
1904,c,32.874523958413036,32.874523958413036
1905,t,32.874523958413036,32.874523958413036
1906,c,32.874523958413036,32.874523958413036
1907,t,32.874523958413036,32.874523958413036
1908,c,32.874523958413036,32.874523958413036
1909,c,32.874523958413036,32.874523958413036
1910,t,32.874523958413036,32.874523958413036
1911,c,32.874523958413036,32.874523958413036
1912,t,32.874523958413036,32.874523958413036
1913,c,32.874523958413036,32.874523958413036
1914,t,32.874523958413036,32.874523958413036
1915,t,32.874523958413036,32.874523958413036
1916,t,32.874523958413036,32.874523958413036
1917,t,32.874523958413036,32.874523958413036
1918,c,32.874523958413036,32.874523958413036
1919,t,32.874523958413036,32.874523958413036
1920,c,32.874523958413036,32.874523958413036
1921,c,32.874523958413036,32.874523958413036
1922,na,0,10.82684692966066
1923,t,32.874523958413036,32.874523958413036
1924,c,32.874523958413036,32.874523958413036
1925,t,32.874523958413036,32.874523958413036
1926,c,32.874523958413036,32.874523958413036
1927,c,32.874523958413036,32.874523958413036
1928,c,6.163927594408404,6.773573559958523
1929,c,32.874523958413036,32.874523958413036
1930,c,32.874523958413036,32.874523958413036
1931,c,32.874523958413036,32.874523958413036
1932,t,32.874523958413036,32.874523958413036
1933,t,32.874523958413036,32.874523958413036
1934,c,32.874523958413036,32.874523958413036
1935,t,32.874523958413036,32.874523958413036
1936,c,32.874523958413036,32.874523958413036
1937,c,32.874523958413036,32.874523958413036
1938,c,32.874523958413036,32.874523958413036
1939,t,32.874523958413036,32.874523958413036
1940,c,32.874523958413036,32.874523958413036
1941,c,32.874523958413036,32.874523958413036
1942,t,32.874523958413036,32.874523958413036
1943,t,32.874523958413036,32.874523958413036
1944,t,32.874523958413036,32.874523958413036
1945,c,32.874523958413036,32.874523958413036
1946,c,32.874523958413036,32.874523958413036
1947,c,32.874523958413036,32.874523958413036
1948,c,32.874523958413036,32.874523958413036
1949,c,32.874523958413036,32.874523958413036
1950,c,32.874523958413036,32.874523958413036
1951,c,32.874523958413036,32.874523958413036
1952,t,32.874523958413036,32.874523958413036
1953,t,32.874523958413036,32.874523958413036
1954,t,32.874523958413036,32.874523958413036
1955,c,32.874523958413036,32.874523958413036
1956,c,32.874523958413036,32.874523958413036
1957,t,32.874523958413036,32.874523958413036
1958,t,32.874523958413036,32.874523958413036
1959,c,32.874523958413036,32.874523958413036
1960,c,32.874523958413036,32.874523958413036
1961,t,32.874523958413036,32.874523958413036
1962,t,32.874523958413036,32.874523958413036
1963,t,32.874523958413036,32.874523958413036
1964,t,32.874523958413036,32.874523958413036
1965,t,32.874523958413036,32.874523958413036
1966,c,32.874523958413036,32.874523958413036
1967,c,32.874523958413036,32.874523958413036
1968,c,32.874523958413036,32.874523958413036
1969,t,32.874523958413036,32.874523958413036
1970,t,32.874523958413036,32.874523958413036
1971,na,-1,0
1972,c,32.874523958413036,32.874523958413036
1973,c,32.874523958413036,32.874523958413036
1974,c,32.874523958413036,32.874523958413036
1975,c,32.874523958413036,32.874523958413036
1976,na,-1,0
1977,c,32.874523958413036,32.874523958413036
1978,c,32.874523958413036,32.874523958413036
1979,c,32.874523958413036,32.874523958413036
1980,t,32.874523958413036,32.874523958413036
1981,c,32.874523958413036,32.874523958413036
1982,c,32.874523958413036,32.874523958413036
1983,c,32.874523958413036,32.874523958413036
1984,c,32.874523958413036,32.874523958413036
1985,t,32.874523958413036,32.874523958413036
1986,c,32.874523958413036,32.874523958413036
1987,t,32.874523958413036,32.874523958413036
1988,t,32.874523958413036,32.874523958413036
1989,c,32.874523958413036,32.874523958413036
1990,c,32.874523958413036,32.874523958413036
1991,t,32.874523958413036,32.874523958413036
1992,c,32.874523958413036,32.874523958413036
1993,c,32.874523958413036,32.874523958413036
1994,t,32.874523958413036,32.874523958413036
1995,t,32.874523958413036,32.874523958413036
1996,c,32.874523958413036,32.874523958413036
1997,c,32.874523958413036,32.874523958413036
1998,t,32.874523958413036,32.874523958413036
1999,c,32.874523958413036,32.874523958413036
2000,t,32.874523958413036,32.874523958413036
2001,t,32.874523958413036,32.874523958413036
2002,t,32.874523958413036,32.874523958413036
2003,c,32.874523958413036,32.874523958413036
2004,c,32.874523958413036,32.874523958413036
2005,t,32.874523958413036,32.874523958413036
2006,c,32.874523958413036,32.874523958413036
2007,c,32.874523958413036,32.874523958413036
2008,t,32.874523958413036,32.874523958413036
2009,c,32.874523958413036,32.874523958413036
2010,t,32.874523958413036,32.874523958413036
2011,t,32.874523958413036,32.874523958413036
2012,t,32.874523958413036,32.874523958413036
2013,c,32.874523958413036,32.874523958413036
2014,t,32.874523958413036,32.874523958413036
2015,c,32.874523958413036,32.874523958413036
2016,t,32.874523958413036,32.874523958413036
2017,c,32.874523958413036,32.874523958413036
2018,c,32.874523958413036,32.874523958413036
2019,c,32.874523958413036,32.874523958413036
2020,c,32.874523958413036,32.874523958413036
2021,c,32.874523958413036,32.874523958413036
2022,c,32.874523958413036,32.874523958413036
2023,c,32.874523958413036,32.874523958413036
2024,t,32.874523958413036,32.874523958413036
2025,c,32.874523958413036,32.874523958413036
2026,t,32.874523958413036,32.874523958413036
2027,c,32.874523958413036,32.874523958413036
2028,t,32.874523958413036,32.874523958413036
2029,t,32.874523958413036,32.874523958413036
2030,c,32.874523958413036,32.874523958413036
2031,t,32.874523958413036,32.874523958413036
2032,t,32.874523958413036,32.874523958413036
2033,c,32.874523958413036,32.874523958413036
2034,c,32.874523958413036,32.874523958413036
2035,c,32.874523958413036,32.874523958413036
2036,t,32.874523958413036,32.874523958413036
2037,c,32.874523958413036,32.874523958413036
2038,t,32.874523958413036,32.874523958413036
2039,t,32.874523958413036,32.874523958413036
2040,t,32.874523958413036,32.874523958413036
2041,c,32.874523958413036,32.874523958413036
2042,na,7.130595495684726,7.375972266284899
2043,t,32.874523958413036,32.874523958413036
2044,t,32.874523958413036,32.874523958413036
2045,t,32.874523958413036,32.874523958413036
2046,t,32.874523958413036,32.874523958413036
2047,t,32.874523958413036,32.874523958413036
2048,c,32.874523958413036,32.874523958413036
2049,t,32.874523958413036,32.874523958413036
2050,c,32.874523958413036,32.874523958413036
2051,t,32.874523958413036,32.874523958413036
2052,c,32.874523958413036,32.874523958413036
2053,c,32.874523958413036,32.874523958413036
2054,c,32.874523958413036,32.874523958413036
2055,c,32.874523958413036,32.874523958413036
2056,t,32.874523958413036,32.874523958413036
2057,c,32.874523958413036,32.874523958413036
2058,c,32.874523958413036,32.874523958413036
2059,c,32.874523958413036,32.874523958413036
2060,c,32.874523958413036,32.874523958413036
2061,na,-1,0
2062,c,32.874523958413036,32.874523958413036
2063,c,32.874523958413036,32.874523958413036
2064,t,32.874523958413036,32.874523958413036
2065,t,32.874523958413036,32.874523958413036
2066,c,32.874523958413036,32.874523958413036
2067,c,32.874523958413036,32.874523958413036
2068,c,32.874523958413036,32.874523958413036
2069,c,32.874523958413036,32.874523958413036
2070,t,32.874523958413036,32.874523958413036
2071,c,32.874523958413036,32.874523958413036
2072,c,32.874523958413036,32.874523958413036
2073,t,32.874523958413036,32.874523958413036
2074,c,32.874523958413036,32.874523958413036
2075,t,32.874523958413036,32.874523958413036
2076,t,32.874523958413036,32.874523958413036
2077,c,32.874523958413036,32.874523958413036
2078,t,32.874523958413036,32.874523958413036
2079,t,32.874523958413036,32.874523958413036
2080,c,32.874523958413036,32.874523958413036
2081,c,32.874523958413036,32.874523958413036
2082,t,32.874523958413036,32.874523958413036
2083,c,32.874523958413036,32.874523958413036
2084,t,32.874523958413036,32.874523958413036
2085,t,32.874523958413036,32.874523958413036
2086,t,32.874523958413036,32.874523958413036
2087,c,32.874523958413036,32.874523958413036
2088,t,32.874523958413036,32.874523958413036
2089,t,32.874523958413036,32.874523958413036
2090,t,32.874523958413036,32.874523958413036
2091,c,32.874523958413036,32.874523958413036
2092,t,32.874523958413036,32.874523958413036
2093,t,32.874523958413036,32.874523958413036
2094,t,32.874523958413036,32.874523958413036
2095,c,32.874523958413036,32.874523958413036
2096,c,32.874523958413036,32.874523958413036
2097,t,32.874523958413036,32.874523958413036
2098,t,32.874523958413036,32.874523958413036
2099,t,32.874523958413036,32.874523958413036
2100,c,32.874523958413036,32.874523958413036
2101,c,32.874523958413036,32.874523958413036
2102,c,32.874523958413036,32.874523958413036
2103,t,32.874523958413036,32.874523958413036
2104,c,32.874523958413036,32.874523958413036
2105,c,32.874523958413036,32.874523958413036
2106,c,32.874523958413036,32.874523958413036
2107,t,32.874523958413036,32.874523958413036
2108,c,32.874523958413036,32.874523958413036
2109,t,32.874523958413036,32.874523958413036
2110,c,32.874523958413036,32.874523958413036
2111,t,32.874523958413036,32.874523958413036
2112,t,32.874523958413036,32.874523958413036
2113,c,32.874523958413036,32.874523958413036
2114,t,32.874523958413036,32.874523958413036
2115,c,32.874523958413036,32.874523958413036
2116,c,32.874523958413036,32.874523958413036
2117,t,32.874523958413036,32.874523958413036
2118,c,32.874523958413036,32.874523958413036
2119,c,32.874523958413036,32.874523958413036
2120,c,32.874523958413036,32.874523958413036
2121,c,32.874523958413036,32.874523958413036
2122,t,32.874523958413036,32.874523958413036
2123,t,32.874523958413036,32.874523958413036
2124,c,32.874523958413036,32.874523958413036
2125,c,32.874523958413036,32.874523958413036
2126,c,32.874523958413036,32.874523958413036
2127,c,32.874523958413036,32.874523958413036
2128,c,32.874523958413036,32.874523958413036
2129,c,32.874523958413036,32.874523958413036
2130,c,32.874523958413036,32.874523958413036
2131,c,32.874523958413036,32.874523958413036
2132,c,32.874523958413036,32.874523958413036
2133,c,32.874523958413036,32.874523958413036
2134,c,32.874523958413036,32.874523958413036
2135,t,32.874523958413036,32.874523958413036
2136,c,32.874523958413036,32.874523958413036
2137,c,32.874523958413036,32.874523958413036
2138,c,32.874523958413036,32.874523958413036
2139,t,32.874523958413036,32.874523958413036
2140,c,32.874523958413036,32.874523958413036
2141,t,32.874523958413036,32.874523958413036
2142,c,32.874523958413036,32.874523958413036
2143,c,32.874523958413036,32.874523958413036
2144,t,32.874523958413036,32.874523958413036
2145,c,32.874523958413036,32.874523958413036
2146,c,32.874523958413036,32.874523958413036
2147,c,32.874523958413036,32.874523958413036
2148,c,32.874523958413036,32.874523958413036
2149,t,32.874523958413036,32.874523958413036
2150,c,32.874523958413036,32.874523958413036
2151,t,32.874523958413036,32.874523958413036
2152,t,32.874523958413036,32.874523958413036
2153,c,32.874523958413036,32.874523958413036
2154,c,32.874523958413036,32.874523958413036
2155,t,32.874523958413036,32.874523958413036
2156,c,32.874523958413036,32.874523958413036
2157,t,32.874523958413036,32.874523958413036
2158,t,32.874523958413036,32.874523958413036
2159,c,32.874523958413036,32.874523958413036
2160,t,32.874523958413036,32.874523958413036
2161,t,32.874523958413036,32.874523958413036
2162,c,32.874523958413036,32.874523958413036
2163,t,32.874523958413036,32.874523958413036
2164,t,32.874523958413036,32.874523958413036
2165,c,32.874523958413036,32.874523958413036
2166,t,32.874523958413036,32.874523958413036
2167,c,32.874523958413036,32.874523958413036
2168,t,32.874523958413036,32.874523958413036
2169,t,32.874523958413036,32.874523958413036
2170,t,32.874523958413036,32.874523958413036
2171,c,32.874523958413036,32.874523958413036
2172,c,32.874523958413036,32.874523958413036
2173,t,32.874523958413036,32.874523958413036
2174,t,32.874523958413036,32.874523958413036
2175,c,32.874523958413036,32.874523958413036
2176,t,32.874523958413036,32.874523958413036
2177,t,32.874523958413036,32.874523958413036
2178,c,32.874523958413036,32.874523958413036
2179,c,32.874523958413036,32.874523958413036
2180,c,32.874523958413036,32.874523958413036
2181,c,32.874523958413036,32.874523958413036
2182,c,32.874523958413036,32.874523958413036
2183,t,32.874523958413036,32.874523958413036
2184,c,32.874523958413036,32.874523958413036
2185,c,32.874523958413036,32.874523958413036
2186,c,32.874523958413036,32.874523958413036
2187,c,32.874523958413036,32.874523958413036
2188,t,32.874523958413036,32.874523958413036
2189,c,32.874523958413036,32.874523958413036
2190,t,32.874523958413036,32.874523958413036
2191,c,32.874523958413036,32.874523958413036
2192,c,32.874523958413036,32.874523958413036
2193,t,32.874523958413036,32.874523958413036
2194,c,32.874523958413036,32.874523958413036
2195,t,32.874523958413036,32.874523958413036
2196,t,32.874523958413036,32.874523958413036
2197,t,32.874523958413036,32.874523958413036
2198,c,32.874523958413036,32.874523958413036
2199,c,32.874523958413036,32.874523958413036
2200,c,32.874523958413036,32.874523958413036
2201,c,32.874523958413036,32.874523958413036
2202,c,32.874523958413036,32.874523958413036
2203,t,32.874523958413036,32.874523958413036
2204,c,32.874523958413036,32.874523958413036
2205,t,32.874523958413036,32.874523958413036
2206,t,32.874523958413036,32.874523958413036
2207,t,32.874523958413036,32.874523958413036
2208,c,32.874523958413036,32.874523958413036
2209,t,32.874523958413036,32.874523958413036
2210,t,32.874523958413036,32.874523958413036
2211,t,32.874523958413036,32.874523958413036
2212,c,32.874523958413036,32.874523958413036
2213,t,32.874523958413036,32.874523958413036
2214,c,32.874523958413036,32.874523958413036
2215,c,32.874523958413036,32.874523958413036
2216,c,32.874523958413036,32.874523958413036
2217,c,32.874523958413036,32.874523958413036
2218,t,32.874523958413036,32.874523958413036
2219,t,32.874523958413036,32.874523958413036
2220,t,32.874523958413036,32.874523958413036
2221,c,32.874523958413036,32.874523958413036
2222,t,32.874523958413036,32.874523958413036
2223,t,32.874523958413036,32.874523958413036
2224,t,32.874523958413036,32.874523958413036
2225,t,32.874523958413036,32.874523958413036
2226,t,32.874523958413036,32.874523958413036
2227,t,32.874523958413036,32.874523958413036
2228,t,32.874523958413036,32.874523958413036
2229,c,32.874523958413036,32.874523958413036
2230,c,32.874523958413036,32.874523958413036
2231,t,32.874523958413036,32.874523958413036
2232,t,32.874523958413036,32.874523958413036
2233,t,32.874523958413036,32.874523958413036
2234,t,32.874523958413036,32.874523958413036
2235,c,32.874523958413036,32.874523958413036
2236,c,32.874523958413036,32.874523958413036
2237,t,32.874523958413036,32.874523958413036
2238,c,32.874523958413036,32.874523958413036
2239,t,32.874523958413036,32.874523958413036
2240,c,32.874523958413036,32.874523958413036
2241,t,32.874523958413036,32.874523958413036
2242,t,32.874523958413036,32.874523958413036
2243,na,17.493136045869505,19.93594614192743
2244,t,32.874523958413036,32.874523958413036
2245,t,32.874523958413036,32.874523958413036
2246,t,32.874523958413036,32.874523958413036
2247,c,32.874523958413036,32.874523958413036
2248,t,32.874523958413036,32.874523958413036
2249,c,32.874523958413036,32.874523958413036
2250,t,32.874523958413036,32.874523958413036
2251,t,32.874523958413036,32.874523958413036
2252,t,32.874523958413036,32.874523958413036
2253,c,32.874523958413036,32.874523958413036
2254,c,32.874523958413036,32.874523958413036
2255,c,32.874523958413036,32.874523958413036
2256,c,32.874523958413036,32.874523958413036
2257,c,32.874523958413036,32.874523958413036
2258,t,32.874523958413036,32.874523958413036
2259,t,32.874523958413036,32.874523958413036
2260,c,32.874523958413036,32.874523958413036
2261,c,32.874523958413036,32.874523958413036
2262,t,32.874523958413036,32.874523958413036
2263,c,32.874523958413036,32.874523958413036
2264,t,32.874523958413036,32.874523958413036
2265,c,32.874523958413036,32.874523958413036
2266,c,32.874523958413036,32.874523958413036
2267,c,32.874523958413036,32.874523958413036
2268,c,32.874523958413036,32.874523958413036
2269,t,32.874523958413036,32.874523958413036
2270,t,32.874523958413036,32.874523958413036
2271,c,32.874523958413036,32.874523958413036
2272,t,32.874523958413036,32.874523958413036
2273,t,32.874523958413036,32.874523958413036
2274,t,32.874523958413036,32.874523958413036
2275,t,32.874523958413036,32.874523958413036
2276,c,32.874523958413036,32.874523958413036
2277,t,32.874523958413036,32.874523958413036
2278,t,32.874523958413036,32.874523958413036
2279,t,32.874523958413036,32.874523958413036
2280,t,32.874523958413036,32.874523958413036
2281,c,32.874523958413036,32.874523958413036
2282,c,32.874523958413036,32.874523958413036
2283,c,32.874523958413036,32.874523958413036
2284,t,32.874523958413036,32.874523958413036
2285,t,32.874523958413036,32.874523958413036
2286,t,32.874523958413036,32.874523958413036
2287,t,32.874523958413036,32.874523958413036
2288,c,32.874523958413036,32.874523958413036
2289,c,32.874523958413036,32.874523958413036
2290,t,32.874523958413036,32.874523958413036
2291,t,32.874523958413036,32.874523958413036
2292,c,32.874523958413036,32.874523958413036
2293,c,32.874523958413036,32.874523958413036
2294,t,32.874523958413036,32.874523958413036
2295,t,32.874523958413036,32.874523958413036
2296,t,32.874523958413036,32.874523958413036
2297,c,32.874523958413036,32.874523958413036
2298,c,16.532384222760207,17.248319479528995
2299,na,3.4581096119282657,6.198531923405776
2300,c,32.874523958413036,32.874523958413036
2301,c,32.874523958413036,32.874523958413036
2302,t,32.874523958413036,32.874523958413036
2303,t,32.874523958413036,32.874523958413036
2304,t,32.874523958413036,32.874523958413036
2305,t,32.874523958413036,32.874523958413036
2306,c,32.874523958413036,32.874523958413036
2307,t,32.874523958413036,32.874523958413036
2308,t,32.874523958413036,32.874523958413036
2309,c,32.874523958413036,32.874523958413036
2310,t,32.874523958413036,32.874523958413036
2311,c,32.874523958413036,32.874523958413036
2312,t,32.874523958413036,32.874523958413036
2313,c,32.874523958413036,32.874523958413036
2314,t,32.874523958413036,32.874523958413036
2315,t,32.874523958413036,32.874523958413036
2316,c,32.874523958413036,32.874523958413036
2317,c,32.874523958413036,32.874523958413036
2318,c,32.874523958413036,32.874523958413036
2319,c,32.874523958413036,32.874523958413036
2320,c,32.874523958413036,32.874523958413036
2321,c,32.874523958413036,32.874523958413036
2322,c,32.874523958413036,32.874523958413036
2323,t,32.874523958413036,32.874523958413036
2324,c,32.874523958413036,32.874523958413036
2325,c,32.874523958413036,32.874523958413036
2326,c,32.874523958413036,32.874523958413036
2327,c,32.874523958413036,32.874523958413036
2328,t,32.874523958413036,32.874523958413036
2329,c,32.874523958413036,32.874523958413036
2330,t,32.874523958413036,32.874523958413036
2331,t,32.874523958413036,32.874523958413036
2332,c,32.874523958413036,32.874523958413036
2333,t,32.874523958413036,32.874523958413036
2334,c,32.874523958413036,32.874523958413036
2335,t,32.874523958413036,32.874523958413036
2336,t,32.874523958413036,32.874523958413036
2337,c,32.874523958413036,32.874523958413036
2338,c,32.874523958413036,32.874523958413036
2339,c,32.874523958413036,32.874523958413036
2340,c,32.874523958413036,32.874523958413036
2341,c,32.874523958413036,32.874523958413036
2342,t,32.874523958413036,32.874523958413036
2343,t,32.874523958413036,32.874523958413036
2344,t,32.874523958413036,32.874523958413036
2345,c,32.874523958413036,32.874523958413036
2346,c,32.874523958413036,32.874523958413036
2347,c,32.874523958413036,32.874523958413036
2348,t,32.874523958413036,32.874523958413036
2349,t,32.874523958413036,32.874523958413036
2350,t,32.874523958413036,32.874523958413036
2351,t,32.874523958413036,32.874523958413036
2352,c,32.874523958413036,32.874523958413036
2353,c,32.874523958413036,32.874523958413036
2354,t,32.874523958413036,32.874523958413036
2355,c,32.874523958413036,32.874523958413036
2356,t,32.874523958413036,32.874523958413036
2357,c,32.874523958413036,32.874523958413036
2358,t,32.874523958413036,32.874523958413036
2359,c,32.874523958413036,32.874523958413036
2360,t,32.874523958413036,32.874523958413036
2361,t,32.874523958413036,32.874523958413036
2362,t,32.874523958413036,32.874523958413036
2363,t,32.874523958413036,32.874523958413036
2364,t,32.874523958413036,32.874523958413036
2365,t,32.874523958413036,32.874523958413036
2366,c,32.874523958413036,32.874523958413036
2367,t,32.874523958413036,32.874523958413036
2368,t,32.874523958413036,32.874523958413036
2369,c,32.874523958413036,32.874523958413036
2370,t,32.874523958413036,32.874523958413036
2371,c,32.874523958413036,32.874523958413036
2372,c,32.874523958413036,32.874523958413036
2373,t,32.874523958413036,32.874523958413036
2374,c,32.874523958413036,32.874523958413036
2375,c,32.874523958413036,32.874523958413036
2376,t,32.874523958413036,32.874523958413036
2377,t,32.874523958413036,32.874523958413036
2378,t,32.874523958413036,32.874523958413036
2379,c,32.874523958413036,32.874523958413036
2380,t,32.874523958413036,32.874523958413036
2381,t,32.874523958413036,32.874523958413036
2382,t,32.874523958413036,32.874523958413036
2383,t,32.874523958413036,32.874523958413036
2384,c,32.874523958413036,32.874523958413036
2385,t,32.874523958413036,32.874523958413036
2386,c,32.874523958413036,32.874523958413036
2387,c,32.874523958413036,32.874523958413036
2388,c,32.874523958413036,32.874523958413036
2389,c,32.874523958413036,32.874523958413036
2390,c,32.874523958413036,32.874523958413036
2391,c,32.874523958413036,32.874523958413036
2392,na,1.844358113993308,16.09364861742795
2393,t,32.874523958413036,32.874523958413036
2394,c,32.874523958413036,32.874523958413036
2395,c,32.874523958413036,32.874523958413036
2396,t,32.874523958413036,32.874523958413036
2397,t,32.874523958413036,32.874523958413036
2398,t,32.874523958413036,32.874523958413036
2399,c,32.874523958413036,32.874523958413036
2400,t,32.874523958413036,32.874523958413036
2401,t,32.874523958413036,32.874523958413036
2402,c,32.874523958413036,32.874523958413036
2403,t,32.874523958413036,32.874523958413036
2404,t,32.874523958413036,32.874523958413036
2405,t,32.874523958413036,32.874523958413036
2406,t,32.874523958413036,32.874523958413036
2407,c,32.874523958413036,32.874523958413036
2408,t,32.874523958413036,32.874523958413036
2409,c,32.874523958413036,32.874523958413036
2410,c,32.874523958413036,32.874523958413036
2411,c,32.874523958413036,32.874523958413036
2412,t,32.874523958413036,32.874523958413036
2413,t,32.874523958413036,32.874523958413036
2414,c,32.874523958413036,32.874523958413036
2415,t,32.874523958413036,32.874523958413036
2416,t,32.874523958413036,32.874523958413036
2417,c,32.874523958413036,32.874523958413036
2418,t,32.874523958413036,32.874523958413036
2419,c,32.874523958413036,32.874523958413036
2420,t,32.874523958413036,32.874523958413036
2421,t,32.874523958413036,32.874523958413036
2422,t,32.874523958413036,32.874523958413036
2423,t,32.874523958413036,32.874523958413036
2424,t,32.874523958413036,32.874523958413036
2425,t,32.874523958413036,32.874523958413036
2426,t,32.874523958413036,32.874523958413036
2427,t,32.874523958413036,32.874523958413036
2428,t,32.874523958413036,32.874523958413036
2429,c,32.874523958413036,32.874523958413036
2430,c,32.874523958413036,32.874523958413036
2431,c,32.874523958413036,32.874523958413036
2432,t,32.874523958413036,32.874523958413036
2433,t,32.874523958413036,32.874523958413036
2434,c,32.874523958413036,32.874523958413036
2435,c,32.874523958413036,32.874523958413036
2436,t,32.874523958413036,32.874523958413036
2437,t,32.874523958413036,32.874523958413036
2438,t,32.874523958413036,32.874523958413036
2439,c,32.874523958413036,32.874523958413036
2440,c,32.874523958413036,32.874523958413036
2441,t,32.874523958413036,32.874523958413036
2442,c,32.874523958413036,32.874523958413036
2443,t,32.874523958413036,32.874523958413036
2444,c,32.874523958413036,32.874523958413036
2445,t,32.874523958413036,32.874523958413036
2446,t,32.874523958413036,32.874523958413036
2447,t,32.874523958413036,32.874523958413036
2448,c,32.874523958413036,32.874523958413036
2449,c,32.874523958413036,32.874523958413036
2450,t,32.874523958413036,32.874523958413036
2451,t,32.874523958413036,32.874523958413036
2452,c,32.874523958413036,32.874523958413036
2453,t,32.874523958413036,32.874523958413036
2454,t,32.874523958413036,32.874523958413036
2455,c,32.874523958413036,32.874523958413036
2456,t,32.874523958413036,32.874523958413036
2457,t,32.874523958413036,32.874523958413036
2458,c,32.874523958413036,32.874523958413036
2459,c,32.874523958413036,32.874523958413036
2460,c,32.874523958413036,32.874523958413036
2461,t,32.874523958413036,32.874523958413036
2462,t,32.874523958413036,32.874523958413036
2463,t,32.874523958413036,32.874523958413036
2464,t,32.874523958413036,32.874523958413036
2465,t,32.874523958413036,32.874523958413036
2466,c,32.874523958413036,32.874523958413036
2467,t,32.874523958413036,32.874523958413036
2468,c,32.874523958413036,32.874523958413036
2469,c,32.874523958413036,32.874523958413036
2470,t,32.874523958413036,32.874523958413036
2471,c,32.874523958413036,32.874523958413036
2472,t,32.874523958413036,32.874523958413036
2473,t,32.874523958413036,32.874523958413036
2474,c,32.874523958413036,32.874523958413036
2475,c,32.874523958413036,32.874523958413036
2476,t,32.874523958413036,32.874523958413036
2477,c,32.874523958413036,32.874523958413036
2478,c,32.874523958413036,32.874523958413036
2479,c,32.874523958413036,32.874523958413036
2480,c,32.874523958413036,32.874523958413036
2481,c,32.874523958413036,32.874523958413036
2482,c,32.874523958413036,32.874523958413036
2483,t,32.874523958413036,32.874523958413036
2484,c,32.874523958413036,32.874523958413036
2485,c,32.874523958413036,32.874523958413036
2486,c,32.874523958413036,32.874523958413036
2487,c,32.874523958413036,32.874523958413036
2488,t,32.874523958413036,32.874523958413036
2489,c,32.874523958413036,32.874523958413036
2490,c,32.874523958413036,32.874523958413036
2491,c,32.874523958413036,32.874523958413036
2492,t,32.874523958413036,32.874523958413036
2493,t,32.874523958413036,32.874523958413036
2494,c,32.874523958413036,32.874523958413036
2495,t,32.874523958413036,32.874523958413036
2496,c,32.874523958413036,32.874523958413036
2497,c,32.874523958413036,32.874523958413036
2498,t,32.874523958413036,32.874523958413036
2499,t,32.874523958413036,32.874523958413036
2500,t,32.874523958413036,32.874523958413036
2501,c,32.874523958413036,32.874523958413036
2502,t,32.874523958413036,32.874523958413036
2503,t,32.874523958413036,32.874523958413036
2504,c,32.874523958413036,32.874523958413036
2505,t,32.874523958413036,32.874523958413036
2506,t,32.874523958413036,32.874523958413036
2507,c,32.874523958413036,32.874523958413036
2508,c,32.874523958413036,32.874523958413036
2509,t,32.874523958413036,32.874523958413036
2510,t,32.874523958413036,32.874523958413036
2511,c,32.874523958413036,32.874523958413036
2512,t,32.874523958413036,32.874523958413036
2513,t,32.874523958413036,32.874523958413036
2514,t,32.874523958413036,32.874523958413036
2515,t,32.874523958413036,32.874523958413036
2516,t,32.874523958413036,32.874523958413036
2517,t,32.874523958413036,32.874523958413036
2518,t,32.874523958413036,32.874523958413036
2519,t,32.874523958413036,32.874523958413036
2520,t,32.874523958413036,32.874523958413036
2521,t,32.874523958413036,32.874523958413036
2522,t,32.874523958413036,32.874523958413036
2523,t,32.874523958413036,32.874523958413036
2524,c,32.874523958413036,32.874523958413036
2525,na,0,2.4090336724808687
2526,c,32.874523958413036,32.874523958413036
2527,t,32.874523958413036,32.874523958413036
2528,c,32.874523958413036,32.874523958413036
2529,t,32.874523958413036,32.874523958413036
2530,c,32.874523958413036,32.874523958413036
2531,c,32.874523958413036,32.874523958413036
2532,c,32.874523958413036,32.874523958413036
2533,c,32.874523958413036,32.874523958413036
2534,c,32.874523958413036,32.874523958413036
2535,t,32.874523958413036,32.874523958413036
2536,c,32.874523958413036,32.874523958413036
2537,c,32.874523958413036,32.874523958413036
2538,c,32.874523958413036,32.874523958413036
2539,t,32.874523958413036,32.874523958413036
2540,c,32.874523958413036,32.874523958413036
2541,t,32.874523958413036,32.874523958413036
2542,t,32.874523958413036,32.874523958413036
2543,c,32.874523958413036,32.874523958413036
2544,c,32.874523958413036,32.874523958413036
2545,t,32.874523958413036,32.874523958413036
2546,c,32.874523958413036,32.874523958413036
2547,t,32.874523958413036,32.874523958413036
2548,c,32.874523958413036,32.874523958413036
2549,c,32.874523958413036,32.874523958413036
2550,t,32.874523958413036,32.874523958413036
2551,t,32.874523958413036,32.874523958413036
2552,c,32.874523958413036,32.874523958413036
2553,t,32.874523958413036,32.874523958413036
2554,t,32.874523958413036,32.874523958413036
2555,c,32.874523958413036,32.874523958413036
2556,t,32.874523958413036,32.874523958413036
2557,c,32.874523958413036,32.874523958413036
2558,t,32.874523958413036,32.874523958413036
2559,t,32.874523958413036,32.874523958413036
2560,t,32.874523958413036,32.874523958413036
2561,t,32.874523958413036,32.874523958413036
2562,c,32.874523958413036,32.874523958413036
2563,c,32.874523958413036,32.874523958413036
2564,c,32.874523958413036,32.874523958413036
2565,t,32.874523958413036,32.874523958413036
2566,c,32.874523958413036,32.874523958413036
2567,c,32.874523958413036,32.874523958413036
2568,t,32.874523958413036,32.874523958413036
2569,t,32.874523958413036,32.874523958413036
2570,c,32.874523958413036,32.874523958413036
2571,c,32.874523958413036,32.874523958413036
2572,t,32.874523958413036,32.874523958413036
2573,t,32.874523958413036,32.874523958413036
2574,c,32.874523958413036,32.874523958413036
2575,t,32.874523958413036,32.874523958413036
2576,c,32.874523958413036,32.874523958413036
2577,t,32.874523958413036,32.874523958413036
2578,t,32.874523958413036,32.874523958413036
2579,c,32.874523958413036,32.874523958413036
2580,na,-1,0
2581,t,32.874523958413036,32.874523958413036
2582,c,32.874523958413036,32.874523958413036
2583,c,32.874523958413036,32.874523958413036
2584,c,32.874523958413036,32.874523958413036
2585,c,32.874523958413036,32.874523958413036
2586,t,32.874523958413036,32.874523958413036
2587,c,32.874523958413036,32.874523958413036
2588,t,32.874523958413036,32.874523958413036
2589,t,32.874523958413036,32.874523958413036
2590,na,-1,0
2591,c,32.874523958413036,32.874523958413036
2592,c,32.874523958413036,32.874523958413036
2593,c,32.874523958413036,32.874523958413036
2594,t,32.874523958413036,32.874523958413036
2595,t,32.874523958413036,32.874523958413036
2596,c,32.874523958413036,32.874523958413036
2597,c,32.874523958413036,32.874523958413036
2598,c,32.874523958413036,32.874523958413036
2599,t,32.874523958413036,32.874523958413036
2600,c,32.874523958413036,32.874523958413036
2601,c,32.874523958413036,32.874523958413036
2602,c,32.874523958413036,32.874523958413036
2603,t,32.874523958413036,32.874523958413036
2604,c,32.874523958413036,32.874523958413036
2605,c,32.874523958413036,32.874523958413036
2606,t,32.874523958413036,32.874523958413036
2607,t,32.874523958413036,32.874523958413036
2608,c,32.874523958413036,32.874523958413036
2609,c,32.874523958413036,32.874523958413036
2610,c,32.874523958413036,32.874523958413036
2611,t,32.874523958413036,32.874523958413036
2612,t,32.874523958413036,32.874523958413036
2613,c,32.874523958413036,32.874523958413036
2614,c,32.874523958413036,32.874523958413036
2615,t,32.874523958413036,32.874523958413036
2616,t,32.874523958413036,32.874523958413036
2617,t,32.874523958413036,32.874523958413036
2618,c,32.874523958413036,32.874523958413036
2619,t,32.874523958413036,32.874523958413036
2620,c,32.874523958413036,32.874523958413036
2621,c,32.874523958413036,32.874523958413036
2622,c,32.874523958413036,32.874523958413036
2623,c,32.874523958413036,32.874523958413036
2624,t,32.874523958413036,32.874523958413036
2625,t,32.874523958413036,32.874523958413036
2626,c,32.874523958413036,32.874523958413036
2627,t,32.874523958413036,32.874523958413036
2628,t,32.874523958413036,32.874523958413036
2629,t,32.874523958413036,32.874523958413036
2630,t,32.874523958413036,32.874523958413036
2631,t,32.874523958413036,32.874523958413036
2632,c,32.874523958413036,32.874523958413036
2633,t,32.874523958413036,32.874523958413036
2634,t,32.874523958413036,32.874523958413036
2635,t,32.874523958413036,32.874523958413036
2636,c,32.874523958413036,32.874523958413036
2637,t,32.874523958413036,32.874523958413036
2638,t,32.874523958413036,32.874523958413036
2639,t,32.874523958413036,32.874523958413036
2640,c,32.874523958413036,32.874523958413036
2641,t,32.874523958413036,32.874523958413036
2642,t,32.874523958413036,32.874523958413036
2643,t,32.874523958413036,32.874523958413036
2644,c,32.874523958413036,32.874523958413036
2645,t,32.874523958413036,32.874523958413036
2646,c,32.874523958413036,32.874523958413036
2647,t,32.874523958413036,32.874523958413036
2648,c,32.874523958413036,32.874523958413036
2649,c,32.874523958413036,32.874523958413036
2650,c,32.874523958413036,32.874523958413036
2651,t,32.874523958413036,32.874523958413036
2652,c,32.874523958413036,32.874523958413036
2653,c,32.874523958413036,32.874523958413036
2654,t,32.874523958413036,32.874523958413036
2655,t,32.874523958413036,32.874523958413036
2656,c,32.874523958413036,32.874523958413036
2657,c,32.874523958413036,32.874523958413036
2658,t,32.874523958413036,32.874523958413036
2659,t,32.874523958413036,32.874523958413036
2660,c,32.874523958413036,32.874523958413036
2661,t,32.874523958413036,32.874523958413036
2662,c,32.874523958413036,32.874523958413036
2663,t,32.874523958413036,32.874523958413036
2664,t,32.874523958413036,32.874523958413036
2665,t,32.874523958413036,32.874523958413036
2666,t,32.874523958413036,32.874523958413036
2667,c,32.874523958413036,32.874523958413036
2668,c,32.874523958413036,32.874523958413036
2669,t,32.874523958413036,32.874523958413036
2670,t,32.874523958413036,32.874523958413036
2671,t,32.874523958413036,32.874523958413036
2672,na,4.095206567396042,32.874523958413036
2673,c,32.874523958413036,32.874523958413036
2674,t,32.874523958413036,32.874523958413036
2675,t,32.874523958413036,32.874523958413036
2676,na,10.458084775219303,12.338477526620867
2677,c,32.874523958413036,32.874523958413036
2678,t,32.874523958413036,32.874523958413036
2679,t,32.874523958413036,32.874523958413036
2680,t,32.874523958413036,32.874523958413036
2681,c,32.874523958413036,32.874523958413036
2682,t,32.874523958413036,32.874523958413036
2683,t,32.874523958413036,32.874523958413036
2684,t,32.874523958413036,32.874523958413036
2685,c,32.874523958413036,32.874523958413036
2686,c,32.874523958413036,32.874523958413036
2687,c,32.874523958413036,32.874523958413036
2688,t,32.874523958413036,32.874523958413036
2689,c,32.874523958413036,32.874523958413036
2690,t,32.874523958413036,32.874523958413036
2691,t,32.874523958413036,32.874523958413036
2692,t,32.874523958413036,32.874523958413036
2693,na,7.086700387429463,8.79991648713221
2694,t,32.874523958413036,32.874523958413036
2695,c,32.874523958413036,32.874523958413036
2696,na,12.155980607868221,13.151336412338063
2697,c,32.874523958413036,32.874523958413036
2698,c,32.874523958413036,32.874523958413036
2699,t,32.874523958413036,32.874523958413036
2700,c,32.874523958413036,32.874523958413036
2701,c,32.874523958413036,32.874523958413036
2702,t,32.874523958413036,32.874523958413036
2703,t,32.874523958413036,32.874523958413036
2704,c,32.874523958413036,32.874523958413036
2705,c,32.874523958413036,32.874523958413036
2706,t,32.874523958413036,32.874523958413036
2707,t,32.874523958413036,32.874523958413036
2708,c,32.874523958413036,32.874523958413036
2709,t,32.874523958413036,32.874523958413036
2710,c,32.874523958413036,32.874523958413036
2711,t,32.874523958413036,32.874523958413036
2712,t,32.874523958413036,32.874523958413036
2713,t,32.874523958413036,32.874523958413036
2714,c,32.874523958413036,32.874523958413036
2715,t,32.874523958413036,32.874523958413036
2716,c,32.874523958413036,32.874523958413036
2717,c,32.874523958413036,32.874523958413036
2718,c,32.874523958413036,32.874523958413036
2719,c,32.874523958413036,32.874523958413036
2720,c,32.874523958413036,32.874523958413036
2721,t,32.874523958413036,32.874523958413036
2722,t,32.874523958413036,32.874523958413036
2723,c,32.874523958413036,32.874523958413036
2724,t,32.874523958413036,32.874523958413036
2725,c,32.874523958413036,32.874523958413036
2726,c,32.874523958413036,32.874523958413036
2727,c,32.874523958413036,32.874523958413036
2728,t,32.874523958413036,32.874523958413036
2729,c,32.874523958413036,32.874523958413036
2730,c,32.874523958413036,32.874523958413036
2731,c,32.874523958413036,32.874523958413036
2732,c,32.874523958413036,32.874523958413036
2733,c,32.874523958413036,32.874523958413036
2734,c,32.874523958413036,32.874523958413036
2735,t,32.874523958413036,32.874523958413036
2736,c,32.874523958413036,32.874523958413036
2737,t,32.874523958413036,32.874523958413036
2738,na,0,5.491066363065298
2739,c,32.874523958413036,32.874523958413036
2740,c,32.874523958413036,32.874523958413036
2741,t,32.874523958413036,32.874523958413036
2742,c,32.874523958413036,32.874523958413036
2743,t,32.874523958413036,32.874523958413036
2744,c,32.874523958413036,32.874523958413036
2745,t,32.874523958413036,32.874523958413036
2746,t,32.874523958413036,32.874523958413036
2747,t,32.874523958413036,32.874523958413036
2748,t,32.874523958413036,32.874523958413036
2749,t,32.874523958413036,32.874523958413036
2750,c,32.874523958413036,32.874523958413036
2751,t,32.874523958413036,32.874523958413036
2752,c,32.874523958413036,32.874523958413036
2753,c,32.874523958413036,32.874523958413036
2754,t,32.874523958413036,32.874523958413036
2755,c,32.874523958413036,32.874523958413036
2756,na,-1,0
2757,t,32.874523958413036,32.874523958413036
2758,t,32.874523958413036,32.874523958413036
2759,t,32.874523958413036,32.874523958413036
2760,t,32.874523958413036,32.874523958413036
2761,t,32.874523958413036,32.874523958413036
2762,c,32.874523958413036,32.874523958413036
2763,t,32.874523958413036,32.874523958413036
2764,t,32.874523958413036,32.874523958413036
2765,c,32.874523958413036,32.874523958413036
2766,t,32.874523958413036,32.874523958413036
2767,c,32.874523958413036,32.874523958413036
2768,c,32.874523958413036,32.874523958413036
2769,c,32.874523958413036,32.874523958413036
2770,c,32.874523958413036,32.874523958413036
2771,t,32.874523958413036,32.874523958413036
2772,c,32.874523958413036,32.874523958413036
2773,t,32.874523958413036,32.874523958413036
2774,t,32.874523958413036,32.874523958413036
2775,c,32.874523958413036,32.874523958413036
2776,c,32.874523958413036,32.874523958413036
2777,t,32.874523958413036,32.874523958413036
2778,t,32.874523958413036,32.874523958413036
2779,t,32.874523958413036,32.874523958413036
2780,c,32.874523958413036,32.874523958413036
2781,c,32.874523958413036,32.874523958413036
2782,t,32.874523958413036,32.874523958413036
2783,t,32.874523958413036,32.874523958413036
2784,c,32.874523958413036,32.874523958413036
2785,c,32.874523958413036,32.874523958413036
2786,t,32.874523958413036,32.874523958413036
2787,t,32.874523958413036,32.874523958413036
2788,t,32.874523958413036,32.874523958413036
2789,c,32.874523958413036,32.874523958413036
2790,t,32.874523958413036,32.874523958413036
2791,t,32.874523958413036,32.874523958413036
2792,c,32.874523958413036,32.874523958413036
2793,c,32.874523958413036,32.874523958413036
2794,c,32.874523958413036,32.874523958413036
2795,c,32.874523958413036,32.874523958413036
2796,t,32.874523958413036,32.874523958413036
2797,t,32.874523958413036,32.874523958413036
2798,c,32.874523958413036,32.874523958413036
2799,t,32.874523958413036,32.874523958413036
2800,c,32.874523958413036,32.874523958413036
2801,c,32.874523958413036,32.874523958413036
2802,c,32.874523958413036,32.874523958413036
2803,c,32.874523958413036,32.874523958413036
2804,c,32.874523958413036,32.874523958413036
2805,c,32.874523958413036,32.874523958413036
2806,c,32.874523958413036,32.874523958413036
2807,t,32.874523958413036,32.874523958413036
2808,c,32.874523958413036,32.874523958413036
2809,t,32.874523958413036,32.874523958413036
2810,c,32.874523958413036,32.874523958413036
2811,t,32.874523958413036,32.874523958413036
2812,t,32.874523958413036,32.874523958413036
2813,t,32.874523958413036,32.874523958413036
2814,c,32.874523958413036,32.874523958413036
2815,t,32.874523958413036,32.874523958413036
2816,t,32.874523958413036,32.874523958413036
2817,c,32.874523958413036,32.874523958413036
2818,c,32.874523958413036,32.874523958413036
2819,t,32.874523958413036,32.874523958413036
2820,t,32.874523958413036,32.874523958413036
2821,c,32.874523958413036,32.874523958413036
2822,c,32.874523958413036,32.874523958413036
2823,c,32.874523958413036,32.874523958413036
2824,c,32.874523958413036,32.874523958413036
2825,t,32.874523958413036,32.874523958413036
2826,c,32.874523958413036,32.874523958413036
2827,t,32.874523958413036,32.874523958413036
2828,t,32.874523958413036,32.874523958413036
2829,c,32.874523958413036,32.874523958413036
2830,t,32.874523958413036,32.874523958413036
2831,t,32.874523958413036,32.874523958413036
2832,na,-1,0
2833,t,32.874523958413036,32.874523958413036
2834,t,32.874523958413036,32.874523958413036
2835,t,32.874523958413036,32.874523958413036
2836,c,32.874523958413036,32.874523958413036
2837,t,32.874523958413036,32.874523958413036
2838,c,32.874523958413036,32.874523958413036
2839,c,32.874523958413036,32.874523958413036
2840,c,32.874523958413036,32.874523958413036
2841,c,32.874523958413036,32.874523958413036
2842,t,32.874523958413036,32.874523958413036
2843,t,32.874523958413036,32.874523958413036
2844,t,32.874523958413036,32.874523958413036
2845,c,32.874523958413036,32.874523958413036
2846,c,32.874523958413036,32.874523958413036
2847,c,32.874523958413036,32.874523958413036
2848,c,32.874523958413036,32.874523958413036
2849,c,32.874523958413036,32.874523958413036
2850,t,32.874523958413036,32.874523958413036
2851,t,32.874523958413036,32.874523958413036
2852,c,32.874523958413036,32.874523958413036
2853,c,32.874523958413036,32.874523958413036
2854,c,32.874523958413036,32.874523958413036
2855,t,32.874523958413036,32.874523958413036
2856,c,32.874523958413036,32.874523958413036
2857,t,32.874523958413036,32.874523958413036
2858,c,32.874523958413036,32.874523958413036
2859,c,32.874523958413036,32.874523958413036
2860,t,32.874523958413036,32.874523958413036
2861,t,32.874523958413036,32.874523958413036
2862,c,32.874523958413036,32.874523958413036
2863,c,32.874523958413036,32.874523958413036
2864,c,32.874523958413036,32.874523958413036
2865,t,32.874523958413036,32.874523958413036
2866,t,32.874523958413036,32.874523958413036
2867,t,32.874523958413036,32.874523958413036
2868,c,32.874523958413036,32.874523958413036
2869,c,32.874523958413036,32.874523958413036
2870,c,32.874523958413036,32.874523958413036
2871,c,32.874523958413036,32.874523958413036
2872,t,32.874523958413036,32.874523958413036
2873,t,32.874523958413036,32.874523958413036
2874,c,32.874523958413036,32.874523958413036
2875,t,32.874523958413036,32.874523958413036
2876,t,32.874523958413036,32.874523958413036
2877,c,32.874523958413036,32.874523958413036
2878,c,32.874523958413036,32.874523958413036
2879,t,32.874523958413036,32.874523958413036
2880,c,32.874523958413036,32.874523958413036
2881,c,32.874523958413036,32.874523958413036
2882,c,32.874523958413036,32.874523958413036
2883,t,32.874523958413036,32.874523958413036
2884,c,32.874523958413036,32.874523958413036
2885,c,32.874523958413036,32.874523958413036
2886,t,32.874523958413036,32.874523958413036
2887,c,32.874523958413036,32.874523958413036
2888,t,32.874523958413036,32.874523958413036
2889,c,32.874523958413036,32.874523958413036
2890,t,32.874523958413036,32.874523958413036
2891,t,32.874523958413036,32.874523958413036
2892,c,32.874523958413036,32.874523958413036
2893,t,32.874523958413036,32.874523958413036
2894,t,32.874523958413036,32.874523958413036
2895,t,32.874523958413036,32.874523958413036
2896,t,32.874523958413036,32.874523958413036
2897,t,32.874523958413036,32.874523958413036
2898,t,32.874523958413036,32.874523958413036
2899,c,15.846745043436743,21.185804245378293
2900,t,32.874523958413036,32.874523958413036
2901,t,32.874523958413036,32.874523958413036
2902,t,32.874523958413036,32.874523958413036
2903,t,32.874523958413036,32.874523958413036
2904,c,32.874523958413036,32.874523958413036
2905,c,32.874523958413036,32.874523958413036
2906,c,32.874523958413036,32.874523958413036
2907,c,32.874523958413036,32.874523958413036
2908,t,32.874523958413036,32.874523958413036
2909,t,32.874523958413036,32.874523958413036
2910,c,32.874523958413036,32.874523958413036
2911,t,32.874523958413036,32.874523958413036
2912,t,32.874523958413036,32.874523958413036
2913,c,32.874523958413036,32.874523958413036
2914,t,32.874523958413036,32.874523958413036
2915,c,32.874523958413036,32.874523958413036
2916,t,32.874523958413036,32.874523958413036
2917,t,32.874523958413036,32.874523958413036
2918,t,32.874523958413036,32.874523958413036
2919,t,32.874523958413036,32.874523958413036
2920,t,32.874523958413036,32.874523958413036
2921,t,32.874523958413036,32.874523958413036
2922,t,32.874523958413036,32.874523958413036
2923,c,32.874523958413036,32.874523958413036
2924,c,32.874523958413036,32.874523958413036
2925,c,32.874523958413036,32.874523958413036
2926,t,32.874523958413036,32.874523958413036
2927,c,32.874523958413036,32.874523958413036
2928,t,32.874523958413036,32.874523958413036
2929,t,32.874523958413036,32.874523958413036
2930,c,32.874523958413036,32.874523958413036
2931,c,32.874523958413036,32.874523958413036
2932,t,32.874523958413036,32.874523958413036
2933,c,32.874523958413036,32.874523958413036
2934,c,32.874523958413036,32.874523958413036
2935,c,32.874523958413036,32.874523958413036
2936,t,32.874523958413036,32.874523958413036
2937,c,32.874523958413036,32.874523958413036
2938,t,32.874523958413036,32.874523958413036
2939,t,32.874523958413036,32.874523958413036
2940,c,32.874523958413036,32.874523958413036
2941,t,32.874523958413036,32.874523958413036
2942,c,32.874523958413036,32.874523958413036
2943,c,32.874523958413036,32.874523958413036
2944,t,32.874523958413036,32.874523958413036
2945,t,32.874523958413036,32.874523958413036
2946,t,32.874523958413036,32.874523958413036
2947,c,32.874523958413036,32.874523958413036
2948,c,32.874523958413036,32.874523958413036
2949,c,32.874523958413036,32.874523958413036
2950,t,32.874523958413036,32.874523958413036
2951,c,32.874523958413036,32.874523958413036
2952,c,32.874523958413036,32.874523958413036
2953,t,32.874523958413036,32.874523958413036
2954,t,32.874523958413036,32.874523958413036
2955,t,32.874523958413036,32.874523958413036
2956,t,32.874523958413036,32.874523958413036
2957,c,32.874523958413036,32.874523958413036
2958,c,32.874523958413036,32.874523958413036
2959,t,32.874523958413036,32.874523958413036
2960,c,32.874523958413036,32.874523958413036
2961,t,32.874523958413036,32.874523958413036
2962,c,32.874523958413036,32.874523958413036
2963,t,32.874523958413036,32.874523958413036
2964,t,32.874523958413036,32.874523958413036
2965,c,32.874523958413036,32.874523958413036
2966,t,32.874523958413036,32.874523958413036
2967,t,32.874523958413036,32.874523958413036
2968,t,32.874523958413036,32.874523958413036
2969,c,32.874523958413036,32.874523958413036
2970,t,32.874523958413036,32.874523958413036
2971,t,32.874523958413036,32.874523958413036
2972,c,32.874523958413036,32.874523958413036
2973,c,32.874523958413036,32.874523958413036
2974,c,32.874523958413036,32.874523958413036
2975,t,32.874523958413036,32.874523958413036
2976,c,32.874523958413036,32.874523958413036
2977,t,32.874523958413036,32.874523958413036
2978,t,32.874523958413036,32.874523958413036
2979,c,32.874523958413036,32.874523958413036
2980,t,32.874523958413036,32.874523958413036
2981,t,32.874523958413036,32.874523958413036
2982,t,32.874523958413036,32.874523958413036
2983,c,32.874523958413036,32.874523958413036
2984,c,32.874523958413036,32.874523958413036
2985,c,32.874523958413036,32.874523958413036
2986,c,32.874523958413036,32.874523958413036
2987,c,32.874523958413036,32.874523958413036
2988,t,32.874523958413036,32.874523958413036
2989,t,32.874523958413036,32.874523958413036
2990,t,32.874523958413036,32.874523958413036
2991,c,32.874523958413036,32.874523958413036
2992,t,32.874523958413036,32.874523958413036
2993,t,32.874523958413036,32.874523958413036
2994,t,32.874523958413036,32.874523958413036
2995,t,32.874523958413036,32.874523958413036
2996,c,32.874523958413036,32.874523958413036
2997,t,32.874523958413036,32.874523958413036
2998,c,32.874523958413036,32.874523958413036
2999,c,32.874523958413036,32.874523958413036
3000,c,32.874523958413036,32.874523958413036
3001,t,32.874523958413036,32.874523958413036
3002,c,32.874523958413036,32.874523958413036
3003,t,32.874523958413036,32.874523958413036
3004,t,32.874523958413036,32.874523958413036
3005,c,32.874523958413036,32.874523958413036
3006,c,32.874523958413036,32.874523958413036
3007,c,32.874523958413036,32.874523958413036
3008,c,32.874523958413036,32.874523958413036
3009,t,32.874523958413036,32.874523958413036
3010,c,32.874523958413036,32.874523958413036
3011,c,32.874523958413036,32.874523958413036
3012,c,32.874523958413036,32.874523958413036
3013,t,32.874523958413036,32.874523958413036
3014,c,32.874523958413036,32.874523958413036
3015,t,32.874523958413036,32.874523958413036
3016,t,32.874523958413036,32.874523958413036
3017,t,32.874523958413036,32.874523958413036
3018,c,32.874523958413036,32.874523958413036
3019,t,32.874523958413036,32.874523958413036
3020,c,32.874523958413036,32.874523958413036
3021,c,32.874523958413036,32.874523958413036
3022,c,32.874523958413036,32.874523958413036
3023,c,32.874523958413036,32.874523958413036
3024,t,32.874523958413036,32.874523958413036
3025,c,32.874523958413036,32.874523958413036
3026,c,32.874523958413036,32.874523958413036
3027,c,32.874523958413036,32.874523958413036
3028,c,32.874523958413036,32.874523958413036
3029,t,32.874523958413036,32.874523958413036
3030,t,32.874523958413036,32.874523958413036
3031,t,32.874523958413036,32.874523958413036
3032,c,32.874523958413036,32.874523958413036
3033,c,32.874523958413036,32.874523958413036
3034,t,32.874523958413036,32.874523958413036
3035,c,32.874523958413036,32.874523958413036
3036,t,32.874523958413036,32.874523958413036
3037,c,32.874523958413036,32.874523958413036
3038,c,32.874523958413036,32.874523958413036
3039,c,32.874523958413036,32.874523958413036
3040,c,32.874523958413036,32.874523958413036
3041,c,32.874523958413036,32.874523958413036
3042,t,32.874523958413036,32.874523958413036
3043,t,32.874523958413036,32.874523958413036
3044,c,32.874523958413036,32.874523958413036
3045,t,32.874523958413036,32.874523958413036
3046,c,32.874523958413036,32.874523958413036
3047,t,32.874523958413036,32.874523958413036
3048,t,32.874523958413036,32.874523958413036
3049,c,32.874523958413036,32.874523958413036
3050,c,32.874523958413036,32.874523958413036
3051,t,32.874523958413036,32.874523958413036
3052,t,32.874523958413036,32.874523958413036
3053,t,32.874523958413036,32.874523958413036
3054,t,32.874523958413036,32.874523958413036
3055,c,32.874523958413036,32.874523958413036
3056,c,32.874523958413036,32.874523958413036
3057,c,32.874523958413036,32.874523958413036
3058,t,32.874523958413036,32.874523958413036
3059,t,32.874523958413036,32.874523958413036
3060,c,32.874523958413036,32.874523958413036
3061,t,32.874523958413036,32.874523958413036
3062,t,32.874523958413036,32.874523958413036
3063,t,32.874523958413036,32.874523958413036
3064,c,32.874523958413036,32.874523958413036
3065,t,32.874523958413036,32.874523958413036
3066,t,32.874523958413036,32.874523958413036
3067,c,32.874523958413036,32.874523958413036
3068,t,32.874523958413036,32.874523958413036
3069,c,32.874523958413036,32.874523958413036
3070,t,32.874523958413036,32.874523958413036
3071,c,32.874523958413036,32.874523958413036
3072,c,32.874523958413036,32.874523958413036
3073,c,32.874523958413036,32.874523958413036
3074,t,32.874523958413036,32.874523958413036
3075,t,32.874523958413036,32.874523958413036
3076,t,32.874523958413036,32.874523958413036
3077,c,32.874523958413036,32.874523958413036
3078,c,32.874523958413036,32.874523958413036
3079,c,32.874523958413036,32.874523958413036
3080,c,32.874523958413036,32.874523958413036
3081,c,32.874523958413036,32.874523958413036
3082,c,32.874523958413036,32.874523958413036
3083,t,32.874523958413036,32.874523958413036
3084,t,32.874523958413036,32.874523958413036
3085,c,32.874523958413036,32.874523958413036
3086,c,32.874523958413036,32.874523958413036
3087,t,32.874523958413036,32.874523958413036
3088,c,32.874523958413036,32.874523958413036
3089,t,32.874523958413036,32.874523958413036
3090,c,32.874523958413036,32.874523958413036
3091,c,32.874523958413036,32.874523958413036
3092,c,32.874523958413036,32.874523958413036
3093,t,32.874523958413036,32.874523958413036
3094,c,32.874523958413036,32.874523958413036
3095,c,32.874523958413036,32.874523958413036
3096,t,32.874523958413036,32.874523958413036
3097,t,32.874523958413036,32.874523958413036
3098,t,32.874523958413036,32.874523958413036
3099,t,32.874523958413036,32.874523958413036
3100,c,32.874523958413036,32.874523958413036
3101,t,32.874523958413036,32.874523958413036
3102,t,32.874523958413036,32.874523958413036
3103,c,32.874523958413036,32.874523958413036
3104,c,32.874523958413036,32.874523958413036
3105,t,32.874523958413036,32.874523958413036
3106,c,32.874523958413036,32.874523958413036
3107,t,32.874523958413036,32.874523958413036
3108,t,32.874523958413036,32.874523958413036
3109,t,32.874523958413036,32.874523958413036
3110,t,32.874523958413036,32.874523958413036
3111,c,32.874523958413036,32.874523958413036
3112,t,32.874523958413036,32.874523958413036
3113,t,32.874523958413036,32.874523958413036
3114,t,32.874523958413036,32.874523958413036
3115,c,32.874523958413036,32.874523958413036
3116,c,4.946409054502725,15.968950576053066
3117,c,32.874523958413036,32.874523958413036
3118,c,32.874523958413036,32.874523958413036
3119,c,32.874523958413036,32.874523958413036
3120,t,32.874523958413036,32.874523958413036
3121,t,32.874523958413036,32.874523958413036
3122,c,32.874523958413036,32.874523958413036
3123,c,32.874523958413036,32.874523958413036
3124,t,32.874523958413036,32.874523958413036
3125,t,32.874523958413036,32.874523958413036
3126,t,32.874523958413036,32.874523958413036
3127,c,32.874523958413036,32.874523958413036
3128,c,32.874523958413036,32.874523958413036
3129,c,32.874523958413036,32.874523958413036
3130,c,32.874523958413036,32.874523958413036
3131,c,32.874523958413036,32.874523958413036
3132,c,32.874523958413036,32.874523958413036
3133,t,32.874523958413036,32.874523958413036
3134,c,32.874523958413036,32.874523958413036
3135,c,32.874523958413036,32.874523958413036
3136,c,32.874523958413036,32.874523958413036
3137,t,32.874523958413036,32.874523958413036
3138,c,32.874523958413036,32.874523958413036
3139,c,32.874523958413036,32.874523958413036
3140,c,32.874523958413036,32.874523958413036
3141,t,32.874523958413036,32.874523958413036
3142,t,32.874523958413036,32.874523958413036
3143,c,32.874523958413036,32.874523958413036
3144,c,32.874523958413036,32.874523958413036
3145,t,32.874523958413036,32.874523958413036
3146,c,32.874523958413036,32.874523958413036
3147,c,32.874523958413036,32.874523958413036
3148,t,32.874523958413036,32.874523958413036
3149,c,32.874523958413036,32.874523958413036
3150,t,32.874523958413036,32.874523958413036
3151,t,32.874523958413036,32.874523958413036
3152,t,32.874523958413036,32.874523958413036
3153,c,32.874523958413036,32.874523958413036
3154,c,32.874523958413036,32.874523958413036
3155,t,32.874523958413036,32.874523958413036
3156,c,32.874523958413036,32.874523958413036
3157,t,32.874523958413036,32.874523958413036
3158,t,32.874523958413036,32.874523958413036
3159,t,32.874523958413036,32.874523958413036
3160,c,32.874523958413036,32.874523958413036
3161,t,32.874523958413036,32.874523958413036
3162,t,32.874523958413036,32.874523958413036
3163,c,32.874523958413036,32.874523958413036
3164,c,32.874523958413036,32.874523958413036
3165,c,32.874523958413036,32.874523958413036
3166,t,32.874523958413036,32.874523958413036
3167,c,32.874523958413036,32.874523958413036
3168,c,32.874523958413036,32.874523958413036
3169,t,32.874523958413036,32.874523958413036
3170,c,32.874523958413036,32.874523958413036
3171,c,32.874523958413036,32.874523958413036
3172,c,32.874523958413036,32.874523958413036
3173,t,32.874523958413036,32.874523958413036
3174,c,32.874523958413036,32.874523958413036
3175,c,32.874523958413036,32.874523958413036
3176,c,32.874523958413036,32.874523958413036
3177,c,32.874523958413036,32.874523958413036
3178,c,32.874523958413036,32.874523958413036
3179,c,32.874523958413036,32.874523958413036
3180,t,32.874523958413036,32.874523958413036
3181,c,32.874523958413036,32.874523958413036
3182,c,32.874523958413036,32.874523958413036
3183,c,32.874523958413036,32.874523958413036
3184,c,32.874523958413036,32.874523958413036
3185,c,32.874523958413036,32.874523958413036
3186,c,32.874523958413036,32.874523958413036
3187,c,32.874523958413036,32.874523958413036
3188,c,32.874523958413036,32.874523958413036
3189,t,32.874523958413036,32.874523958413036
3190,t,32.874523958413036,32.874523958413036
3191,c,32.874523958413036,32.874523958413036
3192,t,32.874523958413036,32.874523958413036
3193,c,32.874523958413036,32.874523958413036
3194,t,32.874523958413036,32.874523958413036
3195,t,32.874523958413036,32.874523958413036
3196,c,32.874523958413036,32.874523958413036
3197,na,7.367514426679742,7.895676077877635
3198,t,32.874523958413036,32.874523958413036
3199,t,32.874523958413036,32.874523958413036
3200,t,32.874523958413036,32.874523958413036
3201,c,32.874523958413036,32.874523958413036
3202,t,32.874523958413036,32.874523958413036
3203,t,32.874523958413036,32.874523958413036
3204,t,32.874523958413036,32.874523958413036
3205,c,32.874523958413036,32.874523958413036
3206,t,32.874523958413036,32.874523958413036
3207,t,32.874523958413036,32.874523958413036
3208,t,32.874523958413036,32.874523958413036
3209,t,32.874523958413036,32.874523958413036
3210,c,32.874523958413036,32.874523958413036
3211,t,32.874523958413036,32.874523958413036
3212,t,32.874523958413036,32.874523958413036
3213,c,32.874523958413036,32.874523958413036
3214,t,32.874523958413036,32.874523958413036
3215,t,32.874523958413036,32.874523958413036
3216,t,32.874523958413036,32.874523958413036
3217,na,3.6109198509825795,4.288382331893991
3218,c,32.874523958413036,32.874523958413036
3219,t,32.874523958413036,32.874523958413036
3220,t,32.874523958413036,32.874523958413036
3221,c,32.874523958413036,32.874523958413036
3222,t,32.874523958413036,32.874523958413036
3223,c,32.874523958413036,32.874523958413036
3224,t,32.874523958413036,32.874523958413036
3225,c,32.874523958413036,32.874523958413036
3226,t,32.874523958413036,32.874523958413036
3227,c,32.874523958413036,32.874523958413036
3228,t,32.874523958413036,32.874523958413036
3229,t,32.874523958413036,32.874523958413036
3230,c,32.874523958413036,32.874523958413036
3231,c,32.874523958413036,32.874523958413036
3232,c,32.874523958413036,32.874523958413036
3233,c,32.874523958413036,32.874523958413036
3234,t,32.874523958413036,32.874523958413036
3235,t,32.874523958413036,32.874523958413036
3236,c,32.874523958413036,32.874523958413036
3237,t,32.874523958413036,32.874523958413036
3238,c,32.874523958413036,32.874523958413036
3239,c,32.874523958413036,32.874523958413036
3240,t,32.874523958413036,32.874523958413036
3241,t,32.874523958413036,32.874523958413036
3242,t,32.874523958413036,32.874523958413036
3243,t,32.874523958413036,32.874523958413036
3244,c,32.874523958413036,32.874523958413036
3245,c,32.874523958413036,32.874523958413036
3246,c,32.874523958413036,32.874523958413036
3247,c,32.874523958413036,32.874523958413036
3248,c,32.874523958413036,32.874523958413036
3249,c,23.665152564286686,27.30319186133245
3250,c,32.874523958413036,32.874523958413036
3251,t,32.874523958413036,32.874523958413036
3252,t,32.874523958413036,32.874523958413036
3253,c,32.874523958413036,32.874523958413036
3254,c,32.874523958413036,32.874523958413036
3255,t,32.874523958413036,32.874523958413036
3256,c,32.874523958413036,32.874523958413036
3257,c,32.874523958413036,32.874523958413036
3258,c,32.874523958413036,32.874523958413036
3259,t,32.874523958413036,32.874523958413036
3260,t,32.874523958413036,32.874523958413036
3261,t,32.874523958413036,32.874523958413036
3262,c,32.874523958413036,32.874523958413036
3263,c,32.874523958413036,32.874523958413036
3264,c,32.874523958413036,32.874523958413036
3265,c,32.874523958413036,32.874523958413036
3266,c,32.874523958413036,32.874523958413036
3267,c,32.874523958413036,32.874523958413036
3268,c,32.874523958413036,32.874523958413036
3269,c,32.874523958413036,32.874523958413036
3270,t,32.874523958413036,32.874523958413036
3271,t,32.874523958413036,32.874523958413036
3272,t,32.874523958413036,32.874523958413036
3273,c,32.874523958413036,32.874523958413036
3274,c,32.874523958413036,32.874523958413036
3275,c,32.874523958413036,32.874523958413036
3276,c,32.874523958413036,32.874523958413036
3277,t,32.874523958413036,32.874523958413036
3278,t,32.874523958413036,32.874523958413036
3279,t,32.874523958413036,32.874523958413036
3280,c,32.874523958413036,32.874523958413036
3281,c,32.874523958413036,32.874523958413036
3282,c,32.874523958413036,32.874523958413036
3283,t,32.874523958413036,32.874523958413036
3284,t,32.874523958413036,32.874523958413036
3285,t,32.874523958413036,32.874523958413036
3286,c,32.874523958413036,32.874523958413036
3287,t,32.874523958413036,32.874523958413036
3288,t,32.874523958413036,32.874523958413036
3289,t,32.874523958413036,32.874523958413036
3290,c,32.874523958413036,32.874523958413036
3291,t,32.874523958413036,32.874523958413036
3292,c,32.874523958413036,32.874523958413036
3293,t,32.874523958413036,32.874523958413036
3294,t,32.874523958413036,32.874523958413036
3295,t,32.874523958413036,32.874523958413036
3296,t,32.874523958413036,32.874523958413036
3297,c,32.874523958413036,32.874523958413036
3298,c,32.874523958413036,32.874523958413036
3299,c,32.874523958413036,32.874523958413036
3300,t,32.874523958413036,32.874523958413036
3301,c,32.874523958413036,32.874523958413036
3302,c,32.874523958413036,32.874523958413036
3303,c,32.874523958413036,32.874523958413036
3304,c,32.874523958413036,32.874523958413036
3305,t,32.874523958413036,32.874523958413036
3306,c,32.874523958413036,32.874523958413036
3307,t,32.874523958413036,32.874523958413036
3308,t,32.874523958413036,32.874523958413036
3309,t,32.874523958413036,32.874523958413036
3310,t,32.874523958413036,32.874523958413036
3311,t,32.874523958413036,32.874523958413036
3312,c,32.874523958413036,32.874523958413036
3313,c,32.874523958413036,32.874523958413036
3314,c,32.874523958413036,32.874523958413036
3315,c,32.874523958413036,32.874523958413036
3316,t,32.874523958413036,32.874523958413036
3317,t,32.874523958413036,32.874523958413036
3318,t,32.874523958413036,32.874523958413036
3319,c,32.874523958413036,32.874523958413036
3320,c,32.874523958413036,32.874523958413036
3321,c,32.874523958413036,32.874523958413036
3322,c,32.874523958413036,32.874523958413036
3323,t,32.874523958413036,32.874523958413036
3324,t,32.874523958413036,32.874523958413036
3325,t,32.874523958413036,32.874523958413036
3326,t,32.874523958413036,32.874523958413036
3327,t,32.874523958413036,32.874523958413036
3328,t,32.874523958413036,32.874523958413036
3329,t,32.874523958413036,32.874523958413036
3330,c,32.874523958413036,32.874523958413036
3331,c,32.874523958413036,32.874523958413036
3332,c,32.874523958413036,32.874523958413036
3333,c,32.874523958413036,32.874523958413036
3334,c,32.874523958413036,32.874523958413036
3335,c,32.874523958413036,32.874523958413036
3336,c,32.874523958413036,32.874523958413036
3337,t,32.874523958413036,32.874523958413036
3338,t,32.874523958413036,32.874523958413036
3339,c,32.874523958413036,32.874523958413036
3340,c,32.874523958413036,32.874523958413036
3341,t,32.874523958413036,32.874523958413036
3342,t,32.874523958413036,32.874523958413036
3343,t,32.874523958413036,32.874523958413036
3344,c,32.874523958413036,32.874523958413036
3345,t,32.874523958413036,32.874523958413036
3346,c,32.874523958413036,32.874523958413036
3347,t,32.874523958413036,32.874523958413036
3348,c,32.874523958413036,32.874523958413036
3349,t,32.874523958413036,32.874523958413036
3350,c,32.874523958413036,32.874523958413036
3351,c,32.874523958413036,32.874523958413036
3352,c,32.874523958413036,32.874523958413036
3353,c,32.874523958413036,32.874523958413036
3354,t,32.874523958413036,32.874523958413036
3355,na,2.5849511016547386,2.6592681397815947
3356,t,32.874523958413036,32.874523958413036
3357,t,32.874523958413036,32.874523958413036
3358,c,32.874523958413036,32.874523958413036
3359,c,32.874523958413036,32.874523958413036
3360,t,32.874523958413036,32.874523958413036
3361,t,32.874523958413036,32.874523958413036
3362,t,32.874523958413036,32.874523958413036
3363,c,32.874523958413036,32.874523958413036
3364,t,32.874523958413036,32.874523958413036
3365,t,32.874523958413036,32.874523958413036
3366,c,32.874523958413036,32.874523958413036
3367,t,32.874523958413036,32.874523958413036
3368,t,32.874523958413036,32.874523958413036
3369,t,32.874523958413036,32.874523958413036
3370,c,32.874523958413036,32.874523958413036
3371,t,32.874523958413036,32.874523958413036
3372,t,32.874523958413036,32.874523958413036
3373,t,32.874523958413036,32.874523958413036
3374,t,32.874523958413036,32.874523958413036
3375,na,4.56097298081314,13.98522054453793
3376,c,32.874523958413036,32.874523958413036
3377,t,32.874523958413036,32.874523958413036
3378,t,32.874523958413036,32.874523958413036
3379,t,32.874523958413036,32.874523958413036
3380,t,32.874523958413036,32.874523958413036
3381,c,32.874523958413036,32.874523958413036
3382,t,32.874523958413036,32.874523958413036
3383,c,32.874523958413036,32.874523958413036
3384,c,2.6588717089878107,3.367929376798973
3385,t,32.874523958413036,32.874523958413036
3386,c,32.874523958413036,32.874523958413036
3387,t,32.874523958413036,32.874523958413036
3388,c,32.874523958413036,32.874523958413036
3389,t,32.874523958413036,32.874523958413036
3390,t,32.874523958413036,32.874523958413036
3391,t,32.874523958413036,32.874523958413036
3392,t,32.874523958413036,32.874523958413036
3393,t,32.874523958413036,32.874523958413036
3394,t,32.874523958413036,32.874523958413036
3395,c,8.475193936759807,9.852756045660406
3396,t,32.874523958413036,32.874523958413036
3397,c,32.874523958413036,32.874523958413036
3398,t,32.874523958413036,32.874523958413036
3399,t,32.874523958413036,32.874523958413036
3400,c,32.874523958413036,32.874523958413036
3401,t,32.874523958413036,32.874523958413036
3402,c,32.874523958413036,32.874523958413036
3403,t,32.874523958413036,32.874523958413036
3404,c,32.874523958413036,32.874523958413036
3405,t,32.874523958413036,32.874523958413036
3406,c,32.874523958413036,32.874523958413036
3407,t,32.874523958413036,32.874523958413036
3408,c,32.874523958413036,32.874523958413036
3409,c,32.874523958413036,32.874523958413036
3410,c,32.874523958413036,32.874523958413036
3411,na,0,0.37304391167848433
3412,t,32.874523958413036,32.874523958413036
3413,t,32.874523958413036,32.874523958413036
3414,t,32.874523958413036,32.874523958413036
3415,c,32.874523958413036,32.874523958413036
3416,t,32.874523958413036,32.874523958413036
3417,c,32.874523958413036,32.874523958413036
3418,t,32.874523958413036,32.874523958413036
3419,c,32.874523958413036,32.874523958413036
3420,c,32.874523958413036,32.874523958413036
3421,t,32.874523958413036,32.874523958413036
3422,c,32.874523958413036,32.874523958413036
3423,c,32.874523958413036,32.874523958413036
3424,t,32.874523958413036,32.874523958413036
3425,t,32.874523958413036,32.874523958413036
3426,t,32.874523958413036,32.874523958413036
3427,c,32.874523958413036,32.874523958413036
3428,c,32.874523958413036,32.874523958413036
3429,t,32.874523958413036,32.874523958413036
3430,c,32.874523958413036,32.874523958413036
3431,t,32.874523958413036,32.874523958413036
3432,c,32.874523958413036,32.874523958413036
3433,t,32.874523958413036,32.874523958413036
3434,c,32.874523958413036,32.874523958413036
3435,t,32.874523958413036,32.874523958413036
3436,t,32.874523958413036,32.874523958413036
3437,c,32.874523958413036,32.874523958413036
3438,c,32.874523958413036,32.874523958413036
3439,c,32.874523958413036,32.874523958413036
3440,c,32.874523958413036,32.874523958413036
3441,c,32.874523958413036,32.874523958413036
3442,t,32.874523958413036,32.874523958413036
3443,t,32.874523958413036,32.874523958413036
3444,c,32.874523958413036,32.874523958413036
3445,t,32.874523958413036,32.874523958413036
3446,c,32.874523958413036,32.874523958413036
3447,t,32.874523958413036,32.874523958413036
3448,t,32.874523958413036,32.874523958413036
3449,c,32.874523958413036,32.874523958413036
3450,c,32.874523958413036,32.874523958413036
3451,c,32.874523958413036,32.874523958413036
3452,c,32.874523958413036,32.874523958413036
3453,t,32.874523958413036,32.874523958413036
3454,t,32.874523958413036,32.874523958413036
3455,t,32.874523958413036,32.874523958413036
3456,t,32.874523958413036,32.874523958413036
3457,c,32.874523958413036,32.874523958413036
3458,t,32.874523958413036,32.874523958413036
3459,c,32.874523958413036,32.874523958413036
3460,t,32.874523958413036,32.874523958413036
3461,c,32.874523958413036,32.874523958413036
3462,t,32.874523958413036,32.874523958413036
3463,t,32.874523958413036,32.874523958413036
3464,c,32.874523958413036,32.874523958413036
3465,c,32.874523958413036,32.874523958413036
3466,t,32.874523958413036,32.874523958413036
3467,t,32.874523958413036,32.874523958413036
3468,t,32.874523958413036,32.874523958413036
3469,c,32.874523958413036,32.874523958413036
3470,c,32.874523958413036,32.874523958413036
3471,c,32.874523958413036,32.874523958413036
3472,t,32.874523958413036,32.874523958413036
3473,c,32.874523958413036,32.874523958413036
3474,c,32.874523958413036,32.874523958413036
3475,t,32.874523958413036,32.874523958413036
3476,t,32.874523958413036,32.874523958413036
3477,c,32.874523958413036,32.874523958413036
3478,c,32.874523958413036,32.874523958413036
3479,c,32.874523958413036,32.874523958413036
3480,t,32.874523958413036,32.874523958413036
3481,c,32.874523958413036,32.874523958413036
3482,c,32.874523958413036,32.874523958413036
3483,t,32.874523958413036,32.874523958413036
3484,c,32.874523958413036,32.874523958413036
3485,c,32.874523958413036,32.874523958413036
3486,c,32.874523958413036,32.874523958413036
3487,t,32.874523958413036,32.874523958413036
3488,t,32.874523958413036,32.874523958413036
3489,t,32.874523958413036,32.874523958413036
3490,t,32.874523958413036,32.874523958413036
3491,t,32.874523958413036,32.874523958413036
3492,c,32.874523958413036,32.874523958413036
3493,t,32.874523958413036,32.874523958413036
3494,c,32.874523958413036,32.874523958413036
3495,t,32.874523958413036,32.874523958413036
3496,c,32.874523958413036,32.874523958413036
3497,c,32.874523958413036,32.874523958413036
3498,c,32.874523958413036,32.874523958413036
3499,na,5.739632771853652,5.813701429313225
3500,c,32.874523958413036,32.874523958413036
3501,c,32.874523958413036,32.874523958413036
3502,c,32.874523958413036,32.874523958413036
3503,c,32.874523958413036,32.874523958413036
3504,c,32.874523958413036,32.874523958413036
3505,c,32.874523958413036,32.874523958413036
3506,c,32.874523958413036,32.874523958413036
3507,t,32.874523958413036,32.874523958413036
3508,c,32.874523958413036,32.874523958413036
3509,t,32.874523958413036,32.874523958413036
3510,c,32.874523958413036,32.874523958413036
3511,c,32.874523958413036,32.874523958413036
3512,c,32.874523958413036,32.874523958413036
3513,t,32.874523958413036,32.874523958413036
3514,c,32.874523958413036,32.874523958413036
3515,c,32.874523958413036,32.874523958413036
3516,c,32.874523958413036,32.874523958413036
3517,t,32.874523958413036,32.874523958413036
3518,c,32.874523958413036,32.874523958413036
3519,c,32.874523958413036,32.874523958413036
3520,c,32.874523958413036,32.874523958413036
3521,c,32.874523958413036,32.874523958413036
3522,c,32.874523958413036,32.874523958413036
3523,c,32.874523958413036,32.874523958413036
3524,t,32.874523958413036,32.874523958413036
3525,t,32.874523958413036,32.874523958413036
3526,t,32.874523958413036,32.874523958413036
3527,c,32.874523958413036,32.874523958413036
3528,t,32.874523958413036,32.874523958413036
3529,c,32.874523958413036,32.874523958413036
3530,c,32.874523958413036,32.874523958413036
3531,c,32.874523958413036,32.874523958413036
3532,t,32.874523958413036,32.874523958413036
3533,c,32.874523958413036,32.874523958413036
3534,t,32.874523958413036,32.874523958413036
3535,t,32.874523958413036,32.874523958413036
3536,t,32.874523958413036,32.874523958413036
3537,c,8.272513830646545,13.258310985300312
3538,t,32.874523958413036,32.874523958413036
3539,c,32.874523958413036,32.874523958413036
3540,c,32.874523958413036,32.874523958413036
3541,c,32.874523958413036,32.874523958413036
3542,t,32.874523958413036,32.874523958413036
3543,t,32.874523958413036,32.874523958413036
3544,c,32.874523958413036,32.874523958413036
3545,c,32.874523958413036,32.874523958413036
3546,c,32.874523958413036,32.874523958413036
3547,c,32.874523958413036,32.874523958413036
3548,t,32.874523958413036,32.874523958413036
3549,c,32.874523958413036,32.874523958413036
3550,c,32.874523958413036,32.874523958413036
3551,c,32.874523958413036,32.874523958413036
3552,c,32.874523958413036,32.874523958413036
3553,t,32.874523958413036,32.874523958413036
3554,t,32.874523958413036,32.874523958413036
3555,c,32.874523958413036,32.874523958413036
3556,t,32.874523958413036,32.874523958413036
3557,c,32.874523958413036,32.874523958413036
3558,t,32.874523958413036,32.874523958413036
3559,c,32.874523958413036,32.874523958413036
3560,c,32.874523958413036,32.874523958413036
3561,c,32.874523958413036,32.874523958413036
3562,c,32.874523958413036,32.874523958413036
3563,t,32.874523958413036,32.874523958413036
3564,c,32.874523958413036,32.874523958413036
3565,t,32.874523958413036,32.874523958413036
3566,c,32.874523958413036,32.874523958413036
3567,c,32.874523958413036,32.874523958413036
3568,c,32.874523958413036,32.874523958413036
3569,c,32.874523958413036,32.874523958413036
3570,t,32.874523958413036,32.874523958413036
3571,c,32.874523958413036,32.874523958413036
3572,t,32.874523958413036,32.874523958413036
3573,t,32.874523958413036,32.874523958413036
3574,t,32.874523958413036,32.874523958413036
3575,c,32.874523958413036,32.874523958413036
3576,na,1.0951442187649854,2.5202202419649438
3577,c,32.874523958413036,32.874523958413036
3578,t,32.874523958413036,32.874523958413036
3579,c,32.874523958413036,32.874523958413036
3580,t,32.874523958413036,32.874523958413036
3581,c,32.874523958413036,32.874523958413036
3582,c,32.874523958413036,32.874523958413036
3583,c,32.874523958413036,32.874523958413036
3584,c,32.874523958413036,32.874523958413036
3585,c,32.874523958413036,32.874523958413036
3586,c,32.874523958413036,32.874523958413036
3587,t,32.874523958413036,32.874523958413036
3588,c,32.874523958413036,32.874523958413036
3589,c,32.874523958413036,32.874523958413036
3590,c,32.874523958413036,32.874523958413036
3591,t,32.874523958413036,32.874523958413036
3592,t,32.874523958413036,32.874523958413036
3593,t,32.874523958413036,32.874523958413036
3594,c,32.874523958413036,32.874523958413036
3595,t,32.874523958413036,32.874523958413036
3596,t,32.874523958413036,32.874523958413036
3597,t,32.874523958413036,32.874523958413036
3598,c,32.874523958413036,32.874523958413036
3599,t,32.874523958413036,32.874523958413036
3600,c,32.874523958413036,32.874523958413036
3601,c,32.874523958413036,32.874523958413036
3602,t,32.874523958413036,32.874523958413036
3603,t,32.874523958413036,32.874523958413036
3604,t,32.874523958413036,32.874523958413036
3605,c,32.874523958413036,32.874523958413036
3606,c,32.874523958413036,32.874523958413036
3607,c,32.874523958413036,32.874523958413036
3608,c,32.874523958413036,32.874523958413036
3609,t,32.874523958413036,32.874523958413036
3610,c,32.874523958413036,32.874523958413036
3611,c,32.874523958413036,32.874523958413036
3612,t,32.874523958413036,32.874523958413036
3613,c,32.874523958413036,32.874523958413036
3614,t,32.874523958413036,32.874523958413036
3615,t,32.874523958413036,32.874523958413036
3616,c,32.874523958413036,32.874523958413036
3617,c,32.874523958413036,32.874523958413036
3618,c,32.874523958413036,32.874523958413036
3619,t,32.874523958413036,32.874523958413036
3620,t,32.874523958413036,32.874523958413036
3621,c,32.874523958413036,32.874523958413036
3622,t,32.874523958413036,32.874523958413036
3623,c,32.874523958413036,32.874523958413036
3624,t,32.874523958413036,32.874523958413036
3625,t,32.874523958413036,32.874523958413036
3626,c,32.874523958413036,32.874523958413036
3627,t,32.874523958413036,32.874523958413036
3628,c,32.874523958413036,32.874523958413036
3629,c,32.874523958413036,32.874523958413036
3630,c,32.874523958413036,32.874523958413036
3631,t,32.874523958413036,32.874523958413036
3632,c,32.874523958413036,32.874523958413036
3633,c,32.874523958413036,32.874523958413036
3634,c,32.874523958413036,32.874523958413036
3635,c,32.874523958413036,32.874523958413036
3636,c,32.874523958413036,32.874523958413036
3637,c,32.874523958413036,32.874523958413036
3638,c,32.874523958413036,32.874523958413036
3639,c,32.874523958413036,32.874523958413036
3640,t,32.874523958413036,32.874523958413036
3641,c,32.874523958413036,32.874523958413036
3642,c,32.874523958413036,32.874523958413036
3643,t,32.874523958413036,32.874523958413036
3644,c,32.874523958413036,32.874523958413036
3645,c,32.874523958413036,32.874523958413036
3646,t,32.874523958413036,32.874523958413036
3647,c,32.874523958413036,32.874523958413036
3648,t,32.874523958413036,32.874523958413036
3649,c,32.874523958413036,32.874523958413036
3650,c,32.874523958413036,32.874523958413036
3651,t,32.874523958413036,32.874523958413036
3652,c,32.874523958413036,32.874523958413036
3653,t,32.874523958413036,32.874523958413036
3654,t,32.874523958413036,32.874523958413036
3655,c,32.874523958413036,32.874523958413036
3656,c,32.874523958413036,32.874523958413036
3657,c,32.874523958413036,32.874523958413036
3658,t,32.874523958413036,32.874523958413036
3659,t,32.874523958413036,32.874523958413036
3660,c,32.874523958413036,32.874523958413036
3661,t,32.874523958413036,32.874523958413036
3662,t,32.874523958413036,32.874523958413036
3663,t,32.874523958413036,32.874523958413036
3664,c,32.874523958413036,32.874523958413036
3665,t,32.874523958413036,32.874523958413036
3666,t,32.874523958413036,32.874523958413036
3667,t,32.874523958413036,32.874523958413036
3668,c,32.874523958413036,32.874523958413036
3669,t,32.874523958413036,32.874523958413036
3670,t,32.874523958413036,32.874523958413036
3671,t,32.874523958413036,32.874523958413036
3672,t,32.874523958413036,32.874523958413036
3673,c,32.874523958413036,32.874523958413036
3674,c,32.874523958413036,32.874523958413036
3675,t,32.874523958413036,32.874523958413036
3676,t,32.874523958413036,32.874523958413036
3677,t,32.874523958413036,32.874523958413036
3678,c,32.874523958413036,32.874523958413036
3679,c,32.874523958413036,32.874523958413036
3680,t,32.874523958413036,32.874523958413036
3681,c,32.874523958413036,32.874523958413036
3682,c,32.874523958413036,32.874523958413036
3683,t,32.874523958413036,32.874523958413036
3684,t,32.874523958413036,32.874523958413036
3685,c,32.874523958413036,32.874523958413036
3686,c,32.874523958413036,32.874523958413036
3687,t,32.874523958413036,32.874523958413036
3688,c,32.874523958413036,32.874523958413036
3689,c,32.874523958413036,32.874523958413036
3690,t,32.874523958413036,32.874523958413036
3691,c,32.874523958413036,32.874523958413036
3692,t,32.874523958413036,32.874523958413036
3693,t,32.874523958413036,32.874523958413036
3694,t,32.874523958413036,32.874523958413036
3695,t,32.874523958413036,32.874523958413036
3696,c,32.874523958413036,32.874523958413036
3697,t,32.874523958413036,32.874523958413036
3698,c,32.874523958413036,32.874523958413036
3699,t,32.874523958413036,32.874523958413036
3700,t,32.874523958413036,32.874523958413036
3701,t,32.874523958413036,32.874523958413036
3702,c,32.874523958413036,32.874523958413036
3703,c,32.874523958413036,32.874523958413036
3704,t,32.874523958413036,32.874523958413036
3705,c,32.874523958413036,32.874523958413036
3706,c,32.874523958413036,32.874523958413036
3707,c,32.874523958413036,32.874523958413036
3708,t,32.874523958413036,32.874523958413036
3709,c,32.874523958413036,32.874523958413036
3710,c,32.874523958413036,32.874523958413036
3711,c,32.874523958413036,32.874523958413036
3712,t,32.874523958413036,32.874523958413036
3713,t,32.874523958413036,32.874523958413036
3714,t,32.874523958413036,32.874523958413036
3715,c,32.874523958413036,32.874523958413036
3716,c,32.874523958413036,32.874523958413036
3717,c,32.874523958413036,32.874523958413036
3718,t,32.874523958413036,32.874523958413036
3719,t,32.874523958413036,32.874523958413036
3720,c,32.874523958413036,32.874523958413036
3721,t,32.874523958413036,32.874523958413036
3722,t,32.874523958413036,32.874523958413036
3723,c,32.874523958413036,32.874523958413036
3724,t,32.874523958413036,32.874523958413036
3725,c,32.874523958413036,32.874523958413036
3726,t,32.874523958413036,32.874523958413036
3727,c,32.874523958413036,32.874523958413036
3728,t,32.874523958413036,32.874523958413036
3729,t,32.874523958413036,32.874523958413036
3730,c,32.874523958413036,32.874523958413036
3731,t,32.874523958413036,32.874523958413036
3732,t,32.874523958413036,32.874523958413036
3733,c,32.874523958413036,32.874523958413036
3734,c,32.874523958413036,32.874523958413036
3735,t,32.874523958413036,32.874523958413036
3736,c,32.874523958413036,32.874523958413036
3737,c,32.874523958413036,32.874523958413036
3738,c,32.874523958413036,32.874523958413036
3739,c,32.874523958413036,32.874523958413036
3740,c,32.874523958413036,32.874523958413036
3741,c,32.874523958413036,32.874523958413036
3742,t,32.874523958413036,32.874523958413036
3743,t,32.874523958413036,32.874523958413036
3744,c,32.874523958413036,32.874523958413036
3745,c,32.874523958413036,32.874523958413036
3746,c,32.874523958413036,32.874523958413036
3747,c,32.874523958413036,32.874523958413036
3748,c,32.874523958413036,32.874523958413036
3749,c,32.874523958413036,32.874523958413036
3750,t,32.874523958413036,32.874523958413036
3751,t,32.874523958413036,32.874523958413036
3752,t,32.874523958413036,32.874523958413036
3753,t,32.874523958413036,32.874523958413036
3754,t,32.874523958413036,32.874523958413036
3755,c,32.874523958413036,32.874523958413036
3756,t,32.874523958413036,32.874523958413036
3757,c,32.874523958413036,32.874523958413036
3758,c,32.874523958413036,32.874523958413036
3759,t,32.874523958413036,32.874523958413036
3760,c,32.874523958413036,32.874523958413036
3761,t,32.874523958413036,32.874523958413036
3762,t,32.874523958413036,32.874523958413036
3763,t,32.874523958413036,32.874523958413036
3764,c,32.874523958413036,32.874523958413036
3765,c,32.874523958413036,32.874523958413036
3766,t,32.874523958413036,32.874523958413036
3767,t,32.874523958413036,32.874523958413036
3768,c,32.874523958413036,32.874523958413036
3769,c,32.874523958413036,32.874523958413036
3770,c,32.874523958413036,32.874523958413036
3771,c,32.874523958413036,32.874523958413036
3772,t,32.874523958413036,32.874523958413036
3773,c,32.874523958413036,32.874523958413036
3774,c,32.874523958413036,32.874523958413036
3775,t,32.874523958413036,32.874523958413036
3776,c,32.874523958413036,32.874523958413036
3777,t,32.874523958413036,32.874523958413036
3778,t,32.874523958413036,32.874523958413036
3779,c,32.874523958413036,32.874523958413036
3780,c,32.874523958413036,32.874523958413036
3781,t,32.874523958413036,32.874523958413036
3782,t,32.874523958413036,32.874523958413036
3783,c,32.874523958413036,32.874523958413036
3784,t,32.874523958413036,32.874523958413036
3785,c,32.874523958413036,32.874523958413036
3786,c,32.874523958413036,32.874523958413036
3787,t,32.874523958413036,32.874523958413036
3788,t,32.874523958413036,32.874523958413036
3789,c,32.874523958413036,32.874523958413036
3790,c,32.874523958413036,32.874523958413036
3791,c,32.874523958413036,32.874523958413036
3792,t,32.874523958413036,32.874523958413036
3793,t,32.874523958413036,32.874523958413036
3794,t,32.874523958413036,32.874523958413036
3795,t,32.874523958413036,32.874523958413036
3796,t,32.874523958413036,32.874523958413036
3797,t,32.874523958413036,32.874523958413036
3798,c,32.874523958413036,32.874523958413036
3799,t,32.874523958413036,32.874523958413036
3800,c,32.874523958413036,32.874523958413036
3801,t,32.874523958413036,32.874523958413036
3802,c,32.874523958413036,32.874523958413036
3803,t,32.874523958413036,32.874523958413036
3804,c,32.874523958413036,32.874523958413036
3805,t,32.874523958413036,32.874523958413036
3806,t,32.874523958413036,32.874523958413036
3807,t,32.874523958413036,32.874523958413036
3808,t,32.874523958413036,32.874523958413036
3809,t,32.874523958413036,32.874523958413036
3810,t,32.874523958413036,32.874523958413036
3811,t,32.874523958413036,32.874523958413036
3812,t,32.874523958413036,32.874523958413036
3813,c,32.874523958413036,32.874523958413036
3814,t,32.874523958413036,32.874523958413036
3815,t,32.874523958413036,32.874523958413036
3816,t,32.874523958413036,32.874523958413036
3817,t,32.874523958413036,32.874523958413036
3818,c,32.874523958413036,32.874523958413036
3819,c,32.874523958413036,32.874523958413036
3820,c,32.874523958413036,32.874523958413036
3821,t,32.874523958413036,32.874523958413036
3822,c,32.874523958413036,32.874523958413036
3823,c,32.874523958413036,32.874523958413036
3824,c,32.874523958413036,32.874523958413036
3825,t,32.874523958413036,32.874523958413036
3826,t,32.874523958413036,32.874523958413036
3827,t,32.874523958413036,32.874523958413036
3828,c,32.874523958413036,32.874523958413036
3829,t,32.874523958413036,32.874523958413036
3830,t,32.874523958413036,32.874523958413036
3831,c,32.874523958413036,32.874523958413036
3832,c,32.874523958413036,32.874523958413036
3833,c,32.874523958413036,32.874523958413036
3834,c,32.874523958413036,32.874523958413036
3835,c,32.874523958413036,32.874523958413036
3836,c,32.874523958413036,32.874523958413036
3837,c,32.874523958413036,32.874523958413036
3838,c,32.874523958413036,32.874523958413036
3839,t,32.874523958413036,32.874523958413036
3840,t,32.874523958413036,32.874523958413036
3841,c,32.874523958413036,32.874523958413036
3842,c,32.874523958413036,32.874523958413036
3843,c,32.874523958413036,32.874523958413036
3844,c,32.874523958413036,32.874523958413036
3845,c,32.874523958413036,32.874523958413036
3846,c,32.874523958413036,32.874523958413036
3847,c,32.874523958413036,32.874523958413036
3848,c,32.874523958413036,32.874523958413036
3849,t,32.874523958413036,32.874523958413036
3850,t,32.874523958413036,32.874523958413036
3851,t,32.874523958413036,32.874523958413036
3852,t,32.874523958413036,32.874523958413036
3853,c,32.874523958413036,32.874523958413036
3854,t,32.874523958413036,32.874523958413036
3855,t,32.874523958413036,32.874523958413036
3856,c,32.874523958413036,32.874523958413036
3857,c,32.874523958413036,32.874523958413036
3858,t,32.874523958413036,32.874523958413036
3859,t,32.874523958413036,32.874523958413036
3860,t,32.874523958413036,32.874523958413036
3861,t,32.874523958413036,32.874523958413036
3862,t,32.874523958413036,32.874523958413036
3863,t,32.874523958413036,32.874523958413036
3864,c,32.874523958413036,32.874523958413036
3865,t,32.874523958413036,32.874523958413036
3866,t,32.874523958413036,32.874523958413036
3867,t,32.874523958413036,32.874523958413036
3868,t,32.874523958413036,32.874523958413036
3869,t,32.874523958413036,32.874523958413036
3870,t,32.874523958413036,32.874523958413036
3871,c,32.874523958413036,32.874523958413036
3872,c,32.874523958413036,32.874523958413036
3873,t,32.874523958413036,32.874523958413036
3874,t,32.874523958413036,32.874523958413036
3875,t,32.874523958413036,32.874523958413036
3876,c,32.874523958413036,32.874523958413036
3877,t,32.874523958413036,32.874523958413036
3878,t,32.874523958413036,32.874523958413036
3879,c,32.874523958413036,32.874523958413036
3880,t,32.874523958413036,32.874523958413036
3881,c,32.874523958413036,32.874523958413036
3882,t,32.874523958413036,32.874523958413036
3883,c,32.874523958413036,32.874523958413036
3884,c,32.874523958413036,32.874523958413036
3885,t,32.874523958413036,32.874523958413036
3886,c,32.874523958413036,32.874523958413036
3887,t,32.874523958413036,32.874523958413036
3888,c,32.874523958413036,32.874523958413036
3889,c,32.874523958413036,32.874523958413036
3890,t,32.874523958413036,32.874523958413036
3891,t,32.874523958413036,32.874523958413036
3892,c,32.874523958413036,32.874523958413036
3893,t,32.874523958413036,32.874523958413036
3894,t,32.874523958413036,32.874523958413036
3895,c,32.874523958413036,32.874523958413036
3896,c,32.874523958413036,32.874523958413036
3897,t,32.874523958413036,32.874523958413036
3898,c,32.874523958413036,32.874523958413036
3899,t,32.874523958413036,32.874523958413036
3900,t,32.874523958413036,32.874523958413036
3901,c,32.874523958413036,32.874523958413036
3902,c,32.874523958413036,32.874523958413036
3903,c,32.874523958413036,32.874523958413036
3904,t,32.874523958413036,32.874523958413036
3905,t,32.874523958413036,32.874523958413036
3906,c,32.874523958413036,32.874523958413036
3907,t,32.874523958413036,32.874523958413036
3908,c,32.874523958413036,32.874523958413036
3909,c,32.874523958413036,32.874523958413036
3910,c,32.874523958413036,32.874523958413036
3911,t,32.874523958413036,32.874523958413036
3912,t,32.874523958413036,32.874523958413036
3913,c,11.644770640893666,12.234844270395246
3914,c,32.874523958413036,32.874523958413036
3915,t,32.874523958413036,32.874523958413036
3916,t,32.874523958413036,32.874523958413036
3917,t,32.874523958413036,32.874523958413036
3918,c,32.874523958413036,32.874523958413036
3919,c,32.874523958413036,32.874523958413036
3920,c,32.874523958413036,32.874523958413036
3921,c,32.874523958413036,32.874523958413036
3922,t,32.874523958413036,32.874523958413036
3923,c,32.874523958413036,32.874523958413036
3924,c,32.874523958413036,32.874523958413036
3925,c,32.874523958413036,32.874523958413036
3926,t,32.874523958413036,32.874523958413036
3927,t,32.874523958413036,32.874523958413036
3928,t,32.874523958413036,32.874523958413036
3929,t,32.874523958413036,32.874523958413036
3930,t,32.874523958413036,32.874523958413036
3931,c,32.874523958413036,32.874523958413036
3932,t,32.874523958413036,32.874523958413036
3933,c,32.874523958413036,32.874523958413036
3934,t,32.874523958413036,32.874523958413036
3935,t,32.874523958413036,32.874523958413036
3936,t,32.874523958413036,32.874523958413036
3937,t,32.874523958413036,32.874523958413036
3938,t,32.874523958413036,32.874523958413036
3939,t,32.874523958413036,32.874523958413036
3940,c,32.874523958413036,32.874523958413036
3941,t,32.874523958413036,32.874523958413036
3942,t,32.874523958413036,32.874523958413036
3943,c,32.874523958413036,32.874523958413036
3944,c,32.874523958413036,32.874523958413036
3945,t,32.874523958413036,32.874523958413036
3946,c,32.874523958413036,32.874523958413036
3947,c,32.874523958413036,32.874523958413036
3948,c,32.874523958413036,32.874523958413036
3949,t,32.874523958413036,32.874523958413036
3950,t,32.874523958413036,32.874523958413036
3951,c,32.874523958413036,32.874523958413036
3952,c,32.874523958413036,32.874523958413036
3953,t,32.874523958413036,32.874523958413036
3954,t,32.874523958413036,32.874523958413036
3955,c,32.874523958413036,32.874523958413036
3956,c,32.874523958413036,32.874523958413036
3957,t,32.874523958413036,32.874523958413036
3958,c,32.874523958413036,32.874523958413036
3959,t,32.874523958413036,32.874523958413036
3960,t,32.874523958413036,32.874523958413036
3961,t,32.874523958413036,32.874523958413036
3962,c,32.874523958413036,32.874523958413036
3963,c,32.874523958413036,32.874523958413036
3964,c,32.874523958413036,32.874523958413036
3965,t,32.874523958413036,32.874523958413036
3966,t,32.874523958413036,32.874523958413036
3967,c,32.874523958413036,32.874523958413036
3968,t,32.874523958413036,32.874523958413036
3969,c,32.874523958413036,32.874523958413036
3970,c,32.874523958413036,32.874523958413036
3971,c,32.874523958413036,32.874523958413036
3972,t,32.874523958413036,32.874523958413036
3973,c,32.874523958413036,32.874523958413036
3974,c,32.874523958413036,32.874523958413036
3975,t,32.874523958413036,32.874523958413036
3976,c,32.874523958413036,32.874523958413036
3977,t,32.874523958413036,32.874523958413036
3978,t,32.874523958413036,32.874523958413036
3979,c,32.874523958413036,32.874523958413036
3980,t,32.874523958413036,32.874523958413036
3981,c,32.874523958413036,32.874523958413036
3982,t,32.874523958413036,32.874523958413036
3983,c,32.874523958413036,32.874523958413036
3984,c,32.874523958413036,32.874523958413036
3985,c,32.874523958413036,32.874523958413036
3986,t,32.874523958413036,32.874523958413036
3987,c,32.874523958413036,32.874523958413036
3988,t,32.874523958413036,32.874523958413036
3989,t,32.874523958413036,32.874523958413036
3990,c,32.874523958413036,32.874523958413036
3991,c,32.874523958413036,32.874523958413036
3992,t,32.874523958413036,32.874523958413036
3993,c,32.874523958413036,32.874523958413036
3994,t,32.874523958413036,32.874523958413036
3995,t,32.874523958413036,32.874523958413036
3996,t,32.874523958413036,32.874523958413036
3997,c,32.874523958413036,32.874523958413036
3998,t,32.874523958413036,32.874523958413036
3999,c,32.874523958413036,32.874523958413036
4000,t,32.874523958413036,32.874523958413036
4001,c,32.874523958413036,32.874523958413036
4002,t,32.874523958413036,32.874523958413036
4003,c,32.874523958413036,32.874523958413036
4004,t,32.874523958413036,32.874523958413036
4005,t,32.874523958413036,32.874523958413036
4006,t,32.874523958413036,32.874523958413036
4007,c,32.874523958413036,32.874523958413036
4008,c,32.874523958413036,32.874523958413036
4009,c,32.874523958413036,32.874523958413036
4010,c,32.874523958413036,32.874523958413036
4011,t,32.874523958413036,32.874523958413036
4012,c,32.874523958413036,32.874523958413036
4013,t,32.874523958413036,32.874523958413036
4014,c,32.874523958413036,32.874523958413036
4015,c,32.874523958413036,32.874523958413036
4016,t,32.874523958413036,32.874523958413036
4017,c,32.874523958413036,32.874523958413036
4018,t,32.874523958413036,32.874523958413036
4019,c,32.874523958413036,32.874523958413036
4020,c,32.874523958413036,32.874523958413036
4021,t,32.874523958413036,32.874523958413036
4022,c,32.874523958413036,32.874523958413036
4023,c,32.874523958413036,32.874523958413036
4024,c,32.874523958413036,32.874523958413036
4025,c,32.874523958413036,32.874523958413036
4026,t,32.874523958413036,32.874523958413036
4027,t,32.874523958413036,32.874523958413036
4028,c,32.874523958413036,32.874523958413036
4029,t,32.874523958413036,32.874523958413036
4030,c,32.874523958413036,32.874523958413036
4031,t,32.874523958413036,32.874523958413036
4032,c,32.874523958413036,32.874523958413036
4033,t,32.874523958413036,32.874523958413036
4034,t,32.874523958413036,32.874523958413036
4035,t,32.874523958413036,32.874523958413036
4036,c,32.874523958413036,32.874523958413036
4037,t,32.874523958413036,32.874523958413036
4038,c,32.874523958413036,32.874523958413036
4039,c,32.874523958413036,32.874523958413036
4040,c,32.874523958413036,32.874523958413036
4041,c,32.874523958413036,32.874523958413036
4042,t,32.874523958413036,32.874523958413036
4043,c,32.874523958413036,32.874523958413036
4044,na,0.9982194232484755,3.3072556544056044
4045,c,32.874523958413036,32.874523958413036
4046,t,32.874523958413036,32.874523958413036
4047,t,32.874523958413036,32.874523958413036
4048,c,32.874523958413036,32.874523958413036
4049,c,32.874523958413036,32.874523958413036
4050,c,32.874523958413036,32.874523958413036
4051,c,32.874523958413036,32.874523958413036
4052,t,32.874523958413036,32.874523958413036
4053,c,32.874523958413036,32.874523958413036
4054,c,32.874523958413036,32.874523958413036
4055,t,32.874523958413036,32.874523958413036
4056,t,32.874523958413036,32.874523958413036
4057,c,32.874523958413036,32.874523958413036
4058,t,32.874523958413036,32.874523958413036
4059,c,32.874523958413036,32.874523958413036
4060,c,32.874523958413036,32.874523958413036
4061,c,32.874523958413036,32.874523958413036
4062,t,32.874523958413036,32.874523958413036
4063,c,32.874523958413036,32.874523958413036
4064,t,32.874523958413036,32.874523958413036
4065,t,32.874523958413036,32.874523958413036
4066,t,32.874523958413036,32.874523958413036
4067,t,32.874523958413036,32.874523958413036
4068,t,32.874523958413036,32.874523958413036
4069,c,32.874523958413036,32.874523958413036
4070,t,32.874523958413036,32.874523958413036
4071,t,32.874523958413036,32.874523958413036
4072,c,32.874523958413036,32.874523958413036
4073,t,32.874523958413036,32.874523958413036
4074,t,32.874523958413036,32.874523958413036
4075,c,32.874523958413036,32.874523958413036
4076,t,32.874523958413036,32.874523958413036
4077,c,32.874523958413036,32.874523958413036
4078,t,32.874523958413036,32.874523958413036
4079,t,32.874523958413036,32.874523958413036
4080,c,32.874523958413036,32.874523958413036
4081,t,32.874523958413036,32.874523958413036
4082,c,32.874523958413036,32.874523958413036
4083,c,32.874523958413036,32.874523958413036
4084,c,32.874523958413036,32.874523958413036
4085,c,32.874523958413036,32.874523958413036
4086,c,32.874523958413036,32.874523958413036
4087,c,32.874523958413036,32.874523958413036
4088,c,32.874523958413036,32.874523958413036
4089,t,32.874523958413036,32.874523958413036
4090,t,32.874523958413036,32.874523958413036
4091,c,32.874523958413036,32.874523958413036
4092,t,32.874523958413036,32.874523958413036
4093,c,32.874523958413036,32.874523958413036
4094,t,32.874523958413036,32.874523958413036
4095,t,32.874523958413036,32.874523958413036
4096,t,32.874523958413036,32.874523958413036
4097,t,32.874523958413036,32.874523958413036
4098,c,32.874523958413036,32.874523958413036
4099,t,32.874523958413036,32.874523958413036
4100,t,32.874523958413036,32.874523958413036
4101,t,32.874523958413036,32.874523958413036
4102,t,32.874523958413036,32.874523958413036
4103,t,32.874523958413036,32.874523958413036
4104,na,0,7.104861338643477
4105,c,32.874523958413036,32.874523958413036
4106,t,32.874523958413036,32.874523958413036
4107,c,32.874523958413036,32.874523958413036
4108,t,32.874523958413036,32.874523958413036
4109,c,32.874523958413036,32.874523958413036
4110,t,32.874523958413036,32.874523958413036
4111,t,32.874523958413036,32.874523958413036
4112,c,32.874523958413036,32.874523958413036
4113,t,32.874523958413036,32.874523958413036
4114,c,32.874523958413036,32.874523958413036
4115,t,32.874523958413036,32.874523958413036
4116,c,32.874523958413036,32.874523958413036
4117,t,32.874523958413036,32.874523958413036
4118,t,32.874523958413036,32.874523958413036
4119,t,32.874523958413036,32.874523958413036
4120,c,32.874523958413036,32.874523958413036
4121,c,32.874523958413036,32.874523958413036
4122,c,32.874523958413036,32.874523958413036
4123,t,32.874523958413036,32.874523958413036
4124,t,32.874523958413036,32.874523958413036
4125,c,32.874523958413036,32.874523958413036
4126,c,32.874523958413036,32.874523958413036
4127,t,32.874523958413036,32.874523958413036
4128,t,32.874523958413036,32.874523958413036
4129,c,32.874523958413036,32.874523958413036
4130,t,32.874523958413036,32.874523958413036
4131,c,32.874523958413036,32.874523958413036
4132,t,32.874523958413036,32.874523958413036
4133,t,32.874523958413036,32.874523958413036
4134,c,15.384556701947547,19.031745168292698
4135,t,32.874523958413036,32.874523958413036
4136,t,32.874523958413036,32.874523958413036
4137,c,32.874523958413036,32.874523958413036
4138,c,32.874523958413036,32.874523958413036
4139,t,32.874523958413036,32.874523958413036
4140,c,32.874523958413036,32.874523958413036
4141,c,32.874523958413036,32.874523958413036
4142,t,32.874523958413036,32.874523958413036
4143,c,32.874523958413036,32.874523958413036
4144,c,32.874523958413036,32.874523958413036
4145,c,32.874523958413036,32.874523958413036
4146,c,32.874523958413036,32.874523958413036
4147,t,32.874523958413036,32.874523958413036
4148,t,32.874523958413036,32.874523958413036
4149,c,32.874523958413036,32.874523958413036
4150,c,32.874523958413036,32.874523958413036
4151,t,32.874523958413036,32.874523958413036
4152,t,32.874523958413036,32.874523958413036
4153,t,32.874523958413036,32.874523958413036
4154,c,32.874523958413036,32.874523958413036
4155,c,32.874523958413036,32.874523958413036
4156,c,32.874523958413036,32.874523958413036
4157,c,32.874523958413036,32.874523958413036
4158,c,32.874523958413036,32.874523958413036
4159,t,32.874523958413036,32.874523958413036
4160,c,32.874523958413036,32.874523958413036
4161,c,32.874523958413036,32.874523958413036
4162,c,32.874523958413036,32.874523958413036
4163,t,32.874523958413036,32.874523958413036
4164,t,32.874523958413036,32.874523958413036
4165,t,32.874523958413036,32.874523958413036
4166,c,32.874523958413036,32.874523958413036
4167,c,32.874523958413036,32.874523958413036
4168,t,32.874523958413036,32.874523958413036
4169,c,32.874523958413036,32.874523958413036
4170,c,32.874523958413036,32.874523958413036
4171,c,32.874523958413036,32.874523958413036
4172,t,32.874523958413036,32.874523958413036
4173,c,32.874523958413036,32.874523958413036
4174,t,32.874523958413036,32.874523958413036
4175,c,32.874523958413036,32.874523958413036
4176,t,32.874523958413036,32.874523958413036
4177,t,32.874523958413036,32.874523958413036
4178,t,32.874523958413036,32.874523958413036
4179,t,32.874523958413036,32.874523958413036
4180,c,32.874523958413036,32.874523958413036
4181,c,32.874523958413036,32.874523958413036
4182,c,32.874523958413036,32.874523958413036
4183,c,32.874523958413036,32.874523958413036
4184,t,32.874523958413036,32.874523958413036
4185,c,32.874523958413036,32.874523958413036
4186,t,32.874523958413036,32.874523958413036
4187,t,32.874523958413036,32.874523958413036
4188,c,32.874523958413036,32.874523958413036
4189,c,32.874523958413036,32.874523958413036
4190,c,32.874523958413036,32.874523958413036
4191,c,32.874523958413036,32.874523958413036
4192,c,32.874523958413036,32.874523958413036
4193,t,32.874523958413036,32.874523958413036
4194,c,32.874523958413036,32.874523958413036
4195,t,32.874523958413036,32.874523958413036
4196,c,32.874523958413036,32.874523958413036
4197,c,32.874523958413036,32.874523958413036
4198,c,32.874523958413036,32.874523958413036
4199,t,32.874523958413036,32.874523958413036
4200,c,32.874523958413036,32.874523958413036
4201,t,32.874523958413036,32.874523958413036
4202,t,32.874523958413036,32.874523958413036
4203,t,32.874523958413036,32.874523958413036
4204,c,32.874523958413036,32.874523958413036
4205,c,32.874523958413036,32.874523958413036
4206,t,32.874523958413036,32.874523958413036
4207,t,32.874523958413036,32.874523958413036
4208,c,32.874523958413036,32.874523958413036
4209,c,32.874523958413036,32.874523958413036
4210,c,32.874523958413036,32.874523958413036
4211,t,32.874523958413036,32.874523958413036
4212,t,32.874523958413036,32.874523958413036
4213,c,32.874523958413036,32.874523958413036
4214,t,32.874523958413036,32.874523958413036
4215,t,32.874523958413036,32.874523958413036
4216,t,32.874523958413036,32.874523958413036
4217,c,32.874523958413036,32.874523958413036
4218,c,32.874523958413036,32.874523958413036
4219,c,32.874523958413036,32.874523958413036
4220,t,32.874523958413036,32.874523958413036
4221,t,32.874523958413036,32.874523958413036
4222,t,32.874523958413036,32.874523958413036
4223,t,32.874523958413036,32.874523958413036
4224,c,32.874523958413036,32.874523958413036
4225,c,32.874523958413036,32.874523958413036
4226,t,32.874523958413036,32.874523958413036
4227,c,32.874523958413036,32.874523958413036
4228,c,32.874523958413036,32.874523958413036
4229,t,32.874523958413036,32.874523958413036
4230,t,32.874523958413036,32.874523958413036
4231,t,32.874523958413036,32.874523958413036
4232,t,32.874523958413036,32.874523958413036
4233,t,32.874523958413036,32.874523958413036
4234,c,32.874523958413036,32.874523958413036
4235,c,32.874523958413036,32.874523958413036
4236,t,32.874523958413036,32.874523958413036
4237,c,32.874523958413036,32.874523958413036
4238,c,32.874523958413036,32.874523958413036
4239,t,32.874523958413036,32.874523958413036
4240,c,32.874523958413036,32.874523958413036
4241,t,32.874523958413036,32.874523958413036
4242,t,32.874523958413036,32.874523958413036
4243,c,32.874523958413036,32.874523958413036
4244,c,32.874523958413036,32.874523958413036
4245,t,32.874523958413036,32.874523958413036
4246,t,32.874523958413036,32.874523958413036
4247,c,32.874523958413036,32.874523958413036
4248,t,32.874523958413036,32.874523958413036
4249,t,32.874523958413036,32.874523958413036
4250,c,32.874523958413036,32.874523958413036
4251,t,32.874523958413036,32.874523958413036
4252,t,32.874523958413036,32.874523958413036
4253,c,32.874523958413036,32.874523958413036
4254,c,32.874523958413036,32.874523958413036
4255,t,32.874523958413036,32.874523958413036
4256,c,32.874523958413036,32.874523958413036
4257,c,32.874523958413036,32.874523958413036
4258,c,32.874523958413036,32.874523958413036
4259,t,32.874523958413036,32.874523958413036
4260,t,32.874523958413036,32.874523958413036
4261,c,32.874523958413036,32.874523958413036
4262,c,32.874523958413036,32.874523958413036
4263,t,32.874523958413036,32.874523958413036
4264,c,32.874523958413036,32.874523958413036
4265,t,32.874523958413036,32.874523958413036
4266,c,32.874523958413036,32.874523958413036
4267,t,32.874523958413036,32.874523958413036
4268,c,32.874523958413036,32.874523958413036
4269,t,32.874523958413036,32.874523958413036
4270,t,32.874523958413036,32.874523958413036
4271,t,32.874523958413036,32.874523958413036
4272,t,32.874523958413036,32.874523958413036
4273,t,32.874523958413036,32.874523958413036
4274,c,32.874523958413036,32.874523958413036
4275,t,32.874523958413036,32.874523958413036
4276,c,32.874523958413036,32.874523958413036
4277,t,32.874523958413036,32.874523958413036
4278,c,32.874523958413036,32.874523958413036
4279,t,32.874523958413036,32.874523958413036
4280,t,32.874523958413036,32.874523958413036
4281,c,32.874523958413036,32.874523958413036
4282,t,32.874523958413036,32.874523958413036
4283,t,32.874523958413036,32.874523958413036
4284,c,32.874523958413036,32.874523958413036
4285,t,32.874523958413036,32.874523958413036
4286,c,32.874523958413036,32.874523958413036
4287,c,32.874523958413036,32.874523958413036
4288,c,32.874523958413036,32.874523958413036
4289,c,32.874523958413036,32.874523958413036
4290,t,32.874523958413036,32.874523958413036
4291,t,32.874523958413036,32.874523958413036
4292,c,32.874523958413036,32.874523958413036
4293,c,32.874523958413036,32.874523958413036
4294,c,32.874523958413036,32.874523958413036
4295,c,32.874523958413036,32.874523958413036
4296,c,32.874523958413036,32.874523958413036
4297,c,32.874523958413036,32.874523958413036
4298,t,32.874523958413036,32.874523958413036
4299,c,32.874523958413036,32.874523958413036
4300,t,32.874523958413036,32.874523958413036
4301,c,32.874523958413036,32.874523958413036
4302,c,32.874523958413036,32.874523958413036
4303,t,32.874523958413036,32.874523958413036
4304,c,32.874523958413036,32.874523958413036
4305,c,32.874523958413036,32.874523958413036
4306,t,32.874523958413036,32.874523958413036
4307,t,32.874523958413036,32.874523958413036
4308,t,32.874523958413036,32.874523958413036
4309,t,32.874523958413036,32.874523958413036
4310,c,32.874523958413036,32.874523958413036
4311,c,32.874523958413036,32.874523958413036
4312,c,32.874523958413036,32.874523958413036
4313,t,32.874523958413036,32.874523958413036
4314,t,32.874523958413036,32.874523958413036
4315,t,32.874523958413036,32.874523958413036
4316,c,32.874523958413036,32.874523958413036
4317,c,32.874523958413036,32.874523958413036
4318,c,32.874523958413036,32.874523958413036
4319,c,32.874523958413036,32.874523958413036
4320,c,32.874523958413036,32.874523958413036
4321,c,32.874523958413036,32.874523958413036
4322,c,32.874523958413036,32.874523958413036
4323,c,32.874523958413036,32.874523958413036
4324,t,32.874523958413036,32.874523958413036
4325,t,32.874523958413036,32.874523958413036
4326,t,32.874523958413036,32.874523958413036
4327,c,32.874523958413036,32.874523958413036
4328,t,32.874523958413036,32.874523958413036
4329,c,32.874523958413036,32.874523958413036
4330,c,32.874523958413036,32.874523958413036
4331,c,32.874523958413036,32.874523958413036
4332,t,32.874523958413036,32.874523958413036
4333,t,32.874523958413036,32.874523958413036
4334,c,32.874523958413036,32.874523958413036
4335,c,32.874523958413036,32.874523958413036
4336,c,32.874523958413036,32.874523958413036
4337,c,32.874523958413036,32.874523958413036
4338,c,32.874523958413036,32.874523958413036
4339,c,32.874523958413036,32.874523958413036
4340,t,32.874523958413036,32.874523958413036
4341,t,32.874523958413036,32.874523958413036
4342,t,32.874523958413036,32.874523958413036
4343,c,32.874523958413036,32.874523958413036
4344,t,32.874523958413036,32.874523958413036
4345,c,32.874523958413036,32.874523958413036
4346,c,32.874523958413036,32.874523958413036
4347,t,32.874523958413036,32.874523958413036
4348,c,32.874523958413036,32.874523958413036
4349,t,32.874523958413036,32.874523958413036
4350,c,32.874523958413036,32.874523958413036
4351,t,32.874523958413036,32.874523958413036
4352,c,32.874523958413036,32.874523958413036
4353,t,32.874523958413036,32.874523958413036
4354,c,32.874523958413036,32.874523958413036
4355,c,32.874523958413036,32.874523958413036
4356,c,32.874523958413036,32.874523958413036
4357,t,32.874523958413036,32.874523958413036
4358,t,32.874523958413036,32.874523958413036
4359,c,32.874523958413036,32.874523958413036
4360,t,32.874523958413036,32.874523958413036
4361,c,32.874523958413036,32.874523958413036
4362,c,32.874523958413036,32.874523958413036
4363,c,32.874523958413036,32.874523958413036
4364,c,32.874523958413036,32.874523958413036
4365,c,32.874523958413036,32.874523958413036
4366,c,32.874523958413036,32.874523958413036
4367,t,32.874523958413036,32.874523958413036
4368,c,32.874523958413036,32.874523958413036
4369,t,32.874523958413036,32.874523958413036
4370,t,32.874523958413036,32.874523958413036
4371,t,32.874523958413036,32.874523958413036
4372,t,32.874523958413036,32.874523958413036
4373,t,32.874523958413036,32.874523958413036
4374,c,32.874523958413036,32.874523958413036
4375,t,32.874523958413036,32.874523958413036
4376,c,32.874523958413036,32.874523958413036
4377,t,32.874523958413036,32.874523958413036
4378,t,32.874523958413036,32.874523958413036
4379,t,32.874523958413036,32.874523958413036
4380,t,32.874523958413036,32.874523958413036
4381,c,32.874523958413036,32.874523958413036
4382,t,32.874523958413036,32.874523958413036
4383,t,32.874523958413036,32.874523958413036
4384,t,32.874523958413036,32.874523958413036
4385,c,32.874523958413036,32.874523958413036
4386,c,32.874523958413036,32.874523958413036
4387,c,32.874523958413036,32.874523958413036
4388,t,32.874523958413036,32.874523958413036
4389,t,32.874523958413036,32.874523958413036
4390,c,32.874523958413036,32.874523958413036
4391,c,32.874523958413036,32.874523958413036
4392,t,32.874523958413036,32.874523958413036
4393,t,32.874523958413036,32.874523958413036
4394,t,32.874523958413036,32.874523958413036
4395,c,32.874523958413036,32.874523958413036
4396,c,32.874523958413036,32.874523958413036
4397,t,32.874523958413036,32.874523958413036
4398,t,32.874523958413036,32.874523958413036
4399,t,32.874523958413036,32.874523958413036
4400,t,32.874523958413036,32.874523958413036
4401,t,32.874523958413036,32.874523958413036
4402,t,32.874523958413036,32.874523958413036
4403,t,32.874523958413036,32.874523958413036
4404,t,32.874523958413036,32.874523958413036
4405,c,32.874523958413036,32.874523958413036
4406,t,32.874523958413036,32.874523958413036
4407,c,32.874523958413036,32.874523958413036
4408,t,32.874523958413036,32.874523958413036
4409,c,32.874523958413036,32.874523958413036
4410,c,32.874523958413036,32.874523958413036
4411,t,32.874523958413036,32.874523958413036
4412,t,32.874523958413036,32.874523958413036
4413,t,32.874523958413036,32.874523958413036
4414,t,32.874523958413036,32.874523958413036
4415,c,32.874523958413036,32.874523958413036
4416,c,32.874523958413036,32.874523958413036
4417,t,32.874523958413036,32.874523958413036
4418,c,32.874523958413036,32.874523958413036
4419,t,32.874523958413036,32.874523958413036
4420,t,32.874523958413036,32.874523958413036
4421,t,32.874523958413036,32.874523958413036
4422,c,32.874523958413036,32.874523958413036
4423,t,32.874523958413036,32.874523958413036
4424,c,32.874523958413036,32.874523958413036
4425,t,32.874523958413036,32.874523958413036
4426,c,32.874523958413036,32.874523958413036
4427,c,32.874523958413036,32.874523958413036
4428,c,32.874523958413036,32.874523958413036
4429,c,32.874523958413036,32.874523958413036
4430,t,32.874523958413036,32.874523958413036
4431,t,32.874523958413036,32.874523958413036
4432,t,32.874523958413036,32.874523958413036
4433,t,32.874523958413036,32.874523958413036
4434,t,32.874523958413036,32.874523958413036
4435,t,32.874523958413036,32.874523958413036
4436,c,32.874523958413036,32.874523958413036
4437,t,32.874523958413036,32.874523958413036
4438,c,32.874523958413036,32.874523958413036
4439,c,32.874523958413036,32.874523958413036
4440,t,32.874523958413036,32.874523958413036
4441,c,32.874523958413036,32.874523958413036
4442,t,32.874523958413036,32.874523958413036
4443,t,32.874523958413036,32.874523958413036
4444,t,32.874523958413036,32.874523958413036
4445,c,32.874523958413036,32.874523958413036
4446,c,32.874523958413036,32.874523958413036
4447,t,32.874523958413036,32.874523958413036
4448,t,32.874523958413036,32.874523958413036
4449,c,32.874523958413036,32.874523958413036
4450,t,32.874523958413036,32.874523958413036
4451,c,32.874523958413036,32.874523958413036
4452,c,32.874523958413036,32.874523958413036
4453,c,32.874523958413036,32.874523958413036
4454,t,32.874523958413036,32.874523958413036
4455,na,-1,0
4456,c,32.874523958413036,32.874523958413036
4457,c,32.874523958413036,32.874523958413036
4458,c,32.874523958413036,32.874523958413036
4459,c,32.874523958413036,32.874523958413036
4460,t,32.874523958413036,32.874523958413036
4461,c,32.874523958413036,32.874523958413036
4462,t,32.874523958413036,32.874523958413036
4463,c,32.874523958413036,32.874523958413036
4464,t,32.874523958413036,32.874523958413036
4465,t,32.874523958413036,32.874523958413036
4466,t,32.874523958413036,32.874523958413036
4467,t,32.874523958413036,32.874523958413036
4468,t,32.874523958413036,32.874523958413036
4469,t,32.874523958413036,32.874523958413036
4470,t,32.874523958413036,32.874523958413036
4471,t,32.874523958413036,32.874523958413036
4472,c,32.874523958413036,32.874523958413036
4473,c,32.874523958413036,32.874523958413036
4474,t,32.874523958413036,32.874523958413036
4475,c,32.874523958413036,32.874523958413036
4476,t,32.874523958413036,32.874523958413036
4477,t,32.874523958413036,32.874523958413036
4478,t,32.874523958413036,32.874523958413036
4479,c,32.874523958413036,32.874523958413036
4480,t,32.874523958413036,32.874523958413036
4481,t,32.874523958413036,32.874523958413036
4482,t,32.874523958413036,32.874523958413036
4483,t,32.874523958413036,32.874523958413036
4484,c,32.874523958413036,32.874523958413036
4485,c,32.874523958413036,32.874523958413036
4486,t,32.874523958413036,32.874523958413036
4487,c,32.874523958413036,32.874523958413036
4488,t,32.874523958413036,32.874523958413036
4489,c,32.874523958413036,32.874523958413036
4490,c,32.874523958413036,32.874523958413036
4491,c,32.874523958413036,32.874523958413036
4492,t,32.874523958413036,32.874523958413036
4493,c,32.874523958413036,32.874523958413036
4494,c,32.874523958413036,32.874523958413036
4495,c,32.874523958413036,32.874523958413036
4496,c,32.874523958413036,32.874523958413036
4497,t,32.874523958413036,32.874523958413036
4498,t,32.874523958413036,32.874523958413036
4499,t,32.874523958413036,32.874523958413036
4500,c,32.874523958413036,32.874523958413036
4501,t,32.874523958413036,32.874523958413036
4502,t,32.874523958413036,32.874523958413036
4503,c,32.874523958413036,32.874523958413036
4504,t,32.874523958413036,32.874523958413036
4505,t,32.874523958413036,32.874523958413036
4506,c,32.874523958413036,32.874523958413036
4507,c,32.874523958413036,32.874523958413036
4508,c,32.874523958413036,32.874523958413036
4509,c,32.874523958413036,32.874523958413036
4510,t,32.874523958413036,32.874523958413036
4511,t,32.874523958413036,32.874523958413036
4512,t,32.874523958413036,32.874523958413036
4513,c,32.874523958413036,32.874523958413036
4514,c,32.874523958413036,32.874523958413036
4515,na,1.5569901439276461,2.618721197881451
4516,t,32.874523958413036,32.874523958413036
4517,c,32.874523958413036,32.874523958413036
4518,t,32.874523958413036,32.874523958413036
4519,c,32.874523958413036,32.874523958413036
4520,t,32.874523958413036,32.874523958413036
4521,c,32.874523958413036,32.874523958413036
4522,t,32.874523958413036,32.874523958413036
4523,t,32.874523958413036,32.874523958413036
4524,c,32.874523958413036,32.874523958413036
4525,c,32.874523958413036,32.874523958413036
4526,t,32.874523958413036,32.874523958413036
4527,t,32.874523958413036,32.874523958413036
4528,c,32.874523958413036,32.874523958413036
4529,t,32.874523958413036,32.874523958413036
4530,c,32.874523958413036,32.874523958413036
4531,c,32.874523958413036,32.874523958413036
4532,c,32.874523958413036,32.874523958413036
4533,c,32.874523958413036,32.874523958413036
4534,c,32.874523958413036,32.874523958413036
4535,t,32.874523958413036,32.874523958413036
4536,c,32.874523958413036,32.874523958413036
4537,c,32.874523958413036,32.874523958413036
4538,t,32.874523958413036,32.874523958413036
4539,t,32.874523958413036,32.874523958413036
4540,c,32.874523958413036,32.874523958413036
4541,c,32.874523958413036,32.874523958413036
4542,t,32.874523958413036,32.874523958413036
4543,t,32.874523958413036,32.874523958413036
4544,c,32.874523958413036,32.874523958413036
4545,c,32.874523958413036,32.874523958413036
4546,t,32.874523958413036,32.874523958413036
4547,t,32.874523958413036,32.874523958413036
4548,c,32.874523958413036,32.874523958413036
4549,t,32.874523958413036,32.874523958413036
4550,c,32.874523958413036,32.874523958413036
4551,c,32.874523958413036,32.874523958413036
4552,c,32.874523958413036,32.874523958413036
4553,t,32.874523958413036,32.874523958413036
4554,c,32.874523958413036,32.874523958413036
4555,c,32.874523958413036,32.874523958413036
4556,t,32.874523958413036,32.874523958413036
4557,t,32.874523958413036,32.874523958413036
4558,t,32.874523958413036,32.874523958413036
4559,c,32.874523958413036,32.874523958413036
4560,t,32.874523958413036,32.874523958413036
4561,t,32.874523958413036,32.874523958413036
4562,t,32.874523958413036,32.874523958413036
4563,c,32.874523958413036,32.874523958413036
4564,c,32.874523958413036,32.874523958413036
4565,c,32.874523958413036,32.874523958413036
4566,c,32.874523958413036,32.874523958413036
4567,t,32.874523958413036,32.874523958413036
4568,c,32.874523958413036,32.874523958413036
4569,c,32.874523958413036,32.874523958413036
4570,t,32.874523958413036,32.874523958413036
4571,t,32.874523958413036,32.874523958413036
4572,t,32.874523958413036,32.874523958413036
4573,t,32.874523958413036,32.874523958413036
4574,c,32.874523958413036,32.874523958413036
4575,t,32.874523958413036,32.874523958413036
4576,c,32.874523958413036,32.874523958413036
4577,t,32.874523958413036,32.874523958413036
4578,t,32.874523958413036,32.874523958413036
4579,t,32.874523958413036,32.874523958413036
4580,c,32.874523958413036,32.874523958413036
4581,c,32.874523958413036,32.874523958413036
4582,t,32.874523958413036,32.874523958413036
4583,c,32.874523958413036,32.874523958413036
4584,c,32.874523958413036,32.874523958413036
4585,t,32.874523958413036,32.874523958413036
4586,c,32.874523958413036,32.874523958413036
4587,c,32.874523958413036,32.874523958413036
4588,c,32.874523958413036,32.874523958413036
4589,c,32.874523958413036,32.874523958413036
4590,t,32.874523958413036,32.874523958413036
4591,t,32.874523958413036,32.874523958413036
4592,t,32.874523958413036,32.874523958413036
4593,c,32.874523958413036,32.874523958413036
4594,t,32.874523958413036,32.874523958413036
4595,t,32.874523958413036,32.874523958413036
4596,t,32.874523958413036,32.874523958413036
4597,c,32.874523958413036,32.874523958413036
4598,c,32.874523958413036,32.874523958413036
4599,t,32.874523958413036,32.874523958413036
4600,c,32.874523958413036,32.874523958413036
4601,c,32.874523958413036,32.874523958413036
4602,c,32.874523958413036,32.874523958413036
4603,c,32.874523958413036,32.874523958413036
4604,c,32.874523958413036,32.874523958413036
4605,t,32.874523958413036,32.874523958413036
4606,t,32.874523958413036,32.874523958413036
4607,c,6.287514922315402,6.886230551100621
4608,t,32.874523958413036,32.874523958413036
4609,t,32.874523958413036,32.874523958413036
4610,t,32.874523958413036,32.874523958413036
4611,t,32.874523958413036,32.874523958413036
4612,t,32.874523958413036,32.874523958413036
4613,t,32.874523958413036,32.874523958413036
4614,c,32.874523958413036,32.874523958413036
4615,t,32.874523958413036,32.874523958413036
4616,c,32.874523958413036,32.874523958413036
4617,c,32.874523958413036,32.874523958413036
4618,c,32.874523958413036,32.874523958413036
4619,t,32.874523958413036,32.874523958413036
4620,c,32.874523958413036,32.874523958413036
4621,t,32.874523958413036,32.874523958413036
4622,c,32.874523958413036,32.874523958413036
4623,c,32.874523958413036,32.874523958413036
4624,t,32.874523958413036,32.874523958413036
4625,t,32.874523958413036,32.874523958413036
4626,c,32.874523958413036,32.874523958413036
4627,c,32.874523958413036,32.874523958413036
4628,t,32.874523958413036,32.874523958413036
4629,c,32.874523958413036,32.874523958413036
4630,t,32.874523958413036,32.874523958413036
4631,c,32.874523958413036,32.874523958413036
4632,c,32.874523958413036,32.874523958413036
4633,t,32.874523958413036,32.874523958413036
4634,t,32.874523958413036,32.874523958413036
4635,c,32.874523958413036,32.874523958413036
4636,t,32.874523958413036,32.874523958413036
4637,c,32.874523958413036,32.874523958413036
4638,c,32.874523958413036,32.874523958413036
4639,t,32.874523958413036,32.874523958413036
4640,c,32.874523958413036,32.874523958413036
4641,c,32.874523958413036,32.874523958413036
4642,c,32.874523958413036,32.874523958413036
4643,c,32.874523958413036,32.874523958413036
4644,c,32.874523958413036,32.874523958413036
4645,c,32.874523958413036,32.874523958413036
4646,na,1.9029708021732052,2.4735181153299415
4647,t,32.874523958413036,32.874523958413036
4648,t,32.874523958413036,32.874523958413036
4649,t,32.874523958413036,32.874523958413036
4650,c,32.874523958413036,32.874523958413036
4651,t,32.874523958413036,32.874523958413036
4652,c,32.874523958413036,32.874523958413036
4653,c,32.874523958413036,32.874523958413036
4654,c,32.874523958413036,32.874523958413036
4655,c,32.874523958413036,32.874523958413036
4656,t,32.874523958413036,32.874523958413036
4657,t,32.874523958413036,32.874523958413036
4658,t,32.874523958413036,32.874523958413036
4659,t,32.874523958413036,32.874523958413036
4660,t,32.874523958413036,32.874523958413036
4661,t,32.874523958413036,32.874523958413036
4662,t,32.874523958413036,32.874523958413036
4663,t,32.874523958413036,32.874523958413036
4664,c,32.874523958413036,32.874523958413036
4665,t,32.874523958413036,32.874523958413036
4666,t,32.874523958413036,32.874523958413036
4667,c,32.874523958413036,32.874523958413036
4668,t,32.874523958413036,32.874523958413036
4669,c,32.874523958413036,32.874523958413036
4670,t,32.874523958413036,32.874523958413036
4671,t,32.874523958413036,32.874523958413036
4672,t,32.874523958413036,32.874523958413036
4673,c,32.874523958413036,32.874523958413036
4674,c,32.874523958413036,32.874523958413036
4675,t,32.874523958413036,32.874523958413036
4676,c,32.874523958413036,32.874523958413036
4677,t,32.874523958413036,32.874523958413036
4678,t,32.874523958413036,32.874523958413036
4679,t,32.874523958413036,32.874523958413036
4680,t,32.874523958413036,32.874523958413036
4681,t,32.874523958413036,32.874523958413036
4682,c,32.874523958413036,32.874523958413036
4683,t,32.874523958413036,32.874523958413036
4684,c,32.874523958413036,32.874523958413036
4685,c,32.874523958413036,32.874523958413036
4686,t,32.874523958413036,32.874523958413036
4687,c,32.874523958413036,32.874523958413036
4688,c,32.874523958413036,32.874523958413036
4689,t,32.874523958413036,32.874523958413036
4690,c,32.874523958413036,32.874523958413036
4691,c,32.874523958413036,32.874523958413036
4692,c,32.874523958413036,32.874523958413036
4693,t,32.874523958413036,32.874523958413036
4694,t,32.874523958413036,32.874523958413036
4695,t,32.874523958413036,32.874523958413036
4696,c,32.874523958413036,32.874523958413036
4697,c,32.874523958413036,32.874523958413036
4698,t,32.874523958413036,32.874523958413036
4699,t,32.874523958413036,32.874523958413036
4700,t,32.874523958413036,32.874523958413036
4701,c,32.874523958413036,32.874523958413036
4702,c,32.874523958413036,32.874523958413036
4703,c,32.874523958413036,32.874523958413036
4704,c,32.874523958413036,32.874523958413036
4705,t,32.874523958413036,32.874523958413036
4706,c,32.874523958413036,32.874523958413036
4707,c,32.874523958413036,32.874523958413036
4708,c,32.874523958413036,32.874523958413036
4709,t,32.874523958413036,32.874523958413036
4710,c,32.874523958413036,32.874523958413036
4711,c,32.874523958413036,32.874523958413036
4712,t,32.874523958413036,32.874523958413036
4713,c,32.874523958413036,32.874523958413036
4714,c,32.874523958413036,32.874523958413036
4715,c,32.874523958413036,32.874523958413036
4716,c,32.874523958413036,32.874523958413036
4717,c,32.874523958413036,32.874523958413036
4718,c,32.874523958413036,32.874523958413036
4719,c,32.874523958413036,32.874523958413036
4720,t,32.874523958413036,32.874523958413036
4721,c,32.874523958413036,32.874523958413036
4722,t,32.874523958413036,32.874523958413036
4723,c,32.874523958413036,32.874523958413036
4724,t,32.874523958413036,32.874523958413036
4725,t,32.874523958413036,32.874523958413036
4726,c,32.874523958413036,32.874523958413036
4727,t,32.874523958413036,32.874523958413036
4728,t,32.874523958413036,32.874523958413036
4729,c,32.874523958413036,32.874523958413036
4730,c,32.874523958413036,32.874523958413036
4731,t,32.874523958413036,32.874523958413036
4732,c,32.874523958413036,32.874523958413036
4733,c,32.874523958413036,32.874523958413036
4734,t,32.874523958413036,32.874523958413036
4735,t,32.874523958413036,32.874523958413036
4736,c,32.874523958413036,32.874523958413036
4737,t,32.874523958413036,32.874523958413036
4738,c,32.874523958413036,32.874523958413036
4739,t,32.874523958413036,32.874523958413036
4740,t,32.874523958413036,32.874523958413036
4741,t,32.874523958413036,32.874523958413036
4742,t,32.874523958413036,32.874523958413036
4743,c,32.874523958413036,32.874523958413036
4744,c,32.874523958413036,32.874523958413036
4745,t,32.874523958413036,32.874523958413036
4746,c,32.874523958413036,32.874523958413036
4747,c,32.874523958413036,32.874523958413036
4748,t,32.874523958413036,32.874523958413036
4749,t,32.874523958413036,32.874523958413036
4750,c,32.874523958413036,32.874523958413036
4751,c,32.874523958413036,32.874523958413036
4752,c,32.874523958413036,32.874523958413036
4753,t,32.874523958413036,32.874523958413036
4754,t,32.874523958413036,32.874523958413036
4755,c,32.874523958413036,32.874523958413036
4756,t,32.874523958413036,32.874523958413036
4757,c,32.874523958413036,32.874523958413036
4758,c,32.874523958413036,32.874523958413036
4759,t,32.874523958413036,32.874523958413036
4760,c,32.874523958413036,32.874523958413036
4761,c,32.874523958413036,32.874523958413036
4762,t,32.874523958413036,32.874523958413036
4763,c,32.874523958413036,32.874523958413036
4764,t,32.874523958413036,32.874523958413036
4765,c,32.874523958413036,32.874523958413036
4766,t,32.874523958413036,32.874523958413036
4767,t,32.874523958413036,32.874523958413036
4768,c,32.874523958413036,32.874523958413036
4769,c,32.874523958413036,32.874523958413036
4770,c,32.874523958413036,32.874523958413036
4771,t,32.874523958413036,32.874523958413036
4772,t,32.874523958413036,32.874523958413036
4773,t,32.874523958413036,32.874523958413036
4774,c,32.874523958413036,32.874523958413036
4775,c,32.874523958413036,32.874523958413036
4776,t,32.874523958413036,32.874523958413036
4777,c,32.874523958413036,32.874523958413036
4778,t,32.874523958413036,32.874523958413036
4779,c,32.874523958413036,32.874523958413036
4780,c,32.874523958413036,32.874523958413036
4781,t,32.874523958413036,32.874523958413036
4782,t,32.874523958413036,32.874523958413036
4783,t,32.874523958413036,32.874523958413036
4784,t,32.874523958413036,32.874523958413036
4785,c,32.874523958413036,32.874523958413036
4786,c,32.874523958413036,32.874523958413036
4787,t,32.874523958413036,32.874523958413036
4788,c,32.874523958413036,32.874523958413036
4789,t,32.874523958413036,32.874523958413036
4790,c,32.874523958413036,32.874523958413036
4791,t,32.874523958413036,32.874523958413036
4792,c,32.874523958413036,32.874523958413036
4793,c,32.874523958413036,32.874523958413036
4794,t,32.874523958413036,32.874523958413036
4795,t,32.874523958413036,32.874523958413036
4796,c,32.874523958413036,32.874523958413036
4797,t,32.874523958413036,32.874523958413036
4798,c,32.874523958413036,32.874523958413036
4799,t,32.874523958413036,32.874523958413036
4800,t,32.874523958413036,32.874523958413036
4801,t,32.874523958413036,32.874523958413036
4802,t,32.874523958413036,32.874523958413036
4803,c,32.874523958413036,32.874523958413036
4804,t,32.874523958413036,32.874523958413036
4805,c,32.874523958413036,32.874523958413036
4806,t,32.874523958413036,32.874523958413036
4807,c,32.874523958413036,32.874523958413036
4808,t,32.874523958413036,32.874523958413036
4809,c,32.874523958413036,32.874523958413036
4810,c,32.874523958413036,32.874523958413036
4811,t,32.874523958413036,32.874523958413036
4812,t,32.874523958413036,32.874523958413036
4813,t,32.874523958413036,32.874523958413036
4814,c,32.874523958413036,32.874523958413036
4815,t,32.874523958413036,32.874523958413036
4816,t,32.874523958413036,32.874523958413036
4817,t,32.874523958413036,32.874523958413036
4818,c,32.874523958413036,32.874523958413036
4819,t,32.874523958413036,32.874523958413036
4820,t,32.874523958413036,32.874523958413036
4821,t,32.874523958413036,32.874523958413036
4822,c,32.874523958413036,32.874523958413036
4823,c,32.874523958413036,32.874523958413036
4824,t,32.874523958413036,32.874523958413036
4825,t,32.874523958413036,32.874523958413036
4826,t,32.874523958413036,32.874523958413036
4827,c,32.874523958413036,32.874523958413036
4828,t,32.874523958413036,32.874523958413036
4829,t,32.874523958413036,32.874523958413036
4830,t,32.874523958413036,32.874523958413036
4831,t,32.874523958413036,32.874523958413036
4832,c,32.874523958413036,32.874523958413036
4833,c,32.874523958413036,32.874523958413036
4834,c,32.874523958413036,32.874523958413036
4835,t,32.874523958413036,32.874523958413036
4836,t,32.874523958413036,32.874523958413036
4837,c,32.874523958413036,32.874523958413036
4838,c,32.874523958413036,32.874523958413036
4839,t,32.874523958413036,32.874523958413036
4840,c,32.874523958413036,32.874523958413036
4841,c,32.874523958413036,32.874523958413036
4842,c,32.874523958413036,32.874523958413036
4843,t,32.874523958413036,32.874523958413036
4844,c,32.874523958413036,32.874523958413036
4845,t,32.874523958413036,32.874523958413036
4846,c,32.874523958413036,32.874523958413036
4847,t,32.874523958413036,32.874523958413036
4848,t,32.874523958413036,32.874523958413036
4849,c,32.874523958413036,32.874523958413036
4850,c,32.874523958413036,32.874523958413036
4851,c,32.874523958413036,32.874523958413036
4852,t,32.874523958413036,32.874523958413036
4853,c,32.874523958413036,32.874523958413036
4854,t,32.874523958413036,32.874523958413036
4855,t,32.874523958413036,32.874523958413036
4856,t,32.874523958413036,32.874523958413036
4857,t,32.874523958413036,32.874523958413036
4858,c,32.874523958413036,32.874523958413036
4859,t,32.874523958413036,32.874523958413036
4860,t,32.874523958413036,32.874523958413036
4861,c,32.874523958413036,32.874523958413036
4862,c,32.874523958413036,32.874523958413036
4863,c,32.874523958413036,32.874523958413036
4864,c,32.874523958413036,32.874523958413036
4865,c,32.874523958413036,32.874523958413036
4866,c,32.874523958413036,32.874523958413036
4867,c,32.874523958413036,32.874523958413036
4868,t,32.874523958413036,32.874523958413036
4869,c,32.874523958413036,32.874523958413036
4870,t,32.874523958413036,32.874523958413036
4871,t,32.874523958413036,32.874523958413036
4872,t,32.874523958413036,32.874523958413036
4873,c,32.874523958413036,32.874523958413036
4874,c,32.874523958413036,32.874523958413036
4875,t,32.874523958413036,32.874523958413036
4876,c,32.874523958413036,32.874523958413036
4877,t,32.874523958413036,32.874523958413036
4878,c,32.874523958413036,32.874523958413036
4879,t,32.874523958413036,32.874523958413036
4880,t,32.874523958413036,32.874523958413036
4881,t,32.874523958413036,32.874523958413036
4882,c,32.874523958413036,32.874523958413036
4883,c,32.874523958413036,32.874523958413036
4884,t,32.874523958413036,32.874523958413036
4885,c,32.874523958413036,32.874523958413036
4886,t,32.874523958413036,32.874523958413036
4887,c,32.874523958413036,32.874523958413036
4888,t,32.874523958413036,32.874523958413036
4889,c,32.874523958413036,32.874523958413036
4890,c,32.874523958413036,32.874523958413036
4891,t,32.874523958413036,32.874523958413036
4892,t,32.874523958413036,32.874523958413036
4893,t,32.874523958413036,32.874523958413036
4894,t,32.874523958413036,32.874523958413036
4895,t,32.874523958413036,32.874523958413036
4896,t,32.874523958413036,32.874523958413036
4897,c,32.874523958413036,32.874523958413036
4898,c,4.51219452868304,5.348156808166981
4899,t,32.874523958413036,32.874523958413036
4900,c,32.874523958413036,32.874523958413036
4901,c,32.874523958413036,32.874523958413036
4902,c,32.874523958413036,32.874523958413036
4903,t,32.874523958413036,32.874523958413036
4904,c,32.874523958413036,32.874523958413036
4905,t,32.874523958413036,32.874523958413036
4906,c,32.874523958413036,32.874523958413036
4907,c,32.874523958413036,32.874523958413036
4908,t,32.874523958413036,32.874523958413036
4909,t,32.874523958413036,32.874523958413036
4910,c,32.874523958413036,32.874523958413036
4911,c,32.874523958413036,32.874523958413036
4912,c,32.874523958413036,32.874523958413036
4913,t,32.874523958413036,32.874523958413036
4914,c,32.874523958413036,32.874523958413036
4915,c,32.874523958413036,32.874523958413036
4916,t,32.874523958413036,32.874523958413036
4917,t,32.874523958413036,32.874523958413036
4918,t,32.874523958413036,32.874523958413036
4919,c,32.874523958413036,32.874523958413036
4920,t,32.874523958413036,32.874523958413036
4921,c,32.874523958413036,32.874523958413036
4922,t,32.874523958413036,32.874523958413036
4923,t,32.874523958413036,32.874523958413036
4924,c,32.874523958413036,32.874523958413036
4925,c,32.874523958413036,32.874523958413036
4926,t,32.874523958413036,32.874523958413036
4927,t,32.874523958413036,32.874523958413036
4928,na,4.3744934522150425,5.495265672499926
4929,c,32.874523958413036,32.874523958413036
4930,t,32.874523958413036,32.874523958413036
4931,c,32.874523958413036,32.874523958413036
4932,t,32.874523958413036,32.874523958413036
4933,t,32.874523958413036,32.874523958413036
4934,c,32.874523958413036,32.874523958413036
4935,t,32.874523958413036,32.874523958413036
4936,t,32.874523958413036,32.874523958413036
4937,t,32.874523958413036,32.874523958413036
4938,t,32.874523958413036,32.874523958413036
4939,t,32.874523958413036,32.874523958413036
4940,c,32.874523958413036,32.874523958413036
4941,c,32.874523958413036,32.874523958413036
4942,c,32.874523958413036,32.874523958413036
4943,c,32.874523958413036,32.874523958413036
4944,c,32.874523958413036,32.874523958413036
4945,c,32.874523958413036,32.874523958413036
4946,t,32.874523958413036,32.874523958413036
4947,t,32.874523958413036,32.874523958413036
4948,c,32.874523958413036,32.874523958413036
4949,c,32.874523958413036,32.874523958413036
4950,t,32.874523958413036,32.874523958413036
4951,t,32.874523958413036,32.874523958413036
4952,c,32.874523958413036,32.874523958413036
4953,t,32.874523958413036,32.874523958413036
4954,t,32.874523958413036,32.874523958413036
4955,t,32.874523958413036,32.874523958413036
4956,c,32.874523958413036,32.874523958413036
4957,c,32.874523958413036,32.874523958413036
4958,c,32.874523958413036,32.874523958413036
4959,t,32.874523958413036,32.874523958413036
4960,t,32.874523958413036,32.874523958413036
4961,c,32.874523958413036,32.874523958413036
4962,t,32.874523958413036,32.874523958413036
4963,c,32.874523958413036,32.874523958413036
4964,c,32.874523958413036,32.874523958413036
4965,c,32.874523958413036,32.874523958413036
4966,t,32.874523958413036,32.874523958413036
4967,c,32.874523958413036,32.874523958413036
4968,c,32.874523958413036,32.874523958413036
4969,c,32.874523958413036,32.874523958413036
4970,c,32.874523958413036,32.874523958413036
4971,t,32.874523958413036,32.874523958413036
4972,t,32.874523958413036,32.874523958413036
4973,c,32.874523958413036,32.874523958413036
4974,na,-1,0
4975,t,32.874523958413036,32.874523958413036
4976,c,32.874523958413036,32.874523958413036
4977,t,32.874523958413036,32.874523958413036
4978,t,32.874523958413036,32.874523958413036
4979,t,32.874523958413036,32.874523958413036
4980,t,32.874523958413036,32.874523958413036
4981,na,0.18750959249881363,8.235241572617925
4982,c,32.874523958413036,32.874523958413036
4983,t,32.874523958413036,32.874523958413036
4984,t,32.874523958413036,32.874523958413036
4985,t,32.874523958413036,32.874523958413036
4986,c,32.874523958413036,32.874523958413036
4987,t,32.874523958413036,32.874523958413036
4988,t,32.874523958413036,32.874523958413036
4989,c,32.874523958413036,32.874523958413036
4990,c,32.874523958413036,32.874523958413036
4991,c,32.874523958413036,32.874523958413036
4992,t,32.874523958413036,32.874523958413036
4993,t,32.874523958413036,32.874523958413036
4994,t,32.874523958413036,32.874523958413036
4995,c,32.874523958413036,32.874523958413036
4996,c,32.874523958413036,32.874523958413036
4997,c,32.874523958413036,32.874523958413036
4998,t,32.874523958413036,32.874523958413036
4999,c,32.874523958413036,32.874523958413036
5000,t,32.874523958413036,32.874523958413036
5001,c,32.874523958413036,32.874523958413036
5002,c,32.874523958413036,32.874523958413036
5003,c,32.874523958413036,32.874523958413036
5004,t,32.874523958413036,32.874523958413036
5005,t,32.874523958413036,32.874523958413036
5006,c,32.874523958413036,32.874523958413036
5007,t,32.874523958413036,32.874523958413036
5008,t,32.874523958413036,32.874523958413036
5009,c,32.874523958413036,32.874523958413036
5010,na,-1,0
5011,t,32.874523958413036,32.874523958413036
5012,t,32.874523958413036,32.874523958413036
5013,c,32.874523958413036,32.874523958413036
5014,t,32.874523958413036,32.874523958413036
5015,t,32.874523958413036,32.874523958413036
5016,c,32.874523958413036,32.874523958413036
5017,c,32.874523958413036,32.874523958413036
5018,na,6.482703190157911,32.874523958413036
5019,t,32.874523958413036,32.874523958413036
5020,c,32.874523958413036,32.874523958413036
5021,t,32.874523958413036,32.874523958413036
5022,t,32.874523958413036,32.874523958413036
5023,c,32.874523958413036,32.874523958413036
5024,t,32.874523958413036,32.874523958413036
5025,t,32.874523958413036,32.874523958413036
5026,t,32.874523958413036,32.874523958413036
5027,t,32.874523958413036,32.874523958413036
5028,c,32.874523958413036,32.874523958413036
5029,t,32.874523958413036,32.874523958413036
5030,t,32.874523958413036,32.874523958413036
5031,c,32.874523958413036,32.874523958413036
5032,c,32.874523958413036,32.874523958413036
5033,c,32.874523958413036,32.874523958413036
5034,t,32.874523958413036,32.874523958413036
5035,t,32.874523958413036,32.874523958413036
5036,c,32.874523958413036,32.874523958413036
5037,t,32.874523958413036,32.874523958413036
5038,c,32.874523958413036,32.874523958413036
5039,c,32.874523958413036,32.874523958413036
5040,c,32.874523958413036,32.874523958413036
5041,c,32.874523958413036,32.874523958413036
5042,t,32.874523958413036,32.874523958413036
5043,t,32.874523958413036,32.874523958413036
5044,c,32.874523958413036,32.874523958413036
5045,c,32.874523958413036,32.874523958413036
5046,c,32.874523958413036,32.874523958413036
5047,c,32.874523958413036,32.874523958413036
5048,t,32.874523958413036,32.874523958413036
5049,c,32.874523958413036,32.874523958413036
5050,c,32.874523958413036,32.874523958413036
5051,t,32.874523958413036,32.874523958413036
5052,t,32.874523958413036,32.874523958413036
5053,t,32.874523958413036,32.874523958413036
5054,t,32.874523958413036,32.874523958413036
5055,t,32.874523958413036,32.874523958413036
5056,c,32.874523958413036,32.874523958413036
5057,t,32.874523958413036,32.874523958413036
5058,t,32.874523958413036,32.874523958413036
5059,t,32.874523958413036,32.874523958413036
5060,c,32.874523958413036,32.874523958413036
5061,t,32.874523958413036,32.874523958413036
5062,t,32.874523958413036,32.874523958413036
5063,t,32.874523958413036,32.874523958413036
5064,c,32.874523958413036,32.874523958413036
5065,c,32.874523958413036,32.874523958413036
5066,c,32.874523958413036,32.874523958413036
5067,t,32.874523958413036,32.874523958413036
5068,t,32.874523958413036,32.874523958413036
5069,t,32.874523958413036,32.874523958413036
5070,t,32.874523958413036,32.874523958413036
5071,t,32.874523958413036,32.874523958413036
5072,t,32.874523958413036,32.874523958413036
5073,t,32.874523958413036,32.874523958413036
5074,t,32.874523958413036,32.874523958413036
5075,t,32.874523958413036,32.874523958413036
5076,t,32.874523958413036,32.874523958413036
5077,c,32.874523958413036,32.874523958413036
5078,c,32.874523958413036,32.874523958413036
5079,c,32.874523958413036,32.874523958413036
5080,c,32.874523958413036,32.874523958413036
5081,c,32.874523958413036,32.874523958413036
5082,c,32.874523958413036,32.874523958413036
5083,c,32.874523958413036,32.874523958413036
5084,t,32.874523958413036,32.874523958413036
5085,c,32.874523958413036,32.874523958413036
5086,c,32.874523958413036,32.874523958413036
5087,t,32.874523958413036,32.874523958413036
5088,t,32.874523958413036,32.874523958413036
5089,c,32.874523958413036,32.874523958413036
5090,t,32.874523958413036,32.874523958413036
5091,c,32.874523958413036,32.874523958413036
5092,c,32.874523958413036,32.874523958413036
5093,t,32.874523958413036,32.874523958413036
5094,c,32.874523958413036,32.874523958413036
5095,c,32.874523958413036,32.874523958413036
5096,c,32.874523958413036,32.874523958413036
5097,t,32.874523958413036,32.874523958413036
5098,t,32.874523958413036,32.874523958413036
5099,t,32.874523958413036,32.874523958413036
5100,t,32.874523958413036,32.874523958413036
5101,c,32.874523958413036,32.874523958413036
5102,c,32.874523958413036,32.874523958413036
5103,t,32.874523958413036,32.874523958413036
5104,t,32.874523958413036,32.874523958413036
5105,c,32.874523958413036,32.874523958413036
5106,t,32.874523958413036,32.874523958413036
5107,c,32.874523958413036,32.874523958413036
5108,c,32.874523958413036,32.874523958413036
5109,c,32.874523958413036,32.874523958413036
5110,t,32.874523958413036,32.874523958413036
5111,t,32.874523958413036,32.874523958413036
5112,t,32.874523958413036,32.874523958413036
5113,c,32.874523958413036,32.874523958413036
5114,c,32.874523958413036,32.874523958413036
5115,c,32.874523958413036,32.874523958413036
5116,c,32.874523958413036,32.874523958413036
5117,c,32.874523958413036,32.874523958413036
5118,t,32.874523958413036,32.874523958413036
5119,t,32.874523958413036,32.874523958413036
5120,t,32.874523958413036,32.874523958413036
5121,t,32.874523958413036,32.874523958413036
5122,t,32.874523958413036,32.874523958413036
5123,c,32.874523958413036,32.874523958413036
5124,c,32.874523958413036,32.874523958413036
5125,c,32.874523958413036,32.874523958413036
5126,c,32.874523958413036,32.874523958413036
5127,c,32.874523958413036,32.874523958413036
5128,t,32.874523958413036,32.874523958413036
5129,t,32.874523958413036,32.874523958413036
5130,t,32.874523958413036,32.874523958413036
5131,t,32.874523958413036,32.874523958413036
5132,c,32.874523958413036,32.874523958413036
5133,t,32.874523958413036,32.874523958413036
5134,c,32.874523958413036,32.874523958413036
5135,c,32.874523958413036,32.874523958413036
5136,t,32.874523958413036,32.874523958413036
5137,c,32.874523958413036,32.874523958413036
5138,c,32.874523958413036,32.874523958413036
5139,t,32.874523958413036,32.874523958413036
5140,t,32.874523958413036,32.874523958413036
5141,t,32.874523958413036,32.874523958413036
5142,t,32.874523958413036,32.874523958413036
5143,t,32.874523958413036,32.874523958413036
5144,t,32.874523958413036,32.874523958413036
5145,c,32.874523958413036,32.874523958413036
5146,t,32.874523958413036,32.874523958413036
5147,t,32.874523958413036,32.874523958413036
5148,t,32.874523958413036,32.874523958413036
5149,c,32.874523958413036,32.874523958413036
5150,t,32.874523958413036,32.874523958413036
5151,t,32.874523958413036,32.874523958413036
5152,c,32.874523958413036,32.874523958413036
5153,c,32.874523958413036,32.874523958413036
5154,t,32.874523958413036,32.874523958413036
5155,t,32.874523958413036,32.874523958413036
5156,c,32.874523958413036,32.874523958413036
5157,c,32.874523958413036,32.874523958413036
5158,t,32.874523958413036,32.874523958413036
5159,t,32.874523958413036,32.874523958413036
5160,t,32.874523958413036,32.874523958413036
5161,t,32.874523958413036,32.874523958413036
5162,c,32.874523958413036,32.874523958413036
5163,c,32.874523958413036,32.874523958413036
5164,c,32.874523958413036,32.874523958413036
5165,t,32.874523958413036,32.874523958413036
5166,c,32.874523958413036,32.874523958413036
5167,c,32.874523958413036,32.874523958413036
5168,c,32.874523958413036,32.874523958413036
5169,c,32.874523958413036,32.874523958413036
5170,t,32.874523958413036,32.874523958413036
5171,t,32.874523958413036,32.874523958413036
5172,na,2.784238595234121,6.14590196420482
5173,t,32.874523958413036,32.874523958413036
5174,c,32.874523958413036,32.874523958413036
5175,c,32.874523958413036,32.874523958413036
5176,t,32.874523958413036,32.874523958413036
5177,c,32.874523958413036,32.874523958413036
5178,t,32.874523958413036,32.874523958413036
5179,t,32.874523958413036,32.874523958413036
5180,c,32.874523958413036,32.874523958413036
5181,c,32.874523958413036,32.874523958413036
5182,t,32.874523958413036,32.874523958413036
5183,t,32.874523958413036,32.874523958413036
5184,t,32.874523958413036,32.874523958413036
5185,c,32.874523958413036,32.874523958413036
5186,c,32.874523958413036,32.874523958413036
5187,c,32.874523958413036,32.874523958413036
5188,c,32.874523958413036,32.874523958413036
5189,c,32.874523958413036,32.874523958413036
5190,t,32.874523958413036,32.874523958413036
5191,t,32.874523958413036,32.874523958413036
5192,t,32.874523958413036,32.874523958413036
5193,t,32.874523958413036,32.874523958413036
5194,c,32.874523958413036,32.874523958413036
5195,t,32.874523958413036,32.874523958413036
5196,c,32.874523958413036,32.874523958413036
5197,t,32.874523958413036,32.874523958413036
5198,t,32.874523958413036,32.874523958413036
5199,t,32.874523958413036,32.874523958413036
5200,t,32.874523958413036,32.874523958413036
5201,t,32.874523958413036,32.874523958413036
5202,t,32.874523958413036,32.874523958413036
5203,c,32.874523958413036,32.874523958413036
5204,c,32.874523958413036,32.874523958413036
5205,c,32.874523958413036,32.874523958413036
5206,t,32.874523958413036,32.874523958413036
5207,t,32.874523958413036,32.874523958413036
5208,c,32.874523958413036,32.874523958413036
5209,t,32.874523958413036,32.874523958413036
5210,t,32.874523958413036,32.874523958413036
5211,t,32.874523958413036,32.874523958413036
5212,c,32.874523958413036,32.874523958413036
5213,t,32.874523958413036,32.874523958413036
5214,t,32.874523958413036,32.874523958413036
5215,c,32.874523958413036,32.874523958413036
5216,t,32.874523958413036,32.874523958413036
5217,t,32.874523958413036,32.874523958413036
5218,t,32.874523958413036,32.874523958413036
5219,t,32.874523958413036,32.874523958413036
5220,t,32.874523958413036,32.874523958413036
5221,c,32.874523958413036,32.874523958413036
5222,c,32.874523958413036,32.874523958413036
5223,c,32.874523958413036,32.874523958413036
5224,t,32.874523958413036,32.874523958413036
5225,t,32.874523958413036,32.874523958413036
5226,t,32.874523958413036,32.874523958413036
5227,t,32.874523958413036,32.874523958413036
5228,c,32.874523958413036,32.874523958413036
5229,t,32.874523958413036,32.874523958413036
5230,t,32.874523958413036,32.874523958413036
5231,t,32.874523958413036,32.874523958413036
5232,c,32.874523958413036,32.874523958413036
5233,t,32.874523958413036,32.874523958413036
5234,t,32.874523958413036,32.874523958413036
5235,c,32.874523958413036,32.874523958413036
5236,t,32.874523958413036,32.874523958413036
5237,c,32.874523958413036,32.874523958413036
5238,t,32.874523958413036,32.874523958413036
5239,c,32.874523958413036,32.874523958413036
5240,na,-1,0
5241,c,32.874523958413036,32.874523958413036
5242,c,32.874523958413036,32.874523958413036
5243,t,32.874523958413036,32.874523958413036
5244,t,32.874523958413036,32.874523958413036
5245,c,32.874523958413036,32.874523958413036
5246,c,32.874523958413036,32.874523958413036
5247,c,32.874523958413036,32.874523958413036
5248,c,32.874523958413036,32.874523958413036
5249,c,32.874523958413036,32.874523958413036
5250,t,32.874523958413036,32.874523958413036
5251,t,32.874523958413036,32.874523958413036
5252,c,32.874523958413036,32.874523958413036
5253,t,32.874523958413036,32.874523958413036
5254,c,32.874523958413036,32.874523958413036
5255,t,32.874523958413036,32.874523958413036
5256,t,32.874523958413036,32.874523958413036
5257,t,32.874523958413036,32.874523958413036
5258,c,32.874523958413036,32.874523958413036
5259,c,32.874523958413036,32.874523958413036
5260,t,32.874523958413036,32.874523958413036
5261,c,32.874523958413036,32.874523958413036
5262,t,32.874523958413036,32.874523958413036
5263,c,32.874523958413036,32.874523958413036
5264,t,32.874523958413036,32.874523958413036
5265,c,32.874523958413036,32.874523958413036
5266,t,32.874523958413036,32.874523958413036
5267,c,32.874523958413036,32.874523958413036
5268,t,32.874523958413036,32.874523958413036
5269,c,32.874523958413036,32.874523958413036
5270,t,32.874523958413036,32.874523958413036
5271,c,32.874523958413036,32.874523958413036
5272,t,32.874523958413036,32.874523958413036
5273,c,32.874523958413036,32.874523958413036
5274,t,32.874523958413036,32.874523958413036
5275,c,32.874523958413036,32.874523958413036
5276,t,32.874523958413036,32.874523958413036
5277,c,32.874523958413036,32.874523958413036
5278,t,32.874523958413036,32.874523958413036
5279,c,32.874523958413036,32.874523958413036
5280,c,32.874523958413036,32.874523958413036
5281,c,32.874523958413036,32.874523958413036
5282,c,32.874523958413036,32.874523958413036
5283,c,32.874523958413036,32.874523958413036
5284,c,32.874523958413036,32.874523958413036
5285,t,32.874523958413036,32.874523958413036
5286,c,32.874523958413036,32.874523958413036
5287,t,32.874523958413036,32.874523958413036
5288,c,32.874523958413036,32.874523958413036
5289,t,32.874523958413036,32.874523958413036
5290,t,32.874523958413036,32.874523958413036
5291,c,32.874523958413036,32.874523958413036
5292,c,32.874523958413036,32.874523958413036
5293,c,32.874523958413036,32.874523958413036
5294,t,32.874523958413036,32.874523958413036
5295,t,32.874523958413036,32.874523958413036
5296,t,32.874523958413036,32.874523958413036
5297,c,32.874523958413036,32.874523958413036
5298,c,32.874523958413036,32.874523958413036
5299,t,32.874523958413036,32.874523958413036
5300,c,32.874523958413036,32.874523958413036
5301,c,32.874523958413036,32.874523958413036
5302,c,32.874523958413036,32.874523958413036
5303,t,32.874523958413036,32.874523958413036
5304,t,32.874523958413036,32.874523958413036
5305,c,32.874523958413036,32.874523958413036
5306,c,32.874523958413036,32.874523958413036
5307,c,32.874523958413036,32.874523958413036
5308,t,32.874523958413036,32.874523958413036
5309,t,32.874523958413036,32.874523958413036
5310,t,32.874523958413036,32.874523958413036
5311,t,32.874523958413036,32.874523958413036
5312,c,32.874523958413036,32.874523958413036
5313,t,32.874523958413036,32.874523958413036
5314,c,32.874523958413036,32.874523958413036
5315,t,32.874523958413036,32.874523958413036
5316,t,32.874523958413036,32.874523958413036
5317,t,32.874523958413036,32.874523958413036
5318,t,32.874523958413036,32.874523958413036
5319,t,32.874523958413036,32.874523958413036
5320,t,32.874523958413036,32.874523958413036
5321,c,32.874523958413036,32.874523958413036
5322,t,32.874523958413036,32.874523958413036
5323,t,32.874523958413036,32.874523958413036
5324,c,32.874523958413036,32.874523958413036
5325,c,32.874523958413036,32.874523958413036
5326,t,32.874523958413036,32.874523958413036
5327,t,32.874523958413036,32.874523958413036
5328,t,32.874523958413036,32.874523958413036
5329,t,32.874523958413036,32.874523958413036
5330,t,32.874523958413036,32.874523958413036
5331,c,32.874523958413036,32.874523958413036
5332,t,32.874523958413036,32.874523958413036
5333,c,32.874523958413036,32.874523958413036
5334,c,32.874523958413036,32.874523958413036
5335,c,32.874523958413036,32.874523958413036
5336,c,32.874523958413036,32.874523958413036
5337,c,32.874523958413036,32.874523958413036
5338,c,32.874523958413036,32.874523958413036
5339,c,32.874523958413036,32.874523958413036
5340,c,32.874523958413036,32.874523958413036
5341,t,32.874523958413036,32.874523958413036
5342,t,32.874523958413036,32.874523958413036
5343,c,32.874523958413036,32.874523958413036
5344,c,32.874523958413036,32.874523958413036
5345,t,32.874523958413036,32.874523958413036
5346,t,32.874523958413036,32.874523958413036
5347,c,32.874523958413036,32.874523958413036
5348,t,32.874523958413036,32.874523958413036
5349,c,32.874523958413036,32.874523958413036
5350,c,32.874523958413036,32.874523958413036
5351,t,32.874523958413036,32.874523958413036
5352,c,32.874523958413036,32.874523958413036
5353,c,32.874523958413036,32.874523958413036
5354,c,32.874523958413036,32.874523958413036
5355,c,32.874523958413036,32.874523958413036
5356,c,32.874523958413036,32.874523958413036
5357,c,32.874523958413036,32.874523958413036
5358,t,32.874523958413036,32.874523958413036
5359,c,32.874523958413036,32.874523958413036
5360,t,32.874523958413036,32.874523958413036
5361,t,32.874523958413036,32.874523958413036
5362,c,6.656715445505138,12.006001285089182
5363,c,32.874523958413036,32.874523958413036
5364,c,32.874523958413036,32.874523958413036
5365,t,32.874523958413036,32.874523958413036
5366,c,32.874523958413036,32.874523958413036
5367,t,32.874523958413036,32.874523958413036
5368,t,32.874523958413036,32.874523958413036
5369,c,32.874523958413036,32.874523958413036
5370,c,32.874523958413036,32.874523958413036
5371,na,0.030111326223596,4.902831860709583
5372,t,32.874523958413036,32.874523958413036
5373,t,32.874523958413036,32.874523958413036
5374,c,32.874523958413036,32.874523958413036
5375,c,32.874523958413036,32.874523958413036
5376,c,32.874523958413036,32.874523958413036
5377,c,32.874523958413036,32.874523958413036
5378,c,32.874523958413036,32.874523958413036
5379,t,32.874523958413036,32.874523958413036
5380,t,32.874523958413036,32.874523958413036
5381,c,32.874523958413036,32.874523958413036
5382,t,32.874523958413036,32.874523958413036
5383,t,32.874523958413036,32.874523958413036
5384,c,32.874523958413036,32.874523958413036
5385,c,32.874523958413036,32.874523958413036
5386,c,32.874523958413036,32.874523958413036
5387,c,32.874523958413036,32.874523958413036
5388,t,32.874523958413036,32.874523958413036
5389,c,32.874523958413036,32.874523958413036
5390,c,32.874523958413036,32.874523958413036
5391,c,32.874523958413036,32.874523958413036
5392,c,32.874523958413036,32.874523958413036
5393,t,32.874523958413036,32.874523958413036
5394,t,32.874523958413036,32.874523958413036
5395,c,32.874523958413036,32.874523958413036
5396,c,32.874523958413036,32.874523958413036
5397,c,32.874523958413036,32.874523958413036
5398,t,32.874523958413036,32.874523958413036
5399,c,32.874523958413036,32.874523958413036
5400,t,32.874523958413036,32.874523958413036
5401,na,12.795663919907117,17.259884759010617
5402,t,32.874523958413036,32.874523958413036
5403,c,32.874523958413036,32.874523958413036
5404,t,32.874523958413036,32.874523958413036
5405,t,32.874523958413036,32.874523958413036
5406,c,32.874523958413036,32.874523958413036
5407,t,32.874523958413036,32.874523958413036
5408,c,32.874523958413036,32.874523958413036
5409,c,32.874523958413036,32.874523958413036
5410,t,32.874523958413036,32.874523958413036
5411,t,32.874523958413036,32.874523958413036
5412,t,32.874523958413036,32.874523958413036
5413,c,32.874523958413036,32.874523958413036
5414,c,32.874523958413036,32.874523958413036
5415,t,32.874523958413036,32.874523958413036
5416,c,32.874523958413036,32.874523958413036
5417,na,-1,0
5418,c,32.874523958413036,32.874523958413036
5419,t,32.874523958413036,32.874523958413036
5420,t,32.874523958413036,32.874523958413036
5421,c,32.874523958413036,32.874523958413036
5422,t,32.874523958413036,32.874523958413036
5423,t,32.874523958413036,32.874523958413036
5424,c,32.874523958413036,32.874523958413036
5425,c,32.874523958413036,32.874523958413036
5426,c,32.874523958413036,32.874523958413036
5427,t,32.874523958413036,32.874523958413036
5428,c,32.874523958413036,32.874523958413036
5429,c,32.874523958413036,32.874523958413036
5430,c,32.874523958413036,32.874523958413036
5431,t,32.874523958413036,32.874523958413036
5432,t,32.874523958413036,32.874523958413036
5433,c,32.874523958413036,32.874523958413036
5434,c,32.874523958413036,32.874523958413036
5435,c,32.874523958413036,32.874523958413036
5436,c,32.874523958413036,32.874523958413036
5437,t,32.874523958413036,32.874523958413036
5438,t,32.874523958413036,32.874523958413036
5439,c,32.874523958413036,32.874523958413036
5440,c,32.874523958413036,32.874523958413036
5441,c,32.874523958413036,32.874523958413036
5442,t,32.874523958413036,32.874523958413036
5443,c,32.874523958413036,32.874523958413036
5444,c,32.874523958413036,32.874523958413036
5445,c,32.874523958413036,32.874523958413036
5446,t,32.874523958413036,32.874523958413036
5447,t,32.874523958413036,32.874523958413036
5448,c,32.874523958413036,32.874523958413036
5449,c,32.874523958413036,32.874523958413036
5450,c,32.874523958413036,32.874523958413036
5451,c,32.874523958413036,32.874523958413036
5452,c,32.874523958413036,32.874523958413036
5453,c,32.874523958413036,32.874523958413036
5454,c,32.874523958413036,32.874523958413036
5455,c,32.874523958413036,32.874523958413036
5456,c,32.874523958413036,32.874523958413036
5457,c,32.874523958413036,32.874523958413036
5458,c,32.874523958413036,32.874523958413036
5459,t,32.874523958413036,32.874523958413036
5460,t,32.874523958413036,32.874523958413036
5461,t,32.874523958413036,32.874523958413036
5462,t,32.874523958413036,32.874523958413036
5463,t,32.874523958413036,32.874523958413036
5464,t,32.874523958413036,32.874523958413036
5465,c,32.874523958413036,32.874523958413036
5466,c,32.874523958413036,32.874523958413036
5467,na,1.8456868849144499,5.7071173856030795
5468,t,32.874523958413036,32.874523958413036
5469,c,32.874523958413036,32.874523958413036
5470,t,32.874523958413036,32.874523958413036
5471,c,32.874523958413036,32.874523958413036
5472,c,32.874523958413036,32.874523958413036
5473,t,32.874523958413036,32.874523958413036
5474,t,32.874523958413036,32.874523958413036
5475,t,32.874523958413036,32.874523958413036
5476,t,32.874523958413036,32.874523958413036
5477,c,32.874523958413036,32.874523958413036
5478,t,32.874523958413036,32.874523958413036
5479,t,32.874523958413036,32.874523958413036
5480,c,32.874523958413036,32.874523958413036
5481,c,32.874523958413036,32.874523958413036
5482,t,32.874523958413036,32.874523958413036
5483,t,32.874523958413036,32.874523958413036
5484,c,32.874523958413036,32.874523958413036
5485,t,32.874523958413036,32.874523958413036
5486,c,32.874523958413036,32.874523958413036
5487,c,32.874523958413036,32.874523958413036
5488,c,32.874523958413036,32.874523958413036
5489,c,32.874523958413036,32.874523958413036
5490,c,32.874523958413036,32.874523958413036
5491,t,32.874523958413036,32.874523958413036
5492,t,32.874523958413036,32.874523958413036
5493,c,32.874523958413036,32.874523958413036
5494,c,32.874523958413036,32.874523958413036
5495,t,32.874523958413036,32.874523958413036
5496,t,32.874523958413036,32.874523958413036
5497,c,32.874523958413036,32.874523958413036
5498,c,32.874523958413036,32.874523958413036
5499,c,32.874523958413036,32.874523958413036
5500,t,32.874523958413036,32.874523958413036
5501,c,32.874523958413036,32.874523958413036
5502,c,32.874523958413036,32.874523958413036
5503,c,32.874523958413036,32.874523958413036
5504,t,32.874523958413036,32.874523958413036
5505,t,32.874523958413036,32.874523958413036
5506,c,32.874523958413036,32.874523958413036
5507,c,32.874523958413036,32.874523958413036
5508,t,32.874523958413036,32.874523958413036
5509,t,32.874523958413036,32.874523958413036
5510,c,32.874523958413036,32.874523958413036
5511,c,32.874523958413036,32.874523958413036
5512,t,32.874523958413036,32.874523958413036
5513,t,32.874523958413036,32.874523958413036
5514,c,32.874523958413036,32.874523958413036
5515,c,32.874523958413036,32.874523958413036
5516,t,32.874523958413036,32.874523958413036
5517,c,32.874523958413036,32.874523958413036
5518,c,32.874523958413036,32.874523958413036
5519,c,32.874523958413036,32.874523958413036
5520,c,32.874523958413036,32.874523958413036
5521,c,32.874523958413036,32.874523958413036
5522,t,32.874523958413036,32.874523958413036
5523,c,32.874523958413036,32.874523958413036
5524,t,32.874523958413036,32.874523958413036
5525,c,32.874523958413036,32.874523958413036
5526,t,32.874523958413036,32.874523958413036
5527,c,32.874523958413036,32.874523958413036
5528,c,32.874523958413036,32.874523958413036
5529,c,8.902854362552702,10.206171755133898
5530,c,32.874523958413036,32.874523958413036
5531,c,32.874523958413036,32.874523958413036
5532,c,32.874523958413036,32.874523958413036
5533,t,32.874523958413036,32.874523958413036
5534,c,32.874523958413036,32.874523958413036
5535,c,32.874523958413036,32.874523958413036
5536,t,32.874523958413036,32.874523958413036
5537,t,32.874523958413036,32.874523958413036
5538,t,32.874523958413036,32.874523958413036
5539,c,32.874523958413036,32.874523958413036
5540,c,32.874523958413036,32.874523958413036
5541,c,32.874523958413036,32.874523958413036
5542,c,32.874523958413036,32.874523958413036
5543,c,32.874523958413036,32.874523958413036
5544,c,32.874523958413036,32.874523958413036
5545,t,32.874523958413036,32.874523958413036
5546,t,32.874523958413036,32.874523958413036
5547,t,32.874523958413036,32.874523958413036
5548,t,32.874523958413036,32.874523958413036
5549,t,32.874523958413036,32.874523958413036
5550,na,7.801688272746575,10.79201543420605
5551,c,32.874523958413036,32.874523958413036
5552,t,32.874523958413036,32.874523958413036
5553,t,32.874523958413036,32.874523958413036
5554,c,32.874523958413036,32.874523958413036
5555,t,32.874523958413036,32.874523958413036
5556,t,32.874523958413036,32.874523958413036
5557,c,32.874523958413036,32.874523958413036
5558,c,32.874523958413036,32.874523958413036
5559,c,32.874523958413036,32.874523958413036
5560,t,32.874523958413036,32.874523958413036
5561,t,32.874523958413036,32.874523958413036
5562,t,32.874523958413036,32.874523958413036
5563,t,32.874523958413036,32.874523958413036
5564,t,32.874523958413036,32.874523958413036
5565,c,32.874523958413036,32.874523958413036
5566,c,32.874523958413036,32.874523958413036
5567,t,32.874523958413036,32.874523958413036
5568,t,32.874523958413036,32.874523958413036
5569,c,32.874523958413036,32.874523958413036
5570,c,32.874523958413036,32.874523958413036
5571,t,32.874523958413036,32.874523958413036
5572,c,32.874523958413036,32.874523958413036
5573,c,32.874523958413036,32.874523958413036
5574,t,32.874523958413036,32.874523958413036
5575,c,32.874523958413036,32.874523958413036
5576,c,32.874523958413036,32.874523958413036
5577,t,32.874523958413036,32.874523958413036
5578,c,32.874523958413036,32.874523958413036
5579,t,32.874523958413036,32.874523958413036
5580,t,32.874523958413036,32.874523958413036
5581,t,32.874523958413036,32.874523958413036
5582,c,19.807393981794895,24.274109917873613
5583,c,32.874523958413036,32.874523958413036
5584,t,32.874523958413036,32.874523958413036
5585,t,32.874523958413036,32.874523958413036
5586,c,32.874523958413036,32.874523958413036
5587,t,32.874523958413036,32.874523958413036
5588,na,2.938369128950428,3.871179380923868
5589,t,32.874523958413036,32.874523958413036
5590,c,32.874523958413036,32.874523958413036
5591,c,32.874523958413036,32.874523958413036
5592,c,32.874523958413036,32.874523958413036
5593,c,32.874523958413036,32.874523958413036
5594,t,32.874523958413036,32.874523958413036
5595,c,32.874523958413036,32.874523958413036
5596,c,32.874523958413036,32.874523958413036
5597,c,32.874523958413036,32.874523958413036
5598,t,32.874523958413036,32.874523958413036
5599,c,32.874523958413036,32.874523958413036
5600,c,32.874523958413036,32.874523958413036
5601,t,32.874523958413036,32.874523958413036
5602,c,32.874523958413036,32.874523958413036
5603,c,32.874523958413036,32.874523958413036
5604,c,32.874523958413036,32.874523958413036
5605,t,32.874523958413036,32.874523958413036
5606,t,32.874523958413036,32.874523958413036
5607,c,32.874523958413036,32.874523958413036
5608,t,32.874523958413036,32.874523958413036
5609,t,32.874523958413036,32.874523958413036
5610,c,32.874523958413036,32.874523958413036
5611,c,32.874523958413036,32.874523958413036
5612,t,32.874523958413036,32.874523958413036
5613,t,32.874523958413036,32.874523958413036
5614,c,32.874523958413036,32.874523958413036
5615,c,32.874523958413036,32.874523958413036
5616,c,32.874523958413036,32.874523958413036
5617,t,32.874523958413036,32.874523958413036
5618,c,32.874523958413036,32.874523958413036
5619,t,32.874523958413036,32.874523958413036
5620,c,32.874523958413036,32.874523958413036
5621,t,32.874523958413036,32.874523958413036
5622,t,32.874523958413036,32.874523958413036
5623,c,32.874523958413036,32.874523958413036
5624,c,2.6590704139376125,3.71876447070457
5625,c,32.874523958413036,32.874523958413036
5626,c,32.874523958413036,32.874523958413036
5627,c,32.874523958413036,32.874523958413036
5628,t,32.874523958413036,32.874523958413036
5629,c,32.874523958413036,32.874523958413036
5630,t,32.874523958413036,32.874523958413036
5631,t,32.874523958413036,32.874523958413036
5632,c,32.874523958413036,32.874523958413036
5633,t,32.874523958413036,32.874523958413036
5634,c,32.874523958413036,32.874523958413036
5635,c,32.874523958413036,32.874523958413036
5636,t,32.874523958413036,32.874523958413036
5637,c,32.874523958413036,32.874523958413036
5638,c,32.874523958413036,32.874523958413036
5639,t,32.874523958413036,32.874523958413036
5640,c,32.874523958413036,32.874523958413036
5641,c,32.874523958413036,32.874523958413036
5642,c,32.874523958413036,32.874523958413036
5643,c,32.874523958413036,32.874523958413036
5644,t,32.874523958413036,32.874523958413036
5645,t,32.874523958413036,32.874523958413036
5646,c,32.874523958413036,32.874523958413036
5647,c,32.874523958413036,32.874523958413036
5648,t,32.874523958413036,32.874523958413036
5649,t,32.874523958413036,32.874523958413036
5650,t,32.874523958413036,32.874523958413036
5651,t,32.874523958413036,32.874523958413036
5652,c,32.874523958413036,32.874523958413036
5653,t,32.874523958413036,32.874523958413036
5654,c,32.874523958413036,32.874523958413036
5655,c,32.874523958413036,32.874523958413036
5656,t,32.874523958413036,32.874523958413036
5657,t,32.874523958413036,32.874523958413036
5658,c,32.874523958413036,32.874523958413036
5659,c,32.874523958413036,32.874523958413036
5660,t,32.874523958413036,32.874523958413036
5661,t,32.874523958413036,32.874523958413036
5662,c,32.874523958413036,32.874523958413036
5663,t,32.874523958413036,32.874523958413036
5664,t,32.874523958413036,32.874523958413036
5665,c,32.874523958413036,32.874523958413036
5666,t,32.874523958413036,32.874523958413036
5667,c,32.874523958413036,32.874523958413036
5668,t,32.874523958413036,32.874523958413036
5669,t,32.874523958413036,32.874523958413036
5670,c,32.874523958413036,32.874523958413036
5671,c,32.874523958413036,32.874523958413036
5672,t,32.874523958413036,32.874523958413036
5673,c,32.874523958413036,32.874523958413036
5674,t,32.874523958413036,32.874523958413036
5675,c,32.874523958413036,32.874523958413036
5676,t,32.874523958413036,32.874523958413036
5677,t,32.874523958413036,32.874523958413036
5678,c,32.874523958413036,32.874523958413036
5679,c,32.874523958413036,32.874523958413036
5680,t,32.874523958413036,32.874523958413036
5681,t,32.874523958413036,32.874523958413036
5682,c,32.874523958413036,32.874523958413036
5683,t,32.874523958413036,32.874523958413036
5684,c,32.874523958413036,32.874523958413036
5685,c,32.874523958413036,32.874523958413036
5686,c,32.874523958413036,32.874523958413036
5687,t,32.874523958413036,32.874523958413036
5688,t,32.874523958413036,32.874523958413036
5689,t,32.874523958413036,32.874523958413036
5690,c,32.874523958413036,32.874523958413036
5691,t,32.874523958413036,32.874523958413036
5692,t,32.874523958413036,32.874523958413036
5693,c,32.874523958413036,32.874523958413036
5694,c,32.874523958413036,32.874523958413036
5695,t,32.874523958413036,32.874523958413036
5696,t,32.874523958413036,32.874523958413036
5697,c,32.874523958413036,32.874523958413036
5698,t,32.874523958413036,32.874523958413036
5699,t,32.874523958413036,32.874523958413036
5700,c,32.874523958413036,32.874523958413036
5701,c,32.874523958413036,32.874523958413036
5702,t,32.874523958413036,32.874523958413036
5703,t,32.874523958413036,32.874523958413036
5704,c,32.874523958413036,32.874523958413036
5705,c,32.874523958413036,32.874523958413036
5706,c,32.874523958413036,32.874523958413036
5707,c,32.874523958413036,32.874523958413036
5708,t,32.874523958413036,32.874523958413036
5709,t,32.874523958413036,32.874523958413036
5710,c,32.874523958413036,32.874523958413036
5711,c,32.874523958413036,32.874523958413036
5712,c,32.874523958413036,32.874523958413036
5713,t,32.874523958413036,32.874523958413036
5714,c,32.874523958413036,32.874523958413036
5715,c,32.874523958413036,32.874523958413036
5716,t,32.874523958413036,32.874523958413036
5717,t,32.874523958413036,32.874523958413036
5718,t,32.874523958413036,32.874523958413036
5719,c,32.874523958413036,32.874523958413036
5720,t,32.874523958413036,32.874523958413036
5721,t,32.874523958413036,32.874523958413036
5722,c,32.874523958413036,32.874523958413036
5723,c,32.874523958413036,32.874523958413036
5724,c,32.874523958413036,32.874523958413036
5725,t,32.874523958413036,32.874523958413036
5726,na,5.536599856855964,9.250649304836008
5727,c,32.874523958413036,32.874523958413036
5728,c,32.874523958413036,32.874523958413036
5729,t,32.874523958413036,32.874523958413036
5730,t,32.874523958413036,32.874523958413036
5731,t,32.874523958413036,32.874523958413036
5732,t,32.874523958413036,32.874523958413036
5733,t,32.874523958413036,32.874523958413036
5734,c,32.874523958413036,32.874523958413036
5735,c,32.874523958413036,32.874523958413036
5736,c,32.874523958413036,32.874523958413036
5737,t,32.874523958413036,32.874523958413036
5738,t,32.874523958413036,32.874523958413036
5739,t,32.874523958413036,32.874523958413036
5740,c,32.874523958413036,32.874523958413036
5741,c,32.874523958413036,32.874523958413036
5742,t,32.874523958413036,32.874523958413036
5743,na,3.0614493573993613,32.874523958413036
5744,c,32.874523958413036,32.874523958413036
5745,t,32.874523958413036,32.874523958413036
5746,t,32.874523958413036,32.874523958413036
5747,c,32.874523958413036,32.874523958413036
5748,t,32.874523958413036,32.874523958413036
5749,t,32.874523958413036,32.874523958413036
5750,t,32.874523958413036,32.874523958413036
5751,c,32.874523958413036,32.874523958413036
5752,c,32.874523958413036,32.874523958413036
5753,c,32.874523958413036,32.874523958413036
5754,c,32.874523958413036,32.874523958413036
5755,c,32.874523958413036,32.874523958413036
5756,c,32.874523958413036,32.874523958413036
5757,c,32.874523958413036,32.874523958413036
5758,c,32.874523958413036,32.874523958413036
5759,c,32.874523958413036,32.874523958413036
5760,t,32.874523958413036,32.874523958413036
5761,c,32.874523958413036,32.874523958413036
5762,t,32.874523958413036,32.874523958413036
5763,t,32.874523958413036,32.874523958413036
5764,t,32.874523958413036,32.874523958413036
5765,t,32.874523958413036,32.874523958413036
5766,t,32.874523958413036,32.874523958413036
5767,c,32.874523958413036,32.874523958413036
5768,t,32.874523958413036,32.874523958413036
5769,t,32.874523958413036,32.874523958413036
5770,t,32.874523958413036,32.874523958413036
5771,t,32.874523958413036,32.874523958413036
5772,t,32.874523958413036,32.874523958413036
5773,t,32.874523958413036,32.874523958413036
5774,c,32.874523958413036,32.874523958413036
5775,c,32.874523958413036,32.874523958413036
5776,c,32.874523958413036,32.874523958413036
5777,c,19.11918530202235,19.42157832931312
5778,t,32.874523958413036,32.874523958413036
5779,c,32.874523958413036,32.874523958413036
5780,c,32.874523958413036,32.874523958413036
5781,t,32.874523958413036,32.874523958413036
5782,c,32.874523958413036,32.874523958413036
5783,t,32.874523958413036,32.874523958413036
5784,c,32.874523958413036,32.874523958413036
5785,c,32.874523958413036,32.874523958413036
5786,t,32.874523958413036,32.874523958413036
5787,t,32.874523958413036,32.874523958413036
5788,c,32.874523958413036,32.874523958413036
5789,t,32.874523958413036,32.874523958413036
5790,c,32.874523958413036,32.874523958413036
5791,c,32.874523958413036,32.874523958413036
5792,c,32.874523958413036,32.874523958413036
5793,t,32.874523958413036,32.874523958413036
5794,t,32.874523958413036,32.874523958413036
5795,c,32.874523958413036,32.874523958413036
5796,t,32.874523958413036,32.874523958413036
5797,t,32.874523958413036,32.874523958413036
5798,t,32.874523958413036,32.874523958413036
5799,c,32.874523958413036,32.874523958413036
5800,c,32.874523958413036,32.874523958413036
5801,t,32.874523958413036,32.874523958413036
5802,c,32.874523958413036,32.874523958413036
5803,c,32.874523958413036,32.874523958413036
5804,c,32.874523958413036,32.874523958413036
5805,c,32.874523958413036,32.874523958413036
5806,t,32.874523958413036,32.874523958413036
5807,c,32.874523958413036,32.874523958413036
5808,t,32.874523958413036,32.874523958413036
5809,c,32.874523958413036,32.874523958413036
5810,c,32.874523958413036,32.874523958413036
5811,t,32.874523958413036,32.874523958413036
5812,t,32.874523958413036,32.874523958413036
5813,t,32.874523958413036,32.874523958413036
5814,c,32.874523958413036,32.874523958413036
5815,t,32.874523958413036,32.874523958413036
5816,c,32.874523958413036,32.874523958413036
5817,c,32.874523958413036,32.874523958413036
5818,c,32.874523958413036,32.874523958413036
5819,t,32.874523958413036,32.874523958413036
5820,t,32.874523958413036,32.874523958413036
5821,c,32.874523958413036,32.874523958413036
5822,t,32.874523958413036,32.874523958413036
5823,t,32.874523958413036,32.874523958413036
5824,t,32.874523958413036,32.874523958413036
5825,c,32.874523958413036,32.874523958413036
5826,t,32.874523958413036,32.874523958413036
5827,c,32.874523958413036,32.874523958413036
5828,c,32.874523958413036,32.874523958413036
5829,c,32.874523958413036,32.874523958413036
5830,t,32.874523958413036,32.874523958413036
5831,t,32.874523958413036,32.874523958413036
5832,c,32.874523958413036,32.874523958413036
5833,c,32.874523958413036,32.874523958413036
5834,t,32.874523958413036,32.874523958413036
5835,t,32.874523958413036,32.874523958413036
5836,t,32.874523958413036,32.874523958413036
5837,t,32.874523958413036,32.874523958413036
5838,t,32.874523958413036,32.874523958413036
5839,c,32.874523958413036,32.874523958413036
5840,t,32.874523958413036,32.874523958413036
5841,t,32.874523958413036,32.874523958413036
5842,t,32.874523958413036,32.874523958413036
5843,c,32.874523958413036,32.874523958413036
5844,c,32.874523958413036,32.874523958413036
5845,c,32.874523958413036,32.874523958413036
5846,c,32.874523958413036,32.874523958413036
5847,c,32.874523958413036,32.874523958413036
5848,t,32.874523958413036,32.874523958413036
5849,c,32.874523958413036,32.874523958413036
5850,c,32.874523958413036,32.874523958413036
5851,t,32.874523958413036,32.874523958413036
5852,c,32.874523958413036,32.874523958413036
5853,c,32.874523958413036,32.874523958413036
5854,t,32.874523958413036,32.874523958413036
5855,c,32.874523958413036,32.874523958413036
5856,t,32.874523958413036,32.874523958413036
5857,c,32.874523958413036,32.874523958413036
5858,t,32.874523958413036,32.874523958413036
5859,c,32.874523958413036,32.874523958413036
5860,c,32.874523958413036,32.874523958413036
5861,c,32.874523958413036,32.874523958413036
5862,t,32.874523958413036,32.874523958413036
5863,t,32.874523958413036,32.874523958413036
5864,t,32.874523958413036,32.874523958413036
5865,t,32.874523958413036,32.874523958413036
5866,c,32.874523958413036,32.874523958413036
5867,c,32.874523958413036,32.874523958413036
5868,na,2.0522980498063284,9.074697828227265
5869,t,32.874523958413036,32.874523958413036
5870,t,32.874523958413036,32.874523958413036
5871,t,32.874523958413036,32.874523958413036
5872,t,32.874523958413036,32.874523958413036
5873,c,32.874523958413036,32.874523958413036
5874,t,32.874523958413036,32.874523958413036
5875,t,32.874523958413036,32.874523958413036
5876,t,32.874523958413036,32.874523958413036
5877,c,32.874523958413036,32.874523958413036
5878,t,32.874523958413036,32.874523958413036
5879,c,32.874523958413036,32.874523958413036
5880,c,32.874523958413036,32.874523958413036
5881,c,32.874523958413036,32.874523958413036
5882,c,32.874523958413036,32.874523958413036
5883,t,32.874523958413036,32.874523958413036
5884,c,32.874523958413036,32.874523958413036
5885,c,32.874523958413036,32.874523958413036
5886,c,32.874523958413036,32.874523958413036
5887,t,32.874523958413036,32.874523958413036
5888,c,32.874523958413036,32.874523958413036
5889,c,32.874523958413036,32.874523958413036
5890,t,32.874523958413036,32.874523958413036
5891,t,32.874523958413036,32.874523958413036
5892,t,32.874523958413036,32.874523958413036
5893,c,32.874523958413036,32.874523958413036
5894,t,32.874523958413036,32.874523958413036
5895,t,32.874523958413036,32.874523958413036
5896,t,32.874523958413036,32.874523958413036
5897,c,32.874523958413036,32.874523958413036
5898,c,32.874523958413036,32.874523958413036
5899,c,32.874523958413036,32.874523958413036
5900,t,32.874523958413036,32.874523958413036
5901,c,32.874523958413036,32.874523958413036
5902,c,32.874523958413036,32.874523958413036
5903,t,32.874523958413036,32.874523958413036
5904,c,32.874523958413036,32.874523958413036
5905,c,32.874523958413036,32.874523958413036
5906,t,32.874523958413036,32.874523958413036
5907,t,32.874523958413036,32.874523958413036
5908,t,32.874523958413036,32.874523958413036
5909,c,8.349397922128384,18.85742949276602
5910,t,32.874523958413036,32.874523958413036
5911,c,32.874523958413036,32.874523958413036
5912,t,32.874523958413036,32.874523958413036
5913,c,32.874523958413036,32.874523958413036
5914,na,5.5293135882613695,12.304562973569304
5915,c,32.874523958413036,32.874523958413036
5916,c,32.874523958413036,32.874523958413036
5917,c,32.874523958413036,32.874523958413036
5918,t,32.874523958413036,32.874523958413036
5919,t,32.874523958413036,32.874523958413036
5920,c,32.874523958413036,32.874523958413036
5921,t,32.874523958413036,32.874523958413036
5922,t,32.874523958413036,32.874523958413036
5923,c,32.874523958413036,32.874523958413036
5924,t,32.874523958413036,32.874523958413036
5925,t,32.874523958413036,32.874523958413036
5926,c,32.874523958413036,32.874523958413036
5927,c,32.874523958413036,32.874523958413036
5928,c,32.874523958413036,32.874523958413036
5929,c,32.874523958413036,32.874523958413036
5930,t,32.874523958413036,32.874523958413036
5931,c,32.874523958413036,32.874523958413036
5932,c,32.874523958413036,32.874523958413036
5933,t,32.874523958413036,32.874523958413036
5934,t,32.874523958413036,32.874523958413036
5935,t,32.874523958413036,32.874523958413036
5936,c,32.874523958413036,32.874523958413036
5937,t,32.874523958413036,32.874523958413036
5938,c,32.874523958413036,32.874523958413036
5939,c,32.874523958413036,32.874523958413036
5940,c,11.79947001328561,18.05400261768717
5941,t,32.874523958413036,32.874523958413036
5942,t,32.874523958413036,32.874523958413036
5943,t,32.874523958413036,32.874523958413036
5944,c,32.874523958413036,32.874523958413036
5945,t,32.874523958413036,32.874523958413036
5946,t,32.874523958413036,32.874523958413036
5947,c,32.874523958413036,32.874523958413036
5948,c,32.874523958413036,32.874523958413036
5949,t,32.874523958413036,32.874523958413036
5950,c,32.874523958413036,32.874523958413036
5951,t,32.874523958413036,32.874523958413036
5952,c,32.874523958413036,32.874523958413036
5953,t,32.874523958413036,32.874523958413036
5954,c,32.874523958413036,32.874523958413036
5955,c,32.874523958413036,32.874523958413036
5956,t,32.874523958413036,32.874523958413036
5957,c,32.874523958413036,32.874523958413036
5958,t,32.874523958413036,32.874523958413036
5959,t,32.874523958413036,32.874523958413036
5960,c,32.874523958413036,32.874523958413036
5961,t,32.874523958413036,32.874523958413036
5962,c,32.874523958413036,32.874523958413036
5963,c,32.874523958413036,32.874523958413036
5964,c,32.874523958413036,32.874523958413036
5965,c,32.874523958413036,32.874523958413036
5966,c,32.874523958413036,32.874523958413036
5967,t,32.874523958413036,32.874523958413036
5968,c,32.874523958413036,32.874523958413036
5969,t,32.874523958413036,32.874523958413036
5970,c,32.874523958413036,32.874523958413036
5971,t,32.874523958413036,32.874523958413036
5972,c,32.874523958413036,32.874523958413036
5973,t,32.874523958413036,32.874523958413036
5974,t,32.874523958413036,32.874523958413036
5975,c,32.874523958413036,32.874523958413036
5976,t,32.874523958413036,32.874523958413036
5977,t,32.874523958413036,32.874523958413036
5978,c,32.874523958413036,32.874523958413036
5979,c,32.874523958413036,32.874523958413036
5980,t,32.874523958413036,32.874523958413036
5981,t,32.874523958413036,32.874523958413036
5982,t,32.874523958413036,32.874523958413036
5983,t,32.874523958413036,32.874523958413036
5984,c,32.874523958413036,32.874523958413036
5985,t,32.874523958413036,32.874523958413036
5986,t,32.874523958413036,32.874523958413036
5987,c,32.874523958413036,32.874523958413036
5988,t,32.874523958413036,32.874523958413036
5989,t,32.874523958413036,32.874523958413036
5990,c,32.874523958413036,32.874523958413036
5991,t,32.874523958413036,32.874523958413036
5992,t,32.874523958413036,32.874523958413036
5993,c,32.874523958413036,32.874523958413036
5994,t,32.874523958413036,32.874523958413036
5995,t,32.874523958413036,32.874523958413036
5996,c,32.874523958413036,32.874523958413036
5997,t,32.874523958413036,32.874523958413036
5998,c,32.874523958413036,32.874523958413036
5999,t,32.874523958413036,32.874523958413036
6000,c,32.874523958413036,32.874523958413036
6001,t,32.874523958413036,32.874523958413036
6002,t,32.874523958413036,32.874523958413036
6003,t,32.874523958413036,32.874523958413036
6004,c,32.874523958413036,32.874523958413036
6005,c,32.874523958413036,32.874523958413036
6006,t,32.874523958413036,32.874523958413036
6007,t,32.874523958413036,32.874523958413036
6008,t,32.874523958413036,32.874523958413036
6009,t,32.874523958413036,32.874523958413036
6010,t,32.874523958413036,32.874523958413036
6011,t,32.874523958413036,32.874523958413036
6012,t,32.874523958413036,32.874523958413036
6013,c,32.874523958413036,32.874523958413036
6014,c,32.874523958413036,32.874523958413036
6015,c,32.874523958413036,32.874523958413036
6016,c,32.874523958413036,32.874523958413036
6017,c,32.874523958413036,32.874523958413036
6018,c,32.874523958413036,32.874523958413036
6019,t,32.874523958413036,32.874523958413036
6020,c,32.874523958413036,32.874523958413036
6021,c,32.874523958413036,32.874523958413036
6022,t,32.874523958413036,32.874523958413036
6023,c,32.874523958413036,32.874523958413036
6024,c,32.874523958413036,32.874523958413036
6025,t,32.874523958413036,32.874523958413036
6026,t,32.874523958413036,32.874523958413036
6027,t,32.874523958413036,32.874523958413036
6028,c,32.874523958413036,32.874523958413036
6029,t,32.874523958413036,32.874523958413036
6030,c,32.874523958413036,32.874523958413036
6031,t,32.874523958413036,32.874523958413036
6032,t,32.874523958413036,32.874523958413036
6033,t,32.874523958413036,32.874523958413036
6034,t,32.874523958413036,32.874523958413036
6035,c,32.874523958413036,32.874523958413036
6036,c,32.874523958413036,32.874523958413036
6037,c,32.874523958413036,32.874523958413036
6038,t,32.874523958413036,32.874523958413036
6039,t,32.874523958413036,32.874523958413036
6040,t,32.874523958413036,32.874523958413036
6041,t,32.874523958413036,32.874523958413036
6042,c,32.874523958413036,32.874523958413036
6043,c,32.874523958413036,32.874523958413036
6044,t,32.874523958413036,32.874523958413036
6045,c,32.874523958413036,32.874523958413036
6046,t,32.874523958413036,32.874523958413036
6047,t,32.874523958413036,32.874523958413036
6048,c,32.874523958413036,32.874523958413036
6049,c,32.874523958413036,32.874523958413036
6050,c,32.874523958413036,32.874523958413036
6051,t,32.874523958413036,32.874523958413036
6052,t,32.874523958413036,32.874523958413036
6053,c,32.874523958413036,32.874523958413036
6054,t,32.874523958413036,32.874523958413036
6055,t,32.874523958413036,32.874523958413036
6056,c,32.874523958413036,32.874523958413036
6057,c,32.874523958413036,32.874523958413036
6058,t,32.874523958413036,32.874523958413036
6059,t,32.874523958413036,32.874523958413036
6060,c,32.874523958413036,32.874523958413036
6061,c,32.874523958413036,32.874523958413036
6062,t,32.874523958413036,32.874523958413036
6063,t,32.874523958413036,32.874523958413036
6064,t,32.874523958413036,32.874523958413036
6065,t,32.874523958413036,32.874523958413036
6066,c,32.874523958413036,32.874523958413036
6067,c,32.874523958413036,32.874523958413036
6068,t,32.874523958413036,32.874523958413036
6069,c,32.874523958413036,32.874523958413036
6070,t,32.874523958413036,32.874523958413036
6071,c,32.874523958413036,32.874523958413036
6072,t,32.874523958413036,32.874523958413036
6073,t,32.874523958413036,32.874523958413036
6074,t,32.874523958413036,32.874523958413036
6075,t,32.874523958413036,32.874523958413036
6076,c,32.874523958413036,32.874523958413036
6077,t,32.874523958413036,32.874523958413036
6078,c,32.874523958413036,32.874523958413036
6079,c,32.874523958413036,32.874523958413036
6080,t,32.874523958413036,32.874523958413036
6081,t,32.874523958413036,32.874523958413036
6082,t,32.874523958413036,32.874523958413036
6083,c,32.874523958413036,32.874523958413036
6084,c,32.874523958413036,32.874523958413036
6085,t,32.874523958413036,32.874523958413036
6086,t,32.874523958413036,32.874523958413036
6087,c,32.874523958413036,32.874523958413036
6088,t,32.874523958413036,32.874523958413036
6089,t,32.874523958413036,32.874523958413036
6090,t,32.874523958413036,32.874523958413036
6091,t,32.874523958413036,32.874523958413036
6092,c,32.874523958413036,32.874523958413036
6093,c,32.874523958413036,32.874523958413036
6094,c,32.874523958413036,32.874523958413036
6095,t,32.874523958413036,32.874523958413036
6096,c,32.874523958413036,32.874523958413036
6097,c,32.874523958413036,32.874523958413036
6098,t,32.874523958413036,32.874523958413036
6099,t,32.874523958413036,32.874523958413036
6100,c,32.874523958413036,32.874523958413036
6101,t,32.874523958413036,32.874523958413036
6102,c,32.874523958413036,32.874523958413036
6103,t,32.874523958413036,32.874523958413036
6104,t,32.874523958413036,32.874523958413036
6105,t,32.874523958413036,32.874523958413036
6106,c,32.874523958413036,32.874523958413036
6107,t,32.874523958413036,32.874523958413036
6108,t,32.874523958413036,32.874523958413036
6109,c,32.874523958413036,32.874523958413036
6110,t,32.874523958413036,32.874523958413036
6111,c,32.874523958413036,32.874523958413036
6112,t,32.874523958413036,32.874523958413036
6113,c,32.874523958413036,32.874523958413036
6114,t,32.874523958413036,32.874523958413036
6115,c,32.874523958413036,32.874523958413036
6116,c,32.874523958413036,32.874523958413036
6117,t,32.874523958413036,32.874523958413036
6118,t,32.874523958413036,32.874523958413036
6119,t,32.874523958413036,32.874523958413036
6120,c,32.874523958413036,32.874523958413036
6121,t,32.874523958413036,32.874523958413036
6122,c,32.874523958413036,32.874523958413036
6123,c,32.874523958413036,32.874523958413036
6124,t,32.874523958413036,32.874523958413036
6125,c,32.874523958413036,32.874523958413036
6126,t,32.874523958413036,32.874523958413036
6127,t,32.874523958413036,32.874523958413036
6128,c,32.874523958413036,32.874523958413036
6129,c,32.874523958413036,32.874523958413036
6130,t,32.874523958413036,32.874523958413036
6131,t,32.874523958413036,32.874523958413036
6132,c,32.874523958413036,32.874523958413036
6133,t,32.874523958413036,32.874523958413036
6134,t,32.874523958413036,32.874523958413036
6135,t,32.874523958413036,32.874523958413036
6136,t,32.874523958413036,32.874523958413036
6137,c,32.874523958413036,32.874523958413036
6138,t,32.874523958413036,32.874523958413036
6139,c,32.874523958413036,32.874523958413036
6140,c,32.874523958413036,32.874523958413036
6141,c,32.874523958413036,32.874523958413036
6142,t,32.874523958413036,32.874523958413036
6143,c,32.874523958413036,32.874523958413036
6144,t,32.874523958413036,32.874523958413036
6145,c,32.874523958413036,32.874523958413036
6146,c,32.874523958413036,32.874523958413036
6147,t,32.874523958413036,32.874523958413036
6148,c,32.874523958413036,32.874523958413036
6149,c,32.874523958413036,32.874523958413036
6150,c,32.874523958413036,32.874523958413036
6151,t,32.874523958413036,32.874523958413036
6152,t,32.874523958413036,32.874523958413036
6153,c,8.788407837869457,9.14217129619545
6154,t,32.874523958413036,32.874523958413036
6155,t,32.874523958413036,32.874523958413036
6156,t,32.874523958413036,32.874523958413036
6157,t,32.874523958413036,32.874523958413036
6158,na,0,7.320285600739685
6159,c,32.874523958413036,32.874523958413036
6160,c,32.874523958413036,32.874523958413036
6161,t,32.874523958413036,32.874523958413036
6162,t,32.874523958413036,32.874523958413036
6163,t,32.874523958413036,32.874523958413036
6164,c,32.874523958413036,32.874523958413036
6165,c,32.874523958413036,32.874523958413036
6166,t,32.874523958413036,32.874523958413036
6167,c,32.874523958413036,32.874523958413036
6168,t,32.874523958413036,32.874523958413036
6169,c,32.874523958413036,32.874523958413036
6170,t,32.874523958413036,32.874523958413036
6171,c,32.874523958413036,32.874523958413036
6172,c,32.874523958413036,32.874523958413036
6173,c,32.874523958413036,32.874523958413036
6174,t,32.874523958413036,32.874523958413036
6175,na,5.6761277316119365,8.421046168709653
6176,c,32.874523958413036,32.874523958413036
6177,t,32.874523958413036,32.874523958413036
6178,t,32.874523958413036,32.874523958413036
6179,c,32.874523958413036,32.874523958413036
6180,t,32.874523958413036,32.874523958413036
6181,t,32.874523958413036,32.874523958413036
6182,c,32.874523958413036,32.874523958413036
6183,t,32.874523958413036,32.874523958413036
6184,t,32.874523958413036,32.874523958413036
6185,c,32.874523958413036,32.874523958413036
6186,t,32.874523958413036,32.874523958413036
6187,c,32.874523958413036,32.874523958413036
6188,t,32.874523958413036,32.874523958413036
6189,c,32.874523958413036,32.874523958413036
6190,c,32.874523958413036,32.874523958413036
6191,na,1.98499541678956,2.656370754115746
6192,t,32.874523958413036,32.874523958413036
6193,c,32.874523958413036,32.874523958413036
6194,t,32.874523958413036,32.874523958413036
6195,c,32.874523958413036,32.874523958413036
6196,c,32.874523958413036,32.874523958413036
6197,t,32.874523958413036,32.874523958413036
6198,t,32.874523958413036,32.874523958413036
6199,c,32.874523958413036,32.874523958413036
6200,c,3.007379764910615,3.6692402997625324
6201,t,32.874523958413036,32.874523958413036
6202,c,32.874523958413036,32.874523958413036
6203,t,32.874523958413036,32.874523958413036
6204,c,32.874523958413036,32.874523958413036
6205,t,32.874523958413036,32.874523958413036
6206,c,32.874523958413036,32.874523958413036
6207,c,32.874523958413036,32.874523958413036
6208,t,32.874523958413036,32.874523958413036
6209,c,32.874523958413036,32.874523958413036
6210,c,32.874523958413036,32.874523958413036
6211,c,32.874523958413036,32.874523958413036
6212,t,32.874523958413036,32.874523958413036
6213,c,32.874523958413036,32.874523958413036
6214,c,32.874523958413036,32.874523958413036
6215,t,32.874523958413036,32.874523958413036
6216,t,32.874523958413036,32.874523958413036
6217,c,32.874523958413036,32.874523958413036
6218,t,32.874523958413036,32.874523958413036
6219,t,32.874523958413036,32.874523958413036
6220,c,32.874523958413036,32.874523958413036
6221,t,32.874523958413036,32.874523958413036
6222,t,32.874523958413036,32.874523958413036
6223,t,32.874523958413036,32.874523958413036
6224,t,32.874523958413036,32.874523958413036
6225,t,32.874523958413036,32.874523958413036
6226,c,32.874523958413036,32.874523958413036
6227,c,32.874523958413036,32.874523958413036
6228,t,32.874523958413036,32.874523958413036
6229,c,32.874523958413036,32.874523958413036
6230,t,32.874523958413036,32.874523958413036
6231,c,32.874523958413036,32.874523958413036
6232,c,32.874523958413036,32.874523958413036
6233,c,32.874523958413036,32.874523958413036
6234,c,32.874523958413036,32.874523958413036
6235,t,32.874523958413036,32.874523958413036
6236,c,32.874523958413036,32.874523958413036
6237,t,32.874523958413036,32.874523958413036
6238,c,32.874523958413036,32.874523958413036
6239,c,32.874523958413036,32.874523958413036
6240,c,32.874523958413036,32.874523958413036
6241,c,32.874523958413036,32.874523958413036
6242,c,32.874523958413036,32.874523958413036
6243,c,32.874523958413036,32.874523958413036
6244,c,32.874523958413036,32.874523958413036
6245,c,32.874523958413036,32.874523958413036
6246,na,3.1834776345160987,9.78150952124003
6247,c,32.874523958413036,32.874523958413036
6248,c,32.874523958413036,32.874523958413036
6249,na,0,6.703929278820861
6250,t,32.874523958413036,32.874523958413036
6251,t,32.874523958413036,32.874523958413036
6252,c,32.874523958413036,32.874523958413036
6253,c,32.874523958413036,32.874523958413036
6254,c,32.874523958413036,32.874523958413036
6255,t,32.874523958413036,32.874523958413036
6256,t,32.874523958413036,32.874523958413036
6257,c,32.874523958413036,32.874523958413036
6258,c,32.874523958413036,32.874523958413036
6259,c,32.874523958413036,32.874523958413036
6260,c,32.874523958413036,32.874523958413036
6261,t,32.874523958413036,32.874523958413036
6262,t,32.874523958413036,32.874523958413036
6263,t,32.874523958413036,32.874523958413036
6264,c,32.874523958413036,32.874523958413036
6265,t,32.874523958413036,32.874523958413036
6266,t,32.874523958413036,32.874523958413036
6267,t,32.874523958413036,32.874523958413036
6268,t,32.874523958413036,32.874523958413036
6269,c,32.874523958413036,32.874523958413036
6270,t,32.874523958413036,32.874523958413036
6271,t,32.874523958413036,32.874523958413036
6272,c,32.874523958413036,32.874523958413036
6273,t,32.874523958413036,32.874523958413036
6274,t,32.874523958413036,32.874523958413036
6275,t,32.874523958413036,32.874523958413036
6276,t,32.874523958413036,32.874523958413036
6277,c,32.874523958413036,32.874523958413036
6278,c,32.874523958413036,32.874523958413036
6279,c,32.874523958413036,32.874523958413036
6280,t,32.874523958413036,32.874523958413036
6281,t,32.874523958413036,32.874523958413036
6282,c,32.874523958413036,32.874523958413036
6283,t,32.874523958413036,32.874523958413036
6284,t,32.874523958413036,32.874523958413036
6285,c,32.874523958413036,32.874523958413036
6286,t,32.874523958413036,32.874523958413036
6287,c,32.874523958413036,32.874523958413036
6288,t,32.874523958413036,32.874523958413036
6289,c,32.874523958413036,32.874523958413036
6290,t,32.874523958413036,32.874523958413036
6291,t,32.874523958413036,32.874523958413036
6292,t,32.874523958413036,32.874523958413036
6293,t,32.874523958413036,32.874523958413036
6294,c,32.874523958413036,32.874523958413036
6295,c,32.874523958413036,32.874523958413036
6296,c,32.874523958413036,32.874523958413036
6297,c,32.874523958413036,32.874523958413036
6298,c,32.874523958413036,32.874523958413036
6299,t,32.874523958413036,32.874523958413036
6300,c,32.874523958413036,32.874523958413036
6301,t,32.874523958413036,32.874523958413036
6302,t,32.874523958413036,32.874523958413036
6303,c,0.4552036241849012,1.135092599236756
6304,c,32.874523958413036,32.874523958413036
6305,c,32.874523958413036,32.874523958413036
6306,c,32.874523958413036,32.874523958413036
6307,c,32.874523958413036,32.874523958413036
6308,c,32.874523958413036,32.874523958413036
6309,c,32.874523958413036,32.874523958413036
6310,c,32.874523958413036,32.874523958413036
6311,t,32.874523958413036,32.874523958413036
6312,t,32.874523958413036,32.874523958413036
6313,c,32.874523958413036,32.874523958413036
6314,c,32.874523958413036,32.874523958413036
6315,t,32.874523958413036,32.874523958413036
6316,c,32.874523958413036,32.874523958413036
6317,c,32.874523958413036,32.874523958413036
6318,t,32.874523958413036,32.874523958413036
6319,t,32.874523958413036,32.874523958413036
6320,t,32.874523958413036,32.874523958413036
6321,t,32.874523958413036,32.874523958413036
6322,c,32.874523958413036,32.874523958413036
6323,t,32.874523958413036,32.874523958413036
6324,t,32.874523958413036,32.874523958413036
6325,c,32.874523958413036,32.874523958413036
6326,c,32.874523958413036,32.874523958413036
6327,c,32.874523958413036,32.874523958413036
6328,c,32.874523958413036,32.874523958413036
6329,t,32.874523958413036,32.874523958413036
6330,t,32.874523958413036,32.874523958413036
6331,t,32.874523958413036,32.874523958413036
6332,t,32.874523958413036,32.874523958413036
6333,t,32.874523958413036,32.874523958413036
6334,t,32.874523958413036,32.874523958413036
6335,c,32.874523958413036,32.874523958413036
6336,c,32.874523958413036,32.874523958413036
6337,c,32.874523958413036,32.874523958413036
6338,t,32.874523958413036,32.874523958413036
6339,t,32.874523958413036,32.874523958413036
6340,t,32.874523958413036,32.874523958413036
6341,c,32.874523958413036,32.874523958413036
6342,c,32.874523958413036,32.874523958413036
6343,c,32.874523958413036,32.874523958413036
6344,t,32.874523958413036,32.874523958413036
6345,c,32.874523958413036,32.874523958413036
6346,t,32.874523958413036,32.874523958413036
6347,t,32.874523958413036,32.874523958413036
6348,t,32.874523958413036,32.874523958413036
6349,c,32.874523958413036,32.874523958413036
6350,c,32.874523958413036,32.874523958413036
6351,c,32.874523958413036,32.874523958413036
6352,c,32.874523958413036,32.874523958413036
6353,c,32.874523958413036,32.874523958413036
6354,c,32.874523958413036,32.874523958413036
6355,t,32.874523958413036,32.874523958413036
6356,c,32.874523958413036,32.874523958413036
6357,c,32.874523958413036,32.874523958413036
6358,t,32.874523958413036,32.874523958413036
6359,t,32.874523958413036,32.874523958413036
6360,c,32.874523958413036,32.874523958413036
6361,c,32.874523958413036,32.874523958413036
6362,c,32.874523958413036,32.874523958413036
6363,c,32.874523958413036,32.874523958413036
6364,t,32.874523958413036,32.874523958413036
6365,t,32.874523958413036,32.874523958413036
6366,c,32.874523958413036,32.874523958413036
6367,c,32.874523958413036,32.874523958413036
6368,t,32.874523958413036,32.874523958413036
6369,t,32.874523958413036,32.874523958413036
6370,c,32.874523958413036,32.874523958413036
6371,c,32.874523958413036,32.874523958413036
6372,t,32.874523958413036,32.874523958413036
6373,c,32.874523958413036,32.874523958413036
6374,c,32.874523958413036,32.874523958413036
6375,c,32.874523958413036,32.874523958413036
6376,t,32.874523958413036,32.874523958413036
6377,t,32.874523958413036,32.874523958413036
6378,t,32.874523958413036,32.874523958413036
6379,t,32.874523958413036,32.874523958413036
6380,t,32.874523958413036,32.874523958413036
6381,t,32.874523958413036,32.874523958413036
6382,c,32.874523958413036,32.874523958413036
6383,t,32.874523958413036,32.874523958413036
6384,c,32.874523958413036,32.874523958413036
6385,c,32.874523958413036,32.874523958413036
6386,t,32.874523958413036,32.874523958413036
6387,t,32.874523958413036,32.874523958413036
6388,c,32.874523958413036,32.874523958413036
6389,t,32.874523958413036,32.874523958413036
6390,c,32.874523958413036,32.874523958413036
6391,c,32.874523958413036,32.874523958413036
6392,c,32.874523958413036,32.874523958413036
6393,c,32.874523958413036,32.874523958413036
6394,c,32.874523958413036,32.874523958413036
6395,t,32.874523958413036,32.874523958413036
6396,t,32.874523958413036,32.874523958413036
6397,t,32.874523958413036,32.874523958413036
6398,c,32.874523958413036,32.874523958413036
6399,c,32.874523958413036,32.874523958413036
6400,c,32.874523958413036,32.874523958413036
6401,c,32.874523958413036,32.874523958413036
6402,c,32.874523958413036,32.874523958413036
6403,t,32.874523958413036,32.874523958413036
6404,c,32.874523958413036,32.874523958413036
6405,c,32.874523958413036,32.874523958413036
6406,t,32.874523958413036,32.874523958413036
6407,c,32.874523958413036,32.874523958413036
6408,t,32.874523958413036,32.874523958413036
6409,t,32.874523958413036,32.874523958413036
6410,t,32.874523958413036,32.874523958413036
6411,t,32.874523958413036,32.874523958413036
6412,t,32.874523958413036,32.874523958413036
6413,t,32.874523958413036,32.874523958413036
6414,t,32.874523958413036,32.874523958413036
6415,t,32.874523958413036,32.874523958413036
6416,c,32.874523958413036,32.874523958413036
6417,c,32.874523958413036,32.874523958413036
6418,c,32.874523958413036,32.874523958413036
6419,t,32.874523958413036,32.874523958413036
6420,c,32.874523958413036,32.874523958413036
6421,c,32.874523958413036,32.874523958413036
6422,c,32.874523958413036,32.874523958413036
6423,c,32.874523958413036,32.874523958413036
6424,t,32.874523958413036,32.874523958413036
6425,t,32.874523958413036,32.874523958413036
6426,c,32.874523958413036,32.874523958413036
6427,t,32.874523958413036,32.874523958413036
6428,c,32.874523958413036,32.874523958413036
6429,c,32.874523958413036,32.874523958413036
6430,c,32.874523958413036,32.874523958413036
6431,t,32.874523958413036,32.874523958413036
6432,c,32.874523958413036,32.874523958413036
6433,c,32.874523958413036,32.874523958413036
6434,c,32.874523958413036,32.874523958413036
6435,t,32.874523958413036,32.874523958413036
6436,t,32.874523958413036,32.874523958413036
6437,t,32.874523958413036,32.874523958413036
6438,c,32.874523958413036,32.874523958413036
6439,t,32.874523958413036,32.874523958413036
6440,t,32.874523958413036,32.874523958413036
6441,c,32.874523958413036,32.874523958413036
6442,t,32.874523958413036,32.874523958413036
6443,t,32.874523958413036,32.874523958413036
6444,t,32.874523958413036,32.874523958413036
6445,c,32.874523958413036,32.874523958413036
6446,na,0,1.7268379210304867
6447,c,32.874523958413036,32.874523958413036
6448,c,32.874523958413036,32.874523958413036
6449,c,32.874523958413036,32.874523958413036
6450,t,32.874523958413036,32.874523958413036
6451,c,32.874523958413036,32.874523958413036
6452,c,32.874523958413036,32.874523958413036
6453,t,32.874523958413036,32.874523958413036
6454,c,32.874523958413036,32.874523958413036
6455,t,32.874523958413036,32.874523958413036
6456,c,32.874523958413036,32.874523958413036
6457,c,32.874523958413036,32.874523958413036
6458,c,32.874523958413036,32.874523958413036
6459,t,32.874523958413036,32.874523958413036
6460,t,32.874523958413036,32.874523958413036
6461,t,32.874523958413036,32.874523958413036
6462,c,32.874523958413036,32.874523958413036
6463,c,32.874523958413036,32.874523958413036
6464,t,32.874523958413036,32.874523958413036
6465,t,32.874523958413036,32.874523958413036
6466,t,32.874523958413036,32.874523958413036
6467,t,32.874523958413036,32.874523958413036
6468,t,32.874523958413036,32.874523958413036
6469,t,32.874523958413036,32.874523958413036
6470,t,32.874523958413036,32.874523958413036
6471,c,32.874523958413036,32.874523958413036
6472,t,32.874523958413036,32.874523958413036
6473,t,32.874523958413036,32.874523958413036
6474,c,32.874523958413036,32.874523958413036
6475,c,32.874523958413036,32.874523958413036
6476,c,32.874523958413036,32.874523958413036
6477,t,32.874523958413036,32.874523958413036
6478,t,32.874523958413036,32.874523958413036
6479,c,32.874523958413036,32.874523958413036
6480,t,32.874523958413036,32.874523958413036
6481,c,32.874523958413036,32.874523958413036
6482,t,32.874523958413036,32.874523958413036
6483,c,32.874523958413036,32.874523958413036
6484,c,32.874523958413036,32.874523958413036
6485,t,32.874523958413036,32.874523958413036
6486,t,32.874523958413036,32.874523958413036
6487,c,32.874523958413036,32.874523958413036
6488,c,32.874523958413036,32.874523958413036
6489,t,32.874523958413036,32.874523958413036
6490,na,0,3.0038228672480636
6491,t,32.874523958413036,32.874523958413036
6492,c,32.874523958413036,32.874523958413036
6493,c,32.874523958413036,32.874523958413036
6494,t,32.874523958413036,32.874523958413036
6495,t,32.874523958413036,32.874523958413036
6496,c,16.983212996411105,16.989226360881755
6497,c,32.874523958413036,32.874523958413036
6498,c,32.874523958413036,32.874523958413036
6499,t,32.874523958413036,32.874523958413036
6500,c,32.874523958413036,32.874523958413036
6501,t,32.874523958413036,32.874523958413036
6502,t,32.874523958413036,32.874523958413036
6503,c,32.874523958413036,32.874523958413036
6504,t,32.874523958413036,32.874523958413036
6505,c,13.674808822378957,20.024961817945485
6506,c,32.874523958413036,32.874523958413036
6507,t,32.874523958413036,32.874523958413036
6508,c,32.874523958413036,32.874523958413036
6509,t,32.874523958413036,32.874523958413036
6510,t,32.874523958413036,32.874523958413036
6511,c,32.874523958413036,32.874523958413036
6512,t,32.874523958413036,32.874523958413036
6513,c,32.874523958413036,32.874523958413036
6514,c,32.874523958413036,32.874523958413036
6515,t,32.874523958413036,32.874523958413036
6516,c,32.874523958413036,32.874523958413036
6517,t,32.874523958413036,32.874523958413036
6518,c,25.85328665299055,30.38311521291549
6519,t,32.874523958413036,32.874523958413036
6520,c,32.874523958413036,32.874523958413036
6521,t,32.874523958413036,32.874523958413036
6522,c,32.874523958413036,32.874523958413036
6523,c,32.874523958413036,32.874523958413036
6524,c,32.874523958413036,32.874523958413036
6525,c,32.874523958413036,32.874523958413036
6526,c,32.874523958413036,32.874523958413036
6527,t,32.874523958413036,32.874523958413036
6528,c,32.874523958413036,32.874523958413036
6529,c,32.874523958413036,32.874523958413036
6530,t,32.874523958413036,32.874523958413036
6531,c,32.874523958413036,32.874523958413036
6532,c,32.874523958413036,32.874523958413036
6533,c,32.874523958413036,32.874523958413036
6534,t,32.874523958413036,32.874523958413036
6535,c,32.874523958413036,32.874523958413036
6536,t,32.874523958413036,32.874523958413036
6537,c,32.874523958413036,32.874523958413036
6538,t,32.874523958413036,32.874523958413036
6539,t,32.874523958413036,32.874523958413036
6540,t,32.874523958413036,32.874523958413036
6541,c,32.874523958413036,32.874523958413036
6542,t,32.874523958413036,32.874523958413036
6543,t,32.874523958413036,32.874523958413036
6544,t,32.874523958413036,32.874523958413036
6545,t,32.874523958413036,32.874523958413036
6546,t,32.874523958413036,32.874523958413036
6547,t,32.874523958413036,32.874523958413036
6548,t,32.874523958413036,32.874523958413036
6549,t,32.874523958413036,32.874523958413036
6550,c,32.874523958413036,32.874523958413036
6551,t,32.874523958413036,32.874523958413036
6552,c,32.874523958413036,32.874523958413036
6553,t,32.874523958413036,32.874523958413036
6554,c,32.874523958413036,32.874523958413036
6555,t,32.874523958413036,32.874523958413036
6556,c,32.874523958413036,32.874523958413036
6557,c,32.874523958413036,32.874523958413036
6558,c,32.874523958413036,32.874523958413036
6559,t,32.874523958413036,32.874523958413036
6560,c,32.874523958413036,32.874523958413036
6561,c,32.874523958413036,32.874523958413036
6562,t,32.874523958413036,32.874523958413036
6563,t,32.874523958413036,32.874523958413036
6564,na,0,15.863816779103042
6565,c,32.874523958413036,32.874523958413036
6566,t,32.874523958413036,32.874523958413036
6567,t,32.874523958413036,32.874523958413036
6568,c,32.874523958413036,32.874523958413036
6569,t,32.874523958413036,32.874523958413036
6570,c,32.874523958413036,32.874523958413036
6571,t,32.874523958413036,32.874523958413036
6572,c,32.874523958413036,32.874523958413036
6573,t,32.874523958413036,32.874523958413036
6574,c,32.874523958413036,32.874523958413036
6575,c,32.874523958413036,32.874523958413036
6576,c,32.874523958413036,32.874523958413036
6577,c,32.874523958413036,32.874523958413036
6578,c,32.874523958413036,32.874523958413036
6579,t,32.874523958413036,32.874523958413036
6580,t,32.874523958413036,32.874523958413036
6581,c,32.874523958413036,32.874523958413036
6582,c,32.874523958413036,32.874523958413036
6583,c,32.874523958413036,32.874523958413036
6584,c,32.874523958413036,32.874523958413036
6585,c,32.874523958413036,32.874523958413036
6586,c,32.874523958413036,32.874523958413036
6587,t,32.874523958413036,32.874523958413036
6588,t,32.874523958413036,32.874523958413036
6589,t,32.874523958413036,32.874523958413036
6590,t,32.874523958413036,32.874523958413036
6591,t,32.874523958413036,32.874523958413036
6592,c,32.874523958413036,32.874523958413036
6593,c,32.874523958413036,32.874523958413036
6594,t,32.874523958413036,32.874523958413036
6595,t,32.874523958413036,32.874523958413036
6596,t,32.874523958413036,32.874523958413036
6597,c,32.874523958413036,32.874523958413036
6598,c,32.874523958413036,32.874523958413036
6599,t,32.874523958413036,32.874523958413036
6600,c,32.874523958413036,32.874523958413036
6601,t,32.874523958413036,32.874523958413036
6602,t,32.874523958413036,32.874523958413036
6603,t,32.874523958413036,32.874523958413036
6604,t,32.874523958413036,32.874523958413036
6605,t,32.874523958413036,32.874523958413036
6606,t,32.874523958413036,32.874523958413036
6607,t,32.874523958413036,32.874523958413036
6608,t,32.874523958413036,32.874523958413036
6609,c,32.874523958413036,32.874523958413036
6610,c,32.874523958413036,32.874523958413036
6611,t,32.874523958413036,32.874523958413036
6612,c,32.874523958413036,32.874523958413036
6613,t,32.874523958413036,32.874523958413036
6614,t,32.874523958413036,32.874523958413036
6615,c,32.874523958413036,32.874523958413036
6616,c,32.874523958413036,32.874523958413036
6617,t,32.874523958413036,32.874523958413036
6618,t,32.874523958413036,32.874523958413036
6619,t,32.874523958413036,32.874523958413036
6620,t,32.874523958413036,32.874523958413036
6621,t,32.874523958413036,32.874523958413036
6622,c,32.874523958413036,32.874523958413036
6623,c,32.874523958413036,32.874523958413036
6624,c,32.874523958413036,32.874523958413036
6625,c,32.874523958413036,32.874523958413036
6626,t,32.874523958413036,32.874523958413036
6627,t,32.874523958413036,32.874523958413036
6628,t,32.874523958413036,32.874523958413036
6629,t,32.874523958413036,32.874523958413036
6630,c,32.874523958413036,32.874523958413036
6631,c,32.874523958413036,32.874523958413036
6632,t,32.874523958413036,32.874523958413036
6633,t,32.874523958413036,32.874523958413036
6634,t,32.874523958413036,32.874523958413036
6635,t,32.874523958413036,32.874523958413036
6636,t,32.874523958413036,32.874523958413036
6637,c,32.874523958413036,32.874523958413036
6638,t,32.874523958413036,32.874523958413036
6639,c,32.874523958413036,32.874523958413036
6640,t,32.874523958413036,32.874523958413036
6641,t,32.874523958413036,32.874523958413036
6642,t,32.874523958413036,32.874523958413036
6643,c,32.874523958413036,32.874523958413036
6644,c,32.874523958413036,32.874523958413036
6645,t,32.874523958413036,32.874523958413036
6646,c,32.874523958413036,32.874523958413036
6647,t,32.874523958413036,32.874523958413036
6648,c,32.874523958413036,32.874523958413036
6649,t,32.874523958413036,32.874523958413036
6650,t,32.874523958413036,32.874523958413036
6651,t,32.874523958413036,32.874523958413036
6652,c,32.874523958413036,32.874523958413036
6653,c,32.874523958413036,32.874523958413036
6654,t,32.874523958413036,32.874523958413036
6655,c,32.874523958413036,32.874523958413036
6656,c,32.874523958413036,32.874523958413036
6657,t,32.874523958413036,32.874523958413036
6658,t,32.874523958413036,32.874523958413036
6659,c,32.874523958413036,32.874523958413036
6660,t,32.874523958413036,32.874523958413036
6661,c,32.874523958413036,32.874523958413036
6662,t,32.874523958413036,32.874523958413036
6663,t,32.874523958413036,32.874523958413036
6664,t,32.874523958413036,32.874523958413036
6665,t,32.874523958413036,32.874523958413036
6666,c,32.874523958413036,32.874523958413036
6667,c,32.874523958413036,32.874523958413036
6668,t,32.874523958413036,32.874523958413036
6669,t,32.874523958413036,32.874523958413036
6670,t,32.874523958413036,32.874523958413036
6671,t,32.874523958413036,32.874523958413036
6672,t,32.874523958413036,32.874523958413036
6673,c,32.874523958413036,32.874523958413036
6674,t,32.874523958413036,32.874523958413036
6675,c,32.874523958413036,32.874523958413036
6676,t,32.874523958413036,32.874523958413036
6677,t,32.874523958413036,32.874523958413036
6678,t,32.874523958413036,32.874523958413036
6679,c,32.874523958413036,32.874523958413036
6680,c,32.874523958413036,32.874523958413036
6681,t,32.874523958413036,32.874523958413036
6682,c,32.874523958413036,32.874523958413036
6683,c,32.874523958413036,32.874523958413036
6684,t,32.874523958413036,32.874523958413036
6685,t,32.874523958413036,32.874523958413036
6686,c,32.874523958413036,32.874523958413036
6687,t,32.874523958413036,32.874523958413036
6688,c,32.874523958413036,32.874523958413036
6689,c,32.874523958413036,32.874523958413036
6690,t,32.874523958413036,32.874523958413036
6691,c,32.874523958413036,32.874523958413036
6692,t,32.874523958413036,32.874523958413036
6693,c,32.874523958413036,32.874523958413036
6694,c,32.874523958413036,32.874523958413036
6695,t,32.874523958413036,32.874523958413036
6696,c,32.874523958413036,32.874523958413036
6697,c,32.874523958413036,32.874523958413036
6698,c,32.874523958413036,32.874523958413036
6699,t,32.874523958413036,32.874523958413036
6700,t,32.874523958413036,32.874523958413036
6701,t,32.874523958413036,32.874523958413036
6702,t,32.874523958413036,32.874523958413036
6703,t,32.874523958413036,32.874523958413036
6704,t,32.874523958413036,32.874523958413036
6705,c,32.874523958413036,32.874523958413036
6706,na,4.389393809766357,12.512348361897761
6707,c,32.874523958413036,32.874523958413036
6708,c,32.874523958413036,32.874523958413036
6709,c,32.874523958413036,32.874523958413036
6710,c,32.874523958413036,32.874523958413036
6711,c,32.874523958413036,32.874523958413036
6712,t,32.874523958413036,32.874523958413036
6713,t,32.874523958413036,32.874523958413036
6714,t,32.874523958413036,32.874523958413036
6715,t,32.874523958413036,32.874523958413036
6716,c,32.874523958413036,32.874523958413036
6717,t,32.874523958413036,32.874523958413036
6718,t,32.874523958413036,32.874523958413036
6719,c,32.874523958413036,32.874523958413036
6720,t,32.874523958413036,32.874523958413036
6721,t,32.874523958413036,32.874523958413036
6722,t,32.874523958413036,32.874523958413036
6723,t,32.874523958413036,32.874523958413036
6724,c,32.874523958413036,32.874523958413036
6725,t,32.874523958413036,32.874523958413036
6726,c,32.874523958413036,32.874523958413036
6727,t,32.874523958413036,32.874523958413036
6728,t,32.874523958413036,32.874523958413036
6729,c,32.874523958413036,32.874523958413036
6730,t,32.874523958413036,32.874523958413036
6731,c,32.874523958413036,32.874523958413036
6732,c,32.874523958413036,32.874523958413036
6733,t,32.874523958413036,32.874523958413036
6734,c,32.874523958413036,32.874523958413036
6735,c,32.874523958413036,32.874523958413036
6736,c,32.874523958413036,32.874523958413036
6737,c,32.874523958413036,32.874523958413036
6738,t,32.874523958413036,32.874523958413036
6739,t,32.874523958413036,32.874523958413036
6740,t,32.874523958413036,32.874523958413036
6741,c,32.874523958413036,32.874523958413036
6742,c,32.874523958413036,32.874523958413036
6743,t,32.874523958413036,32.874523958413036
6744,c,32.874523958413036,32.874523958413036
6745,t,32.874523958413036,32.874523958413036
6746,t,32.874523958413036,32.874523958413036
6747,c,32.874523958413036,32.874523958413036
6748,t,32.874523958413036,32.874523958413036
6749,c,32.874523958413036,32.874523958413036
6750,c,32.874523958413036,32.874523958413036
6751,t,32.874523958413036,32.874523958413036
6752,c,32.874523958413036,32.874523958413036
6753,t,32.874523958413036,32.874523958413036
6754,c,32.874523958413036,32.874523958413036
6755,c,32.874523958413036,32.874523958413036
6756,c,32.874523958413036,32.874523958413036
6757,c,32.874523958413036,32.874523958413036
6758,c,32.874523958413036,32.874523958413036
6759,c,32.874523958413036,32.874523958413036
6760,t,32.874523958413036,32.874523958413036
6761,c,32.874523958413036,32.874523958413036
6762,t,32.874523958413036,32.874523958413036
6763,c,32.874523958413036,32.874523958413036
6764,c,32.874523958413036,32.874523958413036
6765,t,32.874523958413036,32.874523958413036
6766,t,32.874523958413036,32.874523958413036
6767,c,32.874523958413036,32.874523958413036
6768,c,32.874523958413036,32.874523958413036
6769,t,32.874523958413036,32.874523958413036
6770,t,32.874523958413036,32.874523958413036
6771,t,32.874523958413036,32.874523958413036
6772,c,32.874523958413036,32.874523958413036
6773,c,32.874523958413036,32.874523958413036
6774,c,32.874523958413036,32.874523958413036
6775,c,32.874523958413036,32.874523958413036
6776,t,32.874523958413036,32.874523958413036
6777,c,32.874523958413036,32.874523958413036
6778,t,32.874523958413036,32.874523958413036
6779,c,32.874523958413036,32.874523958413036
6780,c,32.874523958413036,32.874523958413036
6781,t,32.874523958413036,32.874523958413036
6782,t,32.874523958413036,32.874523958413036
6783,c,32.874523958413036,32.874523958413036
6784,t,32.874523958413036,32.874523958413036
6785,c,32.874523958413036,32.874523958413036
6786,t,32.874523958413036,32.874523958413036
6787,c,32.874523958413036,32.874523958413036
6788,t,32.874523958413036,32.874523958413036
6789,c,32.874523958413036,32.874523958413036
6790,t,32.874523958413036,32.874523958413036
6791,t,32.874523958413036,32.874523958413036
6792,c,32.874523958413036,32.874523958413036
6793,c,32.874523958413036,32.874523958413036
6794,t,32.874523958413036,32.874523958413036
6795,c,32.874523958413036,32.874523958413036
6796,c,32.874523958413036,32.874523958413036
6797,c,32.874523958413036,32.874523958413036
6798,t,32.874523958413036,32.874523958413036
6799,c,32.874523958413036,32.874523958413036
6800,c,32.874523958413036,32.874523958413036
6801,c,32.874523958413036,32.874523958413036
6802,c,32.874523958413036,32.874523958413036
6803,c,32.874523958413036,32.874523958413036
6804,t,32.874523958413036,32.874523958413036
6805,c,32.874523958413036,32.874523958413036
6806,t,32.874523958413036,32.874523958413036
6807,t,32.874523958413036,32.874523958413036
6808,c,32.874523958413036,32.874523958413036
6809,c,32.874523958413036,32.874523958413036
6810,t,32.874523958413036,32.874523958413036
6811,c,32.874523958413036,32.874523958413036
6812,t,32.874523958413036,32.874523958413036
6813,t,32.874523958413036,32.874523958413036
6814,t,32.874523958413036,32.874523958413036
6815,t,32.874523958413036,32.874523958413036
6816,na,7.8968287972366715,8.020090599259762
6817,c,32.874523958413036,32.874523958413036
6818,t,32.874523958413036,32.874523958413036
6819,t,32.874523958413036,32.874523958413036
6820,t,32.874523958413036,32.874523958413036
6821,c,32.874523958413036,32.874523958413036
6822,c,32.874523958413036,32.874523958413036
6823,t,32.874523958413036,32.874523958413036
6824,t,32.874523958413036,32.874523958413036
6825,c,32.874523958413036,32.874523958413036
6826,t,32.874523958413036,32.874523958413036
6827,c,32.874523958413036,32.874523958413036
6828,t,32.874523958413036,32.874523958413036
6829,c,32.874523958413036,32.874523958413036
6830,c,32.874523958413036,32.874523958413036
6831,c,32.874523958413036,32.874523958413036
6832,c,32.874523958413036,32.874523958413036
6833,t,32.874523958413036,32.874523958413036
6834,c,32.874523958413036,32.874523958413036
6835,c,32.874523958413036,32.874523958413036
6836,c,32.874523958413036,32.874523958413036
6837,c,32.874523958413036,32.874523958413036
6838,c,32.874523958413036,32.874523958413036
6839,t,32.874523958413036,32.874523958413036
6840,c,32.874523958413036,32.874523958413036
6841,t,32.874523958413036,32.874523958413036
6842,c,32.874523958413036,32.874523958413036
6843,c,32.874523958413036,32.874523958413036
6844,t,32.874523958413036,32.874523958413036
6845,t,32.874523958413036,32.874523958413036
6846,t,32.874523958413036,32.874523958413036
6847,t,32.874523958413036,32.874523958413036
6848,t,32.874523958413036,32.874523958413036
6849,t,32.874523958413036,32.874523958413036
6850,c,32.874523958413036,32.874523958413036
6851,t,32.874523958413036,32.874523958413036
6852,c,32.874523958413036,32.874523958413036
6853,c,32.874523958413036,32.874523958413036
6854,c,32.874523958413036,32.874523958413036
6855,c,32.874523958413036,32.874523958413036
6856,c,32.874523958413036,32.874523958413036
6857,c,32.874523958413036,32.874523958413036
6858,na,1.7663208165841389,1.8424733571223924
6859,c,32.874523958413036,32.874523958413036
6860,t,32.874523958413036,32.874523958413036
6861,t,32.874523958413036,32.874523958413036
6862,c,32.874523958413036,32.874523958413036
6863,t,32.874523958413036,32.874523958413036
6864,t,32.874523958413036,32.874523958413036
6865,t,32.874523958413036,32.874523958413036
6866,c,32.874523958413036,32.874523958413036
6867,c,32.874523958413036,32.874523958413036
6868,t,32.874523958413036,32.874523958413036
6869,t,32.874523958413036,32.874523958413036
6870,c,32.874523958413036,32.874523958413036
6871,t,32.874523958413036,32.874523958413036
6872,t,32.874523958413036,32.874523958413036
6873,c,32.874523958413036,32.874523958413036
6874,c,32.874523958413036,32.874523958413036
6875,t,32.874523958413036,32.874523958413036
6876,t,32.874523958413036,32.874523958413036
6877,c,32.874523958413036,32.874523958413036
6878,t,32.874523958413036,32.874523958413036
6879,c,32.874523958413036,32.874523958413036
6880,t,32.874523958413036,32.874523958413036
6881,c,32.874523958413036,32.874523958413036
6882,c,32.874523958413036,32.874523958413036
6883,t,32.874523958413036,32.874523958413036
6884,t,32.874523958413036,32.874523958413036
6885,t,32.874523958413036,32.874523958413036
6886,c,32.874523958413036,32.874523958413036
6887,t,32.874523958413036,32.874523958413036
6888,c,32.874523958413036,32.874523958413036
6889,na,18.17939243223658,19.08118057290419
6890,t,32.874523958413036,32.874523958413036
6891,c,32.874523958413036,32.874523958413036
6892,c,32.874523958413036,32.874523958413036
6893,t,32.874523958413036,32.874523958413036
6894,t,32.874523958413036,32.874523958413036
6895,c,32.874523958413036,32.874523958413036
6896,c,32.874523958413036,32.874523958413036
6897,c,32.874523958413036,32.874523958413036
6898,c,32.874523958413036,32.874523958413036
6899,c,32.874523958413036,32.874523958413036
6900,c,32.874523958413036,32.874523958413036
6901,c,32.874523958413036,32.874523958413036
6902,t,32.874523958413036,32.874523958413036
6903,c,12.74379708547113,24.624558425055998
6904,c,32.874523958413036,32.874523958413036
6905,t,32.874523958413036,32.874523958413036
6906,c,32.874523958413036,32.874523958413036
6907,t,32.874523958413036,32.874523958413036
6908,t,32.874523958413036,32.874523958413036
6909,t,32.874523958413036,32.874523958413036
6910,t,32.874523958413036,32.874523958413036
6911,c,32.874523958413036,32.874523958413036
6912,c,32.874523958413036,32.874523958413036
6913,c,32.874523958413036,32.874523958413036
6914,t,32.874523958413036,32.874523958413036
6915,c,32.874523958413036,32.874523958413036
6916,t,32.874523958413036,32.874523958413036
6917,c,32.874523958413036,32.874523958413036
6918,t,32.874523958413036,32.874523958413036
6919,t,32.874523958413036,32.874523958413036
6920,t,32.874523958413036,32.874523958413036
6921,t,32.874523958413036,32.874523958413036
6922,c,32.874523958413036,32.874523958413036
6923,c,32.874523958413036,32.874523958413036
6924,t,32.874523958413036,32.874523958413036
6925,t,32.874523958413036,32.874523958413036
6926,c,32.874523958413036,32.874523958413036
6927,c,32.874523958413036,32.874523958413036
6928,c,32.874523958413036,32.874523958413036
6929,t,32.874523958413036,32.874523958413036
6930,t,32.874523958413036,32.874523958413036
6931,c,32.874523958413036,32.874523958413036
6932,c,32.874523958413036,32.874523958413036
6933,c,32.874523958413036,32.874523958413036
6934,t,32.874523958413036,32.874523958413036
6935,t,32.874523958413036,32.874523958413036
6936,t,32.874523958413036,32.874523958413036
6937,t,32.874523958413036,32.874523958413036
6938,t,32.874523958413036,32.874523958413036
6939,c,32.874523958413036,32.874523958413036
6940,c,32.874523958413036,32.874523958413036
6941,t,32.874523958413036,32.874523958413036
6942,c,32.874523958413036,32.874523958413036
6943,t,32.874523958413036,32.874523958413036
6944,t,32.874523958413036,32.874523958413036
6945,c,32.874523958413036,32.874523958413036
6946,c,32.874523958413036,32.874523958413036
6947,t,32.874523958413036,32.874523958413036
6948,t,32.874523958413036,32.874523958413036
6949,c,32.874523958413036,32.874523958413036
6950,c,32.874523958413036,32.874523958413036
6951,c,32.874523958413036,32.874523958413036
6952,c,32.874523958413036,32.874523958413036
6953,c,32.874523958413036,32.874523958413036
6954,c,32.874523958413036,32.874523958413036
6955,t,32.874523958413036,32.874523958413036
6956,c,32.874523958413036,32.874523958413036
6957,c,32.874523958413036,32.874523958413036
6958,t,32.874523958413036,32.874523958413036
6959,t,32.874523958413036,32.874523958413036
6960,t,32.874523958413036,32.874523958413036
6961,c,32.874523958413036,32.874523958413036
6962,t,32.874523958413036,32.874523958413036
6963,c,32.874523958413036,32.874523958413036
6964,t,32.874523958413036,32.874523958413036
6965,c,32.874523958413036,32.874523958413036
6966,c,32.874523958413036,32.874523958413036
6967,t,32.874523958413036,32.874523958413036
6968,t,32.874523958413036,32.874523958413036
6969,c,32.874523958413036,32.874523958413036
6970,t,32.874523958413036,32.874523958413036
6971,t,32.874523958413036,32.874523958413036
6972,t,32.874523958413036,32.874523958413036
6973,t,32.874523958413036,32.874523958413036
6974,t,32.874523958413036,32.874523958413036
6975,c,32.874523958413036,32.874523958413036
6976,t,32.874523958413036,32.874523958413036
6977,t,32.874523958413036,32.874523958413036
6978,t,32.874523958413036,32.874523958413036
6979,t,32.874523958413036,32.874523958413036
6980,c,32.874523958413036,32.874523958413036
6981,c,32.874523958413036,32.874523958413036
6982,c,32.874523958413036,32.874523958413036
6983,t,32.874523958413036,32.874523958413036
6984,t,32.874523958413036,32.874523958413036
6985,t,32.874523958413036,32.874523958413036
6986,t,32.874523958413036,32.874523958413036
6987,c,32.874523958413036,32.874523958413036
6988,t,32.874523958413036,32.874523958413036
6989,c,32.874523958413036,32.874523958413036
6990,c,32.874523958413036,32.874523958413036
6991,c,32.874523958413036,32.874523958413036
6992,c,32.874523958413036,32.874523958413036
6993,c,32.874523958413036,32.874523958413036
6994,c,32.874523958413036,32.874523958413036
6995,c,32.874523958413036,32.874523958413036
6996,t,32.874523958413036,32.874523958413036
6997,t,32.874523958413036,32.874523958413036
6998,c,32.874523958413036,32.874523958413036
6999,c,32.874523958413036,32.874523958413036
7000,t,32.874523958413036,32.874523958413036
7001,t,32.874523958413036,32.874523958413036
7002,t,32.874523958413036,32.874523958413036
7003,t,32.874523958413036,32.874523958413036
7004,c,32.874523958413036,32.874523958413036
7005,c,32.874523958413036,32.874523958413036
7006,c,32.874523958413036,32.874523958413036
7007,c,32.874523958413036,32.874523958413036
7008,t,32.874523958413036,32.874523958413036
7009,c,32.874523958413036,32.874523958413036
7010,t,32.874523958413036,32.874523958413036
7011,t,32.874523958413036,32.874523958413036
7012,c,32.874523958413036,32.874523958413036
7013,t,32.874523958413036,32.874523958413036
7014,t,32.874523958413036,32.874523958413036
7015,t,32.874523958413036,32.874523958413036
7016,t,32.874523958413036,32.874523958413036
7017,t,32.874523958413036,32.874523958413036
7018,t,32.874523958413036,32.874523958413036
7019,t,32.874523958413036,32.874523958413036
7020,c,32.874523958413036,32.874523958413036
7021,t,32.874523958413036,32.874523958413036
7022,c,32.874523958413036,32.874523958413036
7023,c,32.874523958413036,32.874523958413036
7024,t,32.874523958413036,32.874523958413036
7025,c,32.874523958413036,32.874523958413036
7026,t,32.874523958413036,32.874523958413036
7027,t,32.874523958413036,32.874523958413036
7028,c,32.874523958413036,32.874523958413036
7029,t,32.874523958413036,32.874523958413036
7030,t,32.874523958413036,32.874523958413036
7031,t,32.874523958413036,32.874523958413036
7032,t,32.874523958413036,32.874523958413036
7033,t,32.874523958413036,32.874523958413036
7034,c,32.874523958413036,32.874523958413036
7035,t,32.874523958413036,32.874523958413036
7036,c,10.17504458817058,10.672933744297936
7037,t,32.874523958413036,32.874523958413036
7038,t,32.874523958413036,32.874523958413036
7039,t,32.874523958413036,32.874523958413036
7040,t,32.874523958413036,32.874523958413036
7041,t,32.874523958413036,32.874523958413036
7042,c,32.874523958413036,32.874523958413036
7043,t,32.874523958413036,32.874523958413036
7044,t,32.874523958413036,32.874523958413036
7045,t,32.874523958413036,32.874523958413036
7046,t,32.874523958413036,32.874523958413036
7047,c,32.874523958413036,32.874523958413036
7048,t,32.874523958413036,32.874523958413036
7049,c,32.874523958413036,32.874523958413036
7050,c,32.874523958413036,32.874523958413036
7051,t,32.874523958413036,32.874523958413036
7052,c,32.874523958413036,32.874523958413036
7053,t,32.874523958413036,32.874523958413036
7054,t,32.874523958413036,32.874523958413036
7055,t,32.874523958413036,32.874523958413036
7056,c,32.874523958413036,32.874523958413036
7057,c,32.874523958413036,32.874523958413036
7058,t,32.874523958413036,32.874523958413036
7059,t,32.874523958413036,32.874523958413036
7060,t,32.874523958413036,32.874523958413036
7061,c,32.874523958413036,32.874523958413036
7062,t,32.874523958413036,32.874523958413036
7063,t,32.874523958413036,32.874523958413036
7064,t,32.874523958413036,32.874523958413036
7065,t,32.874523958413036,32.874523958413036
7066,c,32.874523958413036,32.874523958413036
7067,c,32.874523958413036,32.874523958413036
7068,c,32.874523958413036,32.874523958413036
7069,t,32.874523958413036,32.874523958413036
7070,c,32.874523958413036,32.874523958413036
7071,c,32.874523958413036,32.874523958413036
7072,c,32.874523958413036,32.874523958413036
7073,c,32.874523958413036,32.874523958413036
7074,c,32.874523958413036,32.874523958413036
7075,t,32.874523958413036,32.874523958413036
7076,t,32.874523958413036,32.874523958413036
7077,t,32.874523958413036,32.874523958413036
7078,c,32.874523958413036,32.874523958413036
7079,c,32.874523958413036,32.874523958413036
7080,t,32.874523958413036,32.874523958413036
7081,t,32.874523958413036,32.874523958413036
7082,c,32.874523958413036,32.874523958413036
7083,c,32.874523958413036,32.874523958413036
7084,c,32.874523958413036,32.874523958413036
7085,c,32.874523958413036,32.874523958413036
7086,c,32.874523958413036,32.874523958413036
7087,t,32.874523958413036,32.874523958413036
7088,c,32.874523958413036,32.874523958413036
7089,c,32.874523958413036,32.874523958413036
7090,c,32.874523958413036,32.874523958413036
7091,t,32.874523958413036,32.874523958413036
7092,c,32.874523958413036,32.874523958413036
7093,t,32.874523958413036,32.874523958413036
7094,t,32.874523958413036,32.874523958413036
7095,c,32.874523958413036,32.874523958413036
7096,t,32.874523958413036,32.874523958413036
7097,c,32.874523958413036,32.874523958413036
7098,c,32.874523958413036,32.874523958413036
7099,c,32.874523958413036,32.874523958413036
7100,c,32.874523958413036,32.874523958413036
7101,c,32.874523958413036,32.874523958413036
7102,c,32.874523958413036,32.874523958413036
7103,c,32.874523958413036,32.874523958413036
7104,c,32.874523958413036,32.874523958413036
7105,c,32.874523958413036,32.874523958413036
7106,c,32.874523958413036,32.874523958413036
7107,t,32.874523958413036,32.874523958413036
7108,t,32.874523958413036,32.874523958413036
7109,t,32.874523958413036,32.874523958413036
7110,t,32.874523958413036,32.874523958413036
7111,c,32.874523958413036,32.874523958413036
7112,t,32.874523958413036,32.874523958413036
7113,c,32.874523958413036,32.874523958413036
7114,t,32.874523958413036,32.874523958413036
7115,c,32.874523958413036,32.874523958413036
7116,c,32.874523958413036,32.874523958413036
7117,t,32.874523958413036,32.874523958413036
7118,c,32.874523958413036,32.874523958413036
7119,t,32.874523958413036,32.874523958413036
7120,c,32.874523958413036,32.874523958413036
7121,t,32.874523958413036,32.874523958413036
7122,c,32.874523958413036,32.874523958413036
7123,t,32.874523958413036,32.874523958413036
7124,c,32.874523958413036,32.874523958413036
7125,c,32.874523958413036,32.874523958413036
7126,t,32.874523958413036,32.874523958413036
7127,t,32.874523958413036,32.874523958413036
7128,t,32.874523958413036,32.874523958413036
7129,t,32.874523958413036,32.874523958413036
7130,c,32.874523958413036,32.874523958413036
7131,c,32.874523958413036,32.874523958413036
7132,c,32.874523958413036,32.874523958413036
7133,t,32.874523958413036,32.874523958413036
7134,t,32.874523958413036,32.874523958413036
7135,c,32.874523958413036,32.874523958413036
7136,t,32.874523958413036,32.874523958413036
7137,t,32.874523958413036,32.874523958413036
7138,t,32.874523958413036,32.874523958413036
7139,c,32.874523958413036,32.874523958413036
7140,c,32.874523958413036,32.874523958413036
7141,c,32.874523958413036,32.874523958413036
7142,c,32.874523958413036,32.874523958413036
7143,c,32.874523958413036,32.874523958413036
7144,t,32.874523958413036,32.874523958413036
7145,c,32.874523958413036,32.874523958413036
7146,c,32.874523958413036,32.874523958413036
7147,c,32.874523958413036,32.874523958413036
7148,c,5.848640564619335,7.822983094728063
7149,t,32.874523958413036,32.874523958413036
7150,c,32.874523958413036,32.874523958413036
7151,c,32.874523958413036,32.874523958413036
7152,c,32.874523958413036,32.874523958413036
7153,t,32.874523958413036,32.874523958413036
7154,c,32.874523958413036,32.874523958413036
7155,c,32.874523958413036,32.874523958413036
7156,t,32.874523958413036,32.874523958413036
7157,c,32.874523958413036,32.874523958413036
7158,c,32.874523958413036,32.874523958413036
7159,c,32.874523958413036,32.874523958413036
7160,t,32.874523958413036,32.874523958413036
7161,t,32.874523958413036,32.874523958413036
7162,t,32.874523958413036,32.874523958413036
7163,t,32.874523958413036,32.874523958413036
7164,c,32.874523958413036,32.874523958413036
7165,t,32.874523958413036,32.874523958413036
7166,c,32.874523958413036,32.874523958413036
7167,t,32.874523958413036,32.874523958413036
7168,t,32.874523958413036,32.874523958413036
7169,c,32.874523958413036,32.874523958413036
7170,c,32.874523958413036,32.874523958413036
7171,t,32.874523958413036,32.874523958413036
7172,t,32.874523958413036,32.874523958413036
7173,t,32.874523958413036,32.874523958413036
7174,t,32.874523958413036,32.874523958413036
7175,c,32.874523958413036,32.874523958413036
7176,na,5.793670626827979,11.794758139338633
7177,t,32.874523958413036,32.874523958413036
7178,t,32.874523958413036,32.874523958413036
7179,t,32.874523958413036,32.874523958413036
7180,t,32.874523958413036,32.874523958413036
7181,na,18.13084762978398,23.40195221551891
7182,c,32.874523958413036,32.874523958413036
7183,c,32.874523958413036,32.874523958413036
7184,t,32.874523958413036,32.874523958413036
7185,t,32.874523958413036,32.874523958413036
7186,t,32.874523958413036,32.874523958413036
7187,t,32.874523958413036,32.874523958413036
7188,c,32.874523958413036,32.874523958413036
7189,t,32.874523958413036,32.874523958413036
7190,t,32.874523958413036,32.874523958413036
7191,c,32.874523958413036,32.874523958413036
7192,c,32.874523958413036,32.874523958413036
7193,t,32.874523958413036,32.874523958413036
7194,c,32.874523958413036,32.874523958413036
7195,c,32.874523958413036,32.874523958413036
7196,t,32.874523958413036,32.874523958413036
7197,t,32.874523958413036,32.874523958413036
7198,t,32.874523958413036,32.874523958413036
7199,c,32.874523958413036,32.874523958413036
7200,c,32.874523958413036,32.874523958413036
7201,t,32.874523958413036,32.874523958413036
7202,c,32.874523958413036,32.874523958413036
7203,c,32.874523958413036,32.874523958413036
7204,c,32.874523958413036,32.874523958413036
7205,t,32.874523958413036,32.874523958413036
7206,c,32.874523958413036,32.874523958413036
7207,c,32.874523958413036,32.874523958413036
7208,c,32.874523958413036,32.874523958413036
7209,t,32.874523958413036,32.874523958413036
7210,c,32.874523958413036,32.874523958413036
7211,t,32.874523958413036,32.874523958413036
7212,t,32.874523958413036,32.874523958413036
7213,t,32.874523958413036,32.874523958413036
7214,t,32.874523958413036,32.874523958413036
7215,t,32.874523958413036,32.874523958413036
7216,c,32.874523958413036,32.874523958413036
7217,t,32.874523958413036,32.874523958413036
7218,c,32.874523958413036,32.874523958413036
7219,c,32.874523958413036,32.874523958413036
7220,t,32.874523958413036,32.874523958413036
7221,c,32.874523958413036,32.874523958413036
7222,t,32.874523958413036,32.874523958413036
7223,t,32.874523958413036,32.874523958413036
7224,c,32.874523958413036,32.874523958413036
7225,t,32.874523958413036,32.874523958413036
7226,c,10.398977641761075,13.746769337979854
7227,c,32.874523958413036,32.874523958413036
7228,c,32.874523958413036,32.874523958413036
7229,c,32.874523958413036,32.874523958413036
7230,t,32.874523958413036,32.874523958413036
7231,t,32.874523958413036,32.874523958413036
7232,t,32.874523958413036,32.874523958413036
7233,c,32.874523958413036,32.874523958413036
7234,t,32.874523958413036,32.874523958413036
7235,c,32.874523958413036,32.874523958413036
7236,t,32.874523958413036,32.874523958413036
7237,c,32.874523958413036,32.874523958413036
7238,t,32.874523958413036,32.874523958413036
7239,c,32.874523958413036,32.874523958413036
7240,c,32.874523958413036,32.874523958413036
7241,t,32.874523958413036,32.874523958413036
7242,t,32.874523958413036,32.874523958413036
7243,c,32.874523958413036,32.874523958413036
7244,c,32.874523958413036,32.874523958413036
7245,t,32.874523958413036,32.874523958413036
7246,c,32.874523958413036,32.874523958413036
7247,t,32.874523958413036,32.874523958413036
7248,c,32.874523958413036,32.874523958413036
7249,t,32.874523958413036,32.874523958413036
7250,c,32.874523958413036,32.874523958413036
7251,t,32.874523958413036,32.874523958413036
7252,t,32.874523958413036,32.874523958413036
7253,c,32.874523958413036,32.874523958413036
7254,c,32.874523958413036,32.874523958413036
7255,t,32.874523958413036,32.874523958413036
7256,c,18.694990947259754,32.299080087418126
7257,c,8.92558848573263,15.423773283070974
7258,t,32.874523958413036,32.874523958413036
7259,t,32.874523958413036,32.874523958413036
7260,c,32.874523958413036,32.874523958413036
7261,c,32.874523958413036,32.874523958413036
7262,c,32.874523958413036,32.874523958413036
7263,t,32.874523958413036,32.874523958413036
7264,c,32.874523958413036,32.874523958413036
7265,c,32.874523958413036,32.874523958413036
7266,c,32.874523958413036,32.874523958413036
7267,t,32.874523958413036,32.874523958413036
7268,t,32.874523958413036,32.874523958413036
7269,na,-1,0
7270,c,32.874523958413036,32.874523958413036
7271,c,32.874523958413036,32.874523958413036
7272,c,32.874523958413036,32.874523958413036
7273,c,32.874523958413036,32.874523958413036
7274,t,32.874523958413036,32.874523958413036
7275,t,32.874523958413036,32.874523958413036
7276,t,32.874523958413036,32.874523958413036
7277,t,32.874523958413036,32.874523958413036
7278,t,32.874523958413036,32.874523958413036
7279,c,32.874523958413036,32.874523958413036
7280,c,32.874523958413036,32.874523958413036
7281,t,32.874523958413036,32.874523958413036
7282,c,32.874523958413036,32.874523958413036
7283,c,32.874523958413036,32.874523958413036
7284,c,32.874523958413036,32.874523958413036
7285,c,32.874523958413036,32.874523958413036
7286,na,3.2617837899368385,5.59930025241122
7287,c,32.874523958413036,32.874523958413036
7288,t,32.874523958413036,32.874523958413036
7289,t,32.874523958413036,32.874523958413036
7290,c,32.874523958413036,32.874523958413036
7291,c,32.874523958413036,32.874523958413036
7292,t,32.874523958413036,32.874523958413036
7293,c,32.874523958413036,32.874523958413036
7294,c,32.874523958413036,32.874523958413036
7295,c,32.874523958413036,32.874523958413036
7296,c,32.874523958413036,32.874523958413036
7297,t,32.874523958413036,32.874523958413036
7298,c,32.874523958413036,32.874523958413036
7299,c,32.874523958413036,32.874523958413036
7300,t,32.874523958413036,32.874523958413036
7301,c,32.874523958413036,32.874523958413036
7302,c,32.874523958413036,32.874523958413036
7303,c,32.874523958413036,32.874523958413036
7304,c,32.874523958413036,32.874523958413036
7305,t,32.874523958413036,32.874523958413036
7306,c,32.874523958413036,32.874523958413036
7307,c,32.874523958413036,32.874523958413036
7308,c,32.874523958413036,32.874523958413036
7309,c,32.874523958413036,32.874523958413036
7310,t,32.874523958413036,32.874523958413036
7311,c,32.874523958413036,32.874523958413036
7312,c,32.874523958413036,32.874523958413036
7313,c,32.874523958413036,32.874523958413036
7314,c,32.874523958413036,32.874523958413036
7315,t,32.874523958413036,32.874523958413036
7316,t,32.874523958413036,32.874523958413036
7317,t,32.874523958413036,32.874523958413036
7318,c,32.874523958413036,32.874523958413036
7319,c,32.874523958413036,32.874523958413036
7320,c,32.874523958413036,32.874523958413036
7321,c,32.874523958413036,32.874523958413036
7322,c,32.874523958413036,32.874523958413036
7323,t,32.874523958413036,32.874523958413036
7324,c,32.874523958413036,32.874523958413036
7325,c,32.874523958413036,32.874523958413036
7326,c,32.874523958413036,32.874523958413036
7327,c,32.874523958413036,32.874523958413036
7328,c,32.874523958413036,32.874523958413036
7329,t,32.874523958413036,32.874523958413036
7330,na,5.1165987008061675,19.155115218608408
7331,c,32.874523958413036,32.874523958413036
7332,c,32.874523958413036,32.874523958413036
7333,c,32.874523958413036,32.874523958413036
7334,t,32.874523958413036,32.874523958413036
7335,c,32.874523958413036,32.874523958413036
7336,t,32.874523958413036,32.874523958413036
7337,t,32.874523958413036,32.874523958413036
7338,t,32.874523958413036,32.874523958413036
7339,t,32.874523958413036,32.874523958413036
7340,t,32.874523958413036,32.874523958413036
7341,t,32.874523958413036,32.874523958413036
7342,c,32.874523958413036,32.874523958413036
7343,c,32.874523958413036,32.874523958413036
7344,t,32.874523958413036,32.874523958413036
7345,c,32.874523958413036,32.874523958413036
7346,t,32.874523958413036,32.874523958413036
7347,t,32.874523958413036,32.874523958413036
7348,c,32.874523958413036,32.874523958413036
7349,t,32.874523958413036,32.874523958413036
7350,t,32.874523958413036,32.874523958413036
7351,c,32.874523958413036,32.874523958413036
7352,t,32.874523958413036,32.874523958413036
7353,c,32.874523958413036,32.874523958413036
7354,t,32.874523958413036,32.874523958413036
7355,c,32.874523958413036,32.874523958413036
7356,t,32.874523958413036,32.874523958413036
7357,t,32.874523958413036,32.874523958413036
7358,c,32.874523958413036,32.874523958413036
7359,c,32.874523958413036,32.874523958413036
7360,t,32.874523958413036,32.874523958413036
7361,t,32.874523958413036,32.874523958413036
7362,t,32.874523958413036,32.874523958413036
7363,c,32.874523958413036,32.874523958413036
7364,t,32.874523958413036,32.874523958413036
7365,t,32.874523958413036,32.874523958413036
7366,c,32.874523958413036,32.874523958413036
7367,c,32.874523958413036,32.874523958413036
7368,c,32.874523958413036,32.874523958413036
7369,c,32.874523958413036,32.874523958413036
7370,t,32.874523958413036,32.874523958413036
7371,t,32.874523958413036,32.874523958413036
7372,t,32.874523958413036,32.874523958413036
7373,t,32.874523958413036,32.874523958413036
7374,c,32.874523958413036,32.874523958413036
7375,c,32.874523958413036,32.874523958413036
7376,t,32.874523958413036,32.874523958413036
7377,c,32.874523958413036,32.874523958413036
7378,c,32.874523958413036,32.874523958413036
7379,c,32.874523958413036,32.874523958413036
7380,t,32.874523958413036,32.874523958413036
7381,c,32.874523958413036,32.874523958413036
7382,t,32.874523958413036,32.874523958413036
7383,c,32.874523958413036,32.874523958413036
7384,c,32.874523958413036,32.874523958413036
7385,c,32.874523958413036,32.874523958413036
7386,t,32.874523958413036,32.874523958413036
7387,c,32.874523958413036,32.874523958413036
7388,c,32.874523958413036,32.874523958413036
7389,c,32.874523958413036,32.874523958413036
7390,t,32.874523958413036,32.874523958413036
7391,t,32.874523958413036,32.874523958413036
7392,t,32.874523958413036,32.874523958413036
7393,t,32.874523958413036,32.874523958413036
7394,t,32.874523958413036,32.874523958413036
7395,t,32.874523958413036,32.874523958413036
7396,t,32.874523958413036,32.874523958413036
7397,t,32.874523958413036,32.874523958413036
7398,c,32.874523958413036,32.874523958413036
7399,t,32.874523958413036,32.874523958413036
7400,c,32.874523958413036,32.874523958413036
7401,c,32.874523958413036,32.874523958413036
7402,t,32.874523958413036,32.874523958413036
7403,c,32.874523958413036,32.874523958413036
7404,c,32.874523958413036,32.874523958413036
7405,t,32.874523958413036,32.874523958413036
7406,c,32.874523958413036,32.874523958413036
7407,c,32.874523958413036,32.874523958413036
7408,t,32.874523958413036,32.874523958413036
7409,t,32.874523958413036,32.874523958413036
7410,c,32.874523958413036,32.874523958413036
7411,t,32.874523958413036,32.874523958413036
7412,t,32.874523958413036,32.874523958413036
7413,t,32.874523958413036,32.874523958413036
7414,t,32.874523958413036,32.874523958413036
7415,t,32.874523958413036,32.874523958413036
7416,c,32.874523958413036,32.874523958413036
7417,t,32.874523958413036,32.874523958413036
7418,t,32.874523958413036,32.874523958413036
7419,t,32.874523958413036,32.874523958413036
7420,c,32.874523958413036,32.874523958413036
7421,t,32.874523958413036,32.874523958413036
7422,t,32.874523958413036,32.874523958413036
7423,t,32.874523958413036,32.874523958413036
7424,c,32.874523958413036,32.874523958413036
7425,c,32.874523958413036,32.874523958413036
7426,c,32.874523958413036,32.874523958413036
7427,c,32.874523958413036,32.874523958413036
7428,c,32.874523958413036,32.874523958413036
7429,c,32.874523958413036,32.874523958413036
7430,c,32.874523958413036,32.874523958413036
7431,t,32.874523958413036,32.874523958413036
7432,t,32.874523958413036,32.874523958413036
7433,t,32.874523958413036,32.874523958413036
7434,t,32.874523958413036,32.874523958413036
7435,t,32.874523958413036,32.874523958413036
7436,t,32.874523958413036,32.874523958413036
7437,t,32.874523958413036,32.874523958413036
7438,t,32.874523958413036,32.874523958413036
7439,t,32.874523958413036,32.874523958413036
7440,c,32.874523958413036,32.874523958413036
7441,c,32.874523958413036,32.874523958413036
7442,c,32.874523958413036,32.874523958413036
7443,c,32.874523958413036,32.874523958413036
7444,t,32.874523958413036,32.874523958413036
7445,t,32.874523958413036,32.874523958413036
7446,c,32.874523958413036,32.874523958413036
7447,c,32.874523958413036,32.874523958413036
7448,t,32.874523958413036,32.874523958413036
7449,c,32.874523958413036,32.874523958413036
7450,t,32.874523958413036,32.874523958413036
7451,c,32.874523958413036,32.874523958413036
7452,t,32.874523958413036,32.874523958413036
7453,t,32.874523958413036,32.874523958413036
7454,c,32.874523958413036,32.874523958413036
7455,t,32.874523958413036,32.874523958413036
7456,c,32.874523958413036,32.874523958413036
7457,c,32.874523958413036,32.874523958413036
7458,c,32.874523958413036,32.874523958413036
7459,c,32.874523958413036,32.874523958413036
7460,t,32.874523958413036,32.874523958413036
7461,t,32.874523958413036,32.874523958413036
7462,c,32.874523958413036,32.874523958413036
7463,c,32.874523958413036,32.874523958413036
7464,c,32.874523958413036,32.874523958413036
7465,c,32.874523958413036,32.874523958413036
7466,c,32.874523958413036,32.874523958413036
7467,c,32.874523958413036,32.874523958413036
7468,t,32.874523958413036,32.874523958413036
7469,c,32.874523958413036,32.874523958413036
7470,t,32.874523958413036,32.874523958413036
7471,c,32.874523958413036,32.874523958413036
7472,c,32.874523958413036,32.874523958413036
7473,c,32.874523958413036,32.874523958413036
7474,c,32.874523958413036,32.874523958413036
7475,t,32.874523958413036,32.874523958413036
7476,t,32.874523958413036,32.874523958413036
7477,t,32.874523958413036,32.874523958413036
7478,t,32.874523958413036,32.874523958413036
7479,c,32.874523958413036,32.874523958413036
7480,c,32.874523958413036,32.874523958413036
7481,t,32.874523958413036,32.874523958413036
7482,c,32.874523958413036,32.874523958413036
7483,c,32.874523958413036,32.874523958413036
7484,t,32.874523958413036,32.874523958413036
7485,c,32.874523958413036,32.874523958413036
7486,t,32.874523958413036,32.874523958413036
7487,c,32.874523958413036,32.874523958413036
7488,c,32.874523958413036,32.874523958413036
7489,c,32.874523958413036,32.874523958413036
7490,c,32.874523958413036,32.874523958413036
7491,c,32.874523958413036,32.874523958413036
7492,c,32.874523958413036,32.874523958413036
7493,t,32.874523958413036,32.874523958413036
7494,c,32.874523958413036,32.874523958413036
7495,t,32.874523958413036,32.874523958413036
7496,t,32.874523958413036,32.874523958413036
7497,t,32.874523958413036,32.874523958413036
7498,t,32.874523958413036,32.874523958413036
7499,c,32.874523958413036,32.874523958413036
7500,c,32.874523958413036,32.874523958413036
7501,c,32.874523958413036,32.874523958413036
7502,c,32.874523958413036,32.874523958413036
7503,t,32.874523958413036,32.874523958413036
7504,c,32.874523958413036,32.874523958413036
7505,c,32.874523958413036,32.874523958413036
7506,c,32.874523958413036,32.874523958413036
7507,t,32.874523958413036,32.874523958413036
7508,c,1.571707455899783,6.434942592075572
7509,c,32.874523958413036,32.874523958413036
7510,t,32.874523958413036,32.874523958413036
7511,c,32.874523958413036,32.874523958413036
7512,c,32.874523958413036,32.874523958413036
7513,c,32.874523958413036,32.874523958413036
7514,t,32.874523958413036,32.874523958413036
7515,c,32.874523958413036,32.874523958413036
7516,t,32.874523958413036,32.874523958413036
7517,t,32.874523958413036,32.874523958413036
7518,t,32.874523958413036,32.874523958413036
7519,c,32.874523958413036,32.874523958413036
7520,t,32.874523958413036,32.874523958413036
7521,c,32.874523958413036,32.874523958413036
7522,t,32.874523958413036,32.874523958413036
7523,t,32.874523958413036,32.874523958413036
7524,t,32.874523958413036,32.874523958413036
7525,t,32.874523958413036,32.874523958413036
7526,c,32.874523958413036,32.874523958413036
7527,c,32.874523958413036,32.874523958413036
7528,c,32.874523958413036,32.874523958413036
7529,c,32.874523958413036,32.874523958413036
7530,t,32.874523958413036,32.874523958413036
7531,t,32.874523958413036,32.874523958413036
7532,t,32.874523958413036,32.874523958413036
7533,c,32.874523958413036,32.874523958413036
7534,t,32.874523958413036,32.874523958413036
7535,t,32.874523958413036,32.874523958413036
7536,t,32.874523958413036,32.874523958413036
7537,t,32.874523958413036,32.874523958413036
7538,t,32.874523958413036,32.874523958413036
7539,c,32.874523958413036,32.874523958413036
7540,c,32.874523958413036,32.874523958413036
7541,t,32.874523958413036,32.874523958413036
7542,t,32.874523958413036,32.874523958413036
7543,c,32.874523958413036,32.874523958413036
7544,c,32.874523958413036,32.874523958413036
7545,c,32.874523958413036,32.874523958413036
7546,c,32.874523958413036,32.874523958413036
7547,c,32.874523958413036,32.874523958413036
7548,t,32.874523958413036,32.874523958413036
7549,c,32.874523958413036,32.874523958413036
7550,c,32.874523958413036,32.874523958413036
7551,t,32.874523958413036,32.874523958413036
7552,t,32.874523958413036,32.874523958413036
7553,t,32.874523958413036,32.874523958413036
7554,t,32.874523958413036,32.874523958413036
7555,c,32.874523958413036,32.874523958413036
7556,c,32.874523958413036,32.874523958413036
7557,c,32.874523958413036,32.874523958413036
7558,c,32.874523958413036,32.874523958413036
7559,t,32.874523958413036,32.874523958413036
7560,t,32.874523958413036,32.874523958413036
7561,c,32.874523958413036,32.874523958413036
7562,t,32.874523958413036,32.874523958413036
7563,t,32.874523958413036,32.874523958413036
7564,c,32.874523958413036,32.874523958413036
7565,c,32.874523958413036,32.874523958413036
7566,c,32.874523958413036,32.874523958413036
7567,t,32.874523958413036,32.874523958413036
7568,c,32.874523958413036,32.874523958413036
7569,c,32.874523958413036,32.874523958413036
7570,t,32.874523958413036,32.874523958413036
7571,t,32.874523958413036,32.874523958413036
7572,t,32.874523958413036,32.874523958413036
7573,c,32.874523958413036,32.874523958413036
7574,t,32.874523958413036,32.874523958413036
7575,t,32.874523958413036,32.874523958413036
7576,t,32.874523958413036,32.874523958413036
7577,c,32.874523958413036,32.874523958413036
7578,c,32.874523958413036,32.874523958413036
7579,t,32.874523958413036,32.874523958413036
7580,c,32.874523958413036,32.874523958413036
7581,c,32.874523958413036,32.874523958413036
7582,c,32.874523958413036,32.874523958413036
7583,t,32.874523958413036,32.874523958413036
7584,t,32.874523958413036,32.874523958413036
7585,t,32.874523958413036,32.874523958413036
7586,c,32.874523958413036,32.874523958413036
7587,c,32.874523958413036,32.874523958413036
7588,t,32.874523958413036,32.874523958413036
7589,t,32.874523958413036,32.874523958413036
7590,c,32.874523958413036,32.874523958413036
7591,t,32.874523958413036,32.874523958413036
7592,t,32.874523958413036,32.874523958413036
7593,c,32.874523958413036,32.874523958413036
7594,t,32.874523958413036,32.874523958413036
7595,t,32.874523958413036,32.874523958413036
7596,t,32.874523958413036,32.874523958413036
7597,c,32.874523958413036,32.874523958413036
7598,t,32.874523958413036,32.874523958413036
7599,c,32.874523958413036,32.874523958413036
7600,t,32.874523958413036,32.874523958413036
7601,c,32.874523958413036,32.874523958413036
7602,t,32.874523958413036,32.874523958413036
7603,c,32.874523958413036,32.874523958413036
7604,c,32.874523958413036,32.874523958413036
7605,c,32.874523958413036,32.874523958413036
7606,t,32.874523958413036,32.874523958413036
7607,c,32.874523958413036,32.874523958413036
7608,t,32.874523958413036,32.874523958413036
7609,t,32.874523958413036,32.874523958413036
7610,c,32.874523958413036,32.874523958413036
7611,c,32.874523958413036,32.874523958413036
7612,t,32.874523958413036,32.874523958413036
7613,t,32.874523958413036,32.874523958413036
7614,c,32.874523958413036,32.874523958413036
7615,t,32.874523958413036,32.874523958413036
7616,t,32.874523958413036,32.874523958413036
7617,t,32.874523958413036,32.874523958413036
7618,t,32.874523958413036,32.874523958413036
7619,t,32.874523958413036,32.874523958413036
7620,t,32.874523958413036,32.874523958413036
7621,t,32.874523958413036,32.874523958413036
7622,t,32.874523958413036,32.874523958413036
7623,t,32.874523958413036,32.874523958413036
7624,t,32.874523958413036,32.874523958413036
7625,t,32.874523958413036,32.874523958413036
7626,t,32.874523958413036,32.874523958413036
7627,c,32.874523958413036,32.874523958413036
7628,t,32.874523958413036,32.874523958413036
7629,t,32.874523958413036,32.874523958413036
7630,c,32.874523958413036,32.874523958413036
7631,t,32.874523958413036,32.874523958413036
7632,t,32.874523958413036,32.874523958413036
7633,t,32.874523958413036,32.874523958413036
7634,c,32.874523958413036,32.874523958413036
7635,t,32.874523958413036,32.874523958413036
7636,c,32.874523958413036,32.874523958413036
7637,t,32.874523958413036,32.874523958413036
7638,t,32.874523958413036,32.874523958413036
7639,t,32.874523958413036,32.874523958413036
7640,c,32.874523958413036,32.874523958413036
7641,t,32.874523958413036,32.874523958413036
7642,c,32.874523958413036,32.874523958413036
7643,c,32.874523958413036,32.874523958413036
7644,t,32.874523958413036,32.874523958413036
7645,t,32.874523958413036,32.874523958413036
7646,t,32.874523958413036,32.874523958413036
7647,t,32.874523958413036,32.874523958413036
7648,c,32.874523958413036,32.874523958413036
7649,t,32.874523958413036,32.874523958413036
7650,t,32.874523958413036,32.874523958413036
7651,t,32.874523958413036,32.874523958413036
7652,c,32.874523958413036,32.874523958413036
7653,c,32.874523958413036,32.874523958413036
7654,c,32.874523958413036,32.874523958413036
7655,t,32.874523958413036,32.874523958413036
7656,c,32.874523958413036,32.874523958413036
7657,c,32.874523958413036,32.874523958413036
7658,t,32.874523958413036,32.874523958413036
7659,t,32.874523958413036,32.874523958413036
7660,t,32.874523958413036,32.874523958413036
7661,t,32.874523958413036,32.874523958413036
7662,t,32.874523958413036,32.874523958413036
7663,t,32.874523958413036,32.874523958413036
7664,c,32.874523958413036,32.874523958413036
7665,t,32.874523958413036,32.874523958413036
7666,t,32.874523958413036,32.874523958413036
7667,t,32.874523958413036,32.874523958413036
7668,t,32.874523958413036,32.874523958413036
7669,t,32.874523958413036,32.874523958413036
7670,t,32.874523958413036,32.874523958413036
7671,c,32.874523958413036,32.874523958413036
7672,t,32.874523958413036,32.874523958413036
7673,t,32.874523958413036,32.874523958413036
7674,c,32.874523958413036,32.874523958413036
7675,c,32.874523958413036,32.874523958413036
7676,c,32.874523958413036,32.874523958413036
7677,t,32.874523958413036,32.874523958413036
7678,t,32.874523958413036,32.874523958413036
7679,t,32.874523958413036,32.874523958413036
7680,c,32.874523958413036,32.874523958413036
7681,c,32.874523958413036,32.874523958413036
7682,c,32.874523958413036,32.874523958413036
7683,c,32.874523958413036,32.874523958413036
7684,t,32.874523958413036,32.874523958413036
7685,c,32.874523958413036,32.874523958413036
7686,t,32.874523958413036,32.874523958413036
7687,c,32.874523958413036,32.874523958413036
7688,c,32.874523958413036,32.874523958413036
7689,c,32.874523958413036,32.874523958413036
7690,c,32.874523958413036,32.874523958413036
7691,t,32.874523958413036,32.874523958413036
7692,c,32.874523958413036,32.874523958413036
7693,c,32.874523958413036,32.874523958413036
7694,t,32.874523958413036,32.874523958413036
7695,c,32.874523958413036,32.874523958413036
7696,c,32.874523958413036,32.874523958413036
7697,c,32.874523958413036,32.874523958413036
7698,c,32.874523958413036,32.874523958413036
7699,na,0.8204895117512082,1.2540427093010083
7700,c,32.874523958413036,32.874523958413036
7701,c,32.874523958413036,32.874523958413036
7702,t,32.874523958413036,32.874523958413036
7703,t,32.874523958413036,32.874523958413036
7704,t,32.874523958413036,32.874523958413036
7705,t,32.874523958413036,32.874523958413036
7706,c,32.874523958413036,32.874523958413036
7707,t,32.874523958413036,32.874523958413036
7708,c,32.874523958413036,32.874523958413036
7709,c,32.874523958413036,32.874523958413036
7710,t,32.874523958413036,32.874523958413036
7711,t,32.874523958413036,32.874523958413036
7712,c,32.874523958413036,32.874523958413036
7713,t,32.874523958413036,32.874523958413036
7714,c,32.874523958413036,32.874523958413036
7715,c,32.874523958413036,32.874523958413036
7716,c,32.874523958413036,32.874523958413036
7717,t,32.874523958413036,32.874523958413036
7718,c,32.874523958413036,32.874523958413036
7719,c,32.874523958413036,32.874523958413036
7720,t,32.874523958413036,32.874523958413036
7721,c,32.874523958413036,32.874523958413036
7722,c,32.874523958413036,32.874523958413036
7723,c,32.874523958413036,32.874523958413036
7724,c,32.874523958413036,32.874523958413036
7725,t,32.874523958413036,32.874523958413036
7726,c,32.874523958413036,32.874523958413036
7727,t,32.874523958413036,32.874523958413036
7728,t,32.874523958413036,32.874523958413036
7729,c,32.874523958413036,32.874523958413036
7730,c,32.874523958413036,32.874523958413036
7731,c,32.874523958413036,32.874523958413036
7732,c,32.874523958413036,32.874523958413036
7733,c,32.874523958413036,32.874523958413036
7734,t,32.874523958413036,32.874523958413036
7735,t,32.874523958413036,32.874523958413036
7736,t,32.874523958413036,32.874523958413036
7737,t,32.874523958413036,32.874523958413036
7738,c,32.874523958413036,32.874523958413036
7739,c,32.874523958413036,32.874523958413036
7740,c,32.874523958413036,32.874523958413036
7741,c,32.874523958413036,32.874523958413036
7742,t,32.874523958413036,32.874523958413036
7743,t,32.874523958413036,32.874523958413036
7744,na,0,2.307066499306301
7745,t,32.874523958413036,32.874523958413036
7746,t,32.874523958413036,32.874523958413036
7747,t,32.874523958413036,32.874523958413036
7748,t,32.874523958413036,32.874523958413036
7749,c,32.874523958413036,32.874523958413036
7750,c,32.874523958413036,32.874523958413036
7751,c,32.874523958413036,32.874523958413036
7752,c,32.874523958413036,32.874523958413036
7753,t,32.874523958413036,32.874523958413036
7754,t,32.874523958413036,32.874523958413036
7755,t,32.874523958413036,32.874523958413036
7756,t,32.874523958413036,32.874523958413036
7757,c,32.874523958413036,32.874523958413036
7758,t,32.874523958413036,32.874523958413036
7759,c,32.874523958413036,32.874523958413036
7760,c,32.874523958413036,32.874523958413036
7761,c,32.874523958413036,32.874523958413036
7762,t,32.874523958413036,32.874523958413036
7763,t,32.874523958413036,32.874523958413036
7764,t,32.874523958413036,32.874523958413036
7765,t,32.874523958413036,32.874523958413036
7766,t,32.874523958413036,32.874523958413036
7767,c,32.874523958413036,32.874523958413036
7768,c,32.874523958413036,32.874523958413036
7769,c,32.874523958413036,32.874523958413036
7770,t,32.874523958413036,32.874523958413036
7771,t,32.874523958413036,32.874523958413036
7772,c,32.874523958413036,32.874523958413036
7773,t,32.874523958413036,32.874523958413036
7774,c,32.874523958413036,32.874523958413036
7775,t,32.874523958413036,32.874523958413036
7776,t,32.874523958413036,32.874523958413036
7777,t,32.874523958413036,32.874523958413036
7778,c,32.874523958413036,32.874523958413036
7779,c,32.874523958413036,32.874523958413036
7780,t,32.874523958413036,32.874523958413036
7781,c,32.874523958413036,32.874523958413036
7782,t,32.874523958413036,32.874523958413036
7783,t,32.874523958413036,32.874523958413036
7784,t,32.874523958413036,32.874523958413036
7785,c,32.874523958413036,32.874523958413036
7786,t,32.874523958413036,32.874523958413036
7787,c,32.874523958413036,32.874523958413036
7788,c,32.874523958413036,32.874523958413036
7789,c,32.874523958413036,32.874523958413036
7790,t,32.874523958413036,32.874523958413036
7791,t,32.874523958413036,32.874523958413036
7792,c,32.874523958413036,32.874523958413036
7793,c,32.874523958413036,32.874523958413036
7794,t,32.874523958413036,32.874523958413036
7795,c,32.874523958413036,32.874523958413036
7796,c,32.874523958413036,32.874523958413036
7797,t,32.874523958413036,32.874523958413036
7798,t,32.874523958413036,32.874523958413036
7799,c,32.874523958413036,32.874523958413036
7800,t,32.874523958413036,32.874523958413036
7801,t,32.874523958413036,32.874523958413036
7802,c,32.874523958413036,32.874523958413036
7803,t,32.874523958413036,32.874523958413036
7804,c,32.874523958413036,32.874523958413036
7805,t,32.874523958413036,32.874523958413036
7806,c,32.874523958413036,32.874523958413036
7807,t,32.874523958413036,32.874523958413036
7808,c,32.874523958413036,32.874523958413036
7809,c,32.874523958413036,32.874523958413036
7810,t,32.874523958413036,32.874523958413036
7811,c,32.874523958413036,32.874523958413036
7812,c,32.874523958413036,32.874523958413036
7813,c,32.874523958413036,32.874523958413036
7814,c,32.874523958413036,32.874523958413036
7815,t,32.874523958413036,32.874523958413036
7816,c,32.874523958413036,32.874523958413036
7817,t,32.874523958413036,32.874523958413036
7818,t,32.874523958413036,32.874523958413036
7819,t,32.874523958413036,32.874523958413036
7820,t,32.874523958413036,32.874523958413036
7821,c,32.874523958413036,32.874523958413036
7822,t,32.874523958413036,32.874523958413036
7823,c,32.874523958413036,32.874523958413036
7824,t,32.874523958413036,32.874523958413036
7825,c,32.874523958413036,32.874523958413036
7826,c,32.874523958413036,32.874523958413036
7827,t,32.874523958413036,32.874523958413036
7828,t,32.874523958413036,32.874523958413036
7829,c,32.874523958413036,32.874523958413036
7830,c,32.874523958413036,32.874523958413036
7831,c,32.874523958413036,32.874523958413036
7832,t,32.874523958413036,32.874523958413036
7833,c,32.874523958413036,32.874523958413036
7834,t,32.874523958413036,32.874523958413036
7835,c,32.874523958413036,32.874523958413036
7836,na,4.17832469624103,5.477852955453386
7837,c,32.874523958413036,32.874523958413036
7838,c,32.874523958413036,32.874523958413036
7839,c,32.874523958413036,32.874523958413036
7840,c,32.874523958413036,32.874523958413036
7841,t,32.874523958413036,32.874523958413036
7842,c,32.874523958413036,32.874523958413036
7843,c,32.874523958413036,32.874523958413036
7844,t,32.874523958413036,32.874523958413036
7845,c,32.874523958413036,32.874523958413036
7846,c,32.874523958413036,32.874523958413036
7847,c,32.874523958413036,32.874523958413036
7848,t,32.874523958413036,32.874523958413036
7849,t,32.874523958413036,32.874523958413036
7850,t,32.874523958413036,32.874523958413036
7851,c,32.874523958413036,32.874523958413036
7852,t,32.874523958413036,32.874523958413036
7853,c,32.874523958413036,32.874523958413036
7854,c,32.874523958413036,32.874523958413036
7855,t,32.874523958413036,32.874523958413036
7856,c,1.5691044238313814,9.152468888689492
7857,t,32.874523958413036,32.874523958413036
7858,t,32.874523958413036,32.874523958413036
7859,t,32.874523958413036,32.874523958413036
7860,t,32.874523958413036,32.874523958413036
7861,c,32.874523958413036,32.874523958413036
7862,c,32.874523958413036,32.874523958413036
7863,c,32.874523958413036,32.874523958413036
7864,c,32.874523958413036,32.874523958413036
7865,c,32.874523958413036,32.874523958413036
7866,c,32.874523958413036,32.874523958413036
7867,c,32.874523958413036,32.874523958413036
7868,c,32.874523958413036,32.874523958413036
7869,c,32.874523958413036,32.874523958413036
7870,t,32.874523958413036,32.874523958413036
7871,t,32.874523958413036,32.874523958413036
7872,c,32.874523958413036,32.874523958413036
7873,c,32.874523958413036,32.874523958413036
7874,c,32.874523958413036,32.874523958413036
7875,t,32.874523958413036,32.874523958413036
7876,t,32.874523958413036,32.874523958413036
7877,t,32.874523958413036,32.874523958413036
7878,t,32.874523958413036,32.874523958413036
7879,t,32.874523958413036,32.874523958413036
7880,c,32.874523958413036,32.874523958413036
7881,c,32.874523958413036,32.874523958413036
7882,c,32.874523958413036,32.874523958413036
7883,c,32.874523958413036,32.874523958413036
7884,t,32.874523958413036,32.874523958413036
7885,c,32.874523958413036,32.874523958413036
7886,t,32.874523958413036,32.874523958413036
7887,c,32.874523958413036,32.874523958413036
7888,c,32.874523958413036,32.874523958413036
7889,c,32.874523958413036,32.874523958413036
7890,c,32.874523958413036,32.874523958413036
7891,c,32.874523958413036,32.874523958413036
7892,c,32.874523958413036,32.874523958413036
7893,c,32.874523958413036,32.874523958413036
7894,c,32.874523958413036,32.874523958413036
7895,t,32.874523958413036,32.874523958413036
7896,t,32.874523958413036,32.874523958413036
7897,t,32.874523958413036,32.874523958413036
7898,c,32.874523958413036,32.874523958413036
7899,t,32.874523958413036,32.874523958413036
7900,t,32.874523958413036,32.874523958413036
7901,c,32.874523958413036,32.874523958413036
7902,t,32.874523958413036,32.874523958413036
7903,c,32.874523958413036,32.874523958413036
7904,c,32.874523958413036,32.874523958413036
7905,t,32.874523958413036,32.874523958413036
7906,t,32.874523958413036,32.874523958413036
7907,c,32.874523958413036,32.874523958413036
7908,t,32.874523958413036,32.874523958413036
7909,t,32.874523958413036,32.874523958413036
7910,t,32.874523958413036,32.874523958413036
7911,c,32.874523958413036,32.874523958413036
7912,c,32.874523958413036,32.874523958413036
7913,t,32.874523958413036,32.874523958413036
7914,c,32.874523958413036,32.874523958413036
7915,t,32.874523958413036,32.874523958413036
7916,c,32.874523958413036,32.874523958413036
7917,t,32.874523958413036,32.874523958413036
7918,c,32.874523958413036,32.874523958413036
7919,c,32.874523958413036,32.874523958413036
7920,c,32.874523958413036,32.874523958413036
7921,t,32.874523958413036,32.874523958413036
7922,t,32.874523958413036,32.874523958413036
7923,c,32.874523958413036,32.874523958413036
7924,c,32.874523958413036,32.874523958413036
7925,t,32.874523958413036,32.874523958413036
7926,t,32.874523958413036,32.874523958413036
7927,c,32.874523958413036,32.874523958413036
7928,t,32.874523958413036,32.874523958413036
7929,t,32.874523958413036,32.874523958413036
7930,t,32.874523958413036,32.874523958413036
7931,t,32.874523958413036,32.874523958413036
7932,c,32.874523958413036,32.874523958413036
7933,c,32.874523958413036,32.874523958413036
7934,t,32.874523958413036,32.874523958413036
7935,c,32.874523958413036,32.874523958413036
7936,c,32.874523958413036,32.874523958413036
7937,c,32.874523958413036,32.874523958413036
7938,t,32.874523958413036,32.874523958413036
7939,c,32.874523958413036,32.874523958413036
7940,c,32.874523958413036,32.874523958413036
7941,c,32.874523958413036,32.874523958413036
7942,t,32.874523958413036,32.874523958413036
7943,t,32.874523958413036,32.874523958413036
7944,c,32.874523958413036,32.874523958413036
7945,na,-1,0
7946,c,32.874523958413036,32.874523958413036
7947,c,32.874523958413036,32.874523958413036
7948,c,32.874523958413036,32.874523958413036
7949,t,32.874523958413036,32.874523958413036
7950,t,32.874523958413036,32.874523958413036
7951,c,32.874523958413036,32.874523958413036
7952,t,32.874523958413036,32.874523958413036
7953,t,32.874523958413036,32.874523958413036
7954,t,32.874523958413036,32.874523958413036
7955,t,32.874523958413036,32.874523958413036
7956,t,32.874523958413036,32.874523958413036
7957,c,32.874523958413036,32.874523958413036
7958,c,32.874523958413036,32.874523958413036
7959,c,32.874523958413036,32.874523958413036
7960,c,32.874523958413036,32.874523958413036
7961,c,32.874523958413036,32.874523958413036
7962,c,17.076072262300325,18.774531709294873
7963,c,32.874523958413036,32.874523958413036
7964,c,32.874523958413036,32.874523958413036
7965,t,32.874523958413036,32.874523958413036
7966,t,32.874523958413036,32.874523958413036
7967,t,32.874523958413036,32.874523958413036
7968,t,32.874523958413036,32.874523958413036
7969,t,32.874523958413036,32.874523958413036
7970,t,32.874523958413036,32.874523958413036
7971,t,32.874523958413036,32.874523958413036
7972,t,32.874523958413036,32.874523958413036
7973,c,32.874523958413036,32.874523958413036
7974,t,32.874523958413036,32.874523958413036
7975,t,32.874523958413036,32.874523958413036
7976,t,32.874523958413036,32.874523958413036
7977,t,32.874523958413036,32.874523958413036
7978,c,32.874523958413036,32.874523958413036
7979,t,32.874523958413036,32.874523958413036
7980,t,32.874523958413036,32.874523958413036
7981,c,32.874523958413036,32.874523958413036
7982,t,32.874523958413036,32.874523958413036
7983,c,32.874523958413036,32.874523958413036
7984,t,32.874523958413036,32.874523958413036
7985,c,32.874523958413036,32.874523958413036
7986,t,32.874523958413036,32.874523958413036
7987,t,32.874523958413036,32.874523958413036
7988,c,32.874523958413036,32.874523958413036
7989,t,32.874523958413036,32.874523958413036
7990,t,32.874523958413036,32.874523958413036
7991,t,32.874523958413036,32.874523958413036
7992,c,32.874523958413036,32.874523958413036
7993,c,32.874523958413036,32.874523958413036
7994,t,32.874523958413036,32.874523958413036
7995,c,32.874523958413036,32.874523958413036
7996,c,32.874523958413036,32.874523958413036
7997,t,32.874523958413036,32.874523958413036
7998,t,32.874523958413036,32.874523958413036
7999,t,32.874523958413036,32.874523958413036
8000,t,32.874523958413036,32.874523958413036
8001,t,32.874523958413036,32.874523958413036
8002,t,32.874523958413036,32.874523958413036
8003,c,32.874523958413036,32.874523958413036
8004,c,32.874523958413036,32.874523958413036
8005,t,32.874523958413036,32.874523958413036
8006,c,32.874523958413036,32.874523958413036
8007,c,32.874523958413036,32.874523958413036
8008,t,32.874523958413036,32.874523958413036
8009,t,32.874523958413036,32.874523958413036
8010,t,32.874523958413036,32.874523958413036
8011,c,32.874523958413036,32.874523958413036
8012,c,32.874523958413036,32.874523958413036
8013,c,32.874523958413036,32.874523958413036
8014,c,32.874523958413036,32.874523958413036
8015,c,32.874523958413036,32.874523958413036
8016,t,32.874523958413036,32.874523958413036
8017,c,32.874523958413036,32.874523958413036
8018,c,32.874523958413036,32.874523958413036
8019,c,32.874523958413036,32.874523958413036
8020,t,32.874523958413036,32.874523958413036
8021,c,32.874523958413036,32.874523958413036
8022,t,32.874523958413036,32.874523958413036
8023,t,32.874523958413036,32.874523958413036
8024,t,32.874523958413036,32.874523958413036
8025,c,32.874523958413036,32.874523958413036
8026,c,32.874523958413036,32.874523958413036
8027,c,32.874523958413036,32.874523958413036
8028,t,32.874523958413036,32.874523958413036
8029,c,32.874523958413036,32.874523958413036
8030,c,32.874523958413036,32.874523958413036
8031,t,32.874523958413036,32.874523958413036
8032,c,32.874523958413036,32.874523958413036
8033,c,32.874523958413036,32.874523958413036
8034,c,32.874523958413036,32.874523958413036
8035,c,32.874523958413036,32.874523958413036
8036,t,32.874523958413036,32.874523958413036
8037,c,32.874523958413036,32.874523958413036
8038,c,32.874523958413036,32.874523958413036
8039,t,32.874523958413036,32.874523958413036
8040,c,32.874523958413036,32.874523958413036
8041,t,32.874523958413036,32.874523958413036
8042,c,32.874523958413036,32.874523958413036
8043,t,32.874523958413036,32.874523958413036
8044,c,32.874523958413036,32.874523958413036
8045,t,32.874523958413036,32.874523958413036
8046,c,32.874523958413036,32.874523958413036
8047,c,32.874523958413036,32.874523958413036
8048,t,32.874523958413036,32.874523958413036
8049,c,1.9072568549172506,32.874523958413036
8050,c,32.874523958413036,32.874523958413036
8051,c,32.874523958413036,32.874523958413036
8052,t,32.874523958413036,32.874523958413036
8053,c,32.874523958413036,32.874523958413036
8054,c,32.874523958413036,32.874523958413036
8055,c,32.874523958413036,32.874523958413036
8056,c,32.874523958413036,32.874523958413036
8057,t,32.874523958413036,32.874523958413036
8058,t,32.874523958413036,32.874523958413036
8059,t,32.874523958413036,32.874523958413036
8060,t,32.874523958413036,32.874523958413036
8061,t,32.874523958413036,32.874523958413036
8062,c,32.874523958413036,32.874523958413036
8063,c,32.874523958413036,32.874523958413036
8064,c,32.874523958413036,32.874523958413036
8065,t,32.874523958413036,32.874523958413036
8066,t,32.874523958413036,32.874523958413036
8067,t,32.874523958413036,32.874523958413036
8068,t,32.874523958413036,32.874523958413036
8069,t,32.874523958413036,32.874523958413036
8070,c,32.874523958413036,32.874523958413036
8071,t,32.874523958413036,32.874523958413036
8072,t,32.874523958413036,32.874523958413036
8073,t,32.874523958413036,32.874523958413036
8074,c,32.874523958413036,32.874523958413036
8075,c,32.874523958413036,32.874523958413036
8076,t,32.874523958413036,32.874523958413036
8077,t,32.874523958413036,32.874523958413036
8078,c,32.874523958413036,32.874523958413036
8079,t,32.874523958413036,32.874523958413036
8080,t,32.874523958413036,32.874523958413036
8081,t,32.874523958413036,32.874523958413036
8082,t,32.874523958413036,32.874523958413036
8083,c,32.874523958413036,32.874523958413036
8084,c,32.874523958413036,32.874523958413036
8085,c,32.874523958413036,32.874523958413036
8086,t,32.874523958413036,32.874523958413036
8087,t,32.874523958413036,32.874523958413036
8088,t,32.874523958413036,32.874523958413036
8089,t,32.874523958413036,32.874523958413036
8090,c,32.874523958413036,32.874523958413036
8091,c,32.874523958413036,32.874523958413036
8092,c,32.874523958413036,32.874523958413036
8093,t,32.874523958413036,32.874523958413036
8094,t,32.874523958413036,32.874523958413036
8095,t,32.874523958413036,32.874523958413036
8096,c,32.874523958413036,32.874523958413036
8097,c,32.874523958413036,32.874523958413036
8098,c,32.874523958413036,32.874523958413036
8099,t,32.874523958413036,32.874523958413036
8100,t,32.874523958413036,32.874523958413036
8101,t,32.874523958413036,32.874523958413036
8102,t,32.874523958413036,32.874523958413036
8103,t,32.874523958413036,32.874523958413036
8104,c,32.874523958413036,32.874523958413036
8105,c,32.874523958413036,32.874523958413036
8106,t,32.874523958413036,32.874523958413036
8107,c,32.874523958413036,32.874523958413036
8108,c,32.874523958413036,32.874523958413036
8109,t,32.874523958413036,32.874523958413036
8110,c,32.874523958413036,32.874523958413036
8111,c,32.874523958413036,32.874523958413036
8112,t,32.874523958413036,32.874523958413036
8113,c,32.874523958413036,32.874523958413036
8114,c,32.874523958413036,32.874523958413036
8115,t,32.874523958413036,32.874523958413036
8116,c,32.874523958413036,32.874523958413036
8117,c,32.874523958413036,32.874523958413036
8118,t,32.874523958413036,32.874523958413036
8119,t,32.874523958413036,32.874523958413036
8120,c,32.874523958413036,32.874523958413036
8121,t,32.874523958413036,32.874523958413036
8122,c,32.874523958413036,32.874523958413036
8123,t,32.874523958413036,32.874523958413036
8124,c,32.874523958413036,32.874523958413036
8125,t,32.874523958413036,32.874523958413036
8126,c,32.874523958413036,32.874523958413036
8127,c,32.874523958413036,32.874523958413036
8128,c,32.874523958413036,32.874523958413036
8129,c,32.874523958413036,32.874523958413036
8130,t,32.874523958413036,32.874523958413036
8131,c,32.874523958413036,32.874523958413036
8132,t,32.874523958413036,32.874523958413036
8133,t,32.874523958413036,32.874523958413036
8134,c,32.874523958413036,32.874523958413036
8135,t,32.874523958413036,32.874523958413036
8136,t,32.874523958413036,32.874523958413036
8137,t,32.874523958413036,32.874523958413036
8138,t,32.874523958413036,32.874523958413036
8139,c,32.874523958413036,32.874523958413036
8140,t,32.874523958413036,32.874523958413036
8141,c,32.874523958413036,32.874523958413036
8142,t,32.874523958413036,32.874523958413036
8143,t,32.874523958413036,32.874523958413036
8144,t,32.874523958413036,32.874523958413036
8145,t,32.874523958413036,32.874523958413036
8146,c,32.874523958413036,32.874523958413036
8147,c,32.874523958413036,32.874523958413036
8148,t,32.874523958413036,32.874523958413036
8149,t,32.874523958413036,32.874523958413036
8150,t,32.874523958413036,32.874523958413036
8151,t,32.874523958413036,32.874523958413036
8152,t,32.874523958413036,32.874523958413036
8153,t,32.874523958413036,32.874523958413036
8154,t,32.874523958413036,32.874523958413036
8155,c,32.874523958413036,32.874523958413036
8156,t,32.874523958413036,32.874523958413036
8157,t,32.874523958413036,32.874523958413036
8158,c,32.874523958413036,32.874523958413036
8159,t,32.874523958413036,32.874523958413036
8160,t,32.874523958413036,32.874523958413036
8161,t,32.874523958413036,32.874523958413036
8162,t,32.874523958413036,32.874523958413036
8163,c,32.874523958413036,32.874523958413036
8164,c,32.874523958413036,32.874523958413036
8165,c,32.874523958413036,32.874523958413036
8166,c,32.874523958413036,32.874523958413036
8167,t,32.874523958413036,32.874523958413036
8168,na,0,3.677959872323275
8169,c,32.874523958413036,32.874523958413036
8170,c,32.874523958413036,32.874523958413036
8171,t,32.874523958413036,32.874523958413036
8172,c,32.874523958413036,32.874523958413036
8173,t,32.874523958413036,32.874523958413036
8174,c,32.874523958413036,32.874523958413036
8175,c,32.874523958413036,32.874523958413036
8176,t,32.874523958413036,32.874523958413036
8177,c,32.874523958413036,32.874523958413036
8178,c,32.874523958413036,32.874523958413036
8179,t,32.874523958413036,32.874523958413036
8180,c,32.874523958413036,32.874523958413036
8181,c,32.874523958413036,32.874523958413036
8182,t,32.874523958413036,32.874523958413036
8183,t,32.874523958413036,32.874523958413036
8184,c,32.874523958413036,32.874523958413036
8185,c,32.874523958413036,32.874523958413036
8186,c,32.874523958413036,32.874523958413036
8187,c,32.874523958413036,32.874523958413036
8188,c,32.874523958413036,32.874523958413036
8189,c,32.874523958413036,32.874523958413036
8190,t,32.874523958413036,32.874523958413036
8191,t,32.874523958413036,32.874523958413036
8192,c,32.874523958413036,32.874523958413036
8193,t,32.874523958413036,32.874523958413036
8194,t,32.874523958413036,32.874523958413036
8195,t,32.874523958413036,32.874523958413036
8196,t,32.874523958413036,32.874523958413036
8197,c,32.874523958413036,32.874523958413036
8198,t,32.874523958413036,32.874523958413036
8199,t,32.874523958413036,32.874523958413036
8200,c,32.874523958413036,32.874523958413036
8201,t,32.874523958413036,32.874523958413036
8202,t,32.874523958413036,32.874523958413036
8203,c,32.874523958413036,32.874523958413036
8204,c,32.874523958413036,32.874523958413036
8205,t,32.874523958413036,32.874523958413036
8206,t,32.874523958413036,32.874523958413036
8207,c,32.874523958413036,32.874523958413036
8208,t,32.874523958413036,32.874523958413036
8209,t,32.874523958413036,32.874523958413036
8210,c,32.874523958413036,32.874523958413036
8211,c,32.874523958413036,32.874523958413036
8212,t,32.874523958413036,32.874523958413036
8213,c,32.874523958413036,32.874523958413036
8214,c,32.874523958413036,32.874523958413036
8215,c,32.874523958413036,32.874523958413036
8216,c,32.874523958413036,32.874523958413036
8217,t,32.874523958413036,32.874523958413036
8218,c,32.874523958413036,32.874523958413036
8219,t,32.874523958413036,32.874523958413036
8220,t,32.874523958413036,32.874523958413036
8221,t,32.874523958413036,32.874523958413036
8222,t,32.874523958413036,32.874523958413036
8223,c,32.874523958413036,32.874523958413036
8224,c,32.874523958413036,32.874523958413036
8225,c,32.874523958413036,32.874523958413036
8226,t,32.874523958413036,32.874523958413036
8227,c,32.874523958413036,32.874523958413036
8228,c,32.874523958413036,32.874523958413036
8229,c,32.874523958413036,32.874523958413036
8230,c,32.874523958413036,32.874523958413036
8231,t,32.874523958413036,32.874523958413036
8232,t,32.874523958413036,32.874523958413036
8233,t,32.874523958413036,32.874523958413036
8234,t,32.874523958413036,32.874523958413036
8235,t,32.874523958413036,32.874523958413036
8236,c,32.874523958413036,32.874523958413036
8237,c,32.874523958413036,32.874523958413036
8238,t,32.874523958413036,32.874523958413036
8239,t,32.874523958413036,32.874523958413036
8240,c,32.874523958413036,32.874523958413036
8241,c,32.874523958413036,32.874523958413036
8242,t,32.874523958413036,32.874523958413036
8243,c,32.874523958413036,32.874523958413036
8244,t,32.874523958413036,32.874523958413036
8245,t,32.874523958413036,32.874523958413036
8246,c,13.652574747358077,18.264492729806392
8247,t,32.874523958413036,32.874523958413036
8248,t,32.874523958413036,32.874523958413036
8249,t,32.874523958413036,32.874523958413036
8250,c,32.874523958413036,32.874523958413036
8251,t,32.874523958413036,32.874523958413036
8252,t,32.874523958413036,32.874523958413036
8253,t,32.874523958413036,32.874523958413036
8254,c,32.874523958413036,32.874523958413036
8255,c,32.874523958413036,32.874523958413036
8256,c,32.874523958413036,32.874523958413036
8257,c,32.874523958413036,32.874523958413036
8258,c,32.874523958413036,32.874523958413036
8259,t,32.874523958413036,32.874523958413036
8260,c,32.874523958413036,32.874523958413036
8261,t,32.874523958413036,32.874523958413036
8262,t,32.874523958413036,32.874523958413036
8263,c,32.874523958413036,32.874523958413036
8264,t,32.874523958413036,32.874523958413036
8265,t,32.874523958413036,32.874523958413036
8266,c,32.874523958413036,32.874523958413036
8267,t,32.874523958413036,32.874523958413036
8268,t,32.874523958413036,32.874523958413036
8269,t,32.874523958413036,32.874523958413036
8270,c,32.874523958413036,32.874523958413036
8271,t,32.874523958413036,32.874523958413036
8272,t,32.874523958413036,32.874523958413036
8273,t,32.874523958413036,32.874523958413036
8274,c,32.874523958413036,32.874523958413036
8275,c,32.874523958413036,32.874523958413036
8276,c,2.7721029574047247,9.09543271389766
8277,c,32.874523958413036,32.874523958413036
8278,t,32.874523958413036,32.874523958413036
8279,c,32.874523958413036,32.874523958413036
8280,t,32.874523958413036,32.874523958413036
8281,t,32.874523958413036,32.874523958413036
8282,c,32.874523958413036,32.874523958413036
8283,t,32.874523958413036,32.874523958413036
8284,t,32.874523958413036,32.874523958413036
8285,c,32.874523958413036,32.874523958413036
8286,c,32.874523958413036,32.874523958413036
8287,t,32.874523958413036,32.874523958413036
8288,c,32.874523958413036,32.874523958413036
8289,c,32.874523958413036,32.874523958413036
8290,c,32.874523958413036,32.874523958413036
8291,t,32.874523958413036,32.874523958413036
8292,c,32.874523958413036,32.874523958413036
8293,c,32.874523958413036,32.874523958413036
8294,c,32.874523958413036,32.874523958413036
8295,t,32.874523958413036,32.874523958413036
8296,t,32.874523958413036,32.874523958413036
8297,t,32.874523958413036,32.874523958413036
8298,c,32.874523958413036,32.874523958413036
8299,t,32.874523958413036,32.874523958413036
8300,c,32.874523958413036,32.874523958413036
8301,c,32.874523958413036,32.874523958413036
8302,c,32.874523958413036,32.874523958413036
8303,c,32.874523958413036,32.874523958413036
8304,t,32.874523958413036,32.874523958413036
8305,c,32.874523958413036,32.874523958413036
8306,t,32.874523958413036,32.874523958413036
8307,t,32.874523958413036,32.874523958413036
8308,t,32.874523958413036,32.874523958413036
8309,c,0.655699268726278,7.493805456171803
8310,t,32.874523958413036,32.874523958413036
8311,c,32.874523958413036,32.874523958413036
8312,c,32.874523958413036,32.874523958413036
8313,t,32.874523958413036,32.874523958413036
8314,t,32.874523958413036,32.874523958413036
8315,c,32.874523958413036,32.874523958413036
8316,c,32.874523958413036,32.874523958413036
8317,c,32.874523958413036,32.874523958413036
8318,t,32.874523958413036,32.874523958413036
8319,t,32.874523958413036,32.874523958413036
8320,t,32.874523958413036,32.874523958413036
8321,t,32.874523958413036,32.874523958413036
8322,t,32.874523958413036,32.874523958413036
8323,c,32.874523958413036,32.874523958413036
8324,t,32.874523958413036,32.874523958413036
8325,t,32.874523958413036,32.874523958413036
8326,c,32.874523958413036,32.874523958413036
8327,t,32.874523958413036,32.874523958413036
8328,t,32.874523958413036,32.874523958413036
8329,t,32.874523958413036,32.874523958413036
8330,t,32.874523958413036,32.874523958413036
8331,c,32.874523958413036,32.874523958413036
8332,t,32.874523958413036,32.874523958413036
8333,t,32.874523958413036,32.874523958413036
8334,c,32.874523958413036,32.874523958413036
8335,c,32.874523958413036,32.874523958413036
8336,t,32.874523958413036,32.874523958413036
8337,t,32.874523958413036,32.874523958413036
8338,c,32.874523958413036,32.874523958413036
8339,t,32.874523958413036,32.874523958413036
8340,c,32.874523958413036,32.874523958413036
8341,c,32.874523958413036,32.874523958413036
8342,t,32.874523958413036,32.874523958413036
8343,c,32.874523958413036,32.874523958413036
8344,c,32.874523958413036,32.874523958413036
8345,c,32.874523958413036,32.874523958413036
8346,c,32.874523958413036,32.874523958413036
8347,na,3.060819271595312,3.2597307298675506
8348,t,32.874523958413036,32.874523958413036
8349,t,32.874523958413036,32.874523958413036
8350,t,32.874523958413036,32.874523958413036
8351,c,32.874523958413036,32.874523958413036
8352,t,32.874523958413036,32.874523958413036
8353,t,32.874523958413036,32.874523958413036
8354,c,32.874523958413036,32.874523958413036
8355,na,6.243407676206061,9.426009868418904
8356,c,32.874523958413036,32.874523958413036
8357,c,32.874523958413036,32.874523958413036
8358,t,32.874523958413036,32.874523958413036
8359,t,32.874523958413036,32.874523958413036
8360,t,32.874523958413036,32.874523958413036
8361,t,32.874523958413036,32.874523958413036
8362,c,32.874523958413036,32.874523958413036
8363,t,32.874523958413036,32.874523958413036
8364,t,32.874523958413036,32.874523958413036
8365,c,32.874523958413036,32.874523958413036
8366,t,32.874523958413036,32.874523958413036
8367,c,32.874523958413036,32.874523958413036
8368,t,32.874523958413036,32.874523958413036
8369,t,32.874523958413036,32.874523958413036
8370,t,32.874523958413036,32.874523958413036
8371,c,32.874523958413036,32.874523958413036
8372,c,32.874523958413036,32.874523958413036
8373,t,32.874523958413036,32.874523958413036
8374,c,32.874523958413036,32.874523958413036
8375,c,32.874523958413036,32.874523958413036
8376,t,32.874523958413036,32.874523958413036
8377,t,32.874523958413036,32.874523958413036
8378,t,32.874523958413036,32.874523958413036
8379,c,32.874523958413036,32.874523958413036
8380,t,32.874523958413036,32.874523958413036
8381,t,32.874523958413036,32.874523958413036
8382,t,32.874523958413036,32.874523958413036
8383,c,32.874523958413036,32.874523958413036
8384,c,32.874523958413036,32.874523958413036
8385,t,32.874523958413036,32.874523958413036
8386,t,32.874523958413036,32.874523958413036
8387,c,32.874523958413036,32.874523958413036
8388,c,32.874523958413036,32.874523958413036
8389,t,32.874523958413036,32.874523958413036
8390,t,32.874523958413036,32.874523958413036
8391,c,32.874523958413036,32.874523958413036
8392,t,32.874523958413036,32.874523958413036
8393,c,32.874523958413036,32.874523958413036
8394,t,32.874523958413036,32.874523958413036
8395,c,32.874523958413036,32.874523958413036
8396,c,32.874523958413036,32.874523958413036
8397,c,32.874523958413036,32.874523958413036
8398,na,3.600715521646347,32.874523958413036
8399,t,32.874523958413036,32.874523958413036
8400,c,32.874523958413036,32.874523958413036
8401,t,32.874523958413036,32.874523958413036
8402,c,32.874523958413036,32.874523958413036
8403,t,32.874523958413036,32.874523958413036
8404,na,2.513417556227356,21.63376833704955
8405,t,32.874523958413036,32.874523958413036
8406,c,32.874523958413036,32.874523958413036
8407,c,32.874523958413036,32.874523958413036
8408,t,32.874523958413036,32.874523958413036
8409,c,32.874523958413036,32.874523958413036
8410,t,32.874523958413036,32.874523958413036
8411,c,32.874523958413036,32.874523958413036
8412,c,32.874523958413036,32.874523958413036
8413,c,32.874523958413036,32.874523958413036
8414,c,32.874523958413036,32.874523958413036
8415,c,32.874523958413036,32.874523958413036
8416,t,32.874523958413036,32.874523958413036
8417,c,32.874523958413036,32.874523958413036
8418,t,32.874523958413036,32.874523958413036
8419,c,32.874523958413036,32.874523958413036
8420,t,32.874523958413036,32.874523958413036
8421,c,32.874523958413036,32.874523958413036
8422,t,32.874523958413036,32.874523958413036
8423,c,32.874523958413036,32.874523958413036
8424,c,32.874523958413036,32.874523958413036
8425,t,32.874523958413036,32.874523958413036
8426,c,32.874523958413036,32.874523958413036
8427,t,32.874523958413036,32.874523958413036
8428,t,32.874523958413036,32.874523958413036
8429,t,32.874523958413036,32.874523958413036
8430,t,32.874523958413036,32.874523958413036
8431,t,32.874523958413036,32.874523958413036
8432,c,32.874523958413036,32.874523958413036
8433,t,32.874523958413036,32.874523958413036
8434,t,32.874523958413036,32.874523958413036
8435,t,32.874523958413036,32.874523958413036
8436,t,32.874523958413036,32.874523958413036
8437,t,32.874523958413036,32.874523958413036
8438,t,32.874523958413036,32.874523958413036
8439,c,32.874523958413036,32.874523958413036
8440,t,32.874523958413036,32.874523958413036
8441,t,32.874523958413036,32.874523958413036
8442,c,32.874523958413036,32.874523958413036
8443,t,32.874523958413036,32.874523958413036
8444,t,32.874523958413036,32.874523958413036
8445,c,32.874523958413036,32.874523958413036
8446,t,32.874523958413036,32.874523958413036
8447,t,32.874523958413036,32.874523958413036
8448,c,32.874523958413036,32.874523958413036
8449,c,32.874523958413036,32.874523958413036
8450,t,32.874523958413036,32.874523958413036
8451,t,32.874523958413036,32.874523958413036
8452,c,32.874523958413036,32.874523958413036
8453,t,32.874523958413036,32.874523958413036
8454,c,32.874523958413036,32.874523958413036
8455,t,32.874523958413036,32.874523958413036
8456,c,32.874523958413036,32.874523958413036
8457,c,32.874523958413036,32.874523958413036
8458,c,32.874523958413036,32.874523958413036
8459,c,32.874523958413036,32.874523958413036
8460,t,32.874523958413036,32.874523958413036
8461,t,32.874523958413036,32.874523958413036
8462,c,32.874523958413036,32.874523958413036
8463,t,32.874523958413036,32.874523958413036
8464,t,32.874523958413036,32.874523958413036
8465,c,32.874523958413036,32.874523958413036
8466,c,32.874523958413036,32.874523958413036
8467,c,32.874523958413036,32.874523958413036
8468,c,32.874523958413036,32.874523958413036
8469,c,32.874523958413036,32.874523958413036
8470,c,32.874523958413036,32.874523958413036
8471,t,32.874523958413036,32.874523958413036
8472,t,32.874523958413036,32.874523958413036
8473,c,0.7565631418727427,2.7045459283488578
8474,t,32.874523958413036,32.874523958413036
8475,c,32.874523958413036,32.874523958413036
8476,t,32.874523958413036,32.874523958413036
8477,c,32.874523958413036,32.874523958413036
8478,c,32.874523958413036,32.874523958413036
8479,c,32.874523958413036,32.874523958413036
8480,t,32.874523958413036,32.874523958413036
8481,t,32.874523958413036,32.874523958413036
8482,t,32.874523958413036,32.874523958413036
8483,t,32.874523958413036,32.874523958413036
8484,t,32.874523958413036,32.874523958413036
8485,c,32.874523958413036,32.874523958413036
8486,t,32.874523958413036,32.874523958413036
8487,c,32.874523958413036,32.874523958413036
8488,c,32.874523958413036,32.874523958413036
8489,t,32.874523958413036,32.874523958413036
8490,t,32.874523958413036,32.874523958413036
8491,t,32.874523958413036,32.874523958413036
8492,c,32.874523958413036,32.874523958413036
8493,t,32.874523958413036,32.874523958413036
8494,t,32.874523958413036,32.874523958413036
8495,t,32.874523958413036,32.874523958413036
8496,t,32.874523958413036,32.874523958413036
8497,t,32.874523958413036,32.874523958413036
8498,t,32.874523958413036,32.874523958413036
8499,c,32.874523958413036,32.874523958413036
8500,c,32.874523958413036,32.874523958413036
8501,t,32.874523958413036,32.874523958413036
8502,c,32.874523958413036,32.874523958413036
8503,c,32.874523958413036,32.874523958413036
8504,c,32.874523958413036,32.874523958413036
8505,c,32.874523958413036,32.874523958413036
8506,na,2.1145103701565953,5.098493573852806
8507,c,32.874523958413036,32.874523958413036
8508,c,32.874523958413036,32.874523958413036
8509,c,32.874523958413036,32.874523958413036
8510,t,32.874523958413036,32.874523958413036
8511,c,32.874523958413036,32.874523958413036
8512,t,32.874523958413036,32.874523958413036
8513,t,32.874523958413036,32.874523958413036
8514,t,32.874523958413036,32.874523958413036
8515,c,32.874523958413036,32.874523958413036
8516,t,32.874523958413036,32.874523958413036
8517,t,32.874523958413036,32.874523958413036
8518,t,32.874523958413036,32.874523958413036
8519,c,32.874523958413036,32.874523958413036
8520,t,32.874523958413036,32.874523958413036
8521,c,32.874523958413036,32.874523958413036
8522,t,32.874523958413036,32.874523958413036
8523,t,32.874523958413036,32.874523958413036
8524,t,32.874523958413036,32.874523958413036
8525,t,32.874523958413036,32.874523958413036
8526,t,32.874523958413036,32.874523958413036
8527,t,32.874523958413036,32.874523958413036
8528,t,32.874523958413036,32.874523958413036
8529,c,32.874523958413036,32.874523958413036
8530,t,32.874523958413036,32.874523958413036
8531,c,32.874523958413036,32.874523958413036
8532,t,32.874523958413036,32.874523958413036
8533,t,32.874523958413036,32.874523958413036
8534,c,32.874523958413036,32.874523958413036
8535,c,32.874523958413036,32.874523958413036
8536,c,32.874523958413036,32.874523958413036
8537,c,32.874523958413036,32.874523958413036
8538,t,32.874523958413036,32.874523958413036
8539,t,32.874523958413036,32.874523958413036
8540,c,32.874523958413036,32.874523958413036
8541,c,32.874523958413036,32.874523958413036
8542,t,32.874523958413036,32.874523958413036
8543,t,32.874523958413036,32.874523958413036
8544,c,32.874523958413036,32.874523958413036
8545,t,32.874523958413036,32.874523958413036
8546,c,32.874523958413036,32.874523958413036
8547,c,32.874523958413036,32.874523958413036
8548,t,32.874523958413036,32.874523958413036
8549,c,32.874523958413036,32.874523958413036
8550,t,32.874523958413036,32.874523958413036
8551,c,32.874523958413036,32.874523958413036
8552,t,32.874523958413036,32.874523958413036
8553,t,32.874523958413036,32.874523958413036
8554,c,32.874523958413036,32.874523958413036
8555,c,32.874523958413036,32.874523958413036
8556,t,32.874523958413036,32.874523958413036
8557,t,32.874523958413036,32.874523958413036
8558,t,32.874523958413036,32.874523958413036
8559,c,32.874523958413036,32.874523958413036
8560,t,32.874523958413036,32.874523958413036
8561,t,32.874523958413036,32.874523958413036
8562,c,32.874523958413036,32.874523958413036
8563,c,32.874523958413036,32.874523958413036
8564,c,32.874523958413036,32.874523958413036
8565,t,32.874523958413036,32.874523958413036
8566,c,32.874523958413036,32.874523958413036
8567,c,32.874523958413036,32.874523958413036
8568,c,32.874523958413036,32.874523958413036
8569,c,32.874523958413036,32.874523958413036
8570,c,32.874523958413036,32.874523958413036
8571,t,32.874523958413036,32.874523958413036
8572,t,32.874523958413036,32.874523958413036
8573,t,32.874523958413036,32.874523958413036
8574,c,32.874523958413036,32.874523958413036
8575,t,32.874523958413036,32.874523958413036
8576,t,32.874523958413036,32.874523958413036
8577,t,32.874523958413036,32.874523958413036
8578,c,32.874523958413036,32.874523958413036
8579,t,32.874523958413036,32.874523958413036
8580,t,32.874523958413036,32.874523958413036
8581,t,32.874523958413036,32.874523958413036
8582,t,32.874523958413036,32.874523958413036
8583,c,32.874523958413036,32.874523958413036
8584,t,32.874523958413036,32.874523958413036
8585,c,32.874523958413036,32.874523958413036
8586,c,32.874523958413036,32.874523958413036
8587,t,32.874523958413036,32.874523958413036
8588,t,32.874523958413036,32.874523958413036
8589,t,32.874523958413036,32.874523958413036
8590,c,32.874523958413036,32.874523958413036
8591,c,32.874523958413036,32.874523958413036
8592,c,32.874523958413036,32.874523958413036
8593,c,32.874523958413036,32.874523958413036
8594,c,32.874523958413036,32.874523958413036
8595,t,32.874523958413036,32.874523958413036
8596,c,32.874523958413036,32.874523958413036
8597,t,32.874523958413036,32.874523958413036
8598,c,32.874523958413036,32.874523958413036
8599,c,32.874523958413036,32.874523958413036
8600,c,32.874523958413036,32.874523958413036
8601,t,32.874523958413036,32.874523958413036
8602,c,32.874523958413036,32.874523958413036
8603,c,32.874523958413036,32.874523958413036
8604,t,32.874523958413036,32.874523958413036
8605,t,32.874523958413036,32.874523958413036
8606,c,32.874523958413036,32.874523958413036
8607,t,32.874523958413036,32.874523958413036
8608,t,32.874523958413036,32.874523958413036
8609,c,32.874523958413036,32.874523958413036
8610,c,32.874523958413036,32.874523958413036
8611,c,32.874523958413036,32.874523958413036
8612,t,32.874523958413036,32.874523958413036
8613,t,32.874523958413036,32.874523958413036
8614,t,32.874523958413036,32.874523958413036
8615,c,32.874523958413036,32.874523958413036
8616,c,32.874523958413036,32.874523958413036
8617,c,32.874523958413036,32.874523958413036
8618,t,32.874523958413036,32.874523958413036
8619,c,32.874523958413036,32.874523958413036
8620,t,32.874523958413036,32.874523958413036
8621,c,32.874523958413036,32.874523958413036
8622,t,32.874523958413036,32.874523958413036
8623,t,32.874523958413036,32.874523958413036
8624,t,32.874523958413036,32.874523958413036
8625,t,32.874523958413036,32.874523958413036
8626,t,32.874523958413036,32.874523958413036
8627,c,32.874523958413036,32.874523958413036
8628,t,32.874523958413036,32.874523958413036
8629,t,32.874523958413036,32.874523958413036
8630,c,32.874523958413036,32.874523958413036
8631,c,32.874523958413036,32.874523958413036
8632,t,32.874523958413036,32.874523958413036
8633,t,32.874523958413036,32.874523958413036
8634,c,32.874523958413036,32.874523958413036
8635,t,32.874523958413036,32.874523958413036
8636,c,32.874523958413036,32.874523958413036
8637,t,32.874523958413036,32.874523958413036
8638,c,32.874523958413036,32.874523958413036
8639,c,32.874523958413036,32.874523958413036
8640,t,32.874523958413036,32.874523958413036
8641,t,32.874523958413036,32.874523958413036
8642,na,0,1.782048710093821
8643,t,32.874523958413036,32.874523958413036
8644,c,32.874523958413036,32.874523958413036
8645,na,-1,0
8646,t,32.874523958413036,32.874523958413036
8647,c,32.874523958413036,32.874523958413036
8648,t,32.874523958413036,32.874523958413036
8649,t,32.874523958413036,32.874523958413036
8650,c,32.874523958413036,32.874523958413036
8651,c,32.874523958413036,32.874523958413036
8652,c,32.874523958413036,32.874523958413036
8653,c,32.874523958413036,32.874523958413036
8654,t,32.874523958413036,32.874523958413036
8655,t,32.874523958413036,32.874523958413036
8656,c,32.874523958413036,32.874523958413036
8657,c,32.874523958413036,32.874523958413036
8658,t,32.874523958413036,32.874523958413036
8659,t,32.874523958413036,32.874523958413036
8660,c,32.874523958413036,32.874523958413036
8661,t,32.874523958413036,32.874523958413036
8662,t,32.874523958413036,32.874523958413036
8663,t,32.874523958413036,32.874523958413036
8664,c,32.874523958413036,32.874523958413036
8665,t,32.874523958413036,32.874523958413036
8666,c,32.874523958413036,32.874523958413036
8667,c,32.874523958413036,32.874523958413036
8668,c,32.874523958413036,32.874523958413036
8669,c,32.874523958413036,32.874523958413036
8670,c,32.874523958413036,32.874523958413036
8671,t,32.874523958413036,32.874523958413036
8672,c,32.874523958413036,32.874523958413036
8673,c,32.874523958413036,32.874523958413036
8674,c,32.874523958413036,32.874523958413036
8675,t,32.874523958413036,32.874523958413036
8676,t,32.874523958413036,32.874523958413036
8677,t,32.874523958413036,32.874523958413036
8678,c,32.874523958413036,32.874523958413036
8679,c,32.874523958413036,32.874523958413036
8680,t,32.874523958413036,32.874523958413036
8681,c,32.874523958413036,32.874523958413036
8682,c,32.874523958413036,32.874523958413036
8683,c,32.874523958413036,32.874523958413036
8684,c,32.874523958413036,32.874523958413036
8685,c,32.874523958413036,32.874523958413036
8686,c,32.874523958413036,32.874523958413036
8687,t,32.874523958413036,32.874523958413036
8688,c,32.874523958413036,32.874523958413036
8689,t,32.874523958413036,32.874523958413036
8690,t,32.874523958413036,32.874523958413036
8691,c,32.874523958413036,32.874523958413036
8692,t,32.874523958413036,32.874523958413036
8693,c,32.874523958413036,32.874523958413036
8694,c,32.874523958413036,32.874523958413036
8695,c,32.874523958413036,32.874523958413036
8696,t,32.874523958413036,32.874523958413036
8697,t,32.874523958413036,32.874523958413036
8698,t,32.874523958413036,32.874523958413036
8699,t,32.874523958413036,32.874523958413036
8700,t,32.874523958413036,32.874523958413036
8701,c,32.874523958413036,32.874523958413036
8702,t,32.874523958413036,32.874523958413036
8703,c,32.874523958413036,32.874523958413036
8704,c,32.874523958413036,32.874523958413036
8705,c,32.874523958413036,32.874523958413036
8706,c,32.874523958413036,32.874523958413036
8707,t,32.874523958413036,32.874523958413036
8708,t,32.874523958413036,32.874523958413036
8709,t,32.874523958413036,32.874523958413036
8710,t,32.874523958413036,32.874523958413036
8711,t,32.874523958413036,32.874523958413036
8712,t,32.874523958413036,32.874523958413036
8713,c,32.874523958413036,32.874523958413036
8714,t,32.874523958413036,32.874523958413036
8715,t,32.874523958413036,32.874523958413036
8716,c,32.874523958413036,32.874523958413036
8717,c,32.874523958413036,32.874523958413036
8718,c,32.874523958413036,32.874523958413036
8719,t,32.874523958413036,32.874523958413036
8720,t,32.874523958413036,32.874523958413036
8721,t,32.874523958413036,32.874523958413036
8722,c,32.874523958413036,32.874523958413036
8723,c,32.874523958413036,32.874523958413036
8724,t,32.874523958413036,32.874523958413036
8725,t,32.874523958413036,32.874523958413036
8726,t,32.874523958413036,32.874523958413036
8727,c,32.874523958413036,32.874523958413036
8728,c,32.874523958413036,32.874523958413036
8729,c,32.874523958413036,32.874523958413036
8730,c,32.874523958413036,32.874523958413036
8731,c,32.874523958413036,32.874523958413036
8732,c,32.874523958413036,32.874523958413036
8733,t,32.874523958413036,32.874523958413036
8734,t,32.874523958413036,32.874523958413036
8735,t,32.874523958413036,32.874523958413036
8736,t,32.874523958413036,32.874523958413036
8737,c,32.874523958413036,32.874523958413036
8738,t,32.874523958413036,32.874523958413036
8739,t,32.874523958413036,32.874523958413036
8740,c,32.874523958413036,32.874523958413036
8741,c,32.874523958413036,32.874523958413036
8742,c,32.874523958413036,32.874523958413036
8743,t,32.874523958413036,32.874523958413036
8744,t,32.874523958413036,32.874523958413036
8745,na,0,1.011958951184796
8746,c,32.874523958413036,32.874523958413036
8747,c,32.874523958413036,32.874523958413036
8748,t,32.874523958413036,32.874523958413036
8749,c,32.874523958413036,32.874523958413036
8750,t,32.874523958413036,32.874523958413036
8751,t,32.874523958413036,32.874523958413036
8752,c,32.874523958413036,32.874523958413036
8753,c,32.874523958413036,32.874523958413036
8754,t,32.874523958413036,32.874523958413036
8755,t,32.874523958413036,32.874523958413036
8756,t,32.874523958413036,32.874523958413036
8757,c,32.874523958413036,32.874523958413036
8758,c,32.874523958413036,32.874523958413036
8759,t,32.874523958413036,32.874523958413036
8760,c,32.874523958413036,32.874523958413036
8761,c,32.874523958413036,32.874523958413036
8762,t,32.874523958413036,32.874523958413036
8763,c,32.874523958413036,32.874523958413036
8764,c,32.874523958413036,32.874523958413036
8765,t,32.874523958413036,32.874523958413036
8766,t,32.874523958413036,32.874523958413036
8767,t,32.874523958413036,32.874523958413036
8768,c,32.874523958413036,32.874523958413036
8769,t,32.874523958413036,32.874523958413036
8770,t,32.874523958413036,32.874523958413036
8771,t,32.874523958413036,32.874523958413036
8772,c,32.874523958413036,32.874523958413036
8773,c,32.874523958413036,32.874523958413036
8774,t,32.874523958413036,32.874523958413036
8775,c,32.874523958413036,32.874523958413036
8776,c,32.874523958413036,32.874523958413036
8777,t,32.874523958413036,32.874523958413036
8778,t,32.874523958413036,32.874523958413036
8779,t,32.874523958413036,32.874523958413036
8780,c,32.874523958413036,32.874523958413036
8781,c,32.874523958413036,32.874523958413036
8782,c,32.874523958413036,32.874523958413036
8783,c,32.874523958413036,32.874523958413036
8784,c,32.874523958413036,32.874523958413036
8785,t,32.874523958413036,32.874523958413036
8786,t,32.874523958413036,32.874523958413036
8787,c,32.874523958413036,32.874523958413036
8788,t,32.874523958413036,32.874523958413036
8789,t,32.874523958413036,32.874523958413036
8790,c,32.874523958413036,32.874523958413036
8791,t,32.874523958413036,32.874523958413036
8792,t,32.874523958413036,32.874523958413036
8793,c,32.874523958413036,32.874523958413036
8794,c,32.874523958413036,32.874523958413036
8795,t,32.874523958413036,32.874523958413036
8796,t,32.874523958413036,32.874523958413036
8797,t,32.874523958413036,32.874523958413036
8798,c,32.874523958413036,32.874523958413036
8799,t,32.874523958413036,32.874523958413036
8800,c,32.874523958413036,32.874523958413036
8801,t,32.874523958413036,32.874523958413036
8802,t,32.874523958413036,32.874523958413036
8803,t,32.874523958413036,32.874523958413036
8804,c,32.874523958413036,32.874523958413036
8805,c,32.874523958413036,32.874523958413036
8806,c,32.874523958413036,32.874523958413036
8807,t,32.874523958413036,32.874523958413036
8808,t,32.874523958413036,32.874523958413036
8809,c,32.874523958413036,32.874523958413036
8810,t,32.874523958413036,32.874523958413036
8811,c,32.874523958413036,32.874523958413036
8812,t,32.874523958413036,32.874523958413036
8813,t,32.874523958413036,32.874523958413036
8814,t,32.874523958413036,32.874523958413036
8815,t,32.874523958413036,32.874523958413036
8816,c,32.874523958413036,32.874523958413036
8817,t,32.874523958413036,32.874523958413036
8818,c,32.874523958413036,32.874523958413036
8819,t,32.874523958413036,32.874523958413036
8820,t,32.874523958413036,32.874523958413036
8821,c,32.874523958413036,32.874523958413036
8822,t,32.874523958413036,32.874523958413036
8823,t,32.874523958413036,32.874523958413036
8824,t,32.874523958413036,32.874523958413036
8825,t,32.874523958413036,32.874523958413036
8826,c,32.874523958413036,32.874523958413036
8827,t,32.874523958413036,32.874523958413036
8828,t,32.874523958413036,32.874523958413036
8829,c,32.874523958413036,32.874523958413036
8830,c,32.874523958413036,32.874523958413036
8831,t,32.874523958413036,32.874523958413036
8832,t,32.874523958413036,32.874523958413036
8833,t,32.874523958413036,32.874523958413036
8834,c,32.874523958413036,32.874523958413036
8835,c,32.874523958413036,32.874523958413036
8836,c,32.874523958413036,32.874523958413036
8837,t,32.874523958413036,32.874523958413036
8838,t,32.874523958413036,32.874523958413036
8839,na,3.9687169722969307,8.920855435091577
8840,t,32.874523958413036,32.874523958413036
8841,c,32.874523958413036,32.874523958413036
8842,c,32.874523958413036,32.874523958413036
8843,c,32.874523958413036,32.874523958413036
8844,c,32.874523958413036,32.874523958413036
8845,na,-1,0
8846,t,32.874523958413036,32.874523958413036
8847,t,32.874523958413036,32.874523958413036
8848,c,32.874523958413036,32.874523958413036
8849,c,32.874523958413036,32.874523958413036
8850,na,0.6827226365735678,3.9322691108294743
8851,t,32.874523958413036,32.874523958413036
8852,c,32.874523958413036,32.874523958413036
8853,c,32.874523958413036,32.874523958413036
8854,t,32.874523958413036,32.874523958413036
8855,t,32.874523958413036,32.874523958413036
8856,c,32.874523958413036,32.874523958413036
8857,c,32.874523958413036,32.874523958413036
8858,c,32.874523958413036,32.874523958413036
8859,t,32.874523958413036,32.874523958413036
8860,t,32.874523958413036,32.874523958413036
8861,c,32.874523958413036,32.874523958413036
8862,c,32.874523958413036,32.874523958413036
8863,c,32.874523958413036,32.874523958413036
8864,t,32.874523958413036,32.874523958413036
8865,c,32.874523958413036,32.874523958413036
8866,c,32.874523958413036,32.874523958413036
8867,t,32.874523958413036,32.874523958413036
8868,t,32.874523958413036,32.874523958413036
8869,c,32.874523958413036,32.874523958413036
8870,c,32.874523958413036,32.874523958413036
8871,c,32.874523958413036,32.874523958413036
8872,t,32.874523958413036,32.874523958413036
8873,c,32.874523958413036,32.874523958413036
8874,t,32.874523958413036,32.874523958413036
8875,t,32.874523958413036,32.874523958413036
8876,t,32.874523958413036,32.874523958413036
8877,c,32.874523958413036,32.874523958413036
8878,c,32.874523958413036,32.874523958413036
8879,c,32.874523958413036,32.874523958413036
8880,t,32.874523958413036,32.874523958413036
8881,c,32.874523958413036,32.874523958413036
8882,t,32.874523958413036,32.874523958413036
8883,c,32.874523958413036,32.874523958413036
8884,t,32.874523958413036,32.874523958413036
8885,c,32.874523958413036,32.874523958413036
8886,c,32.874523958413036,32.874523958413036
8887,c,32.874523958413036,32.874523958413036
8888,c,32.874523958413036,32.874523958413036
8889,t,32.874523958413036,32.874523958413036
8890,c,32.874523958413036,32.874523958413036
8891,t,32.874523958413036,32.874523958413036
8892,t,32.874523958413036,32.874523958413036
8893,t,32.874523958413036,32.874523958413036
8894,c,32.874523958413036,32.874523958413036
8895,c,32.874523958413036,32.874523958413036
8896,c,32.874523958413036,32.874523958413036
8897,c,32.874523958413036,32.874523958413036
8898,t,32.874523958413036,32.874523958413036
8899,t,32.874523958413036,32.874523958413036
8900,t,32.874523958413036,32.874523958413036
8901,c,32.874523958413036,32.874523958413036
8902,c,32.874523958413036,32.874523958413036
8903,c,32.874523958413036,32.874523958413036
8904,c,32.874523958413036,32.874523958413036
8905,t,32.874523958413036,32.874523958413036
8906,t,32.874523958413036,32.874523958413036
8907,t,32.874523958413036,32.874523958413036
8908,c,32.874523958413036,32.874523958413036
8909,t,32.874523958413036,32.874523958413036
8910,t,32.874523958413036,32.874523958413036
8911,t,32.874523958413036,32.874523958413036
8912,c,32.874523958413036,32.874523958413036
8913,c,32.874523958413036,32.874523958413036
8914,t,32.874523958413036,32.874523958413036
8915,t,32.874523958413036,32.874523958413036
8916,c,32.874523958413036,32.874523958413036
8917,t,32.874523958413036,32.874523958413036
8918,c,32.874523958413036,32.874523958413036
8919,t,32.874523958413036,32.874523958413036
8920,t,32.874523958413036,32.874523958413036
8921,c,32.874523958413036,32.874523958413036
8922,c,32.874523958413036,32.874523958413036
8923,c,32.874523958413036,32.874523958413036
8924,na,3.3199760206643756,8.46611204996459
8925,c,32.874523958413036,32.874523958413036
8926,c,32.874523958413036,32.874523958413036
8927,t,32.874523958413036,32.874523958413036
8928,c,32.874523958413036,32.874523958413036
8929,c,32.874523958413036,32.874523958413036
8930,t,32.874523958413036,32.874523958413036
8931,na,3.804386854471152,8.666850202022788
8932,t,32.874523958413036,32.874523958413036
8933,c,32.874523958413036,32.874523958413036
8934,c,32.874523958413036,32.874523958413036
8935,c,32.874523958413036,32.874523958413036
8936,t,32.874523958413036,32.874523958413036
8937,c,32.874523958413036,32.874523958413036
8938,c,32.874523958413036,32.874523958413036
8939,t,32.874523958413036,32.874523958413036
8940,c,32.874523958413036,32.874523958413036
8941,c,32.874523958413036,32.874523958413036
8942,t,32.874523958413036,32.874523958413036
8943,c,32.874523958413036,32.874523958413036
8944,t,32.874523958413036,32.874523958413036
8945,t,32.874523958413036,32.874523958413036
8946,t,32.874523958413036,32.874523958413036
8947,t,32.874523958413036,32.874523958413036
8948,t,32.874523958413036,32.874523958413036
8949,c,32.874523958413036,32.874523958413036
8950,t,32.874523958413036,32.874523958413036
8951,t,32.874523958413036,32.874523958413036
8952,c,32.874523958413036,32.874523958413036
8953,c,32.874523958413036,32.874523958413036
8954,c,32.874523958413036,32.874523958413036
8955,c,32.874523958413036,32.874523958413036
8956,t,32.874523958413036,32.874523958413036
8957,t,32.874523958413036,32.874523958413036
8958,c,32.874523958413036,32.874523958413036
8959,c,32.874523958413036,32.874523958413036
8960,c,32.874523958413036,32.874523958413036
8961,t,32.874523958413036,32.874523958413036
8962,t,32.874523958413036,32.874523958413036
8963,t,32.874523958413036,32.874523958413036
8964,c,32.874523958413036,32.874523958413036
8965,c,32.874523958413036,32.874523958413036
8966,t,32.874523958413036,32.874523958413036
8967,c,32.874523958413036,32.874523958413036
8968,t,32.874523958413036,32.874523958413036
8969,t,32.874523958413036,32.874523958413036
8970,c,32.874523958413036,32.874523958413036
8971,c,32.874523958413036,32.874523958413036
8972,t,32.874523958413036,32.874523958413036
8973,c,32.874523958413036,32.874523958413036
8974,t,32.874523958413036,32.874523958413036
8975,c,32.874523958413036,32.874523958413036
8976,t,32.874523958413036,32.874523958413036
8977,c,32.874523958413036,32.874523958413036
8978,t,32.874523958413036,32.874523958413036
8979,c,32.874523958413036,32.874523958413036
8980,t,32.874523958413036,32.874523958413036
8981,t,32.874523958413036,32.874523958413036
8982,t,32.874523958413036,32.874523958413036
8983,c,32.874523958413036,32.874523958413036
8984,t,32.874523958413036,32.874523958413036
8985,c,32.874523958413036,32.874523958413036
8986,c,32.874523958413036,32.874523958413036
8987,c,32.874523958413036,32.874523958413036
8988,c,32.874523958413036,32.874523958413036
8989,t,32.874523958413036,32.874523958413036
8990,t,32.874523958413036,32.874523958413036
8991,c,32.874523958413036,32.874523958413036
8992,t,32.874523958413036,32.874523958413036
8993,t,32.874523958413036,32.874523958413036
8994,c,32.874523958413036,32.874523958413036
8995,t,32.874523958413036,32.874523958413036
8996,t,32.874523958413036,32.874523958413036
8997,t,32.874523958413036,32.874523958413036
8998,c,32.874523958413036,32.874523958413036
8999,c,32.874523958413036,32.874523958413036
9000,t,32.874523958413036,32.874523958413036
9001,t,32.874523958413036,32.874523958413036
9002,t,32.874523958413036,32.874523958413036
9003,c,32.874523958413036,32.874523958413036
9004,c,32.874523958413036,32.874523958413036
9005,t,32.874523958413036,32.874523958413036
9006,c,32.874523958413036,32.874523958413036
9007,t,32.874523958413036,32.874523958413036
9008,c,32.874523958413036,32.874523958413036
9009,c,32.874523958413036,32.874523958413036
9010,c,32.874523958413036,32.874523958413036
9011,c,13.119473475647137,17.726656726282897
9012,t,32.874523958413036,32.874523958413036
9013,c,32.874523958413036,32.874523958413036
9014,t,32.874523958413036,32.874523958413036
9015,c,32.874523958413036,32.874523958413036
9016,t,32.874523958413036,32.874523958413036
9017,t,32.874523958413036,32.874523958413036
9018,c,32.874523958413036,32.874523958413036
9019,t,32.874523958413036,32.874523958413036
9020,t,32.874523958413036,32.874523958413036
9021,c,32.874523958413036,32.874523958413036
9022,t,32.874523958413036,32.874523958413036
9023,t,32.874523958413036,32.874523958413036
9024,c,32.874523958413036,32.874523958413036
9025,c,32.874523958413036,32.874523958413036
9026,c,32.874523958413036,32.874523958413036
9027,c,32.874523958413036,32.874523958413036
9028,c,32.874523958413036,32.874523958413036
9029,t,32.874523958413036,32.874523958413036
9030,t,32.874523958413036,32.874523958413036
9031,t,32.874523958413036,32.874523958413036
9032,t,32.874523958413036,32.874523958413036
9033,c,32.874523958413036,32.874523958413036
9034,t,32.874523958413036,32.874523958413036
9035,t,32.874523958413036,32.874523958413036
9036,c,32.874523958413036,32.874523958413036
9037,t,32.874523958413036,32.874523958413036
9038,c,32.874523958413036,32.874523958413036
9039,c,32.874523958413036,32.874523958413036
9040,t,32.874523958413036,32.874523958413036
9041,t,32.874523958413036,32.874523958413036
9042,t,32.874523958413036,32.874523958413036
9043,c,32.874523958413036,32.874523958413036
9044,t,32.874523958413036,32.874523958413036
9045,t,32.874523958413036,32.874523958413036
9046,t,32.874523958413036,32.874523958413036
9047,c,32.874523958413036,32.874523958413036
9048,t,32.874523958413036,32.874523958413036
9049,c,32.874523958413036,32.874523958413036
9050,c,32.874523958413036,32.874523958413036
9051,t,32.874523958413036,32.874523958413036
9052,c,32.874523958413036,32.874523958413036
9053,c,32.874523958413036,32.874523958413036
9054,t,32.874523958413036,32.874523958413036
9055,t,32.874523958413036,32.874523958413036
9056,t,32.874523958413036,32.874523958413036
9057,t,32.874523958413036,32.874523958413036
9058,c,32.874523958413036,32.874523958413036
9059,c,32.874523958413036,32.874523958413036
9060,c,32.874523958413036,32.874523958413036
9061,t,32.874523958413036,32.874523958413036
9062,t,32.874523958413036,32.874523958413036
9063,c,32.874523958413036,32.874523958413036
9064,c,32.874523958413036,32.874523958413036
9065,t,32.874523958413036,32.874523958413036
9066,t,32.874523958413036,32.874523958413036
9067,t,32.874523958413036,32.874523958413036
9068,t,32.874523958413036,32.874523958413036
9069,t,32.874523958413036,32.874523958413036
9070,t,32.874523958413036,32.874523958413036
9071,t,32.874523958413036,32.874523958413036
9072,t,32.874523958413036,32.874523958413036
9073,t,32.874523958413036,32.874523958413036
9074,c,32.874523958413036,32.874523958413036
9075,c,32.874523958413036,32.874523958413036
9076,t,32.874523958413036,32.874523958413036
9077,t,32.874523958413036,32.874523958413036
9078,na,-1,0
9079,c,32.874523958413036,32.874523958413036
9080,t,32.874523958413036,32.874523958413036
9081,c,32.874523958413036,32.874523958413036
9082,c,32.874523958413036,32.874523958413036
9083,c,32.874523958413036,32.874523958413036
9084,t,32.874523958413036,32.874523958413036
9085,c,32.874523958413036,32.874523958413036
9086,t,32.874523958413036,32.874523958413036
9087,c,32.874523958413036,32.874523958413036
9088,t,32.874523958413036,32.874523958413036
9089,c,32.874523958413036,32.874523958413036
9090,t,32.874523958413036,32.874523958413036
9091,c,32.874523958413036,32.874523958413036
9092,t,32.874523958413036,32.874523958413036
9093,t,32.874523958413036,32.874523958413036
9094,t,32.874523958413036,32.874523958413036
9095,c,32.874523958413036,32.874523958413036
9096,c,32.874523958413036,32.874523958413036
9097,c,32.874523958413036,32.874523958413036
9098,t,32.874523958413036,32.874523958413036
9099,t,32.874523958413036,32.874523958413036
9100,t,32.874523958413036,32.874523958413036
9101,t,32.874523958413036,32.874523958413036
9102,c,32.874523958413036,32.874523958413036
9103,t,32.874523958413036,32.874523958413036
9104,t,32.874523958413036,32.874523958413036
9105,c,32.874523958413036,32.874523958413036
9106,c,32.874523958413036,32.874523958413036
9107,c,32.874523958413036,32.874523958413036
9108,c,32.874523958413036,32.874523958413036
9109,c,32.874523958413036,32.874523958413036
9110,c,32.874523958413036,32.874523958413036
9111,c,32.874523958413036,32.874523958413036
9112,t,32.874523958413036,32.874523958413036
9113,c,32.874523958413036,32.874523958413036
9114,c,32.874523958413036,32.874523958413036
9115,c,32.874523958413036,32.874523958413036
9116,t,32.874523958413036,32.874523958413036
9117,c,32.874523958413036,32.874523958413036
9118,c,32.874523958413036,32.874523958413036
9119,t,32.874523958413036,32.874523958413036
9120,t,32.874523958413036,32.874523958413036
9121,c,32.874523958413036,32.874523958413036
9122,t,32.874523958413036,32.874523958413036
9123,t,32.874523958413036,32.874523958413036
9124,t,32.874523958413036,32.874523958413036
9125,c,32.874523958413036,32.874523958413036
9126,c,32.874523958413036,32.874523958413036
9127,c,32.874523958413036,32.874523958413036
9128,t,32.874523958413036,32.874523958413036
9129,t,32.874523958413036,32.874523958413036
9130,t,32.874523958413036,32.874523958413036
9131,t,32.874523958413036,32.874523958413036
9132,c,32.874523958413036,32.874523958413036
9133,c,32.874523958413036,32.874523958413036
9134,t,32.874523958413036,32.874523958413036
9135,c,32.874523958413036,32.874523958413036
9136,t,32.874523958413036,32.874523958413036
9137,t,32.874523958413036,32.874523958413036
9138,c,32.874523958413036,32.874523958413036
9139,t,32.874523958413036,32.874523958413036
9140,c,32.874523958413036,32.874523958413036
9141,t,32.874523958413036,32.874523958413036
9142,t,32.874523958413036,32.874523958413036
9143,c,32.874523958413036,32.874523958413036
9144,t,32.874523958413036,32.874523958413036
9145,t,32.874523958413036,32.874523958413036
9146,t,32.874523958413036,32.874523958413036
9147,c,32.874523958413036,32.874523958413036
9148,c,32.874523958413036,32.874523958413036
9149,t,32.874523958413036,32.874523958413036
9150,c,32.874523958413036,32.874523958413036
9151,t,32.874523958413036,32.874523958413036
9152,c,32.874523958413036,32.874523958413036
9153,c,32.874523958413036,32.874523958413036
9154,t,32.874523958413036,32.874523958413036
9155,c,32.874523958413036,32.874523958413036
9156,t,32.874523958413036,32.874523958413036
9157,t,32.874523958413036,32.874523958413036
9158,c,32.874523958413036,32.874523958413036
9159,t,32.874523958413036,32.874523958413036
9160,c,32.874523958413036,32.874523958413036
9161,t,32.874523958413036,32.874523958413036
9162,c,32.874523958413036,32.874523958413036
9163,c,32.874523958413036,32.874523958413036
9164,t,32.874523958413036,32.874523958413036
9165,t,32.874523958413036,32.874523958413036
9166,c,32.874523958413036,32.874523958413036
9167,t,32.874523958413036,32.874523958413036
9168,c,32.874523958413036,32.874523958413036
9169,c,32.874523958413036,32.874523958413036
9170,na,2.2591426236724588,7.867545178198193
9171,c,32.874523958413036,32.874523958413036
9172,c,32.874523958413036,32.874523958413036
9173,c,32.874523958413036,32.874523958413036
9174,c,32.874523958413036,32.874523958413036
9175,c,32.874523958413036,32.874523958413036
9176,t,32.874523958413036,32.874523958413036
9177,c,32.874523958413036,32.874523958413036
9178,t,32.874523958413036,32.874523958413036
9179,t,32.874523958413036,32.874523958413036
9180,t,32.874523958413036,32.874523958413036
9181,t,32.874523958413036,32.874523958413036
9182,c,32.874523958413036,32.874523958413036
9183,t,32.874523958413036,32.874523958413036
9184,t,32.874523958413036,32.874523958413036
9185,c,32.874523958413036,32.874523958413036
9186,c,32.874523958413036,32.874523958413036
9187,t,32.874523958413036,32.874523958413036
9188,c,32.874523958413036,32.874523958413036
9189,c,32.874523958413036,32.874523958413036
9190,t,32.874523958413036,32.874523958413036
9191,c,32.874523958413036,32.874523958413036
9192,t,32.874523958413036,32.874523958413036
9193,c,32.874523958413036,32.874523958413036
9194,c,32.874523958413036,32.874523958413036
9195,c,32.874523958413036,32.874523958413036
9196,t,32.874523958413036,32.874523958413036
9197,c,32.874523958413036,32.874523958413036
9198,c,32.874523958413036,32.874523958413036
9199,t,32.874523958413036,32.874523958413036
9200,na,4.529493581539956,5.884285272457654
9201,c,32.874523958413036,32.874523958413036
9202,t,32.874523958413036,32.874523958413036
9203,t,32.874523958413036,32.874523958413036
9204,c,32.874523958413036,32.874523958413036
9205,t,32.874523958413036,32.874523958413036
9206,t,32.874523958413036,32.874523958413036
9207,c,32.874523958413036,32.874523958413036
9208,t,32.874523958413036,32.874523958413036
9209,t,32.874523958413036,32.874523958413036
9210,c,32.874523958413036,32.874523958413036
9211,t,32.874523958413036,32.874523958413036
9212,c,32.874523958413036,32.874523958413036
9213,c,32.874523958413036,32.874523958413036
9214,c,32.874523958413036,32.874523958413036
9215,c,32.874523958413036,32.874523958413036
9216,c,32.874523958413036,32.874523958413036
9217,c,32.874523958413036,32.874523958413036
9218,t,32.874523958413036,32.874523958413036
9219,t,32.874523958413036,32.874523958413036
9220,t,32.874523958413036,32.874523958413036
9221,c,32.874523958413036,32.874523958413036
9222,c,8.149946536302476,16.801199856079847
9223,c,32.874523958413036,32.874523958413036
9224,c,32.874523958413036,32.874523958413036
9225,t,32.874523958413036,32.874523958413036
9226,c,32.874523958413036,32.874523958413036
9227,c,32.874523958413036,32.874523958413036
9228,t,32.874523958413036,32.874523958413036
9229,t,32.874523958413036,32.874523958413036
9230,c,32.874523958413036,32.874523958413036
9231,t,32.874523958413036,32.874523958413036
9232,t,32.874523958413036,32.874523958413036
9233,t,32.874523958413036,32.874523958413036
9234,na,9.804242115923094,32.874523958413036
9235,t,32.874523958413036,32.874523958413036
9236,na,1.089300706261257,5.716132251915779
9237,t,32.874523958413036,32.874523958413036
9238,c,32.874523958413036,32.874523958413036
9239,c,32.874523958413036,32.874523958413036
9240,t,32.874523958413036,32.874523958413036
9241,c,32.874523958413036,32.874523958413036
9242,t,32.874523958413036,32.874523958413036
9243,c,32.874523958413036,32.874523958413036
9244,t,32.874523958413036,32.874523958413036
9245,c,32.874523958413036,32.874523958413036
9246,t,32.874523958413036,32.874523958413036
9247,t,32.874523958413036,32.874523958413036
9248,t,32.874523958413036,32.874523958413036
9249,c,32.874523958413036,32.874523958413036
9250,t,32.874523958413036,32.874523958413036
9251,t,32.874523958413036,32.874523958413036
9252,c,32.874523958413036,32.874523958413036
9253,t,32.874523958413036,32.874523958413036
9254,c,32.874523958413036,32.874523958413036
9255,c,32.874523958413036,32.874523958413036
9256,t,32.874523958413036,32.874523958413036
9257,t,32.874523958413036,32.874523958413036
9258,t,32.874523958413036,32.874523958413036
9259,c,32.874523958413036,32.874523958413036
9260,c,32.874523958413036,32.874523958413036
9261,t,32.874523958413036,32.874523958413036
9262,t,32.874523958413036,32.874523958413036
9263,t,32.874523958413036,32.874523958413036
9264,t,32.874523958413036,32.874523958413036
9265,c,32.874523958413036,32.874523958413036
9266,t,32.874523958413036,32.874523958413036
9267,t,32.874523958413036,32.874523958413036
9268,t,32.874523958413036,32.874523958413036
9269,t,32.874523958413036,32.874523958413036
9270,c,32.874523958413036,32.874523958413036
9271,t,32.874523958413036,32.874523958413036
9272,c,32.874523958413036,32.874523958413036
9273,c,32.874523958413036,32.874523958413036
9274,c,32.874523958413036,32.874523958413036
9275,t,32.874523958413036,32.874523958413036
9276,c,32.874523958413036,32.874523958413036
9277,c,32.874523958413036,32.874523958413036
9278,c,32.874523958413036,32.874523958413036
9279,c,32.874523958413036,32.874523958413036
9280,c,32.874523958413036,32.874523958413036
9281,c,32.874523958413036,32.874523958413036
9282,t,32.874523958413036,32.874523958413036
9283,t,32.874523958413036,32.874523958413036
9284,c,32.874523958413036,32.874523958413036
9285,t,32.874523958413036,32.874523958413036
9286,t,32.874523958413036,32.874523958413036
9287,c,32.874523958413036,32.874523958413036
9288,t,32.874523958413036,32.874523958413036
9289,c,32.874523958413036,32.874523958413036
9290,t,32.874523958413036,32.874523958413036
9291,c,32.874523958413036,32.874523958413036
9292,c,32.874523958413036,32.874523958413036
9293,c,32.874523958413036,32.874523958413036
9294,t,32.874523958413036,32.874523958413036
9295,t,32.874523958413036,32.874523958413036
9296,t,32.874523958413036,32.874523958413036
9297,c,32.874523958413036,32.874523958413036
9298,c,32.874523958413036,32.874523958413036
9299,c,32.874523958413036,32.874523958413036
9300,c,32.874523958413036,32.874523958413036
9301,c,32.874523958413036,32.874523958413036
9302,t,32.874523958413036,32.874523958413036
9303,t,32.874523958413036,32.874523958413036
9304,c,32.874523958413036,32.874523958413036
9305,t,32.874523958413036,32.874523958413036
9306,t,32.874523958413036,32.874523958413036
9307,c,32.874523958413036,32.874523958413036
9308,c,32.874523958413036,32.874523958413036
9309,t,32.874523958413036,32.874523958413036
9310,t,32.874523958413036,32.874523958413036
9311,c,32.874523958413036,32.874523958413036
9312,c,32.874523958413036,32.874523958413036
9313,c,32.874523958413036,32.874523958413036
9314,c,32.874523958413036,32.874523958413036
9315,c,32.874523958413036,32.874523958413036
9316,c,32.874523958413036,32.874523958413036
9317,t,32.874523958413036,32.874523958413036
9318,c,32.874523958413036,32.874523958413036
9319,c,32.874523958413036,32.874523958413036
9320,t,32.874523958413036,32.874523958413036
9321,t,32.874523958413036,32.874523958413036
9322,t,32.874523958413036,32.874523958413036
9323,t,32.874523958413036,32.874523958413036
9324,c,32.874523958413036,32.874523958413036
9325,t,32.874523958413036,32.874523958413036
9326,t,32.874523958413036,32.874523958413036
9327,c,32.874523958413036,32.874523958413036
9328,c,32.874523958413036,32.874523958413036
9329,c,32.874523958413036,32.874523958413036
9330,t,32.874523958413036,32.874523958413036
9331,t,32.874523958413036,32.874523958413036
9332,t,32.874523958413036,32.874523958413036
9333,c,32.874523958413036,32.874523958413036
9334,t,32.874523958413036,32.874523958413036
9335,c,32.874523958413036,32.874523958413036
9336,c,32.874523958413036,32.874523958413036
9337,t,32.874523958413036,32.874523958413036
9338,c,32.874523958413036,32.874523958413036
9339,c,32.874523958413036,32.874523958413036
9340,t,32.874523958413036,32.874523958413036
9341,c,32.874523958413036,32.874523958413036
9342,c,32.874523958413036,32.874523958413036
9343,t,32.874523958413036,32.874523958413036
9344,c,32.874523958413036,32.874523958413036
9345,t,32.874523958413036,32.874523958413036
9346,t,32.874523958413036,32.874523958413036
9347,t,32.874523958413036,32.874523958413036
9348,c,32.874523958413036,32.874523958413036
9349,c,32.874523958413036,32.874523958413036
9350,c,32.874523958413036,32.874523958413036
9351,t,32.874523958413036,32.874523958413036
9352,t,32.874523958413036,32.874523958413036
9353,t,32.874523958413036,32.874523958413036
9354,c,32.874523958413036,32.874523958413036
9355,c,32.874523958413036,32.874523958413036
9356,t,32.874523958413036,32.874523958413036
9357,c,32.874523958413036,32.874523958413036
9358,t,32.874523958413036,32.874523958413036
9359,c,32.874523958413036,32.874523958413036
9360,c,32.874523958413036,32.874523958413036
9361,t,32.874523958413036,32.874523958413036
9362,c,32.874523958413036,32.874523958413036
9363,t,32.874523958413036,32.874523958413036
9364,na,0,4.51339788003111
9365,c,32.874523958413036,32.874523958413036
9366,t,32.874523958413036,32.874523958413036
9367,c,32.874523958413036,32.874523958413036
9368,c,32.874523958413036,32.874523958413036
9369,t,32.874523958413036,32.874523958413036
9370,t,32.874523958413036,32.874523958413036
9371,t,32.874523958413036,32.874523958413036
9372,t,32.874523958413036,32.874523958413036
9373,c,32.874523958413036,32.874523958413036
9374,t,32.874523958413036,32.874523958413036
9375,c,32.874523958413036,32.874523958413036
9376,t,32.874523958413036,32.874523958413036
9377,c,32.874523958413036,32.874523958413036
9378,c,32.874523958413036,32.874523958413036
9379,c,32.874523958413036,32.874523958413036
9380,t,32.874523958413036,32.874523958413036
9381,t,32.874523958413036,32.874523958413036
9382,c,32.874523958413036,32.874523958413036
9383,t,32.874523958413036,32.874523958413036
9384,t,32.874523958413036,32.874523958413036
9385,c,32.874523958413036,32.874523958413036
9386,t,32.874523958413036,32.874523958413036
9387,c,32.874523958413036,32.874523958413036
9388,t,32.874523958413036,32.874523958413036
9389,c,32.874523958413036,32.874523958413036
9390,c,32.874523958413036,32.874523958413036
9391,c,32.874523958413036,32.874523958413036
9392,t,32.874523958413036,32.874523958413036
9393,t,32.874523958413036,32.874523958413036
9394,c,32.874523958413036,32.874523958413036
9395,c,32.874523958413036,32.874523958413036
9396,t,32.874523958413036,32.874523958413036
9397,c,32.874523958413036,32.874523958413036
9398,t,32.874523958413036,32.874523958413036
9399,t,32.874523958413036,32.874523958413036
9400,t,32.874523958413036,32.874523958413036
9401,t,32.874523958413036,32.874523958413036
9402,c,32.874523958413036,32.874523958413036
9403,t,32.874523958413036,32.874523958413036
9404,c,32.874523958413036,32.874523958413036
9405,t,32.874523958413036,32.874523958413036
9406,t,32.874523958413036,32.874523958413036
9407,t,32.874523958413036,32.874523958413036
9408,t,32.874523958413036,32.874523958413036
9409,t,32.874523958413036,32.874523958413036
9410,c,32.874523958413036,32.874523958413036
9411,t,32.874523958413036,32.874523958413036
9412,c,32.874523958413036,32.874523958413036
9413,c,32.874523958413036,32.874523958413036
9414,t,32.874523958413036,32.874523958413036
9415,t,32.874523958413036,32.874523958413036
9416,t,32.874523958413036,32.874523958413036
9417,t,32.874523958413036,32.874523958413036
9418,t,32.874523958413036,32.874523958413036
9419,t,32.874523958413036,32.874523958413036
9420,t,32.874523958413036,32.874523958413036
9421,c,32.874523958413036,32.874523958413036
9422,c,32.874523958413036,32.874523958413036
9423,t,32.874523958413036,32.874523958413036
9424,c,32.874523958413036,32.874523958413036
9425,c,32.874523958413036,32.874523958413036
9426,c,32.874523958413036,32.874523958413036
9427,c,32.874523958413036,32.874523958413036
9428,c,32.874523958413036,32.874523958413036
9429,c,32.874523958413036,32.874523958413036
9430,c,32.874523958413036,32.874523958413036
9431,c,32.874523958413036,32.874523958413036
9432,t,32.874523958413036,32.874523958413036
9433,t,32.874523958413036,32.874523958413036
9434,c,32.874523958413036,32.874523958413036
9435,c,32.874523958413036,32.874523958413036
9436,t,32.874523958413036,32.874523958413036
9437,c,32.874523958413036,32.874523958413036
9438,t,32.874523958413036,32.874523958413036
9439,t,32.874523958413036,32.874523958413036
9440,c,32.874523958413036,32.874523958413036
9441,t,32.874523958413036,32.874523958413036
9442,t,32.874523958413036,32.874523958413036
9443,t,32.874523958413036,32.874523958413036
9444,c,32.874523958413036,32.874523958413036
9445,t,32.874523958413036,32.874523958413036
9446,c,32.874523958413036,32.874523958413036
9447,t,32.874523958413036,32.874523958413036
9448,t,32.874523958413036,32.874523958413036
9449,t,32.874523958413036,32.874523958413036
9450,c,32.874523958413036,32.874523958413036
9451,t,32.874523958413036,32.874523958413036
9452,t,32.874523958413036,32.874523958413036
9453,t,32.874523958413036,32.874523958413036
9454,c,32.874523958413036,32.874523958413036
9455,t,32.874523958413036,32.874523958413036
9456,c,32.874523958413036,32.874523958413036
9457,t,32.874523958413036,32.874523958413036
9458,t,32.874523958413036,32.874523958413036
9459,c,32.874523958413036,32.874523958413036
9460,t,32.874523958413036,32.874523958413036
9461,c,32.874523958413036,32.874523958413036
9462,t,32.874523958413036,32.874523958413036
9463,c,32.874523958413036,32.874523958413036
9464,t,32.874523958413036,32.874523958413036
9465,t,32.874523958413036,32.874523958413036
9466,t,32.874523958413036,32.874523958413036
9467,t,32.874523958413036,32.874523958413036
9468,t,32.874523958413036,32.874523958413036
9469,t,32.874523958413036,32.874523958413036
9470,t,32.874523958413036,32.874523958413036
9471,t,32.874523958413036,32.874523958413036
9472,c,32.874523958413036,32.874523958413036
9473,c,32.874523958413036,32.874523958413036
9474,t,32.874523958413036,32.874523958413036
9475,t,32.874523958413036,32.874523958413036
9476,c,32.874523958413036,32.874523958413036
9477,t,32.874523958413036,32.874523958413036
9478,t,32.874523958413036,32.874523958413036
9479,t,32.874523958413036,32.874523958413036
9480,c,32.874523958413036,32.874523958413036
9481,c,32.874523958413036,32.874523958413036
9482,c,32.874523958413036,32.874523958413036
9483,c,32.874523958413036,32.874523958413036
9484,t,32.874523958413036,32.874523958413036
9485,t,32.874523958413036,32.874523958413036
9486,t,32.874523958413036,32.874523958413036
9487,t,32.874523958413036,32.874523958413036
9488,t,32.874523958413036,32.874523958413036
9489,c,32.874523958413036,32.874523958413036
9490,c,32.874523958413036,32.874523958413036
9491,t,32.874523958413036,32.874523958413036
9492,t,32.874523958413036,32.874523958413036
9493,na,3.757743539413471,15.37950155665996
9494,c,32.874523958413036,32.874523958413036
9495,t,32.874523958413036,32.874523958413036
9496,c,32.874523958413036,32.874523958413036
9497,c,32.874523958413036,32.874523958413036
9498,c,32.874523958413036,32.874523958413036
9499,c,32.874523958413036,32.874523958413036
9500,t,32.874523958413036,32.874523958413036
9501,c,32.874523958413036,32.874523958413036
9502,c,32.874523958413036,32.874523958413036
9503,t,32.874523958413036,32.874523958413036
9504,t,32.874523958413036,32.874523958413036
9505,c,32.874523958413036,32.874523958413036
9506,c,32.874523958413036,32.874523958413036
9507,c,32.874523958413036,32.874523958413036
9508,t,32.874523958413036,32.874523958413036
9509,t,32.874523958413036,32.874523958413036
9510,t,32.874523958413036,32.874523958413036
9511,c,32.874523958413036,32.874523958413036
9512,c,32.874523958413036,32.874523958413036
9513,t,32.874523958413036,32.874523958413036
9514,c,32.874523958413036,32.874523958413036
9515,t,32.874523958413036,32.874523958413036
9516,t,32.874523958413036,32.874523958413036
9517,t,32.874523958413036,32.874523958413036
9518,t,32.874523958413036,32.874523958413036
9519,t,32.874523958413036,32.874523958413036
9520,c,32.874523958413036,32.874523958413036
9521,c,32.874523958413036,32.874523958413036
9522,c,32.874523958413036,32.874523958413036
9523,c,32.874523958413036,32.874523958413036
9524,c,32.874523958413036,32.874523958413036
9525,c,32.874523958413036,32.874523958413036
9526,c,32.874523958413036,32.874523958413036
9527,t,32.874523958413036,32.874523958413036
9528,t,32.874523958413036,32.874523958413036
9529,t,32.874523958413036,32.874523958413036
9530,t,32.874523958413036,32.874523958413036
9531,t,32.874523958413036,32.874523958413036
9532,c,32.874523958413036,32.874523958413036
9533,t,32.874523958413036,32.874523958413036
9534,t,32.874523958413036,32.874523958413036
9535,t,32.874523958413036,32.874523958413036
9536,t,32.874523958413036,32.874523958413036
9537,c,32.874523958413036,32.874523958413036
9538,c,32.874523958413036,32.874523958413036
9539,c,32.874523958413036,32.874523958413036
9540,c,32.874523958413036,32.874523958413036
9541,t,32.874523958413036,32.874523958413036
9542,c,32.874523958413036,32.874523958413036
9543,c,32.874523958413036,32.874523958413036
9544,c,32.874523958413036,32.874523958413036
9545,c,32.874523958413036,32.874523958413036
9546,c,32.874523958413036,32.874523958413036
9547,c,32.874523958413036,32.874523958413036
9548,t,32.874523958413036,32.874523958413036
9549,t,32.874523958413036,32.874523958413036
9550,t,32.874523958413036,32.874523958413036
9551,t,32.874523958413036,32.874523958413036
9552,c,32.874523958413036,32.874523958413036
9553,c,32.874523958413036,32.874523958413036
9554,c,32.874523958413036,32.874523958413036
9555,t,32.874523958413036,32.874523958413036
9556,c,32.874523958413036,32.874523958413036
9557,t,32.874523958413036,32.874523958413036
9558,c,32.874523958413036,32.874523958413036
9559,t,32.874523958413036,32.874523958413036
9560,c,32.874523958413036,32.874523958413036
9561,t,32.874523958413036,32.874523958413036
9562,c,32.874523958413036,32.874523958413036
9563,c,32.874523958413036,32.874523958413036
9564,t,32.874523958413036,32.874523958413036
9565,t,32.874523958413036,32.874523958413036
9566,t,32.874523958413036,32.874523958413036
9567,t,32.874523958413036,32.874523958413036
9568,c,32.874523958413036,32.874523958413036
9569,t,32.874523958413036,32.874523958413036
9570,t,32.874523958413036,32.874523958413036
9571,c,32.874523958413036,32.874523958413036
9572,c,32.874523958413036,32.874523958413036
9573,t,32.874523958413036,32.874523958413036
9574,t,32.874523958413036,32.874523958413036
9575,t,32.874523958413036,32.874523958413036
9576,c,32.874523958413036,32.874523958413036
9577,c,32.874523958413036,32.874523958413036
9578,c,32.874523958413036,32.874523958413036
9579,t,32.874523958413036,32.874523958413036
9580,t,32.874523958413036,32.874523958413036
9581,t,32.874523958413036,32.874523958413036
9582,c,32.874523958413036,32.874523958413036
9583,t,32.874523958413036,32.874523958413036
9584,t,32.874523958413036,32.874523958413036
9585,c,32.874523958413036,32.874523958413036
9586,t,32.874523958413036,32.874523958413036
9587,c,32.874523958413036,32.874523958413036
9588,c,32.874523958413036,32.874523958413036
9589,t,32.874523958413036,32.874523958413036
9590,c,32.874523958413036,32.874523958413036
9591,t,32.874523958413036,32.874523958413036
9592,t,32.874523958413036,32.874523958413036
9593,c,32.874523958413036,32.874523958413036
9594,c,32.874523958413036,32.874523958413036
9595,c,32.874523958413036,32.874523958413036
9596,t,32.874523958413036,32.874523958413036
9597,c,32.874523958413036,32.874523958413036
9598,t,32.874523958413036,32.874523958413036
9599,c,32.874523958413036,32.874523958413036
9600,t,32.874523958413036,32.874523958413036
9601,c,32.874523958413036,32.874523958413036
9602,c,32.874523958413036,32.874523958413036
9603,c,32.874523958413036,32.874523958413036
9604,c,32.874523958413036,32.874523958413036
9605,c,32.874523958413036,32.874523958413036
9606,c,32.874523958413036,32.874523958413036
9607,c,32.874523958413036,32.874523958413036
9608,c,32.874523958413036,32.874523958413036
9609,c,32.874523958413036,32.874523958413036
9610,t,32.874523958413036,32.874523958413036
9611,t,32.874523958413036,32.874523958413036
9612,c,32.874523958413036,32.874523958413036
9613,c,32.874523958413036,32.874523958413036
9614,c,32.874523958413036,32.874523958413036
9615,c,32.874523958413036,32.874523958413036
9616,t,32.874523958413036,32.874523958413036
9617,t,32.874523958413036,32.874523958413036
9618,t,32.874523958413036,32.874523958413036
9619,c,32.874523958413036,32.874523958413036
9620,t,32.874523958413036,32.874523958413036
9621,c,32.874523958413036,32.874523958413036
9622,c,32.874523958413036,32.874523958413036
9623,t,32.874523958413036,32.874523958413036
9624,t,32.874523958413036,32.874523958413036
9625,c,32.874523958413036,32.874523958413036
9626,c,32.874523958413036,32.874523958413036
9627,t,32.874523958413036,32.874523958413036
9628,c,32.874523958413036,32.874523958413036
9629,t,32.874523958413036,32.874523958413036
9630,c,32.874523958413036,32.874523958413036
9631,c,32.874523958413036,32.874523958413036
9632,t,32.874523958413036,32.874523958413036
9633,t,32.874523958413036,32.874523958413036
9634,c,32.874523958413036,32.874523958413036
9635,t,32.874523958413036,32.874523958413036
9636,c,32.874523958413036,32.874523958413036
9637,t,32.874523958413036,32.874523958413036
9638,c,32.874523958413036,32.874523958413036
9639,c,32.874523958413036,32.874523958413036
9640,c,32.874523958413036,32.874523958413036
9641,t,32.874523958413036,32.874523958413036
9642,t,32.874523958413036,32.874523958413036
9643,c,32.874523958413036,32.874523958413036
9644,t,32.874523958413036,32.874523958413036
9645,c,32.874523958413036,32.874523958413036
9646,t,32.874523958413036,32.874523958413036
9647,c,5.756410846505348,14.209121073551376
9648,t,32.874523958413036,32.874523958413036
9649,t,32.874523958413036,32.874523958413036
9650,t,32.874523958413036,32.874523958413036
9651,t,32.874523958413036,32.874523958413036
9652,t,32.874523958413036,32.874523958413036
9653,c,32.874523958413036,32.874523958413036
9654,t,32.874523958413036,32.874523958413036
9655,c,32.874523958413036,32.874523958413036
9656,t,32.874523958413036,32.874523958413036
9657,t,32.874523958413036,32.874523958413036
9658,t,32.874523958413036,32.874523958413036
9659,c,32.874523958413036,32.874523958413036
9660,c,32.874523958413036,32.874523958413036
9661,c,32.874523958413036,32.874523958413036
9662,t,32.874523958413036,32.874523958413036
9663,c,32.874523958413036,32.874523958413036
9664,c,32.874523958413036,32.874523958413036
9665,t,32.874523958413036,32.874523958413036
9666,na,0.036689393085912785,9.99670052414014
9667,c,32.874523958413036,32.874523958413036
9668,na,1.7389462574327548,1.7784308292363158
9669,t,32.874523958413036,32.874523958413036
9670,t,32.874523958413036,32.874523958413036
9671,t,32.874523958413036,32.874523958413036
9672,t,32.874523958413036,32.874523958413036
9673,t,32.874523958413036,32.874523958413036
9674,c,32.874523958413036,32.874523958413036
9675,t,32.874523958413036,32.874523958413036
9676,t,32.874523958413036,32.874523958413036
9677,c,32.874523958413036,32.874523958413036
9678,t,32.874523958413036,32.874523958413036
9679,t,32.874523958413036,32.874523958413036
9680,t,32.874523958413036,32.874523958413036
9681,t,32.874523958413036,32.874523958413036
9682,t,32.874523958413036,32.874523958413036
9683,t,32.874523958413036,32.874523958413036
9684,c,32.874523958413036,32.874523958413036
9685,c,32.874523958413036,32.874523958413036
9686,c,32.874523958413036,32.874523958413036
9687,c,32.874523958413036,32.874523958413036
9688,t,32.874523958413036,32.874523958413036
9689,t,32.874523958413036,32.874523958413036
9690,t,32.874523958413036,32.874523958413036
9691,t,32.874523958413036,32.874523958413036
9692,c,32.874523958413036,32.874523958413036
9693,c,32.874523958413036,32.874523958413036
9694,c,32.874523958413036,32.874523958413036
9695,t,32.874523958413036,32.874523958413036
9696,t,32.874523958413036,32.874523958413036
9697,t,32.874523958413036,32.874523958413036
9698,t,32.874523958413036,32.874523958413036
9699,c,32.874523958413036,32.874523958413036
9700,t,32.874523958413036,32.874523958413036
9701,c,32.874523958413036,32.874523958413036
9702,t,32.874523958413036,32.874523958413036
9703,t,32.874523958413036,32.874523958413036
9704,c,32.874523958413036,32.874523958413036
9705,t,32.874523958413036,32.874523958413036
9706,c,32.874523958413036,32.874523958413036
9707,na,-1,0
9708,c,32.874523958413036,32.874523958413036
9709,t,32.874523958413036,32.874523958413036
9710,t,32.874523958413036,32.874523958413036
9711,c,32.874523958413036,32.874523958413036
9712,c,32.874523958413036,32.874523958413036
9713,c,32.874523958413036,32.874523958413036
9714,c,32.874523958413036,32.874523958413036
9715,t,32.874523958413036,32.874523958413036
9716,t,32.874523958413036,32.874523958413036
9717,c,32.874523958413036,32.874523958413036
9718,t,32.874523958413036,32.874523958413036
9719,c,32.874523958413036,32.874523958413036
9720,t,32.874523958413036,32.874523958413036
9721,t,32.874523958413036,32.874523958413036
9722,t,32.874523958413036,32.874523958413036
9723,c,32.874523958413036,32.874523958413036
9724,t,32.874523958413036,32.874523958413036
9725,t,32.874523958413036,32.874523958413036
9726,t,32.874523958413036,32.874523958413036
9727,t,32.874523958413036,32.874523958413036
9728,t,32.874523958413036,32.874523958413036
9729,t,32.874523958413036,32.874523958413036
9730,t,32.874523958413036,32.874523958413036
9731,c,32.874523958413036,32.874523958413036
9732,c,32.874523958413036,32.874523958413036
9733,t,32.874523958413036,32.874523958413036
9734,c,32.874523958413036,32.874523958413036
9735,t,32.874523958413036,32.874523958413036
9736,t,32.874523958413036,32.874523958413036
9737,t,32.874523958413036,32.874523958413036
9738,t,32.874523958413036,32.874523958413036
9739,c,32.874523958413036,32.874523958413036
9740,t,32.874523958413036,32.874523958413036
9741,c,32.874523958413036,32.874523958413036
9742,t,32.874523958413036,32.874523958413036
9743,c,32.874523958413036,32.874523958413036
9744,t,32.874523958413036,32.874523958413036
9745,c,32.874523958413036,32.874523958413036
9746,na,1.3475243012437388,7.246256353687016
9747,c,32.874523958413036,32.874523958413036
9748,t,32.874523958413036,32.874523958413036
9749,c,32.874523958413036,32.874523958413036
9750,t,32.874523958413036,32.874523958413036
9751,t,32.874523958413036,32.874523958413036
9752,c,32.874523958413036,32.874523958413036
9753,t,32.874523958413036,32.874523958413036
9754,t,32.874523958413036,32.874523958413036
9755,c,32.874523958413036,32.874523958413036
9756,t,32.874523958413036,32.874523958413036
9757,t,32.874523958413036,32.874523958413036
9758,t,32.874523958413036,32.874523958413036
9759,t,32.874523958413036,32.874523958413036
9760,c,32.874523958413036,32.874523958413036
9761,t,32.874523958413036,32.874523958413036
9762,c,32.874523958413036,32.874523958413036
9763,c,32.874523958413036,32.874523958413036
9764,t,32.874523958413036,32.874523958413036
9765,t,32.874523958413036,32.874523958413036
9766,c,32.874523958413036,32.874523958413036
9767,c,32.874523958413036,32.874523958413036
9768,t,32.874523958413036,32.874523958413036
9769,c,32.874523958413036,32.874523958413036
9770,c,32.874523958413036,32.874523958413036
9771,na,5.923992834009464,10.227349879305107
9772,t,32.874523958413036,32.874523958413036
9773,c,32.874523958413036,32.874523958413036
9774,c,32.874523958413036,32.874523958413036
9775,c,32.874523958413036,32.874523958413036
9776,t,32.874523958413036,32.874523958413036
9777,t,32.874523958413036,32.874523958413036
9778,c,32.874523958413036,32.874523958413036
9779,t,32.874523958413036,32.874523958413036
9780,t,32.874523958413036,32.874523958413036
9781,c,32.874523958413036,32.874523958413036
9782,t,32.874523958413036,32.874523958413036
9783,t,32.874523958413036,32.874523958413036
9784,t,32.874523958413036,32.874523958413036
9785,t,32.874523958413036,32.874523958413036
9786,t,32.874523958413036,32.874523958413036
9787,t,32.874523958413036,32.874523958413036
9788,t,32.874523958413036,32.874523958413036
9789,c,32.874523958413036,32.874523958413036
9790,c,32.874523958413036,32.874523958413036
9791,c,32.874523958413036,32.874523958413036
9792,c,32.874523958413036,32.874523958413036
9793,t,32.874523958413036,32.874523958413036
9794,t,32.874523958413036,32.874523958413036
9795,t,32.874523958413036,32.874523958413036
9796,c,32.874523958413036,32.874523958413036
9797,t,32.874523958413036,32.874523958413036
9798,c,32.874523958413036,32.874523958413036
9799,c,32.874523958413036,32.874523958413036
9800,c,32.874523958413036,32.874523958413036
9801,c,32.874523958413036,32.874523958413036
9802,c,32.874523958413036,32.874523958413036
9803,t,32.874523958413036,32.874523958413036
9804,c,32.874523958413036,32.874523958413036
9805,c,32.874523958413036,32.874523958413036
9806,t,32.874523958413036,32.874523958413036
9807,c,32.874523958413036,32.874523958413036
9808,c,32.874523958413036,32.874523958413036
9809,c,32.874523958413036,32.874523958413036
9810,t,32.874523958413036,32.874523958413036
9811,t,32.874523958413036,32.874523958413036
9812,t,32.874523958413036,32.874523958413036
9813,t,32.874523958413036,32.874523958413036
9814,c,32.874523958413036,32.874523958413036
9815,c,32.874523958413036,32.874523958413036
9816,c,32.874523958413036,32.874523958413036
9817,c,32.874523958413036,32.874523958413036
9818,t,32.874523958413036,32.874523958413036
9819,c,32.874523958413036,32.874523958413036
9820,c,32.874523958413036,32.874523958413036
9821,t,32.874523958413036,32.874523958413036
9822,t,32.874523958413036,32.874523958413036
9823,c,32.874523958413036,32.874523958413036
9824,t,32.874523958413036,32.874523958413036
9825,c,32.874523958413036,32.874523958413036
9826,t,32.874523958413036,32.874523958413036
9827,t,32.874523958413036,32.874523958413036
9828,t,32.874523958413036,32.874523958413036
9829,t,32.874523958413036,32.874523958413036
9830,c,32.874523958413036,32.874523958413036
9831,t,32.874523958413036,32.874523958413036
9832,c,32.874523958413036,32.874523958413036
9833,c,32.874523958413036,32.874523958413036
9834,c,32.874523958413036,32.874523958413036
9835,c,32.874523958413036,32.874523958413036
9836,c,32.874523958413036,32.874523958413036
9837,c,32.874523958413036,32.874523958413036
9838,c,32.874523958413036,32.874523958413036
9839,t,32.874523958413036,32.874523958413036
9840,c,32.874523958413036,32.874523958413036
9841,t,32.874523958413036,32.874523958413036
9842,t,32.874523958413036,32.874523958413036
9843,t,32.874523958413036,32.874523958413036
9844,t,32.874523958413036,32.874523958413036
9845,c,32.874523958413036,32.874523958413036
9846,t,32.874523958413036,32.874523958413036
9847,t,32.874523958413036,32.874523958413036
9848,c,32.874523958413036,32.874523958413036
9849,c,32.874523958413036,32.874523958413036
9850,t,32.874523958413036,32.874523958413036
9851,t,32.874523958413036,32.874523958413036
9852,t,32.874523958413036,32.874523958413036
9853,c,32.874523958413036,32.874523958413036
9854,c,32.874523958413036,32.874523958413036
9855,c,32.874523958413036,32.874523958413036
9856,c,32.874523958413036,32.874523958413036
9857,c,32.874523958413036,32.874523958413036
9858,c,32.874523958413036,32.874523958413036
9859,t,32.874523958413036,32.874523958413036
9860,c,32.874523958413036,32.874523958413036
9861,t,32.874523958413036,32.874523958413036
9862,t,32.874523958413036,32.874523958413036
9863,t,32.874523958413036,32.874523958413036
9864,c,32.874523958413036,32.874523958413036
9865,c,32.874523958413036,32.874523958413036
9866,t,32.874523958413036,32.874523958413036
9867,t,32.874523958413036,32.874523958413036
9868,t,32.874523958413036,32.874523958413036
9869,t,32.874523958413036,32.874523958413036
9870,t,32.874523958413036,32.874523958413036
9871,c,32.874523958413036,32.874523958413036
9872,c,32.874523958413036,32.874523958413036
9873,c,32.874523958413036,32.874523958413036
9874,c,32.874523958413036,32.874523958413036
9875,c,32.874523958413036,32.874523958413036
9876,t,32.874523958413036,32.874523958413036
9877,c,32.874523958413036,32.874523958413036
9878,t,32.874523958413036,32.874523958413036
9879,t,32.874523958413036,32.874523958413036
9880,c,32.874523958413036,32.874523958413036
9881,c,32.874523958413036,32.874523958413036
9882,t,32.874523958413036,32.874523958413036
9883,c,32.874523958413036,32.874523958413036
9884,t,32.874523958413036,32.874523958413036
9885,t,32.874523958413036,32.874523958413036
9886,c,32.874523958413036,32.874523958413036
9887,t,32.874523958413036,32.874523958413036
9888,c,32.874523958413036,32.874523958413036
9889,t,32.874523958413036,32.874523958413036
9890,t,32.874523958413036,32.874523958413036
9891,c,32.874523958413036,32.874523958413036
9892,c,32.874523958413036,32.874523958413036
9893,t,32.874523958413036,32.874523958413036
9894,c,32.874523958413036,32.874523958413036
9895,c,32.874523958413036,32.874523958413036
9896,c,32.874523958413036,32.874523958413036
9897,t,32.874523958413036,32.874523958413036
9898,c,32.874523958413036,32.874523958413036
9899,c,32.874523958413036,32.874523958413036
9900,c,32.874523958413036,32.874523958413036
9901,c,32.874523958413036,32.874523958413036
9902,c,32.874523958413036,32.874523958413036
9903,t,32.874523958413036,32.874523958413036
9904,c,32.874523958413036,32.874523958413036
9905,t,32.874523958413036,32.874523958413036
9906,t,32.874523958413036,32.874523958413036
9907,c,32.874523958413036,32.874523958413036
9908,t,32.874523958413036,32.874523958413036
9909,t,32.874523958413036,32.874523958413036
9910,c,32.874523958413036,32.874523958413036
9911,c,32.874523958413036,32.874523958413036
9912,t,32.874523958413036,32.874523958413036
9913,c,32.874523958413036,32.874523958413036
9914,t,32.874523958413036,32.874523958413036
9915,t,32.874523958413036,32.874523958413036
9916,t,32.874523958413036,32.874523958413036
9917,t,32.874523958413036,32.874523958413036
9918,c,32.874523958413036,32.874523958413036
9919,t,32.874523958413036,32.874523958413036
9920,c,32.874523958413036,32.874523958413036
9921,t,32.874523958413036,32.874523958413036
9922,t,32.874523958413036,32.874523958413036
9923,c,32.874523958413036,32.874523958413036
9924,t,32.874523958413036,32.874523958413036
9925,t,32.874523958413036,32.874523958413036
9926,t,32.874523958413036,32.874523958413036
9927,t,32.874523958413036,32.874523958413036
9928,c,32.874523958413036,32.874523958413036
9929,c,32.874523958413036,32.874523958413036
9930,c,32.874523958413036,32.874523958413036
9931,t,32.874523958413036,32.874523958413036
9932,c,32.874523958413036,32.874523958413036
9933,c,32.874523958413036,32.874523958413036
9934,c,32.874523958413036,32.874523958413036
9935,c,32.874523958413036,32.874523958413036
9936,c,32.874523958413036,32.874523958413036
9937,c,32.874523958413036,32.874523958413036
9938,c,32.874523958413036,32.874523958413036
9939,t,32.874523958413036,32.874523958413036
9940,t,32.874523958413036,32.874523958413036
9941,t,32.874523958413036,32.874523958413036
9942,c,32.874523958413036,32.874523958413036
9943,c,32.874523958413036,32.874523958413036
9944,t,32.874523958413036,32.874523958413036
9945,t,32.874523958413036,32.874523958413036
9946,t,32.874523958413036,32.874523958413036
9947,t,32.874523958413036,32.874523958413036
9948,c,32.874523958413036,32.874523958413036
9949,c,32.874523958413036,32.874523958413036
9950,t,32.874523958413036,32.874523958413036
9951,t,32.874523958413036,32.874523958413036
9952,t,32.874523958413036,32.874523958413036
9953,c,32.874523958413036,32.874523958413036
9954,t,32.874523958413036,32.874523958413036
9955,t,32.874523958413036,32.874523958413036
9956,c,32.874523958413036,32.874523958413036
9957,t,32.874523958413036,32.874523958413036
9958,c,32.874523958413036,32.874523958413036
9959,t,32.874523958413036,32.874523958413036
9960,c,7.920101854352194,9.010135798414867
9961,c,32.874523958413036,32.874523958413036
9962,c,32.874523958413036,32.874523958413036
9963,c,32.874523958413036,32.874523958413036
9964,t,32.874523958413036,32.874523958413036
9965,c,32.874523958413036,32.874523958413036
9966,t,32.874523958413036,32.874523958413036
9967,c,32.874523958413036,32.874523958413036
9968,c,32.874523958413036,32.874523958413036
9969,t,32.874523958413036,32.874523958413036
9970,t,32.874523958413036,32.874523958413036
9971,t,32.874523958413036,32.874523958413036
9972,t,32.874523958413036,32.874523958413036
9973,t,32.874523958413036,32.874523958413036
9974,t,32.874523958413036,32.874523958413036
9975,t,32.874523958413036,32.874523958413036
9976,c,32.874523958413036,32.874523958413036
9977,t,32.874523958413036,32.874523958413036
9978,c,32.874523958413036,32.874523958413036
9979,t,32.874523958413036,32.874523958413036
9980,t,32.874523958413036,32.874523958413036
9981,c,32.874523958413036,32.874523958413036
9982,c,32.874523958413036,32.874523958413036
9983,t,32.874523958413036,32.874523958413036
9984,c,32.874523958413036,32.874523958413036
9985,t,32.874523958413036,32.874523958413036
9986,t,32.874523958413036,32.874523958413036
9987,t,32.874523958413036,32.874523958413036
9988,c,32.874523958413036,32.874523958413036
9989,c,32.874523958413036,32.874523958413036
9990,t,32.874523958413036,32.874523958413036
9991,t,32.874523958413036,32.874523958413036
9992,t,32.874523958413036,32.874523958413036
9993,c,32.874523958413036,32.874523958413036
9994,c,32.874523958413036,32.874523958413036
9995,c,32.874523958413036,32.874523958413036
9996,c,32.874523958413036,32.874523958413036
9997,c,1.0213168486303692,4.399919058798245
9998,t,32.874523958413036,32.874523958413036
9999,c,1.2537545001825663,2.0122929293565663
