node, assignment, time2inf, time2death
0,na,-1,0
1,na,-1,0
2,na,0,0.24331362947192642
3,na,-1,0
4,c,80.58238517913394,80.58238517913394
5,t,80.58238517913394,80.58238517913394
6,c,26.339849010297065,29.7599414544439
7,c,20.265992450772906,23.285985512695476
8,c,55.28478279524799,57.52058387877448
9,c,26.350237151418856,33.00380060129324
10,c,25.928063568781404,26.375617192787757
11,c,14.668868937625112,22.647763232056764
12,c,80.58238517913394,80.58238517913394
13,c,34.60256940268452,41.922831301995046
14,t,28.14983610457366,34.322181953471556
15,c,45.96872952451057,60.2671465357815
16,c,80.58238517913394,80.58238517913394
17,t,80.58238517913394,80.58238517913394
18,c,80.58238517913394,80.58238517913394
19,c,31.055161594912075,32.795538366532675
20,c,80.58238517913394,80.58238517913394
21,c,13.445188718044092,17.13354159446015
22,c,80.58238517913394,80.58238517913394
23,c,29.785354306850525,30.255582348461438
24,c,80.58238517913394,80.58238517913394
25,c,80.58238517913394,80.58238517913394
26,t,80.58238517913394,80.58238517913394
27,t,44.38440736519169,53.70580035534813
28,t,80.58238517913394,80.58238517913394
29,c,34.41797819495642,43.64182127125925
30,c,37.70894333741892,42.3917747309009
31,t,80.58238517913394,80.58238517913394
32,c,80.58238517913394,80.58238517913394
33,c,80.58238517913394,80.58238517913394
34,c,55.49115381145244,58.64617471452049
35,c,34.507402236459285,53.31197182089615
36,t,33.54004255985664,34.264032264777754
37,c,80.58238517913394,80.58238517913394
38,c,80.58238517913394,80.58238517913394
39,c,80.58238517913394,80.58238517913394
40,c,12.576838683379844,15.474395895079835
41,c,42.11988951368385,45.10513750700882
42,t,34.40273299978979,43.38603621212599
43,c,51.29724008260762,55.00349956244256
44,c,45.334275285106266,63.68773756358345
45,c,27.86183008951081,27.986514702047728
46,c,33.52074677122749,35.36353596526213
47,c,80.58238517913394,80.58238517913394
48,c,80.58238517913394,80.58238517913394
49,c,33.22838422838676,36.842531431577385
50,t,80.58238517913394,80.58238517913394
51,c,18.351595946747434,21.72927006764855
52,c,53.919826343477176,58.298960820933196
53,c,80.58238517913394,80.58238517913394
54,c,22.421828255815505,22.827058191503806
55,c,18.217309494444375,22.119992891437423
56,c,13.229723612924165,14.124931846951792
57,c,21.45587760677125,80.58238517913394
58,c,80.58238517913394,80.58238517913394
59,c,25.03629649531111,29.19040132612163
60,c,80.58238517913394,80.58238517913394
61,c,80.58238517913394,80.58238517913394
62,c,36.79214320137519,42.8764409705229
63,c,32.38277181852915,40.94099625919795
64,t,29.8630624819523,33.742372743589826
65,c,80.58238517913394,80.58238517913394
66,c,80.58238517913394,80.58238517913394
67,c,19.15103099392598,24.775981412818755
68,c,37.81432470563624,43.43306473103011
69,c,29.44839546221687,30.13742229559789
70,t,80.58238517913394,80.58238517913394
71,c,22.54873148730914,23.119010150451857
72,c,80.58238517913394,80.58238517913394
73,c,48.78320680278995,50.690472995171504
74,t,80.58238517913394,80.58238517913394
75,c,38.78297234500625,46.72312110327149
76,c,80.58238517913394,80.58238517913394
77,c,80.58238517913394,80.58238517913394
78,c,80.58238517913394,80.58238517913394
79,t,80.58238517913394,80.58238517913394
80,c,80.58238517913394,80.58238517913394
81,c,13.642101283070266,38.8771174205816
82,c,80.58238517913394,80.58238517913394
83,c,59.77379417904089,61.045329373067254
84,c,33.49097724870171,34.142722719623606
85,c,36.65641744926643,38.455278299770974
86,c,21.259377821113794,22.754380299518317
87,c,80.58238517913394,80.58238517913394
88,c,13.598398689618145,23.435165022091688
89,c,40.505268711399225,46.75123478113317
90,c,80.58238517913394,80.58238517913394
91,c,25.288808008031065,31.08226078372771
92,c,80.58238517913394,80.58238517913394
93,c,36.92036854914858,38.54954840336293
94,c,17.27405725278238,30.043614305986015
95,t,21.506168161912765,21.96899836655582
96,c,37.204890413893416,38.98768344285142
97,c,54.057484293026306,60.83647062727452
98,c,28.28100320741534,38.37006043026731
99,c,41.29010036747477,57.70695340676924
100,c,16.492820866107174,17.503735358108564
101,t,80.58238517913394,80.58238517913394
102,c,17.22959910035436,17.82381811003271
103,c,52.04163929909196,58.93117144140207
104,t,80.58238517913394,80.58238517913394
105,c,25.093107196957575,26.514405826575622
106,t,45.32183062991047,46.60933924677785
107,c,80.58238517913394,80.58238517913394
108,t,42.58738774566488,47.69776259630766
109,c,45.9234749209039,46.87116008422233
110,c,24.73293030736078,25.46459505218703
111,c,58.027061265424344,64.18297136497974
112,c,25.5581638801183,30.776130437371833
113,c,80.58238517913394,80.58238517913394
114,t,25.988213533504368,29.68719264220302
115,t,80.58238517913394,80.58238517913394
116,c,80.58238517913394,80.58238517913394
117,t,80.58238517913394,80.58238517913394
118,c,35.25959468861599,41.55310321408534
119,c,80.58238517913394,80.58238517913394
120,t,80.58238517913394,80.58238517913394
121,c,80.58238517913394,80.58238517913394
122,c,48.590201997679536,53.75804255040915
123,c,80.58238517913394,80.58238517913394
124,c,80.58238517913394,80.58238517913394
125,c,80.58238517913394,80.58238517913394
126,c,80.58238517913394,80.58238517913394
127,c,21.831792398585847,27.206604476874613
128,c,80.58238517913394,80.58238517913394
129,t,80.58238517913394,80.58238517913394
130,c,33.96890644295979,36.116698147906064
131,c,80.58238517913394,80.58238517913394
132,c,49.861988912499875,50.70498454931424
133,c,58.215589970805716,64.53382321534707
134,na,1.1801372204487706,80.58238517913394
135,c,80.58238517913394,80.58238517913394
136,c,29.968426511253213,32.49291076410094
137,c,80.58238517913394,80.58238517913394
138,c,80.58238517913394,80.58238517913394
139,t,80.58238517913394,80.58238517913394
140,t,80.58238517913394,80.58238517913394
141,c,80.58238517913394,80.58238517913394
142,c,21.69020787944887,29.371718131054607
143,c,27.46693585334101,35.13263574797551
144,c,80.58238517913394,80.58238517913394
145,c,80.58238517913394,80.58238517913394
146,c,46.04522409420438,50.97037019933294
147,c,17.15045919775626,19.465805360890137
148,t,80.58238517913394,80.58238517913394
149,t,80.58238517913394,80.58238517913394
150,c,80.58238517913394,80.58238517913394
151,c,80.58238517913394,80.58238517913394
152,c,27.119696124058656,31.974851641086886
153,c,31.908996245526026,45.94215760828064
154,c,31.00038930906683,46.2844181347907
155,c,14.661611141642389,20.3683462796951
156,t,80.58238517913394,80.58238517913394
157,t,80.58238517913394,80.58238517913394
158,c,80.58238517913394,80.58238517913394
159,c,80.58238517913394,80.58238517913394
160,c,80.58238517913394,80.58238517913394
161,c,80.58238517913394,80.58238517913394
162,c,30.334784590086546,41.7857061937655
163,c,20.548699473382037,22.076552672738988
164,c,20.449696271159613,21.728180929347943
165,c,49.450197214316155,51.62356203626527
166,c,14.744501604362585,15.178278676375097
167,c,30.645670830232802,31.06136038843369
168,c,25.637517819031963,29.517823230523437
169,t,80.58238517913394,80.58238517913394
170,c,80.58238517913394,80.58238517913394
171,c,80.58238517913394,80.58238517913394
172,t,80.58238517913394,80.58238517913394
173,c,80.58238517913394,80.58238517913394
174,c,80.58238517913394,80.58238517913394
175,c,80.58238517913394,80.58238517913394
176,t,51.623285373300234,52.89429866205247
177,c,80.58238517913394,80.58238517913394
178,c,46.47416848439178,47.12413461342641
179,c,80.58238517913394,80.58238517913394
180,c,25.03236612198184,26.116441827278884
181,c,80.58238517913394,80.58238517913394
182,t,49.44331478491927,55.16453177538709
183,c,17.60908570680933,22.178757568680517
184,t,80.58238517913394,80.58238517913394
185,c,80.58238517913394,80.58238517913394
186,c,43.94058986032395,55.31538333632327
187,c,80.58238517913394,80.58238517913394
188,c,80.58238517913394,80.58238517913394
189,c,25.535971611940354,32.55457583239643
190,c,80.58238517913394,80.58238517913394
191,c,23.2353773324671,23.740418026093586
192,c,80.58238517913394,80.58238517913394
193,t,80.58238517913394,80.58238517913394
194,c,80.58238517913394,80.58238517913394
195,t,80.58238517913394,80.58238517913394
196,c,80.58238517913394,80.58238517913394
197,c,80.58238517913394,80.58238517913394
198,c,80.58238517913394,80.58238517913394
199,c,55.47240924498192,56.869458468419836
200,c,35.11632956986782,46.11206401676385
201,c,80.58238517913394,80.58238517913394
202,c,80.58238517913394,80.58238517913394
203,c,3.197967673108656,10.990430559874335
204,c,50.47703596237391,56.03713427779589
205,c,33.828453453189205,35.966286194087175
206,t,13.437901559204542,33.89902530765715
207,c,80.58238517913394,80.58238517913394
208,c,80.58238517913394,80.58238517913394
209,c,17.052515346379586,24.653044777954822
210,c,80.58238517913394,80.58238517913394
211,c,80.58238517913394,80.58238517913394
212,c,30.340048305276948,32.47550370497008
213,c,44.09130275445446,45.02860555303952
214,c,80.58238517913394,80.58238517913394
215,c,27.042581874156397,28.38889465727523
216,c,40.48929929856859,43.48841732173248
217,t,80.58238517913394,80.58238517913394
218,c,57.59802215627595,68.24889115132923
219,c,24.764702275221833,26.29256660779687
220,c,13.435724492744878,15.491074227966745
221,c,80.58238517913394,80.58238517913394
222,c,30.12860954510665,31.988390675728134
223,c,80.58238517913394,80.58238517913394
224,c,17.95827964709587,25.09493174635624
225,t,26.26090208961982,29.252375092783474
226,c,46.7100201815141,50.44516312739882
227,c,33.14892906081054,39.848055301959555
228,c,66.32139590924638,68.8374088276502
229,c,80.58238517913394,80.58238517913394
230,t,80.58238517913394,80.58238517913394
231,c,30.500012124129437,34.459613568545855
232,t,22.533427531351627,80.58238517913394
233,c,25.509376016391798,30.406743147578126
234,t,80.58238517913394,80.58238517913394
235,c,25.21027656279704,32.54954678227118
236,c,11.847933554618312,12.753136214180516
237,t,80.58238517913394,80.58238517913394
238,c,80.58238517913394,80.58238517913394
239,c,80.58238517913394,80.58238517913394
240,c,19.272389640975565,21.084669257559852
241,t,80.58238517913394,80.58238517913394
242,t,80.58238517913394,80.58238517913394
243,c,80.58238517913394,80.58238517913394
244,c,80.58238517913394,80.58238517913394
245,t,36.6115079738718,41.81696683275057
246,c,80.58238517913394,80.58238517913394
247,c,19.324947054931723,20.022832333816606
248,t,80.58238517913394,80.58238517913394
249,t,18.14823420681721,18.408733956234517
250,c,42.36555953484833,43.81829163513006
251,c,44.40681503029609,45.449679785645905
252,t,33.82373218614663,35.100070878582635
253,c,80.58238517913394,80.58238517913394
254,c,80.58238517913394,80.58238517913394
255,t,80.58238517913394,80.58238517913394
256,c,45.29465872629028,51.18137606631772
257,c,80.58238517913394,80.58238517913394
258,c,37.543941959134834,39.75280610341987
259,c,80.58238517913394,80.58238517913394
260,c,16.554482753093218,17.609782938261098
261,c,80.58238517913394,80.58238517913394
262,c,15.62286813283629,17.51497034276229
263,t,80.58238517913394,80.58238517913394
264,c,80.58238517913394,80.58238517913394
265,c,58.90163342823202,65.65205367960264
266,c,43.66001399882293,50.7318719701906
267,c,56.796293053023966,58.351207063348255
268,c,38.33393115979763,39.76875935340518
269,c,29.941157001241972,31.608211624567605
270,t,80.58238517913394,80.58238517913394
271,c,72.26949963446258,76.34770427644348
272,c,7.9552989755724,8.411617613479478
273,c,80.58238517913394,80.58238517913394
274,c,44.83531126434109,46.747819731404235
275,c,80.58238517913394,80.58238517913394
276,t,80.58238517913394,80.58238517913394
277,c,29.239995213065644,38.16374093018588
278,t,40.25838283855177,44.04382026464392
279,na,0,6.099785598916229
280,c,80.58238517913394,80.58238517913394
281,t,80.58238517913394,80.58238517913394
282,c,21.851382280950837,80.58238517913394
283,c,28.5477626211273,29.93043171815732
284,c,80.58238517913394,80.58238517913394
285,c,80.58238517913394,80.58238517913394
286,t,80.58238517913394,80.58238517913394
287,c,23.807839559091715,27.837941444514005
288,c,55.17756409815759,58.50070633038352
289,c,80.58238517913394,80.58238517913394
290,c,80.58238517913394,80.58238517913394
291,c,24.95674384229839,25.388937809064064
292,c,43.3828051742131,50.179263545515866
293,c,31.01917254641429,35.09486402054416
294,c,29.794049870280322,33.92837247765148
295,c,38.862430844712655,80.58238517913394
296,t,17.53364442521279,33.238377679365925
297,c,80.58238517913394,80.58238517913394
298,c,80.58238517913394,80.58238517913394
299,c,80.58238517913394,80.58238517913394
300,c,27.53452524403896,39.624704508552135
301,c,80.58238517913394,80.58238517913394
302,c,56.137705557532215,58.556419583373916
303,c,45.40432396871919,49.25085822287019
304,c,80.58238517913394,80.58238517913394
305,c,80.58238517913394,80.58238517913394
306,c,72.30674252001876,79.59090884878013
307,c,80.58238517913394,80.58238517913394
308,t,2.8085173611952716,4.188793554278018
309,c,80.58238517913394,80.58238517913394
310,t,80.58238517913394,80.58238517913394
311,c,21.966760836924404,25.695770485428447
312,c,31.921149633904623,37.606274894494646
313,t,30.06712704831761,35.2422942550307
314,c,80.58238517913394,80.58238517913394
315,c,80.58238517913394,80.58238517913394
316,c,28.930083096380983,30.944132814685737
317,c,80.58238517913394,80.58238517913394
318,t,80.58238517913394,80.58238517913394
319,c,14.89835931413255,15.47235418619019
320,c,34.99379740998796,50.584365031368826
321,c,80.58238517913394,80.58238517913394
322,c,80.58238517913394,80.58238517913394
323,c,80.58238517913394,80.58238517913394
324,c,72.82246804983693,73.03718429887428
325,c,80.58238517913394,80.58238517913394
326,c,42.99100421662713,55.520441894397
327,c,80.58238517913394,80.58238517913394
328,t,80.58238517913394,80.58238517913394
329,c,80.58238517913394,80.58238517913394
330,c,47.55698398437027,51.97440460777421
331,c,22.395955214442786,24.43929564121401
332,t,60.99984989388663,65.82553393330465
333,c,65.27119262763826,65.74444656177349
334,c,47.71943756313755,56.11338928741701
335,t,80.58238517913394,80.58238517913394
336,t,80.58238517913394,80.58238517913394
337,t,80.58238517913394,80.58238517913394
338,c,80.58238517913394,80.58238517913394
339,c,25.946856651487508,30.07599044162927
340,c,25.432565293843464,25.4684243182891
341,c,80.58238517913394,80.58238517913394
342,c,80.58238517913394,80.58238517913394
343,t,80.58238517913394,80.58238517913394
344,c,56.212217445125326,56.6295166908239
345,c,35.69940631227257,80.58238517913394
346,c,80.58238517913394,80.58238517913394
347,c,23.821793949164007,23.85199582665639
348,c,20.10539049677128,38.86300598753724
349,c,80.58238517913394,80.58238517913394
350,c,80.58238517913394,80.58238517913394
351,c,24.071611084407955,25.144719459236992
352,c,80.58238517913394,80.58238517913394
353,c,35.3911364762919,37.561673759871546
354,t,59.150011126736814,65.10785040395385
355,c,21.780041315935073,24.06563412209518
356,c,80.58238517913394,80.58238517913394
357,c,38.24280931213486,47.08952239998089
358,c,24.338194842661903,26.875270687144354
359,c,25.508740700506078,80.58238517913394
360,c,13.893006634701203,18.92216134214197
361,c,80.58238517913394,80.58238517913394
362,c,80.58238517913394,80.58238517913394
363,c,80.58238517913394,80.58238517913394
364,c,10.796700399606994,26.093257334177487
365,c,19.88050289764265,22.495984219724768
366,c,80.58238517913394,80.58238517913394
367,c,80.58238517913394,80.58238517913394
368,c,80.58238517913394,80.58238517913394
369,c,31.26243891510745,34.721810163182774
370,na,0,0.3352198374372389
371,t,41.92145277571625,43.70119474978961
372,c,80.58238517913394,80.58238517913394
373,c,80.58238517913394,80.58238517913394
374,c,29.278218072306363,31.902992038428756
375,t,44.56819804134367,46.763825867398154
376,t,80.58238517913394,80.58238517913394
377,c,25.78709988638401,27.010571406943395
378,c,41.74330668152587,47.94414058912722
379,c,80.58238517913394,80.58238517913394
380,c,52.43099364162148,53.33042033418504
381,c,80.58238517913394,80.58238517913394
382,c,80.58238517913394,80.58238517913394
383,c,16.26810590185023,16.274992545368463
384,c,80.58238517913394,80.58238517913394
385,c,20.368597247269314,20.80265093587341
386,c,80.58238517913394,80.58238517913394
387,c,80.58238517913394,80.58238517913394
388,c,80.58238517913394,80.58238517913394
389,c,80.58238517913394,80.58238517913394
390,c,80.58238517913394,80.58238517913394
391,c,8.860980541011694,15.745098901727278
392,c,43.11472256508113,51.318790429605826
393,c,19.92007559570473,22.26687292789273
394,c,80.58238517913394,80.58238517913394
395,c,80.58238517913394,80.58238517913394
396,c,26.78812888295617,28.630374612883678
397,c,30.79759587461745,31.945285216088678
398,c,80.58238517913394,80.58238517913394
399,c,63.85214146548082,64.56355574140855
400,c,44.10954781217918,51.871479670306115
401,c,25.481421850900524,26.89229423485024
402,c,80.58238517913394,80.58238517913394
403,c,80.58238517913394,80.58238517913394
404,c,80.58238517913394,80.58238517913394
405,c,38.23027488654647,38.693813341555376
406,c,80.58238517913394,80.58238517913394
407,t,80.58238517913394,80.58238517913394
408,t,80.58238517913394,80.58238517913394
409,c,25.47492317382723,25.93821268722383
410,c,25.450929998860342,80.58238517913394
411,c,80.58238517913394,80.58238517913394
412,c,41.53826800291662,49.62517532723341
413,c,31.636858941060797,37.29939693945613
414,c,47.90393005666203,64.65004985908745
415,c,80.58238517913394,80.58238517913394
416,c,80.58238517913394,80.58238517913394
417,c,80.58238517913394,80.58238517913394
418,c,16.991520785951508,22.521984614742145
419,c,80.58238517913394,80.58238517913394
420,t,40.5602918751186,43.44378325144597
421,t,80.58238517913394,80.58238517913394
422,t,80.58238517913394,80.58238517913394
423,c,80.58238517913394,80.58238517913394
424,c,80.58238517913394,80.58238517913394
425,c,26.07512204320567,30.725664525353977
426,c,80.58238517913394,80.58238517913394
427,c,23.727578982388533,28.33037433812921
428,t,80.58238517913394,80.58238517913394
429,t,80.58238517913394,80.58238517913394
430,c,36.78501396964335,41.61623701932787
431,c,80.58238517913394,80.58238517913394
432,c,80.58238517913394,80.58238517913394
433,c,80.58238517913394,80.58238517913394
434,c,80.58238517913394,80.58238517913394
435,c,18.407158625216738,25.68896778948106
436,t,80.58238517913394,80.58238517913394
437,c,34.3961361414953,35.33593112307897
438,c,28.05811885741559,34.896510146475805
439,c,53.27906103291367,62.412042237530706
440,c,80.58238517913394,80.58238517913394
441,t,80.58238517913394,80.58238517913394
442,c,80.58238517913394,80.58238517913394
443,t,80.58238517913394,80.58238517913394
444,c,41.80755971872508,45.86569102314999
445,c,75.4633617317052,75.70809748854366
446,c,24.79599541491912,50.17414851756213
447,c,21.691144954951277,21.842756060339344
448,c,31.499589143171143,34.70369685097674
449,t,57.59381869268885,58.32289876005426
450,c,80.58238517913394,80.58238517913394
451,c,80.58238517913394,80.58238517913394
452,c,20.786664050397796,80.58238517913394
453,c,80.58238517913394,80.58238517913394
454,c,23.709438358138947,29.255846679073215
455,c,62.274967972369026,64.09211657829904
456,c,80.58238517913394,80.58238517913394
457,c,40.04293144544244,43.375402660057524
458,c,45.294711243567995,46.75695963735295
459,c,17.053980305915726,18.579193880173882
460,c,80.58238517913394,80.58238517913394
461,c,80.58238517913394,80.58238517913394
462,c,55.98451897649259,57.11146498424194
463,t,31.180755423826007,31.594678269878138
464,c,36.43757326947889,36.84843060801717
465,c,46.06498862274392,48.804179539953005
466,t,26.931878145382917,31.576076532289772
467,c,80.58238517913394,80.58238517913394
468,c,15.932993633568179,25.877473801932368
469,c,25.638592658691266,29.426858161215538
470,c,9.68501376933359,16.80971943206426
471,c,14.627208934048484,15.534816151823476
472,na,2.1127500468865064,9.951600140705171
473,t,80.58238517913394,80.58238517913394
474,t,80.58238517913394,80.58238517913394
475,c,80.58238517913394,80.58238517913394
476,c,80.58238517913394,80.58238517913394
477,c,20.405403181754302,54.26251688755847
478,t,80.58238517913394,80.58238517913394
479,c,80.58238517913394,80.58238517913394
480,c,75.08984128514433,75.18152295548639
481,c,80.58238517913394,80.58238517913394
482,c,80.58238517913394,80.58238517913394
483,c,46.700031477929535,53.394550290497264
484,c,50.75776512814055,52.1827899454729
485,c,80.58238517913394,80.58238517913394
486,c,28.70978952297295,33.42272533858112
487,c,31.602105854735655,34.15476351122311
488,c,39.19353581847205,46.54544703635137
489,c,23.392920899029967,28.83822013574787
490,t,80.58238517913394,80.58238517913394
491,c,21.028130786884873,22.95086358100504
492,c,61.136931759684494,62.08286173311722
493,t,80.58238517913394,80.58238517913394
494,c,80.58238517913394,80.58238517913394
495,t,14.250860859693441,80.58238517913394
496,c,53.317913412755324,60.12535141141115
497,t,80.58238517913394,80.58238517913394
498,c,21.34822245810333,27.41165674539916
499,c,80.58238517913394,80.58238517913394
500,t,80.58238517913394,80.58238517913394
501,t,80.58238517913394,80.58238517913394
502,c,80.58238517913394,80.58238517913394
503,c,80.58238517913394,80.58238517913394
504,c,28.618472464419597,30.255838130360218
505,c,27.33458996402254,28.629433358319307
506,c,80.58238517913394,80.58238517913394
507,c,80.58238517913394,80.58238517913394
508,c,80.58238517913394,80.58238517913394
509,c,24.785678396532848,80.58238517913394
510,c,80.58238517913394,80.58238517913394
511,c,29.887036151778535,30.42637115302556
512,c,26.349483796416155,28.316737719877043
513,c,80.58238517913394,80.58238517913394
514,c,80.58238517913394,80.58238517913394
515,c,19.473265609875508,20.31715738200938
516,c,80.58238517913394,80.58238517913394
517,c,80.58238517913394,80.58238517913394
518,c,9.351673866399809,9.805314180672552
519,c,38.935483259520694,80.58238517913394
520,c,80.58238517913394,80.58238517913394
521,c,39.24682171478868,44.838311123717546
522,c,18.20226578715146,24.70175420295227
523,t,33.98415211060822,36.56599037867628
524,c,80.58238517913394,80.58238517913394
525,c,80.58238517913394,80.58238517913394
526,t,80.58238517913394,80.58238517913394
527,c,34.507909295963515,36.8445399077153
528,t,80.58238517913394,80.58238517913394
529,c,20.494188489168334,23.260225253164528
530,c,27.087150008503254,27.851562274553643
531,c,80.58238517913394,80.58238517913394
532,c,80.58238517913394,80.58238517913394
533,t,80.58238517913394,80.58238517913394
534,t,80.58238517913394,80.58238517913394
535,c,24.25911884716231,24.36633883341652
536,c,80.58238517913394,80.58238517913394
537,c,31.610144833869427,34.10358376894699
538,c,47.913738510855,50.58603683860544
539,t,80.58238517913394,80.58238517913394
540,c,80.58238517913394,80.58238517913394
541,c,80.58238517913394,80.58238517913394
542,c,80.58238517913394,80.58238517913394
543,t,37.07467957495456,38.00484357635119
544,c,80.58238517913394,80.58238517913394
545,c,80.58238517913394,80.58238517913394
546,c,17.42172027201295,19.785713310407534
547,c,80.58238517913394,80.58238517913394
548,c,80.58238517913394,80.58238517913394
549,c,22.660651604283967,22.75862654639647
550,c,12.339587804839736,14.312060207453433
551,t,80.58238517913394,80.58238517913394
552,c,23.85448935619141,38.300856516291546
553,t,80.58238517913394,80.58238517913394
554,c,23.224967763667518,27.748833061046707
555,c,42.583052930134066,61.731107674454606
556,t,80.58238517913394,80.58238517913394
557,c,8.771284169813573,9.924702970572685
558,na,2.2968201958512635,3.903435565784342
559,c,45.213146647351614,47.69784989672647
560,c,22.573061690558838,31.258024353436426
561,c,80.58238517913394,80.58238517913394
562,c,52.49395477936479,54.910283265780826
563,c,80.58238517913394,80.58238517913394
564,t,80.58238517913394,80.58238517913394
565,c,15.416913601740703,18.90002478410197
566,c,80.58238517913394,80.58238517913394
567,na,8.190770495452236,80.58238517913394
568,c,27.571079460286217,30.78332533395232
569,c,80.58238517913394,80.58238517913394
570,c,80.58238517913394,80.58238517913394
571,c,20.594048212771835,26.7128921005643
572,c,80.58238517913394,80.58238517913394
573,c,80.58238517913394,80.58238517913394
574,na,1.32947837522994,2.3410622773653564
575,c,35.71542209785325,37.63823266423108
576,t,80.58238517913394,80.58238517913394
577,c,38.67284997001122,80.58238517913394
578,c,32.2409430591792,37.7387325677619
579,c,21.750583398428073,29.099337900983212
580,c,80.58238517913394,80.58238517913394
581,c,21.17972257497646,23.345140964355828
582,c,57.605203960851995,60.236077835349974
583,c,31.340846122802663,44.4038415701708
584,t,80.58238517913394,80.58238517913394
585,c,80.58238517913394,80.58238517913394
586,c,30.69433658229467,31.09300835418987
587,c,38.46643266001387,39.86871990205927
588,c,80.58238517913394,80.58238517913394
589,c,23.69128744380989,35.132620024037394
590,c,17.568015553270985,21.010125378805924
591,c,80.58238517913394,80.58238517913394
592,c,80.58238517913394,80.58238517913394
593,c,9.448667591269286,12.635498630471266
594,c,28.862999526568792,31.655008426813836
595,t,80.58238517913394,80.58238517913394
596,c,22.642513689814322,26.790442677071674
597,c,21.022145694667692,23.608739050051366
598,c,78.82579629747367,80.58238517913394
599,c,24.256527319745356,26.786599295209246
600,c,80.58238517913394,80.58238517913394
601,na,4.458700189558232,80.58238517913394
602,c,80.58238517913394,80.58238517913394
603,c,80.58238517913394,80.58238517913394
604,t,80.58238517913394,80.58238517913394
605,c,26.86772518016556,28.845823986054196
606,t,80.58238517913394,80.58238517913394
607,t,23.809937066281208,32.93929191290338
608,t,80.58238517913394,80.58238517913394
609,t,80.58238517913394,80.58238517913394
610,c,9.39159445729968,34.69342346140997
611,c,11.196815175260799,13.52209560296676
612,c,25.38254769215929,26.511662871442507
613,c,80.58238517913394,80.58238517913394
614,c,24.04050089310852,37.71658928055347
615,t,37.0985278063085,39.92892782339151
616,t,80.58238517913394,80.58238517913394
617,t,80.58238517913394,80.58238517913394
618,c,80.58238517913394,80.58238517913394
619,c,57.43563351318558,62.7758357203666
620,t,80.58238517913394,80.58238517913394
621,t,80.58238517913394,80.58238517913394
622,c,80.58238517913394,80.58238517913394
623,c,80.58238517913394,80.58238517913394
624,c,16.506804578698084,16.9655682113562
625,c,80.58238517913394,80.58238517913394
626,c,80.58238517913394,80.58238517913394
627,c,44.9720465875386,47.594328628041275
628,c,42.28770389894668,52.07565700761156
629,t,80.58238517913394,80.58238517913394
630,c,36.77899007204786,45.58211545976995
631,t,80.58238517913394,80.58238517913394
632,c,80.58238517913394,80.58238517913394
633,t,80.58238517913394,80.58238517913394
634,c,33.39567702849799,36.007379655207515
635,c,80.58238517913394,80.58238517913394
636,c,80.58238517913394,80.58238517913394
637,c,80.58238517913394,80.58238517913394
638,t,80.58238517913394,80.58238517913394
639,t,80.58238517913394,80.58238517913394
640,c,80.58238517913394,80.58238517913394
641,c,25.340295339674633,25.36982684215759
642,c,80.58238517913394,80.58238517913394
643,c,80.58238517913394,80.58238517913394
644,c,80.58238517913394,80.58238517913394
645,c,40.712069635253194,41.244201546992805
646,c,80.58238517913394,80.58238517913394
647,c,34.29920170285232,80.58238517913394
648,c,26.297343549735537,28.3258336572001
649,c,49.21642919436812,64.2040561305878
650,c,80.58238517913394,80.58238517913394
651,c,80.58238517913394,80.58238517913394
652,c,28.979861728561318,29.81184300586438
653,c,80.58238517913394,80.58238517913394
654,c,16.715675717046977,20.451410880740564
655,c,80.58238517913394,80.58238517913394
656,c,80.58238517913394,80.58238517913394
657,t,80.58238517913394,80.58238517913394
658,c,36.79393395746564,37.86810671971233
659,t,80.58238517913394,80.58238517913394
660,c,20.119414408187794,24.68888363794727
661,c,80.58238517913394,80.58238517913394
662,t,80.58238517913394,80.58238517913394
663,t,80.58238517913394,80.58238517913394
664,c,37.22852349634051,43.248021971060126
665,c,22.42190357420952,25.946448061151212
666,c,25.639695444036022,28.674079889189112
667,t,35.5497773872263,36.03692691366817
668,c,28.22343678337468,28.41294256565954
669,c,14.301037374070647,17.121312293677523
670,c,23.843210621918576,29.21134472244882
671,c,80.58238517913394,80.58238517913394
672,c,80.58238517913394,80.58238517913394
673,t,29.42305561247342,29.809385690903415
674,c,17.41702128950756,23.448784505824843
675,c,16.317314070694646,17.47863678317961
676,t,80.58238517913394,80.58238517913394
677,c,80.58238517913394,80.58238517913394
678,c,80.58238517913394,80.58238517913394
679,c,80.58238517913394,80.58238517913394
680,t,80.58238517913394,80.58238517913394
681,t,80.58238517913394,80.58238517913394
682,na,-1,0
683,c,80.58238517913394,80.58238517913394
684,c,80.58238517913394,80.58238517913394
685,t,80.58238517913394,80.58238517913394
686,c,36.54121086005083,38.400484613541735
687,c,47.08497756149861,52.87348339705948
688,c,80.58238517913394,80.58238517913394
689,c,80.58238517913394,80.58238517913394
690,c,36.065095840007274,41.15998644494789
691,c,19.16447749330323,80.58238517913394
692,c,80.58238517913394,80.58238517913394
693,c,80.58238517913394,80.58238517913394
694,t,66.19280060195754,72.50787616174135
695,t,80.58238517913394,80.58238517913394
696,c,27.930571268851608,27.988690276800703
697,c,80.58238517913394,80.58238517913394
698,c,40.24272920767093,42.03016081263229
699,c,80.58238517913394,80.58238517913394
700,c,80.58238517913394,80.58238517913394
701,c,21.981980303879812,36.281479477928805
702,c,34.69163377924319,34.82892502563676
703,c,26.407406756170488,80.58238517913394
704,c,19.98504543565075,20.46270683173303
705,c,38.49341775579997,40.49100920867264
706,t,80.58238517913394,80.58238517913394
707,c,22.55557338597199,32.20569631187547
708,c,18.67938196262968,20.204826664610742
709,t,80.58238517913394,80.58238517913394
710,c,80.58238517913394,80.58238517913394
711,t,80.58238517913394,80.58238517913394
712,c,15.570001090402734,16.346495986425698
713,c,35.5977370843987,80.58238517913394
714,c,37.810241549755006,41.86411450165792
715,t,80.58238517913394,80.58238517913394
716,c,80.58238517913394,80.58238517913394
717,c,80.58238517913394,80.58238517913394
718,t,41.75247071453011,50.896336049580476
719,c,12.470422550006354,19.636728518135328
720,t,26.94944969189995,27.119660916652844
721,t,61.4495104684108,62.58923598380827
722,c,80.58238517913394,80.58238517913394
723,c,80.58238517913394,80.58238517913394
724,c,80.58238517913394,80.58238517913394
725,c,17.634507268681947,24.488373024424575
726,c,26.013645052202257,34.76827411066246
727,c,21.15824001268737,23.796306889297554
728,c,80.58238517913394,80.58238517913394
729,c,80.58238517913394,80.58238517913394
730,c,80.58238517913394,80.58238517913394
731,c,36.84029491236244,47.08221820040815
732,c,80.58238517913394,80.58238517913394
733,c,80.58238517913394,80.58238517913394
734,c,38.950658394827855,39.46354319465893
735,c,80.58238517913394,80.58238517913394
736,c,8.668821472193317,23.974015941671567
737,t,80.58238517913394,80.58238517913394
738,t,39.22005439329022,43.17849516312587
739,c,18.382205731172867,27.514075669134705
740,c,80.58238517913394,80.58238517913394
741,t,80.58238517913394,80.58238517913394
742,c,50.07408478286312,55.09510685606924
743,c,21.71417782779767,29.820932193887966
744,c,80.58238517913394,80.58238517913394
745,t,80.58238517913394,80.58238517913394
746,na,6.398918734139101,16.891285252740158
747,c,20.81646115514687,22.829415480439938
748,c,21.5675575077552,25.87072928082532
749,t,32.3690018270042,33.78163124522259
750,c,80.58238517913394,80.58238517913394
751,c,20.584138174853777,21.533132095585742
752,c,80.58238517913394,80.58238517913394
753,c,46.429006960969126,57.73936768180132
754,t,80.58238517913394,80.58238517913394
755,c,80.58238517913394,80.58238517913394
756,c,80.58238517913394,80.58238517913394
757,c,17.611767136430025,21.72842924430648
758,c,22.506131829286197,25.095176641294454
759,c,80.58238517913394,80.58238517913394
760,t,51.59894390210688,53.783443158683404
761,c,19.620894260242324,22.855248626354946
762,c,50.766479811007706,51.572960322723894
763,c,24.60858062961536,26.826035065231526
764,t,60.159032314351506,60.58654834489357
765,c,21.173400712100392,23.629203489356236
766,c,49.41211042265061,51.391080390021145
767,t,80.58238517913394,80.58238517913394
768,c,80.58238517913394,80.58238517913394
769,c,27.678066844537465,38.21335294137535
770,c,80.58238517913394,80.58238517913394
771,c,80.58238517913394,80.58238517913394
772,t,80.58238517913394,80.58238517913394
773,t,80.58238517913394,80.58238517913394
774,c,25.862588976147084,27.269015149351738
775,c,10.739210339063499,80.58238517913394
776,c,80.58238517913394,80.58238517913394
777,c,44.26228091672864,48.4483893600339
778,c,80.58238517913394,80.58238517913394
779,c,26.539290652564162,28.71923248678729
780,c,80.58238517913394,80.58238517913394
781,c,30.19894433751211,34.04180109405771
782,c,80.58238517913394,80.58238517913394
783,t,80.58238517913394,80.58238517913394
784,t,80.58238517913394,80.58238517913394
785,c,80.58238517913394,80.58238517913394
786,c,10.342575174340894,80.58238517913394
787,c,80.58238517913394,80.58238517913394
788,c,36.29202279023448,47.167802006509035
789,c,35.315183412605585,37.120672707811195
790,c,80.58238517913394,80.58238517913394
791,c,28.478920380803263,31.424957870938886
792,c,80.58238517913394,80.58238517913394
793,c,62.3102833598932,65.25732669132506
794,c,80.58238517913394,80.58238517913394
795,t,80.58238517913394,80.58238517913394
796,c,80.58238517913394,80.58238517913394
797,c,80.58238517913394,80.58238517913394
798,c,80.58238517913394,80.58238517913394
799,c,80.58238517913394,80.58238517913394
800,t,80.58238517913394,80.58238517913394
801,c,27.51795892914412,28.484534658881135
802,c,80.58238517913394,80.58238517913394
803,t,80.58238517913394,80.58238517913394
804,c,80.58238517913394,80.58238517913394
805,t,80.58238517913394,80.58238517913394
806,c,80.58238517913394,80.58238517913394
807,c,80.58238517913394,80.58238517913394
808,c,80.58238517913394,80.58238517913394
809,c,80.58238517913394,80.58238517913394
810,c,80.58238517913394,80.58238517913394
811,c,21.79590942774852,34.73619272096208
812,t,36.07638997753157,43.83228461336244
813,c,42.75330780039454,44.97918909033324
814,c,28.461240388277787,30.067045999264728
815,c,80.58238517913394,80.58238517913394
816,c,80.58238517913394,80.58238517913394
817,c,80.58238517913394,80.58238517913394
818,c,10.842440443935866,12.845319466018791
819,c,80.58238517913394,80.58238517913394
820,c,80.58238517913394,80.58238517913394
821,c,80.58238517913394,80.58238517913394
822,c,4.6984822114415445,11.384402478737467
823,t,80.58238517913394,80.58238517913394
824,t,80.58238517913394,80.58238517913394
825,c,80.58238517913394,80.58238517913394
826,c,24.392107674418362,80.58238517913394
827,c,80.58238517913394,80.58238517913394
828,c,80.58238517913394,80.58238517913394
829,c,80.58238517913394,80.58238517913394
830,c,80.58238517913394,80.58238517913394
831,c,52.41018009446525,60.34303415438128
832,c,23.45594040811523,26.597704179657022
833,c,80.58238517913394,80.58238517913394
834,c,21.264630529336625,23.56010613545311
835,c,80.58238517913394,80.58238517913394
836,c,29.48539704256913,29.56150430980106
837,c,80.58238517913394,80.58238517913394
838,c,80.58238517913394,80.58238517913394
839,c,25.956409514118874,35.28025982288472
840,c,80.58238517913394,80.58238517913394
841,c,29.326960433639528,31.045252640104174
842,t,28.998995027704414,32.051679970717025
843,c,80.58238517913394,80.58238517913394
844,t,80.58238517913394,80.58238517913394
845,c,80.58238517913394,80.58238517913394
846,t,80.58238517913394,80.58238517913394
847,c,80.58238517913394,80.58238517913394
848,t,80.58238517913394,80.58238517913394
849,c,22.28632386840627,36.17647049750475
850,c,11.207943157896127,11.743821144730383
851,t,80.58238517913394,80.58238517913394
852,c,43.22455405177056,52.12639061589142
853,t,48.350134754982115,54.04412375667003
854,c,80.58238517913394,80.58238517913394
855,t,46.32156739278836,49.25245933526575
856,c,37.91518997442659,59.535789813472185
857,c,80.58238517913394,80.58238517913394
858,c,80.58238517913394,80.58238517913394
859,c,80.58238517913394,80.58238517913394
860,c,27.851344107848075,32.95169016669761
861,c,45.74677741987404,46.11153385862637
862,c,80.58238517913394,80.58238517913394
863,c,30.36189604635087,31.009341494716345
864,c,24.684022757041017,25.33015226583622
865,c,44.368506474625846,80.58238517913394
866,c,80.58238517913394,80.58238517913394
867,c,80.58238517913394,80.58238517913394
868,c,80.58238517913394,80.58238517913394
869,c,80.58238517913394,80.58238517913394
870,c,12.691360629148807,20.398573716271688
871,c,20.16055702385185,23.945418700833564
872,c,80.58238517913394,80.58238517913394
873,t,44.562732512847816,45.9398946634065
874,c,22.465528059916807,22.782944862126943
875,c,24.262000913289974,24.892705687561975
876,t,80.58238517913394,80.58238517913394
877,t,80.58238517913394,80.58238517913394
878,c,12.642811340259033,14.023674780076583
879,t,30.269239126955867,30.972778495228738
880,c,66.74219169783154,68.75010170678128
881,t,80.58238517913394,80.58238517913394
882,c,80.58238517913394,80.58238517913394
883,t,80.58238517913394,80.58238517913394
884,c,45.65004584561672,47.99383836442627
885,c,27.65231139713009,29.063898505278612
886,c,32.721482143507714,33.190818990570705
887,c,29.869953330965007,37.86785627873134
888,c,32.77462705626303,37.54722874949345
889,c,49.3466016710379,80.58238517913394
890,c,31.38576466963229,43.25096133337557
891,t,80.58238517913394,80.58238517913394
892,c,15.288385079384787,25.208577188503146
893,c,80.58238517913394,80.58238517913394
894,t,9.107268792557905,9.44609605429475
895,c,80.58238517913394,80.58238517913394
896,c,15.358394898411444,18.62337795997966
897,c,80.58238517913394,80.58238517913394
898,c,28.63151936921443,28.822884918673186
899,c,21.565088634954293,31.09504260961526
900,c,80.58238517913394,80.58238517913394
901,c,14.869059608984724,16.647486646505975
902,c,16.39778301761862,17.032251656775923
903,t,52.08692043338297,80.58238517913394
904,c,80.58238517913394,80.58238517913394
905,c,24.564703640839472,25.977799682258798
906,c,33.10980288608991,33.8432625373525
907,c,30.22775089273181,34.418434929437225
908,c,40.55068404216451,42.43274459856345
909,c,80.58238517913394,80.58238517913394
910,c,80.58238517913394,80.58238517913394
911,c,49.56193923417128,52.57963288463426
912,c,59.79478424451622,64.89895756028154
913,t,80.58238517913394,80.58238517913394
914,c,29.8688224025427,31.19461788826213
915,c,31.14405299579927,32.56088734924439
916,c,29.308279388227756,32.61735967691638
917,c,80.58238517913394,80.58238517913394
918,na,6.50668912702412,10.580676000801843
919,c,30.457963937725694,30.647977967150222
920,c,44.02993042070347,45.74659568943854
921,c,38.11601240035755,44.463175219212296
922,c,80.58238517913394,80.58238517913394
923,t,18.18114955598516,18.717607870122357
924,t,80.58238517913394,80.58238517913394
925,c,80.58238517913394,80.58238517913394
926,t,43.90616148349843,53.66010871960691
927,t,80.58238517913394,80.58238517913394
928,t,36.10196485077903,51.51182460926966
929,c,29.40324205338362,80.58238517913394
930,c,36.68663351916895,43.72941195029793
931,c,80.58238517913394,80.58238517913394
932,c,80.58238517913394,80.58238517913394
933,c,16.230629649676203,17.428173658273753
934,c,80.58238517913394,80.58238517913394
935,c,80.58238517913394,80.58238517913394
936,c,30.46525380104217,32.463991599834735
937,c,34.14500080178092,37.65094075436101
938,c,80.58238517913394,80.58238517913394
939,c,80.58238517913394,80.58238517913394
940,na,-1,0
941,t,80.58238517913394,80.58238517913394
942,c,80.58238517913394,80.58238517913394
943,c,20.583576873097712,22.715810203702834
944,c,80.58238517913394,80.58238517913394
945,c,44.11297092819292,44.1497745178574
946,c,80.58238517913394,80.58238517913394
947,t,80.58238517913394,80.58238517913394
948,t,80.58238517913394,80.58238517913394
949,c,80.58238517913394,80.58238517913394
950,c,41.44704329715478,51.19687019360547
951,c,80.58238517913394,80.58238517913394
952,c,80.58238517913394,80.58238517913394
953,t,80.58238517913394,80.58238517913394
954,t,80.58238517913394,80.58238517913394
955,c,80.58238517913394,80.58238517913394
956,c,80.58238517913394,80.58238517913394
957,t,80.58238517913394,80.58238517913394
958,c,16.696817362964367,22.038536774658187
959,c,23.877333214145505,25.979751844021177
960,c,24.45291869147672,24.58558017972899
961,c,12.65678983007896,18.429773102693154
962,c,34.11778019695756,36.45449679526365
963,na,0,9.455793523320633
964,c,80.58238517913394,80.58238517913394
965,c,80.58238517913394,80.58238517913394
966,c,46.570335525600534,47.0354513270206
967,c,80.58238517913394,80.58238517913394
968,c,36.05304798799265,44.54681117543504
969,c,38.18080474073451,40.15526923626331
970,t,80.58238517913394,80.58238517913394
971,c,80.58238517913394,80.58238517913394
972,c,80.58238517913394,80.58238517913394
973,c,80.58238517913394,80.58238517913394
974,t,80.58238517913394,80.58238517913394
975,c,32.439151298151835,33.63490610131558
976,c,35.582078164603615,37.1160842037338
977,c,80.58238517913394,80.58238517913394
978,c,80.58238517913394,80.58238517913394
979,c,80.58238517913394,80.58238517913394
980,t,80.58238517913394,80.58238517913394
981,c,80.58238517913394,80.58238517913394
982,c,30.954472795836267,37.17415631085957
983,c,14.627755270879605,20.55857207799765
984,c,80.58238517913394,80.58238517913394
985,c,80.58238517913394,80.58238517913394
986,t,80.58238517913394,80.58238517913394
987,c,22.181788529504594,26.950165407069235
988,c,80.58238517913394,80.58238517913394
989,c,80.58238517913394,80.58238517913394
990,t,80.58238517913394,80.58238517913394
991,t,80.58238517913394,80.58238517913394
992,c,80.58238517913394,80.58238517913394
993,c,70.45546050822749,75.30332953319926
994,t,31.31960718461357,31.869804463041007
995,c,80.58238517913394,80.58238517913394
996,c,80.58238517913394,80.58238517913394
997,c,32.734467779062676,38.533680647897995
998,c,80.58238517913394,80.58238517913394
999,c,80.58238517913394,80.58238517913394
