node, assignment, time2inf, time2death
0,na,-1,0
1,na,-1,0
2,na,-1,0
3,na,0,7.661912581408792
4,c,29.783444359637507,29.783444359637507
5,t,29.783444359637507,29.783444359637507
6,c,29.783444359637507,29.783444359637507
7,c,29.783444359637507,29.783444359637507
8,t,29.783444359637507,29.783444359637507
9,c,29.783444359637507,29.783444359637507
10,t,29.783444359637507,29.783444359637507
11,na,0.17577471096473274,4.341029456980615
12,c,29.783444359637507,29.783444359637507
13,t,29.783444359637507,29.783444359637507
14,c,29.783444359637507,29.783444359637507
15,t,29.783444359637507,29.783444359637507
16,c,29.783444359637507,29.783444359637507
17,t,29.783444359637507,29.783444359637507
18,t,29.783444359637507,29.783444359637507
19,t,29.783444359637507,29.783444359637507
20,t,29.783444359637507,29.783444359637507
21,t,29.783444359637507,29.783444359637507
22,c,29.783444359637507,29.783444359637507
23,c,29.783444359637507,29.783444359637507
24,t,29.783444359637507,29.783444359637507
25,c,29.783444359637507,29.783444359637507
26,c,29.783444359637507,29.783444359637507
27,t,29.783444359637507,29.783444359637507
28,t,29.783444359637507,29.783444359637507
29,t,29.783444359637507,29.783444359637507
30,c,29.783444359637507,29.783444359637507
31,t,29.783444359637507,29.783444359637507
32,na,-1,0
33,na,26.67518660246338,29.783444359637507
34,t,29.783444359637507,29.783444359637507
35,c,29.783444359637507,29.783444359637507
36,t,29.783444359637507,29.783444359637507
37,c,29.783444359637507,29.783444359637507
38,c,29.783444359637507,29.783444359637507
39,t,29.783444359637507,29.783444359637507
40,t,29.783444359637507,29.783444359637507
41,t,29.783444359637507,29.783444359637507
42,t,29.783444359637507,29.783444359637507
43,c,29.783444359637507,29.783444359637507
44,c,29.783444359637507,29.783444359637507
45,t,29.783444359637507,29.783444359637507
46,t,29.783444359637507,29.783444359637507
47,c,29.783444359637507,29.783444359637507
48,c,29.783444359637507,29.783444359637507
49,t,29.783444359637507,29.783444359637507
50,c,29.783444359637507,29.783444359637507
51,t,29.783444359637507,29.783444359637507
52,t,29.783444359637507,29.783444359637507
53,t,29.783444359637507,29.783444359637507
54,t,29.783444359637507,29.783444359637507
55,c,29.783444359637507,29.783444359637507
56,t,29.783444359637507,29.783444359637507
57,na,0,17.3992947914901
58,t,29.783444359637507,29.783444359637507
59,t,29.783444359637507,29.783444359637507
60,t,29.783444359637507,29.783444359637507
61,c,29.783444359637507,29.783444359637507
62,t,29.783444359637507,29.783444359637507
63,t,29.783444359637507,29.783444359637507
64,c,29.783444359637507,29.783444359637507
65,c,29.783444359637507,29.783444359637507
66,c,29.783444359637507,29.783444359637507
67,c,29.783444359637507,29.783444359637507
68,c,29.783444359637507,29.783444359637507
69,t,29.783444359637507,29.783444359637507
70,c,29.783444359637507,29.783444359637507
71,t,29.783444359637507,29.783444359637507
72,c,29.783444359637507,29.783444359637507
73,c,29.783444359637507,29.783444359637507
74,t,29.783444359637507,29.783444359637507
75,t,29.783444359637507,29.783444359637507
76,t,29.783444359637507,29.783444359637507
77,t,29.783444359637507,29.783444359637507
78,c,29.783444359637507,29.783444359637507
79,c,29.783444359637507,29.783444359637507
80,c,29.783444359637507,29.783444359637507
81,t,29.783444359637507,29.783444359637507
82,c,29.783444359637507,29.783444359637507
83,t,29.783444359637507,29.783444359637507
84,t,29.783444359637507,29.783444359637507
85,t,29.783444359637507,29.783444359637507
86,t,29.783444359637507,29.783444359637507
87,c,29.783444359637507,29.783444359637507
88,t,29.783444359637507,29.783444359637507
89,c,29.783444359637507,29.783444359637507
90,c,29.783444359637507,29.783444359637507
91,t,29.783444359637507,29.783444359637507
92,c,29.783444359637507,29.783444359637507
93,t,29.783444359637507,29.783444359637507
94,t,29.783444359637507,29.783444359637507
95,t,29.783444359637507,29.783444359637507
96,t,29.783444359637507,29.783444359637507
97,c,29.783444359637507,29.783444359637507
98,c,29.783444359637507,29.783444359637507
99,t,29.783444359637507,29.783444359637507
100,t,29.783444359637507,29.783444359637507
101,t,29.783444359637507,29.783444359637507
102,t,29.783444359637507,29.783444359637507
103,t,29.783444359637507,29.783444359637507
104,c,29.783444359637507,29.783444359637507
105,t,29.783444359637507,29.783444359637507
106,c,29.783444359637507,29.783444359637507
107,c,29.783444359637507,29.783444359637507
108,c,29.783444359637507,29.783444359637507
109,c,29.783444359637507,29.783444359637507
110,t,29.783444359637507,29.783444359637507
111,t,29.783444359637507,29.783444359637507
112,t,29.783444359637507,29.783444359637507
113,t,29.783444359637507,29.783444359637507
114,t,29.783444359637507,29.783444359637507
115,c,29.783444359637507,29.783444359637507
116,t,29.783444359637507,29.783444359637507
117,c,29.783444359637507,29.783444359637507
118,t,29.783444359637507,29.783444359637507
119,t,29.783444359637507,29.783444359637507
120,c,29.783444359637507,29.783444359637507
121,t,29.783444359637507,29.783444359637507
122,t,29.783444359637507,29.783444359637507
123,c,29.783444359637507,29.783444359637507
124,t,29.783444359637507,29.783444359637507
125,t,29.783444359637507,29.783444359637507
126,c,29.783444359637507,29.783444359637507
127,c,29.783444359637507,29.783444359637507
128,c,29.783444359637507,29.783444359637507
129,t,29.783444359637507,29.783444359637507
130,t,29.783444359637507,29.783444359637507
131,t,29.783444359637507,29.783444359637507
132,c,29.783444359637507,29.783444359637507
133,t,29.783444359637507,29.783444359637507
134,c,29.783444359637507,29.783444359637507
135,t,29.783444359637507,29.783444359637507
136,t,29.783444359637507,29.783444359637507
137,c,29.783444359637507,29.783444359637507
138,c,29.783444359637507,29.783444359637507
139,t,29.783444359637507,29.783444359637507
140,c,29.783444359637507,29.783444359637507
141,t,29.783444359637507,29.783444359637507
142,c,29.783444359637507,29.783444359637507
143,c,29.783444359637507,29.783444359637507
144,c,29.783444359637507,29.783444359637507
145,t,29.783444359637507,29.783444359637507
146,c,29.783444359637507,29.783444359637507
147,t,29.783444359637507,29.783444359637507
148,t,29.783444359637507,29.783444359637507
149,c,29.783444359637507,29.783444359637507
150,c,29.783444359637507,29.783444359637507
151,c,29.783444359637507,29.783444359637507
152,t,29.783444359637507,29.783444359637507
153,t,29.783444359637507,29.783444359637507
154,t,29.783444359637507,29.783444359637507
155,t,29.783444359637507,29.783444359637507
156,t,29.783444359637507,29.783444359637507
157,c,29.783444359637507,29.783444359637507
158,c,29.783444359637507,29.783444359637507
159,t,29.783444359637507,29.783444359637507
160,c,29.783444359637507,29.783444359637507
161,t,29.783444359637507,29.783444359637507
162,c,29.783444359637507,29.783444359637507
163,c,29.783444359637507,29.783444359637507
164,c,29.783444359637507,29.783444359637507
165,t,29.783444359637507,29.783444359637507
166,c,29.783444359637507,29.783444359637507
167,c,29.783444359637507,29.783444359637507
168,c,29.783444359637507,29.783444359637507
169,c,29.783444359637507,29.783444359637507
170,t,29.783444359637507,29.783444359637507
171,t,29.783444359637507,29.783444359637507
172,t,29.783444359637507,29.783444359637507
173,t,29.783444359637507,29.783444359637507
174,c,29.783444359637507,29.783444359637507
175,c,29.783444359637507,29.783444359637507
176,c,29.783444359637507,29.783444359637507
177,c,29.783444359637507,29.783444359637507
178,c,29.783444359637507,29.783444359637507
179,c,29.783444359637507,29.783444359637507
180,c,29.783444359637507,29.783444359637507
181,t,29.783444359637507,29.783444359637507
182,t,29.783444359637507,29.783444359637507
183,t,29.783444359637507,29.783444359637507
184,t,29.783444359637507,29.783444359637507
185,t,29.783444359637507,29.783444359637507
186,t,29.783444359637507,29.783444359637507
187,t,29.783444359637507,29.783444359637507
188,c,29.783444359637507,29.783444359637507
189,c,29.783444359637507,29.783444359637507
190,t,29.783444359637507,29.783444359637507
191,c,29.783444359637507,29.783444359637507
192,t,29.783444359637507,29.783444359637507
193,t,29.783444359637507,29.783444359637507
194,t,29.783444359637507,29.783444359637507
195,c,29.783444359637507,29.783444359637507
196,t,29.783444359637507,29.783444359637507
197,c,29.783444359637507,29.783444359637507
198,c,29.783444359637507,29.783444359637507
199,t,29.783444359637507,29.783444359637507
200,t,29.783444359637507,29.783444359637507
201,c,29.783444359637507,29.783444359637507
202,t,29.783444359637507,29.783444359637507
203,t,29.783444359637507,29.783444359637507
204,t,29.783444359637507,29.783444359637507
205,c,29.783444359637507,29.783444359637507
206,t,29.783444359637507,29.783444359637507
207,t,29.783444359637507,29.783444359637507
208,c,29.783444359637507,29.783444359637507
209,t,29.783444359637507,29.783444359637507
210,c,29.783444359637507,29.783444359637507
211,t,29.783444359637507,29.783444359637507
212,c,29.783444359637507,29.783444359637507
213,c,29.783444359637507,29.783444359637507
214,t,29.783444359637507,29.783444359637507
215,t,29.783444359637507,29.783444359637507
216,c,29.783444359637507,29.783444359637507
217,c,29.783444359637507,29.783444359637507
218,t,29.783444359637507,29.783444359637507
219,t,29.783444359637507,29.783444359637507
220,t,29.783444359637507,29.783444359637507
221,t,29.783444359637507,29.783444359637507
222,t,29.783444359637507,29.783444359637507
223,c,29.783444359637507,29.783444359637507
224,c,29.783444359637507,29.783444359637507
225,t,29.783444359637507,29.783444359637507
226,t,29.783444359637507,29.783444359637507
227,t,29.783444359637507,29.783444359637507
228,c,29.783444359637507,29.783444359637507
229,c,29.783444359637507,29.783444359637507
230,t,29.783444359637507,29.783444359637507
231,na,1.2146699417075353,2.5454280705593084
232,t,29.783444359637507,29.783444359637507
233,t,29.783444359637507,29.783444359637507
234,c,29.783444359637507,29.783444359637507
235,t,29.783444359637507,29.783444359637507
236,c,29.783444359637507,29.783444359637507
237,t,29.783444359637507,29.783444359637507
238,t,29.783444359637507,29.783444359637507
239,c,29.783444359637507,29.783444359637507
240,t,29.783444359637507,29.783444359637507
241,t,29.783444359637507,29.783444359637507
242,c,29.783444359637507,29.783444359637507
243,t,29.783444359637507,29.783444359637507
244,t,29.783444359637507,29.783444359637507
245,t,29.783444359637507,29.783444359637507
246,t,29.783444359637507,29.783444359637507
247,c,29.783444359637507,29.783444359637507
248,t,29.783444359637507,29.783444359637507
249,c,29.783444359637507,29.783444359637507
250,c,29.783444359637507,29.783444359637507
251,c,29.783444359637507,29.783444359637507
252,c,29.783444359637507,29.783444359637507
253,t,29.783444359637507,29.783444359637507
254,t,29.783444359637507,29.783444359637507
255,t,29.783444359637507,29.783444359637507
256,c,29.783444359637507,29.783444359637507
257,t,29.783444359637507,29.783444359637507
258,t,29.783444359637507,29.783444359637507
259,c,29.783444359637507,29.783444359637507
260,t,29.783444359637507,29.783444359637507
261,c,29.783444359637507,29.783444359637507
262,t,29.783444359637507,29.783444359637507
263,t,29.783444359637507,29.783444359637507
264,na,0,29.783444359637507
265,c,29.783444359637507,29.783444359637507
266,t,29.783444359637507,29.783444359637507
267,t,29.783444359637507,29.783444359637507
268,t,29.783444359637507,29.783444359637507
269,t,29.783444359637507,29.783444359637507
270,t,29.783444359637507,29.783444359637507
271,c,29.783444359637507,29.783444359637507
272,c,29.783444359637507,29.783444359637507
273,c,29.783444359637507,29.783444359637507
274,c,29.783444359637507,29.783444359637507
275,t,29.783444359637507,29.783444359637507
276,c,29.783444359637507,29.783444359637507
277,c,29.783444359637507,29.783444359637507
278,c,29.783444359637507,29.783444359637507
279,t,29.783444359637507,29.783444359637507
280,t,29.783444359637507,29.783444359637507
281,t,29.783444359637507,29.783444359637507
282,c,29.783444359637507,29.783444359637507
283,t,29.783444359637507,29.783444359637507
284,c,29.783444359637507,29.783444359637507
285,t,29.783444359637507,29.783444359637507
286,c,29.783444359637507,29.783444359637507
287,c,29.783444359637507,29.783444359637507
288,t,29.783444359637507,29.783444359637507
289,t,29.783444359637507,29.783444359637507
290,t,29.783444359637507,29.783444359637507
291,t,29.783444359637507,29.783444359637507
292,c,29.783444359637507,29.783444359637507
293,c,29.783444359637507,29.783444359637507
294,c,29.783444359637507,29.783444359637507
295,t,29.783444359637507,29.783444359637507
296,c,29.783444359637507,29.783444359637507
297,c,29.783444359637507,29.783444359637507
298,t,29.783444359637507,29.783444359637507
299,c,29.783444359637507,29.783444359637507
300,c,29.783444359637507,29.783444359637507
301,c,29.783444359637507,29.783444359637507
302,c,29.783444359637507,29.783444359637507
303,c,29.783444359637507,29.783444359637507
304,t,29.783444359637507,29.783444359637507
305,t,29.783444359637507,29.783444359637507
306,c,29.783444359637507,29.783444359637507
307,c,29.783444359637507,29.783444359637507
308,t,29.783444359637507,29.783444359637507
309,c,29.783444359637507,29.783444359637507
310,c,29.783444359637507,29.783444359637507
311,t,29.783444359637507,29.783444359637507
312,c,29.783444359637507,29.783444359637507
313,c,29.783444359637507,29.783444359637507
314,t,29.783444359637507,29.783444359637507
315,c,29.783444359637507,29.783444359637507
316,c,29.783444359637507,29.783444359637507
317,c,29.783444359637507,29.783444359637507
318,c,29.783444359637507,29.783444359637507
319,t,29.783444359637507,29.783444359637507
320,c,29.783444359637507,29.783444359637507
321,c,29.783444359637507,29.783444359637507
322,t,29.783444359637507,29.783444359637507
323,c,29.783444359637507,29.783444359637507
324,t,29.783444359637507,29.783444359637507
325,c,29.783444359637507,29.783444359637507
326,c,29.783444359637507,29.783444359637507
327,t,29.783444359637507,29.783444359637507
328,c,29.783444359637507,29.783444359637507
329,t,29.783444359637507,29.783444359637507
330,c,29.783444359637507,29.783444359637507
331,t,29.783444359637507,29.783444359637507
332,t,29.783444359637507,29.783444359637507
333,t,29.783444359637507,29.783444359637507
334,t,29.783444359637507,29.783444359637507
335,c,29.783444359637507,29.783444359637507
336,t,29.783444359637507,29.783444359637507
337,t,29.783444359637507,29.783444359637507
338,c,29.783444359637507,29.783444359637507
339,c,29.783444359637507,29.783444359637507
340,t,29.783444359637507,29.783444359637507
341,c,29.783444359637507,29.783444359637507
342,c,29.783444359637507,29.783444359637507
343,c,29.783444359637507,29.783444359637507
344,t,29.783444359637507,29.783444359637507
345,t,29.783444359637507,29.783444359637507
346,c,29.783444359637507,29.783444359637507
347,c,29.783444359637507,29.783444359637507
348,c,29.783444359637507,29.783444359637507
349,c,29.783444359637507,29.783444359637507
350,t,29.783444359637507,29.783444359637507
351,c,29.783444359637507,29.783444359637507
352,c,29.783444359637507,29.783444359637507
353,t,29.783444359637507,29.783444359637507
354,c,29.783444359637507,29.783444359637507
355,c,29.783444359637507,29.783444359637507
356,t,29.783444359637507,29.783444359637507
357,t,29.783444359637507,29.783444359637507
358,c,29.783444359637507,29.783444359637507
359,t,29.783444359637507,29.783444359637507
360,c,29.783444359637507,29.783444359637507
361,t,29.783444359637507,29.783444359637507
362,t,29.783444359637507,29.783444359637507
363,c,29.783444359637507,29.783444359637507
364,c,29.783444359637507,29.783444359637507
365,t,29.783444359637507,29.783444359637507
366,t,29.783444359637507,29.783444359637507
367,c,29.783444359637507,29.783444359637507
368,t,29.783444359637507,29.783444359637507
369,t,29.783444359637507,29.783444359637507
370,t,29.783444359637507,29.783444359637507
371,t,29.783444359637507,29.783444359637507
372,c,29.783444359637507,29.783444359637507
373,t,29.783444359637507,29.783444359637507
374,c,29.783444359637507,29.783444359637507
375,t,29.783444359637507,29.783444359637507
376,c,29.783444359637507,29.783444359637507
377,c,29.783444359637507,29.783444359637507
378,c,29.783444359637507,29.783444359637507
379,c,29.783444359637507,29.783444359637507
380,t,29.783444359637507,29.783444359637507
381,c,29.783444359637507,29.783444359637507
382,t,29.783444359637507,29.783444359637507
383,c,29.783444359637507,29.783444359637507
384,t,29.783444359637507,29.783444359637507
385,c,29.783444359637507,29.783444359637507
386,c,29.783444359637507,29.783444359637507
387,c,29.783444359637507,29.783444359637507
388,c,29.783444359637507,29.783444359637507
389,c,29.783444359637507,29.783444359637507
390,c,29.783444359637507,29.783444359637507
391,t,29.783444359637507,29.783444359637507
392,c,29.783444359637507,29.783444359637507
393,c,29.783444359637507,29.783444359637507
394,c,29.783444359637507,29.783444359637507
395,t,29.783444359637507,29.783444359637507
396,t,29.783444359637507,29.783444359637507
397,t,29.783444359637507,29.783444359637507
398,t,29.783444359637507,29.783444359637507
399,c,29.783444359637507,29.783444359637507
400,t,29.783444359637507,29.783444359637507
401,c,29.783444359637507,29.783444359637507
402,c,29.783444359637507,29.783444359637507
403,t,29.783444359637507,29.783444359637507
404,t,29.783444359637507,29.783444359637507
405,t,29.783444359637507,29.783444359637507
406,c,29.783444359637507,29.783444359637507
407,c,29.783444359637507,29.783444359637507
408,t,29.783444359637507,29.783444359637507
409,c,29.783444359637507,29.783444359637507
410,c,29.783444359637507,29.783444359637507
411,t,29.783444359637507,29.783444359637507
412,t,29.783444359637507,29.783444359637507
413,t,29.783444359637507,29.783444359637507
414,c,29.783444359637507,29.783444359637507
415,c,29.783444359637507,29.783444359637507
416,c,29.783444359637507,29.783444359637507
417,c,29.783444359637507,29.783444359637507
418,c,29.783444359637507,29.783444359637507
419,c,29.783444359637507,29.783444359637507
420,c,29.783444359637507,29.783444359637507
421,t,29.783444359637507,29.783444359637507
422,t,29.783444359637507,29.783444359637507
423,c,29.783444359637507,29.783444359637507
424,t,29.783444359637507,29.783444359637507
425,c,29.783444359637507,29.783444359637507
426,c,29.783444359637507,29.783444359637507
427,c,29.783444359637507,29.783444359637507
428,c,29.783444359637507,29.783444359637507
429,t,29.783444359637507,29.783444359637507
430,c,29.783444359637507,29.783444359637507
431,t,29.783444359637507,29.783444359637507
432,t,29.783444359637507,29.783444359637507
433,c,29.783444359637507,29.783444359637507
434,t,29.783444359637507,29.783444359637507
435,c,29.783444359637507,29.783444359637507
436,t,29.783444359637507,29.783444359637507
437,t,29.783444359637507,29.783444359637507
438,t,29.783444359637507,29.783444359637507
439,c,29.783444359637507,29.783444359637507
440,t,29.783444359637507,29.783444359637507
441,c,29.783444359637507,29.783444359637507
442,t,29.783444359637507,29.783444359637507
443,c,29.783444359637507,29.783444359637507
444,t,29.783444359637507,29.783444359637507
445,c,29.783444359637507,29.783444359637507
446,c,29.783444359637507,29.783444359637507
447,c,29.783444359637507,29.783444359637507
448,t,29.783444359637507,29.783444359637507
449,t,29.783444359637507,29.783444359637507
450,t,29.783444359637507,29.783444359637507
451,c,29.783444359637507,29.783444359637507
452,t,29.783444359637507,29.783444359637507
453,c,29.783444359637507,29.783444359637507
454,t,29.783444359637507,29.783444359637507
455,t,29.783444359637507,29.783444359637507
456,t,29.783444359637507,29.783444359637507
457,t,29.783444359637507,29.783444359637507
458,c,29.783444359637507,29.783444359637507
459,c,29.783444359637507,29.783444359637507
460,c,29.783444359637507,29.783444359637507
461,t,29.783444359637507,29.783444359637507
462,c,29.783444359637507,29.783444359637507
463,t,29.783444359637507,29.783444359637507
464,t,29.783444359637507,29.783444359637507
465,c,29.783444359637507,29.783444359637507
466,c,29.783444359637507,29.783444359637507
467,na,-1,0
468,t,29.783444359637507,29.783444359637507
469,c,29.783444359637507,29.783444359637507
470,c,29.783444359637507,29.783444359637507
471,t,29.783444359637507,29.783444359637507
472,c,29.783444359637507,29.783444359637507
473,c,29.783444359637507,29.783444359637507
474,t,29.783444359637507,29.783444359637507
475,c,29.783444359637507,29.783444359637507
476,t,29.783444359637507,29.783444359637507
477,c,29.783444359637507,29.783444359637507
478,t,29.783444359637507,29.783444359637507
479,c,29.783444359637507,29.783444359637507
480,c,29.783444359637507,29.783444359637507
481,t,29.783444359637507,29.783444359637507
482,c,29.783444359637507,29.783444359637507
483,t,29.783444359637507,29.783444359637507
484,c,29.783444359637507,29.783444359637507
485,t,29.783444359637507,29.783444359637507
486,c,29.783444359637507,29.783444359637507
487,t,29.783444359637507,29.783444359637507
488,t,29.783444359637507,29.783444359637507
489,c,29.783444359637507,29.783444359637507
490,c,29.783444359637507,29.783444359637507
491,t,29.783444359637507,29.783444359637507
492,t,29.783444359637507,29.783444359637507
493,t,29.783444359637507,29.783444359637507
494,c,29.783444359637507,29.783444359637507
495,c,29.783444359637507,29.783444359637507
496,t,29.783444359637507,29.783444359637507
497,t,29.783444359637507,29.783444359637507
498,c,29.783444359637507,29.783444359637507
499,t,29.783444359637507,29.783444359637507
500,t,29.783444359637507,29.783444359637507
501,t,29.783444359637507,29.783444359637507
502,t,29.783444359637507,29.783444359637507
503,t,29.783444359637507,29.783444359637507
504,c,29.783444359637507,29.783444359637507
505,t,29.783444359637507,29.783444359637507
506,t,29.783444359637507,29.783444359637507
507,t,29.783444359637507,29.783444359637507
508,c,29.783444359637507,29.783444359637507
509,c,29.783444359637507,29.783444359637507
510,c,29.783444359637507,29.783444359637507
511,c,29.783444359637507,29.783444359637507
512,c,29.783444359637507,29.783444359637507
513,c,29.783444359637507,29.783444359637507
514,t,29.783444359637507,29.783444359637507
515,c,29.783444359637507,29.783444359637507
516,t,29.783444359637507,29.783444359637507
517,c,29.783444359637507,29.783444359637507
518,c,29.783444359637507,29.783444359637507
519,c,29.783444359637507,29.783444359637507
520,c,29.783444359637507,29.783444359637507
521,t,29.783444359637507,29.783444359637507
522,c,29.783444359637507,29.783444359637507
523,c,29.783444359637507,29.783444359637507
524,c,29.783444359637507,29.783444359637507
525,c,29.783444359637507,29.783444359637507
526,t,29.783444359637507,29.783444359637507
527,c,29.783444359637507,29.783444359637507
528,c,29.783444359637507,29.783444359637507
529,c,29.783444359637507,29.783444359637507
530,c,29.783444359637507,29.783444359637507
531,t,29.783444359637507,29.783444359637507
532,c,29.783444359637507,29.783444359637507
533,t,29.783444359637507,29.783444359637507
534,t,29.783444359637507,29.783444359637507
535,t,29.783444359637507,29.783444359637507
536,c,29.783444359637507,29.783444359637507
537,t,29.783444359637507,29.783444359637507
538,c,29.783444359637507,29.783444359637507
539,t,29.783444359637507,29.783444359637507
540,t,29.783444359637507,29.783444359637507
541,c,29.783444359637507,29.783444359637507
542,c,29.783444359637507,29.783444359637507
543,c,29.783444359637507,29.783444359637507
544,c,29.783444359637507,29.783444359637507
545,c,29.783444359637507,29.783444359637507
546,t,29.783444359637507,29.783444359637507
547,c,29.783444359637507,29.783444359637507
548,t,29.783444359637507,29.783444359637507
549,c,29.783444359637507,29.783444359637507
550,t,29.783444359637507,29.783444359637507
551,t,29.783444359637507,29.783444359637507
552,c,29.783444359637507,29.783444359637507
553,t,29.783444359637507,29.783444359637507
554,t,29.783444359637507,29.783444359637507
555,c,29.783444359637507,29.783444359637507
556,c,29.783444359637507,29.783444359637507
557,t,29.783444359637507,29.783444359637507
558,c,29.783444359637507,29.783444359637507
559,t,29.783444359637507,29.783444359637507
560,t,29.783444359637507,29.783444359637507
561,t,29.783444359637507,29.783444359637507
562,t,29.783444359637507,29.783444359637507
563,c,29.783444359637507,29.783444359637507
564,t,29.783444359637507,29.783444359637507
565,t,29.783444359637507,29.783444359637507
566,t,29.783444359637507,29.783444359637507
567,c,29.783444359637507,29.783444359637507
568,c,29.783444359637507,29.783444359637507
569,t,29.783444359637507,29.783444359637507
570,t,29.783444359637507,29.783444359637507
571,t,29.783444359637507,29.783444359637507
572,c,29.783444359637507,29.783444359637507
573,c,29.783444359637507,29.783444359637507
574,t,29.783444359637507,29.783444359637507
575,c,29.783444359637507,29.783444359637507
576,c,29.783444359637507,29.783444359637507
577,c,29.783444359637507,29.783444359637507
578,c,29.783444359637507,29.783444359637507
579,c,29.783444359637507,29.783444359637507
580,t,29.783444359637507,29.783444359637507
581,t,29.783444359637507,29.783444359637507
582,t,29.783444359637507,29.783444359637507
583,c,29.783444359637507,29.783444359637507
584,t,29.783444359637507,29.783444359637507
585,c,29.783444359637507,29.783444359637507
586,c,29.783444359637507,29.783444359637507
587,t,29.783444359637507,29.783444359637507
588,t,29.783444359637507,29.783444359637507
589,t,29.783444359637507,29.783444359637507
590,t,29.783444359637507,29.783444359637507
591,c,29.783444359637507,29.783444359637507
592,c,29.783444359637507,29.783444359637507
593,t,29.783444359637507,29.783444359637507
594,na,1.7586058900296344,29.783444359637507
595,t,29.783444359637507,29.783444359637507
596,c,29.783444359637507,29.783444359637507
597,c,29.783444359637507,29.783444359637507
598,t,29.783444359637507,29.783444359637507
599,c,29.783444359637507,29.783444359637507
600,c,29.783444359637507,29.783444359637507
601,c,29.783444359637507,29.783444359637507
602,c,29.783444359637507,29.783444359637507
603,c,29.783444359637507,29.783444359637507
604,c,29.783444359637507,29.783444359637507
605,c,29.783444359637507,29.783444359637507
606,c,29.783444359637507,29.783444359637507
607,c,29.783444359637507,29.783444359637507
608,t,29.783444359637507,29.783444359637507
609,t,29.783444359637507,29.783444359637507
610,c,29.783444359637507,29.783444359637507
611,t,29.783444359637507,29.783444359637507
612,t,29.783444359637507,29.783444359637507
613,t,29.783444359637507,29.783444359637507
614,c,29.783444359637507,29.783444359637507
615,t,29.783444359637507,29.783444359637507
616,c,29.783444359637507,29.783444359637507
617,t,29.783444359637507,29.783444359637507
618,c,29.783444359637507,29.783444359637507
619,c,29.783444359637507,29.783444359637507
620,c,29.783444359637507,29.783444359637507
621,c,29.783444359637507,29.783444359637507
622,c,29.783444359637507,29.783444359637507
623,c,29.783444359637507,29.783444359637507
624,t,29.783444359637507,29.783444359637507
625,c,29.783444359637507,29.783444359637507
626,t,29.783444359637507,29.783444359637507
627,na,5.833645739166256,10.185720280737392
628,t,29.783444359637507,29.783444359637507
629,c,29.783444359637507,29.783444359637507
630,c,29.783444359637507,29.783444359637507
631,c,29.783444359637507,29.783444359637507
632,c,29.783444359637507,29.783444359637507
633,c,29.783444359637507,29.783444359637507
634,c,29.783444359637507,29.783444359637507
635,c,29.783444359637507,29.783444359637507
636,t,29.783444359637507,29.783444359637507
637,c,29.783444359637507,29.783444359637507
638,c,29.783444359637507,29.783444359637507
639,t,29.783444359637507,29.783444359637507
640,c,29.783444359637507,29.783444359637507
641,c,29.783444359637507,29.783444359637507
642,c,29.783444359637507,29.783444359637507
643,c,29.783444359637507,29.783444359637507
644,c,29.783444359637507,29.783444359637507
645,c,29.783444359637507,29.783444359637507
646,c,29.783444359637507,29.783444359637507
647,c,29.783444359637507,29.783444359637507
648,c,29.783444359637507,29.783444359637507
649,t,29.783444359637507,29.783444359637507
650,t,29.783444359637507,29.783444359637507
651,t,29.783444359637507,29.783444359637507
652,c,29.783444359637507,29.783444359637507
653,c,29.783444359637507,29.783444359637507
654,c,29.783444359637507,29.783444359637507
655,t,29.783444359637507,29.783444359637507
656,c,29.783444359637507,29.783444359637507
657,t,29.783444359637507,29.783444359637507
658,t,29.783444359637507,29.783444359637507
659,c,29.783444359637507,29.783444359637507
660,c,29.783444359637507,29.783444359637507
661,t,29.783444359637507,29.783444359637507
662,t,29.783444359637507,29.783444359637507
663,t,29.783444359637507,29.783444359637507
664,t,29.783444359637507,29.783444359637507
665,t,29.783444359637507,29.783444359637507
666,t,29.783444359637507,29.783444359637507
667,c,29.783444359637507,29.783444359637507
668,c,29.783444359637507,29.783444359637507
669,t,29.783444359637507,29.783444359637507
670,t,29.783444359637507,29.783444359637507
671,t,29.783444359637507,29.783444359637507
672,t,29.783444359637507,29.783444359637507
673,c,29.783444359637507,29.783444359637507
674,t,29.783444359637507,29.783444359637507
675,c,29.783444359637507,29.783444359637507
676,t,29.783444359637507,29.783444359637507
677,t,29.783444359637507,29.783444359637507
678,c,29.783444359637507,29.783444359637507
679,c,29.783444359637507,29.783444359637507
680,t,29.783444359637507,29.783444359637507
681,c,29.783444359637507,29.783444359637507
682,c,29.783444359637507,29.783444359637507
683,t,29.783444359637507,29.783444359637507
684,c,29.783444359637507,29.783444359637507
685,t,29.783444359637507,29.783444359637507
686,c,29.783444359637507,29.783444359637507
687,c,29.783444359637507,29.783444359637507
688,t,29.783444359637507,29.783444359637507
689,t,29.783444359637507,29.783444359637507
690,c,29.783444359637507,29.783444359637507
691,t,29.783444359637507,29.783444359637507
692,t,29.783444359637507,29.783444359637507
693,t,29.783444359637507,29.783444359637507
694,c,29.783444359637507,29.783444359637507
695,c,29.783444359637507,29.783444359637507
696,t,29.783444359637507,29.783444359637507
697,c,29.783444359637507,29.783444359637507
698,c,29.783444359637507,29.783444359637507
699,t,29.783444359637507,29.783444359637507
700,t,29.783444359637507,29.783444359637507
701,t,29.783444359637507,29.783444359637507
702,c,29.783444359637507,29.783444359637507
703,c,29.783444359637507,29.783444359637507
704,t,29.783444359637507,29.783444359637507
705,c,29.783444359637507,29.783444359637507
706,c,29.783444359637507,29.783444359637507
707,t,29.783444359637507,29.783444359637507
708,c,29.783444359637507,29.783444359637507
709,c,29.783444359637507,29.783444359637507
710,c,29.783444359637507,29.783444359637507
711,t,29.783444359637507,29.783444359637507
712,c,29.783444359637507,29.783444359637507
713,t,29.783444359637507,29.783444359637507
714,c,29.783444359637507,29.783444359637507
715,t,29.783444359637507,29.783444359637507
716,t,29.783444359637507,29.783444359637507
717,c,29.783444359637507,29.783444359637507
718,c,29.783444359637507,29.783444359637507
719,c,29.783444359637507,29.783444359637507
720,c,29.783444359637507,29.783444359637507
721,t,29.783444359637507,29.783444359637507
722,t,29.783444359637507,29.783444359637507
723,c,29.783444359637507,29.783444359637507
724,c,29.783444359637507,29.783444359637507
725,c,29.783444359637507,29.783444359637507
726,c,29.783444359637507,29.783444359637507
727,t,29.783444359637507,29.783444359637507
728,t,29.783444359637507,29.783444359637507
729,c,29.783444359637507,29.783444359637507
730,t,29.783444359637507,29.783444359637507
731,t,29.783444359637507,29.783444359637507
732,t,29.783444359637507,29.783444359637507
733,t,29.783444359637507,29.783444359637507
734,c,29.783444359637507,29.783444359637507
735,t,29.783444359637507,29.783444359637507
736,t,29.783444359637507,29.783444359637507
737,t,29.783444359637507,29.783444359637507
738,t,29.783444359637507,29.783444359637507
739,c,29.783444359637507,29.783444359637507
740,t,29.783444359637507,29.783444359637507
741,t,29.783444359637507,29.783444359637507
742,t,29.783444359637507,29.783444359637507
743,t,29.783444359637507,29.783444359637507
744,c,29.783444359637507,29.783444359637507
745,t,29.783444359637507,29.783444359637507
746,c,29.783444359637507,29.783444359637507
747,c,29.783444359637507,29.783444359637507
748,t,29.783444359637507,29.783444359637507
749,c,29.783444359637507,29.783444359637507
750,c,29.783444359637507,29.783444359637507
751,t,29.783444359637507,29.783444359637507
752,c,29.783444359637507,29.783444359637507
753,c,29.783444359637507,29.783444359637507
754,t,29.783444359637507,29.783444359637507
755,c,29.783444359637507,29.783444359637507
756,t,29.783444359637507,29.783444359637507
757,c,29.783444359637507,29.783444359637507
758,t,29.783444359637507,29.783444359637507
759,t,29.783444359637507,29.783444359637507
760,c,29.783444359637507,29.783444359637507
761,t,29.783444359637507,29.783444359637507
762,t,29.783444359637507,29.783444359637507
763,c,29.783444359637507,29.783444359637507
764,t,29.783444359637507,29.783444359637507
765,t,29.783444359637507,29.783444359637507
766,c,29.783444359637507,29.783444359637507
767,t,29.783444359637507,29.783444359637507
768,t,29.783444359637507,29.783444359637507
769,t,29.783444359637507,29.783444359637507
770,t,29.783444359637507,29.783444359637507
771,t,29.783444359637507,29.783444359637507
772,t,29.783444359637507,29.783444359637507
773,t,29.783444359637507,29.783444359637507
774,c,29.783444359637507,29.783444359637507
775,c,29.783444359637507,29.783444359637507
776,t,29.783444359637507,29.783444359637507
777,t,29.783444359637507,29.783444359637507
778,c,29.783444359637507,29.783444359637507
779,c,29.783444359637507,29.783444359637507
780,t,29.783444359637507,29.783444359637507
781,t,29.783444359637507,29.783444359637507
782,c,29.783444359637507,29.783444359637507
783,c,29.783444359637507,29.783444359637507
784,c,29.783444359637507,29.783444359637507
785,c,29.783444359637507,29.783444359637507
786,c,29.783444359637507,29.783444359637507
787,c,29.783444359637507,29.783444359637507
788,c,29.783444359637507,29.783444359637507
789,t,29.783444359637507,29.783444359637507
790,t,29.783444359637507,29.783444359637507
791,t,29.783444359637507,29.783444359637507
792,t,29.783444359637507,29.783444359637507
793,t,29.783444359637507,29.783444359637507
794,t,29.783444359637507,29.783444359637507
795,t,29.783444359637507,29.783444359637507
796,t,29.783444359637507,29.783444359637507
797,c,29.783444359637507,29.783444359637507
798,t,29.783444359637507,29.783444359637507
799,t,29.783444359637507,29.783444359637507
800,t,29.783444359637507,29.783444359637507
801,c,29.783444359637507,29.783444359637507
802,c,29.783444359637507,29.783444359637507
803,c,29.783444359637507,29.783444359637507
804,c,29.783444359637507,29.783444359637507
805,t,29.783444359637507,29.783444359637507
806,t,29.783444359637507,29.783444359637507
807,c,29.783444359637507,29.783444359637507
808,c,29.783444359637507,29.783444359637507
809,t,29.783444359637507,29.783444359637507
810,t,29.783444359637507,29.783444359637507
811,c,29.783444359637507,29.783444359637507
812,t,29.783444359637507,29.783444359637507
813,t,29.783444359637507,29.783444359637507
814,t,29.783444359637507,29.783444359637507
815,t,29.783444359637507,29.783444359637507
816,c,29.783444359637507,29.783444359637507
817,c,29.783444359637507,29.783444359637507
818,c,29.783444359637507,29.783444359637507
819,c,29.783444359637507,29.783444359637507
820,t,29.783444359637507,29.783444359637507
821,c,29.783444359637507,29.783444359637507
822,t,29.783444359637507,29.783444359637507
823,t,29.783444359637507,29.783444359637507
824,t,29.783444359637507,29.783444359637507
825,t,29.783444359637507,29.783444359637507
826,t,29.783444359637507,29.783444359637507
827,t,29.783444359637507,29.783444359637507
828,c,7.4878122217227485,8.542279912091322
829,c,29.783444359637507,29.783444359637507
830,c,29.783444359637507,29.783444359637507
831,c,29.783444359637507,29.783444359637507
832,t,29.783444359637507,29.783444359637507
833,t,29.783444359637507,29.783444359637507
834,t,29.783444359637507,29.783444359637507
835,c,29.783444359637507,29.783444359637507
836,t,29.783444359637507,29.783444359637507
837,c,29.783444359637507,29.783444359637507
838,c,29.783444359637507,29.783444359637507
839,t,29.783444359637507,29.783444359637507
840,c,29.783444359637507,29.783444359637507
841,t,29.783444359637507,29.783444359637507
842,c,29.783444359637507,29.783444359637507
843,c,29.783444359637507,29.783444359637507
844,c,29.783444359637507,29.783444359637507
845,t,29.783444359637507,29.783444359637507
846,c,29.783444359637507,29.783444359637507
847,t,29.783444359637507,29.783444359637507
848,t,29.783444359637507,29.783444359637507
849,t,29.783444359637507,29.783444359637507
850,t,29.783444359637507,29.783444359637507
851,t,29.783444359637507,29.783444359637507
852,t,29.783444359637507,29.783444359637507
853,c,29.783444359637507,29.783444359637507
854,c,29.783444359637507,29.783444359637507
855,c,29.783444359637507,29.783444359637507
856,c,29.783444359637507,29.783444359637507
857,t,29.783444359637507,29.783444359637507
858,c,29.783444359637507,29.783444359637507
859,c,29.783444359637507,29.783444359637507
860,c,7.608299008450203,12.50956267062639
861,c,29.783444359637507,29.783444359637507
862,c,29.783444359637507,29.783444359637507
863,c,29.783444359637507,29.783444359637507
864,t,29.783444359637507,29.783444359637507
865,c,29.783444359637507,29.783444359637507
866,c,29.783444359637507,29.783444359637507
867,c,29.783444359637507,29.783444359637507
868,c,29.783444359637507,29.783444359637507
869,t,29.783444359637507,29.783444359637507
870,c,29.783444359637507,29.783444359637507
871,t,29.783444359637507,29.783444359637507
872,c,29.783444359637507,29.783444359637507
873,t,29.783444359637507,29.783444359637507
874,c,29.783444359637507,29.783444359637507
875,c,29.783444359637507,29.783444359637507
876,c,29.783444359637507,29.783444359637507
877,t,29.783444359637507,29.783444359637507
878,c,29.783444359637507,29.783444359637507
879,c,29.783444359637507,29.783444359637507
880,t,29.783444359637507,29.783444359637507
881,c,29.783444359637507,29.783444359637507
882,c,29.783444359637507,29.783444359637507
883,t,29.783444359637507,29.783444359637507
884,t,29.783444359637507,29.783444359637507
885,c,29.783444359637507,29.783444359637507
886,t,29.783444359637507,29.783444359637507
887,c,29.783444359637507,29.783444359637507
888,t,29.783444359637507,29.783444359637507
889,t,29.783444359637507,29.783444359637507
890,t,29.783444359637507,29.783444359637507
891,c,29.783444359637507,29.783444359637507
892,t,29.783444359637507,29.783444359637507
893,c,29.783444359637507,29.783444359637507
894,t,29.783444359637507,29.783444359637507
895,c,29.783444359637507,29.783444359637507
896,t,29.783444359637507,29.783444359637507
897,t,29.783444359637507,29.783444359637507
898,t,29.783444359637507,29.783444359637507
899,c,29.783444359637507,29.783444359637507
900,c,29.783444359637507,29.783444359637507
901,c,29.783444359637507,29.783444359637507
902,c,29.783444359637507,29.783444359637507
903,c,29.783444359637507,29.783444359637507
904,c,29.783444359637507,29.783444359637507
905,c,29.783444359637507,29.783444359637507
906,c,29.783444359637507,29.783444359637507
907,t,29.783444359637507,29.783444359637507
908,t,29.783444359637507,29.783444359637507
909,t,29.783444359637507,29.783444359637507
910,t,29.783444359637507,29.783444359637507
911,c,29.783444359637507,29.783444359637507
912,c,29.783444359637507,29.783444359637507
913,t,29.783444359637507,29.783444359637507
914,t,29.783444359637507,29.783444359637507
915,t,29.783444359637507,29.783444359637507
916,c,29.783444359637507,29.783444359637507
917,t,29.783444359637507,29.783444359637507
918,t,29.783444359637507,29.783444359637507
919,c,29.783444359637507,29.783444359637507
920,t,29.783444359637507,29.783444359637507
921,t,29.783444359637507,29.783444359637507
922,c,29.783444359637507,29.783444359637507
923,t,29.783444359637507,29.783444359637507
924,t,29.783444359637507,29.783444359637507
925,c,29.783444359637507,29.783444359637507
926,t,29.783444359637507,29.783444359637507
927,c,29.783444359637507,29.783444359637507
928,c,29.783444359637507,29.783444359637507
929,c,29.783444359637507,29.783444359637507
930,t,29.783444359637507,29.783444359637507
931,c,29.783444359637507,29.783444359637507
932,c,29.783444359637507,29.783444359637507
933,c,29.783444359637507,29.783444359637507
934,c,29.783444359637507,29.783444359637507
935,t,29.783444359637507,29.783444359637507
936,c,29.783444359637507,29.783444359637507
937,t,29.783444359637507,29.783444359637507
938,c,29.783444359637507,29.783444359637507
939,c,29.783444359637507,29.783444359637507
940,c,29.783444359637507,29.783444359637507
941,c,29.783444359637507,29.783444359637507
942,t,29.783444359637507,29.783444359637507
943,t,29.783444359637507,29.783444359637507
944,t,29.783444359637507,29.783444359637507
945,t,29.783444359637507,29.783444359637507
946,c,29.783444359637507,29.783444359637507
947,t,29.783444359637507,29.783444359637507
948,c,29.783444359637507,29.783444359637507
949,t,29.783444359637507,29.783444359637507
950,c,29.783444359637507,29.783444359637507
951,t,29.783444359637507,29.783444359637507
952,c,29.783444359637507,29.783444359637507
953,c,29.783444359637507,29.783444359637507
954,t,29.783444359637507,29.783444359637507
955,t,29.783444359637507,29.783444359637507
956,t,29.783444359637507,29.783444359637507
957,t,29.783444359637507,29.783444359637507
958,c,29.783444359637507,29.783444359637507
959,t,29.783444359637507,29.783444359637507
960,t,29.783444359637507,29.783444359637507
961,t,29.783444359637507,29.783444359637507
962,c,29.783444359637507,29.783444359637507
963,c,29.783444359637507,29.783444359637507
964,t,29.783444359637507,29.783444359637507
965,t,29.783444359637507,29.783444359637507
966,c,29.783444359637507,29.783444359637507
967,t,29.783444359637507,29.783444359637507
968,t,29.783444359637507,29.783444359637507
969,t,29.783444359637507,29.783444359637507
970,t,29.783444359637507,29.783444359637507
971,t,29.783444359637507,29.783444359637507
972,t,29.783444359637507,29.783444359637507
973,c,29.783444359637507,29.783444359637507
974,t,29.783444359637507,29.783444359637507
975,t,29.783444359637507,29.783444359637507
976,t,29.783444359637507,29.783444359637507
977,c,29.783444359637507,29.783444359637507
978,c,29.783444359637507,29.783444359637507
979,c,29.783444359637507,29.783444359637507
980,c,29.783444359637507,29.783444359637507
981,t,29.783444359637507,29.783444359637507
982,t,29.783444359637507,29.783444359637507
983,c,29.783444359637507,29.783444359637507
984,t,29.783444359637507,29.783444359637507
985,t,29.783444359637507,29.783444359637507
986,t,29.783444359637507,29.783444359637507
987,t,29.783444359637507,29.783444359637507
988,t,29.783444359637507,29.783444359637507
989,c,18.87356193158331,21.321078027248276
990,c,29.783444359637507,29.783444359637507
991,c,29.783444359637507,29.783444359637507
992,t,29.783444359637507,29.783444359637507
993,t,29.783444359637507,29.783444359637507
994,c,29.783444359637507,29.783444359637507
995,c,29.783444359637507,29.783444359637507
996,c,29.783444359637507,29.783444359637507
997,c,29.783444359637507,29.783444359637507
998,t,29.783444359637507,29.783444359637507
999,c,29.783444359637507,29.783444359637507
