node, assignment, time2inf, time2death
0,na,-1,0
1,na,-1,0
2,na,-1,0
3,na,-1,0
4,na,-1,0
5,t,97.24414183254702,97.24414183254702
6,c,97.24414183254702,97.24414183254702
7,c,97.24414183254702,97.24414183254702
8,c,47.214080817475136,52.49515210345263
9,c,18.687799338461694,31.235761438247664
10,t,97.24414183254702,97.24414183254702
11,c,97.24414183254702,97.24414183254702
12,c,17.69533169292267,25.29275178912353
13,c,97.24414183254702,97.24414183254702
14,c,14.809890130565751,25.340123911034738
15,c,97.24414183254702,97.24414183254702
16,c,3.966819991359248,10.052238320760836
17,t,97.24414183254702,97.24414183254702
18,c,97.24414183254702,97.24414183254702
19,c,97.24414183254702,97.24414183254702
20,c,97.24414183254702,97.24414183254702
21,na,3.806691293666064,4.361916360757936
22,c,26.329228351196196,27.677532305803553
23,t,59.44586289380721,62.378436448437355
24,c,43.409359242216446,43.805369488339885
25,c,20.401948634353424,97.24414183254702
26,c,97.24414183254702,97.24414183254702
27,t,97.24414183254702,97.24414183254702
28,c,47.66452339077477,49.19745925207342
29,c,3.703099124600767,4.272827036613794
30,c,39.78611716345264,40.665592063617574
31,c,29.192607285244033,35.132639884084035
32,c,11.876531461586577,13.054736302422015
33,c,97.24414183254702,97.24414183254702
34,c,19.64670759554159,25.679230459594702
35,c,97.24414183254702,97.24414183254702
36,c,11.847165575090287,13.0806412633004
37,t,97.24414183254702,97.24414183254702
38,c,97.24414183254702,97.24414183254702
39,c,97.24414183254702,97.24414183254702
40,c,97.24414183254702,97.24414183254702
41,t,11.557756798156337,11.878249320914493
42,c,20.823245245276027,23.14105025886217
43,t,40.16149683855466,42.36646864943831
44,c,97.24414183254702,97.24414183254702
45,c,97.24414183254702,97.24414183254702
46,c,97.24414183254702,97.24414183254702
47,t,97.24414183254702,97.24414183254702
48,c,97.24414183254702,97.24414183254702
49,c,32.4097023603103,33.62491476613184
50,c,11.497406787079195,11.738699075059369
51,c,5.6418395715115865,9.326999388482479
52,c,97.24414183254702,97.24414183254702
53,t,20.454416549369835,22.12848354223951
54,c,97.24414183254702,97.24414183254702
55,c,97.24414183254702,97.24414183254702
56,c,10.220545131835864,14.879591047245091
57,na,0,97.24414183254702
58,t,13.451049178481012,17.044780913259288
59,t,97.24414183254702,97.24414183254702
60,c,97.24414183254702,97.24414183254702
61,c,25.17526208082901,26.66204223848304
62,c,97.24414183254702,97.24414183254702
63,c,97.24414183254702,97.24414183254702
64,c,17.173726702634163,21.99122742109005
65,t,97.24414183254702,97.24414183254702
66,c,97.24414183254702,97.24414183254702
67,c,97.24414183254702,97.24414183254702
68,c,97.24414183254702,97.24414183254702
69,c,6.5339279012466625,97.24414183254702
70,t,97.24414183254702,97.24414183254702
71,na,-1,0
72,c,50.05977855661718,54.20135265609189
73,t,97.24414183254702,97.24414183254702
74,c,97.24414183254702,97.24414183254702
75,na,0,1.3792869992128052
76,na,24.132369046059488,25.358745750024024
77,c,97.24414183254702,97.24414183254702
78,c,44.763436464462295,45.38318176113391
79,c,34.93351659288769,35.832752139643
80,c,17.316109933254804,18.543315237440364
81,c,25.883525187866162,26.78936180407214
82,c,35.152143561637125,36.155424897986194
83,c,97.24414183254702,97.24414183254702
84,c,97.24414183254702,97.24414183254702
85,c,42.00677638695665,43.627817713375855
86,c,97.24414183254702,97.24414183254702
87,c,97.24414183254702,97.24414183254702
88,c,97.24414183254702,97.24414183254702
89,c,97.24414183254702,97.24414183254702
90,t,97.24414183254702,97.24414183254702
91,c,97.24414183254702,97.24414183254702
92,t,97.24414183254702,97.24414183254702
93,t,97.24414183254702,97.24414183254702
94,c,13.231402518987437,14.410067463887863
95,t,31.249632398918575,41.2244671053864
96,c,21.84369807598044,23.260051352404865
97,t,42.41968097645118,45.858690978465525
98,c,26.3891308116155,27.46593200493532
99,c,97.24414183254702,97.24414183254702
100,c,97.24414183254702,97.24414183254702
101,c,97.24414183254702,97.24414183254702
102,na,-1,0
103,c,28.816990110260853,30.44237408043179
104,t,97.24414183254702,97.24414183254702
105,c,31.125656740091014,97.24414183254702
106,c,97.24414183254702,97.24414183254702
107,c,97.24414183254702,97.24414183254702
108,c,41.41799683973565,47.14714102797573
109,c,97.24414183254702,97.24414183254702
110,t,97.24414183254702,97.24414183254702
111,c,20.955186752712585,25.969606868142552
112,c,10.220143025966433,10.577240082390832
113,c,97.24414183254702,97.24414183254702
114,c,35.23243528880796,40.84155730467221
115,c,44.47018009548993,49.458353235048776
116,c,97.24414183254702,97.24414183254702
117,c,16.534090560598415,16.53986043782331
118,c,97.24414183254702,97.24414183254702
119,t,97.24414183254702,97.24414183254702
120,c,97.24414183254702,97.24414183254702
121,c,97.24414183254702,97.24414183254702
122,c,97.24414183254702,97.24414183254702
123,c,97.24414183254702,97.24414183254702
124,t,97.24414183254702,97.24414183254702
125,c,97.24414183254702,97.24414183254702
126,c,97.24414183254702,97.24414183254702
127,c,97.24414183254702,97.24414183254702
128,c,39.052985987982495,41.02553728150161
129,c,97.24414183254702,97.24414183254702
130,c,97.24414183254702,97.24414183254702
131,c,17.180724448292516,17.735780471193497
132,c,97.24414183254702,97.24414183254702
133,c,97.24414183254702,97.24414183254702
134,t,97.24414183254702,97.24414183254702
135,t,97.24414183254702,97.24414183254702
136,c,97.24414183254702,97.24414183254702
137,t,97.24414183254702,97.24414183254702
138,c,55.63665938697976,59.27895997155841
139,c,97.24414183254702,97.24414183254702
140,c,97.24414183254702,97.24414183254702
141,c,97.24414183254702,97.24414183254702
142,t,97.24414183254702,97.24414183254702
143,t,42.00935284583422,42.85613339213597
144,c,40.66371340094427,41.24363270006328
145,c,97.24414183254702,97.24414183254702
146,t,97.24414183254702,97.24414183254702
147,c,97.24414183254702,97.24414183254702
148,c,97.24414183254702,97.24414183254702
149,t,97.24414183254702,97.24414183254702
150,c,19.610227726720144,39.969994310594814
151,c,37.60723310883364,40.36987822869172
152,t,23.101970170783446,23.187033974140764
153,c,97.24414183254702,97.24414183254702
154,c,42.46184889178923,51.78538903027641
155,c,97.24414183254702,97.24414183254702
156,c,97.24414183254702,97.24414183254702
157,c,34.462041924667496,35.620824342722365
158,c,38.01781348298272,38.12776456884096
159,c,97.24414183254702,97.24414183254702
160,t,97.24414183254702,97.24414183254702
161,c,97.24414183254702,97.24414183254702
162,c,97.24414183254702,97.24414183254702
163,c,97.24414183254702,97.24414183254702
164,t,97.24414183254702,97.24414183254702
165,c,29.126686958941328,30.526985964666952
166,c,97.24414183254702,97.24414183254702
167,t,14.988592648086774,15.856997181321544
168,t,97.24414183254702,97.24414183254702
169,c,97.24414183254702,97.24414183254702
170,c,15.663558595279296,16.814987796186678
171,c,44.95679249460043,46.83627411994832
172,c,97.24414183254702,97.24414183254702
173,c,97.24414183254702,97.24414183254702
174,c,16.174133764203653,16.980557763953072
175,c,97.24414183254702,97.24414183254702
176,t,97.24414183254702,97.24414183254702
177,c,64.27468452310035,67.14690226553641
178,t,97.24414183254702,97.24414183254702
179,c,8.780058690525234,24.08446521637421
180,c,22.065161263663462,25.61859059529493
181,c,23.395527124521376,97.24414183254702
182,c,97.24414183254702,97.24414183254702
183,na,2.1746176748739363,3.897047928625807
184,na,9.376996713035195,12.679036462445476
185,c,97.24414183254702,97.24414183254702
186,c,12.989690547536744,13.532677863387905
187,c,50.56165927355942,51.22710552778529
188,c,97.24414183254702,97.24414183254702
189,c,97.24414183254702,97.24414183254702
190,c,59.94351546073879,60.11720947030126
191,c,17.52293793072562,18.71637458471644
192,c,47.25188346521488,49.3018398753885
193,t,97.24414183254702,97.24414183254702
194,c,29.956452203500856,97.24414183254702
195,c,97.24414183254702,97.24414183254702
196,c,27.301674635854408,29.862382292639733
197,c,97.24414183254702,97.24414183254702
198,c,97.24414183254702,97.24414183254702
199,c,24.750600153288932,26.495150331288364
200,t,97.24414183254702,97.24414183254702
201,c,97.24414183254702,97.24414183254702
202,c,11.453134490723968,12.641661511410987
203,c,97.24414183254702,97.24414183254702
204,c,97.24414183254702,97.24414183254702
205,t,97.24414183254702,97.24414183254702
206,c,34.044858974286605,36.26972603287015
207,c,97.24414183254702,97.24414183254702
208,c,36.49434219819342,37.765355296046295
209,c,20.714906592128997,29.09551126727968
210,t,97.24414183254702,97.24414183254702
211,c,7.871333490254577,9.95315492258273
212,c,25.375816843491478,27.75384003029637
213,c,15.378426725678175,26.12647052042221
214,c,28.444740619131153,33.78818492256928
215,c,97.24414183254702,97.24414183254702
216,c,97.24414183254702,97.24414183254702
217,c,13.23073372334078,19.682188412346513
218,c,7.9580698262571685,12.203086452813714
219,c,7.295796664457346,8.788390769762083
220,c,22.397206763477055,26.986092201060607
221,c,97.24414183254702,97.24414183254702
222,c,97.24414183254702,97.24414183254702
223,c,97.24414183254702,97.24414183254702
224,c,10.087566520619982,14.77160210206464
225,t,32.56731374192076,35.52587860425504
226,c,37.708486539205815,44.789920308164504
227,c,97.24414183254702,97.24414183254702
228,c,22.057731281393075,29.41382531045112
229,t,97.24414183254702,97.24414183254702
230,c,8.253990074720834,13.254911860797774
231,c,97.24414183254702,97.24414183254702
232,c,97.24414183254702,97.24414183254702
233,c,97.24414183254702,97.24414183254702
234,c,28.716778829418313,30.515019587695416
235,c,54.7760457933738,57.99227746153462
236,c,10.128893139638897,15.518832740298652
237,t,97.24414183254702,97.24414183254702
238,t,97.24414183254702,97.24414183254702
239,t,11.802079097587708,13.123887086156042
240,t,97.24414183254702,97.24414183254702
241,c,16.619298736489572,18.3586016557063
242,na,0,2.500201492850919
243,na,5.533867562751411,6.3341409765900565
244,c,97.24414183254702,97.24414183254702
245,c,97.24414183254702,97.24414183254702
246,c,22.539353747412136,97.24414183254702
247,c,29.880563825833097,30.047743960348097
248,c,49.312779283706874,49.317373169236774
249,c,18.462510733140146,24.68901802377351
250,c,39.0044544504226,40.629295240864465
251,t,97.24414183254702,97.24414183254702
252,c,97.24414183254702,97.24414183254702
253,t,97.24414183254702,97.24414183254702
254,t,97.24414183254702,97.24414183254702
255,c,97.24414183254702,97.24414183254702
256,c,97.24414183254702,97.24414183254702
257,t,97.24414183254702,97.24414183254702
258,c,20.25915175926779,25.542782096164842
259,c,97.24414183254702,97.24414183254702
260,c,46.870342507005546,48.5297989160566
261,c,97.24414183254702,97.24414183254702
262,c,42.28754999454458,46.50412107593632
263,na,6.515166907052542,97.24414183254702
264,c,97.24414183254702,97.24414183254702
265,c,22.32328131807027,27.166376141315116
266,c,30.606055105326803,33.99487263188096
267,c,97.24414183254702,97.24414183254702
268,c,28.589300049727612,30.97460024919857
269,c,97.24414183254702,97.24414183254702
270,c,21.170869863916987,21.171575866076726
271,t,97.24414183254702,97.24414183254702
272,c,41.038896952091264,44.113693979056556
273,c,42.52863906178316,43.21450954784195
274,c,97.24414183254702,97.24414183254702
275,t,97.24414183254702,97.24414183254702
276,na,0,2.7709792214952476
277,c,97.24414183254702,97.24414183254702
278,t,17.534706404249103,28.43837578946297
279,c,97.24414183254702,97.24414183254702
280,c,97.24414183254702,97.24414183254702
281,t,97.24414183254702,97.24414183254702
282,na,0,0.6822344744745708
283,c,16.5825003433322,22.206345785086622
284,c,34.42616983056073,36.09836335149645
285,c,97.24414183254702,97.24414183254702
286,c,22.125373818997826,22.29917280044444
287,c,97.24414183254702,97.24414183254702
288,c,97.24414183254702,97.24414183254702
289,c,24.6755547581991,26.7240593931315
290,c,15.19435380969946,97.24414183254702
291,c,52.81352358596773,58.559146433645175
292,t,97.24414183254702,97.24414183254702
293,c,97.24414183254702,97.24414183254702
294,t,97.24414183254702,97.24414183254702
295,c,35.651036264971864,37.133310493663956
296,na,8.708663590351325,11.968839926584458
297,c,22.36726362271985,23.288742339938782
298,na,0,0.561892697110567
299,c,42.294988946648076,50.071518375004025
300,c,97.24414183254702,97.24414183254702
301,c,11.06451070482942,15.331686890703198
302,t,97.24414183254702,97.24414183254702
303,c,14.125644604389143,97.24414183254702
304,c,36.970786890322785,48.375739723844255
305,c,26.86573141822834,27.27378784581397
306,c,17.322357440931878,18.857131564311267
307,na,0.514976727309088,2.6172685092110695
308,c,66.71060141760118,72.74469332848781
309,c,97.24414183254702,97.24414183254702
310,c,97.24414183254702,97.24414183254702
311,c,37.18002567363892,43.02190976193089
312,t,42.71006423807191,97.24414183254702
313,c,97.24414183254702,97.24414183254702
314,t,97.24414183254702,97.24414183254702
315,c,29.31420377025,32.69456041894684
316,c,97.24414183254702,97.24414183254702
317,t,97.24414183254702,97.24414183254702
318,c,97.24414183254702,97.24414183254702
319,c,6.733137499304163,97.24414183254702
320,c,14.598803631156372,17.950035863071594
321,c,19.834169490079454,20.133628032218045
322,c,89.35988443473856,97.24414183254702
323,c,34.094107667496935,34.67190048912259
324,c,97.24414183254702,97.24414183254702
325,c,97.24414183254702,97.24414183254702
326,na,4.044128985518066,7.813591232458688
327,c,97.24414183254702,97.24414183254702
328,c,97.24414183254702,97.24414183254702
329,c,97.24414183254702,97.24414183254702
330,c,28.124221672774766,28.47837058981631
331,c,97.24414183254702,97.24414183254702
332,c,97.24414183254702,97.24414183254702
333,c,97.24414183254702,97.24414183254702
334,c,97.24414183254702,97.24414183254702
335,c,19.352259294460872,19.481924425764568
336,c,25.91020280948282,30.802139770445653
337,c,22.042300348407213,25.32628811301907
338,na,1.8137059765947519,11.80953220304157
339,c,97.24414183254702,97.24414183254702
340,c,97.24414183254702,97.24414183254702
341,c,97.24414183254702,97.24414183254702
342,t,97.24414183254702,97.24414183254702
343,c,34.78836508912884,39.72092387822931
344,t,97.24414183254702,97.24414183254702
345,c,97.24414183254702,97.24414183254702
346,c,25.94546712391387,29.591139873324895
347,t,24.802119726537654,26.848992334341236
348,c,97.24414183254702,97.24414183254702
349,t,97.24414183254702,97.24414183254702
350,c,97.24414183254702,97.24414183254702
351,c,27.137910618804305,29.408195833247348
352,t,97.24414183254702,97.24414183254702
353,c,97.24414183254702,97.24414183254702
354,c,97.24414183254702,97.24414183254702
355,c,97.24414183254702,97.24414183254702
356,t,97.24414183254702,97.24414183254702
357,c,41.45749568278045,46.39855265339765
358,na,-1,0
359,c,97.24414183254702,97.24414183254702
360,t,97.24414183254702,97.24414183254702
361,c,97.24414183254702,97.24414183254702
362,t,97.24414183254702,97.24414183254702
363,c,15.542859501987861,17.435345361936847
364,c,33.701970667892375,35.44511033570215
365,c,97.24414183254702,97.24414183254702
366,c,2.611523871039053,7.374601895238593
367,c,30.18459542023444,37.01639630461784
368,t,97.24414183254702,97.24414183254702
369,c,9.399223084187595,11.1505493779772
370,t,97.24414183254702,97.24414183254702
371,c,97.24414183254702,97.24414183254702
372,c,42.00958248154513,45.07492024978603
373,c,97.24414183254702,97.24414183254702
374,c,20.264235128016185,20.80434592347806
375,c,19.59307012132705,22.255918514453192
376,na,-1,0
377,c,65.32194067983127,65.67998576531913
378,c,26.34489648196811,28.332053714040157
379,c,97.24414183254702,97.24414183254702
380,c,97.24414183254702,97.24414183254702
381,t,97.24414183254702,97.24414183254702
382,t,97.24414183254702,97.24414183254702
383,c,37.052656821410494,40.553215594007334
384,na,0.3385233002543832,2.9453056596062006
385,t,97.24414183254702,97.24414183254702
386,c,16.1767101986717,21.98776345967271
387,c,97.24414183254702,97.24414183254702
388,t,97.24414183254702,97.24414183254702
389,c,24.529385544670173,30.380806786126787
390,c,97.24414183254702,97.24414183254702
391,t,97.24414183254702,97.24414183254702
392,c,23.64391297909773,25.28637949945817
393,c,97.24414183254702,97.24414183254702
394,c,31.707534698331827,33.55259841908356
395,c,36.607665544637975,40.86916408869172
396,c,50.02649453903897,54.09071594483753
397,c,97.24414183254702,97.24414183254702
398,c,31.149085741102862,38.52104770313022
399,c,97.24414183254702,97.24414183254702
400,t,97.24414183254702,97.24414183254702
401,c,97.24414183254702,97.24414183254702
402,c,30.878086802210344,32.57569799703705
403,c,36.74257873997883,37.504052059742236
404,c,97.24414183254702,97.24414183254702
405,c,37.481831480562036,42.46448211538873
406,na,0.03655415915478746,16.464209329275636
407,c,97.24414183254702,97.24414183254702
408,t,60.942185750964896,82.14544892341723
409,c,28.474594124434233,31.89780567787104
410,c,19.06060643579659,20.39352512240538
411,c,10.100204054239828,11.217538804790301
412,c,11.65713505617801,97.24414183254702
413,c,4.516554753479351,8.543644306514208
414,t,85.94771518459947,89.91433192092326
415,c,97.24414183254702,97.24414183254702
416,c,39.43775674565736,40.10052977897891
417,c,55.59847156888145,57.39776739760129
418,t,97.24414183254702,97.24414183254702
419,c,97.24414183254702,97.24414183254702
420,c,97.24414183254702,97.24414183254702
421,c,30.439444926134016,33.60760670986287
422,c,97.24414183254702,97.24414183254702
423,na,11.001811651253151,12.10964329493806
424,c,97.24414183254702,97.24414183254702
425,c,69.61750462862649,97.24414183254702
426,c,97.24414183254702,97.24414183254702
427,c,97.24414183254702,97.24414183254702
428,c,11.563686199799186,16.17915045667582
429,c,97.24414183254702,97.24414183254702
430,c,97.24414183254702,97.24414183254702
431,t,97.24414183254702,97.24414183254702
432,c,22.67857567595669,23.37426607207084
433,c,2.6642795517403965,6.23251950703979
434,c,15.104328104588676,19.13755674154845
435,c,42.051508341956904,42.161320291957146
436,c,45.45223594623312,50.65957746501832
437,na,0,16.502400466901076
438,c,26.301967018324675,27.73879008331856
439,c,16.789206054250105,97.24414183254702
440,c,24.45936699379186,29.067847161405474
441,c,31.28464038296887,53.2328661210698
442,t,97.24414183254702,97.24414183254702
443,c,97.24414183254702,97.24414183254702
444,c,97.24414183254702,97.24414183254702
445,c,6.746177734673587,13.600902574725488
446,t,97.24414183254702,97.24414183254702
447,t,97.24414183254702,97.24414183254702
448,c,75.41811942563986,97.24414183254702
449,c,26.16395946477962,26.985947808845264
450,c,30.90416780492741,33.266825939923436
451,t,39.06316614986697,42.327297735881366
452,t,16.89357140120121,18.632164865329614
453,c,9.706122317365837,14.799751637408571
454,c,97.24414183254702,97.24414183254702
455,t,97.24414183254702,97.24414183254702
456,c,97.24414183254702,97.24414183254702
457,c,23.73001641541629,28.03751686189972
458,c,97.24414183254702,97.24414183254702
459,c,97.24414183254702,97.24414183254702
460,t,97.24414183254702,97.24414183254702
461,c,51.152599146444295,60.215908193514906
462,c,97.24414183254702,97.24414183254702
463,na,0,0.15244774432696417
464,c,97.24414183254702,97.24414183254702
465,t,97.24414183254702,97.24414183254702
466,c,97.24414183254702,97.24414183254702
467,c,7.672148569876142,27.234852788066323
468,c,39.55356477279199,42.68919073310305
469,c,34.4018674412732,97.24414183254702
470,c,97.24414183254702,97.24414183254702
471,c,30.028438967653113,35.108364304024654
472,t,97.24414183254702,97.24414183254702
473,t,8.321114856977145,97.24414183254702
474,t,97.24414183254702,97.24414183254702
475,c,14.71643362710252,15.943375566750616
476,c,50.30170711358684,62.06098758047441
477,t,97.24414183254702,97.24414183254702
478,c,53.80223181948774,56.26185685844244
479,c,97.24414183254702,97.24414183254702
480,c,34.17420296854301,36.02161086154648
481,na,2.9688478849806326,5.665738523837308
482,c,14.095273133282797,14.94731196273579
483,c,13.2791698360957,18.764681893815105
484,c,18.918208897997566,29.57109756944559
485,c,26.599208676452374,29.190993885335825
486,t,97.24414183254702,97.24414183254702
487,c,97.24414183254702,97.24414183254702
488,c,17.523945467964694,19.87628620124821
489,c,25.515202939452838,26.864060901347873
490,c,97.24414183254702,97.24414183254702
491,c,32.35877965040437,34.26051922917226
492,c,97.24414183254702,97.24414183254702
493,c,5.053473934548226,13.081312122853957
494,c,97.24414183254702,97.24414183254702
495,t,97.24414183254702,97.24414183254702
496,t,97.24414183254702,97.24414183254702
497,t,97.24414183254702,97.24414183254702
498,c,16.990578785518743,23.573622416742467
499,t,97.24414183254702,97.24414183254702
500,c,97.24414183254702,97.24414183254702
501,t,97.24414183254702,97.24414183254702
502,t,69.10053568968634,73.1233196766799
503,t,97.24414183254702,97.24414183254702
504,c,97.24414183254702,97.24414183254702
505,c,25.344661694851002,29.88374079399031
506,na,0,0.49534367181933137
507,c,51.72803282685686,70.50073056526517
508,c,61.67580824446322,64.1895071645964
509,c,20.555704861085285,35.399219887768496
510,c,97.24414183254702,97.24414183254702
511,c,18.59498698647117,19.20730671618123
512,c,10.004749172239704,97.24414183254702
513,c,22.12039345541612,22.276361003413673
514,t,97.24414183254702,97.24414183254702
515,c,97.24414183254702,97.24414183254702
516,c,28.922258789074107,29.259493875022926
517,c,42.391984896082526,42.53310549574593
518,c,48.5840142314617,55.86520592508026
519,c,97.24414183254702,97.24414183254702
520,c,97.24414183254702,97.24414183254702
521,c,97.24414183254702,97.24414183254702
522,t,97.24414183254702,97.24414183254702
523,c,97.24414183254702,97.24414183254702
524,c,51.81468286412508,52.321266450971635
525,c,10.463989830736494,17.18005192823835
526,c,97.24414183254702,97.24414183254702
527,c,35.15478162190363,41.089757112248805
528,t,97.24414183254702,97.24414183254702
529,t,97.24414183254702,97.24414183254702
530,c,45.33053989788487,52.760005934462434
531,t,97.24414183254702,97.24414183254702
532,c,5.592237873839766,12.92570708540299
533,na,0,2.2771494346892585
534,c,97.24414183254702,97.24414183254702
535,c,97.24414183254702,97.24414183254702
536,c,31.432649450698566,33.839385267339956
537,c,33.112544318464145,38.11598625402877
538,na,18.905144833400954,97.24414183254702
539,c,97.24414183254702,97.24414183254702
540,na,-1,0
541,c,97.24414183254702,97.24414183254702
542,c,97.24414183254702,97.24414183254702
543,c,20.336084887450593,23.156314836360735
544,t,28.60747643206232,31.17799002894486
545,c,13.489033130132873,21.812782295730045
546,c,97.24414183254702,97.24414183254702
547,t,97.24414183254702,97.24414183254702
548,c,18.000632688252278,97.24414183254702
549,t,57.4892460639319,62.041376833659875
550,c,45.69661287217359,45.96528414466223
551,c,22.683980736524408,26.03748313152274
552,c,97.24414183254702,97.24414183254702
553,c,32.82318713847714,37.463030613640406
554,c,97.24414183254702,97.24414183254702
555,c,32.854515118310445,97.24414183254702
556,c,23.074380659119285,23.859563506337217
557,c,20.08992216949902,34.33963396309104
558,t,97.24414183254702,97.24414183254702
559,c,16.416297635618882,23.326745700309324
560,c,43.11752638945224,43.79798547199973
561,t,97.24414183254702,97.24414183254702
562,c,97.24414183254702,97.24414183254702
563,t,12.715457831416193,17.099181971227555
564,c,97.24414183254702,97.24414183254702
565,c,97.24414183254702,97.24414183254702
566,c,97.24414183254702,97.24414183254702
567,c,97.24414183254702,97.24414183254702
568,t,97.24414183254702,97.24414183254702
569,t,97.24414183254702,97.24414183254702
570,t,22.064559245293093,25.171251428845448
571,c,97.24414183254702,97.24414183254702
572,t,22.48468997753921,35.247917285164164
573,c,97.24414183254702,97.24414183254702
574,c,33.71654263888923,38.21411916699539
575,na,0.9718047606438203,97.24414183254702
576,c,12.066124976776264,16.49335069539328
577,t,17.244505577940718,26.491531472373296
578,c,21.80065942569104,25.949441143117447
579,t,97.24414183254702,97.24414183254702
580,c,30.91580762018182,33.20983048840921
581,c,6.077537257510453,10.333504026826056
582,c,97.24414183254702,97.24414183254702
583,c,65.62118272089332,65.84396856746284
584,t,25.80588593055183,30.100517465352965
585,c,97.24414183254702,97.24414183254702
586,t,3.8384352812684606,9.141465401225007
587,c,97.24414183254702,97.24414183254702
588,t,97.24414183254702,97.24414183254702
589,c,97.24414183254702,97.24414183254702
590,c,97.24414183254702,97.24414183254702
591,t,25.89390889035917,26.879405092958454
592,c,8.928750108761147,13.668720567597852
593,c,9.158599516117432,13.079300181580043
594,c,97.24414183254702,97.24414183254702
595,c,31.51834694646013,42.07821363068363
596,c,97.24414183254702,97.24414183254702
597,t,97.24414183254702,97.24414183254702
598,c,50.78362189509587,51.109310315778934
599,t,97.24414183254702,97.24414183254702
600,c,72.09006494185279,75.85642997223864
601,c,97.24414183254702,97.24414183254702
602,c,5.737529599480135,11.878740698136777
603,na,0,2.501117266929716
604,t,97.24414183254702,97.24414183254702
605,c,49.75874592888744,52.92630836506818
606,t,97.24414183254702,97.24414183254702
607,t,97.24414183254702,97.24414183254702
608,c,27.898590131127943,32.03771851801669
609,c,97.24414183254702,97.24414183254702
610,t,97.24414183254702,97.24414183254702
611,c,20.35568435243024,20.836274152353752
612,c,97.24414183254702,97.24414183254702
613,t,38.33697774159225,52.00360109003434
614,c,97.24414183254702,97.24414183254702
615,c,97.24414183254702,97.24414183254702
616,t,97.24414183254702,97.24414183254702
617,c,10.824122811256558,13.357932836025622
618,c,22.717732360833057,23.533344078861614
619,t,97.24414183254702,97.24414183254702
620,na,1.472241178876316,11.456276514941958
621,c,97.24414183254702,97.24414183254702
622,c,97.24414183254702,97.24414183254702
623,c,42.36971839746246,69.37305266998169
624,na,0,1.4835164786985489
625,c,15.310295841006536,22.155407796367303
626,c,28.896627834219082,30.202187789235374
627,c,27.82440000196236,30.60715633673591
628,c,97.24414183254702,97.24414183254702
629,c,97.24414183254702,97.24414183254702
630,c,22.76326406159662,26.29016597796714
631,c,97.24414183254702,97.24414183254702
632,c,33.20856523632906,36.63774299840317
633,c,97.24414183254702,97.24414183254702
634,t,34.84742688473271,41.51242654367559
635,c,23.478834804920762,23.656566040086346
636,t,27.64728265469143,38.665376921005205
637,na,3.182288728112696,4.837614354426936
638,c,10.427059118214082,13.040303675709845
639,na,0,4.6019555202382785
640,c,33.41796270132721,33.535123555654664
641,c,97.24414183254702,97.24414183254702
642,c,33.97197447198377,35.835599051157715
643,c,97.24414183254702,97.24414183254702
644,c,97.24414183254702,97.24414183254702
645,c,97.24414183254702,97.24414183254702
646,c,30.39617246840501,34.14755136573687
647,c,97.24414183254702,97.24414183254702
648,c,34.85375542642654,36.18479786444924
649,c,97.24414183254702,97.24414183254702
650,t,37.36883359758309,44.0355438423453
651,c,97.24414183254702,97.24414183254702
652,c,97.24414183254702,97.24414183254702
653,c,3.955051889743114,7.704721287608482
654,c,97.24414183254702,97.24414183254702
655,c,97.24414183254702,97.24414183254702
656,c,97.24414183254702,97.24414183254702
657,c,14.533096445532433,16.3326411645253
658,t,20.985532189787357,21.438300224691837
659,t,97.24414183254702,97.24414183254702
660,c,33.09872569914125,36.460096160975205
661,c,97.24414183254702,97.24414183254702
662,na,2.830434896359083,97.24414183254702
663,c,97.24414183254702,97.24414183254702
664,c,97.24414183254702,97.24414183254702
665,c,34.54838408185838,38.96559731995262
666,c,43.148158707709214,43.8741624873752
667,t,42.14196106135411,46.489193021900206
668,c,97.24414183254702,97.24414183254702
669,na,16.326961796510325,26.932857455855192
670,t,35.541453913659176,36.36273662873334
671,c,26.332466246277498,27.975245074670994
672,c,33.246110302246095,39.5913828099967
673,c,23.49315543168126,25.497756916470927
674,t,97.24414183254702,97.24414183254702
675,c,97.24414183254702,97.24414183254702
676,c,37.75106634694374,38.0340266819229
677,t,97.24414183254702,97.24414183254702
678,t,50.26507249704019,97.24414183254702
679,t,97.24414183254702,97.24414183254702
680,c,23.828748860854017,34.04567206572263
681,c,12.969877831936117,22.441386595387804
682,c,12.478438557049383,18.84995608054949
683,c,24.95764664908449,30.848069145822517
684,c,15.984078663161798,97.24414183254702
685,t,97.24414183254702,97.24414183254702
686,na,3.156143856118132,9.403493722001022
687,c,30.124721839679466,39.24774867996949
688,t,97.24414183254702,97.24414183254702
689,c,97.24414183254702,97.24414183254702
690,c,97.24414183254702,97.24414183254702
691,c,97.24414183254702,97.24414183254702
692,c,97.24414183254702,97.24414183254702
693,c,39.79595918748401,97.24414183254702
694,c,97.24414183254702,97.24414183254702
695,c,97.24414183254702,97.24414183254702
696,c,97.24414183254702,97.24414183254702
697,c,97.24414183254702,97.24414183254702
698,c,35.18995606789486,38.99477709375537
699,c,97.24414183254702,97.24414183254702
700,c,97.24414183254702,97.24414183254702
701,t,97.24414183254702,97.24414183254702
702,c,10.84868108095374,20.94946774099697
703,c,34.40493941917182,40.76193858727989
704,t,97.24414183254702,97.24414183254702
705,c,31.63268380167747,31.64992146296568
706,c,97.24414183254702,97.24414183254702
707,c,43.49541578139955,44.54918660195832
708,t,97.24414183254702,97.24414183254702
709,t,55.21882510310265,61.98684775146717
710,c,97.24414183254702,97.24414183254702
711,c,97.24414183254702,97.24414183254702
712,t,32.83144415841347,38.46439542785479
713,c,97.24414183254702,97.24414183254702
714,na,2.2304210420865838,7.240896619002882
715,c,26.06951437027518,27.23943409415388
716,c,36.81665656310849,45.689830825911265
717,c,34.12009327221882,35.07137571853563
718,c,27.177056607553386,38.32145097007302
719,c,31.77500605906945,33.57563424164321
720,c,60.30384061557378,65.43928666882594
721,t,97.24414183254702,97.24414183254702
722,c,97.24414183254702,97.24414183254702
723,c,15.739105254541753,20.56416291326618
724,c,24.71066524113682,24.724303004823764
725,c,33.24387870671574,34.200401529239976
726,c,97.24414183254702,97.24414183254702
727,c,16.333126856689166,18.62991488751573
728,c,36.68971997102611,37.393276323088514
729,c,10.95481926781716,11.335685229752471
730,c,97.24414183254702,97.24414183254702
731,c,65.74290311774583,78.53670122380146
732,c,22.828449382891993,29.322675475022297
733,c,14.909677449228184,18.43529714039268
734,c,37.078451056142455,41.77532751595831
735,na,-1,0
736,c,27.08353631391275,60.4294406453484
737,c,18.152626979458205,29.23656153982862
738,c,30.039642624345717,30.770637495176075
739,c,6.45426811361378,17.630909000329034
740,c,30.48673521665285,37.61711849541787
741,c,12.646361585077608,20.44153510927294
742,c,97.24414183254702,97.24414183254702
743,c,97.24414183254702,97.24414183254702
744,c,23.87271439239433,97.24414183254702
745,t,97.24414183254702,97.24414183254702
746,c,30.063534169690893,33.479662521793685
747,c,33.57374529707102,37.244194185587794
748,c,35.44821961443783,45.529840936016306
749,c,21.036416086428193,22.919957274425926
750,c,97.24414183254702,97.24414183254702
751,c,95.64683589503375,96.3540105789951
752,c,97.24414183254702,97.24414183254702
753,c,24.650709377398147,30.11375215818904
754,t,97.24414183254702,97.24414183254702
755,t,29.001866214103178,29.276416831533666
756,c,97.24414183254702,97.24414183254702
757,c,6.142865178136574,15.450779580938708
758,c,14.349233823261805,15.69004749293998
759,c,97.24414183254702,97.24414183254702
760,c,36.953241517606735,44.36656317791701
761,c,42.88144447179351,44.14434688576748
762,t,97.24414183254702,97.24414183254702
763,c,14.066731411822238,18.211031689880862
764,c,97.24414183254702,97.24414183254702
765,c,97.24414183254702,97.24414183254702
766,c,97.24414183254702,97.24414183254702
767,c,97.24414183254702,97.24414183254702
768,c,47.46139486571089,48.54634380299514
769,c,97.24414183254702,97.24414183254702
770,c,97.24414183254702,97.24414183254702
771,na,5.59812084040622,7.340377451269991
772,c,32.0608323350937,97.24414183254702
773,c,42.75219246846,42.9818769688319
774,c,10.13448630805244,12.313629210812849
775,c,30.62527465774604,66.7139440882187
776,t,97.24414183254702,97.24414183254702
777,c,97.24414183254702,97.24414183254702
778,c,16.427201131758096,18.82420163915155
779,c,97.24414183254702,97.24414183254702
780,c,27.311809694157635,36.724541065819885
781,c,97.24414183254702,97.24414183254702
782,c,97.24414183254702,97.24414183254702
783,t,97.24414183254702,97.24414183254702
784,t,97.24414183254702,97.24414183254702
785,c,97.24414183254702,97.24414183254702
786,c,97.24414183254702,97.24414183254702
787,c,26.678251684555054,32.83260128106102
788,c,97.24414183254702,97.24414183254702
789,c,97.24414183254702,97.24414183254702
790,t,97.24414183254702,97.24414183254702
791,c,24.19701184944648,25.58277464527067
792,c,97.24414183254702,97.24414183254702
793,t,34.59467478745856,38.80010454815471
794,c,47.045426088590645,66.16590529968441
795,c,23.8811242125187,24.655643180648728
796,c,97.24414183254702,97.24414183254702
797,c,97.24414183254702,97.24414183254702
798,c,14.435384397288058,97.24414183254702
799,c,97.24414183254702,97.24414183254702
800,c,30.080338348641288,34.70445976447385
801,c,97.24414183254702,97.24414183254702
802,c,23.95600053709188,25.480253848568783
803,c,25.644495648213955,27.895925164704607
804,c,97.24414183254702,97.24414183254702
805,t,50.755961782782634,57.04363172625049
806,c,37.14391137951903,38.031759152531855
807,c,9.34632536059776,13.828300850256703
808,c,20.497723823572446,23.547541961940002
809,c,31.489115465645757,97.24414183254702
810,c,44.22061313460673,45.680224454212045
811,c,11.625387483201125,18.994443996653352
812,c,16.589212747430686,18.9095538338341
813,c,33.18006331593692,35.234180562181734
814,c,97.24414183254702,97.24414183254702
815,c,25.70370188996708,27.318417657945435
816,c,27.49081337115638,38.59014515675265
817,c,26.21677545592106,26.374022808207943
818,c,97.24414183254702,97.24414183254702
819,c,97.24414183254702,97.24414183254702
820,c,51.05885766877716,60.95473902663749
821,c,21.388474445499032,97.24414183254702
822,c,97.24414183254702,97.24414183254702
823,c,97.24414183254702,97.24414183254702
824,c,97.24414183254702,97.24414183254702
825,c,39.53797127134817,41.33293727055042
826,c,97.24414183254702,97.24414183254702
827,c,97.24414183254702,97.24414183254702
828,c,97.24414183254702,97.24414183254702
829,c,37.03842855835474,40.448243181698636
830,t,97.24414183254702,97.24414183254702
831,c,97.24414183254702,97.24414183254702
832,c,2.929824963214217,5.304031702508388
833,t,97.24414183254702,97.24414183254702
834,c,41.55903431013926,42.00952756822776
835,c,97.24414183254702,97.24414183254702
836,c,97.24414183254702,97.24414183254702
837,c,24.743983992679922,33.8929135484281
838,c,41.50759215921099,43.73633626132141
839,c,97.24414183254702,97.24414183254702
840,c,31.635936440838847,35.91683940641625
841,c,97.24414183254702,97.24414183254702
842,c,34.959210543982614,45.887135757101966
843,c,43.803887062003845,44.21345868377514
844,t,97.24414183254702,97.24414183254702
845,c,13.20552117004164,14.135324954578582
846,c,97.24414183254702,97.24414183254702
847,c,97.24414183254702,97.24414183254702
848,c,22.582595177831006,29.034239425846256
849,c,97.24414183254702,97.24414183254702
850,c,47.83816742327197,49.27039431826512
851,c,97.24414183254702,97.24414183254702
852,t,21.70307240859325,21.895745821270687
853,c,97.24414183254702,97.24414183254702
854,c,6.307475904476505,6.337006227325701
855,na,4.038252451420555,11.55084597385507
856,t,97.24414183254702,97.24414183254702
857,c,15.118429749242443,15.541045574198149
858,c,15.300789684737742,23.827263978153756
859,c,3.8257402936287046,97.24414183254702
860,c,97.24414183254702,97.24414183254702
861,c,16.297573075374302,97.24414183254702
862,c,97.24414183254702,97.24414183254702
863,c,97.24414183254702,97.24414183254702
864,c,97.24414183254702,97.24414183254702
865,c,97.24414183254702,97.24414183254702
866,c,97.24414183254702,97.24414183254702
867,c,11.168953265177327,13.051937920216396
868,t,41.1120356538742,43.20905448977428
869,c,97.24414183254702,97.24414183254702
870,t,25.535724306337688,30.537063952146145
871,c,97.24414183254702,97.24414183254702
872,t,4.008229017499724,4.779492118964752
873,c,30.046775157324472,97.24414183254702
874,c,32.5057629082652,41.67135103674764
875,c,97.24414183254702,97.24414183254702
876,c,27.501697303276615,97.24414183254702
877,t,27.853540564682422,34.257560769972926
878,c,19.008429168355832,19.366635012171297
879,c,97.24414183254702,97.24414183254702
880,t,27.97685919703766,39.72537446500547
881,c,97.24414183254702,97.24414183254702
882,c,21.130931440968716,21.830397108044266
883,c,97.24414183254702,97.24414183254702
884,c,97.24414183254702,97.24414183254702
885,c,97.24414183254702,97.24414183254702
886,c,97.24414183254702,97.24414183254702
887,c,97.24414183254702,97.24414183254702
888,c,97.24414183254702,97.24414183254702
889,c,19.422677187679305,97.24414183254702
890,c,6.270720456866429,6.64176667146393
891,c,62.705778653184574,72.00097726812727
892,t,97.24414183254702,97.24414183254702
893,c,97.24414183254702,97.24414183254702
894,t,97.24414183254702,97.24414183254702
895,t,97.24414183254702,97.24414183254702
896,t,97.24414183254702,97.24414183254702
897,na,15.85420304498667,39.589504844299114
898,c,3.467670279996567,12.255146765890185
899,c,29.88812231846865,97.24414183254702
900,c,97.24414183254702,97.24414183254702
901,c,97.24414183254702,97.24414183254702
902,c,97.24414183254702,97.24414183254702
903,c,14.259226264260418,16.311626255232536
904,c,97.24414183254702,97.24414183254702
905,c,12.648936820197727,12.79817444321587
906,c,97.24414183254702,97.24414183254702
907,c,97.24414183254702,97.24414183254702
908,c,11.738185722349217,12.718918053181715
909,c,61.98710359144913,62.96207841232727
910,c,15.312886222624503,27.303590147014905
911,c,36.10773715342569,37.125786541276426
912,c,97.24414183254702,97.24414183254702
913,t,97.24414183254702,97.24414183254702
914,t,97.24414183254702,97.24414183254702
915,c,97.24414183254702,97.24414183254702
916,t,97.24414183254702,97.24414183254702
917,c,34.136987270965484,43.41466456705915
918,c,32.47167469110422,35.060455922615006
919,c,12.643248584249248,26.267981306114997
920,t,5.744279776558416,12.555217701226454
921,c,97.24414183254702,97.24414183254702
922,c,21.61808948659828,27.802994268419056
923,c,19.603354536192057,20.942171298970568
924,c,97.24414183254702,97.24414183254702
925,c,28.007404012513874,44.253572374170496
926,c,97.24414183254702,97.24414183254702
927,c,97.24414183254702,97.24414183254702
928,c,16.44305447592397,16.716162635286913
929,c,22.482159304981074,36.802008919961644
930,c,21.78547865210873,30.728795591600885
931,t,97.24414183254702,97.24414183254702
932,c,97.24414183254702,97.24414183254702
933,c,25.138069160326307,26.715324617433808
934,c,18.980194133668476,31.476920480280693
935,t,7.499907770417162,13.322737306010799
936,c,30.42358494004375,30.50707935703272
937,t,97.24414183254702,97.24414183254702
938,na,-1,0
939,c,13.26147055985241,15.869538138284877
940,c,27.509655847169686,29.15236649536593
941,c,51.836720596640575,55.01699030550976
942,t,97.24414183254702,97.24414183254702
943,c,97.24414183254702,97.24414183254702
944,t,97.24414183254702,97.24414183254702
945,c,97.24414183254702,97.24414183254702
946,t,97.24414183254702,97.24414183254702
947,t,97.24414183254702,97.24414183254702
948,c,7.405060286321805,11.650405928424115
949,c,12.435709538219124,14.882429181344135
950,c,97.24414183254702,97.24414183254702
951,c,34.96216567747918,40.78875901409777
952,c,30.45717398269465,30.530514491133374
953,c,49.830858933192644,56.22935657911268
954,c,12.255400377453913,14.129316821387947
955,c,27.35788028043252,33.316284197135936
956,c,27.53868470038665,29.978536200548934
957,c,12.721396267386007,13.022656740946848
958,c,18.0525073715141,18.88657387931784
959,c,97.24414183254702,97.24414183254702
960,c,97.24414183254702,97.24414183254702
961,c,97.24414183254702,97.24414183254702
962,c,97.24414183254702,97.24414183254702
963,c,97.24414183254702,97.24414183254702
964,t,28.310519805852042,28.507799553927725
965,na,4.30070637130059,4.357803709474002
966,c,97.24414183254702,97.24414183254702
967,t,97.24414183254702,97.24414183254702
968,c,59.058987025700176,62.359448653899655
969,c,97.24414183254702,97.24414183254702
970,c,97.24414183254702,97.24414183254702
971,c,97.24414183254702,97.24414183254702
972,c,97.24414183254702,97.24414183254702
973,c,8.71537054608,15.019286697039549
974,c,97.24414183254702,97.24414183254702
975,c,28.560216373484774,29.28186770966709
976,c,97.24414183254702,97.24414183254702
977,c,97.24414183254702,97.24414183254702
978,c,19.266794292128225,30.751196377766988
979,na,19.55113839772373,20.053791677332054
980,c,97.24414183254702,97.24414183254702
981,na,0.7273479581122094,97.24414183254702
982,c,97.24414183254702,97.24414183254702
983,c,8.506978096954171,12.968127628221461
984,c,97.24414183254702,97.24414183254702
985,c,97.24414183254702,97.24414183254702
986,c,21.885639654450717,29.661350207923093
987,c,97.24414183254702,97.24414183254702
988,c,23.116734276903646,23.159210661742378
989,c,30.396419873011975,32.57637000405168
990,t,21.156690519870033,35.3454015313978
991,c,38.12231299846778,39.230853644154145
992,c,97.24414183254702,97.24414183254702
993,c,35.69487030302654,35.89342936987992
994,c,38.72042825604453,40.23961315535972
995,c,41.13998138663907,41.328390295758815
996,t,97.24414183254702,97.24414183254702
997,c,97.24414183254702,97.24414183254702
998,c,52.87230847641799,54.45175850873698
999,c,97.24414183254702,97.24414183254702
