node, assignment, time2inf, time2death
0,na,-1,0
1,na,-1,0
2,na,-1,0
3,na,-1,0
4,na,0,0.7903490314818107
5,na,-1,0
6,na,-1,0
7,na,-1,0
8,na,-1,0
9,na,165.7037720607138,165.7037720607138
10,na,-1,0
11,na,-1,0
12,na,-1,0
13,na,-1,0
14,na,-1,0
15,na,-1,0
16,na,-1,0
17,na,-1,0
18,na,-1,0
19,na,-1,0
20,na,-1,0
21,na,-1,0
22,na,-1,0
23,na,-1,0
24,na,0,165.7037720607138
25,na,0,5.856286910448644
26,na,-1,0
27,na,-1,0
28,na,-1,0
29,na,-1,0
30,na,-1,0
31,na,-1,0
32,na,-1,0
33,na,-1,0
34,na,-1,0
35,na,-1,0
36,na,0,0.5105008436807724
37,na,-1,0
38,na,-1,0
39,na,-1,0
40,t,165.7037720607138,165.7037720607138
41,c,165.7037720607138,165.7037720607138
42,c,165.7037720607138,165.7037720607138
43,t,165.7037720607138,165.7037720607138
44,t,165.7037720607138,165.7037720607138
45,t,165.7037720607138,165.7037720607138
46,c,165.7037720607138,165.7037720607138
47,t,165.7037720607138,165.7037720607138
48,t,165.7037720607138,165.7037720607138
49,t,165.7037720607138,165.7037720607138
50,t,165.7037720607138,165.7037720607138
51,t,165.7037720607138,165.7037720607138
52,t,165.7037720607138,165.7037720607138
53,c,165.7037720607138,165.7037720607138
54,c,165.7037720607138,165.7037720607138
55,c,165.7037720607138,165.7037720607138
56,t,165.7037720607138,165.7037720607138
57,t,165.7037720607138,165.7037720607138
58,c,165.7037720607138,165.7037720607138
59,c,165.7037720607138,165.7037720607138
60,t,165.7037720607138,165.7037720607138
61,c,165.7037720607138,165.7037720607138
62,c,80.77219162883203,165.7037720607138
63,c,165.7037720607138,165.7037720607138
64,c,165.7037720607138,165.7037720607138
65,na,1.7841803049316591,6.267909889927838
66,c,13.726176286707831,14.250906114357388
67,t,165.7037720607138,165.7037720607138
68,t,165.7037720607138,165.7037720607138
69,t,165.7037720607138,165.7037720607138
70,t,165.7037720607138,165.7037720607138
71,c,165.7037720607138,165.7037720607138
72,t,165.7037720607138,165.7037720607138
73,t,165.7037720607138,165.7037720607138
74,t,165.7037720607138,165.7037720607138
75,c,165.7037720607138,165.7037720607138
76,c,165.7037720607138,165.7037720607138
77,t,165.7037720607138,165.7037720607138
78,t,165.7037720607138,165.7037720607138
79,t,165.7037720607138,165.7037720607138
80,t,165.7037720607138,165.7037720607138
81,c,18.76471250727275,24.43491816612928
82,t,165.7037720607138,165.7037720607138
83,c,165.7037720607138,165.7037720607138
84,c,165.7037720607138,165.7037720607138
85,c,165.7037720607138,165.7037720607138
86,t,165.7037720607138,165.7037720607138
87,c,165.7037720607138,165.7037720607138
88,t,165.7037720607138,165.7037720607138
89,c,165.7037720607138,165.7037720607138
90,c,165.7037720607138,165.7037720607138
91,t,165.7037720607138,165.7037720607138
92,t,165.7037720607138,165.7037720607138
93,c,165.7037720607138,165.7037720607138
94,t,165.7037720607138,165.7037720607138
95,c,165.7037720607138,165.7037720607138
96,c,165.7037720607138,165.7037720607138
97,c,165.7037720607138,165.7037720607138
98,c,165.7037720607138,165.7037720607138
99,c,165.7037720607138,165.7037720607138
100,c,26.60718472780275,30.296566706889763
101,c,165.7037720607138,165.7037720607138
102,t,165.7037720607138,165.7037720607138
103,c,165.7037720607138,165.7037720607138
104,c,165.7037720607138,165.7037720607138
105,c,165.7037720607138,165.7037720607138
106,t,165.7037720607138,165.7037720607138
107,c,16.186082515202347,16.938375515911297
108,c,165.7037720607138,165.7037720607138
109,t,165.7037720607138,165.7037720607138
110,c,165.7037720607138,165.7037720607138
111,c,165.7037720607138,165.7037720607138
112,c,165.7037720607138,165.7037720607138
113,c,53.798335064244824,56.757607316076786
114,c,165.7037720607138,165.7037720607138
115,c,165.7037720607138,165.7037720607138
116,t,165.7037720607138,165.7037720607138
117,c,58.564890567590965,65.11225791194774
118,t,165.7037720607138,165.7037720607138
119,t,165.7037720607138,165.7037720607138
120,c,165.7037720607138,165.7037720607138
121,t,165.7037720607138,165.7037720607138
122,c,165.7037720607138,165.7037720607138
123,c,165.7037720607138,165.7037720607138
124,c,30.894599867021235,31.58492674937203
125,t,165.7037720607138,165.7037720607138
126,c,17.643260004550665,18.513410703545272
127,c,165.7037720607138,165.7037720607138
128,c,165.7037720607138,165.7037720607138
129,t,165.7037720607138,165.7037720607138
130,t,165.7037720607138,165.7037720607138
131,t,165.7037720607138,165.7037720607138
132,t,165.7037720607138,165.7037720607138
133,c,165.7037720607138,165.7037720607138
134,c,42.217539707322814,43.976847501492536
135,c,165.7037720607138,165.7037720607138
136,t,165.7037720607138,165.7037720607138
137,c,165.7037720607138,165.7037720607138
138,t,165.7037720607138,165.7037720607138
139,t,165.7037720607138,165.7037720607138
140,c,165.7037720607138,165.7037720607138
141,c,165.7037720607138,165.7037720607138
142,t,165.7037720607138,165.7037720607138
143,t,165.7037720607138,165.7037720607138
144,t,165.7037720607138,165.7037720607138
145,c,165.7037720607138,165.7037720607138
146,t,165.7037720607138,165.7037720607138
147,t,165.7037720607138,165.7037720607138
148,c,165.7037720607138,165.7037720607138
149,c,165.7037720607138,165.7037720607138
150,c,165.7037720607138,165.7037720607138
151,c,165.7037720607138,165.7037720607138
152,t,165.7037720607138,165.7037720607138
153,t,165.7037720607138,165.7037720607138
154,t,165.7037720607138,165.7037720607138
155,t,165.7037720607138,165.7037720607138
156,t,165.7037720607138,165.7037720607138
157,t,165.7037720607138,165.7037720607138
158,c,165.7037720607138,165.7037720607138
159,c,165.7037720607138,165.7037720607138
160,c,34.21465337709817,36.276474072427405
161,t,165.7037720607138,165.7037720607138
162,c,165.7037720607138,165.7037720607138
163,c,165.7037720607138,165.7037720607138
164,c,165.7037720607138,165.7037720607138
165,t,165.7037720607138,165.7037720607138
166,c,165.7037720607138,165.7037720607138
167,c,165.7037720607138,165.7037720607138
168,c,165.7037720607138,165.7037720607138
169,t,165.7037720607138,165.7037720607138
170,t,165.7037720607138,165.7037720607138
171,t,165.7037720607138,165.7037720607138
172,c,165.7037720607138,165.7037720607138
173,c,165.7037720607138,165.7037720607138
174,t,165.7037720607138,165.7037720607138
175,t,165.7037720607138,165.7037720607138
176,c,165.7037720607138,165.7037720607138
177,c,165.7037720607138,165.7037720607138
178,c,165.7037720607138,165.7037720607138
179,c,17.789172920648564,20.078017368595845
180,t,165.7037720607138,165.7037720607138
181,t,165.7037720607138,165.7037720607138
182,c,17.069035803161615,20.217352793661448
183,c,165.7037720607138,165.7037720607138
184,c,165.7037720607138,165.7037720607138
185,c,165.7037720607138,165.7037720607138
186,c,165.7037720607138,165.7037720607138
187,c,165.7037720607138,165.7037720607138
188,c,28.71263449821909,165.7037720607138
189,c,165.7037720607138,165.7037720607138
190,t,165.7037720607138,165.7037720607138
191,t,165.7037720607138,165.7037720607138
192,t,165.7037720607138,165.7037720607138
193,c,43.107487297011495,165.7037720607138
194,t,165.7037720607138,165.7037720607138
195,c,165.7037720607138,165.7037720607138
196,c,22.00857049571153,23.90052321796912
197,t,165.7037720607138,165.7037720607138
198,t,165.7037720607138,165.7037720607138
199,t,165.7037720607138,165.7037720607138
200,c,165.7037720607138,165.7037720607138
201,t,165.7037720607138,165.7037720607138
202,c,165.7037720607138,165.7037720607138
203,t,165.7037720607138,165.7037720607138
204,t,165.7037720607138,165.7037720607138
205,c,165.7037720607138,165.7037720607138
206,t,165.7037720607138,165.7037720607138
207,na,0,3.902161725713698
208,t,165.7037720607138,165.7037720607138
209,t,165.7037720607138,165.7037720607138
210,t,165.7037720607138,165.7037720607138
211,c,165.7037720607138,165.7037720607138
212,c,165.7037720607138,165.7037720607138
213,t,165.7037720607138,165.7037720607138
214,na,-1,0
215,t,165.7037720607138,165.7037720607138
216,t,165.7037720607138,165.7037720607138
217,t,165.7037720607138,165.7037720607138
218,t,165.7037720607138,165.7037720607138
219,t,165.7037720607138,165.7037720607138
220,c,48.284176468047875,165.7037720607138
221,t,165.7037720607138,165.7037720607138
222,t,165.7037720607138,165.7037720607138
223,t,165.7037720607138,165.7037720607138
224,t,165.7037720607138,165.7037720607138
225,t,165.7037720607138,165.7037720607138
226,t,165.7037720607138,165.7037720607138
227,c,165.7037720607138,165.7037720607138
228,c,165.7037720607138,165.7037720607138
229,t,165.7037720607138,165.7037720607138
230,c,165.7037720607138,165.7037720607138
231,c,165.7037720607138,165.7037720607138
232,t,165.7037720607138,165.7037720607138
233,c,57.51373513031455,165.7037720607138
234,c,165.7037720607138,165.7037720607138
235,c,165.7037720607138,165.7037720607138
236,t,165.7037720607138,165.7037720607138
237,t,165.7037720607138,165.7037720607138
238,t,165.7037720607138,165.7037720607138
239,t,165.7037720607138,165.7037720607138
240,c,28.79954019213382,32.71031861095564
241,c,165.7037720607138,165.7037720607138
242,t,165.7037720607138,165.7037720607138
243,c,14.686176398023285,15.235452305860916
244,c,165.7037720607138,165.7037720607138
245,c,165.7037720607138,165.7037720607138
246,t,165.7037720607138,165.7037720607138
247,t,165.7037720607138,165.7037720607138
248,c,165.7037720607138,165.7037720607138
249,c,165.7037720607138,165.7037720607138
250,t,165.7037720607138,165.7037720607138
251,c,165.7037720607138,165.7037720607138
252,c,165.7037720607138,165.7037720607138
253,t,165.7037720607138,165.7037720607138
254,t,165.7037720607138,165.7037720607138
255,t,165.7037720607138,165.7037720607138
256,c,165.7037720607138,165.7037720607138
257,t,165.7037720607138,165.7037720607138
258,t,165.7037720607138,165.7037720607138
259,t,165.7037720607138,165.7037720607138
260,na,3.7895893850085645,11.18942938933304
261,na,0.19784490351696438,0.4864626063883811
262,t,165.7037720607138,165.7037720607138
263,t,165.7037720607138,165.7037720607138
264,t,165.7037720607138,165.7037720607138
265,c,165.7037720607138,165.7037720607138
266,c,165.7037720607138,165.7037720607138
267,t,165.7037720607138,165.7037720607138
268,c,165.7037720607138,165.7037720607138
269,t,165.7037720607138,165.7037720607138
270,t,165.7037720607138,165.7037720607138
271,t,165.7037720607138,165.7037720607138
272,c,45.81066159133916,50.68976243552964
273,t,165.7037720607138,165.7037720607138
274,c,22.29063427732881,165.7037720607138
275,c,165.7037720607138,165.7037720607138
276,t,165.7037720607138,165.7037720607138
277,t,165.7037720607138,165.7037720607138
278,c,165.7037720607138,165.7037720607138
279,c,24.243998732039998,27.250233205118928
280,t,165.7037720607138,165.7037720607138
281,t,165.7037720607138,165.7037720607138
282,c,165.7037720607138,165.7037720607138
283,c,165.7037720607138,165.7037720607138
284,t,165.7037720607138,165.7037720607138
285,c,52.86568290521842,165.7037720607138
286,c,165.7037720607138,165.7037720607138
287,c,19.768620706753577,38.10655563492355
288,c,165.7037720607138,165.7037720607138
289,t,165.7037720607138,165.7037720607138
290,c,13.685181227122829,19.928291662356436
291,c,50.493987035484295,52.25644106039513
292,c,165.7037720607138,165.7037720607138
293,t,165.7037720607138,165.7037720607138
294,c,165.7037720607138,165.7037720607138
295,c,165.7037720607138,165.7037720607138
296,t,165.7037720607138,165.7037720607138
297,t,165.7037720607138,165.7037720607138
298,c,34.466090974444704,165.7037720607138
299,t,165.7037720607138,165.7037720607138
300,t,165.7037720607138,165.7037720607138
301,c,165.7037720607138,165.7037720607138
302,c,165.7037720607138,165.7037720607138
303,t,165.7037720607138,165.7037720607138
304,t,165.7037720607138,165.7037720607138
305,c,165.7037720607138,165.7037720607138
306,t,165.7037720607138,165.7037720607138
307,c,165.7037720607138,165.7037720607138
308,t,165.7037720607138,165.7037720607138
309,c,165.7037720607138,165.7037720607138
310,t,165.7037720607138,165.7037720607138
311,c,13.563286084216234,20.325294469469736
312,c,165.7037720607138,165.7037720607138
313,t,165.7037720607138,165.7037720607138
314,c,165.7037720607138,165.7037720607138
315,t,165.7037720607138,165.7037720607138
316,c,165.7037720607138,165.7037720607138
317,c,165.7037720607138,165.7037720607138
318,c,165.7037720607138,165.7037720607138
319,c,165.7037720607138,165.7037720607138
320,t,165.7037720607138,165.7037720607138
321,t,165.7037720607138,165.7037720607138
322,c,107.23528385231316,111.66534533525817
323,t,165.7037720607138,165.7037720607138
324,t,165.7037720607138,165.7037720607138
325,t,165.7037720607138,165.7037720607138
326,c,165.7037720607138,165.7037720607138
327,c,165.7037720607138,165.7037720607138
328,c,165.7037720607138,165.7037720607138
329,t,165.7037720607138,165.7037720607138
330,t,165.7037720607138,165.7037720607138
331,na,6.639264752728311,13.189229707874082
332,t,165.7037720607138,165.7037720607138
333,c,165.7037720607138,165.7037720607138
334,c,165.7037720607138,165.7037720607138
335,t,165.7037720607138,165.7037720607138
336,t,165.7037720607138,165.7037720607138
337,c,9.675399238871522,9.946184701476215
338,t,165.7037720607138,165.7037720607138
339,c,165.7037720607138,165.7037720607138
340,c,30.413790653029494,31.553741653094914
341,t,165.7037720607138,165.7037720607138
342,t,165.7037720607138,165.7037720607138
343,t,165.7037720607138,165.7037720607138
344,t,165.7037720607138,165.7037720607138
345,t,165.7037720607138,165.7037720607138
346,c,165.7037720607138,165.7037720607138
347,c,165.7037720607138,165.7037720607138
348,t,165.7037720607138,165.7037720607138
349,t,165.7037720607138,165.7037720607138
350,c,27.402393046695988,27.715748998497915
351,c,165.7037720607138,165.7037720607138
352,t,165.7037720607138,165.7037720607138
353,t,165.7037720607138,165.7037720607138
354,t,165.7037720607138,165.7037720607138
355,t,165.7037720607138,165.7037720607138
356,t,165.7037720607138,165.7037720607138
357,c,30.129271973513987,35.41789869944302
358,t,165.7037720607138,165.7037720607138
359,c,165.7037720607138,165.7037720607138
360,t,165.7037720607138,165.7037720607138
361,c,165.7037720607138,165.7037720607138
362,c,165.7037720607138,165.7037720607138
363,t,165.7037720607138,165.7037720607138
364,t,165.7037720607138,165.7037720607138
365,t,165.7037720607138,165.7037720607138
366,t,165.7037720607138,165.7037720607138
367,c,165.7037720607138,165.7037720607138
368,c,11.723239806814808,11.789066332127822
369,c,165.7037720607138,165.7037720607138
370,t,165.7037720607138,165.7037720607138
371,c,165.7037720607138,165.7037720607138
372,t,165.7037720607138,165.7037720607138
373,t,165.7037720607138,165.7037720607138
374,t,165.7037720607138,165.7037720607138
375,t,165.7037720607138,165.7037720607138
376,c,3.1339411033175106,5.406263047938795
377,c,54.562668521714905,71.5979833848817
378,t,165.7037720607138,165.7037720607138
379,t,165.7037720607138,165.7037720607138
380,t,165.7037720607138,165.7037720607138
381,t,165.7037720607138,165.7037720607138
382,t,165.7037720607138,165.7037720607138
383,t,165.7037720607138,165.7037720607138
384,c,165.7037720607138,165.7037720607138
385,c,165.7037720607138,165.7037720607138
386,c,131.36117598487908,131.74920719358911
387,c,165.7037720607138,165.7037720607138
388,na,0,1.782202863335351
389,t,165.7037720607138,165.7037720607138
390,c,165.7037720607138,165.7037720607138
391,t,165.7037720607138,165.7037720607138
392,t,165.7037720607138,165.7037720607138
393,c,165.7037720607138,165.7037720607138
394,t,165.7037720607138,165.7037720607138
395,t,165.7037720607138,165.7037720607138
396,t,165.7037720607138,165.7037720607138
397,t,165.7037720607138,165.7037720607138
398,t,165.7037720607138,165.7037720607138
399,t,165.7037720607138,165.7037720607138
400,t,165.7037720607138,165.7037720607138
401,c,165.7037720607138,165.7037720607138
402,t,165.7037720607138,165.7037720607138
403,t,165.7037720607138,165.7037720607138
404,t,165.7037720607138,165.7037720607138
405,c,165.7037720607138,165.7037720607138
406,c,165.7037720607138,165.7037720607138
407,c,165.7037720607138,165.7037720607138
408,c,165.7037720607138,165.7037720607138
409,t,165.7037720607138,165.7037720607138
410,c,156.7480999886194,158.0750363580589
411,c,76.70865633156615,80.53856836961555
412,c,10.7830352887597,13.649024346307879
413,t,165.7037720607138,165.7037720607138
414,t,165.7037720607138,165.7037720607138
415,t,165.7037720607138,165.7037720607138
416,c,50.479964799623716,58.64899488925931
417,c,165.7037720607138,165.7037720607138
418,c,165.7037720607138,165.7037720607138
419,t,165.7037720607138,165.7037720607138
420,c,28.43639287371289,30.93403414911617
421,t,165.7037720607138,165.7037720607138
422,t,165.7037720607138,165.7037720607138
423,t,165.7037720607138,165.7037720607138
424,t,165.7037720607138,165.7037720607138
425,t,165.7037720607138,165.7037720607138
426,c,165.7037720607138,165.7037720607138
427,t,165.7037720607138,165.7037720607138
428,c,33.31275281022634,36.332912751421055
429,t,165.7037720607138,165.7037720607138
430,t,165.7037720607138,165.7037720607138
431,t,165.7037720607138,165.7037720607138
432,t,165.7037720607138,165.7037720607138
433,t,165.7037720607138,165.7037720607138
434,t,165.7037720607138,165.7037720607138
435,c,165.7037720607138,165.7037720607138
436,c,165.7037720607138,165.7037720607138
437,c,165.7037720607138,165.7037720607138
438,c,42.84780000508925,53.06480587448144
439,t,165.7037720607138,165.7037720607138
440,t,165.7037720607138,165.7037720607138
441,t,165.7037720607138,165.7037720607138
442,t,165.7037720607138,165.7037720607138
443,t,165.7037720607138,165.7037720607138
444,c,18.404760001728675,24.942031387046388
445,t,165.7037720607138,165.7037720607138
446,t,165.7037720607138,165.7037720607138
447,t,165.7037720607138,165.7037720607138
448,t,165.7037720607138,165.7037720607138
449,t,165.7037720607138,165.7037720607138
450,c,20.095295789035468,29.433636708481444
451,t,165.7037720607138,165.7037720607138
452,c,44.62558420439283,49.877568783436914
453,t,165.7037720607138,165.7037720607138
454,t,165.7037720607138,165.7037720607138
455,c,24.943825097930567,25.882182105266
456,c,57.9638117576841,64.03552855280775
457,t,165.7037720607138,165.7037720607138
458,t,165.7037720607138,165.7037720607138
459,t,165.7037720607138,165.7037720607138
460,c,165.7037720607138,165.7037720607138
461,c,165.7037720607138,165.7037720607138
462,c,165.7037720607138,165.7037720607138
463,c,165.7037720607138,165.7037720607138
464,t,165.7037720607138,165.7037720607138
465,c,165.7037720607138,165.7037720607138
466,t,165.7037720607138,165.7037720607138
467,c,38.603321813944824,44.56525594810242
468,t,165.7037720607138,165.7037720607138
469,c,65.40148993658099,73.62334121040084
470,t,165.7037720607138,165.7037720607138
471,c,165.7037720607138,165.7037720607138
472,t,165.7037720607138,165.7037720607138
473,t,165.7037720607138,165.7037720607138
474,c,165.7037720607138,165.7037720607138
475,na,0.04530116266308941,1.7634271394267556
476,t,165.7037720607138,165.7037720607138
477,t,165.7037720607138,165.7037720607138
478,c,16.14423044215876,165.7037720607138
479,t,165.7037720607138,165.7037720607138
480,t,165.7037720607138,165.7037720607138
481,t,165.7037720607138,165.7037720607138
482,t,165.7037720607138,165.7037720607138
483,t,165.7037720607138,165.7037720607138
484,t,165.7037720607138,165.7037720607138
485,c,165.7037720607138,165.7037720607138
486,t,165.7037720607138,165.7037720607138
487,t,165.7037720607138,165.7037720607138
488,c,165.7037720607138,165.7037720607138
489,t,165.7037720607138,165.7037720607138
490,na,-1,0
491,c,37.475530062952984,47.16978337586316
492,t,165.7037720607138,165.7037720607138
493,t,165.7037720607138,165.7037720607138
494,c,165.7037720607138,165.7037720607138
495,c,48.2703598263006,58.08573145995817
496,c,61.94422645884737,62.002089505037176
497,t,165.7037720607138,165.7037720607138
498,c,6.2122799517859315,165.7037720607138
499,t,165.7037720607138,165.7037720607138
500,c,165.7037720607138,165.7037720607138
501,t,165.7037720607138,165.7037720607138
502,c,165.7037720607138,165.7037720607138
503,c,18.010731090789253,18.19682626408343
504,t,165.7037720607138,165.7037720607138
505,t,165.7037720607138,165.7037720607138
506,t,165.7037720607138,165.7037720607138
507,c,165.7037720607138,165.7037720607138
508,t,165.7037720607138,165.7037720607138
509,t,165.7037720607138,165.7037720607138
510,t,165.7037720607138,165.7037720607138
511,t,165.7037720607138,165.7037720607138
512,t,165.7037720607138,165.7037720607138
513,c,165.7037720607138,165.7037720607138
514,t,165.7037720607138,165.7037720607138
515,c,22.023611166124727,25.701515413192027
516,c,33.60734231631549,38.16047873381686
517,t,165.7037720607138,165.7037720607138
518,c,165.7037720607138,165.7037720607138
519,c,165.7037720607138,165.7037720607138
520,c,165.7037720607138,165.7037720607138
521,c,165.7037720607138,165.7037720607138
522,c,165.7037720607138,165.7037720607138
523,c,165.7037720607138,165.7037720607138
524,c,16.56272256803866,25.578897045626885
525,c,17.411745222047657,28.66962366870604
526,c,10.951496243326567,19.566421131972803
527,c,165.7037720607138,165.7037720607138
528,t,165.7037720607138,165.7037720607138
529,t,165.7037720607138,165.7037720607138
530,t,165.7037720607138,165.7037720607138
531,c,18.934079022033774,24.558564274311962
532,c,165.7037720607138,165.7037720607138
533,c,25.24502346357192,32.88626127307338
534,t,165.7037720607138,165.7037720607138
535,c,165.7037720607138,165.7037720607138
536,t,165.7037720607138,165.7037720607138
537,c,165.7037720607138,165.7037720607138
538,t,165.7037720607138,165.7037720607138
539,t,165.7037720607138,165.7037720607138
540,c,25.55409769536205,28.901833470203737
541,t,165.7037720607138,165.7037720607138
542,t,165.7037720607138,165.7037720607138
543,t,165.7037720607138,165.7037720607138
544,t,165.7037720607138,165.7037720607138
545,t,165.7037720607138,165.7037720607138
546,t,165.7037720607138,165.7037720607138
547,c,165.7037720607138,165.7037720607138
548,t,165.7037720607138,165.7037720607138
549,t,165.7037720607138,165.7037720607138
550,t,165.7037720607138,165.7037720607138
551,c,165.7037720607138,165.7037720607138
552,t,165.7037720607138,165.7037720607138
553,c,54.530004775932824,58.89848942194088
554,t,165.7037720607138,165.7037720607138
555,c,165.7037720607138,165.7037720607138
556,t,165.7037720607138,165.7037720607138
557,c,46.42416879185522,50.34359617484229
558,t,165.7037720607138,165.7037720607138
559,t,165.7037720607138,165.7037720607138
560,c,165.7037720607138,165.7037720607138
561,t,165.7037720607138,165.7037720607138
562,c,165.7037720607138,165.7037720607138
563,t,165.7037720607138,165.7037720607138
564,t,165.7037720607138,165.7037720607138
565,t,165.7037720607138,165.7037720607138
566,c,165.7037720607138,165.7037720607138
567,c,12.959363424327767,14.172766877483182
568,t,165.7037720607138,165.7037720607138
569,c,165.7037720607138,165.7037720607138
570,c,165.7037720607138,165.7037720607138
571,c,76.7145445698579,79.52282350203603
572,t,165.7037720607138,165.7037720607138
573,t,165.7037720607138,165.7037720607138
574,t,165.7037720607138,165.7037720607138
575,c,15.995284090756149,26.56147105604286
576,c,42.64933704979711,43.41473854969602
577,c,165.7037720607138,165.7037720607138
578,c,165.7037720607138,165.7037720607138
579,t,165.7037720607138,165.7037720607138
580,t,165.7037720607138,165.7037720607138
581,t,165.7037720607138,165.7037720607138
582,c,165.7037720607138,165.7037720607138
583,c,165.7037720607138,165.7037720607138
584,t,165.7037720607138,165.7037720607138
585,t,165.7037720607138,165.7037720607138
586,c,165.7037720607138,165.7037720607138
587,t,165.7037720607138,165.7037720607138
588,c,47.11526903639484,53.379210301259384
589,c,165.7037720607138,165.7037720607138
590,t,165.7037720607138,165.7037720607138
591,t,165.7037720607138,165.7037720607138
592,c,33.287859296193155,42.4281256311738
593,t,165.7037720607138,165.7037720607138
594,t,165.7037720607138,165.7037720607138
595,c,165.7037720607138,165.7037720607138
596,t,165.7037720607138,165.7037720607138
597,t,165.7037720607138,165.7037720607138
598,t,165.7037720607138,165.7037720607138
599,t,165.7037720607138,165.7037720607138
600,c,165.7037720607138,165.7037720607138
601,c,165.7037720607138,165.7037720607138
602,c,165.7037720607138,165.7037720607138
603,c,165.7037720607138,165.7037720607138
604,c,165.7037720607138,165.7037720607138
605,t,165.7037720607138,165.7037720607138
606,t,165.7037720607138,165.7037720607138
607,t,165.7037720607138,165.7037720607138
608,c,165.7037720607138,165.7037720607138
609,t,165.7037720607138,165.7037720607138
610,t,165.7037720607138,165.7037720607138
611,t,165.7037720607138,165.7037720607138
612,t,165.7037720607138,165.7037720607138
613,c,165.7037720607138,165.7037720607138
614,t,165.7037720607138,165.7037720607138
615,t,165.7037720607138,165.7037720607138
616,t,165.7037720607138,165.7037720607138
617,c,30.231116627431934,35.068528505576786
618,t,165.7037720607138,165.7037720607138
619,c,165.7037720607138,165.7037720607138
620,c,165.7037720607138,165.7037720607138
621,t,165.7037720607138,165.7037720607138
622,t,165.7037720607138,165.7037720607138
623,c,165.7037720607138,165.7037720607138
624,c,165.7037720607138,165.7037720607138
625,t,165.7037720607138,165.7037720607138
626,t,165.7037720607138,165.7037720607138
627,c,165.7037720607138,165.7037720607138
628,t,165.7037720607138,165.7037720607138
629,c,28.061980159305975,39.517930088170445
630,t,165.7037720607138,165.7037720607138
631,t,165.7037720607138,165.7037720607138
632,t,165.7037720607138,165.7037720607138
633,t,165.7037720607138,165.7037720607138
634,c,19.892204119128493,20.954714074391237
635,c,165.7037720607138,165.7037720607138
636,t,165.7037720607138,165.7037720607138
637,c,165.7037720607138,165.7037720607138
638,t,165.7037720607138,165.7037720607138
639,c,18.325066643775344,20.66313988544628
640,t,165.7037720607138,165.7037720607138
641,t,165.7037720607138,165.7037720607138
642,c,85.66827238046174,89.3009799172034
643,t,165.7037720607138,165.7037720607138
644,c,165.7037720607138,165.7037720607138
645,c,165.7037720607138,165.7037720607138
646,c,165.7037720607138,165.7037720607138
647,t,165.7037720607138,165.7037720607138
648,c,33.25617570993235,33.429664148480356
649,t,165.7037720607138,165.7037720607138
650,t,165.7037720607138,165.7037720607138
651,c,165.7037720607138,165.7037720607138
652,t,165.7037720607138,165.7037720607138
653,t,165.7037720607138,165.7037720607138
654,c,165.7037720607138,165.7037720607138
655,t,165.7037720607138,165.7037720607138
656,t,165.7037720607138,165.7037720607138
657,c,165.7037720607138,165.7037720607138
658,c,44.194787835353516,44.67127240340796
659,c,165.7037720607138,165.7037720607138
660,t,165.7037720607138,165.7037720607138
661,c,165.7037720607138,165.7037720607138
662,t,165.7037720607138,165.7037720607138
663,c,165.7037720607138,165.7037720607138
664,t,165.7037720607138,165.7037720607138
665,t,165.7037720607138,165.7037720607138
666,t,165.7037720607138,165.7037720607138
667,c,63.44910883448946,65.7537781289901
668,t,165.7037720607138,165.7037720607138
669,t,165.7037720607138,165.7037720607138
670,t,165.7037720607138,165.7037720607138
671,t,165.7037720607138,165.7037720607138
672,c,165.7037720607138,165.7037720607138
673,c,165.7037720607138,165.7037720607138
674,t,165.7037720607138,165.7037720607138
675,c,165.7037720607138,165.7037720607138
676,t,165.7037720607138,165.7037720607138
677,t,165.7037720607138,165.7037720607138
678,t,165.7037720607138,165.7037720607138
679,c,26.026572572119104,30.587992928791635
680,t,165.7037720607138,165.7037720607138
681,c,165.7037720607138,165.7037720607138
682,t,165.7037720607138,165.7037720607138
683,c,36.846737228447466,165.7037720607138
684,c,165.7037720607138,165.7037720607138
685,t,165.7037720607138,165.7037720607138
686,c,165.7037720607138,165.7037720607138
687,c,165.7037720607138,165.7037720607138
688,t,165.7037720607138,165.7037720607138
689,c,165.7037720607138,165.7037720607138
690,c,165.7037720607138,165.7037720607138
691,c,35.17295872321131,39.01734484709146
692,c,165.7037720607138,165.7037720607138
693,t,165.7037720607138,165.7037720607138
694,c,165.7037720607138,165.7037720607138
695,c,165.7037720607138,165.7037720607138
696,c,165.7037720607138,165.7037720607138
697,c,6.175873134028382,165.7037720607138
698,c,28.839855319673553,33.40009649846076
699,t,165.7037720607138,165.7037720607138
700,c,165.7037720607138,165.7037720607138
701,c,16.78561795169046,24.863561175039937
702,t,165.7037720607138,165.7037720607138
703,t,165.7037720607138,165.7037720607138
704,t,165.7037720607138,165.7037720607138
705,t,165.7037720607138,165.7037720607138
706,t,165.7037720607138,165.7037720607138
707,t,165.7037720607138,165.7037720607138
708,c,165.7037720607138,165.7037720607138
709,t,165.7037720607138,165.7037720607138
710,c,64.49211582175553,70.03653829337914
711,t,165.7037720607138,165.7037720607138
712,c,3.65705266731445,4.694168951685523
713,c,165.7037720607138,165.7037720607138
714,t,165.7037720607138,165.7037720607138
715,c,15.983993728312976,18.387086921195884
716,na,1.9948944561933473,7.705661949831062
717,c,165.7037720607138,165.7037720607138
718,t,165.7037720607138,165.7037720607138
719,c,165.7037720607138,165.7037720607138
720,c,36.82389371992087,37.22367221659332
721,t,165.7037720607138,165.7037720607138
722,c,165.7037720607138,165.7037720607138
723,t,165.7037720607138,165.7037720607138
724,t,165.7037720607138,165.7037720607138
725,t,165.7037720607138,165.7037720607138
726,t,165.7037720607138,165.7037720607138
727,t,165.7037720607138,165.7037720607138
728,c,26.516505020904255,27.090654268901687
729,c,165.7037720607138,165.7037720607138
730,c,165.7037720607138,165.7037720607138
731,c,46.29562146939117,46.935586932449354
732,c,165.7037720607138,165.7037720607138
733,t,165.7037720607138,165.7037720607138
734,na,1.0195720347603259,5.382454731705779
735,c,165.7037720607138,165.7037720607138
736,c,165.7037720607138,165.7037720607138
737,c,165.7037720607138,165.7037720607138
738,c,165.7037720607138,165.7037720607138
739,t,165.7037720607138,165.7037720607138
740,t,165.7037720607138,165.7037720607138
741,t,165.7037720607138,165.7037720607138
742,c,165.7037720607138,165.7037720607138
743,t,165.7037720607138,165.7037720607138
744,t,165.7037720607138,165.7037720607138
745,c,165.7037720607138,165.7037720607138
746,c,165.7037720607138,165.7037720607138
747,c,165.7037720607138,165.7037720607138
748,c,37.56252885726059,49.060337327662246
749,c,165.7037720607138,165.7037720607138
750,c,15.157309671928754,21.20382047058125
751,c,165.7037720607138,165.7037720607138
752,t,165.7037720607138,165.7037720607138
753,c,165.7037720607138,165.7037720607138
754,t,165.7037720607138,165.7037720607138
755,c,165.7037720607138,165.7037720607138
756,c,165.7037720607138,165.7037720607138
757,t,165.7037720607138,165.7037720607138
758,c,165.7037720607138,165.7037720607138
759,t,165.7037720607138,165.7037720607138
760,t,165.7037720607138,165.7037720607138
761,c,165.7037720607138,165.7037720607138
762,c,165.7037720607138,165.7037720607138
763,t,165.7037720607138,165.7037720607138
764,c,165.7037720607138,165.7037720607138
765,c,165.7037720607138,165.7037720607138
766,t,165.7037720607138,165.7037720607138
767,t,165.7037720607138,165.7037720607138
768,c,31.646567795862964,32.893323865997964
769,c,165.7037720607138,165.7037720607138
770,c,25.481211251466906,27.070928425736238
771,t,165.7037720607138,165.7037720607138
772,t,165.7037720607138,165.7037720607138
773,c,165.7037720607138,165.7037720607138
774,t,165.7037720607138,165.7037720607138
775,c,44.13420250616252,54.12452315322809
776,t,165.7037720607138,165.7037720607138
777,c,165.7037720607138,165.7037720607138
778,t,165.7037720607138,165.7037720607138
779,t,165.7037720607138,165.7037720607138
780,t,165.7037720607138,165.7037720607138
781,t,165.7037720607138,165.7037720607138
782,c,165.7037720607138,165.7037720607138
783,t,165.7037720607138,165.7037720607138
784,c,70.37293813693418,71.50190278079019
785,t,165.7037720607138,165.7037720607138
786,t,165.7037720607138,165.7037720607138
787,t,165.7037720607138,165.7037720607138
788,c,165.7037720607138,165.7037720607138
789,t,165.7037720607138,165.7037720607138
790,c,31.154662538329475,31.67461298389401
791,t,165.7037720607138,165.7037720607138
792,c,36.14171710111361,38.87272128281023
793,c,165.7037720607138,165.7037720607138
794,t,165.7037720607138,165.7037720607138
795,t,165.7037720607138,165.7037720607138
796,c,165.7037720607138,165.7037720607138
797,na,1.83284314423775,3.813239743269749
798,c,13.877721442109948,14.494628328919244
799,c,165.7037720607138,165.7037720607138
800,t,165.7037720607138,165.7037720607138
801,t,165.7037720607138,165.7037720607138
802,t,165.7037720607138,165.7037720607138
803,c,165.7037720607138,165.7037720607138
804,c,22.4358629418927,28.284206084460475
805,c,59.21166279395247,165.7037720607138
806,c,165.7037720607138,165.7037720607138
807,t,165.7037720607138,165.7037720607138
808,t,165.7037720607138,165.7037720607138
809,c,165.7037720607138,165.7037720607138
810,c,165.7037720607138,165.7037720607138
811,t,165.7037720607138,165.7037720607138
812,c,165.7037720607138,165.7037720607138
813,t,165.7037720607138,165.7037720607138
814,t,165.7037720607138,165.7037720607138
815,t,165.7037720607138,165.7037720607138
816,c,165.7037720607138,165.7037720607138
817,t,165.7037720607138,165.7037720607138
818,t,165.7037720607138,165.7037720607138
819,c,165.7037720607138,165.7037720607138
820,c,165.7037720607138,165.7037720607138
821,t,165.7037720607138,165.7037720607138
822,t,165.7037720607138,165.7037720607138
823,c,165.7037720607138,165.7037720607138
824,t,165.7037720607138,165.7037720607138
825,c,165.7037720607138,165.7037720607138
826,c,45.86584248311702,49.95218910436278
827,t,165.7037720607138,165.7037720607138
828,c,40.87609037270287,54.08251138558665
829,t,165.7037720607138,165.7037720607138
830,t,165.7037720607138,165.7037720607138
831,t,165.7037720607138,165.7037720607138
832,c,165.7037720607138,165.7037720607138
833,t,165.7037720607138,165.7037720607138
834,c,165.7037720607138,165.7037720607138
835,c,165.7037720607138,165.7037720607138
836,c,165.7037720607138,165.7037720607138
837,t,165.7037720607138,165.7037720607138
838,c,165.7037720607138,165.7037720607138
839,t,165.7037720607138,165.7037720607138
840,t,165.7037720607138,165.7037720607138
841,t,165.7037720607138,165.7037720607138
842,t,165.7037720607138,165.7037720607138
843,t,165.7037720607138,165.7037720607138
844,t,165.7037720607138,165.7037720607138
845,t,165.7037720607138,165.7037720607138
846,t,165.7037720607138,165.7037720607138
847,c,6.419792471945887,7.602620989788917
848,t,165.7037720607138,165.7037720607138
849,c,165.7037720607138,165.7037720607138
850,c,165.7037720607138,165.7037720607138
851,c,165.7037720607138,165.7037720607138
852,c,165.7037720607138,165.7037720607138
853,c,165.7037720607138,165.7037720607138
854,c,26.110626729526192,26.46820790830596
855,c,165.7037720607138,165.7037720607138
856,c,165.7037720607138,165.7037720607138
857,t,165.7037720607138,165.7037720607138
858,c,165.7037720607138,165.7037720607138
859,c,165.7037720607138,165.7037720607138
860,t,165.7037720607138,165.7037720607138
861,t,165.7037720607138,165.7037720607138
862,t,165.7037720607138,165.7037720607138
863,t,165.7037720607138,165.7037720607138
864,c,20.84495772191684,49.55214635871122
865,t,165.7037720607138,165.7037720607138
866,t,165.7037720607138,165.7037720607138
867,c,13.629053142926123,13.915363141361778
868,c,165.7037720607138,165.7037720607138
869,t,165.7037720607138,165.7037720607138
870,c,41.93955970835377,41.989744940232214
871,t,165.7037720607138,165.7037720607138
872,t,165.7037720607138,165.7037720607138
873,c,165.7037720607138,165.7037720607138
874,c,165.7037720607138,165.7037720607138
875,c,165.7037720607138,165.7037720607138
876,t,165.7037720607138,165.7037720607138
877,c,165.7037720607138,165.7037720607138
878,t,165.7037720607138,165.7037720607138
879,t,165.7037720607138,165.7037720607138
880,t,165.7037720607138,165.7037720607138
881,c,50.34543617701234,50.74274622719581
882,c,165.7037720607138,165.7037720607138
883,c,37.74064239593722,38.57199681987849
884,c,165.7037720607138,165.7037720607138
885,c,165.7037720607138,165.7037720607138
886,t,165.7037720607138,165.7037720607138
887,t,165.7037720607138,165.7037720607138
888,c,165.7037720607138,165.7037720607138
889,c,165.7037720607138,165.7037720607138
890,c,165.7037720607138,165.7037720607138
891,t,165.7037720607138,165.7037720607138
892,t,165.7037720607138,165.7037720607138
893,c,71.01649904669513,74.86394111160718
894,t,165.7037720607138,165.7037720607138
895,c,165.7037720607138,165.7037720607138
896,c,165.7037720607138,165.7037720607138
897,c,165.7037720607138,165.7037720607138
898,t,165.7037720607138,165.7037720607138
899,t,165.7037720607138,165.7037720607138
900,t,165.7037720607138,165.7037720607138
901,t,165.7037720607138,165.7037720607138
902,t,165.7037720607138,165.7037720607138
903,c,165.7037720607138,165.7037720607138
904,t,165.7037720607138,165.7037720607138
905,c,165.7037720607138,165.7037720607138
906,t,165.7037720607138,165.7037720607138
907,c,70.39303962862147,73.15030140825488
908,t,165.7037720607138,165.7037720607138
909,c,36.428957618513635,42.22183968019637
910,t,165.7037720607138,165.7037720607138
911,c,10.748714911260642,165.7037720607138
912,t,165.7037720607138,165.7037720607138
913,c,48.07021370150826,50.200397813529925
914,t,165.7037720607138,165.7037720607138
915,t,165.7037720607138,165.7037720607138
916,c,165.7037720607138,165.7037720607138
917,c,165.7037720607138,165.7037720607138
918,t,165.7037720607138,165.7037720607138
919,c,165.7037720607138,165.7037720607138
920,t,165.7037720607138,165.7037720607138
921,t,165.7037720607138,165.7037720607138
922,c,18.626162195541063,19.476728257857747
923,c,165.7037720607138,165.7037720607138
924,t,165.7037720607138,165.7037720607138
925,t,165.7037720607138,165.7037720607138
926,na,1.8720493304646268,10.974139799834647
927,t,165.7037720607138,165.7037720607138
928,t,165.7037720607138,165.7037720607138
929,t,165.7037720607138,165.7037720607138
930,t,165.7037720607138,165.7037720607138
931,c,23.116732922139256,30.821437169428037
932,t,165.7037720607138,165.7037720607138
933,c,15.795139906082465,18.63736819833639
934,c,165.7037720607138,165.7037720607138
935,t,165.7037720607138,165.7037720607138
936,c,31.65057294834366,165.7037720607138
937,c,165.7037720607138,165.7037720607138
938,t,165.7037720607138,165.7037720607138
939,t,165.7037720607138,165.7037720607138
940,t,165.7037720607138,165.7037720607138
941,t,165.7037720607138,165.7037720607138
942,c,165.7037720607138,165.7037720607138
943,c,12.906525279168456,13.013132755360989
944,t,165.7037720607138,165.7037720607138
945,c,165.7037720607138,165.7037720607138
946,t,165.7037720607138,165.7037720607138
947,c,165.7037720607138,165.7037720607138
948,c,165.7037720607138,165.7037720607138
949,t,165.7037720607138,165.7037720607138
950,t,165.7037720607138,165.7037720607138
951,c,165.7037720607138,165.7037720607138
952,c,165.7037720607138,165.7037720607138
953,t,165.7037720607138,165.7037720607138
954,t,165.7037720607138,165.7037720607138
955,na,12.65314271782318,29.292416197217552
956,c,165.7037720607138,165.7037720607138
957,t,165.7037720607138,165.7037720607138
958,t,165.7037720607138,165.7037720607138
959,c,26.541573874096724,27.428549007515638
960,t,165.7037720607138,165.7037720607138
961,c,46.666258465662175,54.034833313791104
962,t,165.7037720607138,165.7037720607138
963,t,165.7037720607138,165.7037720607138
964,t,165.7037720607138,165.7037720607138
965,c,165.7037720607138,165.7037720607138
966,t,165.7037720607138,165.7037720607138
967,t,165.7037720607138,165.7037720607138
968,c,165.7037720607138,165.7037720607138
969,c,165.7037720607138,165.7037720607138
970,t,165.7037720607138,165.7037720607138
971,c,165.7037720607138,165.7037720607138
972,t,165.7037720607138,165.7037720607138
973,t,165.7037720607138,165.7037720607138
974,t,165.7037720607138,165.7037720607138
975,c,165.7037720607138,165.7037720607138
976,c,165.7037720607138,165.7037720607138
977,c,165.7037720607138,165.7037720607138
978,t,165.7037720607138,165.7037720607138
979,c,165.7037720607138,165.7037720607138
980,t,165.7037720607138,165.7037720607138
981,t,165.7037720607138,165.7037720607138
982,c,165.7037720607138,165.7037720607138
983,c,165.7037720607138,165.7037720607138
984,c,38.92600022005026,39.92204681346403
985,c,165.7037720607138,165.7037720607138
986,c,165.7037720607138,165.7037720607138
987,c,16.779664835219474,18.12772376467733
988,t,165.7037720607138,165.7037720607138
989,t,165.7037720607138,165.7037720607138
990,t,165.7037720607138,165.7037720607138
991,c,165.7037720607138,165.7037720607138
992,c,165.7037720607138,165.7037720607138
993,c,165.7037720607138,165.7037720607138
994,t,165.7037720607138,165.7037720607138
995,c,165.7037720607138,165.7037720607138
996,t,165.7037720607138,165.7037720607138
997,c,165.7037720607138,165.7037720607138
998,t,165.7037720607138,165.7037720607138
999,c,26.634725008728783,31.561121992347577
1000,t,165.7037720607138,165.7037720607138
1001,c,165.7037720607138,165.7037720607138
1002,t,165.7037720607138,165.7037720607138
1003,t,165.7037720607138,165.7037720607138
1004,c,13.298548387893945,24.477218441146327
1005,t,165.7037720607138,165.7037720607138
1006,t,165.7037720607138,165.7037720607138
1007,c,165.7037720607138,165.7037720607138
1008,t,165.7037720607138,165.7037720607138
1009,t,165.7037720607138,165.7037720607138
1010,c,165.7037720607138,165.7037720607138
1011,t,165.7037720607138,165.7037720607138
1012,t,165.7037720607138,165.7037720607138
1013,c,165.7037720607138,165.7037720607138
1014,t,165.7037720607138,165.7037720607138
1015,t,165.7037720607138,165.7037720607138
1016,c,165.7037720607138,165.7037720607138
1017,t,165.7037720607138,165.7037720607138
1018,c,165.7037720607138,165.7037720607138
1019,c,165.7037720607138,165.7037720607138
1020,c,48.83855867672332,165.7037720607138
1021,c,165.7037720607138,165.7037720607138
1022,c,165.7037720607138,165.7037720607138
1023,t,165.7037720607138,165.7037720607138
1024,t,165.7037720607138,165.7037720607138
1025,c,56.72028577352018,59.73956218122746
1026,t,165.7037720607138,165.7037720607138
1027,t,165.7037720607138,165.7037720607138
1028,t,165.7037720607138,165.7037720607138
1029,c,165.7037720607138,165.7037720607138
1030,t,165.7037720607138,165.7037720607138
1031,c,24.838863355571664,26.272001897697898
1032,c,49.95395434531585,50.10061758270323
1033,c,165.7037720607138,165.7037720607138
1034,t,165.7037720607138,165.7037720607138
1035,t,165.7037720607138,165.7037720607138
1036,c,165.7037720607138,165.7037720607138
1037,c,165.7037720607138,165.7037720607138
1038,c,165.7037720607138,165.7037720607138
1039,t,165.7037720607138,165.7037720607138
1040,t,165.7037720607138,165.7037720607138
1041,t,165.7037720607138,165.7037720607138
1042,t,165.7037720607138,165.7037720607138
1043,c,23.449068127952845,23.772531073060783
1044,t,165.7037720607138,165.7037720607138
1045,c,165.7037720607138,165.7037720607138
1046,c,165.7037720607138,165.7037720607138
1047,c,165.7037720607138,165.7037720607138
1048,c,32.52919670653784,39.883691108177736
1049,c,14.957076037857851,17.773784137943494
1050,t,165.7037720607138,165.7037720607138
1051,t,165.7037720607138,165.7037720607138
1052,t,165.7037720607138,165.7037720607138
1053,t,165.7037720607138,165.7037720607138
1054,c,165.7037720607138,165.7037720607138
1055,t,165.7037720607138,165.7037720607138
1056,c,165.7037720607138,165.7037720607138
1057,t,165.7037720607138,165.7037720607138
1058,c,165.7037720607138,165.7037720607138
1059,t,165.7037720607138,165.7037720607138
1060,c,29.679175641381914,39.591669968533765
1061,t,165.7037720607138,165.7037720607138
1062,c,165.7037720607138,165.7037720607138
1063,c,165.7037720607138,165.7037720607138
1064,t,165.7037720607138,165.7037720607138
1065,c,22.74209727807305,23.851039792078755
1066,t,165.7037720607138,165.7037720607138
1067,c,165.7037720607138,165.7037720607138
1068,t,165.7037720607138,165.7037720607138
1069,t,165.7037720607138,165.7037720607138
1070,c,165.7037720607138,165.7037720607138
1071,c,165.7037720607138,165.7037720607138
1072,c,165.7037720607138,165.7037720607138
1073,t,165.7037720607138,165.7037720607138
1074,t,165.7037720607138,165.7037720607138
1075,c,38.12914174599059,165.7037720607138
1076,c,165.7037720607138,165.7037720607138
1077,t,165.7037720607138,165.7037720607138
1078,c,15.206273029855584,16.411376405610753
1079,c,20.756236411886373,28.377776196043403
1080,t,165.7037720607138,165.7037720607138
1081,c,11.114982793334091,20.27753954648021
1082,c,165.7037720607138,165.7037720607138
1083,c,165.7037720607138,165.7037720607138
1084,c,44.32435931455678,50.11120578266238
1085,c,165.7037720607138,165.7037720607138
1086,c,165.7037720607138,165.7037720607138
1087,t,165.7037720607138,165.7037720607138
1088,t,165.7037720607138,165.7037720607138
1089,c,165.7037720607138,165.7037720607138
1090,c,165.7037720607138,165.7037720607138
1091,c,165.7037720607138,165.7037720607138
1092,c,165.7037720607138,165.7037720607138
1093,t,165.7037720607138,165.7037720607138
1094,t,165.7037720607138,165.7037720607138
1095,c,36.18635099474374,36.72622068902856
1096,na,0,6.564243565504581
1097,c,165.7037720607138,165.7037720607138
1098,t,165.7037720607138,165.7037720607138
1099,t,165.7037720607138,165.7037720607138
1100,t,165.7037720607138,165.7037720607138
1101,c,165.7037720607138,165.7037720607138
1102,t,165.7037720607138,165.7037720607138
1103,t,165.7037720607138,165.7037720607138
1104,t,165.7037720607138,165.7037720607138
1105,t,165.7037720607138,165.7037720607138
1106,c,18.12985844680349,20.93505566919541
1107,t,165.7037720607138,165.7037720607138
1108,c,165.7037720607138,165.7037720607138
1109,t,165.7037720607138,165.7037720607138
1110,t,165.7037720607138,165.7037720607138
1111,t,165.7037720607138,165.7037720607138
1112,t,165.7037720607138,165.7037720607138
1113,t,165.7037720607138,165.7037720607138
1114,c,12.604134301937831,13.835820219615234
1115,c,165.7037720607138,165.7037720607138
1116,t,165.7037720607138,165.7037720607138
1117,c,165.7037720607138,165.7037720607138
1118,c,165.7037720607138,165.7037720607138
1119,c,165.7037720607138,165.7037720607138
1120,c,165.7037720607138,165.7037720607138
1121,t,165.7037720607138,165.7037720607138
1122,t,165.7037720607138,165.7037720607138
1123,c,165.7037720607138,165.7037720607138
1124,c,32.38265182931801,36.121142508699876
1125,c,165.7037720607138,165.7037720607138
1126,t,165.7037720607138,165.7037720607138
1127,t,165.7037720607138,165.7037720607138
1128,c,56.81183338829967,57.687303742841294
1129,c,165.7037720607138,165.7037720607138
1130,c,12.924433023282454,16.69285695963304
1131,t,165.7037720607138,165.7037720607138
1132,c,165.7037720607138,165.7037720607138
1133,t,165.7037720607138,165.7037720607138
1134,t,165.7037720607138,165.7037720607138
1135,t,165.7037720607138,165.7037720607138
1136,c,165.7037720607138,165.7037720607138
1137,c,8.434765796122965,11.017686343358493
1138,c,51.3386737294285,52.28289809764188
1139,c,165.7037720607138,165.7037720607138
1140,t,165.7037720607138,165.7037720607138
1141,c,165.7037720607138,165.7037720607138
1142,c,165.7037720607138,165.7037720607138
1143,c,165.7037720607138,165.7037720607138
1144,c,165.7037720607138,165.7037720607138
1145,c,165.7037720607138,165.7037720607138
1146,t,165.7037720607138,165.7037720607138
1147,na,-1,0
1148,c,165.7037720607138,165.7037720607138
1149,c,165.7037720607138,165.7037720607138
1150,c,49.08872980529665,57.075997573006646
1151,c,165.7037720607138,165.7037720607138
1152,t,165.7037720607138,165.7037720607138
1153,na,0,4.487670570341667
1154,c,165.7037720607138,165.7037720607138
1155,t,165.7037720607138,165.7037720607138
1156,c,165.7037720607138,165.7037720607138
1157,c,165.7037720607138,165.7037720607138
1158,c,165.7037720607138,165.7037720607138
1159,t,165.7037720607138,165.7037720607138
1160,c,165.7037720607138,165.7037720607138
1161,t,165.7037720607138,165.7037720607138
1162,c,92.63319345555966,93.68880233178727
1163,t,165.7037720607138,165.7037720607138
1164,t,165.7037720607138,165.7037720607138
1165,c,165.7037720607138,165.7037720607138
1166,c,165.7037720607138,165.7037720607138
1167,na,5.42444745180631,6.990290578407941
1168,c,165.7037720607138,165.7037720607138
1169,t,165.7037720607138,165.7037720607138
1170,t,165.7037720607138,165.7037720607138
1171,c,165.7037720607138,165.7037720607138
1172,t,165.7037720607138,165.7037720607138
1173,t,165.7037720607138,165.7037720607138
1174,c,165.7037720607138,165.7037720607138
1175,t,165.7037720607138,165.7037720607138
1176,t,165.7037720607138,165.7037720607138
1177,t,165.7037720607138,165.7037720607138
1178,c,165.7037720607138,165.7037720607138
1179,t,165.7037720607138,165.7037720607138
1180,t,165.7037720607138,165.7037720607138
1181,t,165.7037720607138,165.7037720607138
1182,c,14.407556288938308,17.34063145349137
1183,t,165.7037720607138,165.7037720607138
1184,c,9.098588748644243,11.32068987511329
1185,t,165.7037720607138,165.7037720607138
1186,t,165.7037720607138,165.7037720607138
1187,c,64.20940128701776,65.67107734745434
1188,t,165.7037720607138,165.7037720607138
1189,t,165.7037720607138,165.7037720607138
1190,t,165.7037720607138,165.7037720607138
1191,t,165.7037720607138,165.7037720607138
1192,t,165.7037720607138,165.7037720607138
1193,c,165.7037720607138,165.7037720607138
1194,c,165.7037720607138,165.7037720607138
1195,t,165.7037720607138,165.7037720607138
1196,c,165.7037720607138,165.7037720607138
1197,c,165.7037720607138,165.7037720607138
1198,c,165.7037720607138,165.7037720607138
1199,t,165.7037720607138,165.7037720607138
1200,t,165.7037720607138,165.7037720607138
1201,t,165.7037720607138,165.7037720607138
1202,c,165.7037720607138,165.7037720607138
1203,c,41.745134977607115,44.95042694795432
1204,t,165.7037720607138,165.7037720607138
1205,t,165.7037720607138,165.7037720607138
1206,t,165.7037720607138,165.7037720607138
1207,t,165.7037720607138,165.7037720607138
1208,na,1.3424513175867718,3.496738289672389
1209,t,165.7037720607138,165.7037720607138
1210,t,165.7037720607138,165.7037720607138
1211,c,165.7037720607138,165.7037720607138
1212,t,165.7037720607138,165.7037720607138
1213,c,20.908068170905427,22.44783273017535
1214,t,165.7037720607138,165.7037720607138
1215,c,70.20119572254548,76.4616803062319
1216,c,165.7037720607138,165.7037720607138
1217,t,165.7037720607138,165.7037720607138
1218,c,165.7037720607138,165.7037720607138
1219,c,165.7037720607138,165.7037720607138
1220,c,165.7037720607138,165.7037720607138
1221,t,165.7037720607138,165.7037720607138
1222,c,43.81239322493489,44.06776122391669
1223,t,165.7037720607138,165.7037720607138
1224,t,165.7037720607138,165.7037720607138
1225,c,57.945801272489625,60.146508840786595
1226,t,165.7037720607138,165.7037720607138
1227,t,165.7037720607138,165.7037720607138
1228,c,165.7037720607138,165.7037720607138
1229,c,165.7037720607138,165.7037720607138
1230,c,165.7037720607138,165.7037720607138
1231,t,165.7037720607138,165.7037720607138
1232,c,165.7037720607138,165.7037720607138
1233,t,165.7037720607138,165.7037720607138
1234,t,165.7037720607138,165.7037720607138
1235,t,165.7037720607138,165.7037720607138
1236,c,165.7037720607138,165.7037720607138
1237,t,165.7037720607138,165.7037720607138
1238,t,165.7037720607138,165.7037720607138
1239,c,165.7037720607138,165.7037720607138
1240,t,165.7037720607138,165.7037720607138
1241,t,165.7037720607138,165.7037720607138
1242,c,165.7037720607138,165.7037720607138
1243,t,165.7037720607138,165.7037720607138
1244,t,165.7037720607138,165.7037720607138
1245,t,165.7037720607138,165.7037720607138
1246,c,165.7037720607138,165.7037720607138
1247,c,9.378496086987028,15.8252050359204
1248,c,165.7037720607138,165.7037720607138
1249,c,41.46341923817696,41.65810685259239
1250,c,114.23416401707821,165.7037720607138
1251,t,165.7037720607138,165.7037720607138
1252,c,165.7037720607138,165.7037720607138
1253,t,165.7037720607138,165.7037720607138
1254,c,165.7037720607138,165.7037720607138
1255,t,165.7037720607138,165.7037720607138
1256,c,165.7037720607138,165.7037720607138
1257,t,165.7037720607138,165.7037720607138
1258,c,165.7037720607138,165.7037720607138
1259,c,28.739609242975025,39.965644358645655
1260,t,165.7037720607138,165.7037720607138
1261,t,165.7037720607138,165.7037720607138
1262,t,165.7037720607138,165.7037720607138
1263,c,16.964626698473865,18.24661204106384
1264,t,165.7037720607138,165.7037720607138
1265,t,165.7037720607138,165.7037720607138
1266,c,165.7037720607138,165.7037720607138
1267,c,35.26734398802327,41.367418262216994
1268,t,165.7037720607138,165.7037720607138
1269,t,165.7037720607138,165.7037720607138
1270,t,165.7037720607138,165.7037720607138
1271,c,59.773587889332134,59.96838820704543
1272,c,165.7037720607138,165.7037720607138
1273,c,165.7037720607138,165.7037720607138
1274,c,165.7037720607138,165.7037720607138
1275,c,42.69541498168006,47.056025714183704
1276,t,165.7037720607138,165.7037720607138
1277,t,165.7037720607138,165.7037720607138
1278,c,73.65647085566385,73.80557618584479
1279,c,165.7037720607138,165.7037720607138
1280,c,165.7037720607138,165.7037720607138
1281,c,165.7037720607138,165.7037720607138
1282,c,9.492851581106981,19.792493843027643
1283,c,23.672073354685804,23.819195581860704
1284,c,35.04656120173242,40.56085237276959
1285,c,165.7037720607138,165.7037720607138
1286,c,165.7037720607138,165.7037720607138
1287,t,165.7037720607138,165.7037720607138
1288,t,165.7037720607138,165.7037720607138
1289,t,165.7037720607138,165.7037720607138
1290,t,165.7037720607138,165.7037720607138
1291,t,165.7037720607138,165.7037720607138
1292,t,165.7037720607138,165.7037720607138
1293,t,165.7037720607138,165.7037720607138
1294,t,165.7037720607138,165.7037720607138
1295,c,165.7037720607138,165.7037720607138
1296,c,165.7037720607138,165.7037720607138
1297,t,165.7037720607138,165.7037720607138
1298,t,165.7037720607138,165.7037720607138
1299,t,165.7037720607138,165.7037720607138
1300,c,165.7037720607138,165.7037720607138
1301,t,165.7037720607138,165.7037720607138
1302,c,165.7037720607138,165.7037720607138
1303,c,37.33825534894566,45.5986096442462
1304,t,165.7037720607138,165.7037720607138
1305,c,165.7037720607138,165.7037720607138
1306,t,165.7037720607138,165.7037720607138
1307,t,165.7037720607138,165.7037720607138
1308,t,165.7037720607138,165.7037720607138
1309,c,165.7037720607138,165.7037720607138
1310,c,165.7037720607138,165.7037720607138
1311,t,165.7037720607138,165.7037720607138
1312,c,165.7037720607138,165.7037720607138
1313,c,165.7037720607138,165.7037720607138
1314,t,165.7037720607138,165.7037720607138
1315,t,165.7037720607138,165.7037720607138
1316,na,1.527852123874269,1.5981513465143027
1317,t,165.7037720607138,165.7037720607138
1318,c,15.99175638004507,17.107009642457705
1319,c,165.7037720607138,165.7037720607138
1320,c,165.7037720607138,165.7037720607138
1321,c,6.195018580942435,8.61975845418717
1322,t,165.7037720607138,165.7037720607138
1323,t,165.7037720607138,165.7037720607138
1324,c,165.7037720607138,165.7037720607138
1325,t,165.7037720607138,165.7037720607138
1326,t,165.7037720607138,165.7037720607138
1327,t,165.7037720607138,165.7037720607138
1328,t,165.7037720607138,165.7037720607138
1329,t,165.7037720607138,165.7037720607138
1330,c,165.7037720607138,165.7037720607138
1331,c,165.7037720607138,165.7037720607138
1332,c,165.7037720607138,165.7037720607138
1333,c,165.7037720607138,165.7037720607138
1334,c,165.7037720607138,165.7037720607138
1335,t,165.7037720607138,165.7037720607138
1336,c,7.991342669171742,12.281922851993665
1337,t,165.7037720607138,165.7037720607138
1338,c,165.7037720607138,165.7037720607138
1339,t,165.7037720607138,165.7037720607138
1340,c,2.529939428337896,21.35238565282212
1341,t,165.7037720607138,165.7037720607138
1342,t,165.7037720607138,165.7037720607138
1343,c,165.7037720607138,165.7037720607138
1344,t,165.7037720607138,165.7037720607138
1345,t,165.7037720607138,165.7037720607138
1346,t,165.7037720607138,165.7037720607138
1347,c,165.7037720607138,165.7037720607138
1348,t,165.7037720607138,165.7037720607138
1349,t,165.7037720607138,165.7037720607138
1350,c,44.6608631056664,45.99304652525698
1351,t,165.7037720607138,165.7037720607138
1352,t,165.7037720607138,165.7037720607138
1353,t,165.7037720607138,165.7037720607138
1354,c,165.7037720607138,165.7037720607138
1355,t,165.7037720607138,165.7037720607138
1356,t,165.7037720607138,165.7037720607138
1357,t,165.7037720607138,165.7037720607138
1358,c,165.7037720607138,165.7037720607138
1359,t,165.7037720607138,165.7037720607138
1360,c,165.7037720607138,165.7037720607138
1361,t,165.7037720607138,165.7037720607138
1362,t,165.7037720607138,165.7037720607138
1363,t,165.7037720607138,165.7037720607138
1364,c,165.7037720607138,165.7037720607138
1365,t,165.7037720607138,165.7037720607138
1366,t,165.7037720607138,165.7037720607138
1367,t,165.7037720607138,165.7037720607138
1368,t,165.7037720607138,165.7037720607138
1369,c,165.7037720607138,165.7037720607138
1370,t,165.7037720607138,165.7037720607138
1371,t,165.7037720607138,165.7037720607138
1372,c,121.90999421511039,126.63839119833831
1373,c,165.7037720607138,165.7037720607138
1374,t,165.7037720607138,165.7037720607138
1375,t,165.7037720607138,165.7037720607138
1376,c,165.7037720607138,165.7037720607138
1377,c,165.7037720607138,165.7037720607138
1378,t,165.7037720607138,165.7037720607138
1379,na,0.0394317535189714,1.2226505480614278
1380,c,165.7037720607138,165.7037720607138
1381,c,165.7037720607138,165.7037720607138
1382,t,165.7037720607138,165.7037720607138
1383,t,165.7037720607138,165.7037720607138
1384,t,165.7037720607138,165.7037720607138
1385,t,165.7037720607138,165.7037720607138
1386,c,165.7037720607138,165.7037720607138
1387,c,165.7037720607138,165.7037720607138
1388,t,165.7037720607138,165.7037720607138
1389,c,165.7037720607138,165.7037720607138
1390,t,165.7037720607138,165.7037720607138
1391,t,165.7037720607138,165.7037720607138
1392,t,165.7037720607138,165.7037720607138
1393,t,165.7037720607138,165.7037720607138
1394,c,47.27130329342248,48.61481892977233
1395,c,165.7037720607138,165.7037720607138
1396,c,22.188448968555708,22.32897373457296
1397,c,165.7037720607138,165.7037720607138
1398,t,165.7037720607138,165.7037720607138
1399,c,165.7037720607138,165.7037720607138
1400,t,165.7037720607138,165.7037720607138
1401,t,165.7037720607138,165.7037720607138
1402,t,165.7037720607138,165.7037720607138
1403,t,165.7037720607138,165.7037720607138
1404,c,165.7037720607138,165.7037720607138
1405,t,165.7037720607138,165.7037720607138
1406,c,73.63893430638443,73.9683884153194
1407,t,165.7037720607138,165.7037720607138
1408,t,165.7037720607138,165.7037720607138
1409,t,165.7037720607138,165.7037720607138
1410,c,165.7037720607138,165.7037720607138
1411,c,165.7037720607138,165.7037720607138
1412,t,165.7037720607138,165.7037720607138
1413,c,165.7037720607138,165.7037720607138
1414,t,165.7037720607138,165.7037720607138
1415,t,165.7037720607138,165.7037720607138
1416,t,165.7037720607138,165.7037720607138
1417,c,165.7037720607138,165.7037720607138
1418,c,20.004284776053392,23.003544157245447
1419,t,165.7037720607138,165.7037720607138
1420,t,165.7037720607138,165.7037720607138
1421,t,165.7037720607138,165.7037720607138
1422,c,165.7037720607138,165.7037720607138
1423,c,21.137570801586442,21.4432085711437
1424,c,165.7037720607138,165.7037720607138
1425,c,165.7037720607138,165.7037720607138
1426,c,165.7037720607138,165.7037720607138
1427,t,165.7037720607138,165.7037720607138
1428,c,45.99673430908436,49.336849189520336
1429,t,165.7037720607138,165.7037720607138
1430,t,165.7037720607138,165.7037720607138
1431,t,165.7037720607138,165.7037720607138
1432,c,58.36908772545487,165.7037720607138
1433,c,165.7037720607138,165.7037720607138
1434,t,165.7037720607138,165.7037720607138
1435,c,15.848197176897486,16.55266828618483
1436,na,3.5392480743979085,5.645716475855805
1437,c,165.7037720607138,165.7037720607138
1438,c,165.7037720607138,165.7037720607138
1439,t,165.7037720607138,165.7037720607138
1440,t,165.7037720607138,165.7037720607138
1441,c,165.7037720607138,165.7037720607138
1442,c,165.7037720607138,165.7037720607138
1443,t,165.7037720607138,165.7037720607138
1444,t,165.7037720607138,165.7037720607138
1445,t,165.7037720607138,165.7037720607138
1446,c,13.170055670714326,15.745203353312013
1447,c,165.7037720607138,165.7037720607138
1448,c,165.7037720607138,165.7037720607138
1449,c,165.7037720607138,165.7037720607138
1450,c,165.7037720607138,165.7037720607138
1451,t,165.7037720607138,165.7037720607138
1452,t,165.7037720607138,165.7037720607138
1453,c,165.7037720607138,165.7037720607138
1454,c,165.7037720607138,165.7037720607138
1455,t,165.7037720607138,165.7037720607138
1456,c,54.25602220605162,56.28677457331495
1457,t,165.7037720607138,165.7037720607138
1458,c,165.7037720607138,165.7037720607138
1459,t,165.7037720607138,165.7037720607138
1460,t,165.7037720607138,165.7037720607138
1461,c,165.7037720607138,165.7037720607138
1462,t,165.7037720607138,165.7037720607138
1463,c,28.316296280164718,32.80471997621939
1464,t,165.7037720607138,165.7037720607138
1465,c,165.7037720607138,165.7037720607138
1466,c,3.5554217449514067,10.965416418445106
1467,t,165.7037720607138,165.7037720607138
1468,t,165.7037720607138,165.7037720607138
1469,t,165.7037720607138,165.7037720607138
1470,t,165.7037720607138,165.7037720607138
1471,t,165.7037720607138,165.7037720607138
1472,t,165.7037720607138,165.7037720607138
1473,t,165.7037720607138,165.7037720607138
1474,t,165.7037720607138,165.7037720607138
1475,t,165.7037720607138,165.7037720607138
1476,t,165.7037720607138,165.7037720607138
1477,t,165.7037720607138,165.7037720607138
1478,na,-1,0
1479,c,36.022350792380585,36.08691693427432
1480,t,165.7037720607138,165.7037720607138
1481,c,51.89327528398841,165.7037720607138
1482,na,10.47216356324415,14.174566677556072
1483,t,165.7037720607138,165.7037720607138
1484,t,165.7037720607138,165.7037720607138
1485,t,165.7037720607138,165.7037720607138
1486,c,165.7037720607138,165.7037720607138
1487,c,165.7037720607138,165.7037720607138
1488,t,165.7037720607138,165.7037720607138
1489,c,126.71437690133833,153.11105927392776
1490,c,45.66393297607077,46.99950617453791
1491,c,165.7037720607138,165.7037720607138
1492,t,165.7037720607138,165.7037720607138
1493,t,165.7037720607138,165.7037720607138
1494,t,165.7037720607138,165.7037720607138
1495,c,165.7037720607138,165.7037720607138
1496,c,165.7037720607138,165.7037720607138
1497,t,165.7037720607138,165.7037720607138
1498,c,165.7037720607138,165.7037720607138
1499,t,165.7037720607138,165.7037720607138
1500,t,165.7037720607138,165.7037720607138
1501,t,165.7037720607138,165.7037720607138
1502,c,35.91470164237742,35.92430445673485
1503,t,165.7037720607138,165.7037720607138
1504,t,165.7037720607138,165.7037720607138
1505,t,165.7037720607138,165.7037720607138
1506,na,-1,0
1507,t,165.7037720607138,165.7037720607138
1508,t,165.7037720607138,165.7037720607138
1509,c,52.60077604943442,53.44932469794111
1510,c,165.7037720607138,165.7037720607138
1511,c,165.7037720607138,165.7037720607138
1512,c,165.7037720607138,165.7037720607138
1513,t,165.7037720607138,165.7037720607138
1514,t,165.7037720607138,165.7037720607138
1515,c,165.7037720607138,165.7037720607138
1516,c,165.7037720607138,165.7037720607138
1517,c,61.97968266952812,63.789671246001994
1518,t,165.7037720607138,165.7037720607138
1519,t,165.7037720607138,165.7037720607138
1520,c,165.7037720607138,165.7037720607138
1521,t,165.7037720607138,165.7037720607138
1522,c,42.5108438144658,43.90010215009792
1523,c,165.7037720607138,165.7037720607138
1524,t,165.7037720607138,165.7037720607138
1525,t,165.7037720607138,165.7037720607138
1526,c,165.7037720607138,165.7037720607138
1527,na,-1,0
1528,t,165.7037720607138,165.7037720607138
1529,c,165.7037720607138,165.7037720607138
1530,c,165.7037720607138,165.7037720607138
1531,c,165.7037720607138,165.7037720607138
1532,t,165.7037720607138,165.7037720607138
1533,c,165.7037720607138,165.7037720607138
1534,c,19.10021052519025,38.41625244652348
1535,c,165.7037720607138,165.7037720607138
1536,c,165.7037720607138,165.7037720607138
1537,c,19.471970165531754,20.095034226618687
1538,t,165.7037720607138,165.7037720607138
1539,c,165.7037720607138,165.7037720607138
1540,t,165.7037720607138,165.7037720607138
1541,c,165.7037720607138,165.7037720607138
1542,c,165.7037720607138,165.7037720607138
1543,t,165.7037720607138,165.7037720607138
1544,t,165.7037720607138,165.7037720607138
1545,c,165.7037720607138,165.7037720607138
1546,t,165.7037720607138,165.7037720607138
1547,c,165.7037720607138,165.7037720607138
1548,c,165.7037720607138,165.7037720607138
1549,c,165.7037720607138,165.7037720607138
1550,t,165.7037720607138,165.7037720607138
1551,t,165.7037720607138,165.7037720607138
1552,t,165.7037720607138,165.7037720607138
1553,t,165.7037720607138,165.7037720607138
1554,c,165.7037720607138,165.7037720607138
1555,c,165.7037720607138,165.7037720607138
1556,c,165.7037720607138,165.7037720607138
1557,t,165.7037720607138,165.7037720607138
1558,c,165.7037720607138,165.7037720607138
1559,c,17.98659027265884,18.742816703890973
1560,t,165.7037720607138,165.7037720607138
1561,t,165.7037720607138,165.7037720607138
1562,t,165.7037720607138,165.7037720607138
1563,c,165.7037720607138,165.7037720607138
1564,t,165.7037720607138,165.7037720607138
1565,c,60.78135231782269,64.78897412574221
1566,c,165.7037720607138,165.7037720607138
1567,t,165.7037720607138,165.7037720607138
1568,c,165.7037720607138,165.7037720607138
1569,t,165.7037720607138,165.7037720607138
1570,c,165.7037720607138,165.7037720607138
1571,t,165.7037720607138,165.7037720607138
1572,t,165.7037720607138,165.7037720607138
1573,c,165.7037720607138,165.7037720607138
1574,c,165.7037720607138,165.7037720607138
1575,t,165.7037720607138,165.7037720607138
1576,t,165.7037720607138,165.7037720607138
1577,c,165.7037720607138,165.7037720607138
1578,c,165.7037720607138,165.7037720607138
1579,t,165.7037720607138,165.7037720607138
1580,c,41.229571749152136,45.741656721905585
1581,c,165.7037720607138,165.7037720607138
1582,t,165.7037720607138,165.7037720607138
1583,c,165.7037720607138,165.7037720607138
1584,c,165.7037720607138,165.7037720607138
1585,c,165.7037720607138,165.7037720607138
1586,t,165.7037720607138,165.7037720607138
1587,t,165.7037720607138,165.7037720607138
1588,c,10.917741539860499,18.399836033053596
1589,t,165.7037720607138,165.7037720607138
1590,c,165.7037720607138,165.7037720607138
1591,c,52.110273298283914,55.55357069154304
1592,t,165.7037720607138,165.7037720607138
1593,c,165.7037720607138,165.7037720607138
1594,c,165.7037720607138,165.7037720607138
1595,t,165.7037720607138,165.7037720607138
1596,c,165.7037720607138,165.7037720607138
1597,c,165.7037720607138,165.7037720607138
1598,t,165.7037720607138,165.7037720607138
1599,c,165.7037720607138,165.7037720607138
1600,t,165.7037720607138,165.7037720607138
1601,c,17.715116778750158,21.907969575870222
1602,c,165.7037720607138,165.7037720607138
1603,c,165.7037720607138,165.7037720607138
1604,t,165.7037720607138,165.7037720607138
1605,t,165.7037720607138,165.7037720607138
1606,t,165.7037720607138,165.7037720607138
1607,t,165.7037720607138,165.7037720607138
1608,c,165.7037720607138,165.7037720607138
1609,t,165.7037720607138,165.7037720607138
1610,c,9.380243052211052,11.671388116610476
1611,t,165.7037720607138,165.7037720607138
1612,c,165.7037720607138,165.7037720607138
1613,t,165.7037720607138,165.7037720607138
1614,t,165.7037720607138,165.7037720607138
1615,c,165.7037720607138,165.7037720607138
1616,c,165.7037720607138,165.7037720607138
1617,c,165.7037720607138,165.7037720607138
1618,t,165.7037720607138,165.7037720607138
1619,t,165.7037720607138,165.7037720607138
1620,c,165.7037720607138,165.7037720607138
1621,c,41.11393198737188,41.21101325238925
1622,t,165.7037720607138,165.7037720607138
1623,c,47.61543878366557,58.48396679924484
1624,c,17.51101609786179,19.45279994349746
1625,t,165.7037720607138,165.7037720607138
1626,c,66.68973366619706,165.7037720607138
1627,t,165.7037720607138,165.7037720607138
1628,t,165.7037720607138,165.7037720607138
1629,t,165.7037720607138,165.7037720607138
1630,t,165.7037720607138,165.7037720607138
1631,c,165.7037720607138,165.7037720607138
1632,t,165.7037720607138,165.7037720607138
1633,c,165.7037720607138,165.7037720607138
1634,c,165.7037720607138,165.7037720607138
1635,c,165.7037720607138,165.7037720607138
1636,t,165.7037720607138,165.7037720607138
1637,c,165.7037720607138,165.7037720607138
1638,t,165.7037720607138,165.7037720607138
1639,c,165.7037720607138,165.7037720607138
1640,na,-1,0
1641,c,46.40466173830224,66.37331879908055
1642,t,165.7037720607138,165.7037720607138
1643,c,165.7037720607138,165.7037720607138
1644,c,102.81355331726353,109.13301197367689
1645,c,165.7037720607138,165.7037720607138
1646,c,165.7037720607138,165.7037720607138
1647,c,23.800136533080746,24.625367194505035
1648,t,165.7037720607138,165.7037720607138
1649,c,165.7037720607138,165.7037720607138
1650,t,165.7037720607138,165.7037720607138
1651,t,165.7037720607138,165.7037720607138
1652,c,165.7037720607138,165.7037720607138
1653,t,165.7037720607138,165.7037720607138
1654,t,165.7037720607138,165.7037720607138
1655,t,165.7037720607138,165.7037720607138
1656,c,24.5587454055327,26.668051904427887
1657,t,165.7037720607138,165.7037720607138
1658,c,31.074044966064786,34.40925070590757
1659,t,165.7037720607138,165.7037720607138
1660,t,165.7037720607138,165.7037720607138
1661,c,34.88452367577033,35.44683554928981
1662,c,165.7037720607138,165.7037720607138
1663,c,165.7037720607138,165.7037720607138
1664,c,165.7037720607138,165.7037720607138
1665,t,165.7037720607138,165.7037720607138
1666,c,165.7037720607138,165.7037720607138
1667,t,165.7037720607138,165.7037720607138
1668,t,165.7037720607138,165.7037720607138
1669,t,165.7037720607138,165.7037720607138
1670,t,165.7037720607138,165.7037720607138
1671,t,165.7037720607138,165.7037720607138
1672,t,165.7037720607138,165.7037720607138
1673,t,165.7037720607138,165.7037720607138
1674,t,165.7037720607138,165.7037720607138
1675,c,54.9742614157571,55.62968575511088
1676,t,165.7037720607138,165.7037720607138
1677,t,165.7037720607138,165.7037720607138
1678,c,165.7037720607138,165.7037720607138
1679,t,165.7037720607138,165.7037720607138
1680,t,165.7037720607138,165.7037720607138
1681,c,165.7037720607138,165.7037720607138
1682,c,165.7037720607138,165.7037720607138
1683,t,165.7037720607138,165.7037720607138
1684,t,165.7037720607138,165.7037720607138
1685,t,165.7037720607138,165.7037720607138
1686,t,165.7037720607138,165.7037720607138
1687,t,165.7037720607138,165.7037720607138
1688,c,165.7037720607138,165.7037720607138
1689,c,165.7037720607138,165.7037720607138
1690,c,29.65460436060735,30.763877777341865
1691,c,165.7037720607138,165.7037720607138
1692,c,165.7037720607138,165.7037720607138
1693,c,165.7037720607138,165.7037720607138
1694,c,165.7037720607138,165.7037720607138
1695,c,165.7037720607138,165.7037720607138
1696,c,22.957004398699958,165.7037720607138
1697,c,165.7037720607138,165.7037720607138
1698,c,165.7037720607138,165.7037720607138
1699,c,165.7037720607138,165.7037720607138
1700,c,165.7037720607138,165.7037720607138
1701,c,165.7037720607138,165.7037720607138
1702,t,165.7037720607138,165.7037720607138
1703,t,165.7037720607138,165.7037720607138
1704,t,165.7037720607138,165.7037720607138
1705,t,165.7037720607138,165.7037720607138
1706,t,165.7037720607138,165.7037720607138
1707,t,165.7037720607138,165.7037720607138
1708,t,165.7037720607138,165.7037720607138
1709,t,165.7037720607138,165.7037720607138
1710,c,165.7037720607138,165.7037720607138
1711,t,165.7037720607138,165.7037720607138
1712,c,165.7037720607138,165.7037720607138
1713,c,165.7037720607138,165.7037720607138
1714,t,165.7037720607138,165.7037720607138
1715,c,165.7037720607138,165.7037720607138
1716,t,165.7037720607138,165.7037720607138
1717,c,165.7037720607138,165.7037720607138
1718,t,165.7037720607138,165.7037720607138
1719,t,165.7037720607138,165.7037720607138
1720,t,165.7037720607138,165.7037720607138
1721,c,165.7037720607138,165.7037720607138
1722,c,1.9376113880927253,4.958752354695852
1723,t,165.7037720607138,165.7037720607138
1724,c,165.7037720607138,165.7037720607138
1725,t,165.7037720607138,165.7037720607138
1726,c,165.7037720607138,165.7037720607138
1727,na,-1,0
1728,c,165.7037720607138,165.7037720607138
1729,t,165.7037720607138,165.7037720607138
1730,c,56.1881872979982,165.7037720607138
1731,t,165.7037720607138,165.7037720607138
1732,c,165.7037720607138,165.7037720607138
1733,c,45.15338537743692,46.4131660047428
1734,c,165.7037720607138,165.7037720607138
1735,t,165.7037720607138,165.7037720607138
1736,c,165.7037720607138,165.7037720607138
1737,c,20.050393820195712,28.583447100485238
1738,t,165.7037720607138,165.7037720607138
1739,c,165.7037720607138,165.7037720607138
1740,t,165.7037720607138,165.7037720607138
1741,t,165.7037720607138,165.7037720607138
1742,c,57.66029697451858,63.24015145796113
1743,c,165.7037720607138,165.7037720607138
1744,c,10.279537147584257,12.227333133031761
1745,c,165.7037720607138,165.7037720607138
1746,t,165.7037720607138,165.7037720607138
1747,c,165.7037720607138,165.7037720607138
1748,c,165.7037720607138,165.7037720607138
1749,t,165.7037720607138,165.7037720607138
1750,c,165.7037720607138,165.7037720607138
1751,t,165.7037720607138,165.7037720607138
1752,c,165.7037720607138,165.7037720607138
1753,c,165.7037720607138,165.7037720607138
1754,t,165.7037720607138,165.7037720607138
1755,t,165.7037720607138,165.7037720607138
1756,t,165.7037720607138,165.7037720607138
1757,t,165.7037720607138,165.7037720607138
1758,t,165.7037720607138,165.7037720607138
1759,t,165.7037720607138,165.7037720607138
1760,t,165.7037720607138,165.7037720607138
1761,c,165.7037720607138,165.7037720607138
1762,c,165.7037720607138,165.7037720607138
1763,t,165.7037720607138,165.7037720607138
1764,t,165.7037720607138,165.7037720607138
1765,t,165.7037720607138,165.7037720607138
1766,c,165.7037720607138,165.7037720607138
1767,c,165.7037720607138,165.7037720607138
1768,t,165.7037720607138,165.7037720607138
1769,c,7.376244401532679,10.936642193375771
1770,t,165.7037720607138,165.7037720607138
1771,c,165.7037720607138,165.7037720607138
1772,c,29.562756111527644,30.90978215389463
1773,t,165.7037720607138,165.7037720607138
1774,t,165.7037720607138,165.7037720607138
1775,c,165.7037720607138,165.7037720607138
1776,c,165.7037720607138,165.7037720607138
1777,t,165.7037720607138,165.7037720607138
1778,t,165.7037720607138,165.7037720607138
1779,t,165.7037720607138,165.7037720607138
1780,t,165.7037720607138,165.7037720607138
1781,t,165.7037720607138,165.7037720607138
1782,c,165.7037720607138,165.7037720607138
1783,c,165.7037720607138,165.7037720607138
1784,t,165.7037720607138,165.7037720607138
1785,t,165.7037720607138,165.7037720607138
1786,t,165.7037720607138,165.7037720607138
1787,t,165.7037720607138,165.7037720607138
1788,c,165.7037720607138,165.7037720607138
1789,t,165.7037720607138,165.7037720607138
1790,c,67.32105064640471,165.7037720607138
1791,c,165.7037720607138,165.7037720607138
1792,t,165.7037720607138,165.7037720607138
1793,t,165.7037720607138,165.7037720607138
1794,c,165.7037720607138,165.7037720607138
1795,t,165.7037720607138,165.7037720607138
1796,t,165.7037720607138,165.7037720607138
1797,c,165.7037720607138,165.7037720607138
1798,c,165.7037720607138,165.7037720607138
1799,c,165.7037720607138,165.7037720607138
1800,na,0,9.215084549212582
1801,c,165.7037720607138,165.7037720607138
1802,t,165.7037720607138,165.7037720607138
1803,t,165.7037720607138,165.7037720607138
1804,t,165.7037720607138,165.7037720607138
1805,t,165.7037720607138,165.7037720607138
1806,c,165.7037720607138,165.7037720607138
1807,t,165.7037720607138,165.7037720607138
1808,c,165.7037720607138,165.7037720607138
1809,t,165.7037720607138,165.7037720607138
1810,c,31.7227032297429,39.183680593744135
1811,t,165.7037720607138,165.7037720607138
1812,c,165.7037720607138,165.7037720607138
1813,t,165.7037720607138,165.7037720607138
1814,c,165.7037720607138,165.7037720607138
1815,t,165.7037720607138,165.7037720607138
1816,c,165.7037720607138,165.7037720607138
1817,t,165.7037720607138,165.7037720607138
1818,t,165.7037720607138,165.7037720607138
1819,c,21.749533806371517,22.68033328224651
1820,t,165.7037720607138,165.7037720607138
1821,t,165.7037720607138,165.7037720607138
1822,t,165.7037720607138,165.7037720607138
1823,c,165.7037720607138,165.7037720607138
1824,t,165.7037720607138,165.7037720607138
1825,c,165.7037720607138,165.7037720607138
1826,t,165.7037720607138,165.7037720607138
1827,t,165.7037720607138,165.7037720607138
1828,c,165.7037720607138,165.7037720607138
1829,t,165.7037720607138,165.7037720607138
1830,c,165.7037720607138,165.7037720607138
1831,t,165.7037720607138,165.7037720607138
1832,t,165.7037720607138,165.7037720607138
1833,c,165.7037720607138,165.7037720607138
1834,t,165.7037720607138,165.7037720607138
1835,c,165.7037720607138,165.7037720607138
1836,c,165.7037720607138,165.7037720607138
1837,c,165.7037720607138,165.7037720607138
1838,t,165.7037720607138,165.7037720607138
1839,t,165.7037720607138,165.7037720607138
1840,c,165.7037720607138,165.7037720607138
1841,c,165.7037720607138,165.7037720607138
1842,t,165.7037720607138,165.7037720607138
1843,c,54.14426598088075,55.97578437988
1844,c,165.7037720607138,165.7037720607138
1845,t,165.7037720607138,165.7037720607138
1846,t,165.7037720607138,165.7037720607138
1847,t,165.7037720607138,165.7037720607138
1848,t,165.7037720607138,165.7037720607138
1849,c,165.7037720607138,165.7037720607138
1850,c,165.7037720607138,165.7037720607138
1851,c,165.7037720607138,165.7037720607138
1852,t,165.7037720607138,165.7037720607138
1853,t,165.7037720607138,165.7037720607138
1854,t,165.7037720607138,165.7037720607138
1855,t,165.7037720607138,165.7037720607138
1856,t,165.7037720607138,165.7037720607138
1857,c,165.7037720607138,165.7037720607138
1858,t,165.7037720607138,165.7037720607138
1859,c,17.22737722696399,20.458109772642885
1860,t,165.7037720607138,165.7037720607138
1861,c,165.7037720607138,165.7037720607138
1862,c,21.68446448537118,29.10052998890027
1863,c,62.000744818752004,66.54404463522634
1864,t,165.7037720607138,165.7037720607138
1865,c,165.7037720607138,165.7037720607138
1866,c,165.7037720607138,165.7037720607138
1867,c,165.7037720607138,165.7037720607138
1868,t,165.7037720607138,165.7037720607138
1869,t,165.7037720607138,165.7037720607138
1870,c,165.7037720607138,165.7037720607138
1871,t,165.7037720607138,165.7037720607138
1872,c,77.39171336121439,79.69893004991403
1873,t,165.7037720607138,165.7037720607138
1874,t,165.7037720607138,165.7037720607138
1875,t,165.7037720607138,165.7037720607138
1876,t,165.7037720607138,165.7037720607138
1877,c,37.07318727676869,37.883130021923826
1878,c,24.23860105243272,24.277606245176454
1879,c,165.7037720607138,165.7037720607138
1880,t,165.7037720607138,165.7037720607138
1881,t,165.7037720607138,165.7037720607138
1882,c,165.7037720607138,165.7037720607138
1883,c,165.7037720607138,165.7037720607138
1884,c,165.7037720607138,165.7037720607138
1885,c,165.7037720607138,165.7037720607138
1886,c,165.7037720607138,165.7037720607138
1887,c,9.409894435947772,12.80992813551635
1888,t,165.7037720607138,165.7037720607138
1889,t,165.7037720607138,165.7037720607138
1890,c,165.7037720607138,165.7037720607138
1891,t,165.7037720607138,165.7037720607138
1892,t,165.7037720607138,165.7037720607138
1893,t,165.7037720607138,165.7037720607138
1894,c,18.193755527806072,18.23190582523317
1895,c,165.7037720607138,165.7037720607138
1896,t,165.7037720607138,165.7037720607138
1897,t,165.7037720607138,165.7037720607138
1898,c,165.7037720607138,165.7037720607138
1899,t,165.7037720607138,165.7037720607138
1900,c,165.7037720607138,165.7037720607138
1901,c,165.7037720607138,165.7037720607138
1902,t,165.7037720607138,165.7037720607138
1903,t,165.7037720607138,165.7037720607138
1904,c,165.7037720607138,165.7037720607138
1905,t,165.7037720607138,165.7037720607138
1906,c,165.7037720607138,165.7037720607138
1907,c,165.7037720607138,165.7037720607138
1908,c,165.7037720607138,165.7037720607138
1909,c,165.7037720607138,165.7037720607138
1910,c,16.413635566946112,21.78143974046905
1911,t,165.7037720607138,165.7037720607138
1912,t,165.7037720607138,165.7037720607138
1913,c,165.7037720607138,165.7037720607138
1914,t,165.7037720607138,165.7037720607138
1915,t,165.7037720607138,165.7037720607138
1916,c,165.7037720607138,165.7037720607138
1917,c,165.7037720607138,165.7037720607138
1918,c,165.7037720607138,165.7037720607138
1919,t,165.7037720607138,165.7037720607138
1920,c,82.45310117135321,83.79541910707223
1921,c,165.7037720607138,165.7037720607138
1922,t,165.7037720607138,165.7037720607138
1923,t,165.7037720607138,165.7037720607138
1924,c,165.7037720607138,165.7037720607138
1925,c,71.81218559404748,90.23758675256033
1926,t,165.7037720607138,165.7037720607138
1927,c,165.7037720607138,165.7037720607138
1928,c,165.7037720607138,165.7037720607138
1929,c,165.7037720607138,165.7037720607138
1930,t,165.7037720607138,165.7037720607138
1931,c,165.7037720607138,165.7037720607138
1932,c,165.7037720607138,165.7037720607138
1933,t,165.7037720607138,165.7037720607138
1934,c,165.7037720607138,165.7037720607138
1935,t,165.7037720607138,165.7037720607138
1936,c,165.7037720607138,165.7037720607138
1937,t,165.7037720607138,165.7037720607138
1938,c,165.7037720607138,165.7037720607138
1939,t,165.7037720607138,165.7037720607138
1940,t,165.7037720607138,165.7037720607138
1941,c,29.241583111627396,30.662849948462252
1942,c,165.7037720607138,165.7037720607138
1943,c,165.7037720607138,165.7037720607138
1944,t,165.7037720607138,165.7037720607138
1945,t,165.7037720607138,165.7037720607138
1946,c,165.7037720607138,165.7037720607138
1947,t,165.7037720607138,165.7037720607138
1948,t,165.7037720607138,165.7037720607138
1949,t,165.7037720607138,165.7037720607138
1950,c,165.7037720607138,165.7037720607138
1951,c,165.7037720607138,165.7037720607138
1952,t,165.7037720607138,165.7037720607138
1953,c,28.45898067013917,29.10052558722203
1954,t,165.7037720607138,165.7037720607138
1955,t,165.7037720607138,165.7037720607138
1956,t,165.7037720607138,165.7037720607138
1957,c,165.7037720607138,165.7037720607138
1958,c,165.7037720607138,165.7037720607138
1959,c,165.7037720607138,165.7037720607138
1960,c,16.275590649875134,21.513040945374392
1961,t,165.7037720607138,165.7037720607138
1962,c,165.7037720607138,165.7037720607138
1963,t,165.7037720607138,165.7037720607138
1964,t,165.7037720607138,165.7037720607138
1965,c,165.7037720607138,165.7037720607138
1966,c,165.7037720607138,165.7037720607138
1967,c,165.7037720607138,165.7037720607138
1968,t,165.7037720607138,165.7037720607138
1969,c,111.14138554079751,113.85551153513565
1970,t,165.7037720607138,165.7037720607138
1971,t,165.7037720607138,165.7037720607138
1972,t,165.7037720607138,165.7037720607138
1973,c,165.7037720607138,165.7037720607138
1974,t,165.7037720607138,165.7037720607138
1975,c,165.7037720607138,165.7037720607138
1976,c,40.55825660096584,49.66056397955495
1977,t,165.7037720607138,165.7037720607138
1978,t,165.7037720607138,165.7037720607138
1979,t,165.7037720607138,165.7037720607138
1980,t,165.7037720607138,165.7037720607138
1981,t,165.7037720607138,165.7037720607138
1982,c,45.18637832373586,46.84841898054476
1983,c,165.7037720607138,165.7037720607138
1984,t,165.7037720607138,165.7037720607138
1985,t,165.7037720607138,165.7037720607138
1986,t,165.7037720607138,165.7037720607138
1987,t,165.7037720607138,165.7037720607138
1988,na,0,8.430663983022939
1989,c,165.7037720607138,165.7037720607138
1990,c,165.7037720607138,165.7037720607138
1991,t,165.7037720607138,165.7037720607138
1992,t,165.7037720607138,165.7037720607138
1993,c,165.7037720607138,165.7037720607138
1994,c,165.7037720607138,165.7037720607138
1995,na,4.999407818658975,10.942184187333547
1996,c,27.41655801124458,30.861841975545076
1997,t,165.7037720607138,165.7037720607138
1998,t,165.7037720607138,165.7037720607138
1999,c,165.7037720607138,165.7037720607138
2000,c,165.7037720607138,165.7037720607138
2001,t,165.7037720607138,165.7037720607138
2002,t,165.7037720607138,165.7037720607138
2003,c,165.7037720607138,165.7037720607138
2004,t,165.7037720607138,165.7037720607138
2005,c,165.7037720607138,165.7037720607138
2006,t,165.7037720607138,165.7037720607138
2007,c,165.7037720607138,165.7037720607138
2008,t,165.7037720607138,165.7037720607138
2009,t,165.7037720607138,165.7037720607138
2010,t,165.7037720607138,165.7037720607138
2011,c,165.7037720607138,165.7037720607138
2012,c,165.7037720607138,165.7037720607138
2013,c,165.7037720607138,165.7037720607138
2014,c,2.750999094511767,3.0244226901270044
2015,c,44.76071381826923,46.77738339336967
2016,c,32.7112039387361,34.58300805209294
2017,c,165.7037720607138,165.7037720607138
2018,t,165.7037720607138,165.7037720607138
2019,c,1.963714402169553,11.333731829367377
2020,t,165.7037720607138,165.7037720607138
2021,t,165.7037720607138,165.7037720607138
2022,c,165.7037720607138,165.7037720607138
2023,t,165.7037720607138,165.7037720607138
2024,c,165.7037720607138,165.7037720607138
2025,c,165.7037720607138,165.7037720607138
2026,t,165.7037720607138,165.7037720607138
2027,c,165.7037720607138,165.7037720607138
2028,c,51.29985668551655,52.42520034461985
2029,t,165.7037720607138,165.7037720607138
2030,t,165.7037720607138,165.7037720607138
2031,c,165.7037720607138,165.7037720607138
2032,t,165.7037720607138,165.7037720607138
2033,c,165.7037720607138,165.7037720607138
2034,t,165.7037720607138,165.7037720607138
2035,c,165.7037720607138,165.7037720607138
2036,t,165.7037720607138,165.7037720607138
2037,t,165.7037720607138,165.7037720607138
2038,c,41.98815383532862,165.7037720607138
2039,t,165.7037720607138,165.7037720607138
2040,t,165.7037720607138,165.7037720607138
2041,c,165.7037720607138,165.7037720607138
2042,t,165.7037720607138,165.7037720607138
2043,c,165.7037720607138,165.7037720607138
2044,t,165.7037720607138,165.7037720607138
2045,t,165.7037720607138,165.7037720607138
2046,t,165.7037720607138,165.7037720607138
2047,t,165.7037720607138,165.7037720607138
2048,c,165.7037720607138,165.7037720607138
2049,t,165.7037720607138,165.7037720607138
2050,c,165.7037720607138,165.7037720607138
2051,t,165.7037720607138,165.7037720607138
2052,t,165.7037720607138,165.7037720607138
2053,t,165.7037720607138,165.7037720607138
2054,t,165.7037720607138,165.7037720607138
2055,c,37.389606874885814,38.793228400306184
2056,t,165.7037720607138,165.7037720607138
2057,c,165.7037720607138,165.7037720607138
2058,t,165.7037720607138,165.7037720607138
2059,t,165.7037720607138,165.7037720607138
2060,t,165.7037720607138,165.7037720607138
2061,c,165.7037720607138,165.7037720607138
2062,c,165.7037720607138,165.7037720607138
2063,c,165.7037720607138,165.7037720607138
2064,c,9.810944382115503,18.815561464504807
2065,t,165.7037720607138,165.7037720607138
2066,t,165.7037720607138,165.7037720607138
2067,c,33.846959465588405,35.03680817470673
2068,t,165.7037720607138,165.7037720607138
2069,c,25.533046951967897,165.7037720607138
2070,na,-1,0
2071,t,165.7037720607138,165.7037720607138
2072,c,9.198981754649267,10.126076096264981
2073,t,165.7037720607138,165.7037720607138
2074,c,165.7037720607138,165.7037720607138
2075,c,165.7037720607138,165.7037720607138
2076,t,165.7037720607138,165.7037720607138
2077,t,165.7037720607138,165.7037720607138
2078,t,165.7037720607138,165.7037720607138
2079,c,36.1926791986755,40.6036328536339
2080,t,165.7037720607138,165.7037720607138
2081,c,165.7037720607138,165.7037720607138
2082,c,165.7037720607138,165.7037720607138
2083,t,165.7037720607138,165.7037720607138
2084,c,165.7037720607138,165.7037720607138
2085,t,165.7037720607138,165.7037720607138
2086,c,28.541550737908835,35.5219322741694
2087,t,165.7037720607138,165.7037720607138
2088,c,165.7037720607138,165.7037720607138
2089,t,165.7037720607138,165.7037720607138
2090,c,9.664281664855332,10.979316609511582
2091,c,165.7037720607138,165.7037720607138
2092,t,165.7037720607138,165.7037720607138
2093,t,165.7037720607138,165.7037720607138
2094,t,165.7037720607138,165.7037720607138
2095,t,165.7037720607138,165.7037720607138
2096,t,165.7037720607138,165.7037720607138
2097,t,165.7037720607138,165.7037720607138
2098,t,165.7037720607138,165.7037720607138
2099,c,36.10315588381186,68.71942710100282
2100,t,165.7037720607138,165.7037720607138
2101,c,165.7037720607138,165.7037720607138
2102,t,165.7037720607138,165.7037720607138
2103,c,165.7037720607138,165.7037720607138
2104,c,165.7037720607138,165.7037720607138
2105,c,165.7037720607138,165.7037720607138
2106,t,165.7037720607138,165.7037720607138
2107,c,165.7037720607138,165.7037720607138
2108,t,165.7037720607138,165.7037720607138
2109,c,11.00906655163813,11.23732326320855
2110,t,165.7037720607138,165.7037720607138
2111,t,165.7037720607138,165.7037720607138
2112,c,165.7037720607138,165.7037720607138
2113,c,46.290529070250194,165.7037720607138
2114,t,165.7037720607138,165.7037720607138
2115,t,165.7037720607138,165.7037720607138
2116,t,165.7037720607138,165.7037720607138
2117,c,165.7037720607138,165.7037720607138
2118,c,165.7037720607138,165.7037720607138
2119,c,37.654343632214484,40.75098623848481
2120,t,165.7037720607138,165.7037720607138
2121,t,165.7037720607138,165.7037720607138
2122,t,165.7037720607138,165.7037720607138
2123,c,165.7037720607138,165.7037720607138
2124,na,8.937335094649953,8.998963783954082
2125,t,165.7037720607138,165.7037720607138
2126,t,165.7037720607138,165.7037720607138
2127,c,35.85221961488474,39.99614399806291
2128,t,165.7037720607138,165.7037720607138
2129,t,165.7037720607138,165.7037720607138
2130,c,165.7037720607138,165.7037720607138
2131,c,165.7037720607138,165.7037720607138
2132,c,165.7037720607138,165.7037720607138
2133,c,165.7037720607138,165.7037720607138
2134,c,23.513369634715435,26.139268248229314
2135,c,23.16048994362408,24.195358562512777
2136,t,165.7037720607138,165.7037720607138
2137,c,165.7037720607138,165.7037720607138
2138,t,165.7037720607138,165.7037720607138
2139,c,165.7037720607138,165.7037720607138
2140,c,165.7037720607138,165.7037720607138
2141,c,165.7037720607138,165.7037720607138
2142,c,72.14763430453863,76.44791176927305
2143,t,165.7037720607138,165.7037720607138
2144,c,36.1981555600722,42.60950726862361
2145,t,165.7037720607138,165.7037720607138
2146,c,165.7037720607138,165.7037720607138
2147,t,165.7037720607138,165.7037720607138
2148,t,165.7037720607138,165.7037720607138
2149,t,165.7037720607138,165.7037720607138
2150,t,165.7037720607138,165.7037720607138
2151,c,165.7037720607138,165.7037720607138
2152,t,165.7037720607138,165.7037720607138
2153,t,165.7037720607138,165.7037720607138
2154,na,-1,0
2155,c,12.174240950956474,14.102537568305532
2156,c,51.001484256600975,56.79612482660897
2157,c,165.7037720607138,165.7037720607138
2158,c,23.138164007530957,23.783120235683295
2159,t,165.7037720607138,165.7037720607138
2160,t,165.7037720607138,165.7037720607138
2161,c,165.7037720607138,165.7037720607138
2162,c,165.7037720607138,165.7037720607138
2163,t,165.7037720607138,165.7037720607138
2164,t,165.7037720607138,165.7037720607138
2165,c,165.7037720607138,165.7037720607138
2166,c,165.7037720607138,165.7037720607138
2167,c,165.7037720607138,165.7037720607138
2168,t,165.7037720607138,165.7037720607138
2169,t,165.7037720607138,165.7037720607138
2170,t,165.7037720607138,165.7037720607138
2171,c,15.838620176815468,18.298169807389762
2172,c,165.7037720607138,165.7037720607138
2173,c,165.7037720607138,165.7037720607138
2174,c,165.7037720607138,165.7037720607138
2175,t,165.7037720607138,165.7037720607138
2176,t,165.7037720607138,165.7037720607138
2177,c,17.025741490159444,17.90832407604923
2178,na,-1,0
2179,t,165.7037720607138,165.7037720607138
2180,t,165.7037720607138,165.7037720607138
2181,c,50.817070702763864,53.308242300692555
2182,t,165.7037720607138,165.7037720607138
2183,t,165.7037720607138,165.7037720607138
2184,c,47.15162990100297,54.83538986648734
2185,t,165.7037720607138,165.7037720607138
2186,t,165.7037720607138,165.7037720607138
2187,c,31.383406529850255,46.70865914285144
2188,t,165.7037720607138,165.7037720607138
2189,c,22.97321568111913,25.763645340477428
2190,t,165.7037720607138,165.7037720607138
2191,t,165.7037720607138,165.7037720607138
2192,t,165.7037720607138,165.7037720607138
2193,t,165.7037720607138,165.7037720607138
2194,c,37.24714964505299,43.5914763139948
2195,c,24.556985387417978,27.69872778353754
2196,t,165.7037720607138,165.7037720607138
2197,c,10.839034124377205,13.038750088111026
2198,t,165.7037720607138,165.7037720607138
2199,c,165.7037720607138,165.7037720607138
2200,t,165.7037720607138,165.7037720607138
2201,c,165.7037720607138,165.7037720607138
2202,c,165.7037720607138,165.7037720607138
2203,c,6.037696431835673,8.755523576217065
2204,c,165.7037720607138,165.7037720607138
2205,t,165.7037720607138,165.7037720607138
2206,t,165.7037720607138,165.7037720607138
2207,c,165.7037720607138,165.7037720607138
2208,t,165.7037720607138,165.7037720607138
2209,t,165.7037720607138,165.7037720607138
2210,c,165.7037720607138,165.7037720607138
2211,t,165.7037720607138,165.7037720607138
2212,c,165.7037720607138,165.7037720607138
2213,c,12.732650008886928,12.928667302998432
2214,t,165.7037720607138,165.7037720607138
2215,c,35.713923439556645,41.74557715434055
2216,t,165.7037720607138,165.7037720607138
2217,t,165.7037720607138,165.7037720607138
2218,c,165.7037720607138,165.7037720607138
2219,c,33.60581372638924,38.090477626213634
2220,c,165.7037720607138,165.7037720607138
2221,t,165.7037720607138,165.7037720607138
2222,c,165.7037720607138,165.7037720607138
2223,t,165.7037720607138,165.7037720607138
2224,t,165.7037720607138,165.7037720607138
2225,t,165.7037720607138,165.7037720607138
2226,c,165.7037720607138,165.7037720607138
2227,c,165.7037720607138,165.7037720607138
2228,c,165.7037720607138,165.7037720607138
2229,t,165.7037720607138,165.7037720607138
2230,c,165.7037720607138,165.7037720607138
2231,t,165.7037720607138,165.7037720607138
2232,c,165.7037720607138,165.7037720607138
2233,c,165.7037720607138,165.7037720607138
2234,t,165.7037720607138,165.7037720607138
2235,c,165.7037720607138,165.7037720607138
2236,t,165.7037720607138,165.7037720607138
2237,t,165.7037720607138,165.7037720607138
2238,c,165.7037720607138,165.7037720607138
2239,c,165.7037720607138,165.7037720607138
2240,t,165.7037720607138,165.7037720607138
2241,c,26.289686064693655,26.972523458697783
2242,c,165.7037720607138,165.7037720607138
2243,c,165.7037720607138,165.7037720607138
2244,t,165.7037720607138,165.7037720607138
2245,na,0,5.077766049117686
2246,c,165.7037720607138,165.7037720607138
2247,t,165.7037720607138,165.7037720607138
2248,t,165.7037720607138,165.7037720607138
2249,c,165.7037720607138,165.7037720607138
2250,c,63.6752450821981,65.30885791271935
2251,c,165.7037720607138,165.7037720607138
2252,c,165.7037720607138,165.7037720607138
2253,t,165.7037720607138,165.7037720607138
2254,c,165.7037720607138,165.7037720607138
2255,t,165.7037720607138,165.7037720607138
2256,c,165.7037720607138,165.7037720607138
2257,t,165.7037720607138,165.7037720607138
2258,c,165.7037720607138,165.7037720607138
2259,t,165.7037720607138,165.7037720607138
2260,t,165.7037720607138,165.7037720607138
2261,c,60.67043442789105,62.537937308892985
2262,t,165.7037720607138,165.7037720607138
2263,t,165.7037720607138,165.7037720607138
2264,c,165.7037720607138,165.7037720607138
2265,c,27.865363796125123,30.202239012230578
2266,t,165.7037720607138,165.7037720607138
2267,t,165.7037720607138,165.7037720607138
2268,c,165.7037720607138,165.7037720607138
2269,t,165.7037720607138,165.7037720607138
2270,c,165.7037720607138,165.7037720607138
2271,c,165.7037720607138,165.7037720607138
2272,c,165.7037720607138,165.7037720607138
2273,c,165.7037720607138,165.7037720607138
2274,t,165.7037720607138,165.7037720607138
2275,t,165.7037720607138,165.7037720607138
2276,t,165.7037720607138,165.7037720607138
2277,t,165.7037720607138,165.7037720607138
2278,t,165.7037720607138,165.7037720607138
2279,c,165.7037720607138,165.7037720607138
2280,c,165.7037720607138,165.7037720607138
2281,c,165.7037720607138,165.7037720607138
2282,t,165.7037720607138,165.7037720607138
2283,t,165.7037720607138,165.7037720607138
2284,c,165.7037720607138,165.7037720607138
2285,c,48.22432183518056,165.7037720607138
2286,t,165.7037720607138,165.7037720607138
2287,c,165.7037720607138,165.7037720607138
2288,t,165.7037720607138,165.7037720607138
2289,t,165.7037720607138,165.7037720607138
2290,c,13.915508022929114,14.070294496249245
2291,c,165.7037720607138,165.7037720607138
2292,c,34.585534903273775,37.101870833015965
2293,c,165.7037720607138,165.7037720607138
2294,c,165.7037720607138,165.7037720607138
2295,c,165.7037720607138,165.7037720607138
2296,t,165.7037720607138,165.7037720607138
2297,t,165.7037720607138,165.7037720607138
2298,t,165.7037720607138,165.7037720607138
2299,c,165.7037720607138,165.7037720607138
2300,c,165.7037720607138,165.7037720607138
2301,t,165.7037720607138,165.7037720607138
2302,c,165.7037720607138,165.7037720607138
2303,c,165.7037720607138,165.7037720607138
2304,t,165.7037720607138,165.7037720607138
2305,t,165.7037720607138,165.7037720607138
2306,t,165.7037720607138,165.7037720607138
2307,c,6.2402829876020505,8.212739052199872
2308,t,165.7037720607138,165.7037720607138
2309,c,165.7037720607138,165.7037720607138
2310,t,165.7037720607138,165.7037720607138
2311,c,165.7037720607138,165.7037720607138
2312,t,165.7037720607138,165.7037720607138
2313,c,3.151358160780582,8.181382779436861
2314,t,165.7037720607138,165.7037720607138
2315,t,165.7037720607138,165.7037720607138
2316,t,165.7037720607138,165.7037720607138
2317,c,28.038984042135944,40.288396886941605
2318,t,165.7037720607138,165.7037720607138
2319,t,165.7037720607138,165.7037720607138
2320,t,165.7037720607138,165.7037720607138
2321,c,11.024628071550714,15.622772765413087
2322,c,81.08513562401056,86.96278162592795
2323,t,165.7037720607138,165.7037720607138
2324,t,165.7037720607138,165.7037720607138
2325,c,165.7037720607138,165.7037720607138
2326,c,165.7037720607138,165.7037720607138
2327,t,165.7037720607138,165.7037720607138
2328,t,165.7037720607138,165.7037720607138
2329,t,165.7037720607138,165.7037720607138
2330,t,165.7037720607138,165.7037720607138
2331,t,165.7037720607138,165.7037720607138
2332,t,165.7037720607138,165.7037720607138
2333,t,165.7037720607138,165.7037720607138
2334,c,165.7037720607138,165.7037720607138
2335,c,165.7037720607138,165.7037720607138
2336,t,165.7037720607138,165.7037720607138
2337,t,165.7037720607138,165.7037720607138
2338,t,165.7037720607138,165.7037720607138
2339,c,165.7037720607138,165.7037720607138
2340,c,165.7037720607138,165.7037720607138
2341,t,165.7037720607138,165.7037720607138
2342,c,165.7037720607138,165.7037720607138
2343,t,165.7037720607138,165.7037720607138
2344,c,165.7037720607138,165.7037720607138
2345,t,165.7037720607138,165.7037720607138
2346,c,165.7037720607138,165.7037720607138
2347,t,165.7037720607138,165.7037720607138
2348,t,165.7037720607138,165.7037720607138
2349,t,165.7037720607138,165.7037720607138
2350,t,165.7037720607138,165.7037720607138
2351,t,165.7037720607138,165.7037720607138
2352,t,165.7037720607138,165.7037720607138
2353,t,165.7037720607138,165.7037720607138
2354,c,27.25273026972892,30.95583266880255
2355,c,165.7037720607138,165.7037720607138
2356,c,165.7037720607138,165.7037720607138
2357,c,165.7037720607138,165.7037720607138
2358,c,165.7037720607138,165.7037720607138
2359,t,165.7037720607138,165.7037720607138
2360,c,165.7037720607138,165.7037720607138
2361,c,165.7037720607138,165.7037720607138
2362,c,165.7037720607138,165.7037720607138
2363,c,55.66202455860319,56.238083471078674
2364,c,17.014417330681674,21.31723894445696
2365,t,165.7037720607138,165.7037720607138
2366,t,165.7037720607138,165.7037720607138
2367,c,165.7037720607138,165.7037720607138
2368,c,165.7037720607138,165.7037720607138
2369,c,165.7037720607138,165.7037720607138
2370,t,165.7037720607138,165.7037720607138
2371,c,165.7037720607138,165.7037720607138
2372,t,165.7037720607138,165.7037720607138
2373,c,165.7037720607138,165.7037720607138
2374,c,165.7037720607138,165.7037720607138
2375,c,165.7037720607138,165.7037720607138
2376,t,165.7037720607138,165.7037720607138
2377,t,165.7037720607138,165.7037720607138
2378,c,165.7037720607138,165.7037720607138
2379,t,165.7037720607138,165.7037720607138
2380,t,165.7037720607138,165.7037720607138
2381,t,165.7037720607138,165.7037720607138
2382,t,165.7037720607138,165.7037720607138
2383,c,165.7037720607138,165.7037720607138
2384,c,165.7037720607138,165.7037720607138
2385,c,165.7037720607138,165.7037720607138
2386,t,165.7037720607138,165.7037720607138
2387,t,165.7037720607138,165.7037720607138
2388,t,165.7037720607138,165.7037720607138
2389,t,165.7037720607138,165.7037720607138
2390,t,165.7037720607138,165.7037720607138
2391,t,165.7037720607138,165.7037720607138
2392,c,165.7037720607138,165.7037720607138
2393,t,165.7037720607138,165.7037720607138
2394,c,165.7037720607138,165.7037720607138
2395,t,165.7037720607138,165.7037720607138
2396,c,165.7037720607138,165.7037720607138
2397,t,165.7037720607138,165.7037720607138
2398,t,165.7037720607138,165.7037720607138
2399,c,165.7037720607138,165.7037720607138
2400,t,165.7037720607138,165.7037720607138
2401,t,165.7037720607138,165.7037720607138
2402,t,165.7037720607138,165.7037720607138
2403,t,165.7037720607138,165.7037720607138
2404,t,165.7037720607138,165.7037720607138
2405,t,165.7037720607138,165.7037720607138
2406,c,165.7037720607138,165.7037720607138
2407,t,165.7037720607138,165.7037720607138
2408,t,165.7037720607138,165.7037720607138
2409,c,165.7037720607138,165.7037720607138
2410,t,165.7037720607138,165.7037720607138
2411,t,165.7037720607138,165.7037720607138
2412,c,165.7037720607138,165.7037720607138
2413,t,165.7037720607138,165.7037720607138
2414,t,165.7037720607138,165.7037720607138
2415,c,165.7037720607138,165.7037720607138
2416,c,32.358656621962254,38.606942781341296
2417,c,165.7037720607138,165.7037720607138
2418,c,165.7037720607138,165.7037720607138
2419,t,165.7037720607138,165.7037720607138
2420,t,165.7037720607138,165.7037720607138
2421,t,165.7037720607138,165.7037720607138
2422,t,165.7037720607138,165.7037720607138
2423,c,165.7037720607138,165.7037720607138
2424,c,28.726170668255385,32.79465601347491
2425,t,165.7037720607138,165.7037720607138
2426,t,165.7037720607138,165.7037720607138
2427,t,165.7037720607138,165.7037720607138
2428,c,19.997919918736343,40.47079091654947
2429,c,18.244827889487414,31.302145590601402
2430,c,165.7037720607138,165.7037720607138
2431,c,165.7037720607138,165.7037720607138
2432,t,165.7037720607138,165.7037720607138
2433,t,165.7037720607138,165.7037720607138
2434,t,165.7037720607138,165.7037720607138
2435,t,165.7037720607138,165.7037720607138
2436,c,165.7037720607138,165.7037720607138
2437,t,165.7037720607138,165.7037720607138
2438,t,165.7037720607138,165.7037720607138
2439,t,165.7037720607138,165.7037720607138
2440,t,165.7037720607138,165.7037720607138
2441,t,165.7037720607138,165.7037720607138
2442,t,165.7037720607138,165.7037720607138
2443,c,45.29195189542139,49.41120606450285
2444,c,165.7037720607138,165.7037720607138
2445,t,165.7037720607138,165.7037720607138
2446,t,165.7037720607138,165.7037720607138
2447,t,165.7037720607138,165.7037720607138
2448,c,165.7037720607138,165.7037720607138
2449,t,165.7037720607138,165.7037720607138
2450,t,165.7037720607138,165.7037720607138
2451,t,165.7037720607138,165.7037720607138
2452,c,71.62879799826344,165.7037720607138
2453,c,165.7037720607138,165.7037720607138
2454,t,165.7037720607138,165.7037720607138
2455,c,16.601807095198033,16.610998088030417
2456,t,165.7037720607138,165.7037720607138
2457,t,165.7037720607138,165.7037720607138
2458,t,165.7037720607138,165.7037720607138
2459,c,165.7037720607138,165.7037720607138
2460,c,165.7037720607138,165.7037720607138
2461,t,165.7037720607138,165.7037720607138
2462,t,165.7037720607138,165.7037720607138
2463,t,165.7037720607138,165.7037720607138
2464,c,165.7037720607138,165.7037720607138
2465,t,165.7037720607138,165.7037720607138
2466,c,165.7037720607138,165.7037720607138
2467,c,26.074023854424176,28.72102782943311
2468,t,165.7037720607138,165.7037720607138
2469,c,54.592725108912525,55.47300113645993
2470,t,165.7037720607138,165.7037720607138
2471,c,165.7037720607138,165.7037720607138
2472,c,32.87023739562566,38.355562883885
2473,c,165.7037720607138,165.7037720607138
2474,t,165.7037720607138,165.7037720607138
2475,t,165.7037720607138,165.7037720607138
2476,t,165.7037720607138,165.7037720607138
2477,t,165.7037720607138,165.7037720607138
2478,c,56.35661743634753,61.5646007990492
2479,t,165.7037720607138,165.7037720607138
2480,t,165.7037720607138,165.7037720607138
2481,c,36.173770507142436,46.47958618070766
2482,c,165.7037720607138,165.7037720607138
2483,t,165.7037720607138,165.7037720607138
2484,t,165.7037720607138,165.7037720607138
2485,c,165.7037720607138,165.7037720607138
2486,t,165.7037720607138,165.7037720607138
2487,c,165.7037720607138,165.7037720607138
2488,t,165.7037720607138,165.7037720607138
2489,t,165.7037720607138,165.7037720607138
2490,c,165.7037720607138,165.7037720607138
2491,t,165.7037720607138,165.7037720607138
2492,t,165.7037720607138,165.7037720607138
2493,na,0,2.2117569243769584
2494,t,165.7037720607138,165.7037720607138
2495,t,165.7037720607138,165.7037720607138
2496,t,165.7037720607138,165.7037720607138
2497,t,165.7037720607138,165.7037720607138
2498,c,165.7037720607138,165.7037720607138
2499,c,165.7037720607138,165.7037720607138
2500,t,165.7037720607138,165.7037720607138
2501,c,36.38684765027862,38.6691045638815
2502,t,165.7037720607138,165.7037720607138
2503,t,165.7037720607138,165.7037720607138
2504,c,165.7037720607138,165.7037720607138
2505,c,165.7037720607138,165.7037720607138
2506,t,165.7037720607138,165.7037720607138
2507,t,165.7037720607138,165.7037720607138
2508,t,165.7037720607138,165.7037720607138
2509,t,165.7037720607138,165.7037720607138
2510,t,165.7037720607138,165.7037720607138
2511,t,165.7037720607138,165.7037720607138
2512,c,165.7037720607138,165.7037720607138
2513,c,46.88956805532378,46.90272587133118
2514,c,10.91419096839839,17.52014142549817
2515,c,165.7037720607138,165.7037720607138
2516,t,165.7037720607138,165.7037720607138
2517,t,165.7037720607138,165.7037720607138
2518,t,165.7037720607138,165.7037720607138
2519,c,9.14724337993618,10.5934858785883
2520,t,165.7037720607138,165.7037720607138
2521,c,31.720182505979047,35.57138494115493
2522,t,165.7037720607138,165.7037720607138
2523,c,165.7037720607138,165.7037720607138
2524,t,165.7037720607138,165.7037720607138
2525,t,165.7037720607138,165.7037720607138
2526,c,165.7037720607138,165.7037720607138
2527,c,165.7037720607138,165.7037720607138
2528,t,165.7037720607138,165.7037720607138
2529,c,165.7037720607138,165.7037720607138
2530,c,165.7037720607138,165.7037720607138
2531,c,165.7037720607138,165.7037720607138
2532,c,165.7037720607138,165.7037720607138
2533,c,165.7037720607138,165.7037720607138
2534,t,165.7037720607138,165.7037720607138
2535,t,165.7037720607138,165.7037720607138
2536,t,165.7037720607138,165.7037720607138
2537,t,165.7037720607138,165.7037720607138
2538,c,165.7037720607138,165.7037720607138
2539,t,165.7037720607138,165.7037720607138
2540,t,165.7037720607138,165.7037720607138
2541,c,165.7037720607138,165.7037720607138
2542,c,32.60038944721867,41.601392036539806
2543,t,165.7037720607138,165.7037720607138
2544,c,30.506783106618396,37.58069307443692
2545,t,165.7037720607138,165.7037720607138
2546,t,165.7037720607138,165.7037720607138
2547,c,165.7037720607138,165.7037720607138
2548,t,165.7037720607138,165.7037720607138
2549,t,165.7037720607138,165.7037720607138
2550,t,165.7037720607138,165.7037720607138
2551,c,165.7037720607138,165.7037720607138
2552,c,165.7037720607138,165.7037720607138
2553,t,165.7037720607138,165.7037720607138
2554,c,165.7037720607138,165.7037720607138
2555,t,165.7037720607138,165.7037720607138
2556,t,165.7037720607138,165.7037720607138
2557,c,165.7037720607138,165.7037720607138
2558,t,165.7037720607138,165.7037720607138
2559,t,165.7037720607138,165.7037720607138
2560,t,165.7037720607138,165.7037720607138
2561,c,165.7037720607138,165.7037720607138
2562,c,165.7037720607138,165.7037720607138
2563,c,50.04082339837119,61.27971722108366
2564,t,165.7037720607138,165.7037720607138
2565,t,165.7037720607138,165.7037720607138
2566,t,165.7037720607138,165.7037720607138
2567,c,165.7037720607138,165.7037720607138
2568,t,165.7037720607138,165.7037720607138
2569,t,165.7037720607138,165.7037720607138
2570,t,165.7037720607138,165.7037720607138
2571,na,-1,0
2572,c,26.529078863893243,26.987743221456945
2573,c,23.203041283468174,24.68076201240741
2574,c,30.405640253250855,35.35119259447056
2575,t,165.7037720607138,165.7037720607138
2576,na,2.429183890080354,5.743451343826686
2577,na,0,3.7790067369988996
2578,c,165.7037720607138,165.7037720607138
2579,c,55.54325917786726,60.05996008161611
2580,t,165.7037720607138,165.7037720607138
2581,c,165.7037720607138,165.7037720607138
2582,c,165.7037720607138,165.7037720607138
2583,t,165.7037720607138,165.7037720607138
2584,c,15.305767106406552,15.561742119084908
2585,t,165.7037720607138,165.7037720607138
2586,t,165.7037720607138,165.7037720607138
2587,c,165.7037720607138,165.7037720607138
2588,c,165.7037720607138,165.7037720607138
2589,t,165.7037720607138,165.7037720607138
2590,c,165.7037720607138,165.7037720607138
2591,c,30.546030588718757,31.146805466244825
2592,c,165.7037720607138,165.7037720607138
2593,t,165.7037720607138,165.7037720607138
2594,t,165.7037720607138,165.7037720607138
2595,t,165.7037720607138,165.7037720607138
2596,t,165.7037720607138,165.7037720607138
2597,c,165.7037720607138,165.7037720607138
2598,c,46.608926940351004,49.12028264255537
2599,c,88.89992739081964,90.80835111975811
2600,c,165.7037720607138,165.7037720607138
2601,c,165.7037720607138,165.7037720607138
2602,c,165.7037720607138,165.7037720607138
2603,t,165.7037720607138,165.7037720607138
2604,c,165.7037720607138,165.7037720607138
2605,t,165.7037720607138,165.7037720607138
2606,c,165.7037720607138,165.7037720607138
2607,t,165.7037720607138,165.7037720607138
2608,t,165.7037720607138,165.7037720607138
2609,c,165.7037720607138,165.7037720607138
2610,t,165.7037720607138,165.7037720607138
2611,c,26.02788871818538,27.857739396614047
2612,c,40.012980850128535,40.60481352816918
2613,t,165.7037720607138,165.7037720607138
2614,c,165.7037720607138,165.7037720607138
2615,c,165.7037720607138,165.7037720607138
2616,c,165.7037720607138,165.7037720607138
2617,t,165.7037720607138,165.7037720607138
2618,t,165.7037720607138,165.7037720607138
2619,c,85.36036037931352,90.64106081067236
2620,t,165.7037720607138,165.7037720607138
2621,c,165.7037720607138,165.7037720607138
2622,t,165.7037720607138,165.7037720607138
2623,t,165.7037720607138,165.7037720607138
2624,t,165.7037720607138,165.7037720607138
2625,t,165.7037720607138,165.7037720607138
2626,t,165.7037720607138,165.7037720607138
2627,t,165.7037720607138,165.7037720607138
2628,t,165.7037720607138,165.7037720607138
2629,t,165.7037720607138,165.7037720607138
2630,c,165.7037720607138,165.7037720607138
2631,t,165.7037720607138,165.7037720607138
2632,c,3.7099224731475644,10.990506285104123
2633,c,165.7037720607138,165.7037720607138
2634,c,165.7037720607138,165.7037720607138
2635,t,165.7037720607138,165.7037720607138
2636,t,165.7037720607138,165.7037720607138
2637,c,21.85022846216224,27.246478160469533
2638,na,5.001292442415736,10.879982072471554
2639,t,165.7037720607138,165.7037720607138
2640,t,165.7037720607138,165.7037720607138
2641,t,165.7037720607138,165.7037720607138
2642,c,165.7037720607138,165.7037720607138
2643,t,165.7037720607138,165.7037720607138
2644,c,165.7037720607138,165.7037720607138
2645,t,165.7037720607138,165.7037720607138
2646,t,165.7037720607138,165.7037720607138
2647,c,165.7037720607138,165.7037720607138
2648,c,165.7037720607138,165.7037720607138
2649,c,38.83193677880957,39.235901335255804
2650,t,165.7037720607138,165.7037720607138
2651,c,165.7037720607138,165.7037720607138
2652,t,165.7037720607138,165.7037720607138
2653,c,165.7037720607138,165.7037720607138
2654,t,165.7037720607138,165.7037720607138
2655,c,165.7037720607138,165.7037720607138
2656,na,-1,0
2657,na,6.227130460237566,6.972854445385545
2658,c,31.476484997283507,31.79283640920117
2659,c,165.7037720607138,165.7037720607138
2660,c,44.30874525963957,49.315539329041265
2661,c,165.7037720607138,165.7037720607138
2662,t,165.7037720607138,165.7037720607138
2663,t,165.7037720607138,165.7037720607138
2664,c,165.7037720607138,165.7037720607138
2665,t,165.7037720607138,165.7037720607138
2666,c,38.26492999191318,40.70140901926498
2667,c,165.7037720607138,165.7037720607138
2668,t,165.7037720607138,165.7037720607138
2669,t,165.7037720607138,165.7037720607138
2670,c,165.7037720607138,165.7037720607138
2671,t,165.7037720607138,165.7037720607138
2672,c,20.81655149234933,22.022755989506688
2673,c,165.7037720607138,165.7037720607138
2674,t,165.7037720607138,165.7037720607138
2675,t,165.7037720607138,165.7037720607138
2676,t,165.7037720607138,165.7037720607138
2677,t,165.7037720607138,165.7037720607138
2678,t,165.7037720607138,165.7037720607138
2679,t,165.7037720607138,165.7037720607138
2680,t,165.7037720607138,165.7037720607138
2681,t,165.7037720607138,165.7037720607138
2682,c,165.7037720607138,165.7037720607138
2683,t,165.7037720607138,165.7037720607138
2684,t,165.7037720607138,165.7037720607138
2685,t,165.7037720607138,165.7037720607138
2686,c,165.7037720607138,165.7037720607138
2687,c,165.7037720607138,165.7037720607138
2688,t,165.7037720607138,165.7037720607138
2689,c,165.7037720607138,165.7037720607138
2690,t,165.7037720607138,165.7037720607138
2691,c,8.796130219910767,20.23649954515761
2692,t,165.7037720607138,165.7037720607138
2693,c,45.91341302147181,49.15856462361193
2694,c,165.7037720607138,165.7037720607138
2695,c,165.7037720607138,165.7037720607138
2696,c,165.7037720607138,165.7037720607138
2697,c,165.7037720607138,165.7037720607138
2698,t,165.7037720607138,165.7037720607138
2699,t,165.7037720607138,165.7037720607138
2700,t,165.7037720607138,165.7037720607138
2701,t,165.7037720607138,165.7037720607138
2702,c,3.5527804338299878,7.781073657087028
2703,c,38.9799237080309,39.48509612811817
2704,c,165.7037720607138,165.7037720607138
2705,c,165.7037720607138,165.7037720607138
2706,t,165.7037720607138,165.7037720607138
2707,c,165.7037720607138,165.7037720607138
2708,c,165.7037720607138,165.7037720607138
2709,c,165.7037720607138,165.7037720607138
2710,c,11.419115325392928,16.038570080661664
2711,t,165.7037720607138,165.7037720607138
2712,c,165.7037720607138,165.7037720607138
2713,t,165.7037720607138,165.7037720607138
2714,t,165.7037720607138,165.7037720607138
2715,c,165.7037720607138,165.7037720607138
2716,t,165.7037720607138,165.7037720607138
2717,t,165.7037720607138,165.7037720607138
2718,c,165.7037720607138,165.7037720607138
2719,t,165.7037720607138,165.7037720607138
2720,c,165.7037720607138,165.7037720607138
2721,t,165.7037720607138,165.7037720607138
2722,c,165.7037720607138,165.7037720607138
2723,t,165.7037720607138,165.7037720607138
2724,t,165.7037720607138,165.7037720607138
2725,c,165.7037720607138,165.7037720607138
2726,c,165.7037720607138,165.7037720607138
2727,t,165.7037720607138,165.7037720607138
2728,c,165.7037720607138,165.7037720607138
2729,t,165.7037720607138,165.7037720607138
2730,t,165.7037720607138,165.7037720607138
2731,c,41.09467975046408,43.26394726192805
2732,c,165.7037720607138,165.7037720607138
2733,c,48.77963886207554,53.29839953073355
2734,t,165.7037720607138,165.7037720607138
2735,t,165.7037720607138,165.7037720607138
2736,c,165.7037720607138,165.7037720607138
2737,t,165.7037720607138,165.7037720607138
2738,t,165.7037720607138,165.7037720607138
2739,c,165.7037720607138,165.7037720607138
2740,t,165.7037720607138,165.7037720607138
2741,t,165.7037720607138,165.7037720607138
2742,c,165.7037720607138,165.7037720607138
2743,c,165.7037720607138,165.7037720607138
2744,c,165.7037720607138,165.7037720607138
2745,c,24.453201901907086,31.43134534686686
2746,t,165.7037720607138,165.7037720607138
2747,c,3.901522178964167,5.8912649204790295
2748,t,165.7037720607138,165.7037720607138
2749,c,165.7037720607138,165.7037720607138
2750,t,165.7037720607138,165.7037720607138
2751,t,165.7037720607138,165.7037720607138
2752,t,165.7037720607138,165.7037720607138
2753,c,39.50482169401683,42.91223882903344
2754,t,165.7037720607138,165.7037720607138
2755,t,165.7037720607138,165.7037720607138
2756,t,165.7037720607138,165.7037720607138
2757,c,165.7037720607138,165.7037720607138
2758,t,165.7037720607138,165.7037720607138
2759,t,165.7037720607138,165.7037720607138
2760,t,165.7037720607138,165.7037720607138
2761,c,67.91310131996022,72.70077303899528
2762,c,32.092883433194714,33.27258489161259
2763,t,165.7037720607138,165.7037720607138
2764,c,18.034617692677934,28.38796478188576
2765,t,165.7037720607138,165.7037720607138
2766,c,165.7037720607138,165.7037720607138
2767,c,165.7037720607138,165.7037720607138
2768,t,165.7037720607138,165.7037720607138
2769,t,165.7037720607138,165.7037720607138
2770,c,165.7037720607138,165.7037720607138
2771,t,165.7037720607138,165.7037720607138
2772,t,165.7037720607138,165.7037720607138
2773,t,165.7037720607138,165.7037720607138
2774,t,165.7037720607138,165.7037720607138
2775,c,44.95353404846811,46.88465126163419
2776,c,165.7037720607138,165.7037720607138
2777,c,165.7037720607138,165.7037720607138
2778,t,165.7037720607138,165.7037720607138
2779,c,11.623890089447618,12.256479706725578
2780,c,43.36487636471112,45.10124694278275
2781,t,165.7037720607138,165.7037720607138
2782,t,165.7037720607138,165.7037720607138
2783,c,59.39418899023543,67.95340069327688
2784,c,165.7037720607138,165.7037720607138
2785,c,165.7037720607138,165.7037720607138
2786,t,165.7037720607138,165.7037720607138
2787,c,49.13565413073313,54.68579277060408
2788,c,165.7037720607138,165.7037720607138
2789,c,25.77148287020343,32.86826891859459
2790,c,50.58921169559763,52.9478287002249
2791,c,1.633545932876879,5.810449176068898
2792,t,165.7037720607138,165.7037720607138
2793,na,0,2.332082069358209
2794,c,3.7970950564628003,8.154766222162483
2795,t,165.7037720607138,165.7037720607138
2796,c,41.20949800125649,44.40318160396685
2797,t,165.7037720607138,165.7037720607138
2798,c,165.7037720607138,165.7037720607138
2799,t,165.7037720607138,165.7037720607138
2800,c,165.7037720607138,165.7037720607138
2801,c,165.7037720607138,165.7037720607138
2802,c,24.344817504238172,33.28707878380126
2803,c,165.7037720607138,165.7037720607138
2804,c,165.7037720607138,165.7037720607138
2805,c,165.7037720607138,165.7037720607138
2806,c,51.80421185217162,54.57601747973191
2807,t,165.7037720607138,165.7037720607138
2808,na,-1,0
2809,c,27.30566015390953,40.069016354799466
2810,t,165.7037720607138,165.7037720607138
2811,t,165.7037720607138,165.7037720607138
2812,t,165.7037720607138,165.7037720607138
2813,c,31.24326158073024,31.598804011818373
2814,t,165.7037720607138,165.7037720607138
2815,t,165.7037720607138,165.7037720607138
2816,c,165.7037720607138,165.7037720607138
2817,t,165.7037720607138,165.7037720607138
2818,c,165.7037720607138,165.7037720607138
2819,t,165.7037720607138,165.7037720607138
2820,t,165.7037720607138,165.7037720607138
2821,c,12.623415362635832,13.622492091659721
2822,t,165.7037720607138,165.7037720607138
2823,c,165.7037720607138,165.7037720607138
2824,t,165.7037720607138,165.7037720607138
2825,c,165.7037720607138,165.7037720607138
2826,c,5.692776526054091,13.547929253252406
2827,t,165.7037720607138,165.7037720607138
2828,c,165.7037720607138,165.7037720607138
2829,t,165.7037720607138,165.7037720607138
2830,t,165.7037720607138,165.7037720607138
2831,t,165.7037720607138,165.7037720607138
2832,c,165.7037720607138,165.7037720607138
2833,c,165.7037720607138,165.7037720607138
2834,t,165.7037720607138,165.7037720607138
2835,c,165.7037720607138,165.7037720607138
2836,c,165.7037720607138,165.7037720607138
2837,c,44.98072984791361,49.119467703024284
2838,c,165.7037720607138,165.7037720607138
2839,c,165.7037720607138,165.7037720607138
2840,c,165.7037720607138,165.7037720607138
2841,c,165.7037720607138,165.7037720607138
2842,c,165.7037720607138,165.7037720607138
2843,t,165.7037720607138,165.7037720607138
2844,t,165.7037720607138,165.7037720607138
2845,c,165.7037720607138,165.7037720607138
2846,t,165.7037720607138,165.7037720607138
2847,t,165.7037720607138,165.7037720607138
2848,c,23.408573968262957,29.349065276120267
2849,c,12.14719771379517,17.585811476221583
2850,t,165.7037720607138,165.7037720607138
2851,c,165.7037720607138,165.7037720607138
2852,t,165.7037720607138,165.7037720607138
2853,c,165.7037720607138,165.7037720607138
2854,t,165.7037720607138,165.7037720607138
2855,c,165.7037720607138,165.7037720607138
2856,c,165.7037720607138,165.7037720607138
2857,c,165.7037720607138,165.7037720607138
2858,t,165.7037720607138,165.7037720607138
2859,na,1.3582737546446202,4.886832944929484
2860,c,29.910949826284707,165.7037720607138
2861,t,165.7037720607138,165.7037720607138
2862,c,165.7037720607138,165.7037720607138
2863,c,24.84789835676993,26.629085693113698
2864,t,165.7037720607138,165.7037720607138
2865,c,165.7037720607138,165.7037720607138
2866,t,165.7037720607138,165.7037720607138
2867,c,16.44933218615696,18.54297784097943
2868,t,165.7037720607138,165.7037720607138
2869,c,165.7037720607138,165.7037720607138
2870,c,165.7037720607138,165.7037720607138
2871,c,165.7037720607138,165.7037720607138
2872,t,165.7037720607138,165.7037720607138
2873,t,165.7037720607138,165.7037720607138
2874,c,165.7037720607138,165.7037720607138
2875,t,165.7037720607138,165.7037720607138
2876,t,165.7037720607138,165.7037720607138
2877,c,165.7037720607138,165.7037720607138
2878,t,165.7037720607138,165.7037720607138
2879,t,165.7037720607138,165.7037720607138
2880,c,66.33352045695817,70.32222295133948
2881,c,8.823311182591583,12.559734763858533
2882,t,165.7037720607138,165.7037720607138
2883,t,165.7037720607138,165.7037720607138
2884,c,13.031020568722758,13.073863073781027
2885,c,6.538924156250665,7.355235729646427
2886,c,3.2689692349935937,4.428554410103414
2887,t,165.7037720607138,165.7037720607138
2888,t,165.7037720607138,165.7037720607138
2889,c,150.9875096051973,165.7037720607138
2890,t,165.7037720607138,165.7037720607138
2891,c,165.7037720607138,165.7037720607138
2892,c,165.7037720607138,165.7037720607138
2893,c,165.7037720607138,165.7037720607138
2894,c,12.491728369124479,16.511860407933533
2895,t,165.7037720607138,165.7037720607138
2896,c,49.837252973404524,50.20745719198456
2897,t,165.7037720607138,165.7037720607138
2898,c,165.7037720607138,165.7037720607138
2899,t,165.7037720607138,165.7037720607138
2900,t,165.7037720607138,165.7037720607138
2901,t,165.7037720607138,165.7037720607138
2902,c,165.7037720607138,165.7037720607138
2903,c,165.7037720607138,165.7037720607138
2904,t,165.7037720607138,165.7037720607138
2905,t,165.7037720607138,165.7037720607138
2906,c,165.7037720607138,165.7037720607138
2907,c,165.7037720607138,165.7037720607138
2908,c,165.7037720607138,165.7037720607138
2909,c,165.7037720607138,165.7037720607138
2910,t,165.7037720607138,165.7037720607138
2911,c,165.7037720607138,165.7037720607138
2912,t,165.7037720607138,165.7037720607138
2913,t,165.7037720607138,165.7037720607138
2914,c,165.7037720607138,165.7037720607138
2915,c,165.7037720607138,165.7037720607138
2916,c,165.7037720607138,165.7037720607138
2917,c,165.7037720607138,165.7037720607138
2918,t,165.7037720607138,165.7037720607138
2919,t,165.7037720607138,165.7037720607138
2920,t,165.7037720607138,165.7037720607138
2921,t,165.7037720607138,165.7037720607138
2922,t,165.7037720607138,165.7037720607138
2923,t,165.7037720607138,165.7037720607138
2924,t,165.7037720607138,165.7037720607138
2925,c,165.7037720607138,165.7037720607138
2926,c,165.7037720607138,165.7037720607138
2927,t,165.7037720607138,165.7037720607138
2928,t,165.7037720607138,165.7037720607138
2929,t,165.7037720607138,165.7037720607138
2930,t,165.7037720607138,165.7037720607138
2931,t,165.7037720607138,165.7037720607138
2932,c,165.7037720607138,165.7037720607138
2933,c,165.7037720607138,165.7037720607138
2934,c,40.69473958698921,43.67217347081666
2935,c,53.85492320784815,54.88394357844688
2936,t,165.7037720607138,165.7037720607138
2937,t,165.7037720607138,165.7037720607138
2938,c,165.7037720607138,165.7037720607138
2939,c,33.946320743453676,38.36990883359345
2940,t,165.7037720607138,165.7037720607138
2941,c,165.7037720607138,165.7037720607138
2942,c,165.7037720607138,165.7037720607138
2943,t,165.7037720607138,165.7037720607138
2944,c,165.7037720607138,165.7037720607138
2945,t,165.7037720607138,165.7037720607138
2946,t,165.7037720607138,165.7037720607138
2947,c,165.7037720607138,165.7037720607138
2948,c,165.7037720607138,165.7037720607138
2949,t,165.7037720607138,165.7037720607138
2950,t,165.7037720607138,165.7037720607138
2951,c,48.85867378953086,50.80468410733035
2952,c,49.7686074996959,165.7037720607138
2953,c,165.7037720607138,165.7037720607138
2954,t,165.7037720607138,165.7037720607138
2955,c,34.61956602883584,165.7037720607138
2956,t,165.7037720607138,165.7037720607138
2957,c,24.590075104897572,25.461900019829706
2958,c,165.7037720607138,165.7037720607138
2959,c,165.7037720607138,165.7037720607138
2960,t,165.7037720607138,165.7037720607138
2961,t,165.7037720607138,165.7037720607138
2962,c,165.7037720607138,165.7037720607138
2963,c,165.7037720607138,165.7037720607138
2964,t,165.7037720607138,165.7037720607138
2965,c,165.7037720607138,165.7037720607138
2966,c,165.7037720607138,165.7037720607138
2967,t,165.7037720607138,165.7037720607138
2968,t,165.7037720607138,165.7037720607138
2969,c,165.7037720607138,165.7037720607138
2970,t,165.7037720607138,165.7037720607138
2971,t,165.7037720607138,165.7037720607138
2972,c,45.6456947724426,48.846809929926565
2973,c,10.414790561878359,10.970835832171772
2974,c,165.7037720607138,165.7037720607138
2975,c,165.7037720607138,165.7037720607138
2976,c,24.9656736789451,27.25698484822273
2977,c,20.59542344445898,25.469833085682346
2978,t,165.7037720607138,165.7037720607138
2979,t,165.7037720607138,165.7037720607138
2980,t,165.7037720607138,165.7037720607138
2981,t,165.7037720607138,165.7037720607138
2982,t,165.7037720607138,165.7037720607138
2983,c,165.7037720607138,165.7037720607138
2984,t,165.7037720607138,165.7037720607138
2985,c,165.7037720607138,165.7037720607138
2986,t,165.7037720607138,165.7037720607138
2987,c,44.054875450272945,48.39272328447155
2988,c,26.19775748742076,29.20776999240527
2989,t,165.7037720607138,165.7037720607138
2990,t,165.7037720607138,165.7037720607138
2991,c,165.7037720607138,165.7037720607138
2992,c,25.990908097859357,35.667952063103584
2993,c,165.7037720607138,165.7037720607138
2994,c,165.7037720607138,165.7037720607138
2995,t,165.7037720607138,165.7037720607138
2996,c,35.83019538309531,41.54854760946756
2997,c,165.7037720607138,165.7037720607138
2998,c,58.165990874518556,165.7037720607138
2999,t,165.7037720607138,165.7037720607138
3000,c,165.7037720607138,165.7037720607138
3001,t,165.7037720607138,165.7037720607138
3002,c,165.7037720607138,165.7037720607138
3003,t,165.7037720607138,165.7037720607138
3004,c,165.7037720607138,165.7037720607138
3005,t,165.7037720607138,165.7037720607138
3006,t,165.7037720607138,165.7037720607138
3007,c,165.7037720607138,165.7037720607138
3008,t,165.7037720607138,165.7037720607138
3009,c,15.912981070607449,19.530600893289854
3010,c,165.7037720607138,165.7037720607138
3011,c,165.7037720607138,165.7037720607138
3012,c,165.7037720607138,165.7037720607138
3013,c,165.7037720607138,165.7037720607138
3014,c,165.7037720607138,165.7037720607138
3015,c,165.7037720607138,165.7037720607138
3016,t,165.7037720607138,165.7037720607138
3017,c,165.7037720607138,165.7037720607138
3018,c,165.7037720607138,165.7037720607138
3019,c,165.7037720607138,165.7037720607138
3020,c,165.7037720607138,165.7037720607138
3021,c,27.83973963887469,165.7037720607138
3022,t,165.7037720607138,165.7037720607138
3023,c,165.7037720607138,165.7037720607138
3024,c,165.7037720607138,165.7037720607138
3025,t,165.7037720607138,165.7037720607138
3026,c,54.11649824304326,57.37743091329084
3027,t,165.7037720607138,165.7037720607138
3028,t,165.7037720607138,165.7037720607138
3029,t,165.7037720607138,165.7037720607138
3030,c,8.658014092516632,165.7037720607138
3031,t,165.7037720607138,165.7037720607138
3032,c,10.263231946472262,10.835922680652638
3033,c,165.7037720607138,165.7037720607138
3034,t,165.7037720607138,165.7037720607138
3035,c,165.7037720607138,165.7037720607138
3036,c,165.7037720607138,165.7037720607138
3037,t,165.7037720607138,165.7037720607138
3038,c,165.7037720607138,165.7037720607138
3039,c,165.7037720607138,165.7037720607138
3040,c,30.294038361980515,35.991850314725106
3041,t,165.7037720607138,165.7037720607138
3042,t,165.7037720607138,165.7037720607138
3043,c,165.7037720607138,165.7037720607138
3044,c,165.7037720607138,165.7037720607138
3045,c,57.04817982930071,61.32372918372518
3046,t,165.7037720607138,165.7037720607138
3047,c,55.568901519566175,56.37392203192703
3048,c,37.13428478740534,44.62113210976574
3049,c,165.7037720607138,165.7037720607138
3050,t,165.7037720607138,165.7037720607138
3051,t,165.7037720607138,165.7037720607138
3052,c,165.7037720607138,165.7037720607138
3053,c,78.00695959160859,87.3442344396172
3054,t,165.7037720607138,165.7037720607138
3055,t,165.7037720607138,165.7037720607138
3056,c,165.7037720607138,165.7037720607138
3057,c,33.384432978205524,34.34327549512721
3058,c,165.7037720607138,165.7037720607138
3059,c,50.46391026238565,51.074077515511206
3060,t,165.7037720607138,165.7037720607138
3061,t,165.7037720607138,165.7037720607138
3062,t,165.7037720607138,165.7037720607138
3063,t,165.7037720607138,165.7037720607138
3064,t,165.7037720607138,165.7037720607138
3065,c,165.7037720607138,165.7037720607138
3066,c,165.7037720607138,165.7037720607138
3067,t,165.7037720607138,165.7037720607138
3068,t,165.7037720607138,165.7037720607138
3069,na,6.343259385861752,11.263536153676906
3070,t,165.7037720607138,165.7037720607138
3071,c,165.7037720607138,165.7037720607138
3072,c,8.531392621609813,12.516628259389151
3073,t,165.7037720607138,165.7037720607138
3074,c,16.829434588595593,17.18717237165171
3075,c,48.99207754488498,50.31978626729321
3076,t,165.7037720607138,165.7037720607138
3077,c,70.37364039681955,70.66044253742128
3078,c,5.666230680909317,11.473043052697559
3079,c,165.7037720607138,165.7037720607138
3080,c,165.7037720607138,165.7037720607138
3081,na,1.4821070185913736,18.694766907012827
3082,t,165.7037720607138,165.7037720607138
3083,c,4.97424684386752,5.017651434307092
3084,c,165.7037720607138,165.7037720607138
3085,t,165.7037720607138,165.7037720607138
3086,c,165.7037720607138,165.7037720607138
3087,t,165.7037720607138,165.7037720607138
3088,t,165.7037720607138,165.7037720607138
3089,c,10.327171670147278,10.51626035042689
3090,t,165.7037720607138,165.7037720607138
3091,c,165.7037720607138,165.7037720607138
3092,c,165.7037720607138,165.7037720607138
3093,t,165.7037720607138,165.7037720607138
3094,t,165.7037720607138,165.7037720607138
3095,t,165.7037720607138,165.7037720607138
3096,c,50.58498041001951,58.899317687232156
3097,t,165.7037720607138,165.7037720607138
3098,c,165.7037720607138,165.7037720607138
3099,t,165.7037720607138,165.7037720607138
3100,c,165.7037720607138,165.7037720607138
3101,c,165.7037720607138,165.7037720607138
3102,t,165.7037720607138,165.7037720607138
3103,c,165.7037720607138,165.7037720607138
3104,c,165.7037720607138,165.7037720607138
3105,t,165.7037720607138,165.7037720607138
3106,c,165.7037720607138,165.7037720607138
3107,t,165.7037720607138,165.7037720607138
3108,c,47.3951405049168,47.45463279738671
3109,t,165.7037720607138,165.7037720607138
3110,t,165.7037720607138,165.7037720607138
3111,c,165.7037720607138,165.7037720607138
3112,t,165.7037720607138,165.7037720607138
3113,c,165.7037720607138,165.7037720607138
3114,t,165.7037720607138,165.7037720607138
3115,c,165.7037720607138,165.7037720607138
3116,t,165.7037720607138,165.7037720607138
3117,t,165.7037720607138,165.7037720607138
3118,c,13.641753934509783,17.923288952395986
3119,t,165.7037720607138,165.7037720607138
3120,c,165.7037720607138,165.7037720607138
3121,c,165.7037720607138,165.7037720607138
3122,c,165.7037720607138,165.7037720607138
3123,c,165.7037720607138,165.7037720607138
3124,c,165.7037720607138,165.7037720607138
3125,c,35.733416543793545,37.268100589770114
3126,c,42.113205526922705,43.421290078571914
3127,t,165.7037720607138,165.7037720607138
3128,t,165.7037720607138,165.7037720607138
3129,t,165.7037720607138,165.7037720607138
3130,c,165.7037720607138,165.7037720607138
3131,c,165.7037720607138,165.7037720607138
3132,c,165.7037720607138,165.7037720607138
3133,c,55.930886744951586,56.03659857836464
3134,c,6.536315445610297,7.983286988260857
3135,t,165.7037720607138,165.7037720607138
3136,t,165.7037720607138,165.7037720607138
3137,t,165.7037720607138,165.7037720607138
3138,t,165.7037720607138,165.7037720607138
3139,c,165.7037720607138,165.7037720607138
3140,t,165.7037720607138,165.7037720607138
3141,t,165.7037720607138,165.7037720607138
3142,c,165.7037720607138,165.7037720607138
3143,t,165.7037720607138,165.7037720607138
3144,t,165.7037720607138,165.7037720607138
3145,t,165.7037720607138,165.7037720607138
3146,t,165.7037720607138,165.7037720607138
3147,t,165.7037720607138,165.7037720607138
3148,t,165.7037720607138,165.7037720607138
3149,t,165.7037720607138,165.7037720607138
3150,c,165.7037720607138,165.7037720607138
3151,t,165.7037720607138,165.7037720607138
3152,c,23.319396054807786,30.632920123113742
3153,c,165.7037720607138,165.7037720607138
3154,t,165.7037720607138,165.7037720607138
3155,c,165.7037720607138,165.7037720607138
3156,c,165.7037720607138,165.7037720607138
3157,c,165.7037720607138,165.7037720607138
3158,t,165.7037720607138,165.7037720607138
3159,t,165.7037720607138,165.7037720607138
3160,c,165.7037720607138,165.7037720607138
3161,c,165.7037720607138,165.7037720607138
3162,t,165.7037720607138,165.7037720607138
3163,c,16.601649249219143,17.859411448860683
3164,t,165.7037720607138,165.7037720607138
3165,c,165.7037720607138,165.7037720607138
3166,t,165.7037720607138,165.7037720607138
3167,c,165.7037720607138,165.7037720607138
3168,t,165.7037720607138,165.7037720607138
3169,c,23.050787648458375,25.741984069043102
3170,c,165.7037720607138,165.7037720607138
3171,c,165.7037720607138,165.7037720607138
3172,c,46.456266146688606,57.944104230789094
3173,t,165.7037720607138,165.7037720607138
3174,t,165.7037720607138,165.7037720607138
3175,t,165.7037720607138,165.7037720607138
3176,na,10.825691776895052,11.090774813954669
3177,t,165.7037720607138,165.7037720607138
3178,c,165.7037720607138,165.7037720607138
3179,c,165.7037720607138,165.7037720607138
3180,t,165.7037720607138,165.7037720607138
3181,c,165.7037720607138,165.7037720607138
3182,c,165.7037720607138,165.7037720607138
3183,c,19.217558276670797,22.196757632303555
3184,c,165.7037720607138,165.7037720607138
3185,c,165.7037720607138,165.7037720607138
3186,t,165.7037720607138,165.7037720607138
3187,c,165.7037720607138,165.7037720607138
3188,t,165.7037720607138,165.7037720607138
3189,c,165.7037720607138,165.7037720607138
3190,t,165.7037720607138,165.7037720607138
3191,c,165.7037720607138,165.7037720607138
3192,t,165.7037720607138,165.7037720607138
3193,t,165.7037720607138,165.7037720607138
3194,c,165.7037720607138,165.7037720607138
3195,t,165.7037720607138,165.7037720607138
3196,t,165.7037720607138,165.7037720607138
3197,t,165.7037720607138,165.7037720607138
3198,t,165.7037720607138,165.7037720607138
3199,t,165.7037720607138,165.7037720607138
3200,c,165.7037720607138,165.7037720607138
3201,t,165.7037720607138,165.7037720607138
3202,c,165.7037720607138,165.7037720607138
3203,t,165.7037720607138,165.7037720607138
3204,c,165.7037720607138,165.7037720607138
3205,t,165.7037720607138,165.7037720607138
3206,c,48.559358561332445,49.60275565197251
3207,c,165.7037720607138,165.7037720607138
3208,t,165.7037720607138,165.7037720607138
3209,c,165.7037720607138,165.7037720607138
3210,c,165.7037720607138,165.7037720607138
3211,c,165.7037720607138,165.7037720607138
3212,c,165.7037720607138,165.7037720607138
3213,c,165.7037720607138,165.7037720607138
3214,t,165.7037720607138,165.7037720607138
3215,t,165.7037720607138,165.7037720607138
3216,c,165.7037720607138,165.7037720607138
3217,c,165.7037720607138,165.7037720607138
3218,t,165.7037720607138,165.7037720607138
3219,c,40.71474314815121,40.74322312823536
3220,t,165.7037720607138,165.7037720607138
3221,t,165.7037720607138,165.7037720607138
3222,c,165.7037720607138,165.7037720607138
3223,c,165.7037720607138,165.7037720607138
3224,c,165.7037720607138,165.7037720607138
3225,t,165.7037720607138,165.7037720607138
3226,t,165.7037720607138,165.7037720607138
3227,na,0,8.141738391526975
3228,c,165.7037720607138,165.7037720607138
3229,c,165.7037720607138,165.7037720607138
3230,t,165.7037720607138,165.7037720607138
3231,c,165.7037720607138,165.7037720607138
3232,t,165.7037720607138,165.7037720607138
3233,c,57.17057253869767,59.08775520943878
3234,na,13.247700331339303,21.933018314641323
3235,t,165.7037720607138,165.7037720607138
3236,c,44.60023141826574,45.54870202196654
3237,na,-1,0
3238,t,165.7037720607138,165.7037720607138
3239,t,165.7037720607138,165.7037720607138
3240,c,165.7037720607138,165.7037720607138
3241,c,165.7037720607138,165.7037720607138
3242,c,165.7037720607138,165.7037720607138
3243,t,165.7037720607138,165.7037720607138
3244,t,165.7037720607138,165.7037720607138
3245,c,165.7037720607138,165.7037720607138
3246,t,165.7037720607138,165.7037720607138
3247,c,165.7037720607138,165.7037720607138
3248,t,165.7037720607138,165.7037720607138
3249,t,165.7037720607138,165.7037720607138
3250,t,165.7037720607138,165.7037720607138
3251,c,165.7037720607138,165.7037720607138
3252,c,165.7037720607138,165.7037720607138
3253,c,21.066443816560152,25.249418151081038
3254,c,165.7037720607138,165.7037720607138
3255,c,165.7037720607138,165.7037720607138
3256,t,165.7037720607138,165.7037720607138
3257,t,165.7037720607138,165.7037720607138
3258,t,165.7037720607138,165.7037720607138
3259,c,165.7037720607138,165.7037720607138
3260,c,9.097573996727082,11.634348308158724
3261,c,42.58473691887878,42.7684663488938
3262,t,165.7037720607138,165.7037720607138
3263,c,44.37532940531853,46.44631884990305
3264,t,165.7037720607138,165.7037720607138
3265,c,165.7037720607138,165.7037720607138
3266,t,165.7037720607138,165.7037720607138
3267,c,165.7037720607138,165.7037720607138
3268,t,165.7037720607138,165.7037720607138
3269,t,165.7037720607138,165.7037720607138
3270,c,18.226287392312738,23.934475996673648
3271,t,165.7037720607138,165.7037720607138
3272,c,165.7037720607138,165.7037720607138
3273,t,165.7037720607138,165.7037720607138
3274,t,165.7037720607138,165.7037720607138
3275,c,165.7037720607138,165.7037720607138
3276,c,3.322894279116799,3.623420063788508
3277,c,165.7037720607138,165.7037720607138
3278,t,165.7037720607138,165.7037720607138
3279,t,165.7037720607138,165.7037720607138
3280,c,165.7037720607138,165.7037720607138
3281,c,165.7037720607138,165.7037720607138
3282,c,165.7037720607138,165.7037720607138
3283,t,165.7037720607138,165.7037720607138
3284,c,165.7037720607138,165.7037720607138
3285,na,-1,0
3286,t,165.7037720607138,165.7037720607138
3287,c,165.7037720607138,165.7037720607138
3288,t,165.7037720607138,165.7037720607138
3289,c,165.7037720607138,165.7037720607138
3290,t,165.7037720607138,165.7037720607138
3291,t,165.7037720607138,165.7037720607138
3292,na,17.79130932626502,25.226784205564474
3293,t,165.7037720607138,165.7037720607138
3294,t,165.7037720607138,165.7037720607138
3295,t,165.7037720607138,165.7037720607138
3296,c,50.24385428631988,50.43580487215303
3297,c,165.7037720607138,165.7037720607138
3298,c,165.7037720607138,165.7037720607138
3299,c,165.7037720607138,165.7037720607138
3300,t,165.7037720607138,165.7037720607138
3301,t,165.7037720607138,165.7037720607138
3302,c,125.9544716770903,134.27037249026114
3303,c,165.7037720607138,165.7037720607138
3304,t,165.7037720607138,165.7037720607138
3305,t,165.7037720607138,165.7037720607138
3306,c,165.7037720607138,165.7037720607138
3307,c,165.7037720607138,165.7037720607138
3308,t,165.7037720607138,165.7037720607138
3309,t,165.7037720607138,165.7037720607138
3310,t,165.7037720607138,165.7037720607138
3311,t,165.7037720607138,165.7037720607138
3312,c,165.7037720607138,165.7037720607138
3313,t,165.7037720607138,165.7037720607138
3314,c,17.025556995619915,22.72470805145628
3315,c,165.7037720607138,165.7037720607138
3316,c,40.912441790391426,42.45012720788879
3317,c,165.7037720607138,165.7037720607138
3318,t,165.7037720607138,165.7037720607138
3319,c,165.7037720607138,165.7037720607138
3320,c,65.15313218542441,70.1159105617108
3321,t,165.7037720607138,165.7037720607138
3322,c,30.95388539112552,34.435251862494425
3323,c,165.7037720607138,165.7037720607138
3324,t,165.7037720607138,165.7037720607138
3325,t,165.7037720607138,165.7037720607138
3326,t,165.7037720607138,165.7037720607138
3327,t,165.7037720607138,165.7037720607138
3328,t,165.7037720607138,165.7037720607138
3329,t,165.7037720607138,165.7037720607138
3330,c,165.7037720607138,165.7037720607138
3331,c,165.7037720607138,165.7037720607138
3332,c,165.7037720607138,165.7037720607138
3333,t,165.7037720607138,165.7037720607138
3334,t,165.7037720607138,165.7037720607138
3335,c,61.04276249915948,73.4113164796383
3336,c,165.7037720607138,165.7037720607138
3337,t,165.7037720607138,165.7037720607138
3338,t,165.7037720607138,165.7037720607138
3339,c,165.7037720607138,165.7037720607138
3340,c,165.7037720607138,165.7037720607138
3341,c,165.7037720607138,165.7037720607138
3342,t,165.7037720607138,165.7037720607138
3343,c,34.05957096819927,48.076416487772846
3344,c,165.7037720607138,165.7037720607138
3345,t,165.7037720607138,165.7037720607138
3346,t,165.7037720607138,165.7037720607138
3347,na,1.3271739393142552,4.090686677326883
3348,t,165.7037720607138,165.7037720607138
3349,t,165.7037720607138,165.7037720607138
3350,t,165.7037720607138,165.7037720607138
3351,c,31.815787698836225,33.0051629742611
3352,c,165.7037720607138,165.7037720607138
3353,c,165.7037720607138,165.7037720607138
3354,t,165.7037720607138,165.7037720607138
3355,t,165.7037720607138,165.7037720607138
3356,c,22.23360281951151,26.259855162276047
3357,c,165.7037720607138,165.7037720607138
3358,t,165.7037720607138,165.7037720607138
3359,c,165.7037720607138,165.7037720607138
3360,t,165.7037720607138,165.7037720607138
3361,c,165.7037720607138,165.7037720607138
3362,c,165.7037720607138,165.7037720607138
3363,t,165.7037720607138,165.7037720607138
3364,c,165.7037720607138,165.7037720607138
3365,t,165.7037720607138,165.7037720607138
3366,c,165.7037720607138,165.7037720607138
3367,t,165.7037720607138,165.7037720607138
3368,c,165.7037720607138,165.7037720607138
3369,t,165.7037720607138,165.7037720607138
3370,c,165.7037720607138,165.7037720607138
3371,t,165.7037720607138,165.7037720607138
3372,t,165.7037720607138,165.7037720607138
3373,t,165.7037720607138,165.7037720607138
3374,t,165.7037720607138,165.7037720607138
3375,t,165.7037720607138,165.7037720607138
3376,c,165.7037720607138,165.7037720607138
3377,t,165.7037720607138,165.7037720607138
3378,c,100.3258967180379,103.18120567979315
3379,c,165.7037720607138,165.7037720607138
3380,c,165.7037720607138,165.7037720607138
3381,t,165.7037720607138,165.7037720607138
3382,c,165.7037720607138,165.7037720607138
3383,c,165.7037720607138,165.7037720607138
3384,c,165.7037720607138,165.7037720607138
3385,c,165.7037720607138,165.7037720607138
3386,c,97.48154691831692,112.40399612562508
3387,t,165.7037720607138,165.7037720607138
3388,t,165.7037720607138,165.7037720607138
3389,c,165.7037720607138,165.7037720607138
3390,c,165.7037720607138,165.7037720607138
3391,c,16.50991943491189,16.988707548494816
3392,c,165.7037720607138,165.7037720607138
3393,t,165.7037720607138,165.7037720607138
3394,t,165.7037720607138,165.7037720607138
3395,c,165.7037720607138,165.7037720607138
3396,c,165.7037720607138,165.7037720607138
3397,c,165.7037720607138,165.7037720607138
3398,c,165.7037720607138,165.7037720607138
3399,c,165.7037720607138,165.7037720607138
3400,c,64.3255290170415,70.21774227577454
3401,c,165.7037720607138,165.7037720607138
3402,t,165.7037720607138,165.7037720607138
3403,t,165.7037720607138,165.7037720607138
3404,t,165.7037720607138,165.7037720607138
3405,t,165.7037720607138,165.7037720607138
3406,t,165.7037720607138,165.7037720607138
3407,t,165.7037720607138,165.7037720607138
3408,c,11.43801264028026,16.49239153046079
3409,c,18.197566166171097,20.072427430074224
3410,t,165.7037720607138,165.7037720607138
3411,c,22.14639023863885,27.589283060884334
3412,c,20.290085447724078,165.7037720607138
3413,t,165.7037720607138,165.7037720607138
3414,t,165.7037720607138,165.7037720607138
3415,c,109.41401671379003,113.96996802157841
3416,c,165.7037720607138,165.7037720607138
3417,t,165.7037720607138,165.7037720607138
3418,c,165.7037720607138,165.7037720607138
3419,c,165.7037720607138,165.7037720607138
3420,t,165.7037720607138,165.7037720607138
3421,t,165.7037720607138,165.7037720607138
3422,t,165.7037720607138,165.7037720607138
3423,t,165.7037720607138,165.7037720607138
3424,t,165.7037720607138,165.7037720607138
3425,na,23.35757461988436,165.7037720607138
3426,c,165.7037720607138,165.7037720607138
3427,na,0,1.7441135610403808
3428,t,165.7037720607138,165.7037720607138
3429,c,138.13324429160264,139.75941486525124
3430,c,32.31888125607221,34.52531078319275
3431,t,165.7037720607138,165.7037720607138
3432,c,165.7037720607138,165.7037720607138
3433,c,165.7037720607138,165.7037720607138
3434,t,165.7037720607138,165.7037720607138
3435,c,165.7037720607138,165.7037720607138
3436,c,165.7037720607138,165.7037720607138
3437,t,165.7037720607138,165.7037720607138
3438,t,165.7037720607138,165.7037720607138
3439,t,165.7037720607138,165.7037720607138
3440,c,32.10026469125985,34.06152680815399
3441,c,165.7037720607138,165.7037720607138
3442,c,165.7037720607138,165.7037720607138
3443,t,165.7037720607138,165.7037720607138
3444,t,165.7037720607138,165.7037720607138
3445,c,165.7037720607138,165.7037720607138
3446,t,165.7037720607138,165.7037720607138
3447,t,165.7037720607138,165.7037720607138
3448,c,165.7037720607138,165.7037720607138
3449,t,165.7037720607138,165.7037720607138
3450,c,165.7037720607138,165.7037720607138
3451,c,165.7037720607138,165.7037720607138
3452,c,18.859357285953596,19.687029443505477
3453,c,165.7037720607138,165.7037720607138
3454,t,165.7037720607138,165.7037720607138
3455,c,64.74591061709707,66.39486802109103
3456,t,165.7037720607138,165.7037720607138
3457,t,165.7037720607138,165.7037720607138
3458,c,10.466648168476876,12.35742131696242
3459,c,165.7037720607138,165.7037720607138
3460,t,165.7037720607138,165.7037720607138
3461,c,165.7037720607138,165.7037720607138
3462,t,165.7037720607138,165.7037720607138
3463,c,165.7037720607138,165.7037720607138
3464,c,165.7037720607138,165.7037720607138
3465,t,165.7037720607138,165.7037720607138
3466,t,165.7037720607138,165.7037720607138
3467,c,64.47218982467805,165.7037720607138
3468,t,165.7037720607138,165.7037720607138
3469,c,165.7037720607138,165.7037720607138
3470,t,165.7037720607138,165.7037720607138
3471,t,165.7037720607138,165.7037720607138
3472,t,165.7037720607138,165.7037720607138
3473,c,43.023706123170705,48.8497976903292
3474,c,165.7037720607138,165.7037720607138
3475,c,165.7037720607138,165.7037720607138
3476,t,165.7037720607138,165.7037720607138
3477,c,165.7037720607138,165.7037720607138
3478,c,64.06612207772444,67.96527959077383
3479,c,165.7037720607138,165.7037720607138
3480,t,165.7037720607138,165.7037720607138
3481,t,165.7037720607138,165.7037720607138
3482,t,165.7037720607138,165.7037720607138
3483,t,165.7037720607138,165.7037720607138
3484,c,31.795282899289553,32.07636979645689
3485,t,165.7037720607138,165.7037720607138
3486,t,165.7037720607138,165.7037720607138
3487,c,165.7037720607138,165.7037720607138
3488,c,36.55995402246406,38.3548090470204
3489,c,165.7037720607138,165.7037720607138
3490,c,165.7037720607138,165.7037720607138
3491,t,165.7037720607138,165.7037720607138
3492,t,165.7037720607138,165.7037720607138
3493,t,165.7037720607138,165.7037720607138
3494,c,165.7037720607138,165.7037720607138
3495,c,165.7037720607138,165.7037720607138
3496,t,165.7037720607138,165.7037720607138
3497,t,165.7037720607138,165.7037720607138
3498,t,165.7037720607138,165.7037720607138
3499,t,165.7037720607138,165.7037720607138
3500,t,165.7037720607138,165.7037720607138
3501,c,165.7037720607138,165.7037720607138
3502,t,165.7037720607138,165.7037720607138
3503,t,165.7037720607138,165.7037720607138
3504,t,165.7037720607138,165.7037720607138
3505,c,165.7037720607138,165.7037720607138
3506,c,165.7037720607138,165.7037720607138
3507,c,165.7037720607138,165.7037720607138
3508,c,165.7037720607138,165.7037720607138
3509,c,165.7037720607138,165.7037720607138
3510,t,165.7037720607138,165.7037720607138
3511,t,165.7037720607138,165.7037720607138
3512,t,165.7037720607138,165.7037720607138
3513,na,0,8.412876779469768
3514,c,56.874303468735555,58.54010822942252
3515,c,165.7037720607138,165.7037720607138
3516,t,165.7037720607138,165.7037720607138
3517,c,21.263476335704947,22.60782991665971
3518,c,165.7037720607138,165.7037720607138
3519,t,165.7037720607138,165.7037720607138
3520,t,165.7037720607138,165.7037720607138
3521,c,55.86517191244293,59.91715755490951
3522,t,165.7037720607138,165.7037720607138
3523,c,165.7037720607138,165.7037720607138
3524,c,49.99797961000157,51.55174474466829
3525,c,165.7037720607138,165.7037720607138
3526,t,165.7037720607138,165.7037720607138
3527,na,-1,0
3528,t,165.7037720607138,165.7037720607138
3529,c,165.7037720607138,165.7037720607138
3530,t,165.7037720607138,165.7037720607138
3531,t,165.7037720607138,165.7037720607138
3532,c,51.4047690738532,56.21569081055797
3533,t,165.7037720607138,165.7037720607138
3534,t,165.7037720607138,165.7037720607138
3535,c,165.7037720607138,165.7037720607138
3536,t,165.7037720607138,165.7037720607138
3537,c,165.7037720607138,165.7037720607138
3538,t,165.7037720607138,165.7037720607138
3539,c,19.046183126489357,26.439887295457993
3540,c,165.7037720607138,165.7037720607138
3541,c,32.671401784363326,33.674929591779446
3542,t,165.7037720607138,165.7037720607138
3543,t,165.7037720607138,165.7037720607138
3544,c,11.419636365084521,28.626659257783167
3545,c,165.7037720607138,165.7037720607138
3546,t,165.7037720607138,165.7037720607138
3547,t,165.7037720607138,165.7037720607138
3548,c,22.426292226882932,28.11354480384067
3549,c,165.7037720607138,165.7037720607138
3550,t,165.7037720607138,165.7037720607138
3551,t,165.7037720607138,165.7037720607138
3552,t,165.7037720607138,165.7037720607138
3553,t,165.7037720607138,165.7037720607138
3554,t,165.7037720607138,165.7037720607138
3555,c,165.7037720607138,165.7037720607138
3556,c,165.7037720607138,165.7037720607138
3557,t,165.7037720607138,165.7037720607138
3558,c,165.7037720607138,165.7037720607138
3559,t,165.7037720607138,165.7037720607138
3560,t,165.7037720607138,165.7037720607138
3561,c,165.7037720607138,165.7037720607138
3562,c,26.175407699723433,36.79522011097283
3563,t,165.7037720607138,165.7037720607138
3564,t,165.7037720607138,165.7037720607138
3565,c,28.59125791893371,34.248076595181146
3566,t,165.7037720607138,165.7037720607138
3567,t,165.7037720607138,165.7037720607138
3568,t,165.7037720607138,165.7037720607138
3569,c,35.13119386174015,38.51633874615794
3570,c,27.919892635327408,32.75394687916391
3571,c,165.7037720607138,165.7037720607138
3572,c,165.7037720607138,165.7037720607138
3573,c,165.7037720607138,165.7037720607138
3574,t,165.7037720607138,165.7037720607138
3575,t,165.7037720607138,165.7037720607138
3576,c,165.7037720607138,165.7037720607138
3577,c,165.7037720607138,165.7037720607138
3578,c,165.7037720607138,165.7037720607138
3579,c,165.7037720607138,165.7037720607138
3580,c,165.7037720607138,165.7037720607138
3581,t,165.7037720607138,165.7037720607138
3582,t,165.7037720607138,165.7037720607138
3583,t,165.7037720607138,165.7037720607138
3584,t,165.7037720607138,165.7037720607138
3585,na,15.861964182855584,17.059205493733828
3586,t,165.7037720607138,165.7037720607138
3587,t,165.7037720607138,165.7037720607138
3588,t,165.7037720607138,165.7037720607138
3589,t,165.7037720607138,165.7037720607138
3590,c,146.2908565313201,151.11268195601235
3591,t,165.7037720607138,165.7037720607138
3592,c,165.7037720607138,165.7037720607138
3593,na,1.0335916966185952,4.129536571549349
3594,t,165.7037720607138,165.7037720607138
3595,c,34.49109354485083,47.379811679615706
3596,t,165.7037720607138,165.7037720607138
3597,t,165.7037720607138,165.7037720607138
3598,c,165.7037720607138,165.7037720607138
3599,t,165.7037720607138,165.7037720607138
3600,c,165.7037720607138,165.7037720607138
3601,t,165.7037720607138,165.7037720607138
3602,c,165.7037720607138,165.7037720607138
3603,c,165.7037720607138,165.7037720607138
3604,c,165.7037720607138,165.7037720607138
3605,t,165.7037720607138,165.7037720607138
3606,c,165.7037720607138,165.7037720607138
3607,t,165.7037720607138,165.7037720607138
3608,t,165.7037720607138,165.7037720607138
3609,t,165.7037720607138,165.7037720607138
3610,c,68.91350475865855,69.80603568811873
3611,c,165.7037720607138,165.7037720607138
3612,t,165.7037720607138,165.7037720607138
3613,c,165.7037720607138,165.7037720607138
3614,c,165.7037720607138,165.7037720607138
3615,t,165.7037720607138,165.7037720607138
3616,c,61.51091236894382,62.62842774682392
3617,c,165.7037720607138,165.7037720607138
3618,c,165.7037720607138,165.7037720607138
3619,t,165.7037720607138,165.7037720607138
3620,t,165.7037720607138,165.7037720607138
3621,t,165.7037720607138,165.7037720607138
3622,c,25.361582068475332,165.7037720607138
3623,c,43.1778918048305,43.64980831144876
3624,c,165.7037720607138,165.7037720607138
3625,c,165.7037720607138,165.7037720607138
3626,t,165.7037720607138,165.7037720607138
3627,c,6.619452373207314,15.810457235261348
3628,t,165.7037720607138,165.7037720607138
3629,c,165.7037720607138,165.7037720607138
3630,t,165.7037720607138,165.7037720607138
3631,t,165.7037720607138,165.7037720607138
3632,t,165.7037720607138,165.7037720607138
3633,c,165.7037720607138,165.7037720607138
3634,t,165.7037720607138,165.7037720607138
3635,c,23.77485341222275,29.78822276595755
3636,c,165.7037720607138,165.7037720607138
3637,c,165.7037720607138,165.7037720607138
3638,t,165.7037720607138,165.7037720607138
3639,c,53.86161420500217,58.49174270635451
3640,t,165.7037720607138,165.7037720607138
3641,c,165.7037720607138,165.7037720607138
3642,t,165.7037720607138,165.7037720607138
3643,t,165.7037720607138,165.7037720607138
3644,c,165.7037720607138,165.7037720607138
3645,t,165.7037720607138,165.7037720607138
3646,c,165.7037720607138,165.7037720607138
3647,c,165.7037720607138,165.7037720607138
3648,t,165.7037720607138,165.7037720607138
3649,c,165.7037720607138,165.7037720607138
3650,t,165.7037720607138,165.7037720607138
3651,c,30.022614692079465,31.662817793313714
3652,t,165.7037720607138,165.7037720607138
3653,c,165.7037720607138,165.7037720607138
3654,c,165.7037720607138,165.7037720607138
3655,c,165.7037720607138,165.7037720607138
3656,c,63.03705861832581,65.42201828134756
3657,c,165.7037720607138,165.7037720607138
3658,c,165.7037720607138,165.7037720607138
3659,c,5.052037654164542,10.484086109300673
3660,c,165.7037720607138,165.7037720607138
3661,c,7.974948415936814,14.045156777415968
3662,c,7.288418450214165,11.934509282171273
3663,t,165.7037720607138,165.7037720607138
3664,c,165.7037720607138,165.7037720607138
3665,t,165.7037720607138,165.7037720607138
3666,t,165.7037720607138,165.7037720607138
3667,t,165.7037720607138,165.7037720607138
3668,c,165.7037720607138,165.7037720607138
3669,t,165.7037720607138,165.7037720607138
3670,t,165.7037720607138,165.7037720607138
3671,c,24.249011422006017,165.7037720607138
3672,c,165.7037720607138,165.7037720607138
3673,t,165.7037720607138,165.7037720607138
3674,t,165.7037720607138,165.7037720607138
3675,c,165.7037720607138,165.7037720607138
3676,t,165.7037720607138,165.7037720607138
3677,t,165.7037720607138,165.7037720607138
3678,t,165.7037720607138,165.7037720607138
3679,t,165.7037720607138,165.7037720607138
3680,t,165.7037720607138,165.7037720607138
3681,c,4.569711989169126,6.565740032210969
3682,c,165.7037720607138,165.7037720607138
3683,t,165.7037720607138,165.7037720607138
3684,t,165.7037720607138,165.7037720607138
3685,c,165.7037720607138,165.7037720607138
3686,c,165.7037720607138,165.7037720607138
3687,t,165.7037720607138,165.7037720607138
3688,t,165.7037720607138,165.7037720607138
3689,t,165.7037720607138,165.7037720607138
3690,t,165.7037720607138,165.7037720607138
3691,c,165.7037720607138,165.7037720607138
3692,c,165.7037720607138,165.7037720607138
3693,t,165.7037720607138,165.7037720607138
3694,c,8.7458254956424,9.153124605416961
3695,t,165.7037720607138,165.7037720607138
3696,c,165.7037720607138,165.7037720607138
3697,t,165.7037720607138,165.7037720607138
3698,t,165.7037720607138,165.7037720607138
3699,na,1.7445724491745793,9.037833794326849
3700,t,165.7037720607138,165.7037720607138
3701,c,51.195701335316315,52.32668658466666
3702,c,17.34072654105042,165.7037720607138
3703,t,165.7037720607138,165.7037720607138
3704,t,165.7037720607138,165.7037720607138
3705,c,165.7037720607138,165.7037720607138
3706,c,165.7037720607138,165.7037720607138
3707,t,165.7037720607138,165.7037720607138
3708,c,29.703077419836973,30.692703183116944
3709,t,165.7037720607138,165.7037720607138
3710,t,165.7037720607138,165.7037720607138
3711,t,165.7037720607138,165.7037720607138
3712,c,165.7037720607138,165.7037720607138
3713,t,165.7037720607138,165.7037720607138
3714,c,165.7037720607138,165.7037720607138
3715,t,165.7037720607138,165.7037720607138
3716,t,165.7037720607138,165.7037720607138
3717,c,165.7037720607138,165.7037720607138
3718,t,165.7037720607138,165.7037720607138
3719,t,165.7037720607138,165.7037720607138
3720,c,38.35285767266003,165.7037720607138
3721,t,165.7037720607138,165.7037720607138
3722,c,165.7037720607138,165.7037720607138
3723,c,20.39186357495796,20.964583552646125
3724,c,13.828977364616103,16.871920461914055
3725,c,8.778923562170037,8.84602946258991
3726,c,165.7037720607138,165.7037720607138
3727,t,165.7037720607138,165.7037720607138
3728,c,165.7037720607138,165.7037720607138
3729,c,165.7037720607138,165.7037720607138
3730,c,165.7037720607138,165.7037720607138
3731,t,165.7037720607138,165.7037720607138
3732,t,165.7037720607138,165.7037720607138
3733,c,165.7037720607138,165.7037720607138
3734,t,165.7037720607138,165.7037720607138
3735,t,165.7037720607138,165.7037720607138
3736,c,165.7037720607138,165.7037720607138
3737,t,165.7037720607138,165.7037720607138
3738,c,133.87505932907254,147.10665367775064
3739,t,165.7037720607138,165.7037720607138
3740,c,165.7037720607138,165.7037720607138
3741,c,23.3396200209178,25.21365365919497
3742,c,165.7037720607138,165.7037720607138
3743,t,165.7037720607138,165.7037720607138
3744,t,165.7037720607138,165.7037720607138
3745,t,165.7037720607138,165.7037720607138
3746,c,38.83113648439861,41.23461624464217
3747,c,165.7037720607138,165.7037720607138
3748,t,165.7037720607138,165.7037720607138
3749,c,165.7037720607138,165.7037720607138
3750,t,165.7037720607138,165.7037720607138
3751,t,165.7037720607138,165.7037720607138
3752,t,165.7037720607138,165.7037720607138
3753,c,10.522883629725559,12.11495683175933
3754,c,165.7037720607138,165.7037720607138
3755,c,43.824107117302056,44.578244270033935
3756,t,165.7037720607138,165.7037720607138
3757,c,17.716033924896717,17.84923427065803
3758,t,165.7037720607138,165.7037720607138
3759,c,31.69780778336564,165.7037720607138
3760,c,165.7037720607138,165.7037720607138
3761,c,165.7037720607138,165.7037720607138
3762,c,165.7037720607138,165.7037720607138
3763,t,165.7037720607138,165.7037720607138
3764,t,165.7037720607138,165.7037720607138
3765,c,165.7037720607138,165.7037720607138
3766,c,53.99029750723097,56.35114547514381
3767,t,165.7037720607138,165.7037720607138
3768,t,165.7037720607138,165.7037720607138
3769,t,165.7037720607138,165.7037720607138
3770,c,165.7037720607138,165.7037720607138
3771,t,165.7037720607138,165.7037720607138
3772,c,165.7037720607138,165.7037720607138
3773,t,165.7037720607138,165.7037720607138
3774,t,165.7037720607138,165.7037720607138
3775,t,165.7037720607138,165.7037720607138
3776,c,165.7037720607138,165.7037720607138
3777,c,27.837764281727747,28.250836933721732
3778,na,-1,0
3779,t,165.7037720607138,165.7037720607138
3780,c,165.7037720607138,165.7037720607138
3781,c,165.7037720607138,165.7037720607138
3782,t,165.7037720607138,165.7037720607138
3783,t,165.7037720607138,165.7037720607138
3784,t,165.7037720607138,165.7037720607138
3785,c,165.7037720607138,165.7037720607138
3786,c,115.65039092433575,120.72964557693908
3787,c,165.7037720607138,165.7037720607138
3788,c,27.683450396717895,32.66516796929538
3789,c,46.41466183348992,56.52444302435679
3790,t,165.7037720607138,165.7037720607138
3791,t,165.7037720607138,165.7037720607138
3792,t,165.7037720607138,165.7037720607138
3793,t,165.7037720607138,165.7037720607138
3794,c,46.47100443542377,58.52943439374346
3795,c,165.7037720607138,165.7037720607138
3796,c,57.399435375913924,73.08445934193851
3797,c,165.7037720607138,165.7037720607138
3798,c,165.7037720607138,165.7037720607138
3799,t,165.7037720607138,165.7037720607138
3800,c,165.7037720607138,165.7037720607138
3801,c,33.50410532825043,36.17242839703543
3802,c,5.294895452108563,12.181914151034624
3803,t,165.7037720607138,165.7037720607138
3804,t,165.7037720607138,165.7037720607138
3805,c,165.7037720607138,165.7037720607138
3806,c,165.7037720607138,165.7037720607138
3807,c,5.680386559102646,15.096430339724229
3808,c,46.3151514326739,165.7037720607138
3809,c,165.7037720607138,165.7037720607138
3810,t,165.7037720607138,165.7037720607138
3811,t,165.7037720607138,165.7037720607138
3812,t,165.7037720607138,165.7037720607138
3813,c,165.7037720607138,165.7037720607138
3814,t,165.7037720607138,165.7037720607138
3815,t,165.7037720607138,165.7037720607138
3816,c,165.7037720607138,165.7037720607138
3817,na,-1,0
3818,c,165.7037720607138,165.7037720607138
3819,t,165.7037720607138,165.7037720607138
3820,t,165.7037720607138,165.7037720607138
3821,t,165.7037720607138,165.7037720607138
3822,c,20.783242045040417,23.867845538262433
3823,t,165.7037720607138,165.7037720607138
3824,c,165.7037720607138,165.7037720607138
3825,c,165.7037720607138,165.7037720607138
3826,t,165.7037720607138,165.7037720607138
3827,c,22.47623158756304,44.309034713535596
3828,t,165.7037720607138,165.7037720607138
3829,t,165.7037720607138,165.7037720607138
3830,t,165.7037720607138,165.7037720607138
3831,c,165.7037720607138,165.7037720607138
3832,c,165.7037720607138,165.7037720607138
3833,c,165.7037720607138,165.7037720607138
3834,c,165.7037720607138,165.7037720607138
3835,c,38.51036551269682,41.21773298931743
3836,t,165.7037720607138,165.7037720607138
3837,na,0,3.212740343855205
3838,c,25.263282092612116,26.52720518600012
3839,c,21.95192537258044,23.22922946872464
3840,c,165.7037720607138,165.7037720607138
3841,t,165.7037720607138,165.7037720607138
3842,t,165.7037720607138,165.7037720607138
3843,t,165.7037720607138,165.7037720607138
3844,c,31.25499750801551,32.47459132408659
3845,t,165.7037720607138,165.7037720607138
3846,t,165.7037720607138,165.7037720607138
3847,t,165.7037720607138,165.7037720607138
3848,c,10.613084142606903,11.25370406534178
3849,t,165.7037720607138,165.7037720607138
3850,c,165.7037720607138,165.7037720607138
3851,t,165.7037720607138,165.7037720607138
3852,c,23.206844486107038,25.134140314733624
3853,t,165.7037720607138,165.7037720607138
3854,c,43.52084117476537,51.89876725486321
3855,c,165.7037720607138,165.7037720607138
3856,t,165.7037720607138,165.7037720607138
3857,c,21.907330966785352,24.065256808447913
3858,c,165.7037720607138,165.7037720607138
3859,t,165.7037720607138,165.7037720607138
3860,t,165.7037720607138,165.7037720607138
3861,c,165.7037720607138,165.7037720607138
3862,t,165.7037720607138,165.7037720607138
3863,c,165.7037720607138,165.7037720607138
3864,c,165.7037720607138,165.7037720607138
3865,c,165.7037720607138,165.7037720607138
3866,c,165.7037720607138,165.7037720607138
3867,t,165.7037720607138,165.7037720607138
3868,c,165.7037720607138,165.7037720607138
3869,t,165.7037720607138,165.7037720607138
3870,t,165.7037720607138,165.7037720607138
3871,t,165.7037720607138,165.7037720607138
3872,c,165.7037720607138,165.7037720607138
3873,t,165.7037720607138,165.7037720607138
3874,t,165.7037720607138,165.7037720607138
3875,c,165.7037720607138,165.7037720607138
3876,t,165.7037720607138,165.7037720607138
3877,c,165.7037720607138,165.7037720607138
3878,t,165.7037720607138,165.7037720607138
3879,c,165.7037720607138,165.7037720607138
3880,c,165.7037720607138,165.7037720607138
3881,t,165.7037720607138,165.7037720607138
3882,t,165.7037720607138,165.7037720607138
3883,t,165.7037720607138,165.7037720607138
3884,t,165.7037720607138,165.7037720607138
3885,c,165.7037720607138,165.7037720607138
3886,c,165.7037720607138,165.7037720607138
3887,c,165.7037720607138,165.7037720607138
3888,t,165.7037720607138,165.7037720607138
3889,t,165.7037720607138,165.7037720607138
3890,t,165.7037720607138,165.7037720607138
3891,t,165.7037720607138,165.7037720607138
3892,t,165.7037720607138,165.7037720607138
3893,t,165.7037720607138,165.7037720607138
3894,c,165.7037720607138,165.7037720607138
3895,t,165.7037720607138,165.7037720607138
3896,t,165.7037720607138,165.7037720607138
3897,t,165.7037720607138,165.7037720607138
3898,t,165.7037720607138,165.7037720607138
3899,t,165.7037720607138,165.7037720607138
3900,t,165.7037720607138,165.7037720607138
3901,c,165.7037720607138,165.7037720607138
3902,c,165.7037720607138,165.7037720607138
3903,c,165.7037720607138,165.7037720607138
3904,t,165.7037720607138,165.7037720607138
3905,na,-1,0
3906,c,165.7037720607138,165.7037720607138
3907,c,19.360575095497342,21.066201107776077
3908,c,38.44398280282943,43.42673687194961
3909,c,165.7037720607138,165.7037720607138
3910,c,165.7037720607138,165.7037720607138
3911,c,165.7037720607138,165.7037720607138
3912,na,0.9806761618606925,165.7037720607138
3913,c,165.7037720607138,165.7037720607138
3914,t,165.7037720607138,165.7037720607138
3915,t,165.7037720607138,165.7037720607138
3916,na,165.7037720607138,165.7037720607138
3917,t,165.7037720607138,165.7037720607138
3918,t,165.7037720607138,165.7037720607138
3919,c,71.52141283563236,73.78238206589009
3920,t,165.7037720607138,165.7037720607138
3921,c,49.017349576660884,165.7037720607138
3922,t,165.7037720607138,165.7037720607138
3923,t,165.7037720607138,165.7037720607138
3924,t,165.7037720607138,165.7037720607138
3925,t,165.7037720607138,165.7037720607138
3926,c,165.7037720607138,165.7037720607138
3927,t,165.7037720607138,165.7037720607138
3928,t,165.7037720607138,165.7037720607138
3929,c,165.7037720607138,165.7037720607138
3930,c,165.7037720607138,165.7037720607138
3931,t,165.7037720607138,165.7037720607138
3932,c,165.7037720607138,165.7037720607138
3933,c,165.7037720607138,165.7037720607138
3934,t,165.7037720607138,165.7037720607138
3935,c,165.7037720607138,165.7037720607138
3936,na,20.443565354672458,33.20404026063322
3937,c,165.7037720607138,165.7037720607138
3938,c,165.7037720607138,165.7037720607138
3939,c,165.7037720607138,165.7037720607138
3940,t,165.7037720607138,165.7037720607138
3941,c,32.20725834541269,35.18524571514517
3942,t,165.7037720607138,165.7037720607138
3943,c,165.7037720607138,165.7037720607138
3944,t,165.7037720607138,165.7037720607138
3945,c,14.300407679104625,20.627707912748594
3946,c,165.7037720607138,165.7037720607138
3947,t,165.7037720607138,165.7037720607138
3948,c,165.7037720607138,165.7037720607138
3949,c,165.7037720607138,165.7037720607138
3950,t,165.7037720607138,165.7037720607138
3951,c,165.7037720607138,165.7037720607138
3952,c,165.7037720607138,165.7037720607138
3953,t,165.7037720607138,165.7037720607138
3954,c,61.0411916842996,64.64894099872373
3955,t,165.7037720607138,165.7037720607138
3956,na,0,165.7037720607138
3957,c,3.2172062981882537,35.22032675643712
3958,c,165.7037720607138,165.7037720607138
3959,t,165.7037720607138,165.7037720607138
3960,t,165.7037720607138,165.7037720607138
3961,c,165.7037720607138,165.7037720607138
3962,c,165.7037720607138,165.7037720607138
3963,t,165.7037720607138,165.7037720607138
3964,t,165.7037720607138,165.7037720607138
3965,c,165.7037720607138,165.7037720607138
3966,t,165.7037720607138,165.7037720607138
3967,c,40.05556477020672,40.29436718983263
3968,c,165.7037720607138,165.7037720607138
3969,t,165.7037720607138,165.7037720607138
3970,t,165.7037720607138,165.7037720607138
3971,c,165.7037720607138,165.7037720607138
3972,c,46.764464991204335,51.063912018035076
3973,t,165.7037720607138,165.7037720607138
3974,t,165.7037720607138,165.7037720607138
3975,c,165.7037720607138,165.7037720607138
3976,c,16.40096688922041,165.7037720607138
3977,t,165.7037720607138,165.7037720607138
3978,c,18.941885225943217,24.55433941163841
3979,t,165.7037720607138,165.7037720607138
3980,t,165.7037720607138,165.7037720607138
3981,t,165.7037720607138,165.7037720607138
3982,c,165.7037720607138,165.7037720607138
3983,t,165.7037720607138,165.7037720607138
3984,c,165.7037720607138,165.7037720607138
3985,t,165.7037720607138,165.7037720607138
3986,c,165.7037720607138,165.7037720607138
3987,t,165.7037720607138,165.7037720607138
3988,t,165.7037720607138,165.7037720607138
3989,t,165.7037720607138,165.7037720607138
3990,c,66.35426664684937,165.7037720607138
3991,c,105.63176169239203,106.83053440591469
3992,t,165.7037720607138,165.7037720607138
3993,c,15.486053662265396,22.447528584650918
3994,t,165.7037720607138,165.7037720607138
3995,t,165.7037720607138,165.7037720607138
3996,t,165.7037720607138,165.7037720607138
3997,c,165.7037720607138,165.7037720607138
3998,c,66.3365654428248,69.24728754700423
3999,c,26.819508680011612,27.01088645854524
4000,c,165.7037720607138,165.7037720607138
4001,c,25.828061808773374,28.412351821913575
4002,t,165.7037720607138,165.7037720607138
4003,c,165.7037720607138,165.7037720607138
4004,c,4.597461638314807,42.45665659166075
4005,t,165.7037720607138,165.7037720607138
4006,c,165.7037720607138,165.7037720607138
4007,c,165.7037720607138,165.7037720607138
4008,c,33.78863454193614,35.352916597860464
4009,t,165.7037720607138,165.7037720607138
4010,t,165.7037720607138,165.7037720607138
4011,c,165.7037720607138,165.7037720607138
4012,c,165.7037720607138,165.7037720607138
4013,t,165.7037720607138,165.7037720607138
4014,t,165.7037720607138,165.7037720607138
4015,t,165.7037720607138,165.7037720607138
4016,c,165.7037720607138,165.7037720607138
4017,t,165.7037720607138,165.7037720607138
4018,c,165.7037720607138,165.7037720607138
4019,t,165.7037720607138,165.7037720607138
4020,c,165.7037720607138,165.7037720607138
4021,t,165.7037720607138,165.7037720607138
4022,t,165.7037720607138,165.7037720607138
4023,c,165.7037720607138,165.7037720607138
4024,c,23.21023158559428,29.60211929337414
4025,t,165.7037720607138,165.7037720607138
4026,t,165.7037720607138,165.7037720607138
4027,c,165.7037720607138,165.7037720607138
4028,t,165.7037720607138,165.7037720607138
4029,t,165.7037720607138,165.7037720607138
4030,c,165.7037720607138,165.7037720607138
4031,t,165.7037720607138,165.7037720607138
4032,c,27.813278570433297,28.784625299979467
4033,t,165.7037720607138,165.7037720607138
4034,t,165.7037720607138,165.7037720607138
4035,c,52.9202181222149,66.19594805200673
4036,c,165.7037720607138,165.7037720607138
4037,c,165.7037720607138,165.7037720607138
4038,c,21.1112461951274,23.623382370600257
4039,c,18.27377020470386,23.682007158077333
4040,na,-1,0
4041,t,165.7037720607138,165.7037720607138
4042,c,165.7037720607138,165.7037720607138
4043,c,165.7037720607138,165.7037720607138
4044,c,165.7037720607138,165.7037720607138
4045,c,165.7037720607138,165.7037720607138
4046,t,165.7037720607138,165.7037720607138
4047,c,165.7037720607138,165.7037720607138
4048,c,36.83120858048475,37.94538520886958
4049,c,165.7037720607138,165.7037720607138
4050,t,165.7037720607138,165.7037720607138
4051,c,165.7037720607138,165.7037720607138
4052,t,165.7037720607138,165.7037720607138
4053,t,165.7037720607138,165.7037720607138
4054,c,8.106315266935656,8.427350016270768
4055,c,165.7037720607138,165.7037720607138
4056,t,165.7037720607138,165.7037720607138
4057,c,165.7037720607138,165.7037720607138
4058,c,31.4078347493844,33.70966584354856
4059,t,165.7037720607138,165.7037720607138
4060,c,165.7037720607138,165.7037720607138
4061,c,4.972493609601265,6.137370119353261
4062,c,165.7037720607138,165.7037720607138
4063,c,38.96780907192166,40.90724134327039
4064,t,165.7037720607138,165.7037720607138
4065,t,165.7037720607138,165.7037720607138
4066,c,165.7037720607138,165.7037720607138
4067,c,165.7037720607138,165.7037720607138
4068,c,8.953305786568352,14.12497635538884
4069,c,165.7037720607138,165.7037720607138
4070,c,165.7037720607138,165.7037720607138
4071,t,165.7037720607138,165.7037720607138
4072,c,165.7037720607138,165.7037720607138
4073,c,165.7037720607138,165.7037720607138
4074,c,165.7037720607138,165.7037720607138
4075,t,165.7037720607138,165.7037720607138
4076,c,165.7037720607138,165.7037720607138
4077,t,165.7037720607138,165.7037720607138
4078,c,165.7037720607138,165.7037720607138
4079,t,165.7037720607138,165.7037720607138
4080,c,17.035880313179508,165.7037720607138
4081,t,165.7037720607138,165.7037720607138
4082,t,165.7037720607138,165.7037720607138
4083,c,165.7037720607138,165.7037720607138
4084,t,165.7037720607138,165.7037720607138
4085,t,165.7037720607138,165.7037720607138
4086,c,44.079119650440674,50.24547606429832
4087,c,165.7037720607138,165.7037720607138
4088,t,165.7037720607138,165.7037720607138
4089,c,165.7037720607138,165.7037720607138
4090,c,165.7037720607138,165.7037720607138
4091,c,165.7037720607138,165.7037720607138
4092,t,165.7037720607138,165.7037720607138
4093,c,48.66105270902709,51.84792514074729
4094,c,165.7037720607138,165.7037720607138
4095,c,165.7037720607138,165.7037720607138
4096,t,165.7037720607138,165.7037720607138
4097,t,165.7037720607138,165.7037720607138
4098,c,52.129706185742585,61.36597174663947
4099,c,165.7037720607138,165.7037720607138
4100,t,165.7037720607138,165.7037720607138
4101,t,165.7037720607138,165.7037720607138
4102,c,165.7037720607138,165.7037720607138
4103,c,165.7037720607138,165.7037720607138
4104,t,165.7037720607138,165.7037720607138
4105,c,17.00767602906207,18.49960868570674
4106,c,165.7037720607138,165.7037720607138
4107,t,165.7037720607138,165.7037720607138
4108,c,22.16521729273684,22.887887200735143
4109,c,165.7037720607138,165.7037720607138
4110,c,165.7037720607138,165.7037720607138
4111,t,165.7037720607138,165.7037720607138
4112,c,165.7037720607138,165.7037720607138
4113,na,0.5859199232544658,6.1308320249730395
4114,t,165.7037720607138,165.7037720607138
4115,c,165.7037720607138,165.7037720607138
4116,t,165.7037720607138,165.7037720607138
4117,c,165.7037720607138,165.7037720607138
4118,t,165.7037720607138,165.7037720607138
4119,t,165.7037720607138,165.7037720607138
4120,c,165.7037720607138,165.7037720607138
4121,t,165.7037720607138,165.7037720607138
4122,na,4.744881041635255,13.581250243900993
4123,c,31.498890975106413,31.54938549667709
4124,c,24.736658434892487,26.2422433273462
4125,t,165.7037720607138,165.7037720607138
4126,t,165.7037720607138,165.7037720607138
4127,c,165.7037720607138,165.7037720607138
4128,c,165.7037720607138,165.7037720607138
4129,t,165.7037720607138,165.7037720607138
4130,c,38.11050142116436,39.52316197532418
4131,t,165.7037720607138,165.7037720607138
4132,t,165.7037720607138,165.7037720607138
4133,t,165.7037720607138,165.7037720607138
4134,t,165.7037720607138,165.7037720607138
4135,c,165.7037720607138,165.7037720607138
4136,c,48.777502458681106,49.30843232277996
4137,t,165.7037720607138,165.7037720607138
4138,c,165.7037720607138,165.7037720607138
4139,c,36.72905619694119,36.93194498013293
4140,t,165.7037720607138,165.7037720607138
4141,c,165.7037720607138,165.7037720607138
4142,t,165.7037720607138,165.7037720607138
4143,c,165.7037720607138,165.7037720607138
4144,t,165.7037720607138,165.7037720607138
4145,t,165.7037720607138,165.7037720607138
4146,c,165.7037720607138,165.7037720607138
4147,c,165.7037720607138,165.7037720607138
4148,c,165.7037720607138,165.7037720607138
4149,t,165.7037720607138,165.7037720607138
4150,c,165.7037720607138,165.7037720607138
4151,t,165.7037720607138,165.7037720607138
4152,c,165.7037720607138,165.7037720607138
4153,c,165.7037720607138,165.7037720607138
4154,c,165.7037720607138,165.7037720607138
4155,t,165.7037720607138,165.7037720607138
4156,t,165.7037720607138,165.7037720607138
4157,t,165.7037720607138,165.7037720607138
4158,c,165.7037720607138,165.7037720607138
4159,c,2.847923098345888,7.488766392702433
4160,na,0,1.2970245657113428
4161,t,165.7037720607138,165.7037720607138
4162,c,165.7037720607138,165.7037720607138
4163,c,165.7037720607138,165.7037720607138
4164,t,165.7037720607138,165.7037720607138
4165,c,19.86359730138319,29.089384009945736
4166,c,165.7037720607138,165.7037720607138
4167,c,11.17602610833609,20.579057705932577
4168,t,165.7037720607138,165.7037720607138
4169,t,165.7037720607138,165.7037720607138
4170,c,63.03089346895738,68.03631362831378
4171,t,165.7037720607138,165.7037720607138
4172,c,165.7037720607138,165.7037720607138
4173,c,29.82397031515078,30.158359150119857
4174,c,165.7037720607138,165.7037720607138
4175,c,165.7037720607138,165.7037720607138
4176,t,165.7037720607138,165.7037720607138
4177,c,165.7037720607138,165.7037720607138
4178,c,165.7037720607138,165.7037720607138
4179,c,32.109902008059784,40.90324659884882
4180,c,165.7037720607138,165.7037720607138
4181,t,165.7037720607138,165.7037720607138
4182,c,32.949052898413086,34.62522515122763
4183,c,165.7037720607138,165.7037720607138
4184,t,165.7037720607138,165.7037720607138
4185,t,165.7037720607138,165.7037720607138
4186,t,165.7037720607138,165.7037720607138
4187,t,165.7037720607138,165.7037720607138
4188,t,165.7037720607138,165.7037720607138
4189,t,165.7037720607138,165.7037720607138
4190,t,165.7037720607138,165.7037720607138
4191,c,165.7037720607138,165.7037720607138
4192,c,42.30416278107447,165.7037720607138
4193,t,165.7037720607138,165.7037720607138
4194,t,165.7037720607138,165.7037720607138
4195,c,46.01878623162292,49.09277578460435
4196,c,165.7037720607138,165.7037720607138
4197,t,165.7037720607138,165.7037720607138
4198,c,22.3776731140114,23.989929011693935
4199,c,165.7037720607138,165.7037720607138
4200,na,0,1.4649604018467284
4201,c,165.7037720607138,165.7037720607138
4202,c,41.02280232179046,165.7037720607138
4203,c,165.7037720607138,165.7037720607138
4204,c,165.7037720607138,165.7037720607138
4205,t,165.7037720607138,165.7037720607138
4206,c,36.772534395867,38.88868743219393
4207,t,165.7037720607138,165.7037720607138
4208,t,165.7037720607138,165.7037720607138
4209,t,165.7037720607138,165.7037720607138
4210,t,165.7037720607138,165.7037720607138
4211,c,165.7037720607138,165.7037720607138
4212,t,165.7037720607138,165.7037720607138
4213,t,165.7037720607138,165.7037720607138
4214,c,15.355771704529763,165.7037720607138
4215,t,165.7037720607138,165.7037720607138
4216,c,24.567184039919038,26.87429208064358
4217,c,165.7037720607138,165.7037720607138
4218,c,165.7037720607138,165.7037720607138
4219,c,165.7037720607138,165.7037720607138
4220,t,165.7037720607138,165.7037720607138
4221,c,165.7037720607138,165.7037720607138
4222,t,165.7037720607138,165.7037720607138
4223,t,165.7037720607138,165.7037720607138
4224,t,165.7037720607138,165.7037720607138
4225,c,165.7037720607138,165.7037720607138
4226,c,40.593867180210374,45.4850558419879
4227,c,165.7037720607138,165.7037720607138
4228,t,165.7037720607138,165.7037720607138
4229,c,1.2163464558472166,13.622921462888552
4230,t,165.7037720607138,165.7037720607138
4231,t,165.7037720607138,165.7037720607138
4232,c,165.7037720607138,165.7037720607138
4233,t,165.7037720607138,165.7037720607138
4234,t,165.7037720607138,165.7037720607138
4235,c,25.726463928529924,165.7037720607138
4236,c,24.69829593244113,28.43145922897419
4237,t,165.7037720607138,165.7037720607138
4238,t,165.7037720607138,165.7037720607138
4239,c,12.09270007120668,15.59409660334979
4240,c,165.7037720607138,165.7037720607138
4241,t,165.7037720607138,165.7037720607138
4242,c,165.7037720607138,165.7037720607138
4243,t,165.7037720607138,165.7037720607138
4244,t,165.7037720607138,165.7037720607138
4245,t,165.7037720607138,165.7037720607138
4246,t,165.7037720607138,165.7037720607138
4247,t,165.7037720607138,165.7037720607138
4248,c,165.7037720607138,165.7037720607138
4249,t,165.7037720607138,165.7037720607138
4250,c,9.12831918422564,11.227715731885542
4251,c,18.49832412551382,25.183429399530873
4252,t,165.7037720607138,165.7037720607138
4253,t,165.7037720607138,165.7037720607138
4254,c,165.7037720607138,165.7037720607138
4255,c,9.861420730114258,19.819645078542102
4256,c,165.7037720607138,165.7037720607138
4257,na,5.1914154348144175,7.360273990034133
4258,t,165.7037720607138,165.7037720607138
4259,t,165.7037720607138,165.7037720607138
4260,t,165.7037720607138,165.7037720607138
4261,c,165.7037720607138,165.7037720607138
4262,c,165.7037720607138,165.7037720607138
4263,c,165.7037720607138,165.7037720607138
4264,t,165.7037720607138,165.7037720607138
4265,t,165.7037720607138,165.7037720607138
4266,t,165.7037720607138,165.7037720607138
4267,c,165.7037720607138,165.7037720607138
4268,t,165.7037720607138,165.7037720607138
4269,c,10.760747610018383,12.59078769695209
4270,c,14.932912729242902,15.946881544749541
4271,t,165.7037720607138,165.7037720607138
4272,t,165.7037720607138,165.7037720607138
4273,t,165.7037720607138,165.7037720607138
4274,c,165.7037720607138,165.7037720607138
4275,c,48.0825435405871,50.50341512869802
4276,c,165.7037720607138,165.7037720607138
4277,na,2.6193753152065886,13.660547994985444
4278,c,165.7037720607138,165.7037720607138
4279,c,165.7037720607138,165.7037720607138
4280,c,165.7037720607138,165.7037720607138
4281,t,165.7037720607138,165.7037720607138
4282,t,165.7037720607138,165.7037720607138
4283,t,165.7037720607138,165.7037720607138
4284,t,165.7037720607138,165.7037720607138
4285,t,165.7037720607138,165.7037720607138
4286,c,165.7037720607138,165.7037720607138
4287,c,17.90656220700403,20.57472555921751
4288,c,165.7037720607138,165.7037720607138
4289,t,165.7037720607138,165.7037720607138
4290,t,165.7037720607138,165.7037720607138
4291,t,165.7037720607138,165.7037720607138
4292,t,165.7037720607138,165.7037720607138
4293,t,165.7037720607138,165.7037720607138
4294,c,165.7037720607138,165.7037720607138
4295,c,165.7037720607138,165.7037720607138
4296,t,165.7037720607138,165.7037720607138
4297,c,165.7037720607138,165.7037720607138
4298,t,165.7037720607138,165.7037720607138
4299,t,165.7037720607138,165.7037720607138
4300,c,165.7037720607138,165.7037720607138
4301,c,165.7037720607138,165.7037720607138
4302,t,165.7037720607138,165.7037720607138
4303,t,165.7037720607138,165.7037720607138
4304,c,165.7037720607138,165.7037720607138
4305,t,165.7037720607138,165.7037720607138
4306,c,165.7037720607138,165.7037720607138
4307,c,165.7037720607138,165.7037720607138
4308,c,39.78192689685532,42.23100321870779
4309,c,165.7037720607138,165.7037720607138
4310,c,165.7037720607138,165.7037720607138
4311,c,36.86990118337277,45.85394208861058
4312,t,165.7037720607138,165.7037720607138
4313,c,165.7037720607138,165.7037720607138
4314,t,165.7037720607138,165.7037720607138
4315,t,165.7037720607138,165.7037720607138
4316,t,165.7037720607138,165.7037720607138
4317,c,165.7037720607138,165.7037720607138
4318,c,165.7037720607138,165.7037720607138
4319,c,165.7037720607138,165.7037720607138
4320,t,165.7037720607138,165.7037720607138
4321,c,165.7037720607138,165.7037720607138
4322,c,19.95762847112086,39.00360857686459
4323,t,165.7037720607138,165.7037720607138
4324,t,165.7037720607138,165.7037720607138
4325,c,10.763913433666268,16.593082648193196
4326,t,165.7037720607138,165.7037720607138
4327,t,165.7037720607138,165.7037720607138
4328,c,165.7037720607138,165.7037720607138
4329,t,165.7037720607138,165.7037720607138
4330,c,165.7037720607138,165.7037720607138
4331,c,165.7037720607138,165.7037720607138
4332,t,165.7037720607138,165.7037720607138
4333,c,165.7037720607138,165.7037720607138
4334,c,165.7037720607138,165.7037720607138
4335,c,165.7037720607138,165.7037720607138
4336,t,165.7037720607138,165.7037720607138
4337,c,165.7037720607138,165.7037720607138
4338,c,165.7037720607138,165.7037720607138
4339,c,165.7037720607138,165.7037720607138
4340,c,15.33430012805412,19.922099262145984
4341,t,165.7037720607138,165.7037720607138
4342,c,20.340808106042378,20.694333226049217
4343,t,165.7037720607138,165.7037720607138
4344,t,165.7037720607138,165.7037720607138
4345,c,165.7037720607138,165.7037720607138
4346,c,48.8528895390188,49.89055726100862
4347,t,165.7037720607138,165.7037720607138
4348,t,165.7037720607138,165.7037720607138
4349,c,165.7037720607138,165.7037720607138
4350,c,165.7037720607138,165.7037720607138
4351,c,165.7037720607138,165.7037720607138
4352,c,29.383126013809566,32.114776973752996
4353,c,165.7037720607138,165.7037720607138
4354,t,165.7037720607138,165.7037720607138
4355,c,20.74034116144273,23.385578260223422
4356,t,165.7037720607138,165.7037720607138
4357,t,165.7037720607138,165.7037720607138
4358,c,165.7037720607138,165.7037720607138
4359,t,165.7037720607138,165.7037720607138
4360,t,165.7037720607138,165.7037720607138
4361,c,165.7037720607138,165.7037720607138
4362,c,165.7037720607138,165.7037720607138
4363,t,165.7037720607138,165.7037720607138
4364,c,165.7037720607138,165.7037720607138
4365,t,165.7037720607138,165.7037720607138
4366,t,165.7037720607138,165.7037720607138
4367,t,165.7037720607138,165.7037720607138
4368,c,165.7037720607138,165.7037720607138
4369,c,29.767672438069283,32.620368399178375
4370,c,165.7037720607138,165.7037720607138
4371,t,165.7037720607138,165.7037720607138
4372,c,165.7037720607138,165.7037720607138
4373,t,165.7037720607138,165.7037720607138
4374,t,165.7037720607138,165.7037720607138
4375,t,165.7037720607138,165.7037720607138
4376,t,165.7037720607138,165.7037720607138
4377,c,165.7037720607138,165.7037720607138
4378,t,165.7037720607138,165.7037720607138
4379,c,165.7037720607138,165.7037720607138
4380,c,48.308483109740564,49.034812816210575
4381,c,165.7037720607138,165.7037720607138
4382,c,165.7037720607138,165.7037720607138
4383,t,165.7037720607138,165.7037720607138
4384,c,34.88435736893524,35.66389958988581
4385,c,165.7037720607138,165.7037720607138
4386,t,165.7037720607138,165.7037720607138
4387,c,165.7037720607138,165.7037720607138
4388,t,165.7037720607138,165.7037720607138
4389,c,165.7037720607138,165.7037720607138
4390,t,165.7037720607138,165.7037720607138
4391,t,165.7037720607138,165.7037720607138
4392,na,10.331498518927912,12.527343706736094
4393,t,165.7037720607138,165.7037720607138
4394,c,165.7037720607138,165.7037720607138
4395,t,165.7037720607138,165.7037720607138
4396,c,31.898721374833084,40.09446418718807
4397,t,165.7037720607138,165.7037720607138
4398,t,165.7037720607138,165.7037720607138
4399,c,165.7037720607138,165.7037720607138
4400,t,165.7037720607138,165.7037720607138
4401,c,165.7037720607138,165.7037720607138
4402,c,165.7037720607138,165.7037720607138
4403,c,165.7037720607138,165.7037720607138
4404,t,165.7037720607138,165.7037720607138
4405,t,165.7037720607138,165.7037720607138
4406,t,165.7037720607138,165.7037720607138
4407,c,165.7037720607138,165.7037720607138
4408,c,165.7037720607138,165.7037720607138
4409,c,165.7037720607138,165.7037720607138
4410,t,165.7037720607138,165.7037720607138
4411,c,46.924088650151546,47.34187329634473
4412,c,165.7037720607138,165.7037720607138
4413,c,165.7037720607138,165.7037720607138
4414,c,165.7037720607138,165.7037720607138
4415,t,165.7037720607138,165.7037720607138
4416,c,165.7037720607138,165.7037720607138
4417,t,165.7037720607138,165.7037720607138
4418,t,165.7037720607138,165.7037720607138
4419,t,165.7037720607138,165.7037720607138
4420,c,165.7037720607138,165.7037720607138
4421,t,165.7037720607138,165.7037720607138
4422,t,165.7037720607138,165.7037720607138
4423,c,165.7037720607138,165.7037720607138
4424,t,165.7037720607138,165.7037720607138
4425,t,165.7037720607138,165.7037720607138
4426,c,165.7037720607138,165.7037720607138
4427,c,165.7037720607138,165.7037720607138
4428,c,60.482510517695054,62.65081867828354
4429,t,165.7037720607138,165.7037720607138
4430,t,165.7037720607138,165.7037720607138
4431,c,165.7037720607138,165.7037720607138
4432,t,165.7037720607138,165.7037720607138
4433,t,165.7037720607138,165.7037720607138
4434,c,165.7037720607138,165.7037720607138
4435,c,165.7037720607138,165.7037720607138
4436,t,165.7037720607138,165.7037720607138
4437,t,165.7037720607138,165.7037720607138
4438,c,49.6958202934587,60.30855985171249
4439,t,165.7037720607138,165.7037720607138
4440,c,165.7037720607138,165.7037720607138
4441,t,165.7037720607138,165.7037720607138
4442,t,165.7037720607138,165.7037720607138
4443,t,165.7037720607138,165.7037720607138
4444,t,165.7037720607138,165.7037720607138
4445,t,165.7037720607138,165.7037720607138
4446,t,165.7037720607138,165.7037720607138
4447,c,165.7037720607138,165.7037720607138
4448,t,165.7037720607138,165.7037720607138
4449,t,165.7037720607138,165.7037720607138
4450,t,165.7037720607138,165.7037720607138
4451,c,165.7037720607138,165.7037720607138
4452,c,165.7037720607138,165.7037720607138
4453,c,165.7037720607138,165.7037720607138
4454,c,165.7037720607138,165.7037720607138
4455,c,18.18279191370956,22.254144806747455
4456,c,35.49709326217484,165.7037720607138
4457,t,165.7037720607138,165.7037720607138
4458,t,165.7037720607138,165.7037720607138
4459,c,165.7037720607138,165.7037720607138
4460,t,165.7037720607138,165.7037720607138
4461,t,165.7037720607138,165.7037720607138
4462,c,165.7037720607138,165.7037720607138
4463,t,165.7037720607138,165.7037720607138
4464,t,165.7037720607138,165.7037720607138
4465,c,21.56042447768005,28.14505718686427
4466,c,165.7037720607138,165.7037720607138
4467,t,165.7037720607138,165.7037720607138
4468,t,165.7037720607138,165.7037720607138
4469,c,165.7037720607138,165.7037720607138
4470,t,165.7037720607138,165.7037720607138
4471,c,165.7037720607138,165.7037720607138
4472,c,165.7037720607138,165.7037720607138
4473,c,17.197137372129763,25.38074674749172
4474,t,165.7037720607138,165.7037720607138
4475,t,165.7037720607138,165.7037720607138
4476,t,165.7037720607138,165.7037720607138
4477,t,165.7037720607138,165.7037720607138
4478,t,165.7037720607138,165.7037720607138
4479,c,165.7037720607138,165.7037720607138
4480,t,165.7037720607138,165.7037720607138
4481,c,165.7037720607138,165.7037720607138
4482,t,165.7037720607138,165.7037720607138
4483,c,165.7037720607138,165.7037720607138
4484,t,165.7037720607138,165.7037720607138
4485,na,11.964320285353388,18.032863588475575
4486,c,47.11008169543054,64.95874790287361
4487,t,165.7037720607138,165.7037720607138
4488,c,165.7037720607138,165.7037720607138
4489,t,165.7037720607138,165.7037720607138
4490,c,165.7037720607138,165.7037720607138
4491,t,165.7037720607138,165.7037720607138
4492,t,165.7037720607138,165.7037720607138
4493,c,81.52626784645135,81.6351819253209
4494,c,165.7037720607138,165.7037720607138
4495,c,165.7037720607138,165.7037720607138
4496,c,52.75638451993638,55.69023620693126
4497,c,165.7037720607138,165.7037720607138
4498,c,165.7037720607138,165.7037720607138
4499,c,165.7037720607138,165.7037720607138
4500,c,2.3243902154621,5.097006272575786
4501,c,165.7037720607138,165.7037720607138
4502,t,165.7037720607138,165.7037720607138
4503,t,165.7037720607138,165.7037720607138
4504,t,165.7037720607138,165.7037720607138
4505,c,41.04310455086009,44.52733274995563
4506,t,165.7037720607138,165.7037720607138
4507,c,165.7037720607138,165.7037720607138
4508,c,31.74430355773391,32.29515445871155
4509,c,165.7037720607138,165.7037720607138
4510,t,165.7037720607138,165.7037720607138
4511,c,165.7037720607138,165.7037720607138
4512,c,46.10498040461351,54.76336330971787
4513,c,24.029178551891405,29.12973389542524
4514,t,165.7037720607138,165.7037720607138
4515,c,53.56342598867452,53.64136683307199
4516,t,165.7037720607138,165.7037720607138
4517,c,165.7037720607138,165.7037720607138
4518,t,165.7037720607138,165.7037720607138
4519,c,165.7037720607138,165.7037720607138
4520,t,165.7037720607138,165.7037720607138
4521,t,165.7037720607138,165.7037720607138
4522,t,165.7037720607138,165.7037720607138
4523,t,165.7037720607138,165.7037720607138
4524,c,42.70748030182317,42.91716102425223
4525,t,165.7037720607138,165.7037720607138
4526,c,165.7037720607138,165.7037720607138
4527,c,165.7037720607138,165.7037720607138
4528,c,165.7037720607138,165.7037720607138
4529,c,165.7037720607138,165.7037720607138
4530,t,165.7037720607138,165.7037720607138
4531,c,165.7037720607138,165.7037720607138
4532,c,62.62824231365935,62.82082421349572
4533,c,165.7037720607138,165.7037720607138
4534,t,165.7037720607138,165.7037720607138
4535,t,165.7037720607138,165.7037720607138
4536,t,165.7037720607138,165.7037720607138
4537,c,165.7037720607138,165.7037720607138
4538,t,165.7037720607138,165.7037720607138
4539,c,165.7037720607138,165.7037720607138
4540,t,165.7037720607138,165.7037720607138
4541,t,165.7037720607138,165.7037720607138
4542,c,165.7037720607138,165.7037720607138
4543,c,165.7037720607138,165.7037720607138
4544,t,165.7037720607138,165.7037720607138
4545,c,165.7037720607138,165.7037720607138
4546,t,165.7037720607138,165.7037720607138
4547,t,165.7037720607138,165.7037720607138
4548,t,165.7037720607138,165.7037720607138
4549,t,165.7037720607138,165.7037720607138
4550,c,165.7037720607138,165.7037720607138
4551,c,165.7037720607138,165.7037720607138
4552,t,165.7037720607138,165.7037720607138
4553,t,165.7037720607138,165.7037720607138
4554,t,165.7037720607138,165.7037720607138
4555,c,165.7037720607138,165.7037720607138
4556,c,165.7037720607138,165.7037720607138
4557,t,165.7037720607138,165.7037720607138
4558,c,165.7037720607138,165.7037720607138
4559,c,41.68190087977669,42.69922756817133
4560,t,165.7037720607138,165.7037720607138
4561,c,21.564589508554942,23.42226294433137
4562,c,165.7037720607138,165.7037720607138
4563,t,165.7037720607138,165.7037720607138
4564,t,165.7037720607138,165.7037720607138
4565,c,17.58747465072019,18.33251959055281
4566,t,165.7037720607138,165.7037720607138
4567,t,165.7037720607138,165.7037720607138
4568,c,25.419338998837,28.676708314700587
4569,t,165.7037720607138,165.7037720607138
4570,c,165.7037720607138,165.7037720607138
4571,c,165.7037720607138,165.7037720607138
4572,c,165.7037720607138,165.7037720607138
4573,t,165.7037720607138,165.7037720607138
4574,t,165.7037720607138,165.7037720607138
4575,c,165.7037720607138,165.7037720607138
4576,c,165.7037720607138,165.7037720607138
4577,c,165.7037720607138,165.7037720607138
4578,c,165.7037720607138,165.7037720607138
4579,c,165.7037720607138,165.7037720607138
4580,c,165.7037720607138,165.7037720607138
4581,c,165.7037720607138,165.7037720607138
4582,c,29.535239862445305,165.7037720607138
4583,t,165.7037720607138,165.7037720607138
4584,c,165.7037720607138,165.7037720607138
4585,t,165.7037720607138,165.7037720607138
4586,t,165.7037720607138,165.7037720607138
4587,t,165.7037720607138,165.7037720607138
4588,c,18.28637458877194,26.072971744719823
4589,t,165.7037720607138,165.7037720607138
4590,c,165.7037720607138,165.7037720607138
4591,t,165.7037720607138,165.7037720607138
4592,c,165.7037720607138,165.7037720607138
4593,c,25.15491164115855,27.532610452278448
4594,c,67.90073410269449,78.04137347336808
4595,c,165.7037720607138,165.7037720607138
4596,t,165.7037720607138,165.7037720607138
4597,c,165.7037720607138,165.7037720607138
4598,t,165.7037720607138,165.7037720607138
4599,t,165.7037720607138,165.7037720607138
4600,c,165.7037720607138,165.7037720607138
4601,t,165.7037720607138,165.7037720607138
4602,c,165.7037720607138,165.7037720607138
4603,t,165.7037720607138,165.7037720607138
4604,c,165.7037720607138,165.7037720607138
4605,t,165.7037720607138,165.7037720607138
4606,t,165.7037720607138,165.7037720607138
4607,t,165.7037720607138,165.7037720607138
4608,t,165.7037720607138,165.7037720607138
4609,t,165.7037720607138,165.7037720607138
4610,na,2.567727760419628,2.9230115577483273
4611,c,165.7037720607138,165.7037720607138
4612,c,165.7037720607138,165.7037720607138
4613,c,165.7037720607138,165.7037720607138
4614,c,15.781825226262457,25.123626256239422
4615,c,5.188319250194727,6.143423104209856
4616,c,165.7037720607138,165.7037720607138
4617,t,165.7037720607138,165.7037720607138
4618,c,24.161350307988425,35.29197765632862
4619,c,42.01781662330504,45.834408434598195
4620,t,165.7037720607138,165.7037720607138
4621,c,165.7037720607138,165.7037720607138
4622,c,165.7037720607138,165.7037720607138
4623,na,-1,0
4624,c,19.537949365708034,26.896617215469917
4625,c,165.7037720607138,165.7037720607138
4626,c,17.424752172532532,30.230082624653885
4627,c,165.7037720607138,165.7037720607138
4628,na,2.333133908526005,5.718934695158286
4629,c,7.786045931122969,9.832725034608309
4630,c,165.7037720607138,165.7037720607138
4631,t,165.7037720607138,165.7037720607138
4632,c,165.7037720607138,165.7037720607138
4633,c,165.7037720607138,165.7037720607138
4634,t,165.7037720607138,165.7037720607138
4635,c,46.697233194890885,51.26021516798181
4636,t,165.7037720607138,165.7037720607138
4637,t,165.7037720607138,165.7037720607138
4638,c,165.7037720607138,165.7037720607138
4639,t,165.7037720607138,165.7037720607138
4640,c,165.7037720607138,165.7037720607138
4641,c,165.7037720607138,165.7037720607138
4642,t,165.7037720607138,165.7037720607138
4643,t,165.7037720607138,165.7037720607138
4644,t,165.7037720607138,165.7037720607138
4645,c,19.67951080815205,19.89621746804075
4646,t,165.7037720607138,165.7037720607138
4647,t,165.7037720607138,165.7037720607138
4648,c,26.989112127102207,36.66720697814682
4649,t,165.7037720607138,165.7037720607138
4650,c,165.7037720607138,165.7037720607138
4651,c,165.7037720607138,165.7037720607138
4652,t,165.7037720607138,165.7037720607138
4653,t,165.7037720607138,165.7037720607138
4654,t,165.7037720607138,165.7037720607138
4655,t,165.7037720607138,165.7037720607138
4656,t,165.7037720607138,165.7037720607138
4657,c,28.918721453650086,34.11940743165851
4658,c,165.7037720607138,165.7037720607138
4659,t,165.7037720607138,165.7037720607138
4660,t,165.7037720607138,165.7037720607138
4661,c,18.848728254463996,165.7037720607138
4662,t,165.7037720607138,165.7037720607138
4663,t,165.7037720607138,165.7037720607138
4664,t,165.7037720607138,165.7037720607138
4665,c,165.7037720607138,165.7037720607138
4666,c,165.7037720607138,165.7037720607138
4667,c,165.7037720607138,165.7037720607138
4668,t,165.7037720607138,165.7037720607138
4669,na,0,9.995113063317344
4670,c,165.7037720607138,165.7037720607138
4671,t,165.7037720607138,165.7037720607138
4672,c,165.7037720607138,165.7037720607138
4673,t,165.7037720607138,165.7037720607138
4674,c,19.2759138452844,21.361531083949423
4675,t,165.7037720607138,165.7037720607138
4676,t,165.7037720607138,165.7037720607138
4677,c,165.7037720607138,165.7037720607138
4678,c,165.7037720607138,165.7037720607138
4679,c,49.501067663148234,69.69847246873107
4680,c,33.43148424556738,33.72015312166225
4681,c,165.7037720607138,165.7037720607138
4682,c,165.7037720607138,165.7037720607138
4683,c,165.7037720607138,165.7037720607138
4684,c,165.7037720607138,165.7037720607138
4685,t,165.7037720607138,165.7037720607138
4686,c,165.7037720607138,165.7037720607138
4687,c,14.097787807716445,17.358073734071866
4688,c,12.814552468543608,165.7037720607138
4689,c,165.7037720607138,165.7037720607138
4690,t,165.7037720607138,165.7037720607138
4691,t,165.7037720607138,165.7037720607138
4692,c,8.50317317299396,9.427496384619191
4693,t,165.7037720607138,165.7037720607138
4694,c,21.27989457056871,22.18360079294988
4695,c,67.06309037470469,68.5743873041497
4696,c,59.70808967317401,62.09232019329457
4697,t,165.7037720607138,165.7037720607138
4698,c,25.432404361186684,31.463808078975443
4699,c,50.362266963143405,58.787965536232335
4700,c,165.7037720607138,165.7037720607138
4701,t,165.7037720607138,165.7037720607138
4702,t,165.7037720607138,165.7037720607138
4703,t,165.7037720607138,165.7037720607138
4704,c,165.7037720607138,165.7037720607138
4705,t,165.7037720607138,165.7037720607138
4706,c,165.7037720607138,165.7037720607138
4707,t,165.7037720607138,165.7037720607138
4708,c,165.7037720607138,165.7037720607138
4709,na,-1,0
4710,c,18.06621587319322,18.956741367987266
4711,c,64.56326512391571,67.6488137971526
4712,t,165.7037720607138,165.7037720607138
4713,t,165.7037720607138,165.7037720607138
4714,c,9.09464211469208,9.615451577651111
4715,na,-1,0
4716,na,0,2.811604411664799
4717,c,165.7037720607138,165.7037720607138
4718,t,165.7037720607138,165.7037720607138
4719,t,165.7037720607138,165.7037720607138
4720,t,165.7037720607138,165.7037720607138
4721,t,165.7037720607138,165.7037720607138
4722,t,165.7037720607138,165.7037720607138
4723,t,165.7037720607138,165.7037720607138
4724,c,165.7037720607138,165.7037720607138
4725,c,165.7037720607138,165.7037720607138
4726,c,165.7037720607138,165.7037720607138
4727,t,165.7037720607138,165.7037720607138
4728,t,165.7037720607138,165.7037720607138
4729,t,165.7037720607138,165.7037720607138
4730,c,39.771530767144654,44.34924950995044
4731,c,165.7037720607138,165.7037720607138
4732,t,165.7037720607138,165.7037720607138
4733,c,116.79723535387656,118.43292929429242
4734,c,165.7037720607138,165.7037720607138
4735,t,165.7037720607138,165.7037720607138
4736,t,165.7037720607138,165.7037720607138
4737,c,165.7037720607138,165.7037720607138
4738,c,37.9266209906083,38.56889075481503
4739,t,165.7037720607138,165.7037720607138
4740,c,165.7037720607138,165.7037720607138
4741,t,165.7037720607138,165.7037720607138
4742,t,165.7037720607138,165.7037720607138
4743,c,165.7037720607138,165.7037720607138
4744,t,165.7037720607138,165.7037720607138
4745,c,165.7037720607138,165.7037720607138
4746,t,165.7037720607138,165.7037720607138
4747,c,165.7037720607138,165.7037720607138
4748,t,165.7037720607138,165.7037720607138
4749,c,165.7037720607138,165.7037720607138
4750,t,165.7037720607138,165.7037720607138
4751,t,165.7037720607138,165.7037720607138
4752,t,165.7037720607138,165.7037720607138
4753,c,165.7037720607138,165.7037720607138
4754,c,46.749226757153835,48.0400906542584
4755,t,165.7037720607138,165.7037720607138
4756,t,165.7037720607138,165.7037720607138
4757,t,165.7037720607138,165.7037720607138
4758,t,165.7037720607138,165.7037720607138
4759,c,165.7037720607138,165.7037720607138
4760,c,165.7037720607138,165.7037720607138
4761,c,38.545665520901636,42.66780052575049
4762,c,165.7037720607138,165.7037720607138
4763,c,36.701283649378944,49.48340395210634
4764,c,24.338662801446688,30.694593453925172
4765,c,165.7037720607138,165.7037720607138
4766,t,165.7037720607138,165.7037720607138
4767,c,165.7037720607138,165.7037720607138
4768,c,43.68317134868642,47.9122416406718
4769,c,165.7037720607138,165.7037720607138
4770,c,165.7037720607138,165.7037720607138
4771,t,165.7037720607138,165.7037720607138
4772,c,165.7037720607138,165.7037720607138
4773,c,165.7037720607138,165.7037720607138
4774,c,165.7037720607138,165.7037720607138
4775,c,165.7037720607138,165.7037720607138
4776,c,165.7037720607138,165.7037720607138
4777,c,8.660587461838153,13.369222334159872
4778,t,165.7037720607138,165.7037720607138
4779,t,165.7037720607138,165.7037720607138
4780,t,165.7037720607138,165.7037720607138
4781,c,165.7037720607138,165.7037720607138
4782,t,165.7037720607138,165.7037720607138
4783,c,3.1351853649323895,11.255434138030745
4784,t,165.7037720607138,165.7037720607138
4785,c,165.7037720607138,165.7037720607138
4786,t,165.7037720607138,165.7037720607138
4787,t,165.7037720607138,165.7037720607138
4788,c,33.06306954037111,36.28026877092469
4789,t,165.7037720607138,165.7037720607138
4790,c,56.650459954969946,57.87075629045939
4791,t,165.7037720607138,165.7037720607138
4792,t,165.7037720607138,165.7037720607138
4793,t,165.7037720607138,165.7037720607138
4794,c,165.7037720607138,165.7037720607138
4795,c,2.8397519221254557,5.410155612699121
4796,c,32.81222504435956,33.60414270906502
4797,c,165.7037720607138,165.7037720607138
4798,t,165.7037720607138,165.7037720607138
4799,c,165.7037720607138,165.7037720607138
4800,t,165.7037720607138,165.7037720607138
4801,t,165.7037720607138,165.7037720607138
4802,t,165.7037720607138,165.7037720607138
4803,t,165.7037720607138,165.7037720607138
4804,c,79.15467657016507,79.42864004964824
4805,c,165.7037720607138,165.7037720607138
4806,t,165.7037720607138,165.7037720607138
4807,c,165.7037720607138,165.7037720607138
4808,c,165.7037720607138,165.7037720607138
4809,c,26.36837869289523,28.618885402356288
4810,t,165.7037720607138,165.7037720607138
4811,t,165.7037720607138,165.7037720607138
4812,c,165.7037720607138,165.7037720607138
4813,t,165.7037720607138,165.7037720607138
4814,c,38.831528003761996,40.18901284415356
4815,c,165.7037720607138,165.7037720607138
4816,c,165.7037720607138,165.7037720607138
4817,t,165.7037720607138,165.7037720607138
4818,c,165.7037720607138,165.7037720607138
4819,t,165.7037720607138,165.7037720607138
4820,t,165.7037720607138,165.7037720607138
4821,c,165.7037720607138,165.7037720607138
4822,t,165.7037720607138,165.7037720607138
4823,t,165.7037720607138,165.7037720607138
4824,c,20.347180398465714,30.58276450587999
4825,c,165.7037720607138,165.7037720607138
4826,c,165.7037720607138,165.7037720607138
4827,c,165.7037720607138,165.7037720607138
4828,c,165.7037720607138,165.7037720607138
4829,c,165.7037720607138,165.7037720607138
4830,t,165.7037720607138,165.7037720607138
4831,c,165.7037720607138,165.7037720607138
4832,t,165.7037720607138,165.7037720607138
4833,c,165.7037720607138,165.7037720607138
4834,c,165.7037720607138,165.7037720607138
4835,t,165.7037720607138,165.7037720607138
4836,t,165.7037720607138,165.7037720607138
4837,c,49.130541919425156,50.791686712727255
4838,t,165.7037720607138,165.7037720607138
4839,t,165.7037720607138,165.7037720607138
4840,t,165.7037720607138,165.7037720607138
4841,c,165.7037720607138,165.7037720607138
4842,t,165.7037720607138,165.7037720607138
4843,c,28.797712285448704,29.936213501020845
4844,c,4.371432226411036,6.285356164855836
4845,t,165.7037720607138,165.7037720607138
4846,t,165.7037720607138,165.7037720607138
4847,c,23.868577154285568,26.899016900690697
4848,t,165.7037720607138,165.7037720607138
4849,c,165.7037720607138,165.7037720607138
4850,t,165.7037720607138,165.7037720607138
4851,t,165.7037720607138,165.7037720607138
4852,t,165.7037720607138,165.7037720607138
4853,t,165.7037720607138,165.7037720607138
4854,t,165.7037720607138,165.7037720607138
4855,t,165.7037720607138,165.7037720607138
4856,c,165.7037720607138,165.7037720607138
4857,t,165.7037720607138,165.7037720607138
4858,c,165.7037720607138,165.7037720607138
4859,c,165.7037720607138,165.7037720607138
4860,t,165.7037720607138,165.7037720607138
4861,c,165.7037720607138,165.7037720607138
4862,c,10.778914483381884,17.128796296080104
4863,t,165.7037720607138,165.7037720607138
4864,c,56.32350043525542,64.28774943692031
4865,c,96.80923268732904,97.33920833538576
4866,c,165.7037720607138,165.7037720607138
4867,c,165.7037720607138,165.7037720607138
4868,c,165.7037720607138,165.7037720607138
4869,t,165.7037720607138,165.7037720607138
4870,na,-1,0
4871,c,165.7037720607138,165.7037720607138
4872,t,165.7037720607138,165.7037720607138
4873,t,165.7037720607138,165.7037720607138
4874,t,165.7037720607138,165.7037720607138
4875,c,165.7037720607138,165.7037720607138
4876,c,30.670989448809202,38.53453519174935
4877,c,165.7037720607138,165.7037720607138
4878,c,165.7037720607138,165.7037720607138
4879,t,165.7037720607138,165.7037720607138
4880,t,165.7037720607138,165.7037720607138
4881,t,165.7037720607138,165.7037720607138
4882,t,165.7037720607138,165.7037720607138
4883,c,165.7037720607138,165.7037720607138
4884,t,165.7037720607138,165.7037720607138
4885,c,76.27166210981528,78.32428906155253
4886,c,165.7037720607138,165.7037720607138
4887,t,165.7037720607138,165.7037720607138
4888,t,165.7037720607138,165.7037720607138
4889,c,68.38361940849275,75.98998669630598
4890,c,165.7037720607138,165.7037720607138
4891,c,165.7037720607138,165.7037720607138
4892,t,165.7037720607138,165.7037720607138
4893,t,165.7037720607138,165.7037720607138
4894,c,24.271638935110953,38.33457889277896
4895,t,165.7037720607138,165.7037720607138
4896,c,165.7037720607138,165.7037720607138
4897,t,165.7037720607138,165.7037720607138
4898,t,165.7037720607138,165.7037720607138
4899,c,165.7037720607138,165.7037720607138
4900,c,17.70973707397338,20.52736961766439
4901,t,165.7037720607138,165.7037720607138
4902,c,165.7037720607138,165.7037720607138
4903,t,165.7037720607138,165.7037720607138
4904,t,165.7037720607138,165.7037720607138
4905,t,165.7037720607138,165.7037720607138
4906,t,165.7037720607138,165.7037720607138
4907,c,165.7037720607138,165.7037720607138
4908,t,165.7037720607138,165.7037720607138
4909,c,165.7037720607138,165.7037720607138
4910,c,165.7037720607138,165.7037720607138
4911,c,165.7037720607138,165.7037720607138
4912,c,165.7037720607138,165.7037720607138
4913,t,165.7037720607138,165.7037720607138
4914,c,165.7037720607138,165.7037720607138
4915,c,33.78315383814874,37.57915243274137
4916,t,165.7037720607138,165.7037720607138
4917,c,165.7037720607138,165.7037720607138
4918,c,165.7037720607138,165.7037720607138
4919,c,19.484516306051976,20.234515181779106
4920,t,165.7037720607138,165.7037720607138
4921,t,165.7037720607138,165.7037720607138
4922,c,165.7037720607138,165.7037720607138
4923,t,165.7037720607138,165.7037720607138
4924,t,165.7037720607138,165.7037720607138
4925,c,65.7000649666782,67.27416056900246
4926,t,165.7037720607138,165.7037720607138
4927,c,165.7037720607138,165.7037720607138
4928,t,165.7037720607138,165.7037720607138
4929,na,7.115682860448493,13.279015904992423
4930,t,165.7037720607138,165.7037720607138
4931,t,165.7037720607138,165.7037720607138
4932,c,165.7037720607138,165.7037720607138
4933,c,40.151424676187695,165.7037720607138
4934,c,165.7037720607138,165.7037720607138
4935,c,38.619974690047144,165.7037720607138
4936,t,165.7037720607138,165.7037720607138
4937,t,165.7037720607138,165.7037720607138
4938,c,165.7037720607138,165.7037720607138
4939,c,165.7037720607138,165.7037720607138
4940,c,165.7037720607138,165.7037720607138
4941,c,31.0988803107904,34.41109549857495
4942,t,165.7037720607138,165.7037720607138
4943,c,25.805101839543696,27.30615099669588
4944,c,25.253695499261166,25.79575900489951
4945,t,165.7037720607138,165.7037720607138
4946,c,165.7037720607138,165.7037720607138
4947,c,165.7037720607138,165.7037720607138
4948,t,165.7037720607138,165.7037720607138
4949,t,165.7037720607138,165.7037720607138
4950,t,165.7037720607138,165.7037720607138
4951,t,165.7037720607138,165.7037720607138
4952,c,165.7037720607138,165.7037720607138
4953,t,165.7037720607138,165.7037720607138
4954,c,165.7037720607138,165.7037720607138
4955,c,165.7037720607138,165.7037720607138
4956,c,15.463782930991083,24.330127350469418
4957,t,165.7037720607138,165.7037720607138
4958,c,38.53154681614816,39.46932063308788
4959,t,165.7037720607138,165.7037720607138
4960,t,165.7037720607138,165.7037720607138
4961,c,43.019620569316814,46.11888604895519
4962,t,165.7037720607138,165.7037720607138
4963,t,165.7037720607138,165.7037720607138
4964,c,165.7037720607138,165.7037720607138
4965,c,165.7037720607138,165.7037720607138
4966,c,48.32327132735414,49.360621991212504
4967,t,165.7037720607138,165.7037720607138
4968,t,165.7037720607138,165.7037720607138
4969,c,5.350100164946703,9.643599822789898
4970,t,165.7037720607138,165.7037720607138
4971,c,165.7037720607138,165.7037720607138
4972,t,165.7037720607138,165.7037720607138
4973,t,165.7037720607138,165.7037720607138
4974,t,165.7037720607138,165.7037720607138
4975,c,165.7037720607138,165.7037720607138
4976,c,165.7037720607138,165.7037720607138
4977,t,165.7037720607138,165.7037720607138
4978,t,165.7037720607138,165.7037720607138
4979,c,165.7037720607138,165.7037720607138
4980,t,165.7037720607138,165.7037720607138
4981,t,165.7037720607138,165.7037720607138
4982,c,165.7037720607138,165.7037720607138
4983,c,27.24947152776773,28.65860901849425
4984,t,165.7037720607138,165.7037720607138
4985,c,165.7037720607138,165.7037720607138
4986,c,165.7037720607138,165.7037720607138
4987,t,165.7037720607138,165.7037720607138
4988,t,165.7037720607138,165.7037720607138
4989,c,165.7037720607138,165.7037720607138
4990,t,165.7037720607138,165.7037720607138
4991,c,165.7037720607138,165.7037720607138
4992,t,165.7037720607138,165.7037720607138
4993,t,165.7037720607138,165.7037720607138
4994,t,165.7037720607138,165.7037720607138
4995,c,165.7037720607138,165.7037720607138
4996,t,165.7037720607138,165.7037720607138
4997,t,165.7037720607138,165.7037720607138
4998,c,165.7037720607138,165.7037720607138
4999,t,165.7037720607138,165.7037720607138
5000,t,165.7037720607138,165.7037720607138
5001,t,165.7037720607138,165.7037720607138
5002,t,165.7037720607138,165.7037720607138
5003,c,48.52392809404361,49.14373132313146
5004,c,165.7037720607138,165.7037720607138
5005,c,165.7037720607138,165.7037720607138
5006,t,165.7037720607138,165.7037720607138
5007,c,165.7037720607138,165.7037720607138
5008,t,165.7037720607138,165.7037720607138
5009,t,165.7037720607138,165.7037720607138
5010,c,32.972735517163294,47.96050774913985
5011,c,165.7037720607138,165.7037720607138
5012,c,55.059030079266996,55.10649439675541
5013,t,165.7037720607138,165.7037720607138
5014,c,165.7037720607138,165.7037720607138
5015,c,22.177293089086078,23.587009473957856
5016,c,15.378571468379379,23.21778937791773
5017,c,165.7037720607138,165.7037720607138
5018,c,165.7037720607138,165.7037720607138
5019,t,165.7037720607138,165.7037720607138
5020,t,165.7037720607138,165.7037720607138
5021,c,33.055197328385624,35.20629273612044
5022,c,165.7037720607138,165.7037720607138
5023,c,165.7037720607138,165.7037720607138
5024,c,165.7037720607138,165.7037720607138
5025,c,165.7037720607138,165.7037720607138
5026,c,31.6188758268925,33.14499783303554
5027,na,0,23.90908641027681
5028,c,165.7037720607138,165.7037720607138
5029,c,165.7037720607138,165.7037720607138
5030,t,165.7037720607138,165.7037720607138
5031,t,165.7037720607138,165.7037720607138
5032,c,165.7037720607138,165.7037720607138
5033,c,15.727322754486107,26.743305693033268
5034,t,165.7037720607138,165.7037720607138
5035,t,165.7037720607138,165.7037720607138
5036,t,165.7037720607138,165.7037720607138
5037,c,165.7037720607138,165.7037720607138
5038,c,29.890572604564365,31.849596590572666
5039,c,165.7037720607138,165.7037720607138
5040,c,165.7037720607138,165.7037720607138
5041,t,165.7037720607138,165.7037720607138
5042,c,41.54909926371384,165.7037720607138
5043,t,165.7037720607138,165.7037720607138
5044,t,165.7037720607138,165.7037720607138
5045,t,165.7037720607138,165.7037720607138
5046,c,165.7037720607138,165.7037720607138
5047,t,165.7037720607138,165.7037720607138
5048,t,165.7037720607138,165.7037720607138
5049,c,165.7037720607138,165.7037720607138
5050,c,165.7037720607138,165.7037720607138
5051,c,10.692301988072986,16.4999881794467
5052,t,165.7037720607138,165.7037720607138
5053,c,165.7037720607138,165.7037720607138
5054,t,165.7037720607138,165.7037720607138
5055,t,165.7037720607138,165.7037720607138
5056,t,165.7037720607138,165.7037720607138
5057,t,165.7037720607138,165.7037720607138
5058,t,165.7037720607138,165.7037720607138
5059,c,34.62714049841428,38.411505780435846
5060,t,165.7037720607138,165.7037720607138
5061,t,165.7037720607138,165.7037720607138
5062,t,165.7037720607138,165.7037720607138
5063,c,165.7037720607138,165.7037720607138
5064,c,165.7037720607138,165.7037720607138
5065,t,165.7037720607138,165.7037720607138
5066,c,165.7037720607138,165.7037720607138
5067,c,165.7037720607138,165.7037720607138
5068,c,165.7037720607138,165.7037720607138
5069,t,165.7037720607138,165.7037720607138
5070,t,165.7037720607138,165.7037720607138
5071,t,165.7037720607138,165.7037720607138
5072,c,21.358421538676055,24.54650657088262
5073,c,165.7037720607138,165.7037720607138
5074,c,27.34850099246903,32.620873654014346
5075,c,55.38448913529701,59.72638388649911
5076,c,14.30872508970408,14.68131085074032
5077,t,165.7037720607138,165.7037720607138
5078,t,165.7037720607138,165.7037720607138
5079,t,165.7037720607138,165.7037720607138
5080,t,165.7037720607138,165.7037720607138
5081,c,37.833462659433984,42.982915423466714
5082,t,165.7037720607138,165.7037720607138
5083,t,165.7037720607138,165.7037720607138
5084,c,165.7037720607138,165.7037720607138
5085,c,165.7037720607138,165.7037720607138
5086,t,165.7037720607138,165.7037720607138
5087,c,66.771117559475,70.59024943177064
5088,c,165.7037720607138,165.7037720607138
5089,t,165.7037720607138,165.7037720607138
5090,t,165.7037720607138,165.7037720607138
5091,t,165.7037720607138,165.7037720607138
5092,c,165.7037720607138,165.7037720607138
5093,c,27.715923694172464,29.725412596919025
5094,t,165.7037720607138,165.7037720607138
5095,t,165.7037720607138,165.7037720607138
5096,c,165.7037720607138,165.7037720607138
5097,t,165.7037720607138,165.7037720607138
5098,t,165.7037720607138,165.7037720607138
5099,c,165.7037720607138,165.7037720607138
5100,c,28.82151752280571,28.92847927730403
5101,c,165.7037720607138,165.7037720607138
5102,c,58.232432301748005,64.73245235403226
5103,c,165.7037720607138,165.7037720607138
5104,c,165.7037720607138,165.7037720607138
5105,c,165.7037720607138,165.7037720607138
5106,t,165.7037720607138,165.7037720607138
5107,c,45.52295322983452,46.693688150702606
5108,c,46.08994635544527,49.23542650693631
5109,c,165.7037720607138,165.7037720607138
5110,c,165.7037720607138,165.7037720607138
5111,na,-1,0
5112,t,165.7037720607138,165.7037720607138
5113,t,165.7037720607138,165.7037720607138
5114,c,165.7037720607138,165.7037720607138
5115,c,25.328093787308255,28.194466378715543
5116,c,165.7037720607138,165.7037720607138
5117,t,165.7037720607138,165.7037720607138
5118,c,27.33175785741323,43.21981138109224
5119,c,165.7037720607138,165.7037720607138
5120,t,165.7037720607138,165.7037720607138
5121,t,165.7037720607138,165.7037720607138
5122,c,165.7037720607138,165.7037720607138
5123,c,165.7037720607138,165.7037720607138
5124,c,165.7037720607138,165.7037720607138
5125,c,165.7037720607138,165.7037720607138
5126,c,21.62594711333729,28.670657810314445
5127,t,165.7037720607138,165.7037720607138
5128,c,38.098045522431825,39.8605048645665
5129,t,165.7037720607138,165.7037720607138
5130,c,165.7037720607138,165.7037720607138
5131,t,165.7037720607138,165.7037720607138
5132,t,165.7037720607138,165.7037720607138
5133,c,165.7037720607138,165.7037720607138
5134,t,165.7037720607138,165.7037720607138
5135,c,26.89090935064196,32.05466324990743
5136,t,165.7037720607138,165.7037720607138
5137,t,165.7037720607138,165.7037720607138
5138,c,165.7037720607138,165.7037720607138
5139,t,165.7037720607138,165.7037720607138
5140,t,165.7037720607138,165.7037720607138
5141,c,165.7037720607138,165.7037720607138
5142,c,165.7037720607138,165.7037720607138
5143,t,165.7037720607138,165.7037720607138
5144,c,165.7037720607138,165.7037720607138
5145,c,165.7037720607138,165.7037720607138
5146,c,23.960424611894236,25.97865284338136
5147,t,165.7037720607138,165.7037720607138
5148,na,0,1.071470381777747
5149,t,165.7037720607138,165.7037720607138
5150,t,165.7037720607138,165.7037720607138
5151,c,165.7037720607138,165.7037720607138
5152,t,165.7037720607138,165.7037720607138
5153,t,165.7037720607138,165.7037720607138
5154,c,165.7037720607138,165.7037720607138
5155,c,165.7037720607138,165.7037720607138
5156,c,165.7037720607138,165.7037720607138
5157,c,71.59582960293704,78.18996134032818
5158,t,165.7037720607138,165.7037720607138
5159,c,165.7037720607138,165.7037720607138
5160,t,165.7037720607138,165.7037720607138
5161,t,165.7037720607138,165.7037720607138
5162,c,13.792050558962503,14.12964824142763
5163,c,1.7580140075584285,3.370057099648409
5164,t,165.7037720607138,165.7037720607138
5165,c,165.7037720607138,165.7037720607138
5166,c,129.7081275620773,134.1225368930615
5167,t,165.7037720607138,165.7037720607138
5168,c,165.7037720607138,165.7037720607138
5169,t,165.7037720607138,165.7037720607138
5170,c,165.7037720607138,165.7037720607138
5171,t,165.7037720607138,165.7037720607138
5172,t,165.7037720607138,165.7037720607138
5173,t,165.7037720607138,165.7037720607138
5174,t,165.7037720607138,165.7037720607138
5175,c,165.7037720607138,165.7037720607138
5176,c,165.7037720607138,165.7037720607138
5177,t,165.7037720607138,165.7037720607138
5178,t,165.7037720607138,165.7037720607138
5179,c,165.7037720607138,165.7037720607138
5180,c,165.7037720607138,165.7037720607138
5181,t,165.7037720607138,165.7037720607138
5182,c,165.7037720607138,165.7037720607138
5183,t,165.7037720607138,165.7037720607138
5184,c,7.98765509078629,14.00133932958546
5185,t,165.7037720607138,165.7037720607138
5186,t,165.7037720607138,165.7037720607138
5187,c,165.7037720607138,165.7037720607138
5188,c,165.7037720607138,165.7037720607138
5189,t,165.7037720607138,165.7037720607138
5190,t,165.7037720607138,165.7037720607138
5191,c,8.965226457428841,9.66773376961858
5192,c,165.7037720607138,165.7037720607138
5193,c,165.7037720607138,165.7037720607138
5194,c,29.62836838505475,31.07068749221131
5195,c,10.539106110909838,11.398131145580555
5196,t,165.7037720607138,165.7037720607138
5197,c,165.7037720607138,165.7037720607138
5198,t,165.7037720607138,165.7037720607138
5199,t,165.7037720607138,165.7037720607138
5200,c,165.7037720607138,165.7037720607138
5201,c,165.7037720607138,165.7037720607138
5202,t,165.7037720607138,165.7037720607138
5203,c,165.7037720607138,165.7037720607138
5204,na,2.398432020414431,5.697294208608596
5205,t,165.7037720607138,165.7037720607138
5206,t,165.7037720607138,165.7037720607138
5207,c,165.7037720607138,165.7037720607138
5208,c,165.7037720607138,165.7037720607138
5209,c,21.633839057138967,165.7037720607138
5210,c,18.97267695020868,23.39417898501751
5211,c,165.7037720607138,165.7037720607138
5212,c,165.7037720607138,165.7037720607138
5213,t,165.7037720607138,165.7037720607138
5214,t,165.7037720607138,165.7037720607138
5215,c,165.7037720607138,165.7037720607138
5216,c,165.7037720607138,165.7037720607138
5217,c,24.643420423791337,25.498869063938333
5218,t,165.7037720607138,165.7037720607138
5219,c,165.7037720607138,165.7037720607138
5220,t,165.7037720607138,165.7037720607138
5221,t,165.7037720607138,165.7037720607138
5222,t,165.7037720607138,165.7037720607138
5223,c,165.7037720607138,165.7037720607138
5224,t,165.7037720607138,165.7037720607138
5225,t,165.7037720607138,165.7037720607138
5226,c,24.620886182321996,26.087311162767236
5227,c,44.4525259026804,47.241105770252254
5228,t,165.7037720607138,165.7037720607138
5229,c,41.06557961265191,41.55157882068711
5230,t,165.7037720607138,165.7037720607138
5231,t,165.7037720607138,165.7037720607138
5232,c,26.912926494673172,27.341914953953744
5233,c,165.7037720607138,165.7037720607138
5234,c,35.37852947924009,46.593514667480704
5235,c,165.7037720607138,165.7037720607138
5236,c,165.7037720607138,165.7037720607138
5237,t,165.7037720607138,165.7037720607138
5238,t,165.7037720607138,165.7037720607138
5239,t,165.7037720607138,165.7037720607138
5240,t,165.7037720607138,165.7037720607138
5241,c,165.7037720607138,165.7037720607138
5242,c,165.7037720607138,165.7037720607138
5243,c,165.7037720607138,165.7037720607138
5244,t,165.7037720607138,165.7037720607138
5245,t,165.7037720607138,165.7037720607138
5246,t,165.7037720607138,165.7037720607138
5247,t,165.7037720607138,165.7037720607138
5248,c,165.7037720607138,165.7037720607138
5249,c,165.7037720607138,165.7037720607138
5250,t,165.7037720607138,165.7037720607138
5251,c,11.461285757373608,16.81960835111847
5252,na,15.781892393958579,18.39547125636129
5253,t,165.7037720607138,165.7037720607138
5254,c,15.428639549472834,23.51292811364645
5255,t,165.7037720607138,165.7037720607138
5256,t,165.7037720607138,165.7037720607138
5257,c,165.7037720607138,165.7037720607138
5258,c,165.7037720607138,165.7037720607138
5259,t,165.7037720607138,165.7037720607138
5260,c,165.7037720607138,165.7037720607138
5261,t,165.7037720607138,165.7037720607138
5262,c,165.7037720607138,165.7037720607138
5263,c,63.81323767739887,64.35313513502659
5264,c,165.7037720607138,165.7037720607138
5265,t,165.7037720607138,165.7037720607138
5266,c,165.7037720607138,165.7037720607138
5267,t,165.7037720607138,165.7037720607138
5268,t,165.7037720607138,165.7037720607138
5269,c,165.7037720607138,165.7037720607138
5270,c,40.96295007781384,61.188160493032996
5271,t,165.7037720607138,165.7037720607138
5272,t,165.7037720607138,165.7037720607138
5273,t,165.7037720607138,165.7037720607138
5274,c,165.7037720607138,165.7037720607138
5275,c,165.7037720607138,165.7037720607138
5276,t,165.7037720607138,165.7037720607138
5277,t,165.7037720607138,165.7037720607138
5278,c,165.7037720607138,165.7037720607138
5279,t,165.7037720607138,165.7037720607138
5280,c,57.89863970096872,58.38292491960734
5281,t,165.7037720607138,165.7037720607138
5282,c,165.7037720607138,165.7037720607138
5283,na,-1,0
5284,t,165.7037720607138,165.7037720607138
5285,c,165.7037720607138,165.7037720607138
5286,c,9.936211382638435,14.164202927438591
5287,t,165.7037720607138,165.7037720607138
5288,c,165.7037720607138,165.7037720607138
5289,t,165.7037720607138,165.7037720607138
5290,t,165.7037720607138,165.7037720607138
5291,t,165.7037720607138,165.7037720607138
5292,t,165.7037720607138,165.7037720607138
5293,c,165.7037720607138,165.7037720607138
5294,t,165.7037720607138,165.7037720607138
5295,t,165.7037720607138,165.7037720607138
5296,c,165.7037720607138,165.7037720607138
5297,c,165.7037720607138,165.7037720607138
5298,c,165.7037720607138,165.7037720607138
5299,t,165.7037720607138,165.7037720607138
5300,c,31.21841238893592,34.001328564399614
5301,c,165.7037720607138,165.7037720607138
5302,c,165.7037720607138,165.7037720607138
5303,t,165.7037720607138,165.7037720607138
5304,t,165.7037720607138,165.7037720607138
5305,c,165.7037720607138,165.7037720607138
5306,t,165.7037720607138,165.7037720607138
5307,t,165.7037720607138,165.7037720607138
5308,c,165.7037720607138,165.7037720607138
5309,c,165.7037720607138,165.7037720607138
5310,t,165.7037720607138,165.7037720607138
5311,t,165.7037720607138,165.7037720607138
5312,t,165.7037720607138,165.7037720607138
5313,c,165.7037720607138,165.7037720607138
5314,t,165.7037720607138,165.7037720607138
5315,t,165.7037720607138,165.7037720607138
5316,t,165.7037720607138,165.7037720607138
5317,t,165.7037720607138,165.7037720607138
5318,t,165.7037720607138,165.7037720607138
5319,t,165.7037720607138,165.7037720607138
5320,t,165.7037720607138,165.7037720607138
5321,c,165.7037720607138,165.7037720607138
5322,t,165.7037720607138,165.7037720607138
5323,c,165.7037720607138,165.7037720607138
5324,t,165.7037720607138,165.7037720607138
5325,c,45.23133732990835,48.29765350672868
5326,t,165.7037720607138,165.7037720607138
5327,t,165.7037720607138,165.7037720607138
5328,c,165.7037720607138,165.7037720607138
5329,t,165.7037720607138,165.7037720607138
5330,t,165.7037720607138,165.7037720607138
5331,c,7.8104740137770685,15.375138426553107
5332,t,165.7037720607138,165.7037720607138
5333,c,165.7037720607138,165.7037720607138
5334,t,165.7037720607138,165.7037720607138
5335,c,165.7037720607138,165.7037720607138
5336,c,165.7037720607138,165.7037720607138
5337,c,41.81507035156475,43.73966853011195
5338,c,165.7037720607138,165.7037720607138
5339,c,165.7037720607138,165.7037720607138
5340,t,165.7037720607138,165.7037720607138
5341,t,165.7037720607138,165.7037720607138
5342,c,165.7037720607138,165.7037720607138
5343,t,165.7037720607138,165.7037720607138
5344,c,165.7037720607138,165.7037720607138
5345,c,165.7037720607138,165.7037720607138
5346,t,165.7037720607138,165.7037720607138
5347,c,165.7037720607138,165.7037720607138
5348,c,165.7037720607138,165.7037720607138
5349,c,165.7037720607138,165.7037720607138
5350,c,165.7037720607138,165.7037720607138
5351,t,165.7037720607138,165.7037720607138
5352,t,165.7037720607138,165.7037720607138
5353,t,165.7037720607138,165.7037720607138
5354,c,118.27047969265618,119.0303993755497
5355,c,39.97519733516294,41.65654034026357
5356,c,165.7037720607138,165.7037720607138
5357,t,165.7037720607138,165.7037720607138
5358,na,4.809383150604526,7.842992665810905
5359,t,165.7037720607138,165.7037720607138
5360,c,165.7037720607138,165.7037720607138
5361,c,165.7037720607138,165.7037720607138
5362,c,165.7037720607138,165.7037720607138
5363,t,165.7037720607138,165.7037720607138
5364,c,165.7037720607138,165.7037720607138
5365,t,165.7037720607138,165.7037720607138
5366,c,165.7037720607138,165.7037720607138
5367,c,80.66204838461165,99.23614474520218
5368,c,21.388268982926572,28.2155057411028
5369,t,165.7037720607138,165.7037720607138
5370,t,165.7037720607138,165.7037720607138
5371,t,165.7037720607138,165.7037720607138
5372,t,165.7037720607138,165.7037720607138
5373,c,165.7037720607138,165.7037720607138
5374,t,165.7037720607138,165.7037720607138
5375,t,165.7037720607138,165.7037720607138
5376,t,165.7037720607138,165.7037720607138
5377,t,165.7037720607138,165.7037720607138
5378,c,165.7037720607138,165.7037720607138
5379,c,165.7037720607138,165.7037720607138
5380,c,165.7037720607138,165.7037720607138
5381,t,165.7037720607138,165.7037720607138
5382,c,165.7037720607138,165.7037720607138
5383,c,165.7037720607138,165.7037720607138
5384,c,165.7037720607138,165.7037720607138
5385,t,165.7037720607138,165.7037720607138
5386,c,165.7037720607138,165.7037720607138
5387,t,165.7037720607138,165.7037720607138
5388,c,165.7037720607138,165.7037720607138
5389,t,165.7037720607138,165.7037720607138
5390,t,165.7037720607138,165.7037720607138
5391,c,165.7037720607138,165.7037720607138
5392,t,165.7037720607138,165.7037720607138
5393,t,165.7037720607138,165.7037720607138
5394,c,165.7037720607138,165.7037720607138
5395,c,165.7037720607138,165.7037720607138
5396,t,165.7037720607138,165.7037720607138
5397,t,165.7037720607138,165.7037720607138
5398,t,165.7037720607138,165.7037720607138
5399,t,165.7037720607138,165.7037720607138
5400,c,165.7037720607138,165.7037720607138
5401,c,165.7037720607138,165.7037720607138
5402,c,165.7037720607138,165.7037720607138
5403,c,165.7037720607138,165.7037720607138
5404,c,39.03623855987589,39.2985254665811
5405,c,165.7037720607138,165.7037720607138
5406,t,165.7037720607138,165.7037720607138
5407,t,165.7037720607138,165.7037720607138
5408,c,165.7037720607138,165.7037720607138
5409,t,165.7037720607138,165.7037720607138
5410,t,165.7037720607138,165.7037720607138
5411,t,165.7037720607138,165.7037720607138
5412,t,165.7037720607138,165.7037720607138
5413,c,165.7037720607138,165.7037720607138
5414,c,165.7037720607138,165.7037720607138
5415,c,165.7037720607138,165.7037720607138
5416,c,165.7037720607138,165.7037720607138
5417,c,165.7037720607138,165.7037720607138
5418,c,165.7037720607138,165.7037720607138
5419,c,165.7037720607138,165.7037720607138
5420,c,165.7037720607138,165.7037720607138
5421,c,39.552533634084526,50.02089137362474
5422,t,165.7037720607138,165.7037720607138
5423,c,165.7037720607138,165.7037720607138
5424,t,165.7037720607138,165.7037720607138
5425,c,165.7037720607138,165.7037720607138
5426,t,165.7037720607138,165.7037720607138
5427,c,165.7037720607138,165.7037720607138
5428,t,165.7037720607138,165.7037720607138
5429,t,165.7037720607138,165.7037720607138
5430,t,165.7037720607138,165.7037720607138
5431,c,165.7037720607138,165.7037720607138
5432,t,165.7037720607138,165.7037720607138
5433,c,165.7037720607138,165.7037720607138
5434,t,165.7037720607138,165.7037720607138
5435,t,165.7037720607138,165.7037720607138
5436,c,165.7037720607138,165.7037720607138
5437,t,165.7037720607138,165.7037720607138
5438,c,31.660131691936108,45.0170728897903
5439,c,165.7037720607138,165.7037720607138
5440,c,165.7037720607138,165.7037720607138
5441,t,165.7037720607138,165.7037720607138
5442,c,62.9500213281122,67.3715415678887
5443,c,25.415231683376167,27.61369728624127
5444,t,165.7037720607138,165.7037720607138
5445,t,165.7037720607138,165.7037720607138
5446,c,165.7037720607138,165.7037720607138
5447,t,165.7037720607138,165.7037720607138
5448,c,54.96734206635128,56.013407832746466
5449,c,165.7037720607138,165.7037720607138
5450,c,165.7037720607138,165.7037720607138
5451,c,165.7037720607138,165.7037720607138
5452,t,165.7037720607138,165.7037720607138
5453,t,165.7037720607138,165.7037720607138
5454,t,165.7037720607138,165.7037720607138
5455,t,165.7037720607138,165.7037720607138
5456,t,165.7037720607138,165.7037720607138
5457,t,165.7037720607138,165.7037720607138
5458,t,165.7037720607138,165.7037720607138
5459,c,52.22648815723927,52.36023928022327
5460,c,165.7037720607138,165.7037720607138
5461,c,165.7037720607138,165.7037720607138
5462,c,165.7037720607138,165.7037720607138
5463,t,165.7037720607138,165.7037720607138
5464,t,165.7037720607138,165.7037720607138
5465,c,165.7037720607138,165.7037720607138
5466,t,165.7037720607138,165.7037720607138
5467,c,165.7037720607138,165.7037720607138
5468,t,165.7037720607138,165.7037720607138
5469,c,18.820794762198684,29.397268151300928
5470,c,165.7037720607138,165.7037720607138
5471,t,165.7037720607138,165.7037720607138
5472,t,165.7037720607138,165.7037720607138
5473,t,165.7037720607138,165.7037720607138
5474,t,165.7037720607138,165.7037720607138
5475,t,165.7037720607138,165.7037720607138
5476,t,165.7037720607138,165.7037720607138
5477,t,165.7037720607138,165.7037720607138
5478,t,165.7037720607138,165.7037720607138
5479,t,165.7037720607138,165.7037720607138
5480,t,165.7037720607138,165.7037720607138
5481,t,165.7037720607138,165.7037720607138
5482,c,165.7037720607138,165.7037720607138
5483,t,165.7037720607138,165.7037720607138
5484,t,165.7037720607138,165.7037720607138
5485,c,165.7037720607138,165.7037720607138
5486,t,165.7037720607138,165.7037720607138
5487,c,165.7037720607138,165.7037720607138
5488,t,165.7037720607138,165.7037720607138
5489,c,165.7037720607138,165.7037720607138
5490,c,165.7037720607138,165.7037720607138
5491,t,165.7037720607138,165.7037720607138
5492,t,165.7037720607138,165.7037720607138
5493,c,165.7037720607138,165.7037720607138
5494,c,165.7037720607138,165.7037720607138
5495,t,165.7037720607138,165.7037720607138
5496,t,165.7037720607138,165.7037720607138
5497,c,165.7037720607138,165.7037720607138
5498,t,165.7037720607138,165.7037720607138
5499,t,165.7037720607138,165.7037720607138
5500,c,165.7037720607138,165.7037720607138
5501,c,165.7037720607138,165.7037720607138
5502,c,165.7037720607138,165.7037720607138
5503,c,165.7037720607138,165.7037720607138
5504,c,165.7037720607138,165.7037720607138
5505,t,165.7037720607138,165.7037720607138
5506,t,165.7037720607138,165.7037720607138
5507,t,165.7037720607138,165.7037720607138
5508,na,0,0.9217931803923796
5509,t,165.7037720607138,165.7037720607138
5510,c,165.7037720607138,165.7037720607138
5511,c,82.98566008189441,91.59503727656248
5512,c,165.7037720607138,165.7037720607138
5513,c,165.7037720607138,165.7037720607138
5514,c,35.89619676494056,36.29619348094792
5515,t,165.7037720607138,165.7037720607138
5516,c,165.7037720607138,165.7037720607138
5517,c,52.65037834959395,87.33535201964534
5518,t,165.7037720607138,165.7037720607138
5519,t,165.7037720607138,165.7037720607138
5520,c,39.4878536253591,44.43240745199131
5521,na,-1,0
5522,c,165.7037720607138,165.7037720607138
5523,t,165.7037720607138,165.7037720607138
5524,c,165.7037720607138,165.7037720607138
5525,t,165.7037720607138,165.7037720607138
5526,t,165.7037720607138,165.7037720607138
5527,c,165.7037720607138,165.7037720607138
5528,c,165.7037720607138,165.7037720607138
5529,t,165.7037720607138,165.7037720607138
5530,t,165.7037720607138,165.7037720607138
5531,c,165.7037720607138,165.7037720607138
5532,c,165.7037720607138,165.7037720607138
5533,c,165.7037720607138,165.7037720607138
5534,t,165.7037720607138,165.7037720607138
5535,t,165.7037720607138,165.7037720607138
5536,c,46.55775706425006,48.90460824568494
5537,c,24.75466657965861,28.301059213472254
5538,t,165.7037720607138,165.7037720607138
5539,c,165.7037720607138,165.7037720607138
5540,c,20.21369420668784,20.88090361568556
5541,c,165.7037720607138,165.7037720607138
5542,t,165.7037720607138,165.7037720607138
5543,t,165.7037720607138,165.7037720607138
5544,t,165.7037720607138,165.7037720607138
5545,t,165.7037720607138,165.7037720607138
5546,t,165.7037720607138,165.7037720607138
5547,t,165.7037720607138,165.7037720607138
5548,c,23.30299695270539,25.85287632077302
5549,t,165.7037720607138,165.7037720607138
5550,c,165.7037720607138,165.7037720607138
5551,c,165.7037720607138,165.7037720607138
5552,c,165.7037720607138,165.7037720607138
5553,c,165.7037720607138,165.7037720607138
5554,c,165.7037720607138,165.7037720607138
5555,t,165.7037720607138,165.7037720607138
5556,t,165.7037720607138,165.7037720607138
5557,t,165.7037720607138,165.7037720607138
5558,c,12.071239903485855,12.968872665611094
5559,t,165.7037720607138,165.7037720607138
5560,c,47.016629794007976,47.96562670138952
5561,c,165.7037720607138,165.7037720607138
5562,c,165.7037720607138,165.7037720607138
5563,t,165.7037720607138,165.7037720607138
5564,c,165.7037720607138,165.7037720607138
5565,t,165.7037720607138,165.7037720607138
5566,c,165.7037720607138,165.7037720607138
5567,t,165.7037720607138,165.7037720607138
5568,c,165.7037720607138,165.7037720607138
5569,t,165.7037720607138,165.7037720607138
5570,t,165.7037720607138,165.7037720607138
5571,c,165.7037720607138,165.7037720607138
5572,c,34.52679783089405,42.02955671441085
5573,c,165.7037720607138,165.7037720607138
5574,t,165.7037720607138,165.7037720607138
5575,c,112.95865084032934,120.44126957538698
5576,t,165.7037720607138,165.7037720607138
5577,c,165.7037720607138,165.7037720607138
5578,c,165.7037720607138,165.7037720607138
5579,c,165.7037720607138,165.7037720607138
5580,c,165.7037720607138,165.7037720607138
5581,c,165.7037720607138,165.7037720607138
5582,t,165.7037720607138,165.7037720607138
5583,c,91.89743974433249,97.53266540706565
5584,c,165.7037720607138,165.7037720607138
5585,t,165.7037720607138,165.7037720607138
5586,c,49.82404903668315,49.93497974029224
5587,t,165.7037720607138,165.7037720607138
5588,t,165.7037720607138,165.7037720607138
5589,t,165.7037720607138,165.7037720607138
5590,t,165.7037720607138,165.7037720607138
5591,t,165.7037720607138,165.7037720607138
5592,t,165.7037720607138,165.7037720607138
5593,t,165.7037720607138,165.7037720607138
5594,t,165.7037720607138,165.7037720607138
5595,t,165.7037720607138,165.7037720607138
5596,c,165.7037720607138,165.7037720607138
5597,c,0.5213736247090404,165.7037720607138
5598,na,10.345305643035378,10.872026431990713
5599,c,5.483747020181918,5.890714348367897
5600,t,165.7037720607138,165.7037720607138
5601,c,165.7037720607138,165.7037720607138
5602,c,165.7037720607138,165.7037720607138
5603,c,165.7037720607138,165.7037720607138
5604,t,165.7037720607138,165.7037720607138
5605,c,30.995337496407927,33.48174157857423
5606,c,165.7037720607138,165.7037720607138
5607,c,44.24076355448462,61.492093474011426
5608,c,165.7037720607138,165.7037720607138
5609,t,165.7037720607138,165.7037720607138
5610,t,165.7037720607138,165.7037720607138
5611,c,165.7037720607138,165.7037720607138
5612,t,165.7037720607138,165.7037720607138
5613,c,165.7037720607138,165.7037720607138
5614,t,165.7037720607138,165.7037720607138
5615,t,165.7037720607138,165.7037720607138
5616,c,165.7037720607138,165.7037720607138
5617,c,165.7037720607138,165.7037720607138
5618,t,165.7037720607138,165.7037720607138
5619,t,165.7037720607138,165.7037720607138
5620,t,165.7037720607138,165.7037720607138
5621,c,165.7037720607138,165.7037720607138
5622,c,165.7037720607138,165.7037720607138
5623,t,165.7037720607138,165.7037720607138
5624,t,165.7037720607138,165.7037720607138
5625,t,165.7037720607138,165.7037720607138
5626,c,165.7037720607138,165.7037720607138
5627,c,165.7037720607138,165.7037720607138
5628,c,39.70842798713041,42.0854527741428
5629,t,165.7037720607138,165.7037720607138
5630,c,165.7037720607138,165.7037720607138
5631,c,165.7037720607138,165.7037720607138
5632,c,9.853471356481629,10.591487327077955
5633,t,165.7037720607138,165.7037720607138
5634,c,5.216378852182405,16.332616240772172
5635,t,165.7037720607138,165.7037720607138
5636,c,165.7037720607138,165.7037720607138
5637,t,165.7037720607138,165.7037720607138
5638,t,165.7037720607138,165.7037720607138
5639,t,165.7037720607138,165.7037720607138
5640,c,5.529176303491867,8.908916094496455
5641,t,165.7037720607138,165.7037720607138
5642,c,165.7037720607138,165.7037720607138
5643,t,165.7037720607138,165.7037720607138
5644,c,165.7037720607138,165.7037720607138
5645,t,165.7037720607138,165.7037720607138
5646,c,165.7037720607138,165.7037720607138
5647,t,165.7037720607138,165.7037720607138
5648,c,165.7037720607138,165.7037720607138
5649,t,165.7037720607138,165.7037720607138
5650,c,165.7037720607138,165.7037720607138
5651,c,34.79882465568498,35.30416147511687
5652,t,165.7037720607138,165.7037720607138
5653,c,15.029292557871276,19.678980072486524
5654,c,22.504839975628578,32.4416523762935
5655,c,38.506164860225475,56.79252717382717
5656,c,165.7037720607138,165.7037720607138
5657,c,165.7037720607138,165.7037720607138
5658,c,165.7037720607138,165.7037720607138
5659,c,16.12050948544915,18.820221225237383
5660,c,165.7037720607138,165.7037720607138
5661,na,-1,0
5662,t,165.7037720607138,165.7037720607138
5663,t,165.7037720607138,165.7037720607138
5664,c,165.7037720607138,165.7037720607138
5665,c,47.41985102127475,49.95733345657941
5666,c,29.24097800150248,35.16843433834399
5667,t,165.7037720607138,165.7037720607138
5668,c,11.540047689887064,165.7037720607138
5669,c,165.7037720607138,165.7037720607138
5670,c,165.7037720607138,165.7037720607138
5671,t,165.7037720607138,165.7037720607138
5672,c,38.05629235966541,46.127265730823034
5673,c,20.1984660355589,27.71449958520353
5674,t,165.7037720607138,165.7037720607138
5675,c,165.7037720607138,165.7037720607138
5676,t,165.7037720607138,165.7037720607138
5677,c,42.77174235888977,46.45303027891146
5678,t,165.7037720607138,165.7037720607138
5679,c,17.790343597019103,20.18581375246857
5680,c,165.7037720607138,165.7037720607138
5681,c,165.7037720607138,165.7037720607138
5682,t,165.7037720607138,165.7037720607138
5683,t,165.7037720607138,165.7037720607138
5684,c,52.335982090007306,58.75689577753197
5685,t,165.7037720607138,165.7037720607138
5686,t,165.7037720607138,165.7037720607138
5687,c,165.7037720607138,165.7037720607138
5688,t,165.7037720607138,165.7037720607138
5689,c,165.7037720607138,165.7037720607138
5690,c,165.7037720607138,165.7037720607138
5691,c,165.7037720607138,165.7037720607138
5692,t,165.7037720607138,165.7037720607138
5693,c,165.7037720607138,165.7037720607138
5694,c,26.451112961482973,37.81347376890973
5695,t,165.7037720607138,165.7037720607138
5696,c,58.86914489078016,63.60225701930699
5697,t,165.7037720607138,165.7037720607138
5698,t,165.7037720607138,165.7037720607138
5699,c,139.76382868937898,140.10045267174272
5700,t,165.7037720607138,165.7037720607138
5701,c,15.593303181526776,15.817705730423535
5702,c,165.7037720607138,165.7037720607138
5703,t,165.7037720607138,165.7037720607138
5704,c,165.7037720607138,165.7037720607138
5705,t,165.7037720607138,165.7037720607138
5706,t,165.7037720607138,165.7037720607138
5707,c,165.7037720607138,165.7037720607138
5708,c,165.7037720607138,165.7037720607138
5709,t,165.7037720607138,165.7037720607138
5710,t,165.7037720607138,165.7037720607138
5711,t,165.7037720607138,165.7037720607138
5712,t,165.7037720607138,165.7037720607138
5713,t,165.7037720607138,165.7037720607138
5714,c,165.7037720607138,165.7037720607138
5715,t,165.7037720607138,165.7037720607138
5716,c,165.7037720607138,165.7037720607138
5717,t,165.7037720607138,165.7037720607138
5718,t,165.7037720607138,165.7037720607138
5719,t,165.7037720607138,165.7037720607138
5720,c,165.7037720607138,165.7037720607138
5721,t,165.7037720607138,165.7037720607138
5722,c,165.7037720607138,165.7037720607138
5723,t,165.7037720607138,165.7037720607138
5724,t,165.7037720607138,165.7037720607138
5725,c,165.7037720607138,165.7037720607138
5726,c,165.7037720607138,165.7037720607138
5727,c,165.7037720607138,165.7037720607138
5728,t,165.7037720607138,165.7037720607138
5729,t,165.7037720607138,165.7037720607138
5730,t,165.7037720607138,165.7037720607138
5731,t,165.7037720607138,165.7037720607138
5732,t,165.7037720607138,165.7037720607138
5733,t,165.7037720607138,165.7037720607138
5734,t,165.7037720607138,165.7037720607138
5735,t,165.7037720607138,165.7037720607138
5736,c,165.7037720607138,165.7037720607138
5737,t,165.7037720607138,165.7037720607138
5738,c,70.76456272518524,74.78764508526127
5739,t,165.7037720607138,165.7037720607138
5740,t,165.7037720607138,165.7037720607138
5741,c,165.7037720607138,165.7037720607138
5742,t,165.7037720607138,165.7037720607138
5743,c,62.47894721721088,64.3445100929473
5744,c,29.09855956000138,32.13367880043374
5745,t,165.7037720607138,165.7037720607138
5746,c,165.7037720607138,165.7037720607138
5747,t,165.7037720607138,165.7037720607138
5748,t,165.7037720607138,165.7037720607138
5749,c,94.46239018240784,97.61789239495295
5750,t,165.7037720607138,165.7037720607138
5751,t,165.7037720607138,165.7037720607138
5752,c,165.7037720607138,165.7037720607138
5753,t,165.7037720607138,165.7037720607138
5754,t,165.7037720607138,165.7037720607138
5755,c,165.7037720607138,165.7037720607138
5756,t,165.7037720607138,165.7037720607138
5757,c,25.073586739133695,32.08501206904814
5758,c,165.7037720607138,165.7037720607138
5759,t,165.7037720607138,165.7037720607138
5760,t,165.7037720607138,165.7037720607138
5761,c,165.7037720607138,165.7037720607138
5762,t,165.7037720607138,165.7037720607138
5763,c,165.7037720607138,165.7037720607138
5764,t,165.7037720607138,165.7037720607138
5765,t,165.7037720607138,165.7037720607138
5766,c,165.7037720607138,165.7037720607138
5767,t,165.7037720607138,165.7037720607138
5768,t,165.7037720607138,165.7037720607138
5769,t,165.7037720607138,165.7037720607138
5770,c,30.492226153362306,33.60396732753139
5771,t,165.7037720607138,165.7037720607138
5772,c,54.226433346614826,60.87798380950857
5773,c,165.7037720607138,165.7037720607138
5774,c,9.631741883944098,20.56887972811795
5775,c,165.7037720607138,165.7037720607138
5776,c,23.259856512729698,25.036921135156643
5777,c,165.7037720607138,165.7037720607138
5778,t,165.7037720607138,165.7037720607138
5779,t,165.7037720607138,165.7037720607138
5780,c,10.957115312017006,14.83367691566854
5781,t,165.7037720607138,165.7037720607138
5782,t,165.7037720607138,165.7037720607138
5783,c,165.7037720607138,165.7037720607138
5784,c,165.7037720607138,165.7037720607138
5785,c,165.7037720607138,165.7037720607138
5786,t,165.7037720607138,165.7037720607138
5787,t,165.7037720607138,165.7037720607138
5788,c,165.7037720607138,165.7037720607138
5789,c,165.7037720607138,165.7037720607138
5790,c,165.7037720607138,165.7037720607138
5791,c,165.7037720607138,165.7037720607138
5792,c,165.7037720607138,165.7037720607138
5793,c,165.7037720607138,165.7037720607138
5794,c,37.03405875091247,37.63892605886526
5795,c,165.7037720607138,165.7037720607138
5796,c,165.7037720607138,165.7037720607138
5797,t,165.7037720607138,165.7037720607138
5798,c,165.7037720607138,165.7037720607138
5799,t,165.7037720607138,165.7037720607138
5800,c,165.7037720607138,165.7037720607138
5801,t,165.7037720607138,165.7037720607138
5802,c,17.227794635560056,30.41711245345999
5803,t,165.7037720607138,165.7037720607138
5804,c,165.7037720607138,165.7037720607138
5805,t,165.7037720607138,165.7037720607138
5806,c,165.7037720607138,165.7037720607138
5807,t,165.7037720607138,165.7037720607138
5808,t,165.7037720607138,165.7037720607138
5809,t,165.7037720607138,165.7037720607138
5810,t,165.7037720607138,165.7037720607138
5811,t,165.7037720607138,165.7037720607138
5812,t,165.7037720607138,165.7037720607138
5813,t,165.7037720607138,165.7037720607138
5814,c,165.7037720607138,165.7037720607138
5815,c,58.46046045694134,61.745187534776456
5816,t,165.7037720607138,165.7037720607138
5817,t,165.7037720607138,165.7037720607138
5818,c,4.148211822338965,8.240871225608606
5819,t,165.7037720607138,165.7037720607138
5820,t,165.7037720607138,165.7037720607138
5821,c,165.7037720607138,165.7037720607138
5822,c,41.685698953811574,47.56186550002186
5823,t,165.7037720607138,165.7037720607138
5824,c,165.7037720607138,165.7037720607138
5825,t,165.7037720607138,165.7037720607138
5826,c,165.7037720607138,165.7037720607138
5827,c,165.7037720607138,165.7037720607138
5828,t,165.7037720607138,165.7037720607138
5829,t,165.7037720607138,165.7037720607138
5830,t,165.7037720607138,165.7037720607138
5831,t,165.7037720607138,165.7037720607138
5832,t,165.7037720607138,165.7037720607138
5833,c,165.7037720607138,165.7037720607138
5834,c,165.7037720607138,165.7037720607138
5835,t,165.7037720607138,165.7037720607138
5836,c,165.7037720607138,165.7037720607138
5837,t,165.7037720607138,165.7037720607138
5838,c,165.7037720607138,165.7037720607138
5839,c,165.7037720607138,165.7037720607138
5840,c,165.7037720607138,165.7037720607138
5841,t,165.7037720607138,165.7037720607138
5842,t,165.7037720607138,165.7037720607138
5843,c,26.32322030878118,27.41296271451084
5844,c,165.7037720607138,165.7037720607138
5845,c,165.7037720607138,165.7037720607138
5846,c,165.7037720607138,165.7037720607138
5847,c,165.7037720607138,165.7037720607138
5848,c,165.7037720607138,165.7037720607138
5849,t,165.7037720607138,165.7037720607138
5850,t,165.7037720607138,165.7037720607138
5851,t,165.7037720607138,165.7037720607138
5852,t,165.7037720607138,165.7037720607138
5853,t,165.7037720607138,165.7037720607138
5854,t,165.7037720607138,165.7037720607138
5855,c,165.7037720607138,165.7037720607138
5856,c,165.7037720607138,165.7037720607138
5857,c,165.7037720607138,165.7037720607138
5858,c,165.7037720607138,165.7037720607138
5859,t,165.7037720607138,165.7037720607138
5860,c,165.7037720607138,165.7037720607138
5861,c,49.19897588340322,55.096825457514676
5862,c,165.7037720607138,165.7037720607138
5863,t,165.7037720607138,165.7037720607138
5864,t,165.7037720607138,165.7037720607138
5865,c,165.7037720607138,165.7037720607138
5866,t,165.7037720607138,165.7037720607138
5867,c,165.7037720607138,165.7037720607138
5868,c,165.7037720607138,165.7037720607138
5869,c,165.7037720607138,165.7037720607138
5870,t,165.7037720607138,165.7037720607138
5871,t,165.7037720607138,165.7037720607138
5872,c,36.47829870218669,43.062862172512304
5873,t,165.7037720607138,165.7037720607138
5874,c,165.7037720607138,165.7037720607138
5875,c,165.7037720607138,165.7037720607138
5876,t,165.7037720607138,165.7037720607138
5877,t,165.7037720607138,165.7037720607138
5878,c,165.7037720607138,165.7037720607138
5879,t,165.7037720607138,165.7037720607138
5880,c,165.7037720607138,165.7037720607138
5881,t,165.7037720607138,165.7037720607138
5882,na,0,2.654986941510153
5883,c,165.7037720607138,165.7037720607138
5884,t,165.7037720607138,165.7037720607138
5885,c,165.7037720607138,165.7037720607138
5886,c,55.36622359995461,61.945639915142955
5887,t,165.7037720607138,165.7037720607138
5888,t,165.7037720607138,165.7037720607138
5889,c,165.7037720607138,165.7037720607138
5890,t,165.7037720607138,165.7037720607138
5891,t,165.7037720607138,165.7037720607138
5892,c,63.13061373167828,69.30005980195509
5893,t,165.7037720607138,165.7037720607138
5894,c,165.7037720607138,165.7037720607138
5895,c,165.7037720607138,165.7037720607138
5896,c,165.7037720607138,165.7037720607138
5897,t,165.7037720607138,165.7037720607138
5898,c,35.10111138075757,46.54532355885631
5899,c,65.01290941989592,69.8451769113279
5900,t,165.7037720607138,165.7037720607138
5901,t,165.7037720607138,165.7037720607138
5902,t,165.7037720607138,165.7037720607138
5903,t,165.7037720607138,165.7037720607138
5904,c,165.7037720607138,165.7037720607138
5905,c,77.29059375147617,81.58635943105783
5906,c,165.7037720607138,165.7037720607138
5907,t,165.7037720607138,165.7037720607138
5908,t,165.7037720607138,165.7037720607138
5909,c,165.7037720607138,165.7037720607138
5910,c,165.7037720607138,165.7037720607138
5911,t,165.7037720607138,165.7037720607138
5912,t,165.7037720607138,165.7037720607138
5913,c,165.7037720607138,165.7037720607138
5914,c,45.93077541257021,46.08644859044895
5915,t,165.7037720607138,165.7037720607138
5916,c,20.085833281693585,21.17349203708947
5917,t,165.7037720607138,165.7037720607138
5918,t,165.7037720607138,165.7037720607138
5919,na,1.8522124658568817,2.6244231536472786
5920,c,165.7037720607138,165.7037720607138
5921,c,165.7037720607138,165.7037720607138
5922,t,165.7037720607138,165.7037720607138
5923,t,165.7037720607138,165.7037720607138
5924,t,165.7037720607138,165.7037720607138
5925,c,165.7037720607138,165.7037720607138
5926,t,165.7037720607138,165.7037720607138
5927,c,165.7037720607138,165.7037720607138
5928,c,20.355565247417335,26.50393928379127
5929,c,165.7037720607138,165.7037720607138
5930,t,165.7037720607138,165.7037720607138
5931,c,165.7037720607138,165.7037720607138
5932,t,165.7037720607138,165.7037720607138
5933,t,165.7037720607138,165.7037720607138
5934,c,165.7037720607138,165.7037720607138
5935,t,165.7037720607138,165.7037720607138
5936,na,2.934420375038742,13.620505175168823
5937,c,32.39227431222149,36.122617496727564
5938,c,165.7037720607138,165.7037720607138
5939,t,165.7037720607138,165.7037720607138
5940,c,165.7037720607138,165.7037720607138
5941,t,165.7037720607138,165.7037720607138
5942,c,165.7037720607138,165.7037720607138
5943,c,165.7037720607138,165.7037720607138
5944,t,165.7037720607138,165.7037720607138
5945,t,165.7037720607138,165.7037720607138
5946,c,165.7037720607138,165.7037720607138
5947,t,165.7037720607138,165.7037720607138
5948,t,165.7037720607138,165.7037720607138
5949,t,165.7037720607138,165.7037720607138
5950,c,165.7037720607138,165.7037720607138
5951,c,165.7037720607138,165.7037720607138
5952,c,48.42411182117331,50.63440830471295
5953,t,165.7037720607138,165.7037720607138
5954,t,165.7037720607138,165.7037720607138
5955,t,165.7037720607138,165.7037720607138
5956,na,6.135362150956228,6.282446794961908
5957,c,165.7037720607138,165.7037720607138
5958,c,165.7037720607138,165.7037720607138
5959,t,165.7037720607138,165.7037720607138
5960,c,165.7037720607138,165.7037720607138
5961,c,14.828661118380193,22.98920667777305
5962,c,165.7037720607138,165.7037720607138
5963,c,165.7037720607138,165.7037720607138
5964,c,165.7037720607138,165.7037720607138
5965,c,64.93364991986788,66.16852044253753
5966,t,165.7037720607138,165.7037720607138
5967,c,45.682548744109695,48.24727805603319
5968,c,165.7037720607138,165.7037720607138
5969,c,165.7037720607138,165.7037720607138
5970,t,165.7037720607138,165.7037720607138
5971,t,165.7037720607138,165.7037720607138
5972,t,165.7037720607138,165.7037720607138
5973,t,165.7037720607138,165.7037720607138
5974,c,33.52674848126626,34.47482924354053
5975,t,165.7037720607138,165.7037720607138
5976,t,165.7037720607138,165.7037720607138
5977,t,165.7037720607138,165.7037720607138
5978,t,165.7037720607138,165.7037720607138
5979,t,165.7037720607138,165.7037720607138
5980,c,3.262293743138773,9.834571923563304
5981,c,165.7037720607138,165.7037720607138
5982,t,165.7037720607138,165.7037720607138
5983,c,55.88482039286813,67.8593766775779
5984,t,165.7037720607138,165.7037720607138
5985,c,165.7037720607138,165.7037720607138
5986,c,165.7037720607138,165.7037720607138
5987,t,165.7037720607138,165.7037720607138
5988,t,165.7037720607138,165.7037720607138
5989,c,165.7037720607138,165.7037720607138
5990,t,165.7037720607138,165.7037720607138
5991,c,165.7037720607138,165.7037720607138
5992,c,165.7037720607138,165.7037720607138
5993,c,165.7037720607138,165.7037720607138
5994,t,165.7037720607138,165.7037720607138
5995,c,165.7037720607138,165.7037720607138
5996,c,9.05533174063592,9.172276552907798
5997,t,165.7037720607138,165.7037720607138
5998,c,25.187341976519416,27.087303056337852
5999,c,165.7037720607138,165.7037720607138
6000,c,165.7037720607138,165.7037720607138
6001,c,165.7037720607138,165.7037720607138
6002,c,16.373700233805767,17.070667377351274
6003,t,165.7037720607138,165.7037720607138
6004,c,165.7037720607138,165.7037720607138
6005,t,165.7037720607138,165.7037720607138
6006,c,165.7037720607138,165.7037720607138
6007,c,56.79542590866828,60.490424535384186
6008,t,165.7037720607138,165.7037720607138
6009,c,165.7037720607138,165.7037720607138
6010,t,165.7037720607138,165.7037720607138
6011,c,165.7037720607138,165.7037720607138
6012,c,165.7037720607138,165.7037720607138
6013,c,44.67421532589087,49.768021514345826
6014,c,165.7037720607138,165.7037720607138
6015,t,165.7037720607138,165.7037720607138
6016,t,165.7037720607138,165.7037720607138
6017,t,165.7037720607138,165.7037720607138
6018,c,32.79646967777326,47.61507891736846
6019,t,165.7037720607138,165.7037720607138
6020,t,165.7037720607138,165.7037720607138
6021,t,165.7037720607138,165.7037720607138
6022,c,8.74523238369653,9.075001927099846
6023,c,165.7037720607138,165.7037720607138
6024,t,165.7037720607138,165.7037720607138
6025,t,165.7037720607138,165.7037720607138
6026,t,165.7037720607138,165.7037720607138
6027,t,165.7037720607138,165.7037720607138
6028,c,165.7037720607138,165.7037720607138
6029,t,165.7037720607138,165.7037720607138
6030,c,41.0184297701673,41.11951755266205
6031,t,165.7037720607138,165.7037720607138
6032,t,165.7037720607138,165.7037720607138
6033,c,165.7037720607138,165.7037720607138
6034,c,165.7037720607138,165.7037720607138
6035,c,165.7037720607138,165.7037720607138
6036,t,165.7037720607138,165.7037720607138
6037,c,165.7037720607138,165.7037720607138
6038,c,57.01930832417711,71.06492957959308
6039,t,165.7037720607138,165.7037720607138
6040,c,165.7037720607138,165.7037720607138
6041,t,165.7037720607138,165.7037720607138
6042,t,165.7037720607138,165.7037720607138
6043,c,165.7037720607138,165.7037720607138
6044,c,8.649930115237861,11.250593987551586
6045,t,165.7037720607138,165.7037720607138
6046,c,165.7037720607138,165.7037720607138
6047,c,165.7037720607138,165.7037720607138
6048,c,165.7037720607138,165.7037720607138
6049,c,165.7037720607138,165.7037720607138
6050,c,165.7037720607138,165.7037720607138
6051,c,165.7037720607138,165.7037720607138
6052,c,165.7037720607138,165.7037720607138
6053,c,165.7037720607138,165.7037720607138
6054,c,165.7037720607138,165.7037720607138
6055,c,165.7037720607138,165.7037720607138
6056,c,10.443728315537955,12.203808591585023
6057,c,165.7037720607138,165.7037720607138
6058,c,165.7037720607138,165.7037720607138
6059,t,165.7037720607138,165.7037720607138
6060,c,165.7037720607138,165.7037720607138
6061,c,165.7037720607138,165.7037720607138
6062,t,165.7037720607138,165.7037720607138
6063,c,165.7037720607138,165.7037720607138
6064,c,165.7037720607138,165.7037720607138
6065,t,165.7037720607138,165.7037720607138
6066,t,165.7037720607138,165.7037720607138
6067,c,38.566026416607166,40.62090782214079
6068,c,63.4665974005171,66.25588984975887
6069,c,165.7037720607138,165.7037720607138
6070,c,165.7037720607138,165.7037720607138
6071,t,165.7037720607138,165.7037720607138
6072,c,165.7037720607138,165.7037720607138
6073,c,165.7037720607138,165.7037720607138
6074,t,165.7037720607138,165.7037720607138
6075,t,165.7037720607138,165.7037720607138
6076,c,165.7037720607138,165.7037720607138
6077,c,165.7037720607138,165.7037720607138
6078,t,165.7037720607138,165.7037720607138
6079,c,165.7037720607138,165.7037720607138
6080,t,165.7037720607138,165.7037720607138
6081,t,165.7037720607138,165.7037720607138
6082,t,165.7037720607138,165.7037720607138
6083,t,165.7037720607138,165.7037720607138
6084,c,165.7037720607138,165.7037720607138
6085,t,165.7037720607138,165.7037720607138
6086,t,165.7037720607138,165.7037720607138
6087,c,165.7037720607138,165.7037720607138
6088,t,165.7037720607138,165.7037720607138
6089,t,165.7037720607138,165.7037720607138
6090,t,165.7037720607138,165.7037720607138
6091,t,165.7037720607138,165.7037720607138
6092,c,165.7037720607138,165.7037720607138
6093,t,165.7037720607138,165.7037720607138
6094,c,36.47429948614923,37.884121757486476
6095,t,165.7037720607138,165.7037720607138
6096,c,165.7037720607138,165.7037720607138
6097,c,23.767318482096503,39.966089849371336
6098,t,165.7037720607138,165.7037720607138
6099,t,165.7037720607138,165.7037720607138
6100,c,165.7037720607138,165.7037720607138
6101,c,165.7037720607138,165.7037720607138
6102,t,165.7037720607138,165.7037720607138
6103,t,165.7037720607138,165.7037720607138
6104,t,165.7037720607138,165.7037720607138
6105,t,165.7037720607138,165.7037720607138
6106,t,165.7037720607138,165.7037720607138
6107,t,165.7037720607138,165.7037720607138
6108,t,165.7037720607138,165.7037720607138
6109,c,35.69320140672633,37.33857022940759
6110,t,165.7037720607138,165.7037720607138
6111,c,78.67132150618595,79.5479276833776
6112,t,165.7037720607138,165.7037720607138
6113,t,165.7037720607138,165.7037720607138
6114,c,165.7037720607138,165.7037720607138
6115,t,165.7037720607138,165.7037720607138
6116,c,165.7037720607138,165.7037720607138
6117,c,165.7037720607138,165.7037720607138
6118,t,165.7037720607138,165.7037720607138
6119,c,17.51876216368986,27.327188997021146
6120,t,165.7037720607138,165.7037720607138
6121,c,165.7037720607138,165.7037720607138
6122,c,165.7037720607138,165.7037720607138
6123,t,165.7037720607138,165.7037720607138
6124,t,165.7037720607138,165.7037720607138
6125,c,165.7037720607138,165.7037720607138
6126,t,165.7037720607138,165.7037720607138
6127,t,165.7037720607138,165.7037720607138
6128,c,165.7037720607138,165.7037720607138
6129,c,165.7037720607138,165.7037720607138
6130,t,165.7037720607138,165.7037720607138
6131,t,165.7037720607138,165.7037720607138
6132,c,165.7037720607138,165.7037720607138
6133,c,27.18659823738803,29.35091452993038
6134,c,165.7037720607138,165.7037720607138
6135,c,32.39547126343787,34.71605482404458
6136,c,165.7037720607138,165.7037720607138
6137,t,165.7037720607138,165.7037720607138
6138,t,165.7037720607138,165.7037720607138
6139,t,165.7037720607138,165.7037720607138
6140,c,165.7037720607138,165.7037720607138
6141,t,165.7037720607138,165.7037720607138
6142,c,9.459795107109967,10.09406623078927
6143,t,165.7037720607138,165.7037720607138
6144,c,165.7037720607138,165.7037720607138
6145,t,165.7037720607138,165.7037720607138
6146,c,165.7037720607138,165.7037720607138
6147,c,165.7037720607138,165.7037720607138
6148,c,13.496084584045041,14.684946743526375
6149,t,165.7037720607138,165.7037720607138
6150,c,165.7037720607138,165.7037720607138
6151,c,165.7037720607138,165.7037720607138
6152,t,165.7037720607138,165.7037720607138
6153,t,165.7037720607138,165.7037720607138
6154,c,114.06121523902982,115.20076242213544
6155,t,165.7037720607138,165.7037720607138
6156,t,165.7037720607138,165.7037720607138
6157,t,165.7037720607138,165.7037720607138
6158,t,165.7037720607138,165.7037720607138
6159,t,165.7037720607138,165.7037720607138
6160,na,0,2.370700393259456
6161,c,40.836111106153936,49.05708807004643
6162,t,165.7037720607138,165.7037720607138
6163,t,165.7037720607138,165.7037720607138
6164,t,165.7037720607138,165.7037720607138
6165,c,165.7037720607138,165.7037720607138
6166,t,165.7037720607138,165.7037720607138
6167,c,15.132054010699111,19.61834670140755
6168,t,165.7037720607138,165.7037720607138
6169,t,165.7037720607138,165.7037720607138
6170,t,165.7037720607138,165.7037720607138
6171,c,165.7037720607138,165.7037720607138
6172,t,165.7037720607138,165.7037720607138
6173,t,165.7037720607138,165.7037720607138
6174,c,165.7037720607138,165.7037720607138
6175,c,165.7037720607138,165.7037720607138
6176,c,165.7037720607138,165.7037720607138
6177,c,165.7037720607138,165.7037720607138
6178,t,165.7037720607138,165.7037720607138
6179,t,165.7037720607138,165.7037720607138
6180,t,165.7037720607138,165.7037720607138
6181,t,165.7037720607138,165.7037720607138
6182,t,165.7037720607138,165.7037720607138
6183,t,165.7037720607138,165.7037720607138
6184,t,165.7037720607138,165.7037720607138
6185,t,165.7037720607138,165.7037720607138
6186,na,1.8583517914700904,7.020931808248219
6187,c,39.438312305058396,165.7037720607138
6188,c,165.7037720607138,165.7037720607138
6189,t,165.7037720607138,165.7037720607138
6190,c,165.7037720607138,165.7037720607138
6191,t,165.7037720607138,165.7037720607138
6192,t,165.7037720607138,165.7037720607138
6193,t,165.7037720607138,165.7037720607138
6194,t,165.7037720607138,165.7037720607138
6195,c,137.58029220738564,138.07108991935343
6196,t,165.7037720607138,165.7037720607138
6197,c,165.7037720607138,165.7037720607138
6198,t,165.7037720607138,165.7037720607138
6199,t,165.7037720607138,165.7037720607138
6200,t,165.7037720607138,165.7037720607138
6201,c,165.7037720607138,165.7037720607138
6202,t,165.7037720607138,165.7037720607138
6203,c,34.35596945343593,41.061317007435704
6204,c,165.7037720607138,165.7037720607138
6205,t,165.7037720607138,165.7037720607138
6206,c,165.7037720607138,165.7037720607138
6207,c,20.075153053470352,27.18962785166693
6208,t,165.7037720607138,165.7037720607138
6209,c,165.7037720607138,165.7037720607138
6210,t,165.7037720607138,165.7037720607138
6211,t,165.7037720607138,165.7037720607138
6212,t,165.7037720607138,165.7037720607138
6213,t,165.7037720607138,165.7037720607138
6214,t,165.7037720607138,165.7037720607138
6215,t,165.7037720607138,165.7037720607138
6216,c,165.7037720607138,165.7037720607138
6217,na,-1,0
6218,c,165.7037720607138,165.7037720607138
6219,t,165.7037720607138,165.7037720607138
6220,c,165.7037720607138,165.7037720607138
6221,t,165.7037720607138,165.7037720607138
6222,t,165.7037720607138,165.7037720607138
6223,t,165.7037720607138,165.7037720607138
6224,c,51.95433557777884,52.42118017276651
6225,t,165.7037720607138,165.7037720607138
6226,t,165.7037720607138,165.7037720607138
6227,t,165.7037720607138,165.7037720607138
6228,c,7.744605192851026,7.818912558974952
6229,c,165.7037720607138,165.7037720607138
6230,na,-1,0
6231,t,165.7037720607138,165.7037720607138
6232,c,165.7037720607138,165.7037720607138
6233,c,165.7037720607138,165.7037720607138
6234,na,0.6691593566444973,19.342744106596264
6235,c,165.7037720607138,165.7037720607138
6236,c,36.760876263724235,41.08938429419355
6237,c,87.79111266749696,165.7037720607138
6238,t,165.7037720607138,165.7037720607138
6239,t,165.7037720607138,165.7037720607138
6240,c,30.7012453370223,43.76509814992924
6241,t,165.7037720607138,165.7037720607138
6242,c,165.7037720607138,165.7037720607138
6243,c,165.7037720607138,165.7037720607138
6244,t,165.7037720607138,165.7037720607138
6245,t,165.7037720607138,165.7037720607138
6246,c,10.67006974295605,16.464468454687193
6247,t,165.7037720607138,165.7037720607138
6248,t,165.7037720607138,165.7037720607138
6249,t,165.7037720607138,165.7037720607138
6250,t,165.7037720607138,165.7037720607138
6251,t,165.7037720607138,165.7037720607138
6252,t,165.7037720607138,165.7037720607138
6253,t,165.7037720607138,165.7037720607138
6254,t,165.7037720607138,165.7037720607138
6255,c,165.7037720607138,165.7037720607138
6256,c,165.7037720607138,165.7037720607138
6257,c,165.7037720607138,165.7037720607138
6258,c,165.7037720607138,165.7037720607138
6259,t,165.7037720607138,165.7037720607138
6260,c,165.7037720607138,165.7037720607138
6261,t,165.7037720607138,165.7037720607138
6262,c,4.163372000453781,7.574660861993909
6263,c,17.90594176465296,18.13550632306991
6264,c,165.7037720607138,165.7037720607138
6265,c,165.7037720607138,165.7037720607138
6266,t,165.7037720607138,165.7037720607138
6267,c,165.7037720607138,165.7037720607138
6268,c,165.7037720607138,165.7037720607138
6269,c,165.7037720607138,165.7037720607138
6270,c,165.7037720607138,165.7037720607138
6271,c,165.7037720607138,165.7037720607138
6272,t,165.7037720607138,165.7037720607138
6273,c,165.7037720607138,165.7037720607138
6274,c,18.732042354100543,25.292838265638892
6275,t,165.7037720607138,165.7037720607138
6276,c,11.14587344793061,12.687082146668036
6277,c,22.209469086045022,22.566230730786213
6278,c,165.7037720607138,165.7037720607138
6279,t,165.7037720607138,165.7037720607138
6280,c,165.7037720607138,165.7037720607138
6281,t,165.7037720607138,165.7037720607138
6282,c,29.576044445867574,30.668399986884108
6283,c,40.60330603943218,46.41325223739288
6284,c,165.7037720607138,165.7037720607138
6285,c,32.9574368498856,33.774727612882
6286,c,13.27404440336171,19.405813516632247
6287,c,165.7037720607138,165.7037720607138
6288,c,25.072262885034014,28.899429924451905
6289,t,165.7037720607138,165.7037720607138
6290,t,165.7037720607138,165.7037720607138
6291,t,165.7037720607138,165.7037720607138
6292,t,165.7037720607138,165.7037720607138
6293,t,165.7037720607138,165.7037720607138
6294,t,165.7037720607138,165.7037720607138
6295,t,165.7037720607138,165.7037720607138
6296,c,165.7037720607138,165.7037720607138
6297,c,53.996177899119616,55.1806633484576
6298,c,165.7037720607138,165.7037720607138
6299,t,165.7037720607138,165.7037720607138
6300,t,165.7037720607138,165.7037720607138
6301,t,165.7037720607138,165.7037720607138
6302,t,165.7037720607138,165.7037720607138
6303,c,165.7037720607138,165.7037720607138
6304,c,165.7037720607138,165.7037720607138
6305,t,165.7037720607138,165.7037720607138
6306,c,165.7037720607138,165.7037720607138
6307,t,165.7037720607138,165.7037720607138
6308,c,12.920292810445073,13.78882326232759
6309,t,165.7037720607138,165.7037720607138
6310,c,165.7037720607138,165.7037720607138
6311,c,23.186267399105024,33.5728276388817
6312,c,41.0774746437671,50.744222491033256
6313,t,165.7037720607138,165.7037720607138
6314,c,165.7037720607138,165.7037720607138
6315,c,49.97457699325953,50.87426463768138
6316,t,165.7037720607138,165.7037720607138
6317,t,165.7037720607138,165.7037720607138
6318,c,165.7037720607138,165.7037720607138
6319,c,165.7037720607138,165.7037720607138
6320,t,165.7037720607138,165.7037720607138
6321,t,165.7037720607138,165.7037720607138
6322,t,165.7037720607138,165.7037720607138
6323,t,165.7037720607138,165.7037720607138
6324,c,165.7037720607138,165.7037720607138
6325,t,165.7037720607138,165.7037720607138
6326,c,165.7037720607138,165.7037720607138
6327,c,12.171411838548352,13.935245085898185
6328,c,165.7037720607138,165.7037720607138
6329,t,165.7037720607138,165.7037720607138
6330,c,165.7037720607138,165.7037720607138
6331,t,165.7037720607138,165.7037720607138
6332,t,165.7037720607138,165.7037720607138
6333,t,165.7037720607138,165.7037720607138
6334,c,165.7037720607138,165.7037720607138
6335,c,30.447702587701325,33.61256529057322
6336,t,165.7037720607138,165.7037720607138
6337,c,165.7037720607138,165.7037720607138
6338,t,165.7037720607138,165.7037720607138
6339,c,165.7037720607138,165.7037720607138
6340,c,165.7037720607138,165.7037720607138
6341,t,165.7037720607138,165.7037720607138
6342,c,50.978014008851915,53.996294416103666
6343,t,165.7037720607138,165.7037720607138
6344,c,165.7037720607138,165.7037720607138
6345,c,165.7037720607138,165.7037720607138
6346,c,165.7037720607138,165.7037720607138
6347,c,23.21035273021694,24.893952032981566
6348,c,165.7037720607138,165.7037720607138
6349,t,165.7037720607138,165.7037720607138
6350,t,165.7037720607138,165.7037720607138
6351,c,165.7037720607138,165.7037720607138
6352,c,165.7037720607138,165.7037720607138
6353,c,165.7037720607138,165.7037720607138
6354,c,165.7037720607138,165.7037720607138
6355,t,165.7037720607138,165.7037720607138
6356,t,165.7037720607138,165.7037720607138
6357,t,165.7037720607138,165.7037720607138
6358,c,165.7037720607138,165.7037720607138
6359,c,165.7037720607138,165.7037720607138
6360,t,165.7037720607138,165.7037720607138
6361,c,165.7037720607138,165.7037720607138
6362,c,40.363395867278584,41.959166353296204
6363,t,165.7037720607138,165.7037720607138
6364,c,165.7037720607138,165.7037720607138
6365,c,45.81688185388627,51.89836822793651
6366,t,165.7037720607138,165.7037720607138
6367,c,165.7037720607138,165.7037720607138
6368,t,165.7037720607138,165.7037720607138
6369,t,165.7037720607138,165.7037720607138
6370,c,165.7037720607138,165.7037720607138
6371,c,165.7037720607138,165.7037720607138
6372,c,165.7037720607138,165.7037720607138
6373,c,165.7037720607138,165.7037720607138
6374,t,165.7037720607138,165.7037720607138
6375,c,165.7037720607138,165.7037720607138
6376,t,165.7037720607138,165.7037720607138
6377,t,165.7037720607138,165.7037720607138
6378,t,165.7037720607138,165.7037720607138
6379,t,165.7037720607138,165.7037720607138
6380,t,165.7037720607138,165.7037720607138
6381,t,165.7037720607138,165.7037720607138
6382,t,165.7037720607138,165.7037720607138
6383,c,165.7037720607138,165.7037720607138
6384,c,165.7037720607138,165.7037720607138
6385,c,165.7037720607138,165.7037720607138
6386,t,165.7037720607138,165.7037720607138
6387,na,0,0.06759732284140338
6388,t,165.7037720607138,165.7037720607138
6389,t,165.7037720607138,165.7037720607138
6390,c,165.7037720607138,165.7037720607138
6391,c,165.7037720607138,165.7037720607138
6392,t,165.7037720607138,165.7037720607138
6393,c,52.98816949738525,55.36809260356138
6394,t,165.7037720607138,165.7037720607138
6395,c,165.7037720607138,165.7037720607138
6396,t,165.7037720607138,165.7037720607138
6397,t,165.7037720607138,165.7037720607138
6398,c,57.52745838216926,165.7037720607138
6399,t,165.7037720607138,165.7037720607138
6400,t,165.7037720607138,165.7037720607138
6401,c,165.7037720607138,165.7037720607138
6402,t,165.7037720607138,165.7037720607138
6403,t,165.7037720607138,165.7037720607138
6404,t,165.7037720607138,165.7037720607138
6405,c,165.7037720607138,165.7037720607138
6406,t,165.7037720607138,165.7037720607138
6407,c,165.7037720607138,165.7037720607138
6408,t,165.7037720607138,165.7037720607138
6409,t,165.7037720607138,165.7037720607138
6410,c,165.7037720607138,165.7037720607138
6411,c,4.804184649222491,6.78235998866681
6412,t,165.7037720607138,165.7037720607138
6413,t,165.7037720607138,165.7037720607138
6414,t,165.7037720607138,165.7037720607138
6415,t,165.7037720607138,165.7037720607138
6416,c,165.7037720607138,165.7037720607138
6417,c,165.7037720607138,165.7037720607138
6418,c,165.7037720607138,165.7037720607138
6419,t,165.7037720607138,165.7037720607138
6420,t,165.7037720607138,165.7037720607138
6421,c,7.091050858193177,7.241053142988254
6422,t,165.7037720607138,165.7037720607138
6423,c,16.016403353057996,16.299717926956966
6424,t,165.7037720607138,165.7037720607138
6425,t,165.7037720607138,165.7037720607138
6426,c,0.6407553355796828,3.565442220981166
6427,t,165.7037720607138,165.7037720607138
6428,c,41.674100975001146,42.478585439686746
6429,c,26.183953372057392,29.699646496115605
6430,c,165.7037720607138,165.7037720607138
6431,t,165.7037720607138,165.7037720607138
6432,t,165.7037720607138,165.7037720607138
6433,c,165.7037720607138,165.7037720607138
6434,t,165.7037720607138,165.7037720607138
6435,c,165.7037720607138,165.7037720607138
6436,t,165.7037720607138,165.7037720607138
6437,t,165.7037720607138,165.7037720607138
6438,t,165.7037720607138,165.7037720607138
6439,t,165.7037720607138,165.7037720607138
6440,c,165.7037720607138,165.7037720607138
6441,c,62.035643505889425,65.209808762553
6442,t,165.7037720607138,165.7037720607138
6443,t,165.7037720607138,165.7037720607138
6444,c,25.426025392754635,32.913193043909935
6445,t,165.7037720607138,165.7037720607138
6446,t,165.7037720607138,165.7037720607138
6447,c,4.81746371623661,6.103938538358378
6448,c,29.524090914223965,165.7037720607138
6449,c,7.959620659935125,12.565189831847135
6450,t,165.7037720607138,165.7037720607138
6451,t,165.7037720607138,165.7037720607138
6452,t,165.7037720607138,165.7037720607138
6453,c,165.7037720607138,165.7037720607138
6454,c,5.904203879344553,13.012888176192487
6455,c,165.7037720607138,165.7037720607138
6456,c,165.7037720607138,165.7037720607138
6457,c,165.7037720607138,165.7037720607138
6458,t,165.7037720607138,165.7037720607138
6459,c,46.375840890482635,55.478923207030704
6460,c,165.7037720607138,165.7037720607138
6461,t,165.7037720607138,165.7037720607138
6462,c,165.7037720607138,165.7037720607138
6463,t,165.7037720607138,165.7037720607138
6464,c,165.7037720607138,165.7037720607138
6465,c,9.744072824951514,12.340568351519627
6466,t,165.7037720607138,165.7037720607138
6467,c,165.7037720607138,165.7037720607138
6468,t,165.7037720607138,165.7037720607138
6469,t,165.7037720607138,165.7037720607138
6470,t,165.7037720607138,165.7037720607138
6471,t,165.7037720607138,165.7037720607138
6472,c,165.7037720607138,165.7037720607138
6473,t,165.7037720607138,165.7037720607138
6474,c,15.395455022959382,28.147170641529907
6475,t,165.7037720607138,165.7037720607138
6476,c,165.7037720607138,165.7037720607138
6477,t,165.7037720607138,165.7037720607138
6478,c,19.005252486353367,25.036142494775273
6479,c,165.7037720607138,165.7037720607138
6480,c,38.596935545114974,39.82997473397272
6481,c,10.047672148679219,10.445032934758041
6482,c,43.791243627251006,76.35434800873347
6483,c,23.091414957999195,31.555284080253916
6484,c,165.7037720607138,165.7037720607138
6485,c,165.7037720607138,165.7037720607138
6486,c,17.127655346720424,34.19678602632104
6487,c,165.7037720607138,165.7037720607138
6488,t,165.7037720607138,165.7037720607138
6489,t,165.7037720607138,165.7037720607138
6490,t,165.7037720607138,165.7037720607138
6491,c,165.7037720607138,165.7037720607138
6492,t,165.7037720607138,165.7037720607138
6493,t,165.7037720607138,165.7037720607138
6494,t,165.7037720607138,165.7037720607138
6495,c,165.7037720607138,165.7037720607138
6496,c,15.761638528513826,23.627752192595405
6497,t,165.7037720607138,165.7037720607138
6498,c,29.07093885176183,30.814809659034523
6499,t,165.7037720607138,165.7037720607138
6500,c,50.728134376725535,52.15043342700883
6501,t,165.7037720607138,165.7037720607138
6502,t,165.7037720607138,165.7037720607138
6503,c,120.01700400748571,165.7037720607138
6504,t,165.7037720607138,165.7037720607138
6505,c,165.7037720607138,165.7037720607138
6506,c,165.7037720607138,165.7037720607138
6507,t,165.7037720607138,165.7037720607138
6508,t,165.7037720607138,165.7037720607138
6509,c,165.7037720607138,165.7037720607138
6510,t,165.7037720607138,165.7037720607138
6511,t,165.7037720607138,165.7037720607138
6512,c,165.7037720607138,165.7037720607138
6513,c,165.7037720607138,165.7037720607138
6514,t,165.7037720607138,165.7037720607138
6515,c,7.732578312261033,14.638268926629207
6516,t,165.7037720607138,165.7037720607138
6517,c,7.338180004028531,17.31838324546294
6518,c,165.7037720607138,165.7037720607138
6519,t,165.7037720607138,165.7037720607138
6520,t,165.7037720607138,165.7037720607138
6521,c,165.7037720607138,165.7037720607138
6522,t,165.7037720607138,165.7037720607138
6523,t,165.7037720607138,165.7037720607138
6524,t,165.7037720607138,165.7037720607138
6525,t,165.7037720607138,165.7037720607138
6526,c,165.7037720607138,165.7037720607138
6527,t,165.7037720607138,165.7037720607138
6528,t,165.7037720607138,165.7037720607138
6529,t,165.7037720607138,165.7037720607138
6530,t,165.7037720607138,165.7037720607138
6531,c,165.7037720607138,165.7037720607138
6532,c,165.7037720607138,165.7037720607138
6533,na,3.6297020019429347,12.417613767763664
6534,t,165.7037720607138,165.7037720607138
6535,c,165.7037720607138,165.7037720607138
6536,t,165.7037720607138,165.7037720607138
6537,c,165.7037720607138,165.7037720607138
6538,c,165.7037720607138,165.7037720607138
6539,t,165.7037720607138,165.7037720607138
6540,t,165.7037720607138,165.7037720607138
6541,t,165.7037720607138,165.7037720607138
6542,t,165.7037720607138,165.7037720607138
6543,t,165.7037720607138,165.7037720607138
6544,t,165.7037720607138,165.7037720607138
6545,t,165.7037720607138,165.7037720607138
6546,c,7.504771135499328,8.24082455214814
6547,c,51.41067638784938,53.67620849220742
6548,c,165.7037720607138,165.7037720607138
6549,c,25.48677414260827,29.558354172239934
6550,c,165.7037720607138,165.7037720607138
6551,c,165.7037720607138,165.7037720607138
6552,t,165.7037720607138,165.7037720607138
6553,c,165.7037720607138,165.7037720607138
6554,c,165.7037720607138,165.7037720607138
6555,t,165.7037720607138,165.7037720607138
6556,c,165.7037720607138,165.7037720607138
6557,c,165.7037720607138,165.7037720607138
6558,c,10.318870909409407,14.20504616568375
6559,c,165.7037720607138,165.7037720607138
6560,c,165.7037720607138,165.7037720607138
6561,t,165.7037720607138,165.7037720607138
6562,t,165.7037720607138,165.7037720607138
6563,t,165.7037720607138,165.7037720607138
6564,c,20.896284970357446,32.000345261068276
6565,t,165.7037720607138,165.7037720607138
6566,t,165.7037720607138,165.7037720607138
6567,c,165.7037720607138,165.7037720607138
6568,t,165.7037720607138,165.7037720607138
6569,t,165.7037720607138,165.7037720607138
6570,t,165.7037720607138,165.7037720607138
6571,c,165.7037720607138,165.7037720607138
6572,c,24.951610828851006,25.137254184718675
6573,c,165.7037720607138,165.7037720607138
6574,c,65.10360829715606,70.12702730821086
6575,t,165.7037720607138,165.7037720607138
6576,t,165.7037720607138,165.7037720607138
6577,t,165.7037720607138,165.7037720607138
6578,c,165.7037720607138,165.7037720607138
6579,t,165.7037720607138,165.7037720607138
6580,c,17.322720601629083,32.678807648812054
6581,t,165.7037720607138,165.7037720607138
6582,t,165.7037720607138,165.7037720607138
6583,t,165.7037720607138,165.7037720607138
6584,t,165.7037720607138,165.7037720607138
6585,t,165.7037720607138,165.7037720607138
6586,t,165.7037720607138,165.7037720607138
6587,c,165.7037720607138,165.7037720607138
6588,t,165.7037720607138,165.7037720607138
6589,t,165.7037720607138,165.7037720607138
6590,t,165.7037720607138,165.7037720607138
6591,c,36.78306103142275,38.35850817388454
6592,t,165.7037720607138,165.7037720607138
6593,t,165.7037720607138,165.7037720607138
6594,c,165.7037720607138,165.7037720607138
6595,c,165.7037720607138,165.7037720607138
6596,t,165.7037720607138,165.7037720607138
6597,c,165.7037720607138,165.7037720607138
6598,t,165.7037720607138,165.7037720607138
6599,c,165.7037720607138,165.7037720607138
6600,c,19.864523727788654,20.717648364722674
6601,t,165.7037720607138,165.7037720607138
6602,c,165.7037720607138,165.7037720607138
6603,t,165.7037720607138,165.7037720607138
6604,t,165.7037720607138,165.7037720607138
6605,c,165.7037720607138,165.7037720607138
6606,t,165.7037720607138,165.7037720607138
6607,c,165.7037720607138,165.7037720607138
6608,t,165.7037720607138,165.7037720607138
6609,c,165.7037720607138,165.7037720607138
6610,c,165.7037720607138,165.7037720607138
6611,c,165.7037720607138,165.7037720607138
6612,c,165.7037720607138,165.7037720607138
6613,t,165.7037720607138,165.7037720607138
6614,t,165.7037720607138,165.7037720607138
6615,c,165.7037720607138,165.7037720607138
6616,t,165.7037720607138,165.7037720607138
6617,na,5.531138508490422,7.394636326770889
6618,t,165.7037720607138,165.7037720607138
6619,c,55.42191760652831,64.42699979915378
6620,t,165.7037720607138,165.7037720607138
6621,c,165.7037720607138,165.7037720607138
6622,t,165.7037720607138,165.7037720607138
6623,c,35.556925751599785,37.053705665063106
6624,na,0.11718934397425589,6.673821279501753
6625,c,165.7037720607138,165.7037720607138
6626,c,30.950038032286308,33.08397463644139
6627,t,165.7037720607138,165.7037720607138
6628,t,165.7037720607138,165.7037720607138
6629,t,165.7037720607138,165.7037720607138
6630,t,165.7037720607138,165.7037720607138
6631,c,165.7037720607138,165.7037720607138
6632,c,165.7037720607138,165.7037720607138
6633,c,165.7037720607138,165.7037720607138
6634,t,165.7037720607138,165.7037720607138
6635,c,165.7037720607138,165.7037720607138
6636,t,165.7037720607138,165.7037720607138
6637,t,165.7037720607138,165.7037720607138
6638,t,165.7037720607138,165.7037720607138
6639,c,165.7037720607138,165.7037720607138
6640,t,165.7037720607138,165.7037720607138
6641,c,16.756208308746135,25.46014599473238
6642,c,165.7037720607138,165.7037720607138
6643,t,165.7037720607138,165.7037720607138
6644,t,165.7037720607138,165.7037720607138
6645,t,165.7037720607138,165.7037720607138
6646,c,165.7037720607138,165.7037720607138
6647,t,165.7037720607138,165.7037720607138
6648,t,165.7037720607138,165.7037720607138
6649,t,165.7037720607138,165.7037720607138
6650,c,14.615985495174176,19.2799407920657
6651,c,36.23165585675181,36.74995405225909
6652,c,11.1420753131758,13.070628665512059
6653,c,165.7037720607138,165.7037720607138
6654,c,165.7037720607138,165.7037720607138
6655,c,165.7037720607138,165.7037720607138
6656,t,165.7037720607138,165.7037720607138
6657,t,165.7037720607138,165.7037720607138
6658,t,165.7037720607138,165.7037720607138
6659,t,165.7037720607138,165.7037720607138
6660,c,165.7037720607138,165.7037720607138
6661,c,165.7037720607138,165.7037720607138
6662,t,165.7037720607138,165.7037720607138
6663,t,165.7037720607138,165.7037720607138
6664,c,165.7037720607138,165.7037720607138
6665,t,165.7037720607138,165.7037720607138
6666,t,165.7037720607138,165.7037720607138
6667,c,165.7037720607138,165.7037720607138
6668,c,165.7037720607138,165.7037720607138
6669,na,5.536745103939463,9.66643652558684
6670,t,165.7037720607138,165.7037720607138
6671,c,165.7037720607138,165.7037720607138
6672,c,165.7037720607138,165.7037720607138
6673,c,16.48707413516031,165.7037720607138
6674,c,8.523064125634964,13.894942131426497
6675,t,165.7037720607138,165.7037720607138
6676,c,165.7037720607138,165.7037720607138
6677,c,165.7037720607138,165.7037720607138
6678,c,165.7037720607138,165.7037720607138
6679,c,165.7037720607138,165.7037720607138
6680,t,165.7037720607138,165.7037720607138
6681,na,0,7.230502764546472
6682,t,165.7037720607138,165.7037720607138
6683,c,30.63042519152921,35.95104911284855
6684,t,165.7037720607138,165.7037720607138
6685,c,165.7037720607138,165.7037720607138
6686,t,165.7037720607138,165.7037720607138
6687,t,165.7037720607138,165.7037720607138
6688,t,165.7037720607138,165.7037720607138
6689,c,5.104506568837339,12.653685850690843
6690,c,23.774171731576526,25.858083367584594
6691,c,165.7037720607138,165.7037720607138
6692,t,165.7037720607138,165.7037720607138
6693,t,165.7037720607138,165.7037720607138
6694,c,165.7037720607138,165.7037720607138
6695,c,165.7037720607138,165.7037720607138
6696,na,0,5.935116781021245
6697,c,165.7037720607138,165.7037720607138
6698,na,0,2.470146688644602
6699,t,165.7037720607138,165.7037720607138
6700,c,12.795178643038332,18.573912882095307
6701,c,19.870758173272044,21.08215574239103
6702,na,165.7037720607138,165.7037720607138
6703,t,165.7037720607138,165.7037720607138
6704,t,165.7037720607138,165.7037720607138
6705,c,165.7037720607138,165.7037720607138
6706,t,165.7037720607138,165.7037720607138
6707,c,165.7037720607138,165.7037720607138
6708,t,165.7037720607138,165.7037720607138
6709,c,29.702750971080906,30.59747545730783
6710,t,165.7037720607138,165.7037720607138
6711,t,165.7037720607138,165.7037720607138
6712,c,11.391573134807585,16.758006253491956
6713,t,165.7037720607138,165.7037720607138
6714,c,165.7037720607138,165.7037720607138
6715,c,56.37709110512478,58.37913384320159
6716,t,165.7037720607138,165.7037720607138
6717,c,128.87176101301716,139.62278362002482
6718,c,165.7037720607138,165.7037720607138
6719,c,165.7037720607138,165.7037720607138
6720,t,165.7037720607138,165.7037720607138
6721,c,165.7037720607138,165.7037720607138
6722,c,165.7037720607138,165.7037720607138
6723,t,165.7037720607138,165.7037720607138
6724,c,36.81499297557101,41.617651704004345
6725,t,165.7037720607138,165.7037720607138
6726,c,165.7037720607138,165.7037720607138
6727,c,165.7037720607138,165.7037720607138
6728,t,165.7037720607138,165.7037720607138
6729,c,165.7037720607138,165.7037720607138
6730,t,165.7037720607138,165.7037720607138
6731,t,165.7037720607138,165.7037720607138
6732,t,165.7037720607138,165.7037720607138
6733,c,165.7037720607138,165.7037720607138
6734,t,165.7037720607138,165.7037720607138
6735,c,27.011159421734614,27.16859424051718
6736,t,165.7037720607138,165.7037720607138
6737,t,165.7037720607138,165.7037720607138
6738,t,165.7037720607138,165.7037720607138
6739,c,165.7037720607138,165.7037720607138
6740,t,165.7037720607138,165.7037720607138
6741,c,165.7037720607138,165.7037720607138
6742,c,37.10625367403863,39.69271703067684
6743,c,165.7037720607138,165.7037720607138
6744,c,21.24845719823993,33.17546676407846
6745,c,21.239172655667634,165.7037720607138
6746,c,165.7037720607138,165.7037720607138
6747,t,165.7037720607138,165.7037720607138
6748,t,165.7037720607138,165.7037720607138
6749,c,165.7037720607138,165.7037720607138
6750,t,165.7037720607138,165.7037720607138
6751,c,165.7037720607138,165.7037720607138
6752,na,2.373181270702487,8.534723892915606
6753,t,165.7037720607138,165.7037720607138
6754,t,165.7037720607138,165.7037720607138
6755,c,165.7037720607138,165.7037720607138
6756,c,165.7037720607138,165.7037720607138
6757,c,18.96450436721274,22.462990965272827
6758,t,165.7037720607138,165.7037720607138
6759,t,165.7037720607138,165.7037720607138
6760,t,165.7037720607138,165.7037720607138
6761,t,165.7037720607138,165.7037720607138
6762,c,48.49170191260289,48.86449340715986
6763,t,165.7037720607138,165.7037720607138
6764,t,165.7037720607138,165.7037720607138
6765,t,165.7037720607138,165.7037720607138
6766,c,165.7037720607138,165.7037720607138
6767,c,165.7037720607138,165.7037720607138
6768,c,165.7037720607138,165.7037720607138
6769,c,165.7037720607138,165.7037720607138
6770,c,165.7037720607138,165.7037720607138
6771,c,165.7037720607138,165.7037720607138
6772,t,165.7037720607138,165.7037720607138
6773,c,165.7037720607138,165.7037720607138
6774,c,165.7037720607138,165.7037720607138
6775,t,165.7037720607138,165.7037720607138
6776,t,165.7037720607138,165.7037720607138
6777,c,11.01558053352698,11.565083594517251
6778,t,165.7037720607138,165.7037720607138
6779,c,32.12854947344183,33.7439448672098
6780,t,165.7037720607138,165.7037720607138
6781,c,68.6838167307124,77.94361360899686
6782,t,165.7037720607138,165.7037720607138
6783,t,165.7037720607138,165.7037720607138
6784,c,165.7037720607138,165.7037720607138
6785,t,165.7037720607138,165.7037720607138
6786,c,27.430317781919115,34.615493314755774
6787,c,165.7037720607138,165.7037720607138
6788,t,165.7037720607138,165.7037720607138
6789,t,165.7037720607138,165.7037720607138
6790,c,165.7037720607138,165.7037720607138
6791,t,165.7037720607138,165.7037720607138
6792,t,165.7037720607138,165.7037720607138
6793,c,165.7037720607138,165.7037720607138
6794,t,165.7037720607138,165.7037720607138
6795,t,165.7037720607138,165.7037720607138
6796,c,52.975326072081685,65.57566133397724
6797,c,165.7037720607138,165.7037720607138
6798,t,165.7037720607138,165.7037720607138
6799,c,165.7037720607138,165.7037720607138
6800,c,165.7037720607138,165.7037720607138
6801,c,35.57396170657192,51.923953505468205
6802,c,165.7037720607138,165.7037720607138
6803,t,165.7037720607138,165.7037720607138
6804,c,165.7037720607138,165.7037720607138
6805,t,165.7037720607138,165.7037720607138
6806,t,165.7037720607138,165.7037720607138
6807,t,165.7037720607138,165.7037720607138
6808,c,38.00676466338613,38.83430584982842
6809,c,165.7037720607138,165.7037720607138
6810,c,165.7037720607138,165.7037720607138
6811,t,165.7037720607138,165.7037720607138
6812,t,165.7037720607138,165.7037720607138
6813,t,165.7037720607138,165.7037720607138
6814,t,165.7037720607138,165.7037720607138
6815,c,165.7037720607138,165.7037720607138
6816,c,93.68192983162787,93.71624564279982
6817,t,165.7037720607138,165.7037720607138
6818,c,165.7037720607138,165.7037720607138
6819,t,165.7037720607138,165.7037720607138
6820,c,165.7037720607138,165.7037720607138
6821,c,38.81840067639115,42.639893471997986
6822,t,165.7037720607138,165.7037720607138
6823,c,165.7037720607138,165.7037720607138
6824,c,8.68026588322108,14.646151626125452
6825,t,165.7037720607138,165.7037720607138
6826,c,165.7037720607138,165.7037720607138
6827,t,165.7037720607138,165.7037720607138
6828,c,165.7037720607138,165.7037720607138
6829,t,165.7037720607138,165.7037720607138
6830,c,165.7037720607138,165.7037720607138
6831,c,165.7037720607138,165.7037720607138
6832,c,12.716765550432992,13.675385764863442
6833,c,165.7037720607138,165.7037720607138
6834,t,165.7037720607138,165.7037720607138
6835,c,24.36821033252003,28.095062544018237
6836,c,165.7037720607138,165.7037720607138
6837,c,165.7037720607138,165.7037720607138
6838,t,165.7037720607138,165.7037720607138
6839,c,165.7037720607138,165.7037720607138
6840,t,165.7037720607138,165.7037720607138
6841,c,50.936996236043996,53.230149965031615
6842,na,165.7037720607138,165.7037720607138
6843,t,165.7037720607138,165.7037720607138
6844,c,20.838448733882604,34.8877905946149
6845,c,165.7037720607138,165.7037720607138
6846,t,165.7037720607138,165.7037720607138
6847,t,165.7037720607138,165.7037720607138
6848,t,165.7037720607138,165.7037720607138
6849,c,165.7037720607138,165.7037720607138
6850,t,165.7037720607138,165.7037720607138
6851,c,165.7037720607138,165.7037720607138
6852,t,165.7037720607138,165.7037720607138
6853,t,165.7037720607138,165.7037720607138
6854,t,165.7037720607138,165.7037720607138
6855,c,35.917657818939,38.993083046613485
6856,c,165.7037720607138,165.7037720607138
6857,t,165.7037720607138,165.7037720607138
6858,c,165.7037720607138,165.7037720607138
6859,t,165.7037720607138,165.7037720607138
6860,t,165.7037720607138,165.7037720607138
6861,c,165.7037720607138,165.7037720607138
6862,t,165.7037720607138,165.7037720607138
6863,t,165.7037720607138,165.7037720607138
6864,t,165.7037720607138,165.7037720607138
6865,c,165.7037720607138,165.7037720607138
6866,t,165.7037720607138,165.7037720607138
6867,c,15.84662609913428,25.780500239780462
6868,c,165.7037720607138,165.7037720607138
6869,c,165.7037720607138,165.7037720607138
6870,t,165.7037720607138,165.7037720607138
6871,c,165.7037720607138,165.7037720607138
6872,t,165.7037720607138,165.7037720607138
6873,c,46.78862490960282,53.04913990560852
6874,c,12.462160362955181,16.74614004697143
6875,c,165.7037720607138,165.7037720607138
6876,c,165.7037720607138,165.7037720607138
6877,t,165.7037720607138,165.7037720607138
6878,c,165.7037720607138,165.7037720607138
6879,t,165.7037720607138,165.7037720607138
6880,na,2.9392380577560497,3.2413656913473785
6881,t,165.7037720607138,165.7037720607138
6882,t,165.7037720607138,165.7037720607138
6883,t,165.7037720607138,165.7037720607138
6884,t,165.7037720607138,165.7037720607138
6885,t,165.7037720607138,165.7037720607138
6886,c,165.7037720607138,165.7037720607138
6887,c,25.5730850554447,27.754210546392336
6888,c,165.7037720607138,165.7037720607138
6889,t,165.7037720607138,165.7037720607138
6890,t,165.7037720607138,165.7037720607138
6891,t,165.7037720607138,165.7037720607138
6892,t,165.7037720607138,165.7037720607138
6893,c,10.184478103483757,10.205810389019078
6894,t,165.7037720607138,165.7037720607138
6895,c,165.7037720607138,165.7037720607138
6896,c,165.7037720607138,165.7037720607138
6897,t,165.7037720607138,165.7037720607138
6898,c,18.834798978108793,20.418382619660765
6899,c,39.3368737743127,56.06623653875623
6900,c,165.7037720607138,165.7037720607138
6901,c,1.9946183542731537,9.189706756350505
6902,c,165.7037720607138,165.7037720607138
6903,c,165.7037720607138,165.7037720607138
6904,c,165.7037720607138,165.7037720607138
6905,c,39.58185177434451,40.19839248927053
6906,t,165.7037720607138,165.7037720607138
6907,c,165.7037720607138,165.7037720607138
6908,c,41.88936546605169,42.19262151872502
6909,c,53.355548257958674,59.25645518054716
6910,t,165.7037720607138,165.7037720607138
6911,c,165.7037720607138,165.7037720607138
6912,c,165.7037720607138,165.7037720607138
6913,t,165.7037720607138,165.7037720607138
6914,t,165.7037720607138,165.7037720607138
6915,c,127.07688992057743,138.5881871856073
6916,c,165.7037720607138,165.7037720607138
6917,c,11.1626367909001,16.723164198747668
6918,c,165.7037720607138,165.7037720607138
6919,t,165.7037720607138,165.7037720607138
6920,c,165.7037720607138,165.7037720607138
6921,t,165.7037720607138,165.7037720607138
6922,t,165.7037720607138,165.7037720607138
6923,c,165.7037720607138,165.7037720607138
6924,c,165.7037720607138,165.7037720607138
6925,c,165.7037720607138,165.7037720607138
6926,c,16.531975153097633,165.7037720607138
6927,t,165.7037720607138,165.7037720607138
6928,t,165.7037720607138,165.7037720607138
6929,t,165.7037720607138,165.7037720607138
6930,t,165.7037720607138,165.7037720607138
6931,c,165.7037720607138,165.7037720607138
6932,c,165.7037720607138,165.7037720607138
6933,t,165.7037720607138,165.7037720607138
6934,c,47.79990954871568,55.18990566415668
6935,c,20.364872125537058,26.02216298630827
6936,t,165.7037720607138,165.7037720607138
6937,c,165.7037720607138,165.7037720607138
6938,t,165.7037720607138,165.7037720607138
6939,t,165.7037720607138,165.7037720607138
6940,t,165.7037720607138,165.7037720607138
6941,c,9.272173536595847,10.292757628357323
6942,c,17.64248683579072,19.403980398369175
6943,t,165.7037720607138,165.7037720607138
6944,t,165.7037720607138,165.7037720607138
6945,t,165.7037720607138,165.7037720607138
6946,c,165.7037720607138,165.7037720607138
6947,t,165.7037720607138,165.7037720607138
6948,c,165.7037720607138,165.7037720607138
6949,t,165.7037720607138,165.7037720607138
6950,c,165.7037720607138,165.7037720607138
6951,c,165.7037720607138,165.7037720607138
6952,c,19.486670351303584,20.675642282791653
6953,c,165.7037720607138,165.7037720607138
6954,c,165.7037720607138,165.7037720607138
6955,c,165.7037720607138,165.7037720607138
6956,c,165.7037720607138,165.7037720607138
6957,c,165.7037720607138,165.7037720607138
6958,t,165.7037720607138,165.7037720607138
6959,t,165.7037720607138,165.7037720607138
6960,t,165.7037720607138,165.7037720607138
6961,t,165.7037720607138,165.7037720607138
6962,c,165.7037720607138,165.7037720607138
6963,t,165.7037720607138,165.7037720607138
6964,c,165.7037720607138,165.7037720607138
6965,c,30.625304907270415,33.11340705688448
6966,t,165.7037720607138,165.7037720607138
6967,t,165.7037720607138,165.7037720607138
6968,t,165.7037720607138,165.7037720607138
6969,t,165.7037720607138,165.7037720607138
6970,c,18.514509537341585,18.79143952743406
6971,c,165.7037720607138,165.7037720607138
6972,na,0.9624521298649639,2.156861521373313
6973,t,165.7037720607138,165.7037720607138
6974,t,165.7037720607138,165.7037720607138
6975,t,165.7037720607138,165.7037720607138
6976,c,32.243284981902136,39.09488862684563
6977,c,165.7037720607138,165.7037720607138
6978,c,165.7037720607138,165.7037720607138
6979,t,165.7037720607138,165.7037720607138
6980,t,165.7037720607138,165.7037720607138
6981,t,165.7037720607138,165.7037720607138
6982,t,165.7037720607138,165.7037720607138
6983,c,45.309913217441306,60.8808540123035
6984,t,165.7037720607138,165.7037720607138
6985,c,58.289448243985326,76.87042198528059
6986,t,165.7037720607138,165.7037720607138
6987,c,165.7037720607138,165.7037720607138
6988,c,165.7037720607138,165.7037720607138
6989,c,165.7037720607138,165.7037720607138
6990,t,165.7037720607138,165.7037720607138
6991,c,56.270983472336965,63.22672433293131
6992,t,165.7037720607138,165.7037720607138
6993,c,165.7037720607138,165.7037720607138
6994,t,165.7037720607138,165.7037720607138
6995,t,165.7037720607138,165.7037720607138
6996,t,165.7037720607138,165.7037720607138
6997,c,165.7037720607138,165.7037720607138
6998,c,40.172902972458715,43.08918722190778
6999,c,88.78160507672973,91.2464437002972
7000,c,165.7037720607138,165.7037720607138
7001,c,165.7037720607138,165.7037720607138
7002,c,29.525713678377482,165.7037720607138
7003,t,165.7037720607138,165.7037720607138
7004,t,165.7037720607138,165.7037720607138
7005,t,165.7037720607138,165.7037720607138
7006,c,21.45347699143432,23.056862304111206
7007,t,165.7037720607138,165.7037720607138
7008,c,165.7037720607138,165.7037720607138
7009,c,165.7037720607138,165.7037720607138
7010,t,165.7037720607138,165.7037720607138
7011,c,165.7037720607138,165.7037720607138
7012,t,165.7037720607138,165.7037720607138
7013,c,17.19988184294895,18.960564127237358
7014,c,165.7037720607138,165.7037720607138
7015,t,165.7037720607138,165.7037720607138
7016,t,165.7037720607138,165.7037720607138
7017,c,25.201097898583193,31.762830633994355
7018,t,165.7037720607138,165.7037720607138
7019,t,165.7037720607138,165.7037720607138
7020,c,32.7289100783012,34.81079491061421
7021,c,165.7037720607138,165.7037720607138
7022,t,165.7037720607138,165.7037720607138
7023,t,165.7037720607138,165.7037720607138
7024,t,165.7037720607138,165.7037720607138
7025,c,165.7037720607138,165.7037720607138
7026,t,165.7037720607138,165.7037720607138
7027,t,165.7037720607138,165.7037720607138
7028,t,165.7037720607138,165.7037720607138
7029,t,165.7037720607138,165.7037720607138
7030,c,165.7037720607138,165.7037720607138
7031,c,58.672060861350175,70.73635875828413
7032,t,165.7037720607138,165.7037720607138
7033,c,2.6047927531194515,4.893086332690227
7034,t,165.7037720607138,165.7037720607138
7035,t,165.7037720607138,165.7037720607138
7036,t,165.7037720607138,165.7037720607138
7037,t,165.7037720607138,165.7037720607138
7038,c,90.83271903619301,98.47663843447407
7039,c,165.7037720607138,165.7037720607138
7040,c,62.74545578606339,70.63167371174322
7041,c,165.7037720607138,165.7037720607138
7042,t,165.7037720607138,165.7037720607138
7043,t,165.7037720607138,165.7037720607138
7044,c,165.7037720607138,165.7037720607138
7045,c,22.625173429035197,30.153150931891677
7046,c,165.7037720607138,165.7037720607138
7047,t,165.7037720607138,165.7037720607138
7048,c,165.7037720607138,165.7037720607138
7049,t,165.7037720607138,165.7037720607138
7050,c,165.7037720607138,165.7037720607138
7051,c,165.7037720607138,165.7037720607138
7052,c,165.7037720607138,165.7037720607138
7053,c,165.7037720607138,165.7037720607138
7054,c,165.7037720607138,165.7037720607138
7055,t,165.7037720607138,165.7037720607138
7056,c,165.7037720607138,165.7037720607138
7057,t,165.7037720607138,165.7037720607138
7058,t,165.7037720607138,165.7037720607138
7059,t,165.7037720607138,165.7037720607138
7060,c,121.09897344793212,130.41985264992886
7061,t,165.7037720607138,165.7037720607138
7062,c,22.81002265398258,24.45532150946656
7063,t,165.7037720607138,165.7037720607138
7064,t,165.7037720607138,165.7037720607138
7065,t,165.7037720607138,165.7037720607138
7066,c,30.93881166783128,31.639521863440855
7067,t,165.7037720607138,165.7037720607138
7068,t,165.7037720607138,165.7037720607138
7069,na,165.7037720607138,165.7037720607138
7070,c,33.89961308968115,35.590010455642926
7071,c,1.9288036797063917,11.223603567631944
7072,c,49.53868563674942,50.54337898595461
7073,t,165.7037720607138,165.7037720607138
7074,c,165.7037720607138,165.7037720607138
7075,t,165.7037720607138,165.7037720607138
7076,c,165.7037720607138,165.7037720607138
7077,t,165.7037720607138,165.7037720607138
7078,c,25.178428849352454,27.893261747495206
7079,t,165.7037720607138,165.7037720607138
7080,t,165.7037720607138,165.7037720607138
7081,c,4.3134521367682215,9.433258399174472
7082,c,165.7037720607138,165.7037720607138
7083,c,165.7037720607138,165.7037720607138
7084,t,165.7037720607138,165.7037720607138
7085,c,165.7037720607138,165.7037720607138
7086,c,165.7037720607138,165.7037720607138
7087,t,165.7037720607138,165.7037720607138
7088,t,165.7037720607138,165.7037720607138
7089,c,165.7037720607138,165.7037720607138
7090,t,165.7037720607138,165.7037720607138
7091,c,165.7037720607138,165.7037720607138
7092,c,165.7037720607138,165.7037720607138
7093,c,165.7037720607138,165.7037720607138
7094,t,165.7037720607138,165.7037720607138
7095,t,165.7037720607138,165.7037720607138
7096,c,31.34717424514766,36.49780640259182
7097,t,165.7037720607138,165.7037720607138
7098,c,165.7037720607138,165.7037720607138
7099,t,165.7037720607138,165.7037720607138
7100,na,2.5266670946376877,12.810982052064778
7101,c,26.49844252250351,27.266670981111343
7102,c,31.108323193374456,32.540614572611275
7103,c,165.7037720607138,165.7037720607138
7104,t,165.7037720607138,165.7037720607138
7105,t,165.7037720607138,165.7037720607138
7106,t,165.7037720607138,165.7037720607138
7107,c,38.53396805018318,40.825630545233814
7108,c,165.7037720607138,165.7037720607138
7109,c,165.7037720607138,165.7037720607138
7110,t,165.7037720607138,165.7037720607138
7111,t,165.7037720607138,165.7037720607138
7112,t,165.7037720607138,165.7037720607138
7113,t,165.7037720607138,165.7037720607138
7114,c,165.7037720607138,165.7037720607138
7115,c,99.69579273286105,104.24761029144518
7116,t,165.7037720607138,165.7037720607138
7117,t,165.7037720607138,165.7037720607138
7118,c,165.7037720607138,165.7037720607138
7119,t,165.7037720607138,165.7037720607138
7120,t,165.7037720607138,165.7037720607138
7121,t,165.7037720607138,165.7037720607138
7122,t,165.7037720607138,165.7037720607138
7123,t,165.7037720607138,165.7037720607138
7124,t,165.7037720607138,165.7037720607138
7125,t,165.7037720607138,165.7037720607138
7126,c,165.7037720607138,165.7037720607138
7127,c,165.7037720607138,165.7037720607138
7128,t,165.7037720607138,165.7037720607138
7129,c,11.11320402101053,11.664819016615866
7130,t,165.7037720607138,165.7037720607138
7131,t,165.7037720607138,165.7037720607138
7132,t,165.7037720607138,165.7037720607138
7133,c,165.7037720607138,165.7037720607138
7134,t,165.7037720607138,165.7037720607138
7135,c,165.7037720607138,165.7037720607138
7136,c,51.37635267993378,54.67750487008799
7137,t,165.7037720607138,165.7037720607138
7138,t,165.7037720607138,165.7037720607138
7139,c,165.7037720607138,165.7037720607138
7140,c,165.7037720607138,165.7037720607138
7141,t,165.7037720607138,165.7037720607138
7142,c,165.7037720607138,165.7037720607138
7143,t,165.7037720607138,165.7037720607138
7144,t,165.7037720607138,165.7037720607138
7145,c,165.7037720607138,165.7037720607138
7146,c,165.7037720607138,165.7037720607138
7147,t,165.7037720607138,165.7037720607138
7148,c,165.7037720607138,165.7037720607138
7149,t,165.7037720607138,165.7037720607138
7150,na,0,165.7037720607138
7151,t,165.7037720607138,165.7037720607138
7152,c,165.7037720607138,165.7037720607138
7153,c,165.7037720607138,165.7037720607138
7154,c,17.772063991342275,22.995853195962994
7155,c,50.47906147890487,58.83744478432681
7156,t,165.7037720607138,165.7037720607138
7157,t,165.7037720607138,165.7037720607138
7158,t,165.7037720607138,165.7037720607138
7159,t,165.7037720607138,165.7037720607138
7160,t,165.7037720607138,165.7037720607138
7161,t,165.7037720607138,165.7037720607138
7162,t,165.7037720607138,165.7037720607138
7163,t,165.7037720607138,165.7037720607138
7164,c,165.7037720607138,165.7037720607138
7165,t,165.7037720607138,165.7037720607138
7166,t,165.7037720607138,165.7037720607138
7167,t,165.7037720607138,165.7037720607138
7168,t,165.7037720607138,165.7037720607138
7169,c,165.7037720607138,165.7037720607138
7170,t,165.7037720607138,165.7037720607138
7171,t,165.7037720607138,165.7037720607138
7172,c,165.7037720607138,165.7037720607138
7173,t,165.7037720607138,165.7037720607138
7174,t,165.7037720607138,165.7037720607138
7175,t,165.7037720607138,165.7037720607138
7176,c,25.140869651819155,31.365260328744878
7177,t,165.7037720607138,165.7037720607138
7178,c,165.7037720607138,165.7037720607138
7179,t,165.7037720607138,165.7037720607138
7180,c,165.7037720607138,165.7037720607138
7181,t,165.7037720607138,165.7037720607138
7182,c,38.12235780279638,44.27126439115783
7183,t,165.7037720607138,165.7037720607138
7184,t,165.7037720607138,165.7037720607138
7185,t,165.7037720607138,165.7037720607138
7186,c,165.7037720607138,165.7037720607138
7187,t,165.7037720607138,165.7037720607138
7188,c,165.7037720607138,165.7037720607138
7189,c,165.7037720607138,165.7037720607138
7190,c,165.7037720607138,165.7037720607138
7191,t,165.7037720607138,165.7037720607138
7192,t,165.7037720607138,165.7037720607138
7193,c,165.7037720607138,165.7037720607138
7194,t,165.7037720607138,165.7037720607138
7195,t,165.7037720607138,165.7037720607138
7196,t,165.7037720607138,165.7037720607138
7197,c,165.7037720607138,165.7037720607138
7198,t,165.7037720607138,165.7037720607138
7199,c,165.7037720607138,165.7037720607138
7200,c,26.157526087281575,31.154740426874927
7201,c,165.7037720607138,165.7037720607138
7202,c,165.7037720607138,165.7037720607138
7203,c,165.7037720607138,165.7037720607138
7204,t,165.7037720607138,165.7037720607138
7205,c,165.7037720607138,165.7037720607138
7206,t,165.7037720607138,165.7037720607138
7207,t,165.7037720607138,165.7037720607138
7208,t,165.7037720607138,165.7037720607138
7209,t,165.7037720607138,165.7037720607138
7210,t,165.7037720607138,165.7037720607138
7211,c,165.7037720607138,165.7037720607138
7212,c,165.7037720607138,165.7037720607138
7213,t,165.7037720607138,165.7037720607138
7214,t,165.7037720607138,165.7037720607138
7215,na,0,2.9615741451182847
7216,c,165.7037720607138,165.7037720607138
7217,c,49.881558127337726,165.7037720607138
7218,c,165.7037720607138,165.7037720607138
7219,t,165.7037720607138,165.7037720607138
7220,c,165.7037720607138,165.7037720607138
7221,t,165.7037720607138,165.7037720607138
7222,c,165.7037720607138,165.7037720607138
7223,c,22.73950486760865,29.194058637281564
7224,c,165.7037720607138,165.7037720607138
7225,t,165.7037720607138,165.7037720607138
7226,t,165.7037720607138,165.7037720607138
7227,t,165.7037720607138,165.7037720607138
7228,t,165.7037720607138,165.7037720607138
7229,c,165.7037720607138,165.7037720607138
7230,t,165.7037720607138,165.7037720607138
7231,c,40.424642151555545,52.18964632628028
7232,t,165.7037720607138,165.7037720607138
7233,c,165.7037720607138,165.7037720607138
7234,t,165.7037720607138,165.7037720607138
7235,c,7.778362979205903,9.978092913790599
7236,t,165.7037720607138,165.7037720607138
7237,t,165.7037720607138,165.7037720607138
7238,c,54.93750274931162,56.41265653978807
7239,c,64.17261716608229,65.12396746966826
7240,c,165.7037720607138,165.7037720607138
7241,t,165.7037720607138,165.7037720607138
7242,t,165.7037720607138,165.7037720607138
7243,t,165.7037720607138,165.7037720607138
7244,t,165.7037720607138,165.7037720607138
7245,c,165.7037720607138,165.7037720607138
7246,c,165.7037720607138,165.7037720607138
7247,c,165.7037720607138,165.7037720607138
7248,t,165.7037720607138,165.7037720607138
7249,c,165.7037720607138,165.7037720607138
7250,c,165.7037720607138,165.7037720607138
7251,t,165.7037720607138,165.7037720607138
7252,c,165.7037720607138,165.7037720607138
7253,t,165.7037720607138,165.7037720607138
7254,t,165.7037720607138,165.7037720607138
7255,t,165.7037720607138,165.7037720607138
7256,c,165.7037720607138,165.7037720607138
7257,c,46.34507847683948,46.5568928750917
7258,c,165.7037720607138,165.7037720607138
7259,t,165.7037720607138,165.7037720607138
7260,t,165.7037720607138,165.7037720607138
7261,c,165.7037720607138,165.7037720607138
7262,t,165.7037720607138,165.7037720607138
7263,t,165.7037720607138,165.7037720607138
7264,t,165.7037720607138,165.7037720607138
7265,c,165.7037720607138,165.7037720607138
7266,t,165.7037720607138,165.7037720607138
7267,c,165.7037720607138,165.7037720607138
7268,t,165.7037720607138,165.7037720607138
7269,t,165.7037720607138,165.7037720607138
7270,t,165.7037720607138,165.7037720607138
7271,t,165.7037720607138,165.7037720607138
7272,t,165.7037720607138,165.7037720607138
7273,c,165.7037720607138,165.7037720607138
7274,c,165.7037720607138,165.7037720607138
7275,t,165.7037720607138,165.7037720607138
7276,c,39.815411478002396,40.29597268115853
7277,t,165.7037720607138,165.7037720607138
7278,c,165.7037720607138,165.7037720607138
7279,t,165.7037720607138,165.7037720607138
7280,t,165.7037720607138,165.7037720607138
7281,c,15.680425745595558,19.338252055570756
7282,c,165.7037720607138,165.7037720607138
7283,t,165.7037720607138,165.7037720607138
7284,c,53.581670515588456,55.538947574075806
7285,t,165.7037720607138,165.7037720607138
7286,t,165.7037720607138,165.7037720607138
7287,t,165.7037720607138,165.7037720607138
7288,c,165.7037720607138,165.7037720607138
7289,c,165.7037720607138,165.7037720607138
7290,t,165.7037720607138,165.7037720607138
7291,t,165.7037720607138,165.7037720607138
7292,c,165.7037720607138,165.7037720607138
7293,c,165.7037720607138,165.7037720607138
7294,t,165.7037720607138,165.7037720607138
7295,c,165.7037720607138,165.7037720607138
7296,t,165.7037720607138,165.7037720607138
7297,t,165.7037720607138,165.7037720607138
7298,c,165.7037720607138,165.7037720607138
7299,t,165.7037720607138,165.7037720607138
7300,t,165.7037720607138,165.7037720607138
7301,c,165.7037720607138,165.7037720607138
7302,t,165.7037720607138,165.7037720607138
7303,t,165.7037720607138,165.7037720607138
7304,t,165.7037720607138,165.7037720607138
7305,t,165.7037720607138,165.7037720607138
7306,c,165.7037720607138,165.7037720607138
7307,t,165.7037720607138,165.7037720607138
7308,t,165.7037720607138,165.7037720607138
7309,c,165.7037720607138,165.7037720607138
7310,c,26.86302336735213,34.2138414289541
7311,t,165.7037720607138,165.7037720607138
7312,c,30.469921534723145,35.05662391735768
7313,c,165.7037720607138,165.7037720607138
7314,t,165.7037720607138,165.7037720607138
7315,t,165.7037720607138,165.7037720607138
7316,t,165.7037720607138,165.7037720607138
7317,c,71.41237357461415,165.7037720607138
7318,c,165.7037720607138,165.7037720607138
7319,t,165.7037720607138,165.7037720607138
7320,c,17.94967276873873,18.16758609393963
7321,c,165.7037720607138,165.7037720607138
7322,t,165.7037720607138,165.7037720607138
7323,t,165.7037720607138,165.7037720607138
7324,t,165.7037720607138,165.7037720607138
7325,t,165.7037720607138,165.7037720607138
7326,c,165.7037720607138,165.7037720607138
7327,t,165.7037720607138,165.7037720607138
7328,c,165.7037720607138,165.7037720607138
7329,c,165.7037720607138,165.7037720607138
7330,t,165.7037720607138,165.7037720607138
7331,t,165.7037720607138,165.7037720607138
7332,t,165.7037720607138,165.7037720607138
7333,t,165.7037720607138,165.7037720607138
7334,t,165.7037720607138,165.7037720607138
7335,c,165.7037720607138,165.7037720607138
7336,t,165.7037720607138,165.7037720607138
7337,c,165.7037720607138,165.7037720607138
7338,c,165.7037720607138,165.7037720607138
7339,t,165.7037720607138,165.7037720607138
7340,t,165.7037720607138,165.7037720607138
7341,t,165.7037720607138,165.7037720607138
7342,c,165.7037720607138,165.7037720607138
7343,c,14.124175079785482,17.01550805069243
7344,t,165.7037720607138,165.7037720607138
7345,c,4.9715569217720565,6.706514476742443
7346,c,165.7037720607138,165.7037720607138
7347,c,12.416252182987286,12.75623182788692
7348,c,165.7037720607138,165.7037720607138
7349,t,165.7037720607138,165.7037720607138
7350,c,165.7037720607138,165.7037720607138
7351,c,165.7037720607138,165.7037720607138
7352,c,18.8981526618081,165.7037720607138
7353,t,165.7037720607138,165.7037720607138
7354,c,165.7037720607138,165.7037720607138
7355,c,38.95950178608298,54.53445844199655
7356,t,165.7037720607138,165.7037720607138
7357,c,103.38980961035845,104.66858298966224
7358,c,165.7037720607138,165.7037720607138
7359,c,165.7037720607138,165.7037720607138
7360,t,165.7037720607138,165.7037720607138
7361,t,165.7037720607138,165.7037720607138
7362,t,165.7037720607138,165.7037720607138
7363,t,165.7037720607138,165.7037720607138
7364,t,165.7037720607138,165.7037720607138
7365,c,165.7037720607138,165.7037720607138
7366,t,165.7037720607138,165.7037720607138
7367,c,165.7037720607138,165.7037720607138
7368,c,165.7037720607138,165.7037720607138
7369,t,165.7037720607138,165.7037720607138
7370,t,165.7037720607138,165.7037720607138
7371,c,165.7037720607138,165.7037720607138
7372,t,165.7037720607138,165.7037720607138
7373,c,165.7037720607138,165.7037720607138
7374,t,165.7037720607138,165.7037720607138
7375,t,165.7037720607138,165.7037720607138
7376,t,165.7037720607138,165.7037720607138
7377,t,165.7037720607138,165.7037720607138
7378,t,165.7037720607138,165.7037720607138
7379,c,165.7037720607138,165.7037720607138
7380,c,165.7037720607138,165.7037720607138
7381,c,165.7037720607138,165.7037720607138
7382,c,7.0135652995426785,7.130552230427734
7383,c,43.77887621027239,46.523617025083325
7384,t,165.7037720607138,165.7037720607138
7385,c,165.7037720607138,165.7037720607138
7386,c,165.7037720607138,165.7037720607138
7387,t,165.7037720607138,165.7037720607138
7388,t,165.7037720607138,165.7037720607138
7389,na,3.037185465212667,9.488267838022454
7390,t,165.7037720607138,165.7037720607138
7391,c,165.7037720607138,165.7037720607138
7392,t,165.7037720607138,165.7037720607138
7393,t,165.7037720607138,165.7037720607138
7394,c,165.7037720607138,165.7037720607138
7395,na,0,15.915646564036614
7396,t,165.7037720607138,165.7037720607138
7397,t,165.7037720607138,165.7037720607138
7398,c,29.153670284577686,37.66340950269345
7399,t,165.7037720607138,165.7037720607138
7400,c,165.7037720607138,165.7037720607138
7401,c,165.7037720607138,165.7037720607138
7402,c,165.7037720607138,165.7037720607138
7403,c,2.0686664995513766,6.007217804934302
7404,c,165.7037720607138,165.7037720607138
7405,t,165.7037720607138,165.7037720607138
7406,t,165.7037720607138,165.7037720607138
7407,t,165.7037720607138,165.7037720607138
7408,t,165.7037720607138,165.7037720607138
7409,c,165.7037720607138,165.7037720607138
7410,c,165.7037720607138,165.7037720607138
7411,c,165.7037720607138,165.7037720607138
7412,t,165.7037720607138,165.7037720607138
7413,t,165.7037720607138,165.7037720607138
7414,c,165.7037720607138,165.7037720607138
7415,t,165.7037720607138,165.7037720607138
7416,c,27.409290109941153,40.32019212092756
7417,t,165.7037720607138,165.7037720607138
7418,t,165.7037720607138,165.7037720607138
7419,c,165.7037720607138,165.7037720607138
7420,t,165.7037720607138,165.7037720607138
7421,c,165.7037720607138,165.7037720607138
7422,c,165.7037720607138,165.7037720607138
7423,c,5.5174717909692115,6.487757128525697
7424,t,165.7037720607138,165.7037720607138
7425,t,165.7037720607138,165.7037720607138
7426,t,165.7037720607138,165.7037720607138
7427,t,165.7037720607138,165.7037720607138
7428,t,165.7037720607138,165.7037720607138
7429,t,165.7037720607138,165.7037720607138
7430,t,165.7037720607138,165.7037720607138
7431,t,165.7037720607138,165.7037720607138
7432,t,165.7037720607138,165.7037720607138
7433,na,-1,0
7434,c,76.22447328497694,91.92298854031111
7435,c,165.7037720607138,165.7037720607138
7436,c,10.675995072787593,13.347328951651704
7437,t,165.7037720607138,165.7037720607138
7438,t,165.7037720607138,165.7037720607138
7439,c,15.376127247855914,20.894777091209935
7440,t,165.7037720607138,165.7037720607138
7441,t,165.7037720607138,165.7037720607138
7442,t,165.7037720607138,165.7037720607138
7443,t,165.7037720607138,165.7037720607138
7444,t,165.7037720607138,165.7037720607138
7445,t,165.7037720607138,165.7037720607138
7446,c,165.7037720607138,165.7037720607138
7447,t,165.7037720607138,165.7037720607138
7448,t,165.7037720607138,165.7037720607138
7449,c,165.7037720607138,165.7037720607138
7450,t,165.7037720607138,165.7037720607138
7451,c,20.541399141812175,165.7037720607138
7452,t,165.7037720607138,165.7037720607138
7453,c,165.7037720607138,165.7037720607138
7454,t,165.7037720607138,165.7037720607138
7455,t,165.7037720607138,165.7037720607138
7456,c,165.7037720607138,165.7037720607138
7457,na,0,0.9586559819277026
7458,t,165.7037720607138,165.7037720607138
7459,c,165.7037720607138,165.7037720607138
7460,t,165.7037720607138,165.7037720607138
7461,c,165.7037720607138,165.7037720607138
7462,c,165.7037720607138,165.7037720607138
7463,t,165.7037720607138,165.7037720607138
7464,c,165.7037720607138,165.7037720607138
7465,t,165.7037720607138,165.7037720607138
7466,c,165.7037720607138,165.7037720607138
7467,t,165.7037720607138,165.7037720607138
7468,t,165.7037720607138,165.7037720607138
7469,c,165.7037720607138,165.7037720607138
7470,t,165.7037720607138,165.7037720607138
7471,t,165.7037720607138,165.7037720607138
7472,c,165.7037720607138,165.7037720607138
7473,c,165.7037720607138,165.7037720607138
7474,c,165.7037720607138,165.7037720607138
7475,c,165.7037720607138,165.7037720607138
7476,c,165.7037720607138,165.7037720607138
7477,c,165.7037720607138,165.7037720607138
7478,c,28.28211517771103,31.01660455778652
7479,t,165.7037720607138,165.7037720607138
7480,t,165.7037720607138,165.7037720607138
7481,c,165.7037720607138,165.7037720607138
7482,c,165.7037720607138,165.7037720607138
7483,c,165.7037720607138,165.7037720607138
7484,c,38.04623646432494,38.38814261660312
7485,c,165.7037720607138,165.7037720607138
7486,t,165.7037720607138,165.7037720607138
7487,c,81.29847236884761,83.55241955095696
7488,c,165.7037720607138,165.7037720607138
7489,t,165.7037720607138,165.7037720607138
7490,t,165.7037720607138,165.7037720607138
7491,c,165.7037720607138,165.7037720607138
7492,t,165.7037720607138,165.7037720607138
7493,c,96.40297721630483,102.00498856158175
7494,c,165.7037720607138,165.7037720607138
7495,c,46.40564628523348,48.767499330337344
7496,c,165.7037720607138,165.7037720607138
7497,c,165.7037720607138,165.7037720607138
7498,t,165.7037720607138,165.7037720607138
7499,c,165.7037720607138,165.7037720607138
7500,c,165.7037720607138,165.7037720607138
7501,c,165.7037720607138,165.7037720607138
7502,c,57.115865953105526,57.41026907088611
7503,c,165.7037720607138,165.7037720607138
7504,c,114.40660160948617,122.0086833902089
7505,t,165.7037720607138,165.7037720607138
7506,c,165.7037720607138,165.7037720607138
7507,t,165.7037720607138,165.7037720607138
7508,c,44.006047015538165,45.968418035288366
7509,t,165.7037720607138,165.7037720607138
7510,c,39.263247409315404,40.292072783850884
7511,c,165.7037720607138,165.7037720607138
7512,t,165.7037720607138,165.7037720607138
7513,c,83.52556296781646,86.63054890702415
7514,t,165.7037720607138,165.7037720607138
7515,c,165.7037720607138,165.7037720607138
7516,t,165.7037720607138,165.7037720607138
7517,t,165.7037720607138,165.7037720607138
7518,na,0.08219275820563224,14.573306261612315
7519,c,165.7037720607138,165.7037720607138
7520,t,165.7037720607138,165.7037720607138
7521,t,165.7037720607138,165.7037720607138
7522,t,165.7037720607138,165.7037720607138
7523,t,165.7037720607138,165.7037720607138
7524,c,165.7037720607138,165.7037720607138
7525,c,53.976350808921396,165.7037720607138
7526,c,165.7037720607138,165.7037720607138
7527,t,165.7037720607138,165.7037720607138
7528,t,165.7037720607138,165.7037720607138
7529,c,165.7037720607138,165.7037720607138
7530,t,165.7037720607138,165.7037720607138
7531,c,4.7895341705221846,8.894713280507089
7532,c,165.7037720607138,165.7037720607138
7533,c,165.7037720607138,165.7037720607138
7534,t,165.7037720607138,165.7037720607138
7535,t,165.7037720607138,165.7037720607138
7536,t,165.7037720607138,165.7037720607138
7537,t,165.7037720607138,165.7037720607138
7538,c,165.7037720607138,165.7037720607138
7539,c,23.401531108464642,23.472942956482097
7540,t,165.7037720607138,165.7037720607138
7541,c,6.974210667228883,165.7037720607138
7542,t,165.7037720607138,165.7037720607138
7543,t,165.7037720607138,165.7037720607138
7544,c,61.591956037839786,62.79323774406692
7545,t,165.7037720607138,165.7037720607138
7546,c,42.55284923574441,54.528335206193795
7547,c,165.7037720607138,165.7037720607138
7548,t,165.7037720607138,165.7037720607138
7549,t,165.7037720607138,165.7037720607138
7550,c,165.7037720607138,165.7037720607138
7551,c,165.7037720607138,165.7037720607138
7552,t,165.7037720607138,165.7037720607138
7553,t,165.7037720607138,165.7037720607138
7554,t,165.7037720607138,165.7037720607138
7555,t,165.7037720607138,165.7037720607138
7556,t,165.7037720607138,165.7037720607138
7557,t,165.7037720607138,165.7037720607138
7558,t,165.7037720607138,165.7037720607138
7559,t,165.7037720607138,165.7037720607138
7560,t,165.7037720607138,165.7037720607138
7561,c,165.7037720607138,165.7037720607138
7562,t,165.7037720607138,165.7037720607138
7563,c,165.7037720607138,165.7037720607138
7564,c,165.7037720607138,165.7037720607138
7565,t,165.7037720607138,165.7037720607138
7566,t,165.7037720607138,165.7037720607138
7567,t,165.7037720607138,165.7037720607138
7568,c,165.7037720607138,165.7037720607138
7569,c,17.01501815026706,24.491332735448324
7570,c,165.7037720607138,165.7037720607138
7571,c,11.548433534460782,165.7037720607138
7572,c,32.34664420716419,34.664451798616085
7573,na,-1,0
7574,c,165.7037720607138,165.7037720607138
7575,na,-1,0
7576,c,47.16722955886096,47.23612781297719
7577,t,165.7037720607138,165.7037720607138
7578,c,165.7037720607138,165.7037720607138
7579,c,28.302851758704275,29.231433636417336
7580,t,165.7037720607138,165.7037720607138
7581,c,165.7037720607138,165.7037720607138
7582,c,165.7037720607138,165.7037720607138
7583,c,23.778881251137534,27.600013074663703
7584,t,165.7037720607138,165.7037720607138
7585,t,165.7037720607138,165.7037720607138
7586,na,5.653059354177711,11.328405035371706
7587,t,165.7037720607138,165.7037720607138
7588,c,12.535809361694287,13.593793156024349
7589,c,165.7037720607138,165.7037720607138
7590,c,165.7037720607138,165.7037720607138
7591,c,165.7037720607138,165.7037720607138
7592,c,47.98858776802334,48.00180794736262
7593,na,0,15.850530052660078
7594,c,165.7037720607138,165.7037720607138
7595,t,165.7037720607138,165.7037720607138
7596,c,165.7037720607138,165.7037720607138
7597,c,165.7037720607138,165.7037720607138
7598,t,165.7037720607138,165.7037720607138
7599,t,165.7037720607138,165.7037720607138
7600,c,165.7037720607138,165.7037720607138
7601,t,165.7037720607138,165.7037720607138
7602,c,165.7037720607138,165.7037720607138
7603,t,165.7037720607138,165.7037720607138
7604,c,165.7037720607138,165.7037720607138
7605,c,165.7037720607138,165.7037720607138
7606,c,165.7037720607138,165.7037720607138
7607,na,0,1.486049712194494
7608,c,165.7037720607138,165.7037720607138
7609,c,165.7037720607138,165.7037720607138
7610,c,137.1717868535718,141.60038529001727
7611,t,165.7037720607138,165.7037720607138
7612,c,165.7037720607138,165.7037720607138
7613,c,165.7037720607138,165.7037720607138
7614,t,165.7037720607138,165.7037720607138
7615,c,165.7037720607138,165.7037720607138
7616,c,165.7037720607138,165.7037720607138
7617,c,165.7037720607138,165.7037720607138
7618,t,165.7037720607138,165.7037720607138
7619,t,165.7037720607138,165.7037720607138
7620,t,165.7037720607138,165.7037720607138
7621,t,165.7037720607138,165.7037720607138
7622,t,165.7037720607138,165.7037720607138
7623,c,165.7037720607138,165.7037720607138
7624,t,165.7037720607138,165.7037720607138
7625,t,165.7037720607138,165.7037720607138
7626,t,165.7037720607138,165.7037720607138
7627,t,165.7037720607138,165.7037720607138
7628,t,165.7037720607138,165.7037720607138
7629,c,22.381448900251016,25.25588339323281
7630,t,165.7037720607138,165.7037720607138
7631,t,165.7037720607138,165.7037720607138
7632,c,3.743835386697662,8.071121549548765
7633,c,165.7037720607138,165.7037720607138
7634,t,165.7037720607138,165.7037720607138
7635,t,165.7037720607138,165.7037720607138
7636,t,165.7037720607138,165.7037720607138
7637,c,165.7037720607138,165.7037720607138
7638,t,165.7037720607138,165.7037720607138
7639,t,165.7037720607138,165.7037720607138
7640,t,165.7037720607138,165.7037720607138
7641,t,165.7037720607138,165.7037720607138
7642,t,165.7037720607138,165.7037720607138
7643,t,165.7037720607138,165.7037720607138
7644,t,165.7037720607138,165.7037720607138
7645,t,165.7037720607138,165.7037720607138
7646,c,165.7037720607138,165.7037720607138
7647,t,165.7037720607138,165.7037720607138
7648,t,165.7037720607138,165.7037720607138
7649,c,165.7037720607138,165.7037720607138
7650,t,165.7037720607138,165.7037720607138
7651,c,59.61997410814861,66.91182103105088
7652,t,165.7037720607138,165.7037720607138
7653,c,165.7037720607138,165.7037720607138
7654,t,165.7037720607138,165.7037720607138
7655,c,165.7037720607138,165.7037720607138
7656,t,165.7037720607138,165.7037720607138
7657,t,165.7037720607138,165.7037720607138
7658,t,165.7037720607138,165.7037720607138
7659,t,165.7037720607138,165.7037720607138
7660,t,165.7037720607138,165.7037720607138
7661,c,165.7037720607138,165.7037720607138
7662,c,24.46803001556566,26.598875614965614
7663,c,165.7037720607138,165.7037720607138
7664,t,165.7037720607138,165.7037720607138
7665,t,165.7037720607138,165.7037720607138
7666,t,165.7037720607138,165.7037720607138
7667,t,165.7037720607138,165.7037720607138
7668,t,165.7037720607138,165.7037720607138
7669,c,17.780512323381934,17.992770059184572
7670,c,165.7037720607138,165.7037720607138
7671,t,165.7037720607138,165.7037720607138
7672,c,165.7037720607138,165.7037720607138
7673,c,165.7037720607138,165.7037720607138
7674,c,165.7037720607138,165.7037720607138
7675,t,165.7037720607138,165.7037720607138
7676,t,165.7037720607138,165.7037720607138
7677,c,32.55361289209997,33.43326939897076
7678,t,165.7037720607138,165.7037720607138
7679,c,165.7037720607138,165.7037720607138
7680,c,19.30402150349395,20.723853162347904
7681,c,165.7037720607138,165.7037720607138
7682,c,165.7037720607138,165.7037720607138
7683,t,165.7037720607138,165.7037720607138
7684,t,165.7037720607138,165.7037720607138
7685,t,165.7037720607138,165.7037720607138
7686,c,165.7037720607138,165.7037720607138
7687,c,165.7037720607138,165.7037720607138
7688,t,165.7037720607138,165.7037720607138
7689,t,165.7037720607138,165.7037720607138
7690,c,165.7037720607138,165.7037720607138
7691,t,165.7037720607138,165.7037720607138
7692,t,165.7037720607138,165.7037720607138
7693,t,165.7037720607138,165.7037720607138
7694,c,28.83288877756778,42.64027229269105
7695,t,165.7037720607138,165.7037720607138
7696,t,165.7037720607138,165.7037720607138
7697,t,165.7037720607138,165.7037720607138
7698,c,165.7037720607138,165.7037720607138
7699,t,165.7037720607138,165.7037720607138
7700,c,64.75392900837312,165.7037720607138
7701,t,165.7037720607138,165.7037720607138
7702,c,165.7037720607138,165.7037720607138
7703,t,165.7037720607138,165.7037720607138
7704,t,165.7037720607138,165.7037720607138
7705,t,165.7037720607138,165.7037720607138
7706,c,165.7037720607138,165.7037720607138
7707,c,165.7037720607138,165.7037720607138
7708,c,63.51201535189699,77.42922757359267
7709,c,165.7037720607138,165.7037720607138
7710,c,165.7037720607138,165.7037720607138
7711,c,165.7037720607138,165.7037720607138
7712,c,57.70393575043127,59.612984804695124
7713,t,165.7037720607138,165.7037720607138
7714,t,165.7037720607138,165.7037720607138
7715,t,165.7037720607138,165.7037720607138
7716,t,165.7037720607138,165.7037720607138
7717,t,165.7037720607138,165.7037720607138
7718,t,165.7037720607138,165.7037720607138
7719,t,165.7037720607138,165.7037720607138
7720,t,165.7037720607138,165.7037720607138
7721,t,165.7037720607138,165.7037720607138
7722,c,8.878171522880045,10.151169802164645
7723,t,165.7037720607138,165.7037720607138
7724,t,165.7037720607138,165.7037720607138
7725,t,165.7037720607138,165.7037720607138
7726,c,18.61307691766247,23.205804384866138
7727,t,165.7037720607138,165.7037720607138
7728,c,14.86939780500035,16.00771802575656
7729,t,165.7037720607138,165.7037720607138
7730,t,165.7037720607138,165.7037720607138
7731,c,165.7037720607138,165.7037720607138
7732,c,5.5653000701782895,9.16258264015885
7733,t,165.7037720607138,165.7037720607138
7734,t,165.7037720607138,165.7037720607138
7735,c,165.7037720607138,165.7037720607138
7736,c,35.022556359147345,40.70293382089921
7737,c,165.7037720607138,165.7037720607138
7738,t,165.7037720607138,165.7037720607138
7739,t,165.7037720607138,165.7037720607138
7740,c,43.856377040784494,44.28656506720091
7741,c,26.97548635121245,35.03655212513447
7742,c,89.29219633835538,92.43142762902589
7743,c,63.08835808046571,69.58163444466216
7744,t,165.7037720607138,165.7037720607138
7745,t,165.7037720607138,165.7037720607138
7746,c,45.07811296008736,46.38685114754542
7747,c,165.7037720607138,165.7037720607138
7748,t,165.7037720607138,165.7037720607138
7749,t,165.7037720607138,165.7037720607138
7750,t,165.7037720607138,165.7037720607138
7751,c,165.7037720607138,165.7037720607138
7752,c,11.566359851702305,12.201791944494007
7753,t,165.7037720607138,165.7037720607138
7754,c,165.7037720607138,165.7037720607138
7755,c,165.7037720607138,165.7037720607138
7756,c,165.7037720607138,165.7037720607138
7757,t,165.7037720607138,165.7037720607138
7758,c,165.7037720607138,165.7037720607138
7759,c,165.7037720607138,165.7037720607138
7760,c,165.7037720607138,165.7037720607138
7761,c,9.144855887953481,45.108805490251626
7762,t,165.7037720607138,165.7037720607138
7763,c,165.7037720607138,165.7037720607138
7764,t,165.7037720607138,165.7037720607138
7765,t,165.7037720607138,165.7037720607138
7766,t,165.7037720607138,165.7037720607138
7767,c,165.7037720607138,165.7037720607138
7768,c,165.7037720607138,165.7037720607138
7769,c,19.801301526187775,21.788479684365935
7770,c,165.7037720607138,165.7037720607138
7771,c,165.7037720607138,165.7037720607138
7772,t,165.7037720607138,165.7037720607138
7773,t,165.7037720607138,165.7037720607138
7774,c,165.7037720607138,165.7037720607138
7775,t,165.7037720607138,165.7037720607138
7776,t,165.7037720607138,165.7037720607138
7777,c,165.7037720607138,165.7037720607138
7778,t,165.7037720607138,165.7037720607138
7779,c,165.7037720607138,165.7037720607138
7780,c,165.7037720607138,165.7037720607138
7781,t,165.7037720607138,165.7037720607138
7782,c,165.7037720607138,165.7037720607138
7783,c,165.7037720607138,165.7037720607138
7784,c,165.7037720607138,165.7037720607138
7785,c,165.7037720607138,165.7037720607138
7786,t,165.7037720607138,165.7037720607138
7787,t,165.7037720607138,165.7037720607138
7788,c,165.7037720607138,165.7037720607138
7789,c,165.7037720607138,165.7037720607138
7790,c,165.7037720607138,165.7037720607138
7791,c,78.33803622086432,86.50136284366299
7792,c,27.12571297918088,30.201335896672166
7793,t,165.7037720607138,165.7037720607138
7794,c,59.35476532425445,165.7037720607138
7795,t,165.7037720607138,165.7037720607138
7796,t,165.7037720607138,165.7037720607138
7797,c,165.7037720607138,165.7037720607138
7798,c,165.7037720607138,165.7037720607138
7799,c,31.525878129624136,37.94120690996881
7800,c,134.02391132735173,139.5666839943101
7801,t,165.7037720607138,165.7037720607138
7802,t,165.7037720607138,165.7037720607138
7803,c,55.07015888378565,57.269339971993745
7804,c,165.7037720607138,165.7037720607138
7805,c,165.7037720607138,165.7037720607138
7806,t,165.7037720607138,165.7037720607138
7807,c,4.112703948625205,165.7037720607138
7808,t,165.7037720607138,165.7037720607138
7809,na,4.3682464537199985,5.872469163117336
7810,t,165.7037720607138,165.7037720607138
7811,c,165.7037720607138,165.7037720607138
7812,c,38.239460543918995,39.33612639285694
7813,t,165.7037720607138,165.7037720607138
7814,t,165.7037720607138,165.7037720607138
7815,c,165.7037720607138,165.7037720607138
7816,na,0,8.339153040458696
7817,c,165.7037720607138,165.7037720607138
7818,c,165.7037720607138,165.7037720607138
7819,t,165.7037720607138,165.7037720607138
7820,t,165.7037720607138,165.7037720607138
7821,t,165.7037720607138,165.7037720607138
7822,c,165.7037720607138,165.7037720607138
7823,t,165.7037720607138,165.7037720607138
7824,t,165.7037720607138,165.7037720607138
7825,c,165.7037720607138,165.7037720607138
7826,c,165.7037720607138,165.7037720607138
7827,c,165.7037720607138,165.7037720607138
7828,c,165.7037720607138,165.7037720607138
7829,t,165.7037720607138,165.7037720607138
7830,t,165.7037720607138,165.7037720607138
7831,c,165.7037720607138,165.7037720607138
7832,c,165.7037720607138,165.7037720607138
7833,c,165.7037720607138,165.7037720607138
7834,t,165.7037720607138,165.7037720607138
7835,c,10.227411144480511,165.7037720607138
7836,t,165.7037720607138,165.7037720607138
7837,c,67.43501475645078,75.56288875798668
7838,t,165.7037720607138,165.7037720607138
7839,c,165.7037720607138,165.7037720607138
7840,t,165.7037720607138,165.7037720607138
7841,t,165.7037720607138,165.7037720607138
7842,c,23.21973613253812,27.29064589955742
7843,c,49.94595836645955,53.1606108881718
7844,c,165.7037720607138,165.7037720607138
7845,c,33.945932795325525,40.22538214988841
7846,t,165.7037720607138,165.7037720607138
7847,t,165.7037720607138,165.7037720607138
7848,t,165.7037720607138,165.7037720607138
7849,t,165.7037720607138,165.7037720607138
7850,t,165.7037720607138,165.7037720607138
7851,t,165.7037720607138,165.7037720607138
7852,t,165.7037720607138,165.7037720607138
7853,c,165.7037720607138,165.7037720607138
7854,c,165.7037720607138,165.7037720607138
7855,t,165.7037720607138,165.7037720607138
7856,c,38.44536977222163,41.28689431066677
7857,c,165.7037720607138,165.7037720607138
7858,c,20.8290430591697,22.299363512075406
7859,t,165.7037720607138,165.7037720607138
7860,t,165.7037720607138,165.7037720607138
7861,c,165.7037720607138,165.7037720607138
7862,t,165.7037720607138,165.7037720607138
7863,t,165.7037720607138,165.7037720607138
7864,t,165.7037720607138,165.7037720607138
7865,c,165.7037720607138,165.7037720607138
7866,c,165.7037720607138,165.7037720607138
7867,c,165.7037720607138,165.7037720607138
7868,c,165.7037720607138,165.7037720607138
7869,c,165.7037720607138,165.7037720607138
7870,t,165.7037720607138,165.7037720607138
7871,c,165.7037720607138,165.7037720607138
7872,t,165.7037720607138,165.7037720607138
7873,t,165.7037720607138,165.7037720607138
7874,t,165.7037720607138,165.7037720607138
7875,na,2.720389472236901,3.6045250823899275
7876,c,165.7037720607138,165.7037720607138
7877,c,165.7037720607138,165.7037720607138
7878,c,165.7037720607138,165.7037720607138
7879,c,165.7037720607138,165.7037720607138
7880,t,165.7037720607138,165.7037720607138
7881,c,27.639134773962937,41.26910537631246
7882,t,165.7037720607138,165.7037720607138
7883,c,55.67633487774417,59.20253700099657
7884,t,165.7037720607138,165.7037720607138
7885,t,165.7037720607138,165.7037720607138
7886,t,165.7037720607138,165.7037720607138
7887,c,165.7037720607138,165.7037720607138
7888,t,165.7037720607138,165.7037720607138
7889,t,165.7037720607138,165.7037720607138
7890,c,165.7037720607138,165.7037720607138
7891,t,165.7037720607138,165.7037720607138
7892,c,47.96728589823896,49.02373874186864
7893,c,165.7037720607138,165.7037720607138
7894,c,165.7037720607138,165.7037720607138
7895,t,165.7037720607138,165.7037720607138
7896,na,-1,0
7897,t,165.7037720607138,165.7037720607138
7898,c,165.7037720607138,165.7037720607138
7899,c,165.7037720607138,165.7037720607138
7900,c,165.7037720607138,165.7037720607138
7901,t,165.7037720607138,165.7037720607138
7902,t,165.7037720607138,165.7037720607138
7903,c,165.7037720607138,165.7037720607138
7904,c,165.7037720607138,165.7037720607138
7905,c,41.23787172292772,42.75134019678545
7906,c,24.352918499554363,32.17222309301239
7907,t,165.7037720607138,165.7037720607138
7908,t,165.7037720607138,165.7037720607138
7909,c,43.86588358180405,47.512922631003406
7910,c,165.7037720607138,165.7037720607138
7911,t,165.7037720607138,165.7037720607138
7912,t,165.7037720607138,165.7037720607138
7913,t,165.7037720607138,165.7037720607138
7914,t,165.7037720607138,165.7037720607138
7915,c,165.7037720607138,165.7037720607138
7916,c,165.7037720607138,165.7037720607138
7917,c,165.7037720607138,165.7037720607138
7918,t,165.7037720607138,165.7037720607138
7919,t,165.7037720607138,165.7037720607138
7920,c,165.7037720607138,165.7037720607138
7921,t,165.7037720607138,165.7037720607138
7922,c,34.38294909234631,36.59269700810664
7923,t,165.7037720607138,165.7037720607138
7924,c,165.7037720607138,165.7037720607138
7925,c,43.122944050819015,66.9295159088417
7926,c,165.7037720607138,165.7037720607138
7927,t,165.7037720607138,165.7037720607138
7928,t,165.7037720607138,165.7037720607138
7929,t,165.7037720607138,165.7037720607138
7930,c,165.7037720607138,165.7037720607138
7931,c,165.7037720607138,165.7037720607138
7932,c,165.7037720607138,165.7037720607138
7933,t,165.7037720607138,165.7037720607138
7934,t,165.7037720607138,165.7037720607138
7935,c,165.7037720607138,165.7037720607138
7936,t,165.7037720607138,165.7037720607138
7937,t,165.7037720607138,165.7037720607138
7938,c,165.7037720607138,165.7037720607138
7939,t,165.7037720607138,165.7037720607138
7940,c,33.60247189923416,34.10003872045553
7941,c,165.7037720607138,165.7037720607138
7942,t,165.7037720607138,165.7037720607138
7943,t,165.7037720607138,165.7037720607138
7944,t,165.7037720607138,165.7037720607138
7945,c,27.500670669906658,165.7037720607138
7946,t,165.7037720607138,165.7037720607138
7947,t,165.7037720607138,165.7037720607138
7948,c,165.7037720607138,165.7037720607138
7949,t,165.7037720607138,165.7037720607138
7950,c,46.73148046898639,55.12928464674542
7951,t,165.7037720607138,165.7037720607138
7952,na,0,8.013401932817661
7953,c,3.9801064210214405,8.882185063272726
7954,t,165.7037720607138,165.7037720607138
7955,t,165.7037720607138,165.7037720607138
7956,c,165.7037720607138,165.7037720607138
7957,c,23.526887123986324,25.973517854788774
7958,c,11.014278384759008,14.221998982151808
7959,t,165.7037720607138,165.7037720607138
7960,c,165.7037720607138,165.7037720607138
7961,c,10.049001156805662,10.61000156458122
7962,c,165.7037720607138,165.7037720607138
7963,c,165.7037720607138,165.7037720607138
7964,t,165.7037720607138,165.7037720607138
7965,c,165.7037720607138,165.7037720607138
7966,t,165.7037720607138,165.7037720607138
7967,c,51.02035546537335,53.52055831184533
7968,c,165.7037720607138,165.7037720607138
7969,t,165.7037720607138,165.7037720607138
7970,na,-1,0
7971,t,165.7037720607138,165.7037720607138
7972,c,165.7037720607138,165.7037720607138
7973,c,165.7037720607138,165.7037720607138
7974,c,165.7037720607138,165.7037720607138
7975,c,165.7037720607138,165.7037720607138
7976,c,165.7037720607138,165.7037720607138
7977,c,165.7037720607138,165.7037720607138
7978,t,165.7037720607138,165.7037720607138
7979,c,165.7037720607138,165.7037720607138
7980,c,165.7037720607138,165.7037720607138
7981,t,165.7037720607138,165.7037720607138
7982,t,165.7037720607138,165.7037720607138
7983,c,11.849893451936838,25.71062670030267
7984,c,165.7037720607138,165.7037720607138
7985,t,165.7037720607138,165.7037720607138
7986,t,165.7037720607138,165.7037720607138
7987,t,165.7037720607138,165.7037720607138
7988,t,165.7037720607138,165.7037720607138
7989,t,165.7037720607138,165.7037720607138
7990,t,165.7037720607138,165.7037720607138
7991,c,165.7037720607138,165.7037720607138
7992,c,165.7037720607138,165.7037720607138
7993,t,165.7037720607138,165.7037720607138
7994,c,165.7037720607138,165.7037720607138
7995,t,165.7037720607138,165.7037720607138
7996,t,165.7037720607138,165.7037720607138
7997,t,165.7037720607138,165.7037720607138
7998,c,165.7037720607138,165.7037720607138
7999,t,165.7037720607138,165.7037720607138
8000,c,165.7037720607138,165.7037720607138
8001,t,165.7037720607138,165.7037720607138
8002,t,165.7037720607138,165.7037720607138
8003,c,165.7037720607138,165.7037720607138
8004,c,165.7037720607138,165.7037720607138
8005,t,165.7037720607138,165.7037720607138
8006,c,147.20485819484463,160.7765172712675
8007,t,165.7037720607138,165.7037720607138
8008,t,165.7037720607138,165.7037720607138
8009,t,165.7037720607138,165.7037720607138
8010,t,165.7037720607138,165.7037720607138
8011,t,165.7037720607138,165.7037720607138
8012,t,165.7037720607138,165.7037720607138
8013,t,165.7037720607138,165.7037720607138
8014,t,165.7037720607138,165.7037720607138
8015,t,165.7037720607138,165.7037720607138
8016,t,165.7037720607138,165.7037720607138
8017,t,165.7037720607138,165.7037720607138
8018,c,165.7037720607138,165.7037720607138
8019,t,165.7037720607138,165.7037720607138
8020,c,165.7037720607138,165.7037720607138
8021,c,38.61435508121405,42.026305223324364
8022,t,165.7037720607138,165.7037720607138
8023,t,165.7037720607138,165.7037720607138
8024,c,165.7037720607138,165.7037720607138
8025,c,165.7037720607138,165.7037720607138
8026,t,165.7037720607138,165.7037720607138
8027,t,165.7037720607138,165.7037720607138
8028,c,165.7037720607138,165.7037720607138
8029,c,165.7037720607138,165.7037720607138
8030,t,165.7037720607138,165.7037720607138
8031,c,165.7037720607138,165.7037720607138
8032,na,1.4739444532536163,11.033479074598928
8033,c,165.7037720607138,165.7037720607138
8034,c,30.6105081810341,35.35564753438883
8035,t,165.7037720607138,165.7037720607138
8036,t,165.7037720607138,165.7037720607138
8037,t,165.7037720607138,165.7037720607138
8038,c,165.7037720607138,165.7037720607138
8039,c,165.7037720607138,165.7037720607138
8040,c,165.7037720607138,165.7037720607138
8041,c,103.79427852124314,105.09702782784106
8042,t,165.7037720607138,165.7037720607138
8043,t,165.7037720607138,165.7037720607138
8044,t,165.7037720607138,165.7037720607138
8045,t,165.7037720607138,165.7037720607138
8046,c,165.7037720607138,165.7037720607138
8047,t,165.7037720607138,165.7037720607138
8048,t,165.7037720607138,165.7037720607138
8049,t,165.7037720607138,165.7037720607138
8050,c,165.7037720607138,165.7037720607138
8051,t,165.7037720607138,165.7037720607138
8052,c,165.7037720607138,165.7037720607138
8053,c,165.7037720607138,165.7037720607138
8054,c,21.94830566823251,25.34664775657658
8055,c,165.7037720607138,165.7037720607138
8056,t,165.7037720607138,165.7037720607138
8057,t,165.7037720607138,165.7037720607138
8058,t,165.7037720607138,165.7037720607138
8059,t,165.7037720607138,165.7037720607138
8060,c,23.392172912411027,25.377012971831782
8061,c,165.7037720607138,165.7037720607138
8062,t,165.7037720607138,165.7037720607138
8063,t,165.7037720607138,165.7037720607138
8064,t,165.7037720607138,165.7037720607138
8065,c,165.7037720607138,165.7037720607138
8066,c,165.7037720607138,165.7037720607138
8067,na,0.2337697184310898,6.183718745377069
8068,c,165.7037720607138,165.7037720607138
8069,c,165.7037720607138,165.7037720607138
8070,t,165.7037720607138,165.7037720607138
8071,c,165.7037720607138,165.7037720607138
8072,c,165.7037720607138,165.7037720607138
8073,t,165.7037720607138,165.7037720607138
8074,t,165.7037720607138,165.7037720607138
8075,c,165.7037720607138,165.7037720607138
8076,c,165.7037720607138,165.7037720607138
8077,t,165.7037720607138,165.7037720607138
8078,t,165.7037720607138,165.7037720607138
8079,c,32.743994672900165,45.41271504211237
8080,c,165.7037720607138,165.7037720607138
8081,c,165.7037720607138,165.7037720607138
8082,c,27.239728607993552,27.536973335981454
8083,c,165.7037720607138,165.7037720607138
8084,t,165.7037720607138,165.7037720607138
8085,c,165.7037720607138,165.7037720607138
8086,c,165.7037720607138,165.7037720607138
8087,t,165.7037720607138,165.7037720607138
8088,c,24.10218587651811,26.386916509321786
8089,t,165.7037720607138,165.7037720607138
8090,t,165.7037720607138,165.7037720607138
8091,t,165.7037720607138,165.7037720607138
8092,c,165.7037720607138,165.7037720607138
8093,t,165.7037720607138,165.7037720607138
8094,t,165.7037720607138,165.7037720607138
8095,c,165.7037720607138,165.7037720607138
8096,t,165.7037720607138,165.7037720607138
8097,t,165.7037720607138,165.7037720607138
8098,c,165.7037720607138,165.7037720607138
8099,t,165.7037720607138,165.7037720607138
8100,c,165.7037720607138,165.7037720607138
8101,c,165.7037720607138,165.7037720607138
8102,t,165.7037720607138,165.7037720607138
8103,c,165.7037720607138,165.7037720607138
8104,c,165.7037720607138,165.7037720607138
8105,c,14.319979264751261,15.89966301684774
8106,t,165.7037720607138,165.7037720607138
8107,c,165.7037720607138,165.7037720607138
8108,c,165.7037720607138,165.7037720607138
8109,t,165.7037720607138,165.7037720607138
8110,c,165.7037720607138,165.7037720607138
8111,c,31.73462722970782,33.52505796055902
8112,t,165.7037720607138,165.7037720607138
8113,c,165.7037720607138,165.7037720607138
8114,t,165.7037720607138,165.7037720607138
8115,t,165.7037720607138,165.7037720607138
8116,t,165.7037720607138,165.7037720607138
8117,c,165.7037720607138,165.7037720607138
8118,c,165.7037720607138,165.7037720607138
8119,t,165.7037720607138,165.7037720607138
8120,c,165.7037720607138,165.7037720607138
8121,c,165.7037720607138,165.7037720607138
8122,c,165.7037720607138,165.7037720607138
8123,t,165.7037720607138,165.7037720607138
8124,t,165.7037720607138,165.7037720607138
8125,t,165.7037720607138,165.7037720607138
8126,t,165.7037720607138,165.7037720607138
8127,c,165.7037720607138,165.7037720607138
8128,c,28.135955537877365,33.03185160647844
8129,c,165.7037720607138,165.7037720607138
8130,c,165.7037720607138,165.7037720607138
8131,t,165.7037720607138,165.7037720607138
8132,c,51.33338749632033,62.30666334075724
8133,t,165.7037720607138,165.7037720607138
8134,c,165.7037720607138,165.7037720607138
8135,t,165.7037720607138,165.7037720607138
8136,c,165.7037720607138,165.7037720607138
8137,t,165.7037720607138,165.7037720607138
8138,na,-1,0
8139,t,165.7037720607138,165.7037720607138
8140,c,39.24978080609814,47.816002764954625
8141,c,165.7037720607138,165.7037720607138
8142,t,165.7037720607138,165.7037720607138
8143,t,165.7037720607138,165.7037720607138
8144,t,165.7037720607138,165.7037720607138
8145,t,165.7037720607138,165.7037720607138
8146,c,165.7037720607138,165.7037720607138
8147,t,165.7037720607138,165.7037720607138
8148,c,165.7037720607138,165.7037720607138
8149,c,165.7037720607138,165.7037720607138
8150,t,165.7037720607138,165.7037720607138
8151,t,165.7037720607138,165.7037720607138
8152,c,165.7037720607138,165.7037720607138
8153,c,165.7037720607138,165.7037720607138
8154,c,165.7037720607138,165.7037720607138
8155,t,165.7037720607138,165.7037720607138
8156,c,165.7037720607138,165.7037720607138
8157,t,165.7037720607138,165.7037720607138
8158,t,165.7037720607138,165.7037720607138
8159,t,165.7037720607138,165.7037720607138
8160,t,165.7037720607138,165.7037720607138
8161,t,165.7037720607138,165.7037720607138
8162,c,165.7037720607138,165.7037720607138
8163,t,165.7037720607138,165.7037720607138
8164,t,165.7037720607138,165.7037720607138
8165,t,165.7037720607138,165.7037720607138
8166,t,165.7037720607138,165.7037720607138
8167,t,165.7037720607138,165.7037720607138
8168,c,165.7037720607138,165.7037720607138
8169,c,165.7037720607138,165.7037720607138
8170,c,165.7037720607138,165.7037720607138
8171,c,165.7037720607138,165.7037720607138
8172,c,165.7037720607138,165.7037720607138
8173,c,165.7037720607138,165.7037720607138
8174,c,165.7037720607138,165.7037720607138
8175,c,165.7037720607138,165.7037720607138
8176,c,165.7037720607138,165.7037720607138
8177,t,165.7037720607138,165.7037720607138
8178,t,165.7037720607138,165.7037720607138
8179,c,31.54943410629589,165.7037720607138
8180,c,165.7037720607138,165.7037720607138
8181,t,165.7037720607138,165.7037720607138
8182,t,165.7037720607138,165.7037720607138
8183,c,165.7037720607138,165.7037720607138
8184,t,165.7037720607138,165.7037720607138
8185,c,165.7037720607138,165.7037720607138
8186,c,165.7037720607138,165.7037720607138
8187,c,165.7037720607138,165.7037720607138
8188,t,165.7037720607138,165.7037720607138
8189,t,165.7037720607138,165.7037720607138
8190,c,165.7037720607138,165.7037720607138
8191,t,165.7037720607138,165.7037720607138
8192,t,165.7037720607138,165.7037720607138
8193,t,165.7037720607138,165.7037720607138
8194,t,165.7037720607138,165.7037720607138
8195,t,165.7037720607138,165.7037720607138
8196,t,165.7037720607138,165.7037720607138
8197,t,165.7037720607138,165.7037720607138
8198,na,0.05763591284483668,165.7037720607138
8199,t,165.7037720607138,165.7037720607138
8200,c,47.3304237995792,48.36701537499054
8201,t,165.7037720607138,165.7037720607138
8202,c,165.7037720607138,165.7037720607138
8203,t,165.7037720607138,165.7037720607138
8204,c,165.7037720607138,165.7037720607138
8205,c,21.221826704660945,25.39997425843784
8206,c,165.7037720607138,165.7037720607138
8207,c,66.69291781986429,69.65339029307947
8208,t,165.7037720607138,165.7037720607138
8209,c,49.34561341003351,50.09247111881357
8210,c,165.7037720607138,165.7037720607138
8211,t,165.7037720607138,165.7037720607138
8212,c,165.7037720607138,165.7037720607138
8213,c,165.7037720607138,165.7037720607138
8214,c,165.7037720607138,165.7037720607138
8215,c,165.7037720607138,165.7037720607138
8216,t,165.7037720607138,165.7037720607138
8217,c,165.7037720607138,165.7037720607138
8218,c,165.7037720607138,165.7037720607138
8219,t,165.7037720607138,165.7037720607138
8220,t,165.7037720607138,165.7037720607138
8221,t,165.7037720607138,165.7037720607138
8222,c,165.7037720607138,165.7037720607138
8223,t,165.7037720607138,165.7037720607138
8224,t,165.7037720607138,165.7037720607138
8225,c,38.589834534028874,46.89270500038243
8226,c,165.7037720607138,165.7037720607138
8227,c,13.960228263800307,14.134746180687552
8228,t,165.7037720607138,165.7037720607138
8229,t,165.7037720607138,165.7037720607138
8230,t,165.7037720607138,165.7037720607138
8231,t,165.7037720607138,165.7037720607138
8232,c,165.7037720607138,165.7037720607138
8233,c,15.321471127042756,26.430251074713375
8234,c,165.7037720607138,165.7037720607138
8235,c,10.137470560065195,165.7037720607138
8236,t,165.7037720607138,165.7037720607138
8237,t,165.7037720607138,165.7037720607138
8238,t,165.7037720607138,165.7037720607138
8239,c,165.7037720607138,165.7037720607138
8240,c,165.7037720607138,165.7037720607138
8241,c,33.36248824091525,34.56994569714114
8242,c,165.7037720607138,165.7037720607138
8243,t,165.7037720607138,165.7037720607138
8244,c,165.7037720607138,165.7037720607138
8245,c,59.639086214225074,63.459406931685024
8246,c,165.7037720607138,165.7037720607138
8247,t,165.7037720607138,165.7037720607138
8248,c,165.7037720607138,165.7037720607138
8249,c,165.7037720607138,165.7037720607138
8250,c,50.35675751183364,51.66924053134339
8251,c,165.7037720607138,165.7037720607138
8252,t,165.7037720607138,165.7037720607138
8253,c,45.79530280152795,50.83918463187136
8254,t,165.7037720607138,165.7037720607138
8255,c,165.7037720607138,165.7037720607138
8256,c,165.7037720607138,165.7037720607138
8257,t,165.7037720607138,165.7037720607138
8258,t,165.7037720607138,165.7037720607138
8259,c,165.7037720607138,165.7037720607138
8260,t,165.7037720607138,165.7037720607138
8261,t,165.7037720607138,165.7037720607138
8262,c,25.433588437801976,26.61701095858686
8263,t,165.7037720607138,165.7037720607138
8264,t,165.7037720607138,165.7037720607138
8265,t,165.7037720607138,165.7037720607138
8266,t,165.7037720607138,165.7037720607138
8267,t,165.7037720607138,165.7037720607138
8268,t,165.7037720607138,165.7037720607138
8269,c,165.7037720607138,165.7037720607138
8270,t,165.7037720607138,165.7037720607138
8271,t,165.7037720607138,165.7037720607138
8272,c,165.7037720607138,165.7037720607138
8273,t,165.7037720607138,165.7037720607138
8274,t,165.7037720607138,165.7037720607138
8275,c,165.7037720607138,165.7037720607138
8276,t,165.7037720607138,165.7037720607138
8277,t,165.7037720607138,165.7037720607138
8278,t,165.7037720607138,165.7037720607138
8279,t,165.7037720607138,165.7037720607138
8280,c,165.7037720607138,165.7037720607138
8281,c,165.7037720607138,165.7037720607138
8282,t,165.7037720607138,165.7037720607138
8283,t,165.7037720607138,165.7037720607138
8284,t,165.7037720607138,165.7037720607138
8285,c,58.11365537082796,59.50353768233056
8286,t,165.7037720607138,165.7037720607138
8287,c,165.7037720607138,165.7037720607138
8288,t,165.7037720607138,165.7037720607138
8289,c,165.7037720607138,165.7037720607138
8290,t,165.7037720607138,165.7037720607138
8291,t,165.7037720607138,165.7037720607138
8292,c,165.7037720607138,165.7037720607138
8293,c,165.7037720607138,165.7037720607138
8294,t,165.7037720607138,165.7037720607138
8295,t,165.7037720607138,165.7037720607138
8296,c,14.836525876898493,15.233865356598912
8297,c,165.7037720607138,165.7037720607138
8298,c,165.7037720607138,165.7037720607138
8299,t,165.7037720607138,165.7037720607138
8300,t,165.7037720607138,165.7037720607138
8301,t,165.7037720607138,165.7037720607138
8302,c,165.7037720607138,165.7037720607138
8303,c,9.192685105079962,10.468924485573577
8304,c,165.7037720607138,165.7037720607138
8305,c,165.7037720607138,165.7037720607138
8306,c,165.7037720607138,165.7037720607138
8307,c,165.7037720607138,165.7037720607138
8308,t,165.7037720607138,165.7037720607138
8309,c,35.939972133481625,36.72874685020649
8310,t,165.7037720607138,165.7037720607138
8311,c,165.7037720607138,165.7037720607138
8312,c,165.7037720607138,165.7037720607138
8313,na,8.159579749537054,20.683208715436844
8314,c,165.7037720607138,165.7037720607138
8315,c,165.7037720607138,165.7037720607138
8316,c,165.7037720607138,165.7037720607138
8317,t,165.7037720607138,165.7037720607138
8318,c,24.178261841455868,24.934003064241455
8319,t,165.7037720607138,165.7037720607138
8320,t,165.7037720607138,165.7037720607138
8321,t,165.7037720607138,165.7037720607138
8322,c,165.7037720607138,165.7037720607138
8323,t,165.7037720607138,165.7037720607138
8324,c,165.7037720607138,165.7037720607138
8325,t,165.7037720607138,165.7037720607138
8326,t,165.7037720607138,165.7037720607138
8327,t,165.7037720607138,165.7037720607138
8328,t,165.7037720607138,165.7037720607138
8329,t,165.7037720607138,165.7037720607138
8330,c,165.7037720607138,165.7037720607138
8331,t,165.7037720607138,165.7037720607138
8332,c,33.81823896351477,45.0051187166805
8333,t,165.7037720607138,165.7037720607138
8334,c,15.015020188229038,39.1158187579296
8335,c,165.7037720607138,165.7037720607138
8336,t,165.7037720607138,165.7037720607138
8337,t,165.7037720607138,165.7037720607138
8338,t,165.7037720607138,165.7037720607138
8339,c,29.615630435124167,32.926256148151786
8340,t,165.7037720607138,165.7037720607138
8341,na,3.0460497001429085,6.196028161594737
8342,c,165.7037720607138,165.7037720607138
8343,c,165.7037720607138,165.7037720607138
8344,c,165.7037720607138,165.7037720607138
8345,c,165.7037720607138,165.7037720607138
8346,c,165.7037720607138,165.7037720607138
8347,c,165.7037720607138,165.7037720607138
8348,c,165.7037720607138,165.7037720607138
8349,t,165.7037720607138,165.7037720607138
8350,t,165.7037720607138,165.7037720607138
8351,c,13.049940585832383,165.7037720607138
8352,t,165.7037720607138,165.7037720607138
8353,c,165.7037720607138,165.7037720607138
8354,t,165.7037720607138,165.7037720607138
8355,c,165.7037720607138,165.7037720607138
8356,t,165.7037720607138,165.7037720607138
8357,c,12.364554875920797,12.710588690757955
8358,t,165.7037720607138,165.7037720607138
8359,t,165.7037720607138,165.7037720607138
8360,c,44.01309780918207,48.23369268359628
8361,c,165.7037720607138,165.7037720607138
8362,c,34.06844310112297,35.68021167236658
8363,t,165.7037720607138,165.7037720607138
8364,c,18.486534083796666,22.182972021651373
8365,c,26.19922541002601,27.744137686761476
8366,t,165.7037720607138,165.7037720607138
8367,t,165.7037720607138,165.7037720607138
8368,t,165.7037720607138,165.7037720607138
8369,c,165.7037720607138,165.7037720607138
8370,t,165.7037720607138,165.7037720607138
8371,t,165.7037720607138,165.7037720607138
8372,t,165.7037720607138,165.7037720607138
8373,t,165.7037720607138,165.7037720607138
8374,t,165.7037720607138,165.7037720607138
8375,c,165.7037720607138,165.7037720607138
8376,t,165.7037720607138,165.7037720607138
8377,t,165.7037720607138,165.7037720607138
8378,t,165.7037720607138,165.7037720607138
8379,c,165.7037720607138,165.7037720607138
8380,c,165.7037720607138,165.7037720607138
8381,t,165.7037720607138,165.7037720607138
8382,c,165.7037720607138,165.7037720607138
8383,c,165.7037720607138,165.7037720607138
8384,c,165.7037720607138,165.7037720607138
8385,t,165.7037720607138,165.7037720607138
8386,c,21.866529902074618,29.807077329275977
8387,c,30.70647079390417,165.7037720607138
8388,t,165.7037720607138,165.7037720607138
8389,t,165.7037720607138,165.7037720607138
8390,c,165.7037720607138,165.7037720607138
8391,c,165.7037720607138,165.7037720607138
8392,c,165.7037720607138,165.7037720607138
8393,c,26.258128775747956,32.69599767066074
8394,t,165.7037720607138,165.7037720607138
8395,c,165.7037720607138,165.7037720607138
8396,c,165.7037720607138,165.7037720607138
8397,c,165.7037720607138,165.7037720607138
8398,t,165.7037720607138,165.7037720607138
8399,t,165.7037720607138,165.7037720607138
8400,c,165.7037720607138,165.7037720607138
8401,t,165.7037720607138,165.7037720607138
8402,t,165.7037720607138,165.7037720607138
8403,c,165.7037720607138,165.7037720607138
8404,c,165.7037720607138,165.7037720607138
8405,c,165.7037720607138,165.7037720607138
8406,c,60.129265876602474,64.92517349445055
8407,t,165.7037720607138,165.7037720607138
8408,t,165.7037720607138,165.7037720607138
8409,c,165.7037720607138,165.7037720607138
8410,c,165.7037720607138,165.7037720607138
8411,c,165.7037720607138,165.7037720607138
8412,c,165.7037720607138,165.7037720607138
8413,c,165.7037720607138,165.7037720607138
8414,c,165.7037720607138,165.7037720607138
8415,t,165.7037720607138,165.7037720607138
8416,c,165.7037720607138,165.7037720607138
8417,t,165.7037720607138,165.7037720607138
8418,c,16.439463603160036,23.9728008933263
8419,c,165.7037720607138,165.7037720607138
8420,t,165.7037720607138,165.7037720607138
8421,t,165.7037720607138,165.7037720607138
8422,t,165.7037720607138,165.7037720607138
8423,c,165.7037720607138,165.7037720607138
8424,c,165.7037720607138,165.7037720607138
8425,t,165.7037720607138,165.7037720607138
8426,t,165.7037720607138,165.7037720607138
8427,t,165.7037720607138,165.7037720607138
8428,c,165.7037720607138,165.7037720607138
8429,t,165.7037720607138,165.7037720607138
8430,t,165.7037720607138,165.7037720607138
8431,t,165.7037720607138,165.7037720607138
8432,t,165.7037720607138,165.7037720607138
8433,c,30.48434771856155,32.838046061929745
8434,t,165.7037720607138,165.7037720607138
8435,t,165.7037720607138,165.7037720607138
8436,c,165.7037720607138,165.7037720607138
8437,t,165.7037720607138,165.7037720607138
8438,c,165.7037720607138,165.7037720607138
8439,t,165.7037720607138,165.7037720607138
8440,t,165.7037720607138,165.7037720607138
8441,c,165.7037720607138,165.7037720607138
8442,c,19.826513274916376,26.18323055407929
8443,na,4.881576724272088,10.564974365805123
8444,c,165.7037720607138,165.7037720607138
8445,t,165.7037720607138,165.7037720607138
8446,c,165.7037720607138,165.7037720607138
8447,t,165.7037720607138,165.7037720607138
8448,t,165.7037720607138,165.7037720607138
8449,c,40.04723266669491,41.03746279632972
8450,t,165.7037720607138,165.7037720607138
8451,c,30.24689900966006,36.9629620357449
8452,c,28.000152968621517,35.5984232597933
8453,c,87.7948449702702,95.5104698370897
8454,t,165.7037720607138,165.7037720607138
8455,c,165.7037720607138,165.7037720607138
8456,t,165.7037720607138,165.7037720607138
8457,t,165.7037720607138,165.7037720607138
8458,t,165.7037720607138,165.7037720607138
8459,t,165.7037720607138,165.7037720607138
8460,c,19.652132940907098,20.94538640479317
8461,t,165.7037720607138,165.7037720607138
8462,c,165.7037720607138,165.7037720607138
8463,c,93.81707623718074,97.73178172458442
8464,c,165.7037720607138,165.7037720607138
8465,c,165.7037720607138,165.7037720607138
8466,c,28.632196026158102,33.02330352694949
8467,t,165.7037720607138,165.7037720607138
8468,c,74.74599226429429,76.03042518858184
8469,t,165.7037720607138,165.7037720607138
8470,t,165.7037720607138,165.7037720607138
8471,c,165.7037720607138,165.7037720607138
8472,c,165.7037720607138,165.7037720607138
8473,t,165.7037720607138,165.7037720607138
8474,c,165.7037720607138,165.7037720607138
8475,c,165.7037720607138,165.7037720607138
8476,c,165.7037720607138,165.7037720607138
8477,t,165.7037720607138,165.7037720607138
8478,t,165.7037720607138,165.7037720607138
8479,t,165.7037720607138,165.7037720607138
8480,t,165.7037720607138,165.7037720607138
8481,t,165.7037720607138,165.7037720607138
8482,t,165.7037720607138,165.7037720607138
8483,c,165.7037720607138,165.7037720607138
8484,c,165.7037720607138,165.7037720607138
8485,t,165.7037720607138,165.7037720607138
8486,c,27.176678814974167,28.433279108658542
8487,c,165.7037720607138,165.7037720607138
8488,t,165.7037720607138,165.7037720607138
8489,c,165.7037720607138,165.7037720607138
8490,t,165.7037720607138,165.7037720607138
8491,t,165.7037720607138,165.7037720607138
8492,c,165.7037720607138,165.7037720607138
8493,c,29.338796493565535,30.711345921125865
8494,t,165.7037720607138,165.7037720607138
8495,t,165.7037720607138,165.7037720607138
8496,t,165.7037720607138,165.7037720607138
8497,c,51.79853767485351,54.840891370911876
8498,t,165.7037720607138,165.7037720607138
8499,c,165.7037720607138,165.7037720607138
8500,t,165.7037720607138,165.7037720607138
8501,t,165.7037720607138,165.7037720607138
8502,c,165.7037720607138,165.7037720607138
8503,c,165.7037720607138,165.7037720607138
8504,c,165.7037720607138,165.7037720607138
8505,c,165.7037720607138,165.7037720607138
8506,c,165.7037720607138,165.7037720607138
8507,c,165.7037720607138,165.7037720607138
8508,c,165.7037720607138,165.7037720607138
8509,c,165.7037720607138,165.7037720607138
8510,t,165.7037720607138,165.7037720607138
8511,t,165.7037720607138,165.7037720607138
8512,c,165.7037720607138,165.7037720607138
8513,t,165.7037720607138,165.7037720607138
8514,t,165.7037720607138,165.7037720607138
8515,c,18.683347632735902,22.17621418751502
8516,t,165.7037720607138,165.7037720607138
8517,t,165.7037720607138,165.7037720607138
8518,c,165.7037720607138,165.7037720607138
8519,t,165.7037720607138,165.7037720607138
8520,c,165.7037720607138,165.7037720607138
8521,c,165.7037720607138,165.7037720607138
8522,t,165.7037720607138,165.7037720607138
8523,c,20.351437886967926,28.316586467945392
8524,c,165.7037720607138,165.7037720607138
8525,t,165.7037720607138,165.7037720607138
8526,t,165.7037720607138,165.7037720607138
8527,t,165.7037720607138,165.7037720607138
8528,c,165.7037720607138,165.7037720607138
8529,c,165.7037720607138,165.7037720607138
8530,c,165.7037720607138,165.7037720607138
8531,c,165.7037720607138,165.7037720607138
8532,c,165.7037720607138,165.7037720607138
8533,t,165.7037720607138,165.7037720607138
8534,c,2.984595196591019,9.049986781533606
8535,t,165.7037720607138,165.7037720607138
8536,t,165.7037720607138,165.7037720607138
8537,c,165.7037720607138,165.7037720607138
8538,t,165.7037720607138,165.7037720607138
8539,c,165.7037720607138,165.7037720607138
8540,c,27.80816979788006,31.682975483863046
8541,t,165.7037720607138,165.7037720607138
8542,t,165.7037720607138,165.7037720607138
8543,t,165.7037720607138,165.7037720607138
8544,t,165.7037720607138,165.7037720607138
8545,t,165.7037720607138,165.7037720607138
8546,c,165.7037720607138,165.7037720607138
8547,t,165.7037720607138,165.7037720607138
8548,t,165.7037720607138,165.7037720607138
8549,c,165.7037720607138,165.7037720607138
8550,c,24.192317919260958,25.436641277206277
8551,t,165.7037720607138,165.7037720607138
8552,c,165.7037720607138,165.7037720607138
8553,c,30.95620655330451,31.830357469026904
8554,c,37.7663684381788,40.83986374776119
8555,c,165.7037720607138,165.7037720607138
8556,t,165.7037720607138,165.7037720607138
8557,t,165.7037720607138,165.7037720607138
8558,c,165.7037720607138,165.7037720607138
8559,t,165.7037720607138,165.7037720607138
8560,c,165.7037720607138,165.7037720607138
8561,t,165.7037720607138,165.7037720607138
8562,t,165.7037720607138,165.7037720607138
8563,t,165.7037720607138,165.7037720607138
8564,c,26.915331375128215,32.22077344180414
8565,c,165.7037720607138,165.7037720607138
8566,t,165.7037720607138,165.7037720607138
8567,t,165.7037720607138,165.7037720607138
8568,c,165.7037720607138,165.7037720607138
8569,t,165.7037720607138,165.7037720607138
8570,c,165.7037720607138,165.7037720607138
8571,c,165.7037720607138,165.7037720607138
8572,c,165.7037720607138,165.7037720607138
8573,t,165.7037720607138,165.7037720607138
8574,c,165.7037720607138,165.7037720607138
8575,t,165.7037720607138,165.7037720607138
8576,c,165.7037720607138,165.7037720607138
8577,t,165.7037720607138,165.7037720607138
8578,c,165.7037720607138,165.7037720607138
8579,t,165.7037720607138,165.7037720607138
8580,c,165.7037720607138,165.7037720607138
8581,c,127.95385189282801,130.24311720071682
8582,c,57.08725086239539,57.449882881581
8583,t,165.7037720607138,165.7037720607138
8584,t,165.7037720607138,165.7037720607138
8585,t,165.7037720607138,165.7037720607138
8586,c,165.7037720607138,165.7037720607138
8587,t,165.7037720607138,165.7037720607138
8588,t,165.7037720607138,165.7037720607138
8589,c,165.7037720607138,165.7037720607138
8590,t,165.7037720607138,165.7037720607138
8591,t,165.7037720607138,165.7037720607138
8592,c,67.50658732601774,70.5638332270382
8593,t,165.7037720607138,165.7037720607138
8594,t,165.7037720607138,165.7037720607138
8595,t,165.7037720607138,165.7037720607138
8596,c,165.7037720607138,165.7037720607138
8597,t,165.7037720607138,165.7037720607138
8598,t,165.7037720607138,165.7037720607138
8599,c,165.7037720607138,165.7037720607138
8600,t,165.7037720607138,165.7037720607138
8601,t,165.7037720607138,165.7037720607138
8602,t,165.7037720607138,165.7037720607138
8603,c,165.7037720607138,165.7037720607138
8604,t,165.7037720607138,165.7037720607138
8605,t,165.7037720607138,165.7037720607138
8606,t,165.7037720607138,165.7037720607138
8607,t,165.7037720607138,165.7037720607138
8608,t,165.7037720607138,165.7037720607138
8609,t,165.7037720607138,165.7037720607138
8610,t,165.7037720607138,165.7037720607138
8611,t,165.7037720607138,165.7037720607138
8612,t,165.7037720607138,165.7037720607138
8613,c,165.7037720607138,165.7037720607138
8614,c,33.88380558233892,35.41403465359501
8615,c,165.7037720607138,165.7037720607138
8616,t,165.7037720607138,165.7037720607138
8617,t,165.7037720607138,165.7037720607138
8618,t,165.7037720607138,165.7037720607138
8619,t,165.7037720607138,165.7037720607138
8620,t,165.7037720607138,165.7037720607138
8621,t,165.7037720607138,165.7037720607138
8622,t,165.7037720607138,165.7037720607138
8623,c,165.7037720607138,165.7037720607138
8624,t,165.7037720607138,165.7037720607138
8625,c,33.47126560770669,34.83083982434209
8626,t,165.7037720607138,165.7037720607138
8627,c,165.7037720607138,165.7037720607138
8628,c,3.1705850906340536,5.831133253496354
8629,c,17.591030226676825,19.614240325269652
8630,t,165.7037720607138,165.7037720607138
8631,t,165.7037720607138,165.7037720607138
8632,c,19.022371096063676,22.799597585439088
8633,c,17.987619364736595,26.093021023661738
8634,c,8.043898687809808,9.531036057303709
8635,c,61.16291524756868,64.41733851115373
8636,c,165.7037720607138,165.7037720607138
8637,t,165.7037720607138,165.7037720607138
8638,t,165.7037720607138,165.7037720607138
8639,c,36.5416398528695,165.7037720607138
8640,t,165.7037720607138,165.7037720607138
8641,c,165.7037720607138,165.7037720607138
8642,c,7.375361132545218,7.740765306617247
8643,t,165.7037720607138,165.7037720607138
8644,t,165.7037720607138,165.7037720607138
8645,c,165.7037720607138,165.7037720607138
8646,c,165.7037720607138,165.7037720607138
8647,c,165.7037720607138,165.7037720607138
8648,t,165.7037720607138,165.7037720607138
8649,c,10.374815960360078,165.7037720607138
8650,c,165.7037720607138,165.7037720607138
8651,c,165.7037720607138,165.7037720607138
8652,c,165.7037720607138,165.7037720607138
8653,c,165.7037720607138,165.7037720607138
8654,t,165.7037720607138,165.7037720607138
8655,c,165.7037720607138,165.7037720607138
8656,t,165.7037720607138,165.7037720607138
8657,t,165.7037720607138,165.7037720607138
8658,na,5.757978029503434,5.970170476028286
8659,c,165.7037720607138,165.7037720607138
8660,c,47.38708118316488,61.9131995786245
8661,t,165.7037720607138,165.7037720607138
8662,t,165.7037720607138,165.7037720607138
8663,c,165.7037720607138,165.7037720607138
8664,c,165.7037720607138,165.7037720607138
8665,c,165.7037720607138,165.7037720607138
8666,t,165.7037720607138,165.7037720607138
8667,c,165.7037720607138,165.7037720607138
8668,c,165.7037720607138,165.7037720607138
8669,t,165.7037720607138,165.7037720607138
8670,c,165.7037720607138,165.7037720607138
8671,t,165.7037720607138,165.7037720607138
8672,t,165.7037720607138,165.7037720607138
8673,c,33.342120765950135,45.377837877387684
8674,c,22.805554375961428,27.408332095313945
8675,c,28.786771138610145,30.14705144571423
8676,c,165.7037720607138,165.7037720607138
8677,c,43.57968249967397,44.21121607898342
8678,t,165.7037720607138,165.7037720607138
8679,c,165.7037720607138,165.7037720607138
8680,t,165.7037720607138,165.7037720607138
8681,c,165.7037720607138,165.7037720607138
8682,t,165.7037720607138,165.7037720607138
8683,c,165.7037720607138,165.7037720607138
8684,c,165.7037720607138,165.7037720607138
8685,c,165.7037720607138,165.7037720607138
8686,t,165.7037720607138,165.7037720607138
8687,c,34.92428697679437,35.98723184245743
8688,c,165.7037720607138,165.7037720607138
8689,c,165.7037720607138,165.7037720607138
8690,c,165.7037720607138,165.7037720607138
8691,t,165.7037720607138,165.7037720607138
8692,c,165.7037720607138,165.7037720607138
8693,t,165.7037720607138,165.7037720607138
8694,t,165.7037720607138,165.7037720607138
8695,c,165.7037720607138,165.7037720607138
8696,c,165.7037720607138,165.7037720607138
8697,c,64.73397177479526,65.0614194525524
8698,c,16.76579003981342,22.612353039794236
8699,c,28.925829169195843,44.43484503781966
8700,c,165.7037720607138,165.7037720607138
8701,t,165.7037720607138,165.7037720607138
8702,c,165.7037720607138,165.7037720607138
8703,t,165.7037720607138,165.7037720607138
8704,t,165.7037720607138,165.7037720607138
8705,t,165.7037720607138,165.7037720607138
8706,t,165.7037720607138,165.7037720607138
8707,c,165.7037720607138,165.7037720607138
8708,c,38.87417519744078,41.9382246741233
8709,t,165.7037720607138,165.7037720607138
8710,c,37.33515623658453,42.647137168837446
8711,t,165.7037720607138,165.7037720607138
8712,t,165.7037720607138,165.7037720607138
8713,c,165.7037720607138,165.7037720607138
8714,t,165.7037720607138,165.7037720607138
8715,t,165.7037720607138,165.7037720607138
8716,t,165.7037720607138,165.7037720607138
8717,t,165.7037720607138,165.7037720607138
8718,t,165.7037720607138,165.7037720607138
8719,t,165.7037720607138,165.7037720607138
8720,c,165.7037720607138,165.7037720607138
8721,t,165.7037720607138,165.7037720607138
8722,c,165.7037720607138,165.7037720607138
8723,c,165.7037720607138,165.7037720607138
8724,c,53.79927383751237,62.85672448842877
8725,c,165.7037720607138,165.7037720607138
8726,c,165.7037720607138,165.7037720607138
8727,c,165.7037720607138,165.7037720607138
8728,t,165.7037720607138,165.7037720607138
8729,c,15.639072845495347,20.847775429489026
8730,c,48.5660452703821,50.90935193156195
8731,t,165.7037720607138,165.7037720607138
8732,t,165.7037720607138,165.7037720607138
8733,t,165.7037720607138,165.7037720607138
8734,c,165.7037720607138,165.7037720607138
8735,c,26.97088375957616,28.59149331348601
8736,t,165.7037720607138,165.7037720607138
8737,t,165.7037720607138,165.7037720607138
8738,t,165.7037720607138,165.7037720607138
8739,t,165.7037720607138,165.7037720607138
8740,c,165.7037720607138,165.7037720607138
8741,t,165.7037720607138,165.7037720607138
8742,c,165.7037720607138,165.7037720607138
8743,c,165.7037720607138,165.7037720607138
8744,t,165.7037720607138,165.7037720607138
8745,t,165.7037720607138,165.7037720607138
8746,c,165.7037720607138,165.7037720607138
8747,c,165.7037720607138,165.7037720607138
8748,t,165.7037720607138,165.7037720607138
8749,t,165.7037720607138,165.7037720607138
8750,c,165.7037720607138,165.7037720607138
8751,t,165.7037720607138,165.7037720607138
8752,c,15.789118042624501,23.63925623961246
8753,c,165.7037720607138,165.7037720607138
8754,c,40.253452056495874,43.115132778663934
8755,t,165.7037720607138,165.7037720607138
8756,c,165.7037720607138,165.7037720607138
8757,c,165.7037720607138,165.7037720607138
8758,c,165.7037720607138,165.7037720607138
8759,c,16.908609675293523,21.86328274527054
8760,c,114.97663782939381,129.62698015738394
8761,c,165.7037720607138,165.7037720607138
8762,c,165.7037720607138,165.7037720607138
8763,t,165.7037720607138,165.7037720607138
8764,t,165.7037720607138,165.7037720607138
8765,c,165.7037720607138,165.7037720607138
8766,t,165.7037720607138,165.7037720607138
8767,t,165.7037720607138,165.7037720607138
8768,t,165.7037720607138,165.7037720607138
8769,t,165.7037720607138,165.7037720607138
8770,t,165.7037720607138,165.7037720607138
8771,c,165.7037720607138,165.7037720607138
8772,c,165.7037720607138,165.7037720607138
8773,t,165.7037720607138,165.7037720607138
8774,c,14.387952560836451,17.13300410901631
8775,c,53.676522955415486,53.8427231338223
8776,c,165.7037720607138,165.7037720607138
8777,t,165.7037720607138,165.7037720607138
8778,t,165.7037720607138,165.7037720607138
8779,c,165.7037720607138,165.7037720607138
8780,c,165.7037720607138,165.7037720607138
8781,t,165.7037720607138,165.7037720607138
8782,t,165.7037720607138,165.7037720607138
8783,c,165.7037720607138,165.7037720607138
8784,t,165.7037720607138,165.7037720607138
8785,t,165.7037720607138,165.7037720607138
8786,c,43.606213366906914,57.00505959552273
8787,c,165.7037720607138,165.7037720607138
8788,c,165.7037720607138,165.7037720607138
8789,c,5.035454829317885,5.923689571645309
8790,t,165.7037720607138,165.7037720607138
8791,t,165.7037720607138,165.7037720607138
8792,t,165.7037720607138,165.7037720607138
8793,c,165.7037720607138,165.7037720607138
8794,c,165.7037720607138,165.7037720607138
8795,c,165.7037720607138,165.7037720607138
8796,t,165.7037720607138,165.7037720607138
8797,t,165.7037720607138,165.7037720607138
8798,t,165.7037720607138,165.7037720607138
8799,c,165.7037720607138,165.7037720607138
8800,c,165.7037720607138,165.7037720607138
8801,t,165.7037720607138,165.7037720607138
8802,t,165.7037720607138,165.7037720607138
8803,t,165.7037720607138,165.7037720607138
8804,t,165.7037720607138,165.7037720607138
8805,t,165.7037720607138,165.7037720607138
8806,t,165.7037720607138,165.7037720607138
8807,na,9.073315905075575,12.15350134387004
8808,t,165.7037720607138,165.7037720607138
8809,c,165.7037720607138,165.7037720607138
8810,t,165.7037720607138,165.7037720607138
8811,c,165.7037720607138,165.7037720607138
8812,c,165.7037720607138,165.7037720607138
8813,c,165.7037720607138,165.7037720607138
8814,t,165.7037720607138,165.7037720607138
8815,t,165.7037720607138,165.7037720607138
8816,t,165.7037720607138,165.7037720607138
8817,t,165.7037720607138,165.7037720607138
8818,c,165.7037720607138,165.7037720607138
8819,c,165.7037720607138,165.7037720607138
8820,na,-1,0
8821,c,54.159721992290706,62.22694787695167
8822,na,17.427107623983648,21.383375765955034
8823,c,165.7037720607138,165.7037720607138
8824,c,165.7037720607138,165.7037720607138
8825,t,165.7037720607138,165.7037720607138
8826,t,165.7037720607138,165.7037720607138
8827,t,165.7037720607138,165.7037720607138
8828,c,49.24062579071777,60.56269635126581
8829,t,165.7037720607138,165.7037720607138
8830,t,165.7037720607138,165.7037720607138
8831,t,165.7037720607138,165.7037720607138
8832,c,25.615053597245964,165.7037720607138
8833,c,3.9263588073451716,6.458292977661473
8834,c,165.7037720607138,165.7037720607138
8835,t,165.7037720607138,165.7037720607138
8836,t,165.7037720607138,165.7037720607138
8837,t,165.7037720607138,165.7037720607138
8838,c,165.7037720607138,165.7037720607138
8839,t,165.7037720607138,165.7037720607138
8840,t,165.7037720607138,165.7037720607138
8841,c,165.7037720607138,165.7037720607138
8842,c,165.7037720607138,165.7037720607138
8843,c,165.7037720607138,165.7037720607138
8844,t,165.7037720607138,165.7037720607138
8845,t,165.7037720607138,165.7037720607138
8846,c,39.445365734463145,42.96805567775009
8847,c,165.7037720607138,165.7037720607138
8848,t,165.7037720607138,165.7037720607138
8849,c,165.7037720607138,165.7037720607138
8850,t,165.7037720607138,165.7037720607138
8851,t,165.7037720607138,165.7037720607138
8852,c,24.135113381492303,44.27904626675741
8853,na,0,8.996528631662061
8854,t,165.7037720607138,165.7037720607138
8855,t,165.7037720607138,165.7037720607138
8856,t,165.7037720607138,165.7037720607138
8857,c,165.7037720607138,165.7037720607138
8858,c,165.7037720607138,165.7037720607138
8859,t,165.7037720607138,165.7037720607138
8860,t,165.7037720607138,165.7037720607138
8861,t,165.7037720607138,165.7037720607138
8862,c,16.22912472119249,18.795701341593105
8863,t,165.7037720607138,165.7037720607138
8864,t,165.7037720607138,165.7037720607138
8865,t,165.7037720607138,165.7037720607138
8866,c,165.7037720607138,165.7037720607138
8867,c,165.7037720607138,165.7037720607138
8868,t,165.7037720607138,165.7037720607138
8869,t,165.7037720607138,165.7037720607138
8870,t,165.7037720607138,165.7037720607138
8871,t,165.7037720607138,165.7037720607138
8872,t,165.7037720607138,165.7037720607138
8873,c,165.7037720607138,165.7037720607138
8874,c,9.08037235957122,12.16271652289713
8875,t,165.7037720607138,165.7037720607138
8876,t,165.7037720607138,165.7037720607138
8877,c,1.9077225433145117,1.9674293709789317
8878,c,165.7037720607138,165.7037720607138
8879,c,42.49615740457945,44.34702060884909
8880,t,165.7037720607138,165.7037720607138
8881,c,11.723235291094836,18.971871129214364
8882,t,165.7037720607138,165.7037720607138
8883,t,165.7037720607138,165.7037720607138
8884,c,165.7037720607138,165.7037720607138
8885,c,165.7037720607138,165.7037720607138
8886,c,165.7037720607138,165.7037720607138
8887,t,165.7037720607138,165.7037720607138
8888,c,165.7037720607138,165.7037720607138
8889,c,165.7037720607138,165.7037720607138
8890,na,5.4306162767942485,7.651320373207692
8891,t,165.7037720607138,165.7037720607138
8892,c,165.7037720607138,165.7037720607138
8893,t,165.7037720607138,165.7037720607138
8894,t,165.7037720607138,165.7037720607138
8895,c,35.851347657663915,39.249079243583665
8896,t,165.7037720607138,165.7037720607138
8897,t,165.7037720607138,165.7037720607138
8898,t,165.7037720607138,165.7037720607138
8899,c,165.7037720607138,165.7037720607138
8900,c,165.7037720607138,165.7037720607138
8901,t,165.7037720607138,165.7037720607138
8902,c,26.958254371033835,27.622870783763663
8903,t,165.7037720607138,165.7037720607138
8904,t,165.7037720607138,165.7037720607138
8905,c,165.7037720607138,165.7037720607138
8906,c,48.92050943100644,52.85576044779375
8907,c,41.45425144702279,42.69263376863633
8908,t,165.7037720607138,165.7037720607138
8909,t,165.7037720607138,165.7037720607138
8910,t,165.7037720607138,165.7037720607138
8911,t,165.7037720607138,165.7037720607138
8912,c,165.7037720607138,165.7037720607138
8913,c,165.7037720607138,165.7037720607138
8914,t,165.7037720607138,165.7037720607138
8915,c,24.5423509679598,27.257748049609937
8916,t,165.7037720607138,165.7037720607138
8917,t,165.7037720607138,165.7037720607138
8918,t,165.7037720607138,165.7037720607138
8919,c,37.4699237619997,44.615914705538394
8920,c,165.7037720607138,165.7037720607138
8921,c,35.13466782105066,37.675484753444316
8922,t,165.7037720607138,165.7037720607138
8923,t,165.7037720607138,165.7037720607138
8924,c,165.7037720607138,165.7037720607138
8925,t,165.7037720607138,165.7037720607138
8926,t,165.7037720607138,165.7037720607138
8927,t,165.7037720607138,165.7037720607138
8928,t,165.7037720607138,165.7037720607138
8929,c,165.7037720607138,165.7037720607138
8930,c,165.7037720607138,165.7037720607138
8931,c,165.7037720607138,165.7037720607138
8932,t,165.7037720607138,165.7037720607138
8933,t,165.7037720607138,165.7037720607138
8934,t,165.7037720607138,165.7037720607138
8935,t,165.7037720607138,165.7037720607138
8936,t,165.7037720607138,165.7037720607138
8937,t,165.7037720607138,165.7037720607138
8938,c,34.48645061735986,39.19339125304291
8939,t,165.7037720607138,165.7037720607138
8940,t,165.7037720607138,165.7037720607138
8941,t,165.7037720607138,165.7037720607138
8942,c,165.7037720607138,165.7037720607138
8943,t,165.7037720607138,165.7037720607138
8944,c,13.45925027943682,21.28273604641435
8945,t,165.7037720607138,165.7037720607138
8946,na,29.732429951458396,165.7037720607138
8947,t,165.7037720607138,165.7037720607138
8948,c,165.7037720607138,165.7037720607138
8949,t,165.7037720607138,165.7037720607138
8950,t,165.7037720607138,165.7037720607138
8951,c,165.7037720607138,165.7037720607138
8952,t,165.7037720607138,165.7037720607138
8953,c,165.7037720607138,165.7037720607138
8954,t,165.7037720607138,165.7037720607138
8955,c,165.7037720607138,165.7037720607138
8956,c,165.7037720607138,165.7037720607138
8957,t,165.7037720607138,165.7037720607138
8958,c,35.67909098415537,36.16634091774277
8959,c,165.7037720607138,165.7037720607138
8960,c,165.7037720607138,165.7037720607138
8961,c,165.7037720607138,165.7037720607138
8962,t,165.7037720607138,165.7037720607138
8963,t,165.7037720607138,165.7037720607138
8964,t,165.7037720607138,165.7037720607138
8965,t,165.7037720607138,165.7037720607138
8966,t,165.7037720607138,165.7037720607138
8967,c,40.66124537177248,42.779407977182494
8968,t,165.7037720607138,165.7037720607138
8969,c,14.643300533774081,25.760989499434842
8970,t,165.7037720607138,165.7037720607138
8971,c,165.7037720607138,165.7037720607138
8972,c,165.7037720607138,165.7037720607138
8973,c,165.7037720607138,165.7037720607138
8974,t,165.7037720607138,165.7037720607138
8975,c,38.1163845063757,38.62559804852249
8976,c,165.7037720607138,165.7037720607138
8977,c,165.7037720607138,165.7037720607138
8978,t,165.7037720607138,165.7037720607138
8979,t,165.7037720607138,165.7037720607138
8980,c,165.7037720607138,165.7037720607138
8981,c,66.89912656650402,68.07635742473002
8982,c,165.7037720607138,165.7037720607138
8983,t,165.7037720607138,165.7037720607138
8984,t,165.7037720607138,165.7037720607138
8985,t,165.7037720607138,165.7037720607138
8986,t,165.7037720607138,165.7037720607138
8987,t,165.7037720607138,165.7037720607138
8988,t,165.7037720607138,165.7037720607138
8989,t,165.7037720607138,165.7037720607138
8990,t,165.7037720607138,165.7037720607138
8991,t,165.7037720607138,165.7037720607138
8992,t,165.7037720607138,165.7037720607138
8993,t,165.7037720607138,165.7037720607138
8994,na,0.382354338583383,2.2110527582306294
8995,c,165.7037720607138,165.7037720607138
8996,t,165.7037720607138,165.7037720607138
8997,c,165.7037720607138,165.7037720607138
8998,c,165.7037720607138,165.7037720607138
8999,t,165.7037720607138,165.7037720607138
9000,t,165.7037720607138,165.7037720607138
9001,c,74.51538017911618,81.79522308502986
9002,c,165.7037720607138,165.7037720607138
9003,c,20.063724290118063,26.628875772181466
9004,t,165.7037720607138,165.7037720607138
9005,t,165.7037720607138,165.7037720607138
9006,c,165.7037720607138,165.7037720607138
9007,t,165.7037720607138,165.7037720607138
9008,t,165.7037720607138,165.7037720607138
9009,c,71.90032387127908,74.28915999225507
9010,t,165.7037720607138,165.7037720607138
9011,c,165.7037720607138,165.7037720607138
9012,t,165.7037720607138,165.7037720607138
9013,t,165.7037720607138,165.7037720607138
9014,c,165.7037720607138,165.7037720607138
9015,t,165.7037720607138,165.7037720607138
9016,t,165.7037720607138,165.7037720607138
9017,t,165.7037720607138,165.7037720607138
9018,t,165.7037720607138,165.7037720607138
9019,t,165.7037720607138,165.7037720607138
9020,t,165.7037720607138,165.7037720607138
9021,t,165.7037720607138,165.7037720607138
9022,t,165.7037720607138,165.7037720607138
9023,t,165.7037720607138,165.7037720607138
9024,t,165.7037720607138,165.7037720607138
9025,c,165.7037720607138,165.7037720607138
9026,c,57.925801831661005,58.41157480162906
9027,t,165.7037720607138,165.7037720607138
9028,t,165.7037720607138,165.7037720607138
9029,c,165.7037720607138,165.7037720607138
9030,t,165.7037720607138,165.7037720607138
9031,c,165.7037720607138,165.7037720607138
9032,c,165.7037720607138,165.7037720607138
9033,t,165.7037720607138,165.7037720607138
9034,t,165.7037720607138,165.7037720607138
9035,c,165.7037720607138,165.7037720607138
9036,c,165.7037720607138,165.7037720607138
9037,c,165.7037720607138,165.7037720607138
9038,c,165.7037720607138,165.7037720607138
9039,t,165.7037720607138,165.7037720607138
9040,c,165.7037720607138,165.7037720607138
9041,c,165.7037720607138,165.7037720607138
9042,t,165.7037720607138,165.7037720607138
9043,c,165.7037720607138,165.7037720607138
9044,t,165.7037720607138,165.7037720607138
9045,t,165.7037720607138,165.7037720607138
9046,c,165.7037720607138,165.7037720607138
9047,c,165.7037720607138,165.7037720607138
9048,t,165.7037720607138,165.7037720607138
9049,c,165.7037720607138,165.7037720607138
9050,c,38.76830839148267,44.96525989166146
9051,t,165.7037720607138,165.7037720607138
9052,t,165.7037720607138,165.7037720607138
9053,c,76.43902523094629,86.58772533162504
9054,c,72.8572613226487,74.23523484052734
9055,c,165.7037720607138,165.7037720607138
9056,t,165.7037720607138,165.7037720607138
9057,t,165.7037720607138,165.7037720607138
9058,c,165.7037720607138,165.7037720607138
9059,t,165.7037720607138,165.7037720607138
9060,c,165.7037720607138,165.7037720607138
9061,t,165.7037720607138,165.7037720607138
9062,c,165.7037720607138,165.7037720607138
9063,c,165.7037720607138,165.7037720607138
9064,t,165.7037720607138,165.7037720607138
9065,c,18.420930961696797,40.96183809776921
9066,c,20.093473417774486,21.58128623770759
9067,t,165.7037720607138,165.7037720607138
9068,c,165.7037720607138,165.7037720607138
9069,t,165.7037720607138,165.7037720607138
9070,t,165.7037720607138,165.7037720607138
9071,t,165.7037720607138,165.7037720607138
9072,t,165.7037720607138,165.7037720607138
9073,c,165.7037720607138,165.7037720607138
9074,c,165.7037720607138,165.7037720607138
9075,t,165.7037720607138,165.7037720607138
9076,t,165.7037720607138,165.7037720607138
9077,t,165.7037720607138,165.7037720607138
9078,c,22.537868878144916,26.058189759310938
9079,c,165.7037720607138,165.7037720607138
9080,t,165.7037720607138,165.7037720607138
9081,t,165.7037720607138,165.7037720607138
9082,t,165.7037720607138,165.7037720607138
9083,t,165.7037720607138,165.7037720607138
9084,t,165.7037720607138,165.7037720607138
9085,t,165.7037720607138,165.7037720607138
9086,t,165.7037720607138,165.7037720607138
9087,c,165.7037720607138,165.7037720607138
9088,c,165.7037720607138,165.7037720607138
9089,c,165.7037720607138,165.7037720607138
9090,c,165.7037720607138,165.7037720607138
9091,t,165.7037720607138,165.7037720607138
9092,t,165.7037720607138,165.7037720607138
9093,t,165.7037720607138,165.7037720607138
9094,t,165.7037720607138,165.7037720607138
9095,na,16.81295673031181,17.63788215241598
9096,c,165.7037720607138,165.7037720607138
9097,t,165.7037720607138,165.7037720607138
9098,c,165.7037720607138,165.7037720607138
9099,t,165.7037720607138,165.7037720607138
9100,na,5.561210549772758,6.379302029819443
9101,t,165.7037720607138,165.7037720607138
9102,na,10.292246448480677,12.75370756927204
9103,c,71.49225661695134,73.89880999040933
9104,t,165.7037720607138,165.7037720607138
9105,t,165.7037720607138,165.7037720607138
9106,c,165.7037720607138,165.7037720607138
9107,c,44.196802565532344,45.63819770055555
9108,t,165.7037720607138,165.7037720607138
9109,c,30.877996611532847,35.628538184164455
9110,t,165.7037720607138,165.7037720607138
9111,c,165.7037720607138,165.7037720607138
9112,t,165.7037720607138,165.7037720607138
9113,c,165.7037720607138,165.7037720607138
9114,t,165.7037720607138,165.7037720607138
9115,c,165.7037720607138,165.7037720607138
9116,t,165.7037720607138,165.7037720607138
9117,t,165.7037720607138,165.7037720607138
9118,c,165.7037720607138,165.7037720607138
9119,c,165.7037720607138,165.7037720607138
9120,c,165.7037720607138,165.7037720607138
9121,c,48.4523311926502,50.80752515204167
9122,c,165.7037720607138,165.7037720607138
9123,c,165.7037720607138,165.7037720607138
9124,c,19.048816047436805,21.472353346295755
9125,t,165.7037720607138,165.7037720607138
9126,c,165.7037720607138,165.7037720607138
9127,c,30.343109637693143,37.7472513177328
9128,c,24.968827413272766,25.514750869996018
9129,c,165.7037720607138,165.7037720607138
9130,t,165.7037720607138,165.7037720607138
9131,t,165.7037720607138,165.7037720607138
9132,t,165.7037720607138,165.7037720607138
9133,t,165.7037720607138,165.7037720607138
9134,t,165.7037720607138,165.7037720607138
9135,t,165.7037720607138,165.7037720607138
9136,t,165.7037720607138,165.7037720607138
9137,t,165.7037720607138,165.7037720607138
9138,t,165.7037720607138,165.7037720607138
9139,t,165.7037720607138,165.7037720607138
9140,t,165.7037720607138,165.7037720607138
9141,t,165.7037720607138,165.7037720607138
9142,c,48.74280883385104,52.08363098188124
9143,t,165.7037720607138,165.7037720607138
9144,c,165.7037720607138,165.7037720607138
9145,c,36.869107630342555,165.7037720607138
9146,c,165.7037720607138,165.7037720607138
9147,c,165.7037720607138,165.7037720607138
9148,t,165.7037720607138,165.7037720607138
9149,t,165.7037720607138,165.7037720607138
9150,t,165.7037720607138,165.7037720607138
9151,c,14.326181441381834,19.71400440122156
9152,c,165.7037720607138,165.7037720607138
9153,t,165.7037720607138,165.7037720607138
9154,c,52.60216187973686,54.191263673403924
9155,c,165.7037720607138,165.7037720607138
9156,t,165.7037720607138,165.7037720607138
9157,t,165.7037720607138,165.7037720607138
9158,t,165.7037720607138,165.7037720607138
9159,c,165.7037720607138,165.7037720607138
9160,c,165.7037720607138,165.7037720607138
9161,c,165.7037720607138,165.7037720607138
9162,t,165.7037720607138,165.7037720607138
9163,t,165.7037720607138,165.7037720607138
9164,t,165.7037720607138,165.7037720607138
9165,c,165.7037720607138,165.7037720607138
9166,t,165.7037720607138,165.7037720607138
9167,t,165.7037720607138,165.7037720607138
9168,c,165.7037720607138,165.7037720607138
9169,c,165.7037720607138,165.7037720607138
9170,c,60.807293624942304,64.62522895449021
9171,t,165.7037720607138,165.7037720607138
9172,t,165.7037720607138,165.7037720607138
9173,c,49.742542935611006,65.05638209054295
9174,t,165.7037720607138,165.7037720607138
9175,t,165.7037720607138,165.7037720607138
9176,t,165.7037720607138,165.7037720607138
9177,c,165.7037720607138,165.7037720607138
9178,t,165.7037720607138,165.7037720607138
9179,c,21.91238266022904,27.82201652242024
9180,t,165.7037720607138,165.7037720607138
9181,t,165.7037720607138,165.7037720607138
9182,t,165.7037720607138,165.7037720607138
9183,t,165.7037720607138,165.7037720607138
9184,t,165.7037720607138,165.7037720607138
9185,t,165.7037720607138,165.7037720607138
9186,t,165.7037720607138,165.7037720607138
9187,c,8.199838541642192,12.96834138453465
9188,c,165.7037720607138,165.7037720607138
9189,t,165.7037720607138,165.7037720607138
9190,c,165.7037720607138,165.7037720607138
9191,t,165.7037720607138,165.7037720607138
9192,t,165.7037720607138,165.7037720607138
9193,c,71.09759770563059,75.01200434564417
9194,t,165.7037720607138,165.7037720607138
9195,t,165.7037720607138,165.7037720607138
9196,c,165.7037720607138,165.7037720607138
9197,t,165.7037720607138,165.7037720607138
9198,c,165.7037720607138,165.7037720607138
9199,c,82.02599578821399,85.05827857935071
9200,c,23.23124958708171,25.730155504030876
9201,t,165.7037720607138,165.7037720607138
9202,c,165.7037720607138,165.7037720607138
9203,t,165.7037720607138,165.7037720607138
9204,t,165.7037720607138,165.7037720607138
9205,t,165.7037720607138,165.7037720607138
9206,c,35.05333679786809,41.867747307057684
9207,c,165.7037720607138,165.7037720607138
9208,t,165.7037720607138,165.7037720607138
9209,c,165.7037720607138,165.7037720607138
9210,c,165.7037720607138,165.7037720607138
9211,t,165.7037720607138,165.7037720607138
9212,t,165.7037720607138,165.7037720607138
9213,t,165.7037720607138,165.7037720607138
9214,t,165.7037720607138,165.7037720607138
9215,c,165.7037720607138,165.7037720607138
9216,c,9.373392307063279,9.668975894788517
9217,c,165.7037720607138,165.7037720607138
9218,t,165.7037720607138,165.7037720607138
9219,c,74.80287857976167,80.5134976566467
9220,c,165.7037720607138,165.7037720607138
9221,c,165.7037720607138,165.7037720607138
9222,t,165.7037720607138,165.7037720607138
9223,t,165.7037720607138,165.7037720607138
9224,t,165.7037720607138,165.7037720607138
9225,c,165.7037720607138,165.7037720607138
9226,c,165.7037720607138,165.7037720607138
9227,c,165.7037720607138,165.7037720607138
9228,t,165.7037720607138,165.7037720607138
9229,c,165.7037720607138,165.7037720607138
9230,t,165.7037720607138,165.7037720607138
9231,t,165.7037720607138,165.7037720607138
9232,c,165.7037720607138,165.7037720607138
9233,c,8.95411094333318,12.605635272797727
9234,t,165.7037720607138,165.7037720607138
9235,c,165.7037720607138,165.7037720607138
9236,t,165.7037720607138,165.7037720607138
9237,c,39.24816420147463,48.37750481010952
9238,t,165.7037720607138,165.7037720607138
9239,t,165.7037720607138,165.7037720607138
9240,t,165.7037720607138,165.7037720607138
9241,t,165.7037720607138,165.7037720607138
9242,na,2.9494625579262137,3.369491782199988
9243,c,165.7037720607138,165.7037720607138
9244,t,165.7037720607138,165.7037720607138
9245,c,165.7037720607138,165.7037720607138
9246,c,20.141775024109727,23.249775891337812
9247,t,165.7037720607138,165.7037720607138
9248,c,12.942793356120008,13.381070005453992
9249,t,165.7037720607138,165.7037720607138
9250,t,165.7037720607138,165.7037720607138
9251,t,165.7037720607138,165.7037720607138
9252,t,165.7037720607138,165.7037720607138
9253,t,165.7037720607138,165.7037720607138
9254,t,165.7037720607138,165.7037720607138
9255,t,165.7037720607138,165.7037720607138
9256,c,52.05572159860997,62.03325221144724
9257,t,165.7037720607138,165.7037720607138
9258,t,165.7037720607138,165.7037720607138
9259,c,165.7037720607138,165.7037720607138
9260,c,165.7037720607138,165.7037720607138
9261,t,165.7037720607138,165.7037720607138
9262,c,18.877124598519988,39.217221892140984
9263,c,80.01005583989023,84.14679933800518
9264,c,165.7037720607138,165.7037720607138
9265,t,165.7037720607138,165.7037720607138
9266,c,165.7037720607138,165.7037720607138
9267,c,165.7037720607138,165.7037720607138
9268,t,165.7037720607138,165.7037720607138
9269,t,165.7037720607138,165.7037720607138
9270,c,165.7037720607138,165.7037720607138
9271,c,165.7037720607138,165.7037720607138
9272,t,165.7037720607138,165.7037720607138
9273,c,165.7037720607138,165.7037720607138
9274,c,165.7037720607138,165.7037720607138
9275,c,53.35043321838857,54.26096167684251
9276,c,50.74785885595196,55.07865491853962
9277,t,165.7037720607138,165.7037720607138
9278,t,165.7037720607138,165.7037720607138
9279,c,48.29408345892337,48.65031160922436
9280,c,165.7037720607138,165.7037720607138
9281,t,165.7037720607138,165.7037720607138
9282,t,165.7037720607138,165.7037720607138
9283,c,165.7037720607138,165.7037720607138
9284,c,165.7037720607138,165.7037720607138
9285,c,165.7037720607138,165.7037720607138
9286,c,165.7037720607138,165.7037720607138
9287,c,165.7037720607138,165.7037720607138
9288,c,8.532251001111362,14.417341672434654
9289,t,165.7037720607138,165.7037720607138
9290,c,165.7037720607138,165.7037720607138
9291,c,165.7037720607138,165.7037720607138
9292,na,1.2567524357382023,5.199266874132418
9293,c,165.7037720607138,165.7037720607138
9294,c,165.7037720607138,165.7037720607138
9295,na,2.2371013736552,11.200986358603341
9296,t,165.7037720607138,165.7037720607138
9297,c,53.18422712261955,64.42913877343011
9298,c,165.7037720607138,165.7037720607138
9299,t,165.7037720607138,165.7037720607138
9300,t,165.7037720607138,165.7037720607138
9301,t,165.7037720607138,165.7037720607138
9302,c,60.14700890351068,61.71873874216881
9303,t,165.7037720607138,165.7037720607138
9304,c,165.7037720607138,165.7037720607138
9305,c,165.7037720607138,165.7037720607138
9306,t,165.7037720607138,165.7037720607138
9307,c,32.667166484694654,33.3874375834409
9308,c,75.12133115212724,76.7295342878546
9309,t,165.7037720607138,165.7037720607138
9310,t,165.7037720607138,165.7037720607138
9311,c,30.246412623058877,37.66279321496252
9312,c,45.83942165225576,46.262971047880235
9313,c,165.7037720607138,165.7037720607138
9314,t,165.7037720607138,165.7037720607138
9315,c,165.7037720607138,165.7037720607138
9316,c,165.7037720607138,165.7037720607138
9317,na,0.540270773394724,2.11303290919648
9318,t,165.7037720607138,165.7037720607138
9319,c,165.7037720607138,165.7037720607138
9320,c,23.489820821654874,23.514883687677607
9321,c,165.7037720607138,165.7037720607138
9322,t,165.7037720607138,165.7037720607138
9323,c,165.7037720607138,165.7037720607138
9324,c,165.7037720607138,165.7037720607138
9325,c,165.7037720607138,165.7037720607138
9326,na,0.3167119738999183,4.135402578595846
9327,t,165.7037720607138,165.7037720607138
9328,c,165.7037720607138,165.7037720607138
9329,c,165.7037720607138,165.7037720607138
9330,c,165.7037720607138,165.7037720607138
9331,c,165.7037720607138,165.7037720607138
9332,t,165.7037720607138,165.7037720607138
9333,c,165.7037720607138,165.7037720607138
9334,t,165.7037720607138,165.7037720607138
9335,c,8.311203191096022,22.923158754066275
9336,c,165.7037720607138,165.7037720607138
9337,t,165.7037720607138,165.7037720607138
9338,t,165.7037720607138,165.7037720607138
9339,t,165.7037720607138,165.7037720607138
9340,t,165.7037720607138,165.7037720607138
9341,c,165.7037720607138,165.7037720607138
9342,t,165.7037720607138,165.7037720607138
9343,c,165.7037720607138,165.7037720607138
9344,t,165.7037720607138,165.7037720607138
9345,t,165.7037720607138,165.7037720607138
9346,t,165.7037720607138,165.7037720607138
9347,t,165.7037720607138,165.7037720607138
9348,t,165.7037720607138,165.7037720607138
9349,c,28.798982191458,35.0383021955686
9350,c,21.018420384332707,21.214872751234225
9351,c,165.7037720607138,165.7037720607138
9352,t,165.7037720607138,165.7037720607138
9353,c,165.7037720607138,165.7037720607138
9354,t,165.7037720607138,165.7037720607138
9355,c,165.7037720607138,165.7037720607138
9356,c,24.188740792561074,26.847770653978024
9357,c,36.67983529099264,165.7037720607138
9358,t,165.7037720607138,165.7037720607138
9359,t,165.7037720607138,165.7037720607138
9360,c,25.167771980154303,29.143834920349104
9361,c,165.7037720607138,165.7037720607138
9362,t,165.7037720607138,165.7037720607138
9363,c,3.179275614051191,9.357390353716582
9364,c,165.7037720607138,165.7037720607138
9365,c,165.7037720607138,165.7037720607138
9366,t,165.7037720607138,165.7037720607138
9367,t,165.7037720607138,165.7037720607138
9368,c,165.7037720607138,165.7037720607138
9369,c,32.98830091333746,35.32928020650382
9370,t,165.7037720607138,165.7037720607138
9371,t,165.7037720607138,165.7037720607138
9372,t,165.7037720607138,165.7037720607138
9373,t,165.7037720607138,165.7037720607138
9374,c,28.534191312649316,34.86662513482918
9375,t,165.7037720607138,165.7037720607138
9376,c,45.78467964797874,48.8926608752047
9377,c,27.78412497845493,30.975863537266044
9378,t,165.7037720607138,165.7037720607138
9379,c,165.7037720607138,165.7037720607138
9380,c,165.7037720607138,165.7037720607138
9381,c,58.69116850567204,61.94030675237439
9382,c,165.7037720607138,165.7037720607138
9383,c,71.25614927803167,75.71497566566063
9384,t,165.7037720607138,165.7037720607138
9385,na,165.7037720607138,165.7037720607138
9386,c,32.051051999973296,32.157093322037404
9387,c,98.23802709568321,99.09493192277691
9388,t,165.7037720607138,165.7037720607138
9389,t,165.7037720607138,165.7037720607138
9390,c,11.865743026780654,18.083550996153257
9391,t,165.7037720607138,165.7037720607138
9392,c,165.7037720607138,165.7037720607138
9393,c,165.7037720607138,165.7037720607138
9394,t,165.7037720607138,165.7037720607138
9395,t,165.7037720607138,165.7037720607138
9396,t,165.7037720607138,165.7037720607138
9397,t,165.7037720607138,165.7037720607138
9398,t,165.7037720607138,165.7037720607138
9399,c,35.14317772999589,35.758202531853414
9400,c,72.65538275160175,74.03653301589776
9401,t,165.7037720607138,165.7037720607138
9402,t,165.7037720607138,165.7037720607138
9403,t,165.7037720607138,165.7037720607138
9404,c,165.7037720607138,165.7037720607138
9405,t,165.7037720607138,165.7037720607138
9406,c,23.8163724664336,27.078385900065463
9407,c,42.520012045143666,52.16222613650258
9408,t,165.7037720607138,165.7037720607138
9409,t,165.7037720607138,165.7037720607138
9410,t,165.7037720607138,165.7037720607138
9411,c,165.7037720607138,165.7037720607138
9412,c,165.7037720607138,165.7037720607138
9413,t,165.7037720607138,165.7037720607138
9414,c,43.02392948483883,52.05069442389766
9415,c,165.7037720607138,165.7037720607138
9416,c,51.52719707883462,60.33781489399929
9417,c,165.7037720607138,165.7037720607138
9418,t,165.7037720607138,165.7037720607138
9419,t,165.7037720607138,165.7037720607138
9420,t,165.7037720607138,165.7037720607138
9421,c,165.7037720607138,165.7037720607138
9422,c,43.290611811369104,48.57714457438897
9423,c,165.7037720607138,165.7037720607138
9424,t,165.7037720607138,165.7037720607138
9425,na,0,0.3429646749618096
9426,t,165.7037720607138,165.7037720607138
9427,c,165.7037720607138,165.7037720607138
9428,t,165.7037720607138,165.7037720607138
9429,na,3.9726123349249787,4.687293284834045
9430,c,165.7037720607138,165.7037720607138
9431,c,62.59009067641716,67.44998322116024
9432,c,165.7037720607138,165.7037720607138
9433,na,1.61170463356925,3.542580774078703
9434,t,165.7037720607138,165.7037720607138
9435,t,165.7037720607138,165.7037720607138
9436,t,165.7037720607138,165.7037720607138
9437,t,165.7037720607138,165.7037720607138
9438,t,165.7037720607138,165.7037720607138
9439,c,165.7037720607138,165.7037720607138
9440,t,165.7037720607138,165.7037720607138
9441,t,165.7037720607138,165.7037720607138
9442,t,165.7037720607138,165.7037720607138
9443,t,165.7037720607138,165.7037720607138
9444,c,165.7037720607138,165.7037720607138
9445,c,165.7037720607138,165.7037720607138
9446,c,17.355264595526805,31.88985298900261
9447,t,165.7037720607138,165.7037720607138
9448,t,165.7037720607138,165.7037720607138
9449,c,165.7037720607138,165.7037720607138
9450,t,165.7037720607138,165.7037720607138
9451,t,165.7037720607138,165.7037720607138
9452,c,165.7037720607138,165.7037720607138
9453,t,165.7037720607138,165.7037720607138
9454,c,5.165799175745377,5.234142210457838
9455,c,62.34342267116768,65.77950055451969
9456,t,165.7037720607138,165.7037720607138
9457,t,165.7037720607138,165.7037720607138
9458,c,12.156923071673182,19.85967609836967
9459,t,165.7037720607138,165.7037720607138
9460,c,165.7037720607138,165.7037720607138
9461,c,16.486097445325242,21.61250526326586
9462,c,165.7037720607138,165.7037720607138
9463,t,165.7037720607138,165.7037720607138
9464,c,165.7037720607138,165.7037720607138
9465,t,165.7037720607138,165.7037720607138
9466,t,165.7037720607138,165.7037720607138
9467,c,165.7037720607138,165.7037720607138
9468,t,165.7037720607138,165.7037720607138
9469,t,165.7037720607138,165.7037720607138
9470,c,47.38240527021523,48.958864686079146
9471,c,165.7037720607138,165.7037720607138
9472,t,165.7037720607138,165.7037720607138
9473,c,165.7037720607138,165.7037720607138
9474,t,165.7037720607138,165.7037720607138
9475,c,165.7037720607138,165.7037720607138
9476,c,165.7037720607138,165.7037720607138
9477,c,165.7037720607138,165.7037720607138
9478,c,165.7037720607138,165.7037720607138
9479,t,165.7037720607138,165.7037720607138
9480,c,42.70827083385508,54.06869549999837
9481,t,165.7037720607138,165.7037720607138
9482,t,165.7037720607138,165.7037720607138
9483,t,165.7037720607138,165.7037720607138
9484,c,165.7037720607138,165.7037720607138
9485,c,165.7037720607138,165.7037720607138
9486,t,165.7037720607138,165.7037720607138
9487,t,165.7037720607138,165.7037720607138
9488,c,165.7037720607138,165.7037720607138
9489,c,165.7037720607138,165.7037720607138
9490,c,57.69335686324339,61.94842495755882
9491,t,165.7037720607138,165.7037720607138
9492,c,7.034499371900694,14.413067141487334
9493,c,11.999411911367245,15.715061327397539
9494,t,165.7037720607138,165.7037720607138
9495,t,165.7037720607138,165.7037720607138
9496,t,165.7037720607138,165.7037720607138
9497,c,31.497010987081392,32.99897919267644
9498,c,165.7037720607138,165.7037720607138
9499,t,165.7037720607138,165.7037720607138
9500,t,165.7037720607138,165.7037720607138
9501,na,0,13.2182312078857
9502,c,165.7037720607138,165.7037720607138
9503,c,69.08516328827274,75.01210142357762
9504,c,36.113323337509875,37.71645381458052
9505,t,165.7037720607138,165.7037720607138
9506,t,165.7037720607138,165.7037720607138
9507,c,165.7037720607138,165.7037720607138
9508,c,165.7037720607138,165.7037720607138
9509,c,165.7037720607138,165.7037720607138
9510,c,39.81845552608932,41.389276991773606
9511,t,165.7037720607138,165.7037720607138
9512,c,165.7037720607138,165.7037720607138
9513,t,165.7037720607138,165.7037720607138
9514,t,165.7037720607138,165.7037720607138
9515,t,165.7037720607138,165.7037720607138
9516,t,165.7037720607138,165.7037720607138
9517,t,165.7037720607138,165.7037720607138
9518,c,165.7037720607138,165.7037720607138
9519,t,165.7037720607138,165.7037720607138
9520,c,165.7037720607138,165.7037720607138
9521,t,165.7037720607138,165.7037720607138
9522,t,165.7037720607138,165.7037720607138
9523,t,165.7037720607138,165.7037720607138
9524,c,165.7037720607138,165.7037720607138
9525,t,165.7037720607138,165.7037720607138
9526,c,165.7037720607138,165.7037720607138
9527,t,165.7037720607138,165.7037720607138
9528,c,165.7037720607138,165.7037720607138
9529,t,165.7037720607138,165.7037720607138
9530,c,51.99388608254538,53.98395139172039
9531,t,165.7037720607138,165.7037720607138
9532,c,165.7037720607138,165.7037720607138
9533,t,165.7037720607138,165.7037720607138
9534,c,165.7037720607138,165.7037720607138
9535,c,54.512931844303274,59.27802136065406
9536,c,165.7037720607138,165.7037720607138
9537,t,165.7037720607138,165.7037720607138
9538,c,165.7037720607138,165.7037720607138
9539,t,165.7037720607138,165.7037720607138
9540,t,165.7037720607138,165.7037720607138
9541,t,165.7037720607138,165.7037720607138
9542,t,165.7037720607138,165.7037720607138
9543,t,165.7037720607138,165.7037720607138
9544,t,165.7037720607138,165.7037720607138
9545,t,165.7037720607138,165.7037720607138
9546,t,165.7037720607138,165.7037720607138
9547,t,165.7037720607138,165.7037720607138
9548,c,165.7037720607138,165.7037720607138
9549,t,165.7037720607138,165.7037720607138
9550,c,165.7037720607138,165.7037720607138
9551,c,165.7037720607138,165.7037720607138
9552,c,165.7037720607138,165.7037720607138
9553,t,165.7037720607138,165.7037720607138
9554,c,87.25169345687878,91.69534374946714
9555,t,165.7037720607138,165.7037720607138
9556,t,165.7037720607138,165.7037720607138
9557,t,165.7037720607138,165.7037720607138
9558,c,165.7037720607138,165.7037720607138
9559,c,165.7037720607138,165.7037720607138
9560,t,165.7037720607138,165.7037720607138
9561,t,165.7037720607138,165.7037720607138
9562,c,165.7037720607138,165.7037720607138
9563,c,51.8091978084762,59.4171841869193
9564,c,27.490894613128322,28.922949195021836
9565,t,165.7037720607138,165.7037720607138
9566,t,165.7037720607138,165.7037720607138
9567,c,165.7037720607138,165.7037720607138
9568,t,165.7037720607138,165.7037720607138
9569,t,165.7037720607138,165.7037720607138
9570,t,165.7037720607138,165.7037720607138
9571,c,165.7037720607138,165.7037720607138
9572,c,165.7037720607138,165.7037720607138
9573,c,38.69278909649498,40.02058308971934
9574,t,165.7037720607138,165.7037720607138
9575,t,165.7037720607138,165.7037720607138
9576,t,165.7037720607138,165.7037720607138
9577,c,165.7037720607138,165.7037720607138
9578,t,165.7037720607138,165.7037720607138
9579,c,165.7037720607138,165.7037720607138
9580,c,165.7037720607138,165.7037720607138
9581,t,165.7037720607138,165.7037720607138
9582,t,165.7037720607138,165.7037720607138
9583,c,43.18893350944983,47.122785548833626
9584,t,165.7037720607138,165.7037720607138
9585,t,165.7037720607138,165.7037720607138
9586,c,19.814035170865534,21.343439425074326
9587,c,49.87840360357547,165.7037720607138
9588,c,165.7037720607138,165.7037720607138
9589,c,165.7037720607138,165.7037720607138
9590,t,165.7037720607138,165.7037720607138
9591,t,165.7037720607138,165.7037720607138
9592,c,165.7037720607138,165.7037720607138
9593,c,165.7037720607138,165.7037720607138
9594,t,165.7037720607138,165.7037720607138
9595,t,165.7037720607138,165.7037720607138
9596,c,165.7037720607138,165.7037720607138
9597,t,165.7037720607138,165.7037720607138
9598,t,165.7037720607138,165.7037720607138
9599,t,165.7037720607138,165.7037720607138
9600,c,165.7037720607138,165.7037720607138
9601,c,165.7037720607138,165.7037720607138
9602,c,165.7037720607138,165.7037720607138
9603,c,165.7037720607138,165.7037720607138
9604,t,165.7037720607138,165.7037720607138
9605,t,165.7037720607138,165.7037720607138
9606,c,165.7037720607138,165.7037720607138
9607,t,165.7037720607138,165.7037720607138
9608,c,165.7037720607138,165.7037720607138
9609,t,165.7037720607138,165.7037720607138
9610,t,165.7037720607138,165.7037720607138
9611,c,165.7037720607138,165.7037720607138
9612,t,165.7037720607138,165.7037720607138
9613,t,165.7037720607138,165.7037720607138
9614,t,165.7037720607138,165.7037720607138
9615,c,165.7037720607138,165.7037720607138
9616,c,165.7037720607138,165.7037720607138
9617,c,165.7037720607138,165.7037720607138
9618,c,165.7037720607138,165.7037720607138
9619,t,165.7037720607138,165.7037720607138
9620,t,165.7037720607138,165.7037720607138
9621,c,28.718838397635476,37.98898408283197
9622,c,165.7037720607138,165.7037720607138
9623,c,16.778612013965898,32.738734134278246
9624,c,165.7037720607138,165.7037720607138
9625,t,165.7037720607138,165.7037720607138
9626,t,165.7037720607138,165.7037720607138
9627,t,165.7037720607138,165.7037720607138
9628,c,165.7037720607138,165.7037720607138
9629,t,165.7037720607138,165.7037720607138
9630,t,165.7037720607138,165.7037720607138
9631,t,165.7037720607138,165.7037720607138
9632,c,165.7037720607138,165.7037720607138
9633,c,165.7037720607138,165.7037720607138
9634,t,165.7037720607138,165.7037720607138
9635,t,165.7037720607138,165.7037720607138
9636,c,165.7037720607138,165.7037720607138
9637,c,26.214980466649482,26.911523582984692
9638,t,165.7037720607138,165.7037720607138
9639,c,165.7037720607138,165.7037720607138
9640,t,165.7037720607138,165.7037720607138
9641,t,165.7037720607138,165.7037720607138
9642,c,165.7037720607138,165.7037720607138
9643,c,165.7037720607138,165.7037720607138
9644,t,165.7037720607138,165.7037720607138
9645,c,165.7037720607138,165.7037720607138
9646,c,36.86835267220119,165.7037720607138
9647,t,165.7037720607138,165.7037720607138
9648,c,53.401158781175944,54.64406334564615
9649,t,165.7037720607138,165.7037720607138
9650,c,36.65934951617847,55.34846102063299
9651,t,165.7037720607138,165.7037720607138
9652,c,165.7037720607138,165.7037720607138
9653,c,165.7037720607138,165.7037720607138
9654,t,165.7037720607138,165.7037720607138
9655,c,57.0206014151945,63.84265933586678
9656,na,0,0.6283754048951895
9657,c,165.7037720607138,165.7037720607138
9658,t,165.7037720607138,165.7037720607138
9659,c,4.711995010135137,9.369173488006751
9660,c,165.7037720607138,165.7037720607138
9661,c,165.7037720607138,165.7037720607138
9662,c,22.242305972563376,29.782035912797973
9663,c,165.7037720607138,165.7037720607138
9664,c,165.7037720607138,165.7037720607138
9665,na,-1,0
9666,t,165.7037720607138,165.7037720607138
9667,t,165.7037720607138,165.7037720607138
9668,t,165.7037720607138,165.7037720607138
9669,c,165.7037720607138,165.7037720607138
9670,t,165.7037720607138,165.7037720607138
9671,t,165.7037720607138,165.7037720607138
9672,c,165.7037720607138,165.7037720607138
9673,c,165.7037720607138,165.7037720607138
9674,c,59.55416709306774,63.740418895033365
9675,t,165.7037720607138,165.7037720607138
9676,c,7.781314868508852,8.980048791928759
9677,c,165.7037720607138,165.7037720607138
9678,t,165.7037720607138,165.7037720607138
9679,c,165.7037720607138,165.7037720607138
9680,c,165.7037720607138,165.7037720607138
9681,t,165.7037720607138,165.7037720607138
9682,t,165.7037720607138,165.7037720607138
9683,t,165.7037720607138,165.7037720607138
9684,t,165.7037720607138,165.7037720607138
9685,t,165.7037720607138,165.7037720607138
9686,t,165.7037720607138,165.7037720607138
9687,t,165.7037720607138,165.7037720607138
9688,t,165.7037720607138,165.7037720607138
9689,t,165.7037720607138,165.7037720607138
9690,c,165.7037720607138,165.7037720607138
9691,c,165.7037720607138,165.7037720607138
9692,t,165.7037720607138,165.7037720607138
9693,c,165.7037720607138,165.7037720607138
9694,c,165.7037720607138,165.7037720607138
9695,c,165.7037720607138,165.7037720607138
9696,c,165.7037720607138,165.7037720607138
9697,c,165.7037720607138,165.7037720607138
9698,c,165.7037720607138,165.7037720607138
9699,c,165.7037720607138,165.7037720607138
9700,c,16.898746225747416,19.093576664654954
9701,c,165.7037720607138,165.7037720607138
9702,t,165.7037720607138,165.7037720607138
9703,c,165.7037720607138,165.7037720607138
9704,t,165.7037720607138,165.7037720607138
9705,c,165.7037720607138,165.7037720607138
9706,t,165.7037720607138,165.7037720607138
9707,t,165.7037720607138,165.7037720607138
9708,c,165.7037720607138,165.7037720607138
9709,c,165.7037720607138,165.7037720607138
9710,c,165.7037720607138,165.7037720607138
9711,t,165.7037720607138,165.7037720607138
9712,c,165.7037720607138,165.7037720607138
9713,t,165.7037720607138,165.7037720607138
9714,c,165.7037720607138,165.7037720607138
9715,t,165.7037720607138,165.7037720607138
9716,c,165.7037720607138,165.7037720607138
9717,t,165.7037720607138,165.7037720607138
9718,t,165.7037720607138,165.7037720607138
9719,na,-1,0
9720,c,31.769103060254583,35.82288499805852
9721,c,165.7037720607138,165.7037720607138
9722,c,165.7037720607138,165.7037720607138
9723,c,165.7037720607138,165.7037720607138
9724,c,11.71134853033723,12.55607789351778
9725,t,165.7037720607138,165.7037720607138
9726,t,165.7037720607138,165.7037720607138
9727,c,165.7037720607138,165.7037720607138
9728,t,165.7037720607138,165.7037720607138
9729,t,165.7037720607138,165.7037720607138
9730,c,165.7037720607138,165.7037720607138
9731,c,39.744029730725075,51.17513052848639
9732,t,165.7037720607138,165.7037720607138
9733,c,35.62388379894368,39.762937536001665
9734,c,165.7037720607138,165.7037720607138
9735,c,165.7037720607138,165.7037720607138
9736,t,165.7037720607138,165.7037720607138
9737,t,165.7037720607138,165.7037720607138
9738,t,165.7037720607138,165.7037720607138
9739,t,165.7037720607138,165.7037720607138
9740,c,15.921359960978439,18.75084663925318
9741,c,15.075983509067331,24.30522599965538
9742,c,38.72812417645705,51.304861307602955
9743,t,165.7037720607138,165.7037720607138
9744,t,165.7037720607138,165.7037720607138
9745,c,165.7037720607138,165.7037720607138
9746,c,165.7037720607138,165.7037720607138
9747,c,165.7037720607138,165.7037720607138
9748,c,165.7037720607138,165.7037720607138
9749,c,165.7037720607138,165.7037720607138
9750,c,165.7037720607138,165.7037720607138
9751,t,165.7037720607138,165.7037720607138
9752,c,165.7037720607138,165.7037720607138
9753,t,165.7037720607138,165.7037720607138
9754,c,165.7037720607138,165.7037720607138
9755,t,165.7037720607138,165.7037720607138
9756,t,165.7037720607138,165.7037720607138
9757,t,165.7037720607138,165.7037720607138
9758,t,165.7037720607138,165.7037720607138
9759,c,165.7037720607138,165.7037720607138
9760,t,165.7037720607138,165.7037720607138
9761,c,165.7037720607138,165.7037720607138
9762,t,165.7037720607138,165.7037720607138
9763,c,165.7037720607138,165.7037720607138
9764,c,165.7037720607138,165.7037720607138
9765,t,165.7037720607138,165.7037720607138
9766,c,165.7037720607138,165.7037720607138
9767,c,165.7037720607138,165.7037720607138
9768,t,165.7037720607138,165.7037720607138
9769,c,165.7037720607138,165.7037720607138
9770,c,165.7037720607138,165.7037720607138
9771,c,165.7037720607138,165.7037720607138
9772,t,165.7037720607138,165.7037720607138
9773,c,37.74825650443715,42.20902940355253
9774,t,165.7037720607138,165.7037720607138
9775,c,11.595751021794806,12.300485458441699
9776,c,165.7037720607138,165.7037720607138
9777,t,165.7037720607138,165.7037720607138
9778,t,165.7037720607138,165.7037720607138
9779,t,165.7037720607138,165.7037720607138
9780,t,165.7037720607138,165.7037720607138
9781,t,165.7037720607138,165.7037720607138
9782,c,165.7037720607138,165.7037720607138
9783,t,165.7037720607138,165.7037720607138
9784,t,165.7037720607138,165.7037720607138
9785,t,165.7037720607138,165.7037720607138
9786,c,165.7037720607138,165.7037720607138
9787,c,165.7037720607138,165.7037720607138
9788,t,165.7037720607138,165.7037720607138
9789,t,165.7037720607138,165.7037720607138
9790,c,165.7037720607138,165.7037720607138
9791,c,18.813635945368386,20.24710821999422
9792,c,165.7037720607138,165.7037720607138
9793,t,165.7037720607138,165.7037720607138
9794,c,165.7037720607138,165.7037720607138
9795,c,165.7037720607138,165.7037720607138
9796,t,165.7037720607138,165.7037720607138
9797,na,4.845231347191974,9.826255915918246
9798,na,0,7.2657766070433825
9799,t,165.7037720607138,165.7037720607138
9800,t,165.7037720607138,165.7037720607138
9801,t,165.7037720607138,165.7037720607138
9802,t,165.7037720607138,165.7037720607138
9803,c,165.7037720607138,165.7037720607138
9804,t,165.7037720607138,165.7037720607138
9805,t,165.7037720607138,165.7037720607138
9806,c,165.7037720607138,165.7037720607138
9807,c,14.642509578929106,22.449967409937003
9808,t,165.7037720607138,165.7037720607138
9809,c,165.7037720607138,165.7037720607138
9810,t,165.7037720607138,165.7037720607138
9811,t,165.7037720607138,165.7037720607138
9812,t,165.7037720607138,165.7037720607138
9813,t,165.7037720607138,165.7037720607138
9814,t,165.7037720607138,165.7037720607138
9815,t,165.7037720607138,165.7037720607138
9816,t,165.7037720607138,165.7037720607138
9817,t,165.7037720607138,165.7037720607138
9818,c,28.623987775213305,36.28551866662162
9819,c,51.4916195122126,57.22681665578375
9820,t,165.7037720607138,165.7037720607138
9821,t,165.7037720607138,165.7037720607138
9822,c,165.7037720607138,165.7037720607138
9823,c,165.7037720607138,165.7037720607138
9824,c,20.109625492302342,24.83240203608695
9825,c,17.209237468080957,20.626512068655053
9826,c,165.7037720607138,165.7037720607138
9827,c,165.7037720607138,165.7037720607138
9828,t,165.7037720607138,165.7037720607138
9829,c,165.7037720607138,165.7037720607138
9830,t,165.7037720607138,165.7037720607138
9831,t,165.7037720607138,165.7037720607138
9832,t,165.7037720607138,165.7037720607138
9833,t,165.7037720607138,165.7037720607138
9834,t,165.7037720607138,165.7037720607138
9835,c,165.7037720607138,165.7037720607138
9836,c,165.7037720607138,165.7037720607138
9837,c,52.65706510040779,54.89691020905776
9838,c,165.7037720607138,165.7037720607138
9839,t,165.7037720607138,165.7037720607138
9840,t,165.7037720607138,165.7037720607138
9841,t,165.7037720607138,165.7037720607138
9842,t,165.7037720607138,165.7037720607138
9843,t,165.7037720607138,165.7037720607138
9844,c,66.4162151202079,67.65684590479383
9845,t,165.7037720607138,165.7037720607138
9846,c,47.335544458805764,50.173130013655175
9847,t,165.7037720607138,165.7037720607138
9848,t,165.7037720607138,165.7037720607138
9849,t,165.7037720607138,165.7037720607138
9850,t,165.7037720607138,165.7037720607138
9851,c,165.7037720607138,165.7037720607138
9852,t,165.7037720607138,165.7037720607138
9853,t,165.7037720607138,165.7037720607138
9854,t,165.7037720607138,165.7037720607138
9855,t,165.7037720607138,165.7037720607138
9856,t,165.7037720607138,165.7037720607138
9857,t,165.7037720607138,165.7037720607138
9858,c,165.7037720607138,165.7037720607138
9859,c,28.381890177592577,165.7037720607138
9860,c,165.7037720607138,165.7037720607138
9861,c,38.46453795255368,42.14852762424043
9862,c,165.7037720607138,165.7037720607138
9863,c,165.7037720607138,165.7037720607138
9864,t,165.7037720607138,165.7037720607138
9865,t,165.7037720607138,165.7037720607138
9866,c,40.9776097718887,45.920120166705026
9867,c,59.899749614118655,66.76144390050482
9868,c,165.7037720607138,165.7037720607138
9869,t,165.7037720607138,165.7037720607138
9870,c,165.7037720607138,165.7037720607138
9871,t,165.7037720607138,165.7037720607138
9872,t,165.7037720607138,165.7037720607138
9873,c,165.7037720607138,165.7037720607138
9874,c,165.7037720607138,165.7037720607138
9875,t,165.7037720607138,165.7037720607138
9876,t,165.7037720607138,165.7037720607138
9877,c,165.7037720607138,165.7037720607138
9878,c,165.7037720607138,165.7037720607138
9879,c,165.7037720607138,165.7037720607138
9880,na,0.4175356137117501,2.6529177760525533
9881,t,165.7037720607138,165.7037720607138
9882,c,29.99325423013527,32.08165091491704
9883,c,165.7037720607138,165.7037720607138
9884,t,165.7037720607138,165.7037720607138
9885,t,165.7037720607138,165.7037720607138
9886,t,165.7037720607138,165.7037720607138
9887,c,165.7037720607138,165.7037720607138
9888,t,165.7037720607138,165.7037720607138
9889,c,14.51823294105861,165.7037720607138
9890,c,165.7037720607138,165.7037720607138
9891,t,165.7037720607138,165.7037720607138
9892,t,165.7037720607138,165.7037720607138
9893,t,165.7037720607138,165.7037720607138
9894,c,165.7037720607138,165.7037720607138
9895,t,165.7037720607138,165.7037720607138
9896,t,165.7037720607138,165.7037720607138
9897,t,165.7037720607138,165.7037720607138
9898,c,165.7037720607138,165.7037720607138
9899,c,8.42671664732493,15.10824706313379
9900,t,165.7037720607138,165.7037720607138
9901,c,165.7037720607138,165.7037720607138
9902,c,18.12860799684251,165.7037720607138
9903,t,165.7037720607138,165.7037720607138
9904,t,165.7037720607138,165.7037720607138
9905,c,165.7037720607138,165.7037720607138
9906,c,12.279023062249856,16.80929129933452
9907,c,17.055298546005687,17.56109190089007
9908,c,165.7037720607138,165.7037720607138
9909,c,165.7037720607138,165.7037720607138
9910,t,165.7037720607138,165.7037720607138
9911,c,41.48166691157756,42.15415738570758
9912,t,165.7037720607138,165.7037720607138
9913,c,165.7037720607138,165.7037720607138
9914,t,165.7037720607138,165.7037720607138
9915,t,165.7037720607138,165.7037720607138
9916,c,13.724524875965534,16.369733170131582
9917,c,14.556204693970722,15.859054687888504
9918,t,165.7037720607138,165.7037720607138
9919,t,165.7037720607138,165.7037720607138
9920,t,165.7037720607138,165.7037720607138
9921,t,165.7037720607138,165.7037720607138
9922,c,165.7037720607138,165.7037720607138
9923,t,165.7037720607138,165.7037720607138
9924,t,165.7037720607138,165.7037720607138
9925,c,165.7037720607138,165.7037720607138
9926,t,165.7037720607138,165.7037720607138
9927,t,165.7037720607138,165.7037720607138
9928,t,165.7037720607138,165.7037720607138
9929,t,165.7037720607138,165.7037720607138
9930,c,165.7037720607138,165.7037720607138
9931,t,165.7037720607138,165.7037720607138
9932,c,165.7037720607138,165.7037720607138
9933,t,165.7037720607138,165.7037720607138
9934,c,165.7037720607138,165.7037720607138
9935,c,165.7037720607138,165.7037720607138
9936,t,165.7037720607138,165.7037720607138
9937,t,165.7037720607138,165.7037720607138
9938,c,165.7037720607138,165.7037720607138
9939,t,165.7037720607138,165.7037720607138
9940,c,54.9925612281022,55.246985506546814
9941,na,0,3.507299081610382
9942,t,165.7037720607138,165.7037720607138
9943,c,53.961645001266255,54.60890914173106
9944,c,165.7037720607138,165.7037720607138
9945,t,165.7037720607138,165.7037720607138
9946,c,165.7037720607138,165.7037720607138
9947,c,26.489298209403337,32.78110218938912
9948,c,66.90268009264477,76.42172121774509
9949,t,165.7037720607138,165.7037720607138
9950,t,165.7037720607138,165.7037720607138
9951,t,165.7037720607138,165.7037720607138
9952,t,165.7037720607138,165.7037720607138
9953,c,56.36859686028295,165.7037720607138
9954,t,165.7037720607138,165.7037720607138
9955,c,165.7037720607138,165.7037720607138
9956,t,165.7037720607138,165.7037720607138
9957,t,165.7037720607138,165.7037720607138
9958,c,165.7037720607138,165.7037720607138
9959,t,165.7037720607138,165.7037720607138
9960,t,165.7037720607138,165.7037720607138
9961,t,165.7037720607138,165.7037720607138
9962,c,165.7037720607138,165.7037720607138
9963,c,26.848710555965194,28.412801472780952
9964,t,165.7037720607138,165.7037720607138
9965,c,165.7037720607138,165.7037720607138
9966,c,165.7037720607138,165.7037720607138
9967,c,165.7037720607138,165.7037720607138
9968,t,165.7037720607138,165.7037720607138
9969,c,165.7037720607138,165.7037720607138
9970,c,165.7037720607138,165.7037720607138
9971,t,165.7037720607138,165.7037720607138
9972,t,165.7037720607138,165.7037720607138
9973,c,165.7037720607138,165.7037720607138
9974,t,165.7037720607138,165.7037720607138
9975,c,165.7037720607138,165.7037720607138
9976,na,2.853418300737756,4.894135538154607
9977,t,165.7037720607138,165.7037720607138
9978,t,165.7037720607138,165.7037720607138
9979,c,165.7037720607138,165.7037720607138
9980,c,165.7037720607138,165.7037720607138
9981,c,165.7037720607138,165.7037720607138
9982,t,165.7037720607138,165.7037720607138
9983,c,37.12353440534561,40.33301775153102
9984,c,165.7037720607138,165.7037720607138
9985,c,67.0140616457992,70.56752276343745
9986,c,165.7037720607138,165.7037720607138
9987,c,165.7037720607138,165.7037720607138
9988,c,165.7037720607138,165.7037720607138
9989,t,165.7037720607138,165.7037720607138
9990,t,165.7037720607138,165.7037720607138
9991,c,165.7037720607138,165.7037720607138
9992,c,165.7037720607138,165.7037720607138
9993,t,165.7037720607138,165.7037720607138
9994,t,165.7037720607138,165.7037720607138
9995,t,165.7037720607138,165.7037720607138
9996,t,165.7037720607138,165.7037720607138
9997,t,165.7037720607138,165.7037720607138
9998,t,165.7037720607138,165.7037720607138
9999,t,165.7037720607138,165.7037720607138
