node, assignment, time2inf, time2death
0,na,-1,0
1,na,0,1.7423387138908584
2,na,-1,0
3,na,-1,0
4,t,26.826413543071446,26.826413543071446
5,c,26.826413543071446,26.826413543071446
6,c,26.826413543071446,26.826413543071446
7,t,26.826413543071446,26.826413543071446
8,na,4.237525856633906,16.682631273675327
9,c,26.826413543071446,26.826413543071446
10,c,26.826413543071446,26.826413543071446
11,c,26.826413543071446,26.826413543071446
12,t,26.826413543071446,26.826413543071446
13,c,26.826413543071446,26.826413543071446
14,t,26.826413543071446,26.826413543071446
15,c,26.826413543071446,26.826413543071446
16,t,26.826413543071446,26.826413543071446
17,c,26.826413543071446,26.826413543071446
18,t,26.826413543071446,26.826413543071446
19,t,26.826413543071446,26.826413543071446
20,c,26.826413543071446,26.826413543071446
21,c,26.826413543071446,26.826413543071446
22,c,26.826413543071446,26.826413543071446
23,t,26.826413543071446,26.826413543071446
24,t,26.826413543071446,26.826413543071446
25,t,26.826413543071446,26.826413543071446
26,t,26.826413543071446,26.826413543071446
27,t,26.826413543071446,26.826413543071446
28,t,26.826413543071446,26.826413543071446
29,na,3.634083545805739,7.494836784007059
30,t,26.826413543071446,26.826413543071446
31,c,26.826413543071446,26.826413543071446
32,c,26.826413543071446,26.826413543071446
33,c,26.826413543071446,26.826413543071446
34,t,26.826413543071446,26.826413543071446
35,t,26.826413543071446,26.826413543071446
36,t,26.826413543071446,26.826413543071446
37,t,26.826413543071446,26.826413543071446
38,t,26.826413543071446,26.826413543071446
39,t,26.826413543071446,26.826413543071446
40,c,26.826413543071446,26.826413543071446
41,t,26.826413543071446,26.826413543071446
42,t,26.826413543071446,26.826413543071446
43,c,26.826413543071446,26.826413543071446
44,t,26.826413543071446,26.826413543071446
45,c,26.826413543071446,26.826413543071446
46,t,26.826413543071446,26.826413543071446
47,t,26.826413543071446,26.826413543071446
48,c,26.826413543071446,26.826413543071446
49,c,26.826413543071446,26.826413543071446
50,t,26.826413543071446,26.826413543071446
51,c,26.826413543071446,26.826413543071446
52,t,26.826413543071446,26.826413543071446
53,t,26.826413543071446,26.826413543071446
54,c,26.826413543071446,26.826413543071446
55,t,26.826413543071446,26.826413543071446
56,t,26.826413543071446,26.826413543071446
57,c,26.826413543071446,26.826413543071446
58,c,26.826413543071446,26.826413543071446
59,t,26.826413543071446,26.826413543071446
60,t,26.826413543071446,26.826413543071446
61,c,26.826413543071446,26.826413543071446
62,c,26.826413543071446,26.826413543071446
63,t,26.826413543071446,26.826413543071446
64,c,26.826413543071446,26.826413543071446
65,c,26.826413543071446,26.826413543071446
66,t,26.826413543071446,26.826413543071446
67,c,26.826413543071446,26.826413543071446
68,t,26.826413543071446,26.826413543071446
69,t,26.826413543071446,26.826413543071446
70,t,26.826413543071446,26.826413543071446
71,c,26.826413543071446,26.826413543071446
72,t,26.826413543071446,26.826413543071446
73,c,26.826413543071446,26.826413543071446
74,t,26.826413543071446,26.826413543071446
75,c,26.826413543071446,26.826413543071446
76,t,26.826413543071446,26.826413543071446
77,c,26.826413543071446,26.826413543071446
78,t,26.826413543071446,26.826413543071446
79,c,26.826413543071446,26.826413543071446
80,t,26.826413543071446,26.826413543071446
81,c,26.826413543071446,26.826413543071446
82,t,26.826413543071446,26.826413543071446
83,t,26.826413543071446,26.826413543071446
84,c,26.826413543071446,26.826413543071446
85,c,26.826413543071446,26.826413543071446
86,t,26.826413543071446,26.826413543071446
87,t,26.826413543071446,26.826413543071446
88,t,26.826413543071446,26.826413543071446
89,c,26.826413543071446,26.826413543071446
90,c,26.826413543071446,26.826413543071446
91,t,26.826413543071446,26.826413543071446
92,c,26.826413543071446,26.826413543071446
93,t,26.826413543071446,26.826413543071446
94,c,26.826413543071446,26.826413543071446
95,c,26.826413543071446,26.826413543071446
96,t,26.826413543071446,26.826413543071446
97,c,26.826413543071446,26.826413543071446
98,t,26.826413543071446,26.826413543071446
99,c,26.826413543071446,26.826413543071446
100,t,26.826413543071446,26.826413543071446
101,t,26.826413543071446,26.826413543071446
102,t,26.826413543071446,26.826413543071446
103,c,26.826413543071446,26.826413543071446
104,c,7.994363384337483,14.852588684323763
105,c,26.826413543071446,26.826413543071446
106,c,12.094365909318954,16.749455956708356
107,c,26.826413543071446,26.826413543071446
108,t,26.826413543071446,26.826413543071446
109,c,26.826413543071446,26.826413543071446
110,c,26.826413543071446,26.826413543071446
111,c,26.826413543071446,26.826413543071446
112,c,26.826413543071446,26.826413543071446
113,t,26.826413543071446,26.826413543071446
114,t,26.826413543071446,26.826413543071446
115,c,26.826413543071446,26.826413543071446
116,t,26.826413543071446,26.826413543071446
117,c,26.826413543071446,26.826413543071446
118,c,26.826413543071446,26.826413543071446
119,c,26.826413543071446,26.826413543071446
120,t,26.826413543071446,26.826413543071446
121,c,26.826413543071446,26.826413543071446
122,na,6.801321445496773,9.151821142776509
123,c,26.826413543071446,26.826413543071446
124,t,26.826413543071446,26.826413543071446
125,c,26.826413543071446,26.826413543071446
126,c,26.826413543071446,26.826413543071446
127,c,26.826413543071446,26.826413543071446
128,t,26.826413543071446,26.826413543071446
129,c,26.826413543071446,26.826413543071446
130,t,26.826413543071446,26.826413543071446
131,t,26.826413543071446,26.826413543071446
132,na,0,26.826413543071446
133,t,26.826413543071446,26.826413543071446
134,t,26.826413543071446,26.826413543071446
135,t,26.826413543071446,26.826413543071446
136,t,26.826413543071446,26.826413543071446
137,na,0,9.993884589006134
138,c,26.826413543071446,26.826413543071446
139,c,26.826413543071446,26.826413543071446
140,c,26.826413543071446,26.826413543071446
141,t,26.826413543071446,26.826413543071446
142,t,26.826413543071446,26.826413543071446
143,t,26.826413543071446,26.826413543071446
144,c,26.826413543071446,26.826413543071446
145,t,26.826413543071446,26.826413543071446
146,t,26.826413543071446,26.826413543071446
147,c,26.826413543071446,26.826413543071446
148,c,26.826413543071446,26.826413543071446
149,c,26.826413543071446,26.826413543071446
150,t,26.826413543071446,26.826413543071446
151,c,26.826413543071446,26.826413543071446
152,t,26.826413543071446,26.826413543071446
153,c,26.826413543071446,26.826413543071446
154,t,26.826413543071446,26.826413543071446
155,c,26.826413543071446,26.826413543071446
156,c,26.826413543071446,26.826413543071446
157,c,26.826413543071446,26.826413543071446
158,t,26.826413543071446,26.826413543071446
159,c,26.826413543071446,26.826413543071446
160,c,26.826413543071446,26.826413543071446
161,c,26.826413543071446,26.826413543071446
162,t,26.826413543071446,26.826413543071446
163,c,26.826413543071446,26.826413543071446
164,t,26.826413543071446,26.826413543071446
165,c,26.826413543071446,26.826413543071446
166,t,26.826413543071446,26.826413543071446
167,c,26.826413543071446,26.826413543071446
168,t,26.826413543071446,26.826413543071446
169,t,26.826413543071446,26.826413543071446
170,t,26.826413543071446,26.826413543071446
171,c,26.826413543071446,26.826413543071446
172,t,26.826413543071446,26.826413543071446
173,c,1.6846414643662722,3.8833441503778854
174,t,26.826413543071446,26.826413543071446
175,c,26.826413543071446,26.826413543071446
176,t,26.826413543071446,26.826413543071446
177,t,26.826413543071446,26.826413543071446
178,t,26.826413543071446,26.826413543071446
179,t,26.826413543071446,26.826413543071446
180,t,26.826413543071446,26.826413543071446
181,c,5.442914515790709,7.788944309318543
182,t,26.826413543071446,26.826413543071446
183,t,26.826413543071446,26.826413543071446
184,c,26.826413543071446,26.826413543071446
185,c,26.826413543071446,26.826413543071446
186,c,26.826413543071446,26.826413543071446
187,t,26.826413543071446,26.826413543071446
188,t,26.826413543071446,26.826413543071446
189,t,26.826413543071446,26.826413543071446
190,c,26.826413543071446,26.826413543071446
191,c,26.826413543071446,26.826413543071446
192,c,26.826413543071446,26.826413543071446
193,t,26.826413543071446,26.826413543071446
194,t,26.826413543071446,26.826413543071446
195,c,26.826413543071446,26.826413543071446
196,t,26.826413543071446,26.826413543071446
197,c,26.826413543071446,26.826413543071446
198,t,26.826413543071446,26.826413543071446
199,t,26.826413543071446,26.826413543071446
200,t,26.826413543071446,26.826413543071446
201,c,4.1562624541800615,7.445154659766767
202,t,26.826413543071446,26.826413543071446
203,c,26.826413543071446,26.826413543071446
204,na,0,2.5151851982233833
205,t,26.826413543071446,26.826413543071446
206,c,26.826413543071446,26.826413543071446
207,c,1.3905169297429454,4.501147271754218
208,t,26.826413543071446,26.826413543071446
209,t,26.826413543071446,26.826413543071446
210,c,26.826413543071446,26.826413543071446
211,c,26.826413543071446,26.826413543071446
212,t,26.826413543071446,26.826413543071446
213,t,26.826413543071446,26.826413543071446
214,t,26.826413543071446,26.826413543071446
215,c,26.826413543071446,26.826413543071446
216,c,26.826413543071446,26.826413543071446
217,c,26.826413543071446,26.826413543071446
218,t,26.826413543071446,26.826413543071446
219,c,26.826413543071446,26.826413543071446
220,t,26.826413543071446,26.826413543071446
221,c,26.826413543071446,26.826413543071446
222,c,26.826413543071446,26.826413543071446
223,c,26.826413543071446,26.826413543071446
224,c,26.826413543071446,26.826413543071446
225,t,26.826413543071446,26.826413543071446
226,t,26.826413543071446,26.826413543071446
227,t,26.826413543071446,26.826413543071446
228,c,26.826413543071446,26.826413543071446
229,c,26.826413543071446,26.826413543071446
230,na,0,2.797400200815911
231,c,26.826413543071446,26.826413543071446
232,c,26.826413543071446,26.826413543071446
233,c,26.826413543071446,26.826413543071446
234,c,26.826413543071446,26.826413543071446
235,c,26.826413543071446,26.826413543071446
236,c,26.826413543071446,26.826413543071446
237,t,26.826413543071446,26.826413543071446
238,t,26.826413543071446,26.826413543071446
239,t,26.826413543071446,26.826413543071446
240,t,26.826413543071446,26.826413543071446
241,c,26.826413543071446,26.826413543071446
242,c,26.826413543071446,26.826413543071446
243,c,26.826413543071446,26.826413543071446
244,c,13.242655688567591,14.3505584646552
245,c,26.826413543071446,26.826413543071446
246,c,26.826413543071446,26.826413543071446
247,t,26.826413543071446,26.826413543071446
248,c,26.826413543071446,26.826413543071446
249,t,26.826413543071446,26.826413543071446
250,c,26.826413543071446,26.826413543071446
251,t,26.826413543071446,26.826413543071446
252,t,26.826413543071446,26.826413543071446
253,c,26.826413543071446,26.826413543071446
254,c,26.826413543071446,26.826413543071446
255,c,26.826413543071446,26.826413543071446
256,c,26.826413543071446,26.826413543071446
257,t,26.826413543071446,26.826413543071446
258,t,26.826413543071446,26.826413543071446
259,c,26.826413543071446,26.826413543071446
260,t,26.826413543071446,26.826413543071446
261,t,26.826413543071446,26.826413543071446
262,c,26.826413543071446,26.826413543071446
263,c,26.826413543071446,26.826413543071446
264,t,26.826413543071446,26.826413543071446
265,t,26.826413543071446,26.826413543071446
266,c,26.826413543071446,26.826413543071446
267,c,26.826413543071446,26.826413543071446
268,c,26.826413543071446,26.826413543071446
269,c,26.826413543071446,26.826413543071446
270,t,26.826413543071446,26.826413543071446
271,t,26.826413543071446,26.826413543071446
272,c,26.826413543071446,26.826413543071446
273,t,26.826413543071446,26.826413543071446
274,c,26.826413543071446,26.826413543071446
275,c,26.826413543071446,26.826413543071446
276,na,3.354196038477786,11.529827673529377
277,c,14.406378091119969,19.117286165091045
278,t,26.826413543071446,26.826413543071446
279,t,26.826413543071446,26.826413543071446
280,c,26.826413543071446,26.826413543071446
281,t,26.826413543071446,26.826413543071446
282,t,26.826413543071446,26.826413543071446
283,t,26.826413543071446,26.826413543071446
284,c,26.826413543071446,26.826413543071446
285,t,26.826413543071446,26.826413543071446
286,t,26.826413543071446,26.826413543071446
287,t,26.826413543071446,26.826413543071446
288,c,26.826413543071446,26.826413543071446
289,na,1.610247178972728,8.420350790692485
290,c,26.826413543071446,26.826413543071446
291,t,26.826413543071446,26.826413543071446
292,t,26.826413543071446,26.826413543071446
293,t,26.826413543071446,26.826413543071446
294,c,26.826413543071446,26.826413543071446
295,c,18.978761138549864,26.826413543071446
296,na,1.8864550513922707,6.028955908567406
297,t,26.826413543071446,26.826413543071446
298,t,26.826413543071446,26.826413543071446
299,t,26.826413543071446,26.826413543071446
300,t,26.826413543071446,26.826413543071446
301,t,26.826413543071446,26.826413543071446
302,t,26.826413543071446,26.826413543071446
303,t,26.826413543071446,26.826413543071446
304,t,26.826413543071446,26.826413543071446
305,t,26.826413543071446,26.826413543071446
306,c,26.826413543071446,26.826413543071446
307,t,26.826413543071446,26.826413543071446
308,c,26.826413543071446,26.826413543071446
309,c,26.826413543071446,26.826413543071446
310,t,26.826413543071446,26.826413543071446
311,c,26.826413543071446,26.826413543071446
312,c,26.826413543071446,26.826413543071446
313,c,26.826413543071446,26.826413543071446
314,c,26.826413543071446,26.826413543071446
315,c,26.826413543071446,26.826413543071446
316,t,26.826413543071446,26.826413543071446
317,t,26.826413543071446,26.826413543071446
318,c,26.826413543071446,26.826413543071446
319,c,26.826413543071446,26.826413543071446
320,c,26.826413543071446,26.826413543071446
321,c,26.826413543071446,26.826413543071446
322,t,26.826413543071446,26.826413543071446
323,c,26.826413543071446,26.826413543071446
324,t,26.826413543071446,26.826413543071446
325,t,26.826413543071446,26.826413543071446
326,c,26.826413543071446,26.826413543071446
327,c,26.826413543071446,26.826413543071446
328,c,26.826413543071446,26.826413543071446
329,t,26.826413543071446,26.826413543071446
330,t,26.826413543071446,26.826413543071446
331,t,26.826413543071446,26.826413543071446
332,c,26.826413543071446,26.826413543071446
333,t,26.826413543071446,26.826413543071446
334,c,26.826413543071446,26.826413543071446
335,c,26.826413543071446,26.826413543071446
336,c,26.826413543071446,26.826413543071446
337,t,26.826413543071446,26.826413543071446
338,t,26.826413543071446,26.826413543071446
339,c,26.826413543071446,26.826413543071446
340,t,26.826413543071446,26.826413543071446
341,t,26.826413543071446,26.826413543071446
342,t,26.826413543071446,26.826413543071446
343,t,26.826413543071446,26.826413543071446
344,c,26.826413543071446,26.826413543071446
345,c,26.826413543071446,26.826413543071446
346,t,26.826413543071446,26.826413543071446
347,c,26.826413543071446,26.826413543071446
348,c,26.826413543071446,26.826413543071446
349,c,26.826413543071446,26.826413543071446
350,t,26.826413543071446,26.826413543071446
351,c,26.826413543071446,26.826413543071446
352,t,26.826413543071446,26.826413543071446
353,c,26.826413543071446,26.826413543071446
354,t,26.826413543071446,26.826413543071446
355,t,26.826413543071446,26.826413543071446
356,t,26.826413543071446,26.826413543071446
357,c,26.826413543071446,26.826413543071446
358,t,26.826413543071446,26.826413543071446
359,t,26.826413543071446,26.826413543071446
360,c,26.826413543071446,26.826413543071446
361,t,26.826413543071446,26.826413543071446
362,c,26.826413543071446,26.826413543071446
363,t,26.826413543071446,26.826413543071446
364,c,26.826413543071446,26.826413543071446
365,t,26.826413543071446,26.826413543071446
366,c,3.993999326115796,7.090512450933065
367,t,26.826413543071446,26.826413543071446
368,c,26.826413543071446,26.826413543071446
369,t,26.826413543071446,26.826413543071446
370,t,26.826413543071446,26.826413543071446
371,c,26.826413543071446,26.826413543071446
372,t,26.826413543071446,26.826413543071446
373,c,26.826413543071446,26.826413543071446
374,c,26.826413543071446,26.826413543071446
375,t,26.826413543071446,26.826413543071446
376,t,26.826413543071446,26.826413543071446
377,c,26.826413543071446,26.826413543071446
378,c,26.826413543071446,26.826413543071446
379,t,26.826413543071446,26.826413543071446
380,c,26.826413543071446,26.826413543071446
381,t,26.826413543071446,26.826413543071446
382,c,26.826413543071446,26.826413543071446
383,t,26.826413543071446,26.826413543071446
384,t,26.826413543071446,26.826413543071446
385,c,26.826413543071446,26.826413543071446
386,t,26.826413543071446,26.826413543071446
387,c,26.826413543071446,26.826413543071446
388,t,26.826413543071446,26.826413543071446
389,c,26.826413543071446,26.826413543071446
390,c,26.826413543071446,26.826413543071446
391,c,26.826413543071446,26.826413543071446
392,c,26.826413543071446,26.826413543071446
393,c,26.826413543071446,26.826413543071446
394,t,26.826413543071446,26.826413543071446
395,c,26.826413543071446,26.826413543071446
396,c,6.3008180644678635,7.68973716237143
397,c,5.380238713766491,7.2172368623811485
398,t,26.826413543071446,26.826413543071446
399,c,26.826413543071446,26.826413543071446
400,c,26.826413543071446,26.826413543071446
401,c,26.826413543071446,26.826413543071446
402,c,26.826413543071446,26.826413543071446
403,t,26.826413543071446,26.826413543071446
404,c,26.826413543071446,26.826413543071446
405,t,26.826413543071446,26.826413543071446
406,c,26.826413543071446,26.826413543071446
407,t,26.826413543071446,26.826413543071446
408,c,26.826413543071446,26.826413543071446
409,t,26.826413543071446,26.826413543071446
410,c,26.826413543071446,26.826413543071446
411,c,26.826413543071446,26.826413543071446
412,c,26.826413543071446,26.826413543071446
413,c,26.826413543071446,26.826413543071446
414,c,26.826413543071446,26.826413543071446
415,c,26.826413543071446,26.826413543071446
416,c,26.826413543071446,26.826413543071446
417,t,26.826413543071446,26.826413543071446
418,c,26.826413543071446,26.826413543071446
419,c,26.826413543071446,26.826413543071446
420,c,26.826413543071446,26.826413543071446
421,t,26.826413543071446,26.826413543071446
422,t,26.826413543071446,26.826413543071446
423,t,26.826413543071446,26.826413543071446
424,t,26.826413543071446,26.826413543071446
425,t,26.826413543071446,26.826413543071446
426,t,26.826413543071446,26.826413543071446
427,c,26.826413543071446,26.826413543071446
428,t,26.826413543071446,26.826413543071446
429,t,26.826413543071446,26.826413543071446
430,c,26.826413543071446,26.826413543071446
431,c,26.826413543071446,26.826413543071446
432,c,26.826413543071446,26.826413543071446
433,t,26.826413543071446,26.826413543071446
434,t,26.826413543071446,26.826413543071446
435,t,26.826413543071446,26.826413543071446
436,t,26.826413543071446,26.826413543071446
437,c,26.826413543071446,26.826413543071446
438,t,26.826413543071446,26.826413543071446
439,t,26.826413543071446,26.826413543071446
440,c,26.826413543071446,26.826413543071446
441,t,26.826413543071446,26.826413543071446
442,na,5.007337618972854,9.977806923586742
443,c,26.826413543071446,26.826413543071446
444,t,26.826413543071446,26.826413543071446
445,c,26.826413543071446,26.826413543071446
446,t,26.826413543071446,26.826413543071446
447,c,26.826413543071446,26.826413543071446
448,t,26.826413543071446,26.826413543071446
449,t,26.826413543071446,26.826413543071446
450,c,26.826413543071446,26.826413543071446
451,t,26.826413543071446,26.826413543071446
452,c,26.826413543071446,26.826413543071446
453,t,26.826413543071446,26.826413543071446
454,t,26.826413543071446,26.826413543071446
455,t,26.826413543071446,26.826413543071446
456,c,26.826413543071446,26.826413543071446
457,t,26.826413543071446,26.826413543071446
458,t,26.826413543071446,26.826413543071446
459,c,26.826413543071446,26.826413543071446
460,c,26.826413543071446,26.826413543071446
461,t,26.826413543071446,26.826413543071446
462,t,26.826413543071446,26.826413543071446
463,c,26.826413543071446,26.826413543071446
464,t,26.826413543071446,26.826413543071446
465,c,26.826413543071446,26.826413543071446
466,t,26.826413543071446,26.826413543071446
467,na,0.9948360550322684,12.04695308436948
468,t,26.826413543071446,26.826413543071446
469,t,26.826413543071446,26.826413543071446
470,t,26.826413543071446,26.826413543071446
471,t,26.826413543071446,26.826413543071446
472,t,26.826413543071446,26.826413543071446
473,c,26.826413543071446,26.826413543071446
474,na,0,1.9310502290607794
475,t,26.826413543071446,26.826413543071446
476,t,26.826413543071446,26.826413543071446
477,t,26.826413543071446,26.826413543071446
478,c,26.826413543071446,26.826413543071446
479,t,26.826413543071446,26.826413543071446
480,c,26.826413543071446,26.826413543071446
481,c,2.155084010143839,5.472242567246256
482,c,26.826413543071446,26.826413543071446
483,t,26.826413543071446,26.826413543071446
484,t,26.826413543071446,26.826413543071446
485,c,26.826413543071446,26.826413543071446
486,c,26.826413543071446,26.826413543071446
487,t,26.826413543071446,26.826413543071446
488,t,26.826413543071446,26.826413543071446
489,t,26.826413543071446,26.826413543071446
490,t,26.826413543071446,26.826413543071446
491,c,26.826413543071446,26.826413543071446
492,t,26.826413543071446,26.826413543071446
493,c,26.826413543071446,26.826413543071446
494,t,26.826413543071446,26.826413543071446
495,t,26.826413543071446,26.826413543071446
496,t,26.826413543071446,26.826413543071446
497,t,26.826413543071446,26.826413543071446
498,c,26.826413543071446,26.826413543071446
499,c,26.826413543071446,26.826413543071446
500,t,26.826413543071446,26.826413543071446
501,c,26.826413543071446,26.826413543071446
502,c,26.826413543071446,26.826413543071446
503,t,26.826413543071446,26.826413543071446
504,t,26.826413543071446,26.826413543071446
505,c,26.826413543071446,26.826413543071446
506,c,26.826413543071446,26.826413543071446
507,c,26.826413543071446,26.826413543071446
508,t,26.826413543071446,26.826413543071446
509,t,26.826413543071446,26.826413543071446
510,t,26.826413543071446,26.826413543071446
511,c,26.826413543071446,26.826413543071446
512,c,26.826413543071446,26.826413543071446
513,t,26.826413543071446,26.826413543071446
514,c,26.826413543071446,26.826413543071446
515,t,26.826413543071446,26.826413543071446
516,t,26.826413543071446,26.826413543071446
517,c,26.826413543071446,26.826413543071446
518,t,26.826413543071446,26.826413543071446
519,t,26.826413543071446,26.826413543071446
520,c,15.032732827896968,16.409498850331676
521,t,26.826413543071446,26.826413543071446
522,c,26.826413543071446,26.826413543071446
523,c,26.826413543071446,26.826413543071446
524,c,26.826413543071446,26.826413543071446
525,t,26.826413543071446,26.826413543071446
526,t,26.826413543071446,26.826413543071446
527,c,26.826413543071446,26.826413543071446
528,c,26.826413543071446,26.826413543071446
529,t,26.826413543071446,26.826413543071446
530,na,4.972762418979236,6.906209943731443
531,c,26.826413543071446,26.826413543071446
532,t,26.826413543071446,26.826413543071446
533,t,26.826413543071446,26.826413543071446
534,t,26.826413543071446,26.826413543071446
535,c,26.826413543071446,26.826413543071446
536,t,26.826413543071446,26.826413543071446
537,t,26.826413543071446,26.826413543071446
538,c,26.826413543071446,26.826413543071446
539,c,26.826413543071446,26.826413543071446
540,t,26.826413543071446,26.826413543071446
541,c,26.826413543071446,26.826413543071446
542,c,26.826413543071446,26.826413543071446
543,na,8.939272313916302,11.55961344915246
544,t,26.826413543071446,26.826413543071446
545,t,26.826413543071446,26.826413543071446
546,c,26.826413543071446,26.826413543071446
547,t,26.826413543071446,26.826413543071446
548,c,26.826413543071446,26.826413543071446
549,t,26.826413543071446,26.826413543071446
550,t,26.826413543071446,26.826413543071446
551,t,26.826413543071446,26.826413543071446
552,c,26.826413543071446,26.826413543071446
553,t,26.826413543071446,26.826413543071446
554,c,26.826413543071446,26.826413543071446
555,c,26.826413543071446,26.826413543071446
556,t,26.826413543071446,26.826413543071446
557,c,26.826413543071446,26.826413543071446
558,t,26.826413543071446,26.826413543071446
559,c,26.826413543071446,26.826413543071446
560,t,26.826413543071446,26.826413543071446
561,c,26.826413543071446,26.826413543071446
562,c,26.826413543071446,26.826413543071446
563,t,26.826413543071446,26.826413543071446
564,c,26.826413543071446,26.826413543071446
565,t,26.826413543071446,26.826413543071446
566,t,26.826413543071446,26.826413543071446
567,t,26.826413543071446,26.826413543071446
568,c,26.826413543071446,26.826413543071446
569,c,26.826413543071446,26.826413543071446
570,t,26.826413543071446,26.826413543071446
571,t,26.826413543071446,26.826413543071446
572,t,26.826413543071446,26.826413543071446
573,t,26.826413543071446,26.826413543071446
574,t,26.826413543071446,26.826413543071446
575,t,26.826413543071446,26.826413543071446
576,c,26.826413543071446,26.826413543071446
577,c,26.826413543071446,26.826413543071446
578,c,26.826413543071446,26.826413543071446
579,c,26.826413543071446,26.826413543071446
580,c,26.826413543071446,26.826413543071446
581,c,26.826413543071446,26.826413543071446
582,t,26.826413543071446,26.826413543071446
583,t,26.826413543071446,26.826413543071446
584,t,26.826413543071446,26.826413543071446
585,c,26.826413543071446,26.826413543071446
586,t,26.826413543071446,26.826413543071446
587,c,26.826413543071446,26.826413543071446
588,t,26.826413543071446,26.826413543071446
589,c,26.826413543071446,26.826413543071446
590,c,26.826413543071446,26.826413543071446
591,t,26.826413543071446,26.826413543071446
592,t,26.826413543071446,26.826413543071446
593,c,26.826413543071446,26.826413543071446
594,c,26.826413543071446,26.826413543071446
595,c,26.826413543071446,26.826413543071446
596,c,26.826413543071446,26.826413543071446
597,c,26.826413543071446,26.826413543071446
598,t,26.826413543071446,26.826413543071446
599,t,26.826413543071446,26.826413543071446
600,t,26.826413543071446,26.826413543071446
601,c,26.826413543071446,26.826413543071446
602,c,26.826413543071446,26.826413543071446
603,t,26.826413543071446,26.826413543071446
604,t,26.826413543071446,26.826413543071446
605,t,26.826413543071446,26.826413543071446
606,t,26.826413543071446,26.826413543071446
607,c,26.826413543071446,26.826413543071446
608,t,26.826413543071446,26.826413543071446
609,c,26.826413543071446,26.826413543071446
610,t,26.826413543071446,26.826413543071446
611,t,26.826413543071446,26.826413543071446
612,t,26.826413543071446,26.826413543071446
613,t,26.826413543071446,26.826413543071446
614,t,26.826413543071446,26.826413543071446
615,c,26.826413543071446,26.826413543071446
616,c,26.826413543071446,26.826413543071446
617,t,26.826413543071446,26.826413543071446
618,t,26.826413543071446,26.826413543071446
619,t,26.826413543071446,26.826413543071446
620,c,26.826413543071446,26.826413543071446
621,c,26.826413543071446,26.826413543071446
622,c,26.826413543071446,26.826413543071446
623,c,26.826413543071446,26.826413543071446
624,t,26.826413543071446,26.826413543071446
625,t,26.826413543071446,26.826413543071446
626,c,26.826413543071446,26.826413543071446
627,c,26.826413543071446,26.826413543071446
628,c,26.826413543071446,26.826413543071446
629,t,26.826413543071446,26.826413543071446
630,c,26.826413543071446,26.826413543071446
631,c,26.826413543071446,26.826413543071446
632,t,26.826413543071446,26.826413543071446
633,c,26.826413543071446,26.826413543071446
634,t,26.826413543071446,26.826413543071446
635,t,26.826413543071446,26.826413543071446
636,c,26.826413543071446,26.826413543071446
637,c,26.826413543071446,26.826413543071446
638,c,26.826413543071446,26.826413543071446
639,t,26.826413543071446,26.826413543071446
640,c,26.826413543071446,26.826413543071446
641,na,4.280199506981164,6.191524553255211
642,t,26.826413543071446,26.826413543071446
643,c,26.826413543071446,26.826413543071446
644,t,26.826413543071446,26.826413543071446
645,t,26.826413543071446,26.826413543071446
646,c,26.826413543071446,26.826413543071446
647,t,26.826413543071446,26.826413543071446
648,c,26.826413543071446,26.826413543071446
649,t,26.826413543071446,26.826413543071446
650,c,26.826413543071446,26.826413543071446
651,c,26.826413543071446,26.826413543071446
652,t,26.826413543071446,26.826413543071446
653,t,26.826413543071446,26.826413543071446
654,c,26.826413543071446,26.826413543071446
655,t,26.826413543071446,26.826413543071446
656,c,26.826413543071446,26.826413543071446
657,t,26.826413543071446,26.826413543071446
658,c,26.826413543071446,26.826413543071446
659,t,26.826413543071446,26.826413543071446
660,t,26.826413543071446,26.826413543071446
661,t,26.826413543071446,26.826413543071446
662,t,26.826413543071446,26.826413543071446
663,c,26.826413543071446,26.826413543071446
664,t,26.826413543071446,26.826413543071446
665,c,26.826413543071446,26.826413543071446
666,c,7.64774247179384,8.135622429385897
667,c,26.826413543071446,26.826413543071446
668,c,26.826413543071446,26.826413543071446
669,c,26.826413543071446,26.826413543071446
670,t,26.826413543071446,26.826413543071446
671,t,26.826413543071446,26.826413543071446
672,c,26.826413543071446,26.826413543071446
673,na,1.5096699736915389,1.8088783497148402
674,c,26.826413543071446,26.826413543071446
675,c,26.826413543071446,26.826413543071446
676,t,26.826413543071446,26.826413543071446
677,c,26.826413543071446,26.826413543071446
678,t,26.826413543071446,26.826413543071446
679,t,26.826413543071446,26.826413543071446
680,c,26.826413543071446,26.826413543071446
681,c,26.826413543071446,26.826413543071446
682,c,26.826413543071446,26.826413543071446
683,t,26.826413543071446,26.826413543071446
684,c,26.826413543071446,26.826413543071446
685,t,26.826413543071446,26.826413543071446
686,c,15.284372278185812,18.021640131424135
687,c,26.826413543071446,26.826413543071446
688,c,26.826413543071446,26.826413543071446
689,t,26.826413543071446,26.826413543071446
690,c,26.826413543071446,26.826413543071446
691,c,26.826413543071446,26.826413543071446
692,c,26.826413543071446,26.826413543071446
693,t,26.826413543071446,26.826413543071446
694,t,26.826413543071446,26.826413543071446
695,t,26.826413543071446,26.826413543071446
696,c,26.826413543071446,26.826413543071446
697,t,26.826413543071446,26.826413543071446
698,c,26.826413543071446,26.826413543071446
699,c,26.826413543071446,26.826413543071446
700,t,26.826413543071446,26.826413543071446
701,t,26.826413543071446,26.826413543071446
702,na,3.1067140484104314,3.864482846279322
703,t,26.826413543071446,26.826413543071446
704,t,26.826413543071446,26.826413543071446
705,t,26.826413543071446,26.826413543071446
706,t,26.826413543071446,26.826413543071446
707,t,26.826413543071446,26.826413543071446
708,c,26.826413543071446,26.826413543071446
709,t,26.826413543071446,26.826413543071446
710,t,26.826413543071446,26.826413543071446
711,c,26.826413543071446,26.826413543071446
712,t,26.826413543071446,26.826413543071446
713,t,26.826413543071446,26.826413543071446
714,t,26.826413543071446,26.826413543071446
715,t,26.826413543071446,26.826413543071446
716,t,26.826413543071446,26.826413543071446
717,na,0.4746486801763397,3.6235817211130237
718,na,0,0.553444950612114
719,c,26.826413543071446,26.826413543071446
720,c,26.826413543071446,26.826413543071446
721,t,26.826413543071446,26.826413543071446
722,c,26.826413543071446,26.826413543071446
723,t,26.826413543071446,26.826413543071446
724,c,17.97085464240747,26.826413543071446
725,t,26.826413543071446,26.826413543071446
726,t,26.826413543071446,26.826413543071446
727,t,26.826413543071446,26.826413543071446
728,t,26.826413543071446,26.826413543071446
729,c,26.826413543071446,26.826413543071446
730,t,26.826413543071446,26.826413543071446
731,t,26.826413543071446,26.826413543071446
732,t,26.826413543071446,26.826413543071446
733,c,26.826413543071446,26.826413543071446
734,t,26.826413543071446,26.826413543071446
735,t,26.826413543071446,26.826413543071446
736,c,26.826413543071446,26.826413543071446
737,t,26.826413543071446,26.826413543071446
738,c,26.826413543071446,26.826413543071446
739,c,26.826413543071446,26.826413543071446
740,c,26.826413543071446,26.826413543071446
741,t,26.826413543071446,26.826413543071446
742,t,26.826413543071446,26.826413543071446
743,t,26.826413543071446,26.826413543071446
744,t,26.826413543071446,26.826413543071446
745,c,26.826413543071446,26.826413543071446
746,na,0.1980317671861361,3.0866269882481006
747,t,26.826413543071446,26.826413543071446
748,t,26.826413543071446,26.826413543071446
749,c,26.826413543071446,26.826413543071446
750,c,26.826413543071446,26.826413543071446
751,t,26.826413543071446,26.826413543071446
752,c,26.826413543071446,26.826413543071446
753,c,26.826413543071446,26.826413543071446
754,c,26.826413543071446,26.826413543071446
755,c,26.826413543071446,26.826413543071446
756,c,26.826413543071446,26.826413543071446
757,c,26.826413543071446,26.826413543071446
758,c,26.826413543071446,26.826413543071446
759,t,26.826413543071446,26.826413543071446
760,c,26.826413543071446,26.826413543071446
761,t,26.826413543071446,26.826413543071446
762,c,26.826413543071446,26.826413543071446
763,t,26.826413543071446,26.826413543071446
764,t,26.826413543071446,26.826413543071446
765,t,26.826413543071446,26.826413543071446
766,t,26.826413543071446,26.826413543071446
767,c,26.826413543071446,26.826413543071446
768,t,26.826413543071446,26.826413543071446
769,c,26.826413543071446,26.826413543071446
770,t,26.826413543071446,26.826413543071446
771,na,4.382048509535707,7.984651038368987
772,c,26.826413543071446,26.826413543071446
773,t,26.826413543071446,26.826413543071446
774,c,26.826413543071446,26.826413543071446
775,c,26.826413543071446,26.826413543071446
776,c,26.826413543071446,26.826413543071446
777,t,26.826413543071446,26.826413543071446
778,c,26.826413543071446,26.826413543071446
779,t,26.826413543071446,26.826413543071446
780,t,26.826413543071446,26.826413543071446
781,c,26.826413543071446,26.826413543071446
782,c,26.826413543071446,26.826413543071446
783,c,26.826413543071446,26.826413543071446
784,c,26.826413543071446,26.826413543071446
785,t,26.826413543071446,26.826413543071446
786,t,26.826413543071446,26.826413543071446
787,t,26.826413543071446,26.826413543071446
788,t,26.826413543071446,26.826413543071446
789,t,26.826413543071446,26.826413543071446
790,c,26.826413543071446,26.826413543071446
791,t,26.826413543071446,26.826413543071446
792,c,26.826413543071446,26.826413543071446
793,t,26.826413543071446,26.826413543071446
794,c,26.826413543071446,26.826413543071446
795,c,26.826413543071446,26.826413543071446
796,c,26.826413543071446,26.826413543071446
797,c,26.826413543071446,26.826413543071446
798,c,26.826413543071446,26.826413543071446
799,t,26.826413543071446,26.826413543071446
800,t,26.826413543071446,26.826413543071446
801,t,26.826413543071446,26.826413543071446
802,c,26.826413543071446,26.826413543071446
803,t,26.826413543071446,26.826413543071446
804,c,26.826413543071446,26.826413543071446
805,c,26.826413543071446,26.826413543071446
806,c,26.826413543071446,26.826413543071446
807,c,26.826413543071446,26.826413543071446
808,t,26.826413543071446,26.826413543071446
809,t,26.826413543071446,26.826413543071446
810,na,17.75127980690793,23.62999021072804
811,t,26.826413543071446,26.826413543071446
812,c,26.826413543071446,26.826413543071446
813,c,26.826413543071446,26.826413543071446
814,c,26.826413543071446,26.826413543071446
815,c,26.826413543071446,26.826413543071446
816,c,26.826413543071446,26.826413543071446
817,c,26.826413543071446,26.826413543071446
818,t,26.826413543071446,26.826413543071446
819,t,26.826413543071446,26.826413543071446
820,t,26.826413543071446,26.826413543071446
821,c,26.826413543071446,26.826413543071446
822,c,26.826413543071446,26.826413543071446
823,t,26.826413543071446,26.826413543071446
824,c,26.826413543071446,26.826413543071446
825,t,26.826413543071446,26.826413543071446
826,c,26.826413543071446,26.826413543071446
827,t,26.826413543071446,26.826413543071446
828,c,26.826413543071446,26.826413543071446
829,c,26.826413543071446,26.826413543071446
830,c,26.826413543071446,26.826413543071446
831,t,26.826413543071446,26.826413543071446
832,c,26.826413543071446,26.826413543071446
833,t,26.826413543071446,26.826413543071446
834,c,26.826413543071446,26.826413543071446
835,c,26.826413543071446,26.826413543071446
836,c,4.91823067736393,9.938586965020232
837,t,26.826413543071446,26.826413543071446
838,c,26.826413543071446,26.826413543071446
839,t,26.826413543071446,26.826413543071446
840,c,26.826413543071446,26.826413543071446
841,t,26.826413543071446,26.826413543071446
842,c,26.826413543071446,26.826413543071446
843,c,26.826413543071446,26.826413543071446
844,t,26.826413543071446,26.826413543071446
845,t,26.826413543071446,26.826413543071446
846,t,26.826413543071446,26.826413543071446
847,c,26.826413543071446,26.826413543071446
848,c,26.826413543071446,26.826413543071446
849,c,26.826413543071446,26.826413543071446
850,c,26.826413543071446,26.826413543071446
851,c,26.826413543071446,26.826413543071446
852,c,26.826413543071446,26.826413543071446
853,t,26.826413543071446,26.826413543071446
854,c,26.826413543071446,26.826413543071446
855,t,26.826413543071446,26.826413543071446
856,t,26.826413543071446,26.826413543071446
857,t,26.826413543071446,26.826413543071446
858,t,26.826413543071446,26.826413543071446
859,c,26.826413543071446,26.826413543071446
860,c,26.826413543071446,26.826413543071446
861,c,26.826413543071446,26.826413543071446
862,t,26.826413543071446,26.826413543071446
863,t,26.826413543071446,26.826413543071446
864,c,26.826413543071446,26.826413543071446
865,c,26.826413543071446,26.826413543071446
866,t,26.826413543071446,26.826413543071446
867,t,26.826413543071446,26.826413543071446
868,c,26.826413543071446,26.826413543071446
869,c,26.826413543071446,26.826413543071446
870,t,26.826413543071446,26.826413543071446
871,c,26.826413543071446,26.826413543071446
872,c,26.826413543071446,26.826413543071446
873,c,26.826413543071446,26.826413543071446
874,c,26.826413543071446,26.826413543071446
875,c,26.826413543071446,26.826413543071446
876,t,26.826413543071446,26.826413543071446
877,t,26.826413543071446,26.826413543071446
878,t,26.826413543071446,26.826413543071446
879,t,26.826413543071446,26.826413543071446
880,t,26.826413543071446,26.826413543071446
881,t,26.826413543071446,26.826413543071446
882,c,26.826413543071446,26.826413543071446
883,t,26.826413543071446,26.826413543071446
884,t,26.826413543071446,26.826413543071446
885,c,15.437180642625798,17.84384045777004
886,c,26.826413543071446,26.826413543071446
887,t,26.826413543071446,26.826413543071446
888,c,26.826413543071446,26.826413543071446
889,c,26.826413543071446,26.826413543071446
890,c,26.826413543071446,26.826413543071446
891,t,26.826413543071446,26.826413543071446
892,c,26.826413543071446,26.826413543071446
893,c,26.826413543071446,26.826413543071446
894,t,26.826413543071446,26.826413543071446
895,c,26.826413543071446,26.826413543071446
896,c,26.826413543071446,26.826413543071446
897,t,26.826413543071446,26.826413543071446
898,t,26.826413543071446,26.826413543071446
899,c,26.826413543071446,26.826413543071446
900,c,26.826413543071446,26.826413543071446
901,t,26.826413543071446,26.826413543071446
902,t,26.826413543071446,26.826413543071446
903,t,26.826413543071446,26.826413543071446
904,na,10.896084365605667,11.952353711910842
905,t,26.826413543071446,26.826413543071446
906,c,26.826413543071446,26.826413543071446
907,t,26.826413543071446,26.826413543071446
908,t,26.826413543071446,26.826413543071446
909,t,26.826413543071446,26.826413543071446
910,t,26.826413543071446,26.826413543071446
911,c,26.826413543071446,26.826413543071446
912,t,26.826413543071446,26.826413543071446
913,t,26.826413543071446,26.826413543071446
914,t,26.826413543071446,26.826413543071446
915,t,26.826413543071446,26.826413543071446
916,na,-1,0
917,t,26.826413543071446,26.826413543071446
918,t,26.826413543071446,26.826413543071446
919,t,26.826413543071446,26.826413543071446
920,c,26.826413543071446,26.826413543071446
921,t,26.826413543071446,26.826413543071446
922,c,26.826413543071446,26.826413543071446
923,c,26.826413543071446,26.826413543071446
924,c,26.826413543071446,26.826413543071446
925,na,0.7491505023460976,2.7342105114910957
926,c,26.826413543071446,26.826413543071446
927,c,26.826413543071446,26.826413543071446
928,t,26.826413543071446,26.826413543071446
929,t,26.826413543071446,26.826413543071446
930,c,26.826413543071446,26.826413543071446
931,c,26.826413543071446,26.826413543071446
932,t,26.826413543071446,26.826413543071446
933,t,26.826413543071446,26.826413543071446
934,c,26.826413543071446,26.826413543071446
935,c,26.826413543071446,26.826413543071446
936,t,26.826413543071446,26.826413543071446
937,t,26.826413543071446,26.826413543071446
938,c,26.826413543071446,26.826413543071446
939,c,26.826413543071446,26.826413543071446
940,t,26.826413543071446,26.826413543071446
941,c,26.826413543071446,26.826413543071446
942,c,26.826413543071446,26.826413543071446
943,c,26.826413543071446,26.826413543071446
944,c,26.826413543071446,26.826413543071446
945,t,26.826413543071446,26.826413543071446
946,c,26.826413543071446,26.826413543071446
947,c,26.826413543071446,26.826413543071446
948,t,26.826413543071446,26.826413543071446
949,t,26.826413543071446,26.826413543071446
950,c,26.826413543071446,26.826413543071446
951,t,26.826413543071446,26.826413543071446
952,t,26.826413543071446,26.826413543071446
953,t,26.826413543071446,26.826413543071446
954,t,26.826413543071446,26.826413543071446
955,c,26.826413543071446,26.826413543071446
956,c,26.826413543071446,26.826413543071446
957,c,26.826413543071446,26.826413543071446
958,t,26.826413543071446,26.826413543071446
959,c,26.826413543071446,26.826413543071446
960,c,26.826413543071446,26.826413543071446
961,c,26.826413543071446,26.826413543071446
962,c,26.826413543071446,26.826413543071446
963,t,26.826413543071446,26.826413543071446
964,t,26.826413543071446,26.826413543071446
965,c,26.826413543071446,26.826413543071446
966,c,26.826413543071446,26.826413543071446
967,t,26.826413543071446,26.826413543071446
968,c,26.826413543071446,26.826413543071446
969,c,26.826413543071446,26.826413543071446
970,c,26.826413543071446,26.826413543071446
971,c,26.826413543071446,26.826413543071446
972,c,26.826413543071446,26.826413543071446
973,c,26.826413543071446,26.826413543071446
974,t,26.826413543071446,26.826413543071446
975,t,26.826413543071446,26.826413543071446
976,c,26.826413543071446,26.826413543071446
977,t,26.826413543071446,26.826413543071446
978,t,26.826413543071446,26.826413543071446
979,t,26.826413543071446,26.826413543071446
980,c,26.826413543071446,26.826413543071446
981,c,26.826413543071446,26.826413543071446
982,c,26.826413543071446,26.826413543071446
983,c,26.826413543071446,26.826413543071446
984,t,26.826413543071446,26.826413543071446
985,c,26.826413543071446,26.826413543071446
986,t,26.826413543071446,26.826413543071446
987,t,26.826413543071446,26.826413543071446
988,t,26.826413543071446,26.826413543071446
989,c,26.826413543071446,26.826413543071446
990,c,26.826413543071446,26.826413543071446
991,t,26.826413543071446,26.826413543071446
992,na,10.212698919888163,16.6491438085426
993,c,26.826413543071446,26.826413543071446
994,c,26.826413543071446,26.826413543071446
995,c,26.826413543071446,26.826413543071446
996,t,26.826413543071446,26.826413543071446
997,c,26.826413543071446,26.826413543071446
998,t,26.826413543071446,26.826413543071446
999,t,26.826413543071446,26.826413543071446
