node, assignment, time2inf, time2death
0,na,-1,0
1,na,-1,0
2,na,-1,0
3,na,-1,0
4,na,-1,0
5,na,-1,0
6,na,-1,0
7,na,-1,0
8,na,-1,0
9,na,-1,0
10,na,-1,0
11,na,-1,0
12,na,-1,0
13,na,-1,0
14,na,-1,0
15,na,-1,0
16,na,-1,0
17,na,-1,0
18,na,38.78818495801033,38.78818495801033
19,na,-1,0
20,na,-1,0
21,na,38.78818495801033,38.78818495801033
22,na,-1,0
23,na,38.78818495801033,38.78818495801033
24,na,0,11.952872174604135
25,na,-1,0
26,na,0,8.631939983037563
27,na,-1,0
28,na,-1,0
29,na,-1,0
30,na,-1,0
31,na,0,13.82639536851151
32,na,-1,0
33,na,-1,0
34,na,-1,0
35,na,-1,0
36,na,0,15.939600359939682
37,na,-1,0
38,na,-1,0
39,na,-1,0
40,t,38.78818495801033,38.78818495801033
41,c,38.78818495801033,38.78818495801033
42,t,38.78818495801033,38.78818495801033
43,t,38.78818495801033,38.78818495801033
44,t,38.78818495801033,38.78818495801033
45,c,38.78818495801033,38.78818495801033
46,c,38.78818495801033,38.78818495801033
47,t,38.78818495801033,38.78818495801033
48,c,38.78818495801033,38.78818495801033
49,c,38.78818495801033,38.78818495801033
50,c,38.78818495801033,38.78818495801033
51,c,38.78818495801033,38.78818495801033
52,c,38.78818495801033,38.78818495801033
53,c,38.78818495801033,38.78818495801033
54,t,38.78818495801033,38.78818495801033
55,c,38.78818495801033,38.78818495801033
56,t,38.78818495801033,38.78818495801033
57,c,38.78818495801033,38.78818495801033
58,c,3.415341428453606,8.478550748860112
59,c,38.78818495801033,38.78818495801033
60,c,38.78818495801033,38.78818495801033
61,c,4.052232908717778,4.943541062478415
62,t,38.78818495801033,38.78818495801033
63,t,38.78818495801033,38.78818495801033
64,c,38.78818495801033,38.78818495801033
65,t,38.78818495801033,38.78818495801033
66,t,38.78818495801033,38.78818495801033
67,t,38.78818495801033,38.78818495801033
68,t,38.78818495801033,38.78818495801033
69,t,38.78818495801033,38.78818495801033
70,c,38.78818495801033,38.78818495801033
71,t,38.78818495801033,38.78818495801033
72,t,38.78818495801033,38.78818495801033
73,t,38.78818495801033,38.78818495801033
74,t,38.78818495801033,38.78818495801033
75,t,38.78818495801033,38.78818495801033
76,t,38.78818495801033,38.78818495801033
77,c,38.78818495801033,38.78818495801033
78,c,38.78818495801033,38.78818495801033
79,c,38.78818495801033,38.78818495801033
80,c,38.78818495801033,38.78818495801033
81,c,38.78818495801033,38.78818495801033
82,t,38.78818495801033,38.78818495801033
83,c,38.78818495801033,38.78818495801033
84,c,38.78818495801033,38.78818495801033
85,t,38.78818495801033,38.78818495801033
86,t,38.78818495801033,38.78818495801033
87,t,38.78818495801033,38.78818495801033
88,t,38.78818495801033,38.78818495801033
89,c,38.78818495801033,38.78818495801033
90,c,38.78818495801033,38.78818495801033
91,t,38.78818495801033,38.78818495801033
92,t,38.78818495801033,38.78818495801033
93,c,38.78818495801033,38.78818495801033
94,t,38.78818495801033,38.78818495801033
95,t,38.78818495801033,38.78818495801033
96,t,38.78818495801033,38.78818495801033
97,c,38.78818495801033,38.78818495801033
98,t,38.78818495801033,38.78818495801033
99,t,38.78818495801033,38.78818495801033
100,t,38.78818495801033,38.78818495801033
101,c,38.78818495801033,38.78818495801033
102,c,38.78818495801033,38.78818495801033
103,c,38.78818495801033,38.78818495801033
104,c,38.78818495801033,38.78818495801033
105,t,38.78818495801033,38.78818495801033
106,t,38.78818495801033,38.78818495801033
107,t,38.78818495801033,38.78818495801033
108,t,38.78818495801033,38.78818495801033
109,c,38.78818495801033,38.78818495801033
110,na,9.063816084373235,19.315013301331895
111,c,38.78818495801033,38.78818495801033
112,t,38.78818495801033,38.78818495801033
113,c,38.78818495801033,38.78818495801033
114,t,38.78818495801033,38.78818495801033
115,c,38.78818495801033,38.78818495801033
116,c,38.78818495801033,38.78818495801033
117,t,38.78818495801033,38.78818495801033
118,t,38.78818495801033,38.78818495801033
119,t,38.78818495801033,38.78818495801033
120,t,38.78818495801033,38.78818495801033
121,c,38.78818495801033,38.78818495801033
122,t,38.78818495801033,38.78818495801033
123,c,38.78818495801033,38.78818495801033
124,t,38.78818495801033,38.78818495801033
125,c,38.78818495801033,38.78818495801033
126,t,38.78818495801033,38.78818495801033
127,t,38.78818495801033,38.78818495801033
128,t,38.78818495801033,38.78818495801033
129,t,38.78818495801033,38.78818495801033
130,t,38.78818495801033,38.78818495801033
131,t,38.78818495801033,38.78818495801033
132,t,38.78818495801033,38.78818495801033
133,t,38.78818495801033,38.78818495801033
134,t,38.78818495801033,38.78818495801033
135,c,38.78818495801033,38.78818495801033
136,t,38.78818495801033,38.78818495801033
137,t,38.78818495801033,38.78818495801033
138,c,38.78818495801033,38.78818495801033
139,t,38.78818495801033,38.78818495801033
140,c,38.78818495801033,38.78818495801033
141,t,38.78818495801033,38.78818495801033
142,t,38.78818495801033,38.78818495801033
143,c,38.78818495801033,38.78818495801033
144,c,38.78818495801033,38.78818495801033
145,t,38.78818495801033,38.78818495801033
146,c,38.78818495801033,38.78818495801033
147,t,38.78818495801033,38.78818495801033
148,c,38.78818495801033,38.78818495801033
149,t,38.78818495801033,38.78818495801033
150,t,38.78818495801033,38.78818495801033
151,t,38.78818495801033,38.78818495801033
152,t,38.78818495801033,38.78818495801033
153,t,38.78818495801033,38.78818495801033
154,c,38.78818495801033,38.78818495801033
155,t,38.78818495801033,38.78818495801033
156,t,38.78818495801033,38.78818495801033
157,c,38.78818495801033,38.78818495801033
158,t,38.78818495801033,38.78818495801033
159,c,38.78818495801033,38.78818495801033
160,c,38.78818495801033,38.78818495801033
161,c,38.78818495801033,38.78818495801033
162,t,38.78818495801033,38.78818495801033
163,t,38.78818495801033,38.78818495801033
164,c,38.78818495801033,38.78818495801033
165,c,38.78818495801033,38.78818495801033
166,t,38.78818495801033,38.78818495801033
167,t,38.78818495801033,38.78818495801033
168,c,38.78818495801033,38.78818495801033
169,c,38.78818495801033,38.78818495801033
170,c,38.78818495801033,38.78818495801033
171,c,38.78818495801033,38.78818495801033
172,c,38.78818495801033,38.78818495801033
173,t,38.78818495801033,38.78818495801033
174,t,38.78818495801033,38.78818495801033
175,t,38.78818495801033,38.78818495801033
176,t,38.78818495801033,38.78818495801033
177,c,38.78818495801033,38.78818495801033
178,c,38.78818495801033,38.78818495801033
179,c,38.78818495801033,38.78818495801033
180,t,38.78818495801033,38.78818495801033
181,c,38.78818495801033,38.78818495801033
182,t,38.78818495801033,38.78818495801033
183,c,38.78818495801033,38.78818495801033
184,t,38.78818495801033,38.78818495801033
185,c,38.78818495801033,38.78818495801033
186,t,38.78818495801033,38.78818495801033
187,t,38.78818495801033,38.78818495801033
188,c,38.78818495801033,38.78818495801033
189,t,38.78818495801033,38.78818495801033
190,c,38.78818495801033,38.78818495801033
191,c,38.78818495801033,38.78818495801033
192,t,38.78818495801033,38.78818495801033
193,t,38.78818495801033,38.78818495801033
194,c,9.85333133009229,15.059362761917612
195,c,38.78818495801033,38.78818495801033
196,t,38.78818495801033,38.78818495801033
197,t,38.78818495801033,38.78818495801033
198,c,38.78818495801033,38.78818495801033
199,t,38.78818495801033,38.78818495801033
200,t,38.78818495801033,38.78818495801033
201,c,38.78818495801033,38.78818495801033
202,t,38.78818495801033,38.78818495801033
203,c,38.78818495801033,38.78818495801033
204,t,38.78818495801033,38.78818495801033
205,c,38.78818495801033,38.78818495801033
206,c,38.78818495801033,38.78818495801033
207,t,38.78818495801033,38.78818495801033
208,t,38.78818495801033,38.78818495801033
209,c,38.78818495801033,38.78818495801033
210,c,38.78818495801033,38.78818495801033
211,c,38.78818495801033,38.78818495801033
212,t,38.78818495801033,38.78818495801033
213,c,38.78818495801033,38.78818495801033
214,t,38.78818495801033,38.78818495801033
215,c,38.78818495801033,38.78818495801033
216,t,38.78818495801033,38.78818495801033
217,c,38.78818495801033,38.78818495801033
218,c,38.78818495801033,38.78818495801033
219,c,38.78818495801033,38.78818495801033
220,c,38.78818495801033,38.78818495801033
221,c,38.78818495801033,38.78818495801033
222,t,38.78818495801033,38.78818495801033
223,t,38.78818495801033,38.78818495801033
224,t,38.78818495801033,38.78818495801033
225,t,38.78818495801033,38.78818495801033
226,t,38.78818495801033,38.78818495801033
227,t,38.78818495801033,38.78818495801033
228,c,38.78818495801033,38.78818495801033
229,c,38.78818495801033,38.78818495801033
230,t,38.78818495801033,38.78818495801033
231,t,38.78818495801033,38.78818495801033
232,t,38.78818495801033,38.78818495801033
233,t,38.78818495801033,38.78818495801033
234,t,38.78818495801033,38.78818495801033
235,c,38.78818495801033,38.78818495801033
236,t,38.78818495801033,38.78818495801033
237,t,38.78818495801033,38.78818495801033
238,c,38.78818495801033,38.78818495801033
239,c,38.78818495801033,38.78818495801033
240,c,38.78818495801033,38.78818495801033
241,c,38.78818495801033,38.78818495801033
242,t,38.78818495801033,38.78818495801033
243,c,38.78818495801033,38.78818495801033
244,t,38.78818495801033,38.78818495801033
245,c,38.78818495801033,38.78818495801033
246,c,38.78818495801033,38.78818495801033
247,t,38.78818495801033,38.78818495801033
248,c,38.78818495801033,38.78818495801033
249,t,38.78818495801033,38.78818495801033
250,c,38.78818495801033,38.78818495801033
251,t,38.78818495801033,38.78818495801033
252,c,38.78818495801033,38.78818495801033
253,t,38.78818495801033,38.78818495801033
254,c,38.78818495801033,38.78818495801033
255,t,38.78818495801033,38.78818495801033
256,t,38.78818495801033,38.78818495801033
257,c,38.78818495801033,38.78818495801033
258,t,38.78818495801033,38.78818495801033
259,c,38.78818495801033,38.78818495801033
260,c,8.044715863325234,9.574301193154154
261,t,38.78818495801033,38.78818495801033
262,t,38.78818495801033,38.78818495801033
263,t,38.78818495801033,38.78818495801033
264,c,38.78818495801033,38.78818495801033
265,t,38.78818495801033,38.78818495801033
266,c,38.78818495801033,38.78818495801033
267,c,38.78818495801033,38.78818495801033
268,t,38.78818495801033,38.78818495801033
269,t,38.78818495801033,38.78818495801033
270,t,38.78818495801033,38.78818495801033
271,c,38.78818495801033,38.78818495801033
272,t,38.78818495801033,38.78818495801033
273,t,38.78818495801033,38.78818495801033
274,t,38.78818495801033,38.78818495801033
275,t,38.78818495801033,38.78818495801033
276,c,38.78818495801033,38.78818495801033
277,c,38.78818495801033,38.78818495801033
278,c,38.78818495801033,38.78818495801033
279,c,38.78818495801033,38.78818495801033
280,t,38.78818495801033,38.78818495801033
281,t,38.78818495801033,38.78818495801033
282,t,38.78818495801033,38.78818495801033
283,c,38.78818495801033,38.78818495801033
284,t,38.78818495801033,38.78818495801033
285,c,38.78818495801033,38.78818495801033
286,t,38.78818495801033,38.78818495801033
287,t,38.78818495801033,38.78818495801033
288,c,38.78818495801033,38.78818495801033
289,c,4.224075052809243,5.337056679070452
290,c,38.78818495801033,38.78818495801033
291,c,38.78818495801033,38.78818495801033
292,c,38.78818495801033,38.78818495801033
293,c,38.78818495801033,38.78818495801033
294,c,38.78818495801033,38.78818495801033
295,t,38.78818495801033,38.78818495801033
296,t,38.78818495801033,38.78818495801033
297,t,38.78818495801033,38.78818495801033
298,t,38.78818495801033,38.78818495801033
299,c,38.78818495801033,38.78818495801033
300,c,38.78818495801033,38.78818495801033
301,c,38.78818495801033,38.78818495801033
302,c,38.78818495801033,38.78818495801033
303,t,38.78818495801033,38.78818495801033
304,t,38.78818495801033,38.78818495801033
305,t,38.78818495801033,38.78818495801033
306,c,38.78818495801033,38.78818495801033
307,t,38.78818495801033,38.78818495801033
308,t,38.78818495801033,38.78818495801033
309,t,38.78818495801033,38.78818495801033
310,t,38.78818495801033,38.78818495801033
311,c,38.78818495801033,38.78818495801033
312,c,38.78818495801033,38.78818495801033
313,t,38.78818495801033,38.78818495801033
314,c,38.78818495801033,38.78818495801033
315,t,38.78818495801033,38.78818495801033
316,t,38.78818495801033,38.78818495801033
317,c,38.78818495801033,38.78818495801033
318,t,38.78818495801033,38.78818495801033
319,t,38.78818495801033,38.78818495801033
320,c,38.78818495801033,38.78818495801033
321,t,38.78818495801033,38.78818495801033
322,c,38.78818495801033,38.78818495801033
323,t,38.78818495801033,38.78818495801033
324,t,38.78818495801033,38.78818495801033
325,c,38.78818495801033,38.78818495801033
326,c,38.78818495801033,38.78818495801033
327,t,38.78818495801033,38.78818495801033
328,c,38.78818495801033,38.78818495801033
329,c,38.78818495801033,38.78818495801033
330,t,38.78818495801033,38.78818495801033
331,t,38.78818495801033,38.78818495801033
332,c,38.78818495801033,38.78818495801033
333,c,38.78818495801033,38.78818495801033
334,t,38.78818495801033,38.78818495801033
335,t,38.78818495801033,38.78818495801033
336,t,38.78818495801033,38.78818495801033
337,t,38.78818495801033,38.78818495801033
338,c,38.78818495801033,38.78818495801033
339,t,38.78818495801033,38.78818495801033
340,c,38.78818495801033,38.78818495801033
341,na,1.8529071191190607,3.3551606847068065
342,c,38.78818495801033,38.78818495801033
343,c,38.78818495801033,38.78818495801033
344,t,38.78818495801033,38.78818495801033
345,c,38.78818495801033,38.78818495801033
346,c,38.78818495801033,38.78818495801033
347,c,38.78818495801033,38.78818495801033
348,t,38.78818495801033,38.78818495801033
349,t,38.78818495801033,38.78818495801033
350,c,38.78818495801033,38.78818495801033
351,t,38.78818495801033,38.78818495801033
352,t,38.78818495801033,38.78818495801033
353,t,38.78818495801033,38.78818495801033
354,t,38.78818495801033,38.78818495801033
355,t,38.78818495801033,38.78818495801033
356,c,38.78818495801033,38.78818495801033
357,c,38.78818495801033,38.78818495801033
358,t,38.78818495801033,38.78818495801033
359,c,38.78818495801033,38.78818495801033
360,c,38.78818495801033,38.78818495801033
361,c,38.78818495801033,38.78818495801033
362,t,38.78818495801033,38.78818495801033
363,t,38.78818495801033,38.78818495801033
364,t,38.78818495801033,38.78818495801033
365,c,14.012374870405132,26.757129071838005
366,t,38.78818495801033,38.78818495801033
367,c,2.400595960717486,7.283797316371485
368,c,38.78818495801033,38.78818495801033
369,c,38.78818495801033,38.78818495801033
370,c,38.78818495801033,38.78818495801033
371,c,38.78818495801033,38.78818495801033
372,c,38.78818495801033,38.78818495801033
373,c,38.78818495801033,38.78818495801033
374,t,38.78818495801033,38.78818495801033
375,c,38.78818495801033,38.78818495801033
376,t,38.78818495801033,38.78818495801033
377,t,38.78818495801033,38.78818495801033
378,t,38.78818495801033,38.78818495801033
379,t,38.78818495801033,38.78818495801033
380,t,38.78818495801033,38.78818495801033
381,t,38.78818495801033,38.78818495801033
382,c,38.78818495801033,38.78818495801033
383,t,38.78818495801033,38.78818495801033
384,c,38.78818495801033,38.78818495801033
385,c,38.78818495801033,38.78818495801033
386,c,38.78818495801033,38.78818495801033
387,c,38.78818495801033,38.78818495801033
388,t,38.78818495801033,38.78818495801033
389,c,38.78818495801033,38.78818495801033
390,c,38.78818495801033,38.78818495801033
391,t,38.78818495801033,38.78818495801033
392,c,38.78818495801033,38.78818495801033
393,t,38.78818495801033,38.78818495801033
394,t,38.78818495801033,38.78818495801033
395,c,38.78818495801033,38.78818495801033
396,c,38.78818495801033,38.78818495801033
397,t,38.78818495801033,38.78818495801033
398,c,38.78818495801033,38.78818495801033
399,t,38.78818495801033,38.78818495801033
400,t,38.78818495801033,38.78818495801033
401,t,38.78818495801033,38.78818495801033
402,t,38.78818495801033,38.78818495801033
403,c,38.78818495801033,38.78818495801033
404,c,38.78818495801033,38.78818495801033
405,t,38.78818495801033,38.78818495801033
406,t,38.78818495801033,38.78818495801033
407,c,38.78818495801033,38.78818495801033
408,c,38.78818495801033,38.78818495801033
409,c,38.78818495801033,38.78818495801033
410,t,38.78818495801033,38.78818495801033
411,c,38.78818495801033,38.78818495801033
412,t,38.78818495801033,38.78818495801033
413,t,38.78818495801033,38.78818495801033
414,t,38.78818495801033,38.78818495801033
415,c,38.78818495801033,38.78818495801033
416,c,38.78818495801033,38.78818495801033
417,t,38.78818495801033,38.78818495801033
418,c,38.78818495801033,38.78818495801033
419,c,38.78818495801033,38.78818495801033
420,t,38.78818495801033,38.78818495801033
421,c,38.78818495801033,38.78818495801033
422,c,38.78818495801033,38.78818495801033
423,c,38.78818495801033,38.78818495801033
424,c,38.78818495801033,38.78818495801033
425,c,38.78818495801033,38.78818495801033
426,t,38.78818495801033,38.78818495801033
427,t,38.78818495801033,38.78818495801033
428,t,38.78818495801033,38.78818495801033
429,t,38.78818495801033,38.78818495801033
430,t,38.78818495801033,38.78818495801033
431,t,38.78818495801033,38.78818495801033
432,c,38.78818495801033,38.78818495801033
433,t,38.78818495801033,38.78818495801033
434,t,38.78818495801033,38.78818495801033
435,t,38.78818495801033,38.78818495801033
436,t,38.78818495801033,38.78818495801033
437,c,38.78818495801033,38.78818495801033
438,t,38.78818495801033,38.78818495801033
439,t,38.78818495801033,38.78818495801033
440,c,38.78818495801033,38.78818495801033
441,t,38.78818495801033,38.78818495801033
442,c,38.78818495801033,38.78818495801033
443,t,38.78818495801033,38.78818495801033
444,t,38.78818495801033,38.78818495801033
445,t,38.78818495801033,38.78818495801033
446,c,38.78818495801033,38.78818495801033
447,t,38.78818495801033,38.78818495801033
448,t,38.78818495801033,38.78818495801033
449,c,38.78818495801033,38.78818495801033
450,c,38.78818495801033,38.78818495801033
451,t,38.78818495801033,38.78818495801033
452,t,38.78818495801033,38.78818495801033
453,t,38.78818495801033,38.78818495801033
454,t,38.78818495801033,38.78818495801033
455,t,38.78818495801033,38.78818495801033
456,c,38.78818495801033,38.78818495801033
457,t,38.78818495801033,38.78818495801033
458,t,38.78818495801033,38.78818495801033
459,na,1.7367291508861213,9.490809958052182
460,c,38.78818495801033,38.78818495801033
461,t,38.78818495801033,38.78818495801033
462,t,38.78818495801033,38.78818495801033
463,t,38.78818495801033,38.78818495801033
464,c,38.78818495801033,38.78818495801033
465,c,38.78818495801033,38.78818495801033
466,c,38.78818495801033,38.78818495801033
467,c,38.78818495801033,38.78818495801033
468,t,38.78818495801033,38.78818495801033
469,t,38.78818495801033,38.78818495801033
470,c,38.78818495801033,38.78818495801033
471,c,38.78818495801033,38.78818495801033
472,t,38.78818495801033,38.78818495801033
473,c,38.78818495801033,38.78818495801033
474,c,38.78818495801033,38.78818495801033
475,c,38.78818495801033,38.78818495801033
476,c,38.78818495801033,38.78818495801033
477,t,38.78818495801033,38.78818495801033
478,c,38.78818495801033,38.78818495801033
479,t,38.78818495801033,38.78818495801033
480,c,38.78818495801033,38.78818495801033
481,t,38.78818495801033,38.78818495801033
482,c,38.78818495801033,38.78818495801033
483,t,38.78818495801033,38.78818495801033
484,c,38.78818495801033,38.78818495801033
485,c,38.78818495801033,38.78818495801033
486,t,38.78818495801033,38.78818495801033
487,t,38.78818495801033,38.78818495801033
488,t,38.78818495801033,38.78818495801033
489,c,38.78818495801033,38.78818495801033
490,c,38.78818495801033,38.78818495801033
491,t,38.78818495801033,38.78818495801033
492,c,38.78818495801033,38.78818495801033
493,t,38.78818495801033,38.78818495801033
494,c,38.78818495801033,38.78818495801033
495,t,38.78818495801033,38.78818495801033
496,c,38.78818495801033,38.78818495801033
497,c,38.78818495801033,38.78818495801033
498,c,38.78818495801033,38.78818495801033
499,c,38.78818495801033,38.78818495801033
500,c,38.78818495801033,38.78818495801033
501,t,38.78818495801033,38.78818495801033
502,na,0,3.1770959985824
503,c,38.78818495801033,38.78818495801033
504,c,38.78818495801033,38.78818495801033
505,t,38.78818495801033,38.78818495801033
506,t,38.78818495801033,38.78818495801033
507,t,38.78818495801033,38.78818495801033
508,c,38.78818495801033,38.78818495801033
509,c,38.78818495801033,38.78818495801033
510,c,38.78818495801033,38.78818495801033
511,c,38.78818495801033,38.78818495801033
512,c,38.78818495801033,38.78818495801033
513,t,38.78818495801033,38.78818495801033
514,t,38.78818495801033,38.78818495801033
515,c,38.78818495801033,38.78818495801033
516,t,38.78818495801033,38.78818495801033
517,t,38.78818495801033,38.78818495801033
518,t,38.78818495801033,38.78818495801033
519,c,38.78818495801033,38.78818495801033
520,c,38.78818495801033,38.78818495801033
521,t,38.78818495801033,38.78818495801033
522,c,38.78818495801033,38.78818495801033
523,t,38.78818495801033,38.78818495801033
524,c,38.78818495801033,38.78818495801033
525,c,38.78818495801033,38.78818495801033
526,c,38.78818495801033,38.78818495801033
527,c,38.78818495801033,38.78818495801033
528,c,38.78818495801033,38.78818495801033
529,t,38.78818495801033,38.78818495801033
530,c,38.78818495801033,38.78818495801033
531,c,38.78818495801033,38.78818495801033
532,c,38.78818495801033,38.78818495801033
533,c,38.78818495801033,38.78818495801033
534,c,38.78818495801033,38.78818495801033
535,c,38.78818495801033,38.78818495801033
536,c,38.78818495801033,38.78818495801033
537,t,38.78818495801033,38.78818495801033
538,t,38.78818495801033,38.78818495801033
539,t,38.78818495801033,38.78818495801033
540,t,38.78818495801033,38.78818495801033
541,c,38.78818495801033,38.78818495801033
542,c,38.78818495801033,38.78818495801033
543,t,38.78818495801033,38.78818495801033
544,t,38.78818495801033,38.78818495801033
545,t,38.78818495801033,38.78818495801033
546,t,38.78818495801033,38.78818495801033
547,t,38.78818495801033,38.78818495801033
548,c,38.78818495801033,38.78818495801033
549,t,38.78818495801033,38.78818495801033
550,t,38.78818495801033,38.78818495801033
551,c,38.78818495801033,38.78818495801033
552,c,38.78818495801033,38.78818495801033
553,na,-1,0
554,na,0,38.78818495801033
555,t,38.78818495801033,38.78818495801033
556,t,38.78818495801033,38.78818495801033
557,c,38.78818495801033,38.78818495801033
558,t,38.78818495801033,38.78818495801033
559,c,38.78818495801033,38.78818495801033
560,t,38.78818495801033,38.78818495801033
561,c,38.78818495801033,38.78818495801033
562,t,38.78818495801033,38.78818495801033
563,c,38.78818495801033,38.78818495801033
564,t,38.78818495801033,38.78818495801033
565,c,38.78818495801033,38.78818495801033
566,t,38.78818495801033,38.78818495801033
567,t,38.78818495801033,38.78818495801033
568,t,38.78818495801033,38.78818495801033
569,c,38.78818495801033,38.78818495801033
570,t,38.78818495801033,38.78818495801033
571,c,38.78818495801033,38.78818495801033
572,t,38.78818495801033,38.78818495801033
573,c,38.78818495801033,38.78818495801033
574,c,38.78818495801033,38.78818495801033
575,c,38.78818495801033,38.78818495801033
576,t,38.78818495801033,38.78818495801033
577,t,38.78818495801033,38.78818495801033
578,t,38.78818495801033,38.78818495801033
579,t,38.78818495801033,38.78818495801033
580,t,38.78818495801033,38.78818495801033
581,t,38.78818495801033,38.78818495801033
582,c,38.78818495801033,38.78818495801033
583,c,38.78818495801033,38.78818495801033
584,t,38.78818495801033,38.78818495801033
585,t,38.78818495801033,38.78818495801033
586,c,38.78818495801033,38.78818495801033
587,c,38.78818495801033,38.78818495801033
588,t,38.78818495801033,38.78818495801033
589,t,38.78818495801033,38.78818495801033
590,c,38.78818495801033,38.78818495801033
591,t,38.78818495801033,38.78818495801033
592,t,38.78818495801033,38.78818495801033
593,t,38.78818495801033,38.78818495801033
594,t,38.78818495801033,38.78818495801033
595,t,38.78818495801033,38.78818495801033
596,c,38.78818495801033,38.78818495801033
597,t,38.78818495801033,38.78818495801033
598,t,38.78818495801033,38.78818495801033
599,c,38.78818495801033,38.78818495801033
600,t,38.78818495801033,38.78818495801033
601,c,38.78818495801033,38.78818495801033
602,c,38.78818495801033,38.78818495801033
603,c,38.78818495801033,38.78818495801033
604,c,38.78818495801033,38.78818495801033
605,t,38.78818495801033,38.78818495801033
606,t,38.78818495801033,38.78818495801033
607,c,38.78818495801033,38.78818495801033
608,t,38.78818495801033,38.78818495801033
609,c,38.78818495801033,38.78818495801033
610,c,38.78818495801033,38.78818495801033
611,t,38.78818495801033,38.78818495801033
612,t,38.78818495801033,38.78818495801033
613,c,38.78818495801033,38.78818495801033
614,t,38.78818495801033,38.78818495801033
615,t,38.78818495801033,38.78818495801033
616,t,38.78818495801033,38.78818495801033
617,t,38.78818495801033,38.78818495801033
618,t,38.78818495801033,38.78818495801033
619,t,38.78818495801033,38.78818495801033
620,c,38.78818495801033,38.78818495801033
621,c,38.78818495801033,38.78818495801033
622,t,38.78818495801033,38.78818495801033
623,t,38.78818495801033,38.78818495801033
624,t,38.78818495801033,38.78818495801033
625,c,38.78818495801033,38.78818495801033
626,c,38.78818495801033,38.78818495801033
627,c,38.78818495801033,38.78818495801033
628,t,38.78818495801033,38.78818495801033
629,t,38.78818495801033,38.78818495801033
630,c,38.78818495801033,38.78818495801033
631,c,38.78818495801033,38.78818495801033
632,c,38.78818495801033,38.78818495801033
633,t,38.78818495801033,38.78818495801033
634,t,38.78818495801033,38.78818495801033
635,c,38.78818495801033,38.78818495801033
636,c,38.78818495801033,38.78818495801033
637,t,38.78818495801033,38.78818495801033
638,t,38.78818495801033,38.78818495801033
639,t,38.78818495801033,38.78818495801033
640,t,38.78818495801033,38.78818495801033
641,c,38.78818495801033,38.78818495801033
642,c,38.78818495801033,38.78818495801033
643,c,38.78818495801033,38.78818495801033
644,t,38.78818495801033,38.78818495801033
645,c,38.78818495801033,38.78818495801033
646,t,38.78818495801033,38.78818495801033
647,c,38.78818495801033,38.78818495801033
648,c,38.78818495801033,38.78818495801033
649,t,38.78818495801033,38.78818495801033
650,t,38.78818495801033,38.78818495801033
651,t,38.78818495801033,38.78818495801033
652,na,0,1.8877909505736445
653,c,38.78818495801033,38.78818495801033
654,c,38.78818495801033,38.78818495801033
655,c,38.78818495801033,38.78818495801033
656,t,38.78818495801033,38.78818495801033
657,c,38.78818495801033,38.78818495801033
658,c,38.78818495801033,38.78818495801033
659,c,38.78818495801033,38.78818495801033
660,t,38.78818495801033,38.78818495801033
661,c,38.78818495801033,38.78818495801033
662,t,38.78818495801033,38.78818495801033
663,t,38.78818495801033,38.78818495801033
664,t,38.78818495801033,38.78818495801033
665,t,38.78818495801033,38.78818495801033
666,c,38.78818495801033,38.78818495801033
667,c,38.78818495801033,38.78818495801033
668,c,38.78818495801033,38.78818495801033
669,t,38.78818495801033,38.78818495801033
670,t,38.78818495801033,38.78818495801033
671,t,38.78818495801033,38.78818495801033
672,c,38.78818495801033,38.78818495801033
673,t,38.78818495801033,38.78818495801033
674,c,38.78818495801033,38.78818495801033
675,c,38.78818495801033,38.78818495801033
676,t,38.78818495801033,38.78818495801033
677,c,38.78818495801033,38.78818495801033
678,t,38.78818495801033,38.78818495801033
679,t,38.78818495801033,38.78818495801033
680,c,38.78818495801033,38.78818495801033
681,c,38.78818495801033,38.78818495801033
682,t,38.78818495801033,38.78818495801033
683,c,38.78818495801033,38.78818495801033
684,c,38.78818495801033,38.78818495801033
685,c,38.78818495801033,38.78818495801033
686,c,38.78818495801033,38.78818495801033
687,c,38.78818495801033,38.78818495801033
688,c,38.78818495801033,38.78818495801033
689,na,14.905890073472552,18.63262865266151
690,c,38.78818495801033,38.78818495801033
691,t,38.78818495801033,38.78818495801033
692,t,38.78818495801033,38.78818495801033
693,t,38.78818495801033,38.78818495801033
694,na,0,12.382564225678466
695,na,0,4.579300131863014
696,c,38.78818495801033,38.78818495801033
697,c,38.78818495801033,38.78818495801033
698,t,38.78818495801033,38.78818495801033
699,t,38.78818495801033,38.78818495801033
700,t,38.78818495801033,38.78818495801033
701,c,38.78818495801033,38.78818495801033
702,t,38.78818495801033,38.78818495801033
703,t,38.78818495801033,38.78818495801033
704,c,38.78818495801033,38.78818495801033
705,t,38.78818495801033,38.78818495801033
706,c,38.78818495801033,38.78818495801033
707,c,38.78818495801033,38.78818495801033
708,t,38.78818495801033,38.78818495801033
709,t,38.78818495801033,38.78818495801033
710,t,38.78818495801033,38.78818495801033
711,c,38.78818495801033,38.78818495801033
712,c,12.491600558693664,12.653243864255941
713,t,38.78818495801033,38.78818495801033
714,c,38.78818495801033,38.78818495801033
715,t,38.78818495801033,38.78818495801033
716,c,38.78818495801033,38.78818495801033
717,c,38.78818495801033,38.78818495801033
718,t,38.78818495801033,38.78818495801033
719,t,38.78818495801033,38.78818495801033
720,t,38.78818495801033,38.78818495801033
721,t,38.78818495801033,38.78818495801033
722,t,38.78818495801033,38.78818495801033
723,c,38.78818495801033,38.78818495801033
724,c,38.78818495801033,38.78818495801033
725,t,38.78818495801033,38.78818495801033
726,t,38.78818495801033,38.78818495801033
727,t,38.78818495801033,38.78818495801033
728,c,38.78818495801033,38.78818495801033
729,c,38.78818495801033,38.78818495801033
730,c,38.78818495801033,38.78818495801033
731,t,38.78818495801033,38.78818495801033
732,c,38.78818495801033,38.78818495801033
733,c,38.78818495801033,38.78818495801033
734,t,38.78818495801033,38.78818495801033
735,t,38.78818495801033,38.78818495801033
736,t,38.78818495801033,38.78818495801033
737,t,38.78818495801033,38.78818495801033
738,c,38.78818495801033,38.78818495801033
739,t,38.78818495801033,38.78818495801033
740,c,38.78818495801033,38.78818495801033
741,t,38.78818495801033,38.78818495801033
742,c,38.78818495801033,38.78818495801033
743,t,38.78818495801033,38.78818495801033
744,t,38.78818495801033,38.78818495801033
745,t,38.78818495801033,38.78818495801033
746,c,38.78818495801033,38.78818495801033
747,c,38.78818495801033,38.78818495801033
748,c,38.78818495801033,38.78818495801033
749,c,38.78818495801033,38.78818495801033
750,c,38.78818495801033,38.78818495801033
751,c,38.78818495801033,38.78818495801033
752,t,38.78818495801033,38.78818495801033
753,t,38.78818495801033,38.78818495801033
754,t,38.78818495801033,38.78818495801033
755,t,38.78818495801033,38.78818495801033
756,t,38.78818495801033,38.78818495801033
757,c,38.78818495801033,38.78818495801033
758,t,38.78818495801033,38.78818495801033
759,t,38.78818495801033,38.78818495801033
760,t,38.78818495801033,38.78818495801033
761,t,38.78818495801033,38.78818495801033
762,c,38.78818495801033,38.78818495801033
763,c,38.78818495801033,38.78818495801033
764,t,38.78818495801033,38.78818495801033
765,c,38.78818495801033,38.78818495801033
766,t,38.78818495801033,38.78818495801033
767,t,38.78818495801033,38.78818495801033
768,t,38.78818495801033,38.78818495801033
769,c,38.78818495801033,38.78818495801033
770,c,38.78818495801033,38.78818495801033
771,c,38.78818495801033,38.78818495801033
772,c,38.78818495801033,38.78818495801033
773,c,38.78818495801033,38.78818495801033
774,t,38.78818495801033,38.78818495801033
775,t,38.78818495801033,38.78818495801033
776,c,38.78818495801033,38.78818495801033
777,c,38.78818495801033,38.78818495801033
778,c,38.78818495801033,38.78818495801033
779,t,38.78818495801033,38.78818495801033
780,c,38.78818495801033,38.78818495801033
781,c,38.78818495801033,38.78818495801033
782,t,38.78818495801033,38.78818495801033
783,c,38.78818495801033,38.78818495801033
784,c,38.78818495801033,38.78818495801033
785,c,38.78818495801033,38.78818495801033
786,t,38.78818495801033,38.78818495801033
787,c,38.78818495801033,38.78818495801033
788,c,38.78818495801033,38.78818495801033
789,c,38.78818495801033,38.78818495801033
790,c,38.78818495801033,38.78818495801033
791,t,38.78818495801033,38.78818495801033
792,c,38.78818495801033,38.78818495801033
793,t,38.78818495801033,38.78818495801033
794,c,38.78818495801033,38.78818495801033
795,c,38.78818495801033,38.78818495801033
796,c,6.372573668772995,8.454974190519492
797,t,38.78818495801033,38.78818495801033
798,t,38.78818495801033,38.78818495801033
799,t,38.78818495801033,38.78818495801033
800,c,38.78818495801033,38.78818495801033
801,c,38.78818495801033,38.78818495801033
802,c,38.78818495801033,38.78818495801033
803,t,38.78818495801033,38.78818495801033
804,c,38.78818495801033,38.78818495801033
805,c,38.78818495801033,38.78818495801033
806,c,38.78818495801033,38.78818495801033
807,c,38.78818495801033,38.78818495801033
808,t,38.78818495801033,38.78818495801033
809,c,38.78818495801033,38.78818495801033
810,t,38.78818495801033,38.78818495801033
811,c,9.386440796913117,10.773342796757994
812,t,38.78818495801033,38.78818495801033
813,t,38.78818495801033,38.78818495801033
814,c,38.78818495801033,38.78818495801033
815,c,38.78818495801033,38.78818495801033
816,t,38.78818495801033,38.78818495801033
817,t,38.78818495801033,38.78818495801033
818,c,38.78818495801033,38.78818495801033
819,t,38.78818495801033,38.78818495801033
820,c,38.78818495801033,38.78818495801033
821,t,38.78818495801033,38.78818495801033
822,c,38.78818495801033,38.78818495801033
823,t,38.78818495801033,38.78818495801033
824,t,38.78818495801033,38.78818495801033
825,c,38.78818495801033,38.78818495801033
826,c,38.78818495801033,38.78818495801033
827,t,38.78818495801033,38.78818495801033
828,na,4.026448941057277,10.703315030820223
829,t,38.78818495801033,38.78818495801033
830,t,38.78818495801033,38.78818495801033
831,t,38.78818495801033,38.78818495801033
832,c,38.78818495801033,38.78818495801033
833,t,38.78818495801033,38.78818495801033
834,t,38.78818495801033,38.78818495801033
835,c,38.78818495801033,38.78818495801033
836,c,38.78818495801033,38.78818495801033
837,c,38.78818495801033,38.78818495801033
838,c,38.78818495801033,38.78818495801033
839,t,38.78818495801033,38.78818495801033
840,c,38.78818495801033,38.78818495801033
841,c,38.78818495801033,38.78818495801033
842,t,38.78818495801033,38.78818495801033
843,c,38.78818495801033,38.78818495801033
844,c,38.78818495801033,38.78818495801033
845,c,38.78818495801033,38.78818495801033
846,c,38.78818495801033,38.78818495801033
847,t,38.78818495801033,38.78818495801033
848,c,38.78818495801033,38.78818495801033
849,t,38.78818495801033,38.78818495801033
850,c,38.78818495801033,38.78818495801033
851,t,38.78818495801033,38.78818495801033
852,t,38.78818495801033,38.78818495801033
853,t,38.78818495801033,38.78818495801033
854,c,38.78818495801033,38.78818495801033
855,c,38.78818495801033,38.78818495801033
856,c,38.78818495801033,38.78818495801033
857,t,38.78818495801033,38.78818495801033
858,t,38.78818495801033,38.78818495801033
859,t,38.78818495801033,38.78818495801033
860,c,38.78818495801033,38.78818495801033
861,t,38.78818495801033,38.78818495801033
862,t,38.78818495801033,38.78818495801033
863,c,38.78818495801033,38.78818495801033
864,c,38.78818495801033,38.78818495801033
865,t,38.78818495801033,38.78818495801033
866,t,38.78818495801033,38.78818495801033
867,t,38.78818495801033,38.78818495801033
868,c,38.78818495801033,38.78818495801033
869,t,38.78818495801033,38.78818495801033
870,t,38.78818495801033,38.78818495801033
871,na,11.232121457490187,19.29619955922311
872,c,38.78818495801033,38.78818495801033
873,c,38.78818495801033,38.78818495801033
874,c,38.78818495801033,38.78818495801033
875,t,38.78818495801033,38.78818495801033
876,c,38.78818495801033,38.78818495801033
877,c,38.78818495801033,38.78818495801033
878,t,38.78818495801033,38.78818495801033
879,c,38.78818495801033,38.78818495801033
880,t,38.78818495801033,38.78818495801033
881,c,6.5092351605310865,7.406736204386891
882,c,38.78818495801033,38.78818495801033
883,c,38.78818495801033,38.78818495801033
884,c,38.78818495801033,38.78818495801033
885,c,38.78818495801033,38.78818495801033
886,t,38.78818495801033,38.78818495801033
887,c,38.78818495801033,38.78818495801033
888,c,38.78818495801033,38.78818495801033
889,c,38.78818495801033,38.78818495801033
890,t,38.78818495801033,38.78818495801033
891,c,38.78818495801033,38.78818495801033
892,c,38.78818495801033,38.78818495801033
893,c,38.78818495801033,38.78818495801033
894,c,38.78818495801033,38.78818495801033
895,c,38.78818495801033,38.78818495801033
896,t,38.78818495801033,38.78818495801033
897,t,38.78818495801033,38.78818495801033
898,t,38.78818495801033,38.78818495801033
899,t,38.78818495801033,38.78818495801033
900,c,38.78818495801033,38.78818495801033
901,c,38.78818495801033,38.78818495801033
902,t,38.78818495801033,38.78818495801033
903,c,38.78818495801033,38.78818495801033
904,t,38.78818495801033,38.78818495801033
905,c,38.78818495801033,38.78818495801033
906,t,38.78818495801033,38.78818495801033
907,t,38.78818495801033,38.78818495801033
908,t,38.78818495801033,38.78818495801033
909,c,38.78818495801033,38.78818495801033
910,t,38.78818495801033,38.78818495801033
911,c,38.78818495801033,38.78818495801033
912,t,38.78818495801033,38.78818495801033
913,t,38.78818495801033,38.78818495801033
914,t,38.78818495801033,38.78818495801033
915,t,38.78818495801033,38.78818495801033
916,t,38.78818495801033,38.78818495801033
917,t,38.78818495801033,38.78818495801033
918,c,38.78818495801033,38.78818495801033
919,c,38.78818495801033,38.78818495801033
920,c,38.78818495801033,38.78818495801033
921,c,38.78818495801033,38.78818495801033
922,t,38.78818495801033,38.78818495801033
923,t,38.78818495801033,38.78818495801033
924,t,38.78818495801033,38.78818495801033
925,c,38.78818495801033,38.78818495801033
926,t,38.78818495801033,38.78818495801033
927,c,38.78818495801033,38.78818495801033
928,c,38.78818495801033,38.78818495801033
929,t,38.78818495801033,38.78818495801033
930,c,38.78818495801033,38.78818495801033
931,t,38.78818495801033,38.78818495801033
932,t,38.78818495801033,38.78818495801033
933,t,38.78818495801033,38.78818495801033
934,t,38.78818495801033,38.78818495801033
935,c,38.78818495801033,38.78818495801033
936,t,38.78818495801033,38.78818495801033
937,t,38.78818495801033,38.78818495801033
938,c,38.78818495801033,38.78818495801033
939,c,38.78818495801033,38.78818495801033
940,c,38.78818495801033,38.78818495801033
941,t,38.78818495801033,38.78818495801033
942,c,38.78818495801033,38.78818495801033
943,t,38.78818495801033,38.78818495801033
944,c,38.78818495801033,38.78818495801033
945,t,38.78818495801033,38.78818495801033
946,c,38.78818495801033,38.78818495801033
947,c,38.78818495801033,38.78818495801033
948,t,38.78818495801033,38.78818495801033
949,c,38.78818495801033,38.78818495801033
950,c,38.78818495801033,38.78818495801033
951,c,38.78818495801033,38.78818495801033
952,c,38.78818495801033,38.78818495801033
953,c,38.78818495801033,38.78818495801033
954,t,38.78818495801033,38.78818495801033
955,c,38.78818495801033,38.78818495801033
956,t,38.78818495801033,38.78818495801033
957,t,38.78818495801033,38.78818495801033
958,t,38.78818495801033,38.78818495801033
959,c,38.78818495801033,38.78818495801033
960,c,38.78818495801033,38.78818495801033
961,t,38.78818495801033,38.78818495801033
962,c,38.78818495801033,38.78818495801033
963,c,38.78818495801033,38.78818495801033
964,t,38.78818495801033,38.78818495801033
965,c,38.78818495801033,38.78818495801033
966,c,38.78818495801033,38.78818495801033
967,t,38.78818495801033,38.78818495801033
968,t,38.78818495801033,38.78818495801033
969,c,38.78818495801033,38.78818495801033
970,c,38.78818495801033,38.78818495801033
971,c,38.78818495801033,38.78818495801033
972,t,38.78818495801033,38.78818495801033
973,t,38.78818495801033,38.78818495801033
974,t,38.78818495801033,38.78818495801033
975,c,38.78818495801033,38.78818495801033
976,t,38.78818495801033,38.78818495801033
977,c,38.78818495801033,38.78818495801033
978,t,38.78818495801033,38.78818495801033
979,c,38.78818495801033,38.78818495801033
980,t,38.78818495801033,38.78818495801033
981,t,38.78818495801033,38.78818495801033
982,c,38.78818495801033,38.78818495801033
983,t,38.78818495801033,38.78818495801033
984,c,38.78818495801033,38.78818495801033
985,c,38.78818495801033,38.78818495801033
986,c,38.78818495801033,38.78818495801033
987,t,38.78818495801033,38.78818495801033
988,c,38.78818495801033,38.78818495801033
989,t,38.78818495801033,38.78818495801033
990,t,38.78818495801033,38.78818495801033
991,c,38.78818495801033,38.78818495801033
992,t,38.78818495801033,38.78818495801033
993,c,38.78818495801033,38.78818495801033
994,t,38.78818495801033,38.78818495801033
995,c,38.78818495801033,38.78818495801033
996,t,38.78818495801033,38.78818495801033
997,t,38.78818495801033,38.78818495801033
998,t,38.78818495801033,38.78818495801033
999,c,38.78818495801033,38.78818495801033
1000,c,38.78818495801033,38.78818495801033
1001,t,38.78818495801033,38.78818495801033
1002,c,38.78818495801033,38.78818495801033
1003,c,38.78818495801033,38.78818495801033
1004,t,38.78818495801033,38.78818495801033
1005,t,38.78818495801033,38.78818495801033
1006,t,38.78818495801033,38.78818495801033
1007,c,38.78818495801033,38.78818495801033
1008,c,38.78818495801033,38.78818495801033
1009,t,38.78818495801033,38.78818495801033
1010,t,38.78818495801033,38.78818495801033
1011,c,38.78818495801033,38.78818495801033
1012,t,38.78818495801033,38.78818495801033
1013,t,38.78818495801033,38.78818495801033
1014,t,38.78818495801033,38.78818495801033
1015,c,38.78818495801033,38.78818495801033
1016,c,38.78818495801033,38.78818495801033
1017,c,38.78818495801033,38.78818495801033
1018,c,38.78818495801033,38.78818495801033
1019,t,38.78818495801033,38.78818495801033
1020,c,38.78818495801033,38.78818495801033
1021,t,38.78818495801033,38.78818495801033
1022,t,38.78818495801033,38.78818495801033
1023,t,38.78818495801033,38.78818495801033
1024,c,38.78818495801033,38.78818495801033
1025,c,38.78818495801033,38.78818495801033
1026,c,38.78818495801033,38.78818495801033
1027,c,38.78818495801033,38.78818495801033
1028,c,38.78818495801033,38.78818495801033
1029,c,38.78818495801033,38.78818495801033
1030,c,38.78818495801033,38.78818495801033
1031,c,38.78818495801033,38.78818495801033
1032,t,38.78818495801033,38.78818495801033
1033,c,38.78818495801033,38.78818495801033
1034,c,38.78818495801033,38.78818495801033
1035,t,38.78818495801033,38.78818495801033
1036,c,38.78818495801033,38.78818495801033
1037,na,2.6952527864719307,6.174859955021425
1038,t,38.78818495801033,38.78818495801033
1039,c,38.78818495801033,38.78818495801033
1040,c,38.78818495801033,38.78818495801033
1041,t,38.78818495801033,38.78818495801033
1042,c,38.78818495801033,38.78818495801033
1043,t,38.78818495801033,38.78818495801033
1044,c,38.78818495801033,38.78818495801033
1045,t,38.78818495801033,38.78818495801033
1046,t,38.78818495801033,38.78818495801033
1047,c,38.78818495801033,38.78818495801033
1048,c,38.78818495801033,38.78818495801033
1049,c,38.78818495801033,38.78818495801033
1050,t,38.78818495801033,38.78818495801033
1051,c,38.78818495801033,38.78818495801033
1052,t,38.78818495801033,38.78818495801033
1053,t,38.78818495801033,38.78818495801033
1054,c,38.78818495801033,38.78818495801033
1055,c,38.78818495801033,38.78818495801033
1056,na,5.391227483138733,38.78818495801033
1057,c,38.78818495801033,38.78818495801033
1058,c,38.78818495801033,38.78818495801033
1059,c,38.78818495801033,38.78818495801033
1060,c,38.78818495801033,38.78818495801033
1061,c,38.78818495801033,38.78818495801033
1062,t,38.78818495801033,38.78818495801033
1063,t,38.78818495801033,38.78818495801033
1064,c,38.78818495801033,38.78818495801033
1065,c,38.78818495801033,38.78818495801033
1066,t,38.78818495801033,38.78818495801033
1067,t,38.78818495801033,38.78818495801033
1068,c,38.78818495801033,38.78818495801033
1069,t,38.78818495801033,38.78818495801033
1070,c,38.78818495801033,38.78818495801033
1071,t,38.78818495801033,38.78818495801033
1072,t,38.78818495801033,38.78818495801033
1073,c,38.78818495801033,38.78818495801033
1074,c,38.78818495801033,38.78818495801033
1075,t,38.78818495801033,38.78818495801033
1076,t,38.78818495801033,38.78818495801033
1077,c,38.78818495801033,38.78818495801033
1078,t,38.78818495801033,38.78818495801033
1079,t,38.78818495801033,38.78818495801033
1080,c,38.78818495801033,38.78818495801033
1081,c,38.78818495801033,38.78818495801033
1082,t,38.78818495801033,38.78818495801033
1083,t,38.78818495801033,38.78818495801033
1084,t,38.78818495801033,38.78818495801033
1085,na,8.854484672919618,15.19288725822562
1086,c,38.78818495801033,38.78818495801033
1087,t,38.78818495801033,38.78818495801033
1088,t,38.78818495801033,38.78818495801033
1089,c,38.78818495801033,38.78818495801033
1090,t,38.78818495801033,38.78818495801033
1091,t,38.78818495801033,38.78818495801033
1092,c,38.78818495801033,38.78818495801033
1093,c,38.78818495801033,38.78818495801033
1094,c,25.838920495446754,28.98220052251753
1095,t,38.78818495801033,38.78818495801033
1096,t,38.78818495801033,38.78818495801033
1097,t,38.78818495801033,38.78818495801033
1098,c,38.78818495801033,38.78818495801033
1099,t,38.78818495801033,38.78818495801033
1100,t,38.78818495801033,38.78818495801033
1101,t,38.78818495801033,38.78818495801033
1102,c,38.78818495801033,38.78818495801033
1103,t,38.78818495801033,38.78818495801033
1104,t,38.78818495801033,38.78818495801033
1105,c,38.78818495801033,38.78818495801033
1106,c,38.78818495801033,38.78818495801033
1107,t,38.78818495801033,38.78818495801033
1108,c,38.78818495801033,38.78818495801033
1109,c,38.78818495801033,38.78818495801033
1110,t,38.78818495801033,38.78818495801033
1111,c,38.78818495801033,38.78818495801033
1112,t,38.78818495801033,38.78818495801033
1113,c,38.78818495801033,38.78818495801033
1114,c,38.78818495801033,38.78818495801033
1115,t,38.78818495801033,38.78818495801033
1116,t,38.78818495801033,38.78818495801033
1117,c,38.78818495801033,38.78818495801033
1118,t,38.78818495801033,38.78818495801033
1119,t,38.78818495801033,38.78818495801033
1120,t,38.78818495801033,38.78818495801033
1121,t,38.78818495801033,38.78818495801033
1122,c,38.78818495801033,38.78818495801033
1123,t,38.78818495801033,38.78818495801033
1124,t,38.78818495801033,38.78818495801033
1125,t,38.78818495801033,38.78818495801033
1126,c,38.78818495801033,38.78818495801033
1127,c,38.78818495801033,38.78818495801033
1128,c,38.78818495801033,38.78818495801033
1129,c,38.78818495801033,38.78818495801033
1130,t,38.78818495801033,38.78818495801033
1131,c,38.78818495801033,38.78818495801033
1132,t,38.78818495801033,38.78818495801033
1133,t,38.78818495801033,38.78818495801033
1134,c,38.78818495801033,38.78818495801033
1135,t,38.78818495801033,38.78818495801033
1136,c,38.78818495801033,38.78818495801033
1137,t,38.78818495801033,38.78818495801033
1138,c,38.78818495801033,38.78818495801033
1139,c,38.78818495801033,38.78818495801033
1140,c,38.78818495801033,38.78818495801033
1141,c,38.78818495801033,38.78818495801033
1142,t,38.78818495801033,38.78818495801033
1143,t,38.78818495801033,38.78818495801033
1144,c,38.78818495801033,38.78818495801033
1145,c,38.78818495801033,38.78818495801033
1146,na,0,1.1922550007316608
1147,t,38.78818495801033,38.78818495801033
1148,c,38.78818495801033,38.78818495801033
1149,t,38.78818495801033,38.78818495801033
1150,c,38.78818495801033,38.78818495801033
1151,t,38.78818495801033,38.78818495801033
1152,c,38.78818495801033,38.78818495801033
1153,c,38.78818495801033,38.78818495801033
1154,t,38.78818495801033,38.78818495801033
1155,c,38.78818495801033,38.78818495801033
1156,t,38.78818495801033,38.78818495801033
1157,t,38.78818495801033,38.78818495801033
1158,t,38.78818495801033,38.78818495801033
1159,t,38.78818495801033,38.78818495801033
1160,c,38.78818495801033,38.78818495801033
1161,c,38.78818495801033,38.78818495801033
1162,t,38.78818495801033,38.78818495801033
1163,c,38.78818495801033,38.78818495801033
1164,t,38.78818495801033,38.78818495801033
1165,t,38.78818495801033,38.78818495801033
1166,t,38.78818495801033,38.78818495801033
1167,t,38.78818495801033,38.78818495801033
1168,t,38.78818495801033,38.78818495801033
1169,t,38.78818495801033,38.78818495801033
1170,c,38.78818495801033,38.78818495801033
1171,c,38.78818495801033,38.78818495801033
1172,t,38.78818495801033,38.78818495801033
1173,c,38.78818495801033,38.78818495801033
1174,c,38.78818495801033,38.78818495801033
1175,t,38.78818495801033,38.78818495801033
1176,t,38.78818495801033,38.78818495801033
1177,t,38.78818495801033,38.78818495801033
1178,t,38.78818495801033,38.78818495801033
1179,t,38.78818495801033,38.78818495801033
1180,c,38.78818495801033,38.78818495801033
1181,c,38.78818495801033,38.78818495801033
1182,c,38.78818495801033,38.78818495801033
1183,c,38.78818495801033,38.78818495801033
1184,t,38.78818495801033,38.78818495801033
1185,t,38.78818495801033,38.78818495801033
1186,c,38.78818495801033,38.78818495801033
1187,t,38.78818495801033,38.78818495801033
1188,c,38.78818495801033,38.78818495801033
1189,t,38.78818495801033,38.78818495801033
1190,c,38.78818495801033,38.78818495801033
1191,t,38.78818495801033,38.78818495801033
1192,c,5.973973482067133,6.490654390434436
1193,c,38.78818495801033,38.78818495801033
1194,t,38.78818495801033,38.78818495801033
1195,c,38.78818495801033,38.78818495801033
1196,t,38.78818495801033,38.78818495801033
1197,t,38.78818495801033,38.78818495801033
1198,t,38.78818495801033,38.78818495801033
1199,t,38.78818495801033,38.78818495801033
1200,t,38.78818495801033,38.78818495801033
1201,c,38.78818495801033,38.78818495801033
1202,t,38.78818495801033,38.78818495801033
1203,t,38.78818495801033,38.78818495801033
1204,t,38.78818495801033,38.78818495801033
1205,c,38.78818495801033,38.78818495801033
1206,c,38.78818495801033,38.78818495801033
1207,t,38.78818495801033,38.78818495801033
1208,c,38.78818495801033,38.78818495801033
1209,t,38.78818495801033,38.78818495801033
1210,t,38.78818495801033,38.78818495801033
1211,t,38.78818495801033,38.78818495801033
1212,t,38.78818495801033,38.78818495801033
1213,t,38.78818495801033,38.78818495801033
1214,t,38.78818495801033,38.78818495801033
1215,c,38.78818495801033,38.78818495801033
1216,t,38.78818495801033,38.78818495801033
1217,c,38.78818495801033,38.78818495801033
1218,c,38.78818495801033,38.78818495801033
1219,c,38.78818495801033,38.78818495801033
1220,t,38.78818495801033,38.78818495801033
1221,c,38.78818495801033,38.78818495801033
1222,t,38.78818495801033,38.78818495801033
1223,t,38.78818495801033,38.78818495801033
1224,t,38.78818495801033,38.78818495801033
1225,c,38.78818495801033,38.78818495801033
1226,t,38.78818495801033,38.78818495801033
1227,t,38.78818495801033,38.78818495801033
1228,c,38.78818495801033,38.78818495801033
1229,c,38.78818495801033,38.78818495801033
1230,c,38.78818495801033,38.78818495801033
1231,c,38.78818495801033,38.78818495801033
1232,c,38.78818495801033,38.78818495801033
1233,c,38.78818495801033,38.78818495801033
1234,t,38.78818495801033,38.78818495801033
1235,c,38.78818495801033,38.78818495801033
1236,c,38.78818495801033,38.78818495801033
1237,t,38.78818495801033,38.78818495801033
1238,c,38.78818495801033,38.78818495801033
1239,c,38.78818495801033,38.78818495801033
1240,c,38.78818495801033,38.78818495801033
1241,na,0,1.5265933968588887
1242,t,38.78818495801033,38.78818495801033
1243,t,38.78818495801033,38.78818495801033
1244,c,38.78818495801033,38.78818495801033
1245,t,38.78818495801033,38.78818495801033
1246,c,38.78818495801033,38.78818495801033
1247,c,38.78818495801033,38.78818495801033
1248,c,38.78818495801033,38.78818495801033
1249,c,38.78818495801033,38.78818495801033
1250,t,38.78818495801033,38.78818495801033
1251,c,38.78818495801033,38.78818495801033
1252,t,38.78818495801033,38.78818495801033
1253,t,38.78818495801033,38.78818495801033
1254,t,38.78818495801033,38.78818495801033
1255,c,38.78818495801033,38.78818495801033
1256,t,38.78818495801033,38.78818495801033
1257,t,38.78818495801033,38.78818495801033
1258,t,38.78818495801033,38.78818495801033
1259,c,38.78818495801033,38.78818495801033
1260,c,38.78818495801033,38.78818495801033
1261,t,38.78818495801033,38.78818495801033
1262,c,38.78818495801033,38.78818495801033
1263,c,38.78818495801033,38.78818495801033
1264,c,38.78818495801033,38.78818495801033
1265,c,1.2825503414036223,1.8284532896396488
1266,t,38.78818495801033,38.78818495801033
1267,c,38.78818495801033,38.78818495801033
1268,c,38.78818495801033,38.78818495801033
1269,c,38.78818495801033,38.78818495801033
1270,c,38.78818495801033,38.78818495801033
1271,c,38.78818495801033,38.78818495801033
1272,c,38.78818495801033,38.78818495801033
1273,t,38.78818495801033,38.78818495801033
1274,c,38.78818495801033,38.78818495801033
1275,c,38.78818495801033,38.78818495801033
1276,t,38.78818495801033,38.78818495801033
1277,c,38.78818495801033,38.78818495801033
1278,c,38.78818495801033,38.78818495801033
1279,t,38.78818495801033,38.78818495801033
1280,c,38.78818495801033,38.78818495801033
1281,c,38.78818495801033,38.78818495801033
1282,c,38.78818495801033,38.78818495801033
1283,t,38.78818495801033,38.78818495801033
1284,c,38.78818495801033,38.78818495801033
1285,c,38.78818495801033,38.78818495801033
1286,t,38.78818495801033,38.78818495801033
1287,c,38.78818495801033,38.78818495801033
1288,t,38.78818495801033,38.78818495801033
1289,c,38.78818495801033,38.78818495801033
1290,t,38.78818495801033,38.78818495801033
1291,c,38.78818495801033,38.78818495801033
1292,t,38.78818495801033,38.78818495801033
1293,t,38.78818495801033,38.78818495801033
1294,t,38.78818495801033,38.78818495801033
1295,t,38.78818495801033,38.78818495801033
1296,c,38.78818495801033,38.78818495801033
1297,c,38.78818495801033,38.78818495801033
1298,c,38.78818495801033,38.78818495801033
1299,t,38.78818495801033,38.78818495801033
1300,t,38.78818495801033,38.78818495801033
1301,c,38.78818495801033,38.78818495801033
1302,t,38.78818495801033,38.78818495801033
1303,t,38.78818495801033,38.78818495801033
1304,c,38.78818495801033,38.78818495801033
1305,c,38.78818495801033,38.78818495801033
1306,c,38.78818495801033,38.78818495801033
1307,t,38.78818495801033,38.78818495801033
1308,t,38.78818495801033,38.78818495801033
1309,t,38.78818495801033,38.78818495801033
1310,c,38.78818495801033,38.78818495801033
1311,t,38.78818495801033,38.78818495801033
1312,t,38.78818495801033,38.78818495801033
1313,c,38.78818495801033,38.78818495801033
1314,t,38.78818495801033,38.78818495801033
1315,t,38.78818495801033,38.78818495801033
1316,c,38.78818495801033,38.78818495801033
1317,c,38.78818495801033,38.78818495801033
1318,t,38.78818495801033,38.78818495801033
1319,t,38.78818495801033,38.78818495801033
1320,c,38.78818495801033,38.78818495801033
1321,c,38.78818495801033,38.78818495801033
1322,c,38.78818495801033,38.78818495801033
1323,t,38.78818495801033,38.78818495801033
1324,c,38.78818495801033,38.78818495801033
1325,c,38.78818495801033,38.78818495801033
1326,c,38.78818495801033,38.78818495801033
1327,t,38.78818495801033,38.78818495801033
1328,t,38.78818495801033,38.78818495801033
1329,t,38.78818495801033,38.78818495801033
1330,t,38.78818495801033,38.78818495801033
1331,t,38.78818495801033,38.78818495801033
1332,t,38.78818495801033,38.78818495801033
1333,t,38.78818495801033,38.78818495801033
1334,t,38.78818495801033,38.78818495801033
1335,c,38.78818495801033,38.78818495801033
1336,t,38.78818495801033,38.78818495801033
1337,c,38.78818495801033,38.78818495801033
1338,t,38.78818495801033,38.78818495801033
1339,t,38.78818495801033,38.78818495801033
1340,t,38.78818495801033,38.78818495801033
1341,t,38.78818495801033,38.78818495801033
1342,c,38.78818495801033,38.78818495801033
1343,c,38.78818495801033,38.78818495801033
1344,t,38.78818495801033,38.78818495801033
1345,c,38.78818495801033,38.78818495801033
1346,c,38.78818495801033,38.78818495801033
1347,c,38.78818495801033,38.78818495801033
1348,t,38.78818495801033,38.78818495801033
1349,t,38.78818495801033,38.78818495801033
1350,c,38.78818495801033,38.78818495801033
1351,t,38.78818495801033,38.78818495801033
1352,t,38.78818495801033,38.78818495801033
1353,t,38.78818495801033,38.78818495801033
1354,t,38.78818495801033,38.78818495801033
1355,c,38.78818495801033,38.78818495801033
1356,c,38.78818495801033,38.78818495801033
1357,t,38.78818495801033,38.78818495801033
1358,c,38.78818495801033,38.78818495801033
1359,t,38.78818495801033,38.78818495801033
1360,t,38.78818495801033,38.78818495801033
1361,t,38.78818495801033,38.78818495801033
1362,t,38.78818495801033,38.78818495801033
1363,c,38.78818495801033,38.78818495801033
1364,t,38.78818495801033,38.78818495801033
1365,na,-1,0
1366,t,38.78818495801033,38.78818495801033
1367,c,38.78818495801033,38.78818495801033
1368,c,38.78818495801033,38.78818495801033
1369,c,12.698397422359989,17.17640994982244
1370,c,38.78818495801033,38.78818495801033
1371,t,38.78818495801033,38.78818495801033
1372,t,38.78818495801033,38.78818495801033
1373,t,38.78818495801033,38.78818495801033
1374,c,38.78818495801033,38.78818495801033
1375,t,38.78818495801033,38.78818495801033
1376,t,38.78818495801033,38.78818495801033
1377,t,38.78818495801033,38.78818495801033
1378,t,38.78818495801033,38.78818495801033
1379,c,38.78818495801033,38.78818495801033
1380,t,38.78818495801033,38.78818495801033
1381,t,38.78818495801033,38.78818495801033
1382,t,38.78818495801033,38.78818495801033
1383,c,38.78818495801033,38.78818495801033
1384,t,38.78818495801033,38.78818495801033
1385,c,38.78818495801033,38.78818495801033
1386,c,38.78818495801033,38.78818495801033
1387,c,38.78818495801033,38.78818495801033
1388,t,38.78818495801033,38.78818495801033
1389,t,38.78818495801033,38.78818495801033
1390,c,38.78818495801033,38.78818495801033
1391,c,38.78818495801033,38.78818495801033
1392,c,38.78818495801033,38.78818495801033
1393,c,38.78818495801033,38.78818495801033
1394,t,38.78818495801033,38.78818495801033
1395,c,38.78818495801033,38.78818495801033
1396,c,38.78818495801033,38.78818495801033
1397,c,38.78818495801033,38.78818495801033
1398,c,38.78818495801033,38.78818495801033
1399,c,38.78818495801033,38.78818495801033
1400,t,38.78818495801033,38.78818495801033
1401,t,38.78818495801033,38.78818495801033
1402,c,38.78818495801033,38.78818495801033
1403,c,38.78818495801033,38.78818495801033
1404,t,38.78818495801033,38.78818495801033
1405,c,38.78818495801033,38.78818495801033
1406,c,38.78818495801033,38.78818495801033
1407,c,38.78818495801033,38.78818495801033
1408,t,38.78818495801033,38.78818495801033
1409,t,38.78818495801033,38.78818495801033
1410,c,38.78818495801033,38.78818495801033
1411,t,38.78818495801033,38.78818495801033
1412,t,38.78818495801033,38.78818495801033
1413,c,38.78818495801033,38.78818495801033
1414,t,38.78818495801033,38.78818495801033
1415,t,38.78818495801033,38.78818495801033
1416,c,38.78818495801033,38.78818495801033
1417,c,38.78818495801033,38.78818495801033
1418,c,38.78818495801033,38.78818495801033
1419,c,38.78818495801033,38.78818495801033
1420,c,38.78818495801033,38.78818495801033
1421,c,38.78818495801033,38.78818495801033
1422,t,38.78818495801033,38.78818495801033
1423,t,38.78818495801033,38.78818495801033
1424,c,38.78818495801033,38.78818495801033
1425,c,38.78818495801033,38.78818495801033
1426,c,38.78818495801033,38.78818495801033
1427,c,38.78818495801033,38.78818495801033
1428,t,38.78818495801033,38.78818495801033
1429,t,38.78818495801033,38.78818495801033
1430,t,38.78818495801033,38.78818495801033
1431,t,38.78818495801033,38.78818495801033
1432,c,38.78818495801033,38.78818495801033
1433,t,38.78818495801033,38.78818495801033
1434,t,38.78818495801033,38.78818495801033
1435,t,38.78818495801033,38.78818495801033
1436,t,38.78818495801033,38.78818495801033
1437,c,38.78818495801033,38.78818495801033
1438,t,38.78818495801033,38.78818495801033
1439,na,0.8666854697037434,2.6815852963402453
1440,t,38.78818495801033,38.78818495801033
1441,na,0,1.2525097235527807
1442,c,38.78818495801033,38.78818495801033
1443,na,0.10078065624156231,4.540470434391226
1444,t,38.78818495801033,38.78818495801033
1445,c,38.78818495801033,38.78818495801033
1446,c,38.78818495801033,38.78818495801033
1447,c,38.78818495801033,38.78818495801033
1448,t,38.78818495801033,38.78818495801033
1449,c,38.78818495801033,38.78818495801033
1450,c,38.78818495801033,38.78818495801033
1451,t,38.78818495801033,38.78818495801033
1452,t,38.78818495801033,38.78818495801033
1453,c,38.78818495801033,38.78818495801033
1454,c,38.78818495801033,38.78818495801033
1455,c,38.78818495801033,38.78818495801033
1456,t,38.78818495801033,38.78818495801033
1457,t,38.78818495801033,38.78818495801033
1458,c,38.78818495801033,38.78818495801033
1459,t,38.78818495801033,38.78818495801033
1460,na,0,4.345488249497161
1461,c,38.78818495801033,38.78818495801033
1462,t,38.78818495801033,38.78818495801033
1463,c,38.78818495801033,38.78818495801033
1464,t,38.78818495801033,38.78818495801033
1465,t,38.78818495801033,38.78818495801033
1466,c,38.78818495801033,38.78818495801033
1467,c,38.78818495801033,38.78818495801033
1468,t,38.78818495801033,38.78818495801033
1469,t,38.78818495801033,38.78818495801033
1470,t,38.78818495801033,38.78818495801033
1471,t,38.78818495801033,38.78818495801033
1472,c,38.78818495801033,38.78818495801033
1473,c,38.78818495801033,38.78818495801033
1474,t,38.78818495801033,38.78818495801033
1475,t,38.78818495801033,38.78818495801033
1476,c,38.78818495801033,38.78818495801033
1477,c,38.78818495801033,38.78818495801033
1478,t,38.78818495801033,38.78818495801033
1479,na,0.5323956985529402,6.34086425514764
1480,t,38.78818495801033,38.78818495801033
1481,c,38.78818495801033,38.78818495801033
1482,c,38.78818495801033,38.78818495801033
1483,c,38.78818495801033,38.78818495801033
1484,c,38.78818495801033,38.78818495801033
1485,c,38.78818495801033,38.78818495801033
1486,t,38.78818495801033,38.78818495801033
1487,t,38.78818495801033,38.78818495801033
1488,c,38.78818495801033,38.78818495801033
1489,t,38.78818495801033,38.78818495801033
1490,c,38.78818495801033,38.78818495801033
1491,t,38.78818495801033,38.78818495801033
1492,c,38.78818495801033,38.78818495801033
1493,c,38.78818495801033,38.78818495801033
1494,c,38.78818495801033,38.78818495801033
1495,t,38.78818495801033,38.78818495801033
1496,c,38.78818495801033,38.78818495801033
1497,c,38.78818495801033,38.78818495801033
1498,t,38.78818495801033,38.78818495801033
1499,c,38.78818495801033,38.78818495801033
1500,c,38.78818495801033,38.78818495801033
1501,c,38.78818495801033,38.78818495801033
1502,c,38.78818495801033,38.78818495801033
1503,t,38.78818495801033,38.78818495801033
1504,c,38.78818495801033,38.78818495801033
1505,t,38.78818495801033,38.78818495801033
1506,c,38.78818495801033,38.78818495801033
1507,c,38.78818495801033,38.78818495801033
1508,c,38.78818495801033,38.78818495801033
1509,c,38.78818495801033,38.78818495801033
1510,c,38.78818495801033,38.78818495801033
1511,t,38.78818495801033,38.78818495801033
1512,t,38.78818495801033,38.78818495801033
1513,c,38.78818495801033,38.78818495801033
1514,t,38.78818495801033,38.78818495801033
1515,t,38.78818495801033,38.78818495801033
1516,c,38.78818495801033,38.78818495801033
1517,t,38.78818495801033,38.78818495801033
1518,c,38.78818495801033,38.78818495801033
1519,t,38.78818495801033,38.78818495801033
1520,c,38.78818495801033,38.78818495801033
1521,t,38.78818495801033,38.78818495801033
1522,t,38.78818495801033,38.78818495801033
1523,t,38.78818495801033,38.78818495801033
1524,t,38.78818495801033,38.78818495801033
1525,c,38.78818495801033,38.78818495801033
1526,c,38.78818495801033,38.78818495801033
1527,c,38.78818495801033,38.78818495801033
1528,t,38.78818495801033,38.78818495801033
1529,t,38.78818495801033,38.78818495801033
1530,t,38.78818495801033,38.78818495801033
1531,c,38.78818495801033,38.78818495801033
1532,c,38.78818495801033,38.78818495801033
1533,t,38.78818495801033,38.78818495801033
1534,t,38.78818495801033,38.78818495801033
1535,c,38.78818495801033,38.78818495801033
1536,c,38.78818495801033,38.78818495801033
1537,c,38.78818495801033,38.78818495801033
1538,t,38.78818495801033,38.78818495801033
1539,c,38.78818495801033,38.78818495801033
1540,t,38.78818495801033,38.78818495801033
1541,t,38.78818495801033,38.78818495801033
1542,c,38.78818495801033,38.78818495801033
1543,t,38.78818495801033,38.78818495801033
1544,c,38.78818495801033,38.78818495801033
1545,c,38.78818495801033,38.78818495801033
1546,t,38.78818495801033,38.78818495801033
1547,c,38.78818495801033,38.78818495801033
1548,t,38.78818495801033,38.78818495801033
1549,c,38.78818495801033,38.78818495801033
1550,t,38.78818495801033,38.78818495801033
1551,t,38.78818495801033,38.78818495801033
1552,c,38.78818495801033,38.78818495801033
1553,c,38.78818495801033,38.78818495801033
1554,t,38.78818495801033,38.78818495801033
1555,t,38.78818495801033,38.78818495801033
1556,c,38.78818495801033,38.78818495801033
1557,t,38.78818495801033,38.78818495801033
1558,c,38.78818495801033,38.78818495801033
1559,t,38.78818495801033,38.78818495801033
1560,t,38.78818495801033,38.78818495801033
1561,t,38.78818495801033,38.78818495801033
1562,t,38.78818495801033,38.78818495801033
1563,t,38.78818495801033,38.78818495801033
1564,t,38.78818495801033,38.78818495801033
1565,c,38.78818495801033,38.78818495801033
1566,t,38.78818495801033,38.78818495801033
1567,t,38.78818495801033,38.78818495801033
1568,c,38.78818495801033,38.78818495801033
1569,c,38.78818495801033,38.78818495801033
1570,c,38.78818495801033,38.78818495801033
1571,t,38.78818495801033,38.78818495801033
1572,t,38.78818495801033,38.78818495801033
1573,t,38.78818495801033,38.78818495801033
1574,t,38.78818495801033,38.78818495801033
1575,c,38.78818495801033,38.78818495801033
1576,c,38.78818495801033,38.78818495801033
1577,c,38.78818495801033,38.78818495801033
1578,c,38.78818495801033,38.78818495801033
1579,c,38.78818495801033,38.78818495801033
1580,c,38.78818495801033,38.78818495801033
1581,c,38.78818495801033,38.78818495801033
1582,t,38.78818495801033,38.78818495801033
1583,t,38.78818495801033,38.78818495801033
1584,c,38.78818495801033,38.78818495801033
1585,t,38.78818495801033,38.78818495801033
1586,t,38.78818495801033,38.78818495801033
1587,c,6.62104725780128,7.62610483759929
1588,c,38.78818495801033,38.78818495801033
1589,c,38.78818495801033,38.78818495801033
1590,t,38.78818495801033,38.78818495801033
1591,c,6.755245486545188,19.48691723520541
1592,c,38.78818495801033,38.78818495801033
1593,t,38.78818495801033,38.78818495801033
1594,t,38.78818495801033,38.78818495801033
1595,c,38.78818495801033,38.78818495801033
1596,c,38.78818495801033,38.78818495801033
1597,c,38.78818495801033,38.78818495801033
1598,c,38.78818495801033,38.78818495801033
1599,t,38.78818495801033,38.78818495801033
1600,c,38.78818495801033,38.78818495801033
1601,t,38.78818495801033,38.78818495801033
1602,c,38.78818495801033,38.78818495801033
1603,na,1.6761832279909712,5.8250575923359875
1604,c,38.78818495801033,38.78818495801033
1605,c,38.78818495801033,38.78818495801033
1606,c,38.78818495801033,38.78818495801033
1607,c,38.78818495801033,38.78818495801033
1608,t,38.78818495801033,38.78818495801033
1609,t,38.78818495801033,38.78818495801033
1610,t,38.78818495801033,38.78818495801033
1611,t,38.78818495801033,38.78818495801033
1612,t,38.78818495801033,38.78818495801033
1613,c,13.475588877456698,19.819372259873035
1614,c,38.78818495801033,38.78818495801033
1615,t,38.78818495801033,38.78818495801033
1616,t,38.78818495801033,38.78818495801033
1617,c,38.78818495801033,38.78818495801033
1618,c,38.78818495801033,38.78818495801033
1619,c,38.78818495801033,38.78818495801033
1620,c,38.78818495801033,38.78818495801033
1621,c,38.78818495801033,38.78818495801033
1622,c,38.78818495801033,38.78818495801033
1623,t,38.78818495801033,38.78818495801033
1624,c,38.78818495801033,38.78818495801033
1625,t,38.78818495801033,38.78818495801033
1626,c,38.78818495801033,38.78818495801033
1627,t,38.78818495801033,38.78818495801033
1628,c,38.78818495801033,38.78818495801033
1629,c,11.37037964472105,16.141816968375476
1630,c,38.78818495801033,38.78818495801033
1631,t,38.78818495801033,38.78818495801033
1632,t,38.78818495801033,38.78818495801033
1633,t,38.78818495801033,38.78818495801033
1634,c,38.78818495801033,38.78818495801033
1635,t,38.78818495801033,38.78818495801033
1636,c,38.78818495801033,38.78818495801033
1637,c,38.78818495801033,38.78818495801033
1638,t,38.78818495801033,38.78818495801033
1639,c,38.78818495801033,38.78818495801033
1640,t,38.78818495801033,38.78818495801033
1641,t,38.78818495801033,38.78818495801033
1642,t,38.78818495801033,38.78818495801033
1643,c,38.78818495801033,38.78818495801033
1644,t,38.78818495801033,38.78818495801033
1645,c,38.78818495801033,38.78818495801033
1646,c,38.78818495801033,38.78818495801033
1647,t,38.78818495801033,38.78818495801033
1648,t,38.78818495801033,38.78818495801033
1649,c,38.78818495801033,38.78818495801033
1650,t,38.78818495801033,38.78818495801033
1651,t,38.78818495801033,38.78818495801033
1652,t,38.78818495801033,38.78818495801033
1653,c,38.78818495801033,38.78818495801033
1654,c,38.78818495801033,38.78818495801033
1655,c,38.78818495801033,38.78818495801033
1656,c,38.78818495801033,38.78818495801033
1657,c,38.78818495801033,38.78818495801033
1658,t,38.78818495801033,38.78818495801033
1659,c,38.78818495801033,38.78818495801033
1660,c,38.78818495801033,38.78818495801033
1661,t,38.78818495801033,38.78818495801033
1662,c,38.78818495801033,38.78818495801033
1663,t,38.78818495801033,38.78818495801033
1664,c,38.78818495801033,38.78818495801033
1665,t,38.78818495801033,38.78818495801033
1666,c,38.78818495801033,38.78818495801033
1667,t,38.78818495801033,38.78818495801033
1668,t,38.78818495801033,38.78818495801033
1669,c,38.78818495801033,38.78818495801033
1670,t,38.78818495801033,38.78818495801033
1671,t,38.78818495801033,38.78818495801033
1672,c,38.78818495801033,38.78818495801033
1673,c,38.78818495801033,38.78818495801033
1674,c,38.78818495801033,38.78818495801033
1675,c,38.78818495801033,38.78818495801033
1676,t,38.78818495801033,38.78818495801033
1677,t,38.78818495801033,38.78818495801033
1678,c,38.78818495801033,38.78818495801033
1679,t,38.78818495801033,38.78818495801033
1680,c,38.78818495801033,38.78818495801033
1681,c,38.78818495801033,38.78818495801033
1682,t,38.78818495801033,38.78818495801033
1683,c,38.78818495801033,38.78818495801033
1684,c,38.78818495801033,38.78818495801033
1685,t,38.78818495801033,38.78818495801033
1686,t,38.78818495801033,38.78818495801033
1687,t,38.78818495801033,38.78818495801033
1688,t,38.78818495801033,38.78818495801033
1689,t,38.78818495801033,38.78818495801033
1690,c,38.78818495801033,38.78818495801033
1691,t,38.78818495801033,38.78818495801033
1692,c,38.78818495801033,38.78818495801033
1693,c,38.78818495801033,38.78818495801033
1694,c,38.78818495801033,38.78818495801033
1695,t,38.78818495801033,38.78818495801033
1696,t,38.78818495801033,38.78818495801033
1697,t,38.78818495801033,38.78818495801033
1698,c,38.78818495801033,38.78818495801033
1699,c,38.78818495801033,38.78818495801033
1700,c,38.78818495801033,38.78818495801033
1701,c,38.78818495801033,38.78818495801033
1702,t,38.78818495801033,38.78818495801033
1703,t,38.78818495801033,38.78818495801033
1704,t,38.78818495801033,38.78818495801033
1705,t,38.78818495801033,38.78818495801033
1706,t,38.78818495801033,38.78818495801033
1707,t,38.78818495801033,38.78818495801033
1708,t,38.78818495801033,38.78818495801033
1709,t,38.78818495801033,38.78818495801033
1710,t,38.78818495801033,38.78818495801033
1711,t,38.78818495801033,38.78818495801033
1712,c,38.78818495801033,38.78818495801033
1713,c,38.78818495801033,38.78818495801033
1714,c,38.78818495801033,38.78818495801033
1715,t,38.78818495801033,38.78818495801033
1716,t,38.78818495801033,38.78818495801033
1717,t,38.78818495801033,38.78818495801033
1718,c,38.78818495801033,38.78818495801033
1719,t,38.78818495801033,38.78818495801033
1720,t,38.78818495801033,38.78818495801033
1721,t,38.78818495801033,38.78818495801033
1722,t,38.78818495801033,38.78818495801033
1723,c,38.78818495801033,38.78818495801033
1724,c,38.78818495801033,38.78818495801033
1725,c,38.78818495801033,38.78818495801033
1726,t,38.78818495801033,38.78818495801033
1727,t,38.78818495801033,38.78818495801033
1728,t,38.78818495801033,38.78818495801033
1729,t,38.78818495801033,38.78818495801033
1730,t,38.78818495801033,38.78818495801033
1731,t,38.78818495801033,38.78818495801033
1732,c,38.78818495801033,38.78818495801033
1733,c,38.78818495801033,38.78818495801033
1734,c,38.78818495801033,38.78818495801033
1735,t,38.78818495801033,38.78818495801033
1736,c,38.78818495801033,38.78818495801033
1737,t,38.78818495801033,38.78818495801033
1738,c,38.78818495801033,38.78818495801033
1739,c,38.78818495801033,38.78818495801033
1740,t,38.78818495801033,38.78818495801033
1741,c,38.78818495801033,38.78818495801033
1742,c,38.78818495801033,38.78818495801033
1743,t,38.78818495801033,38.78818495801033
1744,c,38.78818495801033,38.78818495801033
1745,c,38.78818495801033,38.78818495801033
1746,c,38.78818495801033,38.78818495801033
1747,t,38.78818495801033,38.78818495801033
1748,t,38.78818495801033,38.78818495801033
1749,t,38.78818495801033,38.78818495801033
1750,c,38.78818495801033,38.78818495801033
1751,c,38.78818495801033,38.78818495801033
1752,t,38.78818495801033,38.78818495801033
1753,c,38.78818495801033,38.78818495801033
1754,c,38.78818495801033,38.78818495801033
1755,t,38.78818495801033,38.78818495801033
1756,t,38.78818495801033,38.78818495801033
1757,t,38.78818495801033,38.78818495801033
1758,t,38.78818495801033,38.78818495801033
1759,c,38.78818495801033,38.78818495801033
1760,c,38.78818495801033,38.78818495801033
1761,c,8.255265410601476,9.423313588477077
1762,t,38.78818495801033,38.78818495801033
1763,t,38.78818495801033,38.78818495801033
1764,c,38.78818495801033,38.78818495801033
1765,t,38.78818495801033,38.78818495801033
1766,c,38.78818495801033,38.78818495801033
1767,c,38.78818495801033,38.78818495801033
1768,t,38.78818495801033,38.78818495801033
1769,c,38.78818495801033,38.78818495801033
1770,c,38.78818495801033,38.78818495801033
1771,c,38.78818495801033,38.78818495801033
1772,c,38.78818495801033,38.78818495801033
1773,c,38.78818495801033,38.78818495801033
1774,c,38.78818495801033,38.78818495801033
1775,c,38.78818495801033,38.78818495801033
1776,t,38.78818495801033,38.78818495801033
1777,c,38.78818495801033,38.78818495801033
1778,t,38.78818495801033,38.78818495801033
1779,c,38.78818495801033,38.78818495801033
1780,c,38.78818495801033,38.78818495801033
1781,t,38.78818495801033,38.78818495801033
1782,c,38.78818495801033,38.78818495801033
1783,t,38.78818495801033,38.78818495801033
1784,c,38.78818495801033,38.78818495801033
1785,t,38.78818495801033,38.78818495801033
1786,t,38.78818495801033,38.78818495801033
1787,t,38.78818495801033,38.78818495801033
1788,t,38.78818495801033,38.78818495801033
1789,c,38.78818495801033,38.78818495801033
1790,t,38.78818495801033,38.78818495801033
1791,c,38.78818495801033,38.78818495801033
1792,t,38.78818495801033,38.78818495801033
1793,t,38.78818495801033,38.78818495801033
1794,c,38.78818495801033,38.78818495801033
1795,c,38.78818495801033,38.78818495801033
1796,c,38.78818495801033,38.78818495801033
1797,t,38.78818495801033,38.78818495801033
1798,t,38.78818495801033,38.78818495801033
1799,c,38.78818495801033,38.78818495801033
1800,t,38.78818495801033,38.78818495801033
1801,c,38.78818495801033,38.78818495801033
1802,t,38.78818495801033,38.78818495801033
1803,t,38.78818495801033,38.78818495801033
1804,c,38.78818495801033,38.78818495801033
1805,t,38.78818495801033,38.78818495801033
1806,c,38.78818495801033,38.78818495801033
1807,c,38.78818495801033,38.78818495801033
1808,t,38.78818495801033,38.78818495801033
1809,t,38.78818495801033,38.78818495801033
1810,t,38.78818495801033,38.78818495801033
1811,t,38.78818495801033,38.78818495801033
1812,t,38.78818495801033,38.78818495801033
1813,c,38.78818495801033,38.78818495801033
1814,c,38.78818495801033,38.78818495801033
1815,t,38.78818495801033,38.78818495801033
1816,t,38.78818495801033,38.78818495801033
1817,c,38.78818495801033,38.78818495801033
1818,t,38.78818495801033,38.78818495801033
1819,t,38.78818495801033,38.78818495801033
1820,t,38.78818495801033,38.78818495801033
1821,c,38.78818495801033,38.78818495801033
1822,c,38.78818495801033,38.78818495801033
1823,c,38.78818495801033,38.78818495801033
1824,c,38.78818495801033,38.78818495801033
1825,t,38.78818495801033,38.78818495801033
1826,t,38.78818495801033,38.78818495801033
1827,t,38.78818495801033,38.78818495801033
1828,c,38.78818495801033,38.78818495801033
1829,t,38.78818495801033,38.78818495801033
1830,c,38.78818495801033,38.78818495801033
1831,t,38.78818495801033,38.78818495801033
1832,c,38.78818495801033,38.78818495801033
1833,c,38.78818495801033,38.78818495801033
1834,c,38.78818495801033,38.78818495801033
1835,t,38.78818495801033,38.78818495801033
1836,c,38.78818495801033,38.78818495801033
1837,t,38.78818495801033,38.78818495801033
1838,c,38.78818495801033,38.78818495801033
1839,c,38.78818495801033,38.78818495801033
1840,c,38.78818495801033,38.78818495801033
1841,t,38.78818495801033,38.78818495801033
1842,t,38.78818495801033,38.78818495801033
1843,t,38.78818495801033,38.78818495801033
1844,t,38.78818495801033,38.78818495801033
1845,c,10.823517677156275,12.02014052463054
1846,c,38.78818495801033,38.78818495801033
1847,t,38.78818495801033,38.78818495801033
1848,c,38.78818495801033,38.78818495801033
1849,c,38.78818495801033,38.78818495801033
1850,c,38.78818495801033,38.78818495801033
1851,c,38.78818495801033,38.78818495801033
1852,t,38.78818495801033,38.78818495801033
1853,na,1.8725940126717555,3.0227022541143964
1854,c,38.78818495801033,38.78818495801033
1855,t,38.78818495801033,38.78818495801033
1856,t,38.78818495801033,38.78818495801033
1857,t,38.78818495801033,38.78818495801033
1858,c,38.78818495801033,38.78818495801033
1859,c,38.78818495801033,38.78818495801033
1860,c,38.78818495801033,38.78818495801033
1861,t,38.78818495801033,38.78818495801033
1862,c,38.78818495801033,38.78818495801033
1863,t,38.78818495801033,38.78818495801033
1864,t,38.78818495801033,38.78818495801033
1865,t,38.78818495801033,38.78818495801033
1866,t,38.78818495801033,38.78818495801033
1867,t,38.78818495801033,38.78818495801033
1868,t,38.78818495801033,38.78818495801033
1869,t,38.78818495801033,38.78818495801033
1870,c,38.78818495801033,38.78818495801033
1871,c,38.78818495801033,38.78818495801033
1872,t,38.78818495801033,38.78818495801033
1873,t,38.78818495801033,38.78818495801033
1874,c,38.78818495801033,38.78818495801033
1875,t,38.78818495801033,38.78818495801033
1876,c,38.78818495801033,38.78818495801033
1877,c,38.78818495801033,38.78818495801033
1878,t,38.78818495801033,38.78818495801033
1879,t,38.78818495801033,38.78818495801033
1880,c,38.78818495801033,38.78818495801033
1881,t,38.78818495801033,38.78818495801033
1882,t,38.78818495801033,38.78818495801033
1883,c,38.78818495801033,38.78818495801033
1884,t,38.78818495801033,38.78818495801033
1885,t,38.78818495801033,38.78818495801033
1886,t,38.78818495801033,38.78818495801033
1887,c,38.78818495801033,38.78818495801033
1888,c,38.78818495801033,38.78818495801033
1889,c,38.78818495801033,38.78818495801033
1890,t,38.78818495801033,38.78818495801033
1891,c,38.78818495801033,38.78818495801033
1892,c,38.78818495801033,38.78818495801033
1893,c,38.78818495801033,38.78818495801033
1894,t,38.78818495801033,38.78818495801033
1895,t,38.78818495801033,38.78818495801033
1896,c,38.78818495801033,38.78818495801033
1897,c,38.78818495801033,38.78818495801033
1898,t,38.78818495801033,38.78818495801033
1899,c,38.78818495801033,38.78818495801033
1900,c,38.78818495801033,38.78818495801033
1901,c,38.78818495801033,38.78818495801033
1902,t,38.78818495801033,38.78818495801033
1903,c,38.78818495801033,38.78818495801033
1904,c,38.78818495801033,38.78818495801033
1905,t,38.78818495801033,38.78818495801033
1906,t,38.78818495801033,38.78818495801033
1907,t,38.78818495801033,38.78818495801033
1908,t,38.78818495801033,38.78818495801033
1909,c,38.78818495801033,38.78818495801033
1910,c,38.78818495801033,38.78818495801033
1911,t,38.78818495801033,38.78818495801033
1912,t,38.78818495801033,38.78818495801033
1913,t,38.78818495801033,38.78818495801033
1914,t,38.78818495801033,38.78818495801033
1915,c,38.78818495801033,38.78818495801033
1916,c,38.78818495801033,38.78818495801033
1917,t,38.78818495801033,38.78818495801033
1918,t,38.78818495801033,38.78818495801033
1919,c,38.78818495801033,38.78818495801033
1920,t,38.78818495801033,38.78818495801033
1921,t,38.78818495801033,38.78818495801033
1922,c,38.78818495801033,38.78818495801033
1923,t,38.78818495801033,38.78818495801033
1924,c,38.78818495801033,38.78818495801033
1925,c,38.78818495801033,38.78818495801033
1926,t,38.78818495801033,38.78818495801033
1927,t,38.78818495801033,38.78818495801033
1928,t,38.78818495801033,38.78818495801033
1929,t,38.78818495801033,38.78818495801033
1930,c,38.78818495801033,38.78818495801033
1931,c,38.78818495801033,38.78818495801033
1932,t,38.78818495801033,38.78818495801033
1933,c,38.78818495801033,38.78818495801033
1934,t,38.78818495801033,38.78818495801033
1935,t,38.78818495801033,38.78818495801033
1936,c,38.78818495801033,38.78818495801033
1937,c,38.78818495801033,38.78818495801033
1938,t,38.78818495801033,38.78818495801033
1939,t,38.78818495801033,38.78818495801033
1940,t,38.78818495801033,38.78818495801033
1941,c,38.78818495801033,38.78818495801033
1942,c,38.78818495801033,38.78818495801033
1943,t,38.78818495801033,38.78818495801033
1944,c,38.78818495801033,38.78818495801033
1945,c,38.78818495801033,38.78818495801033
1946,t,38.78818495801033,38.78818495801033
1947,c,38.78818495801033,38.78818495801033
1948,t,38.78818495801033,38.78818495801033
1949,c,38.78818495801033,38.78818495801033
1950,c,2.9143866446956546,5.421686314290916
1951,t,38.78818495801033,38.78818495801033
1952,t,38.78818495801033,38.78818495801033
1953,t,38.78818495801033,38.78818495801033
1954,c,38.78818495801033,38.78818495801033
1955,t,38.78818495801033,38.78818495801033
1956,t,38.78818495801033,38.78818495801033
1957,t,38.78818495801033,38.78818495801033
1958,t,38.78818495801033,38.78818495801033
1959,t,38.78818495801033,38.78818495801033
1960,t,38.78818495801033,38.78818495801033
1961,t,38.78818495801033,38.78818495801033
1962,t,38.78818495801033,38.78818495801033
1963,c,38.78818495801033,38.78818495801033
1964,c,38.78818495801033,38.78818495801033
1965,t,38.78818495801033,38.78818495801033
1966,c,38.78818495801033,38.78818495801033
1967,t,38.78818495801033,38.78818495801033
1968,c,38.78818495801033,38.78818495801033
1969,c,38.78818495801033,38.78818495801033
1970,c,38.78818495801033,38.78818495801033
1971,c,38.78818495801033,38.78818495801033
1972,t,38.78818495801033,38.78818495801033
1973,c,38.78818495801033,38.78818495801033
1974,t,38.78818495801033,38.78818495801033
1975,t,38.78818495801033,38.78818495801033
1976,c,38.78818495801033,38.78818495801033
1977,t,38.78818495801033,38.78818495801033
1978,c,38.78818495801033,38.78818495801033
1979,t,38.78818495801033,38.78818495801033
1980,c,38.78818495801033,38.78818495801033
1981,t,38.78818495801033,38.78818495801033
1982,t,38.78818495801033,38.78818495801033
1983,t,38.78818495801033,38.78818495801033
1984,t,38.78818495801033,38.78818495801033
1985,na,6.870711422718566,6.939207128745398
1986,c,38.78818495801033,38.78818495801033
1987,c,38.78818495801033,38.78818495801033
1988,c,38.78818495801033,38.78818495801033
1989,c,13.631771743189937,20.011090470654928
1990,c,38.78818495801033,38.78818495801033
1991,t,38.78818495801033,38.78818495801033
1992,c,38.78818495801033,38.78818495801033
1993,t,38.78818495801033,38.78818495801033
1994,c,38.78818495801033,38.78818495801033
1995,c,38.78818495801033,38.78818495801033
1996,t,38.78818495801033,38.78818495801033
1997,t,38.78818495801033,38.78818495801033
1998,c,38.78818495801033,38.78818495801033
1999,c,38.78818495801033,38.78818495801033
2000,t,38.78818495801033,38.78818495801033
2001,c,38.78818495801033,38.78818495801033
2002,c,38.78818495801033,38.78818495801033
2003,t,38.78818495801033,38.78818495801033
2004,c,38.78818495801033,38.78818495801033
2005,c,38.78818495801033,38.78818495801033
2006,c,38.78818495801033,38.78818495801033
2007,c,38.78818495801033,38.78818495801033
2008,t,38.78818495801033,38.78818495801033
2009,t,38.78818495801033,38.78818495801033
2010,c,38.78818495801033,38.78818495801033
2011,t,38.78818495801033,38.78818495801033
2012,c,38.78818495801033,38.78818495801033
2013,t,38.78818495801033,38.78818495801033
2014,c,38.78818495801033,38.78818495801033
2015,c,13.912341580219824,14.564907305157595
2016,na,0,1.0259517214522529
2017,t,38.78818495801033,38.78818495801033
2018,t,38.78818495801033,38.78818495801033
2019,c,38.78818495801033,38.78818495801033
2020,t,38.78818495801033,38.78818495801033
2021,c,38.78818495801033,38.78818495801033
2022,t,38.78818495801033,38.78818495801033
2023,t,38.78818495801033,38.78818495801033
2024,c,38.78818495801033,38.78818495801033
2025,c,38.78818495801033,38.78818495801033
2026,c,38.78818495801033,38.78818495801033
2027,t,38.78818495801033,38.78818495801033
2028,t,38.78818495801033,38.78818495801033
2029,c,38.78818495801033,38.78818495801033
2030,t,38.78818495801033,38.78818495801033
2031,c,38.78818495801033,38.78818495801033
2032,c,38.78818495801033,38.78818495801033
2033,c,38.78818495801033,38.78818495801033
2034,c,38.78818495801033,38.78818495801033
2035,c,38.78818495801033,38.78818495801033
2036,c,38.78818495801033,38.78818495801033
2037,c,38.78818495801033,38.78818495801033
2038,c,38.78818495801033,38.78818495801033
2039,t,38.78818495801033,38.78818495801033
2040,c,38.78818495801033,38.78818495801033
2041,c,38.78818495801033,38.78818495801033
2042,c,38.78818495801033,38.78818495801033
2043,c,38.78818495801033,38.78818495801033
2044,t,38.78818495801033,38.78818495801033
2045,c,38.78818495801033,38.78818495801033
2046,c,38.78818495801033,38.78818495801033
2047,c,38.78818495801033,38.78818495801033
2048,c,38.78818495801033,38.78818495801033
2049,c,38.78818495801033,38.78818495801033
2050,t,38.78818495801033,38.78818495801033
2051,c,38.78818495801033,38.78818495801033
2052,t,38.78818495801033,38.78818495801033
2053,t,38.78818495801033,38.78818495801033
2054,c,38.78818495801033,38.78818495801033
2055,c,38.78818495801033,38.78818495801033
2056,t,38.78818495801033,38.78818495801033
2057,c,38.78818495801033,38.78818495801033
2058,t,38.78818495801033,38.78818495801033
2059,c,38.78818495801033,38.78818495801033
2060,c,38.78818495801033,38.78818495801033
2061,c,38.78818495801033,38.78818495801033
2062,c,38.78818495801033,38.78818495801033
2063,t,38.78818495801033,38.78818495801033
2064,t,38.78818495801033,38.78818495801033
2065,t,38.78818495801033,38.78818495801033
2066,t,38.78818495801033,38.78818495801033
2067,c,38.78818495801033,38.78818495801033
2068,c,38.78818495801033,38.78818495801033
2069,t,38.78818495801033,38.78818495801033
2070,c,38.78818495801033,38.78818495801033
2071,na,2.5472534035700134,38.78818495801033
2072,c,38.78818495801033,38.78818495801033
2073,c,38.78818495801033,38.78818495801033
2074,c,38.78818495801033,38.78818495801033
2075,c,38.78818495801033,38.78818495801033
2076,c,38.78818495801033,38.78818495801033
2077,c,38.78818495801033,38.78818495801033
2078,t,38.78818495801033,38.78818495801033
2079,c,38.78818495801033,38.78818495801033
2080,na,0.864481985755966,2.59174747137305
2081,c,38.78818495801033,38.78818495801033
2082,c,38.78818495801033,38.78818495801033
2083,c,38.78818495801033,38.78818495801033
2084,t,38.78818495801033,38.78818495801033
2085,t,38.78818495801033,38.78818495801033
2086,c,38.78818495801033,38.78818495801033
2087,c,38.78818495801033,38.78818495801033
2088,t,38.78818495801033,38.78818495801033
2089,t,38.78818495801033,38.78818495801033
2090,c,38.78818495801033,38.78818495801033
2091,c,38.78818495801033,38.78818495801033
2092,t,38.78818495801033,38.78818495801033
2093,c,38.78818495801033,38.78818495801033
2094,t,38.78818495801033,38.78818495801033
2095,c,38.78818495801033,38.78818495801033
2096,c,38.78818495801033,38.78818495801033
2097,c,38.78818495801033,38.78818495801033
2098,c,38.78818495801033,38.78818495801033
2099,t,38.78818495801033,38.78818495801033
2100,t,38.78818495801033,38.78818495801033
2101,t,38.78818495801033,38.78818495801033
2102,t,38.78818495801033,38.78818495801033
2103,t,38.78818495801033,38.78818495801033
2104,c,38.78818495801033,38.78818495801033
2105,t,38.78818495801033,38.78818495801033
2106,c,38.78818495801033,38.78818495801033
2107,t,38.78818495801033,38.78818495801033
2108,t,38.78818495801033,38.78818495801033
2109,c,38.78818495801033,38.78818495801033
2110,c,38.78818495801033,38.78818495801033
2111,c,38.78818495801033,38.78818495801033
2112,c,38.78818495801033,38.78818495801033
2113,c,38.78818495801033,38.78818495801033
2114,t,38.78818495801033,38.78818495801033
2115,t,38.78818495801033,38.78818495801033
2116,t,38.78818495801033,38.78818495801033
2117,t,38.78818495801033,38.78818495801033
2118,t,38.78818495801033,38.78818495801033
2119,c,38.78818495801033,38.78818495801033
2120,t,38.78818495801033,38.78818495801033
2121,c,38.78818495801033,38.78818495801033
2122,t,38.78818495801033,38.78818495801033
2123,t,38.78818495801033,38.78818495801033
2124,c,38.78818495801033,38.78818495801033
2125,c,38.78818495801033,38.78818495801033
2126,c,38.78818495801033,38.78818495801033
2127,c,38.78818495801033,38.78818495801033
2128,c,38.78818495801033,38.78818495801033
2129,t,38.78818495801033,38.78818495801033
2130,t,38.78818495801033,38.78818495801033
2131,t,38.78818495801033,38.78818495801033
2132,t,38.78818495801033,38.78818495801033
2133,c,38.78818495801033,38.78818495801033
2134,t,38.78818495801033,38.78818495801033
2135,t,38.78818495801033,38.78818495801033
2136,c,38.78818495801033,38.78818495801033
2137,c,38.78818495801033,38.78818495801033
2138,t,38.78818495801033,38.78818495801033
2139,c,38.78818495801033,38.78818495801033
2140,c,38.78818495801033,38.78818495801033
2141,c,38.78818495801033,38.78818495801033
2142,c,38.78818495801033,38.78818495801033
2143,c,38.78818495801033,38.78818495801033
2144,t,38.78818495801033,38.78818495801033
2145,c,38.78818495801033,38.78818495801033
2146,t,38.78818495801033,38.78818495801033
2147,t,38.78818495801033,38.78818495801033
2148,c,38.78818495801033,38.78818495801033
2149,c,38.78818495801033,38.78818495801033
2150,na,0,4.231905919388549
2151,c,38.78818495801033,38.78818495801033
2152,c,38.78818495801033,38.78818495801033
2153,c,38.78818495801033,38.78818495801033
2154,t,38.78818495801033,38.78818495801033
2155,c,38.78818495801033,38.78818495801033
2156,c,38.78818495801033,38.78818495801033
2157,t,38.78818495801033,38.78818495801033
2158,c,38.78818495801033,38.78818495801033
2159,t,38.78818495801033,38.78818495801033
2160,c,38.78818495801033,38.78818495801033
2161,c,38.78818495801033,38.78818495801033
2162,t,38.78818495801033,38.78818495801033
2163,t,38.78818495801033,38.78818495801033
2164,t,38.78818495801033,38.78818495801033
2165,c,38.78818495801033,38.78818495801033
2166,t,38.78818495801033,38.78818495801033
2167,t,38.78818495801033,38.78818495801033
2168,c,38.78818495801033,38.78818495801033
2169,t,38.78818495801033,38.78818495801033
2170,c,38.78818495801033,38.78818495801033
2171,c,38.78818495801033,38.78818495801033
2172,t,38.78818495801033,38.78818495801033
2173,c,38.78818495801033,38.78818495801033
2174,c,38.78818495801033,38.78818495801033
2175,c,38.78818495801033,38.78818495801033
2176,t,38.78818495801033,38.78818495801033
2177,t,38.78818495801033,38.78818495801033
2178,c,38.78818495801033,38.78818495801033
2179,t,38.78818495801033,38.78818495801033
2180,t,38.78818495801033,38.78818495801033
2181,t,38.78818495801033,38.78818495801033
2182,c,38.78818495801033,38.78818495801033
2183,c,38.78818495801033,38.78818495801033
2184,t,38.78818495801033,38.78818495801033
2185,t,38.78818495801033,38.78818495801033
2186,t,38.78818495801033,38.78818495801033
2187,c,38.78818495801033,38.78818495801033
2188,c,38.78818495801033,38.78818495801033
2189,c,38.78818495801033,38.78818495801033
2190,c,38.78818495801033,38.78818495801033
2191,c,38.78818495801033,38.78818495801033
2192,c,38.78818495801033,38.78818495801033
2193,c,38.78818495801033,38.78818495801033
2194,t,38.78818495801033,38.78818495801033
2195,c,38.78818495801033,38.78818495801033
2196,c,38.78818495801033,38.78818495801033
2197,c,38.78818495801033,38.78818495801033
2198,t,38.78818495801033,38.78818495801033
2199,c,38.78818495801033,38.78818495801033
2200,c,38.78818495801033,38.78818495801033
2201,c,38.78818495801033,38.78818495801033
2202,c,38.78818495801033,38.78818495801033
2203,c,38.78818495801033,38.78818495801033
2204,c,38.78818495801033,38.78818495801033
2205,c,38.78818495801033,38.78818495801033
2206,t,38.78818495801033,38.78818495801033
2207,c,38.78818495801033,38.78818495801033
2208,t,38.78818495801033,38.78818495801033
2209,t,38.78818495801033,38.78818495801033
2210,t,38.78818495801033,38.78818495801033
2211,c,38.78818495801033,38.78818495801033
2212,c,38.78818495801033,38.78818495801033
2213,t,38.78818495801033,38.78818495801033
2214,c,38.78818495801033,38.78818495801033
2215,t,38.78818495801033,38.78818495801033
2216,c,5.852802687176787,38.78818495801033
2217,c,38.78818495801033,38.78818495801033
2218,t,38.78818495801033,38.78818495801033
2219,c,38.78818495801033,38.78818495801033
2220,c,38.78818495801033,38.78818495801033
2221,na,-1,0
2222,t,38.78818495801033,38.78818495801033
2223,c,38.78818495801033,38.78818495801033
2224,t,38.78818495801033,38.78818495801033
2225,t,38.78818495801033,38.78818495801033
2226,c,38.78818495801033,38.78818495801033
2227,t,38.78818495801033,38.78818495801033
2228,c,38.78818495801033,38.78818495801033
2229,c,38.78818495801033,38.78818495801033
2230,t,38.78818495801033,38.78818495801033
2231,c,38.78818495801033,38.78818495801033
2232,c,38.78818495801033,38.78818495801033
2233,c,38.78818495801033,38.78818495801033
2234,c,38.78818495801033,38.78818495801033
2235,c,38.78818495801033,38.78818495801033
2236,t,38.78818495801033,38.78818495801033
2237,c,38.78818495801033,38.78818495801033
2238,c,38.78818495801033,38.78818495801033
2239,t,38.78818495801033,38.78818495801033
2240,c,38.78818495801033,38.78818495801033
2241,c,38.78818495801033,38.78818495801033
2242,c,38.78818495801033,38.78818495801033
2243,t,38.78818495801033,38.78818495801033
2244,t,38.78818495801033,38.78818495801033
2245,t,38.78818495801033,38.78818495801033
2246,t,38.78818495801033,38.78818495801033
2247,t,38.78818495801033,38.78818495801033
2248,c,38.78818495801033,38.78818495801033
2249,c,38.78818495801033,38.78818495801033
2250,c,38.78818495801033,38.78818495801033
2251,t,38.78818495801033,38.78818495801033
2252,t,38.78818495801033,38.78818495801033
2253,t,38.78818495801033,38.78818495801033
2254,c,38.78818495801033,38.78818495801033
2255,t,38.78818495801033,38.78818495801033
2256,t,38.78818495801033,38.78818495801033
2257,c,38.78818495801033,38.78818495801033
2258,t,38.78818495801033,38.78818495801033
2259,t,38.78818495801033,38.78818495801033
2260,t,38.78818495801033,38.78818495801033
2261,t,38.78818495801033,38.78818495801033
2262,t,38.78818495801033,38.78818495801033
2263,c,38.78818495801033,38.78818495801033
2264,t,38.78818495801033,38.78818495801033
2265,t,38.78818495801033,38.78818495801033
2266,c,38.78818495801033,38.78818495801033
2267,t,38.78818495801033,38.78818495801033
2268,t,38.78818495801033,38.78818495801033
2269,c,38.78818495801033,38.78818495801033
2270,t,38.78818495801033,38.78818495801033
2271,t,38.78818495801033,38.78818495801033
2272,c,38.78818495801033,38.78818495801033
2273,t,38.78818495801033,38.78818495801033
2274,c,38.78818495801033,38.78818495801033
2275,t,38.78818495801033,38.78818495801033
2276,t,38.78818495801033,38.78818495801033
2277,t,38.78818495801033,38.78818495801033
2278,t,38.78818495801033,38.78818495801033
2279,t,38.78818495801033,38.78818495801033
2280,c,38.78818495801033,38.78818495801033
2281,c,38.78818495801033,38.78818495801033
2282,c,38.78818495801033,38.78818495801033
2283,c,38.78818495801033,38.78818495801033
2284,t,38.78818495801033,38.78818495801033
2285,t,38.78818495801033,38.78818495801033
2286,t,38.78818495801033,38.78818495801033
2287,c,38.78818495801033,38.78818495801033
2288,c,38.78818495801033,38.78818495801033
2289,t,38.78818495801033,38.78818495801033
2290,t,38.78818495801033,38.78818495801033
2291,t,38.78818495801033,38.78818495801033
2292,t,38.78818495801033,38.78818495801033
2293,c,38.78818495801033,38.78818495801033
2294,t,38.78818495801033,38.78818495801033
2295,t,38.78818495801033,38.78818495801033
2296,t,38.78818495801033,38.78818495801033
2297,c,38.78818495801033,38.78818495801033
2298,c,38.78818495801033,38.78818495801033
2299,c,38.78818495801033,38.78818495801033
2300,t,38.78818495801033,38.78818495801033
2301,t,38.78818495801033,38.78818495801033
2302,t,38.78818495801033,38.78818495801033
2303,t,38.78818495801033,38.78818495801033
2304,t,38.78818495801033,38.78818495801033
2305,c,38.78818495801033,38.78818495801033
2306,t,38.78818495801033,38.78818495801033
2307,c,38.78818495801033,38.78818495801033
2308,t,38.78818495801033,38.78818495801033
2309,t,38.78818495801033,38.78818495801033
2310,t,38.78818495801033,38.78818495801033
2311,t,38.78818495801033,38.78818495801033
2312,t,38.78818495801033,38.78818495801033
2313,t,38.78818495801033,38.78818495801033
2314,t,38.78818495801033,38.78818495801033
2315,t,38.78818495801033,38.78818495801033
2316,c,38.78818495801033,38.78818495801033
2317,c,38.78818495801033,38.78818495801033
2318,c,38.78818495801033,38.78818495801033
2319,t,38.78818495801033,38.78818495801033
2320,c,38.78818495801033,38.78818495801033
2321,t,38.78818495801033,38.78818495801033
2322,c,38.78818495801033,38.78818495801033
2323,t,38.78818495801033,38.78818495801033
2324,t,38.78818495801033,38.78818495801033
2325,c,38.78818495801033,38.78818495801033
2326,t,38.78818495801033,38.78818495801033
2327,c,38.78818495801033,38.78818495801033
2328,c,38.78818495801033,38.78818495801033
2329,c,38.78818495801033,38.78818495801033
2330,t,38.78818495801033,38.78818495801033
2331,c,38.78818495801033,38.78818495801033
2332,c,38.78818495801033,38.78818495801033
2333,c,38.78818495801033,38.78818495801033
2334,c,38.78818495801033,38.78818495801033
2335,t,38.78818495801033,38.78818495801033
2336,t,38.78818495801033,38.78818495801033
2337,c,38.78818495801033,38.78818495801033
2338,c,38.78818495801033,38.78818495801033
2339,t,38.78818495801033,38.78818495801033
2340,t,38.78818495801033,38.78818495801033
2341,c,38.78818495801033,38.78818495801033
2342,c,38.78818495801033,38.78818495801033
2343,t,38.78818495801033,38.78818495801033
2344,t,38.78818495801033,38.78818495801033
2345,c,38.78818495801033,38.78818495801033
2346,t,38.78818495801033,38.78818495801033
2347,c,5.649733458748513,7.5145938520305045
2348,c,38.78818495801033,38.78818495801033
2349,c,38.78818495801033,38.78818495801033
2350,t,38.78818495801033,38.78818495801033
2351,t,38.78818495801033,38.78818495801033
2352,c,38.78818495801033,38.78818495801033
2353,c,38.78818495801033,38.78818495801033
2354,c,38.78818495801033,38.78818495801033
2355,t,38.78818495801033,38.78818495801033
2356,t,38.78818495801033,38.78818495801033
2357,c,38.78818495801033,38.78818495801033
2358,t,38.78818495801033,38.78818495801033
2359,c,38.78818495801033,38.78818495801033
2360,t,38.78818495801033,38.78818495801033
2361,c,38.78818495801033,38.78818495801033
2362,c,38.78818495801033,38.78818495801033
2363,c,38.78818495801033,38.78818495801033
2364,c,8.44637514911233,9.116932343646939
2365,c,38.78818495801033,38.78818495801033
2366,c,38.78818495801033,38.78818495801033
2367,c,38.78818495801033,38.78818495801033
2368,c,38.78818495801033,38.78818495801033
2369,c,38.78818495801033,38.78818495801033
2370,c,38.78818495801033,38.78818495801033
2371,t,38.78818495801033,38.78818495801033
2372,c,38.78818495801033,38.78818495801033
2373,t,38.78818495801033,38.78818495801033
2374,c,38.78818495801033,38.78818495801033
2375,t,38.78818495801033,38.78818495801033
2376,c,38.78818495801033,38.78818495801033
2377,c,38.78818495801033,38.78818495801033
2378,c,38.78818495801033,38.78818495801033
2379,c,38.78818495801033,38.78818495801033
2380,t,38.78818495801033,38.78818495801033
2381,t,38.78818495801033,38.78818495801033
2382,t,38.78818495801033,38.78818495801033
2383,c,38.78818495801033,38.78818495801033
2384,t,38.78818495801033,38.78818495801033
2385,c,38.78818495801033,38.78818495801033
2386,t,38.78818495801033,38.78818495801033
2387,t,38.78818495801033,38.78818495801033
2388,t,38.78818495801033,38.78818495801033
2389,c,38.78818495801033,38.78818495801033
2390,t,38.78818495801033,38.78818495801033
2391,t,38.78818495801033,38.78818495801033
2392,t,38.78818495801033,38.78818495801033
2393,t,38.78818495801033,38.78818495801033
2394,t,38.78818495801033,38.78818495801033
2395,t,38.78818495801033,38.78818495801033
2396,t,38.78818495801033,38.78818495801033
2397,c,38.78818495801033,38.78818495801033
2398,t,38.78818495801033,38.78818495801033
2399,t,38.78818495801033,38.78818495801033
2400,t,38.78818495801033,38.78818495801033
2401,c,38.78818495801033,38.78818495801033
2402,c,38.78818495801033,38.78818495801033
2403,c,38.78818495801033,38.78818495801033
2404,c,38.78818495801033,38.78818495801033
2405,c,38.78818495801033,38.78818495801033
2406,c,38.78818495801033,38.78818495801033
2407,t,38.78818495801033,38.78818495801033
2408,t,38.78818495801033,38.78818495801033
2409,c,38.78818495801033,38.78818495801033
2410,c,38.78818495801033,38.78818495801033
2411,c,38.78818495801033,38.78818495801033
2412,t,38.78818495801033,38.78818495801033
2413,c,38.78818495801033,38.78818495801033
2414,t,38.78818495801033,38.78818495801033
2415,t,38.78818495801033,38.78818495801033
2416,t,38.78818495801033,38.78818495801033
2417,c,38.78818495801033,38.78818495801033
2418,t,38.78818495801033,38.78818495801033
2419,c,38.78818495801033,38.78818495801033
2420,c,38.78818495801033,38.78818495801033
2421,c,38.78818495801033,38.78818495801033
2422,na,0.8899478783148873,4.954754601466699
2423,c,38.78818495801033,38.78818495801033
2424,c,38.78818495801033,38.78818495801033
2425,c,38.78818495801033,38.78818495801033
2426,t,38.78818495801033,38.78818495801033
2427,t,38.78818495801033,38.78818495801033
2428,c,38.78818495801033,38.78818495801033
2429,c,38.78818495801033,38.78818495801033
2430,c,38.78818495801033,38.78818495801033
2431,t,38.78818495801033,38.78818495801033
2432,c,38.78818495801033,38.78818495801033
2433,c,38.78818495801033,38.78818495801033
2434,t,38.78818495801033,38.78818495801033
2435,c,38.78818495801033,38.78818495801033
2436,t,38.78818495801033,38.78818495801033
2437,na,-1,0
2438,t,38.78818495801033,38.78818495801033
2439,t,38.78818495801033,38.78818495801033
2440,c,38.78818495801033,38.78818495801033
2441,t,38.78818495801033,38.78818495801033
2442,t,38.78818495801033,38.78818495801033
2443,c,38.78818495801033,38.78818495801033
2444,t,38.78818495801033,38.78818495801033
2445,c,38.78818495801033,38.78818495801033
2446,t,38.78818495801033,38.78818495801033
2447,t,38.78818495801033,38.78818495801033
2448,c,38.78818495801033,38.78818495801033
2449,t,38.78818495801033,38.78818495801033
2450,c,38.78818495801033,38.78818495801033
2451,t,38.78818495801033,38.78818495801033
2452,t,38.78818495801033,38.78818495801033
2453,c,38.78818495801033,38.78818495801033
2454,t,38.78818495801033,38.78818495801033
2455,c,38.78818495801033,38.78818495801033
2456,c,38.78818495801033,38.78818495801033
2457,t,38.78818495801033,38.78818495801033
2458,t,38.78818495801033,38.78818495801033
2459,na,2.637341706498429,38.78818495801033
2460,c,38.78818495801033,38.78818495801033
2461,t,38.78818495801033,38.78818495801033
2462,c,13.331683461205818,14.72946314646115
2463,c,38.78818495801033,38.78818495801033
2464,c,38.78818495801033,38.78818495801033
2465,c,38.78818495801033,38.78818495801033
2466,c,38.78818495801033,38.78818495801033
2467,t,38.78818495801033,38.78818495801033
2468,c,38.78818495801033,38.78818495801033
2469,t,38.78818495801033,38.78818495801033
2470,t,38.78818495801033,38.78818495801033
2471,t,38.78818495801033,38.78818495801033
2472,t,38.78818495801033,38.78818495801033
2473,t,38.78818495801033,38.78818495801033
2474,c,38.78818495801033,38.78818495801033
2475,t,38.78818495801033,38.78818495801033
2476,t,38.78818495801033,38.78818495801033
2477,t,38.78818495801033,38.78818495801033
2478,t,38.78818495801033,38.78818495801033
2479,t,38.78818495801033,38.78818495801033
2480,t,38.78818495801033,38.78818495801033
2481,t,38.78818495801033,38.78818495801033
2482,t,38.78818495801033,38.78818495801033
2483,c,38.78818495801033,38.78818495801033
2484,t,38.78818495801033,38.78818495801033
2485,c,38.78818495801033,38.78818495801033
2486,t,38.78818495801033,38.78818495801033
2487,c,38.78818495801033,38.78818495801033
2488,t,38.78818495801033,38.78818495801033
2489,c,38.78818495801033,38.78818495801033
2490,c,38.78818495801033,38.78818495801033
2491,t,38.78818495801033,38.78818495801033
2492,t,38.78818495801033,38.78818495801033
2493,c,38.78818495801033,38.78818495801033
2494,t,38.78818495801033,38.78818495801033
2495,t,38.78818495801033,38.78818495801033
2496,t,38.78818495801033,38.78818495801033
2497,t,38.78818495801033,38.78818495801033
2498,t,38.78818495801033,38.78818495801033
2499,t,38.78818495801033,38.78818495801033
2500,t,38.78818495801033,38.78818495801033
2501,c,38.78818495801033,38.78818495801033
2502,t,38.78818495801033,38.78818495801033
2503,c,38.78818495801033,38.78818495801033
2504,na,0,12.865360926535297
2505,c,38.78818495801033,38.78818495801033
2506,c,38.78818495801033,38.78818495801033
2507,t,38.78818495801033,38.78818495801033
2508,t,38.78818495801033,38.78818495801033
2509,t,38.78818495801033,38.78818495801033
2510,t,38.78818495801033,38.78818495801033
2511,c,38.78818495801033,38.78818495801033
2512,c,38.78818495801033,38.78818495801033
2513,t,38.78818495801033,38.78818495801033
2514,c,38.78818495801033,38.78818495801033
2515,c,38.78818495801033,38.78818495801033
2516,c,38.78818495801033,38.78818495801033
2517,t,38.78818495801033,38.78818495801033
2518,t,38.78818495801033,38.78818495801033
2519,t,38.78818495801033,38.78818495801033
2520,t,38.78818495801033,38.78818495801033
2521,c,38.78818495801033,38.78818495801033
2522,t,38.78818495801033,38.78818495801033
2523,c,38.78818495801033,38.78818495801033
2524,t,38.78818495801033,38.78818495801033
2525,c,38.78818495801033,38.78818495801033
2526,c,38.78818495801033,38.78818495801033
2527,t,38.78818495801033,38.78818495801033
2528,c,38.78818495801033,38.78818495801033
2529,c,38.78818495801033,38.78818495801033
2530,t,38.78818495801033,38.78818495801033
2531,c,38.78818495801033,38.78818495801033
2532,t,38.78818495801033,38.78818495801033
2533,t,38.78818495801033,38.78818495801033
2534,t,38.78818495801033,38.78818495801033
2535,t,38.78818495801033,38.78818495801033
2536,c,38.78818495801033,38.78818495801033
2537,t,38.78818495801033,38.78818495801033
2538,c,38.78818495801033,38.78818495801033
2539,t,38.78818495801033,38.78818495801033
2540,na,0,0.19182461807478882
2541,c,38.78818495801033,38.78818495801033
2542,na,0,0.9284764221958377
2543,t,38.78818495801033,38.78818495801033
2544,c,38.78818495801033,38.78818495801033
2545,c,38.78818495801033,38.78818495801033
2546,c,38.78818495801033,38.78818495801033
2547,c,38.78818495801033,38.78818495801033
2548,t,38.78818495801033,38.78818495801033
2549,c,38.78818495801033,38.78818495801033
2550,c,38.78818495801033,38.78818495801033
2551,c,38.78818495801033,38.78818495801033
2552,c,38.78818495801033,38.78818495801033
2553,t,38.78818495801033,38.78818495801033
2554,c,38.78818495801033,38.78818495801033
2555,t,38.78818495801033,38.78818495801033
2556,t,38.78818495801033,38.78818495801033
2557,t,38.78818495801033,38.78818495801033
2558,c,38.78818495801033,38.78818495801033
2559,t,38.78818495801033,38.78818495801033
2560,c,38.78818495801033,38.78818495801033
2561,c,38.78818495801033,38.78818495801033
2562,c,38.78818495801033,38.78818495801033
2563,t,38.78818495801033,38.78818495801033
2564,c,38.78818495801033,38.78818495801033
2565,t,38.78818495801033,38.78818495801033
2566,t,38.78818495801033,38.78818495801033
2567,t,38.78818495801033,38.78818495801033
2568,c,38.78818495801033,38.78818495801033
2569,c,9.494446761004236,9.946576412095876
2570,c,38.78818495801033,38.78818495801033
2571,t,38.78818495801033,38.78818495801033
2572,t,38.78818495801033,38.78818495801033
2573,c,38.78818495801033,38.78818495801033
2574,c,38.78818495801033,38.78818495801033
2575,t,38.78818495801033,38.78818495801033
2576,c,38.78818495801033,38.78818495801033
2577,t,38.78818495801033,38.78818495801033
2578,t,38.78818495801033,38.78818495801033
2579,c,38.78818495801033,38.78818495801033
2580,t,38.78818495801033,38.78818495801033
2581,t,38.78818495801033,38.78818495801033
2582,c,38.78818495801033,38.78818495801033
2583,c,38.78818495801033,38.78818495801033
2584,c,38.78818495801033,38.78818495801033
2585,c,38.78818495801033,38.78818495801033
2586,c,38.78818495801033,38.78818495801033
2587,t,38.78818495801033,38.78818495801033
2588,c,38.78818495801033,38.78818495801033
2589,t,38.78818495801033,38.78818495801033
2590,t,38.78818495801033,38.78818495801033
2591,c,38.78818495801033,38.78818495801033
2592,t,38.78818495801033,38.78818495801033
2593,t,38.78818495801033,38.78818495801033
2594,c,38.78818495801033,38.78818495801033
2595,t,38.78818495801033,38.78818495801033
2596,t,38.78818495801033,38.78818495801033
2597,c,38.78818495801033,38.78818495801033
2598,t,38.78818495801033,38.78818495801033
2599,c,38.78818495801033,38.78818495801033
2600,c,38.78818495801033,38.78818495801033
2601,c,38.78818495801033,38.78818495801033
2602,t,38.78818495801033,38.78818495801033
2603,c,38.78818495801033,38.78818495801033
2604,t,38.78818495801033,38.78818495801033
2605,c,38.78818495801033,38.78818495801033
2606,c,38.78818495801033,38.78818495801033
2607,t,38.78818495801033,38.78818495801033
2608,t,38.78818495801033,38.78818495801033
2609,t,38.78818495801033,38.78818495801033
2610,t,38.78818495801033,38.78818495801033
2611,t,38.78818495801033,38.78818495801033
2612,t,38.78818495801033,38.78818495801033
2613,t,38.78818495801033,38.78818495801033
2614,t,38.78818495801033,38.78818495801033
2615,c,38.78818495801033,38.78818495801033
2616,t,38.78818495801033,38.78818495801033
2617,t,38.78818495801033,38.78818495801033
2618,c,38.78818495801033,38.78818495801033
2619,t,38.78818495801033,38.78818495801033
2620,c,38.78818495801033,38.78818495801033
2621,c,38.78818495801033,38.78818495801033
2622,t,38.78818495801033,38.78818495801033
2623,t,38.78818495801033,38.78818495801033
2624,t,38.78818495801033,38.78818495801033
2625,t,38.78818495801033,38.78818495801033
2626,c,38.78818495801033,38.78818495801033
2627,t,38.78818495801033,38.78818495801033
2628,t,38.78818495801033,38.78818495801033
2629,t,38.78818495801033,38.78818495801033
2630,t,38.78818495801033,38.78818495801033
2631,t,38.78818495801033,38.78818495801033
2632,t,38.78818495801033,38.78818495801033
2633,t,38.78818495801033,38.78818495801033
2634,c,38.78818495801033,38.78818495801033
2635,t,38.78818495801033,38.78818495801033
2636,t,38.78818495801033,38.78818495801033
2637,t,38.78818495801033,38.78818495801033
2638,c,38.78818495801033,38.78818495801033
2639,c,38.78818495801033,38.78818495801033
2640,t,38.78818495801033,38.78818495801033
2641,t,38.78818495801033,38.78818495801033
2642,c,38.78818495801033,38.78818495801033
2643,t,38.78818495801033,38.78818495801033
2644,t,38.78818495801033,38.78818495801033
2645,na,0,0.34069097434168005
2646,na,0,5.4085536067214015
2647,c,38.78818495801033,38.78818495801033
2648,t,38.78818495801033,38.78818495801033
2649,c,38.78818495801033,38.78818495801033
2650,t,38.78818495801033,38.78818495801033
2651,t,38.78818495801033,38.78818495801033
2652,t,38.78818495801033,38.78818495801033
2653,c,38.78818495801033,38.78818495801033
2654,t,38.78818495801033,38.78818495801033
2655,t,38.78818495801033,38.78818495801033
2656,c,38.78818495801033,38.78818495801033
2657,c,38.78818495801033,38.78818495801033
2658,t,38.78818495801033,38.78818495801033
2659,t,38.78818495801033,38.78818495801033
2660,c,38.78818495801033,38.78818495801033
2661,t,38.78818495801033,38.78818495801033
2662,c,38.78818495801033,38.78818495801033
2663,t,38.78818495801033,38.78818495801033
2664,t,38.78818495801033,38.78818495801033
2665,c,38.78818495801033,38.78818495801033
2666,t,38.78818495801033,38.78818495801033
2667,t,38.78818495801033,38.78818495801033
2668,c,38.78818495801033,38.78818495801033
2669,t,38.78818495801033,38.78818495801033
2670,c,38.78818495801033,38.78818495801033
2671,c,38.78818495801033,38.78818495801033
2672,t,38.78818495801033,38.78818495801033
2673,t,38.78818495801033,38.78818495801033
2674,c,38.78818495801033,38.78818495801033
2675,t,38.78818495801033,38.78818495801033
2676,t,38.78818495801033,38.78818495801033
2677,c,38.78818495801033,38.78818495801033
2678,t,38.78818495801033,38.78818495801033
2679,c,38.78818495801033,38.78818495801033
2680,t,38.78818495801033,38.78818495801033
2681,c,38.78818495801033,38.78818495801033
2682,c,38.78818495801033,38.78818495801033
2683,c,38.78818495801033,38.78818495801033
2684,c,38.78818495801033,38.78818495801033
2685,c,38.78818495801033,38.78818495801033
2686,c,38.78818495801033,38.78818495801033
2687,c,38.78818495801033,38.78818495801033
2688,t,38.78818495801033,38.78818495801033
2689,c,38.78818495801033,38.78818495801033
2690,c,38.78818495801033,38.78818495801033
2691,t,38.78818495801033,38.78818495801033
2692,t,38.78818495801033,38.78818495801033
2693,t,38.78818495801033,38.78818495801033
2694,t,38.78818495801033,38.78818495801033
2695,c,38.78818495801033,38.78818495801033
2696,t,38.78818495801033,38.78818495801033
2697,c,38.78818495801033,38.78818495801033
2698,t,38.78818495801033,38.78818495801033
2699,t,38.78818495801033,38.78818495801033
2700,t,38.78818495801033,38.78818495801033
2701,t,38.78818495801033,38.78818495801033
2702,c,38.78818495801033,38.78818495801033
2703,c,38.78818495801033,38.78818495801033
2704,t,38.78818495801033,38.78818495801033
2705,c,38.78818495801033,38.78818495801033
2706,t,38.78818495801033,38.78818495801033
2707,c,38.78818495801033,38.78818495801033
2708,c,38.78818495801033,38.78818495801033
2709,c,38.78818495801033,38.78818495801033
2710,t,38.78818495801033,38.78818495801033
2711,c,38.78818495801033,38.78818495801033
2712,t,38.78818495801033,38.78818495801033
2713,c,38.78818495801033,38.78818495801033
2714,t,38.78818495801033,38.78818495801033
2715,c,38.78818495801033,38.78818495801033
2716,t,38.78818495801033,38.78818495801033
2717,c,38.78818495801033,38.78818495801033
2718,t,38.78818495801033,38.78818495801033
2719,t,38.78818495801033,38.78818495801033
2720,c,38.78818495801033,38.78818495801033
2721,c,38.78818495801033,38.78818495801033
2722,t,38.78818495801033,38.78818495801033
2723,c,38.78818495801033,38.78818495801033
2724,t,38.78818495801033,38.78818495801033
2725,t,38.78818495801033,38.78818495801033
2726,t,38.78818495801033,38.78818495801033
2727,t,38.78818495801033,38.78818495801033
2728,t,38.78818495801033,38.78818495801033
2729,c,38.78818495801033,38.78818495801033
2730,c,38.78818495801033,38.78818495801033
2731,c,38.78818495801033,38.78818495801033
2732,t,38.78818495801033,38.78818495801033
2733,t,38.78818495801033,38.78818495801033
2734,c,38.78818495801033,38.78818495801033
2735,c,38.78818495801033,38.78818495801033
2736,c,38.78818495801033,38.78818495801033
2737,c,38.78818495801033,38.78818495801033
2738,t,38.78818495801033,38.78818495801033
2739,na,0.5948883778581596,5.1669125124311766
2740,t,38.78818495801033,38.78818495801033
2741,c,38.78818495801033,38.78818495801033
2742,c,38.78818495801033,38.78818495801033
2743,t,38.78818495801033,38.78818495801033
2744,t,38.78818495801033,38.78818495801033
2745,t,38.78818495801033,38.78818495801033
2746,c,38.78818495801033,38.78818495801033
2747,c,38.78818495801033,38.78818495801033
2748,c,38.78818495801033,38.78818495801033
2749,c,38.78818495801033,38.78818495801033
2750,c,38.78818495801033,38.78818495801033
2751,c,38.78818495801033,38.78818495801033
2752,c,38.78818495801033,38.78818495801033
2753,t,38.78818495801033,38.78818495801033
2754,t,38.78818495801033,38.78818495801033
2755,t,38.78818495801033,38.78818495801033
2756,c,38.78818495801033,38.78818495801033
2757,c,38.78818495801033,38.78818495801033
2758,t,38.78818495801033,38.78818495801033
2759,t,38.78818495801033,38.78818495801033
2760,c,8.095323925646023,38.78818495801033
2761,c,38.78818495801033,38.78818495801033
2762,t,38.78818495801033,38.78818495801033
2763,c,38.78818495801033,38.78818495801033
2764,t,38.78818495801033,38.78818495801033
2765,t,38.78818495801033,38.78818495801033
2766,c,38.78818495801033,38.78818495801033
2767,t,38.78818495801033,38.78818495801033
2768,c,38.78818495801033,38.78818495801033
2769,t,38.78818495801033,38.78818495801033
2770,t,38.78818495801033,38.78818495801033
2771,t,38.78818495801033,38.78818495801033
2772,c,38.78818495801033,38.78818495801033
2773,t,38.78818495801033,38.78818495801033
2774,t,38.78818495801033,38.78818495801033
2775,c,38.78818495801033,38.78818495801033
2776,t,38.78818495801033,38.78818495801033
2777,t,38.78818495801033,38.78818495801033
2778,t,38.78818495801033,38.78818495801033
2779,t,38.78818495801033,38.78818495801033
2780,c,38.78818495801033,38.78818495801033
2781,t,38.78818495801033,38.78818495801033
2782,t,38.78818495801033,38.78818495801033
2783,t,38.78818495801033,38.78818495801033
2784,c,38.78818495801033,38.78818495801033
2785,t,38.78818495801033,38.78818495801033
2786,t,38.78818495801033,38.78818495801033
2787,t,38.78818495801033,38.78818495801033
2788,c,38.78818495801033,38.78818495801033
2789,t,38.78818495801033,38.78818495801033
2790,c,38.78818495801033,38.78818495801033
2791,t,38.78818495801033,38.78818495801033
2792,c,38.78818495801033,38.78818495801033
2793,t,38.78818495801033,38.78818495801033
2794,c,38.78818495801033,38.78818495801033
2795,c,38.78818495801033,38.78818495801033
2796,c,38.78818495801033,38.78818495801033
2797,t,38.78818495801033,38.78818495801033
2798,c,38.78818495801033,38.78818495801033
2799,t,38.78818495801033,38.78818495801033
2800,t,38.78818495801033,38.78818495801033
2801,c,38.78818495801033,38.78818495801033
2802,c,38.78818495801033,38.78818495801033
2803,c,38.78818495801033,38.78818495801033
2804,t,38.78818495801033,38.78818495801033
2805,c,38.78818495801033,38.78818495801033
2806,t,38.78818495801033,38.78818495801033
2807,t,38.78818495801033,38.78818495801033
2808,t,38.78818495801033,38.78818495801033
2809,c,38.78818495801033,38.78818495801033
2810,t,38.78818495801033,38.78818495801033
2811,c,38.78818495801033,38.78818495801033
2812,t,38.78818495801033,38.78818495801033
2813,t,38.78818495801033,38.78818495801033
2814,c,38.78818495801033,38.78818495801033
2815,c,38.78818495801033,38.78818495801033
2816,c,38.78818495801033,38.78818495801033
2817,c,38.78818495801033,38.78818495801033
2818,t,38.78818495801033,38.78818495801033
2819,t,38.78818495801033,38.78818495801033
2820,t,38.78818495801033,38.78818495801033
2821,t,38.78818495801033,38.78818495801033
2822,t,38.78818495801033,38.78818495801033
2823,c,38.78818495801033,38.78818495801033
2824,c,38.78818495801033,38.78818495801033
2825,c,38.78818495801033,38.78818495801033
2826,c,38.78818495801033,38.78818495801033
2827,c,38.78818495801033,38.78818495801033
2828,c,38.78818495801033,38.78818495801033
2829,t,38.78818495801033,38.78818495801033
2830,c,38.78818495801033,38.78818495801033
2831,c,38.78818495801033,38.78818495801033
2832,t,38.78818495801033,38.78818495801033
2833,c,38.78818495801033,38.78818495801033
2834,t,38.78818495801033,38.78818495801033
2835,t,38.78818495801033,38.78818495801033
2836,c,38.78818495801033,38.78818495801033
2837,t,38.78818495801033,38.78818495801033
2838,c,38.78818495801033,38.78818495801033
2839,c,38.78818495801033,38.78818495801033
2840,c,2.7471104667840094,7.566250604256797
2841,t,38.78818495801033,38.78818495801033
2842,t,38.78818495801033,38.78818495801033
2843,t,38.78818495801033,38.78818495801033
2844,c,38.78818495801033,38.78818495801033
2845,t,38.78818495801033,38.78818495801033
2846,c,38.78818495801033,38.78818495801033
2847,c,38.78818495801033,38.78818495801033
2848,t,38.78818495801033,38.78818495801033
2849,t,38.78818495801033,38.78818495801033
2850,c,38.78818495801033,38.78818495801033
2851,t,38.78818495801033,38.78818495801033
2852,c,38.78818495801033,38.78818495801033
2853,c,38.78818495801033,38.78818495801033
2854,c,38.78818495801033,38.78818495801033
2855,c,38.78818495801033,38.78818495801033
2856,c,38.78818495801033,38.78818495801033
2857,t,38.78818495801033,38.78818495801033
2858,c,38.78818495801033,38.78818495801033
2859,c,38.78818495801033,38.78818495801033
2860,t,38.78818495801033,38.78818495801033
2861,c,38.78818495801033,38.78818495801033
2862,t,38.78818495801033,38.78818495801033
2863,c,38.78818495801033,38.78818495801033
2864,c,38.78818495801033,38.78818495801033
2865,c,38.78818495801033,38.78818495801033
2866,t,38.78818495801033,38.78818495801033
2867,c,38.78818495801033,38.78818495801033
2868,c,38.78818495801033,38.78818495801033
2869,t,38.78818495801033,38.78818495801033
2870,t,38.78818495801033,38.78818495801033
2871,t,38.78818495801033,38.78818495801033
2872,t,38.78818495801033,38.78818495801033
2873,c,38.78818495801033,38.78818495801033
2874,t,38.78818495801033,38.78818495801033
2875,c,38.78818495801033,38.78818495801033
2876,t,38.78818495801033,38.78818495801033
2877,c,38.78818495801033,38.78818495801033
2878,c,38.78818495801033,38.78818495801033
2879,c,38.78818495801033,38.78818495801033
2880,c,38.78818495801033,38.78818495801033
2881,t,38.78818495801033,38.78818495801033
2882,t,38.78818495801033,38.78818495801033
2883,c,38.78818495801033,38.78818495801033
2884,t,38.78818495801033,38.78818495801033
2885,c,38.78818495801033,38.78818495801033
2886,c,38.78818495801033,38.78818495801033
2887,t,38.78818495801033,38.78818495801033
2888,c,3.9270564544459,6.617601317825557
2889,c,38.78818495801033,38.78818495801033
2890,c,38.78818495801033,38.78818495801033
2891,c,38.78818495801033,38.78818495801033
2892,t,38.78818495801033,38.78818495801033
2893,c,38.78818495801033,38.78818495801033
2894,t,38.78818495801033,38.78818495801033
2895,t,38.78818495801033,38.78818495801033
2896,t,38.78818495801033,38.78818495801033
2897,c,38.78818495801033,38.78818495801033
2898,c,38.78818495801033,38.78818495801033
2899,c,38.78818495801033,38.78818495801033
2900,c,38.78818495801033,38.78818495801033
2901,c,38.78818495801033,38.78818495801033
2902,c,38.78818495801033,38.78818495801033
2903,c,38.78818495801033,38.78818495801033
2904,t,38.78818495801033,38.78818495801033
2905,t,38.78818495801033,38.78818495801033
2906,t,38.78818495801033,38.78818495801033
2907,c,38.78818495801033,38.78818495801033
2908,t,38.78818495801033,38.78818495801033
2909,c,38.78818495801033,38.78818495801033
2910,c,38.78818495801033,38.78818495801033
2911,t,38.78818495801033,38.78818495801033
2912,t,38.78818495801033,38.78818495801033
2913,c,38.78818495801033,38.78818495801033
2914,t,38.78818495801033,38.78818495801033
2915,t,38.78818495801033,38.78818495801033
2916,t,38.78818495801033,38.78818495801033
2917,c,38.78818495801033,38.78818495801033
2918,t,38.78818495801033,38.78818495801033
2919,c,38.78818495801033,38.78818495801033
2920,c,38.78818495801033,38.78818495801033
2921,t,38.78818495801033,38.78818495801033
2922,c,38.78818495801033,38.78818495801033
2923,c,38.78818495801033,38.78818495801033
2924,t,38.78818495801033,38.78818495801033
2925,c,38.78818495801033,38.78818495801033
2926,t,38.78818495801033,38.78818495801033
2927,t,38.78818495801033,38.78818495801033
2928,c,38.78818495801033,38.78818495801033
2929,t,38.78818495801033,38.78818495801033
2930,c,38.78818495801033,38.78818495801033
2931,t,38.78818495801033,38.78818495801033
2932,c,38.78818495801033,38.78818495801033
2933,na,0.5008655938416594,9.326475408148744
2934,t,38.78818495801033,38.78818495801033
2935,t,38.78818495801033,38.78818495801033
2936,c,38.78818495801033,38.78818495801033
2937,c,38.78818495801033,38.78818495801033
2938,c,38.78818495801033,38.78818495801033
2939,c,38.78818495801033,38.78818495801033
2940,c,38.78818495801033,38.78818495801033
2941,t,38.78818495801033,38.78818495801033
2942,t,38.78818495801033,38.78818495801033
2943,c,38.78818495801033,38.78818495801033
2944,t,38.78818495801033,38.78818495801033
2945,c,38.78818495801033,38.78818495801033
2946,t,38.78818495801033,38.78818495801033
2947,c,38.78818495801033,38.78818495801033
2948,c,38.78818495801033,38.78818495801033
2949,t,38.78818495801033,38.78818495801033
2950,na,38.78818495801033,38.78818495801033
2951,c,38.78818495801033,38.78818495801033
2952,t,38.78818495801033,38.78818495801033
2953,t,38.78818495801033,38.78818495801033
2954,c,38.78818495801033,38.78818495801033
2955,t,38.78818495801033,38.78818495801033
2956,t,38.78818495801033,38.78818495801033
2957,c,38.78818495801033,38.78818495801033
2958,t,38.78818495801033,38.78818495801033
2959,t,38.78818495801033,38.78818495801033
2960,t,38.78818495801033,38.78818495801033
2961,t,38.78818495801033,38.78818495801033
2962,t,38.78818495801033,38.78818495801033
2963,c,38.78818495801033,38.78818495801033
2964,t,38.78818495801033,38.78818495801033
2965,c,38.78818495801033,38.78818495801033
2966,t,38.78818495801033,38.78818495801033
2967,c,38.78818495801033,38.78818495801033
2968,c,38.78818495801033,38.78818495801033
2969,t,38.78818495801033,38.78818495801033
2970,c,38.78818495801033,38.78818495801033
2971,t,38.78818495801033,38.78818495801033
2972,c,38.78818495801033,38.78818495801033
2973,t,38.78818495801033,38.78818495801033
2974,t,38.78818495801033,38.78818495801033
2975,t,38.78818495801033,38.78818495801033
2976,c,38.78818495801033,38.78818495801033
2977,t,38.78818495801033,38.78818495801033
2978,t,38.78818495801033,38.78818495801033
2979,t,38.78818495801033,38.78818495801033
2980,c,38.78818495801033,38.78818495801033
2981,t,38.78818495801033,38.78818495801033
2982,t,38.78818495801033,38.78818495801033
2983,t,38.78818495801033,38.78818495801033
2984,c,38.78818495801033,38.78818495801033
2985,c,38.78818495801033,38.78818495801033
2986,c,38.78818495801033,38.78818495801033
2987,t,38.78818495801033,38.78818495801033
2988,t,38.78818495801033,38.78818495801033
2989,t,38.78818495801033,38.78818495801033
2990,t,38.78818495801033,38.78818495801033
2991,c,38.78818495801033,38.78818495801033
2992,t,38.78818495801033,38.78818495801033
2993,c,38.78818495801033,38.78818495801033
2994,t,38.78818495801033,38.78818495801033
2995,t,38.78818495801033,38.78818495801033
2996,t,38.78818495801033,38.78818495801033
2997,c,38.78818495801033,38.78818495801033
2998,t,38.78818495801033,38.78818495801033
2999,c,38.78818495801033,38.78818495801033
3000,t,38.78818495801033,38.78818495801033
3001,c,38.78818495801033,38.78818495801033
3002,t,38.78818495801033,38.78818495801033
3003,t,38.78818495801033,38.78818495801033
3004,t,38.78818495801033,38.78818495801033
3005,c,38.78818495801033,38.78818495801033
3006,t,38.78818495801033,38.78818495801033
3007,c,38.78818495801033,38.78818495801033
3008,t,38.78818495801033,38.78818495801033
3009,t,38.78818495801033,38.78818495801033
3010,t,38.78818495801033,38.78818495801033
3011,t,38.78818495801033,38.78818495801033
3012,t,38.78818495801033,38.78818495801033
3013,c,38.78818495801033,38.78818495801033
3014,c,38.78818495801033,38.78818495801033
3015,c,38.78818495801033,38.78818495801033
3016,t,38.78818495801033,38.78818495801033
3017,c,38.78818495801033,38.78818495801033
3018,t,38.78818495801033,38.78818495801033
3019,t,38.78818495801033,38.78818495801033
3020,c,38.78818495801033,38.78818495801033
3021,c,38.78818495801033,38.78818495801033
3022,t,38.78818495801033,38.78818495801033
3023,c,38.78818495801033,38.78818495801033
3024,c,38.78818495801033,38.78818495801033
3025,t,38.78818495801033,38.78818495801033
3026,t,38.78818495801033,38.78818495801033
3027,t,38.78818495801033,38.78818495801033
3028,t,38.78818495801033,38.78818495801033
3029,c,38.78818495801033,38.78818495801033
3030,t,38.78818495801033,38.78818495801033
3031,c,38.78818495801033,38.78818495801033
3032,c,38.78818495801033,38.78818495801033
3033,t,38.78818495801033,38.78818495801033
3034,t,38.78818495801033,38.78818495801033
3035,t,38.78818495801033,38.78818495801033
3036,c,38.78818495801033,38.78818495801033
3037,c,38.78818495801033,38.78818495801033
3038,c,38.78818495801033,38.78818495801033
3039,t,38.78818495801033,38.78818495801033
3040,t,38.78818495801033,38.78818495801033
3041,c,38.78818495801033,38.78818495801033
3042,na,0.019374202225338467,3.457783514460479
3043,t,38.78818495801033,38.78818495801033
3044,c,38.78818495801033,38.78818495801033
3045,t,38.78818495801033,38.78818495801033
3046,t,38.78818495801033,38.78818495801033
3047,t,38.78818495801033,38.78818495801033
3048,t,38.78818495801033,38.78818495801033
3049,t,38.78818495801033,38.78818495801033
3050,t,38.78818495801033,38.78818495801033
3051,c,38.78818495801033,38.78818495801033
3052,t,38.78818495801033,38.78818495801033
3053,t,38.78818495801033,38.78818495801033
3054,c,38.78818495801033,38.78818495801033
3055,c,38.78818495801033,38.78818495801033
3056,c,38.78818495801033,38.78818495801033
3057,t,38.78818495801033,38.78818495801033
3058,t,38.78818495801033,38.78818495801033
3059,t,38.78818495801033,38.78818495801033
3060,t,38.78818495801033,38.78818495801033
3061,t,38.78818495801033,38.78818495801033
3062,t,38.78818495801033,38.78818495801033
3063,t,38.78818495801033,38.78818495801033
3064,t,38.78818495801033,38.78818495801033
3065,t,38.78818495801033,38.78818495801033
3066,t,38.78818495801033,38.78818495801033
3067,t,38.78818495801033,38.78818495801033
3068,c,38.78818495801033,38.78818495801033
3069,t,38.78818495801033,38.78818495801033
3070,c,38.78818495801033,38.78818495801033
3071,t,38.78818495801033,38.78818495801033
3072,t,38.78818495801033,38.78818495801033
3073,t,38.78818495801033,38.78818495801033
3074,c,38.78818495801033,38.78818495801033
3075,t,38.78818495801033,38.78818495801033
3076,t,38.78818495801033,38.78818495801033
3077,t,38.78818495801033,38.78818495801033
3078,c,38.78818495801033,38.78818495801033
3079,c,38.78818495801033,38.78818495801033
3080,c,38.78818495801033,38.78818495801033
3081,t,38.78818495801033,38.78818495801033
3082,c,38.78818495801033,38.78818495801033
3083,t,38.78818495801033,38.78818495801033
3084,c,38.78818495801033,38.78818495801033
3085,c,38.78818495801033,38.78818495801033
3086,t,38.78818495801033,38.78818495801033
3087,t,38.78818495801033,38.78818495801033
3088,t,38.78818495801033,38.78818495801033
3089,c,38.78818495801033,38.78818495801033
3090,t,38.78818495801033,38.78818495801033
3091,c,38.78818495801033,38.78818495801033
3092,t,38.78818495801033,38.78818495801033
3093,t,38.78818495801033,38.78818495801033
3094,t,38.78818495801033,38.78818495801033
3095,c,38.78818495801033,38.78818495801033
3096,t,38.78818495801033,38.78818495801033
3097,t,38.78818495801033,38.78818495801033
3098,t,38.78818495801033,38.78818495801033
3099,t,38.78818495801033,38.78818495801033
3100,c,38.78818495801033,38.78818495801033
3101,t,38.78818495801033,38.78818495801033
3102,c,38.78818495801033,38.78818495801033
3103,c,38.78818495801033,38.78818495801033
3104,t,38.78818495801033,38.78818495801033
3105,t,38.78818495801033,38.78818495801033
3106,c,38.78818495801033,38.78818495801033
3107,t,38.78818495801033,38.78818495801033
3108,t,38.78818495801033,38.78818495801033
3109,t,38.78818495801033,38.78818495801033
3110,t,38.78818495801033,38.78818495801033
3111,na,20.632348645349392,21.7083058933779
3112,t,38.78818495801033,38.78818495801033
3113,t,38.78818495801033,38.78818495801033
3114,c,38.78818495801033,38.78818495801033
3115,t,38.78818495801033,38.78818495801033
3116,t,38.78818495801033,38.78818495801033
3117,c,38.78818495801033,38.78818495801033
3118,c,38.78818495801033,38.78818495801033
3119,c,38.78818495801033,38.78818495801033
3120,c,38.78818495801033,38.78818495801033
3121,t,38.78818495801033,38.78818495801033
3122,t,38.78818495801033,38.78818495801033
3123,c,38.78818495801033,38.78818495801033
3124,c,15.353893893439905,38.78818495801033
3125,c,38.78818495801033,38.78818495801033
3126,t,38.78818495801033,38.78818495801033
3127,c,38.78818495801033,38.78818495801033
3128,c,38.78818495801033,38.78818495801033
3129,c,38.78818495801033,38.78818495801033
3130,c,38.78818495801033,38.78818495801033
3131,t,38.78818495801033,38.78818495801033
3132,t,38.78818495801033,38.78818495801033
3133,t,38.78818495801033,38.78818495801033
3134,t,38.78818495801033,38.78818495801033
3135,c,38.78818495801033,38.78818495801033
3136,c,38.78818495801033,38.78818495801033
3137,t,38.78818495801033,38.78818495801033
3138,t,38.78818495801033,38.78818495801033
3139,c,38.78818495801033,38.78818495801033
3140,c,38.78818495801033,38.78818495801033
3141,t,38.78818495801033,38.78818495801033
3142,t,38.78818495801033,38.78818495801033
3143,t,38.78818495801033,38.78818495801033
3144,c,38.78818495801033,38.78818495801033
3145,t,38.78818495801033,38.78818495801033
3146,t,38.78818495801033,38.78818495801033
3147,t,38.78818495801033,38.78818495801033
3148,t,38.78818495801033,38.78818495801033
3149,t,38.78818495801033,38.78818495801033
3150,c,38.78818495801033,38.78818495801033
3151,c,38.78818495801033,38.78818495801033
3152,c,38.78818495801033,38.78818495801033
3153,c,38.78818495801033,38.78818495801033
3154,c,38.78818495801033,38.78818495801033
3155,c,38.78818495801033,38.78818495801033
3156,t,38.78818495801033,38.78818495801033
3157,c,38.78818495801033,38.78818495801033
3158,c,38.78818495801033,38.78818495801033
3159,t,38.78818495801033,38.78818495801033
3160,c,38.78818495801033,38.78818495801033
3161,t,38.78818495801033,38.78818495801033
3162,t,38.78818495801033,38.78818495801033
3163,t,38.78818495801033,38.78818495801033
3164,t,38.78818495801033,38.78818495801033
3165,t,38.78818495801033,38.78818495801033
3166,c,38.78818495801033,38.78818495801033
3167,na,0.6996673825517311,1.6121804768873351
3168,c,38.78818495801033,38.78818495801033
3169,t,38.78818495801033,38.78818495801033
3170,t,38.78818495801033,38.78818495801033
3171,c,38.78818495801033,38.78818495801033
3172,c,38.78818495801033,38.78818495801033
3173,c,38.78818495801033,38.78818495801033
3174,na,3.146743236594902,14.11011695588782
3175,c,38.78818495801033,38.78818495801033
3176,c,38.78818495801033,38.78818495801033
3177,t,38.78818495801033,38.78818495801033
3178,t,38.78818495801033,38.78818495801033
3179,t,38.78818495801033,38.78818495801033
3180,c,38.78818495801033,38.78818495801033
3181,c,38.78818495801033,38.78818495801033
3182,c,38.78818495801033,38.78818495801033
3183,c,38.78818495801033,38.78818495801033
3184,c,38.78818495801033,38.78818495801033
3185,na,4.845336217841017,13.708811572440613
3186,na,1.0408417467793258,1.6369000119943187
3187,t,38.78818495801033,38.78818495801033
3188,t,38.78818495801033,38.78818495801033
3189,t,38.78818495801033,38.78818495801033
3190,c,38.78818495801033,38.78818495801033
3191,c,38.78818495801033,38.78818495801033
3192,t,38.78818495801033,38.78818495801033
3193,c,38.78818495801033,38.78818495801033
3194,c,38.78818495801033,38.78818495801033
3195,c,38.78818495801033,38.78818495801033
3196,t,38.78818495801033,38.78818495801033
3197,t,38.78818495801033,38.78818495801033
3198,t,38.78818495801033,38.78818495801033
3199,t,38.78818495801033,38.78818495801033
3200,c,38.78818495801033,38.78818495801033
3201,c,38.78818495801033,38.78818495801033
3202,t,38.78818495801033,38.78818495801033
3203,c,38.78818495801033,38.78818495801033
3204,t,38.78818495801033,38.78818495801033
3205,t,38.78818495801033,38.78818495801033
3206,c,38.78818495801033,38.78818495801033
3207,t,38.78818495801033,38.78818495801033
3208,c,38.78818495801033,38.78818495801033
3209,c,38.78818495801033,38.78818495801033
3210,t,38.78818495801033,38.78818495801033
3211,t,38.78818495801033,38.78818495801033
3212,t,38.78818495801033,38.78818495801033
3213,t,38.78818495801033,38.78818495801033
3214,c,38.78818495801033,38.78818495801033
3215,t,38.78818495801033,38.78818495801033
3216,t,38.78818495801033,38.78818495801033
3217,c,38.78818495801033,38.78818495801033
3218,c,38.78818495801033,38.78818495801033
3219,c,38.78818495801033,38.78818495801033
3220,t,38.78818495801033,38.78818495801033
3221,c,38.78818495801033,38.78818495801033
3222,t,38.78818495801033,38.78818495801033
3223,t,38.78818495801033,38.78818495801033
3224,c,38.78818495801033,38.78818495801033
3225,t,38.78818495801033,38.78818495801033
3226,t,38.78818495801033,38.78818495801033
3227,t,38.78818495801033,38.78818495801033
3228,c,38.78818495801033,38.78818495801033
3229,t,38.78818495801033,38.78818495801033
3230,c,38.78818495801033,38.78818495801033
3231,t,38.78818495801033,38.78818495801033
3232,c,38.78818495801033,38.78818495801033
3233,c,38.78818495801033,38.78818495801033
3234,c,38.78818495801033,38.78818495801033
3235,c,38.78818495801033,38.78818495801033
3236,c,38.78818495801033,38.78818495801033
3237,t,38.78818495801033,38.78818495801033
3238,t,38.78818495801033,38.78818495801033
3239,c,38.78818495801033,38.78818495801033
3240,c,38.78818495801033,38.78818495801033
3241,t,38.78818495801033,38.78818495801033
3242,c,38.78818495801033,38.78818495801033
3243,t,38.78818495801033,38.78818495801033
3244,c,38.78818495801033,38.78818495801033
3245,t,38.78818495801033,38.78818495801033
3246,t,38.78818495801033,38.78818495801033
3247,c,38.78818495801033,38.78818495801033
3248,t,38.78818495801033,38.78818495801033
3249,c,38.78818495801033,38.78818495801033
3250,c,38.78818495801033,38.78818495801033
3251,t,38.78818495801033,38.78818495801033
3252,c,38.78818495801033,38.78818495801033
3253,c,38.78818495801033,38.78818495801033
3254,c,38.78818495801033,38.78818495801033
3255,t,38.78818495801033,38.78818495801033
3256,t,38.78818495801033,38.78818495801033
3257,t,38.78818495801033,38.78818495801033
3258,t,38.78818495801033,38.78818495801033
3259,t,38.78818495801033,38.78818495801033
3260,t,38.78818495801033,38.78818495801033
3261,t,38.78818495801033,38.78818495801033
3262,c,38.78818495801033,38.78818495801033
3263,c,38.78818495801033,38.78818495801033
3264,t,38.78818495801033,38.78818495801033
3265,c,38.78818495801033,38.78818495801033
3266,t,38.78818495801033,38.78818495801033
3267,t,38.78818495801033,38.78818495801033
3268,t,38.78818495801033,38.78818495801033
3269,t,38.78818495801033,38.78818495801033
3270,t,38.78818495801033,38.78818495801033
3271,t,38.78818495801033,38.78818495801033
3272,t,38.78818495801033,38.78818495801033
3273,c,38.78818495801033,38.78818495801033
3274,na,24.25324127724873,36.045092113569325
3275,t,38.78818495801033,38.78818495801033
3276,c,38.78818495801033,38.78818495801033
3277,c,38.78818495801033,38.78818495801033
3278,c,38.78818495801033,38.78818495801033
3279,c,38.78818495801033,38.78818495801033
3280,c,38.78818495801033,38.78818495801033
3281,t,38.78818495801033,38.78818495801033
3282,t,38.78818495801033,38.78818495801033
3283,c,38.78818495801033,38.78818495801033
3284,c,38.78818495801033,38.78818495801033
3285,c,38.78818495801033,38.78818495801033
3286,t,38.78818495801033,38.78818495801033
3287,c,38.78818495801033,38.78818495801033
3288,c,38.78818495801033,38.78818495801033
3289,c,38.78818495801033,38.78818495801033
3290,c,38.78818495801033,38.78818495801033
3291,t,38.78818495801033,38.78818495801033
3292,t,38.78818495801033,38.78818495801033
3293,c,38.78818495801033,38.78818495801033
3294,c,38.78818495801033,38.78818495801033
3295,t,38.78818495801033,38.78818495801033
3296,t,38.78818495801033,38.78818495801033
3297,t,38.78818495801033,38.78818495801033
3298,c,38.78818495801033,38.78818495801033
3299,c,38.78818495801033,38.78818495801033
3300,c,38.78818495801033,38.78818495801033
3301,c,38.78818495801033,38.78818495801033
3302,c,38.78818495801033,38.78818495801033
3303,c,38.78818495801033,38.78818495801033
3304,t,38.78818495801033,38.78818495801033
3305,c,38.78818495801033,38.78818495801033
3306,t,38.78818495801033,38.78818495801033
3307,t,38.78818495801033,38.78818495801033
3308,c,38.78818495801033,38.78818495801033
3309,t,38.78818495801033,38.78818495801033
3310,c,38.78818495801033,38.78818495801033
3311,c,38.78818495801033,38.78818495801033
3312,t,38.78818495801033,38.78818495801033
3313,t,38.78818495801033,38.78818495801033
3314,c,38.78818495801033,38.78818495801033
3315,c,38.78818495801033,38.78818495801033
3316,c,2.109408990393631,2.437287940229169
3317,t,38.78818495801033,38.78818495801033
3318,c,38.78818495801033,38.78818495801033
3319,c,38.78818495801033,38.78818495801033
3320,t,38.78818495801033,38.78818495801033
3321,c,38.78818495801033,38.78818495801033
3322,c,38.78818495801033,38.78818495801033
3323,c,38.78818495801033,38.78818495801033
3324,c,38.78818495801033,38.78818495801033
3325,c,38.78818495801033,38.78818495801033
3326,c,38.78818495801033,38.78818495801033
3327,c,38.78818495801033,38.78818495801033
3328,c,38.78818495801033,38.78818495801033
3329,t,38.78818495801033,38.78818495801033
3330,t,38.78818495801033,38.78818495801033
3331,t,38.78818495801033,38.78818495801033
3332,t,38.78818495801033,38.78818495801033
3333,c,38.78818495801033,38.78818495801033
3334,c,38.78818495801033,38.78818495801033
3335,t,38.78818495801033,38.78818495801033
3336,t,38.78818495801033,38.78818495801033
3337,t,38.78818495801033,38.78818495801033
3338,c,38.78818495801033,38.78818495801033
3339,c,38.78818495801033,38.78818495801033
3340,c,38.78818495801033,38.78818495801033
3341,t,38.78818495801033,38.78818495801033
3342,c,38.78818495801033,38.78818495801033
3343,c,38.78818495801033,38.78818495801033
3344,c,38.78818495801033,38.78818495801033
3345,t,38.78818495801033,38.78818495801033
3346,t,38.78818495801033,38.78818495801033
3347,c,38.78818495801033,38.78818495801033
3348,c,38.78818495801033,38.78818495801033
3349,c,38.78818495801033,38.78818495801033
3350,c,38.78818495801033,38.78818495801033
3351,c,38.78818495801033,38.78818495801033
3352,t,38.78818495801033,38.78818495801033
3353,t,38.78818495801033,38.78818495801033
3354,c,38.78818495801033,38.78818495801033
3355,t,38.78818495801033,38.78818495801033
3356,t,38.78818495801033,38.78818495801033
3357,t,38.78818495801033,38.78818495801033
3358,t,38.78818495801033,38.78818495801033
3359,c,38.78818495801033,38.78818495801033
3360,c,38.78818495801033,38.78818495801033
3361,t,38.78818495801033,38.78818495801033
3362,t,38.78818495801033,38.78818495801033
3363,t,38.78818495801033,38.78818495801033
3364,c,38.78818495801033,38.78818495801033
3365,c,38.78818495801033,38.78818495801033
3366,c,38.78818495801033,38.78818495801033
3367,t,38.78818495801033,38.78818495801033
3368,c,38.78818495801033,38.78818495801033
3369,c,38.78818495801033,38.78818495801033
3370,c,38.78818495801033,38.78818495801033
3371,t,38.78818495801033,38.78818495801033
3372,t,38.78818495801033,38.78818495801033
3373,c,38.78818495801033,38.78818495801033
3374,t,38.78818495801033,38.78818495801033
3375,c,38.78818495801033,38.78818495801033
3376,t,38.78818495801033,38.78818495801033
3377,c,38.78818495801033,38.78818495801033
3378,t,38.78818495801033,38.78818495801033
3379,t,38.78818495801033,38.78818495801033
3380,t,38.78818495801033,38.78818495801033
3381,t,38.78818495801033,38.78818495801033
3382,c,38.78818495801033,38.78818495801033
3383,c,38.78818495801033,38.78818495801033
3384,t,38.78818495801033,38.78818495801033
3385,t,38.78818495801033,38.78818495801033
3386,t,38.78818495801033,38.78818495801033
3387,c,38.78818495801033,38.78818495801033
3388,t,38.78818495801033,38.78818495801033
3389,c,38.78818495801033,38.78818495801033
3390,c,14.183119486533604,16.224734470332184
3391,t,38.78818495801033,38.78818495801033
3392,t,38.78818495801033,38.78818495801033
3393,t,38.78818495801033,38.78818495801033
3394,c,38.78818495801033,38.78818495801033
3395,c,38.78818495801033,38.78818495801033
3396,c,38.78818495801033,38.78818495801033
3397,t,38.78818495801033,38.78818495801033
3398,t,38.78818495801033,38.78818495801033
3399,t,38.78818495801033,38.78818495801033
3400,c,38.78818495801033,38.78818495801033
3401,c,38.78818495801033,38.78818495801033
3402,c,38.78818495801033,38.78818495801033
3403,t,38.78818495801033,38.78818495801033
3404,c,38.78818495801033,38.78818495801033
3405,c,38.78818495801033,38.78818495801033
3406,t,38.78818495801033,38.78818495801033
3407,c,38.78818495801033,38.78818495801033
3408,t,38.78818495801033,38.78818495801033
3409,c,38.78818495801033,38.78818495801033
3410,t,38.78818495801033,38.78818495801033
3411,c,38.78818495801033,38.78818495801033
3412,t,38.78818495801033,38.78818495801033
3413,t,38.78818495801033,38.78818495801033
3414,t,38.78818495801033,38.78818495801033
3415,c,38.78818495801033,38.78818495801033
3416,c,38.78818495801033,38.78818495801033
3417,t,38.78818495801033,38.78818495801033
3418,t,38.78818495801033,38.78818495801033
3419,c,38.78818495801033,38.78818495801033
3420,t,38.78818495801033,38.78818495801033
3421,na,9.512036287054817,12.527596796955434
3422,t,38.78818495801033,38.78818495801033
3423,t,38.78818495801033,38.78818495801033
3424,c,38.78818495801033,38.78818495801033
3425,c,38.78818495801033,38.78818495801033
3426,c,38.78818495801033,38.78818495801033
3427,c,38.78818495801033,38.78818495801033
3428,t,38.78818495801033,38.78818495801033
3429,t,38.78818495801033,38.78818495801033
3430,t,38.78818495801033,38.78818495801033
3431,t,38.78818495801033,38.78818495801033
3432,t,38.78818495801033,38.78818495801033
3433,t,38.78818495801033,38.78818495801033
3434,c,38.78818495801033,38.78818495801033
3435,c,38.78818495801033,38.78818495801033
3436,t,38.78818495801033,38.78818495801033
3437,t,38.78818495801033,38.78818495801033
3438,c,38.78818495801033,38.78818495801033
3439,c,38.78818495801033,38.78818495801033
3440,c,38.78818495801033,38.78818495801033
3441,c,38.78818495801033,38.78818495801033
3442,c,38.78818495801033,38.78818495801033
3443,t,38.78818495801033,38.78818495801033
3444,t,38.78818495801033,38.78818495801033
3445,t,38.78818495801033,38.78818495801033
3446,t,38.78818495801033,38.78818495801033
3447,t,38.78818495801033,38.78818495801033
3448,c,38.78818495801033,38.78818495801033
3449,c,38.78818495801033,38.78818495801033
3450,c,38.78818495801033,38.78818495801033
3451,c,38.78818495801033,38.78818495801033
3452,c,9.400248246006509,12.514830837659986
3453,c,38.78818495801033,38.78818495801033
3454,c,38.78818495801033,38.78818495801033
3455,c,38.78818495801033,38.78818495801033
3456,c,38.78818495801033,38.78818495801033
3457,t,38.78818495801033,38.78818495801033
3458,c,38.78818495801033,38.78818495801033
3459,t,38.78818495801033,38.78818495801033
3460,c,38.78818495801033,38.78818495801033
3461,t,38.78818495801033,38.78818495801033
3462,c,38.78818495801033,38.78818495801033
3463,c,38.78818495801033,38.78818495801033
3464,t,38.78818495801033,38.78818495801033
3465,c,38.78818495801033,38.78818495801033
3466,t,38.78818495801033,38.78818495801033
3467,t,38.78818495801033,38.78818495801033
3468,t,38.78818495801033,38.78818495801033
3469,t,38.78818495801033,38.78818495801033
3470,t,38.78818495801033,38.78818495801033
3471,t,38.78818495801033,38.78818495801033
3472,t,38.78818495801033,38.78818495801033
3473,t,38.78818495801033,38.78818495801033
3474,t,38.78818495801033,38.78818495801033
3475,t,38.78818495801033,38.78818495801033
3476,c,38.78818495801033,38.78818495801033
3477,t,38.78818495801033,38.78818495801033
3478,t,38.78818495801033,38.78818495801033
3479,t,38.78818495801033,38.78818495801033
3480,c,7.875267455280489,8.142555505969055
3481,c,38.78818495801033,38.78818495801033
3482,c,38.78818495801033,38.78818495801033
3483,t,38.78818495801033,38.78818495801033
3484,t,38.78818495801033,38.78818495801033
3485,t,38.78818495801033,38.78818495801033
3486,c,38.78818495801033,38.78818495801033
3487,c,38.78818495801033,38.78818495801033
3488,t,38.78818495801033,38.78818495801033
3489,t,38.78818495801033,38.78818495801033
3490,c,4.774694761967013,11.453210629760767
3491,c,38.78818495801033,38.78818495801033
3492,c,38.78818495801033,38.78818495801033
3493,c,38.78818495801033,38.78818495801033
3494,t,38.78818495801033,38.78818495801033
3495,t,38.78818495801033,38.78818495801033
3496,c,38.78818495801033,38.78818495801033
3497,t,38.78818495801033,38.78818495801033
3498,t,38.78818495801033,38.78818495801033
3499,t,38.78818495801033,38.78818495801033
3500,c,38.78818495801033,38.78818495801033
3501,c,38.78818495801033,38.78818495801033
3502,c,38.78818495801033,38.78818495801033
3503,t,38.78818495801033,38.78818495801033
3504,t,38.78818495801033,38.78818495801033
3505,c,38.78818495801033,38.78818495801033
3506,c,38.78818495801033,38.78818495801033
3507,c,38.78818495801033,38.78818495801033
3508,t,38.78818495801033,38.78818495801033
3509,t,38.78818495801033,38.78818495801033
3510,t,38.78818495801033,38.78818495801033
3511,t,38.78818495801033,38.78818495801033
3512,t,38.78818495801033,38.78818495801033
3513,c,38.78818495801033,38.78818495801033
3514,t,38.78818495801033,38.78818495801033
3515,t,38.78818495801033,38.78818495801033
3516,c,38.78818495801033,38.78818495801033
3517,c,38.78818495801033,38.78818495801033
3518,t,38.78818495801033,38.78818495801033
3519,t,38.78818495801033,38.78818495801033
3520,c,38.78818495801033,38.78818495801033
3521,na,0,2.2706227196316653
3522,c,38.78818495801033,38.78818495801033
3523,t,38.78818495801033,38.78818495801033
3524,t,38.78818495801033,38.78818495801033
3525,c,38.78818495801033,38.78818495801033
3526,t,38.78818495801033,38.78818495801033
3527,t,38.78818495801033,38.78818495801033
3528,t,38.78818495801033,38.78818495801033
3529,t,38.78818495801033,38.78818495801033
3530,t,38.78818495801033,38.78818495801033
3531,c,38.78818495801033,38.78818495801033
3532,c,38.78818495801033,38.78818495801033
3533,t,38.78818495801033,38.78818495801033
3534,c,38.78818495801033,38.78818495801033
3535,c,38.78818495801033,38.78818495801033
3536,t,38.78818495801033,38.78818495801033
3537,t,38.78818495801033,38.78818495801033
3538,t,38.78818495801033,38.78818495801033
3539,c,38.78818495801033,38.78818495801033
3540,t,38.78818495801033,38.78818495801033
3541,t,38.78818495801033,38.78818495801033
3542,c,38.78818495801033,38.78818495801033
3543,c,38.78818495801033,38.78818495801033
3544,c,38.78818495801033,38.78818495801033
3545,t,38.78818495801033,38.78818495801033
3546,c,38.78818495801033,38.78818495801033
3547,t,38.78818495801033,38.78818495801033
3548,c,38.78818495801033,38.78818495801033
3549,c,38.78818495801033,38.78818495801033
3550,c,38.78818495801033,38.78818495801033
3551,c,38.78818495801033,38.78818495801033
3552,c,38.78818495801033,38.78818495801033
3553,t,38.78818495801033,38.78818495801033
3554,t,38.78818495801033,38.78818495801033
3555,t,38.78818495801033,38.78818495801033
3556,t,38.78818495801033,38.78818495801033
3557,c,38.78818495801033,38.78818495801033
3558,t,38.78818495801033,38.78818495801033
3559,c,38.78818495801033,38.78818495801033
3560,c,38.78818495801033,38.78818495801033
3561,t,38.78818495801033,38.78818495801033
3562,t,38.78818495801033,38.78818495801033
3563,c,30.60656824619569,31.512927693778543
3564,t,38.78818495801033,38.78818495801033
3565,t,38.78818495801033,38.78818495801033
3566,c,38.78818495801033,38.78818495801033
3567,c,38.78818495801033,38.78818495801033
3568,c,38.78818495801033,38.78818495801033
3569,c,38.78818495801033,38.78818495801033
3570,c,38.78818495801033,38.78818495801033
3571,c,38.78818495801033,38.78818495801033
3572,c,38.78818495801033,38.78818495801033
3573,c,38.78818495801033,38.78818495801033
3574,c,38.78818495801033,38.78818495801033
3575,c,38.78818495801033,38.78818495801033
3576,c,38.78818495801033,38.78818495801033
3577,c,38.78818495801033,38.78818495801033
3578,t,38.78818495801033,38.78818495801033
3579,c,38.78818495801033,38.78818495801033
3580,t,38.78818495801033,38.78818495801033
3581,c,38.78818495801033,38.78818495801033
3582,t,38.78818495801033,38.78818495801033
3583,t,38.78818495801033,38.78818495801033
3584,t,38.78818495801033,38.78818495801033
3585,t,38.78818495801033,38.78818495801033
3586,t,38.78818495801033,38.78818495801033
3587,t,38.78818495801033,38.78818495801033
3588,c,38.78818495801033,38.78818495801033
3589,t,38.78818495801033,38.78818495801033
3590,t,38.78818495801033,38.78818495801033
3591,t,38.78818495801033,38.78818495801033
3592,c,38.78818495801033,38.78818495801033
3593,c,38.78818495801033,38.78818495801033
3594,t,38.78818495801033,38.78818495801033
3595,t,38.78818495801033,38.78818495801033
3596,t,38.78818495801033,38.78818495801033
3597,c,38.78818495801033,38.78818495801033
3598,t,38.78818495801033,38.78818495801033
3599,t,38.78818495801033,38.78818495801033
3600,na,5.155530555226574,8.371273152286145
3601,c,38.78818495801033,38.78818495801033
3602,t,38.78818495801033,38.78818495801033
3603,t,38.78818495801033,38.78818495801033
3604,t,38.78818495801033,38.78818495801033
3605,t,38.78818495801033,38.78818495801033
3606,c,38.78818495801033,38.78818495801033
3607,c,38.78818495801033,38.78818495801033
3608,c,38.78818495801033,38.78818495801033
3609,t,38.78818495801033,38.78818495801033
3610,c,38.78818495801033,38.78818495801033
3611,t,38.78818495801033,38.78818495801033
3612,t,38.78818495801033,38.78818495801033
3613,c,38.78818495801033,38.78818495801033
3614,c,38.78818495801033,38.78818495801033
3615,c,38.78818495801033,38.78818495801033
3616,c,38.78818495801033,38.78818495801033
3617,c,38.78818495801033,38.78818495801033
3618,c,38.78818495801033,38.78818495801033
3619,c,38.78818495801033,38.78818495801033
3620,c,38.78818495801033,38.78818495801033
3621,c,38.78818495801033,38.78818495801033
3622,c,38.78818495801033,38.78818495801033
3623,c,38.78818495801033,38.78818495801033
3624,t,38.78818495801033,38.78818495801033
3625,t,38.78818495801033,38.78818495801033
3626,t,38.78818495801033,38.78818495801033
3627,t,38.78818495801033,38.78818495801033
3628,c,38.78818495801033,38.78818495801033
3629,c,38.78818495801033,38.78818495801033
3630,c,38.78818495801033,38.78818495801033
3631,t,38.78818495801033,38.78818495801033
3632,c,38.78818495801033,38.78818495801033
3633,t,38.78818495801033,38.78818495801033
3634,t,38.78818495801033,38.78818495801033
3635,t,38.78818495801033,38.78818495801033
3636,t,38.78818495801033,38.78818495801033
3637,c,38.78818495801033,38.78818495801033
3638,t,38.78818495801033,38.78818495801033
3639,c,7.1244656799317,13.137800699097948
3640,t,38.78818495801033,38.78818495801033
3641,t,38.78818495801033,38.78818495801033
3642,t,38.78818495801033,38.78818495801033
3643,na,-1,0
3644,c,38.78818495801033,38.78818495801033
3645,t,38.78818495801033,38.78818495801033
3646,c,38.78818495801033,38.78818495801033
3647,t,38.78818495801033,38.78818495801033
3648,c,38.78818495801033,38.78818495801033
3649,t,38.78818495801033,38.78818495801033
3650,t,38.78818495801033,38.78818495801033
3651,t,38.78818495801033,38.78818495801033
3652,c,38.78818495801033,38.78818495801033
3653,t,38.78818495801033,38.78818495801033
3654,t,38.78818495801033,38.78818495801033
3655,t,38.78818495801033,38.78818495801033
3656,c,38.78818495801033,38.78818495801033
3657,c,38.78818495801033,38.78818495801033
3658,c,38.78818495801033,38.78818495801033
3659,t,38.78818495801033,38.78818495801033
3660,t,38.78818495801033,38.78818495801033
3661,c,38.78818495801033,38.78818495801033
3662,c,38.78818495801033,38.78818495801033
3663,na,-1,0
3664,t,38.78818495801033,38.78818495801033
3665,c,38.78818495801033,38.78818495801033
3666,t,38.78818495801033,38.78818495801033
3667,t,38.78818495801033,38.78818495801033
3668,c,38.78818495801033,38.78818495801033
3669,t,38.78818495801033,38.78818495801033
3670,t,38.78818495801033,38.78818495801033
3671,c,38.78818495801033,38.78818495801033
3672,c,38.78818495801033,38.78818495801033
3673,t,38.78818495801033,38.78818495801033
3674,t,38.78818495801033,38.78818495801033
3675,t,38.78818495801033,38.78818495801033
3676,c,38.78818495801033,38.78818495801033
3677,t,38.78818495801033,38.78818495801033
3678,c,13.534013422444243,17.168949619466378
3679,c,38.78818495801033,38.78818495801033
3680,c,38.78818495801033,38.78818495801033
3681,c,38.78818495801033,38.78818495801033
3682,t,38.78818495801033,38.78818495801033
3683,t,38.78818495801033,38.78818495801033
3684,c,38.78818495801033,38.78818495801033
3685,t,38.78818495801033,38.78818495801033
3686,c,38.78818495801033,38.78818495801033
3687,c,7.405899349163011,9.403739001332205
3688,t,38.78818495801033,38.78818495801033
3689,c,38.78818495801033,38.78818495801033
3690,t,38.78818495801033,38.78818495801033
3691,t,38.78818495801033,38.78818495801033
3692,t,38.78818495801033,38.78818495801033
3693,c,38.78818495801033,38.78818495801033
3694,t,38.78818495801033,38.78818495801033
3695,na,4.047582655478636,9.577915212467756
3696,t,38.78818495801033,38.78818495801033
3697,t,38.78818495801033,38.78818495801033
3698,t,38.78818495801033,38.78818495801033
3699,c,38.78818495801033,38.78818495801033
3700,t,38.78818495801033,38.78818495801033
3701,c,38.78818495801033,38.78818495801033
3702,c,38.78818495801033,38.78818495801033
3703,c,38.78818495801033,38.78818495801033
3704,c,38.78818495801033,38.78818495801033
3705,c,38.78818495801033,38.78818495801033
3706,c,38.78818495801033,38.78818495801033
3707,c,38.78818495801033,38.78818495801033
3708,t,38.78818495801033,38.78818495801033
3709,c,38.78818495801033,38.78818495801033
3710,c,38.78818495801033,38.78818495801033
3711,t,38.78818495801033,38.78818495801033
3712,t,38.78818495801033,38.78818495801033
3713,t,38.78818495801033,38.78818495801033
3714,c,38.78818495801033,38.78818495801033
3715,c,38.78818495801033,38.78818495801033
3716,c,38.78818495801033,38.78818495801033
3717,na,10.817578565434639,13.870391069910507
3718,na,0,4.843319862545909
3719,c,38.78818495801033,38.78818495801033
3720,c,38.78818495801033,38.78818495801033
3721,c,38.78818495801033,38.78818495801033
3722,c,38.78818495801033,38.78818495801033
3723,c,38.78818495801033,38.78818495801033
3724,t,38.78818495801033,38.78818495801033
3725,c,38.78818495801033,38.78818495801033
3726,c,38.78818495801033,38.78818495801033
3727,t,38.78818495801033,38.78818495801033
3728,c,38.78818495801033,38.78818495801033
3729,c,38.78818495801033,38.78818495801033
3730,t,38.78818495801033,38.78818495801033
3731,c,38.78818495801033,38.78818495801033
3732,c,38.78818495801033,38.78818495801033
3733,t,38.78818495801033,38.78818495801033
3734,t,38.78818495801033,38.78818495801033
3735,c,38.78818495801033,38.78818495801033
3736,t,38.78818495801033,38.78818495801033
3737,c,38.78818495801033,38.78818495801033
3738,c,38.78818495801033,38.78818495801033
3739,t,38.78818495801033,38.78818495801033
3740,t,38.78818495801033,38.78818495801033
3741,t,38.78818495801033,38.78818495801033
3742,c,38.78818495801033,38.78818495801033
3743,c,38.78818495801033,38.78818495801033
3744,c,38.78818495801033,38.78818495801033
3745,t,38.78818495801033,38.78818495801033
3746,t,38.78818495801033,38.78818495801033
3747,c,38.78818495801033,38.78818495801033
3748,c,38.78818495801033,38.78818495801033
3749,t,38.78818495801033,38.78818495801033
3750,c,38.78818495801033,38.78818495801033
3751,c,38.78818495801033,38.78818495801033
3752,c,38.78818495801033,38.78818495801033
3753,t,38.78818495801033,38.78818495801033
3754,t,38.78818495801033,38.78818495801033
3755,t,38.78818495801033,38.78818495801033
3756,t,38.78818495801033,38.78818495801033
3757,t,38.78818495801033,38.78818495801033
3758,t,38.78818495801033,38.78818495801033
3759,t,38.78818495801033,38.78818495801033
3760,c,38.78818495801033,38.78818495801033
3761,c,38.78818495801033,38.78818495801033
3762,c,38.78818495801033,38.78818495801033
3763,t,38.78818495801033,38.78818495801033
3764,t,38.78818495801033,38.78818495801033
3765,c,38.78818495801033,38.78818495801033
3766,c,38.78818495801033,38.78818495801033
3767,c,38.78818495801033,38.78818495801033
3768,t,38.78818495801033,38.78818495801033
3769,t,38.78818495801033,38.78818495801033
3770,c,38.78818495801033,38.78818495801033
3771,t,38.78818495801033,38.78818495801033
3772,c,38.78818495801033,38.78818495801033
3773,t,38.78818495801033,38.78818495801033
3774,t,38.78818495801033,38.78818495801033
3775,t,38.78818495801033,38.78818495801033
3776,t,38.78818495801033,38.78818495801033
3777,t,38.78818495801033,38.78818495801033
3778,c,38.78818495801033,38.78818495801033
3779,t,38.78818495801033,38.78818495801033
3780,t,38.78818495801033,38.78818495801033
3781,c,38.78818495801033,38.78818495801033
3782,c,38.78818495801033,38.78818495801033
3783,c,38.78818495801033,38.78818495801033
3784,t,38.78818495801033,38.78818495801033
3785,t,38.78818495801033,38.78818495801033
3786,c,38.78818495801033,38.78818495801033
3787,c,38.78818495801033,38.78818495801033
3788,c,38.78818495801033,38.78818495801033
3789,c,38.78818495801033,38.78818495801033
3790,c,5.309941278071897,19.189982378208843
3791,c,38.78818495801033,38.78818495801033
3792,t,38.78818495801033,38.78818495801033
3793,t,38.78818495801033,38.78818495801033
3794,c,38.78818495801033,38.78818495801033
3795,t,38.78818495801033,38.78818495801033
3796,t,38.78818495801033,38.78818495801033
3797,c,38.78818495801033,38.78818495801033
3798,c,38.78818495801033,38.78818495801033
3799,c,38.78818495801033,38.78818495801033
3800,t,38.78818495801033,38.78818495801033
3801,t,38.78818495801033,38.78818495801033
3802,c,38.78818495801033,38.78818495801033
3803,c,38.78818495801033,38.78818495801033
3804,t,38.78818495801033,38.78818495801033
3805,t,38.78818495801033,38.78818495801033
3806,t,38.78818495801033,38.78818495801033
3807,c,38.78818495801033,38.78818495801033
3808,c,38.78818495801033,38.78818495801033
3809,c,38.78818495801033,38.78818495801033
3810,c,38.78818495801033,38.78818495801033
3811,t,38.78818495801033,38.78818495801033
3812,c,38.78818495801033,38.78818495801033
3813,c,38.78818495801033,38.78818495801033
3814,c,38.78818495801033,38.78818495801033
3815,na,0,9.77801270513861
3816,t,38.78818495801033,38.78818495801033
3817,t,38.78818495801033,38.78818495801033
3818,c,38.78818495801033,38.78818495801033
3819,c,38.78818495801033,38.78818495801033
3820,c,38.78818495801033,38.78818495801033
3821,t,38.78818495801033,38.78818495801033
3822,c,38.78818495801033,38.78818495801033
3823,c,38.78818495801033,38.78818495801033
3824,c,38.78818495801033,38.78818495801033
3825,c,38.78818495801033,38.78818495801033
3826,c,38.78818495801033,38.78818495801033
3827,c,38.78818495801033,38.78818495801033
3828,c,38.78818495801033,38.78818495801033
3829,c,38.78818495801033,38.78818495801033
3830,t,38.78818495801033,38.78818495801033
3831,c,38.78818495801033,38.78818495801033
3832,na,0.989655843575627,2.6390791213046434
3833,c,38.78818495801033,38.78818495801033
3834,t,38.78818495801033,38.78818495801033
3835,c,38.78818495801033,38.78818495801033
3836,t,38.78818495801033,38.78818495801033
3837,t,38.78818495801033,38.78818495801033
3838,t,38.78818495801033,38.78818495801033
3839,c,38.78818495801033,38.78818495801033
3840,c,38.78818495801033,38.78818495801033
3841,c,38.78818495801033,38.78818495801033
3842,t,38.78818495801033,38.78818495801033
3843,c,38.78818495801033,38.78818495801033
3844,t,38.78818495801033,38.78818495801033
3845,c,38.78818495801033,38.78818495801033
3846,c,38.78818495801033,38.78818495801033
3847,t,38.78818495801033,38.78818495801033
3848,c,38.78818495801033,38.78818495801033
3849,c,38.78818495801033,38.78818495801033
3850,t,38.78818495801033,38.78818495801033
3851,c,38.78818495801033,38.78818495801033
3852,c,38.78818495801033,38.78818495801033
3853,c,38.78818495801033,38.78818495801033
3854,c,38.78818495801033,38.78818495801033
3855,c,38.78818495801033,38.78818495801033
3856,c,38.78818495801033,38.78818495801033
3857,t,38.78818495801033,38.78818495801033
3858,c,38.78818495801033,38.78818495801033
3859,t,38.78818495801033,38.78818495801033
3860,t,38.78818495801033,38.78818495801033
3861,na,18.948969917027398,22.080362158158326
3862,c,38.78818495801033,38.78818495801033
3863,c,38.78818495801033,38.78818495801033
3864,c,38.78818495801033,38.78818495801033
3865,c,38.78818495801033,38.78818495801033
3866,t,38.78818495801033,38.78818495801033
3867,c,38.78818495801033,38.78818495801033
3868,c,38.78818495801033,38.78818495801033
3869,t,38.78818495801033,38.78818495801033
3870,c,38.78818495801033,38.78818495801033
3871,c,38.78818495801033,38.78818495801033
3872,c,38.78818495801033,38.78818495801033
3873,c,38.78818495801033,38.78818495801033
3874,t,38.78818495801033,38.78818495801033
3875,c,38.78818495801033,38.78818495801033
3876,c,38.78818495801033,38.78818495801033
3877,t,38.78818495801033,38.78818495801033
3878,t,38.78818495801033,38.78818495801033
3879,c,38.78818495801033,38.78818495801033
3880,c,38.78818495801033,38.78818495801033
3881,c,38.78818495801033,38.78818495801033
3882,c,38.78818495801033,38.78818495801033
3883,t,38.78818495801033,38.78818495801033
3884,t,38.78818495801033,38.78818495801033
3885,c,38.78818495801033,38.78818495801033
3886,c,12.279369825164672,18.64178155430525
3887,c,38.78818495801033,38.78818495801033
3888,t,38.78818495801033,38.78818495801033
3889,t,38.78818495801033,38.78818495801033
3890,c,38.78818495801033,38.78818495801033
3891,c,38.78818495801033,38.78818495801033
3892,t,38.78818495801033,38.78818495801033
3893,c,38.78818495801033,38.78818495801033
3894,t,38.78818495801033,38.78818495801033
3895,t,38.78818495801033,38.78818495801033
3896,t,38.78818495801033,38.78818495801033
3897,t,38.78818495801033,38.78818495801033
3898,t,38.78818495801033,38.78818495801033
3899,c,38.78818495801033,38.78818495801033
3900,c,38.78818495801033,38.78818495801033
3901,t,38.78818495801033,38.78818495801033
3902,c,38.78818495801033,38.78818495801033
3903,c,38.78818495801033,38.78818495801033
3904,na,0,0.0896953170072653
3905,t,38.78818495801033,38.78818495801033
3906,t,38.78818495801033,38.78818495801033
3907,c,38.78818495801033,38.78818495801033
3908,t,38.78818495801033,38.78818495801033
3909,t,38.78818495801033,38.78818495801033
3910,na,3.074263762339734,3.9492193593925156
3911,c,38.78818495801033,38.78818495801033
3912,c,38.78818495801033,38.78818495801033
3913,t,38.78818495801033,38.78818495801033
3914,t,38.78818495801033,38.78818495801033
3915,c,38.78818495801033,38.78818495801033
3916,t,38.78818495801033,38.78818495801033
3917,t,38.78818495801033,38.78818495801033
3918,t,38.78818495801033,38.78818495801033
3919,t,38.78818495801033,38.78818495801033
3920,t,38.78818495801033,38.78818495801033
3921,t,38.78818495801033,38.78818495801033
3922,t,38.78818495801033,38.78818495801033
3923,c,38.78818495801033,38.78818495801033
3924,c,38.78818495801033,38.78818495801033
3925,t,38.78818495801033,38.78818495801033
3926,t,38.78818495801033,38.78818495801033
3927,t,38.78818495801033,38.78818495801033
3928,c,38.78818495801033,38.78818495801033
3929,c,38.78818495801033,38.78818495801033
3930,t,38.78818495801033,38.78818495801033
3931,c,38.78818495801033,38.78818495801033
3932,t,38.78818495801033,38.78818495801033
3933,c,38.78818495801033,38.78818495801033
3934,c,38.78818495801033,38.78818495801033
3935,t,38.78818495801033,38.78818495801033
3936,c,38.78818495801033,38.78818495801033
3937,c,38.78818495801033,38.78818495801033
3938,t,38.78818495801033,38.78818495801033
3939,t,38.78818495801033,38.78818495801033
3940,c,38.78818495801033,38.78818495801033
3941,t,38.78818495801033,38.78818495801033
3942,c,38.78818495801033,38.78818495801033
3943,t,38.78818495801033,38.78818495801033
3944,c,38.78818495801033,38.78818495801033
3945,t,38.78818495801033,38.78818495801033
3946,c,38.78818495801033,38.78818495801033
3947,c,38.78818495801033,38.78818495801033
3948,c,38.78818495801033,38.78818495801033
3949,c,38.78818495801033,38.78818495801033
3950,t,38.78818495801033,38.78818495801033
3951,t,38.78818495801033,38.78818495801033
3952,c,38.78818495801033,38.78818495801033
3953,c,38.78818495801033,38.78818495801033
3954,t,38.78818495801033,38.78818495801033
3955,c,38.78818495801033,38.78818495801033
3956,t,38.78818495801033,38.78818495801033
3957,c,18.470457463081484,23.91491775033845
3958,t,38.78818495801033,38.78818495801033
3959,c,38.78818495801033,38.78818495801033
3960,t,38.78818495801033,38.78818495801033
3961,c,38.78818495801033,38.78818495801033
3962,c,38.78818495801033,38.78818495801033
3963,t,38.78818495801033,38.78818495801033
3964,t,38.78818495801033,38.78818495801033
3965,t,38.78818495801033,38.78818495801033
3966,t,38.78818495801033,38.78818495801033
3967,c,38.78818495801033,38.78818495801033
3968,c,38.78818495801033,38.78818495801033
3969,t,38.78818495801033,38.78818495801033
3970,c,38.78818495801033,38.78818495801033
3971,t,38.78818495801033,38.78818495801033
3972,t,38.78818495801033,38.78818495801033
3973,c,38.78818495801033,38.78818495801033
3974,t,38.78818495801033,38.78818495801033
3975,t,38.78818495801033,38.78818495801033
3976,t,38.78818495801033,38.78818495801033
3977,c,38.78818495801033,38.78818495801033
3978,c,38.78818495801033,38.78818495801033
3979,t,38.78818495801033,38.78818495801033
3980,t,38.78818495801033,38.78818495801033
3981,c,38.78818495801033,38.78818495801033
3982,t,38.78818495801033,38.78818495801033
3983,t,38.78818495801033,38.78818495801033
3984,c,38.78818495801033,38.78818495801033
3985,t,38.78818495801033,38.78818495801033
3986,c,38.78818495801033,38.78818495801033
3987,c,38.78818495801033,38.78818495801033
3988,t,38.78818495801033,38.78818495801033
3989,c,38.78818495801033,38.78818495801033
3990,c,38.78818495801033,38.78818495801033
3991,t,38.78818495801033,38.78818495801033
3992,t,38.78818495801033,38.78818495801033
3993,c,38.78818495801033,38.78818495801033
3994,t,38.78818495801033,38.78818495801033
3995,c,38.78818495801033,38.78818495801033
3996,c,38.78818495801033,38.78818495801033
3997,c,38.78818495801033,38.78818495801033
3998,c,38.78818495801033,38.78818495801033
3999,t,38.78818495801033,38.78818495801033
4000,c,38.78818495801033,38.78818495801033
4001,c,38.78818495801033,38.78818495801033
4002,t,38.78818495801033,38.78818495801033
4003,c,38.78818495801033,38.78818495801033
4004,c,38.78818495801033,38.78818495801033
4005,t,38.78818495801033,38.78818495801033
4006,c,38.78818495801033,38.78818495801033
4007,t,38.78818495801033,38.78818495801033
4008,t,38.78818495801033,38.78818495801033
4009,c,38.78818495801033,38.78818495801033
4010,t,38.78818495801033,38.78818495801033
4011,c,38.78818495801033,38.78818495801033
4012,c,38.78818495801033,38.78818495801033
4013,t,38.78818495801033,38.78818495801033
4014,c,38.78818495801033,38.78818495801033
4015,c,38.78818495801033,38.78818495801033
4016,c,38.78818495801033,38.78818495801033
4017,c,38.78818495801033,38.78818495801033
4018,c,38.78818495801033,38.78818495801033
4019,c,38.78818495801033,38.78818495801033
4020,c,38.78818495801033,38.78818495801033
4021,t,38.78818495801033,38.78818495801033
4022,c,38.78818495801033,38.78818495801033
4023,t,38.78818495801033,38.78818495801033
4024,c,38.78818495801033,38.78818495801033
4025,t,38.78818495801033,38.78818495801033
4026,t,38.78818495801033,38.78818495801033
4027,c,38.78818495801033,38.78818495801033
4028,c,38.78818495801033,38.78818495801033
4029,t,38.78818495801033,38.78818495801033
4030,c,38.78818495801033,38.78818495801033
4031,c,38.78818495801033,38.78818495801033
4032,c,38.78818495801033,38.78818495801033
4033,c,38.78818495801033,38.78818495801033
4034,c,38.78818495801033,38.78818495801033
4035,c,38.78818495801033,38.78818495801033
4036,t,38.78818495801033,38.78818495801033
4037,t,38.78818495801033,38.78818495801033
4038,c,38.78818495801033,38.78818495801033
4039,t,38.78818495801033,38.78818495801033
4040,c,38.78818495801033,38.78818495801033
4041,t,38.78818495801033,38.78818495801033
4042,c,38.78818495801033,38.78818495801033
4043,t,38.78818495801033,38.78818495801033
4044,c,38.78818495801033,38.78818495801033
4045,t,38.78818495801033,38.78818495801033
4046,t,38.78818495801033,38.78818495801033
4047,t,38.78818495801033,38.78818495801033
4048,c,38.78818495801033,38.78818495801033
4049,t,38.78818495801033,38.78818495801033
4050,c,38.78818495801033,38.78818495801033
4051,c,38.78818495801033,38.78818495801033
4052,c,38.78818495801033,38.78818495801033
4053,t,38.78818495801033,38.78818495801033
4054,c,38.78818495801033,38.78818495801033
4055,t,38.78818495801033,38.78818495801033
4056,t,38.78818495801033,38.78818495801033
4057,c,38.78818495801033,38.78818495801033
4058,c,38.78818495801033,38.78818495801033
4059,t,38.78818495801033,38.78818495801033
4060,c,38.78818495801033,38.78818495801033
4061,t,38.78818495801033,38.78818495801033
4062,t,38.78818495801033,38.78818495801033
4063,t,38.78818495801033,38.78818495801033
4064,c,38.78818495801033,38.78818495801033
4065,c,38.78818495801033,38.78818495801033
4066,c,38.78818495801033,38.78818495801033
4067,c,38.78818495801033,38.78818495801033
4068,c,38.78818495801033,38.78818495801033
4069,c,38.78818495801033,38.78818495801033
4070,c,38.78818495801033,38.78818495801033
4071,t,38.78818495801033,38.78818495801033
4072,c,38.78818495801033,38.78818495801033
4073,t,38.78818495801033,38.78818495801033
4074,c,38.78818495801033,38.78818495801033
4075,t,38.78818495801033,38.78818495801033
4076,t,38.78818495801033,38.78818495801033
4077,t,38.78818495801033,38.78818495801033
4078,t,38.78818495801033,38.78818495801033
4079,c,38.78818495801033,38.78818495801033
4080,c,38.78818495801033,38.78818495801033
4081,c,38.78818495801033,38.78818495801033
4082,t,38.78818495801033,38.78818495801033
4083,t,38.78818495801033,38.78818495801033
4084,t,38.78818495801033,38.78818495801033
4085,c,38.78818495801033,38.78818495801033
4086,c,38.78818495801033,38.78818495801033
4087,c,38.78818495801033,38.78818495801033
4088,c,38.78818495801033,38.78818495801033
4089,c,38.78818495801033,38.78818495801033
4090,c,38.78818495801033,38.78818495801033
4091,t,38.78818495801033,38.78818495801033
4092,c,38.78818495801033,38.78818495801033
4093,t,38.78818495801033,38.78818495801033
4094,t,38.78818495801033,38.78818495801033
4095,c,38.78818495801033,38.78818495801033
4096,t,38.78818495801033,38.78818495801033
4097,c,38.78818495801033,38.78818495801033
4098,t,38.78818495801033,38.78818495801033
4099,c,38.78818495801033,38.78818495801033
4100,t,38.78818495801033,38.78818495801033
4101,t,38.78818495801033,38.78818495801033
4102,t,38.78818495801033,38.78818495801033
4103,c,38.78818495801033,38.78818495801033
4104,t,38.78818495801033,38.78818495801033
4105,t,38.78818495801033,38.78818495801033
4106,t,38.78818495801033,38.78818495801033
4107,t,38.78818495801033,38.78818495801033
4108,c,38.78818495801033,38.78818495801033
4109,t,38.78818495801033,38.78818495801033
4110,t,38.78818495801033,38.78818495801033
4111,t,38.78818495801033,38.78818495801033
4112,t,38.78818495801033,38.78818495801033
4113,c,38.78818495801033,38.78818495801033
4114,t,38.78818495801033,38.78818495801033
4115,t,38.78818495801033,38.78818495801033
4116,t,38.78818495801033,38.78818495801033
4117,c,38.78818495801033,38.78818495801033
4118,c,38.78818495801033,38.78818495801033
4119,t,38.78818495801033,38.78818495801033
4120,c,38.78818495801033,38.78818495801033
4121,t,38.78818495801033,38.78818495801033
4122,c,38.78818495801033,38.78818495801033
4123,t,38.78818495801033,38.78818495801033
4124,c,38.78818495801033,38.78818495801033
4125,c,38.78818495801033,38.78818495801033
4126,c,38.78818495801033,38.78818495801033
4127,t,38.78818495801033,38.78818495801033
4128,t,38.78818495801033,38.78818495801033
4129,c,38.78818495801033,38.78818495801033
4130,t,38.78818495801033,38.78818495801033
4131,c,38.78818495801033,38.78818495801033
4132,c,38.78818495801033,38.78818495801033
4133,c,38.78818495801033,38.78818495801033
4134,c,38.78818495801033,38.78818495801033
4135,c,38.78818495801033,38.78818495801033
4136,c,38.78818495801033,38.78818495801033
4137,t,38.78818495801033,38.78818495801033
4138,c,38.78818495801033,38.78818495801033
4139,t,38.78818495801033,38.78818495801033
4140,t,38.78818495801033,38.78818495801033
4141,t,38.78818495801033,38.78818495801033
4142,c,38.78818495801033,38.78818495801033
4143,t,38.78818495801033,38.78818495801033
4144,t,38.78818495801033,38.78818495801033
4145,t,38.78818495801033,38.78818495801033
4146,c,38.78818495801033,38.78818495801033
4147,t,38.78818495801033,38.78818495801033
4148,c,38.78818495801033,38.78818495801033
4149,c,38.78818495801033,38.78818495801033
4150,t,38.78818495801033,38.78818495801033
4151,c,38.78818495801033,38.78818495801033
4152,c,38.78818495801033,38.78818495801033
4153,t,38.78818495801033,38.78818495801033
4154,c,38.78818495801033,38.78818495801033
4155,na,4.661545266678881,11.23631176951536
4156,c,38.78818495801033,38.78818495801033
4157,t,38.78818495801033,38.78818495801033
4158,c,38.78818495801033,38.78818495801033
4159,c,38.78818495801033,38.78818495801033
4160,c,38.78818495801033,38.78818495801033
4161,c,38.78818495801033,38.78818495801033
4162,c,38.78818495801033,38.78818495801033
4163,c,38.78818495801033,38.78818495801033
4164,c,38.78818495801033,38.78818495801033
4165,t,38.78818495801033,38.78818495801033
4166,t,38.78818495801033,38.78818495801033
4167,t,38.78818495801033,38.78818495801033
4168,c,38.78818495801033,38.78818495801033
4169,c,38.78818495801033,38.78818495801033
4170,c,38.78818495801033,38.78818495801033
4171,t,38.78818495801033,38.78818495801033
4172,c,1.6790577857460784,8.322670036545357
4173,t,38.78818495801033,38.78818495801033
4174,c,38.78818495801033,38.78818495801033
4175,t,38.78818495801033,38.78818495801033
4176,t,38.78818495801033,38.78818495801033
4177,t,38.78818495801033,38.78818495801033
4178,t,38.78818495801033,38.78818495801033
4179,t,38.78818495801033,38.78818495801033
4180,t,38.78818495801033,38.78818495801033
4181,t,38.78818495801033,38.78818495801033
4182,t,38.78818495801033,38.78818495801033
4183,t,38.78818495801033,38.78818495801033
4184,t,38.78818495801033,38.78818495801033
4185,t,38.78818495801033,38.78818495801033
4186,t,38.78818495801033,38.78818495801033
4187,c,38.78818495801033,38.78818495801033
4188,c,38.78818495801033,38.78818495801033
4189,t,38.78818495801033,38.78818495801033
4190,t,38.78818495801033,38.78818495801033
4191,c,38.78818495801033,38.78818495801033
4192,t,38.78818495801033,38.78818495801033
4193,c,38.78818495801033,38.78818495801033
4194,t,38.78818495801033,38.78818495801033
4195,c,38.78818495801033,38.78818495801033
4196,t,38.78818495801033,38.78818495801033
4197,t,38.78818495801033,38.78818495801033
4198,t,38.78818495801033,38.78818495801033
4199,c,38.78818495801033,38.78818495801033
4200,c,38.78818495801033,38.78818495801033
4201,t,38.78818495801033,38.78818495801033
4202,c,38.78818495801033,38.78818495801033
4203,c,38.78818495801033,38.78818495801033
4204,c,38.78818495801033,38.78818495801033
4205,t,38.78818495801033,38.78818495801033
4206,t,38.78818495801033,38.78818495801033
4207,t,38.78818495801033,38.78818495801033
4208,t,38.78818495801033,38.78818495801033
4209,t,38.78818495801033,38.78818495801033
4210,c,38.78818495801033,38.78818495801033
4211,t,38.78818495801033,38.78818495801033
4212,t,38.78818495801033,38.78818495801033
4213,t,38.78818495801033,38.78818495801033
4214,t,38.78818495801033,38.78818495801033
4215,t,38.78818495801033,38.78818495801033
4216,t,38.78818495801033,38.78818495801033
4217,t,38.78818495801033,38.78818495801033
4218,c,38.78818495801033,38.78818495801033
4219,c,38.78818495801033,38.78818495801033
4220,t,38.78818495801033,38.78818495801033
4221,t,38.78818495801033,38.78818495801033
4222,t,38.78818495801033,38.78818495801033
4223,c,38.78818495801033,38.78818495801033
4224,c,38.78818495801033,38.78818495801033
4225,t,38.78818495801033,38.78818495801033
4226,t,38.78818495801033,38.78818495801033
4227,t,38.78818495801033,38.78818495801033
4228,c,38.78818495801033,38.78818495801033
4229,t,38.78818495801033,38.78818495801033
4230,t,38.78818495801033,38.78818495801033
4231,t,38.78818495801033,38.78818495801033
4232,c,38.78818495801033,38.78818495801033
4233,c,38.78818495801033,38.78818495801033
4234,t,38.78818495801033,38.78818495801033
4235,t,38.78818495801033,38.78818495801033
4236,c,38.78818495801033,38.78818495801033
4237,c,38.78818495801033,38.78818495801033
4238,t,38.78818495801033,38.78818495801033
4239,t,38.78818495801033,38.78818495801033
4240,c,38.78818495801033,38.78818495801033
4241,c,38.78818495801033,38.78818495801033
4242,t,38.78818495801033,38.78818495801033
4243,t,38.78818495801033,38.78818495801033
4244,c,38.78818495801033,38.78818495801033
4245,t,38.78818495801033,38.78818495801033
4246,t,38.78818495801033,38.78818495801033
4247,t,38.78818495801033,38.78818495801033
4248,t,38.78818495801033,38.78818495801033
4249,t,38.78818495801033,38.78818495801033
4250,c,38.78818495801033,38.78818495801033
4251,c,38.78818495801033,38.78818495801033
4252,c,38.78818495801033,38.78818495801033
4253,t,38.78818495801033,38.78818495801033
4254,t,38.78818495801033,38.78818495801033
4255,c,38.78818495801033,38.78818495801033
4256,c,38.78818495801033,38.78818495801033
4257,c,38.78818495801033,38.78818495801033
4258,c,38.78818495801033,38.78818495801033
4259,c,38.78818495801033,38.78818495801033
4260,t,38.78818495801033,38.78818495801033
4261,c,38.78818495801033,38.78818495801033
4262,c,38.78818495801033,38.78818495801033
4263,t,38.78818495801033,38.78818495801033
4264,t,38.78818495801033,38.78818495801033
4265,c,38.78818495801033,38.78818495801033
4266,t,38.78818495801033,38.78818495801033
4267,c,38.78818495801033,38.78818495801033
4268,c,38.78818495801033,38.78818495801033
4269,t,38.78818495801033,38.78818495801033
4270,t,38.78818495801033,38.78818495801033
4271,c,38.78818495801033,38.78818495801033
4272,t,38.78818495801033,38.78818495801033
4273,c,38.78818495801033,38.78818495801033
4274,c,38.78818495801033,38.78818495801033
4275,t,38.78818495801033,38.78818495801033
4276,t,38.78818495801033,38.78818495801033
4277,c,38.78818495801033,38.78818495801033
4278,c,38.78818495801033,38.78818495801033
4279,c,38.78818495801033,38.78818495801033
4280,t,38.78818495801033,38.78818495801033
4281,t,38.78818495801033,38.78818495801033
4282,na,6.752616093428847,11.929043752509257
4283,na,7.280076611162931,10.677414895143206
4284,c,38.78818495801033,38.78818495801033
4285,t,38.78818495801033,38.78818495801033
4286,c,38.78818495801033,38.78818495801033
4287,t,38.78818495801033,38.78818495801033
4288,c,38.78818495801033,38.78818495801033
4289,t,38.78818495801033,38.78818495801033
4290,c,38.78818495801033,38.78818495801033
4291,c,38.78818495801033,38.78818495801033
4292,c,38.78818495801033,38.78818495801033
4293,c,11.6412288219726,15.265317534270777
4294,t,38.78818495801033,38.78818495801033
4295,c,38.78818495801033,38.78818495801033
4296,t,38.78818495801033,38.78818495801033
4297,c,38.78818495801033,38.78818495801033
4298,na,1.2700970442835633,3.5540653721223965
4299,t,38.78818495801033,38.78818495801033
4300,t,38.78818495801033,38.78818495801033
4301,c,38.78818495801033,38.78818495801033
4302,c,38.78818495801033,38.78818495801033
4303,t,38.78818495801033,38.78818495801033
4304,t,38.78818495801033,38.78818495801033
4305,c,38.78818495801033,38.78818495801033
4306,c,38.78818495801033,38.78818495801033
4307,c,38.78818495801033,38.78818495801033
4308,t,38.78818495801033,38.78818495801033
4309,c,38.78818495801033,38.78818495801033
4310,t,38.78818495801033,38.78818495801033
4311,c,38.78818495801033,38.78818495801033
4312,t,38.78818495801033,38.78818495801033
4313,t,38.78818495801033,38.78818495801033
4314,c,38.78818495801033,38.78818495801033
4315,t,38.78818495801033,38.78818495801033
4316,t,38.78818495801033,38.78818495801033
4317,c,38.78818495801033,38.78818495801033
4318,t,38.78818495801033,38.78818495801033
4319,t,38.78818495801033,38.78818495801033
4320,t,38.78818495801033,38.78818495801033
4321,c,38.78818495801033,38.78818495801033
4322,c,38.78818495801033,38.78818495801033
4323,c,38.78818495801033,38.78818495801033
4324,c,38.78818495801033,38.78818495801033
4325,t,38.78818495801033,38.78818495801033
4326,c,38.78818495801033,38.78818495801033
4327,t,38.78818495801033,38.78818495801033
4328,t,38.78818495801033,38.78818495801033
4329,t,38.78818495801033,38.78818495801033
4330,c,38.78818495801033,38.78818495801033
4331,t,38.78818495801033,38.78818495801033
4332,t,38.78818495801033,38.78818495801033
4333,t,38.78818495801033,38.78818495801033
4334,t,38.78818495801033,38.78818495801033
4335,c,38.78818495801033,38.78818495801033
4336,t,38.78818495801033,38.78818495801033
4337,c,38.78818495801033,38.78818495801033
4338,c,38.78818495801033,38.78818495801033
4339,c,38.78818495801033,38.78818495801033
4340,t,38.78818495801033,38.78818495801033
4341,t,38.78818495801033,38.78818495801033
4342,t,38.78818495801033,38.78818495801033
4343,t,38.78818495801033,38.78818495801033
4344,t,38.78818495801033,38.78818495801033
4345,c,38.78818495801033,38.78818495801033
4346,t,38.78818495801033,38.78818495801033
4347,c,38.78818495801033,38.78818495801033
4348,t,38.78818495801033,38.78818495801033
4349,c,38.78818495801033,38.78818495801033
4350,c,38.78818495801033,38.78818495801033
4351,t,38.78818495801033,38.78818495801033
4352,c,38.78818495801033,38.78818495801033
4353,c,17.449833076171057,19.909586481201448
4354,t,38.78818495801033,38.78818495801033
4355,c,38.78818495801033,38.78818495801033
4356,c,38.78818495801033,38.78818495801033
4357,c,38.78818495801033,38.78818495801033
4358,c,38.78818495801033,38.78818495801033
4359,c,38.78818495801033,38.78818495801033
4360,c,38.78818495801033,38.78818495801033
4361,t,38.78818495801033,38.78818495801033
4362,t,38.78818495801033,38.78818495801033
4363,t,38.78818495801033,38.78818495801033
4364,c,38.78818495801033,38.78818495801033
4365,t,38.78818495801033,38.78818495801033
4366,c,38.78818495801033,38.78818495801033
4367,t,38.78818495801033,38.78818495801033
4368,t,38.78818495801033,38.78818495801033
4369,t,38.78818495801033,38.78818495801033
4370,c,38.78818495801033,38.78818495801033
4371,c,38.78818495801033,38.78818495801033
4372,t,38.78818495801033,38.78818495801033
4373,t,38.78818495801033,38.78818495801033
4374,t,38.78818495801033,38.78818495801033
4375,t,38.78818495801033,38.78818495801033
4376,c,38.78818495801033,38.78818495801033
4377,c,38.78818495801033,38.78818495801033
4378,t,38.78818495801033,38.78818495801033
4379,c,38.78818495801033,38.78818495801033
4380,t,38.78818495801033,38.78818495801033
4381,t,38.78818495801033,38.78818495801033
4382,t,38.78818495801033,38.78818495801033
4383,c,38.78818495801033,38.78818495801033
4384,t,38.78818495801033,38.78818495801033
4385,t,38.78818495801033,38.78818495801033
4386,c,38.78818495801033,38.78818495801033
4387,t,38.78818495801033,38.78818495801033
4388,c,38.78818495801033,38.78818495801033
4389,t,38.78818495801033,38.78818495801033
4390,c,38.78818495801033,38.78818495801033
4391,c,38.78818495801033,38.78818495801033
4392,c,38.78818495801033,38.78818495801033
4393,t,38.78818495801033,38.78818495801033
4394,c,38.78818495801033,38.78818495801033
4395,t,38.78818495801033,38.78818495801033
4396,t,38.78818495801033,38.78818495801033
4397,c,38.78818495801033,38.78818495801033
4398,c,38.78818495801033,38.78818495801033
4399,t,38.78818495801033,38.78818495801033
4400,c,38.78818495801033,38.78818495801033
4401,c,38.78818495801033,38.78818495801033
4402,t,38.78818495801033,38.78818495801033
4403,c,38.78818495801033,38.78818495801033
4404,c,38.78818495801033,38.78818495801033
4405,c,38.78818495801033,38.78818495801033
4406,t,38.78818495801033,38.78818495801033
4407,t,38.78818495801033,38.78818495801033
4408,t,38.78818495801033,38.78818495801033
4409,c,38.78818495801033,38.78818495801033
4410,c,38.78818495801033,38.78818495801033
4411,c,38.78818495801033,38.78818495801033
4412,c,38.78818495801033,38.78818495801033
4413,t,38.78818495801033,38.78818495801033
4414,c,38.78818495801033,38.78818495801033
4415,c,38.78818495801033,38.78818495801033
4416,t,38.78818495801033,38.78818495801033
4417,t,38.78818495801033,38.78818495801033
4418,t,38.78818495801033,38.78818495801033
4419,t,38.78818495801033,38.78818495801033
4420,c,38.78818495801033,38.78818495801033
4421,t,38.78818495801033,38.78818495801033
4422,t,38.78818495801033,38.78818495801033
4423,t,38.78818495801033,38.78818495801033
4424,t,38.78818495801033,38.78818495801033
4425,c,38.78818495801033,38.78818495801033
4426,t,38.78818495801033,38.78818495801033
4427,t,38.78818495801033,38.78818495801033
4428,t,38.78818495801033,38.78818495801033
4429,c,38.78818495801033,38.78818495801033
4430,t,38.78818495801033,38.78818495801033
4431,t,38.78818495801033,38.78818495801033
4432,t,38.78818495801033,38.78818495801033
4433,c,38.78818495801033,38.78818495801033
4434,c,38.78818495801033,38.78818495801033
4435,t,38.78818495801033,38.78818495801033
4436,c,38.78818495801033,38.78818495801033
4437,c,38.78818495801033,38.78818495801033
4438,c,38.78818495801033,38.78818495801033
4439,t,38.78818495801033,38.78818495801033
4440,c,38.78818495801033,38.78818495801033
4441,c,38.78818495801033,38.78818495801033
4442,c,38.78818495801033,38.78818495801033
4443,t,38.78818495801033,38.78818495801033
4444,c,38.78818495801033,38.78818495801033
4445,t,38.78818495801033,38.78818495801033
4446,c,38.78818495801033,38.78818495801033
4447,t,38.78818495801033,38.78818495801033
4448,t,38.78818495801033,38.78818495801033
4449,c,38.78818495801033,38.78818495801033
4450,t,38.78818495801033,38.78818495801033
4451,t,38.78818495801033,38.78818495801033
4452,t,38.78818495801033,38.78818495801033
4453,t,38.78818495801033,38.78818495801033
4454,t,38.78818495801033,38.78818495801033
4455,c,3.1417417410876505,6.837080474287932
4456,t,38.78818495801033,38.78818495801033
4457,t,38.78818495801033,38.78818495801033
4458,c,38.78818495801033,38.78818495801033
4459,t,38.78818495801033,38.78818495801033
4460,t,38.78818495801033,38.78818495801033
4461,c,38.78818495801033,38.78818495801033
4462,t,38.78818495801033,38.78818495801033
4463,c,38.78818495801033,38.78818495801033
4464,t,38.78818495801033,38.78818495801033
4465,t,38.78818495801033,38.78818495801033
4466,c,38.78818495801033,38.78818495801033
4467,t,38.78818495801033,38.78818495801033
4468,c,38.78818495801033,38.78818495801033
4469,c,38.78818495801033,38.78818495801033
4470,t,38.78818495801033,38.78818495801033
4471,t,38.78818495801033,38.78818495801033
4472,c,38.78818495801033,38.78818495801033
4473,t,38.78818495801033,38.78818495801033
4474,c,38.78818495801033,38.78818495801033
4475,t,38.78818495801033,38.78818495801033
4476,t,38.78818495801033,38.78818495801033
4477,c,38.78818495801033,38.78818495801033
4478,c,38.78818495801033,38.78818495801033
4479,t,38.78818495801033,38.78818495801033
4480,c,38.78818495801033,38.78818495801033
4481,c,38.78818495801033,38.78818495801033
4482,c,38.78818495801033,38.78818495801033
4483,t,38.78818495801033,38.78818495801033
4484,c,38.78818495801033,38.78818495801033
4485,t,38.78818495801033,38.78818495801033
4486,c,38.78818495801033,38.78818495801033
4487,t,38.78818495801033,38.78818495801033
4488,t,38.78818495801033,38.78818495801033
4489,c,38.78818495801033,38.78818495801033
4490,t,38.78818495801033,38.78818495801033
4491,c,38.78818495801033,38.78818495801033
4492,c,38.78818495801033,38.78818495801033
4493,t,38.78818495801033,38.78818495801033
4494,t,38.78818495801033,38.78818495801033
4495,c,38.78818495801033,38.78818495801033
4496,c,38.78818495801033,38.78818495801033
4497,c,38.78818495801033,38.78818495801033
4498,c,38.78818495801033,38.78818495801033
4499,c,38.78818495801033,38.78818495801033
4500,t,38.78818495801033,38.78818495801033
4501,c,38.78818495801033,38.78818495801033
4502,t,38.78818495801033,38.78818495801033
4503,c,38.78818495801033,38.78818495801033
4504,t,38.78818495801033,38.78818495801033
4505,c,38.78818495801033,38.78818495801033
4506,t,38.78818495801033,38.78818495801033
4507,c,38.78818495801033,38.78818495801033
4508,c,38.78818495801033,38.78818495801033
4509,c,38.78818495801033,38.78818495801033
4510,c,38.78818495801033,38.78818495801033
4511,t,38.78818495801033,38.78818495801033
4512,c,38.78818495801033,38.78818495801033
4513,na,0.05328294320651165,6.687102586953648
4514,t,38.78818495801033,38.78818495801033
4515,t,38.78818495801033,38.78818495801033
4516,t,38.78818495801033,38.78818495801033
4517,t,38.78818495801033,38.78818495801033
4518,na,12.105403681773149,12.721325710448669
4519,c,38.78818495801033,38.78818495801033
4520,t,38.78818495801033,38.78818495801033
4521,t,38.78818495801033,38.78818495801033
4522,c,38.78818495801033,38.78818495801033
4523,t,38.78818495801033,38.78818495801033
4524,na,0.31045965812210796,10.024282926108624
4525,c,38.78818495801033,38.78818495801033
4526,c,38.78818495801033,38.78818495801033
4527,c,38.78818495801033,38.78818495801033
4528,t,38.78818495801033,38.78818495801033
4529,t,38.78818495801033,38.78818495801033
4530,c,38.78818495801033,38.78818495801033
4531,c,38.78818495801033,38.78818495801033
4532,t,38.78818495801033,38.78818495801033
4533,t,38.78818495801033,38.78818495801033
4534,t,38.78818495801033,38.78818495801033
4535,t,38.78818495801033,38.78818495801033
4536,t,38.78818495801033,38.78818495801033
4537,t,38.78818495801033,38.78818495801033
4538,c,38.78818495801033,38.78818495801033
4539,t,38.78818495801033,38.78818495801033
4540,t,38.78818495801033,38.78818495801033
4541,c,38.78818495801033,38.78818495801033
4542,c,38.78818495801033,38.78818495801033
4543,c,38.78818495801033,38.78818495801033
4544,c,38.78818495801033,38.78818495801033
4545,c,38.78818495801033,38.78818495801033
4546,c,38.78818495801033,38.78818495801033
4547,t,38.78818495801033,38.78818495801033
4548,t,38.78818495801033,38.78818495801033
4549,c,38.78818495801033,38.78818495801033
4550,t,38.78818495801033,38.78818495801033
4551,t,38.78818495801033,38.78818495801033
4552,t,38.78818495801033,38.78818495801033
4553,t,38.78818495801033,38.78818495801033
4554,c,38.78818495801033,38.78818495801033
4555,t,38.78818495801033,38.78818495801033
4556,c,38.78818495801033,38.78818495801033
4557,t,38.78818495801033,38.78818495801033
4558,c,38.78818495801033,38.78818495801033
4559,t,38.78818495801033,38.78818495801033
4560,c,38.78818495801033,38.78818495801033
4561,t,38.78818495801033,38.78818495801033
4562,c,38.78818495801033,38.78818495801033
4563,c,38.78818495801033,38.78818495801033
4564,t,38.78818495801033,38.78818495801033
4565,t,38.78818495801033,38.78818495801033
4566,t,38.78818495801033,38.78818495801033
4567,c,38.78818495801033,38.78818495801033
4568,c,38.78818495801033,38.78818495801033
4569,t,38.78818495801033,38.78818495801033
4570,t,38.78818495801033,38.78818495801033
4571,c,38.78818495801033,38.78818495801033
4572,t,38.78818495801033,38.78818495801033
4573,t,38.78818495801033,38.78818495801033
4574,t,38.78818495801033,38.78818495801033
4575,t,38.78818495801033,38.78818495801033
4576,c,38.78818495801033,38.78818495801033
4577,t,38.78818495801033,38.78818495801033
4578,c,38.78818495801033,38.78818495801033
4579,c,38.78818495801033,38.78818495801033
4580,c,38.78818495801033,38.78818495801033
4581,c,38.78818495801033,38.78818495801033
4582,c,38.78818495801033,38.78818495801033
4583,t,38.78818495801033,38.78818495801033
4584,c,38.78818495801033,38.78818495801033
4585,t,38.78818495801033,38.78818495801033
4586,c,38.78818495801033,38.78818495801033
4587,c,38.78818495801033,38.78818495801033
4588,t,38.78818495801033,38.78818495801033
4589,c,38.78818495801033,38.78818495801033
4590,c,38.78818495801033,38.78818495801033
4591,t,38.78818495801033,38.78818495801033
4592,c,38.78818495801033,38.78818495801033
4593,t,38.78818495801033,38.78818495801033
4594,c,38.78818495801033,38.78818495801033
4595,c,38.78818495801033,38.78818495801033
4596,t,38.78818495801033,38.78818495801033
4597,c,38.78818495801033,38.78818495801033
4598,c,38.78818495801033,38.78818495801033
4599,t,38.78818495801033,38.78818495801033
4600,t,38.78818495801033,38.78818495801033
4601,t,38.78818495801033,38.78818495801033
4602,t,38.78818495801033,38.78818495801033
4603,c,38.78818495801033,38.78818495801033
4604,t,38.78818495801033,38.78818495801033
4605,c,38.78818495801033,38.78818495801033
4606,c,38.78818495801033,38.78818495801033
4607,t,38.78818495801033,38.78818495801033
4608,c,38.78818495801033,38.78818495801033
4609,t,38.78818495801033,38.78818495801033
4610,t,38.78818495801033,38.78818495801033
4611,t,38.78818495801033,38.78818495801033
4612,t,38.78818495801033,38.78818495801033
4613,t,38.78818495801033,38.78818495801033
4614,c,38.78818495801033,38.78818495801033
4615,c,38.78818495801033,38.78818495801033
4616,t,38.78818495801033,38.78818495801033
4617,t,38.78818495801033,38.78818495801033
4618,t,38.78818495801033,38.78818495801033
4619,t,38.78818495801033,38.78818495801033
4620,t,38.78818495801033,38.78818495801033
4621,t,38.78818495801033,38.78818495801033
4622,t,38.78818495801033,38.78818495801033
4623,c,38.78818495801033,38.78818495801033
4624,c,38.78818495801033,38.78818495801033
4625,c,38.78818495801033,38.78818495801033
4626,t,38.78818495801033,38.78818495801033
4627,c,38.78818495801033,38.78818495801033
4628,c,38.78818495801033,38.78818495801033
4629,c,38.78818495801033,38.78818495801033
4630,t,38.78818495801033,38.78818495801033
4631,c,38.78818495801033,38.78818495801033
4632,t,38.78818495801033,38.78818495801033
4633,t,38.78818495801033,38.78818495801033
4634,c,38.78818495801033,38.78818495801033
4635,na,11.726546098548555,14.591331903101397
4636,t,38.78818495801033,38.78818495801033
4637,t,38.78818495801033,38.78818495801033
4638,c,38.78818495801033,38.78818495801033
4639,c,38.78818495801033,38.78818495801033
4640,c,38.78818495801033,38.78818495801033
4641,t,38.78818495801033,38.78818495801033
4642,c,38.78818495801033,38.78818495801033
4643,c,38.78818495801033,38.78818495801033
4644,c,38.78818495801033,38.78818495801033
4645,t,38.78818495801033,38.78818495801033
4646,t,38.78818495801033,38.78818495801033
4647,c,38.78818495801033,38.78818495801033
4648,t,38.78818495801033,38.78818495801033
4649,c,38.78818495801033,38.78818495801033
4650,t,38.78818495801033,38.78818495801033
4651,t,38.78818495801033,38.78818495801033
4652,c,38.78818495801033,38.78818495801033
4653,t,38.78818495801033,38.78818495801033
4654,t,38.78818495801033,38.78818495801033
4655,t,38.78818495801033,38.78818495801033
4656,c,38.78818495801033,38.78818495801033
4657,c,38.78818495801033,38.78818495801033
4658,t,38.78818495801033,38.78818495801033
4659,c,38.78818495801033,38.78818495801033
4660,t,38.78818495801033,38.78818495801033
4661,t,38.78818495801033,38.78818495801033
4662,t,38.78818495801033,38.78818495801033
4663,c,38.78818495801033,38.78818495801033
4664,t,38.78818495801033,38.78818495801033
4665,c,38.78818495801033,38.78818495801033
4666,t,38.78818495801033,38.78818495801033
4667,t,38.78818495801033,38.78818495801033
4668,c,38.78818495801033,38.78818495801033
4669,c,38.78818495801033,38.78818495801033
4670,c,38.78818495801033,38.78818495801033
4671,c,38.78818495801033,38.78818495801033
4672,t,38.78818495801033,38.78818495801033
4673,c,38.78818495801033,38.78818495801033
4674,c,38.78818495801033,38.78818495801033
4675,t,38.78818495801033,38.78818495801033
4676,t,38.78818495801033,38.78818495801033
4677,t,38.78818495801033,38.78818495801033
4678,t,38.78818495801033,38.78818495801033
4679,c,6.3692005873456115,9.57002011896454
4680,t,38.78818495801033,38.78818495801033
4681,c,38.78818495801033,38.78818495801033
4682,t,38.78818495801033,38.78818495801033
4683,c,38.78818495801033,38.78818495801033
4684,t,38.78818495801033,38.78818495801033
4685,c,38.78818495801033,38.78818495801033
4686,t,38.78818495801033,38.78818495801033
4687,c,38.78818495801033,38.78818495801033
4688,c,38.78818495801033,38.78818495801033
4689,c,38.78818495801033,38.78818495801033
4690,c,38.78818495801033,38.78818495801033
4691,c,38.78818495801033,38.78818495801033
4692,c,38.78818495801033,38.78818495801033
4693,c,38.78818495801033,38.78818495801033
4694,t,38.78818495801033,38.78818495801033
4695,c,38.78818495801033,38.78818495801033
4696,c,38.78818495801033,38.78818495801033
4697,c,38.78818495801033,38.78818495801033
4698,c,38.78818495801033,38.78818495801033
4699,t,38.78818495801033,38.78818495801033
4700,t,38.78818495801033,38.78818495801033
4701,t,38.78818495801033,38.78818495801033
4702,t,38.78818495801033,38.78818495801033
4703,c,38.78818495801033,38.78818495801033
4704,t,38.78818495801033,38.78818495801033
4705,c,38.78818495801033,38.78818495801033
4706,t,38.78818495801033,38.78818495801033
4707,t,38.78818495801033,38.78818495801033
4708,t,38.78818495801033,38.78818495801033
4709,c,38.78818495801033,38.78818495801033
4710,c,38.78818495801033,38.78818495801033
4711,t,38.78818495801033,38.78818495801033
4712,t,38.78818495801033,38.78818495801033
4713,t,38.78818495801033,38.78818495801033
4714,c,38.78818495801033,38.78818495801033
4715,t,38.78818495801033,38.78818495801033
4716,c,38.78818495801033,38.78818495801033
4717,t,38.78818495801033,38.78818495801033
4718,t,38.78818495801033,38.78818495801033
4719,c,38.78818495801033,38.78818495801033
4720,c,38.78818495801033,38.78818495801033
4721,t,38.78818495801033,38.78818495801033
4722,c,38.78818495801033,38.78818495801033
4723,t,38.78818495801033,38.78818495801033
4724,c,38.78818495801033,38.78818495801033
4725,t,38.78818495801033,38.78818495801033
4726,t,38.78818495801033,38.78818495801033
4727,t,38.78818495801033,38.78818495801033
4728,c,38.78818495801033,38.78818495801033
4729,t,38.78818495801033,38.78818495801033
4730,c,38.78818495801033,38.78818495801033
4731,t,38.78818495801033,38.78818495801033
4732,c,38.78818495801033,38.78818495801033
4733,t,38.78818495801033,38.78818495801033
4734,t,38.78818495801033,38.78818495801033
4735,c,38.78818495801033,38.78818495801033
4736,c,38.78818495801033,38.78818495801033
4737,t,38.78818495801033,38.78818495801033
4738,c,38.78818495801033,38.78818495801033
4739,t,38.78818495801033,38.78818495801033
4740,c,38.78818495801033,38.78818495801033
4741,c,38.78818495801033,38.78818495801033
4742,t,38.78818495801033,38.78818495801033
4743,c,38.78818495801033,38.78818495801033
4744,t,38.78818495801033,38.78818495801033
4745,c,38.78818495801033,38.78818495801033
4746,c,38.78818495801033,38.78818495801033
4747,c,38.78818495801033,38.78818495801033
4748,c,38.78818495801033,38.78818495801033
4749,c,38.78818495801033,38.78818495801033
4750,t,38.78818495801033,38.78818495801033
4751,c,38.78818495801033,38.78818495801033
4752,c,38.78818495801033,38.78818495801033
4753,c,38.78818495801033,38.78818495801033
4754,c,38.78818495801033,38.78818495801033
4755,c,38.78818495801033,38.78818495801033
4756,c,38.78818495801033,38.78818495801033
4757,c,38.78818495801033,38.78818495801033
4758,c,38.78818495801033,38.78818495801033
4759,c,38.78818495801033,38.78818495801033
4760,c,38.78818495801033,38.78818495801033
4761,t,38.78818495801033,38.78818495801033
4762,c,38.78818495801033,38.78818495801033
4763,t,38.78818495801033,38.78818495801033
4764,t,38.78818495801033,38.78818495801033
4765,c,38.78818495801033,38.78818495801033
4766,c,38.78818495801033,38.78818495801033
4767,t,38.78818495801033,38.78818495801033
4768,c,38.78818495801033,38.78818495801033
4769,c,38.78818495801033,38.78818495801033
4770,c,38.78818495801033,38.78818495801033
4771,c,38.78818495801033,38.78818495801033
4772,t,38.78818495801033,38.78818495801033
4773,c,38.78818495801033,38.78818495801033
4774,c,38.78818495801033,38.78818495801033
4775,t,38.78818495801033,38.78818495801033
4776,c,38.78818495801033,38.78818495801033
4777,c,38.78818495801033,38.78818495801033
4778,t,38.78818495801033,38.78818495801033
4779,t,38.78818495801033,38.78818495801033
4780,c,38.78818495801033,38.78818495801033
4781,t,38.78818495801033,38.78818495801033
4782,c,38.78818495801033,38.78818495801033
4783,t,38.78818495801033,38.78818495801033
4784,t,38.78818495801033,38.78818495801033
4785,c,38.78818495801033,38.78818495801033
4786,t,38.78818495801033,38.78818495801033
4787,c,38.78818495801033,38.78818495801033
4788,t,38.78818495801033,38.78818495801033
4789,t,38.78818495801033,38.78818495801033
4790,t,38.78818495801033,38.78818495801033
4791,c,38.78818495801033,38.78818495801033
4792,c,38.78818495801033,38.78818495801033
4793,t,38.78818495801033,38.78818495801033
4794,c,38.78818495801033,38.78818495801033
4795,c,38.78818495801033,38.78818495801033
4796,c,38.78818495801033,38.78818495801033
4797,t,38.78818495801033,38.78818495801033
4798,t,38.78818495801033,38.78818495801033
4799,c,38.78818495801033,38.78818495801033
4800,t,38.78818495801033,38.78818495801033
4801,t,38.78818495801033,38.78818495801033
4802,t,38.78818495801033,38.78818495801033
4803,c,38.78818495801033,38.78818495801033
4804,t,38.78818495801033,38.78818495801033
4805,t,38.78818495801033,38.78818495801033
4806,c,38.78818495801033,38.78818495801033
4807,c,38.78818495801033,38.78818495801033
4808,c,38.78818495801033,38.78818495801033
4809,t,38.78818495801033,38.78818495801033
4810,c,38.78818495801033,38.78818495801033
4811,c,38.78818495801033,38.78818495801033
4812,t,38.78818495801033,38.78818495801033
4813,c,38.78818495801033,38.78818495801033
4814,c,38.78818495801033,38.78818495801033
4815,c,38.78818495801033,38.78818495801033
4816,c,38.78818495801033,38.78818495801033
4817,t,38.78818495801033,38.78818495801033
4818,c,38.78818495801033,38.78818495801033
4819,t,38.78818495801033,38.78818495801033
4820,t,38.78818495801033,38.78818495801033
4821,t,38.78818495801033,38.78818495801033
4822,t,38.78818495801033,38.78818495801033
4823,c,38.78818495801033,38.78818495801033
4824,c,38.78818495801033,38.78818495801033
4825,c,38.78818495801033,38.78818495801033
4826,c,21.895423138410802,25.895830995726996
4827,c,38.78818495801033,38.78818495801033
4828,t,38.78818495801033,38.78818495801033
4829,c,38.78818495801033,38.78818495801033
4830,c,38.78818495801033,38.78818495801033
4831,c,38.78818495801033,38.78818495801033
4832,c,38.78818495801033,38.78818495801033
4833,c,38.78818495801033,38.78818495801033
4834,c,38.78818495801033,38.78818495801033
4835,c,38.78818495801033,38.78818495801033
4836,c,38.78818495801033,38.78818495801033
4837,t,38.78818495801033,38.78818495801033
4838,c,38.78818495801033,38.78818495801033
4839,c,38.78818495801033,38.78818495801033
4840,c,38.78818495801033,38.78818495801033
4841,t,38.78818495801033,38.78818495801033
4842,t,38.78818495801033,38.78818495801033
4843,t,38.78818495801033,38.78818495801033
4844,c,38.78818495801033,38.78818495801033
4845,t,38.78818495801033,38.78818495801033
4846,c,38.78818495801033,38.78818495801033
4847,c,38.78818495801033,38.78818495801033
4848,t,38.78818495801033,38.78818495801033
4849,t,38.78818495801033,38.78818495801033
4850,c,38.78818495801033,38.78818495801033
4851,c,38.78818495801033,38.78818495801033
4852,c,38.78818495801033,38.78818495801033
4853,c,6.519020837750176,10.512633714313386
4854,t,38.78818495801033,38.78818495801033
4855,c,38.78818495801033,38.78818495801033
4856,t,38.78818495801033,38.78818495801033
4857,t,38.78818495801033,38.78818495801033
4858,c,38.78818495801033,38.78818495801033
4859,t,38.78818495801033,38.78818495801033
4860,t,38.78818495801033,38.78818495801033
4861,t,38.78818495801033,38.78818495801033
4862,c,38.78818495801033,38.78818495801033
4863,na,3.1762728032424548,38.78818495801033
4864,t,38.78818495801033,38.78818495801033
4865,t,38.78818495801033,38.78818495801033
4866,t,38.78818495801033,38.78818495801033
4867,t,38.78818495801033,38.78818495801033
4868,t,38.78818495801033,38.78818495801033
4869,t,38.78818495801033,38.78818495801033
4870,c,38.78818495801033,38.78818495801033
4871,t,38.78818495801033,38.78818495801033
4872,c,38.78818495801033,38.78818495801033
4873,c,38.78818495801033,38.78818495801033
4874,t,38.78818495801033,38.78818495801033
4875,t,38.78818495801033,38.78818495801033
4876,c,38.78818495801033,38.78818495801033
4877,c,38.78818495801033,38.78818495801033
4878,t,38.78818495801033,38.78818495801033
4879,t,38.78818495801033,38.78818495801033
4880,t,38.78818495801033,38.78818495801033
4881,t,38.78818495801033,38.78818495801033
4882,c,38.78818495801033,38.78818495801033
4883,t,38.78818495801033,38.78818495801033
4884,c,38.78818495801033,38.78818495801033
4885,t,38.78818495801033,38.78818495801033
4886,c,38.78818495801033,38.78818495801033
4887,c,38.78818495801033,38.78818495801033
4888,c,38.78818495801033,38.78818495801033
4889,t,38.78818495801033,38.78818495801033
4890,c,38.78818495801033,38.78818495801033
4891,t,38.78818495801033,38.78818495801033
4892,c,38.78818495801033,38.78818495801033
4893,c,38.78818495801033,38.78818495801033
4894,t,38.78818495801033,38.78818495801033
4895,c,38.78818495801033,38.78818495801033
4896,t,38.78818495801033,38.78818495801033
4897,t,38.78818495801033,38.78818495801033
4898,t,38.78818495801033,38.78818495801033
4899,c,38.78818495801033,38.78818495801033
4900,t,38.78818495801033,38.78818495801033
4901,t,38.78818495801033,38.78818495801033
4902,t,38.78818495801033,38.78818495801033
4903,c,38.78818495801033,38.78818495801033
4904,t,38.78818495801033,38.78818495801033
4905,c,38.78818495801033,38.78818495801033
4906,c,38.78818495801033,38.78818495801033
4907,c,38.78818495801033,38.78818495801033
4908,c,38.78818495801033,38.78818495801033
4909,c,38.78818495801033,38.78818495801033
4910,t,38.78818495801033,38.78818495801033
4911,t,38.78818495801033,38.78818495801033
4912,c,17.058644100606145,25.25784444338944
4913,t,38.78818495801033,38.78818495801033
4914,t,38.78818495801033,38.78818495801033
4915,t,38.78818495801033,38.78818495801033
4916,c,7.571347015984714,8.25344438070967
4917,c,38.78818495801033,38.78818495801033
4918,t,38.78818495801033,38.78818495801033
4919,c,38.78818495801033,38.78818495801033
4920,t,38.78818495801033,38.78818495801033
4921,t,38.78818495801033,38.78818495801033
4922,c,38.78818495801033,38.78818495801033
4923,c,10.139978120512632,28.542158935427
4924,t,38.78818495801033,38.78818495801033
4925,t,38.78818495801033,38.78818495801033
4926,c,38.78818495801033,38.78818495801033
4927,c,38.78818495801033,38.78818495801033
4928,t,38.78818495801033,38.78818495801033
4929,t,38.78818495801033,38.78818495801033
4930,c,38.78818495801033,38.78818495801033
4931,t,38.78818495801033,38.78818495801033
4932,c,38.78818495801033,38.78818495801033
4933,c,38.78818495801033,38.78818495801033
4934,c,38.78818495801033,38.78818495801033
4935,c,38.78818495801033,38.78818495801033
4936,t,38.78818495801033,38.78818495801033
4937,t,38.78818495801033,38.78818495801033
4938,t,38.78818495801033,38.78818495801033
4939,c,38.78818495801033,38.78818495801033
4940,c,38.78818495801033,38.78818495801033
4941,c,38.78818495801033,38.78818495801033
4942,t,38.78818495801033,38.78818495801033
4943,c,38.78818495801033,38.78818495801033
4944,c,38.78818495801033,38.78818495801033
4945,t,38.78818495801033,38.78818495801033
4946,t,38.78818495801033,38.78818495801033
4947,c,38.78818495801033,38.78818495801033
4948,na,0.3168017245735491,0.6598379771129149
4949,t,38.78818495801033,38.78818495801033
4950,t,38.78818495801033,38.78818495801033
4951,c,38.78818495801033,38.78818495801033
4952,c,38.78818495801033,38.78818495801033
4953,c,38.78818495801033,38.78818495801033
4954,t,38.78818495801033,38.78818495801033
4955,t,38.78818495801033,38.78818495801033
4956,t,38.78818495801033,38.78818495801033
4957,t,38.78818495801033,38.78818495801033
4958,c,38.78818495801033,38.78818495801033
4959,t,38.78818495801033,38.78818495801033
4960,c,38.78818495801033,38.78818495801033
4961,t,38.78818495801033,38.78818495801033
4962,t,38.78818495801033,38.78818495801033
4963,c,38.78818495801033,38.78818495801033
4964,t,38.78818495801033,38.78818495801033
4965,t,38.78818495801033,38.78818495801033
4966,c,38.78818495801033,38.78818495801033
4967,t,38.78818495801033,38.78818495801033
4968,t,38.78818495801033,38.78818495801033
4969,c,38.78818495801033,38.78818495801033
4970,c,38.78818495801033,38.78818495801033
4971,c,38.78818495801033,38.78818495801033
4972,t,38.78818495801033,38.78818495801033
4973,t,38.78818495801033,38.78818495801033
4974,c,38.78818495801033,38.78818495801033
4975,c,38.78818495801033,38.78818495801033
4976,t,38.78818495801033,38.78818495801033
4977,c,38.78818495801033,38.78818495801033
4978,t,38.78818495801033,38.78818495801033
4979,c,38.78818495801033,38.78818495801033
4980,t,38.78818495801033,38.78818495801033
4981,t,38.78818495801033,38.78818495801033
4982,c,38.78818495801033,38.78818495801033
4983,c,38.78818495801033,38.78818495801033
4984,c,38.78818495801033,38.78818495801033
4985,c,38.78818495801033,38.78818495801033
4986,c,38.78818495801033,38.78818495801033
4987,c,38.78818495801033,38.78818495801033
4988,t,38.78818495801033,38.78818495801033
4989,t,38.78818495801033,38.78818495801033
4990,c,38.78818495801033,38.78818495801033
4991,c,38.78818495801033,38.78818495801033
4992,t,38.78818495801033,38.78818495801033
4993,c,38.78818495801033,38.78818495801033
4994,t,38.78818495801033,38.78818495801033
4995,c,38.78818495801033,38.78818495801033
4996,t,38.78818495801033,38.78818495801033
4997,t,38.78818495801033,38.78818495801033
4998,t,38.78818495801033,38.78818495801033
4999,c,38.78818495801033,38.78818495801033
5000,t,38.78818495801033,38.78818495801033
5001,c,38.78818495801033,38.78818495801033
5002,c,38.78818495801033,38.78818495801033
5003,t,38.78818495801033,38.78818495801033
5004,c,38.78818495801033,38.78818495801033
5005,c,38.78818495801033,38.78818495801033
5006,c,38.78818495801033,38.78818495801033
5007,c,38.78818495801033,38.78818495801033
5008,t,38.78818495801033,38.78818495801033
5009,c,38.78818495801033,38.78818495801033
5010,c,38.78818495801033,38.78818495801033
5011,t,38.78818495801033,38.78818495801033
5012,t,38.78818495801033,38.78818495801033
5013,c,38.78818495801033,38.78818495801033
5014,c,38.78818495801033,38.78818495801033
5015,t,38.78818495801033,38.78818495801033
5016,c,38.78818495801033,38.78818495801033
5017,t,38.78818495801033,38.78818495801033
5018,t,38.78818495801033,38.78818495801033
5019,c,38.78818495801033,38.78818495801033
5020,na,0.7999364551830259,9.710308775730203
5021,c,38.78818495801033,38.78818495801033
5022,c,38.78818495801033,38.78818495801033
5023,c,38.78818495801033,38.78818495801033
5024,t,38.78818495801033,38.78818495801033
5025,c,38.78818495801033,38.78818495801033
5026,t,38.78818495801033,38.78818495801033
5027,c,38.78818495801033,38.78818495801033
5028,c,38.78818495801033,38.78818495801033
5029,c,38.78818495801033,38.78818495801033
5030,c,38.78818495801033,38.78818495801033
5031,t,38.78818495801033,38.78818495801033
5032,t,38.78818495801033,38.78818495801033
5033,c,38.78818495801033,38.78818495801033
5034,t,38.78818495801033,38.78818495801033
5035,c,38.78818495801033,38.78818495801033
5036,t,38.78818495801033,38.78818495801033
5037,t,38.78818495801033,38.78818495801033
5038,c,38.78818495801033,38.78818495801033
5039,t,38.78818495801033,38.78818495801033
5040,c,38.78818495801033,38.78818495801033
5041,c,38.78818495801033,38.78818495801033
5042,t,38.78818495801033,38.78818495801033
5043,c,38.78818495801033,38.78818495801033
5044,c,38.78818495801033,38.78818495801033
5045,c,38.78818495801033,38.78818495801033
5046,c,38.78818495801033,38.78818495801033
5047,c,38.78818495801033,38.78818495801033
5048,na,0,0.05518648722644234
5049,na,-1,0
5050,c,38.78818495801033,38.78818495801033
5051,t,38.78818495801033,38.78818495801033
5052,c,38.78818495801033,38.78818495801033
5053,t,38.78818495801033,38.78818495801033
5054,c,38.78818495801033,38.78818495801033
5055,c,38.78818495801033,38.78818495801033
5056,c,38.78818495801033,38.78818495801033
5057,t,38.78818495801033,38.78818495801033
5058,c,38.78818495801033,38.78818495801033
5059,t,38.78818495801033,38.78818495801033
5060,c,38.78818495801033,38.78818495801033
5061,t,38.78818495801033,38.78818495801033
5062,t,38.78818495801033,38.78818495801033
5063,c,38.78818495801033,38.78818495801033
5064,c,38.78818495801033,38.78818495801033
5065,t,38.78818495801033,38.78818495801033
5066,t,38.78818495801033,38.78818495801033
5067,t,38.78818495801033,38.78818495801033
5068,c,38.78818495801033,38.78818495801033
5069,c,38.78818495801033,38.78818495801033
5070,c,38.78818495801033,38.78818495801033
5071,c,38.78818495801033,38.78818495801033
5072,c,38.78818495801033,38.78818495801033
5073,c,38.78818495801033,38.78818495801033
5074,c,38.78818495801033,38.78818495801033
5075,t,38.78818495801033,38.78818495801033
5076,t,38.78818495801033,38.78818495801033
5077,t,38.78818495801033,38.78818495801033
5078,t,38.78818495801033,38.78818495801033
5079,c,38.78818495801033,38.78818495801033
5080,c,38.78818495801033,38.78818495801033
5081,t,38.78818495801033,38.78818495801033
5082,t,38.78818495801033,38.78818495801033
5083,t,38.78818495801033,38.78818495801033
5084,t,38.78818495801033,38.78818495801033
5085,t,38.78818495801033,38.78818495801033
5086,t,38.78818495801033,38.78818495801033
5087,c,38.78818495801033,38.78818495801033
5088,t,38.78818495801033,38.78818495801033
5089,t,38.78818495801033,38.78818495801033
5090,c,38.78818495801033,38.78818495801033
5091,t,38.78818495801033,38.78818495801033
5092,c,38.78818495801033,38.78818495801033
5093,t,38.78818495801033,38.78818495801033
5094,c,38.78818495801033,38.78818495801033
5095,t,38.78818495801033,38.78818495801033
5096,t,38.78818495801033,38.78818495801033
5097,c,38.78818495801033,38.78818495801033
5098,t,38.78818495801033,38.78818495801033
5099,c,38.78818495801033,38.78818495801033
5100,t,38.78818495801033,38.78818495801033
5101,t,38.78818495801033,38.78818495801033
5102,c,38.78818495801033,38.78818495801033
5103,c,38.78818495801033,38.78818495801033
5104,c,38.78818495801033,38.78818495801033
5105,c,38.78818495801033,38.78818495801033
5106,t,38.78818495801033,38.78818495801033
5107,t,38.78818495801033,38.78818495801033
5108,c,38.78818495801033,38.78818495801033
5109,t,38.78818495801033,38.78818495801033
5110,t,38.78818495801033,38.78818495801033
5111,c,38.78818495801033,38.78818495801033
5112,c,38.78818495801033,38.78818495801033
5113,c,38.78818495801033,38.78818495801033
5114,c,38.78818495801033,38.78818495801033
5115,c,38.78818495801033,38.78818495801033
5116,c,38.78818495801033,38.78818495801033
5117,c,38.78818495801033,38.78818495801033
5118,c,38.78818495801033,38.78818495801033
5119,c,38.78818495801033,38.78818495801033
5120,t,38.78818495801033,38.78818495801033
5121,c,38.78818495801033,38.78818495801033
5122,t,38.78818495801033,38.78818495801033
5123,t,38.78818495801033,38.78818495801033
5124,c,38.78818495801033,38.78818495801033
5125,t,38.78818495801033,38.78818495801033
5126,c,38.78818495801033,38.78818495801033
5127,t,38.78818495801033,38.78818495801033
5128,c,38.78818495801033,38.78818495801033
5129,t,38.78818495801033,38.78818495801033
5130,c,38.78818495801033,38.78818495801033
5131,c,38.78818495801033,38.78818495801033
5132,c,38.78818495801033,38.78818495801033
5133,c,38.78818495801033,38.78818495801033
5134,t,38.78818495801033,38.78818495801033
5135,c,38.78818495801033,38.78818495801033
5136,t,38.78818495801033,38.78818495801033
5137,c,38.78818495801033,38.78818495801033
5138,c,38.78818495801033,38.78818495801033
5139,c,38.78818495801033,38.78818495801033
5140,t,38.78818495801033,38.78818495801033
5141,c,38.78818495801033,38.78818495801033
5142,na,14.69356589562739,17.736371782430062
5143,t,38.78818495801033,38.78818495801033
5144,c,38.78818495801033,38.78818495801033
5145,c,38.78818495801033,38.78818495801033
5146,c,38.78818495801033,38.78818495801033
5147,c,38.78818495801033,38.78818495801033
5148,c,38.78818495801033,38.78818495801033
5149,c,38.78818495801033,38.78818495801033
5150,c,38.78818495801033,38.78818495801033
5151,t,38.78818495801033,38.78818495801033
5152,c,38.78818495801033,38.78818495801033
5153,t,38.78818495801033,38.78818495801033
5154,t,38.78818495801033,38.78818495801033
5155,c,38.78818495801033,38.78818495801033
5156,t,38.78818495801033,38.78818495801033
5157,c,38.78818495801033,38.78818495801033
5158,c,38.78818495801033,38.78818495801033
5159,t,38.78818495801033,38.78818495801033
5160,c,38.78818495801033,38.78818495801033
5161,t,38.78818495801033,38.78818495801033
5162,c,38.78818495801033,38.78818495801033
5163,c,38.78818495801033,38.78818495801033
5164,t,38.78818495801033,38.78818495801033
5165,t,38.78818495801033,38.78818495801033
5166,c,38.78818495801033,38.78818495801033
5167,t,38.78818495801033,38.78818495801033
5168,c,38.78818495801033,38.78818495801033
5169,c,38.78818495801033,38.78818495801033
5170,t,38.78818495801033,38.78818495801033
5171,t,38.78818495801033,38.78818495801033
5172,t,38.78818495801033,38.78818495801033
5173,t,38.78818495801033,38.78818495801033
5174,t,38.78818495801033,38.78818495801033
5175,t,38.78818495801033,38.78818495801033
5176,t,38.78818495801033,38.78818495801033
5177,t,38.78818495801033,38.78818495801033
5178,t,38.78818495801033,38.78818495801033
5179,t,38.78818495801033,38.78818495801033
5180,c,38.78818495801033,38.78818495801033
5181,t,38.78818495801033,38.78818495801033
5182,c,38.78818495801033,38.78818495801033
5183,c,38.78818495801033,38.78818495801033
5184,c,38.78818495801033,38.78818495801033
5185,t,38.78818495801033,38.78818495801033
5186,t,38.78818495801033,38.78818495801033
5187,c,38.78818495801033,38.78818495801033
5188,c,38.78818495801033,38.78818495801033
5189,t,38.78818495801033,38.78818495801033
5190,t,38.78818495801033,38.78818495801033
5191,c,38.78818495801033,38.78818495801033
5192,c,38.78818495801033,38.78818495801033
5193,t,38.78818495801033,38.78818495801033
5194,t,38.78818495801033,38.78818495801033
5195,c,38.78818495801033,38.78818495801033
5196,c,38.78818495801033,38.78818495801033
5197,c,38.78818495801033,38.78818495801033
5198,t,38.78818495801033,38.78818495801033
5199,c,38.78818495801033,38.78818495801033
5200,t,38.78818495801033,38.78818495801033
5201,na,3.3813551419800882,3.4497887732299377
5202,c,38.78818495801033,38.78818495801033
5203,c,38.78818495801033,38.78818495801033
5204,c,38.78818495801033,38.78818495801033
5205,c,38.78818495801033,38.78818495801033
5206,t,38.78818495801033,38.78818495801033
5207,c,38.78818495801033,38.78818495801033
5208,t,38.78818495801033,38.78818495801033
5209,t,38.78818495801033,38.78818495801033
5210,t,38.78818495801033,38.78818495801033
5211,t,38.78818495801033,38.78818495801033
5212,t,38.78818495801033,38.78818495801033
5213,c,38.78818495801033,38.78818495801033
5214,t,38.78818495801033,38.78818495801033
5215,c,38.78818495801033,38.78818495801033
5216,c,38.78818495801033,38.78818495801033
5217,c,38.78818495801033,38.78818495801033
5218,t,38.78818495801033,38.78818495801033
5219,t,38.78818495801033,38.78818495801033
5220,t,38.78818495801033,38.78818495801033
5221,c,38.78818495801033,38.78818495801033
5222,c,38.78818495801033,38.78818495801033
5223,c,38.78818495801033,38.78818495801033
5224,c,38.78818495801033,38.78818495801033
5225,t,38.78818495801033,38.78818495801033
5226,c,38.78818495801033,38.78818495801033
5227,c,38.78818495801033,38.78818495801033
5228,c,38.78818495801033,38.78818495801033
5229,t,38.78818495801033,38.78818495801033
5230,c,38.78818495801033,38.78818495801033
5231,c,38.78818495801033,38.78818495801033
5232,t,38.78818495801033,38.78818495801033
5233,c,38.78818495801033,38.78818495801033
5234,t,38.78818495801033,38.78818495801033
5235,t,38.78818495801033,38.78818495801033
5236,t,38.78818495801033,38.78818495801033
5237,c,38.78818495801033,38.78818495801033
5238,t,38.78818495801033,38.78818495801033
5239,t,38.78818495801033,38.78818495801033
5240,c,38.78818495801033,38.78818495801033
5241,c,38.78818495801033,38.78818495801033
5242,c,38.78818495801033,38.78818495801033
5243,c,38.78818495801033,38.78818495801033
5244,t,38.78818495801033,38.78818495801033
5245,c,38.78818495801033,38.78818495801033
5246,c,38.78818495801033,38.78818495801033
5247,c,38.78818495801033,38.78818495801033
5248,c,38.78818495801033,38.78818495801033
5249,t,38.78818495801033,38.78818495801033
5250,t,38.78818495801033,38.78818495801033
5251,t,38.78818495801033,38.78818495801033
5252,t,38.78818495801033,38.78818495801033
5253,na,5.695276047035167,6.540390350159029
5254,c,38.78818495801033,38.78818495801033
5255,c,38.78818495801033,38.78818495801033
5256,t,38.78818495801033,38.78818495801033
5257,t,38.78818495801033,38.78818495801033
5258,c,9.471146532267134,14.844461450711783
5259,c,38.78818495801033,38.78818495801033
5260,t,38.78818495801033,38.78818495801033
5261,t,38.78818495801033,38.78818495801033
5262,t,38.78818495801033,38.78818495801033
5263,c,38.78818495801033,38.78818495801033
5264,t,38.78818495801033,38.78818495801033
5265,na,0.4714190232213904,3.723879696131871
5266,t,38.78818495801033,38.78818495801033
5267,t,38.78818495801033,38.78818495801033
5268,t,38.78818495801033,38.78818495801033
5269,c,38.78818495801033,38.78818495801033
5270,c,38.78818495801033,38.78818495801033
5271,t,38.78818495801033,38.78818495801033
5272,t,38.78818495801033,38.78818495801033
5273,c,38.78818495801033,38.78818495801033
5274,t,38.78818495801033,38.78818495801033
5275,t,38.78818495801033,38.78818495801033
5276,t,38.78818495801033,38.78818495801033
5277,c,38.78818495801033,38.78818495801033
5278,t,38.78818495801033,38.78818495801033
5279,c,38.78818495801033,38.78818495801033
5280,t,38.78818495801033,38.78818495801033
5281,t,38.78818495801033,38.78818495801033
5282,t,38.78818495801033,38.78818495801033
5283,t,38.78818495801033,38.78818495801033
5284,t,38.78818495801033,38.78818495801033
5285,c,38.78818495801033,38.78818495801033
5286,c,38.78818495801033,38.78818495801033
5287,t,38.78818495801033,38.78818495801033
5288,t,38.78818495801033,38.78818495801033
5289,t,38.78818495801033,38.78818495801033
5290,c,38.78818495801033,38.78818495801033
5291,t,38.78818495801033,38.78818495801033
5292,c,38.78818495801033,38.78818495801033
5293,c,38.78818495801033,38.78818495801033
5294,c,38.78818495801033,38.78818495801033
5295,c,38.78818495801033,38.78818495801033
5296,t,38.78818495801033,38.78818495801033
5297,t,38.78818495801033,38.78818495801033
5298,c,38.78818495801033,38.78818495801033
5299,t,38.78818495801033,38.78818495801033
5300,t,38.78818495801033,38.78818495801033
5301,t,38.78818495801033,38.78818495801033
5302,c,38.78818495801033,38.78818495801033
5303,t,38.78818495801033,38.78818495801033
5304,c,38.78818495801033,38.78818495801033
5305,t,38.78818495801033,38.78818495801033
5306,c,38.78818495801033,38.78818495801033
5307,t,38.78818495801033,38.78818495801033
5308,t,38.78818495801033,38.78818495801033
5309,t,38.78818495801033,38.78818495801033
5310,t,38.78818495801033,38.78818495801033
5311,c,38.78818495801033,38.78818495801033
5312,c,38.78818495801033,38.78818495801033
5313,t,38.78818495801033,38.78818495801033
5314,t,38.78818495801033,38.78818495801033
5315,t,38.78818495801033,38.78818495801033
5316,c,38.78818495801033,38.78818495801033
5317,t,38.78818495801033,38.78818495801033
5318,t,38.78818495801033,38.78818495801033
5319,t,38.78818495801033,38.78818495801033
5320,c,38.78818495801033,38.78818495801033
5321,c,38.78818495801033,38.78818495801033
5322,c,38.78818495801033,38.78818495801033
5323,c,38.78818495801033,38.78818495801033
5324,t,38.78818495801033,38.78818495801033
5325,t,38.78818495801033,38.78818495801033
5326,c,38.78818495801033,38.78818495801033
5327,t,38.78818495801033,38.78818495801033
5328,t,38.78818495801033,38.78818495801033
5329,t,38.78818495801033,38.78818495801033
5330,t,38.78818495801033,38.78818495801033
5331,t,38.78818495801033,38.78818495801033
5332,c,38.78818495801033,38.78818495801033
5333,c,38.78818495801033,38.78818495801033
5334,t,38.78818495801033,38.78818495801033
5335,c,38.78818495801033,38.78818495801033
5336,t,38.78818495801033,38.78818495801033
5337,t,38.78818495801033,38.78818495801033
5338,c,38.78818495801033,38.78818495801033
5339,t,38.78818495801033,38.78818495801033
5340,t,38.78818495801033,38.78818495801033
5341,c,38.78818495801033,38.78818495801033
5342,t,38.78818495801033,38.78818495801033
5343,t,38.78818495801033,38.78818495801033
5344,c,38.78818495801033,38.78818495801033
5345,c,38.78818495801033,38.78818495801033
5346,t,38.78818495801033,38.78818495801033
5347,t,38.78818495801033,38.78818495801033
5348,c,38.78818495801033,38.78818495801033
5349,t,38.78818495801033,38.78818495801033
5350,t,38.78818495801033,38.78818495801033
5351,t,38.78818495801033,38.78818495801033
5352,t,38.78818495801033,38.78818495801033
5353,c,38.78818495801033,38.78818495801033
5354,t,38.78818495801033,38.78818495801033
5355,c,38.78818495801033,38.78818495801033
5356,c,38.78818495801033,38.78818495801033
5357,t,38.78818495801033,38.78818495801033
5358,t,38.78818495801033,38.78818495801033
5359,t,38.78818495801033,38.78818495801033
5360,t,38.78818495801033,38.78818495801033
5361,t,38.78818495801033,38.78818495801033
5362,t,38.78818495801033,38.78818495801033
5363,c,38.78818495801033,38.78818495801033
5364,c,38.78818495801033,38.78818495801033
5365,c,38.78818495801033,38.78818495801033
5366,t,38.78818495801033,38.78818495801033
5367,c,38.78818495801033,38.78818495801033
5368,c,38.78818495801033,38.78818495801033
5369,c,38.78818495801033,38.78818495801033
5370,c,38.78818495801033,38.78818495801033
5371,t,38.78818495801033,38.78818495801033
5372,c,38.78818495801033,38.78818495801033
5373,t,38.78818495801033,38.78818495801033
5374,t,38.78818495801033,38.78818495801033
5375,t,38.78818495801033,38.78818495801033
5376,t,38.78818495801033,38.78818495801033
5377,t,38.78818495801033,38.78818495801033
5378,c,38.78818495801033,38.78818495801033
5379,c,38.78818495801033,38.78818495801033
5380,c,38.78818495801033,38.78818495801033
5381,c,38.78818495801033,38.78818495801033
5382,c,38.78818495801033,38.78818495801033
5383,t,38.78818495801033,38.78818495801033
5384,c,38.78818495801033,38.78818495801033
5385,c,38.78818495801033,38.78818495801033
5386,c,38.78818495801033,38.78818495801033
5387,c,38.78818495801033,38.78818495801033
5388,t,38.78818495801033,38.78818495801033
5389,c,10.596763468924419,11.461005741694722
5390,c,38.78818495801033,38.78818495801033
5391,t,38.78818495801033,38.78818495801033
5392,c,38.78818495801033,38.78818495801033
5393,c,38.78818495801033,38.78818495801033
5394,c,38.78818495801033,38.78818495801033
5395,t,38.78818495801033,38.78818495801033
5396,c,38.78818495801033,38.78818495801033
5397,t,38.78818495801033,38.78818495801033
5398,c,38.78818495801033,38.78818495801033
5399,c,38.78818495801033,38.78818495801033
5400,c,38.78818495801033,38.78818495801033
5401,t,38.78818495801033,38.78818495801033
5402,c,38.78818495801033,38.78818495801033
5403,c,38.78818495801033,38.78818495801033
5404,t,38.78818495801033,38.78818495801033
5405,c,38.78818495801033,38.78818495801033
5406,t,38.78818495801033,38.78818495801033
5407,t,38.78818495801033,38.78818495801033
5408,c,38.78818495801033,38.78818495801033
5409,c,3.331036337089298,6.292565987682656
5410,c,38.78818495801033,38.78818495801033
5411,c,38.78818495801033,38.78818495801033
5412,t,38.78818495801033,38.78818495801033
5413,t,38.78818495801033,38.78818495801033
5414,t,38.78818495801033,38.78818495801033
5415,t,38.78818495801033,38.78818495801033
5416,c,38.78818495801033,38.78818495801033
5417,t,38.78818495801033,38.78818495801033
5418,t,38.78818495801033,38.78818495801033
5419,t,38.78818495801033,38.78818495801033
5420,c,38.78818495801033,38.78818495801033
5421,c,38.78818495801033,38.78818495801033
5422,c,38.78818495801033,38.78818495801033
5423,t,38.78818495801033,38.78818495801033
5424,c,38.78818495801033,38.78818495801033
5425,c,38.78818495801033,38.78818495801033
5426,c,2.711932024882861,3.0372351174384367
5427,c,38.78818495801033,38.78818495801033
5428,c,38.78818495801033,38.78818495801033
5429,c,38.78818495801033,38.78818495801033
5430,c,38.78818495801033,38.78818495801033
5431,t,38.78818495801033,38.78818495801033
5432,t,38.78818495801033,38.78818495801033
5433,t,38.78818495801033,38.78818495801033
5434,t,38.78818495801033,38.78818495801033
5435,t,38.78818495801033,38.78818495801033
5436,t,38.78818495801033,38.78818495801033
5437,c,38.78818495801033,38.78818495801033
5438,c,38.78818495801033,38.78818495801033
5439,na,6.372407853219441,7.961935707343512
5440,t,38.78818495801033,38.78818495801033
5441,c,38.78818495801033,38.78818495801033
5442,c,38.78818495801033,38.78818495801033
5443,c,38.78818495801033,38.78818495801033
5444,t,38.78818495801033,38.78818495801033
5445,t,38.78818495801033,38.78818495801033
5446,c,38.78818495801033,38.78818495801033
5447,t,38.78818495801033,38.78818495801033
5448,t,38.78818495801033,38.78818495801033
5449,t,38.78818495801033,38.78818495801033
5450,t,38.78818495801033,38.78818495801033
5451,c,38.78818495801033,38.78818495801033
5452,c,38.78818495801033,38.78818495801033
5453,c,38.78818495801033,38.78818495801033
5454,t,38.78818495801033,38.78818495801033
5455,c,38.78818495801033,38.78818495801033
5456,t,38.78818495801033,38.78818495801033
5457,t,38.78818495801033,38.78818495801033
5458,c,38.78818495801033,38.78818495801033
5459,t,38.78818495801033,38.78818495801033
5460,c,38.78818495801033,38.78818495801033
5461,c,38.78818495801033,38.78818495801033
5462,t,38.78818495801033,38.78818495801033
5463,t,38.78818495801033,38.78818495801033
5464,t,38.78818495801033,38.78818495801033
5465,t,38.78818495801033,38.78818495801033
5466,c,38.78818495801033,38.78818495801033
5467,c,38.78818495801033,38.78818495801033
5468,t,38.78818495801033,38.78818495801033
5469,c,38.78818495801033,38.78818495801033
5470,c,38.78818495801033,38.78818495801033
5471,t,38.78818495801033,38.78818495801033
5472,t,38.78818495801033,38.78818495801033
5473,c,38.78818495801033,38.78818495801033
5474,t,38.78818495801033,38.78818495801033
5475,t,38.78818495801033,38.78818495801033
5476,t,38.78818495801033,38.78818495801033
5477,c,38.78818495801033,38.78818495801033
5478,t,38.78818495801033,38.78818495801033
5479,c,38.78818495801033,38.78818495801033
5480,t,38.78818495801033,38.78818495801033
5481,c,38.78818495801033,38.78818495801033
5482,t,38.78818495801033,38.78818495801033
5483,c,38.78818495801033,38.78818495801033
5484,t,38.78818495801033,38.78818495801033
5485,t,38.78818495801033,38.78818495801033
5486,t,38.78818495801033,38.78818495801033
5487,c,38.78818495801033,38.78818495801033
5488,t,38.78818495801033,38.78818495801033
5489,c,38.78818495801033,38.78818495801033
5490,c,38.78818495801033,38.78818495801033
5491,t,38.78818495801033,38.78818495801033
5492,t,38.78818495801033,38.78818495801033
5493,t,38.78818495801033,38.78818495801033
5494,t,38.78818495801033,38.78818495801033
5495,t,38.78818495801033,38.78818495801033
5496,c,38.78818495801033,38.78818495801033
5497,c,38.78818495801033,38.78818495801033
5498,t,38.78818495801033,38.78818495801033
5499,c,38.78818495801033,38.78818495801033
5500,na,0,2.903896167840912
5501,t,38.78818495801033,38.78818495801033
5502,t,38.78818495801033,38.78818495801033
5503,t,38.78818495801033,38.78818495801033
5504,t,38.78818495801033,38.78818495801033
5505,t,38.78818495801033,38.78818495801033
5506,c,38.78818495801033,38.78818495801033
5507,t,38.78818495801033,38.78818495801033
5508,c,38.78818495801033,38.78818495801033
5509,c,38.78818495801033,38.78818495801033
5510,t,38.78818495801033,38.78818495801033
5511,t,38.78818495801033,38.78818495801033
5512,t,38.78818495801033,38.78818495801033
5513,c,38.78818495801033,38.78818495801033
5514,t,38.78818495801033,38.78818495801033
5515,c,38.78818495801033,38.78818495801033
5516,c,38.78818495801033,38.78818495801033
5517,t,38.78818495801033,38.78818495801033
5518,c,38.78818495801033,38.78818495801033
5519,t,38.78818495801033,38.78818495801033
5520,t,38.78818495801033,38.78818495801033
5521,c,38.78818495801033,38.78818495801033
5522,t,38.78818495801033,38.78818495801033
5523,c,38.78818495801033,38.78818495801033
5524,c,38.78818495801033,38.78818495801033
5525,t,38.78818495801033,38.78818495801033
5526,c,38.78818495801033,38.78818495801033
5527,t,38.78818495801033,38.78818495801033
5528,t,38.78818495801033,38.78818495801033
5529,c,38.78818495801033,38.78818495801033
5530,t,38.78818495801033,38.78818495801033
5531,c,38.78818495801033,38.78818495801033
5532,t,38.78818495801033,38.78818495801033
5533,c,38.78818495801033,38.78818495801033
5534,t,38.78818495801033,38.78818495801033
5535,c,19.538713503738567,25.76673652740958
5536,c,38.78818495801033,38.78818495801033
5537,c,38.78818495801033,38.78818495801033
5538,t,38.78818495801033,38.78818495801033
5539,t,38.78818495801033,38.78818495801033
5540,t,38.78818495801033,38.78818495801033
5541,t,38.78818495801033,38.78818495801033
5542,t,38.78818495801033,38.78818495801033
5543,t,38.78818495801033,38.78818495801033
5544,c,38.78818495801033,38.78818495801033
5545,c,38.78818495801033,38.78818495801033
5546,c,38.78818495801033,38.78818495801033
5547,t,38.78818495801033,38.78818495801033
5548,t,38.78818495801033,38.78818495801033
5549,t,38.78818495801033,38.78818495801033
5550,c,7.525367526544679,10.655682898468084
5551,c,38.78818495801033,38.78818495801033
5552,c,38.78818495801033,38.78818495801033
5553,t,38.78818495801033,38.78818495801033
5554,c,38.78818495801033,38.78818495801033
5555,t,38.78818495801033,38.78818495801033
5556,t,38.78818495801033,38.78818495801033
5557,t,38.78818495801033,38.78818495801033
5558,c,38.78818495801033,38.78818495801033
5559,t,38.78818495801033,38.78818495801033
5560,c,38.78818495801033,38.78818495801033
5561,c,38.78818495801033,38.78818495801033
5562,t,38.78818495801033,38.78818495801033
5563,t,38.78818495801033,38.78818495801033
5564,c,38.78818495801033,38.78818495801033
5565,c,38.78818495801033,38.78818495801033
5566,t,38.78818495801033,38.78818495801033
5567,c,38.78818495801033,38.78818495801033
5568,c,38.78818495801033,38.78818495801033
5569,t,38.78818495801033,38.78818495801033
5570,t,38.78818495801033,38.78818495801033
5571,c,38.78818495801033,38.78818495801033
5572,c,38.78818495801033,38.78818495801033
5573,c,38.78818495801033,38.78818495801033
5574,t,38.78818495801033,38.78818495801033
5575,t,38.78818495801033,38.78818495801033
5576,c,38.78818495801033,38.78818495801033
5577,c,38.78818495801033,38.78818495801033
5578,t,38.78818495801033,38.78818495801033
5579,c,38.78818495801033,38.78818495801033
5580,c,38.78818495801033,38.78818495801033
5581,c,38.78818495801033,38.78818495801033
5582,t,38.78818495801033,38.78818495801033
5583,c,38.78818495801033,38.78818495801033
5584,t,38.78818495801033,38.78818495801033
5585,c,38.78818495801033,38.78818495801033
5586,t,38.78818495801033,38.78818495801033
5587,na,1.8763351959333872,5.25677573999062
5588,t,38.78818495801033,38.78818495801033
5589,t,38.78818495801033,38.78818495801033
5590,t,38.78818495801033,38.78818495801033
5591,t,38.78818495801033,38.78818495801033
5592,c,38.78818495801033,38.78818495801033
5593,t,38.78818495801033,38.78818495801033
5594,t,38.78818495801033,38.78818495801033
5595,c,38.78818495801033,38.78818495801033
5596,c,38.78818495801033,38.78818495801033
5597,c,38.78818495801033,38.78818495801033
5598,c,38.78818495801033,38.78818495801033
5599,t,38.78818495801033,38.78818495801033
5600,t,38.78818495801033,38.78818495801033
5601,t,38.78818495801033,38.78818495801033
5602,t,38.78818495801033,38.78818495801033
5603,c,38.78818495801033,38.78818495801033
5604,c,38.78818495801033,38.78818495801033
5605,t,38.78818495801033,38.78818495801033
5606,c,38.78818495801033,38.78818495801033
5607,na,0,9.585347795680066
5608,t,38.78818495801033,38.78818495801033
5609,t,38.78818495801033,38.78818495801033
5610,c,38.78818495801033,38.78818495801033
5611,t,38.78818495801033,38.78818495801033
5612,c,38.78818495801033,38.78818495801033
5613,t,38.78818495801033,38.78818495801033
5614,c,38.78818495801033,38.78818495801033
5615,t,38.78818495801033,38.78818495801033
5616,c,38.78818495801033,38.78818495801033
5617,c,38.78818495801033,38.78818495801033
5618,c,38.78818495801033,38.78818495801033
5619,c,38.78818495801033,38.78818495801033
5620,c,38.78818495801033,38.78818495801033
5621,c,38.78818495801033,38.78818495801033
5622,t,38.78818495801033,38.78818495801033
5623,c,38.78818495801033,38.78818495801033
5624,c,38.78818495801033,38.78818495801033
5625,t,38.78818495801033,38.78818495801033
5626,c,38.78818495801033,38.78818495801033
5627,t,38.78818495801033,38.78818495801033
5628,c,38.78818495801033,38.78818495801033
5629,c,38.78818495801033,38.78818495801033
5630,t,38.78818495801033,38.78818495801033
5631,t,38.78818495801033,38.78818495801033
5632,na,25.5101953017845,28.62077082468275
5633,c,38.78818495801033,38.78818495801033
5634,t,38.78818495801033,38.78818495801033
5635,c,38.78818495801033,38.78818495801033
5636,c,38.78818495801033,38.78818495801033
5637,t,38.78818495801033,38.78818495801033
5638,t,38.78818495801033,38.78818495801033
5639,t,38.78818495801033,38.78818495801033
5640,t,38.78818495801033,38.78818495801033
5641,t,38.78818495801033,38.78818495801033
5642,t,38.78818495801033,38.78818495801033
5643,c,38.78818495801033,38.78818495801033
5644,t,38.78818495801033,38.78818495801033
5645,t,38.78818495801033,38.78818495801033
5646,c,38.78818495801033,38.78818495801033
5647,t,38.78818495801033,38.78818495801033
5648,t,38.78818495801033,38.78818495801033
5649,t,38.78818495801033,38.78818495801033
5650,c,38.78818495801033,38.78818495801033
5651,c,38.78818495801033,38.78818495801033
5652,c,38.78818495801033,38.78818495801033
5653,c,38.78818495801033,38.78818495801033
5654,c,38.78818495801033,38.78818495801033
5655,c,38.78818495801033,38.78818495801033
5656,t,38.78818495801033,38.78818495801033
5657,t,38.78818495801033,38.78818495801033
5658,t,38.78818495801033,38.78818495801033
5659,t,38.78818495801033,38.78818495801033
5660,t,38.78818495801033,38.78818495801033
5661,c,38.78818495801033,38.78818495801033
5662,t,38.78818495801033,38.78818495801033
5663,c,38.78818495801033,38.78818495801033
5664,c,38.78818495801033,38.78818495801033
5665,t,38.78818495801033,38.78818495801033
5666,t,38.78818495801033,38.78818495801033
5667,t,38.78818495801033,38.78818495801033
5668,c,38.78818495801033,38.78818495801033
5669,t,38.78818495801033,38.78818495801033
5670,c,38.78818495801033,38.78818495801033
5671,t,38.78818495801033,38.78818495801033
5672,c,38.78818495801033,38.78818495801033
5673,t,38.78818495801033,38.78818495801033
5674,c,38.78818495801033,38.78818495801033
5675,c,38.78818495801033,38.78818495801033
5676,c,38.78818495801033,38.78818495801033
5677,c,38.78818495801033,38.78818495801033
5678,c,38.78818495801033,38.78818495801033
5679,c,38.78818495801033,38.78818495801033
5680,t,38.78818495801033,38.78818495801033
5681,c,38.78818495801033,38.78818495801033
5682,t,38.78818495801033,38.78818495801033
5683,c,38.78818495801033,38.78818495801033
5684,c,38.78818495801033,38.78818495801033
5685,c,38.78818495801033,38.78818495801033
5686,c,38.78818495801033,38.78818495801033
5687,c,38.78818495801033,38.78818495801033
5688,c,38.78818495801033,38.78818495801033
5689,c,38.78818495801033,38.78818495801033
5690,t,38.78818495801033,38.78818495801033
5691,t,38.78818495801033,38.78818495801033
5692,t,38.78818495801033,38.78818495801033
5693,c,38.78818495801033,38.78818495801033
5694,t,38.78818495801033,38.78818495801033
5695,t,38.78818495801033,38.78818495801033
5696,t,38.78818495801033,38.78818495801033
5697,t,38.78818495801033,38.78818495801033
5698,t,38.78818495801033,38.78818495801033
5699,t,38.78818495801033,38.78818495801033
5700,c,38.78818495801033,38.78818495801033
5701,t,38.78818495801033,38.78818495801033
5702,t,38.78818495801033,38.78818495801033
5703,c,38.78818495801033,38.78818495801033
5704,c,38.78818495801033,38.78818495801033
5705,t,38.78818495801033,38.78818495801033
5706,t,38.78818495801033,38.78818495801033
5707,c,38.78818495801033,38.78818495801033
5708,c,38.78818495801033,38.78818495801033
5709,t,38.78818495801033,38.78818495801033
5710,c,38.78818495801033,38.78818495801033
5711,c,38.78818495801033,38.78818495801033
5712,t,38.78818495801033,38.78818495801033
5713,c,38.78818495801033,38.78818495801033
5714,t,38.78818495801033,38.78818495801033
5715,t,38.78818495801033,38.78818495801033
5716,t,38.78818495801033,38.78818495801033
5717,c,38.78818495801033,38.78818495801033
5718,t,38.78818495801033,38.78818495801033
5719,c,38.78818495801033,38.78818495801033
5720,c,38.78818495801033,38.78818495801033
5721,t,38.78818495801033,38.78818495801033
5722,t,38.78818495801033,38.78818495801033
5723,c,38.78818495801033,38.78818495801033
5724,t,38.78818495801033,38.78818495801033
5725,c,38.78818495801033,38.78818495801033
5726,c,38.78818495801033,38.78818495801033
5727,t,38.78818495801033,38.78818495801033
5728,c,38.78818495801033,38.78818495801033
5729,c,38.78818495801033,38.78818495801033
5730,t,38.78818495801033,38.78818495801033
5731,t,38.78818495801033,38.78818495801033
5732,t,38.78818495801033,38.78818495801033
5733,t,38.78818495801033,38.78818495801033
5734,t,38.78818495801033,38.78818495801033
5735,t,38.78818495801033,38.78818495801033
5736,t,38.78818495801033,38.78818495801033
5737,t,38.78818495801033,38.78818495801033
5738,c,38.78818495801033,38.78818495801033
5739,c,38.78818495801033,38.78818495801033
5740,c,38.78818495801033,38.78818495801033
5741,c,38.78818495801033,38.78818495801033
5742,c,38.78818495801033,38.78818495801033
5743,c,38.78818495801033,38.78818495801033
5744,c,38.78818495801033,38.78818495801033
5745,c,38.78818495801033,38.78818495801033
5746,c,38.78818495801033,38.78818495801033
5747,t,38.78818495801033,38.78818495801033
5748,c,38.78818495801033,38.78818495801033
5749,c,38.78818495801033,38.78818495801033
5750,t,38.78818495801033,38.78818495801033
5751,t,38.78818495801033,38.78818495801033
5752,t,38.78818495801033,38.78818495801033
5753,t,38.78818495801033,38.78818495801033
5754,c,38.78818495801033,38.78818495801033
5755,t,38.78818495801033,38.78818495801033
5756,t,38.78818495801033,38.78818495801033
5757,c,38.78818495801033,38.78818495801033
5758,c,38.78818495801033,38.78818495801033
5759,t,38.78818495801033,38.78818495801033
5760,c,38.78818495801033,38.78818495801033
5761,t,38.78818495801033,38.78818495801033
5762,t,38.78818495801033,38.78818495801033
5763,c,38.78818495801033,38.78818495801033
5764,c,38.78818495801033,38.78818495801033
5765,t,38.78818495801033,38.78818495801033
5766,t,38.78818495801033,38.78818495801033
5767,t,38.78818495801033,38.78818495801033
5768,t,38.78818495801033,38.78818495801033
5769,c,38.78818495801033,38.78818495801033
5770,t,38.78818495801033,38.78818495801033
5771,t,38.78818495801033,38.78818495801033
5772,c,38.78818495801033,38.78818495801033
5773,t,38.78818495801033,38.78818495801033
5774,t,38.78818495801033,38.78818495801033
5775,c,38.78818495801033,38.78818495801033
5776,t,38.78818495801033,38.78818495801033
5777,c,38.78818495801033,38.78818495801033
5778,t,38.78818495801033,38.78818495801033
5779,c,38.78818495801033,38.78818495801033
5780,t,38.78818495801033,38.78818495801033
5781,t,38.78818495801033,38.78818495801033
5782,c,7.8513140059608,12.527547742914804
5783,t,38.78818495801033,38.78818495801033
5784,t,38.78818495801033,38.78818495801033
5785,c,38.78818495801033,38.78818495801033
5786,c,38.78818495801033,38.78818495801033
5787,c,38.78818495801033,38.78818495801033
5788,c,38.78818495801033,38.78818495801033
5789,t,38.78818495801033,38.78818495801033
5790,t,38.78818495801033,38.78818495801033
5791,t,38.78818495801033,38.78818495801033
5792,t,38.78818495801033,38.78818495801033
5793,c,38.78818495801033,38.78818495801033
5794,t,38.78818495801033,38.78818495801033
5795,t,38.78818495801033,38.78818495801033
5796,c,38.78818495801033,38.78818495801033
5797,c,38.78818495801033,38.78818495801033
5798,t,38.78818495801033,38.78818495801033
5799,c,38.78818495801033,38.78818495801033
5800,c,38.78818495801033,38.78818495801033
5801,c,38.78818495801033,38.78818495801033
5802,t,38.78818495801033,38.78818495801033
5803,t,38.78818495801033,38.78818495801033
5804,t,38.78818495801033,38.78818495801033
5805,t,38.78818495801033,38.78818495801033
5806,c,38.78818495801033,38.78818495801033
5807,t,38.78818495801033,38.78818495801033
5808,c,38.78818495801033,38.78818495801033
5809,t,38.78818495801033,38.78818495801033
5810,c,38.78818495801033,38.78818495801033
5811,t,38.78818495801033,38.78818495801033
5812,c,38.78818495801033,38.78818495801033
5813,t,38.78818495801033,38.78818495801033
5814,c,38.78818495801033,38.78818495801033
5815,c,38.78818495801033,38.78818495801033
5816,c,38.78818495801033,38.78818495801033
5817,t,38.78818495801033,38.78818495801033
5818,t,38.78818495801033,38.78818495801033
5819,c,38.78818495801033,38.78818495801033
5820,c,38.78818495801033,38.78818495801033
5821,c,38.78818495801033,38.78818495801033
5822,c,38.78818495801033,38.78818495801033
5823,c,38.78818495801033,38.78818495801033
5824,t,38.78818495801033,38.78818495801033
5825,t,38.78818495801033,38.78818495801033
5826,t,38.78818495801033,38.78818495801033
5827,c,38.78818495801033,38.78818495801033
5828,c,6.678740254072378,7.174202982982738
5829,t,38.78818495801033,38.78818495801033
5830,c,38.78818495801033,38.78818495801033
5831,c,38.78818495801033,38.78818495801033
5832,c,38.78818495801033,38.78818495801033
5833,t,38.78818495801033,38.78818495801033
5834,c,38.78818495801033,38.78818495801033
5835,t,38.78818495801033,38.78818495801033
5836,c,38.78818495801033,38.78818495801033
5837,t,38.78818495801033,38.78818495801033
5838,c,38.78818495801033,38.78818495801033
5839,c,38.78818495801033,38.78818495801033
5840,t,38.78818495801033,38.78818495801033
5841,t,38.78818495801033,38.78818495801033
5842,c,38.78818495801033,38.78818495801033
5843,c,38.78818495801033,38.78818495801033
5844,c,38.78818495801033,38.78818495801033
5845,t,38.78818495801033,38.78818495801033
5846,t,38.78818495801033,38.78818495801033
5847,t,38.78818495801033,38.78818495801033
5848,c,38.78818495801033,38.78818495801033
5849,c,38.78818495801033,38.78818495801033
5850,t,38.78818495801033,38.78818495801033
5851,t,38.78818495801033,38.78818495801033
5852,c,38.78818495801033,38.78818495801033
5853,t,38.78818495801033,38.78818495801033
5854,c,38.78818495801033,38.78818495801033
5855,c,38.78818495801033,38.78818495801033
5856,c,38.78818495801033,38.78818495801033
5857,t,38.78818495801033,38.78818495801033
5858,t,38.78818495801033,38.78818495801033
5859,c,38.78818495801033,38.78818495801033
5860,t,38.78818495801033,38.78818495801033
5861,t,38.78818495801033,38.78818495801033
5862,c,38.78818495801033,38.78818495801033
5863,t,38.78818495801033,38.78818495801033
5864,t,38.78818495801033,38.78818495801033
5865,t,38.78818495801033,38.78818495801033
5866,c,38.78818495801033,38.78818495801033
5867,t,38.78818495801033,38.78818495801033
5868,c,38.78818495801033,38.78818495801033
5869,t,38.78818495801033,38.78818495801033
5870,t,38.78818495801033,38.78818495801033
5871,t,38.78818495801033,38.78818495801033
5872,c,38.78818495801033,38.78818495801033
5873,c,38.78818495801033,38.78818495801033
5874,c,38.78818495801033,38.78818495801033
5875,c,38.78818495801033,38.78818495801033
5876,t,38.78818495801033,38.78818495801033
5877,c,38.78818495801033,38.78818495801033
5878,c,38.78818495801033,38.78818495801033
5879,t,38.78818495801033,38.78818495801033
5880,t,38.78818495801033,38.78818495801033
5881,c,15.052295113402401,20.75833325083401
5882,c,38.78818495801033,38.78818495801033
5883,t,38.78818495801033,38.78818495801033
5884,c,38.78818495801033,38.78818495801033
5885,c,38.78818495801033,38.78818495801033
5886,t,38.78818495801033,38.78818495801033
5887,c,38.78818495801033,38.78818495801033
5888,na,0.6058462304715017,19.089200853723188
5889,t,38.78818495801033,38.78818495801033
5890,c,38.78818495801033,38.78818495801033
5891,c,38.78818495801033,38.78818495801033
5892,t,38.78818495801033,38.78818495801033
5893,t,38.78818495801033,38.78818495801033
5894,na,0,0.19862704609285173
5895,t,38.78818495801033,38.78818495801033
5896,c,38.78818495801033,38.78818495801033
5897,c,38.78818495801033,38.78818495801033
5898,c,38.78818495801033,38.78818495801033
5899,t,38.78818495801033,38.78818495801033
5900,c,38.78818495801033,38.78818495801033
5901,c,38.78818495801033,38.78818495801033
5902,t,38.78818495801033,38.78818495801033
5903,c,38.78818495801033,38.78818495801033
5904,t,38.78818495801033,38.78818495801033
5905,t,38.78818495801033,38.78818495801033
5906,c,38.78818495801033,38.78818495801033
5907,t,38.78818495801033,38.78818495801033
5908,c,38.78818495801033,38.78818495801033
5909,c,38.78818495801033,38.78818495801033
5910,c,38.78818495801033,38.78818495801033
5911,t,38.78818495801033,38.78818495801033
5912,c,38.78818495801033,38.78818495801033
5913,t,38.78818495801033,38.78818495801033
5914,t,38.78818495801033,38.78818495801033
5915,t,38.78818495801033,38.78818495801033
5916,t,38.78818495801033,38.78818495801033
5917,c,38.78818495801033,38.78818495801033
5918,t,38.78818495801033,38.78818495801033
5919,c,38.78818495801033,38.78818495801033
5920,c,38.78818495801033,38.78818495801033
5921,c,38.78818495801033,38.78818495801033
5922,c,38.78818495801033,38.78818495801033
5923,t,38.78818495801033,38.78818495801033
5924,c,38.78818495801033,38.78818495801033
5925,t,38.78818495801033,38.78818495801033
5926,c,38.78818495801033,38.78818495801033
5927,t,38.78818495801033,38.78818495801033
5928,t,38.78818495801033,38.78818495801033
5929,t,38.78818495801033,38.78818495801033
5930,t,38.78818495801033,38.78818495801033
5931,t,38.78818495801033,38.78818495801033
5932,t,38.78818495801033,38.78818495801033
5933,t,38.78818495801033,38.78818495801033
5934,t,38.78818495801033,38.78818495801033
5935,t,38.78818495801033,38.78818495801033
5936,c,38.78818495801033,38.78818495801033
5937,t,38.78818495801033,38.78818495801033
5938,t,38.78818495801033,38.78818495801033
5939,c,38.78818495801033,38.78818495801033
5940,c,38.78818495801033,38.78818495801033
5941,c,38.78818495801033,38.78818495801033
5942,t,38.78818495801033,38.78818495801033
5943,c,38.78818495801033,38.78818495801033
5944,c,38.78818495801033,38.78818495801033
5945,c,38.78818495801033,38.78818495801033
5946,t,38.78818495801033,38.78818495801033
5947,t,38.78818495801033,38.78818495801033
5948,c,38.78818495801033,38.78818495801033
5949,t,38.78818495801033,38.78818495801033
5950,na,0.5322350103718877,2.7593472328882847
5951,t,38.78818495801033,38.78818495801033
5952,t,38.78818495801033,38.78818495801033
5953,c,38.78818495801033,38.78818495801033
5954,t,38.78818495801033,38.78818495801033
5955,t,38.78818495801033,38.78818495801033
5956,t,38.78818495801033,38.78818495801033
5957,c,38.78818495801033,38.78818495801033
5958,c,38.78818495801033,38.78818495801033
5959,t,38.78818495801033,38.78818495801033
5960,t,38.78818495801033,38.78818495801033
5961,c,38.78818495801033,38.78818495801033
5962,t,38.78818495801033,38.78818495801033
5963,c,38.78818495801033,38.78818495801033
5964,t,38.78818495801033,38.78818495801033
5965,t,38.78818495801033,38.78818495801033
5966,t,38.78818495801033,38.78818495801033
5967,c,38.78818495801033,38.78818495801033
5968,c,38.78818495801033,38.78818495801033
5969,c,38.78818495801033,38.78818495801033
5970,t,38.78818495801033,38.78818495801033
5971,c,38.78818495801033,38.78818495801033
5972,t,38.78818495801033,38.78818495801033
5973,t,38.78818495801033,38.78818495801033
5974,t,38.78818495801033,38.78818495801033
5975,t,38.78818495801033,38.78818495801033
5976,c,8.187614116265523,12.274293320231026
5977,t,38.78818495801033,38.78818495801033
5978,c,38.78818495801033,38.78818495801033
5979,c,38.78818495801033,38.78818495801033
5980,t,38.78818495801033,38.78818495801033
5981,c,38.78818495801033,38.78818495801033
5982,t,38.78818495801033,38.78818495801033
5983,t,38.78818495801033,38.78818495801033
5984,t,38.78818495801033,38.78818495801033
5985,t,38.78818495801033,38.78818495801033
5986,c,38.78818495801033,38.78818495801033
5987,c,38.78818495801033,38.78818495801033
5988,t,38.78818495801033,38.78818495801033
5989,c,38.78818495801033,38.78818495801033
5990,c,38.78818495801033,38.78818495801033
5991,c,38.78818495801033,38.78818495801033
5992,c,38.78818495801033,38.78818495801033
5993,c,38.78818495801033,38.78818495801033
5994,t,38.78818495801033,38.78818495801033
5995,t,38.78818495801033,38.78818495801033
5996,c,38.78818495801033,38.78818495801033
5997,c,38.78818495801033,38.78818495801033
5998,t,38.78818495801033,38.78818495801033
5999,t,38.78818495801033,38.78818495801033
6000,t,38.78818495801033,38.78818495801033
6001,t,38.78818495801033,38.78818495801033
6002,t,38.78818495801033,38.78818495801033
6003,t,38.78818495801033,38.78818495801033
6004,t,38.78818495801033,38.78818495801033
6005,c,38.78818495801033,38.78818495801033
6006,c,38.78818495801033,38.78818495801033
6007,c,38.78818495801033,38.78818495801033
6008,c,4.7342962722729345,12.009002739072093
6009,t,38.78818495801033,38.78818495801033
6010,c,38.78818495801033,38.78818495801033
6011,c,38.78818495801033,38.78818495801033
6012,c,38.78818495801033,38.78818495801033
6013,c,38.78818495801033,38.78818495801033
6014,t,38.78818495801033,38.78818495801033
6015,t,38.78818495801033,38.78818495801033
6016,t,38.78818495801033,38.78818495801033
6017,t,38.78818495801033,38.78818495801033
6018,t,38.78818495801033,38.78818495801033
6019,t,38.78818495801033,38.78818495801033
6020,c,38.78818495801033,38.78818495801033
6021,t,38.78818495801033,38.78818495801033
6022,t,38.78818495801033,38.78818495801033
6023,t,38.78818495801033,38.78818495801033
6024,t,38.78818495801033,38.78818495801033
6025,c,38.78818495801033,38.78818495801033
6026,t,38.78818495801033,38.78818495801033
6027,c,38.78818495801033,38.78818495801033
6028,c,38.78818495801033,38.78818495801033
6029,t,38.78818495801033,38.78818495801033
6030,c,38.78818495801033,38.78818495801033
6031,c,38.78818495801033,38.78818495801033
6032,c,38.78818495801033,38.78818495801033
6033,c,38.78818495801033,38.78818495801033
6034,c,26.3240141316369,26.642210414324683
6035,t,38.78818495801033,38.78818495801033
6036,c,38.78818495801033,38.78818495801033
6037,t,38.78818495801033,38.78818495801033
6038,c,38.78818495801033,38.78818495801033
6039,t,38.78818495801033,38.78818495801033
6040,t,38.78818495801033,38.78818495801033
6041,t,38.78818495801033,38.78818495801033
6042,c,38.78818495801033,38.78818495801033
6043,c,38.78818495801033,38.78818495801033
6044,t,38.78818495801033,38.78818495801033
6045,c,38.78818495801033,38.78818495801033
6046,t,38.78818495801033,38.78818495801033
6047,c,38.78818495801033,38.78818495801033
6048,c,38.78818495801033,38.78818495801033
6049,t,38.78818495801033,38.78818495801033
6050,c,38.78818495801033,38.78818495801033
6051,c,38.78818495801033,38.78818495801033
6052,c,38.78818495801033,38.78818495801033
6053,t,38.78818495801033,38.78818495801033
6054,c,38.78818495801033,38.78818495801033
6055,c,38.78818495801033,38.78818495801033
6056,c,38.78818495801033,38.78818495801033
6057,c,38.78818495801033,38.78818495801033
6058,t,38.78818495801033,38.78818495801033
6059,c,38.78818495801033,38.78818495801033
6060,c,38.78818495801033,38.78818495801033
6061,t,38.78818495801033,38.78818495801033
6062,c,38.78818495801033,38.78818495801033
6063,c,38.78818495801033,38.78818495801033
6064,t,38.78818495801033,38.78818495801033
6065,t,38.78818495801033,38.78818495801033
6066,c,38.78818495801033,38.78818495801033
6067,t,38.78818495801033,38.78818495801033
6068,c,38.78818495801033,38.78818495801033
6069,t,38.78818495801033,38.78818495801033
6070,c,38.78818495801033,38.78818495801033
6071,t,38.78818495801033,38.78818495801033
6072,t,38.78818495801033,38.78818495801033
6073,c,38.78818495801033,38.78818495801033
6074,t,38.78818495801033,38.78818495801033
6075,c,38.78818495801033,38.78818495801033
6076,t,38.78818495801033,38.78818495801033
6077,c,38.78818495801033,38.78818495801033
6078,c,38.78818495801033,38.78818495801033
6079,c,38.78818495801033,38.78818495801033
6080,c,38.78818495801033,38.78818495801033
6081,c,38.78818495801033,38.78818495801033
6082,t,38.78818495801033,38.78818495801033
6083,t,38.78818495801033,38.78818495801033
6084,t,38.78818495801033,38.78818495801033
6085,t,38.78818495801033,38.78818495801033
6086,t,38.78818495801033,38.78818495801033
6087,c,38.78818495801033,38.78818495801033
6088,t,38.78818495801033,38.78818495801033
6089,c,38.78818495801033,38.78818495801033
6090,c,38.78818495801033,38.78818495801033
6091,t,38.78818495801033,38.78818495801033
6092,t,38.78818495801033,38.78818495801033
6093,t,38.78818495801033,38.78818495801033
6094,c,38.78818495801033,38.78818495801033
6095,t,38.78818495801033,38.78818495801033
6096,t,38.78818495801033,38.78818495801033
6097,c,38.78818495801033,38.78818495801033
6098,c,38.78818495801033,38.78818495801033
6099,t,38.78818495801033,38.78818495801033
6100,c,38.78818495801033,38.78818495801033
6101,c,38.78818495801033,38.78818495801033
6102,t,38.78818495801033,38.78818495801033
6103,t,38.78818495801033,38.78818495801033
6104,t,38.78818495801033,38.78818495801033
6105,c,38.78818495801033,38.78818495801033
6106,t,38.78818495801033,38.78818495801033
6107,t,38.78818495801033,38.78818495801033
6108,t,38.78818495801033,38.78818495801033
6109,t,38.78818495801033,38.78818495801033
6110,t,38.78818495801033,38.78818495801033
6111,c,38.78818495801033,38.78818495801033
6112,c,38.78818495801033,38.78818495801033
6113,c,38.78818495801033,38.78818495801033
6114,t,38.78818495801033,38.78818495801033
6115,t,38.78818495801033,38.78818495801033
6116,c,38.78818495801033,38.78818495801033
6117,c,38.78818495801033,38.78818495801033
6118,c,38.78818495801033,38.78818495801033
6119,t,38.78818495801033,38.78818495801033
6120,c,38.78818495801033,38.78818495801033
6121,t,38.78818495801033,38.78818495801033
6122,c,38.78818495801033,38.78818495801033
6123,c,38.78818495801033,38.78818495801033
6124,c,38.78818495801033,38.78818495801033
6125,t,38.78818495801033,38.78818495801033
6126,t,38.78818495801033,38.78818495801033
6127,c,38.78818495801033,38.78818495801033
6128,c,38.78818495801033,38.78818495801033
6129,c,38.78818495801033,38.78818495801033
6130,c,38.78818495801033,38.78818495801033
6131,t,38.78818495801033,38.78818495801033
6132,c,38.78818495801033,38.78818495801033
6133,c,38.78818495801033,38.78818495801033
6134,c,38.78818495801033,38.78818495801033
6135,c,38.78818495801033,38.78818495801033
6136,t,38.78818495801033,38.78818495801033
6137,c,38.78818495801033,38.78818495801033
6138,c,38.78818495801033,38.78818495801033
6139,c,38.78818495801033,38.78818495801033
6140,t,38.78818495801033,38.78818495801033
6141,t,38.78818495801033,38.78818495801033
6142,c,38.78818495801033,38.78818495801033
6143,t,38.78818495801033,38.78818495801033
6144,t,38.78818495801033,38.78818495801033
6145,c,38.78818495801033,38.78818495801033
6146,t,38.78818495801033,38.78818495801033
6147,t,38.78818495801033,38.78818495801033
6148,c,38.78818495801033,38.78818495801033
6149,t,38.78818495801033,38.78818495801033
6150,t,38.78818495801033,38.78818495801033
6151,c,38.78818495801033,38.78818495801033
6152,t,38.78818495801033,38.78818495801033
6153,t,38.78818495801033,38.78818495801033
6154,t,38.78818495801033,38.78818495801033
6155,c,38.78818495801033,38.78818495801033
6156,t,38.78818495801033,38.78818495801033
6157,c,38.78818495801033,38.78818495801033
6158,t,38.78818495801033,38.78818495801033
6159,t,38.78818495801033,38.78818495801033
6160,t,38.78818495801033,38.78818495801033
6161,t,38.78818495801033,38.78818495801033
6162,c,38.78818495801033,38.78818495801033
6163,c,38.78818495801033,38.78818495801033
6164,t,38.78818495801033,38.78818495801033
6165,c,38.78818495801033,38.78818495801033
6166,t,38.78818495801033,38.78818495801033
6167,c,38.78818495801033,38.78818495801033
6168,c,38.78818495801033,38.78818495801033
6169,t,38.78818495801033,38.78818495801033
6170,t,38.78818495801033,38.78818495801033
6171,c,38.78818495801033,38.78818495801033
6172,c,38.78818495801033,38.78818495801033
6173,t,38.78818495801033,38.78818495801033
6174,t,38.78818495801033,38.78818495801033
6175,t,38.78818495801033,38.78818495801033
6176,t,38.78818495801033,38.78818495801033
6177,t,38.78818495801033,38.78818495801033
6178,c,38.78818495801033,38.78818495801033
6179,t,38.78818495801033,38.78818495801033
6180,c,38.78818495801033,38.78818495801033
6181,t,38.78818495801033,38.78818495801033
6182,c,38.78818495801033,38.78818495801033
6183,t,38.78818495801033,38.78818495801033
6184,t,38.78818495801033,38.78818495801033
6185,t,38.78818495801033,38.78818495801033
6186,t,38.78818495801033,38.78818495801033
6187,t,38.78818495801033,38.78818495801033
6188,c,38.78818495801033,38.78818495801033
6189,t,38.78818495801033,38.78818495801033
6190,t,38.78818495801033,38.78818495801033
6191,t,38.78818495801033,38.78818495801033
6192,c,38.78818495801033,38.78818495801033
6193,t,38.78818495801033,38.78818495801033
6194,t,38.78818495801033,38.78818495801033
6195,c,38.78818495801033,38.78818495801033
6196,t,38.78818495801033,38.78818495801033
6197,c,38.78818495801033,38.78818495801033
6198,t,38.78818495801033,38.78818495801033
6199,c,38.78818495801033,38.78818495801033
6200,t,38.78818495801033,38.78818495801033
6201,t,38.78818495801033,38.78818495801033
6202,t,38.78818495801033,38.78818495801033
6203,c,38.78818495801033,38.78818495801033
6204,t,38.78818495801033,38.78818495801033
6205,c,38.78818495801033,38.78818495801033
6206,c,38.78818495801033,38.78818495801033
6207,t,38.78818495801033,38.78818495801033
6208,c,38.78818495801033,38.78818495801033
6209,c,38.78818495801033,38.78818495801033
6210,t,38.78818495801033,38.78818495801033
6211,t,38.78818495801033,38.78818495801033
6212,t,38.78818495801033,38.78818495801033
6213,c,38.78818495801033,38.78818495801033
6214,t,38.78818495801033,38.78818495801033
6215,t,38.78818495801033,38.78818495801033
6216,t,38.78818495801033,38.78818495801033
6217,t,38.78818495801033,38.78818495801033
6218,t,38.78818495801033,38.78818495801033
6219,na,38.78818495801033,38.78818495801033
6220,t,38.78818495801033,38.78818495801033
6221,c,38.78818495801033,38.78818495801033
6222,t,38.78818495801033,38.78818495801033
6223,t,38.78818495801033,38.78818495801033
6224,t,38.78818495801033,38.78818495801033
6225,t,38.78818495801033,38.78818495801033
6226,c,38.78818495801033,38.78818495801033
6227,t,38.78818495801033,38.78818495801033
6228,t,38.78818495801033,38.78818495801033
6229,c,38.78818495801033,38.78818495801033
6230,t,38.78818495801033,38.78818495801033
6231,t,38.78818495801033,38.78818495801033
6232,t,38.78818495801033,38.78818495801033
6233,t,38.78818495801033,38.78818495801033
6234,t,38.78818495801033,38.78818495801033
6235,t,38.78818495801033,38.78818495801033
6236,t,38.78818495801033,38.78818495801033
6237,c,38.78818495801033,38.78818495801033
6238,c,38.78818495801033,38.78818495801033
6239,t,38.78818495801033,38.78818495801033
6240,c,19.97960890721697,38.413598542450174
6241,c,11.124038505711939,11.488736584198623
6242,c,38.78818495801033,38.78818495801033
6243,t,38.78818495801033,38.78818495801033
6244,t,38.78818495801033,38.78818495801033
6245,na,0,7.896481565408036
6246,c,38.78818495801033,38.78818495801033
6247,t,38.78818495801033,38.78818495801033
6248,c,38.78818495801033,38.78818495801033
6249,c,38.78818495801033,38.78818495801033
6250,t,38.78818495801033,38.78818495801033
6251,c,38.78818495801033,38.78818495801033
6252,c,38.78818495801033,38.78818495801033
6253,t,38.78818495801033,38.78818495801033
6254,t,38.78818495801033,38.78818495801033
6255,t,38.78818495801033,38.78818495801033
6256,t,38.78818495801033,38.78818495801033
6257,t,38.78818495801033,38.78818495801033
6258,t,38.78818495801033,38.78818495801033
6259,t,38.78818495801033,38.78818495801033
6260,t,38.78818495801033,38.78818495801033
6261,t,38.78818495801033,38.78818495801033
6262,t,38.78818495801033,38.78818495801033
6263,t,38.78818495801033,38.78818495801033
6264,t,38.78818495801033,38.78818495801033
6265,t,38.78818495801033,38.78818495801033
6266,t,38.78818495801033,38.78818495801033
6267,t,38.78818495801033,38.78818495801033
6268,na,0,6.699125401240433
6269,t,38.78818495801033,38.78818495801033
6270,c,38.78818495801033,38.78818495801033
6271,c,6.472101450120954,11.330575761163002
6272,t,38.78818495801033,38.78818495801033
6273,t,38.78818495801033,38.78818495801033
6274,c,38.78818495801033,38.78818495801033
6275,t,38.78818495801033,38.78818495801033
6276,t,38.78818495801033,38.78818495801033
6277,c,38.78818495801033,38.78818495801033
6278,c,38.78818495801033,38.78818495801033
6279,t,38.78818495801033,38.78818495801033
6280,c,38.78818495801033,38.78818495801033
6281,t,38.78818495801033,38.78818495801033
6282,t,38.78818495801033,38.78818495801033
6283,c,38.78818495801033,38.78818495801033
6284,t,38.78818495801033,38.78818495801033
6285,t,38.78818495801033,38.78818495801033
6286,c,38.78818495801033,38.78818495801033
6287,t,38.78818495801033,38.78818495801033
6288,t,38.78818495801033,38.78818495801033
6289,c,38.78818495801033,38.78818495801033
6290,c,38.78818495801033,38.78818495801033
6291,c,38.78818495801033,38.78818495801033
6292,t,38.78818495801033,38.78818495801033
6293,t,38.78818495801033,38.78818495801033
6294,c,38.78818495801033,38.78818495801033
6295,c,38.78818495801033,38.78818495801033
6296,t,38.78818495801033,38.78818495801033
6297,c,38.78818495801033,38.78818495801033
6298,t,38.78818495801033,38.78818495801033
6299,t,38.78818495801033,38.78818495801033
6300,c,38.78818495801033,38.78818495801033
6301,c,38.78818495801033,38.78818495801033
6302,c,38.78818495801033,38.78818495801033
6303,t,38.78818495801033,38.78818495801033
6304,c,38.78818495801033,38.78818495801033
6305,t,38.78818495801033,38.78818495801033
6306,c,38.78818495801033,38.78818495801033
6307,t,38.78818495801033,38.78818495801033
6308,c,38.78818495801033,38.78818495801033
6309,c,38.78818495801033,38.78818495801033
6310,t,38.78818495801033,38.78818495801033
6311,t,38.78818495801033,38.78818495801033
6312,c,38.78818495801033,38.78818495801033
6313,t,38.78818495801033,38.78818495801033
6314,c,38.78818495801033,38.78818495801033
6315,c,38.78818495801033,38.78818495801033
6316,t,38.78818495801033,38.78818495801033
6317,t,38.78818495801033,38.78818495801033
6318,c,38.78818495801033,38.78818495801033
6319,c,38.78818495801033,38.78818495801033
6320,t,38.78818495801033,38.78818495801033
6321,c,38.78818495801033,38.78818495801033
6322,t,38.78818495801033,38.78818495801033
6323,c,38.78818495801033,38.78818495801033
6324,t,38.78818495801033,38.78818495801033
6325,t,38.78818495801033,38.78818495801033
6326,c,38.78818495801033,38.78818495801033
6327,t,38.78818495801033,38.78818495801033
6328,c,38.78818495801033,38.78818495801033
6329,t,38.78818495801033,38.78818495801033
6330,t,38.78818495801033,38.78818495801033
6331,c,38.78818495801033,38.78818495801033
6332,c,38.78818495801033,38.78818495801033
6333,c,38.78818495801033,38.78818495801033
6334,c,38.78818495801033,38.78818495801033
6335,c,38.78818495801033,38.78818495801033
6336,c,38.78818495801033,38.78818495801033
6337,t,38.78818495801033,38.78818495801033
6338,c,38.78818495801033,38.78818495801033
6339,c,38.78818495801033,38.78818495801033
6340,t,38.78818495801033,38.78818495801033
6341,c,38.78818495801033,38.78818495801033
6342,t,38.78818495801033,38.78818495801033
6343,t,38.78818495801033,38.78818495801033
6344,t,38.78818495801033,38.78818495801033
6345,t,38.78818495801033,38.78818495801033
6346,t,38.78818495801033,38.78818495801033
6347,c,38.78818495801033,38.78818495801033
6348,c,38.78818495801033,38.78818495801033
6349,c,38.78818495801033,38.78818495801033
6350,t,38.78818495801033,38.78818495801033
6351,c,38.78818495801033,38.78818495801033
6352,t,38.78818495801033,38.78818495801033
6353,t,38.78818495801033,38.78818495801033
6354,t,38.78818495801033,38.78818495801033
6355,t,38.78818495801033,38.78818495801033
6356,t,38.78818495801033,38.78818495801033
6357,c,38.78818495801033,38.78818495801033
6358,c,38.78818495801033,38.78818495801033
6359,c,38.78818495801033,38.78818495801033
6360,c,38.78818495801033,38.78818495801033
6361,c,38.78818495801033,38.78818495801033
6362,c,38.78818495801033,38.78818495801033
6363,t,38.78818495801033,38.78818495801033
6364,c,38.78818495801033,38.78818495801033
6365,t,38.78818495801033,38.78818495801033
6366,c,38.78818495801033,38.78818495801033
6367,c,38.78818495801033,38.78818495801033
6368,t,38.78818495801033,38.78818495801033
6369,t,38.78818495801033,38.78818495801033
6370,c,38.78818495801033,38.78818495801033
6371,c,38.78818495801033,38.78818495801033
6372,t,38.78818495801033,38.78818495801033
6373,c,38.78818495801033,38.78818495801033
6374,t,38.78818495801033,38.78818495801033
6375,c,38.78818495801033,38.78818495801033
6376,t,38.78818495801033,38.78818495801033
6377,t,38.78818495801033,38.78818495801033
6378,t,38.78818495801033,38.78818495801033
6379,c,38.78818495801033,38.78818495801033
6380,t,38.78818495801033,38.78818495801033
6381,t,38.78818495801033,38.78818495801033
6382,c,38.78818495801033,38.78818495801033
6383,c,38.78818495801033,38.78818495801033
6384,t,38.78818495801033,38.78818495801033
6385,c,38.78818495801033,38.78818495801033
6386,c,38.78818495801033,38.78818495801033
6387,c,38.78818495801033,38.78818495801033
6388,t,38.78818495801033,38.78818495801033
6389,t,38.78818495801033,38.78818495801033
6390,t,38.78818495801033,38.78818495801033
6391,t,38.78818495801033,38.78818495801033
6392,c,38.78818495801033,38.78818495801033
6393,t,38.78818495801033,38.78818495801033
6394,t,38.78818495801033,38.78818495801033
6395,c,38.78818495801033,38.78818495801033
6396,t,38.78818495801033,38.78818495801033
6397,c,38.78818495801033,38.78818495801033
6398,t,38.78818495801033,38.78818495801033
6399,t,38.78818495801033,38.78818495801033
6400,c,38.78818495801033,38.78818495801033
6401,c,38.78818495801033,38.78818495801033
6402,t,38.78818495801033,38.78818495801033
6403,c,38.78818495801033,38.78818495801033
6404,c,38.78818495801033,38.78818495801033
6405,c,38.78818495801033,38.78818495801033
6406,t,38.78818495801033,38.78818495801033
6407,c,38.78818495801033,38.78818495801033
6408,c,38.78818495801033,38.78818495801033
6409,t,38.78818495801033,38.78818495801033
6410,t,38.78818495801033,38.78818495801033
6411,t,38.78818495801033,38.78818495801033
6412,t,38.78818495801033,38.78818495801033
6413,t,38.78818495801033,38.78818495801033
6414,t,38.78818495801033,38.78818495801033
6415,c,38.78818495801033,38.78818495801033
6416,t,38.78818495801033,38.78818495801033
6417,t,38.78818495801033,38.78818495801033
6418,t,38.78818495801033,38.78818495801033
6419,c,38.78818495801033,38.78818495801033
6420,c,38.78818495801033,38.78818495801033
6421,c,38.78818495801033,38.78818495801033
6422,c,38.78818495801033,38.78818495801033
6423,t,38.78818495801033,38.78818495801033
6424,c,38.78818495801033,38.78818495801033
6425,c,38.78818495801033,38.78818495801033
6426,t,38.78818495801033,38.78818495801033
6427,c,38.78818495801033,38.78818495801033
6428,c,38.78818495801033,38.78818495801033
6429,t,38.78818495801033,38.78818495801033
6430,c,38.78818495801033,38.78818495801033
6431,t,38.78818495801033,38.78818495801033
6432,c,38.78818495801033,38.78818495801033
6433,t,38.78818495801033,38.78818495801033
6434,c,38.78818495801033,38.78818495801033
6435,c,38.78818495801033,38.78818495801033
6436,c,38.78818495801033,38.78818495801033
6437,t,38.78818495801033,38.78818495801033
6438,c,38.78818495801033,38.78818495801033
6439,c,38.78818495801033,38.78818495801033
6440,t,38.78818495801033,38.78818495801033
6441,c,38.78818495801033,38.78818495801033
6442,c,38.78818495801033,38.78818495801033
6443,t,38.78818495801033,38.78818495801033
6444,t,38.78818495801033,38.78818495801033
6445,c,38.78818495801033,38.78818495801033
6446,c,38.78818495801033,38.78818495801033
6447,t,38.78818495801033,38.78818495801033
6448,t,38.78818495801033,38.78818495801033
6449,t,38.78818495801033,38.78818495801033
6450,t,38.78818495801033,38.78818495801033
6451,c,38.78818495801033,38.78818495801033
6452,c,38.78818495801033,38.78818495801033
6453,c,38.78818495801033,38.78818495801033
6454,t,38.78818495801033,38.78818495801033
6455,t,38.78818495801033,38.78818495801033
6456,t,38.78818495801033,38.78818495801033
6457,t,38.78818495801033,38.78818495801033
6458,t,38.78818495801033,38.78818495801033
6459,t,38.78818495801033,38.78818495801033
6460,t,38.78818495801033,38.78818495801033
6461,na,0.15469888625282074,15.785543066225896
6462,t,38.78818495801033,38.78818495801033
6463,c,38.78818495801033,38.78818495801033
6464,na,21.845606633812952,23.398418536428558
6465,c,38.78818495801033,38.78818495801033
6466,t,38.78818495801033,38.78818495801033
6467,t,38.78818495801033,38.78818495801033
6468,c,7.230773425589398,9.785706419035472
6469,t,38.78818495801033,38.78818495801033
6470,t,38.78818495801033,38.78818495801033
6471,c,38.78818495801033,38.78818495801033
6472,c,38.78818495801033,38.78818495801033
6473,c,38.78818495801033,38.78818495801033
6474,c,38.78818495801033,38.78818495801033
6475,c,38.78818495801033,38.78818495801033
6476,c,38.78818495801033,38.78818495801033
6477,c,38.78818495801033,38.78818495801033
6478,t,38.78818495801033,38.78818495801033
6479,c,38.78818495801033,38.78818495801033
6480,t,38.78818495801033,38.78818495801033
6481,t,38.78818495801033,38.78818495801033
6482,c,38.78818495801033,38.78818495801033
6483,t,38.78818495801033,38.78818495801033
6484,na,0,1.887421909723167
6485,c,38.78818495801033,38.78818495801033
6486,t,38.78818495801033,38.78818495801033
6487,c,38.78818495801033,38.78818495801033
6488,c,38.78818495801033,38.78818495801033
6489,t,38.78818495801033,38.78818495801033
6490,c,38.78818495801033,38.78818495801033
6491,t,38.78818495801033,38.78818495801033
6492,t,38.78818495801033,38.78818495801033
6493,c,38.78818495801033,38.78818495801033
6494,c,38.78818495801033,38.78818495801033
6495,c,38.78818495801033,38.78818495801033
6496,c,38.78818495801033,38.78818495801033
6497,t,38.78818495801033,38.78818495801033
6498,t,38.78818495801033,38.78818495801033
6499,t,38.78818495801033,38.78818495801033
6500,t,38.78818495801033,38.78818495801033
6501,c,38.78818495801033,38.78818495801033
6502,t,38.78818495801033,38.78818495801033
6503,t,38.78818495801033,38.78818495801033
6504,c,38.78818495801033,38.78818495801033
6505,t,38.78818495801033,38.78818495801033
6506,c,38.78818495801033,38.78818495801033
6507,c,38.78818495801033,38.78818495801033
6508,c,38.78818495801033,38.78818495801033
6509,t,38.78818495801033,38.78818495801033
6510,t,38.78818495801033,38.78818495801033
6511,c,38.78818495801033,38.78818495801033
6512,t,38.78818495801033,38.78818495801033
6513,t,38.78818495801033,38.78818495801033
6514,na,0.4468521159178313,1.1695016608793158
6515,t,38.78818495801033,38.78818495801033
6516,t,38.78818495801033,38.78818495801033
6517,c,38.78818495801033,38.78818495801033
6518,t,38.78818495801033,38.78818495801033
6519,t,38.78818495801033,38.78818495801033
6520,t,38.78818495801033,38.78818495801033
6521,t,38.78818495801033,38.78818495801033
6522,t,38.78818495801033,38.78818495801033
6523,t,38.78818495801033,38.78818495801033
6524,t,38.78818495801033,38.78818495801033
6525,c,38.78818495801033,38.78818495801033
6526,c,38.78818495801033,38.78818495801033
6527,c,38.78818495801033,38.78818495801033
6528,c,38.78818495801033,38.78818495801033
6529,t,38.78818495801033,38.78818495801033
6530,t,38.78818495801033,38.78818495801033
6531,t,38.78818495801033,38.78818495801033
6532,t,38.78818495801033,38.78818495801033
6533,c,38.78818495801033,38.78818495801033
6534,t,38.78818495801033,38.78818495801033
6535,c,38.78818495801033,38.78818495801033
6536,c,38.78818495801033,38.78818495801033
6537,c,38.78818495801033,38.78818495801033
6538,t,38.78818495801033,38.78818495801033
6539,c,38.78818495801033,38.78818495801033
6540,c,38.78818495801033,38.78818495801033
6541,c,38.78818495801033,38.78818495801033
6542,t,38.78818495801033,38.78818495801033
6543,t,38.78818495801033,38.78818495801033
6544,t,38.78818495801033,38.78818495801033
6545,c,38.78818495801033,38.78818495801033
6546,c,38.78818495801033,38.78818495801033
6547,c,38.78818495801033,38.78818495801033
6548,t,38.78818495801033,38.78818495801033
6549,c,38.78818495801033,38.78818495801033
6550,t,38.78818495801033,38.78818495801033
6551,c,38.78818495801033,38.78818495801033
6552,t,38.78818495801033,38.78818495801033
6553,c,38.78818495801033,38.78818495801033
6554,c,38.78818495801033,38.78818495801033
6555,c,38.78818495801033,38.78818495801033
6556,c,38.78818495801033,38.78818495801033
6557,c,38.78818495801033,38.78818495801033
6558,t,38.78818495801033,38.78818495801033
6559,c,38.78818495801033,38.78818495801033
6560,c,38.78818495801033,38.78818495801033
6561,t,38.78818495801033,38.78818495801033
6562,c,38.78818495801033,38.78818495801033
6563,t,38.78818495801033,38.78818495801033
6564,t,38.78818495801033,38.78818495801033
6565,c,38.78818495801033,38.78818495801033
6566,c,38.78818495801033,38.78818495801033
6567,t,38.78818495801033,38.78818495801033
6568,c,38.78818495801033,38.78818495801033
6569,t,38.78818495801033,38.78818495801033
6570,t,38.78818495801033,38.78818495801033
6571,c,38.78818495801033,38.78818495801033
6572,t,38.78818495801033,38.78818495801033
6573,t,38.78818495801033,38.78818495801033
6574,t,38.78818495801033,38.78818495801033
6575,t,38.78818495801033,38.78818495801033
6576,c,38.78818495801033,38.78818495801033
6577,t,38.78818495801033,38.78818495801033
6578,t,38.78818495801033,38.78818495801033
6579,c,38.78818495801033,38.78818495801033
6580,t,38.78818495801033,38.78818495801033
6581,c,38.78818495801033,38.78818495801033
6582,t,38.78818495801033,38.78818495801033
6583,t,38.78818495801033,38.78818495801033
6584,c,38.78818495801033,38.78818495801033
6585,t,38.78818495801033,38.78818495801033
6586,t,38.78818495801033,38.78818495801033
6587,t,38.78818495801033,38.78818495801033
6588,t,38.78818495801033,38.78818495801033
6589,c,38.78818495801033,38.78818495801033
6590,c,38.78818495801033,38.78818495801033
6591,c,38.78818495801033,38.78818495801033
6592,t,38.78818495801033,38.78818495801033
6593,c,3.5694570449920944,8.03379892550692
6594,na,0,7.463720659792581
6595,c,38.78818495801033,38.78818495801033
6596,c,38.78818495801033,38.78818495801033
6597,t,38.78818495801033,38.78818495801033
6598,t,38.78818495801033,38.78818495801033
6599,t,38.78818495801033,38.78818495801033
6600,t,38.78818495801033,38.78818495801033
6601,t,38.78818495801033,38.78818495801033
6602,c,38.78818495801033,38.78818495801033
6603,c,38.78818495801033,38.78818495801033
6604,t,38.78818495801033,38.78818495801033
6605,t,38.78818495801033,38.78818495801033
6606,t,38.78818495801033,38.78818495801033
6607,c,38.78818495801033,38.78818495801033
6608,t,38.78818495801033,38.78818495801033
6609,t,38.78818495801033,38.78818495801033
6610,t,38.78818495801033,38.78818495801033
6611,t,38.78818495801033,38.78818495801033
6612,t,38.78818495801033,38.78818495801033
6613,c,38.78818495801033,38.78818495801033
6614,c,38.78818495801033,38.78818495801033
6615,t,38.78818495801033,38.78818495801033
6616,c,38.78818495801033,38.78818495801033
6617,c,38.78818495801033,38.78818495801033
6618,c,38.78818495801033,38.78818495801033
6619,c,38.78818495801033,38.78818495801033
6620,c,38.78818495801033,38.78818495801033
6621,c,38.78818495801033,38.78818495801033
6622,c,38.78818495801033,38.78818495801033
6623,c,38.78818495801033,38.78818495801033
6624,c,38.78818495801033,38.78818495801033
6625,t,38.78818495801033,38.78818495801033
6626,t,38.78818495801033,38.78818495801033
6627,t,38.78818495801033,38.78818495801033
6628,c,38.78818495801033,38.78818495801033
6629,t,38.78818495801033,38.78818495801033
6630,na,7.871321648204726,10.599054848568159
6631,t,38.78818495801033,38.78818495801033
6632,t,38.78818495801033,38.78818495801033
6633,t,38.78818495801033,38.78818495801033
6634,t,38.78818495801033,38.78818495801033
6635,c,38.78818495801033,38.78818495801033
6636,c,38.78818495801033,38.78818495801033
6637,t,38.78818495801033,38.78818495801033
6638,c,38.78818495801033,38.78818495801033
6639,t,38.78818495801033,38.78818495801033
6640,c,38.78818495801033,38.78818495801033
6641,t,38.78818495801033,38.78818495801033
6642,c,38.78818495801033,38.78818495801033
6643,c,38.78818495801033,38.78818495801033
6644,na,0,4.575178427042385
6645,c,38.78818495801033,38.78818495801033
6646,t,38.78818495801033,38.78818495801033
6647,t,38.78818495801033,38.78818495801033
6648,c,38.78818495801033,38.78818495801033
6649,t,38.78818495801033,38.78818495801033
6650,t,38.78818495801033,38.78818495801033
6651,t,38.78818495801033,38.78818495801033
6652,t,38.78818495801033,38.78818495801033
6653,t,38.78818495801033,38.78818495801033
6654,c,38.78818495801033,38.78818495801033
6655,c,38.78818495801033,38.78818495801033
6656,c,38.78818495801033,38.78818495801033
6657,c,38.78818495801033,38.78818495801033
6658,c,38.78818495801033,38.78818495801033
6659,t,38.78818495801033,38.78818495801033
6660,c,38.78818495801033,38.78818495801033
6661,c,38.78818495801033,38.78818495801033
6662,t,38.78818495801033,38.78818495801033
6663,t,38.78818495801033,38.78818495801033
6664,t,38.78818495801033,38.78818495801033
6665,c,38.78818495801033,38.78818495801033
6666,t,38.78818495801033,38.78818495801033
6667,t,38.78818495801033,38.78818495801033
6668,t,38.78818495801033,38.78818495801033
6669,t,38.78818495801033,38.78818495801033
6670,t,38.78818495801033,38.78818495801033
6671,c,38.78818495801033,38.78818495801033
6672,c,38.78818495801033,38.78818495801033
6673,t,38.78818495801033,38.78818495801033
6674,c,38.78818495801033,38.78818495801033
6675,c,38.78818495801033,38.78818495801033
6676,c,38.78818495801033,38.78818495801033
6677,t,38.78818495801033,38.78818495801033
6678,t,38.78818495801033,38.78818495801033
6679,c,38.78818495801033,38.78818495801033
6680,c,38.78818495801033,38.78818495801033
6681,t,38.78818495801033,38.78818495801033
6682,c,38.78818495801033,38.78818495801033
6683,c,38.78818495801033,38.78818495801033
6684,c,38.78818495801033,38.78818495801033
6685,c,38.78818495801033,38.78818495801033
6686,t,38.78818495801033,38.78818495801033
6687,t,38.78818495801033,38.78818495801033
6688,t,38.78818495801033,38.78818495801033
6689,c,38.78818495801033,38.78818495801033
6690,c,38.78818495801033,38.78818495801033
6691,t,38.78818495801033,38.78818495801033
6692,c,38.78818495801033,38.78818495801033
6693,t,38.78818495801033,38.78818495801033
6694,t,38.78818495801033,38.78818495801033
6695,c,38.78818495801033,38.78818495801033
6696,c,38.78818495801033,38.78818495801033
6697,c,38.78818495801033,38.78818495801033
6698,c,38.78818495801033,38.78818495801033
6699,t,38.78818495801033,38.78818495801033
6700,t,38.78818495801033,38.78818495801033
6701,t,38.78818495801033,38.78818495801033
6702,t,38.78818495801033,38.78818495801033
6703,t,38.78818495801033,38.78818495801033
6704,c,38.78818495801033,38.78818495801033
6705,t,38.78818495801033,38.78818495801033
6706,t,38.78818495801033,38.78818495801033
6707,t,38.78818495801033,38.78818495801033
6708,c,38.78818495801033,38.78818495801033
6709,c,38.78818495801033,38.78818495801033
6710,c,38.78818495801033,38.78818495801033
6711,t,38.78818495801033,38.78818495801033
6712,t,38.78818495801033,38.78818495801033
6713,c,38.78818495801033,38.78818495801033
6714,t,38.78818495801033,38.78818495801033
6715,t,38.78818495801033,38.78818495801033
6716,c,38.78818495801033,38.78818495801033
6717,c,38.78818495801033,38.78818495801033
6718,c,38.78818495801033,38.78818495801033
6719,t,38.78818495801033,38.78818495801033
6720,c,38.78818495801033,38.78818495801033
6721,c,38.78818495801033,38.78818495801033
6722,t,38.78818495801033,38.78818495801033
6723,t,38.78818495801033,38.78818495801033
6724,c,38.78818495801033,38.78818495801033
6725,c,38.78818495801033,38.78818495801033
6726,c,38.78818495801033,38.78818495801033
6727,t,38.78818495801033,38.78818495801033
6728,c,38.78818495801033,38.78818495801033
6729,c,38.78818495801033,38.78818495801033
6730,t,38.78818495801033,38.78818495801033
6731,c,38.78818495801033,38.78818495801033
6732,t,38.78818495801033,38.78818495801033
6733,c,38.78818495801033,38.78818495801033
6734,na,0,1.0041196848658704
6735,c,38.78818495801033,38.78818495801033
6736,t,38.78818495801033,38.78818495801033
6737,c,38.78818495801033,38.78818495801033
6738,t,38.78818495801033,38.78818495801033
6739,t,38.78818495801033,38.78818495801033
6740,c,38.78818495801033,38.78818495801033
6741,c,38.78818495801033,38.78818495801033
6742,c,38.78818495801033,38.78818495801033
6743,t,38.78818495801033,38.78818495801033
6744,c,38.78818495801033,38.78818495801033
6745,t,38.78818495801033,38.78818495801033
6746,t,38.78818495801033,38.78818495801033
6747,c,38.78818495801033,38.78818495801033
6748,t,38.78818495801033,38.78818495801033
6749,c,38.78818495801033,38.78818495801033
6750,c,10.928762252003148,38.78818495801033
6751,c,38.78818495801033,38.78818495801033
6752,t,38.78818495801033,38.78818495801033
6753,c,38.78818495801033,38.78818495801033
6754,t,38.78818495801033,38.78818495801033
6755,c,38.78818495801033,38.78818495801033
6756,na,-1,0
6757,c,38.78818495801033,38.78818495801033
6758,t,38.78818495801033,38.78818495801033
6759,t,38.78818495801033,38.78818495801033
6760,c,38.78818495801033,38.78818495801033
6761,t,38.78818495801033,38.78818495801033
6762,t,38.78818495801033,38.78818495801033
6763,t,38.78818495801033,38.78818495801033
6764,t,38.78818495801033,38.78818495801033
6765,c,38.78818495801033,38.78818495801033
6766,t,38.78818495801033,38.78818495801033
6767,c,38.78818495801033,38.78818495801033
6768,c,8.54967751913831,19.586026669869515
6769,t,38.78818495801033,38.78818495801033
6770,t,38.78818495801033,38.78818495801033
6771,t,38.78818495801033,38.78818495801033
6772,t,38.78818495801033,38.78818495801033
6773,t,38.78818495801033,38.78818495801033
6774,c,38.78818495801033,38.78818495801033
6775,t,38.78818495801033,38.78818495801033
6776,c,38.78818495801033,38.78818495801033
6777,c,38.78818495801033,38.78818495801033
6778,c,38.78818495801033,38.78818495801033
6779,t,38.78818495801033,38.78818495801033
6780,t,38.78818495801033,38.78818495801033
6781,t,38.78818495801033,38.78818495801033
6782,t,38.78818495801033,38.78818495801033
6783,c,38.78818495801033,38.78818495801033
6784,c,38.78818495801033,38.78818495801033
6785,t,38.78818495801033,38.78818495801033
6786,c,38.78818495801033,38.78818495801033
6787,c,38.78818495801033,38.78818495801033
6788,t,38.78818495801033,38.78818495801033
6789,t,38.78818495801033,38.78818495801033
6790,t,38.78818495801033,38.78818495801033
6791,t,38.78818495801033,38.78818495801033
6792,c,38.78818495801033,38.78818495801033
6793,c,38.78818495801033,38.78818495801033
6794,c,38.78818495801033,38.78818495801033
6795,c,38.78818495801033,38.78818495801033
6796,t,38.78818495801033,38.78818495801033
6797,c,38.78818495801033,38.78818495801033
6798,c,38.78818495801033,38.78818495801033
6799,t,38.78818495801033,38.78818495801033
6800,c,38.78818495801033,38.78818495801033
6801,c,38.78818495801033,38.78818495801033
6802,t,38.78818495801033,38.78818495801033
6803,t,38.78818495801033,38.78818495801033
6804,t,38.78818495801033,38.78818495801033
6805,c,38.78818495801033,38.78818495801033
6806,c,38.78818495801033,38.78818495801033
6807,t,38.78818495801033,38.78818495801033
6808,t,38.78818495801033,38.78818495801033
6809,c,38.78818495801033,38.78818495801033
6810,t,38.78818495801033,38.78818495801033
6811,t,38.78818495801033,38.78818495801033
6812,t,38.78818495801033,38.78818495801033
6813,c,38.78818495801033,38.78818495801033
6814,c,38.78818495801033,38.78818495801033
6815,t,38.78818495801033,38.78818495801033
6816,c,38.78818495801033,38.78818495801033
6817,c,38.78818495801033,38.78818495801033
6818,t,38.78818495801033,38.78818495801033
6819,c,38.78818495801033,38.78818495801033
6820,c,38.78818495801033,38.78818495801033
6821,t,38.78818495801033,38.78818495801033
6822,t,38.78818495801033,38.78818495801033
6823,na,2.607989222677473,5.152873334980147
6824,t,38.78818495801033,38.78818495801033
6825,t,38.78818495801033,38.78818495801033
6826,c,38.78818495801033,38.78818495801033
6827,c,38.78818495801033,38.78818495801033
6828,c,38.78818495801033,38.78818495801033
6829,c,38.78818495801033,38.78818495801033
6830,c,38.78818495801033,38.78818495801033
6831,t,38.78818495801033,38.78818495801033
6832,t,38.78818495801033,38.78818495801033
6833,t,38.78818495801033,38.78818495801033
6834,t,38.78818495801033,38.78818495801033
6835,t,38.78818495801033,38.78818495801033
6836,t,38.78818495801033,38.78818495801033
6837,t,38.78818495801033,38.78818495801033
6838,t,38.78818495801033,38.78818495801033
6839,t,38.78818495801033,38.78818495801033
6840,c,38.78818495801033,38.78818495801033
6841,c,38.78818495801033,38.78818495801033
6842,t,38.78818495801033,38.78818495801033
6843,c,38.78818495801033,38.78818495801033
6844,c,38.78818495801033,38.78818495801033
6845,c,38.78818495801033,38.78818495801033
6846,c,38.78818495801033,38.78818495801033
6847,c,38.78818495801033,38.78818495801033
6848,c,38.78818495801033,38.78818495801033
6849,t,38.78818495801033,38.78818495801033
6850,t,38.78818495801033,38.78818495801033
6851,t,38.78818495801033,38.78818495801033
6852,c,38.78818495801033,38.78818495801033
6853,c,38.78818495801033,38.78818495801033
6854,t,38.78818495801033,38.78818495801033
6855,na,12.564772820538641,13.825164668502888
6856,t,38.78818495801033,38.78818495801033
6857,t,38.78818495801033,38.78818495801033
6858,c,38.78818495801033,38.78818495801033
6859,t,38.78818495801033,38.78818495801033
6860,c,38.78818495801033,38.78818495801033
6861,t,38.78818495801033,38.78818495801033
6862,t,38.78818495801033,38.78818495801033
6863,t,38.78818495801033,38.78818495801033
6864,c,38.78818495801033,38.78818495801033
6865,c,38.78818495801033,38.78818495801033
6866,c,38.78818495801033,38.78818495801033
6867,c,38.78818495801033,38.78818495801033
6868,c,38.78818495801033,38.78818495801033
6869,c,38.78818495801033,38.78818495801033
6870,t,38.78818495801033,38.78818495801033
6871,t,38.78818495801033,38.78818495801033
6872,t,38.78818495801033,38.78818495801033
6873,t,38.78818495801033,38.78818495801033
6874,c,38.78818495801033,38.78818495801033
6875,t,38.78818495801033,38.78818495801033
6876,c,38.78818495801033,38.78818495801033
6877,c,38.78818495801033,38.78818495801033
6878,t,38.78818495801033,38.78818495801033
6879,c,38.78818495801033,38.78818495801033
6880,t,38.78818495801033,38.78818495801033
6881,c,38.78818495801033,38.78818495801033
6882,t,38.78818495801033,38.78818495801033
6883,c,38.78818495801033,38.78818495801033
6884,c,38.78818495801033,38.78818495801033
6885,t,38.78818495801033,38.78818495801033
6886,t,38.78818495801033,38.78818495801033
6887,c,38.78818495801033,38.78818495801033
6888,c,38.78818495801033,38.78818495801033
6889,c,38.78818495801033,38.78818495801033
6890,c,38.78818495801033,38.78818495801033
6891,c,38.78818495801033,38.78818495801033
6892,c,38.78818495801033,38.78818495801033
6893,c,38.78818495801033,38.78818495801033
6894,c,38.78818495801033,38.78818495801033
6895,c,38.78818495801033,38.78818495801033
6896,c,38.78818495801033,38.78818495801033
6897,c,38.78818495801033,38.78818495801033
6898,c,38.78818495801033,38.78818495801033
6899,c,38.78818495801033,38.78818495801033
6900,t,38.78818495801033,38.78818495801033
6901,c,38.78818495801033,38.78818495801033
6902,t,38.78818495801033,38.78818495801033
6903,c,38.78818495801033,38.78818495801033
6904,t,38.78818495801033,38.78818495801033
6905,c,38.78818495801033,38.78818495801033
6906,c,38.78818495801033,38.78818495801033
6907,t,38.78818495801033,38.78818495801033
6908,c,38.78818495801033,38.78818495801033
6909,t,38.78818495801033,38.78818495801033
6910,t,38.78818495801033,38.78818495801033
6911,t,38.78818495801033,38.78818495801033
6912,c,38.78818495801033,38.78818495801033
6913,c,38.78818495801033,38.78818495801033
6914,c,38.78818495801033,38.78818495801033
6915,c,38.78818495801033,38.78818495801033
6916,t,38.78818495801033,38.78818495801033
6917,c,4.724879980980968,13.144576746573689
6918,t,38.78818495801033,38.78818495801033
6919,c,38.78818495801033,38.78818495801033
6920,t,38.78818495801033,38.78818495801033
6921,t,38.78818495801033,38.78818495801033
6922,t,38.78818495801033,38.78818495801033
6923,c,38.78818495801033,38.78818495801033
6924,t,38.78818495801033,38.78818495801033
6925,c,38.78818495801033,38.78818495801033
6926,c,38.78818495801033,38.78818495801033
6927,c,38.78818495801033,38.78818495801033
6928,c,38.78818495801033,38.78818495801033
6929,t,38.78818495801033,38.78818495801033
6930,c,38.78818495801033,38.78818495801033
6931,t,38.78818495801033,38.78818495801033
6932,t,38.78818495801033,38.78818495801033
6933,c,38.78818495801033,38.78818495801033
6934,t,38.78818495801033,38.78818495801033
6935,c,38.78818495801033,38.78818495801033
6936,c,38.78818495801033,38.78818495801033
6937,c,38.78818495801033,38.78818495801033
6938,t,38.78818495801033,38.78818495801033
6939,c,38.78818495801033,38.78818495801033
6940,na,-1,0
6941,t,38.78818495801033,38.78818495801033
6942,t,38.78818495801033,38.78818495801033
6943,c,38.78818495801033,38.78818495801033
6944,t,38.78818495801033,38.78818495801033
6945,t,38.78818495801033,38.78818495801033
6946,t,38.78818495801033,38.78818495801033
6947,t,38.78818495801033,38.78818495801033
6948,t,38.78818495801033,38.78818495801033
6949,c,38.78818495801033,38.78818495801033
6950,c,38.78818495801033,38.78818495801033
6951,t,38.78818495801033,38.78818495801033
6952,c,38.78818495801033,38.78818495801033
6953,c,38.78818495801033,38.78818495801033
6954,c,38.78818495801033,38.78818495801033
6955,c,38.78818495801033,38.78818495801033
6956,t,38.78818495801033,38.78818495801033
6957,t,38.78818495801033,38.78818495801033
6958,c,38.78818495801033,38.78818495801033
6959,c,38.78818495801033,38.78818495801033
6960,t,38.78818495801033,38.78818495801033
6961,t,38.78818495801033,38.78818495801033
6962,t,38.78818495801033,38.78818495801033
6963,c,38.78818495801033,38.78818495801033
6964,c,38.78818495801033,38.78818495801033
6965,c,38.78818495801033,38.78818495801033
6966,c,38.78818495801033,38.78818495801033
6967,c,38.78818495801033,38.78818495801033
6968,t,38.78818495801033,38.78818495801033
6969,c,38.78818495801033,38.78818495801033
6970,c,38.78818495801033,38.78818495801033
6971,c,38.78818495801033,38.78818495801033
6972,t,38.78818495801033,38.78818495801033
6973,t,38.78818495801033,38.78818495801033
6974,c,38.78818495801033,38.78818495801033
6975,c,38.78818495801033,38.78818495801033
6976,c,38.78818495801033,38.78818495801033
6977,t,38.78818495801033,38.78818495801033
6978,c,7.20140694998875,13.356581305608653
6979,t,38.78818495801033,38.78818495801033
6980,c,38.78818495801033,38.78818495801033
6981,c,38.78818495801033,38.78818495801033
6982,t,38.78818495801033,38.78818495801033
6983,c,38.78818495801033,38.78818495801033
6984,c,38.78818495801033,38.78818495801033
6985,c,38.78818495801033,38.78818495801033
6986,c,38.78818495801033,38.78818495801033
6987,c,38.78818495801033,38.78818495801033
6988,t,38.78818495801033,38.78818495801033
6989,c,38.78818495801033,38.78818495801033
6990,t,38.78818495801033,38.78818495801033
6991,t,38.78818495801033,38.78818495801033
6992,c,38.78818495801033,38.78818495801033
6993,t,38.78818495801033,38.78818495801033
6994,c,38.78818495801033,38.78818495801033
6995,c,38.78818495801033,38.78818495801033
6996,t,38.78818495801033,38.78818495801033
6997,c,38.78818495801033,38.78818495801033
6998,c,3.7404590397157085,4.183200384047827
6999,c,38.78818495801033,38.78818495801033
7000,t,38.78818495801033,38.78818495801033
7001,t,38.78818495801033,38.78818495801033
7002,c,38.78818495801033,38.78818495801033
7003,c,38.78818495801033,38.78818495801033
7004,c,38.78818495801033,38.78818495801033
7005,t,38.78818495801033,38.78818495801033
7006,t,38.78818495801033,38.78818495801033
7007,t,38.78818495801033,38.78818495801033
7008,t,38.78818495801033,38.78818495801033
7009,t,38.78818495801033,38.78818495801033
7010,c,38.78818495801033,38.78818495801033
7011,t,38.78818495801033,38.78818495801033
7012,na,15.488576240255078,20.3570247230115
7013,t,38.78818495801033,38.78818495801033
7014,c,38.78818495801033,38.78818495801033
7015,t,38.78818495801033,38.78818495801033
7016,t,38.78818495801033,38.78818495801033
7017,t,38.78818495801033,38.78818495801033
7018,t,38.78818495801033,38.78818495801033
7019,t,38.78818495801033,38.78818495801033
7020,c,38.78818495801033,38.78818495801033
7021,c,38.78818495801033,38.78818495801033
7022,t,38.78818495801033,38.78818495801033
7023,t,38.78818495801033,38.78818495801033
7024,t,38.78818495801033,38.78818495801033
7025,c,38.78818495801033,38.78818495801033
7026,c,38.78818495801033,38.78818495801033
7027,t,38.78818495801033,38.78818495801033
7028,c,38.78818495801033,38.78818495801033
7029,c,38.78818495801033,38.78818495801033
7030,t,38.78818495801033,38.78818495801033
7031,na,12.272844447683568,12.616310256263583
7032,c,38.78818495801033,38.78818495801033
7033,t,38.78818495801033,38.78818495801033
7034,t,38.78818495801033,38.78818495801033
7035,c,38.78818495801033,38.78818495801033
7036,c,38.78818495801033,38.78818495801033
7037,t,38.78818495801033,38.78818495801033
7038,c,38.78818495801033,38.78818495801033
7039,c,38.78818495801033,38.78818495801033
7040,c,38.78818495801033,38.78818495801033
7041,t,38.78818495801033,38.78818495801033
7042,c,38.78818495801033,38.78818495801033
7043,t,38.78818495801033,38.78818495801033
7044,na,21.089425229226432,21.3245517487219
7045,t,38.78818495801033,38.78818495801033
7046,t,38.78818495801033,38.78818495801033
7047,t,38.78818495801033,38.78818495801033
7048,t,38.78818495801033,38.78818495801033
7049,c,38.78818495801033,38.78818495801033
7050,t,38.78818495801033,38.78818495801033
7051,c,38.78818495801033,38.78818495801033
7052,t,38.78818495801033,38.78818495801033
7053,t,38.78818495801033,38.78818495801033
7054,c,38.78818495801033,38.78818495801033
7055,c,38.78818495801033,38.78818495801033
7056,c,38.78818495801033,38.78818495801033
7057,t,38.78818495801033,38.78818495801033
7058,t,38.78818495801033,38.78818495801033
7059,c,38.78818495801033,38.78818495801033
7060,t,38.78818495801033,38.78818495801033
7061,t,38.78818495801033,38.78818495801033
7062,c,38.78818495801033,38.78818495801033
7063,t,38.78818495801033,38.78818495801033
7064,c,38.78818495801033,38.78818495801033
7065,c,38.78818495801033,38.78818495801033
7066,c,38.78818495801033,38.78818495801033
7067,c,38.78818495801033,38.78818495801033
7068,c,38.78818495801033,38.78818495801033
7069,t,38.78818495801033,38.78818495801033
7070,t,38.78818495801033,38.78818495801033
7071,t,38.78818495801033,38.78818495801033
7072,t,38.78818495801033,38.78818495801033
7073,na,1.788008828091868,3.6930025251010994
7074,c,38.78818495801033,38.78818495801033
7075,t,38.78818495801033,38.78818495801033
7076,t,38.78818495801033,38.78818495801033
7077,t,38.78818495801033,38.78818495801033
7078,t,38.78818495801033,38.78818495801033
7079,t,38.78818495801033,38.78818495801033
7080,c,38.78818495801033,38.78818495801033
7081,c,38.78818495801033,38.78818495801033
7082,t,38.78818495801033,38.78818495801033
7083,c,38.78818495801033,38.78818495801033
7084,c,38.78818495801033,38.78818495801033
7085,t,38.78818495801033,38.78818495801033
7086,c,38.78818495801033,38.78818495801033
7087,t,38.78818495801033,38.78818495801033
7088,c,38.78818495801033,38.78818495801033
7089,t,38.78818495801033,38.78818495801033
7090,na,-1,0
7091,t,38.78818495801033,38.78818495801033
7092,c,38.78818495801033,38.78818495801033
7093,t,38.78818495801033,38.78818495801033
7094,c,38.78818495801033,38.78818495801033
7095,c,38.78818495801033,38.78818495801033
7096,c,38.78818495801033,38.78818495801033
7097,c,38.78818495801033,38.78818495801033
7098,c,7.594577896761547,11.141262549251337
7099,t,38.78818495801033,38.78818495801033
7100,t,38.78818495801033,38.78818495801033
7101,c,38.78818495801033,38.78818495801033
7102,c,38.78818495801033,38.78818495801033
7103,t,38.78818495801033,38.78818495801033
7104,c,38.78818495801033,38.78818495801033
7105,c,38.78818495801033,38.78818495801033
7106,c,38.78818495801033,38.78818495801033
7107,t,38.78818495801033,38.78818495801033
7108,c,38.78818495801033,38.78818495801033
7109,t,38.78818495801033,38.78818495801033
7110,c,38.78818495801033,38.78818495801033
7111,t,38.78818495801033,38.78818495801033
7112,t,38.78818495801033,38.78818495801033
7113,c,38.78818495801033,38.78818495801033
7114,c,38.78818495801033,38.78818495801033
7115,c,38.78818495801033,38.78818495801033
7116,t,38.78818495801033,38.78818495801033
7117,c,38.78818495801033,38.78818495801033
7118,c,38.78818495801033,38.78818495801033
7119,c,38.78818495801033,38.78818495801033
7120,c,38.78818495801033,38.78818495801033
7121,t,38.78818495801033,38.78818495801033
7122,t,38.78818495801033,38.78818495801033
7123,c,38.78818495801033,38.78818495801033
7124,c,38.78818495801033,38.78818495801033
7125,c,38.78818495801033,38.78818495801033
7126,c,38.78818495801033,38.78818495801033
7127,t,38.78818495801033,38.78818495801033
7128,na,1.2033664973565612,1.9189768465985475
7129,t,38.78818495801033,38.78818495801033
7130,c,38.78818495801033,38.78818495801033
7131,c,38.78818495801033,38.78818495801033
7132,t,38.78818495801033,38.78818495801033
7133,c,38.78818495801033,38.78818495801033
7134,na,0.9098498933426026,2.2939520209026276
7135,c,38.78818495801033,38.78818495801033
7136,t,38.78818495801033,38.78818495801033
7137,c,38.78818495801033,38.78818495801033
7138,t,38.78818495801033,38.78818495801033
7139,c,38.78818495801033,38.78818495801033
7140,c,38.78818495801033,38.78818495801033
7141,c,38.78818495801033,38.78818495801033
7142,t,38.78818495801033,38.78818495801033
7143,t,38.78818495801033,38.78818495801033
7144,c,38.78818495801033,38.78818495801033
7145,t,38.78818495801033,38.78818495801033
7146,t,38.78818495801033,38.78818495801033
7147,c,38.78818495801033,38.78818495801033
7148,t,38.78818495801033,38.78818495801033
7149,c,38.78818495801033,38.78818495801033
7150,t,38.78818495801033,38.78818495801033
7151,c,38.78818495801033,38.78818495801033
7152,t,38.78818495801033,38.78818495801033
7153,c,38.78818495801033,38.78818495801033
7154,c,38.78818495801033,38.78818495801033
7155,c,38.78818495801033,38.78818495801033
7156,c,38.78818495801033,38.78818495801033
7157,c,38.78818495801033,38.78818495801033
7158,t,38.78818495801033,38.78818495801033
7159,t,38.78818495801033,38.78818495801033
7160,c,38.78818495801033,38.78818495801033
7161,t,38.78818495801033,38.78818495801033
7162,t,38.78818495801033,38.78818495801033
7163,t,38.78818495801033,38.78818495801033
7164,c,38.78818495801033,38.78818495801033
7165,c,38.78818495801033,38.78818495801033
7166,c,38.78818495801033,38.78818495801033
7167,t,38.78818495801033,38.78818495801033
7168,t,38.78818495801033,38.78818495801033
7169,t,38.78818495801033,38.78818495801033
7170,c,38.78818495801033,38.78818495801033
7171,c,38.78818495801033,38.78818495801033
7172,c,38.78818495801033,38.78818495801033
7173,c,38.78818495801033,38.78818495801033
7174,t,38.78818495801033,38.78818495801033
7175,t,38.78818495801033,38.78818495801033
7176,c,38.78818495801033,38.78818495801033
7177,t,38.78818495801033,38.78818495801033
7178,t,38.78818495801033,38.78818495801033
7179,t,38.78818495801033,38.78818495801033
7180,c,38.78818495801033,38.78818495801033
7181,t,38.78818495801033,38.78818495801033
7182,t,38.78818495801033,38.78818495801033
7183,t,38.78818495801033,38.78818495801033
7184,t,38.78818495801033,38.78818495801033
7185,t,38.78818495801033,38.78818495801033
7186,c,38.78818495801033,38.78818495801033
7187,c,38.78818495801033,38.78818495801033
7188,t,38.78818495801033,38.78818495801033
7189,c,38.78818495801033,38.78818495801033
7190,c,38.78818495801033,38.78818495801033
7191,c,38.78818495801033,38.78818495801033
7192,c,38.78818495801033,38.78818495801033
7193,t,38.78818495801033,38.78818495801033
7194,c,38.78818495801033,38.78818495801033
7195,t,38.78818495801033,38.78818495801033
7196,c,38.78818495801033,38.78818495801033
7197,c,38.78818495801033,38.78818495801033
7198,c,38.78818495801033,38.78818495801033
7199,t,38.78818495801033,38.78818495801033
7200,c,38.78818495801033,38.78818495801033
7201,t,38.78818495801033,38.78818495801033
7202,c,10.62012350403878,14.95328916369643
7203,t,38.78818495801033,38.78818495801033
7204,c,38.78818495801033,38.78818495801033
7205,t,38.78818495801033,38.78818495801033
7206,t,38.78818495801033,38.78818495801033
7207,c,38.78818495801033,38.78818495801033
7208,c,38.78818495801033,38.78818495801033
7209,t,38.78818495801033,38.78818495801033
7210,c,38.78818495801033,38.78818495801033
7211,t,38.78818495801033,38.78818495801033
7212,t,38.78818495801033,38.78818495801033
7213,c,38.78818495801033,38.78818495801033
7214,t,38.78818495801033,38.78818495801033
7215,t,38.78818495801033,38.78818495801033
7216,t,38.78818495801033,38.78818495801033
7217,c,38.78818495801033,38.78818495801033
7218,c,38.78818495801033,38.78818495801033
7219,c,38.78818495801033,38.78818495801033
7220,c,38.78818495801033,38.78818495801033
7221,c,38.78818495801033,38.78818495801033
7222,na,38.78818495801033,38.78818495801033
7223,c,38.78818495801033,38.78818495801033
7224,t,38.78818495801033,38.78818495801033
7225,t,38.78818495801033,38.78818495801033
7226,c,38.78818495801033,38.78818495801033
7227,c,38.78818495801033,38.78818495801033
7228,c,38.78818495801033,38.78818495801033
7229,c,38.78818495801033,38.78818495801033
7230,t,38.78818495801033,38.78818495801033
7231,t,38.78818495801033,38.78818495801033
7232,c,38.78818495801033,38.78818495801033
7233,t,38.78818495801033,38.78818495801033
7234,t,38.78818495801033,38.78818495801033
7235,c,38.78818495801033,38.78818495801033
7236,c,38.78818495801033,38.78818495801033
7237,c,38.78818495801033,38.78818495801033
7238,t,38.78818495801033,38.78818495801033
7239,c,38.78818495801033,38.78818495801033
7240,c,38.78818495801033,38.78818495801033
7241,t,38.78818495801033,38.78818495801033
7242,c,38.78818495801033,38.78818495801033
7243,c,38.78818495801033,38.78818495801033
7244,t,38.78818495801033,38.78818495801033
7245,c,38.78818495801033,38.78818495801033
7246,c,38.78818495801033,38.78818495801033
7247,t,38.78818495801033,38.78818495801033
7248,c,38.78818495801033,38.78818495801033
7249,c,38.78818495801033,38.78818495801033
7250,c,38.78818495801033,38.78818495801033
7251,c,38.78818495801033,38.78818495801033
7252,t,38.78818495801033,38.78818495801033
7253,c,38.78818495801033,38.78818495801033
7254,t,38.78818495801033,38.78818495801033
7255,t,38.78818495801033,38.78818495801033
7256,c,38.78818495801033,38.78818495801033
7257,c,38.78818495801033,38.78818495801033
7258,c,38.78818495801033,38.78818495801033
7259,c,38.78818495801033,38.78818495801033
7260,t,38.78818495801033,38.78818495801033
7261,t,38.78818495801033,38.78818495801033
7262,t,38.78818495801033,38.78818495801033
7263,t,38.78818495801033,38.78818495801033
7264,t,38.78818495801033,38.78818495801033
7265,c,38.78818495801033,38.78818495801033
7266,t,38.78818495801033,38.78818495801033
7267,c,38.78818495801033,38.78818495801033
7268,t,38.78818495801033,38.78818495801033
7269,t,38.78818495801033,38.78818495801033
7270,c,38.78818495801033,38.78818495801033
7271,c,38.78818495801033,38.78818495801033
7272,t,38.78818495801033,38.78818495801033
7273,t,38.78818495801033,38.78818495801033
7274,c,38.78818495801033,38.78818495801033
7275,c,38.78818495801033,38.78818495801033
7276,c,38.78818495801033,38.78818495801033
7277,t,38.78818495801033,38.78818495801033
7278,c,38.78818495801033,38.78818495801033
7279,t,38.78818495801033,38.78818495801033
7280,c,38.78818495801033,38.78818495801033
7281,c,38.78818495801033,38.78818495801033
7282,c,38.78818495801033,38.78818495801033
7283,t,38.78818495801033,38.78818495801033
7284,t,38.78818495801033,38.78818495801033
7285,t,38.78818495801033,38.78818495801033
7286,t,38.78818495801033,38.78818495801033
7287,c,38.78818495801033,38.78818495801033
7288,c,38.78818495801033,38.78818495801033
7289,c,38.78818495801033,38.78818495801033
7290,t,38.78818495801033,38.78818495801033
7291,c,38.78818495801033,38.78818495801033
7292,t,38.78818495801033,38.78818495801033
7293,c,38.78818495801033,38.78818495801033
7294,t,38.78818495801033,38.78818495801033
7295,c,38.78818495801033,38.78818495801033
7296,c,38.78818495801033,38.78818495801033
7297,t,38.78818495801033,38.78818495801033
7298,t,38.78818495801033,38.78818495801033
7299,t,38.78818495801033,38.78818495801033
7300,c,38.78818495801033,38.78818495801033
7301,c,38.78818495801033,38.78818495801033
7302,t,38.78818495801033,38.78818495801033
7303,c,38.78818495801033,38.78818495801033
7304,c,38.78818495801033,38.78818495801033
7305,t,38.78818495801033,38.78818495801033
7306,c,38.78818495801033,38.78818495801033
7307,t,38.78818495801033,38.78818495801033
7308,c,38.78818495801033,38.78818495801033
7309,c,38.78818495801033,38.78818495801033
7310,t,38.78818495801033,38.78818495801033
7311,t,38.78818495801033,38.78818495801033
7312,c,38.78818495801033,38.78818495801033
7313,c,38.78818495801033,38.78818495801033
7314,c,38.78818495801033,38.78818495801033
7315,c,38.78818495801033,38.78818495801033
7316,t,38.78818495801033,38.78818495801033
7317,t,38.78818495801033,38.78818495801033
7318,t,38.78818495801033,38.78818495801033
7319,t,38.78818495801033,38.78818495801033
7320,t,38.78818495801033,38.78818495801033
7321,t,38.78818495801033,38.78818495801033
7322,c,38.78818495801033,38.78818495801033
7323,t,38.78818495801033,38.78818495801033
7324,t,38.78818495801033,38.78818495801033
7325,c,38.78818495801033,38.78818495801033
7326,t,38.78818495801033,38.78818495801033
7327,c,38.78818495801033,38.78818495801033
7328,c,38.78818495801033,38.78818495801033
7329,c,38.78818495801033,38.78818495801033
7330,c,38.78818495801033,38.78818495801033
7331,t,38.78818495801033,38.78818495801033
7332,t,38.78818495801033,38.78818495801033
7333,c,38.78818495801033,38.78818495801033
7334,na,0.7058957204766435,1.6158319899275855
7335,t,38.78818495801033,38.78818495801033
7336,c,38.78818495801033,38.78818495801033
7337,t,38.78818495801033,38.78818495801033
7338,t,38.78818495801033,38.78818495801033
7339,c,38.78818495801033,38.78818495801033
7340,t,38.78818495801033,38.78818495801033
7341,t,38.78818495801033,38.78818495801033
7342,t,38.78818495801033,38.78818495801033
7343,t,38.78818495801033,38.78818495801033
7344,t,38.78818495801033,38.78818495801033
7345,c,38.78818495801033,38.78818495801033
7346,t,38.78818495801033,38.78818495801033
7347,c,38.78818495801033,38.78818495801033
7348,c,38.78818495801033,38.78818495801033
7349,c,38.78818495801033,38.78818495801033
7350,t,38.78818495801033,38.78818495801033
7351,t,38.78818495801033,38.78818495801033
7352,t,38.78818495801033,38.78818495801033
7353,c,38.78818495801033,38.78818495801033
7354,c,38.78818495801033,38.78818495801033
7355,t,38.78818495801033,38.78818495801033
7356,t,38.78818495801033,38.78818495801033
7357,t,38.78818495801033,38.78818495801033
7358,c,38.78818495801033,38.78818495801033
7359,t,38.78818495801033,38.78818495801033
7360,t,38.78818495801033,38.78818495801033
7361,t,38.78818495801033,38.78818495801033
7362,t,38.78818495801033,38.78818495801033
7363,c,38.78818495801033,38.78818495801033
7364,c,38.78818495801033,38.78818495801033
7365,c,38.78818495801033,38.78818495801033
7366,c,38.78818495801033,38.78818495801033
7367,c,38.78818495801033,38.78818495801033
7368,t,38.78818495801033,38.78818495801033
7369,t,38.78818495801033,38.78818495801033
7370,c,38.78818495801033,38.78818495801033
7371,c,38.78818495801033,38.78818495801033
7372,c,38.78818495801033,38.78818495801033
7373,c,38.78818495801033,38.78818495801033
7374,t,38.78818495801033,38.78818495801033
7375,c,38.78818495801033,38.78818495801033
7376,c,38.78818495801033,38.78818495801033
7377,t,38.78818495801033,38.78818495801033
7378,c,38.78818495801033,38.78818495801033
7379,t,38.78818495801033,38.78818495801033
7380,t,38.78818495801033,38.78818495801033
7381,c,38.78818495801033,38.78818495801033
7382,t,38.78818495801033,38.78818495801033
7383,c,38.78818495801033,38.78818495801033
7384,t,38.78818495801033,38.78818495801033
7385,t,38.78818495801033,38.78818495801033
7386,c,38.78818495801033,38.78818495801033
7387,c,38.78818495801033,38.78818495801033
7388,t,38.78818495801033,38.78818495801033
7389,c,38.78818495801033,38.78818495801033
7390,t,38.78818495801033,38.78818495801033
7391,t,38.78818495801033,38.78818495801033
7392,c,38.78818495801033,38.78818495801033
7393,c,38.78818495801033,38.78818495801033
7394,c,38.78818495801033,38.78818495801033
7395,c,38.78818495801033,38.78818495801033
7396,t,38.78818495801033,38.78818495801033
7397,c,38.78818495801033,38.78818495801033
7398,c,38.78818495801033,38.78818495801033
7399,c,38.78818495801033,38.78818495801033
7400,t,38.78818495801033,38.78818495801033
7401,c,38.78818495801033,38.78818495801033
7402,c,38.78818495801033,38.78818495801033
7403,t,38.78818495801033,38.78818495801033
7404,c,38.78818495801033,38.78818495801033
7405,t,38.78818495801033,38.78818495801033
7406,c,38.78818495801033,38.78818495801033
7407,t,38.78818495801033,38.78818495801033
7408,c,38.78818495801033,38.78818495801033
7409,c,38.78818495801033,38.78818495801033
7410,t,38.78818495801033,38.78818495801033
7411,c,38.78818495801033,38.78818495801033
7412,c,38.78818495801033,38.78818495801033
7413,t,38.78818495801033,38.78818495801033
7414,t,38.78818495801033,38.78818495801033
7415,t,38.78818495801033,38.78818495801033
7416,t,38.78818495801033,38.78818495801033
7417,t,38.78818495801033,38.78818495801033
7418,c,38.78818495801033,38.78818495801033
7419,t,38.78818495801033,38.78818495801033
7420,t,38.78818495801033,38.78818495801033
7421,t,38.78818495801033,38.78818495801033
7422,c,38.78818495801033,38.78818495801033
7423,c,38.78818495801033,38.78818495801033
7424,t,38.78818495801033,38.78818495801033
7425,c,38.78818495801033,38.78818495801033
7426,c,38.78818495801033,38.78818495801033
7427,t,38.78818495801033,38.78818495801033
7428,c,38.78818495801033,38.78818495801033
7429,t,38.78818495801033,38.78818495801033
7430,c,38.78818495801033,38.78818495801033
7431,c,38.78818495801033,38.78818495801033
7432,c,38.78818495801033,38.78818495801033
7433,c,38.78818495801033,38.78818495801033
7434,c,38.78818495801033,38.78818495801033
7435,t,38.78818495801033,38.78818495801033
7436,c,38.78818495801033,38.78818495801033
7437,t,38.78818495801033,38.78818495801033
7438,t,38.78818495801033,38.78818495801033
7439,t,38.78818495801033,38.78818495801033
7440,t,38.78818495801033,38.78818495801033
7441,t,38.78818495801033,38.78818495801033
7442,t,38.78818495801033,38.78818495801033
7443,t,38.78818495801033,38.78818495801033
7444,c,38.78818495801033,38.78818495801033
7445,c,38.78818495801033,38.78818495801033
7446,t,38.78818495801033,38.78818495801033
7447,t,38.78818495801033,38.78818495801033
7448,c,38.78818495801033,38.78818495801033
7449,c,38.78818495801033,38.78818495801033
7450,c,38.78818495801033,38.78818495801033
7451,c,38.78818495801033,38.78818495801033
7452,c,38.78818495801033,38.78818495801033
7453,c,38.78818495801033,38.78818495801033
7454,c,38.78818495801033,38.78818495801033
7455,t,38.78818495801033,38.78818495801033
7456,t,38.78818495801033,38.78818495801033
7457,t,38.78818495801033,38.78818495801033
7458,t,38.78818495801033,38.78818495801033
7459,c,38.78818495801033,38.78818495801033
7460,c,38.78818495801033,38.78818495801033
7461,t,38.78818495801033,38.78818495801033
7462,c,38.78818495801033,38.78818495801033
7463,t,38.78818495801033,38.78818495801033
7464,t,38.78818495801033,38.78818495801033
7465,t,38.78818495801033,38.78818495801033
7466,c,38.78818495801033,38.78818495801033
7467,t,38.78818495801033,38.78818495801033
7468,t,38.78818495801033,38.78818495801033
7469,t,38.78818495801033,38.78818495801033
7470,c,38.78818495801033,38.78818495801033
7471,t,38.78818495801033,38.78818495801033
7472,c,38.78818495801033,38.78818495801033
7473,na,0,4.153127510269013
7474,c,38.78818495801033,38.78818495801033
7475,c,38.78818495801033,38.78818495801033
7476,t,38.78818495801033,38.78818495801033
7477,na,6.966493261307184,38.78818495801033
7478,c,38.78818495801033,38.78818495801033
7479,t,38.78818495801033,38.78818495801033
7480,t,38.78818495801033,38.78818495801033
7481,t,38.78818495801033,38.78818495801033
7482,t,38.78818495801033,38.78818495801033
7483,c,38.78818495801033,38.78818495801033
7484,c,38.78818495801033,38.78818495801033
7485,c,38.78818495801033,38.78818495801033
7486,c,38.78818495801033,38.78818495801033
7487,c,38.78818495801033,38.78818495801033
7488,t,38.78818495801033,38.78818495801033
7489,c,38.78818495801033,38.78818495801033
7490,c,38.78818495801033,38.78818495801033
7491,t,38.78818495801033,38.78818495801033
7492,t,38.78818495801033,38.78818495801033
7493,c,38.78818495801033,38.78818495801033
7494,t,38.78818495801033,38.78818495801033
7495,t,38.78818495801033,38.78818495801033
7496,t,38.78818495801033,38.78818495801033
7497,t,38.78818495801033,38.78818495801033
7498,c,38.78818495801033,38.78818495801033
7499,t,38.78818495801033,38.78818495801033
7500,t,38.78818495801033,38.78818495801033
7501,t,38.78818495801033,38.78818495801033
7502,c,38.78818495801033,38.78818495801033
7503,t,38.78818495801033,38.78818495801033
7504,t,38.78818495801033,38.78818495801033
7505,c,38.78818495801033,38.78818495801033
7506,c,38.78818495801033,38.78818495801033
7507,c,38.78818495801033,38.78818495801033
7508,c,38.78818495801033,38.78818495801033
7509,c,38.78818495801033,38.78818495801033
7510,na,8.080936190856372,8.562538089044965
7511,c,38.78818495801033,38.78818495801033
7512,c,38.78818495801033,38.78818495801033
7513,c,38.78818495801033,38.78818495801033
7514,c,38.78818495801033,38.78818495801033
7515,c,38.78818495801033,38.78818495801033
7516,c,38.78818495801033,38.78818495801033
7517,c,38.78818495801033,38.78818495801033
7518,t,38.78818495801033,38.78818495801033
7519,c,38.78818495801033,38.78818495801033
7520,c,38.78818495801033,38.78818495801033
7521,t,38.78818495801033,38.78818495801033
7522,c,38.78818495801033,38.78818495801033
7523,t,38.78818495801033,38.78818495801033
7524,t,38.78818495801033,38.78818495801033
7525,t,38.78818495801033,38.78818495801033
7526,c,38.78818495801033,38.78818495801033
7527,t,38.78818495801033,38.78818495801033
7528,c,38.78818495801033,38.78818495801033
7529,c,38.78818495801033,38.78818495801033
7530,c,38.78818495801033,38.78818495801033
7531,t,38.78818495801033,38.78818495801033
7532,c,38.78818495801033,38.78818495801033
7533,t,38.78818495801033,38.78818495801033
7534,t,38.78818495801033,38.78818495801033
7535,c,38.78818495801033,38.78818495801033
7536,c,38.78818495801033,38.78818495801033
7537,t,38.78818495801033,38.78818495801033
7538,c,38.78818495801033,38.78818495801033
7539,t,38.78818495801033,38.78818495801033
7540,c,38.78818495801033,38.78818495801033
7541,c,38.78818495801033,38.78818495801033
7542,c,38.78818495801033,38.78818495801033
7543,c,38.78818495801033,38.78818495801033
7544,c,38.78818495801033,38.78818495801033
7545,na,0,2.6261010804291787
7546,t,38.78818495801033,38.78818495801033
7547,t,38.78818495801033,38.78818495801033
7548,t,38.78818495801033,38.78818495801033
7549,c,38.78818495801033,38.78818495801033
7550,c,38.78818495801033,38.78818495801033
7551,c,38.78818495801033,38.78818495801033
7552,c,38.78818495801033,38.78818495801033
7553,c,38.78818495801033,38.78818495801033
7554,c,38.78818495801033,38.78818495801033
7555,c,38.78818495801033,38.78818495801033
7556,t,38.78818495801033,38.78818495801033
7557,c,38.78818495801033,38.78818495801033
7558,c,38.78818495801033,38.78818495801033
7559,t,38.78818495801033,38.78818495801033
7560,c,38.78818495801033,38.78818495801033
7561,c,38.78818495801033,38.78818495801033
7562,c,38.78818495801033,38.78818495801033
7563,t,38.78818495801033,38.78818495801033
7564,c,38.78818495801033,38.78818495801033
7565,t,38.78818495801033,38.78818495801033
7566,c,38.78818495801033,38.78818495801033
7567,c,38.78818495801033,38.78818495801033
7568,c,38.78818495801033,38.78818495801033
7569,na,0,16.63681346655376
7570,c,38.78818495801033,38.78818495801033
7571,t,38.78818495801033,38.78818495801033
7572,c,38.78818495801033,38.78818495801033
7573,t,38.78818495801033,38.78818495801033
7574,t,38.78818495801033,38.78818495801033
7575,t,38.78818495801033,38.78818495801033
7576,t,38.78818495801033,38.78818495801033
7577,c,38.78818495801033,38.78818495801033
7578,c,38.78818495801033,38.78818495801033
7579,t,38.78818495801033,38.78818495801033
7580,t,38.78818495801033,38.78818495801033
7581,t,38.78818495801033,38.78818495801033
7582,c,38.78818495801033,38.78818495801033
7583,t,38.78818495801033,38.78818495801033
7584,t,38.78818495801033,38.78818495801033
7585,t,38.78818495801033,38.78818495801033
7586,c,38.78818495801033,38.78818495801033
7587,c,38.78818495801033,38.78818495801033
7588,t,38.78818495801033,38.78818495801033
7589,c,38.78818495801033,38.78818495801033
7590,c,38.78818495801033,38.78818495801033
7591,c,38.78818495801033,38.78818495801033
7592,t,38.78818495801033,38.78818495801033
7593,c,38.78818495801033,38.78818495801033
7594,t,38.78818495801033,38.78818495801033
7595,c,38.78818495801033,38.78818495801033
7596,c,38.78818495801033,38.78818495801033
7597,c,6.441186980271591,8.231454065350407
7598,t,38.78818495801033,38.78818495801033
7599,c,38.78818495801033,38.78818495801033
7600,t,38.78818495801033,38.78818495801033
7601,t,38.78818495801033,38.78818495801033
7602,c,38.78818495801033,38.78818495801033
7603,c,38.78818495801033,38.78818495801033
7604,t,38.78818495801033,38.78818495801033
7605,t,38.78818495801033,38.78818495801033
7606,c,38.78818495801033,38.78818495801033
7607,c,38.78818495801033,38.78818495801033
7608,na,-1,0
7609,c,38.78818495801033,38.78818495801033
7610,t,38.78818495801033,38.78818495801033
7611,c,38.78818495801033,38.78818495801033
7612,t,38.78818495801033,38.78818495801033
7613,t,38.78818495801033,38.78818495801033
7614,t,38.78818495801033,38.78818495801033
7615,c,38.78818495801033,38.78818495801033
7616,c,38.78818495801033,38.78818495801033
7617,t,38.78818495801033,38.78818495801033
7618,c,38.78818495801033,38.78818495801033
7619,c,38.78818495801033,38.78818495801033
7620,c,38.78818495801033,38.78818495801033
7621,t,38.78818495801033,38.78818495801033
7622,t,38.78818495801033,38.78818495801033
7623,c,38.78818495801033,38.78818495801033
7624,c,38.78818495801033,38.78818495801033
7625,t,38.78818495801033,38.78818495801033
7626,c,38.78818495801033,38.78818495801033
7627,c,38.78818495801033,38.78818495801033
7628,t,38.78818495801033,38.78818495801033
7629,t,38.78818495801033,38.78818495801033
7630,t,38.78818495801033,38.78818495801033
7631,c,38.78818495801033,38.78818495801033
7632,c,38.78818495801033,38.78818495801033
7633,c,38.78818495801033,38.78818495801033
7634,t,38.78818495801033,38.78818495801033
7635,c,38.78818495801033,38.78818495801033
7636,c,38.78818495801033,38.78818495801033
7637,t,38.78818495801033,38.78818495801033
7638,t,38.78818495801033,38.78818495801033
7639,c,38.78818495801033,38.78818495801033
7640,t,38.78818495801033,38.78818495801033
7641,c,38.78818495801033,38.78818495801033
7642,c,38.78818495801033,38.78818495801033
7643,t,38.78818495801033,38.78818495801033
7644,t,38.78818495801033,38.78818495801033
7645,t,38.78818495801033,38.78818495801033
7646,c,38.78818495801033,38.78818495801033
7647,t,38.78818495801033,38.78818495801033
7648,c,38.78818495801033,38.78818495801033
7649,c,38.78818495801033,38.78818495801033
7650,na,1.8634974261412174,5.393447933317719
7651,t,38.78818495801033,38.78818495801033
7652,c,38.78818495801033,38.78818495801033
7653,t,38.78818495801033,38.78818495801033
7654,c,38.78818495801033,38.78818495801033
7655,t,38.78818495801033,38.78818495801033
7656,c,38.78818495801033,38.78818495801033
7657,t,38.78818495801033,38.78818495801033
7658,c,38.78818495801033,38.78818495801033
7659,c,38.78818495801033,38.78818495801033
7660,t,38.78818495801033,38.78818495801033
7661,c,38.78818495801033,38.78818495801033
7662,t,38.78818495801033,38.78818495801033
7663,c,38.78818495801033,38.78818495801033
7664,t,38.78818495801033,38.78818495801033
7665,t,38.78818495801033,38.78818495801033
7666,t,38.78818495801033,38.78818495801033
7667,c,38.78818495801033,38.78818495801033
7668,t,38.78818495801033,38.78818495801033
7669,c,38.78818495801033,38.78818495801033
7670,t,38.78818495801033,38.78818495801033
7671,c,9.166466681221817,11.40911925061365
7672,t,38.78818495801033,38.78818495801033
7673,t,38.78818495801033,38.78818495801033
7674,t,38.78818495801033,38.78818495801033
7675,c,38.78818495801033,38.78818495801033
7676,c,38.78818495801033,38.78818495801033
7677,t,38.78818495801033,38.78818495801033
7678,t,38.78818495801033,38.78818495801033
7679,t,38.78818495801033,38.78818495801033
7680,t,38.78818495801033,38.78818495801033
7681,c,38.78818495801033,38.78818495801033
7682,t,38.78818495801033,38.78818495801033
7683,t,38.78818495801033,38.78818495801033
7684,c,38.78818495801033,38.78818495801033
7685,t,38.78818495801033,38.78818495801033
7686,t,38.78818495801033,38.78818495801033
7687,c,38.78818495801033,38.78818495801033
7688,t,38.78818495801033,38.78818495801033
7689,t,38.78818495801033,38.78818495801033
7690,t,38.78818495801033,38.78818495801033
7691,c,38.78818495801033,38.78818495801033
7692,t,38.78818495801033,38.78818495801033
7693,c,38.78818495801033,38.78818495801033
7694,c,38.78818495801033,38.78818495801033
7695,c,38.78818495801033,38.78818495801033
7696,c,38.78818495801033,38.78818495801033
7697,t,38.78818495801033,38.78818495801033
7698,t,38.78818495801033,38.78818495801033
7699,c,13.070642617858843,14.523351215224851
7700,t,38.78818495801033,38.78818495801033
7701,t,38.78818495801033,38.78818495801033
7702,c,38.78818495801033,38.78818495801033
7703,c,38.78818495801033,38.78818495801033
7704,c,38.78818495801033,38.78818495801033
7705,c,38.78818495801033,38.78818495801033
7706,t,38.78818495801033,38.78818495801033
7707,c,38.78818495801033,38.78818495801033
7708,t,38.78818495801033,38.78818495801033
7709,t,38.78818495801033,38.78818495801033
7710,c,38.78818495801033,38.78818495801033
7711,t,38.78818495801033,38.78818495801033
7712,c,38.78818495801033,38.78818495801033
7713,c,38.78818495801033,38.78818495801033
7714,c,38.78818495801033,38.78818495801033
7715,c,38.78818495801033,38.78818495801033
7716,t,38.78818495801033,38.78818495801033
7717,c,38.78818495801033,38.78818495801033
7718,t,38.78818495801033,38.78818495801033
7719,t,38.78818495801033,38.78818495801033
7720,c,38.78818495801033,38.78818495801033
7721,t,38.78818495801033,38.78818495801033
7722,c,38.78818495801033,38.78818495801033
7723,t,38.78818495801033,38.78818495801033
7724,c,38.78818495801033,38.78818495801033
7725,c,38.78818495801033,38.78818495801033
7726,c,38.78818495801033,38.78818495801033
7727,t,38.78818495801033,38.78818495801033
7728,c,38.78818495801033,38.78818495801033
7729,c,38.78818495801033,38.78818495801033
7730,t,38.78818495801033,38.78818495801033
7731,t,38.78818495801033,38.78818495801033
7732,c,38.78818495801033,38.78818495801033
7733,t,38.78818495801033,38.78818495801033
7734,c,38.78818495801033,38.78818495801033
7735,t,38.78818495801033,38.78818495801033
7736,c,38.78818495801033,38.78818495801033
7737,na,-1,0
7738,t,38.78818495801033,38.78818495801033
7739,c,38.78818495801033,38.78818495801033
7740,t,38.78818495801033,38.78818495801033
7741,t,38.78818495801033,38.78818495801033
7742,c,38.78818495801033,38.78818495801033
7743,c,38.78818495801033,38.78818495801033
7744,c,38.78818495801033,38.78818495801033
7745,c,38.78818495801033,38.78818495801033
7746,c,38.78818495801033,38.78818495801033
7747,t,38.78818495801033,38.78818495801033
7748,t,38.78818495801033,38.78818495801033
7749,t,38.78818495801033,38.78818495801033
7750,na,0.6505721386606654,7.742807356736113
7751,t,38.78818495801033,38.78818495801033
7752,t,38.78818495801033,38.78818495801033
7753,t,38.78818495801033,38.78818495801033
7754,c,38.78818495801033,38.78818495801033
7755,t,38.78818495801033,38.78818495801033
7756,c,38.78818495801033,38.78818495801033
7757,t,38.78818495801033,38.78818495801033
7758,t,38.78818495801033,38.78818495801033
7759,c,38.78818495801033,38.78818495801033
7760,c,38.78818495801033,38.78818495801033
7761,t,38.78818495801033,38.78818495801033
7762,c,38.78818495801033,38.78818495801033
7763,c,38.78818495801033,38.78818495801033
7764,c,38.78818495801033,38.78818495801033
7765,c,38.78818495801033,38.78818495801033
7766,t,38.78818495801033,38.78818495801033
7767,t,38.78818495801033,38.78818495801033
7768,t,38.78818495801033,38.78818495801033
7769,t,38.78818495801033,38.78818495801033
7770,c,38.78818495801033,38.78818495801033
7771,c,38.78818495801033,38.78818495801033
7772,c,38.78818495801033,38.78818495801033
7773,t,38.78818495801033,38.78818495801033
7774,t,38.78818495801033,38.78818495801033
7775,t,38.78818495801033,38.78818495801033
7776,c,38.78818495801033,38.78818495801033
7777,t,38.78818495801033,38.78818495801033
7778,c,38.78818495801033,38.78818495801033
7779,t,38.78818495801033,38.78818495801033
7780,t,38.78818495801033,38.78818495801033
7781,t,38.78818495801033,38.78818495801033
7782,c,38.78818495801033,38.78818495801033
7783,t,38.78818495801033,38.78818495801033
7784,t,38.78818495801033,38.78818495801033
7785,t,38.78818495801033,38.78818495801033
7786,t,38.78818495801033,38.78818495801033
7787,c,38.78818495801033,38.78818495801033
7788,c,38.78818495801033,38.78818495801033
7789,c,38.78818495801033,38.78818495801033
7790,t,38.78818495801033,38.78818495801033
7791,c,38.78818495801033,38.78818495801033
7792,c,38.78818495801033,38.78818495801033
7793,t,38.78818495801033,38.78818495801033
7794,na,0,3.077609346007087
7795,t,38.78818495801033,38.78818495801033
7796,t,38.78818495801033,38.78818495801033
7797,c,38.78818495801033,38.78818495801033
7798,t,38.78818495801033,38.78818495801033
7799,t,38.78818495801033,38.78818495801033
7800,t,38.78818495801033,38.78818495801033
7801,c,38.78818495801033,38.78818495801033
7802,c,38.78818495801033,38.78818495801033
7803,t,38.78818495801033,38.78818495801033
7804,t,38.78818495801033,38.78818495801033
7805,c,38.78818495801033,38.78818495801033
7806,c,38.78818495801033,38.78818495801033
7807,t,38.78818495801033,38.78818495801033
7808,c,38.78818495801033,38.78818495801033
7809,c,38.78818495801033,38.78818495801033
7810,t,38.78818495801033,38.78818495801033
7811,c,38.78818495801033,38.78818495801033
7812,c,38.78818495801033,38.78818495801033
7813,c,38.78818495801033,38.78818495801033
7814,t,38.78818495801033,38.78818495801033
7815,c,38.78818495801033,38.78818495801033
7816,t,38.78818495801033,38.78818495801033
7817,c,38.78818495801033,38.78818495801033
7818,t,38.78818495801033,38.78818495801033
7819,c,38.78818495801033,38.78818495801033
7820,c,38.78818495801033,38.78818495801033
7821,t,38.78818495801033,38.78818495801033
7822,c,38.78818495801033,38.78818495801033
7823,na,-1,0
7824,c,38.78818495801033,38.78818495801033
7825,c,38.78818495801033,38.78818495801033
7826,c,38.78818495801033,38.78818495801033
7827,c,38.78818495801033,38.78818495801033
7828,t,38.78818495801033,38.78818495801033
7829,t,38.78818495801033,38.78818495801033
7830,na,0,1.5841586441549464
7831,t,38.78818495801033,38.78818495801033
7832,c,38.78818495801033,38.78818495801033
7833,t,38.78818495801033,38.78818495801033
7834,na,6.304093299911676,10.622976229467168
7835,c,1.869741233688713,5.438391612926399
7836,c,38.78818495801033,38.78818495801033
7837,t,38.78818495801033,38.78818495801033
7838,c,38.78818495801033,38.78818495801033
7839,t,38.78818495801033,38.78818495801033
7840,c,38.78818495801033,38.78818495801033
7841,t,38.78818495801033,38.78818495801033
7842,c,38.78818495801033,38.78818495801033
7843,c,38.78818495801033,38.78818495801033
7844,t,38.78818495801033,38.78818495801033
7845,c,38.78818495801033,38.78818495801033
7846,t,38.78818495801033,38.78818495801033
7847,c,38.78818495801033,38.78818495801033
7848,c,38.78818495801033,38.78818495801033
7849,c,38.78818495801033,38.78818495801033
7850,t,38.78818495801033,38.78818495801033
7851,c,38.78818495801033,38.78818495801033
7852,t,38.78818495801033,38.78818495801033
7853,t,38.78818495801033,38.78818495801033
7854,c,38.78818495801033,38.78818495801033
7855,t,38.78818495801033,38.78818495801033
7856,t,38.78818495801033,38.78818495801033
7857,c,38.78818495801033,38.78818495801033
7858,t,38.78818495801033,38.78818495801033
7859,c,38.78818495801033,38.78818495801033
7860,t,38.78818495801033,38.78818495801033
7861,c,38.78818495801033,38.78818495801033
7862,t,38.78818495801033,38.78818495801033
7863,t,38.78818495801033,38.78818495801033
7864,c,38.78818495801033,38.78818495801033
7865,c,38.78818495801033,38.78818495801033
7866,c,38.78818495801033,38.78818495801033
7867,t,38.78818495801033,38.78818495801033
7868,c,38.78818495801033,38.78818495801033
7869,t,38.78818495801033,38.78818495801033
7870,c,38.78818495801033,38.78818495801033
7871,c,38.78818495801033,38.78818495801033
7872,t,38.78818495801033,38.78818495801033
7873,c,38.78818495801033,38.78818495801033
7874,t,38.78818495801033,38.78818495801033
7875,c,38.78818495801033,38.78818495801033
7876,c,38.78818495801033,38.78818495801033
7877,c,38.78818495801033,38.78818495801033
7878,c,38.78818495801033,38.78818495801033
7879,c,38.78818495801033,38.78818495801033
7880,t,38.78818495801033,38.78818495801033
7881,t,38.78818495801033,38.78818495801033
7882,t,38.78818495801033,38.78818495801033
7883,t,38.78818495801033,38.78818495801033
7884,c,38.78818495801033,38.78818495801033
7885,t,38.78818495801033,38.78818495801033
7886,t,38.78818495801033,38.78818495801033
7887,t,38.78818495801033,38.78818495801033
7888,t,38.78818495801033,38.78818495801033
7889,t,38.78818495801033,38.78818495801033
7890,t,38.78818495801033,38.78818495801033
7891,c,38.78818495801033,38.78818495801033
7892,c,38.78818495801033,38.78818495801033
7893,t,38.78818495801033,38.78818495801033
7894,c,38.78818495801033,38.78818495801033
7895,c,38.78818495801033,38.78818495801033
7896,c,38.78818495801033,38.78818495801033
7897,t,38.78818495801033,38.78818495801033
7898,c,38.78818495801033,38.78818495801033
7899,c,38.78818495801033,38.78818495801033
7900,c,38.78818495801033,38.78818495801033
7901,c,38.78818495801033,38.78818495801033
7902,t,38.78818495801033,38.78818495801033
7903,c,38.78818495801033,38.78818495801033
7904,c,38.78818495801033,38.78818495801033
7905,c,38.78818495801033,38.78818495801033
7906,t,38.78818495801033,38.78818495801033
7907,c,38.78818495801033,38.78818495801033
7908,t,38.78818495801033,38.78818495801033
7909,t,38.78818495801033,38.78818495801033
7910,c,38.78818495801033,38.78818495801033
7911,c,38.78818495801033,38.78818495801033
7912,c,38.78818495801033,38.78818495801033
7913,c,38.78818495801033,38.78818495801033
7914,c,38.78818495801033,38.78818495801033
7915,t,38.78818495801033,38.78818495801033
7916,t,38.78818495801033,38.78818495801033
7917,c,38.78818495801033,38.78818495801033
7918,t,38.78818495801033,38.78818495801033
7919,t,38.78818495801033,38.78818495801033
7920,t,38.78818495801033,38.78818495801033
7921,t,38.78818495801033,38.78818495801033
7922,t,38.78818495801033,38.78818495801033
7923,c,38.78818495801033,38.78818495801033
7924,c,38.78818495801033,38.78818495801033
7925,c,38.78818495801033,38.78818495801033
7926,c,38.78818495801033,38.78818495801033
7927,c,38.78818495801033,38.78818495801033
7928,t,38.78818495801033,38.78818495801033
7929,t,38.78818495801033,38.78818495801033
7930,c,38.78818495801033,38.78818495801033
7931,t,38.78818495801033,38.78818495801033
7932,c,38.78818495801033,38.78818495801033
7933,c,38.78818495801033,38.78818495801033
7934,t,38.78818495801033,38.78818495801033
7935,t,38.78818495801033,38.78818495801033
7936,c,38.78818495801033,38.78818495801033
7937,t,38.78818495801033,38.78818495801033
7938,na,7.188167594908967,17.735797892159187
7939,t,38.78818495801033,38.78818495801033
7940,c,38.78818495801033,38.78818495801033
7941,t,38.78818495801033,38.78818495801033
7942,c,38.78818495801033,38.78818495801033
7943,c,38.78818495801033,38.78818495801033
7944,c,38.78818495801033,38.78818495801033
7945,c,38.78818495801033,38.78818495801033
7946,t,38.78818495801033,38.78818495801033
7947,c,38.78818495801033,38.78818495801033
7948,c,38.78818495801033,38.78818495801033
7949,t,38.78818495801033,38.78818495801033
7950,na,-1,0
7951,t,38.78818495801033,38.78818495801033
7952,c,38.78818495801033,38.78818495801033
7953,t,38.78818495801033,38.78818495801033
7954,c,38.78818495801033,38.78818495801033
7955,t,38.78818495801033,38.78818495801033
7956,c,38.78818495801033,38.78818495801033
7957,na,0.26500683204491465,1.1304835731514837
7958,t,38.78818495801033,38.78818495801033
7959,c,38.78818495801033,38.78818495801033
7960,c,38.78818495801033,38.78818495801033
7961,t,38.78818495801033,38.78818495801033
7962,t,38.78818495801033,38.78818495801033
7963,c,13.722040707403727,18.377994887594525
7964,t,38.78818495801033,38.78818495801033
7965,t,38.78818495801033,38.78818495801033
7966,t,38.78818495801033,38.78818495801033
7967,t,38.78818495801033,38.78818495801033
7968,c,2.4472352550522287,16.82342847813129
7969,c,38.78818495801033,38.78818495801033
7970,c,38.78818495801033,38.78818495801033
7971,c,38.78818495801033,38.78818495801033
7972,t,38.78818495801033,38.78818495801033
7973,t,38.78818495801033,38.78818495801033
7974,t,38.78818495801033,38.78818495801033
7975,c,38.78818495801033,38.78818495801033
7976,t,38.78818495801033,38.78818495801033
7977,t,38.78818495801033,38.78818495801033
7978,c,38.78818495801033,38.78818495801033
7979,t,38.78818495801033,38.78818495801033
7980,c,38.78818495801033,38.78818495801033
7981,c,38.78818495801033,38.78818495801033
7982,c,38.78818495801033,38.78818495801033
7983,na,0.027919746456361517,0.6375645502942615
7984,t,38.78818495801033,38.78818495801033
7985,t,38.78818495801033,38.78818495801033
7986,c,38.78818495801033,38.78818495801033
7987,c,38.78818495801033,38.78818495801033
7988,t,38.78818495801033,38.78818495801033
7989,c,38.78818495801033,38.78818495801033
7990,t,38.78818495801033,38.78818495801033
7991,t,38.78818495801033,38.78818495801033
7992,t,38.78818495801033,38.78818495801033
7993,c,38.78818495801033,38.78818495801033
7994,c,38.78818495801033,38.78818495801033
7995,c,38.78818495801033,38.78818495801033
7996,t,38.78818495801033,38.78818495801033
7997,c,38.78818495801033,38.78818495801033
7998,c,38.78818495801033,38.78818495801033
7999,c,38.78818495801033,38.78818495801033
8000,c,38.78818495801033,38.78818495801033
8001,c,38.78818495801033,38.78818495801033
8002,c,38.78818495801033,38.78818495801033
8003,t,38.78818495801033,38.78818495801033
8004,t,38.78818495801033,38.78818495801033
8005,c,38.78818495801033,38.78818495801033
8006,t,38.78818495801033,38.78818495801033
8007,t,38.78818495801033,38.78818495801033
8008,c,38.78818495801033,38.78818495801033
8009,t,38.78818495801033,38.78818495801033
8010,t,38.78818495801033,38.78818495801033
8011,t,38.78818495801033,38.78818495801033
8012,c,38.78818495801033,38.78818495801033
8013,c,38.78818495801033,38.78818495801033
8014,c,38.78818495801033,38.78818495801033
8015,t,38.78818495801033,38.78818495801033
8016,c,38.78818495801033,38.78818495801033
8017,t,38.78818495801033,38.78818495801033
8018,t,38.78818495801033,38.78818495801033
8019,c,38.78818495801033,38.78818495801033
8020,t,38.78818495801033,38.78818495801033
8021,c,38.78818495801033,38.78818495801033
8022,t,38.78818495801033,38.78818495801033
8023,c,38.78818495801033,38.78818495801033
8024,c,38.78818495801033,38.78818495801033
8025,c,38.78818495801033,38.78818495801033
8026,t,38.78818495801033,38.78818495801033
8027,c,38.78818495801033,38.78818495801033
8028,t,38.78818495801033,38.78818495801033
8029,t,38.78818495801033,38.78818495801033
8030,c,38.78818495801033,38.78818495801033
8031,na,-1,0
8032,c,38.78818495801033,38.78818495801033
8033,t,38.78818495801033,38.78818495801033
8034,t,38.78818495801033,38.78818495801033
8035,c,38.78818495801033,38.78818495801033
8036,t,38.78818495801033,38.78818495801033
8037,c,38.78818495801033,38.78818495801033
8038,c,38.78818495801033,38.78818495801033
8039,t,38.78818495801033,38.78818495801033
8040,c,38.78818495801033,38.78818495801033
8041,t,38.78818495801033,38.78818495801033
8042,c,38.78818495801033,38.78818495801033
8043,c,38.78818495801033,38.78818495801033
8044,t,38.78818495801033,38.78818495801033
8045,c,38.78818495801033,38.78818495801033
8046,t,38.78818495801033,38.78818495801033
8047,c,38.78818495801033,38.78818495801033
8048,t,38.78818495801033,38.78818495801033
8049,c,38.78818495801033,38.78818495801033
8050,c,38.78818495801033,38.78818495801033
8051,c,38.78818495801033,38.78818495801033
8052,c,38.78818495801033,38.78818495801033
8053,c,38.78818495801033,38.78818495801033
8054,t,38.78818495801033,38.78818495801033
8055,c,38.78818495801033,38.78818495801033
8056,t,38.78818495801033,38.78818495801033
8057,c,38.78818495801033,38.78818495801033
8058,t,38.78818495801033,38.78818495801033
8059,c,38.78818495801033,38.78818495801033
8060,t,38.78818495801033,38.78818495801033
8061,t,38.78818495801033,38.78818495801033
8062,c,38.78818495801033,38.78818495801033
8063,c,38.78818495801033,38.78818495801033
8064,na,9.29802284548841,15.76356125511177
8065,c,38.78818495801033,38.78818495801033
8066,t,38.78818495801033,38.78818495801033
8067,c,38.78818495801033,38.78818495801033
8068,t,38.78818495801033,38.78818495801033
8069,t,38.78818495801033,38.78818495801033
8070,t,38.78818495801033,38.78818495801033
8071,t,38.78818495801033,38.78818495801033
8072,c,38.78818495801033,38.78818495801033
8073,c,38.78818495801033,38.78818495801033
8074,t,38.78818495801033,38.78818495801033
8075,t,38.78818495801033,38.78818495801033
8076,c,38.78818495801033,38.78818495801033
8077,c,38.78818495801033,38.78818495801033
8078,c,38.78818495801033,38.78818495801033
8079,t,38.78818495801033,38.78818495801033
8080,c,38.78818495801033,38.78818495801033
8081,t,38.78818495801033,38.78818495801033
8082,c,38.78818495801033,38.78818495801033
8083,t,38.78818495801033,38.78818495801033
8084,c,38.78818495801033,38.78818495801033
8085,na,7.474583386037954,11.062981389043559
8086,t,38.78818495801033,38.78818495801033
8087,c,38.78818495801033,38.78818495801033
8088,t,38.78818495801033,38.78818495801033
8089,t,38.78818495801033,38.78818495801033
8090,t,38.78818495801033,38.78818495801033
8091,t,38.78818495801033,38.78818495801033
8092,t,38.78818495801033,38.78818495801033
8093,c,38.78818495801033,38.78818495801033
8094,t,38.78818495801033,38.78818495801033
8095,c,38.78818495801033,38.78818495801033
8096,c,38.78818495801033,38.78818495801033
8097,t,38.78818495801033,38.78818495801033
8098,c,38.78818495801033,38.78818495801033
8099,t,38.78818495801033,38.78818495801033
8100,t,38.78818495801033,38.78818495801033
8101,t,38.78818495801033,38.78818495801033
8102,t,38.78818495801033,38.78818495801033
8103,t,38.78818495801033,38.78818495801033
8104,c,38.78818495801033,38.78818495801033
8105,t,38.78818495801033,38.78818495801033
8106,c,38.78818495801033,38.78818495801033
8107,t,38.78818495801033,38.78818495801033
8108,c,38.78818495801033,38.78818495801033
8109,c,38.78818495801033,38.78818495801033
8110,t,38.78818495801033,38.78818495801033
8111,t,38.78818495801033,38.78818495801033
8112,c,38.78818495801033,38.78818495801033
8113,c,38.78818495801033,38.78818495801033
8114,c,38.78818495801033,38.78818495801033
8115,t,38.78818495801033,38.78818495801033
8116,c,38.78818495801033,38.78818495801033
8117,c,38.78818495801033,38.78818495801033
8118,t,38.78818495801033,38.78818495801033
8119,c,38.78818495801033,38.78818495801033
8120,c,38.78818495801033,38.78818495801033
8121,c,38.78818495801033,38.78818495801033
8122,na,-1,0
8123,t,38.78818495801033,38.78818495801033
8124,t,38.78818495801033,38.78818495801033
8125,t,38.78818495801033,38.78818495801033
8126,c,38.78818495801033,38.78818495801033
8127,t,38.78818495801033,38.78818495801033
8128,t,38.78818495801033,38.78818495801033
8129,c,38.78818495801033,38.78818495801033
8130,c,38.78818495801033,38.78818495801033
8131,c,38.78818495801033,38.78818495801033
8132,c,38.78818495801033,38.78818495801033
8133,c,38.78818495801033,38.78818495801033
8134,t,38.78818495801033,38.78818495801033
8135,c,38.78818495801033,38.78818495801033
8136,c,38.78818495801033,38.78818495801033
8137,t,38.78818495801033,38.78818495801033
8138,t,38.78818495801033,38.78818495801033
8139,c,38.78818495801033,38.78818495801033
8140,t,38.78818495801033,38.78818495801033
8141,c,38.78818495801033,38.78818495801033
8142,c,38.78818495801033,38.78818495801033
8143,t,38.78818495801033,38.78818495801033
8144,na,0.10766102324899703,9.798410740943089
8145,na,-1,0
8146,c,38.78818495801033,38.78818495801033
8147,t,38.78818495801033,38.78818495801033
8148,t,38.78818495801033,38.78818495801033
8149,t,38.78818495801033,38.78818495801033
8150,c,38.78818495801033,38.78818495801033
8151,t,38.78818495801033,38.78818495801033
8152,t,38.78818495801033,38.78818495801033
8153,na,1.9945482752031674,3.5202058584306855
8154,c,38.78818495801033,38.78818495801033
8155,c,38.78818495801033,38.78818495801033
8156,c,38.78818495801033,38.78818495801033
8157,c,38.78818495801033,38.78818495801033
8158,c,38.78818495801033,38.78818495801033
8159,c,38.78818495801033,38.78818495801033
8160,t,38.78818495801033,38.78818495801033
8161,c,38.78818495801033,38.78818495801033
8162,t,38.78818495801033,38.78818495801033
8163,c,38.78818495801033,38.78818495801033
8164,t,38.78818495801033,38.78818495801033
8165,t,38.78818495801033,38.78818495801033
8166,c,38.78818495801033,38.78818495801033
8167,c,38.78818495801033,38.78818495801033
8168,t,38.78818495801033,38.78818495801033
8169,na,2.732551297224231,14.146336898023627
8170,c,38.78818495801033,38.78818495801033
8171,c,38.78818495801033,38.78818495801033
8172,c,38.78818495801033,38.78818495801033
8173,c,38.78818495801033,38.78818495801033
8174,t,38.78818495801033,38.78818495801033
8175,t,38.78818495801033,38.78818495801033
8176,t,38.78818495801033,38.78818495801033
8177,c,38.78818495801033,38.78818495801033
8178,c,38.78818495801033,38.78818495801033
8179,c,38.78818495801033,38.78818495801033
8180,t,38.78818495801033,38.78818495801033
8181,c,38.78818495801033,38.78818495801033
8182,t,38.78818495801033,38.78818495801033
8183,c,38.78818495801033,38.78818495801033
8184,t,38.78818495801033,38.78818495801033
8185,c,38.78818495801033,38.78818495801033
8186,c,38.78818495801033,38.78818495801033
8187,c,38.78818495801033,38.78818495801033
8188,c,38.78818495801033,38.78818495801033
8189,t,38.78818495801033,38.78818495801033
8190,t,38.78818495801033,38.78818495801033
8191,t,38.78818495801033,38.78818495801033
8192,t,38.78818495801033,38.78818495801033
8193,t,38.78818495801033,38.78818495801033
8194,c,38.78818495801033,38.78818495801033
8195,c,38.78818495801033,38.78818495801033
8196,c,38.78818495801033,38.78818495801033
8197,t,38.78818495801033,38.78818495801033
8198,c,38.78818495801033,38.78818495801033
8199,t,38.78818495801033,38.78818495801033
8200,t,38.78818495801033,38.78818495801033
8201,c,38.78818495801033,38.78818495801033
8202,c,38.78818495801033,38.78818495801033
8203,t,38.78818495801033,38.78818495801033
8204,c,38.78818495801033,38.78818495801033
8205,t,38.78818495801033,38.78818495801033
8206,c,38.78818495801033,38.78818495801033
8207,t,38.78818495801033,38.78818495801033
8208,c,38.78818495801033,38.78818495801033
8209,c,38.78818495801033,38.78818495801033
8210,t,38.78818495801033,38.78818495801033
8211,c,38.78818495801033,38.78818495801033
8212,t,38.78818495801033,38.78818495801033
8213,t,38.78818495801033,38.78818495801033
8214,t,38.78818495801033,38.78818495801033
8215,c,38.78818495801033,38.78818495801033
8216,c,38.78818495801033,38.78818495801033
8217,c,38.78818495801033,38.78818495801033
8218,t,38.78818495801033,38.78818495801033
8219,c,38.78818495801033,38.78818495801033
8220,c,38.78818495801033,38.78818495801033
8221,c,38.78818495801033,38.78818495801033
8222,c,38.78818495801033,38.78818495801033
8223,c,38.78818495801033,38.78818495801033
8224,na,2.6613685664016,6.028297058177767
8225,t,38.78818495801033,38.78818495801033
8226,t,38.78818495801033,38.78818495801033
8227,t,38.78818495801033,38.78818495801033
8228,t,38.78818495801033,38.78818495801033
8229,c,38.78818495801033,38.78818495801033
8230,t,38.78818495801033,38.78818495801033
8231,c,38.78818495801033,38.78818495801033
8232,c,38.78818495801033,38.78818495801033
8233,t,38.78818495801033,38.78818495801033
8234,c,38.78818495801033,38.78818495801033
8235,t,38.78818495801033,38.78818495801033
8236,c,38.78818495801033,38.78818495801033
8237,c,38.78818495801033,38.78818495801033
8238,c,5.196497462401351,38.78818495801033
8239,t,38.78818495801033,38.78818495801033
8240,c,38.78818495801033,38.78818495801033
8241,c,38.78818495801033,38.78818495801033
8242,c,38.78818495801033,38.78818495801033
8243,c,38.78818495801033,38.78818495801033
8244,t,38.78818495801033,38.78818495801033
8245,c,38.78818495801033,38.78818495801033
8246,c,38.78818495801033,38.78818495801033
8247,t,38.78818495801033,38.78818495801033
8248,t,38.78818495801033,38.78818495801033
8249,t,38.78818495801033,38.78818495801033
8250,c,38.78818495801033,38.78818495801033
8251,c,38.78818495801033,38.78818495801033
8252,t,38.78818495801033,38.78818495801033
8253,c,11.195689601683751,11.976975346391095
8254,t,38.78818495801033,38.78818495801033
8255,t,38.78818495801033,38.78818495801033
8256,t,38.78818495801033,38.78818495801033
8257,t,38.78818495801033,38.78818495801033
8258,t,38.78818495801033,38.78818495801033
8259,t,38.78818495801033,38.78818495801033
8260,c,38.78818495801033,38.78818495801033
8261,c,38.78818495801033,38.78818495801033
8262,t,38.78818495801033,38.78818495801033
8263,c,38.78818495801033,38.78818495801033
8264,c,38.78818495801033,38.78818495801033
8265,c,38.78818495801033,38.78818495801033
8266,t,38.78818495801033,38.78818495801033
8267,c,38.78818495801033,38.78818495801033
8268,t,38.78818495801033,38.78818495801033
8269,t,38.78818495801033,38.78818495801033
8270,t,38.78818495801033,38.78818495801033
8271,c,38.78818495801033,38.78818495801033
8272,c,38.78818495801033,38.78818495801033
8273,c,38.78818495801033,38.78818495801033
8274,t,38.78818495801033,38.78818495801033
8275,c,38.78818495801033,38.78818495801033
8276,c,38.78818495801033,38.78818495801033
8277,c,38.78818495801033,38.78818495801033
8278,c,38.78818495801033,38.78818495801033
8279,t,38.78818495801033,38.78818495801033
8280,t,38.78818495801033,38.78818495801033
8281,t,38.78818495801033,38.78818495801033
8282,c,38.78818495801033,38.78818495801033
8283,c,38.78818495801033,38.78818495801033
8284,c,38.78818495801033,38.78818495801033
8285,c,38.78818495801033,38.78818495801033
8286,na,0.1837955008071696,4.836079550670423
8287,c,5.58690857077572,6.032923345001452
8288,t,38.78818495801033,38.78818495801033
8289,t,38.78818495801033,38.78818495801033
8290,t,38.78818495801033,38.78818495801033
8291,t,38.78818495801033,38.78818495801033
8292,c,38.78818495801033,38.78818495801033
8293,c,38.78818495801033,38.78818495801033
8294,c,38.78818495801033,38.78818495801033
8295,c,38.78818495801033,38.78818495801033
8296,t,38.78818495801033,38.78818495801033
8297,t,38.78818495801033,38.78818495801033
8298,t,38.78818495801033,38.78818495801033
8299,t,38.78818495801033,38.78818495801033
8300,t,38.78818495801033,38.78818495801033
8301,t,38.78818495801033,38.78818495801033
8302,t,38.78818495801033,38.78818495801033
8303,t,38.78818495801033,38.78818495801033
8304,c,38.78818495801033,38.78818495801033
8305,c,38.78818495801033,38.78818495801033
8306,c,38.78818495801033,38.78818495801033
8307,na,2.9529693256077163,7.275497413465331
8308,t,38.78818495801033,38.78818495801033
8309,c,38.78818495801033,38.78818495801033
8310,c,38.78818495801033,38.78818495801033
8311,t,38.78818495801033,38.78818495801033
8312,c,38.78818495801033,38.78818495801033
8313,t,38.78818495801033,38.78818495801033
8314,t,38.78818495801033,38.78818495801033
8315,t,38.78818495801033,38.78818495801033
8316,t,38.78818495801033,38.78818495801033
8317,t,38.78818495801033,38.78818495801033
8318,c,38.78818495801033,38.78818495801033
8319,c,38.78818495801033,38.78818495801033
8320,c,38.78818495801033,38.78818495801033
8321,t,38.78818495801033,38.78818495801033
8322,c,38.78818495801033,38.78818495801033
8323,c,38.78818495801033,38.78818495801033
8324,c,38.78818495801033,38.78818495801033
8325,c,38.78818495801033,38.78818495801033
8326,t,38.78818495801033,38.78818495801033
8327,t,38.78818495801033,38.78818495801033
8328,t,38.78818495801033,38.78818495801033
8329,t,38.78818495801033,38.78818495801033
8330,t,38.78818495801033,38.78818495801033
8331,c,38.78818495801033,38.78818495801033
8332,c,38.78818495801033,38.78818495801033
8333,t,38.78818495801033,38.78818495801033
8334,c,38.78818495801033,38.78818495801033
8335,c,38.78818495801033,38.78818495801033
8336,t,38.78818495801033,38.78818495801033
8337,c,38.78818495801033,38.78818495801033
8338,c,38.78818495801033,38.78818495801033
8339,t,38.78818495801033,38.78818495801033
8340,c,38.78818495801033,38.78818495801033
8341,t,38.78818495801033,38.78818495801033
8342,t,38.78818495801033,38.78818495801033
8343,c,38.78818495801033,38.78818495801033
8344,t,38.78818495801033,38.78818495801033
8345,t,38.78818495801033,38.78818495801033
8346,c,38.78818495801033,38.78818495801033
8347,t,38.78818495801033,38.78818495801033
8348,c,38.78818495801033,38.78818495801033
8349,c,38.78818495801033,38.78818495801033
8350,c,38.78818495801033,38.78818495801033
8351,t,38.78818495801033,38.78818495801033
8352,t,38.78818495801033,38.78818495801033
8353,c,38.78818495801033,38.78818495801033
8354,t,38.78818495801033,38.78818495801033
8355,t,38.78818495801033,38.78818495801033
8356,t,38.78818495801033,38.78818495801033
8357,t,38.78818495801033,38.78818495801033
8358,t,38.78818495801033,38.78818495801033
8359,c,38.78818495801033,38.78818495801033
8360,t,38.78818495801033,38.78818495801033
8361,c,38.78818495801033,38.78818495801033
8362,c,38.78818495801033,38.78818495801033
8363,c,38.78818495801033,38.78818495801033
8364,c,38.78818495801033,38.78818495801033
8365,c,38.78818495801033,38.78818495801033
8366,c,38.78818495801033,38.78818495801033
8367,t,38.78818495801033,38.78818495801033
8368,c,10.98419447467011,12.967775506720042
8369,t,38.78818495801033,38.78818495801033
8370,c,38.78818495801033,38.78818495801033
8371,t,38.78818495801033,38.78818495801033
8372,c,38.78818495801033,38.78818495801033
8373,t,38.78818495801033,38.78818495801033
8374,na,0.39872669766404606,11.10219707340648
8375,t,38.78818495801033,38.78818495801033
8376,t,38.78818495801033,38.78818495801033
8377,t,38.78818495801033,38.78818495801033
8378,t,38.78818495801033,38.78818495801033
8379,t,38.78818495801033,38.78818495801033
8380,c,38.78818495801033,38.78818495801033
8381,c,38.78818495801033,38.78818495801033
8382,c,38.78818495801033,38.78818495801033
8383,t,38.78818495801033,38.78818495801033
8384,t,38.78818495801033,38.78818495801033
8385,t,38.78818495801033,38.78818495801033
8386,c,38.78818495801033,38.78818495801033
8387,na,0,4.15127502284661
8388,c,38.78818495801033,38.78818495801033
8389,c,38.78818495801033,38.78818495801033
8390,t,38.78818495801033,38.78818495801033
8391,c,38.78818495801033,38.78818495801033
8392,c,38.78818495801033,38.78818495801033
8393,t,38.78818495801033,38.78818495801033
8394,c,38.78818495801033,38.78818495801033
8395,t,38.78818495801033,38.78818495801033
8396,t,38.78818495801033,38.78818495801033
8397,t,38.78818495801033,38.78818495801033
8398,t,38.78818495801033,38.78818495801033
8399,c,38.78818495801033,38.78818495801033
8400,t,38.78818495801033,38.78818495801033
8401,c,38.78818495801033,38.78818495801033
8402,t,38.78818495801033,38.78818495801033
8403,c,38.78818495801033,38.78818495801033
8404,t,38.78818495801033,38.78818495801033
8405,c,38.78818495801033,38.78818495801033
8406,c,38.78818495801033,38.78818495801033
8407,c,38.78818495801033,38.78818495801033
8408,t,38.78818495801033,38.78818495801033
8409,c,38.78818495801033,38.78818495801033
8410,t,38.78818495801033,38.78818495801033
8411,t,38.78818495801033,38.78818495801033
8412,c,38.78818495801033,38.78818495801033
8413,c,10.897466659360699,12.928001397995764
8414,c,38.78818495801033,38.78818495801033
8415,na,10.256773648587215,12.558202903029812
8416,t,38.78818495801033,38.78818495801033
8417,c,38.78818495801033,38.78818495801033
8418,t,38.78818495801033,38.78818495801033
8419,c,38.78818495801033,38.78818495801033
8420,c,38.78818495801033,38.78818495801033
8421,c,38.78818495801033,38.78818495801033
8422,t,38.78818495801033,38.78818495801033
8423,t,38.78818495801033,38.78818495801033
8424,c,38.78818495801033,38.78818495801033
8425,t,38.78818495801033,38.78818495801033
8426,t,38.78818495801033,38.78818495801033
8427,t,38.78818495801033,38.78818495801033
8428,t,38.78818495801033,38.78818495801033
8429,c,38.78818495801033,38.78818495801033
8430,t,38.78818495801033,38.78818495801033
8431,c,38.78818495801033,38.78818495801033
8432,t,38.78818495801033,38.78818495801033
8433,t,38.78818495801033,38.78818495801033
8434,t,38.78818495801033,38.78818495801033
8435,t,38.78818495801033,38.78818495801033
8436,t,38.78818495801033,38.78818495801033
8437,t,38.78818495801033,38.78818495801033
8438,c,38.78818495801033,38.78818495801033
8439,na,-1,0
8440,c,38.78818495801033,38.78818495801033
8441,t,38.78818495801033,38.78818495801033
8442,c,38.78818495801033,38.78818495801033
8443,c,38.78818495801033,38.78818495801033
8444,c,38.78818495801033,38.78818495801033
8445,c,38.78818495801033,38.78818495801033
8446,c,38.78818495801033,38.78818495801033
8447,c,38.78818495801033,38.78818495801033
8448,t,38.78818495801033,38.78818495801033
8449,t,38.78818495801033,38.78818495801033
8450,t,38.78818495801033,38.78818495801033
8451,t,38.78818495801033,38.78818495801033
8452,na,0,2.65097132231563
8453,t,38.78818495801033,38.78818495801033
8454,c,38.78818495801033,38.78818495801033
8455,t,38.78818495801033,38.78818495801033
8456,c,38.78818495801033,38.78818495801033
8457,c,38.78818495801033,38.78818495801033
8458,t,38.78818495801033,38.78818495801033
8459,c,38.78818495801033,38.78818495801033
8460,t,38.78818495801033,38.78818495801033
8461,c,38.78818495801033,38.78818495801033
8462,t,38.78818495801033,38.78818495801033
8463,t,38.78818495801033,38.78818495801033
8464,c,38.78818495801033,38.78818495801033
8465,c,38.78818495801033,38.78818495801033
8466,t,38.78818495801033,38.78818495801033
8467,t,38.78818495801033,38.78818495801033
8468,c,38.78818495801033,38.78818495801033
8469,t,38.78818495801033,38.78818495801033
8470,c,38.78818495801033,38.78818495801033
8471,c,38.78818495801033,38.78818495801033
8472,c,38.78818495801033,38.78818495801033
8473,c,38.78818495801033,38.78818495801033
8474,t,38.78818495801033,38.78818495801033
8475,c,38.78818495801033,38.78818495801033
8476,c,38.78818495801033,38.78818495801033
8477,t,38.78818495801033,38.78818495801033
8478,t,38.78818495801033,38.78818495801033
8479,t,38.78818495801033,38.78818495801033
8480,c,38.78818495801033,38.78818495801033
8481,t,38.78818495801033,38.78818495801033
8482,c,38.78818495801033,38.78818495801033
8483,t,38.78818495801033,38.78818495801033
8484,t,38.78818495801033,38.78818495801033
8485,c,38.78818495801033,38.78818495801033
8486,t,38.78818495801033,38.78818495801033
8487,t,38.78818495801033,38.78818495801033
8488,t,38.78818495801033,38.78818495801033
8489,t,38.78818495801033,38.78818495801033
8490,t,38.78818495801033,38.78818495801033
8491,t,38.78818495801033,38.78818495801033
8492,t,38.78818495801033,38.78818495801033
8493,c,38.78818495801033,38.78818495801033
8494,t,38.78818495801033,38.78818495801033
8495,c,38.78818495801033,38.78818495801033
8496,t,38.78818495801033,38.78818495801033
8497,c,38.78818495801033,38.78818495801033
8498,t,38.78818495801033,38.78818495801033
8499,t,38.78818495801033,38.78818495801033
8500,t,38.78818495801033,38.78818495801033
8501,t,38.78818495801033,38.78818495801033
8502,c,38.78818495801033,38.78818495801033
8503,c,38.78818495801033,38.78818495801033
8504,c,38.78818495801033,38.78818495801033
8505,c,38.78818495801033,38.78818495801033
8506,c,38.78818495801033,38.78818495801033
8507,c,38.78818495801033,38.78818495801033
8508,t,38.78818495801033,38.78818495801033
8509,t,38.78818495801033,38.78818495801033
8510,t,38.78818495801033,38.78818495801033
8511,t,38.78818495801033,38.78818495801033
8512,t,38.78818495801033,38.78818495801033
8513,t,38.78818495801033,38.78818495801033
8514,t,38.78818495801033,38.78818495801033
8515,t,38.78818495801033,38.78818495801033
8516,t,38.78818495801033,38.78818495801033
8517,c,38.78818495801033,38.78818495801033
8518,t,38.78818495801033,38.78818495801033
8519,t,38.78818495801033,38.78818495801033
8520,c,38.78818495801033,38.78818495801033
8521,c,38.78818495801033,38.78818495801033
8522,t,38.78818495801033,38.78818495801033
8523,c,38.78818495801033,38.78818495801033
8524,c,38.78818495801033,38.78818495801033
8525,t,38.78818495801033,38.78818495801033
8526,t,38.78818495801033,38.78818495801033
8527,t,38.78818495801033,38.78818495801033
8528,c,38.78818495801033,38.78818495801033
8529,t,38.78818495801033,38.78818495801033
8530,c,38.78818495801033,38.78818495801033
8531,t,38.78818495801033,38.78818495801033
8532,t,38.78818495801033,38.78818495801033
8533,c,38.78818495801033,38.78818495801033
8534,c,38.78818495801033,38.78818495801033
8535,t,38.78818495801033,38.78818495801033
8536,c,38.78818495801033,38.78818495801033
8537,c,38.78818495801033,38.78818495801033
8538,t,38.78818495801033,38.78818495801033
8539,t,38.78818495801033,38.78818495801033
8540,c,38.78818495801033,38.78818495801033
8541,c,38.78818495801033,38.78818495801033
8542,c,38.78818495801033,38.78818495801033
8543,c,38.78818495801033,38.78818495801033
8544,c,38.78818495801033,38.78818495801033
8545,c,38.78818495801033,38.78818495801033
8546,t,38.78818495801033,38.78818495801033
8547,c,38.78818495801033,38.78818495801033
8548,t,38.78818495801033,38.78818495801033
8549,c,38.78818495801033,38.78818495801033
8550,c,38.78818495801033,38.78818495801033
8551,c,38.78818495801033,38.78818495801033
8552,c,38.78818495801033,38.78818495801033
8553,t,38.78818495801033,38.78818495801033
8554,c,38.78818495801033,38.78818495801033
8555,c,38.78818495801033,38.78818495801033
8556,t,38.78818495801033,38.78818495801033
8557,c,38.78818495801033,38.78818495801033
8558,c,38.78818495801033,38.78818495801033
8559,c,38.78818495801033,38.78818495801033
8560,t,38.78818495801033,38.78818495801033
8561,c,38.78818495801033,38.78818495801033
8562,c,38.78818495801033,38.78818495801033
8563,t,38.78818495801033,38.78818495801033
8564,t,38.78818495801033,38.78818495801033
8565,c,38.78818495801033,38.78818495801033
8566,t,38.78818495801033,38.78818495801033
8567,c,38.78818495801033,38.78818495801033
8568,c,38.78818495801033,38.78818495801033
8569,c,38.78818495801033,38.78818495801033
8570,c,38.78818495801033,38.78818495801033
8571,t,38.78818495801033,38.78818495801033
8572,t,38.78818495801033,38.78818495801033
8573,c,38.78818495801033,38.78818495801033
8574,c,38.78818495801033,38.78818495801033
8575,t,38.78818495801033,38.78818495801033
8576,c,38.78818495801033,38.78818495801033
8577,t,38.78818495801033,38.78818495801033
8578,t,38.78818495801033,38.78818495801033
8579,t,38.78818495801033,38.78818495801033
8580,t,38.78818495801033,38.78818495801033
8581,t,38.78818495801033,38.78818495801033
8582,c,38.78818495801033,38.78818495801033
8583,t,38.78818495801033,38.78818495801033
8584,c,38.78818495801033,38.78818495801033
8585,c,38.78818495801033,38.78818495801033
8586,c,38.78818495801033,38.78818495801033
8587,c,38.78818495801033,38.78818495801033
8588,c,38.78818495801033,38.78818495801033
8589,t,38.78818495801033,38.78818495801033
8590,c,38.78818495801033,38.78818495801033
8591,c,38.78818495801033,38.78818495801033
8592,t,38.78818495801033,38.78818495801033
8593,t,38.78818495801033,38.78818495801033
8594,c,38.78818495801033,38.78818495801033
8595,t,38.78818495801033,38.78818495801033
8596,c,38.78818495801033,38.78818495801033
8597,t,38.78818495801033,38.78818495801033
8598,t,38.78818495801033,38.78818495801033
8599,t,38.78818495801033,38.78818495801033
8600,c,38.78818495801033,38.78818495801033
8601,c,38.78818495801033,38.78818495801033
8602,c,38.78818495801033,38.78818495801033
8603,t,38.78818495801033,38.78818495801033
8604,t,38.78818495801033,38.78818495801033
8605,t,38.78818495801033,38.78818495801033
8606,t,38.78818495801033,38.78818495801033
8607,c,38.78818495801033,38.78818495801033
8608,c,38.78818495801033,38.78818495801033
8609,t,38.78818495801033,38.78818495801033
8610,t,38.78818495801033,38.78818495801033
8611,c,38.78818495801033,38.78818495801033
8612,c,38.78818495801033,38.78818495801033
8613,t,38.78818495801033,38.78818495801033
8614,t,38.78818495801033,38.78818495801033
8615,c,38.78818495801033,38.78818495801033
8616,t,38.78818495801033,38.78818495801033
8617,c,38.78818495801033,38.78818495801033
8618,c,38.78818495801033,38.78818495801033
8619,t,38.78818495801033,38.78818495801033
8620,t,38.78818495801033,38.78818495801033
8621,t,38.78818495801033,38.78818495801033
8622,t,38.78818495801033,38.78818495801033
8623,t,38.78818495801033,38.78818495801033
8624,t,38.78818495801033,38.78818495801033
8625,c,38.78818495801033,38.78818495801033
8626,c,38.78818495801033,38.78818495801033
8627,t,38.78818495801033,38.78818495801033
8628,t,38.78818495801033,38.78818495801033
8629,t,38.78818495801033,38.78818495801033
8630,t,38.78818495801033,38.78818495801033
8631,t,38.78818495801033,38.78818495801033
8632,c,38.78818495801033,38.78818495801033
8633,t,38.78818495801033,38.78818495801033
8634,c,38.78818495801033,38.78818495801033
8635,c,38.78818495801033,38.78818495801033
8636,c,38.78818495801033,38.78818495801033
8637,t,38.78818495801033,38.78818495801033
8638,t,38.78818495801033,38.78818495801033
8639,c,38.78818495801033,38.78818495801033
8640,t,38.78818495801033,38.78818495801033
8641,c,38.78818495801033,38.78818495801033
8642,c,38.78818495801033,38.78818495801033
8643,c,38.78818495801033,38.78818495801033
8644,t,38.78818495801033,38.78818495801033
8645,t,38.78818495801033,38.78818495801033
8646,t,38.78818495801033,38.78818495801033
8647,c,38.78818495801033,38.78818495801033
8648,c,38.78818495801033,38.78818495801033
8649,c,38.78818495801033,38.78818495801033
8650,t,38.78818495801033,38.78818495801033
8651,c,38.78818495801033,38.78818495801033
8652,c,38.78818495801033,38.78818495801033
8653,t,38.78818495801033,38.78818495801033
8654,t,38.78818495801033,38.78818495801033
8655,c,38.78818495801033,38.78818495801033
8656,c,38.78818495801033,38.78818495801033
8657,c,38.78818495801033,38.78818495801033
8658,t,38.78818495801033,38.78818495801033
8659,c,38.78818495801033,38.78818495801033
8660,c,38.78818495801033,38.78818495801033
8661,t,38.78818495801033,38.78818495801033
8662,t,38.78818495801033,38.78818495801033
8663,t,38.78818495801033,38.78818495801033
8664,c,38.78818495801033,38.78818495801033
8665,c,38.78818495801033,38.78818495801033
8666,c,38.78818495801033,38.78818495801033
8667,t,38.78818495801033,38.78818495801033
8668,t,38.78818495801033,38.78818495801033
8669,t,38.78818495801033,38.78818495801033
8670,c,38.78818495801033,38.78818495801033
8671,c,38.78818495801033,38.78818495801033
8672,t,38.78818495801033,38.78818495801033
8673,c,38.78818495801033,38.78818495801033
8674,c,38.78818495801033,38.78818495801033
8675,c,38.78818495801033,38.78818495801033
8676,t,38.78818495801033,38.78818495801033
8677,c,38.78818495801033,38.78818495801033
8678,t,38.78818495801033,38.78818495801033
8679,c,38.78818495801033,38.78818495801033
8680,t,38.78818495801033,38.78818495801033
8681,c,38.78818495801033,38.78818495801033
8682,t,38.78818495801033,38.78818495801033
8683,c,38.78818495801033,38.78818495801033
8684,c,38.78818495801033,38.78818495801033
8685,t,38.78818495801033,38.78818495801033
8686,c,38.78818495801033,38.78818495801033
8687,t,38.78818495801033,38.78818495801033
8688,t,38.78818495801033,38.78818495801033
8689,t,38.78818495801033,38.78818495801033
8690,t,38.78818495801033,38.78818495801033
8691,t,38.78818495801033,38.78818495801033
8692,t,38.78818495801033,38.78818495801033
8693,t,38.78818495801033,38.78818495801033
8694,c,38.78818495801033,38.78818495801033
8695,t,38.78818495801033,38.78818495801033
8696,t,38.78818495801033,38.78818495801033
8697,c,38.78818495801033,38.78818495801033
8698,c,38.78818495801033,38.78818495801033
8699,t,38.78818495801033,38.78818495801033
8700,c,38.78818495801033,38.78818495801033
8701,t,38.78818495801033,38.78818495801033
8702,t,38.78818495801033,38.78818495801033
8703,c,38.78818495801033,38.78818495801033
8704,c,38.78818495801033,38.78818495801033
8705,c,38.78818495801033,38.78818495801033
8706,t,38.78818495801033,38.78818495801033
8707,t,38.78818495801033,38.78818495801033
8708,t,38.78818495801033,38.78818495801033
8709,c,38.78818495801033,38.78818495801033
8710,c,38.78818495801033,38.78818495801033
8711,t,38.78818495801033,38.78818495801033
8712,c,38.78818495801033,38.78818495801033
8713,t,38.78818495801033,38.78818495801033
8714,c,38.78818495801033,38.78818495801033
8715,c,38.78818495801033,38.78818495801033
8716,c,38.78818495801033,38.78818495801033
8717,c,38.78818495801033,38.78818495801033
8718,c,38.78818495801033,38.78818495801033
8719,t,38.78818495801033,38.78818495801033
8720,c,38.78818495801033,38.78818495801033
8721,t,38.78818495801033,38.78818495801033
8722,t,38.78818495801033,38.78818495801033
8723,t,38.78818495801033,38.78818495801033
8724,t,38.78818495801033,38.78818495801033
8725,c,38.78818495801033,38.78818495801033
8726,t,38.78818495801033,38.78818495801033
8727,c,38.78818495801033,38.78818495801033
8728,c,38.78818495801033,38.78818495801033
8729,c,38.78818495801033,38.78818495801033
8730,c,38.78818495801033,38.78818495801033
8731,c,38.78818495801033,38.78818495801033
8732,t,38.78818495801033,38.78818495801033
8733,t,38.78818495801033,38.78818495801033
8734,t,38.78818495801033,38.78818495801033
8735,t,38.78818495801033,38.78818495801033
8736,t,38.78818495801033,38.78818495801033
8737,t,38.78818495801033,38.78818495801033
8738,t,38.78818495801033,38.78818495801033
8739,c,38.78818495801033,38.78818495801033
8740,c,38.78818495801033,38.78818495801033
8741,c,38.78818495801033,38.78818495801033
8742,t,38.78818495801033,38.78818495801033
8743,c,38.78818495801033,38.78818495801033
8744,t,38.78818495801033,38.78818495801033
8745,c,38.78818495801033,38.78818495801033
8746,c,38.78818495801033,38.78818495801033
8747,t,38.78818495801033,38.78818495801033
8748,c,38.78818495801033,38.78818495801033
8749,c,38.78818495801033,38.78818495801033
8750,t,38.78818495801033,38.78818495801033
8751,c,38.78818495801033,38.78818495801033
8752,t,38.78818495801033,38.78818495801033
8753,c,38.78818495801033,38.78818495801033
8754,t,38.78818495801033,38.78818495801033
8755,t,38.78818495801033,38.78818495801033
8756,c,38.78818495801033,38.78818495801033
8757,c,38.78818495801033,38.78818495801033
8758,t,38.78818495801033,38.78818495801033
8759,t,38.78818495801033,38.78818495801033
8760,c,38.78818495801033,38.78818495801033
8761,t,38.78818495801033,38.78818495801033
8762,t,38.78818495801033,38.78818495801033
8763,t,38.78818495801033,38.78818495801033
8764,c,38.78818495801033,38.78818495801033
8765,t,38.78818495801033,38.78818495801033
8766,c,38.78818495801033,38.78818495801033
8767,t,38.78818495801033,38.78818495801033
8768,c,38.78818495801033,38.78818495801033
8769,c,38.78818495801033,38.78818495801033
8770,c,38.78818495801033,38.78818495801033
8771,c,38.78818495801033,38.78818495801033
8772,na,0.9656344621769822,14.475405002016997
8773,c,10.767249831355375,14.3622281340491
8774,c,38.78818495801033,38.78818495801033
8775,c,38.78818495801033,38.78818495801033
8776,c,38.78818495801033,38.78818495801033
8777,t,38.78818495801033,38.78818495801033
8778,c,38.78818495801033,38.78818495801033
8779,t,38.78818495801033,38.78818495801033
8780,t,38.78818495801033,38.78818495801033
8781,t,38.78818495801033,38.78818495801033
8782,c,38.78818495801033,38.78818495801033
8783,t,38.78818495801033,38.78818495801033
8784,c,38.78818495801033,38.78818495801033
8785,c,38.78818495801033,38.78818495801033
8786,t,38.78818495801033,38.78818495801033
8787,c,38.78818495801033,38.78818495801033
8788,t,38.78818495801033,38.78818495801033
8789,c,38.78818495801033,38.78818495801033
8790,t,38.78818495801033,38.78818495801033
8791,t,38.78818495801033,38.78818495801033
8792,c,38.78818495801033,38.78818495801033
8793,t,38.78818495801033,38.78818495801033
8794,c,38.78818495801033,38.78818495801033
8795,t,38.78818495801033,38.78818495801033
8796,t,38.78818495801033,38.78818495801033
8797,t,38.78818495801033,38.78818495801033
8798,c,38.78818495801033,38.78818495801033
8799,c,38.78818495801033,38.78818495801033
8800,c,38.78818495801033,38.78818495801033
8801,c,38.78818495801033,38.78818495801033
8802,t,38.78818495801033,38.78818495801033
8803,c,38.78818495801033,38.78818495801033
8804,t,38.78818495801033,38.78818495801033
8805,t,38.78818495801033,38.78818495801033
8806,t,38.78818495801033,38.78818495801033
8807,c,38.78818495801033,38.78818495801033
8808,c,38.78818495801033,38.78818495801033
8809,c,38.78818495801033,38.78818495801033
8810,t,38.78818495801033,38.78818495801033
8811,t,38.78818495801033,38.78818495801033
8812,c,38.78818495801033,38.78818495801033
8813,t,38.78818495801033,38.78818495801033
8814,c,38.78818495801033,38.78818495801033
8815,t,38.78818495801033,38.78818495801033
8816,c,38.78818495801033,38.78818495801033
8817,t,38.78818495801033,38.78818495801033
8818,c,38.78818495801033,38.78818495801033
8819,na,0.6816711398662024,3.13657270599458
8820,t,38.78818495801033,38.78818495801033
8821,c,38.78818495801033,38.78818495801033
8822,na,0,2.6204519025573165
8823,t,38.78818495801033,38.78818495801033
8824,t,38.78818495801033,38.78818495801033
8825,c,38.78818495801033,38.78818495801033
8826,c,38.78818495801033,38.78818495801033
8827,t,38.78818495801033,38.78818495801033
8828,t,38.78818495801033,38.78818495801033
8829,t,38.78818495801033,38.78818495801033
8830,c,38.78818495801033,38.78818495801033
8831,c,38.78818495801033,38.78818495801033
8832,t,38.78818495801033,38.78818495801033
8833,t,38.78818495801033,38.78818495801033
8834,c,38.78818495801033,38.78818495801033
8835,t,38.78818495801033,38.78818495801033
8836,c,38.78818495801033,38.78818495801033
8837,c,38.78818495801033,38.78818495801033
8838,t,38.78818495801033,38.78818495801033
8839,c,38.78818495801033,38.78818495801033
8840,c,38.78818495801033,38.78818495801033
8841,t,38.78818495801033,38.78818495801033
8842,t,38.78818495801033,38.78818495801033
8843,c,38.78818495801033,38.78818495801033
8844,t,38.78818495801033,38.78818495801033
8845,c,38.78818495801033,38.78818495801033
8846,c,38.78818495801033,38.78818495801033
8847,c,38.78818495801033,38.78818495801033
8848,c,38.78818495801033,38.78818495801033
8849,c,38.78818495801033,38.78818495801033
8850,c,38.78818495801033,38.78818495801033
8851,c,38.78818495801033,38.78818495801033
8852,c,38.78818495801033,38.78818495801033
8853,c,38.78818495801033,38.78818495801033
8854,c,38.78818495801033,38.78818495801033
8855,c,38.78818495801033,38.78818495801033
8856,c,38.78818495801033,38.78818495801033
8857,na,4.009867435926956,19.263656388506252
8858,t,38.78818495801033,38.78818495801033
8859,t,38.78818495801033,38.78818495801033
8860,t,38.78818495801033,38.78818495801033
8861,c,38.78818495801033,38.78818495801033
8862,t,38.78818495801033,38.78818495801033
8863,t,38.78818495801033,38.78818495801033
8864,c,38.78818495801033,38.78818495801033
8865,t,38.78818495801033,38.78818495801033
8866,c,38.78818495801033,38.78818495801033
8867,t,38.78818495801033,38.78818495801033
8868,c,38.78818495801033,38.78818495801033
8869,c,38.78818495801033,38.78818495801033
8870,c,38.78818495801033,38.78818495801033
8871,t,38.78818495801033,38.78818495801033
8872,c,38.78818495801033,38.78818495801033
8873,c,38.78818495801033,38.78818495801033
8874,t,38.78818495801033,38.78818495801033
8875,t,38.78818495801033,38.78818495801033
8876,t,38.78818495801033,38.78818495801033
8877,c,38.78818495801033,38.78818495801033
8878,c,38.78818495801033,38.78818495801033
8879,c,38.78818495801033,38.78818495801033
8880,t,38.78818495801033,38.78818495801033
8881,c,38.78818495801033,38.78818495801033
8882,t,38.78818495801033,38.78818495801033
8883,c,38.78818495801033,38.78818495801033
8884,t,38.78818495801033,38.78818495801033
8885,t,38.78818495801033,38.78818495801033
8886,c,5.109690420888187,6.171860469189396
8887,t,38.78818495801033,38.78818495801033
8888,t,38.78818495801033,38.78818495801033
8889,t,38.78818495801033,38.78818495801033
8890,c,5.219968137887257,7.336713432802898
8891,t,38.78818495801033,38.78818495801033
8892,c,38.78818495801033,38.78818495801033
8893,t,38.78818495801033,38.78818495801033
8894,c,38.78818495801033,38.78818495801033
8895,t,38.78818495801033,38.78818495801033
8896,c,38.78818495801033,38.78818495801033
8897,t,38.78818495801033,38.78818495801033
8898,c,38.78818495801033,38.78818495801033
8899,t,38.78818495801033,38.78818495801033
8900,t,38.78818495801033,38.78818495801033
8901,t,38.78818495801033,38.78818495801033
8902,c,38.78818495801033,38.78818495801033
8903,t,38.78818495801033,38.78818495801033
8904,c,38.78818495801033,38.78818495801033
8905,t,38.78818495801033,38.78818495801033
8906,c,38.78818495801033,38.78818495801033
8907,t,38.78818495801033,38.78818495801033
8908,t,38.78818495801033,38.78818495801033
8909,c,38.78818495801033,38.78818495801033
8910,c,38.78818495801033,38.78818495801033
8911,t,38.78818495801033,38.78818495801033
8912,c,38.78818495801033,38.78818495801033
8913,t,38.78818495801033,38.78818495801033
8914,t,38.78818495801033,38.78818495801033
8915,t,38.78818495801033,38.78818495801033
8916,c,38.78818495801033,38.78818495801033
8917,na,4.117876781214118,10.4429245799541
8918,c,38.78818495801033,38.78818495801033
8919,t,38.78818495801033,38.78818495801033
8920,c,38.78818495801033,38.78818495801033
8921,c,38.78818495801033,38.78818495801033
8922,c,38.78818495801033,38.78818495801033
8923,t,38.78818495801033,38.78818495801033
8924,c,38.78818495801033,38.78818495801033
8925,t,38.78818495801033,38.78818495801033
8926,c,38.78818495801033,38.78818495801033
8927,t,38.78818495801033,38.78818495801033
8928,c,38.78818495801033,38.78818495801033
8929,t,38.78818495801033,38.78818495801033
8930,t,38.78818495801033,38.78818495801033
8931,c,38.78818495801033,38.78818495801033
8932,c,38.78818495801033,38.78818495801033
8933,c,38.78818495801033,38.78818495801033
8934,t,38.78818495801033,38.78818495801033
8935,c,38.78818495801033,38.78818495801033
8936,na,2.0036207855547667,5.429573815646242
8937,c,38.78818495801033,38.78818495801033
8938,c,38.78818495801033,38.78818495801033
8939,c,19.873344637600326,23.579556121309615
8940,t,38.78818495801033,38.78818495801033
8941,t,38.78818495801033,38.78818495801033
8942,c,38.78818495801033,38.78818495801033
8943,c,38.78818495801033,38.78818495801033
8944,c,38.78818495801033,38.78818495801033
8945,t,38.78818495801033,38.78818495801033
8946,c,17.459366805268623,19.196556824228004
8947,c,38.78818495801033,38.78818495801033
8948,c,38.78818495801033,38.78818495801033
8949,c,38.78818495801033,38.78818495801033
8950,c,38.78818495801033,38.78818495801033
8951,c,38.78818495801033,38.78818495801033
8952,t,38.78818495801033,38.78818495801033
8953,t,38.78818495801033,38.78818495801033
8954,t,38.78818495801033,38.78818495801033
8955,t,38.78818495801033,38.78818495801033
8956,c,38.78818495801033,38.78818495801033
8957,c,38.78818495801033,38.78818495801033
8958,t,38.78818495801033,38.78818495801033
8959,t,38.78818495801033,38.78818495801033
8960,t,38.78818495801033,38.78818495801033
8961,c,38.78818495801033,38.78818495801033
8962,t,38.78818495801033,38.78818495801033
8963,c,38.78818495801033,38.78818495801033
8964,c,38.78818495801033,38.78818495801033
8965,t,38.78818495801033,38.78818495801033
8966,t,38.78818495801033,38.78818495801033
8967,t,38.78818495801033,38.78818495801033
8968,c,38.78818495801033,38.78818495801033
8969,t,38.78818495801033,38.78818495801033
8970,c,38.78818495801033,38.78818495801033
8971,c,38.78818495801033,38.78818495801033
8972,t,38.78818495801033,38.78818495801033
8973,t,38.78818495801033,38.78818495801033
8974,t,38.78818495801033,38.78818495801033
8975,t,38.78818495801033,38.78818495801033
8976,na,-1,0
8977,c,38.78818495801033,38.78818495801033
8978,c,38.78818495801033,38.78818495801033
8979,t,38.78818495801033,38.78818495801033
8980,c,38.78818495801033,38.78818495801033
8981,t,38.78818495801033,38.78818495801033
8982,c,38.78818495801033,38.78818495801033
8983,t,38.78818495801033,38.78818495801033
8984,c,38.78818495801033,38.78818495801033
8985,c,38.78818495801033,38.78818495801033
8986,t,38.78818495801033,38.78818495801033
8987,c,38.78818495801033,38.78818495801033
8988,t,38.78818495801033,38.78818495801033
8989,c,38.78818495801033,38.78818495801033
8990,t,38.78818495801033,38.78818495801033
8991,t,38.78818495801033,38.78818495801033
8992,c,38.78818495801033,38.78818495801033
8993,t,38.78818495801033,38.78818495801033
8994,t,38.78818495801033,38.78818495801033
8995,c,38.78818495801033,38.78818495801033
8996,t,38.78818495801033,38.78818495801033
8997,c,38.78818495801033,38.78818495801033
8998,t,38.78818495801033,38.78818495801033
8999,t,38.78818495801033,38.78818495801033
9000,c,38.78818495801033,38.78818495801033
9001,t,38.78818495801033,38.78818495801033
9002,t,38.78818495801033,38.78818495801033
9003,c,38.78818495801033,38.78818495801033
9004,t,38.78818495801033,38.78818495801033
9005,c,38.78818495801033,38.78818495801033
9006,t,38.78818495801033,38.78818495801033
9007,c,38.78818495801033,38.78818495801033
9008,c,38.78818495801033,38.78818495801033
9009,t,38.78818495801033,38.78818495801033
9010,t,38.78818495801033,38.78818495801033
9011,c,8.542472132762896,12.707294735302023
9012,t,38.78818495801033,38.78818495801033
9013,c,38.78818495801033,38.78818495801033
9014,t,38.78818495801033,38.78818495801033
9015,c,38.78818495801033,38.78818495801033
9016,t,38.78818495801033,38.78818495801033
9017,t,38.78818495801033,38.78818495801033
9018,c,38.78818495801033,38.78818495801033
9019,t,38.78818495801033,38.78818495801033
9020,t,38.78818495801033,38.78818495801033
9021,c,38.78818495801033,38.78818495801033
9022,c,38.78818495801033,38.78818495801033
9023,c,38.78818495801033,38.78818495801033
9024,c,38.78818495801033,38.78818495801033
9025,c,38.78818495801033,38.78818495801033
9026,t,38.78818495801033,38.78818495801033
9027,t,38.78818495801033,38.78818495801033
9028,c,38.78818495801033,38.78818495801033
9029,t,38.78818495801033,38.78818495801033
9030,c,38.78818495801033,38.78818495801033
9031,t,38.78818495801033,38.78818495801033
9032,c,38.78818495801033,38.78818495801033
9033,t,38.78818495801033,38.78818495801033
9034,t,38.78818495801033,38.78818495801033
9035,c,38.78818495801033,38.78818495801033
9036,c,38.78818495801033,38.78818495801033
9037,na,-1,0
9038,c,38.78818495801033,38.78818495801033
9039,c,38.78818495801033,38.78818495801033
9040,t,38.78818495801033,38.78818495801033
9041,c,38.78818495801033,38.78818495801033
9042,t,38.78818495801033,38.78818495801033
9043,t,38.78818495801033,38.78818495801033
9044,t,38.78818495801033,38.78818495801033
9045,c,38.78818495801033,38.78818495801033
9046,c,38.78818495801033,38.78818495801033
9047,t,38.78818495801033,38.78818495801033
9048,t,38.78818495801033,38.78818495801033
9049,t,38.78818495801033,38.78818495801033
9050,c,19.970406342183253,38.78818495801033
9051,c,38.78818495801033,38.78818495801033
9052,c,38.78818495801033,38.78818495801033
9053,t,38.78818495801033,38.78818495801033
9054,c,38.78818495801033,38.78818495801033
9055,t,38.78818495801033,38.78818495801033
9056,c,38.78818495801033,38.78818495801033
9057,c,16.30848289562802,38.78818495801033
9058,c,38.78818495801033,38.78818495801033
9059,c,38.78818495801033,38.78818495801033
9060,t,38.78818495801033,38.78818495801033
9061,c,38.78818495801033,38.78818495801033
9062,c,38.78818495801033,38.78818495801033
9063,t,38.78818495801033,38.78818495801033
9064,t,38.78818495801033,38.78818495801033
9065,t,38.78818495801033,38.78818495801033
9066,t,38.78818495801033,38.78818495801033
9067,t,38.78818495801033,38.78818495801033
9068,c,38.78818495801033,38.78818495801033
9069,t,38.78818495801033,38.78818495801033
9070,c,38.78818495801033,38.78818495801033
9071,t,38.78818495801033,38.78818495801033
9072,c,38.78818495801033,38.78818495801033
9073,c,38.78818495801033,38.78818495801033
9074,c,38.78818495801033,38.78818495801033
9075,t,38.78818495801033,38.78818495801033
9076,t,38.78818495801033,38.78818495801033
9077,c,38.78818495801033,38.78818495801033
9078,t,38.78818495801033,38.78818495801033
9079,t,38.78818495801033,38.78818495801033
9080,c,38.78818495801033,38.78818495801033
9081,c,38.78818495801033,38.78818495801033
9082,t,38.78818495801033,38.78818495801033
9083,c,38.78818495801033,38.78818495801033
9084,t,38.78818495801033,38.78818495801033
9085,c,38.78818495801033,38.78818495801033
9086,c,38.78818495801033,38.78818495801033
9087,t,38.78818495801033,38.78818495801033
9088,c,22.66649175235143,38.78818495801033
9089,t,38.78818495801033,38.78818495801033
9090,t,38.78818495801033,38.78818495801033
9091,t,38.78818495801033,38.78818495801033
9092,c,38.78818495801033,38.78818495801033
9093,c,38.78818495801033,38.78818495801033
9094,c,38.78818495801033,38.78818495801033
9095,t,38.78818495801033,38.78818495801033
9096,t,38.78818495801033,38.78818495801033
9097,t,38.78818495801033,38.78818495801033
9098,t,38.78818495801033,38.78818495801033
9099,c,38.78818495801033,38.78818495801033
9100,c,38.78818495801033,38.78818495801033
9101,t,38.78818495801033,38.78818495801033
9102,t,38.78818495801033,38.78818495801033
9103,t,38.78818495801033,38.78818495801033
9104,t,38.78818495801033,38.78818495801033
9105,t,38.78818495801033,38.78818495801033
9106,t,38.78818495801033,38.78818495801033
9107,t,38.78818495801033,38.78818495801033
9108,c,38.78818495801033,38.78818495801033
9109,t,38.78818495801033,38.78818495801033
9110,c,38.78818495801033,38.78818495801033
9111,t,38.78818495801033,38.78818495801033
9112,t,38.78818495801033,38.78818495801033
9113,t,38.78818495801033,38.78818495801033
9114,t,38.78818495801033,38.78818495801033
9115,c,38.78818495801033,38.78818495801033
9116,t,38.78818495801033,38.78818495801033
9117,c,38.78818495801033,38.78818495801033
9118,t,38.78818495801033,38.78818495801033
9119,t,38.78818495801033,38.78818495801033
9120,c,38.78818495801033,38.78818495801033
9121,t,38.78818495801033,38.78818495801033
9122,t,38.78818495801033,38.78818495801033
9123,c,38.78818495801033,38.78818495801033
9124,t,38.78818495801033,38.78818495801033
9125,t,38.78818495801033,38.78818495801033
9126,c,38.78818495801033,38.78818495801033
9127,t,38.78818495801033,38.78818495801033
9128,t,38.78818495801033,38.78818495801033
9129,c,38.78818495801033,38.78818495801033
9130,t,38.78818495801033,38.78818495801033
9131,c,38.78818495801033,38.78818495801033
9132,t,38.78818495801033,38.78818495801033
9133,c,38.78818495801033,38.78818495801033
9134,c,38.78818495801033,38.78818495801033
9135,c,38.78818495801033,38.78818495801033
9136,c,38.78818495801033,38.78818495801033
9137,t,38.78818495801033,38.78818495801033
9138,na,5.436488334824805,11.782514392807856
9139,c,38.78818495801033,38.78818495801033
9140,t,38.78818495801033,38.78818495801033
9141,c,38.78818495801033,38.78818495801033
9142,c,38.78818495801033,38.78818495801033
9143,c,38.78818495801033,38.78818495801033
9144,c,38.78818495801033,38.78818495801033
9145,t,38.78818495801033,38.78818495801033
9146,c,38.78818495801033,38.78818495801033
9147,t,38.78818495801033,38.78818495801033
9148,t,38.78818495801033,38.78818495801033
9149,c,38.78818495801033,38.78818495801033
9150,t,38.78818495801033,38.78818495801033
9151,t,38.78818495801033,38.78818495801033
9152,t,38.78818495801033,38.78818495801033
9153,c,38.78818495801033,38.78818495801033
9154,t,38.78818495801033,38.78818495801033
9155,t,38.78818495801033,38.78818495801033
9156,t,38.78818495801033,38.78818495801033
9157,t,38.78818495801033,38.78818495801033
9158,t,38.78818495801033,38.78818495801033
9159,t,38.78818495801033,38.78818495801033
9160,t,38.78818495801033,38.78818495801033
9161,c,38.78818495801033,38.78818495801033
9162,c,38.78818495801033,38.78818495801033
9163,t,38.78818495801033,38.78818495801033
9164,t,38.78818495801033,38.78818495801033
9165,c,38.78818495801033,38.78818495801033
9166,t,38.78818495801033,38.78818495801033
9167,t,38.78818495801033,38.78818495801033
9168,c,38.78818495801033,38.78818495801033
9169,c,38.78818495801033,38.78818495801033
9170,t,38.78818495801033,38.78818495801033
9171,t,38.78818495801033,38.78818495801033
9172,t,38.78818495801033,38.78818495801033
9173,t,38.78818495801033,38.78818495801033
9174,t,38.78818495801033,38.78818495801033
9175,c,38.78818495801033,38.78818495801033
9176,t,38.78818495801033,38.78818495801033
9177,c,38.78818495801033,38.78818495801033
9178,c,38.78818495801033,38.78818495801033
9179,c,38.78818495801033,38.78818495801033
9180,t,38.78818495801033,38.78818495801033
9181,c,38.78818495801033,38.78818495801033
9182,c,38.78818495801033,38.78818495801033
9183,t,38.78818495801033,38.78818495801033
9184,t,38.78818495801033,38.78818495801033
9185,c,38.78818495801033,38.78818495801033
9186,c,38.78818495801033,38.78818495801033
9187,c,38.78818495801033,38.78818495801033
9188,t,38.78818495801033,38.78818495801033
9189,c,38.78818495801033,38.78818495801033
9190,c,38.78818495801033,38.78818495801033
9191,t,38.78818495801033,38.78818495801033
9192,t,38.78818495801033,38.78818495801033
9193,t,38.78818495801033,38.78818495801033
9194,c,38.78818495801033,38.78818495801033
9195,c,38.78818495801033,38.78818495801033
9196,c,38.78818495801033,38.78818495801033
9197,t,38.78818495801033,38.78818495801033
9198,t,38.78818495801033,38.78818495801033
9199,t,38.78818495801033,38.78818495801033
9200,c,38.78818495801033,38.78818495801033
9201,t,38.78818495801033,38.78818495801033
9202,c,38.78818495801033,38.78818495801033
9203,c,38.78818495801033,38.78818495801033
9204,c,38.78818495801033,38.78818495801033
9205,t,38.78818495801033,38.78818495801033
9206,t,38.78818495801033,38.78818495801033
9207,c,38.78818495801033,38.78818495801033
9208,c,38.78818495801033,38.78818495801033
9209,c,38.78818495801033,38.78818495801033
9210,t,38.78818495801033,38.78818495801033
9211,t,38.78818495801033,38.78818495801033
9212,t,38.78818495801033,38.78818495801033
9213,t,38.78818495801033,38.78818495801033
9214,t,38.78818495801033,38.78818495801033
9215,t,38.78818495801033,38.78818495801033
9216,c,38.78818495801033,38.78818495801033
9217,t,38.78818495801033,38.78818495801033
9218,na,0,7.895756334773551
9219,t,38.78818495801033,38.78818495801033
9220,na,2.7286659771433435,5.68876151979669
9221,c,38.78818495801033,38.78818495801033
9222,c,38.78818495801033,38.78818495801033
9223,t,38.78818495801033,38.78818495801033
9224,t,38.78818495801033,38.78818495801033
9225,c,8.028180742591982,12.845876311869795
9226,c,24.45457610283773,33.983644374653956
9227,c,38.78818495801033,38.78818495801033
9228,t,38.78818495801033,38.78818495801033
9229,c,38.78818495801033,38.78818495801033
9230,t,38.78818495801033,38.78818495801033
9231,c,38.78818495801033,38.78818495801033
9232,t,38.78818495801033,38.78818495801033
9233,c,38.78818495801033,38.78818495801033
9234,c,38.78818495801033,38.78818495801033
9235,c,38.78818495801033,38.78818495801033
9236,t,38.78818495801033,38.78818495801033
9237,t,38.78818495801033,38.78818495801033
9238,c,38.78818495801033,38.78818495801033
9239,t,38.78818495801033,38.78818495801033
9240,t,38.78818495801033,38.78818495801033
9241,t,38.78818495801033,38.78818495801033
9242,t,38.78818495801033,38.78818495801033
9243,t,38.78818495801033,38.78818495801033
9244,c,38.78818495801033,38.78818495801033
9245,c,38.78818495801033,38.78818495801033
9246,c,38.78818495801033,38.78818495801033
9247,c,38.78818495801033,38.78818495801033
9248,c,38.78818495801033,38.78818495801033
9249,c,38.78818495801033,38.78818495801033
9250,c,38.78818495801033,38.78818495801033
9251,t,38.78818495801033,38.78818495801033
9252,t,38.78818495801033,38.78818495801033
9253,c,38.78818495801033,38.78818495801033
9254,c,38.78818495801033,38.78818495801033
9255,t,38.78818495801033,38.78818495801033
9256,c,38.78818495801033,38.78818495801033
9257,c,38.78818495801033,38.78818495801033
9258,c,38.78818495801033,38.78818495801033
9259,c,38.78818495801033,38.78818495801033
9260,c,38.78818495801033,38.78818495801033
9261,c,38.78818495801033,38.78818495801033
9262,c,38.78818495801033,38.78818495801033
9263,c,38.78818495801033,38.78818495801033
9264,t,38.78818495801033,38.78818495801033
9265,c,38.78818495801033,38.78818495801033
9266,c,38.78818495801033,38.78818495801033
9267,c,38.78818495801033,38.78818495801033
9268,t,38.78818495801033,38.78818495801033
9269,c,38.78818495801033,38.78818495801033
9270,c,38.78818495801033,38.78818495801033
9271,t,38.78818495801033,38.78818495801033
9272,c,38.78818495801033,38.78818495801033
9273,t,38.78818495801033,38.78818495801033
9274,t,38.78818495801033,38.78818495801033
9275,t,38.78818495801033,38.78818495801033
9276,c,38.78818495801033,38.78818495801033
9277,c,38.78818495801033,38.78818495801033
9278,t,38.78818495801033,38.78818495801033
9279,t,38.78818495801033,38.78818495801033
9280,t,38.78818495801033,38.78818495801033
9281,t,38.78818495801033,38.78818495801033
9282,c,38.78818495801033,38.78818495801033
9283,t,38.78818495801033,38.78818495801033
9284,t,38.78818495801033,38.78818495801033
9285,t,38.78818495801033,38.78818495801033
9286,t,38.78818495801033,38.78818495801033
9287,c,38.78818495801033,38.78818495801033
9288,t,38.78818495801033,38.78818495801033
9289,t,38.78818495801033,38.78818495801033
9290,t,38.78818495801033,38.78818495801033
9291,c,38.78818495801033,38.78818495801033
9292,c,38.78818495801033,38.78818495801033
9293,t,38.78818495801033,38.78818495801033
9294,c,38.78818495801033,38.78818495801033
9295,c,38.78818495801033,38.78818495801033
9296,c,38.78818495801033,38.78818495801033
9297,c,38.78818495801033,38.78818495801033
9298,t,38.78818495801033,38.78818495801033
9299,t,38.78818495801033,38.78818495801033
9300,t,38.78818495801033,38.78818495801033
9301,t,38.78818495801033,38.78818495801033
9302,t,38.78818495801033,38.78818495801033
9303,c,38.78818495801033,38.78818495801033
9304,t,38.78818495801033,38.78818495801033
9305,t,38.78818495801033,38.78818495801033
9306,t,38.78818495801033,38.78818495801033
9307,t,38.78818495801033,38.78818495801033
9308,c,38.78818495801033,38.78818495801033
9309,t,38.78818495801033,38.78818495801033
9310,c,38.78818495801033,38.78818495801033
9311,c,38.78818495801033,38.78818495801033
9312,t,38.78818495801033,38.78818495801033
9313,c,38.78818495801033,38.78818495801033
9314,c,38.78818495801033,38.78818495801033
9315,c,38.78818495801033,38.78818495801033
9316,c,38.78818495801033,38.78818495801033
9317,t,38.78818495801033,38.78818495801033
9318,c,38.78818495801033,38.78818495801033
9319,t,38.78818495801033,38.78818495801033
9320,c,38.78818495801033,38.78818495801033
9321,c,38.78818495801033,38.78818495801033
9322,t,38.78818495801033,38.78818495801033
9323,c,18.426150751277383,24.148792359078925
9324,c,38.78818495801033,38.78818495801033
9325,c,38.78818495801033,38.78818495801033
9326,t,38.78818495801033,38.78818495801033
9327,t,38.78818495801033,38.78818495801033
9328,t,38.78818495801033,38.78818495801033
9329,c,38.78818495801033,38.78818495801033
9330,c,38.78818495801033,38.78818495801033
9331,t,38.78818495801033,38.78818495801033
9332,c,38.78818495801033,38.78818495801033
9333,c,38.78818495801033,38.78818495801033
9334,t,38.78818495801033,38.78818495801033
9335,c,38.78818495801033,38.78818495801033
9336,c,38.78818495801033,38.78818495801033
9337,t,38.78818495801033,38.78818495801033
9338,t,38.78818495801033,38.78818495801033
9339,t,38.78818495801033,38.78818495801033
9340,t,38.78818495801033,38.78818495801033
9341,t,38.78818495801033,38.78818495801033
9342,t,38.78818495801033,38.78818495801033
9343,c,38.78818495801033,38.78818495801033
9344,c,38.78818495801033,38.78818495801033
9345,c,38.78818495801033,38.78818495801033
9346,t,38.78818495801033,38.78818495801033
9347,t,38.78818495801033,38.78818495801033
9348,c,38.78818495801033,38.78818495801033
9349,c,38.78818495801033,38.78818495801033
9350,t,38.78818495801033,38.78818495801033
9351,t,38.78818495801033,38.78818495801033
9352,na,4.0657901790447495,7.208162119333897
9353,t,38.78818495801033,38.78818495801033
9354,c,38.78818495801033,38.78818495801033
9355,c,38.78818495801033,38.78818495801033
9356,c,38.78818495801033,38.78818495801033
9357,t,38.78818495801033,38.78818495801033
9358,c,38.78818495801033,38.78818495801033
9359,t,38.78818495801033,38.78818495801033
9360,t,38.78818495801033,38.78818495801033
9361,t,38.78818495801033,38.78818495801033
9362,c,38.78818495801033,38.78818495801033
9363,t,38.78818495801033,38.78818495801033
9364,t,38.78818495801033,38.78818495801033
9365,c,38.78818495801033,38.78818495801033
9366,c,26.443369423066578,30.006588194866115
9367,na,0.6889670225637606,10.425083876367363
9368,t,38.78818495801033,38.78818495801033
9369,c,38.78818495801033,38.78818495801033
9370,c,38.78818495801033,38.78818495801033
9371,c,38.78818495801033,38.78818495801033
9372,t,38.78818495801033,38.78818495801033
9373,t,38.78818495801033,38.78818495801033
9374,c,38.78818495801033,38.78818495801033
9375,c,38.78818495801033,38.78818495801033
9376,na,0,7.151611882355643
9377,c,38.78818495801033,38.78818495801033
9378,c,38.78818495801033,38.78818495801033
9379,na,13.666212336730725,15.027903410145772
9380,c,38.78818495801033,38.78818495801033
9381,c,38.78818495801033,38.78818495801033
9382,t,38.78818495801033,38.78818495801033
9383,c,38.78818495801033,38.78818495801033
9384,c,38.78818495801033,38.78818495801033
9385,t,38.78818495801033,38.78818495801033
9386,t,38.78818495801033,38.78818495801033
9387,c,38.78818495801033,38.78818495801033
9388,t,38.78818495801033,38.78818495801033
9389,t,38.78818495801033,38.78818495801033
9390,c,38.78818495801033,38.78818495801033
9391,t,38.78818495801033,38.78818495801033
9392,c,38.78818495801033,38.78818495801033
9393,t,38.78818495801033,38.78818495801033
9394,t,38.78818495801033,38.78818495801033
9395,c,38.78818495801033,38.78818495801033
9396,na,-1,0
9397,t,38.78818495801033,38.78818495801033
9398,c,38.78818495801033,38.78818495801033
9399,c,38.78818495801033,38.78818495801033
9400,c,38.78818495801033,38.78818495801033
9401,c,38.78818495801033,38.78818495801033
9402,c,38.78818495801033,38.78818495801033
9403,c,38.78818495801033,38.78818495801033
9404,t,38.78818495801033,38.78818495801033
9405,t,38.78818495801033,38.78818495801033
9406,c,38.78818495801033,38.78818495801033
9407,t,38.78818495801033,38.78818495801033
9408,c,38.78818495801033,38.78818495801033
9409,c,38.78818495801033,38.78818495801033
9410,t,38.78818495801033,38.78818495801033
9411,t,38.78818495801033,38.78818495801033
9412,c,38.78818495801033,38.78818495801033
9413,c,38.78818495801033,38.78818495801033
9414,t,38.78818495801033,38.78818495801033
9415,c,38.78818495801033,38.78818495801033
9416,t,38.78818495801033,38.78818495801033
9417,t,38.78818495801033,38.78818495801033
9418,c,38.78818495801033,38.78818495801033
9419,t,38.78818495801033,38.78818495801033
9420,t,38.78818495801033,38.78818495801033
9421,t,38.78818495801033,38.78818495801033
9422,t,38.78818495801033,38.78818495801033
9423,t,38.78818495801033,38.78818495801033
9424,c,38.78818495801033,38.78818495801033
9425,t,38.78818495801033,38.78818495801033
9426,c,38.78818495801033,38.78818495801033
9427,t,38.78818495801033,38.78818495801033
9428,c,38.78818495801033,38.78818495801033
9429,t,38.78818495801033,38.78818495801033
9430,t,38.78818495801033,38.78818495801033
9431,c,38.78818495801033,38.78818495801033
9432,t,38.78818495801033,38.78818495801033
9433,c,38.78818495801033,38.78818495801033
9434,t,38.78818495801033,38.78818495801033
9435,c,38.78818495801033,38.78818495801033
9436,c,38.78818495801033,38.78818495801033
9437,c,38.78818495801033,38.78818495801033
9438,c,38.78818495801033,38.78818495801033
9439,na,12.898200476889867,17.247153559202168
9440,t,38.78818495801033,38.78818495801033
9441,c,38.78818495801033,38.78818495801033
9442,t,38.78818495801033,38.78818495801033
9443,t,38.78818495801033,38.78818495801033
9444,c,38.78818495801033,38.78818495801033
9445,c,38.78818495801033,38.78818495801033
9446,t,38.78818495801033,38.78818495801033
9447,t,38.78818495801033,38.78818495801033
9448,t,38.78818495801033,38.78818495801033
9449,c,38.78818495801033,38.78818495801033
9450,t,38.78818495801033,38.78818495801033
9451,t,38.78818495801033,38.78818495801033
9452,t,38.78818495801033,38.78818495801033
9453,t,38.78818495801033,38.78818495801033
9454,t,38.78818495801033,38.78818495801033
9455,t,38.78818495801033,38.78818495801033
9456,c,38.78818495801033,38.78818495801033
9457,c,38.78818495801033,38.78818495801033
9458,t,38.78818495801033,38.78818495801033
9459,t,38.78818495801033,38.78818495801033
9460,t,38.78818495801033,38.78818495801033
9461,c,38.78818495801033,38.78818495801033
9462,t,38.78818495801033,38.78818495801033
9463,c,38.78818495801033,38.78818495801033
9464,t,38.78818495801033,38.78818495801033
9465,c,13.017324316035541,13.171318390891406
9466,t,38.78818495801033,38.78818495801033
9467,t,38.78818495801033,38.78818495801033
9468,t,38.78818495801033,38.78818495801033
9469,t,38.78818495801033,38.78818495801033
9470,c,38.78818495801033,38.78818495801033
9471,c,38.78818495801033,38.78818495801033
9472,c,38.78818495801033,38.78818495801033
9473,c,38.78818495801033,38.78818495801033
9474,t,38.78818495801033,38.78818495801033
9475,c,38.78818495801033,38.78818495801033
9476,c,38.78818495801033,38.78818495801033
9477,c,38.78818495801033,38.78818495801033
9478,t,38.78818495801033,38.78818495801033
9479,c,38.78818495801033,38.78818495801033
9480,t,38.78818495801033,38.78818495801033
9481,t,38.78818495801033,38.78818495801033
9482,c,38.78818495801033,38.78818495801033
9483,t,38.78818495801033,38.78818495801033
9484,c,38.78818495801033,38.78818495801033
9485,c,38.78818495801033,38.78818495801033
9486,t,38.78818495801033,38.78818495801033
9487,c,38.78818495801033,38.78818495801033
9488,c,38.78818495801033,38.78818495801033
9489,c,38.78818495801033,38.78818495801033
9490,c,38.78818495801033,38.78818495801033
9491,c,38.78818495801033,38.78818495801033
9492,c,38.78818495801033,38.78818495801033
9493,c,38.78818495801033,38.78818495801033
9494,t,38.78818495801033,38.78818495801033
9495,t,38.78818495801033,38.78818495801033
9496,t,38.78818495801033,38.78818495801033
9497,c,38.78818495801033,38.78818495801033
9498,t,38.78818495801033,38.78818495801033
9499,t,38.78818495801033,38.78818495801033
9500,c,38.78818495801033,38.78818495801033
9501,c,38.78818495801033,38.78818495801033
9502,t,38.78818495801033,38.78818495801033
9503,c,38.78818495801033,38.78818495801033
9504,c,38.78818495801033,38.78818495801033
9505,c,38.78818495801033,38.78818495801033
9506,c,38.78818495801033,38.78818495801033
9507,c,38.78818495801033,38.78818495801033
9508,t,38.78818495801033,38.78818495801033
9509,t,38.78818495801033,38.78818495801033
9510,c,38.78818495801033,38.78818495801033
9511,t,38.78818495801033,38.78818495801033
9512,t,38.78818495801033,38.78818495801033
9513,c,38.78818495801033,38.78818495801033
9514,t,38.78818495801033,38.78818495801033
9515,t,38.78818495801033,38.78818495801033
9516,c,38.78818495801033,38.78818495801033
9517,t,38.78818495801033,38.78818495801033
9518,c,38.78818495801033,38.78818495801033
9519,t,38.78818495801033,38.78818495801033
9520,t,38.78818495801033,38.78818495801033
9521,c,38.78818495801033,38.78818495801033
9522,t,38.78818495801033,38.78818495801033
9523,c,38.78818495801033,38.78818495801033
9524,c,38.78818495801033,38.78818495801033
9525,c,38.78818495801033,38.78818495801033
9526,c,38.78818495801033,38.78818495801033
9527,c,38.78818495801033,38.78818495801033
9528,t,38.78818495801033,38.78818495801033
9529,t,38.78818495801033,38.78818495801033
9530,t,38.78818495801033,38.78818495801033
9531,c,38.78818495801033,38.78818495801033
9532,c,38.78818495801033,38.78818495801033
9533,t,38.78818495801033,38.78818495801033
9534,t,38.78818495801033,38.78818495801033
9535,c,38.78818495801033,38.78818495801033
9536,c,38.78818495801033,38.78818495801033
9537,c,38.78818495801033,38.78818495801033
9538,t,38.78818495801033,38.78818495801033
9539,c,38.78818495801033,38.78818495801033
9540,t,38.78818495801033,38.78818495801033
9541,t,38.78818495801033,38.78818495801033
9542,c,38.78818495801033,38.78818495801033
9543,c,38.78818495801033,38.78818495801033
9544,t,38.78818495801033,38.78818495801033
9545,t,38.78818495801033,38.78818495801033
9546,c,38.78818495801033,38.78818495801033
9547,t,38.78818495801033,38.78818495801033
9548,c,38.78818495801033,38.78818495801033
9549,t,38.78818495801033,38.78818495801033
9550,c,38.78818495801033,38.78818495801033
9551,c,38.78818495801033,38.78818495801033
9552,t,38.78818495801033,38.78818495801033
9553,c,38.78818495801033,38.78818495801033
9554,c,38.78818495801033,38.78818495801033
9555,t,38.78818495801033,38.78818495801033
9556,c,38.78818495801033,38.78818495801033
9557,t,38.78818495801033,38.78818495801033
9558,c,38.78818495801033,38.78818495801033
9559,t,38.78818495801033,38.78818495801033
9560,t,38.78818495801033,38.78818495801033
9561,c,38.78818495801033,38.78818495801033
9562,t,38.78818495801033,38.78818495801033
9563,t,38.78818495801033,38.78818495801033
9564,c,38.78818495801033,38.78818495801033
9565,c,38.78818495801033,38.78818495801033
9566,c,38.78818495801033,38.78818495801033
9567,c,38.78818495801033,38.78818495801033
9568,t,38.78818495801033,38.78818495801033
9569,c,38.78818495801033,38.78818495801033
9570,c,38.78818495801033,38.78818495801033
9571,t,38.78818495801033,38.78818495801033
9572,t,38.78818495801033,38.78818495801033
9573,c,38.78818495801033,38.78818495801033
9574,t,38.78818495801033,38.78818495801033
9575,t,38.78818495801033,38.78818495801033
9576,t,38.78818495801033,38.78818495801033
9577,c,38.78818495801033,38.78818495801033
9578,t,38.78818495801033,38.78818495801033
9579,t,38.78818495801033,38.78818495801033
9580,t,38.78818495801033,38.78818495801033
9581,c,38.78818495801033,38.78818495801033
9582,t,38.78818495801033,38.78818495801033
9583,c,38.78818495801033,38.78818495801033
9584,c,38.78818495801033,38.78818495801033
9585,t,38.78818495801033,38.78818495801033
9586,t,38.78818495801033,38.78818495801033
9587,t,38.78818495801033,38.78818495801033
9588,t,38.78818495801033,38.78818495801033
9589,c,38.78818495801033,38.78818495801033
9590,t,38.78818495801033,38.78818495801033
9591,t,38.78818495801033,38.78818495801033
9592,t,38.78818495801033,38.78818495801033
9593,c,38.78818495801033,38.78818495801033
9594,c,38.78818495801033,38.78818495801033
9595,t,38.78818495801033,38.78818495801033
9596,t,38.78818495801033,38.78818495801033
9597,c,38.78818495801033,38.78818495801033
9598,t,38.78818495801033,38.78818495801033
9599,c,38.78818495801033,38.78818495801033
9600,c,38.78818495801033,38.78818495801033
9601,t,38.78818495801033,38.78818495801033
9602,c,38.78818495801033,38.78818495801033
9603,t,38.78818495801033,38.78818495801033
9604,t,38.78818495801033,38.78818495801033
9605,t,38.78818495801033,38.78818495801033
9606,c,38.78818495801033,38.78818495801033
9607,t,38.78818495801033,38.78818495801033
9608,t,38.78818495801033,38.78818495801033
9609,t,38.78818495801033,38.78818495801033
9610,c,38.78818495801033,38.78818495801033
9611,c,38.78818495801033,38.78818495801033
9612,c,38.78818495801033,38.78818495801033
9613,t,38.78818495801033,38.78818495801033
9614,t,38.78818495801033,38.78818495801033
9615,c,38.78818495801033,38.78818495801033
9616,t,38.78818495801033,38.78818495801033
9617,t,38.78818495801033,38.78818495801033
9618,c,38.78818495801033,38.78818495801033
9619,c,38.78818495801033,38.78818495801033
9620,t,38.78818495801033,38.78818495801033
9621,c,38.78818495801033,38.78818495801033
9622,c,38.78818495801033,38.78818495801033
9623,t,38.78818495801033,38.78818495801033
9624,t,38.78818495801033,38.78818495801033
9625,t,38.78818495801033,38.78818495801033
9626,t,38.78818495801033,38.78818495801033
9627,t,38.78818495801033,38.78818495801033
9628,c,38.78818495801033,38.78818495801033
9629,t,38.78818495801033,38.78818495801033
9630,t,38.78818495801033,38.78818495801033
9631,c,38.78818495801033,38.78818495801033
9632,t,38.78818495801033,38.78818495801033
9633,t,38.78818495801033,38.78818495801033
9634,t,38.78818495801033,38.78818495801033
9635,c,38.78818495801033,38.78818495801033
9636,c,38.78818495801033,38.78818495801033
9637,t,38.78818495801033,38.78818495801033
9638,c,38.78818495801033,38.78818495801033
9639,t,38.78818495801033,38.78818495801033
9640,c,38.78818495801033,38.78818495801033
9641,t,38.78818495801033,38.78818495801033
9642,c,38.78818495801033,38.78818495801033
9643,c,38.78818495801033,38.78818495801033
9644,t,38.78818495801033,38.78818495801033
9645,c,38.78818495801033,38.78818495801033
9646,t,38.78818495801033,38.78818495801033
9647,t,38.78818495801033,38.78818495801033
9648,c,38.78818495801033,38.78818495801033
9649,t,38.78818495801033,38.78818495801033
9650,t,38.78818495801033,38.78818495801033
9651,t,38.78818495801033,38.78818495801033
9652,t,38.78818495801033,38.78818495801033
9653,c,38.78818495801033,38.78818495801033
9654,t,38.78818495801033,38.78818495801033
9655,t,38.78818495801033,38.78818495801033
9656,t,38.78818495801033,38.78818495801033
9657,c,38.78818495801033,38.78818495801033
9658,c,38.78818495801033,38.78818495801033
9659,t,38.78818495801033,38.78818495801033
9660,t,38.78818495801033,38.78818495801033
9661,c,38.78818495801033,38.78818495801033
9662,c,38.78818495801033,38.78818495801033
9663,t,38.78818495801033,38.78818495801033
9664,t,38.78818495801033,38.78818495801033
9665,t,38.78818495801033,38.78818495801033
9666,c,38.78818495801033,38.78818495801033
9667,c,38.78818495801033,38.78818495801033
9668,t,38.78818495801033,38.78818495801033
9669,t,38.78818495801033,38.78818495801033
9670,t,38.78818495801033,38.78818495801033
9671,c,38.78818495801033,38.78818495801033
9672,c,38.78818495801033,38.78818495801033
9673,c,38.78818495801033,38.78818495801033
9674,t,38.78818495801033,38.78818495801033
9675,c,38.78818495801033,38.78818495801033
9676,c,38.78818495801033,38.78818495801033
9677,c,38.78818495801033,38.78818495801033
9678,t,38.78818495801033,38.78818495801033
9679,t,38.78818495801033,38.78818495801033
9680,t,38.78818495801033,38.78818495801033
9681,t,38.78818495801033,38.78818495801033
9682,c,38.78818495801033,38.78818495801033
9683,t,38.78818495801033,38.78818495801033
9684,c,38.78818495801033,38.78818495801033
9685,t,38.78818495801033,38.78818495801033
9686,c,38.78818495801033,38.78818495801033
9687,c,38.78818495801033,38.78818495801033
9688,c,38.78818495801033,38.78818495801033
9689,c,38.78818495801033,38.78818495801033
9690,t,38.78818495801033,38.78818495801033
9691,t,38.78818495801033,38.78818495801033
9692,c,38.78818495801033,38.78818495801033
9693,c,38.78818495801033,38.78818495801033
9694,c,38.78818495801033,38.78818495801033
9695,t,38.78818495801033,38.78818495801033
9696,c,38.78818495801033,38.78818495801033
9697,t,38.78818495801033,38.78818495801033
9698,c,38.78818495801033,38.78818495801033
9699,c,38.78818495801033,38.78818495801033
9700,t,38.78818495801033,38.78818495801033
9701,t,38.78818495801033,38.78818495801033
9702,c,38.78818495801033,38.78818495801033
9703,t,38.78818495801033,38.78818495801033
9704,t,38.78818495801033,38.78818495801033
9705,c,38.78818495801033,38.78818495801033
9706,c,38.78818495801033,38.78818495801033
9707,t,38.78818495801033,38.78818495801033
9708,c,38.78818495801033,38.78818495801033
9709,c,38.78818495801033,38.78818495801033
9710,t,38.78818495801033,38.78818495801033
9711,t,38.78818495801033,38.78818495801033
9712,c,38.78818495801033,38.78818495801033
9713,c,38.78818495801033,38.78818495801033
9714,t,38.78818495801033,38.78818495801033
9715,na,1.746231054381694,2.73675881479632
9716,c,38.78818495801033,38.78818495801033
9717,c,38.78818495801033,38.78818495801033
9718,c,38.78818495801033,38.78818495801033
9719,t,38.78818495801033,38.78818495801033
9720,c,4.12497203617437,7.607635375123585
9721,c,38.78818495801033,38.78818495801033
9722,t,38.78818495801033,38.78818495801033
9723,t,38.78818495801033,38.78818495801033
9724,c,38.78818495801033,38.78818495801033
9725,t,38.78818495801033,38.78818495801033
9726,c,38.78818495801033,38.78818495801033
9727,c,38.78818495801033,38.78818495801033
9728,t,38.78818495801033,38.78818495801033
9729,t,38.78818495801033,38.78818495801033
9730,t,38.78818495801033,38.78818495801033
9731,t,38.78818495801033,38.78818495801033
9732,t,38.78818495801033,38.78818495801033
9733,t,38.78818495801033,38.78818495801033
9734,t,38.78818495801033,38.78818495801033
9735,t,38.78818495801033,38.78818495801033
9736,t,38.78818495801033,38.78818495801033
9737,c,38.78818495801033,38.78818495801033
9738,c,38.78818495801033,38.78818495801033
9739,c,38.78818495801033,38.78818495801033
9740,t,38.78818495801033,38.78818495801033
9741,c,38.78818495801033,38.78818495801033
9742,t,38.78818495801033,38.78818495801033
9743,t,38.78818495801033,38.78818495801033
9744,c,38.78818495801033,38.78818495801033
9745,t,38.78818495801033,38.78818495801033
9746,t,38.78818495801033,38.78818495801033
9747,c,38.78818495801033,38.78818495801033
9748,c,38.78818495801033,38.78818495801033
9749,c,38.78818495801033,38.78818495801033
9750,c,38.78818495801033,38.78818495801033
9751,c,38.78818495801033,38.78818495801033
9752,t,38.78818495801033,38.78818495801033
9753,c,38.78818495801033,38.78818495801033
9754,c,38.78818495801033,38.78818495801033
9755,t,38.78818495801033,38.78818495801033
9756,t,38.78818495801033,38.78818495801033
9757,c,38.78818495801033,38.78818495801033
9758,c,38.78818495801033,38.78818495801033
9759,c,38.78818495801033,38.78818495801033
9760,c,38.78818495801033,38.78818495801033
9761,c,38.78818495801033,38.78818495801033
9762,t,38.78818495801033,38.78818495801033
9763,t,38.78818495801033,38.78818495801033
9764,t,38.78818495801033,38.78818495801033
9765,t,38.78818495801033,38.78818495801033
9766,t,38.78818495801033,38.78818495801033
9767,t,38.78818495801033,38.78818495801033
9768,c,38.78818495801033,38.78818495801033
9769,c,38.78818495801033,38.78818495801033
9770,t,38.78818495801033,38.78818495801033
9771,c,38.78818495801033,38.78818495801033
9772,t,38.78818495801033,38.78818495801033
9773,c,38.78818495801033,38.78818495801033
9774,t,38.78818495801033,38.78818495801033
9775,c,38.78818495801033,38.78818495801033
9776,t,38.78818495801033,38.78818495801033
9777,t,38.78818495801033,38.78818495801033
9778,c,38.78818495801033,38.78818495801033
9779,c,38.78818495801033,38.78818495801033
9780,c,38.78818495801033,38.78818495801033
9781,t,38.78818495801033,38.78818495801033
9782,c,38.78818495801033,38.78818495801033
9783,c,38.78818495801033,38.78818495801033
9784,t,38.78818495801033,38.78818495801033
9785,t,38.78818495801033,38.78818495801033
9786,t,38.78818495801033,38.78818495801033
9787,c,38.78818495801033,38.78818495801033
9788,c,38.78818495801033,38.78818495801033
9789,t,38.78818495801033,38.78818495801033
9790,t,38.78818495801033,38.78818495801033
9791,c,38.78818495801033,38.78818495801033
9792,t,38.78818495801033,38.78818495801033
9793,c,38.78818495801033,38.78818495801033
9794,c,38.78818495801033,38.78818495801033
9795,t,38.78818495801033,38.78818495801033
9796,t,38.78818495801033,38.78818495801033
9797,t,38.78818495801033,38.78818495801033
9798,t,38.78818495801033,38.78818495801033
9799,t,38.78818495801033,38.78818495801033
9800,t,38.78818495801033,38.78818495801033
9801,c,38.78818495801033,38.78818495801033
9802,t,38.78818495801033,38.78818495801033
9803,t,38.78818495801033,38.78818495801033
9804,t,38.78818495801033,38.78818495801033
9805,c,38.78818495801033,38.78818495801033
9806,t,38.78818495801033,38.78818495801033
9807,t,38.78818495801033,38.78818495801033
9808,t,38.78818495801033,38.78818495801033
9809,c,38.78818495801033,38.78818495801033
9810,t,38.78818495801033,38.78818495801033
9811,c,38.78818495801033,38.78818495801033
9812,t,38.78818495801033,38.78818495801033
9813,t,38.78818495801033,38.78818495801033
9814,c,38.78818495801033,38.78818495801033
9815,c,38.78818495801033,38.78818495801033
9816,t,38.78818495801033,38.78818495801033
9817,na,-1,0
9818,t,38.78818495801033,38.78818495801033
9819,c,38.78818495801033,38.78818495801033
9820,t,38.78818495801033,38.78818495801033
9821,c,38.78818495801033,38.78818495801033
9822,c,38.78818495801033,38.78818495801033
9823,t,38.78818495801033,38.78818495801033
9824,t,38.78818495801033,38.78818495801033
9825,t,38.78818495801033,38.78818495801033
9826,c,38.78818495801033,38.78818495801033
9827,c,38.78818495801033,38.78818495801033
9828,na,-1,0
9829,t,38.78818495801033,38.78818495801033
9830,t,38.78818495801033,38.78818495801033
9831,t,38.78818495801033,38.78818495801033
9832,t,38.78818495801033,38.78818495801033
9833,t,38.78818495801033,38.78818495801033
9834,t,38.78818495801033,38.78818495801033
9835,c,38.78818495801033,38.78818495801033
9836,t,38.78818495801033,38.78818495801033
9837,t,38.78818495801033,38.78818495801033
9838,c,38.78818495801033,38.78818495801033
9839,t,38.78818495801033,38.78818495801033
9840,c,38.78818495801033,38.78818495801033
9841,c,38.78818495801033,38.78818495801033
9842,t,38.78818495801033,38.78818495801033
9843,c,11.109270738605002,27.628512846353612
9844,t,38.78818495801033,38.78818495801033
9845,c,38.78818495801033,38.78818495801033
9846,c,38.78818495801033,38.78818495801033
9847,t,38.78818495801033,38.78818495801033
9848,t,38.78818495801033,38.78818495801033
9849,c,38.78818495801033,38.78818495801033
9850,t,38.78818495801033,38.78818495801033
9851,c,38.78818495801033,38.78818495801033
9852,c,38.78818495801033,38.78818495801033
9853,t,38.78818495801033,38.78818495801033
9854,c,38.78818495801033,38.78818495801033
9855,t,38.78818495801033,38.78818495801033
9856,t,38.78818495801033,38.78818495801033
9857,t,38.78818495801033,38.78818495801033
9858,t,38.78818495801033,38.78818495801033
9859,c,38.78818495801033,38.78818495801033
9860,c,38.78818495801033,38.78818495801033
9861,t,38.78818495801033,38.78818495801033
9862,t,38.78818495801033,38.78818495801033
9863,c,38.78818495801033,38.78818495801033
9864,t,38.78818495801033,38.78818495801033
9865,t,38.78818495801033,38.78818495801033
9866,c,38.78818495801033,38.78818495801033
9867,t,38.78818495801033,38.78818495801033
9868,c,38.78818495801033,38.78818495801033
9869,c,38.78818495801033,38.78818495801033
9870,c,38.78818495801033,38.78818495801033
9871,t,38.78818495801033,38.78818495801033
9872,c,38.78818495801033,38.78818495801033
9873,c,38.78818495801033,38.78818495801033
9874,t,38.78818495801033,38.78818495801033
9875,c,38.78818495801033,38.78818495801033
9876,t,38.78818495801033,38.78818495801033
9877,t,38.78818495801033,38.78818495801033
9878,c,38.78818495801033,38.78818495801033
9879,c,38.78818495801033,38.78818495801033
9880,c,38.78818495801033,38.78818495801033
9881,c,38.78818495801033,38.78818495801033
9882,c,38.78818495801033,38.78818495801033
9883,t,38.78818495801033,38.78818495801033
9884,t,38.78818495801033,38.78818495801033
9885,t,38.78818495801033,38.78818495801033
9886,t,38.78818495801033,38.78818495801033
9887,t,38.78818495801033,38.78818495801033
9888,t,38.78818495801033,38.78818495801033
9889,t,38.78818495801033,38.78818495801033
9890,c,38.78818495801033,38.78818495801033
9891,t,38.78818495801033,38.78818495801033
9892,c,38.78818495801033,38.78818495801033
9893,c,38.78818495801033,38.78818495801033
9894,c,38.78818495801033,38.78818495801033
9895,t,38.78818495801033,38.78818495801033
9896,t,38.78818495801033,38.78818495801033
9897,c,38.78818495801033,38.78818495801033
9898,t,38.78818495801033,38.78818495801033
9899,c,38.78818495801033,38.78818495801033
9900,c,38.78818495801033,38.78818495801033
9901,t,38.78818495801033,38.78818495801033
9902,c,38.78818495801033,38.78818495801033
9903,c,38.78818495801033,38.78818495801033
9904,t,38.78818495801033,38.78818495801033
9905,c,38.78818495801033,38.78818495801033
9906,t,38.78818495801033,38.78818495801033
9907,t,38.78818495801033,38.78818495801033
9908,c,38.78818495801033,38.78818495801033
9909,t,38.78818495801033,38.78818495801033
9910,t,38.78818495801033,38.78818495801033
9911,t,38.78818495801033,38.78818495801033
9912,t,38.78818495801033,38.78818495801033
9913,c,38.78818495801033,38.78818495801033
9914,c,38.78818495801033,38.78818495801033
9915,c,38.78818495801033,38.78818495801033
9916,c,38.78818495801033,38.78818495801033
9917,c,38.78818495801033,38.78818495801033
9918,c,38.78818495801033,38.78818495801033
9919,c,38.78818495801033,38.78818495801033
9920,c,38.78818495801033,38.78818495801033
9921,t,38.78818495801033,38.78818495801033
9922,c,38.78818495801033,38.78818495801033
9923,c,38.78818495801033,38.78818495801033
9924,t,38.78818495801033,38.78818495801033
9925,t,38.78818495801033,38.78818495801033
9926,t,38.78818495801033,38.78818495801033
9927,c,38.78818495801033,38.78818495801033
9928,c,38.78818495801033,38.78818495801033
9929,c,3.004240337296209,15.602110368723721
9930,t,38.78818495801033,38.78818495801033
9931,t,38.78818495801033,38.78818495801033
9932,t,38.78818495801033,38.78818495801033
9933,t,38.78818495801033,38.78818495801033
9934,t,38.78818495801033,38.78818495801033
9935,t,38.78818495801033,38.78818495801033
9936,c,38.78818495801033,38.78818495801033
9937,t,38.78818495801033,38.78818495801033
9938,c,38.78818495801033,38.78818495801033
9939,t,38.78818495801033,38.78818495801033
9940,c,9.738464904814386,29.799617025174786
9941,t,38.78818495801033,38.78818495801033
9942,c,38.78818495801033,38.78818495801033
9943,t,38.78818495801033,38.78818495801033
9944,c,38.78818495801033,38.78818495801033
9945,c,38.78818495801033,38.78818495801033
9946,c,38.78818495801033,38.78818495801033
9947,t,38.78818495801033,38.78818495801033
9948,c,38.78818495801033,38.78818495801033
9949,c,38.78818495801033,38.78818495801033
9950,c,38.78818495801033,38.78818495801033
9951,t,38.78818495801033,38.78818495801033
9952,c,38.78818495801033,38.78818495801033
9953,t,38.78818495801033,38.78818495801033
9954,c,38.78818495801033,38.78818495801033
9955,t,38.78818495801033,38.78818495801033
9956,c,38.78818495801033,38.78818495801033
9957,t,38.78818495801033,38.78818495801033
9958,na,5.564034557047024,8.171783113731358
9959,t,38.78818495801033,38.78818495801033
9960,t,38.78818495801033,38.78818495801033
9961,t,38.78818495801033,38.78818495801033
9962,t,38.78818495801033,38.78818495801033
9963,t,38.78818495801033,38.78818495801033
9964,t,38.78818495801033,38.78818495801033
9965,t,38.78818495801033,38.78818495801033
9966,t,38.78818495801033,38.78818495801033
9967,c,38.78818495801033,38.78818495801033
9968,na,3.8881665469144124,9.096105660997157
9969,c,38.78818495801033,38.78818495801033
9970,t,38.78818495801033,38.78818495801033
9971,t,38.78818495801033,38.78818495801033
9972,c,38.78818495801033,38.78818495801033
9973,t,38.78818495801033,38.78818495801033
9974,c,38.78818495801033,38.78818495801033
9975,c,38.78818495801033,38.78818495801033
9976,t,38.78818495801033,38.78818495801033
9977,c,38.78818495801033,38.78818495801033
9978,c,38.78818495801033,38.78818495801033
9979,c,38.78818495801033,38.78818495801033
9980,c,38.78818495801033,38.78818495801033
9981,t,38.78818495801033,38.78818495801033
9982,t,38.78818495801033,38.78818495801033
9983,c,38.78818495801033,38.78818495801033
9984,t,38.78818495801033,38.78818495801033
9985,c,38.78818495801033,38.78818495801033
9986,c,38.78818495801033,38.78818495801033
9987,c,38.78818495801033,38.78818495801033
9988,c,38.78818495801033,38.78818495801033
9989,c,27.480265425122855,27.641256413419416
9990,t,38.78818495801033,38.78818495801033
9991,t,38.78818495801033,38.78818495801033
9992,c,38.78818495801033,38.78818495801033
9993,t,38.78818495801033,38.78818495801033
9994,t,38.78818495801033,38.78818495801033
9995,c,38.78818495801033,38.78818495801033
9996,t,38.78818495801033,38.78818495801033
9997,c,38.78818495801033,38.78818495801033
9998,t,38.78818495801033,38.78818495801033
9999,c,38.78818495801033,38.78818495801033
