node, assignment, time2inf, time2death
0,na,-1,0
1,na,-1,0
2,na,-1,0
3,na,-1,0
4,na,-1,0
5,na,-1,0
6,na,-1,0
7,na,-1,0
8,na,-1,0
9,na,-1,0
10,na,-1,0
11,na,-1,0
12,na,-1,0
13,na,-1,0
14,na,-1,0
15,na,-1,0
16,na,0,1.5115523323757118
17,na,0,7.4802519113260555
18,na,-1,0
19,na,-1,0
20,na,-1,0
21,na,-1,0
22,na,-1,0
23,na,-1,0
24,na,-1,0
25,na,120.23059827547777,120.23059827547777
26,na,-1,0
27,na,-1,0
28,na,-1,0
29,na,-1,0
30,na,-1,0
31,na,-1,0
32,na,-1,0
33,na,-1,0
34,na,-1,0
35,na,-1,0
36,na,-1,0
37,na,120.23059827547777,120.23059827547777
38,na,-1,0
39,na,-1,0
40,c,15.798085237094373,15.880937281448402
41,c,120.23059827547777,120.23059827547777
42,c,52.29681164166129,56.21361210357096
43,c,120.23059827547777,120.23059827547777
44,c,120.23059827547777,120.23059827547777
45,c,120.23059827547777,120.23059827547777
46,t,120.23059827547777,120.23059827547777
47,t,120.23059827547777,120.23059827547777
48,c,120.23059827547777,120.23059827547777
49,t,120.23059827547777,120.23059827547777
50,c,120.23059827547777,120.23059827547777
51,c,120.23059827547777,120.23059827547777
52,c,38.95018057411768,41.96441907671732
53,c,120.23059827547777,120.23059827547777
54,t,120.23059827547777,120.23059827547777
55,c,36.22705833313803,41.76218654983229
56,c,120.23059827547777,120.23059827547777
57,c,12.621737152952447,13.841004565976833
58,c,22.91175757378444,23.85269339850873
59,c,120.23059827547777,120.23059827547777
60,c,120.23059827547777,120.23059827547777
61,t,120.23059827547777,120.23059827547777
62,c,120.23059827547777,120.23059827547777
63,c,32.28045993107834,34.389822594525825
64,c,120.23059827547777,120.23059827547777
65,c,29.813740672087913,37.07371909336667
66,c,120.23059827547777,120.23059827547777
67,c,23.577078738228245,23.800943653414635
68,c,120.23059827547777,120.23059827547777
69,c,120.23059827547777,120.23059827547777
70,c,120.23059827547777,120.23059827547777
71,c,120.23059827547777,120.23059827547777
72,t,120.23059827547777,120.23059827547777
73,c,120.23059827547777,120.23059827547777
74,c,120.23059827547777,120.23059827547777
75,c,120.23059827547777,120.23059827547777
76,c,120.23059827547777,120.23059827547777
77,c,15.074212865789438,17.267769997664942
78,c,120.23059827547777,120.23059827547777
79,c,120.23059827547777,120.23059827547777
80,c,120.23059827547777,120.23059827547777
81,c,44.52849590419151,48.24642122464468
82,c,19.98330589171018,23.66919849351887
83,c,71.31516917145564,80.2512793815677
84,c,120.23059827547777,120.23059827547777
85,c,49.425948978291,58.37509406758434
86,c,27.41178814922817,120.23059827547777
87,c,26.737275468418918,28.2458657934063
88,c,120.23059827547777,120.23059827547777
89,t,120.23059827547777,120.23059827547777
90,c,120.23059827547777,120.23059827547777
91,t,120.23059827547777,120.23059827547777
92,t,120.23059827547777,120.23059827547777
93,c,120.23059827547777,120.23059827547777
94,c,120.23059827547777,120.23059827547777
95,t,120.23059827547777,120.23059827547777
96,t,120.23059827547777,120.23059827547777
97,c,44.39258230289438,51.028364171666034
98,c,120.23059827547777,120.23059827547777
99,c,120.23059827547777,120.23059827547777
100,c,120.23059827547777,120.23059827547777
101,t,120.23059827547777,120.23059827547777
102,c,26.427679199307313,29.21044830010093
103,c,38.44615466971937,41.01492317618684
104,c,72.89381805638384,120.23059827547777
105,c,120.23059827547777,120.23059827547777
106,c,23.28580201576838,24.636539926045085
107,c,29.284560661392337,29.426796595525087
108,c,4.388965124483394,21.453147230936295
109,c,120.23059827547777,120.23059827547777
110,c,23.349114839150914,120.23059827547777
111,c,29.672729417587114,30.35779561239506
112,c,120.23059827547777,120.23059827547777
113,c,18.31398708954751,19.05396588119049
114,t,120.23059827547777,120.23059827547777
115,t,120.23059827547777,120.23059827547777
116,c,24.42819329766566,27.47543137779504
117,c,34.605995425860165,36.59638366718903
118,c,120.23059827547777,120.23059827547777
119,t,120.23059827547777,120.23059827547777
120,c,120.23059827547777,120.23059827547777
121,c,120.23059827547777,120.23059827547777
122,t,120.23059827547777,120.23059827547777
123,c,22.139580334972766,22.515038183894553
124,t,120.23059827547777,120.23059827547777
125,c,28.24736957085627,120.23059827547777
126,t,120.23059827547777,120.23059827547777
127,c,9.733900783819593,11.471978309283115
128,c,64.83312451530922,69.51748628449828
129,t,120.23059827547777,120.23059827547777
130,na,6.529039369427588,6.788363418856044
131,c,120.23059827547777,120.23059827547777
132,t,120.23059827547777,120.23059827547777
133,c,42.32525843930957,43.01417591015047
134,c,45.24125553744962,51.698329859081134
135,t,120.23059827547777,120.23059827547777
136,t,120.23059827547777,120.23059827547777
137,c,33.193561998608516,33.59906850794839
138,c,120.23059827547777,120.23059827547777
139,c,29.17938428761569,32.207923052858824
140,c,120.23059827547777,120.23059827547777
141,c,120.23059827547777,120.23059827547777
142,c,120.23059827547777,120.23059827547777
143,c,26.730440594817235,26.827829860607906
144,c,120.23059827547777,120.23059827547777
145,c,120.23059827547777,120.23059827547777
146,c,32.185055047464665,120.23059827547777
147,t,120.23059827547777,120.23059827547777
148,c,120.23059827547777,120.23059827547777
149,c,120.23059827547777,120.23059827547777
150,t,120.23059827547777,120.23059827547777
151,t,120.23059827547777,120.23059827547777
152,t,120.23059827547777,120.23059827547777
153,c,30.343646148462444,32.859157352140265
154,c,18.65153943485926,20.505908437167452
155,c,120.23059827547777,120.23059827547777
156,c,35.248000347157365,35.30780489040008
157,c,120.23059827547777,120.23059827547777
158,c,19.064378458805137,34.46448220994892
159,c,120.23059827547777,120.23059827547777
160,c,37.31288269153143,41.28413608764358
161,c,13.101559813766961,21.149368004048792
162,c,120.23059827547777,120.23059827547777
163,c,30.939413330622692,37.75020876814923
164,c,120.23059827547777,120.23059827547777
165,c,31.621059095630557,42.999765692906095
166,na,-1,0
167,c,26.116210558560358,29.244589304427123
168,c,19.571944736376945,24.91375505140453
169,t,120.23059827547777,120.23059827547777
170,c,120.23059827547777,120.23059827547777
171,c,120.23059827547777,120.23059827547777
172,c,120.23059827547777,120.23059827547777
173,t,120.23059827547777,120.23059827547777
174,c,120.23059827547777,120.23059827547777
175,t,120.23059827547777,120.23059827547777
176,c,120.23059827547777,120.23059827547777
177,t,120.23059827547777,120.23059827547777
178,c,120.23059827547777,120.23059827547777
179,c,120.23059827547777,120.23059827547777
180,c,65.23207970460061,73.29621453372619
181,c,39.51943395019844,40.19576307723704
182,c,17.32068001210896,21.199804282609364
183,t,120.23059827547777,120.23059827547777
184,c,120.23059827547777,120.23059827547777
185,c,70.98936812825254,77.07682569705054
186,c,29.501078637466737,35.75624856693014
187,c,120.23059827547777,120.23059827547777
188,c,120.23059827547777,120.23059827547777
189,t,120.23059827547777,120.23059827547777
190,c,27.149633912886717,32.21754424921978
191,c,120.23059827547777,120.23059827547777
192,c,120.23059827547777,120.23059827547777
193,c,120.23059827547777,120.23059827547777
194,c,120.23059827547777,120.23059827547777
195,c,120.23059827547777,120.23059827547777
196,c,120.23059827547777,120.23059827547777
197,c,18.412058812537555,20.79268730137884
198,t,120.23059827547777,120.23059827547777
199,na,120.23059827547777,120.23059827547777
200,t,120.23059827547777,120.23059827547777
201,t,120.23059827547777,120.23059827547777
202,c,120.23059827547777,120.23059827547777
203,c,120.23059827547777,120.23059827547777
204,c,120.23059827547777,120.23059827547777
205,c,120.23059827547777,120.23059827547777
206,c,120.23059827547777,120.23059827547777
207,c,28.153437543572647,28.306649411703482
208,c,120.23059827547777,120.23059827547777
209,c,120.23059827547777,120.23059827547777
210,c,120.23059827547777,120.23059827547777
211,t,120.23059827547777,120.23059827547777
212,c,120.23059827547777,120.23059827547777
213,c,18.513968559239885,19.153588758434847
214,t,120.23059827547777,120.23059827547777
215,c,120.23059827547777,120.23059827547777
216,c,29.29309341214188,33.40109619827808
217,c,47.39229083081347,52.56182928852556
218,c,26.576188027760402,26.78835134025692
219,c,32.65589091012266,34.816373025414016
220,c,32.66428861177696,35.17083353691189
221,c,120.23059827547777,120.23059827547777
222,c,26.01432412876705,34.361282152866764
223,c,120.23059827547777,120.23059827547777
224,t,120.23059827547777,120.23059827547777
225,c,120.23059827547777,120.23059827547777
226,c,27.95890548436493,32.37336556183792
227,c,120.23059827547777,120.23059827547777
228,t,120.23059827547777,120.23059827547777
229,c,43.024362190237596,52.44168526732087
230,c,8.03206603352514,16.923713620907048
231,c,34.409740119696366,62.38000226451612
232,c,120.23059827547777,120.23059827547777
233,c,120.23059827547777,120.23059827547777
234,t,120.23059827547777,120.23059827547777
235,c,12.621940796250483,16.211057735146085
236,c,3.4819649568562845,10.611721689289185
237,t,120.23059827547777,120.23059827547777
238,c,120.23059827547777,120.23059827547777
239,c,47.47222155579502,53.42865265048378
240,c,120.23059827547777,120.23059827547777
241,t,120.23059827547777,120.23059827547777
242,c,120.23059827547777,120.23059827547777
243,c,120.23059827547777,120.23059827547777
244,c,120.23059827547777,120.23059827547777
245,c,49.41843995494124,49.81904333233311
246,c,120.23059827547777,120.23059827547777
247,na,6.296771752827271,8.846539997280892
248,c,3.9580676762232327,5.280140836172751
249,t,120.23059827547777,120.23059827547777
250,c,23.79218438789108,25.766379404436684
251,c,28.64612129218792,32.50166241904008
252,t,120.23059827547777,120.23059827547777
253,t,120.23059827547777,120.23059827547777
254,t,120.23059827547777,120.23059827547777
255,c,120.23059827547777,120.23059827547777
256,c,28.417712846950213,120.23059827547777
257,c,120.23059827547777,120.23059827547777
258,t,120.23059827547777,120.23059827547777
259,c,4.167023322866329,5.44258124285125
260,t,120.23059827547777,120.23059827547777
261,c,120.23059827547777,120.23059827547777
262,t,120.23059827547777,120.23059827547777
263,c,30.19527845707227,30.29839704258535
264,c,120.23059827547777,120.23059827547777
265,t,120.23059827547777,120.23059827547777
266,c,120.23059827547777,120.23059827547777
267,c,66.5263169358842,67.48519853127672
268,t,120.23059827547777,120.23059827547777
269,c,120.23059827547777,120.23059827547777
270,c,120.23059827547777,120.23059827547777
271,c,120.23059827547777,120.23059827547777
272,c,120.23059827547777,120.23059827547777
273,c,20.015873393618396,39.93076939359901
274,c,120.23059827547777,120.23059827547777
275,c,120.23059827547777,120.23059827547777
276,c,120.23059827547777,120.23059827547777
277,c,68.40485131698684,70.77764602122149
278,c,16.5816744907492,24.54532783415542
279,c,34.00666303948017,37.742760702089186
280,c,11.980201352348923,16.549918352059823
281,c,49.38759182538816,58.57649053169593
282,t,120.23059827547777,120.23059827547777
283,c,120.23059827547777,120.23059827547777
284,c,27.607451233666094,120.23059827547777
285,t,120.23059827547777,120.23059827547777
286,t,120.23059827547777,120.23059827547777
287,c,120.23059827547777,120.23059827547777
288,t,120.23059827547777,120.23059827547777
289,t,120.23059827547777,120.23059827547777
290,c,86.83047722229514,91.62184765113845
291,c,120.23059827547777,120.23059827547777
292,t,120.23059827547777,120.23059827547777
293,c,21.4651859400807,22.212866886585534
294,c,120.23059827547777,120.23059827547777
295,c,48.44173697681434,56.12009753999465
296,c,22.173900888932568,120.23059827547777
297,c,47.02063467462408,48.103832587201346
298,c,28.170238772627034,30.98500801914327
299,t,120.23059827547777,120.23059827547777
300,c,31.758105846704947,34.340832421646056
301,c,48.83658683994275,54.82591360735687
302,c,120.23059827547777,120.23059827547777
303,c,11.010247564284924,18.086811918646436
304,c,120.23059827547777,120.23059827547777
305,c,120.23059827547777,120.23059827547777
306,c,19.383955405177772,39.31565666784072
307,c,64.2955498916642,120.23059827547777
308,t,120.23059827547777,120.23059827547777
309,c,51.62393975268368,61.68290486484854
310,t,120.23059827547777,120.23059827547777
311,c,120.23059827547777,120.23059827547777
312,t,120.23059827547777,120.23059827547777
313,c,40.047777404885466,42.7006032338622
314,c,120.23059827547777,120.23059827547777
315,c,120.23059827547777,120.23059827547777
316,t,120.23059827547777,120.23059827547777
317,c,51.719576643111765,54.99223390690092
318,c,120.23059827547777,120.23059827547777
319,c,51.83918813517726,55.45780406382755
320,c,120.23059827547777,120.23059827547777
321,c,17.962115784302505,120.23059827547777
322,c,120.23059827547777,120.23059827547777
323,c,120.23059827547777,120.23059827547777
324,na,-1,0
325,c,42.93861435129832,43.30560660619418
326,t,120.23059827547777,120.23059827547777
327,t,120.23059827547777,120.23059827547777
328,c,18.43575908335055,18.674744652320445
329,t,120.23059827547777,120.23059827547777
330,c,22.43204190904973,27.76214944292067
331,c,120.23059827547777,120.23059827547777
332,t,120.23059827547777,120.23059827547777
333,c,19.205799083292362,22.977459971131417
334,c,120.23059827547777,120.23059827547777
335,c,120.23059827547777,120.23059827547777
336,c,22.56139238300224,23.73660121551691
337,c,120.23059827547777,120.23059827547777
338,c,46.06221459667529,53.12019819985601
339,c,120.23059827547777,120.23059827547777
340,t,120.23059827547777,120.23059827547777
341,c,20.59029537004128,23.42549452990084
342,c,120.23059827547777,120.23059827547777
343,t,120.23059827547777,120.23059827547777
344,c,13.94848394899303,17.6325364510573
345,c,18.9546877263057,19.307818171995766
346,c,25.148802473355556,33.24451900531369
347,c,120.23059827547777,120.23059827547777
348,c,27.570236876140523,30.412383403180705
349,c,44.52223629515786,120.23059827547777
350,t,120.23059827547777,120.23059827547777
351,c,120.23059827547777,120.23059827547777
352,c,120.23059827547777,120.23059827547777
353,t,120.23059827547777,120.23059827547777
354,t,120.23059827547777,120.23059827547777
355,t,120.23059827547777,120.23059827547777
356,c,36.48413384004867,45.706657144848535
357,t,120.23059827547777,120.23059827547777
358,c,43.355234051912646,46.69454941809259
359,c,38.279267721017206,38.37741395290409
360,c,28.453211967473678,28.972610766105696
361,c,120.23059827547777,120.23059827547777
362,c,120.23059827547777,120.23059827547777
363,c,120.23059827547777,120.23059827547777
364,c,120.23059827547777,120.23059827547777
365,c,120.23059827547777,120.23059827547777
366,c,5.216769269504235,7.682298751934593
367,c,33.4442002535573,37.740961232338954
368,c,37.855092665761994,41.9846773978852
369,c,120.23059827547777,120.23059827547777
370,t,120.23059827547777,120.23059827547777
371,c,37.39921242266382,37.915596443638734
372,t,120.23059827547777,120.23059827547777
373,t,120.23059827547777,120.23059827547777
374,c,120.23059827547777,120.23059827547777
375,c,120.23059827547777,120.23059827547777
376,c,120.23059827547777,120.23059827547777
377,c,120.23059827547777,120.23059827547777
378,c,120.23059827547777,120.23059827547777
379,c,120.23059827547777,120.23059827547777
380,c,120.23059827547777,120.23059827547777
381,t,120.23059827547777,120.23059827547777
382,c,120.23059827547777,120.23059827547777
383,c,120.23059827547777,120.23059827547777
384,c,120.23059827547777,120.23059827547777
385,c,120.23059827547777,120.23059827547777
386,c,120.23059827547777,120.23059827547777
387,c,120.23059827547777,120.23059827547777
388,c,120.23059827547777,120.23059827547777
389,c,34.37468465996375,39.063817795462285
390,c,33.77914743024635,34.24235099580098
391,c,120.23059827547777,120.23059827547777
392,t,120.23059827547777,120.23059827547777
393,t,120.23059827547777,120.23059827547777
394,t,120.23059827547777,120.23059827547777
395,c,120.23059827547777,120.23059827547777
396,c,120.23059827547777,120.23059827547777
397,t,120.23059827547777,120.23059827547777
398,c,120.23059827547777,120.23059827547777
399,c,25.136405567893654,29.94427667640685
400,c,120.23059827547777,120.23059827547777
401,c,120.23059827547777,120.23059827547777
402,c,42.30762106490477,48.5709104988218
403,c,33.88580266623098,40.94597069714283
404,t,120.23059827547777,120.23059827547777
405,c,120.23059827547777,120.23059827547777
406,t,120.23059827547777,120.23059827547777
407,c,120.23059827547777,120.23059827547777
408,c,37.706491623378525,38.524579352918884
409,c,120.23059827547777,120.23059827547777
410,c,120.23059827547777,120.23059827547777
411,c,29.443953993578823,37.06884567126069
412,c,120.23059827547777,120.23059827547777
413,na,0,15.20118761695777
414,c,120.23059827547777,120.23059827547777
415,c,41.92653877925452,43.33206964203012
416,t,120.23059827547777,120.23059827547777
417,c,32.18920999481487,33.62445428534621
418,c,57.39155577366297,61.32176533128761
419,t,120.23059827547777,120.23059827547777
420,c,28.87927532125517,32.750104719961
421,t,120.23059827547777,120.23059827547777
422,c,120.23059827547777,120.23059827547777
423,c,120.23059827547777,120.23059827547777
424,c,120.23059827547777,120.23059827547777
425,c,120.23059827547777,120.23059827547777
426,t,120.23059827547777,120.23059827547777
427,c,23.986836465576857,26.757121777133378
428,c,120.23059827547777,120.23059827547777
429,t,120.23059827547777,120.23059827547777
430,c,38.80881296968782,38.861923799871036
431,t,120.23059827547777,120.23059827547777
432,na,0,2.525510571099925
433,t,120.23059827547777,120.23059827547777
434,na,-1,0
435,t,120.23059827547777,120.23059827547777
436,c,44.590851116255074,58.945737220575836
437,c,20.00262937736498,26.880649304369037
438,t,120.23059827547777,120.23059827547777
439,c,45.97756098858741,71.5558065886151
440,c,120.23059827547777,120.23059827547777
441,c,120.23059827547777,120.23059827547777
442,c,47.75133796352861,56.350684606696575
443,c,57.057808517789795,58.28462898913444
444,c,36.96063636105206,39.22074023364445
445,c,120.23059827547777,120.23059827547777
446,c,120.23059827547777,120.23059827547777
447,t,120.23059827547777,120.23059827547777
448,c,120.23059827547777,120.23059827547777
449,t,120.23059827547777,120.23059827547777
450,c,120.23059827547777,120.23059827547777
451,c,15.303491616109687,28.71438392721776
452,c,11.968259328444283,13.022224876978735
453,t,120.23059827547777,120.23059827547777
454,t,120.23059827547777,120.23059827547777
455,c,68.99297479397136,78.72864803885372
456,c,30.844459275774653,33.17763551300367
457,c,120.23059827547777,120.23059827547777
458,c,120.23059827547777,120.23059827547777
459,c,120.23059827547777,120.23059827547777
460,t,120.23059827547777,120.23059827547777
461,t,120.23059827547777,120.23059827547777
462,t,120.23059827547777,120.23059827547777
463,t,120.23059827547777,120.23059827547777
464,c,35.14551411391953,40.203011411148815
465,c,120.23059827547777,120.23059827547777
466,t,120.23059827547777,120.23059827547777
467,c,33.953291738202914,35.601206903610255
468,c,8.492757491365817,8.749203105383543
469,c,19.801852367545937,29.32918581129132
470,c,26.452784969843332,27.382433270399048
471,c,120.23059827547777,120.23059827547777
472,c,26.374739987836243,27.761102212575345
473,c,29.723834092201262,30.721755674121592
474,c,120.23059827547777,120.23059827547777
475,na,5.627788899714934,7.553137469975341
476,c,30.885269917911007,36.60054909792115
477,t,120.23059827547777,120.23059827547777
478,c,120.23059827547777,120.23059827547777
479,c,120.23059827547777,120.23059827547777
480,c,120.23059827547777,120.23059827547777
481,c,25.35998385114519,28.901313041180344
482,c,120.23059827547777,120.23059827547777
483,c,14.986734094714288,18.760660513010258
484,t,120.23059827547777,120.23059827547777
485,c,120.23059827547777,120.23059827547777
486,c,33.932345080739495,47.803855211859926
487,t,120.23059827547777,120.23059827547777
488,na,1.9367103141211435,7.180156147658119
489,t,120.23059827547777,120.23059827547777
490,t,120.23059827547777,120.23059827547777
491,c,120.23059827547777,120.23059827547777
492,c,28.35706419642736,34.08425783104547
493,c,120.23059827547777,120.23059827547777
494,c,120.23059827547777,120.23059827547777
495,c,10.00744056100462,120.23059827547777
496,c,120.23059827547777,120.23059827547777
497,c,22.65670594749114,27.898891685512965
498,c,53.6759848488315,64.46022128748764
499,c,120.23059827547777,120.23059827547777
500,c,120.23059827547777,120.23059827547777
501,c,120.23059827547777,120.23059827547777
502,c,120.23059827547777,120.23059827547777
503,c,120.23059827547777,120.23059827547777
504,c,120.23059827547777,120.23059827547777
505,t,120.23059827547777,120.23059827547777
506,c,120.23059827547777,120.23059827547777
507,t,120.23059827547777,120.23059827547777
508,c,120.23059827547777,120.23059827547777
509,c,15.63000363519431,120.23059827547777
510,c,120.23059827547777,120.23059827547777
511,t,120.23059827547777,120.23059827547777
512,t,120.23059827547777,120.23059827547777
513,na,0,4.239263418782053
514,c,20.374602883231056,21.33474070978885
515,c,26.626351316477322,31.170376471427755
516,c,49.61886119463295,66.34397715565576
517,c,43.10075507097594,47.93916635561792
518,c,120.23059827547777,120.23059827547777
519,c,120.23059827547777,120.23059827547777
520,c,39.851221750349325,43.28808188621763
521,c,6.688832137022596,8.71872655914712
522,c,120.23059827547777,120.23059827547777
523,t,120.23059827547777,120.23059827547777
524,c,120.23059827547777,120.23059827547777
525,c,120.23059827547777,120.23059827547777
526,c,120.23059827547777,120.23059827547777
527,c,120.23059827547777,120.23059827547777
528,c,19.317358510945343,32.719969083610174
529,c,41.45449109151239,44.701157616008814
530,na,2.6581872427622506,3.584335573794074
531,c,35.79993362997468,54.950489968206995
532,c,24.13042024556435,24.577788728110374
533,c,9.426749225083574,17.624337307356928
534,t,120.23059827547777,120.23059827547777
535,c,120.23059827547777,120.23059827547777
536,c,120.23059827547777,120.23059827547777
537,c,43.79035466017189,43.894139103091064
538,c,120.23059827547777,120.23059827547777
539,c,33.528635499809276,35.41122961279397
540,c,120.23059827547777,120.23059827547777
541,c,34.08108353606774,34.65442629269322
542,c,42.22430353984975,44.33687920322946
543,t,120.23059827547777,120.23059827547777
544,c,120.23059827547777,120.23059827547777
545,c,120.23059827547777,120.23059827547777
546,c,120.23059827547777,120.23059827547777
547,t,120.23059827547777,120.23059827547777
548,c,29.352428363224252,32.53878144631991
549,c,120.23059827547777,120.23059827547777
550,c,120.23059827547777,120.23059827547777
551,c,120.23059827547777,120.23059827547777
552,c,35.38409503282681,38.24134997183827
553,na,0,3.564589614835043
554,c,120.23059827547777,120.23059827547777
555,c,69.72915257094104,73.10634819958602
556,c,120.23059827547777,120.23059827547777
557,c,41.83343878686833,54.55491571533353
558,c,120.23059827547777,120.23059827547777
559,c,120.23059827547777,120.23059827547777
560,c,120.23059827547777,120.23059827547777
561,c,17.686769231137927,17.699357861152432
562,t,120.23059827547777,120.23059827547777
563,c,120.23059827547777,120.23059827547777
564,c,120.23059827547777,120.23059827547777
565,t,120.23059827547777,120.23059827547777
566,c,20.66189316411485,20.82565561804689
567,t,120.23059827547777,120.23059827547777
568,c,120.23059827547777,120.23059827547777
569,c,120.23059827547777,120.23059827547777
570,c,120.23059827547777,120.23059827547777
571,c,120.23059827547777,120.23059827547777
572,t,120.23059827547777,120.23059827547777
573,c,120.23059827547777,120.23059827547777
574,c,120.23059827547777,120.23059827547777
575,t,120.23059827547777,120.23059827547777
576,c,120.23059827547777,120.23059827547777
577,c,120.23059827547777,120.23059827547777
578,c,2.7620436072805363,20.49287914055831
579,t,120.23059827547777,120.23059827547777
580,t,120.23059827547777,120.23059827547777
581,c,18.08473270677944,25.302714919327546
582,c,16.253750162951725,17.751400694314682
583,c,17.34585400064518,19.22823896227344
584,c,120.23059827547777,120.23059827547777
585,c,18.281298178944983,19.98445079238731
586,c,31.751256856346405,33.04635300062111
587,c,120.23059827547777,120.23059827547777
588,c,120.23059827547777,120.23059827547777
589,c,120.23059827547777,120.23059827547777
590,c,120.23059827547777,120.23059827547777
591,c,72.97059937757659,78.4758087857695
592,c,19.02270240510701,34.41905579202706
593,c,45.14966454630053,55.019066004330675
594,t,120.23059827547777,120.23059827547777
595,c,53.46017583573234,61.50121960154497
596,c,7.348177864333263,11.10675452062282
597,c,10.32236776441064,11.952177264853866
598,t,120.23059827547777,120.23059827547777
599,c,120.23059827547777,120.23059827547777
600,t,120.23059827547777,120.23059827547777
601,t,120.23059827547777,120.23059827547777
602,t,120.23059827547777,120.23059827547777
603,c,58.41002758408631,64.23751569028965
604,c,120.23059827547777,120.23059827547777
605,t,120.23059827547777,120.23059827547777
606,c,26.566165426623133,29.615840767277458
607,c,29.639073322875046,120.23059827547777
608,c,120.23059827547777,120.23059827547777
609,c,120.23059827547777,120.23059827547777
610,t,120.23059827547777,120.23059827547777
611,c,120.23059827547777,120.23059827547777
612,c,20.208757895163767,22.937992163399862
613,c,25.489373265223936,26.934173736948946
614,c,120.23059827547777,120.23059827547777
615,c,120.23059827547777,120.23059827547777
616,c,34.35019205881247,120.23059827547777
617,c,41.76286387692935,44.9996469366436
618,c,63.64278223449886,64.600477377868
619,c,120.23059827547777,120.23059827547777
620,t,120.23059827547777,120.23059827547777
621,c,120.23059827547777,120.23059827547777
622,c,120.23059827547777,120.23059827547777
623,c,120.23059827547777,120.23059827547777
624,c,29.99786700123701,41.56856013139673
625,c,120.23059827547777,120.23059827547777
626,c,120.23059827547777,120.23059827547777
627,t,120.23059827547777,120.23059827547777
628,c,120.23059827547777,120.23059827547777
629,c,120.23059827547777,120.23059827547777
630,t,120.23059827547777,120.23059827547777
631,c,120.23059827547777,120.23059827547777
632,c,59.755039083710116,66.85240287947191
633,c,120.23059827547777,120.23059827547777
634,c,120.23059827547777,120.23059827547777
635,c,120.23059827547777,120.23059827547777
636,c,120.23059827547777,120.23059827547777
637,t,120.23059827547777,120.23059827547777
638,c,120.23059827547777,120.23059827547777
639,c,56.78952960468317,59.33589125795352
640,c,120.23059827547777,120.23059827547777
641,c,25.43803766347711,26.494531031461978
642,c,16.024004217940323,17.38829378771372
643,c,120.23059827547777,120.23059827547777
644,c,120.23059827547777,120.23059827547777
645,c,31.720038913808462,33.830290338815345
646,t,120.23059827547777,120.23059827547777
647,c,30.237514983730293,36.16507992780285
648,c,120.23059827547777,120.23059827547777
649,c,17.36020052597107,23.180923008591833
650,c,39.917633758335235,40.860788579172436
651,c,20.813905257878236,21.468035330960806
652,c,120.23059827547777,120.23059827547777
653,c,120.23059827547777,120.23059827547777
654,t,120.23059827547777,120.23059827547777
655,t,120.23059827547777,120.23059827547777
656,c,34.37038327816837,34.71287228406993
657,c,120.23059827547777,120.23059827547777
658,c,120.23059827547777,120.23059827547777
659,c,28.7004602915411,38.463716904763245
660,t,120.23059827547777,120.23059827547777
661,t,120.23059827547777,120.23059827547777
662,c,120.23059827547777,120.23059827547777
663,c,50.86531676796007,120.23059827547777
664,c,120.23059827547777,120.23059827547777
665,c,43.520467834182405,120.23059827547777
666,c,21.750377923851357,29.23283082125221
667,t,120.23059827547777,120.23059827547777
668,t,120.23059827547777,120.23059827547777
669,c,11.228943614662828,11.532178408802892
670,t,120.23059827547777,120.23059827547777
671,c,19.91821670468871,34.30913524631103
672,t,120.23059827547777,120.23059827547777
673,t,120.23059827547777,120.23059827547777
674,c,32.532152910068675,32.72157696828006
675,c,120.23059827547777,120.23059827547777
676,c,28.624560938283725,46.92650203188698
677,c,6.290863472245401,7.986876536409948
678,c,34.39328593224927,36.1684705776321
679,t,120.23059827547777,120.23059827547777
680,c,120.23059827547777,120.23059827547777
681,c,15.099761685008353,21.06785321100211
682,na,-1,0
683,t,120.23059827547777,120.23059827547777
684,c,2.4420115140456575,7.03507776790109
685,c,120.23059827547777,120.23059827547777
686,c,120.23059827547777,120.23059827547777
687,c,120.23059827547777,120.23059827547777
688,c,42.48112533580154,45.54756425787261
689,c,12.138247418801374,14.890690832455098
690,na,0.1779362222501021,3.185889508208837
691,c,120.23059827547777,120.23059827547777
692,c,120.23059827547777,120.23059827547777
693,c,14.537716169045988,17.166049149684646
694,c,18.700771528398338,120.23059827547777
695,t,120.23059827547777,120.23059827547777
696,c,120.23059827547777,120.23059827547777
697,c,7.906251697926416,8.626099616777882
698,t,120.23059827547777,120.23059827547777
699,c,44.770725582851185,46.4901685995585
700,c,120.23059827547777,120.23059827547777
701,c,18.399143304936906,19.084844769488107
702,c,120.23059827547777,120.23059827547777
703,t,120.23059827547777,120.23059827547777
704,c,12.607694920804198,17.17121699080684
705,c,18.34279005714555,24.385647558171634
706,c,120.23059827547777,120.23059827547777
707,t,120.23059827547777,120.23059827547777
708,c,120.23059827547777,120.23059827547777
709,c,51.48361525031191,56.97676283742568
710,t,120.23059827547777,120.23059827547777
711,c,120.23059827547777,120.23059827547777
712,c,30.695479825347114,33.911387300328684
713,c,12.214878244039289,14.828072616121696
714,c,120.23059827547777,120.23059827547777
715,c,120.23059827547777,120.23059827547777
716,c,120.23059827547777,120.23059827547777
717,t,120.23059827547777,120.23059827547777
718,t,120.23059827547777,120.23059827547777
719,c,120.23059827547777,120.23059827547777
720,c,120.23059827547777,120.23059827547777
721,c,31.544021210160444,32.04981415413893
722,c,120.23059827547777,120.23059827547777
723,c,120.23059827547777,120.23059827547777
724,c,120.23059827547777,120.23059827547777
725,c,22.484627520017153,27.01491313793564
726,c,120.23059827547777,120.23059827547777
727,c,15.67176880194294,18.0325577122431
728,c,53.82955372077003,120.23059827547777
729,c,120.23059827547777,120.23059827547777
730,c,120.23059827547777,120.23059827547777
731,c,120.23059827547777,120.23059827547777
732,t,120.23059827547777,120.23059827547777
733,c,120.23059827547777,120.23059827547777
734,c,120.23059827547777,120.23059827547777
735,t,120.23059827547777,120.23059827547777
736,na,11.840177460244837,19.18002419656091
737,c,24.694540208329602,32.30752583445865
738,c,120.23059827547777,120.23059827547777
739,c,120.23059827547777,120.23059827547777
740,na,-1,0
741,c,120.23059827547777,120.23059827547777
742,c,11.248842893910359,23.463027396996196
743,c,120.23059827547777,120.23059827547777
744,c,39.853859750893086,46.19384497079826
745,c,22.062212769910193,24.442484016110726
746,c,35.2738154034683,39.021811969783066
747,c,30.639246037159705,41.231619574767755
748,c,120.23059827547777,120.23059827547777
749,c,17.28503791397266,22.209828109984947
750,c,66.55613210588051,77.25977176881311
751,c,13.551145464128627,120.23059827547777
752,t,120.23059827547777,120.23059827547777
753,c,120.23059827547777,120.23059827547777
754,c,120.23059827547777,120.23059827547777
755,t,120.23059827547777,120.23059827547777
756,c,74.85799513668258,86.31523616123651
757,c,31.363168263793696,34.71783717428689
758,c,120.23059827547777,120.23059827547777
759,t,120.23059827547777,120.23059827547777
760,c,26.56038121438791,30.90556359555419
761,c,19.477534132058143,20.656831347894716
762,c,120.23059827547777,120.23059827547777
763,t,120.23059827547777,120.23059827547777
764,c,120.23059827547777,120.23059827547777
765,c,120.23059827547777,120.23059827547777
766,c,22.09461542069871,23.137055800750435
767,c,50.85129312792703,51.1510676853293
768,c,120.23059827547777,120.23059827547777
769,t,120.23059827547777,120.23059827547777
770,c,120.23059827547777,120.23059827547777
771,t,120.23059827547777,120.23059827547777
772,c,38.34713476575494,39.35019531488812
773,t,120.23059827547777,120.23059827547777
774,t,120.23059827547777,120.23059827547777
775,c,120.23059827547777,120.23059827547777
776,c,33.2359966523038,37.958439490853884
777,t,120.23059827547777,120.23059827547777
778,c,120.23059827547777,120.23059827547777
779,c,106.3865782819987,107.97053739748888
780,c,52.342948035133176,55.2513180170741
781,c,120.23059827547777,120.23059827547777
782,c,120.23059827547777,120.23059827547777
783,c,49.070188945422295,50.02769440108032
784,c,46.61706727549681,52.88486244153814
785,c,120.23059827547777,120.23059827547777
786,t,120.23059827547777,120.23059827547777
787,t,120.23059827547777,120.23059827547777
788,c,22.452864441419692,25.97645560433029
789,t,120.23059827547777,120.23059827547777
790,c,46.138083987417104,46.60832419624929
791,c,120.23059827547777,120.23059827547777
792,c,32.42472276479144,32.99882708467052
793,c,120.23059827547777,120.23059827547777
794,c,120.23059827547777,120.23059827547777
795,c,51.20539663346588,58.323300827217246
796,c,120.23059827547777,120.23059827547777
797,c,89.90421194341991,92.3553794539147
798,c,120.23059827547777,120.23059827547777
799,c,29.53925501138321,120.23059827547777
800,c,120.23059827547777,120.23059827547777
801,c,8.571224885166663,15.189377141111242
802,t,120.23059827547777,120.23059827547777
803,c,11.05388356630291,14.842383910991874
804,t,120.23059827547777,120.23059827547777
805,c,120.23059827547777,120.23059827547777
806,c,42.296037348877086,47.07947717072552
807,c,120.23059827547777,120.23059827547777
808,c,23.32356068914233,23.60366185012412
809,c,120.23059827547777,120.23059827547777
810,t,120.23059827547777,120.23059827547777
811,c,37.673883367770514,43.35690605873496
812,c,120.23059827547777,120.23059827547777
813,c,54.01395196366856,54.31941138157399
814,c,41.49723415595683,49.34349123373035
815,c,120.23059827547777,120.23059827547777
816,c,120.23059827547777,120.23059827547777
817,c,120.23059827547777,120.23059827547777
818,c,120.23059827547777,120.23059827547777
819,t,120.23059827547777,120.23059827547777
820,t,120.23059827547777,120.23059827547777
821,c,20.315199004471122,20.380730509802586
822,t,120.23059827547777,120.23059827547777
823,c,120.23059827547777,120.23059827547777
824,c,25.636183521472503,26.66820483962232
825,c,16.24453147124178,16.45792567728231
826,t,120.23059827547777,120.23059827547777
827,c,19.67111007312215,19.94708147552469
828,c,8.178710109651146,9.348809707293292
829,c,49.90463202749982,60.785225551071214
830,c,19.22895177530492,19.590164502568317
831,c,120.23059827547777,120.23059827547777
832,c,47.58599708478265,49.85166166480351
833,c,41.43064944173208,120.23059827547777
834,c,120.23059827547777,120.23059827547777
835,c,120.23059827547777,120.23059827547777
836,c,28.88200454757685,120.23059827547777
837,c,120.23059827547777,120.23059827547777
838,c,24.999325764411495,28.012875470427613
839,c,28.203568860502003,28.624943391322763
840,t,120.23059827547777,120.23059827547777
841,c,120.23059827547777,120.23059827547777
842,t,120.23059827547777,120.23059827547777
843,t,120.23059827547777,120.23059827547777
844,c,120.23059827547777,120.23059827547777
845,c,33.634736198480454,46.35460556226757
846,c,40.81583309591303,120.23059827547777
847,c,120.23059827547777,120.23059827547777
848,t,120.23059827547777,120.23059827547777
849,c,120.23059827547777,120.23059827547777
850,c,120.23059827547777,120.23059827547777
851,c,120.23059827547777,120.23059827547777
852,c,8.003453885584802,12.92919196389149
853,t,120.23059827547777,120.23059827547777
854,c,66.4296762787709,70.35529880674704
855,c,7.069652019845731,7.340626383357438
856,t,120.23059827547777,120.23059827547777
857,c,120.23059827547777,120.23059827547777
858,t,120.23059827547777,120.23059827547777
859,c,38.38533652820189,40.6622345397808
860,c,120.23059827547777,120.23059827547777
861,c,120.23059827547777,120.23059827547777
862,c,120.23059827547777,120.23059827547777
863,c,36.45699009468377,38.4892000537311
864,c,120.23059827547777,120.23059827547777
865,c,26.41442041857431,26.4783493913648
866,c,49.9672247902461,54.494451100998425
867,c,120.23059827547777,120.23059827547777
868,na,1.4928759487881766,4.5895052427461165
869,c,120.23059827547777,120.23059827547777
870,c,120.23059827547777,120.23059827547777
871,t,120.23059827547777,120.23059827547777
872,c,31.227530316221635,40.43815996312086
873,c,44.84554886279374,47.90498340375692
874,c,120.23059827547777,120.23059827547777
875,c,120.23059827547777,120.23059827547777
876,c,120.23059827547777,120.23059827547777
877,t,120.23059827547777,120.23059827547777
878,c,20.366477357782397,31.10455506647432
879,t,120.23059827547777,120.23059827547777
880,c,120.23059827547777,120.23059827547777
881,c,120.23059827547777,120.23059827547777
882,c,39.487341612753184,55.992238446576145
883,c,38.88188229638334,52.281326325590825
884,c,120.23059827547777,120.23059827547777
885,c,44.21337421670611,44.937073502827936
886,c,60.77423105928675,60.86571240749156
887,c,8.853371629277119,9.421965043027138
888,c,120.23059827547777,120.23059827547777
889,t,120.23059827547777,120.23059827547777
890,c,9.710099513208181,14.821228872624921
891,c,17.638711772530307,27.0840429378379
892,na,0.4186728792833405,12.041954525702726
893,c,120.23059827547777,120.23059827547777
894,c,22.10362026444706,38.41660888548635
895,c,120.23059827547777,120.23059827547777
896,t,120.23059827547777,120.23059827547777
897,na,3.233181628813982,5.651438959669094
898,t,120.23059827547777,120.23059827547777
899,c,47.67212219541864,65.97701650798842
900,c,120.23059827547777,120.23059827547777
901,c,120.23059827547777,120.23059827547777
902,t,120.23059827547777,120.23059827547777
903,t,120.23059827547777,120.23059827547777
904,c,120.23059827547777,120.23059827547777
905,c,120.23059827547777,120.23059827547777
906,na,0.26603221013516154,1.035782157020521
907,c,37.85142657691212,51.69642302581286
908,c,32.08454168145094,33.79749625449909
909,c,36.27146928201503,39.88568734416833
910,c,40.82844494462573,58.48349637536341
911,c,120.23059827547777,120.23059827547777
912,t,120.23059827547777,120.23059827547777
913,c,120.23059827547777,120.23059827547777
914,c,2.123391582978225,120.23059827547777
915,c,120.23059827547777,120.23059827547777
916,c,120.23059827547777,120.23059827547777
917,c,31.77311413442919,120.23059827547777
918,c,37.37723389906318,40.69124276317901
919,c,120.23059827547777,120.23059827547777
920,c,120.23059827547777,120.23059827547777
921,t,120.23059827547777,120.23059827547777
922,t,120.23059827547777,120.23059827547777
923,c,33.21579858214246,33.58053898473674
924,t,120.23059827547777,120.23059827547777
925,c,120.23059827547777,120.23059827547777
926,t,120.23059827547777,120.23059827547777
927,c,120.23059827547777,120.23059827547777
928,t,120.23059827547777,120.23059827547777
929,c,120.23059827547777,120.23059827547777
930,c,8.94338446787434,11.962196136359315
931,t,120.23059827547777,120.23059827547777
932,c,24.5498152776841,33.92293045290347
933,c,120.23059827547777,120.23059827547777
934,c,120.23059827547777,120.23059827547777
935,t,120.23059827547777,120.23059827547777
936,t,120.23059827547777,120.23059827547777
937,c,52.19883364789959,52.484553731019005
938,c,48.689589652169026,49.15281850991011
939,c,37.90633487753056,42.05692372473801
940,c,11.006715624663167,13.399224096891944
941,c,120.23059827547777,120.23059827547777
942,c,120.23059827547777,120.23059827547777
943,c,15.896186690109609,22.016561251884333
944,t,120.23059827547777,120.23059827547777
945,c,120.23059827547777,120.23059827547777
946,c,16.134295463037994,120.23059827547777
947,c,22.33145443811746,23.1652321327478
948,c,42.771344674031425,46.04185439902349
949,c,120.23059827547777,120.23059827547777
950,c,29.649775341259286,33.298370634498056
951,c,120.23059827547777,120.23059827547777
952,c,120.23059827547777,120.23059827547777
953,c,22.04026178955784,22.927011893173596
954,c,120.23059827547777,120.23059827547777
955,c,15.99037649144406,120.23059827547777
956,c,38.4191002545036,38.700578228777516
957,t,120.23059827547777,120.23059827547777
958,c,10.377348400211245,23.859830603957107
959,c,120.23059827547777,120.23059827547777
960,c,120.23059827547777,120.23059827547777
961,c,120.23059827547777,120.23059827547777
962,c,54.04453153219573,54.7422560660057
963,c,120.23059827547777,120.23059827547777
964,c,120.23059827547777,120.23059827547777
965,t,120.23059827547777,120.23059827547777
966,c,120.23059827547777,120.23059827547777
967,c,26.26380154846639,26.86953359758382
968,t,120.23059827547777,120.23059827547777
969,c,120.23059827547777,120.23059827547777
970,t,120.23059827547777,120.23059827547777
971,c,120.23059827547777,120.23059827547777
972,t,120.23059827547777,120.23059827547777
973,t,120.23059827547777,120.23059827547777
974,c,120.23059827547777,120.23059827547777
975,c,120.23059827547777,120.23059827547777
976,c,120.23059827547777,120.23059827547777
977,c,64.20783489937645,65.95573079583171
978,c,24.594941776461237,37.415378443300916
979,c,42.10467547724695,48.28408603919974
980,c,21.096569647570437,22.69679295156971
981,c,45.92281648835086,50.49845873783091
982,c,22.522813527743832,38.66051926189006
983,c,120.23059827547777,120.23059827547777
984,c,120.23059827547777,120.23059827547777
985,c,21.23642743847268,23.036188847018696
986,c,30.933211476433407,120.23059827547777
987,c,49.14891167414841,58.399530527608235
988,c,120.23059827547777,120.23059827547777
989,c,64.51685856285948,66.31166694849678
990,na,0,0.34667086932328106
991,c,120.23059827547777,120.23059827547777
992,t,120.23059827547777,120.23059827547777
993,c,120.23059827547777,120.23059827547777
994,t,120.23059827547777,120.23059827547777
995,c,120.23059827547777,120.23059827547777
996,c,120.23059827547777,120.23059827547777
997,c,120.23059827547777,120.23059827547777
998,t,120.23059827547777,120.23059827547777
999,c,16.150711184312197,16.177452016935327
1000,c,120.23059827547777,120.23059827547777
1001,c,120.23059827547777,120.23059827547777
1002,c,120.23059827547777,120.23059827547777
1003,c,120.23059827547777,120.23059827547777
1004,c,120.23059827547777,120.23059827547777
1005,c,120.23059827547777,120.23059827547777
1006,c,120.23059827547777,120.23059827547777
1007,c,120.23059827547777,120.23059827547777
1008,c,67.25129405001522,72.58814955290448
1009,c,120.23059827547777,120.23059827547777
1010,c,120.23059827547777,120.23059827547777
1011,c,21.668605496121096,23.049914301551084
1012,t,120.23059827547777,120.23059827547777
1013,c,35.65550062188216,37.00743005449461
1014,c,44.28646606879902,56.896525035685386
1015,c,23.977195858808784,32.78791167368781
1016,t,120.23059827547777,120.23059827547777
1017,c,120.23059827547777,120.23059827547777
1018,na,0,4.768998386199626
1019,t,120.23059827547777,120.23059827547777
1020,c,15.47475404262433,19.969777209012058
1021,c,120.23059827547777,120.23059827547777
1022,c,120.23059827547777,120.23059827547777
1023,c,120.23059827547777,120.23059827547777
1024,na,11.28788858097566,11.864942507983677
1025,c,120.23059827547777,120.23059827547777
1026,t,120.23059827547777,120.23059827547777
1027,c,12.339454977085337,15.435552157114445
1028,c,13.34092646633075,14.644713385300497
1029,c,120.23059827547777,120.23059827547777
1030,c,120.23059827547777,120.23059827547777
1031,t,120.23059827547777,120.23059827547777
1032,t,120.23059827547777,120.23059827547777
1033,c,21.959717652738064,22.888692850428036
1034,c,27.75738599933275,33.55458493577575
1035,na,-1,0
1036,c,120.23059827547777,120.23059827547777
1037,t,120.23059827547777,120.23059827547777
1038,c,28.07855357030096,29.28949044909156
1039,c,120.23059827547777,120.23059827547777
1040,t,120.23059827547777,120.23059827547777
1041,c,120.23059827547777,120.23059827547777
1042,c,120.23059827547777,120.23059827547777
1043,c,120.23059827547777,120.23059827547777
1044,c,120.23059827547777,120.23059827547777
1045,c,36.54252957570245,43.457201344318804
1046,c,120.23059827547777,120.23059827547777
1047,c,17.73852368911776,18.003289430196045
1048,c,22.391536962859213,26.222010062697223
1049,c,120.23059827547777,120.23059827547777
1050,na,5.0617126451455485,16.907160340707765
1051,c,25.4786432622636,25.564821995732476
1052,t,120.23059827547777,120.23059827547777
1053,t,120.23059827547777,120.23059827547777
1054,c,120.23059827547777,120.23059827547777
1055,t,120.23059827547777,120.23059827547777
1056,c,120.23059827547777,120.23059827547777
1057,c,120.23059827547777,120.23059827547777
1058,t,120.23059827547777,120.23059827547777
1059,c,120.23059827547777,120.23059827547777
1060,c,120.23059827547777,120.23059827547777
1061,c,38.87005813739314,49.879588632774585
1062,c,18.552600543644843,18.639803163435246
1063,c,120.23059827547777,120.23059827547777
1064,t,120.23059827547777,120.23059827547777
1065,t,120.23059827547777,120.23059827547777
1066,c,26.258259149062077,29.966292658183878
1067,c,32.84637054768197,40.47243227940654
1068,c,120.23059827547777,120.23059827547777
1069,c,120.23059827547777,120.23059827547777
1070,t,120.23059827547777,120.23059827547777
1071,c,26.547960295840653,39.06168605316709
1072,c,30.54839678972728,32.350089898098744
1073,c,120.23059827547777,120.23059827547777
1074,t,120.23059827547777,120.23059827547777
1075,c,120.23059827547777,120.23059827547777
1076,c,120.23059827547777,120.23059827547777
1077,c,120.23059827547777,120.23059827547777
1078,c,120.23059827547777,120.23059827547777
1079,c,21.256195696807733,22.047702403828737
1080,c,120.23059827547777,120.23059827547777
1081,t,120.23059827547777,120.23059827547777
1082,c,120.23059827547777,120.23059827547777
1083,c,38.76099335993949,41.753061138912166
1084,c,120.23059827547777,120.23059827547777
1085,c,120.23059827547777,120.23059827547777
1086,t,120.23059827547777,120.23059827547777
1087,t,120.23059827547777,120.23059827547777
1088,c,120.23059827547777,120.23059827547777
1089,c,8.372700428623403,11.436588266524579
1090,c,24.645888414269066,26.03675607067551
1091,c,23.926379725134744,31.411158057105617
1092,c,120.23059827547777,120.23059827547777
1093,c,120.23059827547777,120.23059827547777
1094,t,120.23059827547777,120.23059827547777
1095,c,120.23059827547777,120.23059827547777
1096,na,-1,0
1097,c,120.23059827547777,120.23059827547777
1098,na,0.34930844122181987,0.571167045157257
1099,c,15.977046880272313,16.28359483194738
1100,na,7.7709027965763635,8.404485837606943
1101,t,120.23059827547777,120.23059827547777
1102,c,32.14961733023499,32.78214576047548
1103,c,22.285954129281105,22.798822280511718
1104,c,120.23059827547777,120.23059827547777
1105,c,120.23059827547777,120.23059827547777
1106,c,120.23059827547777,120.23059827547777
1107,c,120.23059827547777,120.23059827547777
1108,c,120.23059827547777,120.23059827547777
1109,t,120.23059827547777,120.23059827547777
1110,c,120.23059827547777,120.23059827547777
1111,t,120.23059827547777,120.23059827547777
1112,c,120.23059827547777,120.23059827547777
1113,c,23.13708574809512,30.456830926976956
1114,t,120.23059827547777,120.23059827547777
1115,c,35.05043473325219,48.30078845070582
1116,c,31.407973599035866,33.047263950092294
1117,c,120.23059827547777,120.23059827547777
1118,c,120.23059827547777,120.23059827547777
1119,t,120.23059827547777,120.23059827547777
1120,c,30.335643014755856,35.81738665383681
1121,c,120.23059827547777,120.23059827547777
1122,c,120.23059827547777,120.23059827547777
1123,c,41.71975960939095,42.32379476689634
1124,c,120.23059827547777,120.23059827547777
1125,c,120.23059827547777,120.23059827547777
1126,c,120.23059827547777,120.23059827547777
1127,t,120.23059827547777,120.23059827547777
1128,c,120.23059827547777,120.23059827547777
1129,c,120.23059827547777,120.23059827547777
1130,c,120.23059827547777,120.23059827547777
1131,t,120.23059827547777,120.23059827547777
1132,c,120.23059827547777,120.23059827547777
1133,c,120.23059827547777,120.23059827547777
1134,c,33.82548791442249,35.28311021236008
1135,c,120.23059827547777,120.23059827547777
1136,c,120.23059827547777,120.23059827547777
1137,c,120.23059827547777,120.23059827547777
1138,t,120.23059827547777,120.23059827547777
1139,c,120.23059827547777,120.23059827547777
1140,c,64.92278812777147,65.9035137670879
1141,c,120.23059827547777,120.23059827547777
1142,c,120.23059827547777,120.23059827547777
1143,c,34.327456379611505,38.24548086699501
1144,t,120.23059827547777,120.23059827547777
1145,c,120.23059827547777,120.23059827547777
1146,t,120.23059827547777,120.23059827547777
1147,c,120.23059827547777,120.23059827547777
1148,c,56.22662819328295,56.61953760378047
1149,c,120.23059827547777,120.23059827547777
1150,c,27.818139078896564,34.05172594722331
1151,c,37.91618190073307,39.25123231000887
1152,c,120.23059827547777,120.23059827547777
1153,c,4.191176860891033,5.053408601310022
1154,t,120.23059827547777,120.23059827547777
1155,c,38.4645044346396,46.19244259204235
1156,c,25.44864686487572,120.23059827547777
1157,t,120.23059827547777,120.23059827547777
1158,t,120.23059827547777,120.23059827547777
1159,c,120.23059827547777,120.23059827547777
1160,c,65.3569928405224,66.97746931901179
1161,c,18.19217315522,120.23059827547777
1162,t,120.23059827547777,120.23059827547777
1163,c,41.41834842281281,43.454179814252214
1164,c,28.38259373678005,29.19471506212094
1165,c,39.13358076381126,46.19500270450516
1166,c,26.939716711779525,35.03806174356327
1167,t,120.23059827547777,120.23059827547777
1168,c,120.23059827547777,120.23059827547777
1169,c,120.23059827547777,120.23059827547777
1170,c,120.23059827547777,120.23059827547777
1171,c,42.287706148568645,43.24088683388649
1172,c,19.59612008741506,19.820871737045543
1173,c,120.23059827547777,120.23059827547777
1174,c,120.23059827547777,120.23059827547777
1175,c,120.23059827547777,120.23059827547777
1176,c,38.052663809648244,49.249302208725105
1177,c,24.107029787550246,27.5080814655904
1178,t,120.23059827547777,120.23059827547777
1179,c,120.23059827547777,120.23059827547777
1180,c,120.23059827547777,120.23059827547777
1181,na,2.3065728853997958,10.056598711451343
1182,c,120.23059827547777,120.23059827547777
1183,t,120.23059827547777,120.23059827547777
1184,c,120.23059827547777,120.23059827547777
1185,c,120.23059827547777,120.23059827547777
1186,c,120.23059827547777,120.23059827547777
1187,c,120.23059827547777,120.23059827547777
1188,c,120.23059827547777,120.23059827547777
1189,c,120.23059827547777,120.23059827547777
1190,c,120.23059827547777,120.23059827547777
1191,c,120.23059827547777,120.23059827547777
1192,c,120.23059827547777,120.23059827547777
1193,c,120.23059827547777,120.23059827547777
1194,t,120.23059827547777,120.23059827547777
1195,c,120.23059827547777,120.23059827547777
1196,c,120.23059827547777,120.23059827547777
1197,c,120.23059827547777,120.23059827547777
1198,c,28.66063158502646,28.842722324428422
1199,t,120.23059827547777,120.23059827547777
1200,c,120.23059827547777,120.23059827547777
1201,t,120.23059827547777,120.23059827547777
1202,c,120.23059827547777,120.23059827547777
1203,c,57.776368227741685,58.05910201894536
1204,t,120.23059827547777,120.23059827547777
1205,c,120.23059827547777,120.23059827547777
1206,c,120.23059827547777,120.23059827547777
1207,c,120.23059827547777,120.23059827547777
1208,c,120.23059827547777,120.23059827547777
1209,c,120.23059827547777,120.23059827547777
1210,c,43.016590116241716,49.83895280518316
1211,c,120.23059827547777,120.23059827547777
1212,c,11.367571066260783,12.200667207254165
1213,c,120.23059827547777,120.23059827547777
1214,t,120.23059827547777,120.23059827547777
1215,c,34.364368096034795,34.549157117415604
1216,c,120.23059827547777,120.23059827547777
1217,c,20.30585485696372,31.195943069289044
1218,c,15.360866635591341,20.288352000503103
1219,c,43.22411184478467,52.8138907602223
1220,t,120.23059827547777,120.23059827547777
1221,c,120.23059827547777,120.23059827547777
1222,t,120.23059827547777,120.23059827547777
1223,c,22.32763126423131,24.25230526789739
1224,t,120.23059827547777,120.23059827547777
1225,t,120.23059827547777,120.23059827547777
1226,na,16.726640505441996,120.23059827547777
1227,c,120.23059827547777,120.23059827547777
1228,c,120.23059827547777,120.23059827547777
1229,t,120.23059827547777,120.23059827547777
1230,c,96.92122178674447,102.93285891431226
1231,c,90.52002494893343,90.71022029816285
1232,c,20.627884066467082,23.34807335674095
1233,c,120.23059827547777,120.23059827547777
1234,na,-1,0
1235,c,7.085318830242329,14.974002541485625
1236,c,120.23059827547777,120.23059827547777
1237,c,120.23059827547777,120.23059827547777
1238,c,15.856442350978659,19.967340373451183
1239,c,120.23059827547777,120.23059827547777
1240,c,31.49972620416912,41.24666623934
1241,c,120.23059827547777,120.23059827547777
1242,c,120.23059827547777,120.23059827547777
1243,c,11.698810688464883,16.690224373887524
1244,c,120.23059827547777,120.23059827547777
1245,t,120.23059827547777,120.23059827547777
1246,c,18.90767915645109,25.93967504883287
1247,c,26.28743996769791,27.847760521741897
1248,c,120.23059827547777,120.23059827547777
1249,c,28.741011322503482,29.347517780553492
1250,t,120.23059827547777,120.23059827547777
1251,c,120.23059827547777,120.23059827547777
1252,t,120.23059827547777,120.23059827547777
1253,c,120.23059827547777,120.23059827547777
1254,na,2.5393989468096323,3.856712247087339
1255,c,22.45131214840334,29.77241638143088
1256,c,120.23059827547777,120.23059827547777
1257,t,120.23059827547777,120.23059827547777
1258,c,39.27723069518002,43.89017259053248
1259,c,120.23059827547777,120.23059827547777
1260,t,120.23059827547777,120.23059827547777
1261,c,27.632424444030516,27.95434501937143
1262,c,28.353428155209862,37.42827646679088
1263,c,120.23059827547777,120.23059827547777
1264,c,60.51201335501346,60.75303099645673
1265,c,41.748486442223076,46.204165480091866
1266,c,120.23059827547777,120.23059827547777
1267,c,120.23059827547777,120.23059827547777
1268,c,42.19039943156791,43.1357046107437
1269,c,120.23059827547777,120.23059827547777
1270,c,120.23059827547777,120.23059827547777
1271,c,40.35781794595904,45.24003566886227
1272,c,17.091123727187668,17.144281518312738
1273,t,120.23059827547777,120.23059827547777
1274,c,52.483065852923175,57.670585583936294
1275,c,74.0867444139878,75.76305873771454
1276,c,27.14731804325658,120.23059827547777
1277,t,120.23059827547777,120.23059827547777
1278,c,29.176760244316593,30.984187046488994
1279,c,28.257020152593327,30.358416645199025
1280,c,120.23059827547777,120.23059827547777
1281,t,120.23059827547777,120.23059827547777
1282,t,120.23059827547777,120.23059827547777
1283,c,120.23059827547777,120.23059827547777
1284,t,120.23059827547777,120.23059827547777
1285,c,120.23059827547777,120.23059827547777
1286,c,17.209390228947214,19.82944278459119
1287,c,32.06467250172893,41.56854772729902
1288,c,18.033069899944433,32.85050745853103
1289,c,120.23059827547777,120.23059827547777
1290,c,120.23059827547777,120.23059827547777
1291,c,120.23059827547777,120.23059827547777
1292,c,120.23059827547777,120.23059827547777
1293,c,88.43596135702145,94.94683475177341
1294,c,120.23059827547777,120.23059827547777
1295,c,120.23059827547777,120.23059827547777
1296,c,46.49058392774667,51.44846819500415
1297,c,24.73693431765771,27.16746361315327
1298,c,120.23059827547777,120.23059827547777
1299,c,120.23059827547777,120.23059827547777
1300,c,60.735937299020556,66.06374872990169
1301,c,18.46032884576373,22.192222285715438
1302,t,120.23059827547777,120.23059827547777
1303,c,14.928592297945768,15.601690043668691
1304,t,120.23059827547777,120.23059827547777
1305,c,120.23059827547777,120.23059827547777
1306,c,22.91580828666125,23.672515399478907
1307,c,120.23059827547777,120.23059827547777
1308,c,120.23059827547777,120.23059827547777
1309,t,120.23059827547777,120.23059827547777
1310,c,120.23059827547777,120.23059827547777
1311,c,8.486788704616915,12.28382489747024
1312,c,25.13732076708725,31.96345138526918
1313,c,120.23059827547777,120.23059827547777
1314,t,120.23059827547777,120.23059827547777
1315,c,120.23059827547777,120.23059827547777
1316,t,120.23059827547777,120.23059827547777
1317,c,120.23059827547777,120.23059827547777
1318,c,120.23059827547777,120.23059827547777
1319,c,120.23059827547777,120.23059827547777
1320,c,120.23059827547777,120.23059827547777
1321,t,120.23059827547777,120.23059827547777
1322,t,120.23059827547777,120.23059827547777
1323,c,23.063401660223924,24.243313803780225
1324,c,120.23059827547777,120.23059827547777
1325,c,120.23059827547777,120.23059827547777
1326,t,120.23059827547777,120.23059827547777
1327,t,120.23059827547777,120.23059827547777
1328,c,120.23059827547777,120.23059827547777
1329,c,12.44519625575984,12.85785636341598
1330,c,22.02361629819696,22.32000978549314
1331,c,91.70538578481306,93.64979688094658
1332,c,120.23059827547777,120.23059827547777
1333,c,32.771464502771494,34.17377739670401
1334,t,120.23059827547777,120.23059827547777
1335,t,120.23059827547777,120.23059827547777
1336,c,42.60252236366656,120.23059827547777
1337,t,120.23059827547777,120.23059827547777
1338,t,120.23059827547777,120.23059827547777
1339,c,25.952791782288624,43.00121511566109
1340,c,120.23059827547777,120.23059827547777
1341,c,120.23059827547777,120.23059827547777
1342,t,120.23059827547777,120.23059827547777
1343,c,25.067306646603324,26.75294891417577
1344,c,120.23059827547777,120.23059827547777
1345,c,6.944002514235589,8.036144751423171
1346,c,120.23059827547777,120.23059827547777
1347,c,26.937618312828192,27.362261618067677
1348,c,120.23059827547777,120.23059827547777
1349,c,120.23059827547777,120.23059827547777
1350,c,120.23059827547777,120.23059827547777
1351,c,120.23059827547777,120.23059827547777
1352,c,120.23059827547777,120.23059827547777
1353,c,22.255375221573406,31.9185661826834
1354,c,33.8281883052236,36.02587878083031
1355,c,32.360688886755845,46.41351512010681
1356,c,120.23059827547777,120.23059827547777
1357,c,120.23059827547777,120.23059827547777
1358,c,120.23059827547777,120.23059827547777
1359,c,82.31515634316337,83.61032773163795
1360,c,120.23059827547777,120.23059827547777
1361,c,120.23059827547777,120.23059827547777
1362,c,36.51442600154899,39.299412178203426
1363,c,120.23059827547777,120.23059827547777
1364,c,17.813867283385843,18.02291025032094
1365,c,120.23059827547777,120.23059827547777
1366,t,120.23059827547777,120.23059827547777
1367,c,120.23059827547777,120.23059827547777
1368,c,120.23059827547777,120.23059827547777
1369,c,120.23059827547777,120.23059827547777
1370,c,120.23059827547777,120.23059827547777
1371,c,120.23059827547777,120.23059827547777
1372,c,120.23059827547777,120.23059827547777
1373,t,120.23059827547777,120.23059827547777
1374,c,120.23059827547777,120.23059827547777
1375,c,120.23059827547777,120.23059827547777
1376,c,120.23059827547777,120.23059827547777
1377,t,120.23059827547777,120.23059827547777
1378,c,120.23059827547777,120.23059827547777
1379,t,120.23059827547777,120.23059827547777
1380,c,23.22546959114756,39.85167303965378
1381,c,120.23059827547777,120.23059827547777
1382,c,120.23059827547777,120.23059827547777
1383,c,120.23059827547777,120.23059827547777
1384,c,120.23059827547777,120.23059827547777
1385,c,120.23059827547777,120.23059827547777
1386,c,120.23059827547777,120.23059827547777
1387,c,120.23059827547777,120.23059827547777
1388,c,120.23059827547777,120.23059827547777
1389,c,120.23059827547777,120.23059827547777
1390,c,120.23059827547777,120.23059827547777
1391,c,120.23059827547777,120.23059827547777
1392,c,6.075552466158555,14.071339532820573
1393,t,120.23059827547777,120.23059827547777
1394,t,120.23059827547777,120.23059827547777
1395,c,34.09493007850852,35.358596811656
1396,t,120.23059827547777,120.23059827547777
1397,c,120.23059827547777,120.23059827547777
1398,c,120.23059827547777,120.23059827547777
1399,c,120.23059827547777,120.23059827547777
1400,c,120.23059827547777,120.23059827547777
1401,c,26.112529392660107,33.333541757730714
1402,c,120.23059827547777,120.23059827547777
1403,c,120.23059827547777,120.23059827547777
1404,t,120.23059827547777,120.23059827547777
1405,c,19.081979205601378,23.35066650324252
1406,c,25.775049962907694,28.081580951744222
1407,c,120.23059827547777,120.23059827547777
1408,c,19.496824063125487,20.62226158804634
1409,t,120.23059827547777,120.23059827547777
1410,c,120.23059827547777,120.23059827547777
1411,t,120.23059827547777,120.23059827547777
1412,c,48.66653419001171,57.35409433035475
1413,c,120.23059827547777,120.23059827547777
1414,c,120.23059827547777,120.23059827547777
1415,c,120.23059827547777,120.23059827547777
1416,c,11.757254685734152,12.93425997306399
1417,c,120.23059827547777,120.23059827547777
1418,t,120.23059827547777,120.23059827547777
1419,c,120.23059827547777,120.23059827547777
1420,t,120.23059827547777,120.23059827547777
1421,c,11.677011985153166,21.169101427975185
1422,c,120.23059827547777,120.23059827547777
1423,c,57.39920822530876,60.25301627110374
1424,c,30.534602461580302,33.55426553409388
1425,c,120.23059827547777,120.23059827547777
1426,c,120.23059827547777,120.23059827547777
1427,c,120.23059827547777,120.23059827547777
1428,c,120.23059827547777,120.23059827547777
1429,c,33.762384776598395,35.66454501544329
1430,t,120.23059827547777,120.23059827547777
1431,c,120.23059827547777,120.23059827547777
1432,c,24.468898314115126,28.74645337766918
1433,t,120.23059827547777,120.23059827547777
1434,c,25.811886898487987,27.678629258852222
1435,c,120.23059827547777,120.23059827547777
1436,t,120.23059827547777,120.23059827547777
1437,c,4.90008013690014,120.23059827547777
1438,c,120.23059827547777,120.23059827547777
1439,c,120.23059827547777,120.23059827547777
1440,c,35.416126167901716,40.02048708957115
1441,t,120.23059827547777,120.23059827547777
1442,c,120.23059827547777,120.23059827547777
1443,c,25.573537005561043,120.23059827547777
1444,c,31.304300867636208,41.550201664083495
1445,c,29.4189565221204,31.508279689419137
1446,c,16.475519822009147,23.7540921402195
1447,c,120.23059827547777,120.23059827547777
1448,c,120.23059827547777,120.23059827547777
1449,t,120.23059827547777,120.23059827547777
1450,c,31.868901142065056,120.23059827547777
1451,c,60.31541547967053,63.801583943767326
1452,c,25.952874849697057,26.69958756669381
1453,c,120.23059827547777,120.23059827547777
1454,c,120.23059827547777,120.23059827547777
1455,c,120.23059827547777,120.23059827547777
1456,t,120.23059827547777,120.23059827547777
1457,t,120.23059827547777,120.23059827547777
1458,c,120.23059827547777,120.23059827547777
1459,c,5.046535075411471,20.329090951462277
1460,t,120.23059827547777,120.23059827547777
1461,c,32.7647212647158,34.0621556834413
1462,c,11.890403398917083,27.45189763450487
1463,c,11.263946825008544,16.42731873507575
1464,t,120.23059827547777,120.23059827547777
1465,c,32.403208295859,38.65837909981753
1466,c,120.23059827547777,120.23059827547777
1467,c,17.18673981690418,22.33610930938539
1468,c,33.1404295110683,33.32060951736118
1469,c,120.23059827547777,120.23059827547777
1470,c,120.23059827547777,120.23059827547777
1471,t,120.23059827547777,120.23059827547777
1472,t,120.23059827547777,120.23059827547777
1473,t,120.23059827547777,120.23059827547777
1474,t,120.23059827547777,120.23059827547777
1475,c,32.33587371379542,36.27996555575884
1476,c,120.23059827547777,120.23059827547777
1477,c,120.23059827547777,120.23059827547777
1478,c,37.748474026234014,40.586077465843886
1479,c,43.850848806063354,49.537839000928834
1480,c,120.23059827547777,120.23059827547777
1481,c,120.23059827547777,120.23059827547777
1482,c,120.23059827547777,120.23059827547777
1483,c,120.23059827547777,120.23059827547777
1484,c,39.55304674358039,42.255134608134746
1485,c,120.23059827547777,120.23059827547777
1486,c,23.520198061719327,24.6033491662074
1487,c,120.23059827547777,120.23059827547777
1488,c,120.23059827547777,120.23059827547777
1489,c,31.07525843923497,34.772620619792825
1490,c,32.33161786643247,35.311654674412715
1491,c,120.23059827547777,120.23059827547777
1492,c,120.23059827547777,120.23059827547777
1493,c,120.23059827547777,120.23059827547777
1494,c,120.23059827547777,120.23059827547777
1495,c,120.23059827547777,120.23059827547777
1496,t,120.23059827547777,120.23059827547777
1497,c,120.23059827547777,120.23059827547777
1498,c,25.50043731928012,31.79672358351488
1499,t,120.23059827547777,120.23059827547777
1500,t,120.23059827547777,120.23059827547777
1501,t,120.23059827547777,120.23059827547777
1502,c,53.876111314823746,54.874855912103456
1503,c,17.88451524563031,25.69076216163939
1504,c,120.23059827547777,120.23059827547777
1505,c,120.23059827547777,120.23059827547777
1506,c,120.23059827547777,120.23059827547777
1507,c,8.367154395724056,9.054688809447077
1508,c,53.546494952652004,120.23059827547777
1509,c,31.632594648112462,46.70097715432661
1510,c,120.23059827547777,120.23059827547777
1511,c,120.23059827547777,120.23059827547777
1512,c,120.23059827547777,120.23059827547777
1513,c,120.23059827547777,120.23059827547777
1514,c,120.23059827547777,120.23059827547777
1515,c,120.23059827547777,120.23059827547777
1516,c,120.23059827547777,120.23059827547777
1517,c,120.23059827547777,120.23059827547777
1518,c,35.08697595216689,120.23059827547777
1519,t,120.23059827547777,120.23059827547777
1520,na,4.602446842042215,5.534877971545416
1521,c,59.97200418138553,69.50380823145761
1522,c,120.23059827547777,120.23059827547777
1523,c,44.80720162608056,48.66681496632705
1524,t,120.23059827547777,120.23059827547777
1525,c,43.853733595189624,44.768419921666606
1526,c,120.23059827547777,120.23059827547777
1527,c,11.873578145968809,24.949737577647877
1528,t,120.23059827547777,120.23059827547777
1529,c,120.23059827547777,120.23059827547777
1530,c,120.23059827547777,120.23059827547777
1531,t,120.23059827547777,120.23059827547777
1532,c,120.23059827547777,120.23059827547777
1533,c,33.907521246917646,43.447163557954234
1534,c,120.23059827547777,120.23059827547777
1535,c,28.318937440197246,36.7356504936217
1536,c,120.23059827547777,120.23059827547777
1537,c,120.23059827547777,120.23059827547777
1538,c,120.23059827547777,120.23059827547777
1539,c,120.23059827547777,120.23059827547777
1540,c,22.41512695019052,28.775048003986484
1541,c,19.268659898444586,27.042723411833254
1542,c,120.23059827547777,120.23059827547777
1543,c,120.23059827547777,120.23059827547777
1544,t,120.23059827547777,120.23059827547777
1545,c,120.23059827547777,120.23059827547777
1546,c,120.23059827547777,120.23059827547777
1547,c,120.23059827547777,120.23059827547777
1548,c,120.23059827547777,120.23059827547777
1549,c,120.23059827547777,120.23059827547777
1550,c,120.23059827547777,120.23059827547777
1551,c,120.23059827547777,120.23059827547777
1552,t,120.23059827547777,120.23059827547777
1553,c,120.23059827547777,120.23059827547777
1554,c,120.23059827547777,120.23059827547777
1555,t,120.23059827547777,120.23059827547777
1556,na,7.260177739429174,120.23059827547777
1557,c,120.23059827547777,120.23059827547777
1558,c,22.904913504924163,32.44804439561439
1559,c,11.597129851380974,13.394086983644616
1560,t,120.23059827547777,120.23059827547777
1561,c,33.3949682154392,33.42333639899689
1562,c,120.23059827547777,120.23059827547777
1563,t,120.23059827547777,120.23059827547777
1564,t,120.23059827547777,120.23059827547777
1565,t,120.23059827547777,120.23059827547777
1566,c,120.23059827547777,120.23059827547777
1567,c,120.23059827547777,120.23059827547777
1568,t,120.23059827547777,120.23059827547777
1569,c,9.557113160444418,19.369632679081164
1570,c,19.27584810117369,23.326374196221035
1571,c,120.23059827547777,120.23059827547777
1572,c,120.23059827547777,120.23059827547777
1573,c,120.23059827547777,120.23059827547777
1574,t,120.23059827547777,120.23059827547777
1575,c,120.23059827547777,120.23059827547777
1576,c,48.90646170713398,49.114442777603
1577,c,58.14456816660997,60.15401560016109
1578,c,31.4599718072054,40.860715133452956
1579,c,9.61020876541094,120.23059827547777
1580,c,120.23059827547777,120.23059827547777
1581,c,120.23059827547777,120.23059827547777
1582,c,120.23059827547777,120.23059827547777
1583,t,120.23059827547777,120.23059827547777
1584,na,0,0.2316987420256952
1585,c,28.877207881296822,30.588097311195003
1586,c,39.37856438200457,44.55424337546667
1587,c,35.489919740606716,36.35524246783834
1588,c,120.23059827547777,120.23059827547777
1589,c,120.23059827547777,120.23059827547777
1590,c,15.273991838563774,16.125528701997553
1591,t,120.23059827547777,120.23059827547777
1592,c,35.14687947430545,35.25008293124285
1593,c,22.533256463132854,26.873408631620677
1594,c,120.23059827547777,120.23059827547777
1595,c,120.23059827547777,120.23059827547777
1596,c,44.986738387211446,49.758093440590784
1597,c,120.23059827547777,120.23059827547777
1598,t,120.23059827547777,120.23059827547777
1599,c,21.045998682070334,30.62417842606802
1600,c,120.23059827547777,120.23059827547777
1601,c,120.23059827547777,120.23059827547777
1602,c,31.306800565802938,46.85905157897711
1603,c,64.65530580177915,68.03970484246612
1604,t,120.23059827547777,120.23059827547777
1605,c,5.416021991097905,26.412073576716832
1606,t,120.23059827547777,120.23059827547777
1607,c,19.381071684138085,26.96582549205088
1608,c,46.90592450476965,53.3974111353596
1609,t,120.23059827547777,120.23059827547777
1610,c,120.23059827547777,120.23059827547777
1611,c,40.58518039176555,46.87153481280013
1612,t,120.23059827547777,120.23059827547777
1613,c,41.04865574905094,41.772950933470106
1614,c,120.23059827547777,120.23059827547777
1615,c,40.14469022839219,41.41752602434154
1616,c,38.64837220239307,41.804854300306616
1617,t,120.23059827547777,120.23059827547777
1618,c,120.23059827547777,120.23059827547777
1619,c,120.23059827547777,120.23059827547777
1620,c,120.23059827547777,120.23059827547777
1621,c,120.23059827547777,120.23059827547777
1622,c,9.463391732126789,10.126698077536444
1623,t,120.23059827547777,120.23059827547777
1624,c,54.45861892137794,55.59138700108942
1625,na,1.3704779498791002,8.22138807082087
1626,c,120.23059827547777,120.23059827547777
1627,c,16.937635745070406,43.07521319707476
1628,c,32.2584247702474,34.434191870106
1629,c,3.9108126936815655,3.9443562223153337
1630,c,20.413501666183095,29.496959810075825
1631,c,120.23059827547777,120.23059827547777
1632,c,120.23059827547777,120.23059827547777
1633,t,120.23059827547777,120.23059827547777
1634,c,28.13939812104987,44.611355497932344
1635,c,120.23059827547777,120.23059827547777
1636,c,5.6564332423979415,6.734349159013884
1637,t,120.23059827547777,120.23059827547777
1638,c,37.177120305731314,40.0932879330671
1639,c,120.23059827547777,120.23059827547777
1640,c,30.879657627698318,31.905307468696193
1641,c,12.239790091693068,20.502845174976024
1642,c,120.23059827547777,120.23059827547777
1643,c,22.58136625471162,27.293240712868663
1644,t,120.23059827547777,120.23059827547777
1645,c,120.23059827547777,120.23059827547777
1646,c,22.239447512128002,28.036592692865064
1647,c,120.23059827547777,120.23059827547777
1648,c,14.147882610864679,120.23059827547777
1649,c,120.23059827547777,120.23059827547777
1650,c,23.621245673642388,23.886438507687473
1651,c,120.23059827547777,120.23059827547777
1652,c,43.1015810972199,50.93430565709408
1653,t,120.23059827547777,120.23059827547777
1654,c,22.74896157034511,31.726842978522686
1655,c,120.23059827547777,120.23059827547777
1656,c,21.920085069910435,42.121889971350384
1657,c,120.23059827547777,120.23059827547777
1658,c,53.186401936521285,60.94623958298966
1659,c,36.57947164321573,44.37041791359788
1660,c,120.23059827547777,120.23059827547777
1661,c,120.23059827547777,120.23059827547777
1662,c,120.23059827547777,120.23059827547777
1663,c,120.23059827547777,120.23059827547777
1664,c,30.239365751889665,31.91942906888664
1665,c,120.23059827547777,120.23059827547777
1666,c,120.23059827547777,120.23059827547777
1667,c,3.8083423852713043,4.201197443683359
1668,c,30.3419916074422,35.87740027627357
1669,c,120.23059827547777,120.23059827547777
1670,t,120.23059827547777,120.23059827547777
1671,na,6.77715202968154,13.134640938043292
1672,c,120.23059827547777,120.23059827547777
1673,c,120.23059827547777,120.23059827547777
1674,c,120.23059827547777,120.23059827547777
1675,c,120.23059827547777,120.23059827547777
1676,c,34.71052816767943,40.05851823079466
1677,c,24.787155837668394,26.382267878221214
1678,c,120.23059827547777,120.23059827547777
1679,c,64.01318155570823,64.41803660629387
1680,t,120.23059827547777,120.23059827547777
1681,t,120.23059827547777,120.23059827547777
1682,t,120.23059827547777,120.23059827547777
1683,c,120.23059827547777,120.23059827547777
1684,c,120.23059827547777,120.23059827547777
1685,c,120.23059827547777,120.23059827547777
1686,c,120.23059827547777,120.23059827547777
1687,c,120.23059827547777,120.23059827547777
1688,t,120.23059827547777,120.23059827547777
1689,c,120.23059827547777,120.23059827547777
1690,c,120.23059827547777,120.23059827547777
1691,c,19.167436852418312,33.40208071319808
1692,c,120.23059827547777,120.23059827547777
1693,c,69.57566630504871,70.34519355164922
1694,na,0.15211761096275067,3.255698852310393
1695,c,36.198247868670975,42.18439525339943
1696,c,34.04239268090233,35.37869566327314
1697,c,20.556583322281995,30.476747583110814
1698,c,75.65405069853144,86.48301605558709
1699,c,120.23059827547777,120.23059827547777
1700,c,33.32546048661231,41.17237714985051
1701,c,120.23059827547777,120.23059827547777
1702,t,120.23059827547777,120.23059827547777
1703,c,120.23059827547777,120.23059827547777
1704,c,120.23059827547777,120.23059827547777
1705,c,120.23059827547777,120.23059827547777
1706,c,120.23059827547777,120.23059827547777
1707,c,120.23059827547777,120.23059827547777
1708,c,45.13036656906311,48.07344389302354
1709,c,10.137895005315707,15.906287582225248
1710,c,120.23059827547777,120.23059827547777
1711,c,120.23059827547777,120.23059827547777
1712,t,120.23059827547777,120.23059827547777
1713,c,27.397043909588746,28.62459667647551
1714,c,13.282795992720791,16.073356543304985
1715,c,35.21856497843788,36.681085557356454
1716,c,120.23059827547777,120.23059827547777
1717,c,120.23059827547777,120.23059827547777
1718,c,120.23059827547777,120.23059827547777
1719,t,120.23059827547777,120.23059827547777
1720,t,120.23059827547777,120.23059827547777
1721,t,120.23059827547777,120.23059827547777
1722,c,120.23059827547777,120.23059827547777
1723,c,120.23059827547777,120.23059827547777
1724,c,120.23059827547777,120.23059827547777
1725,c,120.23059827547777,120.23059827547777
1726,c,27.090823952702426,32.582657002306064
1727,t,120.23059827547777,120.23059827547777
1728,c,34.76474307482872,44.59861266380838
1729,c,18.18073926956169,29.372732503775676
1730,c,120.23059827547777,120.23059827547777
1731,c,120.23059827547777,120.23059827547777
1732,c,120.23059827547777,120.23059827547777
1733,c,64.1689218077756,66.49401829410621
1734,t,120.23059827547777,120.23059827547777
1735,t,120.23059827547777,120.23059827547777
1736,c,120.23059827547777,120.23059827547777
1737,c,120.23059827547777,120.23059827547777
1738,c,31.822677995208313,34.76323260904471
1739,c,120.23059827547777,120.23059827547777
1740,c,35.75956018834264,52.67003412971401
1741,t,120.23059827547777,120.23059827547777
1742,c,120.23059827547777,120.23059827547777
1743,c,120.23059827547777,120.23059827547777
1744,c,120.23059827547777,120.23059827547777
1745,c,21.51240387663325,23.956227583672483
1746,c,120.23059827547777,120.23059827547777
1747,c,64.33430595237157,65.71172430501208
1748,c,120.23059827547777,120.23059827547777
1749,c,64.13562841357997,70.33533926722102
1750,c,120.23059827547777,120.23059827547777
1751,c,120.23059827547777,120.23059827547777
1752,c,120.23059827547777,120.23059827547777
1753,t,120.23059827547777,120.23059827547777
1754,c,29.78192028852839,37.22404765625483
1755,c,120.23059827547777,120.23059827547777
1756,c,120.23059827547777,120.23059827547777
1757,t,120.23059827547777,120.23059827547777
1758,c,120.23059827547777,120.23059827547777
1759,c,4.102083085016262,4.679940536910331
1760,c,26.795852033687087,44.83688315762536
1761,t,120.23059827547777,120.23059827547777
1762,c,120.23059827547777,120.23059827547777
1763,na,0.8046855568358074,4.554215494448162
1764,c,120.23059827547777,120.23059827547777
1765,t,120.23059827547777,120.23059827547777
1766,c,6.46048529469734,7.884089375321073
1767,c,120.23059827547777,120.23059827547777
1768,t,120.23059827547777,120.23059827547777
1769,t,120.23059827547777,120.23059827547777
1770,c,19.246134990120787,20.440993677424313
1771,c,120.23059827547777,120.23059827547777
1772,c,57.265288446721236,59.80313219072791
1773,c,120.23059827547777,120.23059827547777
1774,c,120.23059827547777,120.23059827547777
1775,t,120.23059827547777,120.23059827547777
1776,c,120.23059827547777,120.23059827547777
1777,t,120.23059827547777,120.23059827547777
1778,c,120.23059827547777,120.23059827547777
1779,c,120.23059827547777,120.23059827547777
1780,c,22.109579630981415,22.707543853749236
1781,c,23.8924169414476,38.90056023973942
1782,c,61.81955575335646,64.48126144679327
1783,c,120.23059827547777,120.23059827547777
1784,c,11.921209720636146,13.829239754378495
1785,c,26.38636740072989,34.781317029910056
1786,c,120.23059827547777,120.23059827547777
1787,c,120.23059827547777,120.23059827547777
1788,c,120.23059827547777,120.23059827547777
1789,c,7.57124397575263,9.79967275902789
1790,c,10.392224201086988,13.312963830188957
1791,c,19.3695549056056,19.403326027287857
1792,c,25.955211252769796,120.23059827547777
1793,c,120.23059827547777,120.23059827547777
1794,c,120.23059827547777,120.23059827547777
1795,c,19.47715997575476,19.491910374886846
1796,c,22.1684403167093,25.335885357608408
1797,c,120.23059827547777,120.23059827547777
1798,c,120.23059827547777,120.23059827547777
1799,t,120.23059827547777,120.23059827547777
1800,c,25.854650710287835,34.17038003424488
1801,c,52.15579389692811,53.97780307432031
1802,c,22.27255245064598,28.692651605291672
1803,c,49.5012768325648,51.66968115944874
1804,c,120.23059827547777,120.23059827547777
1805,c,22.711817175431985,25.542810372857296
1806,c,48.12229712363168,52.107394500608365
1807,c,34.17670673358342,34.227466034752084
1808,na,2.3339401276170206,2.428434400400183
1809,t,120.23059827547777,120.23059827547777
1810,t,120.23059827547777,120.23059827547777
1811,t,120.23059827547777,120.23059827547777
1812,c,120.23059827547777,120.23059827547777
1813,c,30.89516977618724,38.34871459423586
1814,c,120.23059827547777,120.23059827547777
1815,c,31.275695917151342,120.23059827547777
1816,c,16.56706124602094,27.193905791337144
1817,c,120.23059827547777,120.23059827547777
1818,c,38.18835864534508,42.64479183592799
1819,c,27.717286900732432,28.81135502734893
1820,c,120.23059827547777,120.23059827547777
1821,c,17.157850781044107,23.38022716832976
1822,t,120.23059827547777,120.23059827547777
1823,c,33.68805031805757,43.77739202444568
1824,c,120.23059827547777,120.23059827547777
1825,c,120.23059827547777,120.23059827547777
1826,c,120.23059827547777,120.23059827547777
1827,c,120.23059827547777,120.23059827547777
1828,c,120.23059827547777,120.23059827547777
1829,t,120.23059827547777,120.23059827547777
1830,c,10.857590753394613,15.057620997838768
1831,c,120.23059827547777,120.23059827547777
1832,c,65.27802797831164,68.61131242862189
1833,c,35.62658254172346,38.28659019821106
1834,c,120.23059827547777,120.23059827547777
1835,c,120.23059827547777,120.23059827547777
1836,t,120.23059827547777,120.23059827547777
1837,c,120.23059827547777,120.23059827547777
1838,c,29.230861925452157,40.61460110741583
1839,c,120.23059827547777,120.23059827547777
1840,t,120.23059827547777,120.23059827547777
1841,c,21.266524054267105,23.993225429262928
1842,c,120.23059827547777,120.23059827547777
1843,c,37.93488719904566,38.91589510841166
1844,t,120.23059827547777,120.23059827547777
1845,t,120.23059827547777,120.23059827547777
1846,c,48.517376757289085,56.41595426477703
1847,t,120.23059827547777,120.23059827547777
1848,c,120.23059827547777,120.23059827547777
1849,c,120.23059827547777,120.23059827547777
1850,c,120.23059827547777,120.23059827547777
1851,na,7.717012588050104,9.716513108454853
1852,c,120.23059827547777,120.23059827547777
1853,c,120.23059827547777,120.23059827547777
1854,c,120.23059827547777,120.23059827547777
1855,t,120.23059827547777,120.23059827547777
1856,t,120.23059827547777,120.23059827547777
1857,c,15.450993389977878,15.542086045437394
1858,c,37.13570755267061,39.30850426122213
1859,c,120.23059827547777,120.23059827547777
1860,c,31.45116753951559,32.30558139746477
1861,c,28.336657622109982,35.52498610836962
1862,t,120.23059827547777,120.23059827547777
1863,c,83.15903682251246,84.57180746118745
1864,c,23.52623397939266,29.261493088176774
1865,c,11.669459686831827,15.588235859900387
1866,c,25.63828468864965,33.41370265591141
1867,c,120.23059827547777,120.23059827547777
1868,c,120.23059827547777,120.23059827547777
1869,c,120.23059827547777,120.23059827547777
1870,c,120.23059827547777,120.23059827547777
1871,c,120.23059827547777,120.23059827547777
1872,c,120.23059827547777,120.23059827547777
1873,t,120.23059827547777,120.23059827547777
1874,c,37.01223600132195,58.50149849940369
1875,c,120.23059827547777,120.23059827547777
1876,t,120.23059827547777,120.23059827547777
1877,c,62.50564666124385,63.620073493074145
1878,c,42.22132984628859,44.98518698035687
1879,na,0,6.607322075005561
1880,c,120.23059827547777,120.23059827547777
1881,t,120.23059827547777,120.23059827547777
1882,na,-1,0
1883,t,120.23059827547777,120.23059827547777
1884,c,31.660869386303812,40.163717806099164
1885,c,66.60239240586765,72.3013156281494
1886,c,120.23059827547777,120.23059827547777
1887,c,120.23059827547777,120.23059827547777
1888,c,120.23059827547777,120.23059827547777
1889,c,120.23059827547777,120.23059827547777
1890,c,120.23059827547777,120.23059827547777
1891,c,120.23059827547777,120.23059827547777
1892,c,43.68628673576034,44.044467517855395
1893,t,120.23059827547777,120.23059827547777
1894,c,120.23059827547777,120.23059827547777
1895,c,120.23059827547777,120.23059827547777
1896,c,120.23059827547777,120.23059827547777
1897,c,36.596663889661855,38.88051864874581
1898,t,120.23059827547777,120.23059827547777
1899,c,24.05644972311549,28.20610655548051
1900,t,120.23059827547777,120.23059827547777
1901,c,120.23059827547777,120.23059827547777
1902,c,120.23059827547777,120.23059827547777
1903,c,45.243286406395015,46.428706110680075
1904,c,17.33634641997898,19.712601762551905
1905,c,120.23059827547777,120.23059827547777
1906,c,120.23059827547777,120.23059827547777
1907,t,120.23059827547777,120.23059827547777
1908,c,120.23059827547777,120.23059827547777
1909,c,16.29559825364704,29.979494438872234
1910,c,120.23059827547777,120.23059827547777
1911,t,120.23059827547777,120.23059827547777
1912,c,15.656500918035178,18.211975379125857
1913,c,120.23059827547777,120.23059827547777
1914,c,43.086033621893975,44.1967483439285
1915,na,0,1.1354639941445797
1916,c,21.619948458196298,120.23059827547777
1917,c,120.23059827547777,120.23059827547777
1918,c,120.23059827547777,120.23059827547777
1919,c,120.23059827547777,120.23059827547777
1920,t,120.23059827547777,120.23059827547777
1921,c,15.664914852193647,120.23059827547777
1922,c,16.0914719799129,120.23059827547777
1923,c,17.750968634134647,120.23059827547777
1924,na,0,3.2226158270438123
1925,c,28.867889111373795,31.334192824920162
1926,c,120.23059827547777,120.23059827547777
1927,c,120.23059827547777,120.23059827547777
1928,c,120.23059827547777,120.23059827547777
1929,c,10.11091634864289,120.23059827547777
1930,t,120.23059827547777,120.23059827547777
1931,c,120.23059827547777,120.23059827547777
1932,c,120.23059827547777,120.23059827547777
1933,c,50.091573241983404,53.712942427502384
1934,c,120.23059827547777,120.23059827547777
1935,c,120.23059827547777,120.23059827547777
1936,c,120.23059827547777,120.23059827547777
1937,c,120.23059827547777,120.23059827547777
1938,t,120.23059827547777,120.23059827547777
1939,c,120.23059827547777,120.23059827547777
1940,c,120.23059827547777,120.23059827547777
1941,t,120.23059827547777,120.23059827547777
1942,c,120.23059827547777,120.23059827547777
1943,c,46.868309411793966,50.803083711523676
1944,c,24.354829610443865,24.58522343653738
1945,c,120.23059827547777,120.23059827547777
1946,c,29.687864949705702,35.637883847150064
1947,t,120.23059827547777,120.23059827547777
1948,c,120.23059827547777,120.23059827547777
1949,c,120.23059827547777,120.23059827547777
1950,t,120.23059827547777,120.23059827547777
1951,t,120.23059827547777,120.23059827547777
1952,c,120.23059827547777,120.23059827547777
1953,c,22.910182992373855,28.029382687307447
1954,c,10.341440344810243,12.719201260129626
1955,c,120.23059827547777,120.23059827547777
1956,t,120.23059827547777,120.23059827547777
1957,c,120.23059827547777,120.23059827547777
1958,t,120.23059827547777,120.23059827547777
1959,c,120.23059827547777,120.23059827547777
1960,c,120.23059827547777,120.23059827547777
1961,c,25.80301124278578,27.811574206738864
1962,c,120.23059827547777,120.23059827547777
1963,c,120.23059827547777,120.23059827547777
1964,c,2.9095513573094376,3.6476199431204344
1965,c,120.23059827547777,120.23059827547777
1966,c,120.23059827547777,120.23059827547777
1967,c,60.245342199185124,120.23059827547777
1968,c,23.330574677826984,27.961036020517717
1969,c,38.088649801882,38.21848185728488
1970,na,12.037323078547423,12.680388409076631
1971,c,120.23059827547777,120.23059827547777
1972,c,120.23059827547777,120.23059827547777
1973,na,0,19.16228784826414
1974,c,120.23059827547777,120.23059827547777
1975,c,17.13879482033186,20.59574510571781
1976,na,1.7636437597895838,2.8002057061001704
1977,c,120.23059827547777,120.23059827547777
1978,t,120.23059827547777,120.23059827547777
1979,t,120.23059827547777,120.23059827547777
1980,c,40.39016890571774,49.054005898188336
1981,c,120.23059827547777,120.23059827547777
1982,c,21.290422343957506,23.054426403186483
1983,c,120.23059827547777,120.23059827547777
1984,c,120.23059827547777,120.23059827547777
1985,c,120.23059827547777,120.23059827547777
1986,c,31.506371550339523,33.096218666001164
1987,c,120.23059827547777,120.23059827547777
1988,c,120.23059827547777,120.23059827547777
1989,c,32.76111704817653,32.80356482972126
1990,c,120.23059827547777,120.23059827547777
1991,c,30.11118026887638,33.38460026368927
1992,t,120.23059827547777,120.23059827547777
1993,c,9.647768885186615,120.23059827547777
1994,c,16.072068283659064,16.556040460406624
1995,c,120.23059827547777,120.23059827547777
1996,c,120.23059827547777,120.23059827547777
1997,na,-1,0
1998,t,120.23059827547777,120.23059827547777
1999,c,35.2826464593566,37.33488709756242
2000,t,120.23059827547777,120.23059827547777
2001,c,23.91761770028677,25.235451104418782
2002,t,120.23059827547777,120.23059827547777
2003,c,39.770176328682126,40.378339264649625
2004,t,120.23059827547777,120.23059827547777
2005,c,45.73892839835802,57.409376424032615
2006,c,32.92372785331175,120.23059827547777
2007,t,120.23059827547777,120.23059827547777
2008,t,120.23059827547777,120.23059827547777
2009,c,120.23059827547777,120.23059827547777
2010,c,17.208689953358572,18.12667384908063
2011,c,120.23059827547777,120.23059827547777
2012,t,120.23059827547777,120.23059827547777
2013,c,1.289760858234271,11.848988615884833
2014,c,18.68146468981282,19.604048010683773
2015,c,120.23059827547777,120.23059827547777
2016,c,120.23059827547777,120.23059827547777
2017,c,120.23059827547777,120.23059827547777
2018,c,27.058466211880173,28.228956891480756
2019,c,120.23059827547777,120.23059827547777
2020,t,120.23059827547777,120.23059827547777
2021,c,25.523025028957633,30.69627077244279
2022,c,7.681154080343348,12.700414203083811
2023,c,13.613191698933049,17.546669572763147
2024,c,120.23059827547777,120.23059827547777
2025,t,120.23059827547777,120.23059827547777
2026,t,120.23059827547777,120.23059827547777
2027,c,120.23059827547777,120.23059827547777
2028,t,120.23059827547777,120.23059827547777
2029,t,120.23059827547777,120.23059827547777
2030,c,29.86370498323337,30.29352084105302
2031,c,120.23059827547777,120.23059827547777
2032,c,22.132287012940687,25.424078292356125
2033,c,120.23059827547777,120.23059827547777
2034,c,120.23059827547777,120.23059827547777
2035,c,120.23059827547777,120.23059827547777
2036,t,120.23059827547777,120.23059827547777
2037,c,15.310205363148135,18.25086236588392
2038,c,40.74859085277947,41.94772924256031
2039,c,19.60106459143812,20.406334993509617
2040,c,120.23059827547777,120.23059827547777
2041,c,120.23059827547777,120.23059827547777
2042,c,120.23059827547777,120.23059827547777
2043,c,120.23059827547777,120.23059827547777
2044,c,120.23059827547777,120.23059827547777
2045,c,52.983476416203374,56.154172643131965
2046,c,27.363586829616963,28.331204630595064
2047,c,31.11348600172747,31.924122008127434
2048,c,120.23059827547777,120.23059827547777
2049,c,28.995791027119576,34.02243525020271
2050,t,120.23059827547777,120.23059827547777
2051,c,120.23059827547777,120.23059827547777
2052,c,14.180090261460592,17.827395715339467
2053,c,28.230725896970114,35.48907105438678
2054,c,14.60000766976416,19.010306811975475
2055,c,27.054219449519177,27.87221191514702
2056,t,120.23059827547777,120.23059827547777
2057,c,120.23059827547777,120.23059827547777
2058,c,29.983231094266824,33.617122488321655
2059,c,120.23059827547777,120.23059827547777
2060,c,120.23059827547777,120.23059827547777
2061,c,29.058595586125143,33.612507638683624
2062,c,120.23059827547777,120.23059827547777
2063,c,41.457797570428205,47.429888088395444
2064,na,0,3.389676105804815
2065,t,120.23059827547777,120.23059827547777
2066,c,15.714706701849787,17.561666737612914
2067,t,120.23059827547777,120.23059827547777
2068,c,20.387669607675218,25.04171774524115
2069,c,38.62959390363598,42.851653052626624
2070,c,120.23059827547777,120.23059827547777
2071,c,120.23059827547777,120.23059827547777
2072,t,120.23059827547777,120.23059827547777
2073,c,54.78412286944058,57.97827539412104
2074,t,120.23059827547777,120.23059827547777
2075,c,9.320545901971135,10.123568876534417
2076,c,9.912711021200018,13.452737423166354
2077,c,45.69002576495125,120.23059827547777
2078,c,120.23059827547777,120.23059827547777
2079,c,20.633553507245658,21.126387254417544
2080,c,120.23059827547777,120.23059827547777
2081,c,29.4478259472424,34.01294290238903
2082,c,120.23059827547777,120.23059827547777
2083,t,120.23059827547777,120.23059827547777
2084,t,120.23059827547777,120.23059827547777
2085,t,120.23059827547777,120.23059827547777
2086,c,120.23059827547777,120.23059827547777
2087,c,120.23059827547777,120.23059827547777
2088,c,120.23059827547777,120.23059827547777
2089,c,2.79743339886371,6.186622034530166
2090,c,120.23059827547777,120.23059827547777
2091,t,120.23059827547777,120.23059827547777
2092,t,120.23059827547777,120.23059827547777
2093,c,120.23059827547777,120.23059827547777
2094,t,120.23059827547777,120.23059827547777
2095,c,41.09160243906537,41.387399133213535
2096,c,120.23059827547777,120.23059827547777
2097,c,120.23059827547777,120.23059827547777
2098,c,120.23059827547777,120.23059827547777
2099,c,120.23059827547777,120.23059827547777
2100,c,120.23059827547777,120.23059827547777
2101,c,120.23059827547777,120.23059827547777
2102,t,120.23059827547777,120.23059827547777
2103,c,50.29992593781232,51.13816936709683
2104,t,120.23059827547777,120.23059827547777
2105,c,120.23059827547777,120.23059827547777
2106,c,20.89992821038074,21.239730004630548
2107,c,120.23059827547777,120.23059827547777
2108,t,120.23059827547777,120.23059827547777
2109,t,120.23059827547777,120.23059827547777
2110,c,120.23059827547777,120.23059827547777
2111,t,120.23059827547777,120.23059827547777
2112,c,48.20265588190198,57.92685197769304
2113,t,120.23059827547777,120.23059827547777
2114,c,120.23059827547777,120.23059827547777
2115,c,74.9910500925177,75.95549789712632
2116,c,25.79223323517242,28.465540424485475
2117,c,120.23059827547777,120.23059827547777
2118,c,120.23059827547777,120.23059827547777
2119,na,0.23790658412235446,6.66118320268853
2120,c,120.23059827547777,120.23059827547777
2121,c,28.942887982284983,39.450252783221956
2122,c,120.23059827547777,120.23059827547777
2123,na,6.71597140605759,120.23059827547777
2124,t,120.23059827547777,120.23059827547777
2125,c,120.23059827547777,120.23059827547777
2126,c,36.53590493647853,38.175004760344144
2127,c,120.23059827547777,120.23059827547777
2128,c,13.508957091027948,22.170739605023616
2129,c,120.23059827547777,120.23059827547777
2130,c,120.23059827547777,120.23059827547777
2131,c,120.23059827547777,120.23059827547777
2132,c,120.23059827547777,120.23059827547777
2133,c,120.23059827547777,120.23059827547777
2134,c,27.719367699671054,30.127819223659735
2135,na,1.0366756517868911,10.103853297822251
2136,c,120.23059827547777,120.23059827547777
2137,c,120.23059827547777,120.23059827547777
2138,c,9.088197123812861,10.221388651451743
2139,c,75.73763639048502,79.053657184471
2140,c,120.23059827547777,120.23059827547777
2141,c,49.23803813351999,59.1060146879315
2142,c,120.23059827547777,120.23059827547777
2143,c,15.709036747698782,15.863075581800999
2144,c,24.53157078759127,120.23059827547777
2145,c,120.23059827547777,120.23059827547777
2146,c,22.173388809778377,22.50267482237878
2147,c,120.23059827547777,120.23059827547777
2148,t,120.23059827547777,120.23059827547777
2149,c,120.23059827547777,120.23059827547777
2150,c,18.24421032087181,20.44744924676122
2151,c,120.23059827547777,120.23059827547777
2152,t,120.23059827547777,120.23059827547777
2153,c,27.729008682775923,29.728671951671643
2154,c,33.270802094800565,35.27393073937794
2155,na,0,6.315651310632385
2156,c,19.84852885277658,28.01002207815488
2157,c,120.23059827547777,120.23059827547777
2158,c,38.97291385766377,120.23059827547777
2159,c,120.23059827547777,120.23059827547777
2160,c,41.2177791735131,48.70929001828294
2161,c,120.23059827547777,120.23059827547777
2162,t,120.23059827547777,120.23059827547777
2163,c,31.426629911338892,120.23059827547777
2164,c,120.23059827547777,120.23059827547777
2165,c,120.23059827547777,120.23059827547777
2166,c,1.67294231271852,3.2581143811004187
2167,c,44.94941437507614,120.23059827547777
2168,c,120.23059827547777,120.23059827547777
2169,c,120.23059827547777,120.23059827547777
2170,c,120.23059827547777,120.23059827547777
2171,c,14.124165623809224,18.277975312399022
2172,c,120.23059827547777,120.23059827547777
2173,t,120.23059827547777,120.23059827547777
2174,c,120.23059827547777,120.23059827547777
2175,c,120.23059827547777,120.23059827547777
2176,t,120.23059827547777,120.23059827547777
2177,t,120.23059827547777,120.23059827547777
2178,t,120.23059827547777,120.23059827547777
2179,c,26.904031039088085,28.720800489769747
2180,c,120.23059827547777,120.23059827547777
2181,c,19.3415450737607,24.597196773619295
2182,c,120.23059827547777,120.23059827547777
2183,c,120.23059827547777,120.23059827547777
2184,t,120.23059827547777,120.23059827547777
2185,c,120.23059827547777,120.23059827547777
2186,c,120.23059827547777,120.23059827547777
2187,c,29.277071997493355,30.85293459700663
2188,t,120.23059827547777,120.23059827547777
2189,c,29.340018665549135,44.969094603485466
2190,c,120.23059827547777,120.23059827547777
2191,c,51.42634328769281,54.177319526813946
2192,c,120.23059827547777,120.23059827547777
2193,na,11.24245292943644,16.91379903411013
2194,c,120.23059827547777,120.23059827547777
2195,t,120.23059827547777,120.23059827547777
2196,na,0.4954178153018876,120.23059827547777
2197,t,120.23059827547777,120.23059827547777
2198,t,120.23059827547777,120.23059827547777
2199,c,120.23059827547777,120.23059827547777
2200,c,55.096579590782355,58.65680677778868
2201,c,120.23059827547777,120.23059827547777
2202,c,120.23059827547777,120.23059827547777
2203,c,120.23059827547777,120.23059827547777
2204,c,29.64359320451244,33.03286907465513
2205,c,26.40967767549172,27.376723942476318
2206,c,120.23059827547777,120.23059827547777
2207,c,25.307466028785147,27.203746879381914
2208,t,120.23059827547777,120.23059827547777
2209,c,22.979271556468735,29.286629304713856
2210,c,24.630619584163135,28.87682086493896
2211,c,41.986981292090505,43.06544887430356
2212,c,7.53146511453276,10.085031178955486
2213,t,120.23059827547777,120.23059827547777
2214,c,18.799988089479125,21.99345421863994
2215,t,120.23059827547777,120.23059827547777
2216,c,120.23059827547777,120.23059827547777
2217,c,120.23059827547777,120.23059827547777
2218,c,120.23059827547777,120.23059827547777
2219,c,120.23059827547777,120.23059827547777
2220,c,120.23059827547777,120.23059827547777
2221,c,120.23059827547777,120.23059827547777
2222,t,120.23059827547777,120.23059827547777
2223,t,120.23059827547777,120.23059827547777
2224,c,30.591201560448237,31.735278584165297
2225,c,27.930672762516146,32.487915170725834
2226,c,22.358322987920058,23.144620439348383
2227,c,120.23059827547777,120.23059827547777
2228,c,120.23059827547777,120.23059827547777
2229,t,120.23059827547777,120.23059827547777
2230,t,120.23059827547777,120.23059827547777
2231,t,120.23059827547777,120.23059827547777
2232,c,120.23059827547777,120.23059827547777
2233,c,120.23059827547777,120.23059827547777
2234,c,120.23059827547777,120.23059827547777
2235,c,120.23059827547777,120.23059827547777
2236,c,16.109627522147818,18.873107033336687
2237,t,120.23059827547777,120.23059827547777
2238,c,29.451262641238706,120.23059827547777
2239,c,29.634036547199013,32.523113295319945
2240,c,120.23059827547777,120.23059827547777
2241,c,120.23059827547777,120.23059827547777
2242,c,120.23059827547777,120.23059827547777
2243,c,30.26007555430254,33.50842377219924
2244,t,120.23059827547777,120.23059827547777
2245,c,120.23059827547777,120.23059827547777
2246,c,31.848173835807078,51.428019580104504
2247,c,120.23059827547777,120.23059827547777
2248,c,120.23059827547777,120.23059827547777
2249,c,120.23059827547777,120.23059827547777
2250,c,120.23059827547777,120.23059827547777
2251,c,120.23059827547777,120.23059827547777
2252,c,72.67986704625544,78.80763933229889
2253,c,120.23059827547777,120.23059827547777
2254,c,120.23059827547777,120.23059827547777
2255,c,42.99481945160026,43.98473629480851
2256,c,120.23059827547777,120.23059827547777
2257,na,120.23059827547777,120.23059827547777
2258,c,42.6232177031387,120.23059827547777
2259,t,120.23059827547777,120.23059827547777
2260,t,120.23059827547777,120.23059827547777
2261,c,120.23059827547777,120.23059827547777
2262,c,120.23059827547777,120.23059827547777
2263,c,120.23059827547777,120.23059827547777
2264,c,120.23059827547777,120.23059827547777
2265,t,120.23059827547777,120.23059827547777
2266,c,120.23059827547777,120.23059827547777
2267,c,120.23059827547777,120.23059827547777
2268,t,120.23059827547777,120.23059827547777
2269,t,120.23059827547777,120.23059827547777
2270,c,120.23059827547777,120.23059827547777
2271,t,120.23059827547777,120.23059827547777
2272,c,39.73487380467315,40.78434365112243
2273,c,120.23059827547777,120.23059827547777
2274,c,120.23059827547777,120.23059827547777
2275,c,7.644599587475264,16.639115629313526
2276,c,120.23059827547777,120.23059827547777
2277,c,3.127946062405642,9.395862763323567
2278,c,13.705054936351008,15.753656363969691
2279,c,120.23059827547777,120.23059827547777
2280,c,120.23059827547777,120.23059827547777
2281,c,24.64873184313922,29.19141113266619
2282,c,25.57382320499431,35.089917252905046
2283,c,30.517544085198917,34.041148942582446
2284,c,120.23059827547777,120.23059827547777
2285,t,120.23059827547777,120.23059827547777
2286,c,48.67662480867071,55.96860699745627
2287,c,28.340251510905784,120.23059827547777
2288,c,120.23059827547777,120.23059827547777
2289,t,120.23059827547777,120.23059827547777
2290,c,120.23059827547777,120.23059827547777
2291,c,120.23059827547777,120.23059827547777
2292,c,5.568127654923249,7.469928057971036
2293,t,120.23059827547777,120.23059827547777
2294,c,120.23059827547777,120.23059827547777
2295,c,53.85431932893395,120.23059827547777
2296,c,59.65271885702838,61.77372897956076
2297,c,120.23059827547777,120.23059827547777
2298,na,-1,0
2299,c,120.23059827547777,120.23059827547777
2300,t,120.23059827547777,120.23059827547777
2301,c,16.699304757242636,120.23059827547777
2302,c,19.233655471973627,120.23059827547777
2303,c,10.046499798440179,17.794640223530706
2304,c,120.23059827547777,120.23059827547777
2305,t,120.23059827547777,120.23059827547777
2306,c,41.329318201675,43.166691083541004
2307,t,120.23059827547777,120.23059827547777
2308,t,120.23059827547777,120.23059827547777
2309,c,120.23059827547777,120.23059827547777
2310,c,31.095913886449715,32.69271035592094
2311,c,120.23059827547777,120.23059827547777
2312,c,120.23059827547777,120.23059827547777
2313,c,36.64637544036973,46.644027681934176
2314,c,120.23059827547777,120.23059827547777
2315,c,5.892435139127736,8.327487389813166
2316,c,120.23059827547777,120.23059827547777
2317,c,31.119339961032892,53.68044645467378
2318,c,120.23059827547777,120.23059827547777
2319,t,120.23059827547777,120.23059827547777
2320,c,120.23059827547777,120.23059827547777
2321,t,120.23059827547777,120.23059827547777
2322,c,30.204899976545533,31.54825296442912
2323,c,120.23059827547777,120.23059827547777
2324,c,120.23059827547777,120.23059827547777
2325,t,120.23059827547777,120.23059827547777
2326,c,21.997901089374608,24.087054800191737
2327,t,120.23059827547777,120.23059827547777
2328,t,120.23059827547777,120.23059827547777
2329,c,120.23059827547777,120.23059827547777
2330,t,120.23059827547777,120.23059827547777
2331,t,120.23059827547777,120.23059827547777
2332,c,120.23059827547777,120.23059827547777
2333,t,120.23059827547777,120.23059827547777
2334,c,32.55537279031975,120.23059827547777
2335,c,120.23059827547777,120.23059827547777
2336,c,42.74558459576084,44.52282123419299
2337,c,19.093893485626417,23.27985015967171
2338,t,120.23059827547777,120.23059827547777
2339,c,120.23059827547777,120.23059827547777
2340,c,120.23059827547777,120.23059827547777
2341,t,120.23059827547777,120.23059827547777
2342,t,120.23059827547777,120.23059827547777
2343,c,120.23059827547777,120.23059827547777
2344,c,120.23059827547777,120.23059827547777
2345,c,27.655568452527458,28.485672187764425
2346,c,21.538792296944774,25.421963533025142
2347,t,120.23059827547777,120.23059827547777
2348,c,120.23059827547777,120.23059827547777
2349,c,7.274668658964466,7.407168626059444
2350,t,120.23059827547777,120.23059827547777
2351,c,34.2967123339962,34.725710185725724
2352,c,26.87478909016647,28.937930470561188
2353,c,20.408962739097294,24.092911266848006
2354,c,3.111014459456672,8.62087029883338
2355,c,15.120505032283404,16.828056913869716
2356,c,14.902806346880975,16.229690981963692
2357,c,120.23059827547777,120.23059827547777
2358,c,23.422431325118406,30.88049698778601
2359,c,120.23059827547777,120.23059827547777
2360,c,120.23059827547777,120.23059827547777
2361,c,70.28559242071539,72.98592958270287
2362,c,28.99738879052789,30.72007245667604
2363,t,120.23059827547777,120.23059827547777
2364,c,120.23059827547777,120.23059827547777
2365,c,120.23059827547777,120.23059827547777
2366,c,120.23059827547777,120.23059827547777
2367,c,120.23059827547777,120.23059827547777
2368,c,19.027389956504177,21.350618072364163
2369,t,120.23059827547777,120.23059827547777
2370,c,6.420027136575739,16.860080526359997
2371,c,120.23059827547777,120.23059827547777
2372,c,120.23059827547777,120.23059827547777
2373,c,16.068879016190976,18.12268444584835
2374,c,46.40822079364447,51.217799207208856
2375,c,120.23059827547777,120.23059827547777
2376,c,120.23059827547777,120.23059827547777
2377,c,42.60216803972677,47.06060376497967
2378,t,120.23059827547777,120.23059827547777
2379,t,120.23059827547777,120.23059827547777
2380,c,120.23059827547777,120.23059827547777
2381,t,120.23059827547777,120.23059827547777
2382,t,120.23059827547777,120.23059827547777
2383,c,78.31683165263945,78.86699870430141
2384,c,120.23059827547777,120.23059827547777
2385,c,27.26332386064155,120.23059827547777
2386,na,-1,0
2387,t,120.23059827547777,120.23059827547777
2388,c,8.973777265583312,12.277961630583055
2389,c,31.05035169970587,35.82338461787311
2390,c,28.2475251723177,35.65679659359021
2391,c,120.23059827547777,120.23059827547777
2392,c,26.414312983308655,35.17062089194003
2393,c,14.854943518387364,19.561871140539868
2394,t,120.23059827547777,120.23059827547777
2395,c,120.23059827547777,120.23059827547777
2396,c,120.23059827547777,120.23059827547777
2397,c,57.659669980025775,65.71780886925977
2398,c,35.43284723624524,40.452459717099124
2399,c,120.23059827547777,120.23059827547777
2400,c,27.876802309563246,40.45652875204628
2401,c,18.929326867286534,23.04925607135014
2402,c,13.390964531819108,20.42644507159297
2403,c,120.23059827547777,120.23059827547777
2404,c,9.890892774036978,11.725357871786624
2405,c,120.23059827547777,120.23059827547777
2406,c,21.29689641451268,23.525013102518248
2407,c,120.23059827547777,120.23059827547777
2408,na,0,10.844930682719392
2409,t,120.23059827547777,120.23059827547777
2410,c,120.23059827547777,120.23059827547777
2411,c,56.67994265170527,57.44892844240219
2412,c,120.23059827547777,120.23059827547777
2413,c,28.19065634555301,29.231901048743033
2414,t,120.23059827547777,120.23059827547777
2415,c,55.39577639825057,58.13481222544304
2416,t,120.23059827547777,120.23059827547777
2417,t,120.23059827547777,120.23059827547777
2418,c,40.64670323130206,120.23059827547777
2419,t,120.23059827547777,120.23059827547777
2420,t,120.23059827547777,120.23059827547777
2421,c,15.165732553751257,19.75146574205511
2422,c,42.5490930339233,44.15658316292264
2423,c,0.49618641120758084,1.6837638443287382
2424,t,120.23059827547777,120.23059827547777
2425,c,120.23059827547777,120.23059827547777
2426,c,30.13769448967192,35.77787569262784
2427,c,120.23059827547777,120.23059827547777
2428,c,13.113166988687398,14.681621152039428
2429,c,18.43142310560763,27.890183901090648
2430,na,0,1.0202927028834865
2431,c,120.23059827547777,120.23059827547777
2432,c,28.540996745153947,29.466746521333842
2433,c,120.23059827547777,120.23059827547777
2434,c,120.23059827547777,120.23059827547777
2435,c,120.23059827547777,120.23059827547777
2436,c,22.885685267646974,24.261426271610027
2437,c,49.01962942094272,50.13256345780247
2438,c,24.1049223595335,26.90145319281892
2439,c,120.23059827547777,120.23059827547777
2440,c,31.249113301661428,33.727814142373745
2441,c,120.23059827547777,120.23059827547777
2442,c,120.23059827547777,120.23059827547777
2443,c,120.23059827547777,120.23059827547777
2444,c,120.23059827547777,120.23059827547777
2445,t,120.23059827547777,120.23059827547777
2446,c,49.77145041691551,57.283051995219466
2447,c,120.23059827547777,120.23059827547777
2448,c,120.23059827547777,120.23059827547777
2449,t,120.23059827547777,120.23059827547777
2450,t,120.23059827547777,120.23059827547777
2451,c,120.23059827547777,120.23059827547777
2452,c,10.767540916317506,11.858006010211385
2453,c,39.34834543602265,41.20193850039984
2454,c,38.38689218363303,55.25744601109461
2455,c,120.23059827547777,120.23059827547777
2456,c,44.76985281751394,49.59845345454053
2457,c,29.007325978285532,33.51038436320179
2458,t,120.23059827547777,120.23059827547777
2459,c,120.23059827547777,120.23059827547777
2460,t,120.23059827547777,120.23059827547777
2461,c,37.42505482722056,41.02766249763671
2462,t,120.23059827547777,120.23059827547777
2463,c,42.331941339339835,48.04041740905633
2464,c,120.23059827547777,120.23059827547777
2465,c,17.64559658921252,25.170816075695207
2466,c,14.831854510363735,21.39425340855485
2467,c,120.23059827547777,120.23059827547777
2468,c,2.5413391299350754,3.78047581425289
2469,c,120.23059827547777,120.23059827547777
2470,c,120.23059827547777,120.23059827547777
2471,c,120.23059827547777,120.23059827547777
2472,c,120.23059827547777,120.23059827547777
2473,c,120.23059827547777,120.23059827547777
2474,c,120.23059827547777,120.23059827547777
2475,c,120.23059827547777,120.23059827547777
2476,c,58.33049727044512,62.372251755365546
2477,t,120.23059827547777,120.23059827547777
2478,t,120.23059827547777,120.23059827547777
2479,c,64.04640406765476,74.74931003522691
2480,c,28.735246056988096,30.070336184956723
2481,c,25.43621637623139,26.999307669901675
2482,c,21.87923211829549,34.81846644874955
2483,c,120.23059827547777,120.23059827547777
2484,c,20.84463057068577,27.549445371935505
2485,c,120.23059827547777,120.23059827547777
2486,c,16.564294973565232,25.80381436468707
2487,c,49.64217019413972,51.497810172431016
2488,c,35.48715809758712,37.369630553048765
2489,c,48.34006828462948,55.98554761284049
2490,c,81.02129772645874,81.59158182866264
2491,c,9.54023777513324,11.887586448423667
2492,c,120.23059827547777,120.23059827547777
2493,c,39.27304952560955,42.603216058510284
2494,c,120.23059827547777,120.23059827547777
2495,c,26.924618199203746,29.816018710054028
2496,t,120.23059827547777,120.23059827547777
2497,c,31.641960572281214,31.773142184881635
2498,c,120.23059827547777,120.23059827547777
2499,c,120.23059827547777,120.23059827547777
2500,t,120.23059827547777,120.23059827547777
2501,c,120.23059827547777,120.23059827547777
2502,c,33.86230862539973,38.46490936528065
2503,c,120.23059827547777,120.23059827547777
2504,c,42.87253026217335,46.94714130288267
2505,t,120.23059827547777,120.23059827547777
2506,c,120.23059827547777,120.23059827547777
2507,c,33.22283337825556,35.46663152285681
2508,c,3.625805132470554,120.23059827547777
2509,c,20.463363660344772,29.67646776231024
2510,c,120.23059827547777,120.23059827547777
2511,c,120.23059827547777,120.23059827547777
2512,c,13.560799192447954,14.608758332710376
2513,c,3.8281044280600627,5.626592914075109
2514,c,31.260576946310483,32.169214557691674
2515,c,35.20989744619994,41.06082549112515
2516,t,120.23059827547777,120.23059827547777
2517,c,29.46787237243528,37.94901801976981
2518,t,120.23059827547777,120.23059827547777
2519,c,120.23059827547777,120.23059827547777
2520,c,120.23059827547777,120.23059827547777
2521,c,19.291238352646666,20.58301251471186
2522,t,120.23059827547777,120.23059827547777
2523,t,120.23059827547777,120.23059827547777
2524,c,9.974002596832971,25.15708611744883
2525,c,43.26129215458768,57.578859201958736
2526,c,24.017916784541963,41.78316007902818
2527,c,120.23059827547777,120.23059827547777
2528,c,120.23059827547777,120.23059827547777
2529,c,120.23059827547777,120.23059827547777
2530,t,120.23059827547777,120.23059827547777
2531,c,21.164270051944982,24.95003220963574
2532,c,120.23059827547777,120.23059827547777
2533,c,120.23059827547777,120.23059827547777
2534,c,70.71315655082223,81.84992064884838
2535,c,43.76947170016381,50.802146645637926
2536,t,120.23059827547777,120.23059827547777
2537,c,120.23059827547777,120.23059827547777
2538,c,120.23059827547777,120.23059827547777
2539,t,120.23059827547777,120.23059827547777
2540,na,0.08417658858972836,0.26273844702041066
2541,t,120.23059827547777,120.23059827547777
2542,c,120.23059827547777,120.23059827547777
2543,c,120.23059827547777,120.23059827547777
2544,t,120.23059827547777,120.23059827547777
2545,c,120.23059827547777,120.23059827547777
2546,c,120.23059827547777,120.23059827547777
2547,na,0.6402189870800737,4.0069402496427955
2548,c,120.23059827547777,120.23059827547777
2549,c,120.23059827547777,120.23059827547777
2550,c,52.46133022787544,59.71533612568105
2551,c,120.23059827547777,120.23059827547777
2552,c,18.701209277228983,19.346308045624106
2553,c,120.23059827547777,120.23059827547777
2554,t,120.23059827547777,120.23059827547777
2555,c,51.50238809616552,66.13443616751796
2556,c,16.13927471858306,22.483982901502237
2557,c,53.87411099143319,57.54087918217164
2558,c,47.74104123275115,51.09854556014095
2559,c,75.9213884328285,76.1186497163955
2560,c,120.23059827547777,120.23059827547777
2561,t,120.23059827547777,120.23059827547777
2562,na,0,9.40357682972295
2563,c,120.23059827547777,120.23059827547777
2564,c,120.23059827547777,120.23059827547777
2565,t,120.23059827547777,120.23059827547777
2566,t,120.23059827547777,120.23059827547777
2567,c,14.412650010008454,27.667033661253946
2568,c,120.23059827547777,120.23059827547777
2569,c,120.23059827547777,120.23059827547777
2570,c,120.23059827547777,120.23059827547777
2571,t,120.23059827547777,120.23059827547777
2572,c,120.23059827547777,120.23059827547777
2573,c,9.068992067995026,11.462902539574863
2574,na,-1,0
2575,c,120.23059827547777,120.23059827547777
2576,c,120.23059827547777,120.23059827547777
2577,t,120.23059827547777,120.23059827547777
2578,t,120.23059827547777,120.23059827547777
2579,na,0,2.643395541550768
2580,c,7.576846778496002,9.986208787255004
2581,c,55.345567207352225,56.57237588501688
2582,c,120.23059827547777,120.23059827547777
2583,t,120.23059827547777,120.23059827547777
2584,c,41.1820462977583,43.31775276114315
2585,c,120.23059827547777,120.23059827547777
2586,c,120.23059827547777,120.23059827547777
2587,c,64.70801692432151,65.63666696630244
2588,c,120.23059827547777,120.23059827547777
2589,c,120.23059827547777,120.23059827547777
2590,c,120.23059827547777,120.23059827547777
2591,c,120.23059827547777,120.23059827547777
2592,t,120.23059827547777,120.23059827547777
2593,c,120.23059827547777,120.23059827547777
2594,c,120.23059827547777,120.23059827547777
2595,c,120.23059827547777,120.23059827547777
2596,t,120.23059827547777,120.23059827547777
2597,c,120.23059827547777,120.23059827547777
2598,c,120.23059827547777,120.23059827547777
2599,t,120.23059827547777,120.23059827547777
2600,na,-1,0
2601,t,120.23059827547777,120.23059827547777
2602,c,120.23059827547777,120.23059827547777
2603,c,12.171239357371507,12.212730161147451
2604,c,120.23059827547777,120.23059827547777
2605,c,120.23059827547777,120.23059827547777
2606,c,21.43595201565945,23.3818457481008
2607,c,120.23059827547777,120.23059827547777
2608,t,120.23059827547777,120.23059827547777
2609,c,120.23059827547777,120.23059827547777
2610,c,120.23059827547777,120.23059827547777
2611,t,120.23059827547777,120.23059827547777
2612,t,120.23059827547777,120.23059827547777
2613,na,0,0.7449207416604137
2614,t,120.23059827547777,120.23059827547777
2615,c,61.34388758465696,62.644861974961806
2616,t,120.23059827547777,120.23059827547777
2617,c,120.23059827547777,120.23059827547777
2618,t,120.23059827547777,120.23059827547777
2619,c,120.23059827547777,120.23059827547777
2620,na,1.1664129628015107,2.3405429750496616
2621,c,27.629493396445625,27.9450366279963
2622,t,120.23059827547777,120.23059827547777
2623,c,33.26695504197202,33.7825838516248
2624,c,42.29058767023563,45.08375825252626
2625,t,120.23059827547777,120.23059827547777
2626,c,120.23059827547777,120.23059827547777
2627,c,120.23059827547777,120.23059827547777
2628,c,36.768812623181695,38.39674831230401
2629,c,120.23059827547777,120.23059827547777
2630,c,62.29440231698983,65.05640158318879
2631,c,28.990893690506425,43.08239060255354
2632,c,120.23059827547777,120.23059827547777
2633,c,8.044960888064448,10.697030530827023
2634,c,120.23059827547777,120.23059827547777
2635,c,120.23059827547777,120.23059827547777
2636,t,120.23059827547777,120.23059827547777
2637,t,120.23059827547777,120.23059827547777
2638,c,120.23059827547777,120.23059827547777
2639,c,120.23059827547777,120.23059827547777
2640,c,120.23059827547777,120.23059827547777
2641,c,23.089919097977653,25.38114820834383
2642,t,120.23059827547777,120.23059827547777
2643,c,13.200538200938114,14.731913337967418
2644,t,120.23059827547777,120.23059827547777
2645,t,120.23059827547777,120.23059827547777
2646,c,44.54384474614145,47.11752015964789
2647,c,10.510796859331771,11.328098967192092
2648,na,120.23059827547777,120.23059827547777
2649,c,24.30188989513944,28.16162744393592
2650,t,120.23059827547777,120.23059827547777
2651,c,120.23059827547777,120.23059827547777
2652,c,30.68391457804907,39.247973518106654
2653,t,120.23059827547777,120.23059827547777
2654,c,120.23059827547777,120.23059827547777
2655,c,120.23059827547777,120.23059827547777
2656,c,120.23059827547777,120.23059827547777
2657,c,120.23059827547777,120.23059827547777
2658,t,120.23059827547777,120.23059827547777
2659,c,23.20824868818692,36.06040142498069
2660,c,26.99507225038229,28.009495062102243
2661,c,42.19195574315837,50.70441689242228
2662,t,120.23059827547777,120.23059827547777
2663,na,0.5061645354400562,3.5265574491375227
2664,c,5.3752379586812715,8.153969810380671
2665,na,3.7073095891262295,8.816169826137875
2666,c,120.23059827547777,120.23059827547777
2667,c,120.23059827547777,120.23059827547777
2668,c,120.23059827547777,120.23059827547777
2669,c,46.70660154541622,48.20451461523358
2670,c,120.23059827547777,120.23059827547777
2671,c,120.23059827547777,120.23059827547777
2672,t,120.23059827547777,120.23059827547777
2673,na,3.0765022148266166,5.194286652827027
2674,t,120.23059827547777,120.23059827547777
2675,c,25.973362938856457,34.78171488458275
2676,t,120.23059827547777,120.23059827547777
2677,t,120.23059827547777,120.23059827547777
2678,c,120.23059827547777,120.23059827547777
2679,c,56.014232162897905,56.498623746896925
2680,c,120.23059827547777,120.23059827547777
2681,c,120.23059827547777,120.23059827547777
2682,c,120.23059827547777,120.23059827547777
2683,na,1.6437288083846158,8.664114053692192
2684,t,120.23059827547777,120.23059827547777
2685,c,18.07665729619865,21.167400573028377
2686,c,120.23059827547777,120.23059827547777
2687,c,120.23059827547777,120.23059827547777
2688,c,73.93100318136023,82.2010276598236
2689,na,8.70007365017561,16.413220959629385
2690,c,120.23059827547777,120.23059827547777
2691,c,21.930394687820137,31.41926142602443
2692,c,120.23059827547777,120.23059827547777
2693,c,32.07963213173149,33.03610581447546
2694,t,120.23059827547777,120.23059827547777
2695,c,120.23059827547777,120.23059827547777
2696,c,34.65311794199118,120.23059827547777
2697,c,17.895842642996666,120.23059827547777
2698,c,120.23059827547777,120.23059827547777
2699,c,120.23059827547777,120.23059827547777
2700,c,120.23059827547777,120.23059827547777
2701,t,120.23059827547777,120.23059827547777
2702,c,120.23059827547777,120.23059827547777
2703,c,120.23059827547777,120.23059827547777
2704,c,27.39050674398096,32.7838854147495
2705,c,12.401754941426887,16.813610288884615
2706,c,48.09078643153862,67.7433950592545
2707,c,120.23059827547777,120.23059827547777
2708,c,7.178798761181135,10.138955345154459
2709,c,16.47965673173098,16.92880540799488
2710,c,120.23059827547777,120.23059827547777
2711,c,120.23059827547777,120.23059827547777
2712,c,120.23059827547777,120.23059827547777
2713,c,37.13303434225446,39.65276853332802
2714,c,120.23059827547777,120.23059827547777
2715,c,10.344005170538521,10.397257824048694
2716,t,120.23059827547777,120.23059827547777
2717,c,120.23059827547777,120.23059827547777
2718,c,14.32191895128071,14.675130022964876
2719,c,15.325443320048857,18.107009816220362
2720,c,26.88242999334573,28.222179607618642
2721,c,120.23059827547777,120.23059827547777
2722,c,120.23059827547777,120.23059827547777
2723,c,120.23059827547777,120.23059827547777
2724,t,120.23059827547777,120.23059827547777
2725,c,120.23059827547777,120.23059827547777
2726,c,4.4357628509584845,8.180796530868287
2727,c,120.23059827547777,120.23059827547777
2728,na,-1,0
2729,c,120.23059827547777,120.23059827547777
2730,c,120.23059827547777,120.23059827547777
2731,c,38.836153778918906,42.40976654621536
2732,c,120.23059827547777,120.23059827547777
2733,t,120.23059827547777,120.23059827547777
2734,c,120.23059827547777,120.23059827547777
2735,c,120.23059827547777,120.23059827547777
2736,c,120.23059827547777,120.23059827547777
2737,c,120.23059827547777,120.23059827547777
2738,c,28.38824026358911,28.92271620638274
2739,c,28.66314551334203,30.053405258961412
2740,c,120.23059827547777,120.23059827547777
2741,c,23.77310746923724,24.36853007884945
2742,c,35.07626284457621,36.61912518181067
2743,t,120.23059827547777,120.23059827547777
2744,c,120.23059827547777,120.23059827547777
2745,c,120.23059827547777,120.23059827547777
2746,c,42.63594159351162,43.702002412906744
2747,t,120.23059827547777,120.23059827547777
2748,t,120.23059827547777,120.23059827547777
2749,c,120.23059827547777,120.23059827547777
2750,c,20.244154702847773,21.54984176526227
2751,c,120.23059827547777,120.23059827547777
2752,t,120.23059827547777,120.23059827547777
2753,t,120.23059827547777,120.23059827547777
2754,c,29.926919391217663,39.911753108794045
2755,c,120.23059827547777,120.23059827547777
2756,c,120.23059827547777,120.23059827547777
2757,c,120.23059827547777,120.23059827547777
2758,c,120.23059827547777,120.23059827547777
2759,c,120.23059827547777,120.23059827547777
2760,c,3.6524995931043107,3.914855757598988
2761,c,120.23059827547777,120.23059827547777
2762,c,24.101624936412094,25.862562623192982
2763,c,120.23059827547777,120.23059827547777
2764,c,120.23059827547777,120.23059827547777
2765,c,120.23059827547777,120.23059827547777
2766,t,120.23059827547777,120.23059827547777
2767,c,35.63735765803821,50.91399995447198
2768,c,52.378519077968946,56.7080196830829
2769,c,120.23059827547777,120.23059827547777
2770,t,120.23059827547777,120.23059827547777
2771,t,120.23059827547777,120.23059827547777
2772,c,53.39391639082104,53.81768013323858
2773,c,120.23059827547777,120.23059827547777
2774,c,120.23059827547777,120.23059827547777
2775,c,24.073720086364837,29.170908833424903
2776,na,-1,0
2777,c,120.23059827547777,120.23059827547777
2778,c,11.844616250648654,13.411978044269224
2779,c,120.23059827547777,120.23059827547777
2780,c,47.905126570741075,51.397412808807005
2781,c,35.348684548701904,35.99772863367256
2782,c,35.79261706040523,36.057844989977816
2783,c,16.04869340193784,19.96919320811018
2784,t,120.23059827547777,120.23059827547777
2785,c,120.23059827547777,120.23059827547777
2786,t,120.23059827547777,120.23059827547777
2787,c,35.22792709779702,37.78872612575487
2788,t,120.23059827547777,120.23059827547777
2789,t,120.23059827547777,120.23059827547777
2790,c,25.373495715740795,27.945095333833756
2791,c,120.23059827547777,120.23059827547777
2792,c,120.23059827547777,120.23059827547777
2793,c,30.47163910623565,37.31278183649188
2794,na,7.253062386343877,8.759541603572757
2795,c,12.41671584131833,13.739359628988845
2796,c,120.23059827547777,120.23059827547777
2797,c,120.23059827547777,120.23059827547777
2798,c,120.23059827547777,120.23059827547777
2799,c,120.23059827547777,120.23059827547777
2800,c,120.23059827547777,120.23059827547777
2801,c,120.23059827547777,120.23059827547777
2802,c,120.23059827547777,120.23059827547777
2803,c,120.23059827547777,120.23059827547777
2804,t,120.23059827547777,120.23059827547777
2805,c,42.94060288816349,46.462905390265604
2806,c,120.23059827547777,120.23059827547777
2807,t,120.23059827547777,120.23059827547777
2808,t,120.23059827547777,120.23059827547777
2809,c,120.23059827547777,120.23059827547777
2810,t,120.23059827547777,120.23059827547777
2811,c,39.2049127793744,120.23059827547777
2812,c,28.057916926048065,31.592474581520122
2813,t,120.23059827547777,120.23059827547777
2814,c,26.778610389354125,31.300178637752825
2815,c,120.23059827547777,120.23059827547777
2816,t,120.23059827547777,120.23059827547777
2817,c,120.23059827547777,120.23059827547777
2818,c,120.23059827547777,120.23059827547777
2819,t,120.23059827547777,120.23059827547777
2820,c,120.23059827547777,120.23059827547777
2821,c,120.23059827547777,120.23059827547777
2822,c,31.964781172934114,32.13141195184777
2823,c,120.23059827547777,120.23059827547777
2824,c,120.23059827547777,120.23059827547777
2825,c,120.23059827547777,120.23059827547777
2826,c,120.23059827547777,120.23059827547777
2827,c,120.23059827547777,120.23059827547777
2828,c,120.23059827547777,120.23059827547777
2829,c,120.23059827547777,120.23059827547777
2830,c,120.23059827547777,120.23059827547777
2831,c,120.23059827547777,120.23059827547777
2832,c,120.23059827547777,120.23059827547777
2833,c,120.23059827547777,120.23059827547777
2834,c,19.8685446238784,25.88936139981201
2835,c,27.405708474478175,36.77924386472253
2836,c,120.23059827547777,120.23059827547777
2837,c,120.23059827547777,120.23059827547777
2838,c,120.23059827547777,120.23059827547777
2839,c,120.23059827547777,120.23059827547777
2840,t,120.23059827547777,120.23059827547777
2841,c,120.23059827547777,120.23059827547777
2842,c,120.23059827547777,120.23059827547777
2843,c,14.474871852096573,14.992266538895954
2844,c,19.84730468210477,20.07149813388401
2845,t,120.23059827547777,120.23059827547777
2846,c,120.23059827547777,120.23059827547777
2847,c,120.23059827547777,120.23059827547777
2848,c,120.23059827547777,120.23059827547777
2849,t,120.23059827547777,120.23059827547777
2850,c,120.23059827547777,120.23059827547777
2851,t,120.23059827547777,120.23059827547777
2852,c,120.23059827547777,120.23059827547777
2853,na,0.8665981496204956,4.785860794412236
2854,c,36.353698892751524,38.74336252984916
2855,na,-1,0
2856,c,120.23059827547777,120.23059827547777
2857,c,120.23059827547777,120.23059827547777
2858,c,120.23059827547777,120.23059827547777
2859,t,120.23059827547777,120.23059827547777
2860,c,21.927334954755562,21.981282017203394
2861,c,120.23059827547777,120.23059827547777
2862,c,120.23059827547777,120.23059827547777
2863,t,120.23059827547777,120.23059827547777
2864,c,32.78417636314979,36.31328790762472
2865,c,120.23059827547777,120.23059827547777
2866,t,120.23059827547777,120.23059827547777
2867,c,120.23059827547777,120.23059827547777
2868,c,120.23059827547777,120.23059827547777
2869,c,40.60426204844297,120.23059827547777
2870,c,120.23059827547777,120.23059827547777
2871,c,120.23059827547777,120.23059827547777
2872,c,42.805801458546014,55.60702891102257
2873,c,120.23059827547777,120.23059827547777
2874,t,120.23059827547777,120.23059827547777
2875,c,120.23059827547777,120.23059827547777
2876,t,120.23059827547777,120.23059827547777
2877,c,120.23059827547777,120.23059827547777
2878,c,18.606779244089715,20.46225594141519
2879,t,120.23059827547777,120.23059827547777
2880,t,120.23059827547777,120.23059827547777
2881,c,120.23059827547777,120.23059827547777
2882,c,30.819502898295987,31.005782880144036
2883,c,120.23059827547777,120.23059827547777
2884,c,52.64897146135583,52.91621830924452
2885,t,120.23059827547777,120.23059827547777
2886,c,120.23059827547777,120.23059827547777
2887,c,6.931971769088525,7.482394439857276
2888,t,120.23059827547777,120.23059827547777
2889,c,120.23059827547777,120.23059827547777
2890,c,22.234220820677496,30.792586199238166
2891,c,120.23059827547777,120.23059827547777
2892,c,20.46184634767516,29.689764999544707
2893,c,120.23059827547777,120.23059827547777
2894,c,15.725099563371902,20.376663397485935
2895,c,120.23059827547777,120.23059827547777
2896,c,15.699555661109882,16.88792025627603
2897,t,120.23059827547777,120.23059827547777
2898,c,120.23059827547777,120.23059827547777
2899,c,120.23059827547777,120.23059827547777
2900,t,120.23059827547777,120.23059827547777
2901,c,41.18243896638079,45.05911708688407
2902,c,120.23059827547777,120.23059827547777
2903,t,120.23059827547777,120.23059827547777
2904,c,120.23059827547777,120.23059827547777
2905,t,120.23059827547777,120.23059827547777
2906,c,120.23059827547777,120.23059827547777
2907,c,25.016069825475665,25.86089040427484
2908,c,120.23059827547777,120.23059827547777
2909,t,120.23059827547777,120.23059827547777
2910,c,120.23059827547777,120.23059827547777
2911,c,120.23059827547777,120.23059827547777
2912,c,56.784188661452475,59.78361712404197
2913,na,0.17281039728850964,4.26848166356711
2914,c,34.859726570936616,37.87712086301298
2915,t,120.23059827547777,120.23059827547777
2916,c,120.23059827547777,120.23059827547777
2917,c,120.23059827547777,120.23059827547777
2918,t,120.23059827547777,120.23059827547777
2919,c,120.23059827547777,120.23059827547777
2920,c,120.23059827547777,120.23059827547777
2921,c,120.23059827547777,120.23059827547777
2922,c,120.23059827547777,120.23059827547777
2923,c,120.23059827547777,120.23059827547777
2924,c,120.23059827547777,120.23059827547777
2925,c,120.23059827547777,120.23059827547777
2926,c,120.23059827547777,120.23059827547777
2927,c,39.70505734942337,40.961584442842344
2928,c,120.23059827547777,120.23059827547777
2929,c,120.23059827547777,120.23059827547777
2930,t,120.23059827547777,120.23059827547777
2931,t,120.23059827547777,120.23059827547777
2932,t,120.23059827547777,120.23059827547777
2933,c,120.23059827547777,120.23059827547777
2934,c,120.23059827547777,120.23059827547777
2935,c,120.23059827547777,120.23059827547777
2936,c,120.23059827547777,120.23059827547777
2937,c,120.23059827547777,120.23059827547777
2938,c,120.23059827547777,120.23059827547777
2939,c,120.23059827547777,120.23059827547777
2940,c,120.23059827547777,120.23059827547777
2941,t,120.23059827547777,120.23059827547777
2942,t,120.23059827547777,120.23059827547777
2943,c,120.23059827547777,120.23059827547777
2944,c,51.06536779278599,54.5161897707092
2945,c,120.23059827547777,120.23059827547777
2946,c,37.00142759727093,49.39251306143256
2947,c,28.157078178061866,28.594110256027964
2948,c,10.606356021218048,12.775928813332746
2949,c,120.23059827547777,120.23059827547777
2950,c,120.23059827547777,120.23059827547777
2951,t,120.23059827547777,120.23059827547777
2952,t,120.23059827547777,120.23059827547777
2953,c,120.23059827547777,120.23059827547777
2954,c,51.71471898211379,60.24052425973348
2955,c,120.23059827547777,120.23059827547777
2956,na,-1,0
2957,c,120.23059827547777,120.23059827547777
2958,c,38.792145563905635,41.65438546578225
2959,c,120.23059827547777,120.23059827547777
2960,t,120.23059827547777,120.23059827547777
2961,t,120.23059827547777,120.23059827547777
2962,c,30.172892074829488,36.449510607755094
2963,na,2.8118160565496093,4.230115516836792
2964,c,120.23059827547777,120.23059827547777
2965,c,120.23059827547777,120.23059827547777
2966,c,120.23059827547777,120.23059827547777
2967,c,20.197868480885685,30.785886858817452
2968,c,62.81475720187116,65.70420886757243
2969,c,120.23059827547777,120.23059827547777
2970,t,120.23059827547777,120.23059827547777
2971,c,120.23059827547777,120.23059827547777
2972,t,120.23059827547777,120.23059827547777
2973,c,30.80437395529543,32.269153779101
2974,c,120.23059827547777,120.23059827547777
2975,t,120.23059827547777,120.23059827547777
2976,c,120.23059827547777,120.23059827547777
2977,c,120.23059827547777,120.23059827547777
2978,c,120.23059827547777,120.23059827547777
2979,c,120.23059827547777,120.23059827547777
2980,c,41.60085089866773,120.23059827547777
2981,t,120.23059827547777,120.23059827547777
2982,c,30.162164069824513,30.316446681198318
2983,c,11.945938910259114,14.62535693563833
2984,c,120.23059827547777,120.23059827547777
2985,c,19.20010932956299,27.742390841428737
2986,t,120.23059827547777,120.23059827547777
2987,c,120.23059827547777,120.23059827547777
2988,c,120.23059827547777,120.23059827547777
2989,c,32.874664743486264,120.23059827547777
2990,c,41.65676923069975,60.85378960218699
2991,c,120.23059827547777,120.23059827547777
2992,t,120.23059827547777,120.23059827547777
2993,c,27.866711359369937,28.78768183046029
2994,c,23.236658933042598,23.327770070939465
2995,c,16.339370903314858,21.65595212733423
2996,c,29.724641635103122,35.306921653681876
2997,c,17.27565558835358,19.387963068181705
2998,c,120.23059827547777,120.23059827547777
2999,c,120.23059827547777,120.23059827547777
3000,c,120.23059827547777,120.23059827547777
3001,c,25.391386673526554,32.24496704111302
3002,t,120.23059827547777,120.23059827547777
3003,c,120.23059827547777,120.23059827547777
3004,c,120.23059827547777,120.23059827547777
3005,c,120.23059827547777,120.23059827547777
3006,c,120.23059827547777,120.23059827547777
3007,c,36.15923531023896,38.12748807452554
3008,c,120.23059827547777,120.23059827547777
3009,c,120.23059827547777,120.23059827547777
3010,c,120.23059827547777,120.23059827547777
3011,c,18.228775357762615,20.203450696103463
3012,t,120.23059827547777,120.23059827547777
3013,t,120.23059827547777,120.23059827547777
3014,c,120.23059827547777,120.23059827547777
3015,c,120.23059827547777,120.23059827547777
3016,c,82.32875050943728,82.41364594990051
3017,c,31.161311861126176,32.54740268094895
3018,c,120.23059827547777,120.23059827547777
3019,c,120.23059827547777,120.23059827547777
3020,c,120.23059827547777,120.23059827547777
3021,c,3.509389441787818,23.103718421743043
3022,c,120.23059827547777,120.23059827547777
3023,c,120.23059827547777,120.23059827547777
3024,c,40.43592470671881,47.53640292297827
3025,c,120.23059827547777,120.23059827547777
3026,t,120.23059827547777,120.23059827547777
3027,t,120.23059827547777,120.23059827547777
3028,c,120.23059827547777,120.23059827547777
3029,c,120.23059827547777,120.23059827547777
3030,c,9.51093427736659,11.08753809720882
3031,c,21.297523275361726,23.681876906220737
3032,c,46.19802660456374,52.71064194702042
3033,c,120.23059827547777,120.23059827547777
3034,c,120.23059827547777,120.23059827547777
3035,c,120.23059827547777,120.23059827547777
3036,c,17.326665485633768,19.670270205058493
3037,c,120.23059827547777,120.23059827547777
3038,c,56.81325133244814,62.1584499377102
3039,c,34.011335676788356,36.05538860090416
3040,t,120.23059827547777,120.23059827547777
3041,t,120.23059827547777,120.23059827547777
3042,c,120.23059827547777,120.23059827547777
3043,c,120.23059827547777,120.23059827547777
3044,c,30.048923276101224,36.387616091963366
3045,c,39.896516077560285,40.53239603990183
3046,t,120.23059827547777,120.23059827547777
3047,t,120.23059827547777,120.23059827547777
3048,na,-1,0
3049,c,36.12736816851029,37.51958758696832
3050,c,40.86451437187414,41.76597217794298
3051,c,120.23059827547777,120.23059827547777
3052,c,8.022796949020725,13.565425122778255
3053,c,120.23059827547777,120.23059827547777
3054,c,120.23059827547777,120.23059827547777
3055,c,120.23059827547777,120.23059827547777
3056,c,120.23059827547777,120.23059827547777
3057,c,32.59564907933412,37.3491273376936
3058,c,120.23059827547777,120.23059827547777
3059,c,120.23059827547777,120.23059827547777
3060,c,120.23059827547777,120.23059827547777
3061,t,120.23059827547777,120.23059827547777
3062,c,44.70281537208092,49.10324969113612
3063,c,31.149704326289424,32.50895008448529
3064,c,120.23059827547777,120.23059827547777
3065,c,120.23059827547777,120.23059827547777
3066,c,120.23059827547777,120.23059827547777
3067,t,120.23059827547777,120.23059827547777
3068,c,12.510918481871807,18.873665929341172
3069,t,120.23059827547777,120.23059827547777
3070,c,120.23059827547777,120.23059827547777
3071,c,39.38498091289124,43.24905850991818
3072,c,120.23059827547777,120.23059827547777
3073,c,45.33379829352785,47.06542188313721
3074,t,120.23059827547777,120.23059827547777
3075,c,22.027686323131725,23.531150841443548
3076,c,120.23059827547777,120.23059827547777
3077,c,120.23059827547777,120.23059827547777
3078,c,120.23059827547777,120.23059827547777
3079,t,120.23059827547777,120.23059827547777
3080,c,120.23059827547777,120.23059827547777
3081,c,26.91783273420687,37.47119939203078
3082,c,120.23059827547777,120.23059827547777
3083,c,120.23059827547777,120.23059827547777
3084,c,120.23059827547777,120.23059827547777
3085,c,120.23059827547777,120.23059827547777
3086,c,120.23059827547777,120.23059827547777
3087,c,15.386905195464212,32.09130957675849
3088,c,20.143948957151455,22.14346374654129
3089,c,18.796297164313568,24.508031955577046
3090,c,26.909048933936415,28.836491615194547
3091,t,120.23059827547777,120.23059827547777
3092,c,43.140467011229475,120.23059827547777
3093,c,40.44754236405712,41.52534030963881
3094,c,120.23059827547777,120.23059827547777
3095,c,120.23059827547777,120.23059827547777
3096,c,31.384444095555295,36.78767918287867
3097,c,41.67956826523454,120.23059827547777
3098,c,120.23059827547777,120.23059827547777
3099,c,120.23059827547777,120.23059827547777
3100,na,1.9018547344593322,3.091530799435043
3101,c,120.23059827547777,120.23059827547777
3102,c,120.23059827547777,120.23059827547777
3103,c,11.887671371896195,12.093958091037589
3104,na,4.250967123529275,12.292612194512241
3105,c,120.23059827547777,120.23059827547777
3106,c,120.23059827547777,120.23059827547777
3107,c,38.27236874737684,40.09469244408733
3108,t,120.23059827547777,120.23059827547777
3109,c,120.23059827547777,120.23059827547777
3110,c,120.23059827547777,120.23059827547777
3111,c,25.057543207453048,26.93519098232581
3112,c,22.90177444139065,120.23059827547777
3113,c,120.23059827547777,120.23059827547777
3114,t,120.23059827547777,120.23059827547777
3115,c,120.23059827547777,120.23059827547777
3116,c,20.645633882397018,30.263255321170128
3117,t,120.23059827547777,120.23059827547777
3118,c,32.884546792022796,33.99222758491899
3119,c,120.23059827547777,120.23059827547777
3120,c,120.23059827547777,120.23059827547777
3121,c,120.23059827547777,120.23059827547777
3122,c,120.23059827547777,120.23059827547777
3123,c,53.61860033117372,62.90554880511957
3124,c,120.23059827547777,120.23059827547777
3125,c,12.715415842444306,120.23059827547777
3126,c,19.922764203727894,20.150467157731637
3127,c,120.23059827547777,120.23059827547777
3128,c,120.23059827547777,120.23059827547777
3129,c,120.23059827547777,120.23059827547777
3130,c,120.23059827547777,120.23059827547777
3131,c,25.96757738449338,32.42368021878718
3132,c,120.23059827547777,120.23059827547777
3133,c,120.23059827547777,120.23059827547777
3134,c,120.23059827547777,120.23059827547777
3135,c,120.23059827547777,120.23059827547777
3136,c,31.927595482993592,33.0887411257353
3137,c,27.457342079418968,40.391983141706966
3138,c,120.23059827547777,120.23059827547777
3139,c,120.23059827547777,120.23059827547777
3140,c,120.23059827547777,120.23059827547777
3141,c,32.76022005617968,32.82817698114708
3142,c,52.63062390610652,53.72683417866575
3143,c,120.23059827547777,120.23059827547777
3144,c,120.23059827547777,120.23059827547777
3145,c,27.012251697221828,27.412433335558003
3146,c,120.23059827547777,120.23059827547777
3147,c,25.613090242673103,28.0907869606921
3148,c,120.23059827547777,120.23059827547777
3149,c,22.577797266700387,28.720951317615786
3150,t,120.23059827547777,120.23059827547777
3151,c,23.891477890585517,25.500470917347215
3152,t,120.23059827547777,120.23059827547777
3153,c,8.48909088468746,11.182298360602479
3154,c,120.23059827547777,120.23059827547777
3155,c,37.002268806005944,37.71433881359132
3156,c,120.23059827547777,120.23059827547777
3157,c,120.23059827547777,120.23059827547777
3158,c,120.23059827547777,120.23059827547777
3159,t,120.23059827547777,120.23059827547777
3160,c,120.23059827547777,120.23059827547777
3161,c,34.992904222745494,39.56716734503094
3162,c,120.23059827547777,120.23059827547777
3163,t,120.23059827547777,120.23059827547777
3164,c,120.23059827547777,120.23059827547777
3165,c,25.512362026865265,29.343534222850085
3166,c,17.377965067808958,19.359224524738163
3167,c,38.08064771103338,38.60028999018093
3168,c,120.23059827547777,120.23059827547777
3169,c,120.23059827547777,120.23059827547777
3170,c,19.150943195293365,29.55109806106024
3171,c,120.23059827547777,120.23059827547777
3172,c,120.23059827547777,120.23059827547777
3173,c,120.23059827547777,120.23059827547777
3174,c,40.70334208850843,45.778617198868844
3175,c,120.23059827547777,120.23059827547777
3176,c,120.23059827547777,120.23059827547777
3177,c,120.23059827547777,120.23059827547777
3178,c,120.23059827547777,120.23059827547777
3179,c,120.23059827547777,120.23059827547777
3180,t,120.23059827547777,120.23059827547777
3181,c,120.23059827547777,120.23059827547777
3182,c,120.23059827547777,120.23059827547777
3183,c,120.23059827547777,120.23059827547777
3184,c,120.23059827547777,120.23059827547777
3185,c,46.05432485499424,58.70737900046231
3186,t,120.23059827547777,120.23059827547777
3187,c,32.43792102165401,44.3846738522698
3188,c,120.23059827547777,120.23059827547777
3189,c,120.23059827547777,120.23059827547777
3190,c,4.042920439603079,4.976176548236635
3191,c,20.228133266448076,26.591327984513494
3192,c,45.82968307232549,48.70881746090636
3193,c,26.69648215559278,29.89078141840133
3194,c,27.853200740330326,28.387244844897513
3195,c,120.23059827547777,120.23059827547777
3196,c,120.23059827547777,120.23059827547777
3197,c,120.23059827547777,120.23059827547777
3198,c,20.667532473980724,27.417593843672968
3199,c,59.59549108361622,62.29758316779545
3200,t,120.23059827547777,120.23059827547777
3201,c,35.53778933830249,36.96631766777385
3202,c,36.519006363642156,39.22050988236385
3203,c,69.58426642225204,72.78606672741624
3204,t,120.23059827547777,120.23059827547777
3205,c,48.36459653734351,53.32338365704981
3206,c,67.7900293699326,67.87316206999543
3207,t,120.23059827547777,120.23059827547777
3208,t,120.23059827547777,120.23059827547777
3209,t,120.23059827547777,120.23059827547777
3210,c,120.23059827547777,120.23059827547777
3211,t,120.23059827547777,120.23059827547777
3212,c,120.23059827547777,120.23059827547777
3213,t,120.23059827547777,120.23059827547777
3214,c,120.23059827547777,120.23059827547777
3215,t,120.23059827547777,120.23059827547777
3216,t,120.23059827547777,120.23059827547777
3217,c,12.989507068108647,15.758403814889329
3218,c,21.115242698972022,23.959453246700765
3219,t,120.23059827547777,120.23059827547777
3220,t,120.23059827547777,120.23059827547777
3221,c,120.23059827547777,120.23059827547777
3222,c,25.662828150330846,30.272924128236387
3223,c,33.26354013180172,40.34324887645202
3224,c,120.23059827547777,120.23059827547777
3225,na,0,2.5683761245217096
3226,na,0,8.368236701294506
3227,t,120.23059827547777,120.23059827547777
3228,c,22.20937479771532,23.25863636133218
3229,c,120.23059827547777,120.23059827547777
3230,c,120.23059827547777,120.23059827547777
3231,c,120.23059827547777,120.23059827547777
3232,c,20.753953980125306,120.23059827547777
3233,t,120.23059827547777,120.23059827547777
3234,c,120.23059827547777,120.23059827547777
3235,na,-1,0
3236,c,47.83450204114548,55.59199682742142
3237,c,21.20867571836073,21.517764308738204
3238,c,82.59748466176906,84.91915909025788
3239,t,120.23059827547777,120.23059827547777
3240,c,120.23059827547777,120.23059827547777
3241,c,120.23059827547777,120.23059827547777
3242,c,38.542245753064805,40.11986685972705
3243,c,30.991670884842534,31.29176215114936
3244,c,120.23059827547777,120.23059827547777
3245,c,120.23059827547777,120.23059827547777
3246,c,120.23059827547777,120.23059827547777
3247,c,120.23059827547777,120.23059827547777
3248,c,65.22053878693488,71.93179386214315
3249,t,120.23059827547777,120.23059827547777
3250,t,120.23059827547777,120.23059827547777
3251,c,120.23059827547777,120.23059827547777
3252,c,120.23059827547777,120.23059827547777
3253,c,23.35609745048796,29.724344029400005
3254,c,120.23059827547777,120.23059827547777
3255,t,120.23059827547777,120.23059827547777
3256,c,120.23059827547777,120.23059827547777
3257,c,37.24488596879783,52.31609292299175
3258,c,14.828855652404052,18.651389199349165
3259,c,29.345291194256106,34.52199815980479
3260,c,35.98159928844112,36.15458102607188
3261,c,120.23059827547777,120.23059827547777
3262,c,17.976480117315155,18.888639957843573
3263,c,120.23059827547777,120.23059827547777
3264,t,120.23059827547777,120.23059827547777
3265,c,120.23059827547777,120.23059827547777
3266,c,35.742952371364574,37.894197252846865
3267,c,120.23059827547777,120.23059827547777
3268,c,120.23059827547777,120.23059827547777
3269,c,68.47260014950804,73.77490514743995
3270,c,120.23059827547777,120.23059827547777
3271,c,27.58591603036842,34.27288073763085
3272,c,120.23059827547777,120.23059827547777
3273,t,120.23059827547777,120.23059827547777
3274,c,120.23059827547777,120.23059827547777
3275,c,37.775411953956485,38.835710939297975
3276,c,120.23059827547777,120.23059827547777
3277,t,120.23059827547777,120.23059827547777
3278,c,120.23059827547777,120.23059827547777
3279,c,120.23059827547777,120.23059827547777
3280,c,120.23059827547777,120.23059827547777
3281,c,48.9144669881649,55.853012593794205
3282,c,120.23059827547777,120.23059827547777
3283,c,120.23059827547777,120.23059827547777
3284,c,32.48358857666112,34.89850764614301
3285,c,25.963515941950106,25.970922623994277
3286,c,120.23059827547777,120.23059827547777
3287,c,12.160409694979572,19.07728157420873
3288,c,120.23059827547777,120.23059827547777
3289,t,120.23059827547777,120.23059827547777
3290,t,120.23059827547777,120.23059827547777
3291,c,120.23059827547777,120.23059827547777
3292,c,120.23059827547777,120.23059827547777
3293,c,120.23059827547777,120.23059827547777
3294,c,57.79712631553102,60.87556444810658
3295,c,120.23059827547777,120.23059827547777
3296,c,120.23059827547777,120.23059827547777
3297,c,120.23059827547777,120.23059827547777
3298,c,120.23059827547777,120.23059827547777
3299,c,35.9775947970397,40.84334483955636
3300,c,120.23059827547777,120.23059827547777
3301,c,15.656774767127576,18.052205413846604
3302,c,22.236602482029294,27.187826698124574
3303,c,11.262129338863325,11.298606614455007
3304,c,24.344587259182386,32.00738003078607
3305,c,29.372258196580407,29.61718757361381
3306,c,120.23059827547777,120.23059827547777
3307,c,120.23059827547777,120.23059827547777
3308,t,120.23059827547777,120.23059827547777
3309,c,32.667669345197936,34.69535055888537
3310,c,18.846157884534833,29.464089586313094
3311,c,12.903479151953288,13.01402274820679
3312,c,16.429649522054522,18.82258480368403
3313,c,19.45993073822603,24.287847146772197
3314,t,120.23059827547777,120.23059827547777
3315,c,7.300040733349899,10.451248959412753
3316,c,96.7431985197297,97.00068322763853
3317,c,33.938367570564736,46.30497762263434
3318,c,120.23059827547777,120.23059827547777
3319,t,120.23059827547777,120.23059827547777
3320,c,15.995848611684764,16.563507586345807
3321,c,7.030202204143511,7.914450271000039
3322,c,120.23059827547777,120.23059827547777
3323,t,120.23059827547777,120.23059827547777
3324,c,19.158564589962264,27.657968178892286
3325,c,23.683923535442908,24.51108474738603
3326,c,120.23059827547777,120.23059827547777
3327,c,13.465021745495907,15.322286296385805
3328,c,120.23059827547777,120.23059827547777
3329,t,120.23059827547777,120.23059827547777
3330,c,35.64902797855893,38.449296984181586
3331,c,120.23059827547777,120.23059827547777
3332,c,23.985591552701003,30.39638248648622
3333,t,120.23059827547777,120.23059827547777
3334,c,120.23059827547777,120.23059827547777
3335,c,10.53669281821477,13.584746692190038
3336,c,120.23059827547777,120.23059827547777
3337,c,73.71677228552657,76.01655399365896
3338,c,120.23059827547777,120.23059827547777
3339,t,120.23059827547777,120.23059827547777
3340,c,120.23059827547777,120.23059827547777
3341,c,120.23059827547777,120.23059827547777
3342,c,31.39449077441499,31.626005330318222
3343,c,120.23059827547777,120.23059827547777
3344,c,120.23059827547777,120.23059827547777
3345,c,10.438266423415017,10.471785135844794
3346,c,21.80051128354868,22.44800553454964
3347,c,120.23059827547777,120.23059827547777
3348,t,120.23059827547777,120.23059827547777
3349,c,76.88221385134736,84.35432067567865
3350,c,120.23059827547777,120.23059827547777
3351,c,120.23059827547777,120.23059827547777
3352,c,120.23059827547777,120.23059827547777
3353,c,120.23059827547777,120.23059827547777
3354,c,120.23059827547777,120.23059827547777
3355,c,15.147688756938962,19.62330895577639
3356,c,120.23059827547777,120.23059827547777
3357,c,16.343364071796742,18.06685884688342
3358,c,120.23059827547777,120.23059827547777
3359,c,55.40061438045889,68.2760606593719
3360,c,26.928536150530064,34.53233678026883
3361,c,120.23059827547777,120.23059827547777
3362,c,4.306456233769546,14.513209271679028
3363,t,120.23059827547777,120.23059827547777
3364,c,120.23059827547777,120.23059827547777
3365,c,120.23059827547777,120.23059827547777
3366,t,120.23059827547777,120.23059827547777
3367,c,20.649313934185468,21.793565355601643
3368,t,120.23059827547777,120.23059827547777
3369,c,120.23059827547777,120.23059827547777
3370,c,120.23059827547777,120.23059827547777
3371,c,120.23059827547777,120.23059827547777
3372,c,39.478532870818384,45.25190440303276
3373,c,120.23059827547777,120.23059827547777
3374,t,120.23059827547777,120.23059827547777
3375,c,51.90210197526213,54.892525995901046
3376,c,120.23059827547777,120.23059827547777
3377,c,30.38355600580137,30.439980697926632
3378,c,120.23059827547777,120.23059827547777
3379,c,120.23059827547777,120.23059827547777
3380,c,120.23059827547777,120.23059827547777
3381,c,120.23059827547777,120.23059827547777
3382,c,120.23059827547777,120.23059827547777
3383,t,120.23059827547777,120.23059827547777
3384,c,120.23059827547777,120.23059827547777
3385,c,8.636400596452784,9.748899752308985
3386,c,120.23059827547777,120.23059827547777
3387,c,46.56895009715139,46.71939438564064
3388,c,14.126094304546706,24.0888201354273
3389,t,120.23059827547777,120.23059827547777
3390,c,50.38834931556166,120.23059827547777
3391,c,120.23059827547777,120.23059827547777
3392,c,51.679649629848804,62.81892858189654
3393,c,120.23059827547777,120.23059827547777
3394,c,11.67699843990018,31.98231292402935
3395,c,120.23059827547777,120.23059827547777
3396,c,120.23059827547777,120.23059827547777
3397,c,120.23059827547777,120.23059827547777
3398,c,120.23059827547777,120.23059827547777
3399,t,120.23059827547777,120.23059827547777
3400,c,3.9974763931999315,8.554864433757306
3401,c,120.23059827547777,120.23059827547777
3402,t,120.23059827547777,120.23059827547777
3403,na,0.3965757958073131,1.1288833307855493
3404,c,120.23059827547777,120.23059827547777
3405,t,120.23059827547777,120.23059827547777
3406,c,120.23059827547777,120.23059827547777
3407,c,13.890182471117612,30.235373073915202
3408,c,120.23059827547777,120.23059827547777
3409,t,120.23059827547777,120.23059827547777
3410,c,120.23059827547777,120.23059827547777
3411,t,120.23059827547777,120.23059827547777
3412,c,39.55155270601036,120.23059827547777
3413,c,31.34510325782717,31.791976599540664
3414,c,120.23059827547777,120.23059827547777
3415,na,-1,0
3416,c,120.23059827547777,120.23059827547777
3417,c,12.70429911741827,18.53455155150978
3418,t,120.23059827547777,120.23059827547777
3419,c,86.7339396794515,89.3673859008748
3420,c,32.29092462270989,120.23059827547777
3421,c,33.88476426954327,35.86941020110798
3422,c,120.23059827547777,120.23059827547777
3423,c,120.23059827547777,120.23059827547777
3424,c,120.23059827547777,120.23059827547777
3425,c,40.073159849349494,40.56822671451526
3426,c,25.14830318667382,25.156082626322085
3427,c,120.23059827547777,120.23059827547777
3428,c,120.23059827547777,120.23059827547777
3429,c,85.59216905002236,89.32224106729015
3430,c,65.3381830518667,68.67037464456205
3431,c,52.45325479450462,120.23059827547777
3432,c,120.23059827547777,120.23059827547777
3433,c,14.95484882530599,15.841753625546172
3434,c,120.23059827547777,120.23059827547777
3435,c,120.23059827547777,120.23059827547777
3436,t,120.23059827547777,120.23059827547777
3437,c,24.005220553208556,29.010615656830673
3438,c,120.23059827547777,120.23059827547777
3439,c,38.62075644776163,44.979991400019415
3440,c,120.23059827547777,120.23059827547777
3441,t,120.23059827547777,120.23059827547777
3442,c,48.64495584417366,58.95603621972596
3443,c,120.23059827547777,120.23059827547777
3444,c,33.99115903252525,35.80385509947296
3445,c,120.23059827547777,120.23059827547777
3446,c,13.679805975093785,13.687404246825208
3447,c,120.23059827547777,120.23059827547777
3448,c,120.23059827547777,120.23059827547777
3449,c,120.23059827547777,120.23059827547777
3450,c,24.015555185544287,25.395347731527778
3451,c,49.871285974947426,51.60525988924721
3452,c,120.23059827547777,120.23059827547777
3453,t,120.23059827547777,120.23059827547777
3454,c,120.23059827547777,120.23059827547777
3455,c,32.948160058789036,44.21953111114451
3456,t,120.23059827547777,120.23059827547777
3457,t,120.23059827547777,120.23059827547777
3458,c,120.23059827547777,120.23059827547777
3459,t,120.23059827547777,120.23059827547777
3460,c,120.23059827547777,120.23059827547777
3461,c,36.79894770565301,42.7234975692649
3462,t,120.23059827547777,120.23059827547777
3463,c,120.23059827547777,120.23059827547777
3464,c,120.23059827547777,120.23059827547777
3465,c,120.23059827547777,120.23059827547777
3466,t,120.23059827547777,120.23059827547777
3467,c,35.66896833247877,37.31890438455512
3468,c,120.23059827547777,120.23059827547777
3469,c,120.23059827547777,120.23059827547777
3470,c,120.23059827547777,120.23059827547777
3471,c,120.23059827547777,120.23059827547777
3472,c,3.866428585212813,4.403171151827408
3473,c,120.23059827547777,120.23059827547777
3474,c,120.23059827547777,120.23059827547777
3475,t,120.23059827547777,120.23059827547777
3476,c,23.61657150060186,25.145014469320035
3477,c,120.23059827547777,120.23059827547777
3478,t,120.23059827547777,120.23059827547777
3479,c,120.23059827547777,120.23059827547777
3480,c,120.23059827547777,120.23059827547777
3481,c,80.76699447780793,87.00754114085267
3482,c,120.23059827547777,120.23059827547777
3483,c,120.23059827547777,120.23059827547777
3484,t,120.23059827547777,120.23059827547777
3485,c,120.23059827547777,120.23059827547777
3486,c,40.15818548792204,54.74643809590262
3487,c,16.914797056791524,17.26062806993428
3488,c,36.36792996372399,36.719354553958865
3489,c,120.23059827547777,120.23059827547777
3490,c,120.23059827547777,120.23059827547777
3491,t,120.23059827547777,120.23059827547777
3492,c,33.24942218065172,35.254086093224686
3493,c,120.23059827547777,120.23059827547777
3494,t,120.23059827547777,120.23059827547777
3495,c,120.23059827547777,120.23059827547777
3496,c,120.23059827547777,120.23059827547777
3497,c,120.23059827547777,120.23059827547777
3498,na,-1,0
3499,c,120.23059827547777,120.23059827547777
3500,c,33.68407038661655,43.726799685648885
3501,c,120.23059827547777,120.23059827547777
3502,c,120.23059827547777,120.23059827547777
3503,c,120.23059827547777,120.23059827547777
3504,c,32.70304468433491,34.18335081446331
3505,t,120.23059827547777,120.23059827547777
3506,t,120.23059827547777,120.23059827547777
3507,c,120.23059827547777,120.23059827547777
3508,c,60.76378169396752,61.81669153577665
3509,t,120.23059827547777,120.23059827547777
3510,t,120.23059827547777,120.23059827547777
3511,t,120.23059827547777,120.23059827547777
3512,c,120.23059827547777,120.23059827547777
3513,c,11.58008961308166,19.669439948907876
3514,c,120.23059827547777,120.23059827547777
3515,c,29.733287948121102,31.113076291140956
3516,c,120.23059827547777,120.23059827547777
3517,c,120.23059827547777,120.23059827547777
3518,c,24.791554331701157,30.834959648953227
3519,t,120.23059827547777,120.23059827547777
3520,c,120.23059827547777,120.23059827547777
3521,c,12.844002510849755,12.938431826718784
3522,c,40.99618451723196,42.66948453526568
3523,t,120.23059827547777,120.23059827547777
3524,c,46.93367548461477,47.2467826030647
3525,c,120.23059827547777,120.23059827547777
3526,c,31.33857072686198,32.66573151051213
3527,c,120.23059827547777,120.23059827547777
3528,c,120.23059827547777,120.23059827547777
3529,c,120.23059827547777,120.23059827547777
3530,t,120.23059827547777,120.23059827547777
3531,c,120.23059827547777,120.23059827547777
3532,c,41.966262628497695,42.912060782380024
3533,c,24.201527524210018,45.5741370169911
3534,c,17.140710409776045,17.311332056194825
3535,c,120.23059827547777,120.23059827547777
3536,t,120.23059827547777,120.23059827547777
3537,c,120.23059827547777,120.23059827547777
3538,c,120.23059827547777,120.23059827547777
3539,c,20.937346785133542,23.220085100719636
3540,c,120.23059827547777,120.23059827547777
3541,c,39.409906101137054,45.51749422159146
3542,c,20.20616008682545,24.750240073483816
3543,c,120.23059827547777,120.23059827547777
3544,c,28.50534633163368,32.42058476243642
3545,t,120.23059827547777,120.23059827547777
3546,c,34.00542209360441,34.423336530602604
3547,t,120.23059827547777,120.23059827547777
3548,c,35.81021609225086,39.368007840346785
3549,c,120.23059827547777,120.23059827547777
3550,c,120.23059827547777,120.23059827547777
3551,c,120.23059827547777,120.23059827547777
3552,c,120.23059827547777,120.23059827547777
3553,t,120.23059827547777,120.23059827547777
3554,c,120.23059827547777,120.23059827547777
3555,c,120.23059827547777,120.23059827547777
3556,c,120.23059827547777,120.23059827547777
3557,c,17.806479509951675,18.653235805011985
3558,c,120.23059827547777,120.23059827547777
3559,t,120.23059827547777,120.23059827547777
3560,c,43.788737533890824,54.59647292869342
3561,c,19.673452838957633,24.43749433916812
3562,c,120.23059827547777,120.23059827547777
3563,c,120.23059827547777,120.23059827547777
3564,c,120.23059827547777,120.23059827547777
3565,c,120.23059827547777,120.23059827547777
3566,c,120.23059827547777,120.23059827547777
3567,c,120.23059827547777,120.23059827547777
3568,c,120.23059827547777,120.23059827547777
3569,c,120.23059827547777,120.23059827547777
3570,c,120.23059827547777,120.23059827547777
3571,c,16.466887728016225,36.048404181345944
3572,c,120.23059827547777,120.23059827547777
3573,t,120.23059827547777,120.23059827547777
3574,t,120.23059827547777,120.23059827547777
3575,c,120.23059827547777,120.23059827547777
3576,c,120.23059827547777,120.23059827547777
3577,c,120.23059827547777,120.23059827547777
3578,c,120.23059827547777,120.23059827547777
3579,c,9.961933398813892,13.517802984043861
3580,c,28.01231964740042,28.805599477006293
3581,c,120.23059827547777,120.23059827547777
3582,t,120.23059827547777,120.23059827547777
3583,c,120.23059827547777,120.23059827547777
3584,c,120.23059827547777,120.23059827547777
3585,t,120.23059827547777,120.23059827547777
3586,c,54.4109162047528,56.13808332679723
3587,c,120.23059827547777,120.23059827547777
3588,t,120.23059827547777,120.23059827547777
3589,c,5.5001856102735065,6.129035907828511
3590,c,120.23059827547777,120.23059827547777
3591,t,120.23059827547777,120.23059827547777
3592,t,120.23059827547777,120.23059827547777
3593,c,120.23059827547777,120.23059827547777
3594,c,120.23059827547777,120.23059827547777
3595,t,120.23059827547777,120.23059827547777
3596,c,120.23059827547777,120.23059827547777
3597,c,26.451170267378085,33.82872470276688
3598,t,120.23059827547777,120.23059827547777
3599,t,120.23059827547777,120.23059827547777
3600,c,31.712643704308316,33.355771085993
3601,na,0,0.06605661956141612
3602,c,41.98515667252224,46.68323368523292
3603,t,120.23059827547777,120.23059827547777
3604,c,120.23059827547777,120.23059827547777
3605,c,21.897662228482986,25.41579059737082
3606,c,120.23059827547777,120.23059827547777
3607,t,120.23059827547777,120.23059827547777
3608,c,42.35057323363995,48.20423107581381
3609,c,36.55510647440717,37.49912448843758
3610,c,60.255755192259194,120.23059827547777
3611,c,16.731664980876978,16.889657727356926
3612,c,120.23059827547777,120.23059827547777
3613,c,14.352897294985745,17.572478294595992
3614,c,28.892238102717698,120.23059827547777
3615,c,120.23059827547777,120.23059827547777
3616,c,120.23059827547777,120.23059827547777
3617,c,15.872261012967057,120.23059827547777
3618,c,120.23059827547777,120.23059827547777
3619,c,50.910377308115,53.65800654186589
3620,c,32.843069247154276,36.24380655769614
3621,c,21.902818136975217,22.268508098967168
3622,c,54.53364855375252,55.55133023254151
3623,c,120.23059827547777,120.23059827547777
3624,c,120.23059827547777,120.23059827547777
3625,c,21.33801907582616,24.14830764075935
3626,c,120.23059827547777,120.23059827547777
3627,c,120.23059827547777,120.23059827547777
3628,c,120.23059827547777,120.23059827547777
3629,t,120.23059827547777,120.23059827547777
3630,t,120.23059827547777,120.23059827547777
3631,t,120.23059827547777,120.23059827547777
3632,c,3.038465669549999,4.086800385664243
3633,t,120.23059827547777,120.23059827547777
3634,c,46.09638832885993,48.51036517773442
3635,c,120.23059827547777,120.23059827547777
3636,c,120.23059827547777,120.23059827547777
3637,t,120.23059827547777,120.23059827547777
3638,t,120.23059827547777,120.23059827547777
3639,c,28.70666951684257,29.40733464076609
3640,c,120.23059827547777,120.23059827547777
3641,c,24.4141199043731,30.465522550734594
3642,t,120.23059827547777,120.23059827547777
3643,na,6.982364759756601,8.526400116374191
3644,c,37.292633587687945,40.74167040149672
3645,t,120.23059827547777,120.23059827547777
3646,t,120.23059827547777,120.23059827547777
3647,c,28.75312177439179,34.80289465726104
3648,c,120.23059827547777,120.23059827547777
3649,c,120.23059827547777,120.23059827547777
3650,c,52.85398550254484,56.3284734276366
3651,t,120.23059827547777,120.23059827547777
3652,c,120.23059827547777,120.23059827547777
3653,c,29.073500201365515,41.9268490216253
3654,c,19.982926659204693,34.61780997491028
3655,c,120.23059827547777,120.23059827547777
3656,c,120.23059827547777,120.23059827547777
3657,c,120.23059827547777,120.23059827547777
3658,c,120.23059827547777,120.23059827547777
3659,c,120.23059827547777,120.23059827547777
3660,c,120.23059827547777,120.23059827547777
3661,na,1.1917663165593937,3.8064942121510446
3662,t,120.23059827547777,120.23059827547777
3663,t,120.23059827547777,120.23059827547777
3664,c,32.101714911235035,39.656089170302515
3665,c,23.82027676308642,30.164557456138596
3666,c,22.36193260992173,22.384451884944518
3667,c,120.23059827547777,120.23059827547777
3668,c,120.23059827547777,120.23059827547777
3669,c,120.23059827547777,120.23059827547777
3670,t,120.23059827547777,120.23059827547777
3671,c,45.270310637823016,52.60654450792258
3672,c,120.23059827547777,120.23059827547777
3673,c,35.99713201668155,39.6936814665505
3674,c,54.60837678059203,58.84080292755158
3675,c,120.23059827547777,120.23059827547777
3676,c,96.52506243851028,109.70319621746624
3677,c,120.23059827547777,120.23059827547777
3678,c,120.23059827547777,120.23059827547777
3679,c,120.23059827547777,120.23059827547777
3680,c,120.23059827547777,120.23059827547777
3681,t,120.23059827547777,120.23059827547777
3682,c,120.23059827547777,120.23059827547777
3683,c,120.23059827547777,120.23059827547777
3684,t,120.23059827547777,120.23059827547777
3685,c,120.23059827547777,120.23059827547777
3686,c,120.23059827547777,120.23059827547777
3687,c,120.23059827547777,120.23059827547777
3688,c,120.23059827547777,120.23059827547777
3689,c,120.23059827547777,120.23059827547777
3690,c,30.385128178039206,32.1843164006777
3691,c,120.23059827547777,120.23059827547777
3692,t,120.23059827547777,120.23059827547777
3693,na,0.3591052396369439,10.847145689630134
3694,t,120.23059827547777,120.23059827547777
3695,c,120.23059827547777,120.23059827547777
3696,c,120.23059827547777,120.23059827547777
3697,c,18.41074649162259,21.458948874119677
3698,t,120.23059827547777,120.23059827547777
3699,c,120.23059827547777,120.23059827547777
3700,c,120.23059827547777,120.23059827547777
3701,c,32.72347071317993,34.95985350195079
3702,c,120.23059827547777,120.23059827547777
3703,c,120.23059827547777,120.23059827547777
3704,c,120.23059827547777,120.23059827547777
3705,c,120.23059827547777,120.23059827547777
3706,c,120.23059827547777,120.23059827547777
3707,c,20.862879732815227,120.23059827547777
3708,c,120.23059827547777,120.23059827547777
3709,c,120.23059827547777,120.23059827547777
3710,c,24.49290709782891,29.15558390336212
3711,c,120.23059827547777,120.23059827547777
3712,c,39.47737658775544,41.469497083436536
3713,c,120.23059827547777,120.23059827547777
3714,c,37.25543067893371,37.52785244400504
3715,t,120.23059827547777,120.23059827547777
3716,c,120.23059827547777,120.23059827547777
3717,t,120.23059827547777,120.23059827547777
3718,c,120.23059827547777,120.23059827547777
3719,c,120.23059827547777,120.23059827547777
3720,c,120.23059827547777,120.23059827547777
3721,c,120.23059827547777,120.23059827547777
3722,c,120.23059827547777,120.23059827547777
3723,c,40.93514263757897,120.23059827547777
3724,c,39.48056994034456,39.66077016192357
3725,c,120.23059827547777,120.23059827547777
3726,c,120.23059827547777,120.23059827547777
3727,c,69.46882236598758,70.27634028695121
3728,c,120.23059827547777,120.23059827547777
3729,c,7.005516537537871,7.015399849503511
3730,c,120.23059827547777,120.23059827547777
3731,c,49.04036993735266,50.4891736207344
3732,c,39.911300833508356,120.23059827547777
3733,t,120.23059827547777,120.23059827547777
3734,c,24.718634019746094,25.21364654646974
3735,na,-1,0
3736,c,120.23059827547777,120.23059827547777
3737,c,24.73618180443047,28.236704829213934
3738,c,32.34609174760307,37.58052462051439
3739,c,120.23059827547777,120.23059827547777
3740,c,120.23059827547777,120.23059827547777
3741,t,120.23059827547777,120.23059827547777
3742,c,120.23059827547777,120.23059827547777
3743,c,120.23059827547777,120.23059827547777
3744,t,120.23059827547777,120.23059827547777
3745,c,31.268415505797687,35.58148549024242
3746,c,68.99218468242516,76.45607003009744
3747,c,26.27233463516491,29.73323299816791
3748,c,120.23059827547777,120.23059827547777
3749,c,120.23059827547777,120.23059827547777
3750,c,23.26318619730841,26.70628150829746
3751,t,120.23059827547777,120.23059827547777
3752,c,120.23059827547777,120.23059827547777
3753,c,5.626174925774335,5.706488775027141
3754,c,35.65079020600996,37.4305994094244
3755,c,49.64301306823843,51.213322040935886
3756,c,31.02602966708418,120.23059827547777
3757,c,120.23059827547777,120.23059827547777
3758,t,120.23059827547777,120.23059827547777
3759,t,120.23059827547777,120.23059827547777
3760,t,120.23059827547777,120.23059827547777
3761,c,120.23059827547777,120.23059827547777
3762,t,120.23059827547777,120.23059827547777
3763,c,120.23059827547777,120.23059827547777
3764,c,7.137535999576293,9.874468804611839
3765,t,120.23059827547777,120.23059827547777
3766,c,120.23059827547777,120.23059827547777
3767,c,120.23059827547777,120.23059827547777
3768,c,120.23059827547777,120.23059827547777
3769,c,120.23059827547777,120.23059827547777
3770,c,33.902135690650375,39.28265034766788
3771,c,120.23059827547777,120.23059827547777
3772,c,120.23059827547777,120.23059827547777
3773,c,23.14994927240602,23.800249410127925
3774,c,120.23059827547777,120.23059827547777
3775,c,120.23059827547777,120.23059827547777
3776,c,120.23059827547777,120.23059827547777
3777,t,120.23059827547777,120.23059827547777
3778,c,23.719256788920255,24.41246371394619
3779,c,120.23059827547777,120.23059827547777
3780,c,120.23059827547777,120.23059827547777
3781,c,120.23059827547777,120.23059827547777
3782,c,120.23059827547777,120.23059827547777
3783,c,120.23059827547777,120.23059827547777
3784,c,120.23059827547777,120.23059827547777
3785,c,29.555053650742227,29.76706918622912
3786,c,20.524318686849462,27.45545494249564
3787,t,120.23059827547777,120.23059827547777
3788,c,120.23059827547777,120.23059827547777
3789,t,120.23059827547777,120.23059827547777
3790,na,-1,0
3791,c,120.23059827547777,120.23059827547777
3792,c,120.23059827547777,120.23059827547777
3793,c,120.23059827547777,120.23059827547777
3794,c,27.894142697086526,30.534596339698233
3795,c,120.23059827547777,120.23059827547777
3796,c,5.17397346825459,120.23059827547777
3797,c,47.10517480409289,49.979726629568766
3798,c,28.717602958551105,32.6192914289129
3799,t,120.23059827547777,120.23059827547777
3800,c,120.23059827547777,120.23059827547777
3801,c,44.40577127046041,49.02019817304612
3802,c,120.23059827547777,120.23059827547777
3803,na,-1,0
3804,c,120.23059827547777,120.23059827547777
3805,t,120.23059827547777,120.23059827547777
3806,c,5.752269299304273,9.277297040402477
3807,c,16.710672228890516,25.595041360850082
3808,c,29.355735499941176,33.098818566660235
3809,c,120.23059827547777,120.23059827547777
3810,c,21.02889332629655,30.04422400295509
3811,c,120.23059827547777,120.23059827547777
3812,c,42.84978635932553,45.77073721027379
3813,c,120.23059827547777,120.23059827547777
3814,c,120.23059827547777,120.23059827547777
3815,c,35.171084357624295,43.65904373330706
3816,c,120.23059827547777,120.23059827547777
3817,t,120.23059827547777,120.23059827547777
3818,c,120.23059827547777,120.23059827547777
3819,c,120.23059827547777,120.23059827547777
3820,c,25.23801038259975,25.953545541620937
3821,c,120.23059827547777,120.23059827547777
3822,c,8.621496725277362,8.907699075032546
3823,c,120.23059827547777,120.23059827547777
3824,c,120.23059827547777,120.23059827547777
3825,c,120.23059827547777,120.23059827547777
3826,c,20.956438544658376,28.742048664845353
3827,c,120.23059827547777,120.23059827547777
3828,c,18.74738014215579,120.23059827547777
3829,c,46.28184947699652,68.77548875245603
3830,c,120.23059827547777,120.23059827547777
3831,c,10.816339864971445,13.427023444440898
3832,c,32.56281028441042,34.61620440957244
3833,c,24.854507268333222,25.071094307185017
3834,c,59.040806001486544,59.262240973487565
3835,c,120.23059827547777,120.23059827547777
3836,c,120.23059827547777,120.23059827547777
3837,t,120.23059827547777,120.23059827547777
3838,c,29.557312021459918,29.69521197582648
3839,c,120.23059827547777,120.23059827547777
3840,c,120.23059827547777,120.23059827547777
3841,c,50.02219989849332,60.97482781294069
3842,c,84.71307808513453,93.05175077657579
3843,c,120.23059827547777,120.23059827547777
3844,c,32.63877889028905,37.50010903566872
3845,na,10.438393877561415,10.88860951537409
3846,c,120.23059827547777,120.23059827547777
3847,c,21.887117594881687,24.07997489576852
3848,c,40.161586520535565,44.00947473292887
3849,c,47.42391753530229,48.202165764602206
3850,t,120.23059827547777,120.23059827547777
3851,c,25.38046379155039,35.00979987455329
3852,t,120.23059827547777,120.23059827547777
3853,na,-1,0
3854,c,120.23059827547777,120.23059827547777
3855,c,15.86173187893191,17.841561140504297
3856,c,120.23059827547777,120.23059827547777
3857,c,120.23059827547777,120.23059827547777
3858,t,120.23059827547777,120.23059827547777
3859,c,31.063998468387464,120.23059827547777
3860,c,120.23059827547777,120.23059827547777
3861,c,120.23059827547777,120.23059827547777
3862,c,120.23059827547777,120.23059827547777
3863,c,120.23059827547777,120.23059827547777
3864,c,120.23059827547777,120.23059827547777
3865,c,120.23059827547777,120.23059827547777
3866,t,120.23059827547777,120.23059827547777
3867,c,8.301663113009681,9.780695842579942
3868,c,120.23059827547777,120.23059827547777
3869,t,120.23059827547777,120.23059827547777
3870,c,32.873593878167306,37.97461299982004
3871,c,13.031385046163486,120.23059827547777
3872,c,120.23059827547777,120.23059827547777
3873,c,120.23059827547777,120.23059827547777
3874,c,120.23059827547777,120.23059827547777
3875,c,21.80869081598497,23.073542551404735
3876,c,120.23059827547777,120.23059827547777
3877,c,15.554630342375244,17.91924787437661
3878,na,2.980052228399922,18.068972280854986
3879,c,43.3337703173195,43.70309896885528
3880,c,120.23059827547777,120.23059827547777
3881,c,120.23059827547777,120.23059827547777
3882,c,32.80052559077514,44.586566053234016
3883,c,28.33787051976203,28.82506123028249
3884,t,120.23059827547777,120.23059827547777
3885,c,120.23059827547777,120.23059827547777
3886,c,120.23059827547777,120.23059827547777
3887,c,120.23059827547777,120.23059827547777
3888,t,120.23059827547777,120.23059827547777
3889,c,21.14948365176499,120.23059827547777
3890,c,120.23059827547777,120.23059827547777
3891,c,120.23059827547777,120.23059827547777
3892,t,120.23059827547777,120.23059827547777
3893,c,120.23059827547777,120.23059827547777
3894,c,120.23059827547777,120.23059827547777
3895,c,27.394066773553092,40.76613035595648
3896,c,120.23059827547777,120.23059827547777
3897,c,120.23059827547777,120.23059827547777
3898,c,27.223973202427725,39.42934932811288
3899,t,120.23059827547777,120.23059827547777
3900,c,7.35073995628212,10.31795111339861
3901,c,18.717730232663335,30.026070672165538
3902,c,17.890934654115103,22.43551084751075
3903,c,13.2815571585022,13.768300336967407
3904,c,36.38229040348401,40.81094681133933
3905,t,120.23059827547777,120.23059827547777
3906,c,37.886976561845245,38.76521415134054
3907,t,120.23059827547777,120.23059827547777
3908,c,120.23059827547777,120.23059827547777
3909,c,34.48828576825757,37.11017397348511
3910,t,120.23059827547777,120.23059827547777
3911,c,120.23059827547777,120.23059827547777
3912,c,0.6418715615095169,120.23059827547777
3913,c,37.958659787062984,38.3341732721092
3914,c,120.23059827547777,120.23059827547777
3915,c,50.648152135787456,51.74145661605017
3916,c,120.23059827547777,120.23059827547777
3917,c,120.23059827547777,120.23059827547777
3918,t,120.23059827547777,120.23059827547777
3919,t,120.23059827547777,120.23059827547777
3920,c,120.23059827547777,120.23059827547777
3921,c,19.531740387491137,30.654751734288656
3922,c,120.23059827547777,120.23059827547777
3923,c,120.23059827547777,120.23059827547777
3924,c,120.23059827547777,120.23059827547777
3925,t,120.23059827547777,120.23059827547777
3926,c,22.974470132295597,23.18327898573345
3927,c,59.568030025026054,60.31134318506451
3928,c,120.23059827547777,120.23059827547777
3929,c,28.526948570328067,31.867871326831267
3930,t,120.23059827547777,120.23059827547777
3931,c,120.23059827547777,120.23059827547777
3932,c,45.14398934060758,120.23059827547777
3933,c,35.521617547620664,40.35269775279807
3934,c,26.455212752680268,31.027293524660454
3935,c,18.323157871880614,27.274747875107252
3936,c,52.82614998355873,120.23059827547777
3937,c,120.23059827547777,120.23059827547777
3938,t,120.23059827547777,120.23059827547777
3939,c,120.23059827547777,120.23059827547777
3940,c,23.26798083773509,26.574497179911095
3941,t,120.23059827547777,120.23059827547777
3942,c,120.23059827547777,120.23059827547777
3943,c,120.23059827547777,120.23059827547777
3944,c,41.723931330065795,42.082590127424886
3945,c,16.965642719119092,18.466230579827446
3946,t,120.23059827547777,120.23059827547777
3947,c,8.45448918655641,8.928315113822242
3948,c,120.23059827547777,120.23059827547777
3949,c,120.23059827547777,120.23059827547777
3950,c,120.23059827547777,120.23059827547777
3951,c,120.23059827547777,120.23059827547777
3952,c,120.23059827547777,120.23059827547777
3953,c,120.23059827547777,120.23059827547777
3954,t,120.23059827547777,120.23059827547777
3955,c,120.23059827547777,120.23059827547777
3956,c,14.161062268838434,24.36489975367064
3957,c,120.23059827547777,120.23059827547777
3958,c,120.23059827547777,120.23059827547777
3959,c,30.70358127398965,47.179393933379714
3960,c,22.18092215094788,25.329980277522996
3961,c,76.72569502034206,83.50331811687727
3962,na,0,0.5920058819605091
3963,t,120.23059827547777,120.23059827547777
3964,c,120.23059827547777,120.23059827547777
3965,c,120.23059827547777,120.23059827547777
3966,t,120.23059827547777,120.23059827547777
3967,t,120.23059827547777,120.23059827547777
3968,c,20.5572838800007,21.1297297650602
3969,t,120.23059827547777,120.23059827547777
3970,c,16.85961196943559,18.068328139594758
3971,t,120.23059827547777,120.23059827547777
3972,c,120.23059827547777,120.23059827547777
3973,c,13.868760785606481,13.882420198917949
3974,c,120.23059827547777,120.23059827547777
3975,t,120.23059827547777,120.23059827547777
3976,c,26.722478956405386,27.616127202924524
3977,c,22.916161126578967,25.075772276895666
3978,c,27.98919941250879,28.08155869530541
3979,c,120.23059827547777,120.23059827547777
3980,c,17.5270050455124,17.960772862256103
3981,c,120.23059827547777,120.23059827547777
3982,c,120.23059827547777,120.23059827547777
3983,t,120.23059827547777,120.23059827547777
3984,c,120.23059827547777,120.23059827547777
3985,c,120.23059827547777,120.23059827547777
3986,c,120.23059827547777,120.23059827547777
3987,t,120.23059827547777,120.23059827547777
3988,c,57.65501312031901,69.88878092347835
3989,t,120.23059827547777,120.23059827547777
3990,t,120.23059827547777,120.23059827547777
3991,c,120.23059827547777,120.23059827547777
3992,t,120.23059827547777,120.23059827547777
3993,c,28.370209263641478,29.013709236167106
3994,c,120.23059827547777,120.23059827547777
3995,c,31.546625207004414,33.677498682587014
3996,c,60.909784311573056,69.0383757615989
3997,c,120.23059827547777,120.23059827547777
3998,c,19.26827916913381,25.524613419191095
3999,c,34.37694172847299,34.60870167573498
4000,c,120.23059827547777,120.23059827547777
4001,c,34.84163115449786,35.14324534745239
4002,c,65.2437944760444,77.98151615435441
4003,c,7.7734167089290915,12.76213868654305
4004,na,0.30774079326670734,3.1180097021590876
4005,c,120.23059827547777,120.23059827547777
4006,t,120.23059827547777,120.23059827547777
4007,c,51.940439369934666,55.60627809507192
4008,c,37.300005726821524,46.42304994796064
4009,c,60.72433716677142,65.98191428076818
4010,c,120.23059827547777,120.23059827547777
4011,c,120.23059827547777,120.23059827547777
4012,c,83.40419904450616,85.65076215979478
4013,c,24.270370845870623,28.11930191753024
4014,c,120.23059827547777,120.23059827547777
4015,c,120.23059827547777,120.23059827547777
4016,c,120.23059827547777,120.23059827547777
4017,t,120.23059827547777,120.23059827547777
4018,c,120.23059827547777,120.23059827547777
4019,t,120.23059827547777,120.23059827547777
4020,c,26.090471154056708,28.246660541115375
4021,c,120.23059827547777,120.23059827547777
4022,c,28.379733761430934,36.16286501392169
4023,c,120.23059827547777,120.23059827547777
4024,c,26.450571089686445,27.101850871456413
4025,t,120.23059827547777,120.23059827547777
4026,c,16.285158163702885,16.910290290515157
4027,c,10.473206023217754,120.23059827547777
4028,t,120.23059827547777,120.23059827547777
4029,t,120.23059827547777,120.23059827547777
4030,c,63.26381878192531,120.23059827547777
4031,t,120.23059827547777,120.23059827547777
4032,c,120.23059827547777,120.23059827547777
4033,na,-1,0
4034,c,32.7262557641661,37.468280292300264
4035,t,120.23059827547777,120.23059827547777
4036,t,120.23059827547777,120.23059827547777
4037,t,120.23059827547777,120.23059827547777
4038,c,120.23059827547777,120.23059827547777
4039,c,24.779600975918946,25.222765847069134
4040,c,120.23059827547777,120.23059827547777
4041,c,30.549620049557728,34.106673987116416
4042,c,120.23059827547777,120.23059827547777
4043,c,17.343684786828323,19.822737554718042
4044,c,15.803775759943077,20.917020807307317
4045,c,120.23059827547777,120.23059827547777
4046,c,30.557148298959067,32.474262041651336
4047,t,120.23059827547777,120.23059827547777
4048,c,120.23059827547777,120.23059827547777
4049,c,120.23059827547777,120.23059827547777
4050,c,47.48265734191729,48.012895294598394
4051,t,120.23059827547777,120.23059827547777
4052,c,66.8128685361557,73.23108938181538
4053,c,120.23059827547777,120.23059827547777
4054,c,120.23059827547777,120.23059827547777
4055,c,120.23059827547777,120.23059827547777
4056,c,120.23059827547777,120.23059827547777
4057,c,15.265256389069762,17.136150761386773
4058,t,120.23059827547777,120.23059827547777
4059,c,34.881929968991834,40.7847464879821
4060,c,120.23059827547777,120.23059827547777
4061,c,43.198282624873336,44.4118926299375
4062,c,120.23059827547777,120.23059827547777
4063,c,41.11074849150907,120.23059827547777
4064,c,38.567628182943416,39.10512391023308
4065,c,120.23059827547777,120.23059827547777
4066,c,120.23059827547777,120.23059827547777
4067,c,120.23059827547777,120.23059827547777
4068,c,94.16292616740404,120.23059827547777
4069,c,16.718331434451663,25.371907112834332
4070,c,120.23059827547777,120.23059827547777
4071,t,120.23059827547777,120.23059827547777
4072,c,120.23059827547777,120.23059827547777
4073,c,28.31467446436669,29.03427503381603
4074,c,120.23059827547777,120.23059827547777
4075,c,120.23059827547777,120.23059827547777
4076,t,120.23059827547777,120.23059827547777
4077,c,9.788396250921553,11.220136448499918
4078,t,120.23059827547777,120.23059827547777
4079,c,3.7313503045732674,5.095085823702401
4080,c,36.100827715002694,42.19771411061613
4081,c,120.23059827547777,120.23059827547777
4082,t,120.23059827547777,120.23059827547777
4083,c,120.23059827547777,120.23059827547777
4084,c,120.23059827547777,120.23059827547777
4085,c,59.09301878799154,75.89583637770414
4086,c,120.23059827547777,120.23059827547777
4087,t,120.23059827547777,120.23059827547777
4088,c,37.63370117524739,47.027969331738774
4089,c,120.23059827547777,120.23059827547777
4090,c,23.90846584642462,27.995276329298367
4091,t,120.23059827547777,120.23059827547777
4092,c,13.452505270395385,24.1149693287218
4093,c,42.38842460968459,43.03182091220144
4094,c,120.23059827547777,120.23059827547777
4095,c,120.23059827547777,120.23059827547777
4096,c,120.23059827547777,120.23059827547777
4097,c,120.23059827547777,120.23059827547777
4098,t,120.23059827547777,120.23059827547777
4099,c,21.922355915698464,25.472205981985905
4100,c,120.23059827547777,120.23059827547777
4101,t,120.23059827547777,120.23059827547777
4102,c,120.23059827547777,120.23059827547777
4103,c,120.23059827547777,120.23059827547777
4104,c,120.23059827547777,120.23059827547777
4105,c,120.23059827547777,120.23059827547777
4106,na,0,2.100522827085118
4107,c,12.31711960733325,16.483269063850575
4108,c,32.29585666411551,35.589659897128264
4109,c,120.23059827547777,120.23059827547777
4110,c,120.23059827547777,120.23059827547777
4111,c,120.23059827547777,120.23059827547777
4112,c,18.12608165222229,120.23059827547777
4113,c,120.23059827547777,120.23059827547777
4114,c,120.23059827547777,120.23059827547777
4115,c,120.23059827547777,120.23059827547777
4116,c,120.23059827547777,120.23059827547777
4117,c,120.23059827547777,120.23059827547777
4118,t,120.23059827547777,120.23059827547777
4119,c,120.23059827547777,120.23059827547777
4120,c,80.69400758428628,83.69551267730252
4121,c,30.86631570024674,34.62908731685537
4122,c,120.23059827547777,120.23059827547777
4123,c,120.23059827547777,120.23059827547777
4124,c,120.23059827547777,120.23059827547777
4125,c,120.23059827547777,120.23059827547777
4126,t,120.23059827547777,120.23059827547777
4127,c,120.23059827547777,120.23059827547777
4128,c,22.737482469844704,27.602659672125085
4129,t,120.23059827547777,120.23059827547777
4130,t,120.23059827547777,120.23059827547777
4131,c,27.070311221452,29.747201502854228
4132,na,0,8.786148307516058
4133,c,52.85715785979082,120.23059827547777
4134,c,120.23059827547777,120.23059827547777
4135,c,120.23059827547777,120.23059827547777
4136,c,120.23059827547777,120.23059827547777
4137,t,120.23059827547777,120.23059827547777
4138,t,120.23059827547777,120.23059827547777
4139,c,14.786373248831222,15.385865650890153
4140,c,43.376014717287404,46.63208131958627
4141,t,120.23059827547777,120.23059827547777
4142,t,120.23059827547777,120.23059827547777
4143,c,62.46346126377721,62.61275282391466
4144,c,120.23059827547777,120.23059827547777
4145,c,30.636365163944095,120.23059827547777
4146,c,120.23059827547777,120.23059827547777
4147,c,27.38468562430988,34.68051962482058
4148,c,50.94102801381414,120.23059827547777
4149,c,120.23059827547777,120.23059827547777
4150,c,19.250712568467094,32.633342344131435
4151,c,120.23059827547777,120.23059827547777
4152,c,26.09159765996582,27.92845274731444
4153,c,23.385290727366364,30.72743437804529
4154,c,120.23059827547777,120.23059827547777
4155,c,31.594965070424344,36.99864594808416
4156,c,30.153005749431195,47.85862016144155
4157,t,120.23059827547777,120.23059827547777
4158,t,120.23059827547777,120.23059827547777
4159,c,120.23059827547777,120.23059827547777
4160,c,37.38119412903754,37.656609330942686
4161,c,120.23059827547777,120.23059827547777
4162,c,120.23059827547777,120.23059827547777
4163,t,120.23059827547777,120.23059827547777
4164,c,120.23059827547777,120.23059827547777
4165,c,27.238321004866215,120.23059827547777
4166,c,32.92435289644076,33.01109461970888
4167,c,120.23059827547777,120.23059827547777
4168,c,120.23059827547777,120.23059827547777
4169,c,37.01164866693762,39.93229580165824
4170,c,25.52265258030618,44.32432445838425
4171,t,120.23059827547777,120.23059827547777
4172,c,32.68719391868976,36.68606072200994
4173,c,120.23059827547777,120.23059827547777
4174,t,120.23059827547777,120.23059827547777
4175,c,120.23059827547777,120.23059827547777
4176,c,120.23059827547777,120.23059827547777
4177,c,120.23059827547777,120.23059827547777
4178,c,37.31318538532788,38.76292676736821
4179,c,120.23059827547777,120.23059827547777
4180,t,120.23059827547777,120.23059827547777
4181,c,65.94331280682106,70.01159928506262
4182,c,120.23059827547777,120.23059827547777
4183,c,120.23059827547777,120.23059827547777
4184,c,120.23059827547777,120.23059827547777
4185,c,23.47503110109247,27.002061227256206
4186,c,120.23059827547777,120.23059827547777
4187,c,120.23059827547777,120.23059827547777
4188,c,21.883189270905874,25.593215758521247
4189,na,12.730579466365294,17.946350927717525
4190,t,120.23059827547777,120.23059827547777
4191,c,8.191897406406195,9.69317772785407
4192,t,120.23059827547777,120.23059827547777
4193,c,120.23059827547777,120.23059827547777
4194,c,120.23059827547777,120.23059827547777
4195,c,120.23059827547777,120.23059827547777
4196,c,120.23059827547777,120.23059827547777
4197,c,120.23059827547777,120.23059827547777
4198,na,9.144102172127042,10.01211281266119
4199,c,120.23059827547777,120.23059827547777
4200,c,120.23059827547777,120.23059827547777
4201,c,14.907659178542527,16.476151705973987
4202,c,44.866222709532224,58.460419397482966
4203,c,13.451461396704463,19.60131985761706
4204,c,120.23059827547777,120.23059827547777
4205,c,120.23059827547777,120.23059827547777
4206,c,36.767703986489785,40.24648019229598
4207,c,120.23059827547777,120.23059827547777
4208,t,120.23059827547777,120.23059827547777
4209,c,120.23059827547777,120.23059827547777
4210,c,120.23059827547777,120.23059827547777
4211,c,120.23059827547777,120.23059827547777
4212,c,120.23059827547777,120.23059827547777
4213,t,120.23059827547777,120.23059827547777
4214,c,120.23059827547777,120.23059827547777
4215,t,120.23059827547777,120.23059827547777
4216,t,120.23059827547777,120.23059827547777
4217,c,120.23059827547777,120.23059827547777
4218,c,120.23059827547777,120.23059827547777
4219,c,120.23059827547777,120.23059827547777
4220,c,29.130153006445507,120.23059827547777
4221,c,71.683800705037,73.23138564580857
4222,t,120.23059827547777,120.23059827547777
4223,c,120.23059827547777,120.23059827547777
4224,c,120.23059827547777,120.23059827547777
4225,c,120.23059827547777,120.23059827547777
4226,c,120.23059827547777,120.23059827547777
4227,c,23.523719890154922,26.271906469712892
4228,c,29.527874305284552,37.61092858447583
4229,c,12.214281146152755,16.11931349725061
4230,c,120.23059827547777,120.23059827547777
4231,t,120.23059827547777,120.23059827547777
4232,c,16.591177423638364,26.775817434438178
4233,c,18.24037611805241,18.637959091455635
4234,c,120.23059827547777,120.23059827547777
4235,c,48.69628505565389,60.013630148221544
4236,c,120.23059827547777,120.23059827547777
4237,t,120.23059827547777,120.23059827547777
4238,c,120.23059827547777,120.23059827547777
4239,c,120.23059827547777,120.23059827547777
4240,c,120.23059827547777,120.23059827547777
4241,t,120.23059827547777,120.23059827547777
4242,c,40.77689248433162,43.85904593200816
4243,c,19.894173309913967,30.08607564219712
4244,c,40.501519904629205,48.15513882513029
4245,c,120.23059827547777,120.23059827547777
4246,na,3.4745191461543796,4.885335999677342
4247,c,120.23059827547777,120.23059827547777
4248,t,120.23059827547777,120.23059827547777
4249,c,120.23059827547777,120.23059827547777
4250,c,120.23059827547777,120.23059827547777
4251,c,120.23059827547777,120.23059827547777
4252,t,120.23059827547777,120.23059827547777
4253,c,120.23059827547777,120.23059827547777
4254,c,23.27369719224749,34.54428130651395
4255,c,120.23059827547777,120.23059827547777
4256,t,120.23059827547777,120.23059827547777
4257,c,120.23059827547777,120.23059827547777
4258,c,7.151468840962321,14.886883609598843
4259,c,120.23059827547777,120.23059827547777
4260,t,120.23059827547777,120.23059827547777
4261,c,120.23059827547777,120.23059827547777
4262,c,43.57076918937092,53.347574700298665
4263,c,120.23059827547777,120.23059827547777
4264,c,26.256992336175806,41.383931168247585
4265,c,120.23059827547777,120.23059827547777
4266,t,120.23059827547777,120.23059827547777
4267,c,63.242084329960775,71.20995638362388
4268,t,120.23059827547777,120.23059827547777
4269,t,120.23059827547777,120.23059827547777
4270,c,120.23059827547777,120.23059827547777
4271,t,120.23059827547777,120.23059827547777
4272,c,120.23059827547777,120.23059827547777
4273,c,46.67917651100114,51.00856307961286
4274,t,120.23059827547777,120.23059827547777
4275,c,16.00260696959428,17.557145965044004
4276,c,120.23059827547777,120.23059827547777
4277,na,-1,0
4278,c,120.23059827547777,120.23059827547777
4279,na,0,0.9255818899086106
4280,c,120.23059827547777,120.23059827547777
4281,c,120.23059827547777,120.23059827547777
4282,c,120.23059827547777,120.23059827547777
4283,c,120.23059827547777,120.23059827547777
4284,c,120.23059827547777,120.23059827547777
4285,t,120.23059827547777,120.23059827547777
4286,c,120.23059827547777,120.23059827547777
4287,c,120.23059827547777,120.23059827547777
4288,c,21.435891979128108,35.39253218901454
4289,c,47.068871310894274,55.75492965427691
4290,c,41.93626997901208,48.86219739977405
4291,t,120.23059827547777,120.23059827547777
4292,c,120.23059827547777,120.23059827547777
4293,c,35.20410618518802,37.978603964300696
4294,c,120.23059827547777,120.23059827547777
4295,c,120.23059827547777,120.23059827547777
4296,c,120.23059827547777,120.23059827547777
4297,c,41.27960201753579,44.86942512885755
4298,c,36.61462063395942,39.6682191013908
4299,c,120.23059827547777,120.23059827547777
4300,c,25.850171901719744,30.586400058416
4301,t,120.23059827547777,120.23059827547777
4302,c,38.99918684257377,40.161810312402245
4303,c,120.23059827547777,120.23059827547777
4304,c,120.23059827547777,120.23059827547777
4305,c,120.23059827547777,120.23059827547777
4306,c,120.23059827547777,120.23059827547777
4307,t,120.23059827547777,120.23059827547777
4308,t,120.23059827547777,120.23059827547777
4309,t,120.23059827547777,120.23059827547777
4310,c,120.23059827547777,120.23059827547777
4311,c,17.713617847041757,23.41623213443625
4312,t,120.23059827547777,120.23059827547777
4313,c,120.23059827547777,120.23059827547777
4314,c,120.23059827547777,120.23059827547777
4315,c,120.23059827547777,120.23059827547777
4316,c,120.23059827547777,120.23059827547777
4317,c,120.23059827547777,120.23059827547777
4318,c,31.70916066388348,32.470626813704634
4319,t,120.23059827547777,120.23059827547777
4320,t,120.23059827547777,120.23059827547777
4321,c,120.23059827547777,120.23059827547777
4322,c,65.19902740514253,120.23059827547777
4323,c,49.07919777285386,49.47885506183513
4324,c,120.23059827547777,120.23059827547777
4325,c,23.28972846063103,35.810559675164896
4326,c,44.53654557341875,45.763337893434915
4327,c,120.23059827547777,120.23059827547777
4328,c,120.23059827547777,120.23059827547777
4329,c,23.358046628095565,25.34349479840007
4330,c,120.23059827547777,120.23059827547777
4331,c,44.8396802458829,53.90142547223853
4332,c,16.375119730393013,18.280585553954438
4333,c,120.23059827547777,120.23059827547777
4334,c,20.32935587917491,25.534385848252153
4335,c,24.677174224105553,25.69104833983006
4336,c,15.505619605186391,15.797002777804984
4337,c,70.35494458108512,83.89371104407782
4338,c,120.23059827547777,120.23059827547777
4339,c,120.23059827547777,120.23059827547777
4340,c,31.94760443952691,46.79916772157361
4341,c,120.23059827547777,120.23059827547777
4342,c,120.23059827547777,120.23059827547777
4343,c,120.23059827547777,120.23059827547777
4344,c,120.23059827547777,120.23059827547777
4345,t,120.23059827547777,120.23059827547777
4346,c,12.815758255437846,25.145530228563484
4347,t,120.23059827547777,120.23059827547777
4348,c,120.23059827547777,120.23059827547777
4349,c,45.601969540052394,46.80538529098993
4350,c,9.082623611818772,16.40899195054286
4351,c,32.4408083348308,38.906324786592236
4352,t,120.23059827547777,120.23059827547777
4353,c,24.5961915517235,28.827511483506925
4354,c,120.23059827547777,120.23059827547777
4355,c,120.23059827547777,120.23059827547777
4356,c,120.23059827547777,120.23059827547777
4357,t,120.23059827547777,120.23059827547777
4358,c,120.23059827547777,120.23059827547777
4359,c,120.23059827547777,120.23059827547777
4360,c,13.57286016669504,17.70762978639235
4361,c,120.23059827547777,120.23059827547777
4362,c,120.23059827547777,120.23059827547777
4363,c,120.23059827547777,120.23059827547777
4364,c,120.23059827547777,120.23059827547777
4365,t,120.23059827547777,120.23059827547777
4366,c,11.660982862410231,20.105303642447716
4367,c,120.23059827547777,120.23059827547777
4368,c,120.23059827547777,120.23059827547777
4369,t,120.23059827547777,120.23059827547777
4370,c,24.51352854677913,27.533342294625864
4371,c,120.23059827547777,120.23059827547777
4372,c,120.23059827547777,120.23059827547777
4373,t,120.23059827547777,120.23059827547777
4374,c,120.23059827547777,120.23059827547777
4375,t,120.23059827547777,120.23059827547777
4376,c,87.72745804370751,88.25746564947642
4377,c,59.114013149723064,120.23059827547777
4378,c,120.23059827547777,120.23059827547777
4379,t,120.23059827547777,120.23059827547777
4380,c,17.022850733567164,17.441052523459174
4381,c,120.23059827547777,120.23059827547777
4382,c,120.23059827547777,120.23059827547777
4383,c,120.23059827547777,120.23059827547777
4384,t,120.23059827547777,120.23059827547777
4385,c,120.23059827547777,120.23059827547777
4386,c,120.23059827547777,120.23059827547777
4387,c,120.23059827547777,120.23059827547777
4388,c,120.23059827547777,120.23059827547777
4389,c,17.259246238553573,24.035196956944198
4390,c,52.574271198863734,54.3342821238315
4391,c,25.16968023422123,28.63163001900774
4392,c,34.72247298533435,35.50231547404359
4393,t,120.23059827547777,120.23059827547777
4394,c,120.23059827547777,120.23059827547777
4395,t,120.23059827547777,120.23059827547777
4396,c,120.23059827547777,120.23059827547777
4397,c,120.23059827547777,120.23059827547777
4398,c,120.23059827547777,120.23059827547777
4399,c,26.60590538365039,29.720496098656728
4400,c,23.65503127023705,27.195790446387505
4401,c,120.23059827547777,120.23059827547777
4402,t,120.23059827547777,120.23059827547777
4403,c,23.855867971580487,26.85236938508845
4404,c,120.23059827547777,120.23059827547777
4405,c,29.394689972875664,31.298936768392455
4406,c,60.11355377011417,62.302645175253154
4407,c,120.23059827547777,120.23059827547777
4408,c,120.23059827547777,120.23059827547777
4409,c,49.044701355425744,62.802883695376885
4410,t,120.23059827547777,120.23059827547777
4411,c,22.90280325681926,27.03880786317708
4412,c,21.907279608755783,26.114291281243833
4413,c,44.692106933236886,46.81127405952958
4414,c,25.029861925892288,27.912600731435695
4415,c,120.23059827547777,120.23059827547777
4416,c,120.23059827547777,120.23059827547777
4417,c,41.48788651377173,50.619559191250566
4418,c,16.72711350490827,120.23059827547777
4419,c,85.78148413121187,88.05073054086319
4420,c,16.168046450558755,21.740330446007754
4421,c,15.018644610030728,16.185774144061313
4422,c,24.93402579438788,24.93511893927438
4423,c,120.23059827547777,120.23059827547777
4424,c,20.601001810145142,23.355252590501255
4425,c,23.52282915158886,120.23059827547777
4426,c,39.71303796922142,41.123050161860355
4427,c,120.23059827547777,120.23059827547777
4428,c,16.007031240346596,17.694421968097355
4429,c,120.23059827547777,120.23059827547777
4430,na,1.1644493948912567,2.2532053628039335
4431,t,120.23059827547777,120.23059827547777
4432,c,21.34012604428009,23.767511105506284
4433,c,11.55790390692368,13.059174580961125
4434,c,120.23059827547777,120.23059827547777
4435,c,120.23059827547777,120.23059827547777
4436,c,120.23059827547777,120.23059827547777
4437,t,120.23059827547777,120.23059827547777
4438,c,8.55688610994028,12.528431415883027
4439,t,120.23059827547777,120.23059827547777
4440,c,120.23059827547777,120.23059827547777
4441,c,120.23059827547777,120.23059827547777
4442,c,18.66337431176243,120.23059827547777
4443,t,120.23059827547777,120.23059827547777
4444,c,120.23059827547777,120.23059827547777
4445,c,32.63598603436595,43.98916718332628
4446,c,31.240035593948118,120.23059827547777
4447,c,66.50580509053584,67.3272005191001
4448,c,120.23059827547777,120.23059827547777
4449,c,120.23059827547777,120.23059827547777
4450,c,120.23059827547777,120.23059827547777
4451,t,120.23059827547777,120.23059827547777
4452,c,63.34168550888797,67.0261799294562
4453,t,120.23059827547777,120.23059827547777
4454,c,29.56040110630199,29.56784021826984
4455,c,120.23059827547777,120.23059827547777
4456,c,17.48540379497254,38.06145577142647
4457,c,32.083337245906094,36.00320128531377
4458,c,120.23059827547777,120.23059827547777
4459,c,120.23059827547777,120.23059827547777
4460,c,21.50576252975694,120.23059827547777
4461,t,120.23059827547777,120.23059827547777
4462,c,30.0251364949753,32.113937993615096
4463,c,7.68288748666667,9.83818775264456
4464,c,120.23059827547777,120.23059827547777
4465,na,3.199852717724928,11.130564362811612
4466,t,120.23059827547777,120.23059827547777
4467,t,120.23059827547777,120.23059827547777
4468,c,36.65158186012609,120.23059827547777
4469,c,65.25807737942405,69.36497311434621
4470,c,120.23059827547777,120.23059827547777
4471,c,120.23059827547777,120.23059827547777
4472,c,120.23059827547777,120.23059827547777
4473,c,120.23059827547777,120.23059827547777
4474,t,120.23059827547777,120.23059827547777
4475,c,45.01882223717511,49.99169929454463
4476,c,120.23059827547777,120.23059827547777
4477,c,120.23059827547777,120.23059827547777
4478,c,6.895022820598827,7.827074151608392
4479,c,120.23059827547777,120.23059827547777
4480,c,44.215498929769694,46.947929640845906
4481,c,120.23059827547777,120.23059827547777
4482,c,120.23059827547777,120.23059827547777
4483,c,16.14066580624897,24.110295801976317
4484,c,120.23059827547777,120.23059827547777
4485,c,120.23059827547777,120.23059827547777
4486,c,120.23059827547777,120.23059827547777
4487,c,120.23059827547777,120.23059827547777
4488,c,19.985362160194196,24.324098090103185
4489,t,120.23059827547777,120.23059827547777
4490,c,47.11655403631522,120.23059827547777
4491,t,120.23059827547777,120.23059827547777
4492,c,120.23059827547777,120.23059827547777
4493,c,21.65915153455377,29.05729669702426
4494,c,120.23059827547777,120.23059827547777
4495,c,5.17714488439483,9.995322471591315
4496,t,120.23059827547777,120.23059827547777
4497,t,120.23059827547777,120.23059827547777
4498,c,120.23059827547777,120.23059827547777
4499,t,120.23059827547777,120.23059827547777
4500,c,14.882564125919737,15.172414328361057
4501,c,50.62216057706606,120.23059827547777
4502,c,120.23059827547777,120.23059827547777
4503,c,120.23059827547777,120.23059827547777
4504,t,120.23059827547777,120.23059827547777
4505,c,120.23059827547777,120.23059827547777
4506,c,120.23059827547777,120.23059827547777
4507,c,120.23059827547777,120.23059827547777
4508,c,2.9621582026506186,5.484100571292127
4509,c,30.317065552213506,31.488163442170627
4510,c,9.33165963863779,11.777400219686657
4511,c,120.23059827547777,120.23059827547777
4512,t,120.23059827547777,120.23059827547777
4513,t,120.23059827547777,120.23059827547777
4514,c,63.23778357290411,65.54737702528803
4515,c,11.659301143270357,12.004524763616075
4516,t,120.23059827547777,120.23059827547777
4517,t,120.23059827547777,120.23059827547777
4518,c,120.23059827547777,120.23059827547777
4519,c,57.84441250775048,63.31074450234214
4520,c,2.641898635944669,4.2227101899721395
4521,c,120.23059827547777,120.23059827547777
4522,c,120.23059827547777,120.23059827547777
4523,c,120.23059827547777,120.23059827547777
4524,c,17.34978184582839,23.329615865514608
4525,c,120.23059827547777,120.23059827547777
4526,c,120.23059827547777,120.23059827547777
4527,c,120.23059827547777,120.23059827547777
4528,t,120.23059827547777,120.23059827547777
4529,t,120.23059827547777,120.23059827547777
4530,t,120.23059827547777,120.23059827547777
4531,c,49.608085994866464,65.4274334590674
4532,t,120.23059827547777,120.23059827547777
4533,c,120.23059827547777,120.23059827547777
4534,c,120.23059827547777,120.23059827547777
4535,t,120.23059827547777,120.23059827547777
4536,t,120.23059827547777,120.23059827547777
4537,t,120.23059827547777,120.23059827547777
4538,c,18.114165110456366,20.05860774830397
4539,c,12.379937838650612,120.23059827547777
4540,c,47.80574358632872,48.61298956563781
4541,t,120.23059827547777,120.23059827547777
4542,c,120.23059827547777,120.23059827547777
4543,c,13.84991962118055,14.105290952390714
4544,c,13.318183179569091,21.985246549551366
4545,c,25.00709160043247,26.32941647033066
4546,c,11.132335587407125,12.22234532531855
4547,c,9.565423367275127,9.846111693562628
4548,c,120.23059827547777,120.23059827547777
4549,c,120.23059827547777,120.23059827547777
4550,c,29.09505570623751,38.07029762556865
4551,c,120.23059827547777,120.23059827547777
4552,c,120.23059827547777,120.23059827547777
4553,c,28.46903639244768,45.255619410800286
4554,c,17.52466393128762,31.270178731436605
4555,c,20.703687535230408,23.009774619145023
4556,na,0,120.23059827547777
4557,c,47.88245009995496,53.989266975071
4558,c,120.23059827547777,120.23059827547777
4559,c,120.23059827547777,120.23059827547777
4560,c,120.23059827547777,120.23059827547777
4561,c,120.23059827547777,120.23059827547777
4562,t,120.23059827547777,120.23059827547777
4563,c,120.23059827547777,120.23059827547777
4564,c,120.23059827547777,120.23059827547777
4565,c,22.07612888794396,27.37127496037942
4566,c,48.70246733804675,50.62538080987823
4567,c,120.23059827547777,120.23059827547777
4568,t,120.23059827547777,120.23059827547777
4569,t,120.23059827547777,120.23059827547777
4570,c,90.5190744842642,101.14441033152164
4571,c,32.71996015370047,35.82391526214383
4572,c,49.86532235687402,51.845069176598514
4573,c,120.23059827547777,120.23059827547777
4574,t,120.23059827547777,120.23059827547777
4575,c,25.01686774382243,25.116908782606508
4576,c,120.23059827547777,120.23059827547777
4577,t,120.23059827547777,120.23059827547777
4578,c,32.927962693485746,35.14574296179731
4579,c,58.301097143447564,59.944813594655386
4580,c,6.9366297059041875,8.058565135451213
4581,c,120.23059827547777,120.23059827547777
4582,t,120.23059827547777,120.23059827547777
4583,t,120.23059827547777,120.23059827547777
4584,c,31.20120593288633,33.64817046072738
4585,t,120.23059827547777,120.23059827547777
4586,c,120.23059827547777,120.23059827547777
4587,c,4.1178766369578925,7.849154072215724
4588,c,120.23059827547777,120.23059827547777
4589,c,14.375563030369518,34.124791870861685
4590,c,120.23059827547777,120.23059827547777
4591,c,120.23059827547777,120.23059827547777
4592,c,120.23059827547777,120.23059827547777
4593,t,120.23059827547777,120.23059827547777
4594,c,27.785198661613688,120.23059827547777
4595,c,53.84412389045317,64.51526543416215
4596,c,120.23059827547777,120.23059827547777
4597,c,11.314299304074494,16.085850983651593
4598,c,17.108760387770747,21.295351581651264
4599,c,120.23059827547777,120.23059827547777
4600,c,120.23059827547777,120.23059827547777
4601,t,120.23059827547777,120.23059827547777
4602,c,13.789715240824748,13.837323221369882
4603,c,120.23059827547777,120.23059827547777
4604,c,120.23059827547777,120.23059827547777
4605,c,120.23059827547777,120.23059827547777
4606,c,120.23059827547777,120.23059827547777
4607,c,50.266652043247994,52.38151617265931
4608,c,120.23059827547777,120.23059827547777
4609,c,120.23059827547777,120.23059827547777
4610,c,31.999532650318066,34.28043014636139
4611,c,45.88613290844005,52.02686959526984
4612,na,9.312524842198084,20.65757680739594
4613,t,120.23059827547777,120.23059827547777
4614,c,120.23059827547777,120.23059827547777
4615,c,120.23059827547777,120.23059827547777
4616,t,120.23059827547777,120.23059827547777
4617,t,120.23059827547777,120.23059827547777
4618,c,120.23059827547777,120.23059827547777
4619,c,22.816903797520062,25.21927535946912
4620,c,27.315815312930887,33.05284810003974
4621,c,120.23059827547777,120.23059827547777
4622,c,120.23059827547777,120.23059827547777
4623,c,120.23059827547777,120.23059827547777
4624,t,120.23059827547777,120.23059827547777
4625,c,120.23059827547777,120.23059827547777
4626,c,5.796379590670059,29.213519365747604
4627,c,31.633755346400662,37.70788140729483
4628,t,120.23059827547777,120.23059827547777
4629,c,120.23059827547777,120.23059827547777
4630,c,15.023932649128206,15.127798882377261
4631,c,120.23059827547777,120.23059827547777
4632,c,120.23059827547777,120.23059827547777
4633,c,120.23059827547777,120.23059827547777
4634,c,120.23059827547777,120.23059827547777
4635,c,120.23059827547777,120.23059827547777
4636,c,120.23059827547777,120.23059827547777
4637,c,21.594743530470804,22.66762303885611
4638,c,120.23059827547777,120.23059827547777
4639,t,120.23059827547777,120.23059827547777
4640,c,120.23059827547777,120.23059827547777
4641,c,22.629594570480002,33.65650983755181
4642,c,120.23059827547777,120.23059827547777
4643,c,120.23059827547777,120.23059827547777
4644,c,120.23059827547777,120.23059827547777
4645,c,120.23059827547777,120.23059827547777
4646,c,12.475692114034043,16.758732243837013
4647,t,120.23059827547777,120.23059827547777
4648,t,120.23059827547777,120.23059827547777
4649,c,17.462156225197095,23.292653389863066
4650,c,38.29890580570811,120.23059827547777
4651,c,120.23059827547777,120.23059827547777
4652,c,120.23059827547777,120.23059827547777
4653,c,120.23059827547777,120.23059827547777
4654,c,120.23059827547777,120.23059827547777
4655,c,120.23059827547777,120.23059827547777
4656,t,120.23059827547777,120.23059827547777
4657,c,120.23059827547777,120.23059827547777
4658,c,120.23059827547777,120.23059827547777
4659,t,120.23059827547777,120.23059827547777
4660,c,37.16406873024218,38.05541232016567
4661,c,33.445698828344824,34.24901522123847
4662,c,53.869120676256465,58.88644970214142
4663,t,120.23059827547777,120.23059827547777
4664,t,120.23059827547777,120.23059827547777
4665,c,120.23059827547777,120.23059827547777
4666,t,120.23059827547777,120.23059827547777
4667,c,120.23059827547777,120.23059827547777
4668,c,34.656527217823395,41.88146701465523
4669,c,120.23059827547777,120.23059827547777
4670,c,120.23059827547777,120.23059827547777
4671,c,32.884563636658825,40.2524813982651
4672,c,120.23059827547777,120.23059827547777
4673,c,15.056557245166958,18.632319723425876
4674,c,120.23059827547777,120.23059827547777
4675,c,120.23059827547777,120.23059827547777
4676,na,13.619989756219677,16.264826799909383
4677,c,120.23059827547777,120.23059827547777
4678,c,36.65186703350993,37.20731098800267
4679,na,0.7118409273063394,5.042435173192048
4680,c,120.23059827547777,120.23059827547777
4681,c,79.13498845639563,80.44573784422028
4682,c,15.645962556740498,17.561298510271598
4683,t,120.23059827547777,120.23059827547777
4684,c,120.23059827547777,120.23059827547777
4685,c,17.48386412987886,23.28372794518014
4686,t,120.23059827547777,120.23059827547777
4687,c,24.737433372177463,26.571128856976703
4688,c,120.23059827547777,120.23059827547777
4689,c,120.23059827547777,120.23059827547777
4690,c,120.23059827547777,120.23059827547777
4691,t,120.23059827547777,120.23059827547777
4692,c,120.23059827547777,120.23059827547777
4693,c,120.23059827547777,120.23059827547777
4694,c,120.23059827547777,120.23059827547777
4695,c,31.750970495214695,35.370166833945106
4696,t,120.23059827547777,120.23059827547777
4697,c,23.44237575558578,26.19898794792664
4698,c,120.23059827547777,120.23059827547777
4699,c,120.23059827547777,120.23059827547777
4700,c,31.399214551441812,36.097364886262106
4701,t,120.23059827547777,120.23059827547777
4702,c,19.15082874619447,19.84811575625844
4703,c,120.23059827547777,120.23059827547777
4704,na,0.2490436774400146,3.993609096055557
4705,t,120.23059827547777,120.23059827547777
4706,t,120.23059827547777,120.23059827547777
4707,c,120.23059827547777,120.23059827547777
4708,c,26.639411617838118,33.12181177505796
4709,c,120.23059827547777,120.23059827547777
4710,c,17.195370979479833,17.981212665138813
4711,c,45.19662349784189,45.99381503506869
4712,c,120.23059827547777,120.23059827547777
4713,c,10.691239679498075,15.36966412817536
4714,c,30.46487398830757,44.1484795949066
4715,c,120.23059827547777,120.23059827547777
4716,t,120.23059827547777,120.23059827547777
4717,c,120.23059827547777,120.23059827547777
4718,c,4.426053980728842,6.290769489711652
4719,c,29.85070481027173,38.08194533266834
4720,c,72.74166201943481,73.25579665671684
4721,c,120.23059827547777,120.23059827547777
4722,c,120.23059827547777,120.23059827547777
4723,c,14.99820154014098,15.472430501441771
4724,t,120.23059827547777,120.23059827547777
4725,t,120.23059827547777,120.23059827547777
4726,c,7.300263875119754,13.97027466051305
4727,c,42.63206696895778,42.848295517354835
4728,t,120.23059827547777,120.23059827547777
4729,c,120.23059827547777,120.23059827547777
4730,c,29.708532549580525,42.40638705440516
4731,t,120.23059827547777,120.23059827547777
4732,t,120.23059827547777,120.23059827547777
4733,t,120.23059827547777,120.23059827547777
4734,c,120.23059827547777,120.23059827547777
4735,c,120.23059827547777,120.23059827547777
4736,c,120.23059827547777,120.23059827547777
4737,t,120.23059827547777,120.23059827547777
4738,t,120.23059827547777,120.23059827547777
4739,c,36.473613407216085,38.50040988164918
4740,c,120.23059827547777,120.23059827547777
4741,c,35.07835612319765,40.868435200959205
4742,c,120.23059827547777,120.23059827547777
4743,c,41.23857966745013,45.116767940734654
4744,t,120.23059827547777,120.23059827547777
4745,t,120.23059827547777,120.23059827547777
4746,c,120.23059827547777,120.23059827547777
4747,c,120.23059827547777,120.23059827547777
4748,c,120.23059827547777,120.23059827547777
4749,c,120.23059827547777,120.23059827547777
4750,t,120.23059827547777,120.23059827547777
4751,c,18.03783347790211,24.88231406856471
4752,c,28.76388527577295,29.252697192866655
4753,c,120.23059827547777,120.23059827547777
4754,c,120.23059827547777,120.23059827547777
4755,c,37.00879711379873,41.60230238395401
4756,c,22.594837570524668,37.04404203251173
4757,c,120.23059827547777,120.23059827547777
4758,c,120.23059827547777,120.23059827547777
4759,c,120.23059827547777,120.23059827547777
4760,c,120.23059827547777,120.23059827547777
4761,c,120.23059827547777,120.23059827547777
4762,c,120.23059827547777,120.23059827547777
4763,c,40.51785994443998,43.832298893606136
4764,c,10.944121143838355,12.075781295362297
4765,c,120.23059827547777,120.23059827547777
4766,c,120.23059827547777,120.23059827547777
4767,na,3.913706603495521,5.3995883390498225
4768,c,120.23059827547777,120.23059827547777
4769,c,38.650612706523326,49.979813848202156
4770,c,120.23059827547777,120.23059827547777
4771,t,120.23059827547777,120.23059827547777
4772,c,120.23059827547777,120.23059827547777
4773,c,120.23059827547777,120.23059827547777
4774,c,14.346636697817072,25.055450997775637
4775,c,120.23059827547777,120.23059827547777
4776,c,120.23059827547777,120.23059827547777
4777,t,120.23059827547777,120.23059827547777
4778,c,17.87639094770043,19.03777364878141
4779,c,29.66586299422087,38.121261289446664
4780,t,120.23059827547777,120.23059827547777
4781,c,120.23059827547777,120.23059827547777
4782,t,120.23059827547777,120.23059827547777
4783,c,120.23059827547777,120.23059827547777
4784,c,120.23059827547777,120.23059827547777
4785,t,120.23059827547777,120.23059827547777
4786,c,120.23059827547777,120.23059827547777
4787,c,52.75421160058856,57.47201679726218
4788,t,120.23059827547777,120.23059827547777
4789,c,120.23059827547777,120.23059827547777
4790,c,120.23059827547777,120.23059827547777
4791,t,120.23059827547777,120.23059827547777
4792,c,120.23059827547777,120.23059827547777
4793,c,120.23059827547777,120.23059827547777
4794,c,120.23059827547777,120.23059827547777
4795,c,120.23059827547777,120.23059827547777
4796,c,11.196445990637546,13.767828303660416
4797,c,45.171735548536304,52.050507884992314
4798,t,120.23059827547777,120.23059827547777
4799,t,120.23059827547777,120.23059827547777
4800,t,120.23059827547777,120.23059827547777
4801,c,120.23059827547777,120.23059827547777
4802,c,120.23059827547777,120.23059827547777
4803,c,17.21042513621625,19.65482530911197
4804,c,53.58973871207911,58.467569874794805
4805,c,120.23059827547777,120.23059827547777
4806,c,69.3654736054471,74.34005641382561
4807,c,21.041658353401356,28.560743889142135
4808,c,27.227773441251834,28.692171884110635
4809,c,9.490585684867389,9.672450128093669
4810,t,120.23059827547777,120.23059827547777
4811,c,120.23059827547777,120.23059827547777
4812,c,120.23059827547777,120.23059827547777
4813,t,120.23059827547777,120.23059827547777
4814,c,120.23059827547777,120.23059827547777
4815,c,120.23059827547777,120.23059827547777
4816,c,19.75121442251147,20.956788721159906
4817,t,120.23059827547777,120.23059827547777
4818,c,120.23059827547777,120.23059827547777
4819,c,13.76351055123405,16.3550435345571
4820,c,120.23059827547777,120.23059827547777
4821,c,48.277382380779216,50.64969366227968
4822,c,60.58989778989772,61.1736898213107
4823,c,120.23059827547777,120.23059827547777
4824,c,32.52395562039545,33.31586727222398
4825,c,14.56046204904823,16.53187195741401
4826,c,17.7145669297998,18.698918408573842
4827,c,120.23059827547777,120.23059827547777
4828,c,120.23059827547777,120.23059827547777
4829,c,120.23059827547777,120.23059827547777
4830,c,120.23059827547777,120.23059827547777
4831,t,120.23059827547777,120.23059827547777
4832,c,14.816049460472641,16.68963870802754
4833,c,120.23059827547777,120.23059827547777
4834,c,120.23059827547777,120.23059827547777
4835,c,34.1405615250939,42.12932649490539
4836,c,120.23059827547777,120.23059827547777
4837,c,120.23059827547777,120.23059827547777
4838,c,6.0361768410646635,6.374608497179223
4839,c,23.556856168550222,33.823256291527585
4840,c,120.23059827547777,120.23059827547777
4841,c,37.78010789236888,42.48257978552475
4842,t,120.23059827547777,120.23059827547777
4843,c,120.23059827547777,120.23059827547777
4844,c,120.23059827547777,120.23059827547777
4845,c,120.23059827547777,120.23059827547777
4846,c,32.061061839700145,33.06413819514981
4847,c,24.68308689821178,29.737643563395075
4848,t,120.23059827547777,120.23059827547777
4849,t,120.23059827547777,120.23059827547777
4850,c,71.48997254177515,72.26307788823348
4851,c,6.598917291889291,12.8881400714284
4852,c,120.23059827547777,120.23059827547777
4853,t,120.23059827547777,120.23059827547777
4854,c,120.23059827547777,120.23059827547777
4855,c,120.23059827547777,120.23059827547777
4856,c,120.23059827547777,120.23059827547777
4857,c,120.23059827547777,120.23059827547777
4858,t,120.23059827547777,120.23059827547777
4859,c,31.129856098384742,31.982190629068143
4860,c,23.790929615706307,26.058611468122493
4861,t,120.23059827547777,120.23059827547777
4862,c,82.21880191163176,83.18249291877173
4863,c,120.23059827547777,120.23059827547777
4864,c,44.212202759782244,47.181957132793514
4865,c,43.29197414485082,48.38612492259162
4866,c,120.23059827547777,120.23059827547777
4867,t,120.23059827547777,120.23059827547777
4868,c,16.80001824837151,28.03145620274081
4869,c,120.23059827547777,120.23059827547777
4870,t,120.23059827547777,120.23059827547777
4871,c,27.43493336845567,30.550665078991983
4872,t,120.23059827547777,120.23059827547777
4873,c,120.23059827547777,120.23059827547777
4874,c,120.23059827547777,120.23059827547777
4875,t,120.23059827547777,120.23059827547777
4876,t,120.23059827547777,120.23059827547777
4877,t,120.23059827547777,120.23059827547777
4878,c,120.23059827547777,120.23059827547777
4879,c,25.52634093336654,26.805326447217645
4880,c,120.23059827547777,120.23059827547777
4881,c,43.6114705137489,45.649201178820256
4882,c,32.537796809690654,33.67917338288483
4883,c,120.23059827547777,120.23059827547777
4884,c,120.23059827547777,120.23059827547777
4885,t,120.23059827547777,120.23059827547777
4886,c,120.23059827547777,120.23059827547777
4887,c,47.91995963501583,49.63624587958288
4888,c,120.23059827547777,120.23059827547777
4889,c,120.23059827547777,120.23059827547777
4890,c,120.23059827547777,120.23059827547777
4891,t,120.23059827547777,120.23059827547777
4892,c,63.141741696642,65.34330628923755
4893,c,26.29837285805027,27.409516184451142
4894,c,11.41331270460458,16.506248501190104
4895,c,120.23059827547777,120.23059827547777
4896,c,32.550509534431974,34.6217262143166
4897,t,120.23059827547777,120.23059827547777
4898,c,120.23059827547777,120.23059827547777
4899,t,120.23059827547777,120.23059827547777
4900,c,120.23059827547777,120.23059827547777
4901,c,120.23059827547777,120.23059827547777
4902,na,1.6030268024809,1.9265283214005553
4903,c,120.23059827547777,120.23059827547777
4904,c,19.846937558836274,19.931269311291654
4905,c,27.4723823566419,39.60470755581349
4906,c,120.23059827547777,120.23059827547777
4907,c,120.23059827547777,120.23059827547777
4908,c,54.41506109321308,57.741501128176814
4909,c,13.262465807423583,20.455111602809353
4910,c,16.205791424548174,19.258853747958423
4911,c,120.23059827547777,120.23059827547777
4912,c,28.952124020634,34.70235353191408
4913,c,120.23059827547777,120.23059827547777
4914,c,37.16129542806157,37.261756190091724
4915,c,120.23059827547777,120.23059827547777
4916,c,120.23059827547777,120.23059827547777
4917,c,57.679880586091,57.79110688244509
4918,c,120.23059827547777,120.23059827547777
4919,c,45.24382841244729,47.79809547949473
4920,t,120.23059827547777,120.23059827547777
4921,c,120.23059827547777,120.23059827547777
4922,c,9.293162376551663,10.692191920344829
4923,c,120.23059827547777,120.23059827547777
4924,c,120.23059827547777,120.23059827547777
4925,c,120.23059827547777,120.23059827547777
4926,c,55.57987372698791,57.803068839735644
4927,c,120.23059827547777,120.23059827547777
4928,t,120.23059827547777,120.23059827547777
4929,t,120.23059827547777,120.23059827547777
4930,c,120.23059827547777,120.23059827547777
4931,t,120.23059827547777,120.23059827547777
4932,c,120.23059827547777,120.23059827547777
4933,c,23.641387494371646,28.125395055758602
4934,c,28.69225449383109,31.881622033701618
4935,c,10.406399238261846,10.973150560142212
4936,c,120.23059827547777,120.23059827547777
4937,t,120.23059827547777,120.23059827547777
4938,c,34.6666703670135,120.23059827547777
4939,t,120.23059827547777,120.23059827547777
4940,c,28.37068098217185,44.8246257851047
4941,t,120.23059827547777,120.23059827547777
4942,c,41.38754045713134,42.543030518672644
4943,c,120.23059827547777,120.23059827547777
4944,c,120.23059827547777,120.23059827547777
4945,na,1.563752454866494,6.024855043430261
4946,t,120.23059827547777,120.23059827547777
4947,t,120.23059827547777,120.23059827547777
4948,c,120.23059827547777,120.23059827547777
4949,c,25.99283764011329,32.39597190614727
4950,c,120.23059827547777,120.23059827547777
4951,c,21.800118430659587,34.473856010532565
4952,c,38.509625993295415,40.9507226032716
4953,c,120.23059827547777,120.23059827547777
4954,c,26.208248664097432,120.23059827547777
4955,c,46.63754816990903,48.33224887605294
4956,c,120.23059827547777,120.23059827547777
4957,c,25.597733546324072,29.11598036155124
4958,t,120.23059827547777,120.23059827547777
4959,c,120.23059827547777,120.23059827547777
4960,t,120.23059827547777,120.23059827547777
4961,c,120.23059827547777,120.23059827547777
4962,c,120.23059827547777,120.23059827547777
4963,c,45.81156681088805,63.97504191967304
4964,c,120.23059827547777,120.23059827547777
4965,c,23.651104572013395,32.57256050504536
4966,c,120.23059827547777,120.23059827547777
4967,c,120.23059827547777,120.23059827547777
4968,t,120.23059827547777,120.23059827547777
4969,c,24.764288796253506,32.40927168487198
4970,c,120.23059827547777,120.23059827547777
4971,c,120.23059827547777,120.23059827547777
4972,c,120.23059827547777,120.23059827547777
4973,t,120.23059827547777,120.23059827547777
4974,c,0.47044911133327744,0.6383889589187317
4975,c,16.205274429038955,16.78512467417994
4976,c,35.186719565475656,39.52188137241947
4977,c,120.23059827547777,120.23059827547777
4978,c,120.23059827547777,120.23059827547777
4979,c,120.23059827547777,120.23059827547777
4980,c,24.827089336883155,29.610145690974793
4981,c,120.23059827547777,120.23059827547777
4982,c,25.50114188982557,28.27549937488704
4983,c,120.23059827547777,120.23059827547777
4984,t,120.23059827547777,120.23059827547777
4985,c,44.99298921576426,47.124778604356074
4986,c,120.23059827547777,120.23059827547777
4987,c,120.23059827547777,120.23059827547777
4988,c,120.23059827547777,120.23059827547777
4989,c,120.23059827547777,120.23059827547777
4990,c,120.23059827547777,120.23059827547777
4991,na,-1,0
4992,t,120.23059827547777,120.23059827547777
4993,c,120.23059827547777,120.23059827547777
4994,t,120.23059827547777,120.23059827547777
4995,t,120.23059827547777,120.23059827547777
4996,c,120.23059827547777,120.23059827547777
4997,c,31.52114582043813,32.88861945730184
4998,c,33.51192114589987,39.82632293815004
4999,c,31.30304257757299,33.66266693053752
5000,c,120.23059827547777,120.23059827547777
5001,c,27.366158864639864,31.08567621461549
5002,na,-1,0
5003,c,62.13892974442429,70.56247210651003
5004,c,19.986960681117324,32.23433357584721
5005,t,120.23059827547777,120.23059827547777
5006,c,120.23059827547777,120.23059827547777
5007,c,33.37739630647894,34.880337291664624
5008,c,27.840884245401263,31.43703264550995
5009,c,120.23059827547777,120.23059827547777
5010,c,11.636007379819933,27.118433215710287
5011,c,120.23059827547777,120.23059827547777
5012,c,6.485946202546569,9.814050784336716
5013,c,120.23059827547777,120.23059827547777
5014,t,120.23059827547777,120.23059827547777
5015,c,19.790757279533278,23.537937195436974
5016,c,120.23059827547777,120.23059827547777
5017,c,120.23059827547777,120.23059827547777
5018,t,120.23059827547777,120.23059827547777
5019,c,3.574997038123984,8.348262196210307
5020,c,120.23059827547777,120.23059827547777
5021,c,120.23059827547777,120.23059827547777
5022,t,120.23059827547777,120.23059827547777
5023,c,120.23059827547777,120.23059827547777
5024,c,22.085087144797175,23.355175349349715
5025,c,39.34489326993686,40.70771168314174
5026,c,120.23059827547777,120.23059827547777
5027,c,120.23059827547777,120.23059827547777
5028,c,120.23059827547777,120.23059827547777
5029,na,3.8336555685544638,10.453097028351996
5030,c,120.23059827547777,120.23059827547777
5031,c,120.23059827547777,120.23059827547777
5032,c,120.23059827547777,120.23059827547777
5033,c,120.23059827547777,120.23059827547777
5034,c,39.500013467334384,42.473749923568874
5035,c,120.23059827547777,120.23059827547777
5036,c,120.23059827547777,120.23059827547777
5037,c,120.23059827547777,120.23059827547777
5038,c,19.56366675496617,20.797781552571138
5039,t,120.23059827547777,120.23059827547777
5040,c,27.878433413621263,28.149497800532345
5041,c,120.23059827547777,120.23059827547777
5042,t,120.23059827547777,120.23059827547777
5043,c,120.23059827547777,120.23059827547777
5044,c,9.729030549008122,12.644027751293654
5045,c,18.864725123115427,36.18822587246403
5046,c,120.23059827547777,120.23059827547777
5047,c,120.23059827547777,120.23059827547777
5048,c,120.23059827547777,120.23059827547777
5049,c,120.23059827547777,120.23059827547777
5050,t,120.23059827547777,120.23059827547777
5051,na,8.647336467777901,9.109541650752869
5052,t,120.23059827547777,120.23059827547777
5053,t,120.23059827547777,120.23059827547777
5054,c,120.23059827547777,120.23059827547777
5055,c,120.23059827547777,120.23059827547777
5056,t,120.23059827547777,120.23059827547777
5057,c,33.89432080294975,39.55477071429205
5058,c,24.552385118329266,25.385268914402957
5059,c,120.23059827547777,120.23059827547777
5060,na,3.5908971234096834,6.432540792074499
5061,c,120.23059827547777,120.23059827547777
5062,c,54.08485419518772,54.78724145077758
5063,c,120.23059827547777,120.23059827547777
5064,c,53.80583892663269,55.192203071602435
5065,c,16.496887486264328,120.23059827547777
5066,c,120.23059827547777,120.23059827547777
5067,c,120.23059827547777,120.23059827547777
5068,c,120.23059827547777,120.23059827547777
5069,c,32.08523620566751,36.115884992907446
5070,c,46.1241911438664,52.830963070180424
5071,t,120.23059827547777,120.23059827547777
5072,c,22.900478051395435,23.796362569052135
5073,c,120.23059827547777,120.23059827547777
5074,c,120.23059827547777,120.23059827547777
5075,c,120.23059827547777,120.23059827547777
5076,c,14.772493286188146,24.159084991538744
5077,c,120.23059827547777,120.23059827547777
5078,c,120.23059827547777,120.23059827547777
5079,t,120.23059827547777,120.23059827547777
5080,c,120.23059827547777,120.23059827547777
5081,c,120.23059827547777,120.23059827547777
5082,t,120.23059827547777,120.23059827547777
5083,c,120.23059827547777,120.23059827547777
5084,c,120.23059827547777,120.23059827547777
5085,c,14.551274644485,15.202384224338852
5086,c,26.808211563703363,40.16397479720865
5087,c,120.23059827547777,120.23059827547777
5088,c,120.23059827547777,120.23059827547777
5089,c,120.23059827547777,120.23059827547777
5090,c,120.23059827547777,120.23059827547777
5091,t,120.23059827547777,120.23059827547777
5092,c,16.31970241572386,18.71285471914727
5093,t,120.23059827547777,120.23059827547777
5094,t,120.23059827547777,120.23059827547777
5095,t,120.23059827547777,120.23059827547777
5096,c,120.23059827547777,120.23059827547777
5097,c,120.23059827547777,120.23059827547777
5098,t,120.23059827547777,120.23059827547777
5099,c,19.684614756419645,24.625287096962563
5100,c,22.209892244725875,23.22586893407021
5101,c,9.935151840110768,11.8017680106083
5102,c,120.23059827547777,120.23059827547777
5103,c,5.4762444031641415,7.996741794235261
5104,c,22.318065018611623,22.791567180497953
5105,c,120.23059827547777,120.23059827547777
5106,c,120.23059827547777,120.23059827547777
5107,c,25.373795002626302,31.86708473009958
5108,c,120.23059827547777,120.23059827547777
5109,c,37.543189612213304,58.00671467788883
5110,c,120.23059827547777,120.23059827547777
5111,c,120.23059827547777,120.23059827547777
5112,c,34.42753813300655,41.972509390472275
5113,c,120.23059827547777,120.23059827547777
5114,c,25.207866912959243,120.23059827547777
5115,c,10.958910594719807,15.631830409055684
5116,c,120.23059827547777,120.23059827547777
5117,t,120.23059827547777,120.23059827547777
5118,t,120.23059827547777,120.23059827547777
5119,c,46.238247860835536,47.43950835449818
5120,c,120.23059827547777,120.23059827547777
5121,c,120.23059827547777,120.23059827547777
5122,c,16.55602896691428,21.970115248038567
5123,c,120.23059827547777,120.23059827547777
5124,na,-1,0
5125,c,66.80723426625217,120.23059827547777
5126,c,120.23059827547777,120.23059827547777
5127,c,120.23059827547777,120.23059827547777
5128,t,120.23059827547777,120.23059827547777
5129,c,34.407811695458555,120.23059827547777
5130,c,43.65566964839388,47.68859702202478
5131,c,30.784943102297124,120.23059827547777
5132,c,54.11818734677582,55.31114198345449
5133,c,15.670287537198513,22.904020340198073
5134,c,78.27750208712625,79.38543697200517
5135,c,21.06655463586943,22.7861130520322
5136,c,120.23059827547777,120.23059827547777
5137,c,19.420736964905423,20.362409704209817
5138,t,120.23059827547777,120.23059827547777
5139,c,5.507036136331641,6.741371157266255
5140,c,120.23059827547777,120.23059827547777
5141,c,57.33518041924054,57.63254741781129
5142,c,120.23059827547777,120.23059827547777
5143,c,33.98569753738555,39.61753045849785
5144,c,120.23059827547777,120.23059827547777
5145,t,120.23059827547777,120.23059827547777
5146,c,120.23059827547777,120.23059827547777
5147,c,28.916716936817767,30.020566901609147
5148,t,120.23059827547777,120.23059827547777
5149,c,120.23059827547777,120.23059827547777
5150,c,120.23059827547777,120.23059827547777
5151,c,35.30380476240893,42.45712173817909
5152,c,120.23059827547777,120.23059827547777
5153,c,24.650931699664714,25.492605452548617
5154,c,14.6468630604899,16.081676397668907
5155,c,120.23059827547777,120.23059827547777
5156,c,82.39682055220584,84.83812654991056
5157,c,120.23059827547777,120.23059827547777
5158,t,120.23059827547777,120.23059827547777
5159,c,120.23059827547777,120.23059827547777
5160,c,120.23059827547777,120.23059827547777
5161,c,120.23059827547777,120.23059827547777
5162,t,120.23059827547777,120.23059827547777
5163,c,27.897395687631764,28.3727836491775
5164,c,120.23059827547777,120.23059827547777
5165,t,120.23059827547777,120.23059827547777
5166,c,37.70623194614953,41.08034413578866
5167,c,120.23059827547777,120.23059827547777
5168,c,35.90298010496194,43.418921546960746
5169,c,79.5188073439325,83.76763433217502
5170,c,120.23059827547777,120.23059827547777
5171,c,17.31968645162137,120.23059827547777
5172,c,7.4627225956775325,120.23059827547777
5173,c,20.72599269708836,22.016801624554176
5174,t,120.23059827547777,120.23059827547777
5175,c,55.01109717000563,59.3006441857452
5176,c,27.76470415423558,31.623495391258103
5177,t,120.23059827547777,120.23059827547777
5178,c,25.44006067453964,29.219125869731997
5179,na,-1,0
5180,c,120.23059827547777,120.23059827547777
5181,t,120.23059827547777,120.23059827547777
5182,c,120.23059827547777,120.23059827547777
5183,c,120.23059827547777,120.23059827547777
5184,c,120.23059827547777,120.23059827547777
5185,t,120.23059827547777,120.23059827547777
5186,c,120.23059827547777,120.23059827547777
5187,c,120.23059827547777,120.23059827547777
5188,c,120.23059827547777,120.23059827547777
5189,t,120.23059827547777,120.23059827547777
5190,t,120.23059827547777,120.23059827547777
5191,c,37.09915978241603,50.277919708521395
5192,t,120.23059827547777,120.23059827547777
5193,c,120.23059827547777,120.23059827547777
5194,c,32.04233538466021,39.499260399314046
5195,c,120.23059827547777,120.23059827547777
5196,na,-1,0
5197,c,120.23059827547777,120.23059827547777
5198,c,38.98133226065305,43.83032075912165
5199,c,120.23059827547777,120.23059827547777
5200,t,120.23059827547777,120.23059827547777
5201,t,120.23059827547777,120.23059827547777
5202,t,120.23059827547777,120.23059827547777
5203,c,120.23059827547777,120.23059827547777
5204,c,120.23059827547777,120.23059827547777
5205,c,120.23059827547777,120.23059827547777
5206,c,49.81938263147483,61.52483825857291
5207,c,120.23059827547777,120.23059827547777
5208,t,120.23059827547777,120.23059827547777
5209,t,120.23059827547777,120.23059827547777
5210,t,120.23059827547777,120.23059827547777
5211,c,52.35322896301863,58.92636341394306
5212,c,120.23059827547777,120.23059827547777
5213,c,120.23059827547777,120.23059827547777
5214,c,25.8221822034899,32.289028464017605
5215,c,120.23059827547777,120.23059827547777
5216,c,120.23059827547777,120.23059827547777
5217,c,120.23059827547777,120.23059827547777
5218,c,120.23059827547777,120.23059827547777
5219,t,120.23059827547777,120.23059827547777
5220,c,120.23059827547777,120.23059827547777
5221,c,12.137588175528144,12.466718128730946
5222,c,120.23059827547777,120.23059827547777
5223,c,120.23059827547777,120.23059827547777
5224,c,65.9733245327999,66.01060378592501
5225,c,120.23059827547777,120.23059827547777
5226,c,36.45056015804673,36.9862269760541
5227,c,120.23059827547777,120.23059827547777
5228,c,19.12387812429744,19.35642290401644
5229,c,30.581146235363455,33.75426497905748
5230,t,120.23059827547777,120.23059827547777
5231,na,6.777482209963613,26.204527216999256
5232,t,120.23059827547777,120.23059827547777
5233,t,120.23059827547777,120.23059827547777
5234,c,22.097995343920513,28.49722301049321
5235,c,120.23059827547777,120.23059827547777
5236,c,120.23059827547777,120.23059827547777
5237,c,120.23059827547777,120.23059827547777
5238,c,50.63723460251048,53.982085124378145
5239,c,30.25725192557009,40.6372493036606
5240,t,120.23059827547777,120.23059827547777
5241,c,26.331562093769428,31.084509994105105
5242,c,120.23059827547777,120.23059827547777
5243,c,120.23059827547777,120.23059827547777
5244,c,120.23059827547777,120.23059827547777
5245,t,120.23059827547777,120.23059827547777
5246,c,42.86362790271446,43.90048563356608
5247,c,47.238567317744376,49.761239449306366
5248,t,120.23059827547777,120.23059827547777
5249,na,5.723513923325196,6.534378735780449
5250,na,0,1.1324603464462273
5251,c,15.48298906575824,16.696447537110046
5252,t,120.23059827547777,120.23059827547777
5253,c,22.623249688738678,120.23059827547777
5254,na,-1,0
5255,c,120.23059827547777,120.23059827547777
5256,c,45.98912416440334,47.305089580653835
5257,c,41.683282003675,45.727029673846786
5258,c,120.23059827547777,120.23059827547777
5259,c,120.23059827547777,120.23059827547777
5260,c,120.23059827547777,120.23059827547777
5261,c,31.48310303311138,32.1519271039842
5262,c,120.23059827547777,120.23059827547777
5263,c,120.23059827547777,120.23059827547777
5264,c,120.23059827547777,120.23059827547777
5265,c,120.23059827547777,120.23059827547777
5266,c,18.04426826498988,20.6176575608996
5267,c,34.98024544537089,35.26832233238247
5268,t,120.23059827547777,120.23059827547777
5269,c,120.23059827547777,120.23059827547777
5270,c,120.23059827547777,120.23059827547777
5271,c,7.5793639374025945,16.740786271424636
5272,c,120.23059827547777,120.23059827547777
5273,t,120.23059827547777,120.23059827547777
5274,c,16.283097861509564,20.611733712521822
5275,c,51.84316803663615,57.26494388795338
5276,c,120.23059827547777,120.23059827547777
5277,c,120.23059827547777,120.23059827547777
5278,c,120.23059827547777,120.23059827547777
5279,c,24.40667812232201,28.01563372831518
5280,t,120.23059827547777,120.23059827547777
5281,c,29.67215895912522,37.75166778244324
5282,c,120.23059827547777,120.23059827547777
5283,t,120.23059827547777,120.23059827547777
5284,t,120.23059827547777,120.23059827547777
5285,c,120.23059827547777,120.23059827547777
5286,c,120.23059827547777,120.23059827547777
5287,c,120.23059827547777,120.23059827547777
5288,c,120.23059827547777,120.23059827547777
5289,t,120.23059827547777,120.23059827547777
5290,c,120.23059827547777,120.23059827547777
5291,c,120.23059827547777,120.23059827547777
5292,c,26.952333431880735,28.242374194156284
5293,t,120.23059827547777,120.23059827547777
5294,t,120.23059827547777,120.23059827547777
5295,c,120.23059827547777,120.23059827547777
5296,c,120.23059827547777,120.23059827547777
5297,c,23.675485685314644,27.683276361222834
5298,t,120.23059827547777,120.23059827547777
5299,c,120.23059827547777,120.23059827547777
5300,c,36.42551431345787,120.23059827547777
5301,c,120.23059827547777,120.23059827547777
5302,c,48.284781647353476,49.79219459558032
5303,c,26.780757384973327,27.016392750446116
5304,c,47.55064785686308,54.22480939049611
5305,c,37.6924180810427,37.8859610041773
5306,c,120.23059827547777,120.23059827547777
5307,c,38.36864040601356,38.51568763535554
5308,c,38.712198734860955,40.45599540507933
5309,c,120.23059827547777,120.23059827547777
5310,t,120.23059827547777,120.23059827547777
5311,c,120.23059827547777,120.23059827547777
5312,c,120.23059827547777,120.23059827547777
5313,c,120.23059827547777,120.23059827547777
5314,c,120.23059827547777,120.23059827547777
5315,c,120.23059827547777,120.23059827547777
5316,c,120.23059827547777,120.23059827547777
5317,c,41.93188669543009,42.115246624094105
5318,c,20.08774739285453,20.735233917387603
5319,c,120.23059827547777,120.23059827547777
5320,c,120.23059827547777,120.23059827547777
5321,c,120.23059827547777,120.23059827547777
5322,t,120.23059827547777,120.23059827547777
5323,c,120.23059827547777,120.23059827547777
5324,c,120.23059827547777,120.23059827547777
5325,c,25.086182406642514,26.658624136209614
5326,c,10.14446283220542,12.85878591615602
5327,t,120.23059827547777,120.23059827547777
5328,c,27.94759990458926,30.665430786867084
5329,t,120.23059827547777,120.23059827547777
5330,c,120.23059827547777,120.23059827547777
5331,c,44.84148065064901,57.83102428447063
5332,c,24.624861229134396,26.719677142164567
5333,c,120.23059827547777,120.23059827547777
5334,t,120.23059827547777,120.23059827547777
5335,c,77.07863953553534,81.32611822105028
5336,t,120.23059827547777,120.23059827547777
5337,t,120.23059827547777,120.23059827547777
5338,c,42.20149855226547,44.18822044932802
5339,c,30.82317154664676,32.467344646564364
5340,t,120.23059827547777,120.23059827547777
5341,c,17.37799754119444,20.70143620373282
5342,t,120.23059827547777,120.23059827547777
5343,c,120.23059827547777,120.23059827547777
5344,c,120.23059827547777,120.23059827547777
5345,c,68.45648088257363,69.21254908936174
5346,c,120.23059827547777,120.23059827547777
5347,t,120.23059827547777,120.23059827547777
5348,c,55.0495204040832,120.23059827547777
5349,c,120.23059827547777,120.23059827547777
5350,c,29.54414428357055,32.62491413715839
5351,c,30.91359902152785,32.1311037269912
5352,c,34.259258846832594,37.2352481292824
5353,c,54.80674784672676,56.49292143884224
5354,c,39.09142373079498,40.855643675592034
5355,c,120.23059827547777,120.23059827547777
5356,c,62.01667865536849,71.6585767669641
5357,t,120.23059827547777,120.23059827547777
5358,c,12.903360517171551,19.37989475588482
5359,t,120.23059827547777,120.23059827547777
5360,c,120.23059827547777,120.23059827547777
5361,c,25.50513914376171,28.698431581052724
5362,t,120.23059827547777,120.23059827547777
5363,c,120.23059827547777,120.23059827547777
5364,t,120.23059827547777,120.23059827547777
5365,c,120.23059827547777,120.23059827547777
5366,c,120.23059827547777,120.23059827547777
5367,t,120.23059827547777,120.23059827547777
5368,c,33.1647439021638,37.87275373362461
5369,t,120.23059827547777,120.23059827547777
5370,c,15.615905558305203,16.228047718029863
5371,t,120.23059827547777,120.23059827547777
5372,c,26.631902081490956,37.95617799365905
5373,c,48.80651488509359,63.2872532646343
5374,c,120.23059827547777,120.23059827547777
5375,c,120.23059827547777,120.23059827547777
5376,c,120.23059827547777,120.23059827547777
5377,c,120.23059827547777,120.23059827547777
5378,c,25.575555297113805,36.53480943561385
5379,c,120.23059827547777,120.23059827547777
5380,c,120.23059827547777,120.23059827547777
5381,t,120.23059827547777,120.23059827547777
5382,c,38.45347137618054,38.585546920606745
5383,c,15.652260607016864,27.00866049882162
5384,na,2.8108361670019097,2.8424900270864573
5385,t,120.23059827547777,120.23059827547777
5386,c,29.761255965528473,35.29182780715762
5387,c,5.657031244324101,11.086738950645767
5388,c,59.25712972522031,60.59778722837334
5389,c,30.12763993906556,37.32031834269659
5390,t,120.23059827547777,120.23059827547777
5391,t,120.23059827547777,120.23059827547777
5392,c,120.23059827547777,120.23059827547777
5393,c,120.23059827547777,120.23059827547777
5394,c,31.936534033751965,33.02530224645852
5395,c,38.11273986361127,42.85245298154442
5396,t,120.23059827547777,120.23059827547777
5397,c,120.23059827547777,120.23059827547777
5398,c,21.50941711365725,21.534217512069183
5399,t,120.23059827547777,120.23059827547777
5400,c,120.23059827547777,120.23059827547777
5401,c,22.210877901778872,22.36527845869092
5402,c,120.23059827547777,120.23059827547777
5403,c,21.193002106199323,28.107481927538316
5404,t,120.23059827547777,120.23059827547777
5405,c,120.23059827547777,120.23059827547777
5406,c,120.23059827547777,120.23059827547777
5407,c,120.23059827547777,120.23059827547777
5408,c,120.23059827547777,120.23059827547777
5409,c,34.40522882095864,36.54830595528404
5410,t,120.23059827547777,120.23059827547777
5411,c,77.72607436768071,78.68812250958968
5412,c,120.23059827547777,120.23059827547777
5413,c,77.12852362630348,120.23059827547777
5414,c,27.02790989207511,34.328870704504006
5415,c,5.558100949923792,5.87262904022346
5416,c,120.23059827547777,120.23059827547777
5417,c,120.23059827547777,120.23059827547777
5418,c,120.23059827547777,120.23059827547777
5419,c,120.23059827547777,120.23059827547777
5420,c,28.112167213958212,45.30721433022091
5421,c,120.23059827547777,120.23059827547777
5422,c,120.23059827547777,120.23059827547777
5423,c,120.23059827547777,120.23059827547777
5424,t,120.23059827547777,120.23059827547777
5425,c,25.42222833916488,26.5339824217958
5426,c,120.23059827547777,120.23059827547777
5427,c,120.23059827547777,120.23059827547777
5428,c,120.23059827547777,120.23059827547777
5429,c,46.83514582771247,47.2728052727517
5430,c,120.23059827547777,120.23059827547777
5431,c,120.23059827547777,120.23059827547777
5432,c,120.23059827547777,120.23059827547777
5433,c,120.23059827547777,120.23059827547777
5434,c,25.19931439584961,40.2524434188874
5435,c,120.23059827547777,120.23059827547777
5436,t,120.23059827547777,120.23059827547777
5437,c,120.23059827547777,120.23059827547777
5438,t,120.23059827547777,120.23059827547777
5439,c,17.97679909661144,18.348570558261798
5440,c,120.23059827547777,120.23059827547777
5441,c,120.23059827547777,120.23059827547777
5442,c,120.23059827547777,120.23059827547777
5443,c,31.092163859727318,31.21905552149579
5444,c,28.912975462814153,34.26712145474539
5445,c,120.23059827547777,120.23059827547777
5446,c,120.23059827547777,120.23059827547777
5447,t,120.23059827547777,120.23059827547777
5448,c,21.845441994672555,23.995751542712924
5449,c,120.23059827547777,120.23059827547777
5450,c,120.23059827547777,120.23059827547777
5451,c,8.959286975660195,9.460367006364352
5452,c,120.23059827547777,120.23059827547777
5453,c,120.23059827547777,120.23059827547777
5454,c,120.23059827547777,120.23059827547777
5455,t,120.23059827547777,120.23059827547777
5456,c,40.54734565664237,120.23059827547777
5457,c,17.991816392836505,18.905083943319326
5458,c,30.380910890205413,33.198750915517735
5459,c,28.707189565257718,38.28268727830238
5460,c,33.602376993599265,42.48158148934127
5461,c,5.247734027041159,8.509159405025926
5462,t,120.23059827547777,120.23059827547777
5463,c,27.28897538112227,34.93091551009372
5464,c,120.23059827547777,120.23059827547777
5465,c,46.251817748333515,65.214671442775
5466,t,120.23059827547777,120.23059827547777
5467,c,30.657690211404223,39.88670691666523
5468,t,120.23059827547777,120.23059827547777
5469,t,120.23059827547777,120.23059827547777
5470,t,120.23059827547777,120.23059827547777
5471,c,120.23059827547777,120.23059827547777
5472,c,120.23059827547777,120.23059827547777
5473,t,120.23059827547777,120.23059827547777
5474,c,120.23059827547777,120.23059827547777
5475,c,64.3650158010225,64.59186951014435
5476,c,120.23059827547777,120.23059827547777
5477,t,120.23059827547777,120.23059827547777
5478,na,-1,0
5479,t,120.23059827547777,120.23059827547777
5480,t,120.23059827547777,120.23059827547777
5481,c,120.23059827547777,120.23059827547777
5482,t,120.23059827547777,120.23059827547777
5483,t,120.23059827547777,120.23059827547777
5484,c,120.23059827547777,120.23059827547777
5485,c,44.65368766814561,45.499956993713894
5486,t,120.23059827547777,120.23059827547777
5487,c,20.702769190642933,24.09868729607432
5488,c,120.23059827547777,120.23059827547777
5489,t,120.23059827547777,120.23059827547777
5490,c,120.23059827547777,120.23059827547777
5491,c,30.124328041184768,35.20131001847931
5492,c,120.23059827547777,120.23059827547777
5493,c,40.41763164791115,42.023616469320686
5494,t,120.23059827547777,120.23059827547777
5495,c,120.23059827547777,120.23059827547777
5496,c,30.68107232859832,38.74018492584054
5497,c,120.23059827547777,120.23059827547777
5498,c,120.23059827547777,120.23059827547777
5499,c,120.23059827547777,120.23059827547777
5500,c,31.685045227212573,32.199288442222496
5501,c,18.445978657985897,19.681283800952617
5502,c,27.426521410399342,32.38029760441355
5503,c,120.23059827547777,120.23059827547777
5504,c,46.75995550102016,49.73575806690921
5505,c,120.23059827547777,120.23059827547777
5506,t,120.23059827547777,120.23059827547777
5507,t,120.23059827547777,120.23059827547777
5508,c,35.16253463292358,41.91702567928467
5509,c,57.496650903553615,60.12484163198989
5510,t,120.23059827547777,120.23059827547777
5511,t,120.23059827547777,120.23059827547777
5512,c,32.50824841246363,120.23059827547777
5513,c,120.23059827547777,120.23059827547777
5514,c,120.23059827547777,120.23059827547777
5515,c,120.23059827547777,120.23059827547777
5516,t,120.23059827547777,120.23059827547777
5517,c,49.79361414117006,51.77592077845845
5518,c,120.23059827547777,120.23059827547777
5519,c,25.582235309715752,28.093619809853372
5520,c,26.318517596269746,26.391698863961153
5521,c,120.23059827547777,120.23059827547777
5522,c,120.23059827547777,120.23059827547777
5523,c,13.380144860971198,14.46733425484978
5524,c,53.559269371177756,56.8438337809154
5525,c,120.23059827547777,120.23059827547777
5526,c,25.20928217077201,28.382481304229383
5527,t,120.23059827547777,120.23059827547777
5528,c,120.23059827547777,120.23059827547777
5529,c,120.23059827547777,120.23059827547777
5530,na,-1,0
5531,c,120.23059827547777,120.23059827547777
5532,c,15.702329131046831,16.21874478105525
5533,c,120.23059827547777,120.23059827547777
5534,c,120.23059827547777,120.23059827547777
5535,na,-1,0
5536,c,49.36194812061116,53.43775136480673
5537,c,120.23059827547777,120.23059827547777
5538,c,2.607592733531461,19.804463303818896
5539,c,25.626947325582755,27.3975886178947
5540,c,31.27333028977089,36.93436581067724
5541,c,120.23059827547777,120.23059827547777
5542,c,32.89712844817489,47.93362106674485
5543,c,120.23059827547777,120.23059827547777
5544,c,120.23059827547777,120.23059827547777
5545,t,120.23059827547777,120.23059827547777
5546,t,120.23059827547777,120.23059827547777
5547,c,49.0137968961443,53.160435881245405
5548,c,18.830579288698686,21.97374980156907
5549,c,120.23059827547777,120.23059827547777
5550,na,5.1312603061150925,6.725440829448249
5551,c,120.23059827547777,120.23059827547777
5552,c,120.23059827547777,120.23059827547777
5553,c,65.58617330505493,65.98888583680657
5554,c,120.23059827547777,120.23059827547777
5555,c,74.7160072044543,88.08296833090846
5556,c,120.23059827547777,120.23059827547777
5557,t,120.23059827547777,120.23059827547777
5558,c,120.23059827547777,120.23059827547777
5559,c,15.576624846687432,19.93351421140597
5560,c,120.23059827547777,120.23059827547777
5561,c,120.23059827547777,120.23059827547777
5562,t,120.23059827547777,120.23059827547777
5563,c,120.23059827547777,120.23059827547777
5564,c,120.23059827547777,120.23059827547777
5565,c,45.606426085582896,55.58056855609344
5566,c,120.23059827547777,120.23059827547777
5567,t,120.23059827547777,120.23059827547777
5568,c,64.87755748202213,67.77065104706543
5569,t,120.23059827547777,120.23059827547777
5570,c,120.23059827547777,120.23059827547777
5571,c,16.591996188960067,19.752716719790754
5572,c,10.52088190347187,12.110514518413854
5573,c,21.002416523596303,22.7521226480144
5574,t,120.23059827547777,120.23059827547777
5575,c,41.40364430890156,52.91356215868972
5576,c,120.23059827547777,120.23059827547777
5577,c,120.23059827547777,120.23059827547777
5578,c,27.489695774042616,39.60060887606674
5579,c,120.23059827547777,120.23059827547777
5580,t,120.23059827547777,120.23059827547777
5581,c,120.23059827547777,120.23059827547777
5582,c,120.23059827547777,120.23059827547777
5583,c,48.40480356573269,120.23059827547777
5584,c,120.23059827547777,120.23059827547777
5585,c,21.04704680542095,120.23059827547777
5586,c,25.19996955945506,29.92943600466791
5587,c,44.90988525198334,48.2676875644374
5588,t,120.23059827547777,120.23059827547777
5589,c,120.23059827547777,120.23059827547777
5590,c,120.23059827547777,120.23059827547777
5591,c,120.23059827547777,120.23059827547777
5592,c,13.596328982404913,16.85249782142757
5593,c,15.998690709128427,16.144954846311336
5594,c,17.74120906456759,20.003072175672987
5595,c,120.23059827547777,120.23059827547777
5596,t,120.23059827547777,120.23059827547777
5597,c,120.23059827547777,120.23059827547777
5598,c,120.23059827547777,120.23059827547777
5599,c,36.37447173774303,38.92550527757331
5600,c,120.23059827547777,120.23059827547777
5601,c,120.23059827547777,120.23059827547777
5602,c,120.23059827547777,120.23059827547777
5603,c,120.23059827547777,120.23059827547777
5604,c,120.23059827547777,120.23059827547777
5605,c,120.23059827547777,120.23059827547777
5606,t,120.23059827547777,120.23059827547777
5607,t,120.23059827547777,120.23059827547777
5608,c,18.7925355950486,19.244241606239406
5609,c,120.23059827547777,120.23059827547777
5610,c,120.23059827547777,120.23059827547777
5611,c,120.23059827547777,120.23059827547777
5612,c,120.23059827547777,120.23059827547777
5613,c,12.178785852267609,28.42219372550257
5614,c,120.23059827547777,120.23059827547777
5615,c,120.23059827547777,120.23059827547777
5616,c,120.23059827547777,120.23059827547777
5617,t,120.23059827547777,120.23059827547777
5618,c,42.51475583844247,43.017839853258394
5619,c,26.42017355346395,33.7894831054347
5620,c,29.741928509875287,34.46522944139368
5621,c,120.23059827547777,120.23059827547777
5622,c,57.70819979396138,61.274718849377514
5623,c,39.07438335369404,41.63820289425432
5624,c,120.23059827547777,120.23059827547777
5625,t,120.23059827547777,120.23059827547777
5626,c,120.23059827547777,120.23059827547777
5627,c,34.56610305212376,120.23059827547777
5628,c,13.719640042105052,15.082990417795964
5629,c,120.23059827547777,120.23059827547777
5630,c,34.649236389444454,36.00870180511276
5631,c,51.7904509623387,53.63131103685152
5632,c,53.32163093626766,55.35034643549865
5633,c,30.64342864522556,34.00771324024499
5634,c,51.49866101269357,58.94256718207004
5635,c,19.812582517955036,28.538254323393833
5636,t,120.23059827547777,120.23059827547777
5637,c,18.912245480637743,19.71084884257224
5638,c,20.61099686226884,22.342597272009268
5639,c,14.846969733619854,18.381253725374755
5640,na,1.0006175395088868,1.6094050606971286
5641,na,1.6677155274294029,3.65089036900204
5642,na,0,12.882694556257722
5643,t,120.23059827547777,120.23059827547777
5644,c,15.441499761235033,16.491038169218193
5645,t,120.23059827547777,120.23059827547777
5646,t,120.23059827547777,120.23059827547777
5647,c,34.88752612533793,35.504057082297564
5648,c,24.92870447689632,32.1790900037884
5649,c,38.3830848524401,38.968331976915614
5650,c,120.23059827547777,120.23059827547777
5651,c,120.23059827547777,120.23059827547777
5652,c,120.23059827547777,120.23059827547777
5653,t,120.23059827547777,120.23059827547777
5654,c,120.23059827547777,120.23059827547777
5655,t,120.23059827547777,120.23059827547777
5656,c,120.23059827547777,120.23059827547777
5657,c,120.23059827547777,120.23059827547777
5658,c,120.23059827547777,120.23059827547777
5659,t,120.23059827547777,120.23059827547777
5660,c,39.92312996726629,41.71227038961185
5661,c,10.061279871783887,12.036988852652872
5662,t,120.23059827547777,120.23059827547777
5663,c,120.23059827547777,120.23059827547777
5664,t,120.23059827547777,120.23059827547777
5665,t,120.23059827547777,120.23059827547777
5666,c,17.298879716976472,21.026308753800055
5667,c,120.23059827547777,120.23059827547777
5668,c,120.23059827547777,120.23059827547777
5669,c,22.76134841394474,26.34526574395865
5670,c,20.535201989622802,32.993584755380624
5671,c,120.23059827547777,120.23059827547777
5672,c,120.23059827547777,120.23059827547777
5673,c,120.23059827547777,120.23059827547777
5674,c,29.006747162761616,120.23059827547777
5675,c,120.23059827547777,120.23059827547777
5676,c,30.753799766121585,32.995327693318075
5677,c,120.23059827547777,120.23059827547777
5678,c,7.106275463692189,32.54604446392758
5679,t,120.23059827547777,120.23059827547777
5680,c,10.066801745776152,18.82010272941905
5681,c,120.23059827547777,120.23059827547777
5682,c,120.23059827547777,120.23059827547777
5683,c,120.23059827547777,120.23059827547777
5684,c,45.723111130186446,48.05673119187408
5685,c,120.23059827547777,120.23059827547777
5686,c,28.693060087860236,38.34751980890844
5687,c,23.109564344893915,25.683608633178412
5688,c,120.23059827547777,120.23059827547777
5689,t,120.23059827547777,120.23059827547777
5690,c,48.55604638272573,51.095674810292586
5691,c,30.565670657898895,30.804769604806307
5692,c,11.536755955379975,120.23059827547777
5693,t,120.23059827547777,120.23059827547777
5694,c,14.62157113702911,19.530212969112096
5695,t,120.23059827547777,120.23059827547777
5696,c,54.281662014951856,56.4523654730628
5697,c,120.23059827547777,120.23059827547777
5698,c,120.23059827547777,120.23059827547777
5699,c,120.23059827547777,120.23059827547777
5700,t,120.23059827547777,120.23059827547777
5701,c,12.195784581316088,12.913603680902007
5702,t,120.23059827547777,120.23059827547777
5703,t,120.23059827547777,120.23059827547777
5704,c,30.11407544427487,32.49470923369719
5705,t,120.23059827547777,120.23059827547777
5706,t,120.23059827547777,120.23059827547777
5707,c,120.23059827547777,120.23059827547777
5708,c,27.44947123789443,33.23119127171269
5709,c,120.23059827547777,120.23059827547777
5710,c,120.23059827547777,120.23059827547777
5711,t,120.23059827547777,120.23059827547777
5712,c,4.883323860578381,6.531230307300129
5713,c,29.76342561847484,34.19251503288961
5714,c,120.23059827547777,120.23059827547777
5715,na,0,6.181138694072256
5716,c,120.23059827547777,120.23059827547777
5717,t,120.23059827547777,120.23059827547777
5718,t,120.23059827547777,120.23059827547777
5719,t,120.23059827547777,120.23059827547777
5720,t,120.23059827547777,120.23059827547777
5721,t,120.23059827547777,120.23059827547777
5722,t,120.23059827547777,120.23059827547777
5723,c,120.23059827547777,120.23059827547777
5724,c,26.39354003113469,28.959691677363583
5725,c,21.068127117452207,22.904587290684436
5726,c,120.23059827547777,120.23059827547777
5727,c,18.093853360742887,120.23059827547777
5728,c,31.676851779654818,33.06979774245642
5729,c,120.23059827547777,120.23059827547777
5730,t,120.23059827547777,120.23059827547777
5731,c,9.43847581235881,13.597660180707074
5732,c,120.23059827547777,120.23059827547777
5733,t,120.23059827547777,120.23059827547777
5734,c,37.73989363422975,38.27785140765926
5735,c,120.23059827547777,120.23059827547777
5736,c,31.62762422516609,34.769572053311464
5737,c,120.23059827547777,120.23059827547777
5738,c,120.23059827547777,120.23059827547777
5739,c,44.51437590454353,48.699829984730094
5740,na,6.9287122212267045,14.094498455330527
5741,t,120.23059827547777,120.23059827547777
5742,c,120.23059827547777,120.23059827547777
5743,t,120.23059827547777,120.23059827547777
5744,t,120.23059827547777,120.23059827547777
5745,c,37.55186926336048,42.51711912589626
5746,c,6.189783504012694,9.809592073510833
5747,c,120.23059827547777,120.23059827547777
5748,c,120.23059827547777,120.23059827547777
5749,c,120.23059827547777,120.23059827547777
5750,t,120.23059827547777,120.23059827547777
5751,c,120.23059827547777,120.23059827547777
5752,c,23.0813061059675,24.918029508868273
5753,t,120.23059827547777,120.23059827547777
5754,c,24.50128135713741,25.444531482934476
5755,c,22.031278652427368,24.762993070255597
5756,c,57.59298103003098,57.8886274961527
5757,c,120.23059827547777,120.23059827547777
5758,c,32.76479506226812,33.03925331623908
5759,c,25.637051165594237,26.206937283169516
5760,c,120.23059827547777,120.23059827547777
5761,c,120.23059827547777,120.23059827547777
5762,c,36.50003355678213,48.174910933568384
5763,t,120.23059827547777,120.23059827547777
5764,c,120.23059827547777,120.23059827547777
5765,t,120.23059827547777,120.23059827547777
5766,c,120.23059827547777,120.23059827547777
5767,t,120.23059827547777,120.23059827547777
5768,c,120.23059827547777,120.23059827547777
5769,na,0,0.6038348817541859
5770,t,120.23059827547777,120.23059827547777
5771,t,120.23059827547777,120.23059827547777
5772,t,120.23059827547777,120.23059827547777
5773,c,48.19246954062827,49.43066119199563
5774,c,120.23059827547777,120.23059827547777
5775,c,120.23059827547777,120.23059827547777
5776,c,50.806673233355006,56.039772779540684
5777,c,13.733698025512853,21.782670576060898
5778,c,9.861725864740121,11.774626106388318
5779,c,18.3585028280342,19.570714763701133
5780,t,120.23059827547777,120.23059827547777
5781,c,120.23059827547777,120.23059827547777
5782,t,120.23059827547777,120.23059827547777
5783,c,120.23059827547777,120.23059827547777
5784,c,64.01207788955783,65.75693003301555
5785,c,120.23059827547777,120.23059827547777
5786,c,42.78769832695455,120.23059827547777
5787,t,120.23059827547777,120.23059827547777
5788,c,120.23059827547777,120.23059827547777
5789,t,120.23059827547777,120.23059827547777
5790,t,120.23059827547777,120.23059827547777
5791,c,120.23059827547777,120.23059827547777
5792,c,120.23059827547777,120.23059827547777
5793,c,46.83454996894722,48.11200811120149
5794,t,120.23059827547777,120.23059827547777
5795,c,35.44988220667688,38.70008029393258
5796,c,120.23059827547777,120.23059827547777
5797,t,120.23059827547777,120.23059827547777
5798,t,120.23059827547777,120.23059827547777
5799,c,31.18614702357276,120.23059827547777
5800,c,120.23059827547777,120.23059827547777
5801,c,120.23059827547777,120.23059827547777
5802,c,120.23059827547777,120.23059827547777
5803,c,120.23059827547777,120.23059827547777
5804,c,120.23059827547777,120.23059827547777
5805,c,120.23059827547777,120.23059827547777
5806,c,20.467861015029165,24.08186600891471
5807,c,120.23059827547777,120.23059827547777
5808,c,120.23059827547777,120.23059827547777
5809,c,120.23059827547777,120.23059827547777
5810,t,120.23059827547777,120.23059827547777
5811,c,29.189360453037732,31.348163628553955
5812,c,120.23059827547777,120.23059827547777
5813,c,33.55900578192845,33.85224067074658
5814,c,120.23059827547777,120.23059827547777
5815,c,26.629302560693507,120.23059827547777
5816,c,42.421758563831915,45.70808642048391
5817,c,120.23059827547777,120.23059827547777
5818,c,56.36656368058196,61.86311062024929
5819,t,120.23059827547777,120.23059827547777
5820,c,14.535548649187492,18.794536832590264
5821,c,23.46364088776857,23.481878625404907
5822,c,120.23059827547777,120.23059827547777
5823,c,120.23059827547777,120.23059827547777
5824,c,120.23059827547777,120.23059827547777
5825,c,26.498386647460766,26.804538463099554
5826,c,120.23059827547777,120.23059827547777
5827,t,120.23059827547777,120.23059827547777
5828,t,120.23059827547777,120.23059827547777
5829,c,120.23059827547777,120.23059827547777
5830,c,120.23059827547777,120.23059827547777
5831,c,68.93500635275446,84.44130891782902
5832,c,120.23059827547777,120.23059827547777
5833,c,42.51539471356926,42.94702393407027
5834,c,55.58432679033284,59.75418134284421
5835,c,120.23059827547777,120.23059827547777
5836,c,28.172737412816154,31.400807965238396
5837,na,0,7.606568591888943
5838,c,120.23059827547777,120.23059827547777
5839,c,120.23059827547777,120.23059827547777
5840,c,120.23059827547777,120.23059827547777
5841,c,120.23059827547777,120.23059827547777
5842,t,120.23059827547777,120.23059827547777
5843,c,44.66823449916115,49.84369629722509
5844,t,120.23059827547777,120.23059827547777
5845,c,120.23059827547777,120.23059827547777
5846,c,120.23059827547777,120.23059827547777
5847,c,120.23059827547777,120.23059827547777
5848,c,20.3289167380958,120.23059827547777
5849,c,120.23059827547777,120.23059827547777
5850,t,120.23059827547777,120.23059827547777
5851,c,120.23059827547777,120.23059827547777
5852,c,17.75157625204493,25.306966943873395
5853,c,120.23059827547777,120.23059827547777
5854,c,14.243938259332394,15.053442918967407
5855,c,120.23059827547777,120.23059827547777
5856,t,120.23059827547777,120.23059827547777
5857,c,120.23059827547777,120.23059827547777
5858,c,120.23059827547777,120.23059827547777
5859,c,120.23059827547777,120.23059827547777
5860,c,29.696300222785457,31.031591248904142
5861,c,120.23059827547777,120.23059827547777
5862,na,-1,0
5863,c,120.23059827547777,120.23059827547777
5864,c,120.23059827547777,120.23059827547777
5865,c,54.73711947648166,64.26668756781748
5866,c,120.23059827547777,120.23059827547777
5867,c,120.23059827547777,120.23059827547777
5868,c,3.83264552013102,8.278974146195003
5869,c,15.930543097250489,21.027101921056804
5870,c,120.23059827547777,120.23059827547777
5871,c,120.23059827547777,120.23059827547777
5872,c,120.23059827547777,120.23059827547777
5873,c,36.553594435503726,42.50736070805756
5874,c,11.57005226381,16.661690239925047
5875,c,120.23059827547777,120.23059827547777
5876,c,16.112073805186448,26.799966476702718
5877,t,120.23059827547777,120.23059827547777
5878,c,12.365360905368574,14.02409553554044
5879,na,1.8782444948416386,7.805770152345304
5880,c,26.82421694494151,31.847563809775068
5881,t,120.23059827547777,120.23059827547777
5882,c,25.465514856450184,26.90525069430171
5883,c,120.23059827547777,120.23059827547777
5884,c,23.39573841160816,30.45498964434978
5885,c,120.23059827547777,120.23059827547777
5886,c,120.23059827547777,120.23059827547777
5887,c,41.64063221034419,58.12606557972552
5888,c,120.23059827547777,120.23059827547777
5889,na,0,5.422281554156404
5890,c,120.23059827547777,120.23059827547777
5891,c,39.248670078990465,41.38691930645127
5892,c,120.23059827547777,120.23059827547777
5893,c,120.23059827547777,120.23059827547777
5894,c,120.23059827547777,120.23059827547777
5895,c,120.23059827547777,120.23059827547777
5896,c,20.657978253154713,120.23059827547777
5897,c,120.23059827547777,120.23059827547777
5898,c,120.23059827547777,120.23059827547777
5899,c,120.23059827547777,120.23059827547777
5900,t,120.23059827547777,120.23059827547777
5901,c,21.00765783680194,120.23059827547777
5902,c,28.67658239837446,36.62811183178047
5903,c,6.3446169596353945,8.743356453639946
5904,c,36.044811216498935,36.97839991285531
5905,t,120.23059827547777,120.23059827547777
5906,t,120.23059827547777,120.23059827547777
5907,t,120.23059827547777,120.23059827547777
5908,c,120.23059827547777,120.23059827547777
5909,c,120.23059827547777,120.23059827547777
5910,c,25.18080793500097,120.23059827547777
5911,c,17.071411836732484,18.934912398919185
5912,c,18.395726950457934,20.84348334988625
5913,c,120.23059827547777,120.23059827547777
5914,c,120.23059827547777,120.23059827547777
5915,t,120.23059827547777,120.23059827547777
5916,c,24.147404892501857,30.14026819885636
5917,c,120.23059827547777,120.23059827547777
5918,t,120.23059827547777,120.23059827547777
5919,c,49.66696687931772,68.45282948874251
5920,c,19.564255645944804,21.36842783956121
5921,c,35.3520482324945,40.08976663170861
5922,c,16.901964510959516,19.794059627607076
5923,c,20.50410863254233,25.119150693636282
5924,c,54.507773313419655,120.23059827547777
5925,c,120.23059827547777,120.23059827547777
5926,c,120.23059827547777,120.23059827547777
5927,c,120.23059827547777,120.23059827547777
5928,c,120.23059827547777,120.23059827547777
5929,c,120.23059827547777,120.23059827547777
5930,c,120.23059827547777,120.23059827547777
5931,c,34.33459509955556,39.29433353847993
5932,t,120.23059827547777,120.23059827547777
5933,c,4.216472352215512,6.179203057536963
5934,c,120.23059827547777,120.23059827547777
5935,c,120.23059827547777,120.23059827547777
5936,c,87.64643976837203,93.44132655365246
5937,c,120.23059827547777,120.23059827547777
5938,c,120.23059827547777,120.23059827547777
5939,c,120.23059827547777,120.23059827547777
5940,c,120.23059827547777,120.23059827547777
5941,c,47.397860811403376,48.16570347900107
5942,t,120.23059827547777,120.23059827547777
5943,t,120.23059827547777,120.23059827547777
5944,c,72.50820495521914,75.23406065875399
5945,c,120.23059827547777,120.23059827547777
5946,t,120.23059827547777,120.23059827547777
5947,c,37.07119341563507,42.309667088050425
5948,t,120.23059827547777,120.23059827547777
5949,c,120.23059827547777,120.23059827547777
5950,na,0,2.990346302974356
5951,t,120.23059827547777,120.23059827547777
5952,na,0,4.52992885064086
5953,c,120.23059827547777,120.23059827547777
5954,c,120.23059827547777,120.23059827547777
5955,c,120.23059827547777,120.23059827547777
5956,c,26.77571978428387,29.78049740850813
5957,c,120.23059827547777,120.23059827547777
5958,c,120.23059827547777,120.23059827547777
5959,c,31.041998566999194,36.56861906964276
5960,c,120.23059827547777,120.23059827547777
5961,t,120.23059827547777,120.23059827547777
5962,c,19.64052845409423,21.894506407665737
5963,c,17.63961246736797,18.378404365578383
5964,c,13.384817259069184,16.380343965594207
5965,c,32.15911433745738,32.970409815817106
5966,c,23.51406194538521,34.94026712322981
5967,c,46.38049310306209,54.4961594446166
5968,t,120.23059827547777,120.23059827547777
5969,c,5.887118159182728,7.33221487375843
5970,c,120.23059827547777,120.23059827547777
5971,c,39.89500145338371,40.014516337076174
5972,t,120.23059827547777,120.23059827547777
5973,c,120.23059827547777,120.23059827547777
5974,c,120.23059827547777,120.23059827547777
5975,c,13.61618902154146,22.11295947990578
5976,c,120.23059827547777,120.23059827547777
5977,na,-1,0
5978,c,14.351229579159277,15.613382455971946
5979,c,120.23059827547777,120.23059827547777
5980,c,120.23059827547777,120.23059827547777
5981,c,120.23059827547777,120.23059827547777
5982,na,0.8934862376917033,9.241694283928739
5983,c,30.50486243427177,30.741558724057075
5984,c,120.23059827547777,120.23059827547777
5985,c,19.102919811296143,21.122566818205968
5986,c,14.132534894072753,21.874638740247452
5987,c,26.66016229266581,29.64783554118514
5988,c,120.23059827547777,120.23059827547777
5989,c,28.221036653496494,28.831771817551868
5990,t,120.23059827547777,120.23059827547777
5991,c,23.253196184061217,24.494203166903784
5992,c,33.01023907338474,38.10788436922991
5993,t,120.23059827547777,120.23059827547777
5994,c,120.23059827547777,120.23059827547777
5995,c,52.50304238472529,52.626308689766596
5996,c,120.23059827547777,120.23059827547777
5997,c,16.986476829509698,24.821185177873833
5998,c,53.87914454618707,55.92281380012133
5999,c,17.31770099450175,18.77561955215097
6000,c,20.7668464598529,120.23059827547777
6001,c,120.23059827547777,120.23059827547777
6002,c,2.1204134686370995,8.449609367483628
6003,c,120.23059827547777,120.23059827547777
6004,c,120.23059827547777,120.23059827547777
6005,c,120.23059827547777,120.23059827547777
6006,c,25.3616613564972,120.23059827547777
6007,c,13.987119469027784,120.23059827547777
6008,c,120.23059827547777,120.23059827547777
6009,c,120.23059827547777,120.23059827547777
6010,c,120.23059827547777,120.23059827547777
6011,c,34.263995754401044,37.81084005135009
6012,c,120.23059827547777,120.23059827547777
6013,t,120.23059827547777,120.23059827547777
6014,c,11.838606059606528,16.674482141725168
6015,c,56.750525676768845,62.831520554895654
6016,c,120.23059827547777,120.23059827547777
6017,t,120.23059827547777,120.23059827547777
6018,c,120.23059827547777,120.23059827547777
6019,c,120.23059827547777,120.23059827547777
6020,c,2.109270009191787,2.5253147199342525
6021,t,120.23059827547777,120.23059827547777
6022,c,120.23059827547777,120.23059827547777
6023,t,120.23059827547777,120.23059827547777
6024,c,33.08933452753055,33.92544957445422
6025,t,120.23059827547777,120.23059827547777
6026,c,38.296261909655044,39.48388630814459
6027,c,120.23059827547777,120.23059827547777
6028,t,120.23059827547777,120.23059827547777
6029,c,120.23059827547777,120.23059827547777
6030,c,120.23059827547777,120.23059827547777
6031,c,120.23059827547777,120.23059827547777
6032,t,120.23059827547777,120.23059827547777
6033,c,120.23059827547777,120.23059827547777
6034,c,45.42631964523948,54.24489358811947
6035,c,19.962679722320473,21.059964403148086
6036,c,10.279804648647396,15.746763130751983
6037,c,47.18898604306366,50.89520614553918
6038,t,120.23059827547777,120.23059827547777
6039,t,120.23059827547777,120.23059827547777
6040,c,120.23059827547777,120.23059827547777
6041,t,120.23059827547777,120.23059827547777
6042,c,40.588469170745746,52.10090558877066
6043,c,29.215960711790302,30.53641035044848
6044,c,120.23059827547777,120.23059827547777
6045,c,21.008346236788544,34.21081357211435
6046,c,120.23059827547777,120.23059827547777
6047,c,15.044399303602233,15.65746679947939
6048,c,120.23059827547777,120.23059827547777
6049,t,120.23059827547777,120.23059827547777
6050,c,120.23059827547777,120.23059827547777
6051,c,120.23059827547777,120.23059827547777
6052,c,35.10322010094699,43.90787000844433
6053,c,120.23059827547777,120.23059827547777
6054,c,25.35668694792444,47.829267369833005
6055,c,120.23059827547777,120.23059827547777
6056,c,120.23059827547777,120.23059827547777
6057,c,12.84713218407397,15.869573264866139
6058,c,120.23059827547777,120.23059827547777
6059,c,120.23059827547777,120.23059827547777
6060,c,120.23059827547777,120.23059827547777
6061,c,120.23059827547777,120.23059827547777
6062,c,17.836189938531906,23.175847979456105
6063,c,22.50009873790169,25.629535753289932
6064,t,120.23059827547777,120.23059827547777
6065,c,120.23059827547777,120.23059827547777
6066,c,120.23059827547777,120.23059827547777
6067,c,17.48450839600955,28.239779587541097
6068,c,46.396645805773076,49.35554551332126
6069,c,120.23059827547777,120.23059827547777
6070,c,6.331042925765444,10.489966822467311
6071,c,120.23059827547777,120.23059827547777
6072,c,16.02870272373296,20.212669398768448
6073,t,120.23059827547777,120.23059827547777
6074,t,120.23059827547777,120.23059827547777
6075,c,45.608576711042275,46.15866528129871
6076,c,120.23059827547777,120.23059827547777
6077,t,120.23059827547777,120.23059827547777
6078,c,120.23059827547777,120.23059827547777
6079,c,120.23059827547777,120.23059827547777
6080,c,1.5979533125364358,3.740156724345554
6081,c,120.23059827547777,120.23059827547777
6082,t,120.23059827547777,120.23059827547777
6083,t,120.23059827547777,120.23059827547777
6084,c,38.04449953909999,42.44477008762416
6085,t,120.23059827547777,120.23059827547777
6086,c,44.14652485843071,44.885699728695954
6087,c,21.344013717088426,22.45150861542055
6088,t,120.23059827547777,120.23059827547777
6089,c,120.23059827547777,120.23059827547777
6090,c,120.23059827547777,120.23059827547777
6091,t,120.23059827547777,120.23059827547777
6092,c,120.23059827547777,120.23059827547777
6093,c,12.553181079890333,14.724471521858511
6094,t,120.23059827547777,120.23059827547777
6095,c,120.23059827547777,120.23059827547777
6096,c,120.23059827547777,120.23059827547777
6097,t,120.23059827547777,120.23059827547777
6098,c,29.2265917816584,32.2541679851704
6099,t,120.23059827547777,120.23059827547777
6100,c,120.23059827547777,120.23059827547777
6101,t,120.23059827547777,120.23059827547777
6102,c,13.542058287655818,23.51198755340551
6103,c,120.23059827547777,120.23059827547777
6104,c,120.23059827547777,120.23059827547777
6105,c,120.23059827547777,120.23059827547777
6106,t,120.23059827547777,120.23059827547777
6107,c,120.23059827547777,120.23059827547777
6108,t,120.23059827547777,120.23059827547777
6109,t,120.23059827547777,120.23059827547777
6110,t,120.23059827547777,120.23059827547777
6111,c,120.23059827547777,120.23059827547777
6112,c,120.23059827547777,120.23059827547777
6113,c,120.23059827547777,120.23059827547777
6114,c,120.23059827547777,120.23059827547777
6115,t,120.23059827547777,120.23059827547777
6116,c,22.595817196525143,30.982575916425898
6117,c,30.28266470433908,120.23059827547777
6118,c,9.77536910638112,120.23059827547777
6119,c,46.21329641987669,49.64179755558751
6120,c,120.23059827547777,120.23059827547777
6121,c,120.23059827547777,120.23059827547777
6122,t,120.23059827547777,120.23059827547777
6123,c,120.23059827547777,120.23059827547777
6124,c,120.23059827547777,120.23059827547777
6125,c,120.23059827547777,120.23059827547777
6126,c,120.23059827547777,120.23059827547777
6127,c,120.23059827547777,120.23059827547777
6128,c,120.23059827547777,120.23059827547777
6129,c,41.23326257813944,53.365436000230076
6130,c,120.23059827547777,120.23059827547777
6131,c,37.33216804498113,39.76747373560579
6132,t,120.23059827547777,120.23059827547777
6133,c,120.23059827547777,120.23059827547777
6134,c,19.41763738827219,21.112286495291503
6135,c,120.23059827547777,120.23059827547777
6136,c,23.03174682349037,120.23059827547777
6137,c,120.23059827547777,120.23059827547777
6138,c,120.23059827547777,120.23059827547777
6139,t,120.23059827547777,120.23059827547777
6140,c,120.23059827547777,120.23059827547777
6141,c,34.77601485609091,39.70058414838318
6142,c,120.23059827547777,120.23059827547777
6143,c,120.23059827547777,120.23059827547777
6144,c,32.28363774086109,44.38075251362849
6145,c,120.23059827547777,120.23059827547777
6146,c,120.23059827547777,120.23059827547777
6147,t,120.23059827547777,120.23059827547777
6148,c,120.23059827547777,120.23059827547777
6149,c,23.78527817737094,25.425310477503114
6150,c,28.43629786423781,31.05956005734702
6151,c,120.23059827547777,120.23059827547777
6152,c,21.201315500109104,25.0088623842223
6153,c,120.23059827547777,120.23059827547777
6154,c,59.35626254506182,59.70511473951114
6155,c,65.90344068958258,69.22127393399722
6156,c,40.72623585558992,41.94219067363891
6157,c,120.23059827547777,120.23059827547777
6158,c,120.23059827547777,120.23059827547777
6159,t,120.23059827547777,120.23059827547777
6160,c,120.23059827547777,120.23059827547777
6161,c,30.303885275924642,40.342223928567506
6162,c,120.23059827547777,120.23059827547777
6163,c,11.281498104373119,16.507242531273654
6164,c,120.23059827547777,120.23059827547777
6165,c,39.07072810246205,42.661508516790235
6166,c,37.49154292918576,40.22840501029016
6167,c,120.23059827547777,120.23059827547777
6168,t,120.23059827547777,120.23059827547777
6169,c,23.158459603758864,23.434773684177614
6170,c,21.71228517730002,24.077262919245694
6171,t,120.23059827547777,120.23059827547777
6172,c,120.23059827547777,120.23059827547777
6173,c,19.795583465505718,21.29180432734131
6174,c,120.23059827547777,120.23059827547777
6175,t,120.23059827547777,120.23059827547777
6176,c,82.83864584251063,83.72243457006248
6177,t,120.23059827547777,120.23059827547777
6178,c,33.78746763570986,45.71046195409906
6179,t,120.23059827547777,120.23059827547777
6180,c,120.23059827547777,120.23059827547777
6181,c,120.23059827547777,120.23059827547777
6182,c,89.06003344540522,97.73215756111813
6183,c,48.46613818242292,54.74367908683593
6184,c,73.0486946774221,73.95549171761428
6185,c,13.524595960736129,18.267197214626307
6186,t,120.23059827547777,120.23059827547777
6187,t,120.23059827547777,120.23059827547777
6188,c,120.23059827547777,120.23059827547777
6189,c,120.23059827547777,120.23059827547777
6190,c,120.23059827547777,120.23059827547777
6191,c,120.23059827547777,120.23059827547777
6192,t,120.23059827547777,120.23059827547777
6193,t,120.23059827547777,120.23059827547777
6194,c,120.23059827547777,120.23059827547777
6195,t,120.23059827547777,120.23059827547777
6196,t,120.23059827547777,120.23059827547777
6197,c,28.053889261445768,30.514322788137815
6198,c,120.23059827547777,120.23059827547777
6199,c,120.23059827547777,120.23059827547777
6200,c,120.23059827547777,120.23059827547777
6201,na,0,0.472855544490742
6202,c,47.260933158917,55.03043836120803
6203,c,42.31075110404857,42.949432070759485
6204,c,80.29448582229476,83.63613563077321
6205,c,120.23059827547777,120.23059827547777
6206,c,52.05853749457659,52.312638679992425
6207,c,108.43288630856176,111.47812848814962
6208,c,120.23059827547777,120.23059827547777
6209,c,36.98351985535812,40.76282811712647
6210,c,120.23059827547777,120.23059827547777
6211,c,120.23059827547777,120.23059827547777
6212,c,120.23059827547777,120.23059827547777
6213,c,120.23059827547777,120.23059827547777
6214,c,37.63783541033511,42.47459239625025
6215,t,120.23059827547777,120.23059827547777
6216,c,120.23059827547777,120.23059827547777
6217,t,120.23059827547777,120.23059827547777
6218,c,27.942661614495773,29.221791771634134
6219,c,65.34358134779413,65.82838627609247
6220,t,120.23059827547777,120.23059827547777
6221,na,0,8.867102635600705
6222,t,120.23059827547777,120.23059827547777
6223,c,120.23059827547777,120.23059827547777
6224,c,120.23059827547777,120.23059827547777
6225,t,120.23059827547777,120.23059827547777
6226,c,120.23059827547777,120.23059827547777
6227,c,6.630177532292061,12.87838232223928
6228,c,38.43492783255166,39.110607336559525
6229,c,120.23059827547777,120.23059827547777
6230,c,120.23059827547777,120.23059827547777
6231,c,31.71421279400662,39.28865996027358
6232,c,120.23059827547777,120.23059827547777
6233,c,120.23059827547777,120.23059827547777
6234,c,120.23059827547777,120.23059827547777
6235,t,120.23059827547777,120.23059827547777
6236,c,3.0675907777266156,4.7991449968236095
6237,t,120.23059827547777,120.23059827547777
6238,c,25.129626065644477,30.964816950429512
6239,c,26.362058842280497,28.68839826686953
6240,c,21.918733315455356,26.955188311485756
6241,c,120.23059827547777,120.23059827547777
6242,c,120.23059827547777,120.23059827547777
6243,c,0.6597728895644547,1.4838094841049927
6244,c,16.606503768874873,22.335734729372106
6245,c,71.32065285778855,71.6042093841115
6246,c,120.23059827547777,120.23059827547777
6247,c,26.993504013018217,27.0112869929924
6248,c,24.717985656987686,32.07791011796566
6249,c,23.097383396388636,120.23059827547777
6250,c,15.026831009079974,16.673111704353076
6251,c,11.50734036619298,11.662175798718916
6252,c,11.3533916650456,15.896911578968792
6253,c,38.95050930938853,43.63680866081497
6254,c,120.23059827547777,120.23059827547777
6255,c,120.23059827547777,120.23059827547777
6256,c,120.23059827547777,120.23059827547777
6257,t,120.23059827547777,120.23059827547777
6258,c,2.756435679866693,12.27699896252202
6259,c,120.23059827547777,120.23059827547777
6260,c,120.23059827547777,120.23059827547777
6261,t,120.23059827547777,120.23059827547777
6262,na,6.285317374794529,8.545286218744378
6263,t,120.23059827547777,120.23059827547777
6264,c,120.23059827547777,120.23059827547777
6265,c,120.23059827547777,120.23059827547777
6266,c,120.23059827547777,120.23059827547777
6267,c,24.164752192445654,120.23059827547777
6268,c,120.23059827547777,120.23059827547777
6269,t,120.23059827547777,120.23059827547777
6270,c,20.299799894107334,24.24665543951297
6271,c,37.437580289828546,45.21242508087804
6272,t,120.23059827547777,120.23059827547777
6273,c,120.23059827547777,120.23059827547777
6274,t,120.23059827547777,120.23059827547777
6275,c,46.4404656439536,52.465761977369205
6276,c,120.23059827547777,120.23059827547777
6277,c,31.814606103715477,120.23059827547777
6278,c,47.885201315538474,52.81761602348597
6279,c,29.85473650634778,30.867779443641442
6280,c,74.08817899702166,75.03324657973094
6281,na,0,120.23059827547777
6282,c,77.03832862164656,93.06595814590423
6283,c,34.749919711071556,40.592631945234594
6284,c,120.23059827547777,120.23059827547777
6285,t,120.23059827547777,120.23059827547777
6286,c,23.42219451655615,26.052311210633686
6287,c,12.559379564274584,18.466538662097115
6288,c,40.7729180504783,46.020022975900915
6289,c,25.854826892946388,120.23059827547777
6290,c,120.23059827547777,120.23059827547777
6291,na,-1,0
6292,c,45.34315453083313,48.99564934562418
6293,t,120.23059827547777,120.23059827547777
6294,c,16.2860306600116,16.447707849240736
6295,c,120.23059827547777,120.23059827547777
6296,t,120.23059827547777,120.23059827547777
6297,t,120.23059827547777,120.23059827547777
6298,c,32.624674150586884,43.93939317249367
6299,c,23.47343853931869,32.74777581455264
6300,c,120.23059827547777,120.23059827547777
6301,c,120.23059827547777,120.23059827547777
6302,c,120.23059827547777,120.23059827547777
6303,t,120.23059827547777,120.23059827547777
6304,c,30.774228970120014,41.44081249533174
6305,c,120.23059827547777,120.23059827547777
6306,c,120.23059827547777,120.23059827547777
6307,c,16.09893385219319,16.13378274230068
6308,c,21.484895168061026,21.538859604493734
6309,t,120.23059827547777,120.23059827547777
6310,c,120.23059827547777,120.23059827547777
6311,c,13.30125946242776,120.23059827547777
6312,c,120.23059827547777,120.23059827547777
6313,t,120.23059827547777,120.23059827547777
6314,c,120.23059827547777,120.23059827547777
6315,t,120.23059827547777,120.23059827547777
6316,t,120.23059827547777,120.23059827547777
6317,t,120.23059827547777,120.23059827547777
6318,c,120.23059827547777,120.23059827547777
6319,t,120.23059827547777,120.23059827547777
6320,c,120.23059827547777,120.23059827547777
6321,c,120.23059827547777,120.23059827547777
6322,t,120.23059827547777,120.23059827547777
6323,c,120.23059827547777,120.23059827547777
6324,c,120.23059827547777,120.23059827547777
6325,c,120.23059827547777,120.23059827547777
6326,c,120.23059827547777,120.23059827547777
6327,t,120.23059827547777,120.23059827547777
6328,c,120.23059827547777,120.23059827547777
6329,c,120.23059827547777,120.23059827547777
6330,t,120.23059827547777,120.23059827547777
6331,t,120.23059827547777,120.23059827547777
6332,c,54.700836083998425,56.267200860664126
6333,c,8.27246955234223,8.913416533000632
6334,c,44.835629143577385,44.85197715063947
6335,c,120.23059827547777,120.23059827547777
6336,c,17.852134434834998,120.23059827547777
6337,c,120.23059827547777,120.23059827547777
6338,c,120.23059827547777,120.23059827547777
6339,t,120.23059827547777,120.23059827547777
6340,t,120.23059827547777,120.23059827547777
6341,c,7.461313384507942,9.350417072704193
6342,c,120.23059827547777,120.23059827547777
6343,c,120.23059827547777,120.23059827547777
6344,c,120.23059827547777,120.23059827547777
6345,c,120.23059827547777,120.23059827547777
6346,c,9.946396051713666,12.956924811901171
6347,na,-1,0
6348,c,120.23059827547777,120.23059827547777
6349,c,120.23059827547777,120.23059827547777
6350,c,63.779550005931284,63.8510243717485
6351,t,120.23059827547777,120.23059827547777
6352,c,8.535716014027267,9.790630377889762
6353,c,120.23059827547777,120.23059827547777
6354,t,120.23059827547777,120.23059827547777
6355,c,120.23059827547777,120.23059827547777
6356,c,29.41498199955027,29.9002019836518
6357,c,120.23059827547777,120.23059827547777
6358,c,5.212012044400686,6.545307492429163
6359,t,120.23059827547777,120.23059827547777
6360,c,120.23059827547777,120.23059827547777
6361,c,10.523061614551152,12.734748074522765
6362,c,120.23059827547777,120.23059827547777
6363,c,120.23059827547777,120.23059827547777
6364,c,120.23059827547777,120.23059827547777
6365,c,14.162502670692987,17.593451521124585
6366,c,120.23059827547777,120.23059827547777
6367,t,120.23059827547777,120.23059827547777
6368,c,120.23059827547777,120.23059827547777
6369,c,120.23059827547777,120.23059827547777
6370,c,120.23059827547777,120.23059827547777
6371,c,120.23059827547777,120.23059827547777
6372,c,120.23059827547777,120.23059827547777
6373,c,43.077608377153524,48.20838326141246
6374,c,40.49224699604932,40.68946045860934
6375,c,38.265319832136505,39.164519669136425
6376,c,42.790211057605546,46.586538358315174
6377,t,120.23059827547777,120.23059827547777
6378,c,21.159973575483725,22.19467001325721
6379,c,120.23059827547777,120.23059827547777
6380,c,120.23059827547777,120.23059827547777
6381,c,54.692375256258785,63.15899854625886
6382,t,120.23059827547777,120.23059827547777
6383,c,58.56036395711343,69.84110688270152
6384,c,120.23059827547777,120.23059827547777
6385,c,120.23059827547777,120.23059827547777
6386,c,120.23059827547777,120.23059827547777
6387,c,120.23059827547777,120.23059827547777
6388,c,120.23059827547777,120.23059827547777
6389,c,120.23059827547777,120.23059827547777
6390,t,120.23059827547777,120.23059827547777
6391,c,66.02472343324968,66.2767180336293
6392,t,120.23059827547777,120.23059827547777
6393,c,120.23059827547777,120.23059827547777
6394,c,120.23059827547777,120.23059827547777
6395,c,120.23059827547777,120.23059827547777
6396,c,120.23059827547777,120.23059827547777
6397,c,28.835184515941375,30.853055344289206
6398,c,120.23059827547777,120.23059827547777
6399,c,48.284890000041706,53.96996349152572
6400,c,19.642626811159577,20.07834486806661
6401,t,120.23059827547777,120.23059827547777
6402,c,120.23059827547777,120.23059827547777
6403,t,120.23059827547777,120.23059827547777
6404,t,120.23059827547777,120.23059827547777
6405,t,120.23059827547777,120.23059827547777
6406,c,16.517140038578727,23.95816124627593
6407,c,76.42482464260182,84.88553418386485
6408,c,37.97169657717908,38.64913423687154
6409,t,120.23059827547777,120.23059827547777
6410,c,19.787969087942127,22.670595793604104
6411,c,120.23059827547777,120.23059827547777
6412,c,120.23059827547777,120.23059827547777
6413,c,120.23059827547777,120.23059827547777
6414,c,26.03462352913493,30.415718833674145
6415,c,22.09372064957853,22.630855905838192
6416,c,30.942549522178528,37.19517400759496
6417,t,120.23059827547777,120.23059827547777
6418,t,120.23059827547777,120.23059827547777
6419,c,8.50452093480761,15.80151466047436
6420,c,120.23059827547777,120.23059827547777
6421,t,120.23059827547777,120.23059827547777
6422,c,120.23059827547777,120.23059827547777
6423,t,120.23059827547777,120.23059827547777
6424,c,120.23059827547777,120.23059827547777
6425,c,34.11188884217632,36.43525499542373
6426,c,120.23059827547777,120.23059827547777
6427,t,120.23059827547777,120.23059827547777
6428,t,120.23059827547777,120.23059827547777
6429,c,20.860353912107843,23.641976272099708
6430,t,120.23059827547777,120.23059827547777
6431,t,120.23059827547777,120.23059827547777
6432,c,36.39362840722931,43.59144563096494
6433,c,13.417263374399315,16.54847914439452
6434,c,120.23059827547777,120.23059827547777
6435,c,120.23059827547777,120.23059827547777
6436,c,120.23059827547777,120.23059827547777
6437,c,26.35743401696927,29.1555838700209
6438,c,120.23059827547777,120.23059827547777
6439,c,120.23059827547777,120.23059827547777
6440,t,120.23059827547777,120.23059827547777
6441,c,13.111957973056562,14.116120539972398
6442,c,120.23059827547777,120.23059827547777
6443,c,120.23059827547777,120.23059827547777
6444,c,20.49361489575061,120.23059827547777
6445,c,20.00976534413957,120.23059827547777
6446,c,49.851153400083334,50.335405972596895
6447,c,21.636108771016396,22.695212269391558
6448,c,28.5126232461448,28.981764800410875
6449,c,120.23059827547777,120.23059827547777
6450,t,120.23059827547777,120.23059827547777
6451,c,120.23059827547777,120.23059827547777
6452,t,120.23059827547777,120.23059827547777
6453,c,120.23059827547777,120.23059827547777
6454,c,29.193818711124543,29.87306865954758
6455,c,21.49620321618478,30.520373580274796
6456,c,37.475205380364685,42.495262714169066
6457,c,120.23059827547777,120.23059827547777
6458,c,120.23059827547777,120.23059827547777
6459,c,120.23059827547777,120.23059827547777
6460,t,120.23059827547777,120.23059827547777
6461,t,120.23059827547777,120.23059827547777
6462,c,27.04060808964932,30.753715554649368
6463,c,9.43982166785924,10.466049402547949
6464,c,120.23059827547777,120.23059827547777
6465,c,52.27997293074489,54.97031260328672
6466,c,120.23059827547777,120.23059827547777
6467,c,120.23059827547777,120.23059827547777
6468,c,120.23059827547777,120.23059827547777
6469,c,20.244266685429583,20.95863501933129
6470,c,120.23059827547777,120.23059827547777
6471,c,120.23059827547777,120.23059827547777
6472,c,120.23059827547777,120.23059827547777
6473,t,120.23059827547777,120.23059827547777
6474,t,120.23059827547777,120.23059827547777
6475,c,120.23059827547777,120.23059827547777
6476,c,120.23059827547777,120.23059827547777
6477,c,36.854854818729216,40.96939357535447
6478,c,99.78712668069991,110.67072090523864
6479,t,120.23059827547777,120.23059827547777
6480,c,120.23059827547777,120.23059827547777
6481,c,37.20371147712973,39.469167772312
6482,c,10.632785417471737,15.854906443705035
6483,c,37.073990939375605,38.72562658559275
6484,t,120.23059827547777,120.23059827547777
6485,c,120.23059827547777,120.23059827547777
6486,c,120.23059827547777,120.23059827547777
6487,na,2.1912655291779655,4.911565736983544
6488,c,120.23059827547777,120.23059827547777
6489,t,120.23059827547777,120.23059827547777
6490,c,120.23059827547777,120.23059827547777
6491,t,120.23059827547777,120.23059827547777
6492,c,27.343259634932174,28.877779057377754
6493,c,24.932103745577166,31.59039294110351
6494,c,120.23059827547777,120.23059827547777
6495,c,32.17791491504535,38.05654749127262
6496,c,120.23059827547777,120.23059827547777
6497,c,120.23059827547777,120.23059827547777
6498,c,120.23059827547777,120.23059827547777
6499,c,26.003650925799455,28.939761316810944
6500,na,1.302594480687627,6.495037259413944
6501,t,120.23059827547777,120.23059827547777
6502,c,22.94128436477381,23.656142903722174
6503,c,14.502931479942959,28.90055600979331
6504,t,120.23059827547777,120.23059827547777
6505,c,29.379127697580866,29.73796551806623
6506,c,120.23059827547777,120.23059827547777
6507,na,-1,0
6508,c,120.23059827547777,120.23059827547777
6509,t,120.23059827547777,120.23059827547777
6510,c,18.837947863467154,20.197194860904748
6511,c,120.23059827547777,120.23059827547777
6512,c,120.23059827547777,120.23059827547777
6513,c,120.23059827547777,120.23059827547777
6514,na,0,8.480038272240392
6515,c,120.23059827547777,120.23059827547777
6516,c,54.42035869666874,56.60630196684595
6517,t,120.23059827547777,120.23059827547777
6518,c,120.23059827547777,120.23059827547777
6519,c,120.23059827547777,120.23059827547777
6520,c,120.23059827547777,120.23059827547777
6521,c,16.091629435755387,17.611665571907132
6522,c,120.23059827547777,120.23059827547777
6523,c,44.05607270388734,50.16931962650398
6524,c,22.927038770848103,25.165178859502007
6525,c,120.23059827547777,120.23059827547777
6526,c,39.74259133574432,42.55437266030174
6527,c,42.022009985063335,49.199569826823975
6528,c,29.118079816131015,29.44271825229018
6529,c,30.8000692265854,33.665765058226974
6530,c,120.23059827547777,120.23059827547777
6531,c,120.23059827547777,120.23059827547777
6532,c,35.04806913677819,36.93800800370564
6533,c,34.183033458730364,38.41877398795195
6534,t,120.23059827547777,120.23059827547777
6535,c,120.23059827547777,120.23059827547777
6536,c,120.23059827547777,120.23059827547777
6537,c,120.23059827547777,120.23059827547777
6538,c,60.38294599825265,67.16029084609659
6539,c,120.23059827547777,120.23059827547777
6540,c,33.607019838217866,34.56944490467392
6541,c,120.23059827547777,120.23059827547777
6542,c,10.022107471661604,20.736755370694855
6543,c,42.43059072796674,46.491719703897445
6544,c,120.23059827547777,120.23059827547777
6545,c,120.23059827547777,120.23059827547777
6546,c,13.196629476580222,19.42645892131586
6547,c,120.23059827547777,120.23059827547777
6548,c,120.23059827547777,120.23059827547777
6549,c,35.15923033712071,42.55582728245366
6550,t,120.23059827547777,120.23059827547777
6551,c,15.174775562467621,16.431949169272098
6552,c,21.418631019040735,26.28080185820715
6553,t,120.23059827547777,120.23059827547777
6554,t,120.23059827547777,120.23059827547777
6555,c,2.5709947572925085,17.855058944188315
6556,t,120.23059827547777,120.23059827547777
6557,c,120.23059827547777,120.23059827547777
6558,c,120.23059827547777,120.23059827547777
6559,c,23.817785434399532,37.38517478159574
6560,c,22.29604058357222,23.233184171620174
6561,c,33.03113513236863,35.258119293068575
6562,c,120.23059827547777,120.23059827547777
6563,c,46.724612961811324,49.4582467831045
6564,t,120.23059827547777,120.23059827547777
6565,c,120.23059827547777,120.23059827547777
6566,c,27.813188974956223,34.86835485985622
6567,t,120.23059827547777,120.23059827547777
6568,c,43.092967118346216,49.4792316615645
6569,c,120.23059827547777,120.23059827547777
6570,c,120.23059827547777,120.23059827547777
6571,t,120.23059827547777,120.23059827547777
6572,t,120.23059827547777,120.23059827547777
6573,c,120.23059827547777,120.23059827547777
6574,c,25.699774122131647,30.627840287614774
6575,c,10.80152378132976,12.075251725209498
6576,c,120.23059827547777,120.23059827547777
6577,t,120.23059827547777,120.23059827547777
6578,t,120.23059827547777,120.23059827547777
6579,c,120.23059827547777,120.23059827547777
6580,t,120.23059827547777,120.23059827547777
6581,c,46.339805210610436,56.29253487052989
6582,c,120.23059827547777,120.23059827547777
6583,c,120.23059827547777,120.23059827547777
6584,c,10.862933642593786,12.89649745255562
6585,c,12.74488626156352,20.54014925235469
6586,c,120.23059827547777,120.23059827547777
6587,c,10.968518578250785,12.300894558731924
6588,c,42.17706318920919,42.64042055693169
6589,c,120.23059827547777,120.23059827547777
6590,c,120.23059827547777,120.23059827547777
6591,c,23.25642043421034,30.68527008982356
6592,c,34.834619966362624,41.21204369866539
6593,c,120.23059827547777,120.23059827547777
6594,c,9.19611422178644,11.080157850896745
6595,c,120.23059827547777,120.23059827547777
6596,c,7.85663667115814,9.885611113465183
6597,c,28.257965725875135,33.280256914001534
6598,c,120.23059827547777,120.23059827547777
6599,c,120.23059827547777,120.23059827547777
6600,c,29.559339985498248,35.08329535119453
6601,c,22.18328867703191,23.46777209063229
6602,c,5.010150099138249,120.23059827547777
6603,c,10.14227778663113,13.712967175300497
6604,c,27.920339012173525,37.19915332472482
6605,t,120.23059827547777,120.23059827547777
6606,c,120.23059827547777,120.23059827547777
6607,c,120.23059827547777,120.23059827547777
6608,t,120.23059827547777,120.23059827547777
6609,c,120.23059827547777,120.23059827547777
6610,c,120.23059827547777,120.23059827547777
6611,t,120.23059827547777,120.23059827547777
6612,c,120.23059827547777,120.23059827547777
6613,t,120.23059827547777,120.23059827547777
6614,c,61.95645384945022,67.50297980949817
6615,c,30.86434981008242,31.714746036714523
6616,c,120.23059827547777,120.23059827547777
6617,t,120.23059827547777,120.23059827547777
6618,c,120.23059827547777,120.23059827547777
6619,t,120.23059827547777,120.23059827547777
6620,c,120.23059827547777,120.23059827547777
6621,c,120.23059827547777,120.23059827547777
6622,c,120.23059827547777,120.23059827547777
6623,c,120.23059827547777,120.23059827547777
6624,c,72.61326234849707,75.97740391797342
6625,t,120.23059827547777,120.23059827547777
6626,c,5.276052649006973,6.073326960872513
6627,c,33.42660437617418,44.803511890499166
6628,c,120.23059827547777,120.23059827547777
6629,c,7.111662204017277,12.267106126830225
6630,t,120.23059827547777,120.23059827547777
6631,c,120.23059827547777,120.23059827547777
6632,t,120.23059827547777,120.23059827547777
6633,c,120.23059827547777,120.23059827547777
6634,c,7.807872503696026,8.682496945924488
6635,c,50.57456901805432,53.45001650191783
6636,t,120.23059827547777,120.23059827547777
6637,c,37.516351773153374,39.84301240834066
6638,c,16.147002672515548,32.84090212871794
6639,c,120.23059827547777,120.23059827547777
6640,c,120.23059827547777,120.23059827547777
6641,c,120.23059827547777,120.23059827547777
6642,c,14.179758472292864,21.503970071165966
6643,t,120.23059827547777,120.23059827547777
6644,na,0,2.8382418741675854
6645,t,120.23059827547777,120.23059827547777
6646,c,120.23059827547777,120.23059827547777
6647,c,18.380706722679456,18.6722194675187
6648,c,120.23059827547777,120.23059827547777
6649,c,120.23059827547777,120.23059827547777
6650,c,23.522543549339275,26.10068044198016
6651,t,120.23059827547777,120.23059827547777
6652,c,120.23059827547777,120.23059827547777
6653,c,120.23059827547777,120.23059827547777
6654,c,47.92735843542673,50.094976384696956
6655,c,26.27817513072206,27.780086413862943
6656,c,120.23059827547777,120.23059827547777
6657,c,10.037267146252173,18.841573712167186
6658,c,120.23059827547777,120.23059827547777
6659,c,37.167112431928935,38.75631793083831
6660,c,120.23059827547777,120.23059827547777
6661,t,120.23059827547777,120.23059827547777
6662,t,120.23059827547777,120.23059827547777
6663,t,120.23059827547777,120.23059827547777
6664,c,24.450395558889404,26.935662476893555
6665,c,45.19223794514169,54.27417355512352
6666,c,120.23059827547777,120.23059827547777
6667,c,43.14028777557608,46.42560707685569
6668,c,120.23059827547777,120.23059827547777
6669,c,120.23059827547777,120.23059827547777
6670,c,28.243588940644123,40.86879215467445
6671,c,12.26089157687296,26.144284878071414
6672,c,3.387911785741169,4.212961132192476
6673,c,120.23059827547777,120.23059827547777
6674,c,120.23059827547777,120.23059827547777
6675,c,120.23059827547777,120.23059827547777
6676,c,25.220410900226906,27.353397014264356
6677,t,120.23059827547777,120.23059827547777
6678,c,120.23059827547777,120.23059827547777
6679,c,32.00825209371195,35.27191756038727
6680,c,25.878573791646588,37.35639916812148
6681,t,120.23059827547777,120.23059827547777
6682,c,43.60696500469088,46.49195754135103
6683,c,120.23059827547777,120.23059827547777
6684,c,120.23059827547777,120.23059827547777
6685,na,-1,0
6686,c,120.23059827547777,120.23059827547777
6687,c,120.23059827547777,120.23059827547777
6688,t,120.23059827547777,120.23059827547777
6689,c,16.31996929965235,21.1185798933764
6690,c,8.510921314822516,9.678918168000697
6691,c,40.26474924879301,50.525372484459396
6692,c,66.01840928997088,72.61198694038607
6693,c,120.23059827547777,120.23059827547777
6694,c,120.23059827547777,120.23059827547777
6695,c,120.23059827547777,120.23059827547777
6696,t,120.23059827547777,120.23059827547777
6697,c,18.313547391659014,19.849032955049335
6698,na,5.86431701227094,12.565144967222178
6699,t,120.23059827547777,120.23059827547777
6700,t,120.23059827547777,120.23059827547777
6701,c,120.23059827547777,120.23059827547777
6702,c,120.23059827547777,120.23059827547777
6703,c,120.23059827547777,120.23059827547777
6704,t,120.23059827547777,120.23059827547777
6705,c,22.89156794664679,31.413213895413232
6706,na,-1,0
6707,t,120.23059827547777,120.23059827547777
6708,c,42.892258623143974,56.30889130129176
6709,c,2.5638593045361597,2.7961513854972173
6710,c,14.811317660094195,21.940041352927437
6711,c,120.23059827547777,120.23059827547777
6712,t,120.23059827547777,120.23059827547777
6713,c,19.84992841726181,20.339032340854878
6714,t,120.23059827547777,120.23059827547777
6715,c,36.45300349401287,52.314857816663
6716,c,120.23059827547777,120.23059827547777
6717,c,120.23059827547777,120.23059827547777
6718,t,120.23059827547777,120.23059827547777
6719,c,8.15352186583062,10.48406327716957
6720,na,0,12.011196388811115
6721,c,120.23059827547777,120.23059827547777
6722,c,120.23059827547777,120.23059827547777
6723,c,56.0742787276834,57.02796491338208
6724,c,120.23059827547777,120.23059827547777
6725,t,120.23059827547777,120.23059827547777
6726,t,120.23059827547777,120.23059827547777
6727,c,120.23059827547777,120.23059827547777
6728,c,120.23059827547777,120.23059827547777
6729,c,120.23059827547777,120.23059827547777
6730,t,120.23059827547777,120.23059827547777
6731,t,120.23059827547777,120.23059827547777
6732,c,120.23059827547777,120.23059827547777
6733,c,120.23059827547777,120.23059827547777
6734,c,120.23059827547777,120.23059827547777
6735,t,120.23059827547777,120.23059827547777
6736,c,120.23059827547777,120.23059827547777
6737,c,55.53868384168134,120.23059827547777
6738,t,120.23059827547777,120.23059827547777
6739,c,17.28724996564892,22.33309585129132
6740,t,120.23059827547777,120.23059827547777
6741,t,120.23059827547777,120.23059827547777
6742,c,18.974405943609653,26.040999044034074
6743,t,120.23059827547777,120.23059827547777
6744,c,120.23059827547777,120.23059827547777
6745,c,120.23059827547777,120.23059827547777
6746,c,120.23059827547777,120.23059827547777
6747,c,120.23059827547777,120.23059827547777
6748,c,18.881089680595757,23.080014130589934
6749,c,120.23059827547777,120.23059827547777
6750,c,120.23059827547777,120.23059827547777
6751,c,20.920176741018533,24.843005661513264
6752,c,24.777160625218208,29.985544195155786
6753,c,24.335261564668603,24.775088839550957
6754,c,120.23059827547777,120.23059827547777
6755,c,120.23059827547777,120.23059827547777
6756,c,8.525715474177849,8.785904037586059
6757,c,120.23059827547777,120.23059827547777
6758,c,95.34939564200084,97.3180134658226
6759,c,120.23059827547777,120.23059827547777
6760,c,120.23059827547777,120.23059827547777
6761,c,13.596583086837859,16.94056298862232
6762,c,19.038845006109018,21.39714556670633
6763,c,120.23059827547777,120.23059827547777
6764,t,120.23059827547777,120.23059827547777
6765,na,0.9601777571059499,3.1310866678984812
6766,c,120.23059827547777,120.23059827547777
6767,c,120.23059827547777,120.23059827547777
6768,c,69.36555069161619,75.48353685603988
6769,c,120.23059827547777,120.23059827547777
6770,t,120.23059827547777,120.23059827547777
6771,c,120.23059827547777,120.23059827547777
6772,c,57.93827697197068,59.34153536092038
6773,c,120.23059827547777,120.23059827547777
6774,c,120.23059827547777,120.23059827547777
6775,c,17.461437230966407,24.059488780331115
6776,c,33.34244699088222,35.57088152741282
6777,c,68.93515784166063,76.17104217640949
6778,c,5.775151237388089,5.930157919839155
6779,c,120.23059827547777,120.23059827547777
6780,t,120.23059827547777,120.23059827547777
6781,c,120.23059827547777,120.23059827547777
6782,c,120.23059827547777,120.23059827547777
6783,c,120.23059827547777,120.23059827547777
6784,c,8.414184369454606,10.744713692134232
6785,c,120.23059827547777,120.23059827547777
6786,t,120.23059827547777,120.23059827547777
6787,c,39.149706196250506,120.23059827547777
6788,c,120.23059827547777,120.23059827547777
6789,c,120.23059827547777,120.23059827547777
6790,c,58.83700609630762,68.65860403742384
6791,t,120.23059827547777,120.23059827547777
6792,c,17.254927498297306,20.850295808141713
6793,c,29.657522454242766,32.018946725862676
6794,c,120.23059827547777,120.23059827547777
6795,c,35.15404678430742,35.71797472807223
6796,c,41.2265968159485,120.23059827547777
6797,c,29.03270903506576,38.83227652779264
6798,c,120.23059827547777,120.23059827547777
6799,c,19.431714664098717,22.063330868306092
6800,c,120.23059827547777,120.23059827547777
6801,c,32.69521220450351,37.19546949461846
6802,c,120.23059827547777,120.23059827547777
6803,c,120.23059827547777,120.23059827547777
6804,c,120.23059827547777,120.23059827547777
6805,t,120.23059827547777,120.23059827547777
6806,c,120.23059827547777,120.23059827547777
6807,t,120.23059827547777,120.23059827547777
6808,c,120.23059827547777,120.23059827547777
6809,c,21.757872920499114,22.542983373226594
6810,c,120.23059827547777,120.23059827547777
6811,c,64.78153263116529,70.060667392329
6812,c,24.55785505658383,28.870813290777125
6813,c,3.396927345096255,6.8984040539175275
6814,c,120.23059827547777,120.23059827547777
6815,c,120.23059827547777,120.23059827547777
6816,c,120.23059827547777,120.23059827547777
6817,t,120.23059827547777,120.23059827547777
6818,c,120.23059827547777,120.23059827547777
6819,c,120.23059827547777,120.23059827547777
6820,c,120.23059827547777,120.23059827547777
6821,c,120.23059827547777,120.23059827547777
6822,c,62.82071224656868,68.26479083346676
6823,c,63.90608738282276,84.21833078028007
6824,c,9.241477417246438,11.315294417100514
6825,t,120.23059827547777,120.23059827547777
6826,c,36.823236998476425,38.677197286017815
6827,c,120.23059827547777,120.23059827547777
6828,c,49.08823703618885,53.962081873640855
6829,c,16.422934194242195,120.23059827547777
6830,c,120.23059827547777,120.23059827547777
6831,c,7.9177996448585635,26.501912742477003
6832,c,30.617613978037074,39.362066473609154
6833,c,20.234065769738848,20.961869290110325
6834,c,19.978761037742508,22.894644101981555
6835,c,40.396372730498115,54.021888668088614
6836,c,120.23059827547777,120.23059827547777
6837,c,120.23059827547777,120.23059827547777
6838,c,120.23059827547777,120.23059827547777
6839,c,16.021032069891163,19.057869644968356
6840,t,120.23059827547777,120.23059827547777
6841,c,1.517366299489855,13.352284241219486
6842,c,120.23059827547777,120.23059827547777
6843,c,120.23059827547777,120.23059827547777
6844,c,120.23059827547777,120.23059827547777
6845,t,120.23059827547777,120.23059827547777
6846,t,120.23059827547777,120.23059827547777
6847,c,83.20748436471077,86.55193440030419
6848,t,120.23059827547777,120.23059827547777
6849,c,120.23059827547777,120.23059827547777
6850,na,0,120.23059827547777
6851,c,63.894637314863616,65.52408895156121
6852,c,120.23059827547777,120.23059827547777
6853,c,120.23059827547777,120.23059827547777
6854,c,120.23059827547777,120.23059827547777
6855,c,13.00013609283893,16.751929783320566
6856,c,120.23059827547777,120.23059827547777
6857,t,120.23059827547777,120.23059827547777
6858,c,120.23059827547777,120.23059827547777
6859,c,14.247224270674444,15.88797546132701
6860,c,32.066692039091905,44.97695916491945
6861,t,120.23059827547777,120.23059827547777
6862,c,120.23059827547777,120.23059827547777
6863,c,120.23059827547777,120.23059827547777
6864,c,24.59276857713956,36.53352204695205
6865,c,120.23059827547777,120.23059827547777
6866,t,120.23059827547777,120.23059827547777
6867,c,31.83506814021061,38.26434127054125
6868,c,60.96050097054177,120.23059827547777
6869,c,120.23059827547777,120.23059827547777
6870,c,120.23059827547777,120.23059827547777
6871,c,72.41271187456545,74.88911200308475
6872,t,120.23059827547777,120.23059827547777
6873,t,120.23059827547777,120.23059827547777
6874,t,120.23059827547777,120.23059827547777
6875,t,120.23059827547777,120.23059827547777
6876,t,120.23059827547777,120.23059827547777
6877,t,120.23059827547777,120.23059827547777
6878,c,15.409759733694951,23.089897556394323
6879,c,22.35425418919824,24.219334979933645
6880,c,20.386598232066923,22.906105686254314
6881,c,120.23059827547777,120.23059827547777
6882,c,120.23059827547777,120.23059827547777
6883,t,120.23059827547777,120.23059827547777
6884,c,42.16286125309927,43.81600598267899
6885,c,120.23059827547777,120.23059827547777
6886,c,120.23059827547777,120.23059827547777
6887,c,11.115859755846266,11.332988309601296
6888,c,120.23059827547777,120.23059827547777
6889,c,120.23059827547777,120.23059827547777
6890,c,120.23059827547777,120.23059827547777
6891,t,120.23059827547777,120.23059827547777
6892,c,25.673797720465128,26.29641005934547
6893,c,120.23059827547777,120.23059827547777
6894,t,120.23059827547777,120.23059827547777
6895,c,120.23059827547777,120.23059827547777
6896,c,120.23059827547777,120.23059827547777
6897,c,18.725476527034065,33.53275756687479
6898,t,120.23059827547777,120.23059827547777
6899,c,120.23059827547777,120.23059827547777
6900,c,12.952563848477833,13.071786056946927
6901,c,31.28101043096231,32.05655642510305
6902,t,120.23059827547777,120.23059827547777
6903,c,120.23059827547777,120.23059827547777
6904,c,120.23059827547777,120.23059827547777
6905,t,120.23059827547777,120.23059827547777
6906,c,11.01149088914563,120.23059827547777
6907,c,120.23059827547777,120.23059827547777
6908,t,120.23059827547777,120.23059827547777
6909,c,120.23059827547777,120.23059827547777
6910,c,120.23059827547777,120.23059827547777
6911,c,28.509232535189437,29.309544303056512
6912,c,17.320844110360667,18.132349573298427
6913,c,26.987286477200662,27.472398650784783
6914,c,33.18030965602715,43.10225680283818
6915,c,120.23059827547777,120.23059827547777
6916,t,120.23059827547777,120.23059827547777
6917,c,23.161438832313237,23.57504080425527
6918,t,120.23059827547777,120.23059827547777
6919,c,120.23059827547777,120.23059827547777
6920,c,120.23059827547777,120.23059827547777
6921,c,35.302411666075216,38.46406177192618
6922,c,120.23059827547777,120.23059827547777
6923,c,120.23059827547777,120.23059827547777
6924,t,120.23059827547777,120.23059827547777
6925,t,120.23059827547777,120.23059827547777
6926,c,0.5343882035399066,120.23059827547777
6927,c,12.509459684897587,14.367068964603817
6928,c,16.521009347920767,16.595580647879714
6929,c,56.5366916810751,61.36583659827642
6930,t,120.23059827547777,120.23059827547777
6931,c,120.23059827547777,120.23059827547777
6932,c,120.23059827547777,120.23059827547777
6933,c,49.027590971868136,120.23059827547777
6934,c,120.23059827547777,120.23059827547777
6935,c,9.792782036598588,18.141979187045855
6936,c,120.23059827547777,120.23059827547777
6937,c,21.33903568913914,24.52808335526437
6938,t,120.23059827547777,120.23059827547777
6939,t,120.23059827547777,120.23059827547777
6940,c,120.23059827547777,120.23059827547777
6941,t,120.23059827547777,120.23059827547777
6942,c,120.23059827547777,120.23059827547777
6943,c,19.755028156740543,20.379221249611057
6944,c,120.23059827547777,120.23059827547777
6945,c,23.217760821754993,30.986780909496883
6946,c,120.23059827547777,120.23059827547777
6947,c,120.23059827547777,120.23059827547777
6948,c,120.23059827547777,120.23059827547777
6949,c,35.12715265364722,35.857525895882155
6950,c,120.23059827547777,120.23059827547777
6951,t,120.23059827547777,120.23059827547777
6952,t,120.23059827547777,120.23059827547777
6953,c,120.23059827547777,120.23059827547777
6954,c,120.23059827547777,120.23059827547777
6955,t,120.23059827547777,120.23059827547777
6956,t,120.23059827547777,120.23059827547777
6957,c,120.23059827547777,120.23059827547777
6958,t,120.23059827547777,120.23059827547777
6959,t,120.23059827547777,120.23059827547777
6960,c,23.974284365674126,29.641977057354477
6961,c,78.25991721312516,86.30850750306867
6962,c,120.23059827547777,120.23059827547777
6963,c,120.23059827547777,120.23059827547777
6964,c,120.23059827547777,120.23059827547777
6965,c,120.23059827547777,120.23059827547777
6966,c,120.23059827547777,120.23059827547777
6967,c,120.23059827547777,120.23059827547777
6968,c,120.23059827547777,120.23059827547777
6969,c,19.749701766189975,20.89328933776454
6970,c,120.23059827547777,120.23059827547777
6971,t,120.23059827547777,120.23059827547777
6972,t,120.23059827547777,120.23059827547777
6973,c,120.23059827547777,120.23059827547777
6974,c,39.51476322596195,44.82907539647795
6975,t,120.23059827547777,120.23059827547777
6976,c,51.630424096556844,70.67702217086607
6977,c,31.766270946141354,33.611192491120136
6978,c,18.47582929592898,18.60479945547314
6979,c,120.23059827547777,120.23059827547777
6980,c,120.23059827547777,120.23059827547777
6981,c,120.23059827547777,120.23059827547777
6982,c,71.31951331536646,71.62508592095438
6983,c,20.673907378394595,22.662128260333496
6984,na,0.48111987139660883,2.61972941555942
6985,t,120.23059827547777,120.23059827547777
6986,na,6.297477107059461,6.4766457811781075
6987,t,120.23059827547777,120.23059827547777
6988,c,120.23059827547777,120.23059827547777
6989,c,120.23059827547777,120.23059827547777
6990,c,120.23059827547777,120.23059827547777
6991,t,120.23059827547777,120.23059827547777
6992,c,46.95918446886956,53.84016603513426
6993,c,34.121209353518616,35.975797132832945
6994,c,38.141482117460846,39.154478041285714
6995,c,39.26036145009439,40.97642363224642
6996,t,120.23059827547777,120.23059827547777
6997,c,42.944116415608555,54.741548009076645
6998,c,120.23059827547777,120.23059827547777
6999,c,120.23059827547777,120.23059827547777
7000,c,27.023776196950234,30.91141420189031
7001,c,40.223171964544,45.1496672066754
7002,t,120.23059827547777,120.23059827547777
7003,t,120.23059827547777,120.23059827547777
7004,t,120.23059827547777,120.23059827547777
7005,c,28.351494731048668,28.45742658104688
7006,c,120.23059827547777,120.23059827547777
7007,t,120.23059827547777,120.23059827547777
7008,c,22.140607285931036,31.355127006312333
7009,t,120.23059827547777,120.23059827547777
7010,c,120.23059827547777,120.23059827547777
7011,c,19.21015389069517,36.731955478285784
7012,c,120.23059827547777,120.23059827547777
7013,c,120.23059827547777,120.23059827547777
7014,t,120.23059827547777,120.23059827547777
7015,t,120.23059827547777,120.23059827547777
7016,c,120.23059827547777,120.23059827547777
7017,c,120.23059827547777,120.23059827547777
7018,c,120.23059827547777,120.23059827547777
7019,c,120.23059827547777,120.23059827547777
7020,c,31.08923759490436,34.28352850870288
7021,c,24.488889536802894,27.52933369963656
7022,c,14.031608747860245,23.10983173713555
7023,c,17.00502980884669,17.970634843922433
7024,c,120.23059827547777,120.23059827547777
7025,c,120.23059827547777,120.23059827547777
7026,c,120.23059827547777,120.23059827547777
7027,t,120.23059827547777,120.23059827547777
7028,c,120.23059827547777,120.23059827547777
7029,c,21.86986565711088,22.219099857794273
7030,c,120.23059827547777,120.23059827547777
7031,c,120.23059827547777,120.23059827547777
7032,t,120.23059827547777,120.23059827547777
7033,c,120.23059827547777,120.23059827547777
7034,c,120.23059827547777,120.23059827547777
7035,c,120.23059827547777,120.23059827547777
7036,c,64.3120174285931,72.2108190412441
7037,t,120.23059827547777,120.23059827547777
7038,c,120.23059827547777,120.23059827547777
7039,c,120.23059827547777,120.23059827547777
7040,c,120.23059827547777,120.23059827547777
7041,c,21.551063412190377,22.94851688126594
7042,c,67.21810985491116,74.49175630329883
7043,c,31.78867678247139,34.30558528628891
7044,c,29.866153193514936,32.16233143114577
7045,c,120.23059827547777,120.23059827547777
7046,c,31.44759307849184,32.418857676452184
7047,c,120.23059827547777,120.23059827547777
7048,c,17.13962654797474,26.232979386604008
7049,c,28.86001653993222,34.441772646369024
7050,c,36.59765913701716,50.57003405203669
7051,c,120.23059827547777,120.23059827547777
7052,c,120.23059827547777,120.23059827547777
7053,c,120.23059827547777,120.23059827547777
7054,c,120.23059827547777,120.23059827547777
7055,c,120.23059827547777,120.23059827547777
7056,c,25.747586933898326,33.15144853169664
7057,c,120.23059827547777,120.23059827547777
7058,c,120.23059827547777,120.23059827547777
7059,c,15.617438133900432,23.8673071829798
7060,c,120.23059827547777,120.23059827547777
7061,c,120.23059827547777,120.23059827547777
7062,c,120.23059827547777,120.23059827547777
7063,c,36.35076065118194,38.64870350092859
7064,c,120.23059827547777,120.23059827547777
7065,c,29.459390924725312,34.97434706883591
7066,t,120.23059827547777,120.23059827547777
7067,c,120.23059827547777,120.23059827547777
7068,t,120.23059827547777,120.23059827547777
7069,c,52.955997721692206,61.22635592061791
7070,c,39.18064112535811,47.70388091072133
7071,c,120.23059827547777,120.23059827547777
7072,na,3.5305346653441494,5.225794436971378
7073,t,120.23059827547777,120.23059827547777
7074,c,10.638676076039827,22.958603530941094
7075,c,120.23059827547777,120.23059827547777
7076,c,120.23059827547777,120.23059827547777
7077,c,47.16409833954794,66.12222098448893
7078,c,120.23059827547777,120.23059827547777
7079,c,15.412355467485082,21.802534699254693
7080,t,120.23059827547777,120.23059827547777
7081,c,81.48703318537261,90.66633467276158
7082,c,6.879737472189792,8.64553281293788
7083,c,120.23059827547777,120.23059827547777
7084,na,0.3984784531846285,5.171444555864185
7085,c,120.23059827547777,120.23059827547777
7086,t,120.23059827547777,120.23059827547777
7087,c,14.917315270389954,33.42762960990176
7088,c,120.23059827547777,120.23059827547777
7089,c,27.19283093929885,28.419582933032217
7090,c,120.23059827547777,120.23059827547777
7091,c,120.23059827547777,120.23059827547777
7092,c,120.23059827547777,120.23059827547777
7093,c,46.47090644426312,59.33851672750592
7094,c,120.23059827547777,120.23059827547777
7095,c,120.23059827547777,120.23059827547777
7096,c,120.23059827547777,120.23059827547777
7097,c,120.23059827547777,120.23059827547777
7098,c,24.16381221346137,25.814392539593765
7099,c,45.511078795780435,49.65572549881613
7100,c,25.1908513436307,34.16988225478218
7101,c,120.23059827547777,120.23059827547777
7102,c,22.93354441148102,23.927568928677143
7103,t,120.23059827547777,120.23059827547777
7104,c,34.945445555913615,38.012011267843626
7105,t,120.23059827547777,120.23059827547777
7106,c,13.77825876823235,16.650608478653798
7107,c,19.2480153976676,23.65477673642975
7108,t,120.23059827547777,120.23059827547777
7109,c,47.181671917237715,48.59567621340004
7110,c,120.23059827547777,120.23059827547777
7111,c,28.72189764720627,30.2277702643001
7112,t,120.23059827547777,120.23059827547777
7113,c,120.23059827547777,120.23059827547777
7114,t,120.23059827547777,120.23059827547777
7115,t,120.23059827547777,120.23059827547777
7116,c,120.23059827547777,120.23059827547777
7117,t,120.23059827547777,120.23059827547777
7118,c,43.337539829173494,120.23059827547777
7119,c,47.49731845721065,50.92897497320772
7120,t,120.23059827547777,120.23059827547777
7121,c,120.23059827547777,120.23059827547777
7122,c,14.758297216334569,17.933209414835925
7123,na,-1,0
7124,c,120.23059827547777,120.23059827547777
7125,c,120.23059827547777,120.23059827547777
7126,c,120.23059827547777,120.23059827547777
7127,c,39.0171113851189,41.67600659948829
7128,c,6.504823412829625,13.083850830749395
7129,c,42.68866526424166,44.44858483830181
7130,c,5.7106537393413,8.138882266651583
7131,c,26.130165120499917,29.309228198102176
7132,t,120.23059827547777,120.23059827547777
7133,c,28.891587388135964,34.076072159347994
7134,c,120.23059827547777,120.23059827547777
7135,c,22.774591595896883,29.604184578247796
7136,c,21.73328785272948,32.6730198903443
7137,c,120.23059827547777,120.23059827547777
7138,c,120.23059827547777,120.23059827547777
7139,na,4.018034434252267,9.269125612837666
7140,t,120.23059827547777,120.23059827547777
7141,c,21.885646110170914,24.2813078699825
7142,c,36.524733523742164,46.257655423271515
7143,c,30.71686872510658,38.17945380190756
7144,t,120.23059827547777,120.23059827547777
7145,c,120.23059827547777,120.23059827547777
7146,c,25.60398338113369,32.30626217917739
7147,c,30.38627695980133,41.84815246917503
7148,c,35.05849088567243,38.05574701249672
7149,c,120.23059827547777,120.23059827547777
7150,c,60.69185646532292,63.80344416739959
7151,na,-1,0
7152,c,38.2020589190414,120.23059827547777
7153,c,24.455475303813827,25.194478730863782
7154,c,10.644112956120598,12.65683154195925
7155,c,120.23059827547777,120.23059827547777
7156,c,120.23059827547777,120.23059827547777
7157,c,61.62412251487837,61.79389098502073
7158,c,29.266932882501386,34.26658777491671
7159,c,120.23059827547777,120.23059827547777
7160,t,120.23059827547777,120.23059827547777
7161,t,120.23059827547777,120.23059827547777
7162,c,120.23059827547777,120.23059827547777
7163,c,32.07821314503759,35.59952168521674
7164,c,24.646473898825562,28.77590915641153
7165,c,120.23059827547777,120.23059827547777
7166,c,24.618690719808285,25.44478466442981
7167,c,120.23059827547777,120.23059827547777
7168,c,35.768747310879256,38.21470809436654
7169,t,120.23059827547777,120.23059827547777
7170,c,15.17279595912289,18.33105845112301
7171,c,120.23059827547777,120.23059827547777
7172,c,120.23059827547777,120.23059827547777
7173,c,120.23059827547777,120.23059827547777
7174,c,120.23059827547777,120.23059827547777
7175,c,26.043969688830934,30.210707700287177
7176,t,120.23059827547777,120.23059827547777
7177,c,120.23059827547777,120.23059827547777
7178,c,120.23059827547777,120.23059827547777
7179,c,6.6491077090209885,8.669850076815258
7180,c,48.23914826664243,48.55356481272446
7181,c,120.23059827547777,120.23059827547777
7182,c,28.965901254218927,29.924357630090626
7183,c,120.23059827547777,120.23059827547777
7184,t,120.23059827547777,120.23059827547777
7185,c,120.23059827547777,120.23059827547777
7186,c,120.23059827547777,120.23059827547777
7187,c,9.894627695397784,14.026043759046331
7188,c,37.824229228676906,48.82176321783196
7189,c,120.23059827547777,120.23059827547777
7190,c,73.72822524804805,78.69102902353521
7191,c,29.48120498138364,30.220676979854392
7192,c,120.23059827547777,120.23059827547777
7193,c,120.23059827547777,120.23059827547777
7194,t,120.23059827547777,120.23059827547777
7195,c,120.23059827547777,120.23059827547777
7196,c,120.23059827547777,120.23059827547777
7197,na,-1,0
7198,c,12.311946331634706,16.645558469606048
7199,c,120.23059827547777,120.23059827547777
7200,c,120.23059827547777,120.23059827547777
7201,c,120.23059827547777,120.23059827547777
7202,c,120.23059827547777,120.23059827547777
7203,c,120.23059827547777,120.23059827547777
7204,c,120.23059827547777,120.23059827547777
7205,c,120.23059827547777,120.23059827547777
7206,c,41.69317242291664,45.68622621640606
7207,t,120.23059827547777,120.23059827547777
7208,c,120.23059827547777,120.23059827547777
7209,t,120.23059827547777,120.23059827547777
7210,c,74.25599026820841,77.34282897572756
7211,t,120.23059827547777,120.23059827547777
7212,c,120.23059827547777,120.23059827547777
7213,c,120.23059827547777,120.23059827547777
7214,c,26.16128626620622,59.274194861202595
7215,c,58.35863907819301,68.97623903316435
7216,c,120.23059827547777,120.23059827547777
7217,c,120.23059827547777,120.23059827547777
7218,c,120.23059827547777,120.23059827547777
7219,t,120.23059827547777,120.23059827547777
7220,c,32.20255858195055,34.999247800613766
7221,c,14.317687188621422,15.494498439299447
7222,c,120.23059827547777,120.23059827547777
7223,t,120.23059827547777,120.23059827547777
7224,c,20.230641270326025,25.04428479511785
7225,c,120.23059827547777,120.23059827547777
7226,c,120.23059827547777,120.23059827547777
7227,c,64.12528530109816,65.98409993230169
7228,c,120.23059827547777,120.23059827547777
7229,t,120.23059827547777,120.23059827547777
7230,c,120.23059827547777,120.23059827547777
7231,c,120.23059827547777,120.23059827547777
7232,c,120.23059827547777,120.23059827547777
7233,c,39.15822019719208,120.23059827547777
7234,c,120.23059827547777,120.23059827547777
7235,c,120.23059827547777,120.23059827547777
7236,c,66.69469952904466,70.27245252324727
7237,c,120.23059827547777,120.23059827547777
7238,c,120.23059827547777,120.23059827547777
7239,c,120.23059827547777,120.23059827547777
7240,c,37.572249140335956,46.90193702255784
7241,c,120.23059827547777,120.23059827547777
7242,t,120.23059827547777,120.23059827547777
7243,c,31.385569873864107,31.521662212061436
7244,t,120.23059827547777,120.23059827547777
7245,c,120.23059827547777,120.23059827547777
7246,c,14.57868827269912,15.778471598275809
7247,c,120.23059827547777,120.23059827547777
7248,c,36.82962410796636,37.059979608204976
7249,c,46.41015649267442,50.28081691678036
7250,c,53.73697839581705,54.10278520790124
7251,c,16.345296169883454,18.810407633908312
7252,c,120.23059827547777,120.23059827547777
7253,c,18.451958303546935,20.7019516289979
7254,c,14.71155963224798,18.31113351047859
7255,t,120.23059827547777,120.23059827547777
7256,c,25.47260848343518,28.144766108305497
7257,c,8.614721841194472,8.641947313724375
7258,t,120.23059827547777,120.23059827547777
7259,c,120.23059827547777,120.23059827547777
7260,c,120.23059827547777,120.23059827547777
7261,t,120.23059827547777,120.23059827547777
7262,c,32.58405200100119,35.91197620501997
7263,c,38.99922773460001,120.23059827547777
7264,t,120.23059827547777,120.23059827547777
7265,c,120.23059827547777,120.23059827547777
7266,c,120.23059827547777,120.23059827547777
7267,c,16.095107126754808,16.57126624416123
7268,t,120.23059827547777,120.23059827547777
7269,c,120.23059827547777,120.23059827547777
7270,c,28.938602065180397,35.27178837485071
7271,c,39.36793003664003,39.895206056825394
7272,t,120.23059827547777,120.23059827547777
7273,c,120.23059827547777,120.23059827547777
7274,c,120.23059827547777,120.23059827547777
7275,c,120.23059827547777,120.23059827547777
7276,t,120.23059827547777,120.23059827547777
7277,c,120.23059827547777,120.23059827547777
7278,c,120.23059827547777,120.23059827547777
7279,t,120.23059827547777,120.23059827547777
7280,c,24.860055822637825,26.40045168236783
7281,t,120.23059827547777,120.23059827547777
7282,c,120.23059827547777,120.23059827547777
7283,c,43.485500219850195,44.29911580931654
7284,c,120.23059827547777,120.23059827547777
7285,c,15.209332663968695,18.150273453472018
7286,c,30.135849026071117,33.50311068926745
7287,c,120.23059827547777,120.23059827547777
7288,c,30.50501902131225,39.91803234173626
7289,na,8.782480915567913,10.674864127326202
7290,c,4.450861850095738,8.783600541889413
7291,c,120.23059827547777,120.23059827547777
7292,c,120.23059827547777,120.23059827547777
7293,c,120.23059827547777,120.23059827547777
7294,c,63.18727251167784,65.00452405381716
7295,c,4.612976719069569,12.879978245985155
7296,t,120.23059827547777,120.23059827547777
7297,c,120.23059827547777,120.23059827547777
7298,t,120.23059827547777,120.23059827547777
7299,c,37.2682911003227,42.79258912097475
7300,t,120.23059827547777,120.23059827547777
7301,c,120.23059827547777,120.23059827547777
7302,t,120.23059827547777,120.23059827547777
7303,t,120.23059827547777,120.23059827547777
7304,t,120.23059827547777,120.23059827547777
7305,c,73.6977268334562,74.01582280372546
7306,c,120.23059827547777,120.23059827547777
7307,c,30.495521494556694,36.9636333386853
7308,t,120.23059827547777,120.23059827547777
7309,t,120.23059827547777,120.23059827547777
7310,c,26.51268506189303,49.35538850953885
7311,c,28.718431988790424,31.516602214912446
7312,t,120.23059827547777,120.23059827547777
7313,t,120.23059827547777,120.23059827547777
7314,c,41.3553971438441,45.32120632913555
7315,c,120.23059827547777,120.23059827547777
7316,c,29.76178493770581,34.95815369903252
7317,c,23.733491246987843,28.253525988470944
7318,c,23.468116360232166,31.574605081216195
7319,c,120.23059827547777,120.23059827547777
7320,c,120.23059827547777,120.23059827547777
7321,c,120.23059827547777,120.23059827547777
7322,c,27.078484113575712,32.15347435447875
7323,c,29.766507634183405,35.954846384306386
7324,t,120.23059827547777,120.23059827547777
7325,c,120.23059827547777,120.23059827547777
7326,c,120.23059827547777,120.23059827547777
7327,c,120.23059827547777,120.23059827547777
7328,c,120.23059827547777,120.23059827547777
7329,c,120.23059827547777,120.23059827547777
7330,na,0,6.953069135114132
7331,c,120.23059827547777,120.23059827547777
7332,c,120.23059827547777,120.23059827547777
7333,c,120.23059827547777,120.23059827547777
7334,c,48.110432517502225,53.42198490545948
7335,na,0,120.23059827547777
7336,c,120.23059827547777,120.23059827547777
7337,c,120.23059827547777,120.23059827547777
7338,t,120.23059827547777,120.23059827547777
7339,c,38.92706828343814,41.453406533485946
7340,t,120.23059827547777,120.23059827547777
7341,c,32.83012418612523,39.442403920422805
7342,c,120.23059827547777,120.23059827547777
7343,c,17.546327491657305,19.444937528313407
7344,c,120.23059827547777,120.23059827547777
7345,c,37.789631558588546,40.925355332850415
7346,t,120.23059827547777,120.23059827547777
7347,c,120.23059827547777,120.23059827547777
7348,c,27.386196702232713,36.46005411792088
7349,c,120.23059827547777,120.23059827547777
7350,c,120.23059827547777,120.23059827547777
7351,c,24.829563064241242,33.74428783469385
7352,c,37.77746451951261,40.64463621696447
7353,c,120.23059827547777,120.23059827547777
7354,c,13.92030582665436,120.23059827547777
7355,t,120.23059827547777,120.23059827547777
7356,t,120.23059827547777,120.23059827547777
7357,c,22.056247616016368,22.528974668256456
7358,t,120.23059827547777,120.23059827547777
7359,c,35.78900380131669,40.98301637489557
7360,c,40.69205911089875,120.23059827547777
7361,c,13.641204770050683,14.016059795619979
7362,c,9.456289088756725,15.80927230675958
7363,c,17.6435252828202,29.50370139787456
7364,c,120.23059827547777,120.23059827547777
7365,c,43.105538308207414,45.42574494896081
7366,c,48.65922372892424,54.35952929727974
7367,t,120.23059827547777,120.23059827547777
7368,c,13.489727241441601,24.20790887344961
7369,c,120.23059827547777,120.23059827547777
7370,c,33.1064971287166,36.69753741748498
7371,na,-1,0
7372,c,120.23059827547777,120.23059827547777
7373,c,120.23059827547777,120.23059827547777
7374,c,15.038653222294196,120.23059827547777
7375,c,21.30037308935767,21.65579066725218
7376,c,14.856708433256689,27.416444490250687
7377,t,120.23059827547777,120.23059827547777
7378,c,49.04718740736227,50.001658357060045
7379,t,120.23059827547777,120.23059827547777
7380,c,120.23059827547777,120.23059827547777
7381,c,120.23059827547777,120.23059827547777
7382,c,38.69416780565884,39.99153453835335
7383,c,120.23059827547777,120.23059827547777
7384,c,6.847191099427322,8.228236035940622
7385,c,30.928516144428475,39.936376841282694
7386,c,26.267261030085578,27.07332648346197
7387,c,22.32532882390297,29.169798323200585
7388,c,31.055556832841027,33.725649252085056
7389,na,0.9887895319983064,2.966641920165089
7390,c,120.23059827547777,120.23059827547777
7391,c,19.004925995166403,20.48360741814125
7392,c,120.23059827547777,120.23059827547777
7393,c,48.061701399968484,120.23059827547777
7394,t,120.23059827547777,120.23059827547777
7395,c,35.592189745811595,35.75730183895143
7396,c,120.23059827547777,120.23059827547777
7397,c,36.45601229262981,36.5265465696866
7398,c,17.463089787792317,17.992317846933457
7399,c,120.23059827547777,120.23059827547777
7400,c,46.45575841438853,51.03709538453766
7401,c,120.23059827547777,120.23059827547777
7402,c,120.23059827547777,120.23059827547777
7403,c,120.23059827547777,120.23059827547777
7404,c,120.23059827547777,120.23059827547777
7405,t,120.23059827547777,120.23059827547777
7406,c,120.23059827547777,120.23059827547777
7407,c,40.17587514813254,49.119113988082404
7408,t,120.23059827547777,120.23059827547777
7409,c,26.16957686580491,26.944208084339227
7410,c,16.479360324962688,17.325279206031446
7411,c,21.32391446892455,27.405218484842415
7412,t,120.23059827547777,120.23059827547777
7413,c,120.23059827547777,120.23059827547777
7414,c,120.23059827547777,120.23059827547777
7415,c,120.23059827547777,120.23059827547777
7416,c,120.23059827547777,120.23059827547777
7417,c,84.57519051196446,87.46497310608413
7418,c,120.23059827547777,120.23059827547777
7419,t,120.23059827547777,120.23059827547777
7420,t,120.23059827547777,120.23059827547777
7421,c,120.23059827547777,120.23059827547777
7422,c,120.23059827547777,120.23059827547777
7423,t,120.23059827547777,120.23059827547777
7424,c,120.23059827547777,120.23059827547777
7425,na,120.23059827547777,120.23059827547777
7426,c,120.23059827547777,120.23059827547777
7427,c,26.58421084551413,28.573511829109012
7428,c,26.896443080422884,33.26781319713983
7429,c,34.71808921630131,41.118919515925406
7430,t,120.23059827547777,120.23059827547777
7431,c,120.23059827547777,120.23059827547777
7432,t,120.23059827547777,120.23059827547777
7433,na,0,2.9603350608846317
7434,c,120.23059827547777,120.23059827547777
7435,na,-1,0
7436,c,28.98563835029976,29.431536522585837
7437,c,120.23059827547777,120.23059827547777
7438,c,120.23059827547777,120.23059827547777
7439,t,120.23059827547777,120.23059827547777
7440,c,120.23059827547777,120.23059827547777
7441,c,120.23059827547777,120.23059827547777
7442,c,16.089290177584523,16.60022707438385
7443,c,120.23059827547777,120.23059827547777
7444,c,120.23059827547777,120.23059827547777
7445,c,120.23059827547777,120.23059827547777
7446,c,31.91841470576676,38.35163434284565
7447,c,25.606973666578153,26.6360888484954
7448,c,120.23059827547777,120.23059827547777
7449,na,0,2.8312160538959024
7450,t,120.23059827547777,120.23059827547777
7451,t,120.23059827547777,120.23059827547777
7452,c,120.23059827547777,120.23059827547777
7453,c,45.864175954278785,51.30814719962174
7454,c,29.661799816553195,32.31028641494401
7455,c,39.76762714718088,40.93292353446843
7456,c,8.916311614916392,16.42728796406006
7457,c,70.53043960436041,72.54326195774058
7458,c,120.23059827547777,120.23059827547777
7459,c,15.10621277043217,120.23059827547777
7460,c,120.23059827547777,120.23059827547777
7461,c,120.23059827547777,120.23059827547777
7462,t,120.23059827547777,120.23059827547777
7463,c,27.68818597184174,28.107408793273034
7464,c,120.23059827547777,120.23059827547777
7465,c,120.23059827547777,120.23059827547777
7466,c,35.38342757691999,36.038037520496175
7467,c,28.387742437530243,43.28341428940731
7468,c,120.23059827547777,120.23059827547777
7469,c,32.1442814984746,32.53663615792745
7470,c,57.7831380700515,59.75013984884609
7471,c,120.23059827547777,120.23059827547777
7472,c,120.23059827547777,120.23059827547777
7473,c,120.23059827547777,120.23059827547777
7474,c,120.23059827547777,120.23059827547777
7475,c,42.01632462303231,42.45230523127431
7476,c,120.23059827547777,120.23059827547777
7477,c,120.23059827547777,120.23059827547777
7478,c,120.23059827547777,120.23059827547777
7479,t,120.23059827547777,120.23059827547777
7480,c,120.23059827547777,120.23059827547777
7481,t,120.23059827547777,120.23059827547777
7482,c,32.47528473501073,35.168792035797914
7483,c,9.502193070568543,24.107387868476817
7484,t,120.23059827547777,120.23059827547777
7485,c,120.23059827547777,120.23059827547777
7486,t,120.23059827547777,120.23059827547777
7487,c,20.45488035025579,36.65203562479446
7488,c,47.131258595239764,47.907244234674835
7489,t,120.23059827547777,120.23059827547777
7490,c,28.593279085186857,31.64415900395978
7491,t,120.23059827547777,120.23059827547777
7492,c,24.049557764619454,32.66598489679656
7493,c,120.23059827547777,120.23059827547777
7494,t,120.23059827547777,120.23059827547777
7495,c,37.30091226753668,45.66199674857265
7496,na,7.354966675754676,43.02900375746962
7497,c,120.23059827547777,120.23059827547777
7498,c,120.23059827547777,120.23059827547777
7499,c,22.98502811346964,24.710016080760408
7500,c,17.6002081273707,21.898476296624917
7501,c,15.704045472449362,25.28633846100149
7502,na,0,16.98374039946983
7503,c,16.554005113313217,17.83895944598365
7504,c,120.23059827547777,120.23059827547777
7505,c,35.9178256288879,37.16187773057045
7506,c,12.902055132365778,16.6354040478323
7507,c,120.23059827547777,120.23059827547777
7508,t,120.23059827547777,120.23059827547777
7509,c,120.23059827547777,120.23059827547777
7510,c,120.23059827547777,120.23059827547777
7511,t,120.23059827547777,120.23059827547777
7512,t,120.23059827547777,120.23059827547777
7513,c,120.23059827547777,120.23059827547777
7514,c,120.23059827547777,120.23059827547777
7515,c,120.23059827547777,120.23059827547777
7516,c,37.701277331096996,39.04835283742317
7517,c,15.436532257351487,18.079521819192582
7518,c,70.85138436645047,79.67311610142919
7519,t,120.23059827547777,120.23059827547777
7520,c,27.69767091338405,29.413568787936203
7521,c,120.23059827547777,120.23059827547777
7522,c,29.41296546563955,34.705392978435604
7523,c,120.23059827547777,120.23059827547777
7524,c,16.549304320127263,17.6171290341752
7525,c,120.23059827547777,120.23059827547777
7526,c,16.588617553216626,17.337716690496823
7527,c,120.23059827547777,120.23059827547777
7528,c,120.23059827547777,120.23059827547777
7529,c,25.837091284669242,37.84757001844411
7530,c,120.23059827547777,120.23059827547777
7531,na,-1,0
7532,c,120.23059827547777,120.23059827547777
7533,c,120.23059827547777,120.23059827547777
7534,c,120.23059827547777,120.23059827547777
7535,c,120.23059827547777,120.23059827547777
7536,c,120.23059827547777,120.23059827547777
7537,c,38.48484365214705,45.355220902883524
7538,c,29.173439241917265,120.23059827547777
7539,c,120.23059827547777,120.23059827547777
7540,t,120.23059827547777,120.23059827547777
7541,c,120.23059827547777,120.23059827547777
7542,c,19.996108032436705,21.43991725144807
7543,c,18.66491391549995,27.732739901914456
7544,t,120.23059827547777,120.23059827547777
7545,c,10.341770093171224,120.23059827547777
7546,c,23.538265051981885,26.891475169739607
7547,t,120.23059827547777,120.23059827547777
7548,c,28.618876247563204,120.23059827547777
7549,na,0,1.5048694805453664
7550,c,120.23059827547777,120.23059827547777
7551,c,120.23059827547777,120.23059827547777
7552,c,19.64119611839646,22.127999234233346
7553,c,120.23059827547777,120.23059827547777
7554,c,24.421061558694884,120.23059827547777
7555,c,31.3339236611319,39.36540424721593
7556,c,29.112852786975758,32.9685655079251
7557,c,33.41995637136405,36.04031071960846
7558,c,119.54567744624623,120.23059827547777
7559,c,120.23059827547777,120.23059827547777
7560,c,19.44890874902356,21.78033309463072
7561,c,47.7961422333994,49.86138704851493
7562,c,40.954343930619835,42.45355801983127
7563,t,120.23059827547777,120.23059827547777
7564,c,31.51552755990352,35.638266153524356
7565,na,0,2.462894272883087
7566,c,120.23059827547777,120.23059827547777
7567,c,38.71949032533978,43.48232918508953
7568,c,120.23059827547777,120.23059827547777
7569,c,120.23059827547777,120.23059827547777
7570,t,120.23059827547777,120.23059827547777
7571,t,120.23059827547777,120.23059827547777
7572,t,120.23059827547777,120.23059827547777
7573,c,120.23059827547777,120.23059827547777
7574,c,120.23059827547777,120.23059827547777
7575,c,120.23059827547777,120.23059827547777
7576,t,120.23059827547777,120.23059827547777
7577,c,41.141963871721664,41.72705659565481
7578,c,8.472898755109071,15.118739565431646
7579,na,-1,0
7580,c,46.05616208812191,63.576348786209145
7581,na,0,6.390904467855212
7582,c,10.694943235488196,10.752273317181581
7583,t,120.23059827547777,120.23059827547777
7584,t,120.23059827547777,120.23059827547777
7585,c,56.631613626941906,56.838814071398886
7586,c,120.23059827547777,120.23059827547777
7587,c,120.23059827547777,120.23059827547777
7588,c,120.23059827547777,120.23059827547777
7589,c,35.123285150798054,37.74172627259147
7590,t,120.23059827547777,120.23059827547777
7591,c,120.23059827547777,120.23059827547777
7592,c,39.1808662952899,54.68410198486375
7593,c,120.23059827547777,120.23059827547777
7594,t,120.23059827547777,120.23059827547777
7595,t,120.23059827547777,120.23059827547777
7596,c,120.23059827547777,120.23059827547777
7597,c,29.234503104148587,30.81620726278524
7598,c,120.23059827547777,120.23059827547777
7599,c,95.15299522819753,104.76508836567861
7600,t,120.23059827547777,120.23059827547777
7601,c,120.23059827547777,120.23059827547777
7602,c,120.23059827547777,120.23059827547777
7603,c,23.532451521411065,27.292295550436307
7604,c,21.408956470230514,23.342817808473182
7605,c,37.88837160746091,43.25400997116443
7606,c,21.950726376672808,22.4780285787992
7607,c,12.708173986996492,120.23059827547777
7608,c,120.23059827547777,120.23059827547777
7609,c,120.23059827547777,120.23059827547777
7610,c,120.23059827547777,120.23059827547777
7611,c,120.23059827547777,120.23059827547777
7612,c,120.23059827547777,120.23059827547777
7613,c,120.23059827547777,120.23059827547777
7614,c,120.23059827547777,120.23059827547777
7615,c,120.23059827547777,120.23059827547777
7616,c,34.479995147271005,36.47028358947514
7617,c,8.44152889115369,9.81583270410411
7618,t,120.23059827547777,120.23059827547777
7619,c,120.23059827547777,120.23059827547777
7620,c,11.340854367261185,28.704006266761507
7621,c,120.23059827547777,120.23059827547777
7622,t,120.23059827547777,120.23059827547777
7623,c,120.23059827547777,120.23059827547777
7624,c,120.23059827547777,120.23059827547777
7625,c,10.29957389902995,11.556363373138907
7626,c,120.23059827547777,120.23059827547777
7627,c,27.191126812600196,27.496703081754927
7628,c,37.33188134760749,38.903547841465915
7629,c,120.23059827547777,120.23059827547777
7630,t,120.23059827547777,120.23059827547777
7631,t,120.23059827547777,120.23059827547777
7632,c,120.23059827547777,120.23059827547777
7633,c,58.30112074991785,120.23059827547777
7634,c,34.297739111838126,36.68767275972093
7635,c,34.140603578675055,36.72446751555965
7636,c,43.00732352863164,47.90961853146011
7637,c,16.55735416450469,17.527089764584865
7638,t,120.23059827547777,120.23059827547777
7639,c,120.23059827547777,120.23059827547777
7640,c,120.23059827547777,120.23059827547777
7641,c,28.25810265774903,30.000005500768157
7642,t,120.23059827547777,120.23059827547777
7643,t,120.23059827547777,120.23059827547777
7644,c,34.7517256249787,36.02825688758128
7645,c,120.23059827547777,120.23059827547777
7646,t,120.23059827547777,120.23059827547777
7647,c,18.855170963886195,120.23059827547777
7648,c,120.23059827547777,120.23059827547777
7649,c,120.23059827547777,120.23059827547777
7650,c,120.23059827547777,120.23059827547777
7651,c,35.63532810336589,42.435067560846456
7652,t,120.23059827547777,120.23059827547777
7653,c,120.23059827547777,120.23059827547777
7654,c,19.757772482901043,23.10988481032257
7655,c,120.23059827547777,120.23059827547777
7656,c,29.65128706330847,120.23059827547777
7657,c,120.23059827547777,120.23059827547777
7658,c,120.23059827547777,120.23059827547777
7659,t,120.23059827547777,120.23059827547777
7660,c,120.23059827547777,120.23059827547777
7661,c,120.23059827547777,120.23059827547777
7662,t,120.23059827547777,120.23059827547777
7663,t,120.23059827547777,120.23059827547777
7664,c,9.83936217747462,11.64908344766966
7665,c,42.480636615097744,48.65719285131247
7666,c,62.288245412581105,65.24592111479116
7667,c,9.733341907782133,13.039801920865132
7668,c,10.6540367840182,18.8724051987693
7669,c,22.13443076660338,22.67525316921098
7670,c,120.23059827547777,120.23059827547777
7671,t,120.23059827547777,120.23059827547777
7672,c,17.903092274143507,18.142727804929315
7673,c,120.23059827547777,120.23059827547777
7674,c,120.23059827547777,120.23059827547777
7675,c,30.665120828835377,120.23059827547777
7676,t,120.23059827547777,120.23059827547777
7677,c,120.23059827547777,120.23059827547777
7678,t,120.23059827547777,120.23059827547777
7679,c,120.23059827547777,120.23059827547777
7680,c,120.23059827547777,120.23059827547777
7681,c,25.908691123161997,29.110135951744162
7682,t,120.23059827547777,120.23059827547777
7683,c,10.980067587523077,13.442483292867145
7684,c,42.56314124305879,47.70125682827456
7685,c,120.23059827547777,120.23059827547777
7686,t,120.23059827547777,120.23059827547777
7687,c,39.64133010978594,40.055057012197935
7688,c,54.9911030004787,55.18935560144794
7689,t,120.23059827547777,120.23059827547777
7690,t,120.23059827547777,120.23059827547777
7691,c,28.61246565861509,29.594346095038123
7692,c,57.35499521304541,57.766744199128084
7693,c,12.406064776271554,18.918869994102092
7694,t,120.23059827547777,120.23059827547777
7695,c,24.63227030230419,25.079933878389962
7696,c,120.23059827547777,120.23059827547777
7697,t,120.23059827547777,120.23059827547777
7698,c,38.5235683135417,41.60869504806183
7699,c,120.23059827547777,120.23059827547777
7700,c,120.23059827547777,120.23059827547777
7701,c,11.204729504004275,34.750499158894286
7702,c,26.924381101416024,29.982032815022297
7703,c,4.721140340301409,8.02406875902897
7704,c,15.731465757180425,21.812779970103943
7705,t,120.23059827547777,120.23059827547777
7706,c,120.23059827547777,120.23059827547777
7707,c,120.23059827547777,120.23059827547777
7708,c,120.23059827547777,120.23059827547777
7709,c,18.07873492715974,25.76121862260131
7710,c,13.176370165520607,14.027831344103559
7711,c,120.23059827547777,120.23059827547777
7712,t,120.23059827547777,120.23059827547777
7713,c,120.23059827547777,120.23059827547777
7714,c,120.23059827547777,120.23059827547777
7715,c,120.23059827547777,120.23059827547777
7716,c,120.23059827547777,120.23059827547777
7717,t,120.23059827547777,120.23059827547777
7718,c,120.23059827547777,120.23059827547777
7719,c,120.23059827547777,120.23059827547777
7720,c,25.369879267762915,40.39466295631186
7721,t,120.23059827547777,120.23059827547777
7722,c,7.110505073786413,9.679286121658343
7723,c,120.23059827547777,120.23059827547777
7724,t,120.23059827547777,120.23059827547777
7725,c,57.41464115579968,57.99920297455369
7726,c,120.23059827547777,120.23059827547777
7727,na,0.3659479564757481,1.8810265039417595
7728,c,31.716041163312518,33.837793849493245
7729,c,120.23059827547777,120.23059827547777
7730,c,120.23059827547777,120.23059827547777
7731,c,14.603172923688657,120.23059827547777
7732,c,120.23059827547777,120.23059827547777
7733,t,120.23059827547777,120.23059827547777
7734,c,62.76821307556817,74.1679827715311
7735,c,22.880056486687863,31.36829903759578
7736,c,120.23059827547777,120.23059827547777
7737,t,120.23059827547777,120.23059827547777
7738,t,120.23059827547777,120.23059827547777
7739,t,120.23059827547777,120.23059827547777
7740,t,120.23059827547777,120.23059827547777
7741,c,120.23059827547777,120.23059827547777
7742,c,24.790636964842903,120.23059827547777
7743,c,35.9600699450486,120.23059827547777
7744,t,120.23059827547777,120.23059827547777
7745,c,120.23059827547777,120.23059827547777
7746,c,51.703520789478574,52.959261698856075
7747,c,21.68132750748914,36.105382241637344
7748,c,120.23059827547777,120.23059827547777
7749,c,27.602226344231244,34.73268461387964
7750,c,54.48937491201048,120.23059827547777
7751,c,120.23059827547777,120.23059827547777
7752,c,120.23059827547777,120.23059827547777
7753,c,120.23059827547777,120.23059827547777
7754,c,19.326980706674128,22.020998291308867
7755,t,120.23059827547777,120.23059827547777
7756,c,120.23059827547777,120.23059827547777
7757,c,45.16344140469498,63.319313568195774
7758,c,120.23059827547777,120.23059827547777
7759,c,15.895570411321518,16.0942986173832
7760,t,120.23059827547777,120.23059827547777
7761,t,120.23059827547777,120.23059827547777
7762,c,61.09539171938829,63.14038408222871
7763,c,120.23059827547777,120.23059827547777
7764,c,3.5336189531261457,6.240991324633509
7765,t,120.23059827547777,120.23059827547777
7766,c,120.23059827547777,120.23059827547777
7767,c,120.23059827547777,120.23059827547777
7768,t,120.23059827547777,120.23059827547777
7769,c,11.934353968998973,14.202192363207658
7770,c,120.23059827547777,120.23059827547777
7771,c,50.2080084042628,53.50923090601335
7772,c,120.23059827547777,120.23059827547777
7773,c,29.881097879333126,42.63256879012587
7774,c,120.23059827547777,120.23059827547777
7775,t,120.23059827547777,120.23059827547777
7776,c,32.520275861278826,33.112051340595734
7777,c,49.63565576941874,50.36969085543306
7778,c,120.23059827547777,120.23059827547777
7779,t,120.23059827547777,120.23059827547777
7780,c,120.23059827547777,120.23059827547777
7781,c,120.23059827547777,120.23059827547777
7782,t,120.23059827547777,120.23059827547777
7783,c,120.23059827547777,120.23059827547777
7784,c,120.23059827547777,120.23059827547777
7785,t,120.23059827547777,120.23059827547777
7786,c,22.54717649750714,33.386596994161636
7787,c,12.551283864236026,14.317355452496612
7788,c,120.23059827547777,120.23059827547777
7789,c,49.023179317543,49.1717084719804
7790,t,120.23059827547777,120.23059827547777
7791,c,46.13718250915979,48.22744018959825
7792,c,120.23059827547777,120.23059827547777
7793,c,24.80976811948221,28.301188791608357
7794,c,120.23059827547777,120.23059827547777
7795,c,81.87047757490836,82.32985249459797
7796,t,120.23059827547777,120.23059827547777
7797,c,120.23059827547777,120.23059827547777
7798,c,120.23059827547777,120.23059827547777
7799,c,19.724088319824034,44.378997412398014
7800,c,120.23059827547777,120.23059827547777
7801,t,120.23059827547777,120.23059827547777
7802,c,28.76427002054855,34.394744005152724
7803,c,120.23059827547777,120.23059827547777
7804,c,27.119873678885245,34.79780825227936
7805,c,32.76829702813152,33.60399102584627
7806,c,29.206896088417974,33.02483100960553
7807,c,17.752821525688184,40.177979615780835
7808,c,120.23059827547777,120.23059827547777
7809,c,120.23059827547777,120.23059827547777
7810,c,120.23059827547777,120.23059827547777
7811,c,120.23059827547777,120.23059827547777
7812,c,120.23059827547777,120.23059827547777
7813,c,120.23059827547777,120.23059827547777
7814,c,74.07021291294669,83.86164542989992
7815,c,120.23059827547777,120.23059827547777
7816,c,120.23059827547777,120.23059827547777
7817,c,39.461235909051126,49.149052749078024
7818,c,120.23059827547777,120.23059827547777
7819,c,107.69504934089395,108.35731114369369
7820,t,120.23059827547777,120.23059827547777
7821,t,120.23059827547777,120.23059827547777
7822,c,120.23059827547777,120.23059827547777
7823,c,120.23059827547777,120.23059827547777
7824,c,120.23059827547777,120.23059827547777
7825,c,26.70515617563819,28.43504696429357
7826,c,30.824454277317148,32.588494947051345
7827,t,120.23059827547777,120.23059827547777
7828,t,120.23059827547777,120.23059827547777
7829,c,120.23059827547777,120.23059827547777
7830,c,26.54317963480625,30.0823901779
7831,c,120.23059827547777,120.23059827547777
7832,t,120.23059827547777,120.23059827547777
7833,c,120.23059827547777,120.23059827547777
7834,t,120.23059827547777,120.23059827547777
7835,c,33.444037333560836,39.235419567636654
7836,t,120.23059827547777,120.23059827547777
7837,c,29.781810836204045,33.75760561193462
7838,c,120.23059827547777,120.23059827547777
7839,c,63.45765158136697,63.8508716946056
7840,t,120.23059827547777,120.23059827547777
7841,c,120.23059827547777,120.23059827547777
7842,t,120.23059827547777,120.23059827547777
7843,c,52.42616525684469,53.258044349305216
7844,c,120.23059827547777,120.23059827547777
7845,c,21.444587004262672,25.171029402585997
7846,c,18.669651127056454,20.916672141083605
7847,c,24.219849353004385,28.147853095443093
7848,c,120.23059827547777,120.23059827547777
7849,c,120.23059827547777,120.23059827547777
7850,na,1.691050569888052,8.111321069098837
7851,t,120.23059827547777,120.23059827547777
7852,c,120.23059827547777,120.23059827547777
7853,c,28.17034207916834,45.813976492024125
7854,t,120.23059827547777,120.23059827547777
7855,c,28.60166106157918,34.14915914608616
7856,c,120.23059827547777,120.23059827547777
7857,t,120.23059827547777,120.23059827547777
7858,t,120.23059827547777,120.23059827547777
7859,t,120.23059827547777,120.23059827547777
7860,c,120.23059827547777,120.23059827547777
7861,c,46.00188129244801,53.923884851686935
7862,c,120.23059827547777,120.23059827547777
7863,c,120.23059827547777,120.23059827547777
7864,c,120.23059827547777,120.23059827547777
7865,t,120.23059827547777,120.23059827547777
7866,c,35.47960691787198,59.622985497960165
7867,c,120.23059827547777,120.23059827547777
7868,c,25.01841015970925,120.23059827547777
7869,c,120.23059827547777,120.23059827547777
7870,c,18.088663934822925,19.021510270345207
7871,c,31.024658452464713,35.911567228617116
7872,t,120.23059827547777,120.23059827547777
7873,t,120.23059827547777,120.23059827547777
7874,c,16.31256125882163,27.686086698118345
7875,c,52.462351169378344,54.11734058806792
7876,c,120.23059827547777,120.23059827547777
7877,na,4.192221256970194,4.754628524227675
7878,t,120.23059827547777,120.23059827547777
7879,c,25.720911749786588,30.36891596301012
7880,c,80.5801644893904,85.62382315743686
7881,c,22.91988232089779,25.049681712661812
7882,c,5.793849542555886,8.149485282097155
7883,t,120.23059827547777,120.23059827547777
7884,c,120.23059827547777,120.23059827547777
7885,c,50.54902139257055,51.83532340807648
7886,c,33.5635614375051,39.96882090344213
7887,c,21.689852247452063,21.999418174479
7888,c,120.23059827547777,120.23059827547777
7889,c,120.23059827547777,120.23059827547777
7890,c,120.23059827547777,120.23059827547777
7891,c,25.447005994152565,25.8956860827632
7892,c,28.919586879488453,33.06765146894462
7893,na,3.314446625958798,3.7592238249735037
7894,c,120.23059827547777,120.23059827547777
7895,t,120.23059827547777,120.23059827547777
7896,c,29.35879538349496,30.377682355435553
7897,c,10.483668534906354,12.752606642039424
7898,na,1.656500930214131,2.9667144149193487
7899,c,120.23059827547777,120.23059827547777
7900,c,38.78029977600576,44.18082811510628
7901,c,120.23059827547777,120.23059827547777
7902,c,11.070555668084264,12.108919375448975
7903,c,7.646531822378197,12.032899820168984
7904,c,46.302895371435135,57.24119706014457
7905,c,120.23059827547777,120.23059827547777
7906,c,120.23059827547777,120.23059827547777
7907,c,120.23059827547777,120.23059827547777
7908,t,120.23059827547777,120.23059827547777
7909,c,35.80779499405966,46.59463118052802
7910,c,28.41440654667693,28.565301986951457
7911,c,55.646229935588906,62.968239262361294
7912,c,120.23059827547777,120.23059827547777
7913,c,22.610848374344283,26.354502092687845
7914,c,120.23059827547777,120.23059827547777
7915,c,120.23059827547777,120.23059827547777
7916,c,120.23059827547777,120.23059827547777
7917,c,21.061383314601446,21.79171291184527
7918,c,34.297372958929635,34.41363768182569
7919,c,40.59175889828605,41.125419453344705
7920,c,6.188635753010668,6.573215005771701
7921,t,120.23059827547777,120.23059827547777
7922,c,120.23059827547777,120.23059827547777
7923,c,120.23059827547777,120.23059827547777
7924,c,120.23059827547777,120.23059827547777
7925,c,38.48437952378398,39.25502639199809
7926,c,120.23059827547777,120.23059827547777
7927,c,120.23059827547777,120.23059827547777
7928,t,120.23059827547777,120.23059827547777
7929,t,120.23059827547777,120.23059827547777
7930,t,120.23059827547777,120.23059827547777
7931,t,120.23059827547777,120.23059827547777
7932,c,120.23059827547777,120.23059827547777
7933,c,120.23059827547777,120.23059827547777
7934,c,26.0246839270004,26.166595738608567
7935,c,120.23059827547777,120.23059827547777
7936,c,11.506530492688995,17.24494530150604
7937,c,120.23059827547777,120.23059827547777
7938,c,120.23059827547777,120.23059827547777
7939,t,120.23059827547777,120.23059827547777
7940,c,120.23059827547777,120.23059827547777
7941,c,60.66313673545154,62.43343493024338
7942,t,120.23059827547777,120.23059827547777
7943,t,120.23059827547777,120.23059827547777
7944,t,120.23059827547777,120.23059827547777
7945,t,120.23059827547777,120.23059827547777
7946,c,120.23059827547777,120.23059827547777
7947,c,120.23059827547777,120.23059827547777
7948,c,31.621539617400494,32.06994585876763
7949,c,120.23059827547777,120.23059827547777
7950,c,120.23059827547777,120.23059827547777
7951,c,30.9393573346501,120.23059827547777
7952,c,120.23059827547777,120.23059827547777
7953,c,35.32010689600844,120.23059827547777
7954,c,120.23059827547777,120.23059827547777
7955,na,7.121036836961085,120.23059827547777
7956,c,120.23059827547777,120.23059827547777
7957,c,120.23059827547777,120.23059827547777
7958,c,120.23059827547777,120.23059827547777
7959,c,120.23059827547777,120.23059827547777
7960,c,120.23059827547777,120.23059827547777
7961,t,120.23059827547777,120.23059827547777
7962,c,120.23059827547777,120.23059827547777
7963,c,21.499608454132158,30.900597390035227
7964,c,27.316046111589436,29.730982602964747
7965,c,34.75972786752693,36.39560209311769
7966,c,120.23059827547777,120.23059827547777
7967,c,37.82384966078013,40.76888549451834
7968,c,28.594128757092736,36.3748184889449
7969,c,120.23059827547777,120.23059827547777
7970,c,42.15284592352302,44.68473191276207
7971,c,120.23059827547777,120.23059827547777
7972,t,120.23059827547777,120.23059827547777
7973,c,120.23059827547777,120.23059827547777
7974,c,120.23059827547777,120.23059827547777
7975,c,120.23059827547777,120.23059827547777
7976,c,26.89118390695312,120.23059827547777
7977,na,8.821525712849438,10.164906187198062
7978,c,120.23059827547777,120.23059827547777
7979,c,120.23059827547777,120.23059827547777
7980,c,120.23059827547777,120.23059827547777
7981,c,39.11203137834032,45.953437781598595
7982,t,120.23059827547777,120.23059827547777
7983,t,120.23059827547777,120.23059827547777
7984,c,120.23059827547777,120.23059827547777
7985,c,25.430607079464917,30.378039532755306
7986,c,19.62623599121196,22.93947407199585
7987,t,120.23059827547777,120.23059827547777
7988,c,35.07343882764665,37.94449752643685
7989,t,120.23059827547777,120.23059827547777
7990,c,21.28542156179212,21.287329758024924
7991,t,120.23059827547777,120.23059827547777
7992,t,120.23059827547777,120.23059827547777
7993,c,29.202220500674432,30.909481553089723
7994,c,71.11920387588879,120.23059827547777
7995,c,120.23059827547777,120.23059827547777
7996,c,31.01658584889241,120.23059827547777
7997,c,120.23059827547777,120.23059827547777
7998,c,5.8043246689800965,8.205912188506673
7999,na,-1,0
8000,c,27.159971307391505,30.428519271804937
8001,c,120.23059827547777,120.23059827547777
8002,c,120.23059827547777,120.23059827547777
8003,c,120.23059827547777,120.23059827547777
8004,t,120.23059827547777,120.23059827547777
8005,c,120.23059827547777,120.23059827547777
8006,c,120.23059827547777,120.23059827547777
8007,c,31.562123466184094,43.83949485373667
8008,t,120.23059827547777,120.23059827547777
8009,c,120.23059827547777,120.23059827547777
8010,t,120.23059827547777,120.23059827547777
8011,c,12.91592985219434,15.688110671767719
8012,t,120.23059827547777,120.23059827547777
8013,t,120.23059827547777,120.23059827547777
8014,c,16.75516393765998,20.00635275875574
8015,c,9.546092715068797,9.637481486577546
8016,c,43.35997628309062,74.03494715374342
8017,c,8.235354908469663,14.9322659787906
8018,c,120.23059827547777,120.23059827547777
8019,c,120.23059827547777,120.23059827547777
8020,c,120.23059827547777,120.23059827547777
8021,c,120.23059827547777,120.23059827547777
8022,c,120.23059827547777,120.23059827547777
8023,c,120.23059827547777,120.23059827547777
8024,t,120.23059827547777,120.23059827547777
8025,t,120.23059827547777,120.23059827547777
8026,t,120.23059827547777,120.23059827547777
8027,c,120.23059827547777,120.23059827547777
8028,c,25.19534560471795,29.522968945749923
8029,c,29.041141344305736,31.26346818723436
8030,na,0.889325905024519,2.348789207135353
8031,c,120.23059827547777,120.23059827547777
8032,t,120.23059827547777,120.23059827547777
8033,t,120.23059827547777,120.23059827547777
8034,t,120.23059827547777,120.23059827547777
8035,c,120.23059827547777,120.23059827547777
8036,c,65.47966228744738,81.9921937708843
8037,c,120.23059827547777,120.23059827547777
8038,c,120.23059827547777,120.23059827547777
8039,c,120.23059827547777,120.23059827547777
8040,c,120.23059827547777,120.23059827547777
8041,c,18.85545670915137,20.338627998560778
8042,c,11.437124968362573,11.614913744684614
8043,c,120.23059827547777,120.23059827547777
8044,c,120.23059827547777,120.23059827547777
8045,c,17.46497842791522,19.10554815110325
8046,c,120.23059827547777,120.23059827547777
8047,c,120.23059827547777,120.23059827547777
8048,c,43.103755698871645,46.479730277963036
8049,c,10.259539770795968,21.175106096819885
8050,c,120.23059827547777,120.23059827547777
8051,c,29.11605520302484,29.473508126486625
8052,c,120.23059827547777,120.23059827547777
8053,c,60.74462060257226,62.08855324369576
8054,t,120.23059827547777,120.23059827547777
8055,c,120.23059827547777,120.23059827547777
8056,t,120.23059827547777,120.23059827547777
8057,c,120.23059827547777,120.23059827547777
8058,c,63.75335018941627,66.29002611706389
8059,c,120.23059827547777,120.23059827547777
8060,c,120.23059827547777,120.23059827547777
8061,c,41.192880419519746,52.44347243521641
8062,c,120.23059827547777,120.23059827547777
8063,c,19.24153444087981,27.435503988020873
8064,c,120.23059827547777,120.23059827547777
8065,c,120.23059827547777,120.23059827547777
8066,c,10.757449569881436,33.24597851608118
8067,c,120.23059827547777,120.23059827547777
8068,t,120.23059827547777,120.23059827547777
8069,t,120.23059827547777,120.23059827547777
8070,t,120.23059827547777,120.23059827547777
8071,t,120.23059827547777,120.23059827547777
8072,c,59.23181918464375,61.15181726461964
8073,c,5.50826979913132,12.307556622713397
8074,c,14.323849797532882,15.134772743890528
8075,c,44.082368909816985,50.03346860518735
8076,c,17.462715234207117,120.23059827547777
8077,c,7.424443374744168,11.443881376457995
8078,c,120.23059827547777,120.23059827547777
8079,c,120.23059827547777,120.23059827547777
8080,c,30.845646776378004,120.23059827547777
8081,na,0,5.480192675253163
8082,c,120.23059827547777,120.23059827547777
8083,c,29.074309121944154,32.07345791467119
8084,c,24.815926249389207,27.607523532458387
8085,c,47.57817504383379,120.23059827547777
8086,t,120.23059827547777,120.23059827547777
8087,c,9.395413590373616,22.024953912773682
8088,c,120.23059827547777,120.23059827547777
8089,c,120.23059827547777,120.23059827547777
8090,t,120.23059827547777,120.23059827547777
8091,c,28.324352961407076,32.27703638976117
8092,t,120.23059827547777,120.23059827547777
8093,c,120.23059827547777,120.23059827547777
8094,c,120.23059827547777,120.23059827547777
8095,c,120.23059827547777,120.23059827547777
8096,c,35.38121759305658,120.23059827547777
8097,t,120.23059827547777,120.23059827547777
8098,t,120.23059827547777,120.23059827547777
8099,c,120.23059827547777,120.23059827547777
8100,c,120.23059827547777,120.23059827547777
8101,c,120.23059827547777,120.23059827547777
8102,t,120.23059827547777,120.23059827547777
8103,c,120.23059827547777,120.23059827547777
8104,c,120.23059827547777,120.23059827547777
8105,c,120.23059827547777,120.23059827547777
8106,c,120.23059827547777,120.23059827547777
8107,na,0.5302682868449226,0.7888047576362625
8108,c,120.23059827547777,120.23059827547777
8109,c,21.22140234466525,25.237804935284537
8110,c,120.23059827547777,120.23059827547777
8111,c,120.23059827547777,120.23059827547777
8112,c,23.140270902867893,24.23196957484436
8113,t,120.23059827547777,120.23059827547777
8114,c,120.23059827547777,120.23059827547777
8115,c,33.760813198286904,35.58001412753672
8116,c,34.46871177374417,40.15195892625402
8117,t,120.23059827547777,120.23059827547777
8118,c,17.756639534748366,21.03941503869539
8119,c,120.23059827547777,120.23059827547777
8120,c,19.64940970377914,21.67683445011348
8121,t,120.23059827547777,120.23059827547777
8122,c,120.23059827547777,120.23059827547777
8123,c,28.295291648863632,38.625495460039986
8124,c,120.23059827547777,120.23059827547777
8125,c,39.60619579489679,42.42712643363496
8126,c,18.98466715562023,25.482174581292195
8127,c,42.48821174959537,52.5972419385436
8128,c,27.272403682127365,29.809022103480295
8129,t,120.23059827547777,120.23059827547777
8130,c,32.03225771226085,35.6897829766982
8131,c,120.23059827547777,120.23059827547777
8132,t,120.23059827547777,120.23059827547777
8133,c,40.119274791720244,41.82253263885742
8134,c,120.23059827547777,120.23059827547777
8135,c,39.622901531146084,44.3227864645714
8136,t,120.23059827547777,120.23059827547777
8137,c,120.23059827547777,120.23059827547777
8138,c,33.94239536316926,45.19925725849871
8139,c,120.23059827547777,120.23059827547777
8140,t,120.23059827547777,120.23059827547777
8141,t,120.23059827547777,120.23059827547777
8142,c,120.23059827547777,120.23059827547777
8143,c,120.23059827547777,120.23059827547777
8144,t,120.23059827547777,120.23059827547777
8145,c,23.422452427327684,25.213869393116457
8146,c,120.23059827547777,120.23059827547777
8147,c,120.23059827547777,120.23059827547777
8148,c,120.23059827547777,120.23059827547777
8149,c,3.18124637047254,120.23059827547777
8150,c,28.596875453704843,28.922151206153593
8151,c,23.38536350391141,26.89251497959062
8152,t,120.23059827547777,120.23059827547777
8153,t,120.23059827547777,120.23059827547777
8154,t,120.23059827547777,120.23059827547777
8155,c,23.1338661424689,25.257979625668852
8156,c,120.23059827547777,120.23059827547777
8157,c,120.23059827547777,120.23059827547777
8158,c,15.69346917992506,24.21530181507401
8159,c,120.23059827547777,120.23059827547777
8160,c,36.121987026919804,44.32547149334734
8161,c,120.23059827547777,120.23059827547777
8162,c,120.23059827547777,120.23059827547777
8163,t,120.23059827547777,120.23059827547777
8164,c,52.61879545066122,53.319271882901454
8165,t,120.23059827547777,120.23059827547777
8166,c,120.23059827547777,120.23059827547777
8167,t,120.23059827547777,120.23059827547777
8168,c,25.75309474642755,44.77369159465284
8169,c,120.23059827547777,120.23059827547777
8170,t,120.23059827547777,120.23059827547777
8171,c,120.23059827547777,120.23059827547777
8172,c,41.83829545390045,45.738162402754256
8173,c,73.50798182329885,78.80462786893072
8174,c,28.53778752565187,36.337367604797606
8175,t,120.23059827547777,120.23059827547777
8176,c,120.23059827547777,120.23059827547777
8177,c,120.23059827547777,120.23059827547777
8178,c,120.23059827547777,120.23059827547777
8179,t,120.23059827547777,120.23059827547777
8180,c,19.33553362673786,23.825904727558743
8181,c,120.23059827547777,120.23059827547777
8182,c,120.23059827547777,120.23059827547777
8183,c,48.79107066593887,50.17739808291671
8184,t,120.23059827547777,120.23059827547777
8185,c,49.120327245060956,56.26721311742598
8186,c,120.23059827547777,120.23059827547777
8187,t,120.23059827547777,120.23059827547777
8188,c,120.23059827547777,120.23059827547777
8189,c,17.83964511185339,18.81380755681563
8190,c,8.25633765582602,13.07755800928096
8191,c,27.618450662560743,27.778850132314517
8192,c,120.23059827547777,120.23059827547777
8193,c,120.23059827547777,120.23059827547777
8194,c,13.176991198586983,17.91414356985238
8195,c,120.23059827547777,120.23059827547777
8196,c,71.61343899265005,81.31118152643032
8197,c,120.23059827547777,120.23059827547777
8198,c,29.96411741992605,36.20664772300829
8199,c,54.294846855160486,57.127945769391516
8200,c,120.23059827547777,120.23059827547777
8201,c,120.23059827547777,120.23059827547777
8202,na,4.221226518742929,7.674298725456579
8203,c,120.23059827547777,120.23059827547777
8204,c,120.23059827547777,120.23059827547777
8205,c,41.769213176803284,52.03576545517282
8206,c,120.23059827547777,120.23059827547777
8207,t,120.23059827547777,120.23059827547777
8208,c,120.23059827547777,120.23059827547777
8209,c,30.209756993819557,36.19905827898043
8210,c,120.23059827547777,120.23059827547777
8211,c,120.23059827547777,120.23059827547777
8212,c,120.23059827547777,120.23059827547777
8213,c,120.23059827547777,120.23059827547777
8214,c,120.23059827547777,120.23059827547777
8215,c,57.07178111904336,63.855310425149895
8216,t,120.23059827547777,120.23059827547777
8217,t,120.23059827547777,120.23059827547777
8218,c,33.52882842059518,35.41806132257547
8219,c,120.23059827547777,120.23059827547777
8220,c,31.139386507616884,32.28990014211546
8221,c,51.10311046534402,51.332257090720454
8222,c,120.23059827547777,120.23059827547777
8223,c,120.23059827547777,120.23059827547777
8224,c,22.063975993286356,120.23059827547777
8225,c,26.849800581969358,29.283669207256434
8226,c,39.52567387176112,40.166322522820295
8227,c,120.23059827547777,120.23059827547777
8228,t,120.23059827547777,120.23059827547777
8229,c,17.756566243629205,18.574540172120376
8230,c,39.863802345723215,42.27262416296912
8231,c,120.23059827547777,120.23059827547777
8232,c,120.23059827547777,120.23059827547777
8233,c,5.999124057575959,7.08735277568911
8234,c,120.23059827547777,120.23059827547777
8235,c,120.23059827547777,120.23059827547777
8236,c,17.793033603197195,20.60678512403866
8237,t,120.23059827547777,120.23059827547777
8238,t,120.23059827547777,120.23059827547777
8239,c,120.23059827547777,120.23059827547777
8240,c,50.37704731041528,52.03553901397802
8241,c,11.689923996621147,16.04180827251825
8242,c,120.23059827547777,120.23059827547777
8243,c,120.23059827547777,120.23059827547777
8244,na,5.32455985025126,6.210279562892673
8245,t,120.23059827547777,120.23059827547777
8246,c,120.23059827547777,120.23059827547777
8247,c,120.23059827547777,120.23059827547777
8248,c,120.23059827547777,120.23059827547777
8249,c,120.23059827547777,120.23059827547777
8250,na,0,6.622968350760232
8251,c,120.23059827547777,120.23059827547777
8252,c,120.23059827547777,120.23059827547777
8253,c,120.23059827547777,120.23059827547777
8254,na,-1,0
8255,t,120.23059827547777,120.23059827547777
8256,c,120.23059827547777,120.23059827547777
8257,c,25.0281523248119,26.892172129654373
8258,c,120.23059827547777,120.23059827547777
8259,t,120.23059827547777,120.23059827547777
8260,t,120.23059827547777,120.23059827547777
8261,c,120.23059827547777,120.23059827547777
8262,c,28.247135133820418,29.419556747684627
8263,c,120.23059827547777,120.23059827547777
8264,t,120.23059827547777,120.23059827547777
8265,t,120.23059827547777,120.23059827547777
8266,c,120.23059827547777,120.23059827547777
8267,c,23.204998119633355,24.631096173480504
8268,c,120.23059827547777,120.23059827547777
8269,c,120.23059827547777,120.23059827547777
8270,c,120.23059827547777,120.23059827547777
8271,c,120.23059827547777,120.23059827547777
8272,t,120.23059827547777,120.23059827547777
8273,t,120.23059827547777,120.23059827547777
8274,c,22.696962505684812,25.16006375516656
8275,c,3.777487303851298,5.945416895424622
8276,t,120.23059827547777,120.23059827547777
8277,t,120.23059827547777,120.23059827547777
8278,c,22.258359898079448,23.441989204322976
8279,c,120.23059827547777,120.23059827547777
8280,c,13.323010551999094,16.126077480706314
8281,c,15.238514456666692,23.603580321215762
8282,c,9.524649879949356,22.727654821242197
8283,t,120.23059827547777,120.23059827547777
8284,c,120.23059827547777,120.23059827547777
8285,c,120.23059827547777,120.23059827547777
8286,t,120.23059827547777,120.23059827547777
8287,c,62.976525159838516,68.05903839244668
8288,t,120.23059827547777,120.23059827547777
8289,c,26.327201773963143,29.279854196293872
8290,c,58.31315009303748,61.68016394316025
8291,c,120.23059827547777,120.23059827547777
8292,c,120.23059827547777,120.23059827547777
8293,na,0,1.0550567924125738
8294,c,18.545869728306496,25.345539685396602
8295,c,15.55106138530955,16.172993938840456
8296,c,29.208057765487606,42.51962283996273
8297,c,120.23059827547777,120.23059827547777
8298,c,5.267116706625933,6.586948872472226
8299,c,120.23059827547777,120.23059827547777
8300,t,120.23059827547777,120.23059827547777
8301,c,120.23059827547777,120.23059827547777
8302,c,120.23059827547777,120.23059827547777
8303,c,120.23059827547777,120.23059827547777
8304,c,120.23059827547777,120.23059827547777
8305,c,50.184637281137626,120.23059827547777
8306,c,88.59136349829521,96.88740803405197
8307,c,120.23059827547777,120.23059827547777
8308,c,57.86048517111954,120.23059827547777
8309,c,120.23059827547777,120.23059827547777
8310,t,120.23059827547777,120.23059827547777
8311,c,120.23059827547777,120.23059827547777
8312,c,120.23059827547777,120.23059827547777
8313,c,19.77943122634452,25.587157778732603
8314,c,120.23059827547777,120.23059827547777
8315,t,120.23059827547777,120.23059827547777
8316,c,17.925523470378216,23.229579198065178
8317,c,120.23059827547777,120.23059827547777
8318,c,42.356382988177444,45.014229827354825
8319,c,26.44352575440942,32.749372080088484
8320,c,43.920512270569965,51.54723123943413
8321,c,120.23059827547777,120.23059827547777
8322,c,26.319385032966338,28.35635319558846
8323,c,7.112990376811829,11.007699301719512
8324,c,31.076958810755123,33.59230421044487
8325,c,120.23059827547777,120.23059827547777
8326,t,120.23059827547777,120.23059827547777
8327,c,45.34327915093458,48.34682030275783
8328,c,120.23059827547777,120.23059827547777
8329,t,120.23059827547777,120.23059827547777
8330,c,15.524953421839777,20.52707937352719
8331,c,44.592856375239656,45.87893096316126
8332,c,120.23059827547777,120.23059827547777
8333,c,10.760143967129128,17.214133661080673
8334,c,24.485666643667532,38.93487195663094
8335,c,120.23059827547777,120.23059827547777
8336,c,120.23059827547777,120.23059827547777
8337,c,120.23059827547777,120.23059827547777
8338,c,74.89325642437734,90.59276390253572
8339,t,120.23059827547777,120.23059827547777
8340,c,24.890877925013612,27.647469396942938
8341,c,120.23059827547777,120.23059827547777
8342,c,49.18790685785521,120.23059827547777
8343,c,120.23059827547777,120.23059827547777
8344,c,32.605361368410826,41.818098941324976
8345,c,36.88597606750455,38.22475947186278
8346,c,120.23059827547777,120.23059827547777
8347,c,17.059398790721193,21.10755057344396
8348,t,120.23059827547777,120.23059827547777
8349,c,19.534690389089615,21.35625558150586
8350,t,120.23059827547777,120.23059827547777
8351,t,120.23059827547777,120.23059827547777
8352,c,120.23059827547777,120.23059827547777
8353,c,11.81118180704541,23.25997691323545
8354,c,120.23059827547777,120.23059827547777
8355,t,120.23059827547777,120.23059827547777
8356,c,120.23059827547777,120.23059827547777
8357,c,120.23059827547777,120.23059827547777
8358,t,120.23059827547777,120.23059827547777
8359,c,120.23059827547777,120.23059827547777
8360,c,120.23059827547777,120.23059827547777
8361,c,120.23059827547777,120.23059827547777
8362,c,120.23059827547777,120.23059827547777
8363,c,120.23059827547777,120.23059827547777
8364,c,38.39299684215118,39.119511186487486
8365,t,120.23059827547777,120.23059827547777
8366,c,120.23059827547777,120.23059827547777
8367,c,120.23059827547777,120.23059827547777
8368,c,33.79436049502891,57.40330325149236
8369,c,120.23059827547777,120.23059827547777
8370,t,120.23059827547777,120.23059827547777
8371,c,47.66902440769103,48.28701061820408
8372,na,-1,0
8373,c,120.23059827547777,120.23059827547777
8374,c,120.23059827547777,120.23059827547777
8375,c,120.23059827547777,120.23059827547777
8376,c,37.310481413447576,47.93513129627872
8377,c,17.708548069379955,19.75233303826855
8378,c,120.23059827547777,120.23059827547777
8379,c,120.23059827547777,120.23059827547777
8380,c,120.23059827547777,120.23059827547777
8381,t,120.23059827547777,120.23059827547777
8382,c,120.23059827547777,120.23059827547777
8383,t,120.23059827547777,120.23059827547777
8384,c,120.23059827547777,120.23059827547777
8385,c,53.31078692460824,62.770207586158925
8386,c,120.23059827547777,120.23059827547777
8387,c,120.23059827547777,120.23059827547777
8388,t,120.23059827547777,120.23059827547777
8389,c,120.23059827547777,120.23059827547777
8390,c,120.23059827547777,120.23059827547777
8391,c,66.14045020054482,120.23059827547777
8392,t,120.23059827547777,120.23059827547777
8393,t,120.23059827547777,120.23059827547777
8394,t,120.23059827547777,120.23059827547777
8395,t,120.23059827547777,120.23059827547777
8396,c,21.772604739439373,24.77879630751332
8397,c,37.37021558862833,44.31190210989511
8398,c,53.001304898218436,53.728771196398924
8399,c,36.865593096240325,38.616890162022564
8400,t,120.23059827547777,120.23059827547777
8401,c,120.23059827547777,120.23059827547777
8402,c,120.23059827547777,120.23059827547777
8403,c,37.00690303180188,37.08009699708187
8404,c,120.23059827547777,120.23059827547777
8405,c,120.23059827547777,120.23059827547777
8406,c,27.587178228952855,29.04819680084278
8407,t,120.23059827547777,120.23059827547777
8408,c,19.912169076064647,21.068751480024808
8409,c,26.703893859368424,29.763245772506824
8410,t,120.23059827547777,120.23059827547777
8411,c,28.396497352492887,31.026979777227442
8412,t,120.23059827547777,120.23059827547777
8413,t,120.23059827547777,120.23059827547777
8414,c,28.726121490257587,45.01167090513875
8415,c,120.23059827547777,120.23059827547777
8416,c,120.23059827547777,120.23059827547777
8417,c,120.23059827547777,120.23059827547777
8418,c,120.23059827547777,120.23059827547777
8419,na,0,13.724635681053803
8420,c,120.23059827547777,120.23059827547777
8421,t,120.23059827547777,120.23059827547777
8422,c,120.23059827547777,120.23059827547777
8423,c,37.43539621303345,48.487547479566054
8424,c,120.23059827547777,120.23059827547777
8425,c,25.95333479502994,28.418246827241266
8426,c,33.79929508435788,34.33873168966456
8427,t,120.23059827547777,120.23059827547777
8428,c,12.948112731015716,14.880881767666075
8429,t,120.23059827547777,120.23059827547777
8430,c,48.32414248041483,52.83768933612974
8431,t,120.23059827547777,120.23059827547777
8432,c,120.23059827547777,120.23059827547777
8433,c,43.818310618564055,48.70987092509232
8434,t,120.23059827547777,120.23059827547777
8435,c,120.23059827547777,120.23059827547777
8436,c,24.229744769956618,24.66713343267701
8437,c,20.92833586799663,24.326353357063308
8438,t,120.23059827547777,120.23059827547777
8439,c,120.23059827547777,120.23059827547777
8440,c,38.01441414808641,39.40670844903514
8441,c,43.51218605547713,57.14601800304294
8442,c,9.496809786435348,9.578257737902122
8443,c,120.23059827547777,120.23059827547777
8444,c,120.23059827547777,120.23059827547777
8445,c,45.73739642351982,50.287657628960226
8446,c,36.04016652558569,39.7546789495207
8447,c,120.23059827547777,120.23059827547777
8448,c,120.23059827547777,120.23059827547777
8449,c,120.23059827547777,120.23059827547777
8450,c,35.037046666566525,39.28296784548402
8451,t,120.23059827547777,120.23059827547777
8452,c,5.843317296411705,11.327527557580792
8453,c,22.368893493424242,22.930363196030175
8454,t,120.23059827547777,120.23059827547777
8455,c,120.23059827547777,120.23059827547777
8456,c,9.650913992185918,12.476387484498764
8457,c,13.967690649523659,26.11594269224946
8458,c,120.23059827547777,120.23059827547777
8459,c,120.23059827547777,120.23059827547777
8460,c,19.87426342859466,45.113880937684044
8461,c,120.23059827547777,120.23059827547777
8462,c,3.3454013542607526,4.9963564428868255
8463,c,42.12631712598523,43.062772059631904
8464,c,42.68260480293444,50.720991000251665
8465,c,25.0104795726557,26.227642746172315
8466,c,120.23059827547777,120.23059827547777
8467,c,120.23059827547777,120.23059827547777
8468,c,120.23059827547777,120.23059827547777
8469,c,22.872454950523522,39.84285629416516
8470,c,14.904150891956547,17.450638097109266
8471,c,19.80636549424249,20.179406627527214
8472,c,120.23059827547777,120.23059827547777
8473,c,120.23059827547777,120.23059827547777
8474,c,120.23059827547777,120.23059827547777
8475,c,120.23059827547777,120.23059827547777
8476,c,34.98236613878767,37.13804059673117
8477,c,120.23059827547777,120.23059827547777
8478,c,120.23059827547777,120.23059827547777
8479,t,120.23059827547777,120.23059827547777
8480,t,120.23059827547777,120.23059827547777
8481,c,120.23059827547777,120.23059827547777
8482,na,1.613105450831599,1.7531960246684224
8483,c,22.349718574868476,27.549340373271786
8484,na,1.5543499656369533,1.6086019465698818
8485,c,120.23059827547777,120.23059827547777
8486,c,120.23059827547777,120.23059827547777
8487,c,120.23059827547777,120.23059827547777
8488,c,120.23059827547777,120.23059827547777
8489,c,120.23059827547777,120.23059827547777
8490,t,120.23059827547777,120.23059827547777
8491,c,120.23059827547777,120.23059827547777
8492,c,120.23059827547777,120.23059827547777
8493,c,49.12934421074005,49.58077757473814
8494,c,120.23059827547777,120.23059827547777
8495,na,-1,0
8496,c,40.815648731721645,120.23059827547777
8497,c,120.23059827547777,120.23059827547777
8498,c,120.23059827547777,120.23059827547777
8499,c,120.23059827547777,120.23059827547777
8500,t,120.23059827547777,120.23059827547777
8501,c,120.23059827547777,120.23059827547777
8502,c,44.5094679035287,45.26151220176878
8503,c,120.23059827547777,120.23059827547777
8504,c,9.846297894375395,12.496852841869842
8505,t,120.23059827547777,120.23059827547777
8506,c,120.23059827547777,120.23059827547777
8507,t,120.23059827547777,120.23059827547777
8508,c,120.23059827547777,120.23059827547777
8509,t,120.23059827547777,120.23059827547777
8510,c,120.23059827547777,120.23059827547777
8511,c,120.23059827547777,120.23059827547777
8512,t,120.23059827547777,120.23059827547777
8513,t,120.23059827547777,120.23059827547777
8514,c,9.212473071983714,10.645080554627576
8515,c,20.959924947954956,120.23059827547777
8516,c,63.90513499463172,65.60594431491864
8517,c,16.684630704671267,18.841217720926196
8518,c,120.23059827547777,120.23059827547777
8519,c,35.43416737158547,43.040620237557114
8520,c,120.23059827547777,120.23059827547777
8521,c,34.07439593775959,34.234974379674
8522,t,120.23059827547777,120.23059827547777
8523,c,120.23059827547777,120.23059827547777
8524,c,120.23059827547777,120.23059827547777
8525,c,120.23059827547777,120.23059827547777
8526,t,120.23059827547777,120.23059827547777
8527,c,120.23059827547777,120.23059827547777
8528,t,120.23059827547777,120.23059827547777
8529,c,120.23059827547777,120.23059827547777
8530,c,60.689401761545646,61.50439041120055
8531,c,120.23059827547777,120.23059827547777
8532,t,120.23059827547777,120.23059827547777
8533,c,120.23059827547777,120.23059827547777
8534,c,120.23059827547777,120.23059827547777
8535,t,120.23059827547777,120.23059827547777
8536,c,120.23059827547777,120.23059827547777
8537,c,67.29970262062646,68.78770722975779
8538,t,120.23059827547777,120.23059827547777
8539,t,120.23059827547777,120.23059827547777
8540,t,120.23059827547777,120.23059827547777
8541,c,120.23059827547777,120.23059827547777
8542,c,20.17454707170889,120.23059827547777
8543,c,36.5840160319324,40.084834474975416
8544,c,35.20092343309216,35.53616024447389
8545,c,16.211557490962488,16.428813277421764
8546,c,12.511974528183194,14.233925152918529
8547,c,120.23059827547777,120.23059827547777
8548,c,120.23059827547777,120.23059827547777
8549,c,17.00407258109899,23.7304359377339
8550,c,12.359093079403959,13.18772557412837
8551,c,26.75618071434927,30.457992673110738
8552,c,120.23059827547777,120.23059827547777
8553,c,120.23059827547777,120.23059827547777
8554,c,28.603513393005667,33.00422056998714
8555,c,41.00066248003647,45.2906929502597
8556,t,120.23059827547777,120.23059827547777
8557,c,120.23059827547777,120.23059827547777
8558,c,120.23059827547777,120.23059827547777
8559,c,27.65970836402723,31.786866759647598
8560,c,120.23059827547777,120.23059827547777
8561,c,120.23059827547777,120.23059827547777
8562,c,120.23059827547777,120.23059827547777
8563,c,120.23059827547777,120.23059827547777
8564,c,38.4926713790341,120.23059827547777
8565,c,120.23059827547777,120.23059827547777
8566,t,120.23059827547777,120.23059827547777
8567,c,17.80573812080068,21.55759552006057
8568,t,120.23059827547777,120.23059827547777
8569,c,15.76498107864493,18.86010677440584
8570,t,120.23059827547777,120.23059827547777
8571,c,23.712166527891863,25.659167527576678
8572,c,120.23059827547777,120.23059827547777
8573,c,120.23059827547777,120.23059827547777
8574,c,120.23059827547777,120.23059827547777
8575,c,120.23059827547777,120.23059827547777
8576,c,120.23059827547777,120.23059827547777
8577,c,120.23059827547777,120.23059827547777
8578,c,52.67805762418747,53.79907734161668
8579,c,35.12301312453445,38.68289999445444
8580,t,120.23059827547777,120.23059827547777
8581,c,120.23059827547777,120.23059827547777
8582,c,65.46394385538983,66.20881009872339
8583,c,120.23059827547777,120.23059827547777
8584,t,120.23059827547777,120.23059827547777
8585,c,120.23059827547777,120.23059827547777
8586,c,120.23059827547777,120.23059827547777
8587,t,120.23059827547777,120.23059827547777
8588,c,6.892064751430302,9.757027829763487
8589,c,120.23059827547777,120.23059827547777
8590,t,120.23059827547777,120.23059827547777
8591,c,96.68790707721672,97.10679955206416
8592,c,12.780917330101092,12.823745428631382
8593,c,24.460121877625124,27.2158588830384
8594,c,22.282896582805883,25.025247442645878
8595,c,31.81970014934032,31.898801330355123
8596,t,120.23059827547777,120.23059827547777
8597,c,120.23059827547777,120.23059827547777
8598,c,20.946433106903083,24.310236308243876
8599,c,38.70126720836726,39.55202090086198
8600,c,23.835977506491595,28.307833022193527
8601,c,26.255970159473566,29.220348998673455
8602,c,120.23059827547777,120.23059827547777
8603,c,120.23059827547777,120.23059827547777
8604,c,22.833924616558342,23.31956028328063
8605,c,120.23059827547777,120.23059827547777
8606,c,120.23059827547777,120.23059827547777
8607,c,4.375383754161559,4.7141754619128635
8608,c,120.23059827547777,120.23059827547777
8609,c,20.480562995220026,30.070548525816754
8610,c,3.2791738581579635,120.23059827547777
8611,c,2.8330091331601355,12.226102167491616
8612,c,120.23059827547777,120.23059827547777
8613,c,120.23059827547777,120.23059827547777
8614,c,120.23059827547777,120.23059827547777
8615,t,120.23059827547777,120.23059827547777
8616,c,59.267677331771196,59.6751755367777
8617,c,120.23059827547777,120.23059827547777
8618,t,120.23059827547777,120.23059827547777
8619,c,120.23059827547777,120.23059827547777
8620,t,120.23059827547777,120.23059827547777
8621,c,120.23059827547777,120.23059827547777
8622,c,120.23059827547777,120.23059827547777
8623,c,120.23059827547777,120.23059827547777
8624,c,120.23059827547777,120.23059827547777
8625,c,46.71370411850853,59.10268467417246
8626,t,120.23059827547777,120.23059827547777
8627,t,120.23059827547777,120.23059827547777
8628,c,10.253508661611228,20.361313082104363
8629,c,120.23059827547777,120.23059827547777
8630,c,49.94262289843769,56.74393231760335
8631,c,71.31357220102645,77.26094019394183
8632,c,120.23059827547777,120.23059827547777
8633,t,120.23059827547777,120.23059827547777
8634,c,27.475251397715613,28.904007157183006
8635,c,120.23059827547777,120.23059827547777
8636,c,69.10100473305184,74.4597185874631
8637,c,120.23059827547777,120.23059827547777
8638,c,20.484876485603156,22.50927878233298
8639,c,41.19853519620949,51.74403426498898
8640,c,120.23059827547777,120.23059827547777
8641,c,120.23059827547777,120.23059827547777
8642,c,47.84142994871912,57.25526622769668
8643,c,120.23059827547777,120.23059827547777
8644,c,63.10997875748952,67.23323533157686
8645,c,46.51678236960801,59.7223077181888
8646,c,20.507063159796868,23.995320071209363
8647,c,15.900867623857566,19.99311241902703
8648,c,31.735550390034607,35.81737462430626
8649,c,24.709781778530875,31.644389435081408
8650,c,120.23059827547777,120.23059827547777
8651,c,120.23059827547777,120.23059827547777
8652,t,120.23059827547777,120.23059827547777
8653,t,120.23059827547777,120.23059827547777
8654,c,120.23059827547777,120.23059827547777
8655,t,120.23059827547777,120.23059827547777
8656,t,120.23059827547777,120.23059827547777
8657,c,17.125764814316987,17.835568313265444
8658,c,120.23059827547777,120.23059827547777
8659,c,120.23059827547777,120.23059827547777
8660,c,120.23059827547777,120.23059827547777
8661,c,29.16913249187689,29.247562747513324
8662,t,120.23059827547777,120.23059827547777
8663,t,120.23059827547777,120.23059827547777
8664,t,120.23059827547777,120.23059827547777
8665,c,120.23059827547777,120.23059827547777
8666,c,10.878847531401211,28.0898315180092
8667,c,120.23059827547777,120.23059827547777
8668,c,42.20238861011062,47.63597042509476
8669,c,55.41378249942882,56.62231527842399
8670,c,54.554805660117005,57.455417265709855
8671,c,120.23059827547777,120.23059827547777
8672,c,120.23059827547777,120.23059827547777
8673,c,120.23059827547777,120.23059827547777
8674,t,120.23059827547777,120.23059827547777
8675,t,120.23059827547777,120.23059827547777
8676,c,120.23059827547777,120.23059827547777
8677,c,120.23059827547777,120.23059827547777
8678,c,33.10030785043531,43.5415643579988
8679,c,120.23059827547777,120.23059827547777
8680,t,120.23059827547777,120.23059827547777
8681,c,120.23059827547777,120.23059827547777
8682,c,36.95160019482095,42.71745159851349
8683,c,57.23925953388089,57.979883221324094
8684,c,120.23059827547777,120.23059827547777
8685,c,16.070740192313533,17.276336416057703
8686,t,120.23059827547777,120.23059827547777
8687,c,32.660261187866176,120.23059827547777
8688,c,120.23059827547777,120.23059827547777
8689,c,12.301745806951947,12.350092800049016
8690,c,28.621951301585934,29.640687220779284
8691,c,120.23059827547777,120.23059827547777
8692,t,120.23059827547777,120.23059827547777
8693,na,1.018885018827155,6.519477503412837
8694,c,35.24015110862635,61.17251681865314
8695,c,120.23059827547777,120.23059827547777
8696,c,120.23059827547777,120.23059827547777
8697,c,14.151028040480794,14.54942932358358
8698,t,120.23059827547777,120.23059827547777
8699,c,24.018402577372687,27.639981427524685
8700,t,120.23059827547777,120.23059827547777
8701,c,120.23059827547777,120.23059827547777
8702,c,22.056219618873694,24.831920968406074
8703,c,5.022260375601461,6.906826392066844
8704,c,43.89814649833911,46.81924450015425
8705,c,66.79780318088243,68.1923631869219
8706,c,120.23059827547777,120.23059827547777
8707,t,120.23059827547777,120.23059827547777
8708,t,120.23059827547777,120.23059827547777
8709,c,120.23059827547777,120.23059827547777
8710,c,120.23059827547777,120.23059827547777
8711,c,16.819703424444132,20.889301718171616
8712,t,120.23059827547777,120.23059827547777
8713,c,89.51989582764143,89.67830738305129
8714,t,120.23059827547777,120.23059827547777
8715,c,44.88518031807313,120.23059827547777
8716,t,120.23059827547777,120.23059827547777
8717,t,120.23059827547777,120.23059827547777
8718,c,120.23059827547777,120.23059827547777
8719,c,16.83029014514605,18.830189553256787
8720,c,120.23059827547777,120.23059827547777
8721,t,120.23059827547777,120.23059827547777
8722,c,120.23059827547777,120.23059827547777
8723,c,21.986407308993318,22.17968862904153
8724,c,120.23059827547777,120.23059827547777
8725,c,120.23059827547777,120.23059827547777
8726,t,120.23059827547777,120.23059827547777
8727,c,120.23059827547777,120.23059827547777
8728,c,58.520546844803874,59.77959639024009
8729,c,44.48920367793402,44.91465113177014
8730,t,120.23059827547777,120.23059827547777
8731,c,28.052920009951357,31.388516151418454
8732,t,120.23059827547777,120.23059827547777
8733,c,120.23059827547777,120.23059827547777
8734,c,61.55326891430785,72.00086041977421
8735,c,120.23059827547777,120.23059827547777
8736,c,45.41499548338981,120.23059827547777
8737,t,120.23059827547777,120.23059827547777
8738,c,39.46822579120831,39.56630678370382
8739,c,61.67779930866807,62.38952800393213
8740,c,38.19309014892169,47.375985735203415
8741,c,120.23059827547777,120.23059827547777
8742,c,38.2587604859579,38.28481796607554
8743,c,120.23059827547777,120.23059827547777
8744,c,120.23059827547777,120.23059827547777
8745,t,120.23059827547777,120.23059827547777
8746,c,3.8119566794277815,11.555934779474333
8747,c,22.541948130100426,25.219772794098613
8748,t,120.23059827547777,120.23059827547777
8749,t,120.23059827547777,120.23059827547777
8750,c,120.23059827547777,120.23059827547777
8751,t,120.23059827547777,120.23059827547777
8752,c,120.23059827547777,120.23059827547777
8753,c,12.466899698860354,13.07109157651592
8754,c,120.23059827547777,120.23059827547777
8755,c,30.40092984879679,31.767037943904327
8756,t,120.23059827547777,120.23059827547777
8757,c,65.08603985693966,71.61915865115478
8758,c,45.64323273739039,48.16157676918159
8759,c,16.795693553508425,34.341565727218885
8760,c,120.23059827547777,120.23059827547777
8761,c,37.60109263523545,120.23059827547777
8762,c,40.059470337774854,43.734376665843236
8763,t,120.23059827547777,120.23059827547777
8764,c,120.23059827547777,120.23059827547777
8765,c,120.23059827547777,120.23059827547777
8766,c,49.04274950761844,57.100814370932966
8767,c,120.23059827547777,120.23059827547777
8768,t,120.23059827547777,120.23059827547777
8769,c,18.809411731767423,19.025346017600334
8770,t,120.23059827547777,120.23059827547777
8771,c,120.23059827547777,120.23059827547777
8772,c,120.23059827547777,120.23059827547777
8773,c,11.59482839764146,13.555750999455602
8774,c,120.23059827547777,120.23059827547777
8775,c,120.23059827547777,120.23059827547777
8776,c,120.23059827547777,120.23059827547777
8777,c,50.08681868863695,60.33170833786834
8778,c,27.360372797543448,29.765310286213758
8779,c,13.833192525308576,16.69753496614904
8780,t,120.23059827547777,120.23059827547777
8781,c,9.281468593479008,24.996605020344777
8782,c,25.465606604800357,29.741557608776255
8783,c,58.05803408536764,59.35757751210503
8784,c,13.439467612079174,15.23158703610732
8785,c,29.104487872445834,37.769001142218315
8786,c,120.23059827547777,120.23059827547777
8787,c,120.23059827547777,120.23059827547777
8788,c,39.089218220561925,40.401331987028655
8789,c,25.88781096317918,120.23059827547777
8790,c,36.0193694593745,46.36412067005824
8791,c,21.471389840994405,31.33163971185681
8792,c,29.82514067860092,30.404041317993276
8793,c,120.23059827547777,120.23059827547777
8794,c,78.30609205298754,80.04786392727796
8795,c,120.23059827547777,120.23059827547777
8796,t,120.23059827547777,120.23059827547777
8797,c,26.126823279001375,27.343710514328357
8798,t,120.23059827547777,120.23059827547777
8799,t,120.23059827547777,120.23059827547777
8800,c,120.23059827547777,120.23059827547777
8801,c,120.23059827547777,120.23059827547777
8802,c,28.371768149962875,35.71226877612031
8803,c,120.23059827547777,120.23059827547777
8804,c,23.689815369697143,31.813231015314653
8805,c,33.35788676427552,35.680528289919906
8806,c,29.92783578635179,31.406545788932856
8807,t,120.23059827547777,120.23059827547777
8808,c,22.376634028182984,23.126379336016022
8809,t,120.23059827547777,120.23059827547777
8810,na,1.8920483654736393,2.3542837467225315
8811,c,120.23059827547777,120.23059827547777
8812,c,120.23059827547777,120.23059827547777
8813,t,120.23059827547777,120.23059827547777
8814,c,28.325720344883948,28.7850040169231
8815,c,51.69733774132719,120.23059827547777
8816,t,120.23059827547777,120.23059827547777
8817,t,120.23059827547777,120.23059827547777
8818,c,120.23059827547777,120.23059827547777
8819,c,21.38286194092237,22.184657529018455
8820,c,120.23059827547777,120.23059827547777
8821,c,120.23059827547777,120.23059827547777
8822,c,120.23059827547777,120.23059827547777
8823,c,10.666819229164117,11.142249817423695
8824,c,66.7681580320669,69.95810828174847
8825,c,120.23059827547777,120.23059827547777
8826,c,28.341240279895988,29.32108236295734
8827,c,46.48994478941581,47.17491338456974
8828,c,45.87640512507838,46.29308035277007
8829,c,120.23059827547777,120.23059827547777
8830,c,48.031385382454815,50.768118995034364
8831,c,120.23059827547777,120.23059827547777
8832,t,120.23059827547777,120.23059827547777
8833,c,120.23059827547777,120.23059827547777
8834,c,120.23059827547777,120.23059827547777
8835,c,74.37691959271889,76.51535141842568
8836,c,120.23059827547777,120.23059827547777
8837,c,120.23059827547777,120.23059827547777
8838,c,26.33370925239635,27.362780357477334
8839,c,30.73149699156202,30.897519077634584
8840,c,55.13370026114209,56.413707725939176
8841,c,120.23059827547777,120.23059827547777
8842,c,69.65870674348074,78.76801918045281
8843,c,120.23059827547777,120.23059827547777
8844,t,120.23059827547777,120.23059827547777
8845,c,27.657477740950135,32.359202535580884
8846,c,29.301234851114764,29.730178027500557
8847,t,120.23059827547777,120.23059827547777
8848,c,120.23059827547777,120.23059827547777
8849,c,21.86842975789236,31.492153563755824
8850,c,120.23059827547777,120.23059827547777
8851,t,120.23059827547777,120.23059827547777
8852,c,120.23059827547777,120.23059827547777
8853,t,120.23059827547777,120.23059827547777
8854,c,120.23059827547777,120.23059827547777
8855,c,120.23059827547777,120.23059827547777
8856,c,35.43915307701903,36.771133560219226
8857,c,120.23059827547777,120.23059827547777
8858,c,120.23059827547777,120.23059827547777
8859,c,120.23059827547777,120.23059827547777
8860,c,120.23059827547777,120.23059827547777
8861,c,120.23059827547777,120.23059827547777
8862,c,15.49394252101463,17.063950824496423
8863,t,120.23059827547777,120.23059827547777
8864,c,120.23059827547777,120.23059827547777
8865,t,120.23059827547777,120.23059827547777
8866,c,19.99898480526176,31.502957285704337
8867,c,120.23059827547777,120.23059827547777
8868,c,120.23059827547777,120.23059827547777
8869,c,120.23059827547777,120.23059827547777
8870,c,120.23059827547777,120.23059827547777
8871,c,48.076307043126874,53.137889315788975
8872,t,120.23059827547777,120.23059827547777
8873,c,120.23059827547777,120.23059827547777
8874,na,-1,0
8875,t,120.23059827547777,120.23059827547777
8876,c,18.557499283571975,19.978853221191873
8877,c,120.23059827547777,120.23059827547777
8878,c,120.23059827547777,120.23059827547777
8879,t,120.23059827547777,120.23059827547777
8880,c,64.89576243380668,75.59697242014092
8881,c,29.52650155637353,31.500363837791415
8882,c,28.89704117848099,31.255302139904842
8883,c,30.454918988754752,34.77435929381908
8884,c,51.83710058830702,55.33633548792326
8885,c,120.23059827547777,120.23059827547777
8886,c,120.23059827547777,120.23059827547777
8887,c,120.23059827547777,120.23059827547777
8888,c,33.849422880805406,35.54377773992816
8889,c,39.038973608750815,62.65768647431133
8890,t,120.23059827547777,120.23059827547777
8891,c,120.23059827547777,120.23059827547777
8892,c,120.23059827547777,120.23059827547777
8893,t,120.23059827547777,120.23059827547777
8894,c,49.40023088342473,120.23059827547777
8895,t,120.23059827547777,120.23059827547777
8896,t,120.23059827547777,120.23059827547777
8897,c,120.23059827547777,120.23059827547777
8898,c,55.45171463534841,56.701878512456375
8899,c,120.23059827547777,120.23059827547777
8900,c,120.23059827547777,120.23059827547777
8901,c,120.23059827547777,120.23059827547777
8902,c,120.23059827547777,120.23059827547777
8903,c,19.242481383685444,26.00387295538783
8904,c,120.23059827547777,120.23059827547777
8905,c,120.23059827547777,120.23059827547777
8906,c,10.78939763996296,13.692355431679283
8907,c,120.23059827547777,120.23059827547777
8908,c,120.23059827547777,120.23059827547777
8909,c,30.458093074224106,37.35445999178621
8910,c,120.23059827547777,120.23059827547777
8911,c,120.23059827547777,120.23059827547777
8912,c,26.82418955843049,26.916208552887106
8913,c,27.891887552402473,31.06715284384973
8914,c,120.23059827547777,120.23059827547777
8915,c,25.08599453547275,27.11725256479582
8916,c,120.23059827547777,120.23059827547777
8917,t,120.23059827547777,120.23059827547777
8918,c,120.23059827547777,120.23059827547777
8919,t,120.23059827547777,120.23059827547777
8920,c,22.65492711934974,120.23059827547777
8921,c,120.23059827547777,120.23059827547777
8922,c,23.48170675335102,25.37910857049685
8923,c,120.23059827547777,120.23059827547777
8924,c,120.23059827547777,120.23059827547777
8925,t,120.23059827547777,120.23059827547777
8926,t,120.23059827547777,120.23059827547777
8927,t,120.23059827547777,120.23059827547777
8928,t,120.23059827547777,120.23059827547777
8929,c,19.74004417687255,21.296009089728116
8930,c,120.23059827547777,120.23059827547777
8931,c,18.486431561429637,22.409830694263057
8932,c,46.634815561323876,48.33111621651371
8933,c,22.47005376328253,24.519458939919616
8934,c,18.518520782070826,22.656696577611417
8935,c,8.614327643107382,25.898724394043626
8936,c,120.23059827547777,120.23059827547777
8937,c,61.55346243736986,120.23059827547777
8938,t,120.23059827547777,120.23059827547777
8939,c,36.77150951071855,41.24415613869323
8940,c,120.23059827547777,120.23059827547777
8941,c,120.23059827547777,120.23059827547777
8942,c,4.0276930306367715,4.382956707743666
8943,c,25.552701721431564,33.7768763693711
8944,t,120.23059827547777,120.23059827547777
8945,t,120.23059827547777,120.23059827547777
8946,c,120.23059827547777,120.23059827547777
8947,c,21.42298605016397,22.75284947783941
8948,c,25.34767362548258,25.594149287840878
8949,c,120.23059827547777,120.23059827547777
8950,t,120.23059827547777,120.23059827547777
8951,t,120.23059827547777,120.23059827547777
8952,c,120.23059827547777,120.23059827547777
8953,c,120.23059827547777,120.23059827547777
8954,c,33.25382652610922,54.000823069794016
8955,c,45.70358605424036,59.63626552851677
8956,c,120.23059827547777,120.23059827547777
8957,c,23.64372667107359,23.981495751113954
8958,c,20.73117348085672,29.667279663512854
8959,c,24.743558134440228,33.56293803110012
8960,c,33.6854903728503,36.144349685929626
8961,c,32.05588800974047,120.23059827547777
8962,c,120.23059827547777,120.23059827547777
8963,t,120.23059827547777,120.23059827547777
8964,c,34.28846660477077,43.353684055792755
8965,c,33.24239651025426,33.96079929841956
8966,t,120.23059827547777,120.23059827547777
8967,c,120.23059827547777,120.23059827547777
8968,c,26.33949286797455,29.713473862199404
8969,c,120.23059827547777,120.23059827547777
8970,c,120.23059827547777,120.23059827547777
8971,t,120.23059827547777,120.23059827547777
8972,c,120.23059827547777,120.23059827547777
8973,t,120.23059827547777,120.23059827547777
8974,t,120.23059827547777,120.23059827547777
8975,c,13.882768226991578,15.437842762393007
8976,c,23.692064886322253,26.762834489028062
8977,c,120.23059827547777,120.23059827547777
8978,c,32.667055493593864,32.81257105866114
8979,t,120.23059827547777,120.23059827547777
8980,c,120.23059827547777,120.23059827547777
8981,c,120.23059827547777,120.23059827547777
8982,t,120.23059827547777,120.23059827547777
8983,c,120.23059827547777,120.23059827547777
8984,c,61.69923255938609,67.01404261518898
8985,c,120.23059827547777,120.23059827547777
8986,c,22.398002732252003,24.399159202035847
8987,t,120.23059827547777,120.23059827547777
8988,c,82.51489967733443,94.8368513992385
8989,c,120.23059827547777,120.23059827547777
8990,t,120.23059827547777,120.23059827547777
8991,c,120.23059827547777,120.23059827547777
8992,c,120.23059827547777,120.23059827547777
8993,c,58.92846469530153,59.06278587274017
8994,c,120.23059827547777,120.23059827547777
8995,c,120.23059827547777,120.23059827547777
8996,c,24.29025573651486,24.909063066368326
8997,c,7.970116424320188,17.829114919782572
8998,c,40.295823315312006,46.60188660872513
8999,c,120.23059827547777,120.23059827547777
9000,c,40.97732209403263,120.23059827547777
9001,c,22.06374413255342,25.127157675519907
9002,c,120.23059827547777,120.23059827547777
9003,c,29.717441284715846,31.73400056369186
9004,t,120.23059827547777,120.23059827547777
9005,c,120.23059827547777,120.23059827547777
9006,c,0.5931015569108357,3.455295580686801
9007,c,47.464215751515425,65.8799116526248
9008,c,120.23059827547777,120.23059827547777
9009,t,120.23059827547777,120.23059827547777
9010,c,120.23059827547777,120.23059827547777
9011,c,51.93686766607965,54.01063623660458
9012,c,14.54118813554273,32.61201165529769
9013,c,120.23059827547777,120.23059827547777
9014,t,120.23059827547777,120.23059827547777
9015,c,10.711405059809165,11.106238004535303
9016,c,120.23059827547777,120.23059827547777
9017,c,120.23059827547777,120.23059827547777
9018,t,120.23059827547777,120.23059827547777
9019,t,120.23059827547777,120.23059827547777
9020,na,0,0.32501989975332213
9021,c,120.23059827547777,120.23059827547777
9022,c,120.23059827547777,120.23059827547777
9023,c,120.23059827547777,120.23059827547777
9024,c,120.23059827547777,120.23059827547777
9025,c,120.23059827547777,120.23059827547777
9026,na,-1,0
9027,c,120.23059827547777,120.23059827547777
9028,c,76.64373263528084,77.8998851446213
9029,t,120.23059827547777,120.23059827547777
9030,t,120.23059827547777,120.23059827547777
9031,c,120.23059827547777,120.23059827547777
9032,t,120.23059827547777,120.23059827547777
9033,c,120.23059827547777,120.23059827547777
9034,c,27.219952945179905,38.84817231685771
9035,c,120.23059827547777,120.23059827547777
9036,na,0,2.64697709528671
9037,t,120.23059827547777,120.23059827547777
9038,c,14.771437449604447,18.027911170414637
9039,c,120.23059827547777,120.23059827547777
9040,c,120.23059827547777,120.23059827547777
9041,c,120.23059827547777,120.23059827547777
9042,c,20.510862631792993,23.877203662722774
9043,c,120.23059827547777,120.23059827547777
9044,c,28.060975794101072,30.29874495153664
9045,c,120.23059827547777,120.23059827547777
9046,c,120.23059827547777,120.23059827547777
9047,t,120.23059827547777,120.23059827547777
9048,t,120.23059827547777,120.23059827547777
9049,c,33.23523813755419,34.280865719208414
9050,c,120.23059827547777,120.23059827547777
9051,t,120.23059827547777,120.23059827547777
9052,t,120.23059827547777,120.23059827547777
9053,c,21.287858015243764,23.97538948559372
9054,c,120.23059827547777,120.23059827547777
9055,t,120.23059827547777,120.23059827547777
9056,c,120.23059827547777,120.23059827547777
9057,c,17.873691731567167,20.47688161422562
9058,c,7.323045587411748,10.458802194016044
9059,t,120.23059827547777,120.23059827547777
9060,c,17.980121907915812,20.229564639701728
9061,c,54.74004884835421,57.46255538788761
9062,c,17.289851886747087,25.5222712376797
9063,c,120.23059827547777,120.23059827547777
9064,c,120.23059827547777,120.23059827547777
9065,t,120.23059827547777,120.23059827547777
9066,t,120.23059827547777,120.23059827547777
9067,t,120.23059827547777,120.23059827547777
9068,c,120.23059827547777,120.23059827547777
9069,c,44.16946502076685,44.224623889569486
9070,c,120.23059827547777,120.23059827547777
9071,c,27.21436015032607,36.785939329540504
9072,c,55.887740741593156,58.186828161017736
9073,na,-1,0
9074,c,120.23059827547777,120.23059827547777
9075,na,9.743038400480435,10.154821224710902
9076,c,40.589710025954496,41.96538120581778
9077,t,120.23059827547777,120.23059827547777
9078,c,19.935384063925998,26.270926951973824
9079,c,120.23059827547777,120.23059827547777
9080,c,4.2437757738215165,13.467928228357682
9081,c,24.895718299205534,31.680413839832674
9082,c,120.23059827547777,120.23059827547777
9083,c,41.171392979694886,42.10198132698066
9084,c,43.86091976883516,54.14485627516513
9085,c,120.23059827547777,120.23059827547777
9086,c,6.12575779654511,6.7142566024943715
9087,t,120.23059827547777,120.23059827547777
9088,c,120.23059827547777,120.23059827547777
9089,c,120.23059827547777,120.23059827547777
9090,c,120.23059827547777,120.23059827547777
9091,c,35.814354730046226,37.653404998684806
9092,t,120.23059827547777,120.23059827547777
9093,t,120.23059827547777,120.23059827547777
9094,c,120.23059827547777,120.23059827547777
9095,c,120.23059827547777,120.23059827547777
9096,t,120.23059827547777,120.23059827547777
9097,c,52.08745562969872,53.56730109403204
9098,c,31.27237146378312,35.119985065301854
9099,c,120.23059827547777,120.23059827547777
9100,c,120.23059827547777,120.23059827547777
9101,c,120.23059827547777,120.23059827547777
9102,c,120.23059827547777,120.23059827547777
9103,t,120.23059827547777,120.23059827547777
9104,c,120.23059827547777,120.23059827547777
9105,c,120.23059827547777,120.23059827547777
9106,c,25.92294691356345,31.298870168321685
9107,c,120.23059827547777,120.23059827547777
9108,t,120.23059827547777,120.23059827547777
9109,c,120.23059827547777,120.23059827547777
9110,na,-1,0
9111,c,26.22472010309903,39.09069661066911
9112,c,120.23059827547777,120.23059827547777
9113,t,120.23059827547777,120.23059827547777
9114,t,120.23059827547777,120.23059827547777
9115,c,26.24201632877784,27.670310221670682
9116,c,120.23059827547777,120.23059827547777
9117,c,120.23059827547777,120.23059827547777
9118,c,22.55334110290963,29.654617810730297
9119,t,120.23059827547777,120.23059827547777
9120,c,120.23059827547777,120.23059827547777
9121,t,120.23059827547777,120.23059827547777
9122,na,120.23059827547777,120.23059827547777
9123,t,120.23059827547777,120.23059827547777
9124,c,25.126238794707188,26.638065501974122
9125,c,28.693601520031304,29.266149845585364
9126,t,120.23059827547777,120.23059827547777
9127,c,120.23059827547777,120.23059827547777
9128,c,120.23059827547777,120.23059827547777
9129,c,120.23059827547777,120.23059827547777
9130,c,9.73949211404488,17.284241659787316
9131,c,85.44495482437011,87.5387877030328
9132,t,120.23059827547777,120.23059827547777
9133,c,120.23059827547777,120.23059827547777
9134,c,33.94409188593348,36.11654887643724
9135,c,15.380104957659269,16.0536379239315
9136,c,6.23134796085233,120.23059827547777
9137,t,120.23059827547777,120.23059827547777
9138,c,29.26981709800033,36.2908860306865
9139,c,33.43504247674658,46.96529572168382
9140,c,47.320366204655635,49.137363721295756
9141,c,19.869306505840207,19.966039670925376
9142,c,120.23059827547777,120.23059827547777
9143,t,120.23059827547777,120.23059827547777
9144,c,120.23059827547777,120.23059827547777
9145,c,120.23059827547777,120.23059827547777
9146,c,120.23059827547777,120.23059827547777
9147,t,120.23059827547777,120.23059827547777
9148,c,120.23059827547777,120.23059827547777
9149,t,120.23059827547777,120.23059827547777
9150,c,20.15837387944754,22.477803106508304
9151,t,120.23059827547777,120.23059827547777
9152,c,39.19211845401451,44.46803874680551
9153,c,120.23059827547777,120.23059827547777
9154,c,48.452265574656366,50.389516374770174
9155,c,120.23059827547777,120.23059827547777
9156,c,120.23059827547777,120.23059827547777
9157,c,120.23059827547777,120.23059827547777
9158,t,120.23059827547777,120.23059827547777
9159,c,26.411943979524843,28.430580036198762
9160,c,120.23059827547777,120.23059827547777
9161,c,17.036026265932975,17.133646551964677
9162,c,120.23059827547777,120.23059827547777
9163,c,120.23059827547777,120.23059827547777
9164,c,22.4041722403007,23.051825280784193
9165,c,120.23059827547777,120.23059827547777
9166,c,120.23059827547777,120.23059827547777
9167,t,120.23059827547777,120.23059827547777
9168,c,120.23059827547777,120.23059827547777
9169,t,120.23059827547777,120.23059827547777
9170,c,120.23059827547777,120.23059827547777
9171,c,15.152825537943569,17.58001488490032
9172,c,48.83957557598804,120.23059827547777
9173,c,120.23059827547777,120.23059827547777
9174,t,120.23059827547777,120.23059827547777
9175,c,120.23059827547777,120.23059827547777
9176,t,120.23059827547777,120.23059827547777
9177,c,120.23059827547777,120.23059827547777
9178,c,21.704599739743777,26.47119012900561
9179,c,120.23059827547777,120.23059827547777
9180,c,67.51879670885327,74.86406911861756
9181,t,120.23059827547777,120.23059827547777
9182,c,8.383883399554405,16.510023202145916
9183,c,13.812328683396965,120.23059827547777
9184,c,120.23059827547777,120.23059827547777
9185,c,37.93692196124433,47.11884029319683
9186,c,19.207701888748332,20.752262658390837
9187,c,120.23059827547777,120.23059827547777
9188,t,120.23059827547777,120.23059827547777
9189,c,16.62718300483007,21.768100930404803
9190,c,120.23059827547777,120.23059827547777
9191,c,120.23059827547777,120.23059827547777
9192,c,120.23059827547777,120.23059827547777
9193,t,120.23059827547777,120.23059827547777
9194,c,120.23059827547777,120.23059827547777
9195,c,39.038771654906114,39.63148226095689
9196,c,8.283986440808778,10.070462480948532
9197,c,27.218954954050204,27.904109306294448
9198,t,120.23059827547777,120.23059827547777
9199,c,16.836404957554667,20.264291141271435
9200,c,7.470516996758273,9.410364038231247
9201,c,26.40055921395503,31.968442346807517
9202,c,45.659892563067565,48.56870669941781
9203,c,120.23059827547777,120.23059827547777
9204,t,120.23059827547777,120.23059827547777
9205,c,120.23059827547777,120.23059827547777
9206,c,8.514632547019836,120.23059827547777
9207,c,120.23059827547777,120.23059827547777
9208,t,120.23059827547777,120.23059827547777
9209,c,31.673821537788445,34.59993846315978
9210,c,120.23059827547777,120.23059827547777
9211,c,31.44687294873558,120.23059827547777
9212,c,120.23059827547777,120.23059827547777
9213,c,120.23059827547777,120.23059827547777
9214,c,120.23059827547777,120.23059827547777
9215,c,120.23059827547777,120.23059827547777
9216,na,-1,0
9217,c,120.23059827547777,120.23059827547777
9218,t,120.23059827547777,120.23059827547777
9219,c,45.84128324044061,49.04523889704232
9220,c,35.419373019327736,41.58617040354723
9221,t,120.23059827547777,120.23059827547777
9222,c,11.346660803434057,12.776114019302137
9223,c,22.392597086348516,31.15490384042681
9224,c,33.47399379366779,34.31847880580555
9225,c,18.211986365618603,20.279827572867724
9226,c,120.23059827547777,120.23059827547777
9227,c,30.45329474394188,32.62587774360412
9228,t,120.23059827547777,120.23059827547777
9229,c,120.23059827547777,120.23059827547777
9230,c,120.23059827547777,120.23059827547777
9231,c,120.23059827547777,120.23059827547777
9232,c,120.23059827547777,120.23059827547777
9233,c,120.23059827547777,120.23059827547777
9234,c,20.302717843776108,32.50049640542021
9235,c,120.23059827547777,120.23059827547777
9236,c,17.11473519607906,19.51662537258248
9237,c,120.23059827547777,120.23059827547777
9238,c,48.9218716590972,49.100025298422764
9239,t,120.23059827547777,120.23059827547777
9240,c,47.39916019993747,47.645375366889645
9241,c,120.23059827547777,120.23059827547777
9242,c,120.23059827547777,120.23059827547777
9243,c,120.23059827547777,120.23059827547777
9244,t,120.23059827547777,120.23059827547777
9245,t,120.23059827547777,120.23059827547777
9246,c,58.6354544886131,62.30298969624352
9247,t,120.23059827547777,120.23059827547777
9248,t,120.23059827547777,120.23059827547777
9249,c,23.37564685678013,25.267908476772632
9250,c,120.23059827547777,120.23059827547777
9251,t,120.23059827547777,120.23059827547777
9252,c,32.18367234838793,32.46423414211441
9253,t,120.23059827547777,120.23059827547777
9254,t,120.23059827547777,120.23059827547777
9255,c,120.23059827547777,120.23059827547777
9256,t,120.23059827547777,120.23059827547777
9257,c,120.23059827547777,120.23059827547777
9258,t,120.23059827547777,120.23059827547777
9259,c,120.23059827547777,120.23059827547777
9260,t,120.23059827547777,120.23059827547777
9261,c,16.160508430110465,120.23059827547777
9262,t,120.23059827547777,120.23059827547777
9263,c,30.422404916314434,53.332491118810786
9264,c,120.23059827547777,120.23059827547777
9265,c,120.23059827547777,120.23059827547777
9266,t,120.23059827547777,120.23059827547777
9267,c,120.23059827547777,120.23059827547777
9268,c,77.01079296677345,80.90182537553916
9269,c,41.18641983838755,47.19583465459416
9270,t,120.23059827547777,120.23059827547777
9271,c,18.327781561147223,42.10408825435747
9272,c,24.598207431243242,31.27721109114512
9273,c,120.23059827547777,120.23059827547777
9274,c,120.23059827547777,120.23059827547777
9275,c,23.68263029566215,120.23059827547777
9276,c,120.23059827547777,120.23059827547777
9277,c,120.23059827547777,120.23059827547777
9278,t,120.23059827547777,120.23059827547777
9279,c,48.752282598163575,51.049239616161486
9280,c,120.23059827547777,120.23059827547777
9281,c,120.23059827547777,120.23059827547777
9282,c,120.23059827547777,120.23059827547777
9283,c,24.984136273194622,26.46552886739879
9284,c,29.853956326350445,33.67009782072521
9285,c,120.23059827547777,120.23059827547777
9286,c,28.90416083000048,31.18342031113141
9287,c,9.10558377487889,19.12739203968491
9288,t,120.23059827547777,120.23059827547777
9289,c,120.23059827547777,120.23059827547777
9290,c,120.23059827547777,120.23059827547777
9291,c,120.23059827547777,120.23059827547777
9292,t,120.23059827547777,120.23059827547777
9293,c,25.681929458318294,32.082624081367555
9294,c,36.74500039760073,43.687587863967885
9295,t,120.23059827547777,120.23059827547777
9296,t,120.23059827547777,120.23059827547777
9297,c,17.133637712697894,120.23059827547777
9298,c,41.81172986684209,44.7102496574858
9299,c,120.23059827547777,120.23059827547777
9300,t,120.23059827547777,120.23059827547777
9301,c,8.233584698035452,12.04293485533546
9302,c,16.85751534486553,17.808341522887485
9303,c,13.22494380495764,15.36385877638254
9304,c,120.23059827547777,120.23059827547777
9305,na,-1,0
9306,c,16.03440406776704,120.23059827547777
9307,c,120.23059827547777,120.23059827547777
9308,na,0.6839528497970662,7.997319468741314
9309,t,120.23059827547777,120.23059827547777
9310,t,120.23059827547777,120.23059827547777
9311,na,11.088163371261222,15.274011921010322
9312,c,120.23059827547777,120.23059827547777
9313,c,120.23059827547777,120.23059827547777
9314,t,120.23059827547777,120.23059827547777
9315,c,120.23059827547777,120.23059827547777
9316,c,120.23059827547777,120.23059827547777
9317,c,63.057141529073796,69.33300661901242
9318,c,120.23059827547777,120.23059827547777
9319,t,120.23059827547777,120.23059827547777
9320,c,32.36868413693074,34.34991261942479
9321,c,120.23059827547777,120.23059827547777
9322,c,120.23059827547777,120.23059827547777
9323,c,35.95389473747719,36.45620284814382
9324,c,29.269402690218037,30.53828553483184
9325,t,120.23059827547777,120.23059827547777
9326,c,120.23059827547777,120.23059827547777
9327,c,14.559957821320198,16.587853934037668
9328,c,120.23059827547777,120.23059827547777
9329,c,27.70595526885155,35.46619933252985
9330,c,120.23059827547777,120.23059827547777
9331,c,52.105142133973686,54.85997821130666
9332,t,120.23059827547777,120.23059827547777
9333,c,120.23059827547777,120.23059827547777
9334,c,120.23059827547777,120.23059827547777
9335,c,120.23059827547777,120.23059827547777
9336,t,120.23059827547777,120.23059827547777
9337,c,40.86463329221181,41.796051911818935
9338,t,120.23059827547777,120.23059827547777
9339,c,30.570413453219174,31.763210858962047
9340,c,120.23059827547777,120.23059827547777
9341,c,120.23059827547777,120.23059827547777
9342,c,44.653274107610514,48.03209702191765
9343,c,120.23059827547777,120.23059827547777
9344,c,120.23059827547777,120.23059827547777
9345,t,120.23059827547777,120.23059827547777
9346,t,120.23059827547777,120.23059827547777
9347,c,64.1563523820275,76.07661644236514
9348,c,22.816413338241784,24.66120696873891
9349,c,35.849574934030535,39.38238885077808
9350,c,120.23059827547777,120.23059827547777
9351,c,120.23059827547777,120.23059827547777
9352,c,120.23059827547777,120.23059827547777
9353,c,26.122812795659204,33.2572722997194
9354,c,45.098420725210545,51.494350392996246
9355,t,120.23059827547777,120.23059827547777
9356,c,7.020126667958421,120.23059827547777
9357,c,120.23059827547777,120.23059827547777
9358,c,21.312135788765755,22.053498144432925
9359,c,55.39733429311475,120.23059827547777
9360,c,120.23059827547777,120.23059827547777
9361,c,120.23059827547777,120.23059827547777
9362,c,21.04571483392498,120.23059827547777
9363,c,120.23059827547777,120.23059827547777
9364,c,120.23059827547777,120.23059827547777
9365,c,5.121359609900943,10.048212864783482
9366,c,12.388488099491909,12.54112891131763
9367,t,120.23059827547777,120.23059827547777
9368,c,52.00960853825278,55.48702052121345
9369,c,120.23059827547777,120.23059827547777
9370,t,120.23059827547777,120.23059827547777
9371,c,120.23059827547777,120.23059827547777
9372,c,120.23059827547777,120.23059827547777
9373,c,120.23059827547777,120.23059827547777
9374,t,120.23059827547777,120.23059827547777
9375,c,120.23059827547777,120.23059827547777
9376,t,120.23059827547777,120.23059827547777
9377,c,120.23059827547777,120.23059827547777
9378,t,120.23059827547777,120.23059827547777
9379,c,55.74137029516997,57.00226653621093
9380,t,120.23059827547777,120.23059827547777
9381,c,34.93644305087752,46.126187840919556
9382,c,2.3211105560482768,5.086711584531477
9383,c,35.553310484075446,36.19362989346253
9384,c,120.23059827547777,120.23059827547777
9385,c,120.23059827547777,120.23059827547777
9386,c,16.738385102777592,26.0830399059153
9387,c,120.23059827547777,120.23059827547777
9388,c,36.942868558223054,51.95881672076474
9389,c,120.23059827547777,120.23059827547777
9390,c,120.23059827547777,120.23059827547777
9391,t,120.23059827547777,120.23059827547777
9392,c,120.23059827547777,120.23059827547777
9393,c,30.328728058338548,33.66950165536404
9394,c,70.70572851033025,74.48463631941553
9395,c,120.23059827547777,120.23059827547777
9396,c,120.23059827547777,120.23059827547777
9397,c,120.23059827547777,120.23059827547777
9398,c,120.23059827547777,120.23059827547777
9399,t,120.23059827547777,120.23059827547777
9400,c,56.501942085154255,64.25367469515724
9401,t,120.23059827547777,120.23059827547777
9402,t,120.23059827547777,120.23059827547777
9403,c,120.23059827547777,120.23059827547777
9404,c,34.82544592485665,38.67345499310291
9405,c,120.23059827547777,120.23059827547777
9406,c,120.23059827547777,120.23059827547777
9407,c,15.252081631151627,15.798219596983271
9408,t,120.23059827547777,120.23059827547777
9409,c,120.23059827547777,120.23059827547777
9410,c,120.23059827547777,120.23059827547777
9411,t,120.23059827547777,120.23059827547777
9412,t,120.23059827547777,120.23059827547777
9413,c,120.23059827547777,120.23059827547777
9414,c,31.794495457750504,40.29286011655356
9415,c,120.23059827547777,120.23059827547777
9416,c,120.23059827547777,120.23059827547777
9417,c,0.8369201732603291,4.71785576323168
9418,c,20.374343078755196,23.67865706403527
9419,c,14.672062622558139,15.792373284804098
9420,t,120.23059827547777,120.23059827547777
9421,c,120.23059827547777,120.23059827547777
9422,c,28.514101235093687,120.23059827547777
9423,c,120.23059827547777,120.23059827547777
9424,na,2.5971707302410105,4.073965261931208
9425,c,50.77432649609992,55.516096749031995
9426,c,120.23059827547777,120.23059827547777
9427,c,10.60058108115955,12.241823083839773
9428,c,120.23059827547777,120.23059827547777
9429,na,2.6695635634000197,5.02334240369675
9430,c,31.53068558212542,33.54074781631243
9431,c,120.23059827547777,120.23059827547777
9432,c,29.38667026754213,31.875772829954737
9433,c,120.23059827547777,120.23059827547777
9434,c,46.923347456381215,60.45236309149116
9435,c,120.23059827547777,120.23059827547777
9436,c,120.23059827547777,120.23059827547777
9437,t,120.23059827547777,120.23059827547777
9438,c,120.23059827547777,120.23059827547777
9439,c,26.492952418537172,31.391043410232943
9440,c,120.23059827547777,120.23059827547777
9441,c,14.221883445789494,17.263532216533015
9442,c,65.79541006998942,71.64305489575855
9443,c,120.23059827547777,120.23059827547777
9444,c,16.512674074317527,18.852433109059593
9445,t,120.23059827547777,120.23059827547777
9446,c,27.828654476010822,42.0976862601041
9447,c,120.23059827547777,120.23059827547777
9448,c,120.23059827547777,120.23059827547777
9449,c,79.23888339634195,80.92880490710618
9450,c,55.98639472457613,59.94124921641137
9451,c,34.04647280281532,34.68647545516089
9452,na,1.5705560347186647,3.724062894052325
9453,c,20.890470376950415,30.329103118125662
9454,c,27.468361888463097,30.92932086604056
9455,t,120.23059827547777,120.23059827547777
9456,c,38.07746299765129,47.67411927826169
9457,c,120.23059827547777,120.23059827547777
9458,c,40.42223709506106,40.8083567294679
9459,t,120.23059827547777,120.23059827547777
9460,c,44.251541276033144,45.322423761360106
9461,c,120.23059827547777,120.23059827547777
9462,c,120.23059827547777,120.23059827547777
9463,c,30.11443334754901,31.480376023238
9464,c,120.23059827547777,120.23059827547777
9465,c,120.23059827547777,120.23059827547777
9466,c,120.23059827547777,120.23059827547777
9467,c,30.930617503950916,34.589805761515834
9468,c,120.23059827547777,120.23059827547777
9469,c,9.99777752460439,13.233464175132342
9470,t,120.23059827547777,120.23059827547777
9471,c,30.84863597630559,33.30576814192535
9472,c,46.991682323906076,50.92604442878985
9473,c,120.23059827547777,120.23059827547777
9474,c,120.23059827547777,120.23059827547777
9475,c,120.23059827547777,120.23059827547777
9476,t,120.23059827547777,120.23059827547777
9477,c,120.23059827547777,120.23059827547777
9478,c,120.23059827547777,120.23059827547777
9479,c,22.087190463092355,22.174586933745275
9480,c,95.88092041760227,120.23059827547777
9481,c,120.23059827547777,120.23059827547777
9482,c,26.66412180529853,31.711180497428913
9483,c,36.119353140996374,48.212052812571486
9484,na,0,1.7756867910510077
9485,c,120.23059827547777,120.23059827547777
9486,c,35.28203289010783,36.18642122645261
9487,c,120.23059827547777,120.23059827547777
9488,c,40.57069911255333,46.03294383250855
9489,c,26.06661516981371,120.23059827547777
9490,t,120.23059827547777,120.23059827547777
9491,c,120.23059827547777,120.23059827547777
9492,c,17.24170190196817,18.49421208217154
9493,c,120.23059827547777,120.23059827547777
9494,c,12.037415025070679,24.381629076011407
9495,t,120.23059827547777,120.23059827547777
9496,t,120.23059827547777,120.23059827547777
9497,c,120.23059827547777,120.23059827547777
9498,t,120.23059827547777,120.23059827547777
9499,c,120.23059827547777,120.23059827547777
9500,c,11.34817505772658,11.782832722910802
9501,t,120.23059827547777,120.23059827547777
9502,c,35.678096075740825,38.023370935812466
9503,t,120.23059827547777,120.23059827547777
9504,t,120.23059827547777,120.23059827547777
9505,c,120.23059827547777,120.23059827547777
9506,c,120.23059827547777,120.23059827547777
9507,c,38.31102936585627,120.23059827547777
9508,c,44.15779913780994,54.87887624166651
9509,na,-1,0
9510,c,120.23059827547777,120.23059827547777
9511,c,120.23059827547777,120.23059827547777
9512,c,16.810423692014297,120.23059827547777
9513,c,8.786396545520956,11.17446989201204
9514,c,120.23059827547777,120.23059827547777
9515,c,29.599219779894543,42.49879943235504
9516,c,120.23059827547777,120.23059827547777
9517,c,120.23059827547777,120.23059827547777
9518,c,120.23059827547777,120.23059827547777
9519,c,120.23059827547777,120.23059827547777
9520,c,120.23059827547777,120.23059827547777
9521,c,25.734131222173286,26.54821767436563
9522,c,120.23059827547777,120.23059827547777
9523,c,120.23059827547777,120.23059827547777
9524,c,40.08426011097618,48.52577493950432
9525,c,120.23059827547777,120.23059827547777
9526,c,30.923676741812013,31.16531954184626
9527,c,19.93586536009618,20.317615599658048
9528,t,120.23059827547777,120.23059827547777
9529,c,120.23059827547777,120.23059827547777
9530,c,15.805630089396944,17.72171015755092
9531,t,120.23059827547777,120.23059827547777
9532,t,120.23059827547777,120.23059827547777
9533,c,43.07764824987416,59.13023811390211
9534,c,120.23059827547777,120.23059827547777
9535,c,22.404726718817273,23.848822511555106
9536,t,120.23059827547777,120.23059827547777
9537,na,6.708382886569917,12.418655724443367
9538,c,120.23059827547777,120.23059827547777
9539,c,120.23059827547777,120.23059827547777
9540,c,120.23059827547777,120.23059827547777
9541,t,120.23059827547777,120.23059827547777
9542,c,120.23059827547777,120.23059827547777
9543,t,120.23059827547777,120.23059827547777
9544,c,25.756834557785474,33.26911501445732
9545,c,120.23059827547777,120.23059827547777
9546,c,60.965663193155166,68.95238400689523
9547,c,120.23059827547777,120.23059827547777
9548,c,58.066457138694645,59.3204403866308
9549,c,62.77975249869186,63.11093016406046
9550,c,120.23059827547777,120.23059827547777
9551,c,120.23059827547777,120.23059827547777
9552,c,14.133428471233055,19.364028813008098
9553,c,120.23059827547777,120.23059827547777
9554,c,120.23059827547777,120.23059827547777
9555,c,120.23059827547777,120.23059827547777
9556,c,120.23059827547777,120.23059827547777
9557,c,28.20033474006088,30.972766625492937
9558,t,120.23059827547777,120.23059827547777
9559,c,120.23059827547777,120.23059827547777
9560,c,20.97968544388041,21.573304337719197
9561,c,23.49733437291129,26.600580714922412
9562,c,38.537044715746624,44.452722026733205
9563,c,120.23059827547777,120.23059827547777
9564,c,120.23059827547777,120.23059827547777
9565,c,120.23059827547777,120.23059827547777
9566,c,39.121185127245376,42.61080851016173
9567,c,38.594542013037014,41.80964253720518
9568,c,27.623949545154094,28.684116568225427
9569,c,120.23059827547777,120.23059827547777
9570,c,120.23059827547777,120.23059827547777
9571,c,4.579119334253965,10.485909606991429
9572,c,30.697485103354882,31.524507312443408
9573,c,120.23059827547777,120.23059827547777
9574,c,120.23059827547777,120.23059827547777
9575,c,120.23059827547777,120.23059827547777
9576,c,120.23059827547777,120.23059827547777
9577,c,120.23059827547777,120.23059827547777
9578,c,120.23059827547777,120.23059827547777
9579,c,33.60213803969698,39.58078136486108
9580,c,16.640712301037865,18.43741629171821
9581,c,120.23059827547777,120.23059827547777
9582,t,120.23059827547777,120.23059827547777
9583,t,120.23059827547777,120.23059827547777
9584,t,120.23059827547777,120.23059827547777
9585,c,120.23059827547777,120.23059827547777
9586,c,120.23059827547777,120.23059827547777
9587,c,24.786949292412515,27.79861984873975
9588,c,54.01949806368514,58.980497575077734
9589,c,120.23059827547777,120.23059827547777
9590,t,120.23059827547777,120.23059827547777
9591,t,120.23059827547777,120.23059827547777
9592,t,120.23059827547777,120.23059827547777
9593,c,120.23059827547777,120.23059827547777
9594,c,120.23059827547777,120.23059827547777
9595,c,120.23059827547777,120.23059827547777
9596,c,10.368193222376897,24.66809692146105
9597,c,120.23059827547777,120.23059827547777
9598,c,45.624404998613905,48.153900138972695
9599,c,120.23059827547777,120.23059827547777
9600,t,120.23059827547777,120.23059827547777
9601,t,120.23059827547777,120.23059827547777
9602,c,120.23059827547777,120.23059827547777
9603,c,16.321512434466307,17.493110786604834
9604,c,120.23059827547777,120.23059827547777
9605,c,13.407474045173522,14.814276114284603
9606,c,120.23059827547777,120.23059827547777
9607,c,71.94190807408832,73.51837950112966
9608,c,120.23059827547777,120.23059827547777
9609,c,32.79030510588393,37.80113766379329
9610,c,120.23059827547777,120.23059827547777
9611,c,12.19045085016565,12.483975148374828
9612,c,25.15213153162906,28.744909811545444
9613,c,7.961417556956019,9.493862418496251
9614,c,120.23059827547777,120.23059827547777
9615,t,120.23059827547777,120.23059827547777
9616,c,120.23059827547777,120.23059827547777
9617,c,120.23059827547777,120.23059827547777
9618,c,30.093486333345876,38.35227063097794
9619,c,21.77520759252899,30.59853427203867
9620,c,120.23059827547777,120.23059827547777
9621,c,24.64150046966187,27.860018189278016
9622,c,120.23059827547777,120.23059827547777
9623,c,28.880987506410833,30.819147938837247
9624,t,120.23059827547777,120.23059827547777
9625,c,120.23059827547777,120.23059827547777
9626,c,20.883466488514564,24.70242291220357
9627,c,120.23059827547777,120.23059827547777
9628,c,21.713006411278364,26.11672468178106
9629,c,120.23059827547777,120.23059827547777
9630,t,120.23059827547777,120.23059827547777
9631,c,16.793165561774245,17.61858044468776
9632,c,52.81759556156833,58.24061582527775
9633,t,120.23059827547777,120.23059827547777
9634,t,120.23059827547777,120.23059827547777
9635,c,120.23059827547777,120.23059827547777
9636,c,120.23059827547777,120.23059827547777
9637,c,9.347321989204943,10.423461321709844
9638,t,120.23059827547777,120.23059827547777
9639,c,120.23059827547777,120.23059827547777
9640,c,120.23059827547777,120.23059827547777
9641,t,120.23059827547777,120.23059827547777
9642,c,12.727777142910348,17.693569783348696
9643,c,14.611186007370994,20.376369156480088
9644,c,49.556144806608074,62.904483589504025
9645,c,120.23059827547777,120.23059827547777
9646,c,24.578898956438614,29.58343102149085
9647,c,120.23059827547777,120.23059827547777
9648,c,33.16280866737657,36.869369244414315
9649,c,27.316984989254493,30.112832626464687
9650,c,5.370502852661624,6.52040876117737
9651,c,120.23059827547777,120.23059827547777
9652,c,120.23059827547777,120.23059827547777
9653,c,8.994668375618442,15.18144734646125
9654,c,26.330053524343494,51.1585485071379
9655,c,120.23059827547777,120.23059827547777
9656,c,120.23059827547777,120.23059827547777
9657,t,120.23059827547777,120.23059827547777
9658,t,120.23059827547777,120.23059827547777
9659,c,120.23059827547777,120.23059827547777
9660,c,43.39729057281793,49.59330558097578
9661,c,120.23059827547777,120.23059827547777
9662,c,120.23059827547777,120.23059827547777
9663,c,28.770209709125425,120.23059827547777
9664,c,23.014779148613076,28.181224686734147
9665,t,120.23059827547777,120.23059827547777
9666,c,14.607239951051826,24.81727309744844
9667,c,120.23059827547777,120.23059827547777
9668,c,40.3248674698607,41.737827824231886
9669,c,28.96647660837937,37.19061089769782
9670,c,32.99054759357397,35.563169861055265
9671,t,120.23059827547777,120.23059827547777
9672,c,26.516425948420036,27.171812759955614
9673,c,66.95228904179982,68.76462624105658
9674,t,120.23059827547777,120.23059827547777
9675,c,32.475716052601996,35.26738237209785
9676,c,120.23059827547777,120.23059827547777
9677,c,48.74626364999736,55.08387122441457
9678,c,23.951081132564227,27.62490851297951
9679,c,12.016312056152042,13.67888696154644
9680,c,18.86403241685664,27.360925682638435
9681,c,120.23059827547777,120.23059827547777
9682,c,49.53181198631171,51.85632605746786
9683,c,120.23059827547777,120.23059827547777
9684,c,36.928053838774765,38.16145292341252
9685,c,120.23059827547777,120.23059827547777
9686,c,58.40310972116418,63.34622068132268
9687,c,20.51121949205263,26.761236316195834
9688,c,120.23059827547777,120.23059827547777
9689,c,10.050218713600293,16.260130307913496
9690,na,2.172318298738521,3.6718759548135447
9691,c,21.70831965502605,25.918672160023455
9692,c,120.23059827547777,120.23059827547777
9693,c,9.754888698854444,15.025173303168863
9694,c,120.23059827547777,120.23059827547777
9695,c,120.23059827547777,120.23059827547777
9696,na,0,5.3426435363433225
9697,c,35.91605802462256,46.14953738436771
9698,c,120.23059827547777,120.23059827547777
9699,c,120.23059827547777,120.23059827547777
9700,t,120.23059827547777,120.23059827547777
9701,c,26.84365066867861,29.807642974905438
9702,c,120.23059827547777,120.23059827547777
9703,c,120.23059827547777,120.23059827547777
9704,c,120.23059827547777,120.23059827547777
9705,t,120.23059827547777,120.23059827547777
9706,c,120.23059827547777,120.23059827547777
9707,c,120.23059827547777,120.23059827547777
9708,c,120.23059827547777,120.23059827547777
9709,c,120.23059827547777,120.23059827547777
9710,t,120.23059827547777,120.23059827547777
9711,t,120.23059827547777,120.23059827547777
9712,c,120.23059827547777,120.23059827547777
9713,c,120.23059827547777,120.23059827547777
9714,t,120.23059827547777,120.23059827547777
9715,t,120.23059827547777,120.23059827547777
9716,c,120.23059827547777,120.23059827547777
9717,c,120.23059827547777,120.23059827547777
9718,c,120.23059827547777,120.23059827547777
9719,c,36.412416526718765,41.601772325161235
9720,t,120.23059827547777,120.23059827547777
9721,c,44.279283529327735,53.19609068099907
9722,c,50.040597538896655,54.74388947907628
9723,c,33.31635145476843,34.53868997215846
9724,c,72.47639487161017,73.14416836661103
9725,c,120.23059827547777,120.23059827547777
9726,c,120.23059827547777,120.23059827547777
9727,c,120.23059827547777,120.23059827547777
9728,c,37.12422398267415,37.611998603656886
9729,c,120.23059827547777,120.23059827547777
9730,c,120.23059827547777,120.23059827547777
9731,t,120.23059827547777,120.23059827547777
9732,c,38.33485360181787,50.11570185421581
9733,t,120.23059827547777,120.23059827547777
9734,c,120.23059827547777,120.23059827547777
9735,c,120.23059827547777,120.23059827547777
9736,t,120.23059827547777,120.23059827547777
9737,c,5.715466926291999,6.179705599894358
9738,t,120.23059827547777,120.23059827547777
9739,c,21.54037446095082,22.22061622125146
9740,c,120.23059827547777,120.23059827547777
9741,c,27.00588345723713,29.17923312228798
9742,c,23.176328365444483,24.953229524750437
9743,t,120.23059827547777,120.23059827547777
9744,c,120.23059827547777,120.23059827547777
9745,c,120.23059827547777,120.23059827547777
9746,c,120.23059827547777,120.23059827547777
9747,c,36.023861694839226,46.45086207504348
9748,c,21.855470838184708,34.666987782975816
9749,c,120.23059827547777,120.23059827547777
9750,c,120.23059827547777,120.23059827547777
9751,c,120.23059827547777,120.23059827547777
9752,c,120.23059827547777,120.23059827547777
9753,c,120.23059827547777,120.23059827547777
9754,c,120.23059827547777,120.23059827547777
9755,c,120.23059827547777,120.23059827547777
9756,c,31.402176782601387,38.95207100727719
9757,c,120.23059827547777,120.23059827547777
9758,c,31.680592253765248,34.176688744846984
9759,c,120.23059827547777,120.23059827547777
9760,na,-1,0
9761,t,120.23059827547777,120.23059827547777
9762,c,56.792170885520804,67.66236094673093
9763,c,120.23059827547777,120.23059827547777
9764,c,120.23059827547777,120.23059827547777
9765,c,44.99496088999175,56.76357607256587
9766,c,120.23059827547777,120.23059827547777
9767,c,120.23059827547777,120.23059827547777
9768,t,120.23059827547777,120.23059827547777
9769,c,53.72464898282001,54.811582257667744
9770,c,120.23059827547777,120.23059827547777
9771,c,19.90774324091343,22.31845495586255
9772,c,120.23059827547777,120.23059827547777
9773,c,120.23059827547777,120.23059827547777
9774,c,120.23059827547777,120.23059827547777
9775,c,120.23059827547777,120.23059827547777
9776,c,46.4790445991232,47.52243523052278
9777,c,120.23059827547777,120.23059827547777
9778,c,120.23059827547777,120.23059827547777
9779,c,38.71949392846976,43.37498493656367
9780,c,120.23059827547777,120.23059827547777
9781,c,120.23059827547777,120.23059827547777
9782,c,120.23059827547777,120.23059827547777
9783,c,120.23059827547777,120.23059827547777
9784,c,18.498976847571083,18.790095632049223
9785,c,120.23059827547777,120.23059827547777
9786,c,120.23059827547777,120.23059827547777
9787,t,120.23059827547777,120.23059827547777
9788,c,13.814111469652204,19.319691068585467
9789,c,35.78454104202187,36.86873535536765
9790,c,20.625379553074737,28.18637457224635
9791,c,8.986012589553164,9.744655206030778
9792,c,12.41375458168805,18.396493790817765
9793,c,120.23059827547777,120.23059827547777
9794,c,120.23059827547777,120.23059827547777
9795,c,120.23059827547777,120.23059827547777
9796,c,120.23059827547777,120.23059827547777
9797,c,22.050462167523822,23.869268635179704
9798,c,21.905264831456165,32.810854525953296
9799,c,120.23059827547777,120.23059827547777
9800,c,120.23059827547777,120.23059827547777
9801,c,120.23059827547777,120.23059827547777
9802,c,120.23059827547777,120.23059827547777
9803,t,120.23059827547777,120.23059827547777
9804,c,120.23059827547777,120.23059827547777
9805,c,120.23059827547777,120.23059827547777
9806,c,7.66640365821421,9.304196922762085
9807,t,120.23059827547777,120.23059827547777
9808,c,5.622513496382046,5.9856342248795515
9809,t,120.23059827547777,120.23059827547777
9810,c,120.23059827547777,120.23059827547777
9811,na,-1,0
9812,c,20.96690066642777,30.808632585140092
9813,na,0,5.7966929752105205
9814,c,120.23059827547777,120.23059827547777
9815,t,120.23059827547777,120.23059827547777
9816,c,120.23059827547777,120.23059827547777
9817,c,12.677477286809752,20.61116060345181
9818,c,62.01595682209697,63.068369115156635
9819,c,25.153418544180653,41.05299247088078
9820,c,120.23059827547777,120.23059827547777
9821,na,0.7657424010392604,1.9928090551618098
9822,c,29.272097447509402,39.77904694462795
9823,c,120.23059827547777,120.23059827547777
9824,c,29.221504786596675,32.58290300111584
9825,c,120.23059827547777,120.23059827547777
9826,c,35.7611506543436,48.54946311625918
9827,c,120.23059827547777,120.23059827547777
9828,c,120.23059827547777,120.23059827547777
9829,c,120.23059827547777,120.23059827547777
9830,c,120.23059827547777,120.23059827547777
9831,t,120.23059827547777,120.23059827547777
9832,c,29.00562860856752,30.2160404926415
9833,c,120.23059827547777,120.23059827547777
9834,c,105.29032701865488,105.92149955824019
9835,t,120.23059827547777,120.23059827547777
9836,c,33.33695896934232,120.23059827547777
9837,c,120.23059827547777,120.23059827547777
9838,c,120.23059827547777,120.23059827547777
9839,na,-1,0
9840,c,37.69775783253226,40.43336753752568
9841,c,120.23059827547777,120.23059827547777
9842,c,120.23059827547777,120.23059827547777
9843,c,120.23059827547777,120.23059827547777
9844,c,120.23059827547777,120.23059827547777
9845,c,120.23059827547777,120.23059827547777
9846,c,52.10371151754588,56.059333976657676
9847,t,120.23059827547777,120.23059827547777
9848,c,34.22397319907837,37.12501852780896
9849,t,120.23059827547777,120.23059827547777
9850,c,120.23059827547777,120.23059827547777
9851,c,120.23059827547777,120.23059827547777
9852,c,120.23059827547777,120.23059827547777
9853,c,120.23059827547777,120.23059827547777
9854,c,120.23059827547777,120.23059827547777
9855,c,40.12312200123602,43.9628794590752
9856,c,120.23059827547777,120.23059827547777
9857,c,120.23059827547777,120.23059827547777
9858,c,120.23059827547777,120.23059827547777
9859,t,120.23059827547777,120.23059827547777
9860,c,44.287563406178286,120.23059827547777
9861,t,120.23059827547777,120.23059827547777
9862,c,9.938639423205842,11.584045997145429
9863,t,120.23059827547777,120.23059827547777
9864,c,120.23059827547777,120.23059827547777
9865,c,120.23059827547777,120.23059827547777
9866,c,24.593855536295862,30.78419545486196
9867,c,120.23059827547777,120.23059827547777
9868,t,120.23059827547777,120.23059827547777
9869,c,120.23059827547777,120.23059827547777
9870,c,120.23059827547777,120.23059827547777
9871,c,7.251403848354407,7.613965926104157
9872,c,22.136436726927727,24.49481593104322
9873,t,120.23059827547777,120.23059827547777
9874,c,39.93786364316446,40.85679104199077
9875,t,120.23059827547777,120.23059827547777
9876,t,120.23059827547777,120.23059827547777
9877,c,42.042498021251106,120.23059827547777
9878,c,64.29373925486553,72.62230092982901
9879,c,120.23059827547777,120.23059827547777
9880,c,120.23059827547777,120.23059827547777
9881,c,120.23059827547777,120.23059827547777
9882,c,120.23059827547777,120.23059827547777
9883,c,120.23059827547777,120.23059827547777
9884,na,0,0.16141672102929855
9885,c,120.23059827547777,120.23059827547777
9886,c,23.496323490812937,26.865088298348372
9887,c,18.708242178475103,19.435955193479018
9888,c,120.23059827547777,120.23059827547777
9889,t,120.23059827547777,120.23059827547777
9890,t,120.23059827547777,120.23059827547777
9891,c,13.960389844880316,18.875837802955925
9892,c,120.23059827547777,120.23059827547777
9893,c,20.94073870256155,22.602611005794646
9894,c,21.566522374390413,24.51748005402971
9895,t,120.23059827547777,120.23059827547777
9896,t,120.23059827547777,120.23059827547777
9897,t,120.23059827547777,120.23059827547777
9898,c,7.93318609371351,8.286777435269425
9899,c,120.23059827547777,120.23059827547777
9900,t,120.23059827547777,120.23059827547777
9901,c,120.23059827547777,120.23059827547777
9902,c,120.23059827547777,120.23059827547777
9903,c,120.23059827547777,120.23059827547777
9904,c,120.23059827547777,120.23059827547777
9905,c,120.23059827547777,120.23059827547777
9906,c,120.23059827547777,120.23059827547777
9907,c,34.44458114526851,120.23059827547777
9908,c,120.23059827547777,120.23059827547777
9909,c,120.23059827547777,120.23059827547777
9910,c,120.23059827547777,120.23059827547777
9911,c,120.23059827547777,120.23059827547777
9912,c,120.23059827547777,120.23059827547777
9913,c,120.23059827547777,120.23059827547777
9914,c,120.23059827547777,120.23059827547777
9915,t,120.23059827547777,120.23059827547777
9916,c,120.23059827547777,120.23059827547777
9917,c,120.23059827547777,120.23059827547777
9918,c,49.23623593277819,50.366940067924645
9919,c,120.23059827547777,120.23059827547777
9920,c,54.23377932387863,54.76708714102177
9921,c,120.23059827547777,120.23059827547777
9922,c,21.858830403713267,23.10457500394499
9923,c,49.28520503442735,58.938548936886626
9924,c,18.721575510462834,20.13910058038544
9925,c,18.423138227696445,19.13509001035707
9926,t,120.23059827547777,120.23059827547777
9927,c,120.23059827547777,120.23059827547777
9928,c,120.23059827547777,120.23059827547777
9929,c,26.17407642071708,35.099713148832194
9930,na,-1,0
9931,c,120.23059827547777,120.23059827547777
9932,c,37.80586740574245,38.89450468124581
9933,c,120.23059827547777,120.23059827547777
9934,c,120.23059827547777,120.23059827547777
9935,c,120.23059827547777,120.23059827547777
9936,c,18.122150933074707,25.036298526705703
9937,c,46.40753121213212,51.613872041513645
9938,c,120.23059827547777,120.23059827547777
9939,c,120.23059827547777,120.23059827547777
9940,c,120.23059827547777,120.23059827547777
9941,c,120.23059827547777,120.23059827547777
9942,c,120.23059827547777,120.23059827547777
9943,c,38.6343257965761,42.6854661368297
9944,c,37.28307848380795,120.23059827547777
9945,c,120.23059827547777,120.23059827547777
9946,c,120.23059827547777,120.23059827547777
9947,c,120.23059827547777,120.23059827547777
9948,c,120.23059827547777,120.23059827547777
9949,c,120.23059827547777,120.23059827547777
9950,c,120.23059827547777,120.23059827547777
9951,c,71.32168123792474,72.99414678529827
9952,c,36.01617767367056,120.23059827547777
9953,c,120.23059827547777,120.23059827547777
9954,t,120.23059827547777,120.23059827547777
9955,t,120.23059827547777,120.23059827547777
9956,c,33.0604291026693,38.379849638223305
9957,t,120.23059827547777,120.23059827547777
9958,c,36.063851491074736,42.462822951105316
9959,t,120.23059827547777,120.23059827547777
9960,c,17.050985375495607,21.430698531639816
9961,c,35.1779576149579,36.925482164923515
9962,c,120.23059827547777,120.23059827547777
9963,c,120.23059827547777,120.23059827547777
9964,c,28.40139167665066,30.166601693681443
9965,c,120.23059827547777,120.23059827547777
9966,c,120.23059827547777,120.23059827547777
9967,t,120.23059827547777,120.23059827547777
9968,c,120.23059827547777,120.23059827547777
9969,t,120.23059827547777,120.23059827547777
9970,c,24.26770864476484,32.252099677579125
9971,c,120.23059827547777,120.23059827547777
9972,c,120.23059827547777,120.23059827547777
9973,c,17.834464535533183,21.394179092246443
9974,c,45.7992798950989,47.55932227082271
9975,t,120.23059827547777,120.23059827547777
9976,c,28.936041649296655,32.54915834857906
9977,c,47.39122191516439,48.722850550813156
9978,c,120.23059827547777,120.23059827547777
9979,c,54.66713806250943,64.36248200643176
9980,c,30.104675892573034,34.11276793437727
9981,c,47.63042291034695,50.18597700493089
9982,t,120.23059827547777,120.23059827547777
9983,c,39.59612498818329,42.86622958392565
9984,c,120.23059827547777,120.23059827547777
9985,c,33.21626648128723,41.196561787590085
9986,c,19.18020280977589,22.74949773708696
9987,c,49.95832422215254,53.53430227817641
9988,c,45.17823919135643,52.06618926079649
9989,c,120.23059827547777,120.23059827547777
9990,c,35.354710795630275,37.271012378434875
9991,c,24.723267511647926,24.854839485824346
9992,c,120.23059827547777,120.23059827547777
9993,t,120.23059827547777,120.23059827547777
9994,t,120.23059827547777,120.23059827547777
9995,c,120.23059827547777,120.23059827547777
9996,c,120.23059827547777,120.23059827547777
9997,c,83.71853603113122,85.93250873776877
9998,c,120.23059827547777,120.23059827547777
9999,c,120.23059827547777,120.23059827547777
